# unix_time, cycles_done, cur_path, paths_total, pending_total, pending_favs, map_size, unique_crashes, unique_hangs, max_depth, execs_per_sec
1735417749, 0, 0, 10, 10, 1, 0.00%, 0, 0, 1, 175.05
1735417754, 0, 3, 10, 10, 1, 0.00%, 0, 0, 1, 204.34
1735417759, 0, 4, 10, 9, 0, 0.00%, 0, 0, 1, 213.08
1735417764, 0, 5, 10, 8, 0, 0.00%, 0, 0, 1, 204.16
1735417775, 0, 6, 10, 7, 0, 0.00%, 0, 0, 1, 212.80
1735417780, 0, 7, 10, 6, 0, 0.00%, 0, 0, 1, 198.20
1735417790, 0, 8, 10, 5, 0, 0.00%, 0, 0, 1, 213.24
1735417795, 0, 9, 10, 4, 0, 0.00%, 0, 0, 1, 215.10
1735417800, 1, 0, 10, 3, 0, 0.00%, 0, 0, 1, 204.42
1735417810, 1, 1, 10, 2, 0, 0.00%, 0, 0, 1, 203.43
1735417820, 1, 2, 10, 1, 0, 0.00%, 0, 0, 1, 196.08
1735417831, 1, 3, 10, 0, 0, 0.00%, 0, 0, 1, 192.58
1735417841, 1, 4, 10, 0, 0, 0.00%, 0, 0, 1, 210.94
1735417846, 1, 6, 10, 0, 0, 0.00%, 0, 0, 1, 211.57
1735417851, 1, 7, 10, 0, 0, 0.00%, 0, 0, 1, 205.59
1735417856, 1, 9, 10, 0, 0, 0.00%, 0, 0, 1, 211.15
1735417861, 2, 0, 10, 0, 0, 0.00%, 0, 0, 1, 213.84
1735417867, 2, 1, 10, 0, 0, 0.00%, 0, 0, 1, 210.12
1735417872, 2, 3, 10, 0, 0, 0.00%, 0, 0, 1, 210.76
1735417877, 2, 4, 10, 0, 0, 0.00%, 0, 0, 1, 212.26
1735417882, 2, 6, 10, 0, 0, 0.00%, 0, 0, 1, 210.01
1735417887, 2, 7, 10, 0, 0, 0.00%, 0, 0, 1, 209.84
1735417892, 2, 9, 10, 0, 0, 0.00%, 0, 0, 1, 210.15
1735417897, 3, 0, 10, 0, 0, 0.00%, 0, 0, 1, 213.57
1735417902, 3, 2, 10, 0, 0, 0.00%, 0, 0, 1, 211.40
1735417908, 3, 3, 10, 0, 0, 0.00%, 0, 0, 1, 211.40
1735417913, 3, 4, 10, 0, 0, 0.00%, 0, 0, 1, 211.62
1735417918, 3, 6, 10, 0, 0, 0.00%, 0, 0, 1, 209.61
1735417923, 3, 7, 10, 0, 0, 0.00%, 0, 0, 1, 206.94
1735417928, 3, 9, 10, 0, 0, 0.00%, 0, 0, 1, 208.94
1735417933, 4, 0, 10, 0, 0, 0.00%, 0, 0, 1, 211.79
1735417938, 4, 2, 10, 0, 0, 0.00%, 0, 0, 1, 205.62
1735417943, 4, 3, 10, 0, 0, 0.00%, 0, 0, 1, 210.89
1735417948, 4, 4, 10, 0, 0, 0.00%, 0, 0, 1, 213.40
1735417954, 4, 6, 10, 0, 0, 0.00%, 0, 0, 1, 211.64
1735417959, 4, 7, 10, 0, 0, 0.00%, 0, 0, 1, 208.38
1735417964, 4, 9, 10, 0, 0, 0.00%, 0, 0, 1, 209.55
1735417969, 5, 0, 10, 0, 0, 0.00%, 0, 0, 1, 212.83
1735417974, 5, 2, 10, 0, 0, 0.00%, 0, 0, 1, 211.85
1735417979, 5, 3, 10, 0, 0, 0.00%, 0, 0, 1, 212.97
1735417984, 5, 5, 10, 0, 0, 0.00%, 0, 0, 1, 211.66
1735417990, 5, 6, 10, 0, 0, 0.00%, 0, 0, 1, 210.21
1735417995, 5, 7, 10, 0, 0, 0.00%, 0, 0, 1, 207.40
1735418000, 5, 9, 10, 0, 0, 0.00%, 0, 0, 1, 209.39
1735418005, 6, 0, 10, 0, 0, 0.00%, 0, 0, 1, 211.01
1735418010, 6, 2, 10, 0, 0, 0.00%, 0, 0, 1, 207.75
1735418015, 6, 3, 10, 0, 0, 0.00%, 0, 0, 1, 211.71
1735418020, 6, 5, 10, 0, 0, 0.00%, 0, 0, 1, 211.35
1735418025, 6, 6, 10, 0, 0, 0.00%, 0, 0, 1, 212.16
1735418030, 6, 8, 10, 0, 0, 0.00%, 0, 0, 1, 210.88
1735418036, 6, 9, 10, 0, 0, 0.00%, 0, 0, 1, 212.73
1735418041, 7, 0, 10, 0, 0, 0.00%, 0, 0, 1, 213.07
1735418046, 7, 2, 10, 0, 0, 0.00%, 0, 0, 1, 210.77
1735418051, 7, 3, 10, 0, 0, 0.00%, 0, 0, 1, 207.68
1735418056, 7, 5, 10, 0, 0, 0.00%, 0, 0, 1, 211.06
1735418061, 7, 6, 10, 0, 0, 0.00%, 0, 0, 1, 213.07
1735418066, 7, 8, 10, 0, 0, 0.00%, 0, 0, 1, 209.88
1735418071, 7, 9, 10, 0, 0, 0.00%, 0, 0, 1, 209.73
1735418077, 8, 1, 10, 0, 0, 0.00%, 0, 0, 1, 208.60
1735418082, 8, 2, 10, 0, 0, 0.00%, 0, 0, 1, 210.19
1735418087, 8, 3, 10, 0, 0, 0.00%, 0, 0, 1, 212.09
1735418092, 8, 5, 10, 0, 0, 0.00%, 0, 0, 1, 212.32
1735418097, 8, 6, 10, 0, 0, 0.00%, 0, 0, 1, 212.95
1735418102, 8, 8, 10, 0, 0, 0.00%, 0, 0, 1, 210.69
1735418107, 8, 9, 10, 0, 0, 0.00%, 0, 0, 1, 213.71
1735418112, 9, 1, 10, 0, 0, 0.00%, 0, 0, 1, 214.27
1735418117, 9, 2, 10, 0, 0, 0.00%, 0, 0, 1, 215.40
1735418122, 9, 3, 10, 0, 0, 0.00%, 0, 0, 1, 210.19
1735418127, 9, 5, 10, 0, 0, 0.00%, 0, 0, 1, 211.50
1735418133, 9, 6, 10, 0, 0, 0.00%, 0, 0, 1, 214.12
1735418138, 9, 8, 10, 0, 0, 0.00%, 0, 0, 1, 212.88
1735418143, 9, 9, 10, 0, 0, 0.00%, 0, 0, 1, 209.22
1735418148, 10, 1, 10, 0, 0, 0.00%, 0, 0, 1, 209.45
1735418153, 10, 2, 10, 0, 0, 0.00%, 0, 0, 1, 208.91
1735418158, 10, 4, 10, 0, 0, 0.00%, 0, 0, 1, 206.51
1735418163, 10, 5, 10, 0, 0, 0.00%, 0, 0, 1, 210.73
1735418168, 10, 6, 10, 0, 0, 0.00%, 0, 0, 1, 212.36
1735418173, 10, 8, 10, 0, 0, 0.00%, 0, 0, 1, 209.70
1735418178, 10, 9, 10, 0, 0, 0.00%, 0, 0, 1, 212.56
1735418184, 11, 1, 10, 0, 0, 0.00%, 0, 0, 1, 209.14
1735418189, 11, 2, 10, 0, 0, 0.00%, 0, 0, 1, 212.65
1735418194, 11, 4, 10, 0, 0, 0.00%, 0, 0, 1, 213.19
1735418199, 11, 5, 10, 0, 0, 0.00%, 0, 0, 1, 210.84
1735418204, 11, 6, 10, 0, 0, 0.00%, 0, 0, 1, 208.90
1735418209, 11, 8, 10, 0, 0, 0.00%, 0, 0, 1, 211.00
1735418214, 11, 9, 10, 0, 0, 0.00%, 0, 0, 1, 211.89
1735418219, 12, 1, 10, 0, 0, 0.00%, 0, 0, 1, 208.95
1735418225, 12, 2, 10, 0, 0, 0.00%, 0, 0, 1, 210.10
1735418230, 12, 4, 10, 0, 0, 0.00%, 0, 0, 1, 210.49
1735418235, 12, 5, 10, 0, 0, 0.00%, 0, 0, 1, 210.32
1735418240, 12, 7, 10, 0, 0, 0.00%, 0, 0, 1, 210.45
1735418245, 12, 8, 10, 0, 0, 0.00%, 0, 0, 1, 210.18
1735418250, 12, 9, 10, 0, 0, 0.00%, 0, 0, 1, 210.23
1735418256, 13, 1, 10, 0, 0, 0.00%, 0, 0, 1, 209.44
1735418261, 13, 2, 10, 0, 0, 0.00%, 0, 0, 1, 208.27
1735418266, 13, 4, 10, 0, 0, 0.00%, 0, 0, 1, 208.43
1735418271, 13, 5, 10, 0, 0, 0.00%, 0, 0, 1, 205.03
1735418276, 13, 7, 10, 0, 0, 0.00%, 0, 0, 1, 206.13
1735418281, 13, 8, 10, 0, 0, 0.00%, 0, 0, 1, 210.22
1735418286, 13, 9, 10, 0, 0, 0.00%, 0, 0, 1, 210.82
1735418291, 14, 1, 10, 0, 0, 0.00%, 0, 0, 1, 212.34
1735418296, 14, 2, 10, 0, 0, 0.00%, 0, 0, 1, 214.47
1735418302, 14, 4, 10, 0, 0, 0.00%, 0, 0, 1, 211.98
1735418307, 14, 5, 10, 0, 0, 0.00%, 0, 0, 1, 210.15
1735418312, 14, 7, 10, 0, 0, 0.00%, 0, 0, 1, 213.48
1735418317, 14, 8, 10, 0, 0, 0.00%, 0, 0, 1, 209.08
1735418322, 15, 0, 10, 0, 0, 0.00%, 0, 0, 1, 211.30
1735418327, 15, 1, 10, 0, 0, 0.00%, 0, 0, 1, 210.10
1735418332, 15, 2, 10, 0, 0, 0.00%, 0, 0, 1, 208.36
1735418337, 15, 4, 10, 0, 0, 0.00%, 0, 0, 1, 212.24
1735418343, 15, 5, 10, 0, 0, 0.00%, 0, 0, 1, 209.97
1735418348, 15, 7, 10, 0, 0, 0.00%, 0, 0, 1, 209.72
1735418353, 15, 8, 10, 0, 0, 0.00%, 0, 0, 1, 216.08
1735418358, 16, 0, 10, 0, 0, 0.00%, 0, 0, 1, 218.86
1735418363, 16, 1, 10, 0, 0, 0.00%, 0, 0, 1, 219.86
1735418368, 16, 3, 10, 0, 0, 0.00%, 0, 0, 1, 216.68
1735418374, 16, 4, 10, 0, 0, 0.00%, 0, 0, 1, 213.02
1735418379, 16, 6, 10, 0, 0, 0.00%, 0, 0, 1, 214.35
1735418384, 16, 7, 10, 0, 0, 0.00%, 0, 0, 1, 212.36
1735418389, 16, 9, 10, 0, 0, 0.00%, 0, 0, 1, 212.26
1735418394, 17, 0, 10, 0, 0, 0.00%, 0, 0, 1, 221.47
1735418399, 17, 2, 10, 0, 0, 0.00%, 0, 0, 1, 216.40
1735418404, 17, 3, 10, 0, 0, 0.00%, 0, 0, 1, 217.74
1735418409, 17, 5, 10, 0, 0, 0.00%, 0, 0, 1, 217.81
1735418414, 17, 6, 10, 0, 0, 0.00%, 0, 0, 1, 216.33
1735418419, 17, 7, 10, 0, 0, 0.00%, 0, 0, 1, 219.26
1735418425, 17, 9, 10, 0, 0, 0.00%, 0, 0, 1, 219.87
1735418430, 18, 1, 10, 0, 0, 0.00%, 0, 0, 1, 218.68
1735418435, 18, 2, 10, 0, 0, 0.00%, 0, 0, 1, 219.53
1735418440, 18, 3, 10, 0, 0, 0.00%, 0, 0, 1, 219.53
1735418445, 18, 5, 10, 0, 0, 0.00%, 0, 0, 1, 217.36
1735418450, 18, 10, 12, 2, 1, 0.05%, 2, 0, 3, 218.50
1735418465, 18, 10, 13, 3, 1, 0.05%, 3, 0, 3, 218.34
1735418470, 18, 10, 14, 4, 1, 0.05%, 4, 0, 3, 224.00
1735418491, 18, 10, 15, 5, 1, 0.06%, 5, 0, 3, 221.52
1735418501, 18, 10, 16, 6, 1, 0.06%, 6, 0, 3, 220.50
1735418567, 18, 10, 22, 12, 1, 0.06%, 6, 0, 3, 235.88
1735418583, 18, 14, 23, 12, 5, 0.06%, 6, 0, 4, 266.56
1735418588, 18, 14, 24, 13, 5, 0.06%, 6, 0, 4, 269.61
1735418593, 18, 14, 25, 14, 5, 0.06%, 6, 0, 4, 266.82
1735418629, 18, 14, 27, 16, 5, 0.06%, 6, 0, 4, 269.46
1735418665, 18, 14, 28, 17, 5, 0.06%, 6, 0, 4, 274.85
1735418680, 19, 12, 29, 17, 4, 0.06%, 6, 0, 4, 406.74
1735418695, 19, 12, 30, 18, 4, 0.06%, 6, 0, 4, 487.10
1735418701, 19, 12, 31, 19, 4, 0.06%, 7, 0, 4, 487.98
1735418741, 19, 30, 32, 19, 4, 0.06%, 7, 0, 5, 435.82
1735418757, 19, 30, 33, 20, 4, 0.06%, 7, 0, 5, 498.46
1735418767, 19, 30, 34, 21, 4, 0.06%, 7, 0, 5, 495.44
1735418812, 20, 11, 35, 21, 3, 0.06%, 7, 0, 5, 271.99
1735418848, 20, 11, 36, 22, 3, 0.06%, 7, 0, 5, 273.05
1735418898, 20, 11, 37, 23, 3, 0.06%, 7, 0, 5, 275.01
1735418904, 20, 11, 38, 24, 3, 0.06%, 7, 0, 5, 277.74
1735418909, 20, 13, 38, 23, 2, 0.06%, 7, 0, 5, 268.07
1735418914, 20, 13, 39, 24, 2, 0.06%, 7, 0, 5, 273.58
1735418929, 20, 13, 40, 25, 2, 0.06%, 7, 0, 5, 270.75
1735418939, 20, 13, 41, 26, 2, 0.06%, 7, 0, 5, 269.90
1735418990, 20, 13, 42, 27, 2, 0.06%, 7, 0, 5, 278.17
1735419010, 20, 30, 42, 26, 1, 0.06%, 7, 0, 5, 387.93
1735419036, 20, 30, 43, 27, 1, 0.06%, 7, 0, 5, 282.53
1735419041, 20, 31, 45, 29, 1, 0.06%, 9, 0, 6, 372.68
1735419051, 20, 31, 47, 31, 1, 0.06%, 9, 0, 6, 431.05
1735419061, 20, 31, 48, 32, 1, 0.06%, 9, 0, 6, 432.31
1735419066, 20, 31, 49, 33, 1, 0.06%, 9, 0, 6, 433.16
1735419122, 20, 43, 49, 32, 3, 0.06%, 9, 0, 6, 430.94
1735419127, 20, 43, 50, 33, 3, 0.06%, 9, 0, 7, 461.99
1735419133, 20, 43, 51, 34, 3, 0.06%, 9, 0, 7, 466.88
1735419143, 20, 43, 52, 35, 3, 0.06%, 9, 0, 7, 475.70
1735419193, 20, 43, 54, 37, 3, 0.06%, 9, 0, 7, 335.08
1735419198, 20, 43, 57, 40, 3, 0.06%, 9, 0, 7, 354.06
1735419203, 20, 43, 58, 41, 3, 0.06%, 9, 0, 7, 316.10
1735419208, 20, 44, 59, 41, 2, 0.06%, 9, 0, 7, 370.84
1735419219, 20, 44, 60, 42, 2, 0.06%, 9, 0, 7, 475.59
1735419254, 20, 44, 61, 43, 2, 0.06%, 9, 0, 7, 256.73
1735419259, 20, 47, 61, 42, 1, 0.06%, 9, 0, 7, 415.47
1735419264, 20, 47, 62, 43, 1, 0.06%, 9, 0, 7, 466.15
1735419295, 20, 49, 62, 42, 1, 0.06%, 9, 0, 7, 419.13
1735419315, 20, 49, 63, 43, 1, 0.06%, 9, 0, 8, 339.88
1735419320, 20, 49, 64, 44, 1, 0.06%, 9, 0, 8, 344.76
1735419325, 20, 52, 64, 43, 1, 0.06%, 9, 0, 8, 355.40
1735419412, 20, 52, 65, 44, 1, 0.06%, 9, 0, 8, 438.60
1735419433, 20, 52, 67, 46, 1, 0.06%, 9, 0, 8, 351.08
1735419443, 20, 53, 67, 45, 1, 0.06%, 9, 0, 8, 340.55
1735419453, 20, 53, 68, 46, 1, 0.06%, 9, 0, 8, 531.93
1735419489, 20, 59, 68, 45, 1, 0.06%, 9, 0, 8, 453.67
1735419519, 20, 60, 68, 44, 1, 0.06%, 9, 0, 8, 340.06
1735419627, 20, 61, 68, 43, 1, 0.06%, 9, 0, 8, 325.54
1735419663, 20, 62, 68, 42, 1, 0.06%, 9, 0, 8, 477.78
1735419781, 20, 62, 69, 43, 1, 0.06%, 9, 0, 9, 492.96
1735419827, 20, 62, 70, 44, 1, 0.06%, 9, 0, 9, 385.07
1735419837, 20, 63, 70, 43, 1, 0.06%, 9, 0, 9, 483.64
1735420011, 20, 64, 70, 42, 1, 0.06%, 9, 0, 9, 410.70
1735420129, 20, 65, 70, 41, 1, 0.06%, 9, 0, 9, 380.85
1735420170, 20, 65, 71, 42, 1, 0.06%, 9, 0, 9, 334.10
1735420185, 20, 66, 71, 41, 0, 0.06%, 9, 0, 9, 269.32
1735420772, 20, 67, 71, 40, 0, 0.06%, 9, 0, 9, 501.80
1735420802, 20, 67, 72, 41, 0, 0.06%, 9, 0, 9, 486.79
1735420843, 20, 68, 72, 40, 0, 0.06%, 9, 0, 9, 303.12
1735420946, 20, 69, 72, 39, 0, 0.06%, 9, 0, 9, 431.13
1735421069, 20, 71, 72, 38, 0, 0.06%, 9, 0, 9, 300.53
1735421140, 20, 71, 73, 39, 0, 0.06%, 9, 0, 10, 481.01
1735421191, 20, 72, 74, 39, 0, 0.06%, 9, 0, 11, 356.73
1735421258, 20, 72, 75, 40, 0, 0.06%, 9, 0, 11, 477.43
1735421318, 21, 14, 75, 39, 0, 0.06%, 9, 0, 11, 326.96
1735421329, 21, 22, 75, 39, 0, 0.06%, 9, 0, 11, 292.56
1735421374, 21, 23, 75, 38, 0, 0.06%, 9, 0, 11, 285.04
1735421410, 21, 23, 77, 40, 0, 0.06%, 9, 0, 11, 500.94
1735421595, 21, 28, 77, 39, 0, 0.06%, 9, 0, 11, 367.93
1735421625, 21, 29, 77, 38, 0, 0.06%, 9, 0, 11, 280.59
1735421702, 21, 30, 77, 37, 0, 0.06%, 9, 0, 11, 430.42
1735421717, 21, 31, 77, 37, 0, 0.06%, 9, 0, 11, 386.73
1735421733, 21, 32, 77, 37, 0, 0.06%, 9, 0, 11, 401.42
1735421768, 21, 33, 77, 36, 0, 0.06%, 9, 0, 11, 388.41
1735421799, 21, 38, 77, 35, 0, 0.06%, 9, 0, 11, 357.23
1735421834, 21, 39, 77, 34, 0, 0.06%, 9, 0, 11, 419.41
1735421900, 21, 40, 77, 33, 0, 0.06%, 9, 0, 11, 288.10
1735421926, 21, 40, 79, 35, 0, 0.06%, 9, 0, 11, 470.77
1735422018, 21, 42, 79, 34, 0, 0.06%, 9, 0, 11, 346.35
1735422120, 21, 43, 79, 33, 0, 0.06%, 9, 0, 11, 390.90
1735422140, 21, 44, 79, 33, 0, 0.06%, 9, 0, 11, 424.85
1735422156, 21, 45, 79, 33, 0, 0.06%, 9, 0, 11, 404.79
1735422186, 21, 46, 79, 32, 0, 0.06%, 9, 0, 11, 315.30
1735422526, 21, 46, 80, 33, 0, 0.06%, 9, 0, 11, 364.56
1735422536, 21, 47, 80, 32, 0, 0.06%, 9, 0, 11, 418.37
1735422597, 21, 49, 80, 32, 0, 0.06%, 9, 0, 11, 344.90
1735422617, 21, 50, 80, 32, 0, 0.06%, 9, 0, 11, 368.45
1735422792, 21, 51, 80, 31, 0, 0.06%, 9, 0, 11, 368.89
1735423174, 21, 53, 80, 30, 0, 0.06%, 9, 0, 11, 385.30
1735423189, 21, 59, 80, 30, 0, 0.06%, 9, 0, 11, 435.96
1735423204, 21, 61, 80, 30, 0, 0.06%, 9, 0, 11, 418.72
1735423220, 21, 62, 80, 30, 0, 0.06%, 9, 0, 11, 342.97
1735423250, 21, 63, 80, 30, 0, 0.06%, 9, 0, 11, 369.80
1735423276, 21, 67, 80, 30, 0, 0.06%, 9, 0, 11, 290.22
1735423301, 21, 68, 80, 30, 0, 0.06%, 9, 0, 11, 385.83
1735423327, 21, 69, 80, 30, 0, 0.06%, 9, 0, 11, 403.78
1735423434, 21, 70, 80, 30, 0, 0.06%, 9, 0, 11, 306.76
1735424066, 21, 71, 80, 29, 0, 0.06%, 9, 0, 11, 437.26
1735424143, 21, 72, 80, 29, 0, 0.06%, 9, 0, 11, 359.02
1735424231, 21, 73, 80, 29, 0, 0.06%, 9, 0, 11, 373.79
1735424338, 21, 74, 80, 28, 0, 0.06%, 9, 0, 11, 399.37
1735424446, 21, 75, 80, 27, 0, 0.06%, 9, 0, 11, 393.69
1735424553, 21, 76, 80, 26, 0, 0.06%, 9, 0, 11, 369.87
1735424661, 21, 79, 80, 25, 0, 0.06%, 9, 0, 11, 362.40
1735424753, 22, 14, 80, 24, 0, 0.06%, 9, 0, 11, 323.73
1735424763, 22, 22, 80, 24, 0, 0.06%, 9, 0, 11, 267.42
1735424784, 22, 23, 80, 24, 0, 0.06%, 9, 0, 11, 357.46
1735424804, 22, 24, 80, 24, 0, 0.06%, 9, 0, 11, 397.60
1735424998, 22, 43, 80, 23, 0, 0.06%, 9, 0, 11, 409.85
1735425014, 22, 44, 80, 23, 0, 0.06%, 9, 0, 11, 392.32
1735425029, 22, 47, 80, 23, 0, 0.06%, 9, 0, 11, 345.42
1735425049, 22, 49, 80, 23, 0, 0.06%, 9, 0, 11, 438.94
1735425065, 22, 50, 80, 23, 0, 0.06%, 9, 0, 11, 359.46
1735425080, 22, 51, 80, 23, 0, 0.06%, 9, 0, 11, 375.01
1735425105, 22, 53, 80, 23, 0, 0.06%, 9, 0, 11, 476.23
1735425126, 22, 54, 80, 23, 0, 0.06%, 9, 0, 11, 381.15
1735425156, 22, 55, 80, 22, 0, 0.06%, 9, 0, 11, 358.46
1735425191, 22, 56, 80, 21, 0, 0.06%, 9, 0, 11, 347.87
1735425227, 22, 57, 80, 20, 0, 0.06%, 9, 0, 11, 368.55
1735425376, 22, 58, 80, 19, 0, 0.06%, 9, 0, 11, 410.51
1735425478, 22, 59, 80, 18, 0, 0.06%, 9, 0, 11, 367.45
1735425498, 22, 61, 80, 18, 0, 0.06%, 9, 0, 11, 465.18
1735425513, 22, 62, 80, 18, 0, 0.06%, 9, 0, 11, 294.70
1735425544, 22, 63, 80, 18, 0, 0.06%, 9, 0, 11, 390.08
1735425569, 22, 67, 80, 18, 0, 0.06%, 9, 0, 11, 451.32
1735425590, 22, 68, 80, 18, 0, 0.06%, 9, 0, 11, 312.11
1735425615, 22, 69, 80, 18, 0, 0.06%, 9, 0, 11, 344.86
1735425641, 22, 71, 80, 18, 0, 0.06%, 9, 0, 11, 426.45
1735425666, 22, 72, 80, 18, 0, 0.06%, 9, 0, 11, 391.50
1735425691, 22, 73, 80, 18, 0, 0.06%, 9, 0, 11, 402.77
1735425716, 22, 74, 80, 18, 0, 0.06%, 9, 0, 11, 341.07
1735425742, 22, 79, 80, 18, 0, 0.06%, 9, 0, 11, 353.59
1735425757, 23, 44, 80, 18, 0, 0.06%, 9, 0, 11, 384.47
1735425778, 23, 47, 80, 18, 0, 0.06%, 9, 0, 11, 434.10
1735425793, 23, 49, 80, 18, 0, 0.06%, 9, 0, 11, 455.26
1735425808, 23, 53, 80, 18, 0, 0.06%, 9, 0, 11, 454.98
1735425824, 23, 59, 80, 18, 0, 0.06%, 9, 0, 11, 401.04
1735425839, 23, 61, 80, 18, 0, 0.06%, 9, 0, 11, 327.14
1735425859, 23, 62, 80, 18, 0, 0.06%, 9, 0, 11, 423.36
1735425884, 23, 63, 80, 18, 0, 0.06%, 9, 0, 11, 376.61
1735425910, 23, 67, 80, 18, 0, 0.06%, 9, 0, 11, 420.41
1735425935, 23, 68, 80, 18, 0, 0.06%, 9, 0, 11, 290.87
1735425961, 23, 69, 80, 18, 0, 0.06%, 9, 0, 11, 370.85
1735425986, 23, 71, 80, 18, 0, 0.06%, 9, 0, 11, 430.46
1735426011, 23, 72, 80, 18, 0, 0.06%, 9, 0, 11, 432.13
1735426037, 23, 73, 80, 18, 0, 0.06%, 9, 0, 11, 408.59
1735426062, 23, 74, 80, 18, 0, 0.06%, 9, 0, 11, 430.69
1735426082, 23, 79, 80, 18, 0, 0.06%, 9, 0, 11, 423.21
1735426103, 24, 44, 80, 18, 0, 0.06%, 9, 0, 11, 430.26
1735426118, 24, 47, 80, 18, 0, 0.06%, 9, 0, 11, 423.95
1735426133, 24, 49, 80, 18, 0, 0.06%, 9, 0, 11, 418.00
1735426148, 24, 53, 80, 18, 0, 0.06%, 9, 0, 11, 381.37
1735426163, 24, 59, 80, 18, 0, 0.06%, 9, 0, 11, 369.08
1735426183, 24, 61, 80, 18, 0, 0.06%, 9, 0, 11, 436.91
1735426199, 24, 62, 80, 18, 0, 0.06%, 9, 0, 11, 311.44
1735426224, 24, 63, 80, 18, 0, 0.06%, 9, 0, 11, 387.76
1735426254, 24, 67, 80, 18, 0, 0.06%, 9, 0, 11, 459.12
1735426275, 24, 68, 80, 18, 0, 0.06%, 9, 0, 11, 324.25
1735426300, 24, 69, 80, 18, 0, 0.06%, 9, 0, 11, 370.09
1735426326, 24, 71, 80, 18, 0, 0.06%, 9, 0, 11, 367.60
1735426351, 24, 72, 80, 18, 0, 0.06%, 9, 0, 11, 433.20
1735426376, 24, 73, 80, 18, 0, 0.06%, 9, 0, 11, 390.78
1735426402, 24, 74, 80, 18, 0, 0.06%, 9, 0, 11, 403.65
1735426427, 24, 79, 80, 18, 0, 0.06%, 9, 0, 11, 377.41
1735426442, 25, 44, 80, 18, 0, 0.06%, 9, 0, 11, 372.51
1735426448, 25, 47, 80, 18, 0, 0.06%, 9, 0, 11, 341.72
1735426453, 25, 49, 80, 18, 0, 0.06%, 9, 0, 11, 380.35
1735426458, 25, 53, 80, 18, 0, 0.06%, 9, 0, 11, 374.16
1735426463, 25, 59, 80, 18, 0, 0.06%, 9, 0, 11, 345.34
1735426468, 25, 61, 80, 18, 0, 0.06%, 9, 0, 11, 359.13
1735426473, 25, 62, 80, 18, 0, 0.06%, 9, 0, 11, 384.77
1735426478, 25, 63, 80, 18, 0, 0.06%, 9, 0, 11, 376.79
1735426488, 25, 67, 80, 18, 0, 0.06%, 9, 0, 11, 350.38
1735426498, 25, 68, 80, 18, 0, 0.06%, 9, 0, 11, 361.93
1735426503, 25, 69, 80, 18, 0, 0.06%, 9, 0, 11, 359.70
1735426513, 25, 71, 80, 18, 0, 0.06%, 9, 0, 11, 390.73
1735426518, 25, 72, 80, 18, 0, 0.06%, 9, 0, 11, 376.61
1735426523, 25, 73, 80, 18, 0, 0.06%, 9, 0, 11, 395.77
1735426549, 25, 74, 80, 18, 0, 0.06%, 9, 0, 11, 383.37
1735426575, 25, 79, 80, 18, 0, 0.06%, 9, 0, 11, 450.61
1735426590, 26, 44, 80, 18, 0, 0.06%, 9, 0, 11, 362.58
1735426595, 26, 47, 80, 18, 0, 0.06%, 9, 0, 11, 368.98
1735426600, 26, 53, 80, 18, 0, 0.06%, 9, 0, 11, 390.46
1735426605, 26, 59, 80, 18, 0, 0.06%, 9, 0, 11, 366.63
1735426610, 26, 61, 80, 18, 0, 0.06%, 9, 0, 11, 371.24
1735426615, 26, 62, 80, 18, 0, 0.06%, 9, 0, 11, 359.03
1735426626, 26, 63, 80, 18, 0, 0.06%, 9, 0, 11, 388.62
1735426631, 26, 67, 80, 18, 0, 0.06%, 9, 0, 11, 338.03
1735426641, 26, 68, 80, 18, 0, 0.06%, 9, 0, 11, 368.25
1735426646, 26, 69, 80, 18, 0, 0.06%, 9, 0, 11, 341.46
1735426656, 26, 71, 80, 18, 0, 0.06%, 9, 0, 11, 344.39
1735426661, 26, 72, 80, 18, 0, 0.06%, 9, 0, 11, 378.94
1735426666, 26, 73, 80, 18, 0, 0.06%, 9, 0, 11, 380.12
1735426676, 26, 74, 80, 18, 0, 0.06%, 9, 0, 11, 398.12
1735426682, 26, 79, 80, 18, 0, 0.06%, 9, 0, 11, 359.46
1735426692, 27, 12, 80, 18, 0, 0.06%, 9, 0, 11, 400.47
1735426702, 27, 13, 80, 18, 0, 0.06%, 9, 0, 11, 308.06
1735426712, 27, 14, 80, 18, 0, 0.06%, 9, 0, 11, 298.39
1735426717, 27, 22, 80, 18, 0, 0.06%, 9, 0, 11, 286.21
1735426742, 27, 23, 80, 18, 0, 0.06%, 9, 0, 11, 385.51
1735426758, 27, 24, 80, 18, 0, 0.06%, 9, 0, 11, 326.57
1735426778, 27, 25, 80, 18, 0, 0.06%, 9, 0, 11, 387.88
1735426814, 27, 26, 80, 17, 0, 0.06%, 9, 0, 11, 374.73
1735426844, 27, 27, 80, 16, 0, 0.06%, 9, 0, 11, 298.86
1735427282, 27, 28, 80, 15, 0, 0.06%, 9, 0, 11, 416.44
1735427298, 27, 29, 80, 15, 0, 0.06%, 9, 0, 11, 317.11
1735427318, 27, 30, 80, 15, 0, 0.06%, 9, 0, 11, 451.71
1735427333, 27, 31, 80, 15, 0, 0.06%, 9, 0, 11, 385.35
1735427349, 27, 32, 80, 15, 0, 0.06%, 9, 0, 11, 381.01
1735427364, 27, 33, 80, 15, 0, 0.06%, 9, 0, 11, 356.60
1735427379, 27, 38, 80, 15, 0, 0.06%, 9, 0, 11, 344.22
1735427400, 27, 39, 80, 15, 0, 0.06%, 9, 0, 11, 351.95
1735427415, 27, 40, 80, 15, 0, 0.06%, 9, 0, 11, 335.14
1735427435, 27, 41, 80, 15, 0, 0.06%, 9, 0, 11, 311.06
1735427470, 27, 42, 80, 14, 0, 0.06%, 9, 0, 11, 302.49
1735427491, 27, 43, 80, 14, 0, 0.06%, 9, 0, 11, 404.34
1735427506, 27, 44, 80, 14, 0, 0.06%, 9, 0, 11, 329.49
1735427511, 27, 45, 80, 14, 0, 0.06%, 9, 0, 11, 358.20
1735427532, 27, 46, 80, 14, 0, 0.06%, 9, 0, 11, 266.29
1735427552, 27, 47, 80, 14, 0, 0.06%, 9, 0, 11, 381.20
1735427557, 27, 48, 80, 14, 0, 0.06%, 9, 0, 11, 390.67
1735427793, 27, 49, 80, 13, 0, 0.06%, 9, 0, 11, 407.26
1735427799, 27, 50, 80, 13, 0, 0.06%, 9, 0, 11, 355.99
1735427963, 27, 51, 80, 13, 0, 0.06%, 9, 0, 11, 372.34
1735428347, 27, 54, 80, 13, 0, 0.06%, 9, 0, 11, 363.28
1735428368, 27, 55, 80, 13, 0, 0.06%, 9, 0, 11, 426.02
1735428383, 27, 56, 80, 13, 0, 0.06%, 9, 0, 11, 397.31
1735428398, 27, 57, 80, 13, 0, 0.06%, 9, 0, 11, 325.05
1735428418, 27, 58, 80, 13, 0, 0.06%, 9, 0, 11, 399.19
1735428434, 27, 59, 80, 13, 0, 0.06%, 9, 0, 11, 323.40
1735428439, 27, 60, 80, 13, 0, 0.06%, 9, 0, 11, 332.28
1735428459, 27, 61, 80, 13, 0, 0.06%, 9, 0, 11, 358.00
1735428464, 27, 62, 80, 13, 0, 0.06%, 9, 0, 11, 352.95
