# unix_time, cycles_done, cur_path, paths_total, pending_total, pending_favs, map_size, unique_crashes, unique_hangs, max_depth, execs_per_sec
1735342149, 0, 0, 10, 10, 1, 0.00%, 0, 0, 1, 175.44
1735342154, 0, 3, 10, 10, 1, 0.00%, 0, 0, 1, 204.84
1735342159, 0, 4, 10, 9, 0, 0.00%, 0, 0, 1, 208.77
1735342164, 0, 5, 10, 8, 0, 0.00%, 0, 0, 1, 205.22
1735342174, 0, 6, 10, 7, 0, 0.00%, 0, 0, 1, 214.06
1735342179, 0, 7, 10, 6, 0, 0.00%, 0, 0, 1, 200.29
1735342190, 0, 8, 10, 5, 0, 0.00%, 0, 0, 1, 208.13
1735342195, 0, 9, 10, 4, 0, 0.00%, 0, 0, 1, 194.21
1735342205, 1, 0, 10, 3, 0, 0.00%, 0, 0, 1, 212.10
1735342210, 1, 1, 10, 2, 0, 0.00%, 0, 0, 1, 207.64
1735342220, 1, 2, 10, 1, 0, 0.00%, 0, 0, 1, 200.90
1735342230, 1, 3, 10, 0, 0, 0.00%, 0, 0, 1, 200.12
1735342240, 1, 4, 10, 0, 0, 0.00%, 0, 0, 1, 207.71
1735342246, 1, 5, 10, 0, 0, 0.00%, 0, 0, 1, 211.74
1735342251, 1, 7, 10, 0, 0, 0.00%, 0, 0, 1, 208.33
1735342256, 1, 8, 10, 0, 0, 0.00%, 0, 0, 1, 208.51
1735342261, 2, 0, 10, 0, 0, 0.00%, 0, 0, 1, 208.55
1735342266, 2, 1, 10, 0, 0, 0.00%, 0, 0, 1, 207.79
1735342271, 2, 2, 10, 0, 0, 0.00%, 0, 0, 1, 207.52
1735342276, 2, 4, 10, 0, 0, 0.00%, 0, 0, 1, 208.50
1735342281, 2, 5, 10, 0, 0, 0.00%, 0, 0, 1, 208.87
1735342286, 2, 7, 10, 0, 0, 0.00%, 0, 0, 1, 208.22
1735342291, 2, 8, 10, 0, 0, 0.00%, 0, 0, 1, 207.35
1735342296, 2, 9, 10, 0, 0, 0.00%, 0, 0, 1, 208.98
1735342301, 3, 1, 10, 0, 0, 0.00%, 0, 0, 1, 207.06
1735342306, 3, 2, 10, 0, 0, 0.00%, 0, 0, 1, 205.00
1735342311, 3, 4, 10, 0, 0, 0.00%, 0, 0, 1, 208.08
1735342316, 3, 5, 10, 0, 0, 0.00%, 0, 0, 1, 207.85
1735342321, 3, 6, 10, 0, 0, 0.00%, 0, 0, 1, 210.81
1735342326, 3, 8, 10, 0, 0, 0.00%, 0, 0, 1, 206.46
1735342331, 3, 9, 10, 0, 0, 0.00%, 0, 0, 1, 208.55
1735342336, 4, 1, 10, 0, 0, 0.00%, 0, 0, 1, 207.75
1735342341, 4, 2, 10, 0, 0, 0.00%, 0, 0, 1, 207.74
1735342346, 4, 3, 10, 0, 0, 0.00%, 0, 0, 1, 210.02
1735342351, 4, 5, 10, 0, 0, 0.00%, 0, 0, 1, 209.50
1735342357, 4, 6, 10, 0, 0, 0.00%, 0, 0, 1, 211.98
1735342362, 4, 8, 10, 0, 0, 0.00%, 0, 0, 1, 209.00
1735342367, 4, 9, 10, 0, 0, 0.00%, 0, 0, 1, 208.50
1735342372, 5, 1, 10, 0, 0, 0.00%, 0, 0, 1, 208.03
1735342377, 5, 2, 10, 0, 0, 0.00%, 0, 0, 1, 207.22
1735342382, 5, 3, 10, 0, 0, 0.00%, 0, 0, 1, 209.52
1735342387, 5, 5, 10, 0, 0, 0.00%, 0, 0, 1, 208.75
1735342392, 5, 6, 10, 0, 0, 0.00%, 0, 0, 1, 207.52
1735342397, 5, 8, 11, 1, 0, 0.05%, 1, 0, 2, 210.12
1735342402, 5, 10, 11, 1, 1, 0.05%, 1, 0, 2, 211.86
1735342433, 5, 10, 12, 2, 1, 0.05%, 2, 0, 3, 270.46
1735342463, 5, 10, 13, 3, 1, 0.05%, 3, 0, 3, 275.62
1735342509, 5, 10, 14, 4, 1, 0.05%, 4, 0, 3, 264.12
1735342519, 5, 11, 15, 4, 3, 0.06%, 4, 0, 4, 235.83
1735342524, 5, 11, 16, 5, 3, 0.06%, 5, 0, 4, 449.21
1735342535, 5, 11, 18, 7, 3, 0.06%, 6, 0, 4, 488.69
1735342540, 5, 11, 19, 8, 3, 0.06%, 7, 0, 4, 500.89
1735342590, 5, 11, 20, 9, 3, 0.06%, 7, 0, 4, 230.61
1735342595, 5, 16, 21, 9, 5, 0.06%, 8, 0, 5, 325.36
1735342600, 5, 16, 22, 10, 5, 0.06%, 8, 0, 5, 377.23
1735342610, 5, 16, 23, 11, 5, 0.06%, 8, 0, 5, 385.26
1735342621, 5, 16, 24, 12, 5, 0.06%, 8, 0, 5, 384.28
1735342631, 5, 16, 25, 13, 5, 0.06%, 9, 0, 5, 398.21
1735342641, 5, 16, 26, 14, 5, 0.06%, 9, 0, 5, 388.17
1735342661, 5, 16, 27, 15, 5, 0.06%, 9, 0, 5, 389.20
1735342712, 5, 24, 27, 14, 6, 0.06%, 9, 0, 5, 411.32
1735342717, 5, 24, 28, 15, 6, 0.06%, 9, 0, 6, 467.20
1735342722, 5, 24, 29, 16, 6, 0.06%, 9, 0, 6, 469.21
1735342742, 5, 24, 30, 17, 6, 0.06%, 9, 0, 6, 474.61
1735342768, 5, 24, 31, 18, 6, 0.06%, 9, 0, 6, 257.43
1735342773, 5, 24, 32, 19, 6, 0.06%, 9, 0, 6, 248.14
1735342788, 6, 14, 35, 21, 5, 0.06%, 9, 0, 6, 389.15
1735342803, 6, 14, 36, 22, 5, 0.06%, 9, 0, 6, 494.49
1735342819, 6, 14, 37, 23, 5, 0.06%, 9, 0, 6, 480.60
1735342854, 6, 14, 38, 24, 5, 0.06%, 9, 0, 6, 264.24
1735342859, 6, 18, 38, 23, 4, 0.06%, 9, 0, 6, 258.24
1735342915, 6, 18, 42, 27, 4, 0.06%, 9, 0, 6, 239.93
1735342921, 6, 18, 43, 28, 4, 0.06%, 9, 0, 6, 273.84
1735342931, 6, 18, 44, 29, 4, 0.06%, 9, 0, 6, 252.80
1735342936, 6, 20, 45, 29, 4, 0.06%, 9, 0, 6, 260.86
1735342941, 6, 20, 47, 31, 4, 0.06%, 9, 0, 6, 378.51
1735342951, 6, 20, 48, 32, 4, 0.06%, 9, 0, 6, 414.97
1735342976, 6, 20, 49, 33, 4, 0.06%, 9, 0, 6, 419.19
1735343027, 6, 20, 51, 35, 4, 0.06%, 9, 0, 6, 298.33
1735343032, 6, 24, 51, 34, 3, 0.06%, 9, 0, 6, 336.29
1735343037, 6, 24, 52, 35, 3, 0.06%, 9, 0, 6, 371.17
1735343047, 6, 27, 52, 35, 3, 0.06%, 9, 0, 6, 419.80
1735343062, 6, 27, 54, 37, 3, 0.06%, 9, 0, 7, 438.83
1735343067, 6, 27, 55, 38, 3, 0.06%, 9, 0, 7, 325.95
1735343072, 6, 27, 56, 39, 3, 0.06%, 9, 0, 7, 283.72
1735343078, 6, 28, 58, 40, 3, 0.06%, 9, 0, 7, 321.96
1735343113, 6, 28, 60, 42, 3, 0.06%, 9, 0, 7, 344.46
1735343118, 6, 32, 60, 41, 3, 0.06%, 9, 0, 7, 340.82
1735343149, 6, 33, 60, 40, 3, 0.06%, 9, 0, 7, 351.39
1735343189, 6, 33, 61, 41, 3, 0.06%, 9, 0, 7, 298.26
1735343204, 7, 18, 61, 40, 2, 0.06%, 9, 0, 7, 255.32
1735343214, 7, 19, 62, 41, 2, 0.06%, 9, 0, 7, 357.83
1735343225, 7, 19, 63, 42, 2, 0.06%, 9, 0, 7, 410.71
1735343255, 7, 19, 64, 43, 2, 0.06%, 9, 0, 7, 414.06
1735343305, 7, 22, 64, 42, 1, 0.06%, 9, 0, 7, 385.97
1735343341, 7, 61, 64, 41, 1, 0.06%, 9, 0, 7, 310.31
1735343351, 7, 61, 65, 42, 1, 0.06%, 9, 0, 7, 433.38
1735343381, 7, 61, 66, 43, 1, 0.06%, 9, 0, 7, 434.47
1735343432, 7, 62, 66, 42, 1, 0.06%, 9, 0, 7, 275.12
1735343684, 8, 12, 66, 41, 1, 0.06%, 9, 0, 7, 297.52
1735343704, 8, 13, 66, 40, 0, 0.06%, 9, 0, 7, 265.79
1735343724, 8, 13, 67, 41, 0, 0.06%, 9, 0, 7, 275.32
1735343729, 8, 14, 67, 40, 0, 0.06%, 9, 0, 7, 345.28
1735343734, 8, 24, 67, 40, 0, 0.06%, 9, 0, 7, 292.54
1735343739, 8, 27, 67, 40, 0, 0.06%, 9, 0, 7, 327.63
1735343749, 8, 28, 67, 40, 0, 0.06%, 9, 0, 7, 366.53
1735343760, 8, 29, 68, 41, 0, 0.06%, 9, 0, 7, 448.29
1735343795, 8, 30, 68, 40, 0, 0.06%, 9, 0, 7, 383.38
1735343825, 8, 31, 68, 39, 0, 0.06%, 9, 0, 7, 382.93
1735343851, 8, 31, 69, 40, 0, 0.06%, 9, 0, 7, 493.68
1735343886, 8, 32, 69, 39, 0, 0.06%, 9, 0, 7, 346.02
1735343892, 8, 33, 69, 39, 0, 0.06%, 9, 0, 7, 289.44
1735343907, 8, 34, 69, 39, 0, 0.06%, 9, 0, 7, 403.74
1735343937, 8, 34, 70, 40, 0, 0.06%, 9, 0, 7, 313.49
1735343942, 8, 35, 70, 39, 0, 0.06%, 9, 0, 7, 288.97
1735344153, 8, 35, 71, 40, 0, 0.06%, 9, 0, 7, 521.28
1735344173, 8, 35, 72, 41, 0, 0.06%, 9, 0, 7, 511.53
1735344198, 8, 35, 73, 42, 0, 0.06%, 9, 0, 7, 511.81
1735344224, 8, 36, 73, 41, 0, 0.06%, 9, 0, 7, 336.52
1735344259, 8, 37, 73, 40, 0, 0.06%, 9, 0, 7, 397.15
1735344290, 8, 38, 73, 39, 0, 0.06%, 9, 0, 7, 358.54
1735344356, 8, 41, 73, 38, 0, 0.06%, 9, 0, 7, 321.84
1735344397, 8, 44, 73, 37, 0, 0.06%, 9, 0, 7, 363.71
1735344427, 8, 45, 73, 36, 0, 0.06%, 9, 0, 7, 326.84
1735344494, 8, 51, 73, 35, 0, 0.06%, 9, 0, 7, 464.36
1735344530, 8, 55, 73, 34, 0, 0.06%, 9, 0, 7, 441.81
1735344560, 8, 58, 73, 33, 0, 0.06%, 9, 0, 7, 318.70
1735344657, 8, 61, 73, 32, 0, 0.06%, 9, 0, 7, 349.23
1735344662, 8, 61, 74, 33, 0, 0.06%, 9, 0, 7, 308.62
1735344667, 8, 62, 74, 33, 0, 0.06%, 9, 0, 7, 305.89
1735344678, 8, 63, 74, 33, 0, 0.06%, 9, 0, 7, 404.16
1735344713, 8, 64, 75, 33, 0, 0.06%, 9, 0, 7, 310.72
1735344795, 8, 65, 75, 32, 0, 0.06%, 9, 0, 7, 400.78
1735344831, 8, 73, 75, 31, 0, 0.06%, 9, 0, 7, 367.47
1735344933, 8, 74, 75, 30, 0, 0.06%, 9, 0, 7, 342.02
1735345015, 9, 14, 75, 29, 0, 0.06%, 9, 0, 7, 350.10
1735345020, 9, 18, 75, 29, 0, 0.06%, 9, 0, 7, 291.36
1735345025, 9, 19, 75, 29, 0, 0.06%, 9, 0, 7, 361.53
1735345035, 9, 24, 75, 29, 0, 0.06%, 9, 0, 7, 305.99
1735345040, 9, 28, 75, 29, 0, 0.06%, 9, 0, 7, 346.07
1735345045, 9, 29, 75, 29, 0, 0.06%, 9, 0, 7, 384.99
1735345056, 9, 30, 75, 29, 0, 0.06%, 9, 0, 7, 375.03
1735345061, 9, 31, 75, 29, 0, 0.06%, 9, 0, 7, 349.28
1735345071, 9, 32, 75, 29, 0, 0.06%, 9, 0, 7, 377.56
1735345081, 9, 33, 75, 29, 0, 0.06%, 9, 0, 7, 315.96
1735345091, 9, 34, 75, 29, 0, 0.06%, 9, 0, 7, 347.52
1735345096, 9, 35, 75, 29, 0, 0.06%, 9, 0, 7, 378.11
1735345112, 9, 36, 75, 29, 0, 0.06%, 9, 0, 7, 393.28
1735345122, 9, 37, 75, 29, 0, 0.06%, 9, 0, 7, 475.39
1735345132, 9, 42, 75, 29, 0, 0.06%, 9, 0, 7, 401.00
1735345203, 9, 42, 76, 30, 0, 0.06%, 9, 0, 7, 361.49
1735345249, 9, 51, 76, 29, 0, 0.06%, 9, 0, 7, 526.43
1735345259, 9, 51, 77, 30, 0, 0.06%, 9, 0, 7, 352.72
1735345264, 9, 52, 77, 30, 0, 0.06%, 9, 0, 7, 283.99
1735345813, 9, 53, 77, 29, 0, 0.06%, 9, 0, 7, 347.29
1735346206, 9, 54, 77, 28, 0, 0.06%, 9, 0, 7, 448.29
1735346272, 9, 55, 77, 27, 0, 0.06%, 9, 0, 7, 339.89
1735346282, 9, 56, 77, 27, 0, 0.06%, 9, 0, 7, 382.23
1735346354, 9, 57, 77, 26, 0, 0.06%, 9, 0, 7, 364.77
1735346462, 9, 58, 77, 25, 0, 0.06%, 9, 0, 7, 302.83
1735346472, 9, 59, 77, 25, 0, 0.06%, 9, 0, 7, 340.47
1735346569, 9, 60, 77, 24, 0, 0.06%, 9, 0, 7, 347.60
1735346671, 9, 61, 77, 23, 0, 0.06%, 9, 0, 7, 363.89
1735346681, 9, 62, 77, 23, 0, 0.06%, 9, 0, 7, 305.21
1735346696, 9, 63, 77, 23, 0, 0.06%, 9, 0, 7, 348.82
1735346701, 9, 64, 77, 23, 0, 0.06%, 9, 0, 7, 348.87
1735346712, 9, 65, 77, 23, 0, 0.06%, 9, 0, 7, 389.94
1735346722, 9, 66, 77, 23, 0, 0.06%, 9, 0, 7, 369.91
1735346823, 9, 67, 77, 22, 0, 0.06%, 9, 0, 7, 368.47
1735346924, 9, 68, 77, 21, 0, 0.06%, 9, 0, 7, 374.23
1735346945, 9, 68, 79, 23, 0, 0.06%, 9, 0, 8, 449.07
1735347022, 9, 69, 79, 22, 0, 0.06%, 9, 0, 8, 400.64
1735347113, 9, 73, 79, 21, 0, 0.06%, 9, 0, 8, 418.30
1735347128, 9, 74, 79, 21, 0, 0.06%, 9, 0, 8, 363.12
1735347195, 9, 76, 79, 21, 0, 0.06%, 9, 0, 8, 438.24
1735347236, 10, 18, 79, 20, 0, 0.06%, 9, 0, 8, 296.88
1735347241, 10, 19, 79, 20, 0, 0.06%, 9, 0, 8, 339.96
1735347246, 10, 61, 79, 20, 0, 0.06%, 9, 0, 8, 348.62
1735347256, 10, 62, 79, 20, 0, 0.06%, 9, 0, 8, 333.34
1735347266, 10, 63, 79, 20, 0, 0.06%, 9, 0, 8, 373.38
1735347276, 10, 64, 79, 20, 0, 0.06%, 9, 0, 8, 414.87
1735347286, 10, 65, 79, 20, 0, 0.06%, 9, 0, 8, 373.04
1735347291, 10, 73, 79, 20, 0, 0.06%, 9, 0, 8, 320.76
1735347296, 10, 74, 79, 20, 0, 0.06%, 9, 0, 8, 349.24
1735347301, 10, 76, 79, 20, 0, 0.06%, 9, 0, 8, 380.26
1735347322, 11, 18, 79, 20, 0, 0.06%, 9, 0, 8, 313.83
1735347327, 11, 19, 79, 20, 0, 0.06%, 9, 0, 8, 320.42
1735347332, 11, 62, 79, 20, 0, 0.06%, 9, 0, 8, 375.32
1735347342, 11, 63, 79, 20, 0, 0.06%, 9, 0, 8, 426.82
1735347352, 11, 64, 79, 20, 0, 0.06%, 9, 0, 8, 397.94
1735347362, 11, 65, 79, 20, 0, 0.06%, 9, 0, 8, 358.10
1735347368, 11, 73, 79, 20, 0, 0.06%, 9, 0, 8, 318.65
1735347373, 11, 74, 79, 20, 0, 0.06%, 9, 0, 8, 336.23
1735347378, 11, 76, 79, 20, 0, 0.06%, 9, 0, 8, 350.59
1735347388, 12, 18, 79, 20, 0, 0.06%, 9, 0, 8, 320.96
1735347393, 12, 19, 79, 20, 0, 0.06%, 9, 0, 8, 355.17
1735347398, 12, 61, 79, 20, 0, 0.06%, 9, 0, 8, 346.93
1735347403, 12, 62, 79, 20, 0, 0.06%, 9, 0, 8, 297.15
1735347413, 12, 64, 79, 20, 0, 0.06%, 9, 0, 8, 350.21
1735347423, 12, 73, 79, 20, 0, 0.06%, 9, 0, 8, 339.15
1735347434, 12, 74, 79, 20, 0, 0.06%, 9, 0, 8, 331.39
1735347439, 12, 76, 79, 20, 0, 0.06%, 9, 0, 8, 349.52
1735347444, 13, 18, 79, 20, 0, 0.06%, 9, 0, 8, 316.81
1735347449, 13, 61, 79, 20, 0, 0.06%, 9, 0, 8, 356.52
1735347454, 13, 62, 79, 20, 0, 0.06%, 9, 0, 8, 371.70
1735347464, 13, 63, 79, 20, 0, 0.06%, 9, 0, 8, 358.25
1735347469, 13, 64, 79, 20, 0, 0.06%, 9, 0, 8, 375.78
1735347474, 13, 65, 79, 20, 0, 0.06%, 9, 0, 8, 364.14
1735347479, 13, 73, 79, 20, 0, 0.06%, 9, 0, 8, 362.08
1735347484, 13, 74, 79, 20, 0, 0.06%, 9, 0, 8, 375.36
1735347489, 13, 76, 79, 20, 0, 0.06%, 9, 0, 8, 353.03
1735347494, 14, 18, 79, 20, 0, 0.06%, 9, 0, 8, 318.54
1735347499, 14, 19, 79, 20, 0, 0.06%, 9, 0, 8, 328.67
1735347504, 14, 62, 79, 20, 0, 0.06%, 9, 0, 8, 373.86
1735347514, 14, 63, 79, 20, 0, 0.06%, 9, 0, 8, 374.14
1735347519, 14, 64, 79, 20, 0, 0.06%, 9, 0, 8, 363.55
1735347525, 14, 65, 79, 20, 0, 0.06%, 9, 0, 8, 383.95
1735347530, 14, 73, 79, 20, 0, 0.06%, 9, 0, 8, 377.16
1735347535, 14, 74, 79, 20, 0, 0.06%, 9, 0, 8, 380.88
1735347540, 14, 76, 79, 20, 0, 0.06%, 9, 0, 8, 386.07
1735347545, 15, 18, 79, 20, 0, 0.06%, 9, 0, 8, 327.71
1735347550, 15, 19, 79, 20, 0, 0.06%, 9, 0, 8, 339.87
1735347555, 15, 61, 79, 20, 0, 0.06%, 9, 0, 8, 340.03
1735347560, 15, 62, 79, 20, 0, 0.06%, 9, 0, 8, 277.68
1735347570, 15, 64, 79, 20, 0, 0.06%, 9, 0, 8, 343.95
1735347575, 15, 65, 79, 20, 0, 0.06%, 9, 0, 8, 369.59
1735347580, 15, 66, 79, 20, 0, 0.06%, 9, 0, 8, 333.12
1735347595, 15, 67, 79, 20, 0, 0.06%, 9, 0, 8, 351.65
1735347616, 15, 68, 79, 20, 0, 0.06%, 9, 0, 8, 330.65
1735347646, 15, 69, 79, 20, 0, 0.06%, 9, 0, 8, 461.12
1735347728, 15, 70, 79, 20, 0, 0.06%, 9, 0, 8, 384.98
1735347799, 15, 71, 79, 19, 0, 0.06%, 9, 0, 8, 429.16
1735347911, 15, 72, 79, 18, 0, 0.06%, 9, 0, 8, 424.49
1735347983, 15, 73, 79, 17, 0, 0.06%, 9, 0, 8, 369.92
1735347988, 15, 74, 79, 17, 0, 0.06%, 9, 0, 8, 357.55
1735347993, 15, 75, 79, 17, 0, 0.06%, 9, 0, 8, 404.85
1735348080, 15, 76, 79, 16, 0, 0.06%, 9, 0, 8, 383.26
1735348147, 15, 77, 79, 16, 0, 0.06%, 9, 0, 8, 370.53
1735348203, 15, 78, 79, 15, 0, 0.06%, 9, 0, 8, 414.27
1735348259, 16, 13, 79, 14, 0, 0.06%, 9, 0, 8, 328.44
1735348264, 16, 14, 79, 14, 0, 0.06%, 9, 0, 8, 340.44
1735348269, 16, 16, 79, 14, 0, 0.06%, 9, 0, 8, 348.99
1735348279, 16, 18, 79, 14, 0, 0.06%, 9, 0, 8, 295.65
1735348284, 16, 19, 79, 14, 0, 0.06%, 9, 0, 8, 312.45
1735348289, 16, 20, 79, 14, 0, 0.06%, 9, 0, 8, 315.12
1735348300, 16, 21, 79, 14, 0, 0.06%, 9, 0, 8, 399.53
1735348330, 16, 22, 79, 13, 0, 0.06%, 9, 0, 8, 397.10
1735348345, 16, 23, 79, 13, 0, 0.06%, 9, 0, 8, 398.49
1735348376, 16, 24, 79, 12, 0, 0.06%, 9, 0, 8, 343.92
1735348381, 16, 25, 79, 12, 0, 0.06%, 9, 0, 8, 407.23
1735348421, 16, 26, 79, 11, 0, 0.06%, 9, 0, 8, 429.58
1735348457, 16, 27, 79, 10, 0, 0.06%, 9, 0, 8, 324.89
1735348462, 16, 28, 79, 10, 0, 0.06%, 9, 0, 8, 364.68
1735348467, 16, 29, 79, 10, 0, 0.06%, 9, 0, 8, 350.03
1735348472, 16, 30, 79, 10, 0, 0.06%, 9, 0, 8, 336.24
1735348477, 16, 31, 79, 10, 0, 0.06%, 9, 0, 8, 394.73
1735348487, 16, 33, 79, 10, 0, 0.06%, 9, 0, 8, 333.07
1735348492, 16, 34, 79, 10, 0, 0.06%, 9, 0, 8, 338.52
1735348502, 16, 35, 79, 10, 0, 0.06%, 9, 0, 8, 340.46
1735348517, 16, 36, 79, 10, 0, 0.06%, 9, 0, 8, 377.22
1735348522, 16, 37, 79, 10, 0, 0.06%, 9, 0, 8, 378.65
1735348532, 16, 38, 79, 10, 0, 0.06%, 9, 0, 8, 399.56
1735348543, 16, 39, 79, 10, 0, 0.06%, 9, 0, 8, 301.18
1735348583, 16, 40, 79, 9, 0, 0.06%, 9, 0, 8, 325.45
1735348695, 16, 41, 79, 8, 0, 0.06%, 9, 0, 8, 318.27
1735348701, 16, 42, 79, 8, 0, 0.06%, 9, 0, 8, 325.47
1735348711, 16, 43, 79, 8, 0, 0.06%, 9, 0, 8, 360.90
1735348777, 16, 44, 79, 7, 0, 0.06%, 9, 0, 8, 336.42
1735348787, 16, 45, 79, 7, 0, 0.06%, 9, 0, 8, 384.88
1735348797, 16, 46, 79, 7, 0, 0.06%, 9, 0, 8, 363.71
1735348843, 16, 47, 79, 6, 0, 0.06%, 9, 0, 8, 296.72
1735349166, 16, 49, 79, 5, 0, 0.06%, 9, 0, 8, 348.43
1735349227, 16, 50, 79, 4, 0, 0.06%, 9, 0, 8, 286.82
1735349375, 16, 51, 79, 3, 0, 0.06%, 9, 0, 8, 402.81
1735349385, 16, 52, 79, 3, 0, 0.06%, 9, 0, 8, 433.08
1735349406, 16, 53, 79, 3, 0, 0.06%, 9, 0, 8, 444.13
1735349426, 16, 54, 79, 3, 0, 0.06%, 9, 0, 8, 370.49
1735349431, 16, 55, 79, 3, 0, 0.06%, 9, 0, 8, 400.75
1735349441, 16, 58, 79, 3, 0, 0.06%, 9, 0, 8, 376.71
1735349451, 16, 59, 79, 3, 0, 0.06%, 9, 0, 8, 396.94
1735349461, 16, 60, 79, 3, 0, 0.06%, 9, 0, 8, 460.98
1735349538, 16, 61, 79, 3, 0, 0.06%, 9, 0, 8, 387.09
1735349543, 16, 62, 79, 3, 0, 0.06%, 9, 0, 8, 364.85
1735349553, 16, 63, 79, 3, 0, 0.06%, 9, 0, 8, 360.98
1735349558, 16, 64, 79, 3, 0, 0.06%, 9, 0, 8, 368.00
1735349563, 16, 65, 79, 3, 0, 0.06%, 9, 0, 8, 350.68
1735349568, 16, 66, 79, 3, 0, 0.06%, 9, 0, 8, 357.49
1735349573, 16, 67, 79, 3, 0, 0.06%, 9, 0, 8, 369.53
1735349578, 16, 68, 79, 3, 0, 0.06%, 9, 0, 8, 380.99
1735349671, 16, 73, 79, 3, 0, 0.06%, 9, 0, 8, 348.23
1735349676, 16, 74, 79, 3, 0, 0.06%, 9, 0, 8, 340.45
1735349681, 16, 76, 79, 3, 0, 0.06%, 9, 0, 8, 379.28
1735349686, 16, 77, 79, 3, 0, 0.06%, 9, 0, 8, 384.90
1735349772, 16, 78, 79, 3, 0, 0.06%, 9, 0, 8, 406.41
1735349854, 17, 16, 79, 3, 0, 0.06%, 9, 0, 8, 338.71
1735349859, 17, 18, 79, 3, 0, 0.06%, 9, 0, 8, 300.01
1735349865, 17, 20, 79, 3, 0, 0.06%, 9, 0, 8, 306.00
1735349870, 17, 21, 79, 3, 0, 0.06%, 9, 0, 8, 328.81
1735349880, 17, 22, 79, 3, 0, 0.06%, 9, 0, 8, 357.01
1735349885, 17, 23, 79, 3, 0, 0.06%, 9, 0, 8, 385.56
1735349895, 17, 25, 79, 3, 0, 0.06%, 9, 0, 8, 366.82
1735349905, 17, 26, 79, 3, 0, 0.06%, 9, 0, 8, 382.68
1735349915, 17, 28, 79, 3, 0, 0.06%, 9, 0, 8, 359.18
1735349920, 17, 29, 79, 3, 0, 0.06%, 9, 0, 8, 363.95
1735349925, 17, 30, 79, 3, 0, 0.06%, 9, 0, 8, 347.73
1735349930, 17, 31, 79, 3, 0, 0.06%, 9, 0, 8, 344.80
1735349936, 17, 37, 79, 3, 0, 0.06%, 9, 0, 8, 337.75
1735349941, 17, 43, 79, 3, 0, 0.06%, 9, 0, 8, 348.03
1735349951, 17, 46, 79, 3, 0, 0.06%, 9, 0, 8, 348.02
1735349966, 17, 51, 79, 3, 0, 0.06%, 9, 0, 8, 352.35
1735349971, 17, 55, 79, 3, 0, 0.06%, 9, 0, 8, 352.85
1735349976, 17, 58, 79, 3, 0, 0.06%, 9, 0, 8, 352.19
1735349981, 17, 59, 79, 3, 0, 0.06%, 9, 0, 8, 396.80
1735349991, 17, 62, 79, 3, 0, 0.06%, 9, 0, 8, 335.87
1735350002, 17, 63, 79, 3, 0, 0.06%, 9, 0, 8, 373.73
1735350007, 17, 64, 79, 3, 0, 0.06%, 9, 0, 8, 377.70
1735350012, 17, 65, 79, 3, 0, 0.06%, 9, 0, 8, 375.80
1735350017, 17, 67, 79, 3, 0, 0.06%, 9, 0, 8, 370.98
1735350022, 17, 68, 79, 3, 0, 0.06%, 9, 0, 8, 376.78
1735350027, 17, 73, 79, 3, 0, 0.06%, 9, 0, 8, 342.21
1735350032, 17, 74, 79, 3, 0, 0.06%, 9, 0, 8, 355.54
1735350037, 17, 76, 79, 3, 0, 0.06%, 9, 0, 8, 344.88
1735350042, 17, 77, 79, 3, 0, 0.06%, 9, 0, 8, 333.14
1735350058, 17, 78, 79, 3, 0, 0.06%, 9, 0, 8, 414.45
1735350073, 18, 19, 79, 3, 0, 0.06%, 9, 0, 8, 304.04
1735350078, 18, 24, 79, 3, 0, 0.06%, 9, 0, 8, 382.64
1735350083, 18, 27, 79, 3, 0, 0.06%, 9, 0, 8, 334.00
1735350088, 18, 28, 79, 3, 0, 0.06%, 9, 0, 8, 330.47
1735350093, 18, 30, 79, 3, 0, 0.06%, 9, 0, 8, 337.88
1735350099, 18, 31, 79, 3, 0, 0.06%, 9, 0, 8, 375.85
1735350104, 18, 37, 79, 3, 0, 0.06%, 9, 0, 8, 367.49
1735350109, 18, 51, 79, 3, 0, 0.06%, 9, 0, 8, 357.75
1735350114, 18, 55, 79, 3, 0, 0.06%, 9, 0, 8, 348.87
1735350119, 18, 58, 79, 3, 0, 0.06%, 9, 0, 8, 341.25
1735350124, 18, 59, 79, 3, 0, 0.06%, 9, 0, 8, 340.92
1735350129, 18, 61, 79, 3, 0, 0.06%, 9, 0, 8, 346.93
1735350134, 18, 62, 79, 3, 0, 0.06%, 9, 0, 8, 318.40
1735350139, 18, 63, 79, 3, 0, 0.06%, 9, 0, 8, 387.68
1735350144, 18, 64, 79, 3, 0, 0.06%, 9, 0, 8, 353.77
1735350149, 18, 65, 79, 3, 0, 0.06%, 9, 0, 8, 386.66
1735350154, 18, 67, 79, 3, 0, 0.06%, 9, 0, 8, 370.90
1735350159, 18, 68, 79, 3, 0, 0.06%, 9, 0, 8, 337.40
1735350165, 18, 73, 79, 3, 0, 0.06%, 9, 0, 8, 347.94
1735350170, 18, 74, 79, 3, 0, 0.06%, 9, 0, 8, 328.99
1735350175, 18, 76, 79, 3, 0, 0.06%, 9, 0, 8, 350.47
1735350180, 18, 77, 79, 3, 0, 0.06%, 9, 0, 8, 359.18
1735350190, 18, 78, 79, 3, 0, 0.06%, 9, 0, 8, 387.68
1735350195, 19, 18, 79, 3, 0, 0.06%, 9, 0, 8, 317.65
1735350200, 19, 19, 79, 3, 0, 0.06%, 9, 0, 8, 352.98
1735350205, 19, 24, 79, 3, 0, 0.06%, 9, 0, 8, 350.15
1735350210, 19, 27, 79, 3, 0, 0.06%, 9, 0, 8, 353.06
1735350215, 19, 28, 79, 3, 0, 0.06%, 9, 0, 8, 351.28
1735350220, 19, 30, 79, 3, 0, 0.06%, 9, 0, 8, 355.71
1735350225, 19, 31, 79, 3, 0, 0.06%, 9, 0, 8, 388.12
1735350230, 19, 37, 79, 3, 0, 0.06%, 9, 0, 8, 372.57
1735350235, 19, 51, 79, 3, 0, 0.06%, 9, 0, 8, 360.72
1735350240, 19, 55, 79, 3, 0, 0.06%, 9, 0, 8, 351.45
1735350246, 19, 58, 79, 3, 0, 0.06%, 9, 0, 8, 346.70
1735350251, 19, 59, 79, 3, 0, 0.06%, 9, 0, 8, 339.04
1735350256, 19, 61, 79, 3, 0, 0.06%, 9, 0, 8, 342.57
1735350261, 19, 62, 79, 3, 0, 0.06%, 9, 0, 8, 327.20
1735350266, 19, 63, 79, 3, 0, 0.06%, 9, 0, 8, 377.26
1735350271, 19, 64, 79, 3, 0, 0.06%, 9, 0, 8, 358.27
1735350276, 19, 65, 79, 3, 0, 0.06%, 9, 0, 8, 381.98
1735350281, 19, 67, 79, 3, 0, 0.06%, 9, 0, 8, 382.14
1735350286, 19, 68, 79, 3, 0, 0.06%, 9, 0, 8, 362.81
1735350291, 19, 73, 79, 3, 0, 0.06%, 9, 0, 8, 376.63
1735350296, 19, 74, 79, 3, 0, 0.06%, 9, 0, 8, 351.80
1735350301, 19, 76, 79, 3, 0, 0.06%, 9, 0, 8, 367.67
1735350306, 19, 77, 79, 3, 0, 0.06%, 9, 0, 8, 333.82
1735350316, 19, 78, 79, 3, 0, 0.06%, 9, 0, 8, 391.28
1735350322, 20, 18, 79, 3, 0, 0.06%, 9, 0, 8, 309.49
1735350327, 20, 19, 79, 3, 0, 0.06%, 9, 0, 8, 349.46
1735350332, 20, 24, 79, 3, 0, 0.06%, 9, 0, 8, 344.49
1735350337, 20, 27, 79, 3, 0, 0.06%, 9, 0, 8, 351.98
1735350342, 20, 28, 79, 3, 0, 0.06%, 9, 0, 8, 318.46
1735350347, 20, 30, 79, 3, 0, 0.06%, 9, 0, 8, 357.88
1735350352, 20, 31, 79, 3, 0, 0.06%, 9, 0, 8, 376.94
1735350357, 20, 37, 79, 3, 0, 0.06%, 9, 0, 8, 368.11
1735350362, 20, 51, 79, 3, 0, 0.06%, 9, 0, 8, 354.40
1735350367, 20, 55, 79, 3, 0, 0.06%, 9, 0, 8, 335.04
1735350372, 20, 58, 79, 3, 0, 0.06%, 9, 0, 8, 341.99
1735350377, 20, 59, 79, 3, 0, 0.06%, 9, 0, 8, 349.64
1735350382, 20, 61, 79, 3, 0, 0.06%, 9, 0, 8, 333.75
1735350387, 20, 62, 79, 3, 0, 0.06%, 9, 0, 8, 327.48
1735350392, 20, 63, 79, 3, 0, 0.06%, 9, 0, 8, 341.40
1735350398, 20, 64, 79, 3, 0, 0.06%, 9, 0, 8, 358.79
1735350403, 20, 65, 79, 3, 0, 0.06%, 9, 0, 8, 388.08
1735350408, 20, 67, 79, 3, 0, 0.06%, 9, 0, 8, 381.22
1735350413, 20, 68, 79, 3, 0, 0.06%, 9, 0, 8, 374.05
1735350418, 20, 73, 79, 3, 0, 0.06%, 9, 0, 8, 349.38
1735350423, 20, 74, 79, 3, 0, 0.06%, 9, 0, 8, 343.61
1735350428, 20, 76, 79, 3, 0, 0.06%, 9, 0, 8, 324.55
1735350433, 20, 77, 79, 3, 0, 0.06%, 9, 0, 8, 339.37
1735350443, 20, 78, 79, 3, 0, 0.06%, 9, 0, 8, 380.47
1735350448, 21, 18, 79, 3, 0, 0.06%, 9, 0, 8, 309.81
1735350453, 21, 19, 79, 3, 0, 0.06%, 9, 0, 8, 345.54
1735350458, 21, 24, 79, 3, 0, 0.06%, 9, 0, 8, 345.53
1735350464, 21, 27, 79, 3, 0, 0.06%, 9, 0, 8, 331.79
1735350469, 21, 29, 79, 3, 0, 0.06%, 9, 0, 8, 326.04
1735350474, 21, 30, 79, 3, 0, 0.06%, 9, 0, 8, 372.21
1735350479, 21, 31, 79, 3, 0, 0.06%, 9, 0, 8, 364.68
1735350484, 21, 37, 79, 3, 0, 0.06%, 9, 0, 8, 354.10
1735350489, 21, 51, 79, 3, 0, 0.06%, 9, 0, 8, 352.31
1735350494, 21, 55, 79, 3, 0, 0.06%, 9, 0, 8, 336.40
1735350499, 21, 58, 79, 3, 0, 0.06%, 9, 0, 8, 336.81
1735350504, 21, 59, 79, 3, 0, 0.06%, 9, 0, 8, 341.34
1735350509, 21, 62, 79, 3, 0, 0.06%, 9, 0, 8, 337.45
1735350519, 21, 63, 79, 3, 0, 0.06%, 9, 0, 8, 360.37
1735350524, 21, 64, 79, 3, 0, 0.06%, 9, 0, 8, 348.04
1735350529, 21, 65, 79, 3, 0, 0.06%, 9, 0, 8, 386.05
1735350535, 21, 67, 79, 3, 0, 0.06%, 9, 0, 8, 378.36
1735350540, 21, 68, 79, 3, 0, 0.06%, 9, 0, 8, 355.26
1735350545, 21, 73, 79, 3, 0, 0.06%, 9, 0, 8, 373.39
1735350550, 21, 74, 79, 3, 0, 0.06%, 9, 0, 8, 352.32
1735350555, 21, 76, 79, 3, 0, 0.06%, 9, 0, 8, 332.92
1735350560, 21, 77, 79, 3, 0, 0.06%, 9, 0, 8, 328.67
1735350570, 22, 18, 79, 3, 0, 0.06%, 9, 0, 8, 288.29
1735350575, 22, 19, 79, 3, 0, 0.06%, 9, 0, 8, 320.31
1735350580, 22, 61, 79, 3, 0, 0.06%, 9, 0, 8, 341.64
1735350586, 22, 62, 79, 3, 0, 0.06%, 9, 0, 8, 329.60
1735350591, 22, 63, 79, 3, 0, 0.06%, 9, 0, 8, 394.54
1735350596, 22, 64, 79, 3, 0, 0.06%, 9, 0, 8, 376.22
1735350601, 22, 65, 79, 3, 0, 0.06%, 9, 0, 8, 363.41
1735350606, 22, 73, 79, 3, 0, 0.06%, 9, 0, 8, 367.65
1735350611, 22, 74, 79, 3, 0, 0.06%, 9, 0, 8, 362.20
1735350616, 22, 76, 79, 3, 0, 0.06%, 9, 0, 8, 371.63
1735350621, 23, 18, 79, 3, 0, 0.06%, 9, 0, 8, 323.79
1735350626, 23, 19, 79, 3, 0, 0.06%, 9, 0, 8, 352.22
1735350631, 23, 61, 79, 3, 0, 0.06%, 9, 0, 8, 351.31
1735350636, 23, 62, 79, 3, 0, 0.06%, 9, 0, 8, 285.38
1735350646, 23, 64, 79, 3, 0, 0.06%, 9, 0, 8, 343.27
1735350651, 23, 65, 79, 3, 0, 0.06%, 9, 0, 8, 336.04
1735350656, 23, 73, 79, 3, 0, 0.06%, 9, 0, 8, 327.30
1735350661, 23, 74, 79, 3, 0, 0.06%, 9, 0, 8, 323.49
1735350666, 23, 76, 79, 3, 0, 0.06%, 9, 0, 8, 343.02
1735350677, 24, 18, 79, 3, 0, 0.06%, 9, 0, 8, 305.06
1735350682, 24, 61, 79, 3, 0, 0.06%, 9, 0, 8, 369.79
1735350687, 24, 62, 79, 3, 0, 0.06%, 9, 0, 8, 348.39
1735350697, 24, 63, 79, 3, 0, 0.06%, 9, 0, 8, 359.08
1735350702, 24, 64, 79, 3, 0, 0.06%, 9, 0, 8, 364.66
1735350707, 24, 65, 79, 3, 0, 0.06%, 9, 0, 8, 357.46
1735350712, 24, 73, 79, 3, 0, 0.06%, 9, 0, 8, 369.06
1735350717, 24, 74, 79, 3, 0, 0.06%, 9, 0, 8, 383.76
1735350722, 24, 76, 79, 3, 0, 0.06%, 9, 0, 8, 368.95
1735350727, 25, 18, 79, 3, 0, 0.06%, 9, 0, 8, 312.39
1735350732, 25, 61, 79, 3, 0, 0.06%, 9, 0, 8, 358.95
1735350737, 25, 62, 79, 3, 0, 0.06%, 9, 0, 8, 369.99
1735350748, 25, 63, 79, 3, 0, 0.06%, 9, 0, 8, 375.52
1735350753, 25, 64, 79, 3, 0, 0.06%, 9, 0, 8, 361.11
1735350758, 25, 65, 79, 3, 0, 0.06%, 9, 0, 8, 353.35
1735350763, 25, 73, 79, 3, 0, 0.06%, 9, 0, 8, 356.31
1735350768, 25, 74, 79, 3, 0, 0.06%, 9, 0, 8, 326.31
1735350773, 25, 76, 79, 3, 0, 0.06%, 9, 0, 8, 346.53
1735350778, 26, 18, 79, 3, 0, 0.06%, 9, 0, 8, 320.33
1735350783, 26, 19, 79, 3, 0, 0.06%, 9, 0, 8, 319.85
1735350788, 26, 62, 79, 3, 0, 0.06%, 9, 0, 8, 342.60
1735350799, 26, 63, 79, 3, 0, 0.06%, 9, 0, 8, 379.91
1735350804, 26, 64, 79, 3, 0, 0.06%, 9, 0, 8, 376.89
1735350809, 26, 65, 79, 3, 0, 0.06%, 9, 0, 8, 381.21
1735350814, 26, 73, 79, 3, 0, 0.06%, 9, 0, 8, 375.01
1735350819, 26, 74, 79, 3, 0, 0.06%, 9, 0, 8, 374.90
1735350824, 26, 76, 79, 3, 0, 0.06%, 9, 0, 8, 393.77
1735350829, 27, 18, 79, 3, 0, 0.06%, 9, 0, 8, 310.98
1735350834, 27, 19, 79, 3, 0, 0.06%, 9, 0, 8, 339.39
1735350839, 27, 61, 79, 3, 0, 0.06%, 9, 0, 8, 341.26
1735350844, 27, 62, 79, 3, 0, 0.06%, 9, 0, 8, 306.83
1735350850, 27, 63, 79, 3, 0, 0.06%, 9, 0, 8, 371.80
1735350855, 27, 64, 79, 3, 0, 0.06%, 9, 0, 8, 340.00
1735350860, 27, 65, 79, 3, 0, 0.06%, 9, 0, 8, 392.43
1735350865, 27, 73, 79, 3, 0, 0.06%, 9, 0, 8, 386.84
1735350870, 27, 74, 79, 3, 0, 0.06%, 9, 0, 8, 367.90
1735350875, 27, 76, 79, 3, 0, 0.06%, 9, 0, 8, 380.98
1735350880, 28, 18, 79, 3, 0, 0.06%, 9, 0, 8, 306.50
1735350885, 28, 19, 79, 3, 0, 0.06%, 9, 0, 8, 341.16
1735350890, 28, 61, 79, 3, 0, 0.06%, 9, 0, 8, 342.47
1735350895, 28, 62, 79, 3, 0, 0.06%, 9, 0, 8, 292.36
1735350906, 28, 63, 79, 3, 0, 0.06%, 9, 0, 8, 329.23
1735350911, 28, 64, 79, 3, 0, 0.06%, 9, 0, 8, 355.24
1735350916, 28, 73, 79, 3, 0, 0.06%, 9, 0, 8, 349.68
1735350926, 28, 74, 79, 3, 0, 0.06%, 9, 0, 8, 351.13
1735350931, 28, 76, 79, 3, 0, 0.06%, 9, 0, 8, 335.11
1735350936, 29, 18, 79, 3, 0, 0.06%, 9, 0, 8, 302.88
1735350941, 29, 19, 79, 3, 0, 0.06%, 9, 0, 8, 322.32
1735350946, 29, 62, 79, 3, 0, 0.06%, 9, 0, 8, 329.63
1735350956, 29, 63, 79, 3, 0, 0.06%, 9, 0, 8, 343.29
1735350961, 29, 64, 79, 3, 0, 0.06%, 9, 0, 8, 361.84
1735350966, 29, 65, 79, 3, 0, 0.06%, 9, 0, 8, 375.70
1735350971, 29, 73, 79, 3, 0, 0.06%, 9, 0, 8, 376.00
1735350976, 29, 74, 79, 3, 0, 0.06%, 9, 0, 8, 376.12
1735350981, 29, 76, 79, 3, 0, 0.06%, 9, 0, 8, 330.35
1735350986, 30, 18, 79, 3, 0, 0.06%, 9, 0, 8, 337.06
1735350991, 30, 19, 79, 3, 0, 0.06%, 9, 0, 8, 347.49
1735350996, 30, 61, 79, 3, 0, 0.06%, 9, 0, 8, 334.91
1735351002, 30, 62, 79, 3, 0, 0.06%, 9, 0, 8, 283.72
1735351012, 30, 64, 79, 3, 0, 0.06%, 9, 0, 8, 355.52
1735351017, 30, 65, 79, 3, 0, 0.06%, 9, 0, 8, 346.61
1735351022, 30, 73, 79, 3, 0, 0.06%, 9, 0, 8, 317.71
1735351027, 30, 74, 79, 3, 0, 0.06%, 9, 0, 8, 347.04
1735351032, 30, 76, 79, 3, 0, 0.06%, 9, 0, 8, 334.44
1735351037, 31, 18, 79, 3, 0, 0.06%, 9, 0, 8, 334.25
1735351042, 31, 19, 79, 3, 0, 0.06%, 9, 0, 8, 342.40
1735351047, 31, 61, 79, 3, 0, 0.06%, 9, 0, 8, 350.37
1735351052, 31, 62, 79, 3, 0, 0.06%, 9, 0, 8, 339.39
1735351062, 31, 63, 79, 3, 0, 0.06%, 9, 0, 8, 350.99
1735351067, 31, 64, 79, 3, 0, 0.06%, 9, 0, 8, 359.59
1735351072, 31, 65, 79, 3, 0, 0.06%, 9, 0, 8, 339.75
1735351078, 31, 73, 79, 3, 0, 0.06%, 9, 0, 8, 349.43
1735351083, 31, 74, 79, 3, 0, 0.06%, 9, 0, 8, 364.40
1735351088, 31, 76, 79, 3, 0, 0.06%, 9, 0, 8, 369.40
1735351093, 32, 18, 79, 3, 0, 0.06%, 9, 0, 8, 313.24
1735351098, 32, 19, 79, 3, 0, 0.06%, 9, 0, 8, 326.82
1735351103, 32, 62, 79, 3, 0, 0.06%, 9, 0, 8, 379.60
1735351113, 32, 63, 79, 3, 0, 0.06%, 9, 0, 8, 386.18
1735351118, 32, 64, 79, 3, 0, 0.06%, 9, 0, 8, 394.22
1735351123, 32, 65, 79, 3, 0, 0.06%, 9, 0, 8, 364.71
1735351128, 32, 73, 79, 3, 0, 0.06%, 9, 0, 8, 370.56
1735351133, 32, 74, 79, 3, 0, 0.06%, 9, 0, 8, 376.13
1735351138, 32, 76, 79, 3, 0, 0.06%, 9, 0, 8, 393.17
1735351143, 33, 18, 79, 3, 0, 0.06%, 9, 0, 8, 304.77
1735351148, 33, 19, 79, 3, 0, 0.06%, 9, 0, 8, 348.39
1735351153, 33, 61, 79, 3, 0, 0.06%, 9, 0, 8, 336.92
1735351158, 33, 62, 79, 3, 0, 0.06%, 9, 0, 8, 288.23
1735351169, 33, 64, 79, 3, 0, 0.06%, 9, 0, 8, 350.98
1735351174, 33, 65, 79, 3, 0, 0.06%, 9, 0, 8, 346.92
1735351179, 33, 73, 79, 3, 0, 0.06%, 9, 0, 8, 326.50
1735351184, 33, 74, 79, 3, 0, 0.06%, 9, 0, 8, 346.62
1735351189, 33, 76, 79, 3, 0, 0.06%, 9, 0, 8, 357.79
1735351194, 34, 18, 79, 3, 0, 0.06%, 9, 0, 8, 339.32
1735351199, 34, 19, 79, 3, 0, 0.06%, 9, 0, 8, 323.01
1735351204, 34, 61, 79, 3, 0, 0.06%, 9, 0, 8, 365.47
1735351209, 34, 62, 79, 3, 0, 0.06%, 9, 0, 8, 324.97
1735351219, 34, 63, 79, 3, 0, 0.06%, 9, 0, 8, 356.13
1735351224, 34, 64, 79, 3, 0, 0.06%, 9, 0, 8, 361.96
1735351229, 34, 73, 79, 3, 0, 0.06%, 9, 0, 8, 357.14
1735351239, 34, 74, 79, 3, 0, 0.06%, 9, 0, 8, 323.18
1735351245, 34, 76, 79, 3, 0, 0.06%, 9, 0, 8, 351.22
1735351250, 35, 18, 79, 3, 0, 0.06%, 9, 0, 8, 314.20
1735351255, 35, 19, 79, 3, 0, 0.06%, 9, 0, 8, 320.44
1735351260, 35, 62, 79, 3, 0, 0.06%, 9, 0, 8, 335.44
1735351270, 35, 63, 79, 3, 0, 0.06%, 9, 0, 8, 359.56
1735351275, 35, 64, 79, 3, 0, 0.06%, 9, 0, 8, 351.62
1735351280, 35, 65, 79, 3, 0, 0.06%, 9, 0, 8, 374.87
1735351285, 35, 66, 79, 3, 0, 0.06%, 9, 0, 8, 362.87
1735351290, 35, 67, 79, 3, 0, 0.06%, 9, 0, 8, 345.91
1735351295, 35, 68, 79, 3, 0, 0.06%, 9, 0, 8, 325.07
1735351300, 35, 69, 79, 3, 0, 0.06%, 9, 0, 8, 335.48
1735351305, 35, 70, 79, 3, 0, 0.06%, 9, 0, 8, 343.92
1735351325, 35, 71, 79, 3, 0, 0.06%, 9, 0, 8, 433.74
1735351341, 35, 72, 79, 3, 0, 0.06%, 9, 0, 8, 336.51
1735351361, 35, 73, 79, 3, 0, 0.06%, 9, 0, 8, 345.46
1735351366, 35, 74, 79, 3, 0, 0.06%, 9, 0, 8, 352.55
1735351371, 35, 75, 79, 3, 0, 0.06%, 9, 0, 8, 422.21
1735351386, 35, 76, 79, 3, 0, 0.06%, 9, 0, 8, 321.91
1735351453, 35, 77, 79, 3, 0, 0.06%, 9, 0, 8, 357.24
1735351463, 35, 78, 79, 3, 0, 0.06%, 9, 0, 8, 362.44
1735351468, 36, 13, 79, 3, 0, 0.06%, 9, 0, 8, 329.95
1735351473, 36, 14, 79, 3, 0, 0.06%, 9, 0, 8, 346.37
1735351478, 36, 16, 79, 3, 0, 0.06%, 9, 0, 8, 325.87
1735351483, 36, 18, 79, 3, 0, 0.06%, 9, 0, 8, 301.87
1735351488, 36, 19, 79, 3, 0, 0.06%, 9, 0, 8, 321.33
1735351493, 36, 21, 79, 3, 0, 0.06%, 9, 0, 8, 318.41
1735351499, 36, 22, 79, 3, 0, 0.06%, 9, 0, 8, 365.24
1735351504, 36, 23, 79, 3, 0, 0.06%, 9, 0, 8, 359.13
1735351509, 36, 24, 79, 3, 0, 0.06%, 9, 0, 8, 356.10
1735351514, 36, 25, 79, 3, 0, 0.06%, 9, 0, 8, 325.57
1735351519, 36, 26, 79, 3, 0, 0.06%, 9, 0, 8, 385.16
1735351529, 36, 27, 79, 3, 0, 0.06%, 9, 0, 8, 344.15
1735351534, 36, 29, 79, 3, 0, 0.06%, 9, 0, 8, 363.07
1735351539, 36, 30, 79, 3, 0, 0.06%, 9, 0, 8, 379.28
1735351544, 36, 31, 79, 3, 0, 0.06%, 9, 0, 8, 365.99
1735351549, 36, 32, 79, 3, 0, 0.06%, 9, 0, 8, 353.92
1735351554, 36, 33, 79, 3, 0, 0.06%, 9, 0, 8, 313.96
1735351559, 36, 35, 79, 3, 0, 0.06%, 9, 0, 8, 339.84
1735351570, 36, 36, 79, 3, 0, 0.06%, 9, 0, 8, 401.20
1735351575, 36, 37, 79, 3, 0, 0.06%, 9, 0, 8, 377.39
1735351580, 36, 38, 79, 3, 0, 0.06%, 9, 0, 8, 371.10
1735351590, 36, 39, 79, 3, 0, 0.06%, 9, 0, 8, 315.73
1735351600, 36, 40, 79, 3, 0, 0.06%, 9, 0, 8, 327.90
1735351610, 36, 41, 79, 3, 0, 0.06%, 9, 0, 8, 373.04
1735351620, 36, 42, 79, 3, 0, 0.06%, 9, 0, 8, 333.65
1735351630, 36, 43, 79, 3, 0, 0.06%, 9, 0, 8, 361.99
1735351640, 36, 44, 79, 3, 0, 0.06%, 9, 0, 8, 338.67
1735351650, 36, 45, 79, 3, 0, 0.06%, 9, 0, 8, 331.08
1735351656, 36, 46, 79, 3, 0, 0.06%, 9, 0, 8, 310.74
1735351666, 36, 47, 79, 3, 0, 0.06%, 9, 0, 8, 354.36
1735351681, 36, 48, 79, 3, 0, 0.06%, 9, 0, 8, 384.50
1735351711, 36, 49, 79, 2, 0, 0.06%, 9, 0, 8, 308.81
1735351721, 36, 50, 79, 2, 0, 0.06%, 9, 0, 8, 317.92
1735351731, 36, 51, 79, 2, 0, 0.06%, 9, 0, 8, 364.42
1735351737, 36, 52, 79, 2, 0, 0.06%, 9, 0, 8, 415.11
1735351757, 36, 53, 79, 2, 0, 0.06%, 9, 0, 8, 408.97
1735351777, 36, 54, 79, 2, 0, 0.06%, 9, 0, 8, 402.82
1735351787, 36, 55, 79, 2, 0, 0.06%, 9, 0, 8, 337.93
1735351792, 36, 56, 79, 2, 0, 0.06%, 9, 0, 8, 404.45
1735351874, 36, 57, 79, 2, 0, 0.06%, 9, 0, 8, 331.11
1735351884, 36, 58, 79, 2, 0, 0.06%, 9, 0, 8, 346.40
1735351889, 36, 59, 79, 2, 0, 0.06%, 9, 0, 8, 343.92
1735351894, 36, 60, 79, 2, 0, 0.06%, 9, 0, 8, 320.18
1735351904, 36, 61, 79, 2, 0, 0.06%, 9, 0, 8, 327.58
1735351909, 36, 62, 79, 2, 0, 0.06%, 9, 0, 8, 270.79
1735351919, 36, 64, 79, 2, 0, 0.06%, 9, 0, 8, 348.44
1735351924, 36, 65, 79, 2, 0, 0.06%, 9, 0, 8, 356.25
1735351930, 36, 66, 79, 2, 0, 0.06%, 9, 0, 8, 318.66
1735351935, 36, 67, 79, 2, 0, 0.06%, 9, 0, 8, 342.17
1735351945, 36, 68, 79, 2, 0, 0.06%, 9, 0, 8, 348.45
1735351950, 36, 69, 79, 2, 0, 0.06%, 9, 0, 8, 357.19
1735351955, 36, 70, 79, 2, 0, 0.06%, 9, 0, 8, 381.40
1735351960, 36, 71, 79, 2, 0, 0.06%, 9, 0, 8, 370.86
1735351965, 36, 72, 79, 2, 0, 0.06%, 9, 0, 8, 375.30
1735351970, 36, 73, 79, 2, 0, 0.06%, 9, 0, 8, 377.94
1735351975, 36, 74, 79, 2, 0, 0.06%, 9, 0, 8, 385.67
1735351980, 36, 75, 79, 2, 0, 0.06%, 9, 0, 8, 390.95
1735351990, 36, 76, 79, 2, 0, 0.06%, 9, 0, 8, 383.71
1735351995, 36, 77, 79, 2, 0, 0.06%, 9, 0, 8, 409.89
1735352001, 36, 78, 79, 2, 0, 0.06%, 9, 0, 8, 372.85
1735352011, 37, 13, 79, 2, 0, 0.06%, 9, 0, 8, 308.18
1735352016, 37, 16, 79, 2, 0, 0.06%, 9, 0, 8, 339.63
1735352021, 37, 18, 79, 2, 0, 0.06%, 9, 0, 8, 305.09
1735352026, 37, 19, 79, 2, 0, 0.06%, 9, 0, 8, 345.27
1735352031, 37, 20, 79, 2, 0, 0.06%, 9, 0, 8, 320.16
1735352036, 37, 21, 79, 2, 0, 0.06%, 9, 0, 8, 336.48
1735352041, 37, 22, 79, 2, 0, 0.06%, 9, 0, 8, 336.82
1735352046, 37, 23, 79, 2, 0, 0.06%, 9, 0, 8, 329.97
1735352051, 37, 25, 79, 2, 0, 0.06%, 9, 0, 8, 342.13
1735352056, 37, 26, 79, 2, 0, 0.06%, 9, 0, 8, 373.29
1735352061, 37, 27, 79, 2, 0, 0.06%, 9, 0, 8, 357.04
1735352066, 37, 28, 79, 2, 0, 0.06%, 9, 0, 8, 345.38
1735352071, 37, 29, 79, 2, 0, 0.06%, 9, 0, 8, 338.68
1735352077, 37, 30, 79, 2, 0, 0.06%, 9, 0, 8, 316.92
1735352082, 37, 32, 79, 2, 0, 0.06%, 9, 0, 8, 381.17
1735352087, 37, 33, 79, 2, 0, 0.06%, 9, 0, 8, 309.15
1735352092, 37, 34, 79, 2, 0, 0.06%, 9, 0, 8, 348.10
1735352097, 37, 35, 79, 2, 0, 0.06%, 9, 0, 8, 335.89
1735352107, 37, 36, 79, 2, 0, 0.06%, 9, 0, 8, 358.84
1735352112, 37, 37, 79, 2, 0, 0.06%, 9, 0, 8, 350.41
1735352117, 37, 38, 79, 2, 0, 0.06%, 9, 0, 8, 345.19
1735352122, 37, 39, 79, 2, 0, 0.06%, 9, 0, 8, 293.88
1735352127, 37, 40, 79, 2, 0, 0.06%, 9, 0, 8, 329.07
1735352138, 37, 41, 79, 2, 0, 0.06%, 9, 0, 8, 336.69
1735352143, 37, 42, 79, 2, 0, 0.06%, 9, 0, 8, 309.18
1735352148, 37, 43, 79, 2, 0, 0.06%, 9, 0, 8, 339.57
1735352153, 37, 44, 79, 2, 0, 0.06%, 9, 0, 8, 368.24
1735352158, 37, 45, 79, 2, 0, 0.06%, 9, 0, 8, 368.67
1735352163, 37, 46, 79, 2, 0, 0.06%, 9, 0, 8, 317.36
1735352168, 37, 47, 79, 2, 0, 0.06%, 9, 0, 8, 318.75
1735352183, 37, 48, 79, 2, 0, 0.06%, 9, 0, 8, 387.60
1735352193, 37, 49, 79, 2, 0, 0.06%, 9, 0, 8, 340.77
1735352198, 37, 50, 79, 2, 0, 0.06%, 9, 0, 8, 332.97
1735352208, 37, 51, 79, 2, 0, 0.06%, 9, 0, 8, 357.17
1735352214, 37, 52, 79, 2, 0, 0.06%, 9, 0, 8, 429.14
1735352234, 37, 53, 79, 2, 0, 0.06%, 9, 0, 8, 340.04
1735352244, 37, 54, 79, 2, 0, 0.06%, 9, 0, 8, 364.95
1735352254, 37, 56, 79, 2, 0, 0.06%, 9, 0, 8, 321.90
1735352264, 37, 57, 79, 2, 0, 0.06%, 9, 0, 8, 337.16
1735352275, 37, 58, 79, 2, 0, 0.06%, 9, 0, 8, 329.91
1735352280, 37, 59, 79, 2, 0, 0.06%, 9, 0, 8, 357.28
1735352285, 37, 60, 79, 2, 0, 0.06%, 9, 0, 8, 352.13
1735352295, 37, 62, 79, 2, 0, 0.06%, 9, 0, 8, 348.08
1735352305, 37, 63, 79, 2, 0, 0.06%, 9, 0, 8, 388.75
1735352310, 37, 64, 79, 2, 0, 0.06%, 9, 0, 8, 367.52
1735352315, 37, 65, 79, 2, 0, 0.06%, 9, 0, 8, 380.69
1735352320, 37, 66, 79, 2, 0, 0.06%, 9, 0, 8, 368.01
1735352325, 37, 67, 79, 2, 0, 0.06%, 9, 0, 8, 368.68
1735352330, 37, 68, 79, 2, 0, 0.06%, 9, 0, 8, 331.06
1735352335, 37, 69, 79, 2, 0, 0.06%, 9, 0, 8, 332.44
1735352340, 37, 70, 79, 2, 0, 0.06%, 9, 0, 8, 336.47
1735352345, 37, 71, 79, 2, 0, 0.06%, 9, 0, 8, 356.87
1735352356, 37, 72, 79, 2, 0, 0.06%, 9, 0, 8, 358.52
1735352361, 37, 73, 79, 2, 0, 0.06%, 9, 0, 8, 344.56
1735352366, 37, 74, 79, 2, 0, 0.06%, 9, 0, 8, 352.95
1735352371, 37, 75, 79, 2, 0, 0.06%, 9, 0, 8, 339.28
1735352376, 37, 76, 79, 2, 0, 0.06%, 9, 0, 8, 365.30
1735352381, 37, 77, 79, 2, 0, 0.06%, 9, 0, 8, 389.93
1735352386, 37, 78, 79, 2, 0, 0.06%, 9, 0, 8, 365.08
1735352396, 38, 13, 79, 2, 0, 0.06%, 9, 0, 8, 319.66
1735352401, 38, 14, 79, 2, 0, 0.06%, 9, 0, 8, 330.79
1735352406, 38, 16, 79, 2, 0, 0.06%, 9, 0, 8, 321.46
1735352411, 38, 18, 79, 2, 0, 0.06%, 9, 0, 8, 297.10
1735352417, 38, 20, 79, 2, 0, 0.06%, 9, 0, 8, 314.05
1735352422, 38, 21, 79, 2, 0, 0.06%, 9, 0, 8, 343.55
1735352427, 38, 22, 79, 2, 0, 0.06%, 9, 0, 8, 362.73
1735352432, 38, 23, 79, 2, 0, 0.06%, 9, 0, 8, 332.63
1735352437, 38, 24, 79, 2, 0, 0.06%, 9, 0, 8, 345.13
1735352442, 38, 26, 79, 2, 0, 0.06%, 9, 0, 8, 351.93
1735352447, 38, 27, 79, 2, 0, 0.06%, 9, 0, 8, 384.72
1735352452, 38, 28, 79, 2, 0, 0.06%, 9, 0, 8, 364.50
1735352457, 38, 29, 79, 2, 0, 0.06%, 9, 0, 8, 352.32
1735352462, 38, 30, 79, 2, 0, 0.06%, 9, 0, 8, 349.55
1735352467, 38, 32, 79, 2, 0, 0.06%, 9, 0, 8, 366.31
1735352472, 38, 33, 79, 2, 0, 0.06%, 9, 0, 8, 334.77
1735352477, 38, 34, 79, 2, 0, 0.06%, 9, 0, 8, 358.70
1735352482, 38, 35, 79, 2, 0, 0.06%, 9, 0, 8, 348.10
1735352493, 38, 36, 79, 2, 0, 0.06%, 9, 0, 8, 371.68
1735352498, 38, 37, 79, 2, 0, 0.06%, 9, 0, 8, 346.54
1735352503, 38, 38, 79, 2, 0, 0.06%, 9, 0, 8, 334.68
1735352508, 38, 39, 79, 2, 0, 0.06%, 9, 0, 8, 311.17
1735352513, 38, 40, 79, 2, 0, 0.06%, 9, 0, 8, 316.30
1735352518, 38, 41, 79, 2, 0, 0.06%, 9, 0, 8, 307.52
1735352523, 38, 42, 79, 2, 0, 0.06%, 9, 0, 8, 330.36
1735352528, 38, 43, 79, 2, 0, 0.06%, 9, 0, 8, 353.00
1735352533, 38, 44, 79, 2, 0, 0.06%, 9, 0, 8, 328.86
1735352538, 38, 45, 79, 2, 0, 0.06%, 9, 0, 8, 332.12
1735352543, 38, 47, 79, 2, 0, 0.06%, 9, 0, 8, 339.85
1735352553, 38, 48, 79, 2, 0, 0.06%, 9, 0, 8, 372.46
1735352564, 38, 49, 79, 2, 0, 0.06%, 9, 0, 8, 353.05
1735352569, 38, 50, 79, 2, 0, 0.06%, 9, 0, 8, 375.34
1735352574, 38, 51, 79, 2, 0, 0.06%, 9, 0, 8, 367.95
1735352579, 38, 52, 79, 2, 0, 0.06%, 9, 0, 8, 452.74
1735352594, 38, 53, 79, 2, 0, 0.06%, 9, 0, 8, 364.94
1735352609, 38, 54, 79, 2, 0, 0.06%, 9, 0, 8, 379.68
1735352614, 38, 55, 79, 2, 0, 0.06%, 9, 0, 8, 386.76
1735352619, 38, 56, 79, 2, 0, 0.06%, 9, 0, 8, 339.97
1735352624, 38, 57, 79, 2, 0, 0.06%, 9, 0, 8, 340.74
1735352629, 38, 58, 79, 2, 0, 0.06%, 9, 0, 8, 328.04
1735352634, 38, 59, 79, 2, 0, 0.06%, 9, 0, 8, 318.67
1735352640, 38, 60, 79, 2, 0, 0.06%, 9, 0, 8, 329.14
1735352650, 38, 62, 79, 2, 0, 0.06%, 9, 0, 8, 324.70
1735352660, 38, 63, 79, 2, 0, 0.06%, 9, 0, 8, 405.10
1735352665, 38, 64, 79, 2, 0, 0.06%, 9, 0, 8, 392.87
1735352670, 38, 65, 79, 2, 0, 0.06%, 9, 0, 8, 362.71
1735352675, 38, 66, 79, 2, 0, 0.06%, 9, 0, 8, 362.70
1735352680, 38, 67, 79, 2, 0, 0.06%, 9, 0, 8, 372.38
1735352685, 38, 68, 79, 2, 0, 0.06%, 9, 0, 8, 344.60
1735352690, 38, 69, 79, 2, 0, 0.06%, 9, 0, 8, 323.66
1735352695, 38, 70, 79, 2, 0, 0.06%, 9, 0, 8, 322.71
1735352700, 38, 71, 79, 2, 0, 0.06%, 9, 0, 8, 361.02
1735352711, 38, 72, 79, 2, 0, 0.06%, 9, 0, 8, 346.31
1735352716, 38, 73, 79, 2, 0, 0.06%, 9, 0, 8, 355.90
1735352721, 38, 74, 79, 2, 0, 0.06%, 9, 0, 8, 349.76
1735352726, 38, 75, 79, 2, 0, 0.06%, 9, 0, 8, 343.40
1735352731, 38, 76, 79, 2, 0, 0.06%, 9, 0, 8, 386.21
1735352736, 38, 77, 79, 2, 0, 0.06%, 9, 0, 8, 404.06
1735352741, 38, 78, 79, 2, 0, 0.06%, 9, 0, 8, 325.04
1735352751, 39, 13, 79, 2, 0, 0.06%, 9, 0, 8, 318.54
1735352756, 39, 16, 79, 2, 0, 0.06%, 9, 0, 8, 329.25
1735352761, 39, 18, 79, 2, 0, 0.06%, 9, 0, 8, 314.50
1735352766, 39, 19, 79, 2, 0, 0.06%, 9, 0, 8, 330.55
1735352771, 39, 20, 79, 2, 0, 0.06%, 9, 0, 8, 309.23
1735352777, 39, 21, 79, 2, 0, 0.06%, 9, 0, 8, 332.09
1735352782, 39, 22, 79, 2, 0, 0.06%, 9, 0, 8, 334.29
1735352787, 39, 23, 79, 2, 0, 0.06%, 9, 0, 8, 316.53
1735352792, 39, 24, 79, 2, 0, 0.06%, 9, 0, 8, 332.31
1735352797, 39, 26, 79, 2, 0, 0.06%, 9, 0, 8, 302.84
1735352802, 39, 27, 79, 2, 0, 0.06%, 9, 0, 8, 375.92
1735352807, 39, 28, 79, 2, 0, 0.06%, 9, 0, 8, 353.97
1735352812, 39, 29, 79, 2, 0, 0.06%, 9, 0, 8, 350.33
1735352817, 39, 30, 79, 2, 0, 0.06%, 9, 0, 8, 340.63
1735352822, 39, 31, 79, 2, 0, 0.06%, 9, 0, 8, 331.42
1735352827, 39, 33, 79, 2, 0, 0.06%, 9, 0, 8, 323.40
1735352832, 39, 34, 79, 2, 0, 0.06%, 9, 0, 8, 332.80
1735352837, 39, 35, 79, 2, 0, 0.06%, 9, 0, 8, 389.25
1735352848, 39, 36, 79, 2, 0, 0.06%, 9, 0, 8, 396.84
1735352853, 39, 37, 79, 2, 0, 0.06%, 9, 0, 8, 362.65
1735352858, 39, 38, 79, 2, 0, 0.06%, 9, 0, 8, 334.04
1735352863, 39, 39, 79, 2, 0, 0.06%, 9, 0, 8, 298.62
1735352868, 39, 40, 79, 2, 0, 0.06%, 9, 0, 8, 331.77
1735352873, 39, 41, 79, 2, 0, 0.06%, 9, 0, 8, 310.59
1735352878, 39, 42, 79, 2, 0, 0.06%, 9, 0, 8, 341.56
1735352884, 39, 43, 79, 2, 0, 0.06%, 9, 0, 8, 338.11
1735352889, 39, 44, 79, 2, 0, 0.06%, 9, 0, 8, 327.59
1735352894, 39, 45, 79, 2, 0, 0.06%, 9, 0, 8, 329.94
1735352899, 39, 46, 79, 2, 0, 0.06%, 9, 0, 8, 302.30
1735352904, 39, 47, 79, 2, 0, 0.06%, 9, 0, 8, 338.51
1735352909, 39, 48, 79, 2, 0, 0.06%, 9, 0, 8, 334.14
1735352914, 39, 49, 79, 2, 0, 0.06%, 9, 0, 8, 349.04
1735352919, 39, 50, 79, 2, 0, 0.06%, 9, 0, 8, 309.35
1735352924, 39, 51, 79, 2, 0, 0.06%, 9, 0, 8, 342.46
1735352929, 39, 52, 79, 2, 0, 0.06%, 9, 0, 8, 418.42
