# unix_time, cycles_done, cur_path, paths_total, pending_total, pending_favs, map_size, unique_crashes, unique_hangs, max_depth, execs_per_sec
1735179412, 0, 0, 10, 10, 1, 0.00%, 0, 0, 1, 175.05
1735179417, 0, 2, 10, 10, 1, 0.00%, 0, 0, 1, 201.73
1735179423, 0, 3, 10, 9, 0, 0.00%, 0, 0, 1, 206.76
1735179428, 0, 4, 10, 8, 0, 0.00%, 0, 0, 1, 205.75
1735179438, 0, 5, 10, 7, 0, 0.00%, 0, 0, 1, 211.76
1735179443, 0, 6, 10, 6, 0, 0.00%, 0, 0, 1, 199.89
1735179453, 0, 7, 10, 5, 0, 0.00%, 0, 0, 1, 212.01
1735179458, 0, 8, 10, 4, 0, 0.00%, 0, 0, 1, 193.17
1735179469, 0, 9, 10, 3, 0, 0.00%, 0, 0, 1, 210.21
1735179474, 1, 0, 10, 2, 0, 0.00%, 0, 0, 1, 209.81
1735179484, 1, 1, 10, 1, 0, 0.00%, 0, 0, 1, 211.20
1735179494, 1, 2, 10, 0, 0, 0.00%, 0, 0, 1, 210.64
1735179504, 1, 4, 10, 0, 0, 0.00%, 0, 0, 1, 207.03
1735179509, 1, 5, 10, 0, 0, 0.00%, 0, 0, 1, 210.98
1735179514, 1, 6, 10, 0, 0, 0.00%, 0, 0, 1, 210.12
1735179519, 1, 8, 10, 0, 0, 0.00%, 0, 0, 1, 207.32
1735179524, 1, 9, 10, 0, 0, 0.00%, 0, 0, 1, 208.86
1735179529, 2, 1, 10, 0, 0, 0.00%, 0, 0, 1, 209.83
1735179535, 2, 2, 10, 0, 0, 0.00%, 0, 0, 1, 209.61
1735179540, 2, 4, 10, 0, 0, 0.00%, 0, 0, 1, 210.15
1735179545, 2, 5, 10, 0, 0, 0.00%, 0, 0, 1, 207.73
1735179550, 2, 6, 10, 0, 0, 0.00%, 0, 0, 1, 207.33
1735179555, 2, 8, 10, 0, 0, 0.00%, 0, 0, 1, 212.94
1735179560, 2, 9, 10, 0, 0, 0.00%, 0, 0, 1, 209.91
1735179565, 3, 1, 10, 0, 0, 0.00%, 0, 0, 1, 207.23
1735179570, 3, 2, 10, 0, 0, 0.00%, 0, 0, 1, 210.54
1735179576, 3, 4, 10, 0, 0, 0.00%, 0, 0, 1, 210.35
1735179581, 3, 5, 10, 0, 0, 0.00%, 0, 0, 1, 207.49
1735179586, 3, 7, 10, 0, 0, 0.00%, 0, 0, 1, 210.20
1735179591, 3, 8, 10, 0, 0, 0.00%, 0, 0, 1, 211.38
1735179596, 3, 9, 10, 0, 0, 0.00%, 0, 0, 1, 212.58
1735179601, 4, 1, 10, 0, 0, 0.00%, 0, 0, 1, 207.35
1735179606, 4, 2, 10, 0, 0, 0.00%, 0, 0, 1, 208.45
1735179611, 4, 4, 10, 0, 0, 0.00%, 0, 0, 1, 207.46
1735179616, 4, 5, 10, 0, 0, 0.00%, 0, 0, 1, 208.65
1735179622, 4, 7, 10, 0, 0, 0.00%, 0, 0, 1, 206.86
1735179627, 4, 8, 10, 0, 0, 0.00%, 0, 0, 1, 209.20
1735179632, 4, 9, 10, 0, 0, 0.00%, 0, 0, 1, 209.60
1735179637, 5, 1, 10, 0, 0, 0.00%, 0, 0, 1, 209.08
1735179642, 5, 2, 10, 0, 0, 0.00%, 0, 0, 1, 208.62
1735179647, 5, 4, 10, 0, 0, 0.00%, 0, 0, 1, 209.16
1735179652, 5, 5, 10, 0, 0, 0.00%, 0, 0, 1, 207.07
1735179657, 5, 6, 10, 0, 0, 0.00%, 0, 0, 1, 209.70
1735179662, 5, 8, 10, 0, 0, 0.00%, 0, 0, 1, 208.20
1735179667, 5, 9, 10, 0, 0, 0.00%, 0, 0, 1, 209.54
1735179672, 6, 1, 10, 0, 0, 0.00%, 0, 0, 1, 208.08
1735179677, 6, 2, 10, 0, 0, 0.00%, 0, 0, 1, 207.80
1735179683, 6, 4, 10, 0, 0, 0.00%, 0, 0, 1, 207.62
1735179688, 6, 5, 10, 0, 0, 0.00%, 0, 0, 1, 208.61
1735179693, 6, 6, 10, 0, 0, 0.00%, 0, 0, 1, 207.83
1735179698, 6, 8, 10, 0, 0, 0.00%, 0, 0, 1, 209.58
1735179703, 6, 9, 10, 0, 0, 0.00%, 0, 0, 1, 206.24
1735179708, 7, 1, 10, 0, 0, 0.00%, 0, 0, 1, 207.75
1735179713, 7, 2, 10, 0, 0, 0.00%, 0, 0, 1, 207.68
1735179718, 7, 3, 10, 0, 0, 0.00%, 0, 0, 1, 208.06
1735179723, 7, 5, 10, 0, 0, 0.00%, 0, 0, 1, 209.46
1735179728, 7, 6, 10, 0, 0, 0.00%, 0, 0, 1, 208.35
1735179733, 7, 8, 10, 0, 0, 0.00%, 0, 0, 1, 211.65
1735179738, 7, 9, 10, 0, 0, 0.00%, 0, 0, 1, 209.98
1735179744, 8, 1, 10, 0, 0, 0.00%, 0, 0, 1, 211.80
1735179749, 8, 2, 10, 0, 0, 0.00%, 0, 0, 1, 207.76
1735179754, 8, 3, 10, 0, 0, 0.00%, 0, 0, 1, 209.82
1735179759, 8, 5, 10, 0, 0, 0.00%, 0, 0, 1, 207.54
1735179764, 8, 6, 10, 0, 0, 0.00%, 0, 0, 1, 206.27
1735179769, 8, 8, 10, 0, 0, 0.00%, 0, 0, 1, 211.26
1735179774, 8, 9, 10, 0, 0, 0.00%, 0, 0, 1, 209.82
1735179779, 9, 0, 10, 0, 0, 0.00%, 0, 0, 1, 210.10
1735179784, 9, 2, 10, 0, 0, 0.00%, 0, 0, 1, 211.92
1735179789, 9, 3, 10, 0, 0, 0.00%, 0, 0, 1, 210.07
1735179794, 9, 5, 10, 0, 0, 0.00%, 0, 0, 1, 208.98
1735179799, 9, 6, 10, 0, 0, 0.00%, 0, 0, 1, 208.43
1735179804, 9, 7, 10, 0, 0, 0.00%, 0, 0, 1, 210.45
1735179809, 9, 9, 10, 0, 0, 0.00%, 0, 0, 1, 208.23
1735179814, 10, 0, 10, 0, 0, 0.00%, 0, 0, 1, 211.26
1735179819, 10, 2, 10, 0, 0, 0.00%, 0, 0, 1, 210.46
1735179824, 10, 3, 10, 0, 0, 0.00%, 0, 0, 1, 210.58
1735179829, 10, 4, 10, 0, 0, 0.00%, 0, 0, 1, 211.77
1735179834, 10, 6, 10, 0, 0, 0.00%, 0, 0, 1, 211.60
1735179839, 10, 7, 10, 0, 0, 0.00%, 0, 0, 1, 208.22
1735179845, 10, 9, 10, 0, 0, 0.00%, 0, 0, 1, 203.04
1735179850, 11, 0, 10, 0, 0, 0.00%, 0, 0, 1, 205.94
1735179855, 11, 2, 10, 0, 0, 0.00%, 0, 0, 1, 210.38
1735179860, 11, 3, 10, 0, 0, 0.00%, 0, 0, 1, 207.97
1735179865, 11, 4, 10, 0, 0, 0.00%, 0, 0, 1, 207.00
1735179870, 11, 6, 10, 0, 0, 0.00%, 0, 0, 1, 209.73
1735179875, 11, 7, 10, 0, 0, 0.00%, 0, 0, 1, 209.70
1735179880, 11, 9, 10, 0, 0, 0.00%, 0, 0, 1, 207.78
1735179885, 12, 0, 10, 0, 0, 0.00%, 0, 0, 1, 209.73
1735179890, 12, 1, 10, 0, 0, 0.00%, 0, 0, 1, 209.30
1735179895, 12, 3, 10, 0, 0, 0.00%, 0, 0, 1, 206.91
1735179900, 12, 4, 10, 0, 0, 0.00%, 0, 0, 1, 211.69
1735179905, 12, 6, 10, 0, 0, 0.00%, 0, 0, 1, 209.16
1735179910, 12, 7, 10, 0, 0, 0.00%, 0, 0, 1, 207.34
1735179915, 12, 8, 10, 0, 0, 0.00%, 0, 0, 1, 209.39
1735179920, 13, 0, 10, 0, 0, 0.00%, 0, 0, 1, 208.16
1735179925, 13, 1, 10, 0, 0, 0.00%, 0, 0, 1, 211.87
1735179930, 13, 3, 10, 0, 0, 0.00%, 0, 0, 1, 207.37
1735179936, 13, 4, 10, 0, 0, 0.00%, 0, 0, 1, 207.74
1735179941, 13, 6, 10, 0, 0, 0.00%, 0, 0, 1, 207.94
1735179946, 13, 7, 10, 0, 0, 0.00%, 0, 0, 1, 208.66
1735179951, 13, 8, 10, 0, 0, 0.00%, 0, 0, 1, 211.98
1735179956, 14, 0, 10, 0, 0, 0.00%, 0, 0, 1, 209.36
1735179961, 14, 1, 10, 0, 0, 0.00%, 0, 0, 1, 207.03
1735179966, 14, 3, 10, 0, 0, 0.00%, 0, 0, 1, 209.25
1735179971, 14, 4, 10, 0, 0, 0.00%, 0, 0, 1, 209.21
1735179976, 14, 6, 10, 0, 0, 0.00%, 0, 0, 1, 207.46
1735179981, 14, 7, 10, 0, 0, 0.00%, 0, 0, 1, 205.87
1735179987, 14, 8, 10, 0, 0, 0.00%, 0, 0, 1, 209.10
1735179992, 15, 0, 10, 0, 0, 0.00%, 0, 0, 1, 212.40
1735179997, 15, 1, 10, 0, 0, 0.00%, 0, 0, 1, 210.33
1735180002, 15, 3, 10, 0, 0, 0.00%, 0, 0, 1, 207.90
1735180007, 15, 4, 10, 0, 0, 0.00%, 0, 0, 1, 210.98
1735180012, 15, 6, 10, 0, 0, 0.00%, 0, 0, 1, 208.38
1735180017, 15, 10, 12, 2, 1, 0.05%, 2, 0, 3, 219.11
1735180032, 15, 10, 13, 3, 1, 0.05%, 3, 0, 3, 217.62
1735180043, 15, 10, 14, 4, 1, 0.05%, 4, 0, 3, 219.48
1735180093, 15, 10, 16, 6, 1, 0.06%, 5, 0, 3, 216.98
1735180159, 15, 13, 21, 10, 4, 0.06%, 6, 0, 4, 253.09
1735180195, 15, 13, 22, 11, 4, 0.06%, 6, 0, 4, 248.71
1735180220, 15, 13, 23, 12, 4, 0.06%, 6, 0, 4, 244.86
1735180256, 15, 13, 24, 13, 4, 0.06%, 6, 0, 4, 243.82
1735180311, 15, 15, 25, 13, 4, 0.06%, 6, 0, 4, 409.56
1735180316, 15, 15, 26, 14, 4, 0.06%, 6, 0, 4, 462.71
1735180321, 15, 15, 27, 15, 4, 0.06%, 6, 0, 4, 479.68
1735180327, 15, 15, 28, 16, 4, 0.06%, 7, 0, 4, 481.93
1735180342, 15, 15, 29, 17, 4, 0.06%, 8, 0, 4, 487.23
1735180373, 15, 27, 30, 17, 5, 0.06%, 9, 0, 5, 421.93
1735180378, 15, 27, 31, 18, 5, 0.06%, 9, 0, 5, 482.60
1735180388, 15, 27, 32, 19, 5, 0.06%, 9, 0, 5, 496.16
1735180423, 15, 27, 36, 23, 5, 0.06%, 9, 0, 5, 337.59
1735180429, 15, 27, 37, 24, 5, 0.06%, 9, 0, 5, 251.75
1735180434, 15, 27, 41, 28, 5, 0.06%, 9, 0, 5, 252.72
1735180449, 15, 29, 42, 28, 5, 0.06%, 9, 0, 6, 385.97
1735180475, 15, 29, 43, 29, 5, 0.06%, 9, 0, 6, 497.10
1735180500, 15, 29, 44, 30, 5, 0.06%, 9, 0, 6, 347.29
1735180505, 15, 29, 46, 32, 5, 0.06%, 9, 0, 6, 358.98
1735180510, 15, 29, 47, 33, 5, 0.06%, 9, 0, 6, 291.70
1735180515, 15, 37, 47, 32, 4, 0.06%, 9, 0, 6, 269.71
1735180597, 15, 37, 51, 36, 4, 0.06%, 9, 0, 6, 504.21
1735180603, 15, 37, 52, 37, 4, 0.06%, 9, 0, 6, 485.31
1735180608, 15, 37, 53, 38, 4, 0.06%, 9, 0, 6, 486.90
1735180623, 15, 37, 54, 39, 4, 0.06%, 9, 0, 6, 494.70
1735180628, 15, 37, 55, 40, 4, 0.06%, 9, 0, 6, 495.26
1735180659, 15, 37, 56, 41, 4, 0.06%, 9, 0, 6, 489.80
1735180674, 15, 40, 56, 40, 4, 0.06%, 9, 0, 6, 402.31
1735180679, 15, 40, 57, 41, 4, 0.06%, 9, 0, 6, 444.26
1735180709, 15, 40, 58, 42, 4, 0.06%, 9, 0, 6, 469.96
1735180760, 15, 41, 59, 42, 4, 0.06%, 9, 0, 7, 304.17
1735180776, 15, 41, 60, 43, 4, 0.06%, 9, 0, 7, 301.65
1735180867, 15, 41, 61, 44, 4, 0.06%, 9, 0, 7, 310.20
1735180877, 15, 41, 62, 45, 4, 0.06%, 9, 0, 7, 326.59
1735180882, 15, 42, 62, 44, 3, 0.06%, 9, 0, 7, 361.41
1735181098, 15, 42, 64, 46, 3, 0.06%, 9, 0, 7, 531.23
1735181138, 15, 42, 65, 47, 3, 0.06%, 9, 0, 7, 518.71
1735181154, 15, 42, 66, 48, 3, 0.06%, 9, 0, 7, 521.68
1735181169, 15, 44, 66, 47, 3, 0.06%, 9, 0, 7, 321.68
1735181385, 15, 51, 66, 46, 3, 0.06%, 9, 0, 7, 381.42
1735181416, 15, 51, 67, 47, 3, 0.06%, 9, 0, 7, 392.67
1735181426, 15, 53, 67, 46, 3, 0.06%, 9, 0, 7, 363.51
1735181446, 15, 53, 68, 47, 3, 0.06%, 9, 0, 7, 366.88
1735181456, 15, 56, 68, 46, 3, 0.06%, 9, 0, 7, 330.78
1735181497, 15, 57, 68, 45, 3, 0.06%, 9, 0, 7, 435.29
1735181568, 16, 13, 68, 44, 3, 0.06%, 9, 0, 7, 274.18
1735181578, 16, 16, 68, 44, 3, 0.06%, 9, 0, 7, 275.04
1735181624, 16, 17, 68, 43, 3, 0.06%, 9, 0, 7, 386.36
1735181654, 16, 18, 68, 42, 3, 0.06%, 9, 0, 7, 332.01
1735181700, 16, 19, 68, 41, 2, 0.06%, 9, 0, 7, 307.82
1735181740, 16, 20, 68, 40, 2, 0.06%, 9, 0, 7, 309.86
1735181786, 16, 27, 68, 39, 2, 0.06%, 9, 0, 7, 419.66
1735181802, 16, 30, 68, 39, 2, 0.06%, 9, 0, 7, 320.36
1735181837, 16, 31, 68, 38, 2, 0.06%, 9, 0, 7, 397.42
1735181873, 16, 42, 68, 37, 2, 0.06%, 9, 0, 7, 266.32
1735181893, 16, 43, 68, 37, 2, 0.06%, 9, 0, 7, 381.24
1735181919, 16, 43, 70, 39, 2, 0.06%, 9, 0, 7, 503.68
1735182025, 16, 44, 70, 38, 2, 0.06%, 9, 0, 7, 306.45
1735182046, 16, 45, 70, 38, 2, 0.06%, 9, 0, 7, 304.67
1735182076, 16, 46, 70, 37, 2, 0.06%, 9, 0, 7, 325.87
1735182255, 16, 47, 70, 36, 2, 0.06%, 9, 0, 7, 424.77
1735182343, 16, 48, 70, 35, 2, 0.06%, 9, 0, 7, 338.26
1735182507, 16, 49, 70, 34, 2, 0.06%, 9, 0, 7, 419.29
1735182548, 16, 51, 70, 33, 2, 0.06%, 9, 0, 7, 345.21
1735182563, 16, 52, 70, 33, 2, 0.06%, 9, 0, 7, 350.22
1735182629, 16, 53, 70, 32, 2, 0.06%, 9, 0, 7, 378.88
1735182644, 16, 56, 70, 32, 2, 0.06%, 9, 0, 7, 286.83
1735182670, 16, 57, 70, 32, 2, 0.06%, 9, 0, 7, 382.10
1735182726, 16, 60, 70, 32, 2, 0.06%, 9, 0, 7, 414.44
1735182736, 16, 60, 71, 33, 2, 0.06%, 9, 0, 8, 306.30
1735182791, 16, 61, 71, 32, 2, 0.06%, 9, 0, 8, 344.64
1735183005, 16, 62, 71, 31, 2, 0.06%, 9, 0, 8, 262.12
1735183370, 17, 13, 71, 30, 2, 0.06%, 9, 0, 8, 322.85
1735183380, 17, 16, 71, 30, 2, 0.06%, 9, 0, 8, 277.01
1735183400, 17, 17, 71, 30, 2, 0.06%, 9, 0, 8, 402.06
1735183415, 17, 18, 71, 30, 2, 0.06%, 9, 0, 8, 303.96
1735183436, 17, 19, 71, 30, 2, 0.06%, 9, 0, 8, 301.78
1735183456, 17, 20, 71, 30, 2, 0.06%, 9, 0, 8, 285.75
1735183477, 17, 21, 71, 30, 2, 0.06%, 9, 0, 8, 357.77
1735183502, 17, 21, 73, 32, 2, 0.06%, 9, 0, 8, 486.15
1735183614, 17, 22, 73, 31, 2, 0.06%, 9, 0, 8, 357.77
1735183726, 17, 23, 73, 30, 2, 0.06%, 9, 0, 8, 376.69
1735183762, 17, 27, 73, 29, 2, 0.06%, 9, 0, 8, 431.70
1735183777, 17, 28, 73, 29, 2, 0.06%, 9, 0, 8, 429.33
1735183808, 17, 30, 73, 28, 2, 0.06%, 9, 0, 8, 382.31
1735183823, 17, 31, 73, 28, 2, 0.06%, 9, 0, 8, 320.63
1735183843, 17, 36, 73, 28, 2, 0.06%, 9, 0, 8, 299.60
1735183889, 17, 37, 73, 27, 2, 0.06%, 9, 0, 8, 392.83
1735183904, 17, 38, 73, 27, 2, 0.06%, 9, 0, 8, 369.18
1735183935, 17, 39, 73, 26, 1, 0.06%, 9, 0, 8, 315.86
1735183970, 17, 40, 73, 25, 1, 0.06%, 9, 0, 8, 463.12
1735183991, 17, 41, 73, 25, 1, 0.06%, 9, 0, 8, 322.18
1735184006, 17, 42, 73, 25, 1, 0.06%, 9, 0, 8, 331.18
1735184031, 17, 43, 73, 25, 1, 0.06%, 9, 0, 8, 386.26
1735184046, 17, 44, 73, 25, 1, 0.06%, 9, 0, 8, 305.11
1735184072, 17, 45, 73, 25, 1, 0.06%, 9, 0, 8, 452.47
1735184087, 17, 46, 73, 25, 1, 0.06%, 9, 0, 8, 317.27
1735184108, 17, 47, 73, 25, 1, 0.06%, 9, 0, 8, 395.56
1735184123, 17, 48, 73, 25, 1, 0.06%, 9, 0, 8, 299.32
1735184148, 17, 49, 73, 25, 1, 0.06%, 9, 0, 8, 414.93
1735184215, 17, 50, 73, 25, 1, 0.06%, 9, 0, 8, 333.77
1735184409, 17, 51, 73, 24, 1, 0.06%, 9, 0, 8, 388.58
1735184425, 17, 52, 73, 24, 1, 0.06%, 9, 0, 8, 330.90
1735184445, 17, 53, 73, 24, 1, 0.06%, 9, 0, 8, 374.53
1735184460, 17, 56, 73, 24, 1, 0.06%, 9, 0, 8, 419.24
1735184481, 17, 57, 73, 24, 1, 0.06%, 9, 0, 8, 339.33
1735184491, 17, 57, 74, 25, 1, 0.06%, 9, 0, 8, 317.42
1735184496, 17, 58, 74, 25, 1, 0.06%, 9, 0, 8, 368.32
1735184531, 17, 59, 74, 24, 1, 0.06%, 9, 0, 8, 350.98
1735184679, 17, 60, 74, 23, 1, 0.06%, 9, 0, 8, 318.76
1735184694, 17, 62, 74, 23, 1, 0.06%, 9, 0, 8, 318.52
1735184719, 17, 63, 74, 23, 1, 0.06%, 9, 0, 8, 321.88
1735184806, 17, 64, 74, 22, 1, 0.06%, 9, 0, 8, 380.64
1735184837, 17, 65, 74, 21, 1, 0.06%, 9, 0, 8, 277.62
1735185089, 17, 67, 74, 20, 1, 0.06%, 9, 0, 8, 421.50
1735185190, 17, 70, 74, 19, 1, 0.06%, 9, 0, 8, 471.17
1735185201, 17, 70, 75, 20, 1, 0.06%, 9, 0, 9, 370.78
1735185211, 17, 70, 76, 21, 1, 0.06%, 9, 0, 9, 322.22
1735185292, 17, 71, 76, 20, 1, 0.06%, 9, 0, 9, 368.19
1735185394, 17, 73, 76, 19, 1, 0.06%, 9, 0, 9, 326.15
1735185501, 17, 74, 76, 18, 1, 0.06%, 9, 0, 9, 441.20
1735185568, 17, 75, 76, 17, 1, 0.06%, 9, 0, 9, 397.74
1735185619, 17, 75, 77, 18, 1, 0.06%, 9, 0, 10, 353.27
1735185664, 17, 75, 78, 19, 1, 0.06%, 9, 0, 10, 350.87
1735185690, 17, 76, 78, 18, 1, 0.06%, 9, 0, 10, 342.77
1735185817, 17, 77, 78, 17, 1, 0.06%, 9, 0, 10, 359.44
1735185940, 18, 11, 78, 16, 1, 0.06%, 9, 0, 10, 316.62
1735185960, 18, 12, 78, 15, 0, 0.06%, 9, 0, 10, 269.77
1735185986, 18, 13, 78, 14, 0, 0.06%, 9, 0, 10, 282.66
1735185991, 18, 14, 78, 14, 0, 0.06%, 9, 0, 10, 261.05
1735186016, 18, 16, 78, 13, 0, 0.06%, 9, 0, 10, 288.29
1735186037, 18, 17, 78, 13, 0, 0.06%, 9, 0, 10, 299.37
1735186057, 18, 18, 78, 13, 0, 0.06%, 9, 0, 10, 301.08
1735186082, 18, 19, 78, 13, 0, 0.06%, 9, 0, 10, 305.12
1735186098, 18, 20, 78, 13, 0, 0.06%, 9, 0, 10, 286.95
1735186118, 18, 21, 78, 13, 0, 0.06%, 9, 0, 10, 357.71
1735186133, 18, 22, 78, 13, 0, 0.06%, 9, 0, 10, 324.01
1735186153, 18, 23, 78, 13, 0, 0.06%, 9, 0, 10, 410.28
1735186168, 18, 25, 78, 13, 0, 0.06%, 9, 0, 10, 348.77
1735186300, 18, 27, 78, 12, 0, 0.06%, 9, 0, 10, 397.12
1735186310, 18, 28, 78, 12, 0, 0.06%, 9, 0, 10, 430.39
1735186326, 18, 29, 78, 12, 0, 0.06%, 9, 0, 10, 443.64
1735186341, 18, 30, 78, 12, 0, 0.06%, 9, 0, 10, 414.99
1735186357, 18, 31, 78, 12, 0, 0.06%, 9, 0, 10, 402.83
1735186372, 18, 32, 78, 12, 0, 0.06%, 9, 0, 10, 325.15
1735186407, 18, 33, 78, 11, 0, 0.06%, 9, 0, 10, 275.51
1735186951, 18, 36, 78, 10, 0, 0.06%, 9, 0, 10, 328.08
1735186971, 18, 37, 78, 10, 0, 0.06%, 9, 0, 10, 338.27
1735186992, 18, 38, 78, 10, 0, 0.06%, 9, 0, 10, 416.38
1735187007, 18, 39, 78, 10, 0, 0.06%, 9, 0, 10, 401.20
1735187022, 18, 40, 78, 10, 0, 0.06%, 9, 0, 10, 302.05
1735187042, 18, 41, 78, 10, 0, 0.06%, 9, 0, 10, 458.76
1735187058, 18, 42, 78, 10, 0, 0.06%, 9, 0, 10, 360.79
1735187377, 18, 43, 78, 10, 0, 0.06%, 9, 0, 10, 389.83
1735187392, 18, 44, 78, 10, 0, 0.06%, 9, 0, 10, 351.38
1735187407, 18, 46, 78, 10, 0, 0.06%, 9, 0, 10, 290.68
1735187427, 18, 49, 78, 10, 0, 0.06%, 9, 0, 10, 427.18
1735187443, 18, 51, 78, 10, 0, 0.06%, 9, 0, 10, 393.16
1735187453, 18, 52, 78, 10, 0, 0.06%, 9, 0, 10, 386.94
1735187468, 18, 53, 78, 10, 0, 0.06%, 9, 0, 10, 356.86
1735187478, 18, 56, 78, 10, 0, 0.06%, 9, 0, 10, 383.83
1735187488, 18, 57, 78, 10, 0, 0.06%, 9, 0, 10, 356.94
1735187493, 18, 58, 78, 10, 0, 0.06%, 9, 0, 10, 345.42
1735187514, 18, 59, 78, 10, 0, 0.06%, 9, 0, 10, 347.82
1735187529, 18, 60, 78, 10, 0, 0.06%, 9, 0, 10, 332.01
1735187550, 18, 62, 78, 10, 0, 0.06%, 9, 0, 10, 350.07
1735187575, 18, 63, 78, 10, 0, 0.06%, 9, 0, 10, 430.84
1735187590, 18, 64, 78, 10, 0, 0.06%, 9, 0, 10, 422.82
1735187605, 18, 65, 78, 10, 0, 0.06%, 9, 0, 10, 351.91
1735187626, 18, 67, 78, 10, 0, 0.06%, 9, 0, 10, 369.86
1735187646, 18, 68, 78, 10, 0, 0.06%, 9, 0, 10, 377.66
1735187752, 18, 69, 78, 9, 0, 0.06%, 9, 0, 10, 357.71
1735187865, 18, 70, 78, 8, 0, 0.06%, 9, 0, 10, 331.65
1735187895, 18, 73, 78, 8, 0, 0.06%, 9, 0, 10, 418.50
1735187910, 18, 74, 78, 8, 0, 0.06%, 9, 0, 10, 353.18
1735187941, 18, 75, 78, 8, 0, 0.06%, 9, 0, 10, 337.12
1735187966, 18, 76, 78, 8, 0, 0.06%, 9, 0, 10, 321.62
1735187991, 18, 77, 78, 8, 0, 0.06%, 9, 0, 10, 336.07
1735188022, 19, 12, 78, 8, 0, 0.06%, 9, 0, 10, 285.28
1735188032, 19, 16, 78, 8, 0, 0.06%, 9, 0, 10, 288.93
1735188042, 19, 18, 78, 8, 0, 0.06%, 9, 0, 10, 285.30
1735188052, 19, 27, 78, 8, 0, 0.06%, 9, 0, 10, 358.48
1735188057, 19, 30, 78, 8, 0, 0.06%, 9, 0, 10, 342.15
1735188067, 19, 31, 78, 8, 0, 0.06%, 9, 0, 10, 379.73
1735188077, 19, 36, 78, 8, 0, 0.06%, 9, 0, 10, 290.87
1735188098, 19, 40, 78, 8, 0, 0.06%, 9, 0, 10, 357.92
1735188108, 19, 41, 78, 8, 0, 0.06%, 9, 0, 10, 307.98
1735188113, 19, 42, 78, 8, 0, 0.06%, 9, 0, 10, 343.02
1735188128, 19, 43, 78, 8, 0, 0.06%, 9, 0, 10, 366.21
1735188139, 19, 44, 78, 8, 0, 0.06%, 9, 0, 10, 313.94
1735188154, 19, 46, 78, 8, 0, 0.06%, 9, 0, 10, 347.81
1735188164, 19, 49, 78, 8, 0, 0.06%, 9, 0, 10, 410.64
1735188174, 19, 51, 78, 8, 0, 0.06%, 9, 0, 10, 389.44
1735188184, 19, 52, 78, 8, 0, 0.06%, 9, 0, 10, 414.35
1735188189, 19, 53, 78, 8, 0, 0.06%, 9, 0, 10, 367.30
1735188199, 19, 56, 78, 8, 0, 0.06%, 9, 0, 10, 354.86
1735188210, 19, 57, 78, 8, 0, 0.06%, 9, 0, 10, 338.95
1735188220, 19, 58, 78, 8, 0, 0.06%, 9, 0, 10, 419.66
1735188235, 19, 59, 78, 8, 0, 0.06%, 9, 0, 10, 321.09
1735188255, 19, 60, 78, 8, 0, 0.06%, 9, 0, 10, 308.65
1735188266, 19, 62, 78, 8, 0, 0.06%, 9, 0, 10, 282.40
1735188281, 19, 63, 78, 8, 0, 0.06%, 9, 0, 10, 415.03
1735188296, 19, 64, 78, 8, 0, 0.06%, 9, 0, 10, 298.56
1735188316, 19, 65, 78, 8, 0, 0.06%, 9, 0, 10, 267.88
1735188337, 19, 67, 78, 8, 0, 0.06%, 9, 0, 10, 401.37
1735188352, 19, 68, 78, 8, 0, 0.06%, 9, 0, 10, 330.34
1735188372, 19, 69, 78, 8, 0, 0.06%, 9, 0, 10, 367.68
1735188387, 19, 70, 78, 8, 0, 0.06%, 9, 0, 10, 310.10
1735188418, 19, 73, 78, 8, 0, 0.06%, 9, 0, 10, 435.17
1735188433, 19, 74, 78, 8, 0, 0.06%, 9, 0, 10, 330.49
1735188458, 19, 75, 78, 8, 0, 0.06%, 9, 0, 10, 341.87
1735188489, 19, 76, 78, 8, 0, 0.06%, 9, 0, 10, 326.31
1735188519, 19, 77, 78, 8, 0, 0.06%, 9, 0, 10, 349.38
1735188544, 20, 12, 78, 8, 0, 0.06%, 9, 0, 10, 296.69
1735188555, 20, 16, 78, 8, 0, 0.06%, 9, 0, 10, 301.62
1735188565, 20, 18, 78, 8, 0, 0.06%, 9, 0, 10, 298.61
1735188575, 20, 27, 78, 8, 0, 0.06%, 9, 0, 10, 394.84
1735188585, 20, 30, 78, 8, 0, 0.06%, 9, 0, 10, 342.11
1735188590, 20, 31, 78, 8, 0, 0.06%, 9, 0, 10, 360.36
1735188601, 20, 36, 78, 8, 0, 0.06%, 9, 0, 10, 287.08
1735188611, 20, 40, 78, 8, 0, 0.06%, 9, 0, 10, 374.82
1735188621, 20, 41, 79, 9, 0, 0.06%, 9, 0, 10, 305.08
1735188631, 20, 42, 79, 9, 0, 0.06%, 9, 0, 10, 269.03
1735188641, 20, 43, 79, 9, 0, 0.06%, 9, 0, 10, 342.47
1735188652, 20, 44, 79, 9, 0, 0.06%, 9, 0, 10, 356.78
1735188667, 20, 51, 79, 9, 0, 0.06%, 9, 0, 10, 349.06
1735188677, 20, 53, 79, 9, 0, 0.06%, 9, 0, 10, 375.10
1735188687, 20, 56, 79, 9, 0, 0.06%, 9, 0, 10, 350.10
1735188692, 20, 57, 79, 9, 0, 0.06%, 9, 0, 10, 344.21
1735188702, 20, 58, 79, 9, 0, 0.06%, 9, 0, 10, 324.77
1735188713, 20, 59, 79, 9, 0, 0.06%, 9, 0, 10, 324.06
1735188723, 20, 67, 79, 9, 0, 0.06%, 9, 0, 10, 332.88
1735188733, 20, 68, 79, 9, 0, 0.06%, 9, 0, 10, 372.76
1735188748, 20, 69, 79, 9, 0, 0.06%, 9, 0, 10, 321.88
1735188768, 20, 73, 79, 9, 0, 0.06%, 9, 0, 10, 379.12
1735188789, 21, 16, 79, 9, 0, 0.06%, 9, 0, 10, 307.45
1735188799, 21, 18, 79, 9, 0, 0.06%, 9, 0, 10, 300.08
1735188809, 21, 36, 79, 9, 0, 0.06%, 9, 0, 10, 296.21
1735188819, 21, 40, 79, 9, 0, 0.06%, 9, 0, 10, 310.83
1735188829, 21, 51, 79, 9, 0, 0.06%, 9, 0, 10, 349.38
1735188834, 21, 53, 79, 9, 0, 0.06%, 9, 0, 10, 370.89
1735188839, 21, 56, 79, 9, 0, 0.06%, 9, 0, 10, 373.97
1735188844, 21, 57, 79, 9, 0, 0.06%, 9, 0, 10, 345.90
1735188850, 21, 67, 79, 9, 0, 0.06%, 9, 0, 10, 390.33
1735188860, 21, 73, 79, 9, 0, 0.06%, 9, 0, 10, 394.82
1735188870, 22, 18, 79, 9, 0, 0.06%, 9, 0, 10, 301.72
1735188875, 22, 51, 79, 9, 0, 0.06%, 9, 0, 10, 342.91
1735188885, 22, 56, 79, 9, 0, 0.06%, 9, 0, 10, 366.76
1735188890, 22, 57, 79, 9, 0, 0.06%, 9, 0, 10, 349.19
1735188895, 22, 67, 79, 9, 0, 0.06%, 9, 0, 10, 336.35
1735188905, 22, 73, 79, 9, 0, 0.06%, 9, 0, 10, 370.86
1735188910, 23, 18, 79, 9, 0, 0.06%, 9, 0, 10, 325.70
1735188916, 23, 40, 79, 9, 0, 0.06%, 9, 0, 10, 360.45
1735188921, 23, 51, 79, 9, 0, 0.06%, 9, 0, 10, 373.42
1735188926, 23, 53, 79, 9, 0, 0.06%, 9, 0, 10, 341.66
1735188931, 23, 56, 79, 9, 0, 0.06%, 9, 0, 10, 328.45
1735188936, 23, 57, 79, 9, 0, 0.06%, 9, 0, 10, 342.25
1735188941, 23, 67, 79, 9, 0, 0.06%, 9, 0, 10, 366.57
1735188946, 23, 73, 79, 9, 0, 0.06%, 9, 0, 10, 372.56
1735188951, 24, 18, 79, 9, 0, 0.06%, 9, 0, 10, 310.95
1735188956, 24, 40, 79, 9, 0, 0.06%, 9, 0, 10, 343.87
1735188961, 24, 51, 79, 9, 0, 0.06%, 9, 0, 10, 369.31
1735188966, 24, 53, 79, 9, 0, 0.06%, 9, 0, 10, 340.01
1735188971, 24, 56, 79, 9, 0, 0.06%, 9, 0, 10, 326.63
1735188976, 24, 57, 79, 9, 0, 0.06%, 9, 0, 10, 318.31
1735188981, 24, 67, 79, 9, 0, 0.06%, 9, 0, 10, 334.10
1735188986, 24, 73, 79, 9, 0, 0.06%, 9, 0, 10, 360.15
1735188992, 25, 18, 79, 9, 0, 0.06%, 9, 0, 10, 311.55
1735188997, 25, 40, 79, 9, 0, 0.06%, 9, 0, 10, 354.85
1735189002, 25, 51, 79, 9, 0, 0.06%, 9, 0, 10, 353.94
1735189007, 25, 56, 79, 9, 0, 0.06%, 9, 0, 10, 348.65
1735189012, 25, 57, 79, 9, 0, 0.06%, 9, 0, 10, 327.19
1735189017, 25, 67, 79, 9, 0, 0.06%, 9, 0, 10, 326.37
1735189022, 25, 73, 79, 9, 0, 0.06%, 9, 0, 10, 351.97
1735189027, 26, 18, 79, 9, 0, 0.06%, 9, 0, 10, 355.97
1735189032, 26, 40, 79, 9, 0, 0.06%, 9, 0, 10, 311.74
1735189037, 26, 51, 79, 9, 0, 0.06%, 9, 0, 10, 310.27
1735189042, 26, 53, 79, 9, 0, 0.06%, 9, 0, 10, 368.81
1735189047, 26, 56, 79, 9, 0, 0.06%, 9, 0, 10, 390.71
1735189052, 26, 57, 79, 9, 0, 0.06%, 9, 0, 10, 348.45
1735189057, 26, 67, 79, 9, 0, 0.06%, 9, 0, 10, 344.04
1735189062, 26, 73, 79, 9, 0, 0.06%, 9, 0, 10, 353.40
1735189067, 26, 74, 79, 9, 0, 0.06%, 9, 0, 10, 376.13
1735189103, 26, 75, 79, 9, 0, 0.06%, 9, 0, 10, 416.70
1735189139, 26, 76, 79, 9, 0, 0.06%, 9, 0, 10, 459.48
1735189205, 26, 77, 79, 9, 0, 0.06%, 9, 0, 10, 437.50
1735189256, 26, 78, 79, 9, 0, 0.06%, 9, 0, 10, 417.77
1735189261, 26, 78, 80, 10, 0, 0.06%, 9, 0, 10, 508.69
1735189338, 26, 79, 80, 9, 0, 0.06%, 9, 0, 10, 411.26
1735189419, 27, 11, 80, 8, 0, 0.06%, 9, 0, 10, 312.93
1735189429, 27, 12, 80, 8, 0, 0.06%, 9, 0, 10, 299.02
1735189434, 27, 13, 80, 8, 0, 0.06%, 9, 0, 10, 288.84
1735189439, 27, 14, 80, 8, 0, 0.06%, 9, 0, 10, 277.13
1735189449, 27, 16, 80, 8, 0, 0.06%, 9, 0, 10, 293.14
1735189454, 27, 17, 80, 8, 0, 0.06%, 9, 0, 10, 348.42
1735189459, 27, 18, 80, 8, 0, 0.06%, 9, 0, 10, 314.11
1735189469, 27, 19, 80, 8, 0, 0.06%, 9, 0, 10, 285.98
1735189475, 27, 20, 80, 8, 0, 0.06%, 9, 0, 10, 305.69
1735189485, 27, 21, 80, 8, 0, 0.06%, 9, 0, 10, 287.82
1735189505, 27, 22, 80, 8, 0, 0.06%, 9, 0, 10, 381.16
1735189521, 27, 23, 80, 8, 0, 0.06%, 9, 0, 10, 397.94
1735189536, 27, 25, 80, 8, 0, 0.06%, 9, 0, 10, 358.23
1735189556, 27, 27, 80, 8, 0, 0.06%, 9, 0, 10, 340.50
1735189561, 27, 28, 80, 8, 0, 0.06%, 9, 0, 10, 447.27
1735189576, 27, 29, 80, 8, 0, 0.06%, 9, 0, 10, 428.55
1735189592, 27, 30, 80, 8, 0, 0.06%, 9, 0, 10, 361.71
1735189597, 27, 31, 80, 8, 0, 0.06%, 9, 0, 10, 328.16
1735189607, 27, 32, 80, 8, 0, 0.06%, 9, 0, 10, 386.32
1735189622, 27, 33, 80, 8, 0, 0.06%, 9, 0, 10, 369.01
1735189647, 27, 34, 80, 8, 0, 0.06%, 9, 0, 10, 336.85
1735189698, 27, 36, 80, 7, 0, 0.06%, 9, 0, 10, 286.88
1735189708, 27, 37, 80, 7, 0, 0.06%, 9, 0, 10, 316.60
1735189718, 27, 38, 80, 7, 0, 0.06%, 9, 0, 10, 387.37
1735189739, 27, 39, 80, 7, 0, 0.06%, 9, 0, 10, 398.35
1735189754, 27, 40, 80, 7, 0, 0.06%, 9, 0, 10, 338.61
1735189759, 27, 41, 80, 7, 0, 0.06%, 9, 0, 10, 325.10
1735189769, 27, 42, 80, 7, 0, 0.06%, 9, 0, 10, 258.66
1735189780, 27, 43, 80, 7, 0, 0.06%, 9, 0, 10, 398.72
1735189902, 27, 44, 80, 7, 0, 0.06%, 9, 0, 10, 279.70
1735190175, 27, 45, 80, 7, 0, 0.06%, 9, 0, 10, 441.47
1735190190, 27, 46, 80, 7, 0, 0.06%, 9, 0, 10, 319.30
