# unix_time, cycles_done, cur_path, paths_total, pending_total, pending_favs, map_size, unique_crashes, unique_hangs, max_depth, execs_per_sec
1733857715, 0, 0, 10, 10, 1, 0.00%, 0, 0, 1, 170.21
1733857721, 0, 2, 10, 10, 1, 0.00%, 0, 0, 1, 198.39
1733857726, 0, 3, 10, 9, 0, 0.00%, 0, 0, 1, 207.22
1733857731, 0, 4, 10, 8, 0, 0.00%, 0, 0, 1, 202.15
1733857741, 0, 5, 10, 7, 0, 0.00%, 0, 0, 1, 209.52
1733857746, 0, 6, 10, 6, 0, 0.00%, 0, 0, 1, 197.33
1733857756, 0, 7, 10, 5, 0, 0.00%, 0, 0, 1, 211.15
1733857761, 0, 8, 10, 4, 0, 0.00%, 0, 0, 1, 195.92
1733857772, 0, 9, 10, 3, 0, 0.00%, 0, 0, 1, 208.97
1733857777, 1, 0, 10, 2, 0, 0.00%, 0, 0, 1, 192.52
1733857787, 1, 1, 10, 1, 0, 0.00%, 0, 0, 1, 210.50
1733857797, 1, 2, 10, 0, 0, 0.00%, 0, 0, 1, 209.60
1733857802, 1, 2, 11, 1, 0, 0.05%, 1, 0, 2, 203.82
1733857812, 1, 10, 11, 1, 1, 0.05%, 1, 0, 2, 242.95
1733857848, 2, 10, 11, 0, 0, 0.05%, 1, 0, 2, 231.29
1733857858, 3, 10, 11, 0, 0, 0.05%, 1, 0, 2, 232.91
1733857868, 4, 10, 13, 2, 0, 0.05%, 3, 0, 3, 244.90
1733857883, 4, 11, 16, 5, 2, 0.05%, 4, 0, 4, 258.82
1733857888, 4, 11, 17, 6, 2, 0.06%, 5, 0, 4, 275.01
1733857893, 4, 11, 18, 7, 2, 0.06%, 5, 0, 4, 278.45
1733857898, 4, 11, 20, 9, 2, 0.06%, 5, 0, 4, 276.15
1733857908, 4, 11, 21, 10, 2, 0.06%, 6, 0, 4, 274.22
1733857919, 4, 11, 22, 11, 2, 0.06%, 6, 0, 4, 272.18
1733857985, 4, 20, 23, 11, 4, 0.06%, 6, 0, 5, 246.04
1733857990, 4, 20, 24, 12, 4, 0.06%, 6, 0, 5, 265.75
1733858001, 4, 20, 25, 13, 4, 0.06%, 6, 0, 5, 274.97
1733858006, 4, 20, 26, 14, 4, 0.06%, 6, 0, 5, 269.66
1733858041, 4, 20, 27, 15, 4, 0.06%, 7, 0, 5, 268.42
1733858076, 4, 20, 30, 18, 4, 0.06%, 7, 0, 5, 259.78
1733858086, 4, 20, 31, 19, 4, 0.06%, 7, 0, 5, 217.37
1733858102, 4, 26, 31, 18, 4, 0.06%, 7, 0, 5, 356.90
1733858112, 4, 26, 33, 20, 4, 0.06%, 7, 0, 6, 465.24
1733858122, 4, 26, 34, 21, 4, 0.06%, 8, 0, 6, 471.99
1733858158, 4, 26, 35, 22, 4, 0.06%, 8, 0, 6, 293.98
1733858183, 4, 33, 37, 23, 4, 0.06%, 9, 0, 7, 423.20
1733858198, 4, 33, 38, 24, 4, 0.06%, 9, 0, 7, 494.18
1733858224, 4, 33, 39, 25, 4, 0.06%, 9, 0, 7, 496.64
1733858239, 4, 33, 40, 26, 4, 0.06%, 9, 0, 7, 262.60
1733858254, 4, 35, 40, 25, 4, 0.06%, 9, 0, 7, 340.07
1733858259, 4, 35, 41, 26, 4, 0.06%, 9, 0, 8, 452.80
1733858331, 5, 12, 44, 28, 3, 0.06%, 9, 0, 8, 359.23
1733858336, 5, 12, 47, 31, 3, 0.06%, 9, 0, 8, 454.47
1733858392, 5, 12, 48, 32, 3, 0.06%, 9, 0, 8, 478.61
1733858397, 5, 12, 49, 33, 3, 0.06%, 9, 0, 8, 470.60
1733858407, 5, 13, 49, 32, 2, 0.06%, 9, 0, 8, 277.64
1733858412, 5, 13, 50, 33, 2, 0.06%, 9, 0, 8, 271.94
1733858483, 5, 16, 50, 32, 1, 0.06%, 9, 0, 8, 274.84
1733858498, 5, 16, 51, 33, 1, 0.06%, 9, 0, 8, 265.59
1733858504, 5, 16, 52, 34, 1, 0.06%, 9, 0, 8, 271.79
1733858519, 5, 16, 53, 35, 1, 0.06%, 9, 0, 8, 268.47
1733858621, 5, 33, 54, 35, 0, 0.06%, 9, 0, 8, 335.61
1733858626, 5, 34, 55, 36, 0, 0.06%, 9, 0, 8, 364.01
1733858656, 5, 35, 55, 35, 0, 0.06%, 9, 0, 8, 291.67
1733858661, 5, 36, 55, 35, 0, 0.06%, 9, 0, 8, 303.12
1733858697, 5, 37, 55, 34, 0, 0.06%, 9, 0, 8, 472.02
1733858733, 5, 38, 55, 33, 0, 0.06%, 9, 0, 8, 503.03
1733858738, 5, 38, 56, 34, 0, 0.06%, 9, 0, 8, 501.63
1733858753, 5, 38, 57, 35, 0, 0.06%, 9, 0, 8, 478.18
1733858758, 5, 38, 58, 36, 0, 0.06%, 9, 0, 8, 477.23
1733858769, 5, 38, 59, 37, 0, 0.06%, 9, 0, 8, 483.70
1733858819, 5, 40, 61, 38, 0, 0.06%, 9, 0, 8, 353.24
1733858860, 5, 40, 62, 39, 0, 0.06%, 9, 0, 9, 307.49
1733858875, 5, 41, 62, 38, 0, 0.06%, 9, 0, 9, 452.35
1733858880, 5, 41, 63, 39, 0, 0.06%, 9, 0, 9, 463.91
1733858947, 5, 43, 63, 38, 0, 0.06%, 9, 0, 9, 322.73
1733859003, 5, 55, 63, 37, 0, 0.06%, 9, 0, 9, 497.63
1733859049, 5, 58, 63, 36, 0, 0.06%, 9, 0, 9, 315.17
1733859110, 5, 58, 64, 37, 0, 0.06%, 9, 0, 9, 468.96
1733859141, 5, 58, 66, 39, 0, 0.06%, 9, 0, 9, 473.16
1733859146, 5, 58, 67, 40, 0, 0.06%, 9, 0, 9, 471.33
1733859176, 5, 59, 67, 39, 0, 0.06%, 9, 0, 9, 443.10
1733859232, 5, 60, 67, 38, 0, 0.06%, 9, 0, 9, 355.89
1733859346, 5, 60, 68, 39, 0, 0.06%, 9, 0, 9, 434.80
1733859417, 5, 61, 68, 38, 0, 0.06%, 9, 0, 9, 389.75
1733859468, 5, 63, 68, 37, 0, 0.06%, 9, 0, 9, 317.51
1733859565, 5, 67, 68, 36, 0, 0.06%, 9, 0, 9, 354.76
1733859661, 6, 12, 68, 35, 0, 0.06%, 9, 0, 9, 331.80
1733859667, 6, 34, 68, 35, 0, 0.06%, 9, 0, 9, 305.95
1733859672, 6, 43, 68, 35, 0, 0.06%, 9, 0, 9, 351.89
1733859682, 6, 44, 68, 35, 0, 0.06%, 9, 0, 9, 428.14
1733859718, 6, 45, 68, 34, 0, 0.06%, 9, 0, 9, 294.32
1733859753, 6, 46, 68, 33, 0, 0.06%, 9, 0, 9, 322.70
1733859819, 6, 47, 68, 32, 0, 0.06%, 9, 0, 9, 424.94
1733859855, 6, 49, 68, 31, 0, 0.06%, 9, 0, 9, 418.89
1733859921, 6, 53, 68, 30, 0, 0.06%, 9, 0, 9, 334.54
1733859957, 6, 54, 68, 29, 0, 0.06%, 9, 0, 9, 389.62
1733860033, 6, 55, 68, 28, 0, 0.06%, 9, 0, 9, 348.45
1733860053, 6, 56, 68, 28, 0, 0.06%, 9, 0, 9, 371.64
1733860146, 6, 56, 69, 29, 0, 0.06%, 9, 0, 9, 479.28
1733860207, 6, 57, 69, 28, 0, 0.06%, 9, 0, 9, 353.26
1733860309, 6, 58, 69, 27, 0, 0.06%, 9, 0, 9, 306.43
1733860380, 6, 59, 69, 27, 0, 0.06%, 9, 0, 9, 363.54
1733860390, 6, 60, 69, 27, 0, 0.06%, 9, 0, 9, 284.50
1733860405, 6, 61, 69, 27, 0, 0.06%, 9, 0, 9, 304.70
1733860523, 7, 13, 69, 27, 0, 0.06%, 9, 0, 9, 326.24
1733860529, 7, 14, 69, 27, 0, 0.06%, 9, 0, 9, 355.69
1733860564, 7, 20, 69, 26, 0, 0.06%, 9, 0, 9, 265.05
1733860569, 7, 22, 69, 26, 0, 0.06%, 9, 0, 9, 346.79
1733860605, 7, 23, 69, 25, 0, 0.06%, 9, 0, 9, 431.78
1733860641, 7, 24, 69, 24, 0, 0.06%, 9, 0, 9, 300.10
1733860686, 7, 27, 69, 23, 0, 0.06%, 9, 0, 9, 291.15
1733860742, 7, 28, 69, 22, 0, 0.06%, 9, 0, 9, 372.33
1733860778, 7, 29, 69, 21, 0, 0.06%, 9, 0, 9, 408.41
1733860813, 7, 30, 69, 20, 0, 0.06%, 9, 0, 9, 336.82
1733860849, 7, 31, 69, 19, 0, 0.06%, 9, 0, 9, 286.90
1733860889, 7, 32, 69, 18, 0, 0.06%, 9, 0, 9, 298.88
1733860930, 7, 33, 69, 17, 0, 0.06%, 9, 0, 9, 379.03
1733860935, 7, 34, 69, 17, 0, 0.06%, 9, 0, 9, 425.11
1733860945, 7, 36, 69, 17, 0, 0.06%, 9, 0, 9, 330.69
1733860956, 7, 37, 69, 17, 0, 0.06%, 9, 0, 9, 491.28
1733860966, 7, 38, 69, 17, 0, 0.06%, 9, 0, 9, 489.71
1733860976, 7, 39, 69, 17, 0, 0.06%, 9, 0, 9, 374.50
1733861042, 7, 40, 69, 16, 0, 0.06%, 9, 0, 9, 321.19
1733861052, 7, 41, 69, 16, 0, 0.06%, 9, 0, 9, 424.61
1733861063, 7, 42, 69, 16, 0, 0.06%, 9, 0, 9, 398.38
1733861113, 7, 43, 69, 15, 0, 0.06%, 9, 0, 9, 322.92
1733861118, 7, 44, 69, 15, 0, 0.06%, 9, 0, 9, 328.08
1733861123, 7, 45, 69, 15, 0, 0.06%, 9, 0, 9, 344.23
1733861133, 7, 46, 69, 15, 0, 0.06%, 9, 0, 9, 371.67
1733861144, 7, 47, 69, 15, 0, 0.06%, 9, 0, 9, 362.24
1733861149, 7, 48, 69, 15, 0, 0.06%, 9, 0, 9, 322.62
1733861195, 7, 48, 70, 16, 0, 0.06%, 9, 0, 9, 433.60
1733861215, 7, 48, 71, 17, 0, 0.06%, 9, 0, 9, 437.82
1733861276, 7, 49, 71, 16, 0, 0.06%, 9, 0, 9, 356.89
1733861286, 7, 50, 71, 16, 0, 0.06%, 9, 0, 9, 316.83
1733861321, 7, 51, 71, 15, 0, 0.06%, 9, 0, 9, 344.01
1733861423, 7, 53, 71, 14, 0, 0.06%, 9, 0, 9, 317.63
1733861433, 7, 54, 71, 14, 0, 0.06%, 9, 0, 9, 351.13
1733861443, 7, 55, 71, 14, 0, 0.06%, 9, 0, 9, 441.86
1733861453, 7, 56, 71, 14, 0, 0.06%, 9, 0, 9, 327.95
1733861551, 7, 57, 71, 14, 0, 0.06%, 9, 0, 9, 455.74
1733861572, 7, 58, 71, 14, 0, 0.06%, 9, 0, 9, 456.11
1733861633, 7, 59, 71, 14, 0, 0.06%, 9, 0, 9, 497.79
1733861648, 7, 60, 71, 14, 0, 0.06%, 9, 0, 9, 360.76
1733861772, 7, 61, 71, 14, 0, 0.06%, 9, 0, 9, 369.21
1733861777, 7, 62, 71, 14, 0, 0.06%, 9, 0, 9, 350.02
1733861858, 7, 63, 71, 13, 0, 0.06%, 9, 0, 9, 329.96
1733861925, 7, 64, 71, 13, 0, 0.06%, 9, 0, 9, 369.17
1733862032, 7, 65, 71, 12, 0, 0.06%, 9, 0, 9, 355.42
1733862129, 7, 66, 71, 11, 0, 0.06%, 9, 0, 9, 321.37
1733862134, 7, 66, 72, 12, 0, 0.06%, 9, 0, 10, 407.35
1733862236, 7, 67, 72, 11, 0, 0.06%, 9, 0, 10, 432.55
1733862251, 7, 69, 72, 11, 0, 0.06%, 9, 0, 10, 332.87
1733862322, 7, 70, 72, 10, 0, 0.06%, 9, 0, 10, 297.99
1733862429, 7, 71, 72, 9, 0, 0.06%, 9, 0, 10, 396.29
1733862531, 8, 13, 72, 8, 0, 0.06%, 9, 0, 10, 300.08
1733862541, 8, 20, 72, 8, 0, 0.06%, 9, 0, 10, 301.68
1733862546, 8, 22, 72, 8, 0, 0.06%, 9, 0, 10, 317.06
1733862552, 8, 23, 72, 8, 0, 0.06%, 9, 0, 10, 328.74
1733862557, 8, 24, 72, 8, 0, 0.06%, 9, 0, 10, 278.00
1733862562, 8, 25, 72, 8, 0, 0.06%, 9, 0, 10, 401.38
1733862602, 8, 26, 72, 7, 0, 0.06%, 9, 0, 10, 274.90
1733862607, 8, 27, 72, 7, 0, 0.06%, 9, 0, 10, 285.23
1733862613, 8, 28, 72, 7, 0, 0.06%, 9, 0, 10, 311.19
1733862618, 8, 29, 72, 7, 0, 0.06%, 9, 0, 10, 306.37
1733862623, 8, 31, 72, 7, 0, 0.06%, 9, 0, 10, 289.64
1733862628, 8, 32, 72, 7, 0, 0.06%, 9, 0, 10, 292.60
1733862633, 8, 34, 72, 7, 0, 0.06%, 9, 0, 10, 301.04
1733862638, 8, 39, 72, 7, 0, 0.06%, 9, 0, 10, 321.34
1733862643, 8, 40, 72, 7, 0, 0.06%, 9, 0, 10, 341.24
1733862653, 8, 43, 72, 7, 0, 0.06%, 9, 0, 10, 315.59
1733862658, 8, 44, 72, 7, 0, 0.06%, 9, 0, 10, 337.85
1733862663, 8, 45, 72, 7, 0, 0.06%, 9, 0, 10, 296.88
1733862668, 8, 46, 72, 7, 0, 0.06%, 9, 0, 10, 315.26
1733862673, 8, 47, 72, 7, 0, 0.06%, 9, 0, 10, 311.62
1733862678, 8, 49, 72, 7, 0, 0.06%, 9, 0, 10, 321.75
1733862683, 8, 54, 72, 7, 0, 0.06%, 9, 0, 10, 332.88
1733862688, 8, 54, 73, 8, 0, 0.06%, 9, 0, 10, 343.32
1733862693, 8, 55, 73, 8, 0, 0.06%, 9, 0, 10, 355.90
1733862698, 8, 57, 73, 8, 0, 0.06%, 9, 0, 10, 367.48
1733862703, 8, 58, 73, 8, 0, 0.06%, 9, 0, 10, 341.16
1733862713, 8, 59, 73, 8, 0, 0.06%, 9, 0, 10, 368.11
1733862718, 8, 60, 73, 8, 0, 0.06%, 9, 0, 10, 329.53
1733862729, 8, 61, 73, 8, 0, 0.06%, 9, 0, 10, 286.72
1733862739, 8, 63, 73, 8, 0, 0.06%, 9, 0, 10, 373.61
1733862744, 8, 64, 73, 8, 0, 0.06%, 9, 0, 10, 336.03
1733862759, 8, 65, 73, 8, 0, 0.06%, 9, 0, 10, 329.05
1733862774, 8, 66, 73, 8, 0, 0.06%, 9, 0, 10, 340.53
1733862789, 8, 67, 73, 8, 0, 0.06%, 9, 0, 10, 324.61
1733862799, 8, 69, 73, 8, 0, 0.06%, 9, 0, 10, 361.76
1733862810, 8, 70, 73, 8, 0, 0.06%, 9, 0, 10, 359.86
1733862820, 8, 71, 73, 8, 0, 0.06%, 9, 0, 10, 406.59
1733862830, 8, 72, 73, 8, 0, 0.06%, 9, 0, 10, 280.26
1733862835, 8, 72, 74, 9, 0, 0.06%, 9, 0, 10, 451.99
1733862921, 8, 73, 74, 8, 0, 0.06%, 9, 0, 10, 408.78
1733863013, 9, 12, 74, 7, 0, 0.06%, 9, 0, 10, 325.25
1733863018, 9, 13, 74, 7, 0, 0.06%, 9, 0, 10, 287.03
1733863023, 9, 14, 74, 7, 0, 0.06%, 9, 0, 10, 297.41
1733863028, 9, 20, 74, 7, 0, 0.06%, 9, 0, 10, 291.44
1733863033, 9, 23, 74, 7, 0, 0.06%, 9, 0, 10, 319.67
1733863038, 9, 24, 74, 7, 0, 0.06%, 9, 0, 10, 288.15
1733863043, 9, 25, 74, 7, 0, 0.06%, 9, 0, 10, 311.26
1733863048, 9, 26, 74, 7, 0, 0.06%, 9, 0, 10, 305.28
1733863053, 9, 27, 74, 7, 0, 0.06%, 9, 0, 10, 286.35
1733863058, 9, 28, 74, 7, 0, 0.06%, 9, 0, 10, 332.41
1733863064, 9, 29, 74, 7, 0, 0.06%, 9, 0, 10, 341.50
1733863069, 9, 31, 74, 7, 0, 0.06%, 9, 0, 10, 303.04
1733863074, 9, 32, 74, 7, 0, 0.06%, 9, 0, 10, 296.39
1733863079, 9, 34, 74, 7, 0, 0.06%, 9, 0, 10, 324.93
1733863084, 9, 39, 74, 7, 0, 0.06%, 9, 0, 10, 324.40
1733863089, 9, 43, 74, 7, 0, 0.06%, 9, 0, 10, 343.62
1733863094, 9, 44, 74, 7, 0, 0.06%, 9, 0, 10, 346.31
1733863099, 9, 45, 74, 7, 0, 0.06%, 9, 0, 10, 304.91
1733863104, 9, 46, 74, 7, 0, 0.06%, 9, 0, 10, 333.39
1733863109, 9, 47, 74, 7, 0, 0.06%, 9, 0, 10, 327.85
1733863114, 9, 49, 74, 7, 0, 0.06%, 9, 0, 10, 315.39
1733863119, 9, 54, 74, 7, 0, 0.06%, 9, 0, 10, 323.56
1733863130, 9, 57, 74, 7, 0, 0.06%, 9, 0, 10, 347.26
1733863135, 9, 61, 74, 7, 0, 0.06%, 9, 0, 10, 342.77
1733863145, 9, 67, 74, 7, 0, 0.06%, 9, 0, 10, 372.42
1733863155, 9, 69, 74, 7, 0, 0.06%, 9, 0, 10, 346.23
1733863165, 9, 70, 74, 7, 0, 0.06%, 9, 0, 10, 340.21
1733863175, 9, 72, 74, 7, 0, 0.06%, 9, 0, 10, 422.27
1733863201, 9, 73, 74, 7, 0, 0.06%, 9, 0, 10, 407.09
1733863226, 10, 13, 74, 7, 0, 0.06%, 9, 0, 10, 319.38
1733863231, 10, 14, 74, 7, 0, 0.06%, 9, 0, 10, 321.65
1733863236, 10, 20, 74, 7, 0, 0.06%, 9, 0, 10, 298.96
1733863242, 10, 22, 74, 7, 0, 0.06%, 9, 0, 10, 323.10
1733863247, 10, 23, 75, 8, 0, 0.06%, 9, 0, 10, 328.96
1733863252, 10, 24, 75, 8, 0, 0.06%, 9, 0, 10, 282.88
1733863257, 10, 25, 75, 8, 0, 0.06%, 9, 0, 10, 328.65
1733863262, 10, 26, 75, 8, 0, 0.06%, 9, 0, 10, 297.16
1733863267, 10, 27, 75, 8, 0, 0.06%, 9, 0, 10, 296.57
1733863272, 10, 28, 75, 8, 0, 0.06%, 9, 0, 10, 336.68
1733863277, 10, 29, 75, 8, 0, 0.06%, 9, 0, 10, 317.84
1733863282, 10, 34, 75, 8, 0, 0.06%, 9, 0, 10, 323.84
1733863287, 10, 43, 75, 8, 0, 0.06%, 9, 0, 10, 318.61
1733863292, 10, 44, 75, 8, 0, 0.06%, 9, 0, 10, 336.08
1733863298, 10, 46, 75, 8, 0, 0.06%, 9, 0, 10, 316.07
1733863303, 10, 47, 75, 8, 0, 0.06%, 9, 0, 10, 346.19
1733863308, 10, 49, 75, 8, 0, 0.06%, 9, 0, 10, 362.17
1733863313, 10, 53, 75, 8, 0, 0.06%, 9, 0, 10, 356.14
1733863318, 10, 54, 75, 8, 0, 0.06%, 9, 0, 10, 373.54
1733863323, 10, 57, 75, 8, 0, 0.06%, 9, 0, 10, 339.21
1733863333, 10, 58, 75, 8, 0, 0.06%, 9, 0, 10, 347.18
1733863338, 10, 59, 75, 8, 0, 0.06%, 9, 0, 10, 395.54
1733863359, 10, 60, 75, 8, 0, 0.06%, 9, 0, 10, 315.04
1733863482, 10, 61, 75, 8, 0, 0.06%, 9, 0, 10, 356.74
1733863596, 10, 62, 75, 8, 0, 0.06%, 9, 0, 10, 341.23
1733863646, 10, 63, 75, 8, 0, 0.06%, 9, 0, 10, 457.97
1733863702, 10, 64, 75, 8, 0, 0.06%, 9, 0, 10, 365.59
1733863774, 10, 65, 75, 8, 0, 0.06%, 9, 0, 10, 476.49
1733863835, 10, 66, 75, 8, 0, 0.06%, 9, 0, 10, 373.74
1733863896, 10, 67, 75, 8, 0, 0.06%, 9, 0, 10, 341.54
1733864009, 10, 68, 75, 8, 0, 0.06%, 9, 0, 10, 355.06
1733864111, 10, 69, 75, 7, 0, 0.06%, 9, 0, 10, 341.16
1733864198, 10, 70, 75, 7, 0, 0.06%, 9, 0, 10, 429.92
1733864279, 10, 71, 75, 7, 0, 0.06%, 9, 0, 10, 369.12
1733864350, 10, 72, 75, 7, 0, 0.06%, 9, 0, 10, 332.78
1733864355, 10, 73, 75, 7, 0, 0.06%, 9, 0, 10, 305.24
1733864365, 10, 74, 76, 8, 0, 0.06%, 9, 0, 10, 365.48
1733864477, 10, 75, 76, 7, 0, 0.06%, 9, 0, 10, 336.47
1733864594, 11, 13, 76, 6, 0, 0.06%, 9, 0, 10, 313.97
1733864599, 11, 14, 76, 6, 0, 0.06%, 9, 0, 10, 283.87
1733864605, 11, 16, 76, 6, 0, 0.06%, 9, 0, 10, 303.05
1733864610, 11, 19, 76, 6, 0, 0.06%, 9, 0, 10, 291.37
1733864650, 11, 20, 76, 5, 0, 0.06%, 9, 0, 10, 278.84
1733864655, 11, 21, 76, 5, 0, 0.06%, 9, 0, 10, 287.59
1733864695, 11, 22, 76, 4, 0, 0.06%, 9, 0, 10, 299.82
1733864700, 11, 23, 76, 4, 0, 0.06%, 9, 0, 10, 300.91
1733864706, 11, 24, 76, 4, 0, 0.06%, 9, 0, 10, 281.42
1733864711, 11, 26, 76, 4, 0, 0.06%, 9, 0, 10, 314.75
1733864716, 11, 27, 76, 4, 0, 0.06%, 9, 0, 10, 307.02
1733864721, 11, 28, 76, 4, 0, 0.06%, 9, 0, 10, 339.30
1733864731, 11, 29, 76, 4, 0, 0.06%, 9, 0, 10, 326.66
1733864736, 11, 30, 76, 4, 0, 0.06%, 9, 0, 10, 323.88
1733864741, 11, 31, 76, 4, 0, 0.06%, 9, 0, 10, 290.06
1733864746, 11, 32, 76, 4, 0, 0.06%, 9, 0, 10, 290.84
1733864751, 11, 33, 76, 4, 0, 0.06%, 9, 0, 10, 314.33
1733864756, 11, 35, 76, 4, 0, 0.06%, 9, 0, 10, 323.17
1733864762, 11, 36, 76, 4, 0, 0.06%, 9, 0, 10, 360.44
1733864767, 11, 37, 76, 4, 0, 0.06%, 9, 0, 10, 370.15
1733864772, 11, 38, 76, 4, 0, 0.06%, 9, 0, 10, 357.77
1733864777, 11, 39, 76, 4, 0, 0.06%, 9, 0, 10, 333.13
1733864782, 11, 40, 76, 4, 0, 0.06%, 9, 0, 10, 334.81
1733864787, 11, 41, 76, 4, 0, 0.06%, 9, 0, 10, 305.64
1733864797, 11, 42, 76, 4, 0, 0.06%, 9, 0, 10, 322.76
1733864802, 11, 43, 76, 4, 0, 0.06%, 9, 0, 10, 344.56
1733864807, 11, 44, 76, 4, 0, 0.06%, 9, 0, 10, 338.67
1733864812, 11, 45, 76, 4, 0, 0.06%, 9, 0, 10, 334.64
1733864817, 11, 46, 76, 4, 0, 0.06%, 9, 0, 10, 337.43
1733864822, 11, 47, 76, 4, 0, 0.06%, 9, 0, 10, 335.63
1733864827, 11, 49, 76, 4, 0, 0.06%, 9, 0, 10, 330.01
1733864832, 11, 50, 76, 4, 0, 0.06%, 9, 0, 10, 339.24
1733864837, 11, 51, 76, 4, 0, 0.06%, 9, 0, 10, 320.62
1733864847, 11, 52, 76, 4, 0, 0.06%, 9, 0, 10, 343.43
1733864913, 11, 52, 77, 5, 0, 0.06%, 9, 0, 10, 403.03
1733864923, 11, 52, 78, 6, 0, 0.06%, 9, 0, 10, 419.01
1733864999, 11, 53, 78, 5, 0, 0.06%, 9, 0, 10, 317.55
1733865004, 11, 54, 78, 5, 0, 0.06%, 9, 0, 10, 355.21
1733865009, 11, 55, 78, 5, 0, 0.06%, 9, 0, 10, 355.24
1733865014, 11, 56, 78, 5, 0, 0.06%, 9, 0, 10, 350.52
1733865024, 11, 57, 78, 5, 0, 0.06%, 9, 0, 10, 349.15
1733865030, 11, 58, 78, 5, 0, 0.06%, 9, 0, 10, 363.57
1733865040, 11, 59, 78, 5, 0, 0.06%, 9, 0, 10, 334.73
1733865045, 11, 60, 78, 5, 0, 0.06%, 9, 0, 10, 286.42
1733865055, 11, 61, 78, 5, 0, 0.06%, 9, 0, 10, 359.60
1733865065, 11, 62, 78, 5, 0, 0.06%, 9, 0, 10, 357.35
1733865070, 11, 63, 78, 5, 0, 0.06%, 9, 0, 10, 382.32
1733865075, 11, 64, 78, 5, 0, 0.06%, 9, 0, 10, 347.71
1733865085, 11, 65, 78, 5, 0, 0.06%, 9, 0, 10, 348.94
1733865095, 11, 66, 78, 5, 0, 0.06%, 9, 0, 10, 345.16
1733865100, 11, 67, 78, 5, 0, 0.06%, 9, 0, 10, 326.43
1733865111, 11, 68, 78, 5, 0, 0.06%, 9, 0, 10, 387.04
1733865126, 11, 69, 78, 5, 0, 0.06%, 9, 0, 10, 328.45
1733865131, 11, 70, 78, 5, 0, 0.06%, 9, 0, 10, 325.89
1733865136, 11, 71, 78, 5, 0, 0.06%, 9, 0, 10, 403.16
1733865146, 11, 72, 78, 5, 0, 0.06%, 9, 0, 10, 319.31
1733865156, 11, 73, 78, 5, 0, 0.06%, 9, 0, 10, 389.04
1733865161, 11, 74, 78, 5, 0, 0.06%, 9, 0, 10, 342.12
1733865182, 11, 75, 78, 5, 0, 0.06%, 9, 0, 10, 327.84
1733865202, 11, 76, 78, 5, 0, 0.06%, 9, 0, 10, 329.01
1733865299, 11, 77, 78, 4, 0, 0.06%, 9, 0, 10, 361.90
1733865400, 12, 20, 78, 3, 0, 0.06%, 9, 0, 10, 307.97
1733865405, 12, 22, 78, 3, 0, 0.06%, 9, 0, 10, 315.97
1733865410, 12, 23, 78, 3, 0, 0.06%, 9, 0, 10, 322.04
1733865415, 12, 24, 78, 3, 0, 0.06%, 9, 0, 10, 278.96
1733865421, 12, 25, 78, 3, 0, 0.06%, 9, 0, 10, 316.54
1733865426, 12, 26, 78, 3, 0, 0.06%, 9, 0, 10, 305.46
1733865431, 12, 31, 78, 3, 0, 0.06%, 9, 0, 10, 287.35
1733865436, 12, 32, 78, 3, 0, 0.06%, 9, 0, 10, 293.49
1733865441, 12, 33, 78, 3, 0, 0.06%, 9, 0, 10, 307.76
1733865446, 12, 34, 78, 3, 0, 0.06%, 9, 0, 10, 327.75
1733865451, 12, 36, 78, 3, 0, 0.06%, 9, 0, 10, 361.00
1733865456, 12, 37, 78, 3, 0, 0.06%, 9, 0, 10, 362.49
1733865461, 12, 38, 78, 3, 0, 0.06%, 9, 0, 10, 357.89
1733865466, 12, 39, 78, 3, 0, 0.06%, 9, 0, 10, 334.31
1733865471, 12, 40, 78, 3, 0, 0.06%, 9, 0, 10, 332.14
1733865476, 12, 41, 78, 3, 0, 0.06%, 9, 0, 10, 326.71
1733865487, 12, 42, 78, 3, 0, 0.06%, 9, 0, 10, 339.98
1733865492, 12, 43, 78, 3, 0, 0.06%, 9, 0, 10, 359.05
1733865497, 12, 44, 78, 3, 0, 0.06%, 9, 0, 10, 351.63
1733865502, 12, 45, 78, 3, 0, 0.06%, 9, 0, 10, 307.10
1733865507, 12, 46, 78, 3, 0, 0.06%, 9, 0, 10, 323.73
1733865512, 12, 47, 78, 3, 0, 0.06%, 9, 0, 10, 335.27
1733865517, 12, 54, 78, 3, 0, 0.06%, 9, 0, 10, 327.65
1733865527, 12, 55, 78, 3, 0, 0.06%, 9, 0, 10, 320.54
1733865532, 12, 56, 78, 3, 0, 0.06%, 9, 0, 10, 362.89
1733865542, 12, 57, 78, 3, 0, 0.06%, 9, 0, 10, 356.40
1733865547, 12, 58, 78, 3, 0, 0.06%, 9, 0, 10, 381.47
1733865552, 12, 59, 78, 3, 0, 0.06%, 9, 0, 10, 333.88
1733865563, 12, 60, 78, 3, 0, 0.06%, 9, 0, 10, 366.67
1733865573, 12, 61, 78, 3, 0, 0.06%, 9, 0, 10, 381.24
1733865578, 12, 62, 78, 3, 0, 0.06%, 9, 0, 10, 402.04
1733865583, 12, 63, 78, 3, 0, 0.06%, 9, 0, 10, 352.03
1733865593, 12, 64, 78, 3, 0, 0.06%, 9, 0, 10, 386.27
1733865598, 12, 65, 78, 3, 0, 0.06%, 9, 0, 10, 343.99
1733865608, 12, 66, 78, 3, 0, 0.06%, 9, 0, 10, 387.62
1733865613, 12, 67, 78, 3, 0, 0.06%, 9, 0, 10, 353.22
1733865623, 12, 68, 78, 3, 0, 0.06%, 9, 0, 10, 343.28
1733865638, 12, 71, 78, 3, 0, 0.06%, 9, 0, 10, 371.88
1733865644, 12, 72, 78, 3, 0, 0.06%, 9, 0, 10, 349.91
1733865654, 12, 73, 78, 3, 0, 0.06%, 9, 0, 10, 377.04
1733865659, 12, 74, 78, 3, 0, 0.06%, 9, 0, 10, 351.85
1733865669, 12, 75, 78, 3, 0, 0.06%, 9, 0, 10, 295.50
1733865684, 13, 20, 78, 3, 0, 0.06%, 9, 0, 10, 300.62
1733865689, 13, 22, 78, 3, 0, 0.06%, 9, 0, 10, 310.32
1733865694, 13, 23, 78, 3, 0, 0.06%, 9, 0, 10, 312.68
1733865699, 13, 24, 78, 3, 0, 0.06%, 9, 0, 10, 278.26
1733865705, 13, 25, 78, 3, 0, 0.06%, 9, 0, 10, 302.18
1733865710, 13, 26, 78, 3, 0, 0.06%, 9, 0, 10, 282.36
1733865715, 13, 31, 78, 3, 0, 0.06%, 9, 0, 10, 294.65
1733865720, 13, 32, 79, 4, 0, 0.06%, 9, 0, 10, 287.01
1733865725, 13, 33, 79, 4, 0, 0.06%, 9, 0, 10, 333.46
1733865730, 13, 34, 79, 4, 0, 0.06%, 9, 0, 10, 331.70
1733865735, 13, 35, 79, 4, 0, 0.06%, 9, 0, 10, 312.82
1733865740, 13, 37, 79, 4, 0, 0.06%, 9, 0, 10, 360.30
1733865745, 13, 38, 79, 4, 0, 0.06%, 9, 0, 10, 371.46
1733865750, 13, 39, 79, 4, 0, 0.06%, 9, 0, 10, 350.77
1733865755, 13, 40, 79, 4, 0, 0.06%, 9, 0, 10, 358.20
1733865766, 13, 41, 79, 4, 0, 0.06%, 9, 0, 10, 331.57
1733865771, 13, 42, 79, 4, 0, 0.06%, 9, 0, 10, 347.75
1733865776, 13, 43, 79, 4, 0, 0.06%, 9, 0, 10, 362.95
1733865781, 13, 44, 79, 4, 0, 0.06%, 9, 0, 10, 349.73
1733865786, 13, 45, 79, 4, 0, 0.06%, 9, 0, 10, 306.30
1733865791, 13, 46, 79, 4, 0, 0.06%, 9, 0, 10, 324.70
1733865796, 13, 47, 79, 4, 0, 0.06%, 9, 0, 10, 349.59
1733865801, 13, 53, 79, 4, 0, 0.06%, 9, 0, 10, 320.54
1733865806, 13, 54, 79, 4, 0, 0.06%, 9, 0, 10, 329.63
1733865811, 13, 55, 79, 4, 0, 0.06%, 9, 0, 10, 342.72
1733865816, 13, 56, 79, 4, 0, 0.06%, 9, 0, 10, 309.95
1733865826, 13, 57, 79, 4, 0, 0.06%, 9, 0, 10, 363.35
1733865831, 13, 58, 79, 4, 0, 0.06%, 9, 0, 10, 317.51
1733865842, 13, 59, 79, 4, 0, 0.06%, 9, 0, 10, 340.19
1733865847, 13, 60, 79, 4, 0, 0.06%, 9, 0, 10, 305.55
1733865857, 13, 61, 79, 4, 0, 0.06%, 9, 0, 10, 369.44
1733865867, 13, 63, 79, 4, 0, 0.06%, 9, 0, 10, 364.87
1733865872, 13, 64, 79, 4, 0, 0.06%, 9, 0, 10, 393.72
1733865877, 13, 65, 79, 4, 0, 0.06%, 9, 0, 10, 357.50
1733865887, 13, 66, 79, 4, 0, 0.06%, 9, 0, 10, 392.93
1733865892, 13, 67, 79, 4, 0, 0.06%, 9, 0, 10, 333.92
1733865902, 13, 71, 79, 4, 0, 0.06%, 9, 0, 10, 353.52
1733865913, 13, 72, 79, 4, 0, 0.06%, 9, 0, 10, 356.51
1733865918, 13, 73, 79, 4, 0, 0.06%, 9, 0, 10, 376.79
1733865928, 13, 74, 79, 4, 0, 0.06%, 9, 0, 10, 320.47
1733865938, 13, 75, 79, 4, 0, 0.06%, 9, 0, 10, 325.76
1733865948, 13, 78, 79, 4, 0, 0.06%, 9, 0, 10, 387.30
1733866055, 14, 20, 79, 3, 0, 0.06%, 9, 0, 10, 297.58
1733866060, 14, 22, 79, 3, 0, 0.06%, 9, 0, 10, 326.51
1733866065, 14, 23, 79, 3, 0, 0.06%, 9, 0, 10, 330.59
1733866070, 14, 24, 79, 3, 0, 0.06%, 9, 0, 10, 288.27
1733866075, 14, 25, 79, 3, 0, 0.06%, 9, 0, 10, 330.87
1733866080, 14, 26, 79, 3, 0, 0.06%, 9, 0, 10, 297.93
1733866085, 14, 31, 79, 3, 0, 0.06%, 9, 0, 10, 297.23
1733866090, 14, 32, 79, 3, 0, 0.06%, 9, 0, 10, 298.48
1733866095, 14, 34, 79, 3, 0, 0.06%, 9, 0, 10, 323.60
1733866100, 14, 35, 79, 3, 0, 0.06%, 9, 0, 10, 311.20
1733866106, 14, 39, 79, 3, 0, 0.06%, 9, 0, 10, 313.49
1733866111, 14, 40, 79, 3, 0, 0.06%, 9, 0, 10, 319.16
1733866116, 14, 43, 79, 3, 0, 0.06%, 9, 0, 10, 354.21
1733866121, 14, 44, 79, 3, 0, 0.06%, 9, 0, 10, 331.93
1733866126, 14, 45, 79, 3, 0, 0.06%, 9, 0, 10, 316.80
1733866131, 14, 46, 79, 3, 0, 0.06%, 9, 0, 10, 314.15
1733866136, 14, 47, 79, 3, 0, 0.06%, 9, 0, 10, 333.08
1733866141, 14, 54, 79, 3, 0, 0.06%, 9, 0, 10, 326.22
1733866151, 14, 55, 79, 3, 0, 0.06%, 9, 0, 10, 340.79
1733866156, 14, 57, 79, 3, 0, 0.06%, 9, 0, 10, 364.72
1733866161, 14, 58, 79, 3, 0, 0.06%, 9, 0, 10, 302.28
1733866171, 14, 59, 79, 3, 0, 0.06%, 9, 0, 10, 384.42
1733866177, 14, 60, 79, 3, 0, 0.06%, 9, 0, 10, 299.14
1733866187, 14, 61, 79, 3, 0, 0.06%, 9, 0, 10, 396.57
1733866197, 14, 63, 79, 3, 0, 0.06%, 9, 0, 10, 341.07
1733866202, 14, 64, 79, 3, 0, 0.06%, 9, 0, 10, 369.01
1733866212, 14, 65, 79, 3, 0, 0.06%, 9, 0, 10, 367.14
1733866217, 14, 66, 79, 3, 0, 0.06%, 9, 0, 10, 389.45
1733866223, 14, 67, 79, 3, 0, 0.06%, 9, 0, 10, 370.35
1733866233, 14, 71, 79, 3, 0, 0.06%, 9, 0, 10, 347.69
1733866243, 14, 72, 79, 3, 0, 0.06%, 9, 0, 10, 357.64
1733866248, 14, 73, 79, 3, 0, 0.06%, 9, 0, 10, 381.56
1733866258, 14, 74, 79, 3, 0, 0.06%, 9, 0, 10, 292.73
1733866263, 14, 75, 79, 3, 0, 0.06%, 9, 0, 10, 308.98
1733866268, 14, 78, 79, 3, 0, 0.06%, 9, 0, 10, 357.01
1733866289, 15, 20, 79, 3, 0, 0.06%, 9, 0, 10, 309.31
1733866294, 15, 22, 79, 3, 0, 0.06%, 9, 0, 10, 307.31
1733866299, 15, 23, 79, 3, 0, 0.06%, 9, 0, 10, 324.41
1733866304, 15, 24, 79, 3, 0, 0.06%, 9, 0, 10, 288.79
1733866309, 15, 25, 79, 3, 0, 0.06%, 9, 0, 10, 317.77
1733866314, 15, 26, 79, 3, 0, 0.06%, 9, 0, 10, 311.45
1733866319, 15, 31, 79, 3, 0, 0.06%, 9, 0, 10, 299.81
1733866324, 15, 32, 79, 3, 0, 0.06%, 9, 0, 10, 292.18
1733866329, 15, 34, 79, 3, 0, 0.06%, 9, 0, 10, 307.66
1733866334, 15, 35, 79, 3, 0, 0.06%, 9, 0, 10, 318.19
1733866339, 15, 39, 79, 3, 0, 0.06%, 9, 0, 10, 353.87
1733866344, 15, 40, 79, 3, 0, 0.06%, 9, 0, 10, 327.90
1733866349, 15, 43, 79, 3, 0, 0.06%, 9, 0, 10, 352.03
1733866354, 15, 44, 79, 3, 0, 0.06%, 9, 0, 10, 349.87
1733866359, 15, 45, 79, 3, 0, 0.06%, 9, 0, 10, 327.03
1733866364, 15, 46, 79, 3, 0, 0.06%, 9, 0, 10, 338.88
1733866369, 15, 53, 79, 3, 0, 0.06%, 9, 0, 10, 360.16
1733866374, 15, 54, 79, 3, 0, 0.06%, 9, 0, 10, 305.68
1733866380, 15, 55, 79, 3, 0, 0.06%, 9, 0, 10, 364.16
1733866390, 15, 57, 79, 3, 0, 0.06%, 9, 0, 10, 349.07
1733866395, 15, 58, 79, 3, 0, 0.06%, 9, 0, 10, 354.41
1733866405, 15, 59, 79, 3, 0, 0.06%, 9, 0, 10, 347.26
1733866410, 15, 60, 79, 3, 0, 0.06%, 9, 0, 10, 357.10
1733866420, 15, 61, 79, 3, 0, 0.06%, 9, 0, 10, 389.61
1733866425, 15, 63, 79, 3, 0, 0.06%, 9, 0, 10, 309.95
1733866436, 15, 64, 79, 3, 0, 0.06%, 9, 0, 10, 368.99
1733866441, 15, 65, 79, 3, 0, 0.06%, 9, 0, 10, 316.45
1733866451, 15, 66, 79, 3, 0, 0.06%, 9, 0, 10, 384.44
1733866456, 15, 67, 79, 3, 0, 0.06%, 9, 0, 10, 339.86
1733866466, 15, 71, 79, 3, 0, 0.06%, 9, 0, 10, 356.28
1733866476, 15, 72, 79, 3, 0, 0.06%, 9, 0, 10, 355.30
1733866481, 15, 73, 79, 3, 0, 0.06%, 9, 0, 10, 327.68
1733866491, 16, 34, 79, 3, 0, 0.06%, 9, 0, 10, 356.61
1733866496, 16, 35, 79, 3, 0, 0.06%, 9, 0, 10, 354.74
1733866501, 16, 40, 79, 3, 0, 0.06%, 9, 0, 10, 349.88
1733866506, 16, 43, 79, 3, 0, 0.06%, 9, 0, 10, 346.64
1733866511, 16, 44, 79, 3, 0, 0.06%, 9, 0, 10, 368.78
1733866517, 16, 45, 79, 3, 0, 0.06%, 9, 0, 10, 334.42
1733866522, 16, 46, 79, 3, 0, 0.06%, 9, 0, 10, 347.37
1733866527, 16, 47, 79, 3, 0, 0.06%, 9, 0, 10, 332.07
1733866532, 16, 53, 79, 3, 0, 0.06%, 9, 0, 10, 331.11
1733866537, 16, 54, 79, 3, 0, 0.06%, 9, 0, 10, 372.17
1733866542, 16, 55, 79, 3, 0, 0.06%, 9, 0, 10, 369.72
1733866547, 16, 57, 79, 3, 0, 0.06%, 9, 0, 10, 411.71
1733866552, 16, 58, 79, 3, 0, 0.06%, 9, 0, 10, 329.93
1733866562, 16, 59, 79, 3, 0, 0.06%, 9, 0, 10, 359.11
1733866568, 16, 60, 79, 3, 0, 0.06%, 9, 0, 10, 307.92
1733866578, 16, 61, 79, 3, 0, 0.06%, 9, 0, 10, 341.24
1733866588, 16, 63, 79, 3, 0, 0.06%, 9, 0, 10, 349.04
1733866593, 16, 64, 79, 3, 0, 0.06%, 9, 0, 10, 342.33
1733866603, 16, 65, 79, 3, 0, 0.06%, 9, 0, 10, 344.59
1733866608, 16, 66, 79, 3, 0, 0.06%, 9, 0, 10, 385.59
1733866618, 16, 67, 79, 3, 0, 0.06%, 9, 0, 10, 399.59
1733866623, 16, 71, 79, 3, 0, 0.06%, 9, 0, 10, 323.69
1733866633, 16, 72, 79, 3, 0, 0.06%, 9, 0, 10, 360.59
1733866638, 16, 73, 79, 3, 0, 0.06%, 9, 0, 10, 331.09
1733866649, 17, 34, 79, 3, 0, 0.06%, 9, 0, 10, 354.97
1733866654, 17, 35, 79, 3, 0, 0.06%, 9, 0, 10, 352.84
1733866659, 17, 40, 79, 3, 0, 0.06%, 9, 0, 10, 345.16
1733866664, 17, 43, 79, 3, 0, 0.06%, 9, 0, 10, 327.42
1733866669, 17, 44, 79, 3, 0, 0.06%, 9, 0, 10, 373.25
1733866674, 17, 45, 79, 3, 0, 0.06%, 9, 0, 10, 340.58
1733866679, 17, 46, 79, 3, 0, 0.06%, 9, 0, 10, 349.39
1733866684, 17, 47, 79, 3, 0, 0.06%, 9, 0, 10, 345.14
1733866689, 17, 53, 79, 3, 0, 0.06%, 9, 0, 10, 330.09
1733866694, 17, 54, 79, 3, 0, 0.06%, 9, 0, 10, 367.42
1733866699, 17, 55, 79, 3, 0, 0.06%, 9, 0, 10, 352.53
1733866704, 17, 57, 79, 3, 0, 0.06%, 9, 0, 10, 386.37
1733866709, 17, 58, 79, 3, 0, 0.06%, 9, 0, 10, 344.59
1733866720, 17, 59, 79, 3, 0, 0.06%, 9, 0, 10, 361.25
1733866725, 17, 60, 79, 3, 0, 0.06%, 9, 0, 10, 315.76
1733866735, 17, 61, 79, 3, 0, 0.06%, 9, 0, 10, 271.84
1733866745, 17, 63, 79, 3, 0, 0.06%, 9, 0, 10, 377.08
1733866750, 17, 64, 79, 3, 0, 0.06%, 9, 0, 10, 328.83
1733866760, 17, 65, 79, 3, 0, 0.06%, 9, 0, 10, 389.85
1733866765, 17, 67, 79, 3, 0, 0.06%, 9, 0, 10, 340.67
1733866775, 17, 72, 79, 3, 0, 0.06%, 9, 0, 10, 404.83
1733866780, 17, 73, 79, 3, 0, 0.06%, 9, 0, 10, 343.05
1733866791, 18, 34, 79, 3, 0, 0.06%, 9, 0, 10, 375.16
1733866796, 18, 43, 79, 3, 0, 0.06%, 9, 0, 10, 368.53
1733866801, 18, 44, 79, 3, 0, 0.06%, 9, 0, 10, 363.22
1733866806, 18, 45, 79, 3, 0, 0.06%, 9, 0, 10, 318.91
1733866811, 18, 46, 79, 3, 0, 0.06%, 9, 0, 10, 320.14
1733866816, 18, 47, 79, 3, 0, 0.06%, 9, 0, 10, 353.20
1733866821, 18, 53, 79, 3, 0, 0.06%, 9, 0, 10, 350.71
1733866826, 18, 54, 79, 3, 0, 0.06%, 9, 0, 10, 333.15
1733866831, 18, 57, 79, 3, 0, 0.06%, 9, 0, 10, 375.00
1733866836, 18, 61, 79, 3, 0, 0.06%, 9, 0, 10, 314.97
1733866847, 18, 67, 79, 3, 0, 0.06%, 9, 0, 10, 391.85
1733866857, 18, 72, 79, 3, 0, 0.06%, 9, 0, 10, 367.45
1733866862, 18, 73, 79, 3, 0, 0.06%, 9, 0, 10, 399.27
1733866867, 19, 12, 79, 3, 0, 0.06%, 9, 0, 10, 352.07
1733866872, 19, 34, 79, 3, 0, 0.06%, 9, 0, 10, 353.90
1733866877, 19, 43, 79, 3, 0, 0.06%, 9, 0, 10, 343.14
1733866882, 19, 45, 79, 3, 0, 0.06%, 9, 0, 10, 315.47
1733866887, 19, 46, 79, 3, 0, 0.06%, 9, 0, 10, 297.23
1733866893, 19, 47, 79, 3, 0, 0.06%, 9, 0, 10, 307.54
1733866898, 19, 53, 79, 3, 0, 0.06%, 9, 0, 10, 372.02
1733866903, 19, 54, 79, 3, 0, 0.06%, 9, 0, 10, 358.87
1733866908, 19, 57, 79, 3, 0, 0.06%, 9, 0, 10, 375.73
1733866918, 19, 61, 79, 3, 0, 0.06%, 9, 0, 10, 386.71
1733866923, 19, 67, 79, 3, 0, 0.06%, 9, 0, 10, 342.61
1733866933, 19, 72, 79, 3, 0, 0.06%, 9, 0, 10, 370.46
1733866943, 19, 73, 79, 3, 0, 0.06%, 9, 0, 10, 369.04
1733866948, 20, 34, 79, 3, 0, 0.06%, 9, 0, 10, 382.99
1733866953, 20, 43, 79, 3, 0, 0.06%, 9, 0, 10, 363.76
1733866958, 20, 44, 79, 3, 0, 0.06%, 9, 0, 10, 363.57
1733866963, 20, 45, 79, 3, 0, 0.06%, 9, 0, 10, 326.39
1733866968, 20, 46, 79, 3, 0, 0.06%, 9, 0, 10, 339.28
1733866973, 20, 47, 79, 3, 0, 0.06%, 9, 0, 10, 343.90
1733866979, 20, 53, 79, 3, 0, 0.06%, 9, 0, 10, 334.85
1733866984, 20, 54, 79, 3, 0, 0.06%, 9, 0, 10, 356.97
1733866989, 20, 57, 79, 3, 0, 0.06%, 9, 0, 10, 383.94
1733866994, 20, 61, 79, 3, 0, 0.06%, 9, 0, 10, 330.63
1733867004, 20, 67, 79, 3, 0, 0.06%, 9, 0, 10, 371.07
1733867014, 20, 72, 79, 3, 0, 0.06%, 9, 0, 10, 344.83
1733867019, 20, 73, 79, 3, 0, 0.06%, 9, 0, 10, 345.19
1733867029, 21, 34, 79, 3, 0, 0.06%, 9, 0, 10, 359.74
1733867034, 21, 43, 79, 3, 0, 0.06%, 9, 0, 10, 374.48
1733867039, 21, 44, 79, 3, 0, 0.06%, 9, 0, 10, 324.38
1733867044, 21, 45, 79, 3, 0, 0.06%, 9, 0, 10, 313.49
1733867049, 21, 46, 79, 3, 0, 0.06%, 9, 0, 10, 316.48
1733867054, 21, 53, 79, 3, 0, 0.06%, 9, 0, 10, 375.96
1733867059, 21, 54, 79, 3, 0, 0.06%, 9, 0, 10, 350.31
1733867065, 21, 57, 79, 3, 0, 0.06%, 9, 0, 10, 317.78
1733867075, 21, 61, 79, 3, 0, 0.06%, 9, 0, 10, 390.36
1733867080, 21, 67, 79, 3, 0, 0.06%, 9, 0, 10, 350.76
1733867090, 21, 72, 79, 3, 0, 0.06%, 9, 0, 10, 339.65
1733867100, 21, 73, 79, 3, 0, 0.06%, 9, 0, 10, 356.79
1733867105, 22, 12, 79, 3, 0, 0.06%, 9, 0, 10, 328.71
1733867110, 22, 43, 79, 3, 0, 0.06%, 9, 0, 10, 326.98
1733867115, 22, 44, 79, 3, 0, 0.06%, 9, 0, 10, 354.69
1733867120, 22, 45, 79, 3, 0, 0.06%, 9, 0, 10, 351.86
1733867125, 22, 46, 79, 3, 0, 0.06%, 9, 0, 10, 343.84
1733867130, 22, 47, 79, 3, 0, 0.06%, 9, 0, 10, 368.04
1733867135, 22, 53, 79, 3, 0, 0.06%, 9, 0, 10, 348.03
1733867141, 22, 54, 79, 3, 0, 0.06%, 9, 0, 10, 373.42
1733867146, 22, 57, 79, 3, 0, 0.06%, 9, 0, 10, 403.09
1733867151, 22, 61, 79, 3, 0, 0.06%, 9, 0, 10, 334.17
1733867161, 22, 67, 79, 3, 0, 0.06%, 9, 0, 10, 296.93
1733867171, 22, 72, 79, 3, 0, 0.06%, 9, 0, 10, 387.55
1733867176, 22, 73, 79, 3, 0, 0.06%, 9, 0, 10, 343.26
1733867186, 23, 34, 79, 3, 0, 0.06%, 9, 0, 10, 361.47
1733867191, 23, 43, 79, 3, 0, 0.06%, 9, 0, 10, 361.73
1733867197, 23, 44, 79, 3, 0, 0.06%, 9, 0, 10, 329.48
1733867202, 23, 45, 79, 3, 0, 0.06%, 9, 0, 10, 309.68
1733867207, 23, 46, 79, 3, 0, 0.06%, 9, 0, 10, 323.40
1733867212, 23, 47, 79, 3, 0, 0.06%, 9, 0, 10, 343.61
1733867217, 23, 54, 79, 3, 0, 0.06%, 9, 0, 10, 329.10
1733867227, 23, 57, 79, 3, 0, 0.06%, 9, 0, 10, 352.71
1733867232, 23, 61, 79, 3, 0, 0.06%, 9, 0, 10, 362.08
1733867242, 23, 67, 79, 3, 0, 0.06%, 9, 0, 10, 384.30
1733867247, 23, 72, 79, 3, 0, 0.06%, 9, 0, 10, 321.24
1733867258, 23, 73, 79, 3, 0, 0.06%, 9, 0, 10, 360.09
1733867263, 24, 12, 79, 3, 0, 0.06%, 9, 0, 10, 321.35
1733867268, 24, 34, 79, 3, 0, 0.06%, 9, 0, 10, 321.04
1733867273, 24, 43, 79, 3, 0, 0.06%, 9, 0, 10, 344.92
1733867278, 24, 45, 79, 3, 0, 0.06%, 9, 0, 10, 340.13
1733867283, 24, 46, 79, 3, 0, 0.06%, 9, 0, 10, 329.57
1733867288, 24, 47, 79, 3, 0, 0.06%, 9, 0, 10, 359.63
1733867293, 24, 53, 79, 3, 0, 0.06%, 9, 0, 10, 364.48
1733867298, 24, 54, 79, 3, 0, 0.06%, 9, 0, 10, 354.45
1733867303, 24, 57, 79, 3, 0, 0.06%, 9, 0, 10, 324.20
1733867313, 24, 61, 79, 3, 0, 0.06%, 9, 0, 10, 391.90
1733867319, 24, 67, 79, 3, 0, 0.06%, 9, 0, 10, 347.76
1733867329, 24, 68, 79, 3, 0, 0.06%, 9, 0, 10, 354.43
1733867390, 24, 69, 79, 3, 0, 0.06%, 9, 0, 10, 340.90
1733867395, 24, 70, 79, 3, 0, 0.06%, 9, 0, 10, 312.55
1733867400, 24, 71, 79, 3, 0, 0.06%, 9, 0, 10, 322.89
1733867467, 24, 72, 79, 3, 0, 0.06%, 9, 0, 10, 351.51
1733867472, 24, 73, 79, 3, 0, 0.06%, 9, 0, 10, 370.84
1733867477, 24, 74, 79, 3, 0, 0.06%, 9, 0, 10, 353.58
1733867487, 24, 75, 79, 3, 0, 0.06%, 9, 0, 10, 315.20
1733867492, 24, 76, 79, 3, 0, 0.06%, 9, 0, 10, 368.98
1733867508, 24, 77, 79, 3, 0, 0.06%, 9, 0, 10, 326.10
1733867569, 24, 78, 79, 3, 0, 0.06%, 9, 0, 10, 357.57
1733867661, 25, 12, 79, 3, 0, 0.06%, 9, 0, 10, 320.28
1733867666, 25, 13, 79, 3, 0, 0.06%, 9, 0, 10, 311.28
1733867671, 25, 14, 79, 3, 0, 0.06%, 9, 0, 10, 363.01
1733867676, 25, 15, 79, 3, 0, 0.06%, 9, 0, 10, 342.24
1733867711, 25, 17, 79, 2, 0, 0.06%, 9, 0, 10, 311.34
1733867752, 25, 18, 79, 1, 0, 0.06%, 9, 0, 10, 381.78
1733867793, 25, 19, 79, 0, 0, 0.06%, 9, 0, 10, 301.89
1733867798, 25, 20, 79, 0, 0, 0.06%, 9, 0, 10, 284.82
1733867803, 25, 21, 79, 0, 0, 0.06%, 9, 0, 10, 311.26
1733867808, 25, 22, 79, 0, 0, 0.06%, 9, 0, 10, 310.54
1733867813, 25, 23, 79, 0, 0, 0.06%, 9, 0, 10, 319.09
1733867818, 25, 24, 79, 0, 0, 0.06%, 9, 0, 10, 281.99
1733867823, 25, 25, 79, 0, 0, 0.06%, 9, 0, 10, 301.59
1733867828, 25, 26, 79, 0, 0, 0.06%, 9, 0, 10, 296.03
1733867834, 25, 27, 79, 0, 0, 0.06%, 9, 0, 10, 384.63
1733867849, 25, 28, 79, 0, 0, 0.06%, 9, 0, 10, 285.27
1733867854, 25, 29, 79, 0, 0, 0.06%, 9, 0, 10, 412.51
1733867864, 25, 30, 79, 0, 0, 0.06%, 9, 0, 10, 326.57
1733867869, 25, 31, 79, 0, 0, 0.06%, 9, 0, 10, 348.94
1733867879, 25, 32, 79, 0, 0, 0.06%, 9, 0, 10, 432.08
1733867885, 25, 33, 79, 0, 0, 0.06%, 9, 0, 10, 370.08
1733867890, 25, 34, 79, 0, 0, 0.06%, 9, 0, 10, 337.70
1733867895, 25, 35, 79, 0, 0, 0.06%, 9, 0, 10, 318.12
1733867900, 25, 36, 79, 0, 0, 0.06%, 9, 0, 10, 326.07
1733867905, 25, 38, 79, 0, 0, 0.06%, 9, 0, 10, 367.32
1733867910, 25, 39, 79, 0, 0, 0.06%, 9, 0, 10, 343.76
1733867915, 25, 40, 79, 0, 0, 0.06%, 9, 0, 10, 344.95
1733867925, 25, 41, 79, 0, 0, 0.06%, 9, 0, 10, 349.83
1733867930, 25, 42, 79, 0, 0, 0.06%, 9, 0, 10, 433.43
1733867935, 25, 43, 79, 0, 0, 0.06%, 9, 0, 10, 313.37
1733867940, 25, 44, 79, 0, 0, 0.06%, 9, 0, 10, 368.30
1733867945, 25, 45, 79, 0, 0, 0.06%, 9, 0, 10, 345.91
1733867950, 25, 46, 79, 0, 0, 0.06%, 9, 0, 10, 345.70
1733867955, 25, 47, 79, 0, 0, 0.06%, 9, 0, 10, 354.34
1733867960, 25, 48, 79, 0, 0, 0.06%, 9, 0, 10, 382.08
1733867971, 25, 49, 79, 0, 0, 0.06%, 9, 0, 10, 336.26
1733867976, 25, 50, 79, 0, 0, 0.06%, 9, 0, 10, 310.09
1733867981, 25, 51, 79, 0, 0, 0.06%, 9, 0, 10, 313.95
1733867986, 25, 52, 79, 0, 0, 0.06%, 9, 0, 10, 361.91
1733867996, 25, 53, 79, 0, 0, 0.06%, 9, 0, 10, 321.32
1733868001, 25, 54, 79, 0, 0, 0.06%, 9, 0, 10, 351.67
1733868006, 25, 55, 79, 0, 0, 0.06%, 9, 0, 10, 344.04
1733868011, 25, 56, 79, 0, 0, 0.06%, 9, 0, 10, 351.93
1733868021, 25, 57, 79, 0, 0, 0.06%, 9, 0, 10, 416.51
1733868082, 25, 58, 79, 0, 0, 0.06%, 9, 0, 10, 322.73
1733868093, 25, 59, 79, 0, 0, 0.06%, 9, 0, 10, 339.98
1733868098, 25, 60, 79, 0, 0, 0.06%, 9, 0, 10, 305.09
1733868108, 25, 61, 79, 0, 0, 0.06%, 9, 0, 10, 404.60
1733868113, 25, 62, 79, 0, 0, 0.06%, 9, 0, 10, 325.38
1733868123, 25, 63, 79, 0, 0, 0.06%, 9, 0, 10, 349.62
1733868128, 25, 64, 79, 0, 0, 0.06%, 9, 0, 10, 313.13
1733868200, 25, 65, 79, 0, 0, 0.06%, 9, 0, 10, 426.69
1733868261, 25, 66, 79, 0, 0, 0.06%, 9, 0, 10, 309.78
1733868327, 25, 67, 79, 0, 0, 0.06%, 9, 0, 10, 296.31
1733868337, 25, 68, 79, 0, 0, 0.06%, 9, 0, 10, 385.22
1733868342, 25, 69, 79, 0, 0, 0.06%, 9, 0, 10, 345.20
1733868352, 25, 70, 79, 0, 0, 0.06%, 9, 0, 10, 325.51
1733868357, 25, 71, 79, 0, 0, 0.06%, 9, 0, 10, 351.01
1733868362, 25, 72, 79, 0, 0, 0.06%, 9, 0, 10, 356.49
1733868372, 25, 73, 79, 0, 0, 0.06%, 9, 0, 10, 357.56
1733868377, 25, 74, 79, 0, 0, 0.06%, 9, 0, 10, 320.15
1733868382, 25, 75, 79, 0, 0, 0.06%, 9, 0, 10, 313.49
1733868387, 25, 76, 79, 0, 0, 0.06%, 9, 0, 10, 360.10
1733868398, 25, 77, 79, 0, 0, 0.06%, 9, 0, 10, 307.99
1733868413, 25, 78, 79, 0, 0, 0.06%, 9, 0, 10, 344.43
1733868423, 26, 12, 79, 0, 0, 0.06%, 9, 0, 10, 311.34
1733868428, 26, 14, 79, 0, 0, 0.06%, 9, 0, 10, 309.02
1733868433, 26, 15, 79, 0, 0, 0.06%, 9, 0, 10, 320.48
1733868438, 26, 16, 79, 0, 0, 0.06%, 9, 0, 10, 291.37
1733868443, 26, 17, 79, 0, 0, 0.06%, 9, 0, 10, 323.18
1733868448, 26, 18, 79, 0, 0, 0.06%, 9, 0, 10, 339.05
1733868453, 26, 19, 79, 0, 0, 0.06%, 9, 0, 10, 318.36
1733868459, 26, 20, 79, 0, 0, 0.06%, 9, 0, 10, 299.30
1733868464, 26, 21, 79, 0, 0, 0.06%, 9, 0, 10, 309.09
1733868469, 26, 22, 79, 0, 0, 0.06%, 9, 0, 10, 310.80
1733868474, 26, 23, 79, 0, 0, 0.06%, 9, 0, 10, 319.63
1733868479, 26, 24, 79, 0, 0, 0.06%, 9, 0, 10, 279.09
1733868484, 26, 25, 79, 0, 0, 0.06%, 9, 0, 10, 307.52
1733868489, 26, 26, 79, 0, 0, 0.06%, 9, 0, 10, 301.28
1733868494, 26, 27, 79, 0, 0, 0.06%, 9, 0, 10, 284.65
1733868499, 26, 28, 79, 0, 0, 0.06%, 9, 0, 10, 303.70
1733868504, 26, 30, 79, 0, 0, 0.06%, 9, 0, 10, 310.55
1733868509, 26, 31, 79, 0, 0, 0.06%, 9, 0, 10, 291.39
1733868514, 26, 32, 79, 0, 0, 0.06%, 9, 0, 10, 283.94
1733868520, 26, 33, 79, 0, 0, 0.06%, 9, 0, 10, 314.46
1733868525, 26, 34, 79, 0, 0, 0.06%, 9, 0, 10, 363.44
1733868530, 26, 35, 79, 0, 0, 0.06%, 9, 0, 10, 356.47
1733868535, 26, 36, 79, 0, 0, 0.06%, 9, 0, 10, 343.48
1733868540, 26, 37, 79, 0, 0, 0.06%, 9, 0, 10, 336.05
1733868545, 26, 38, 79, 0, 0, 0.06%, 9, 0, 10, 320.56
1733868550, 26, 39, 80, 1, 0, 0.06%, 9, 0, 10, 338.19
1733868555, 26, 40, 80, 1, 0, 0.06%, 9, 0, 10, 322.90
1733868560, 26, 41, 80, 1, 0, 0.06%, 9, 0, 10, 368.27
1733868571, 26, 42, 80, 1, 0, 0.06%, 9, 0, 10, 330.35
1733868576, 26, 43, 80, 1, 0, 0.06%, 9, 0, 10, 340.23
1733868581, 26, 44, 80, 1, 0, 0.06%, 9, 0, 10, 328.58
1733868586, 26, 46, 80, 1, 0, 0.06%, 9, 0, 10, 305.51
1733868591, 26, 47, 80, 1, 0, 0.06%, 9, 0, 10, 341.56
1733868596, 26, 48, 80, 1, 0, 0.06%, 9, 0, 10, 335.85
1733868601, 26, 49, 80, 1, 0, 0.06%, 9, 0, 10, 316.77
1733868606, 26, 50, 80, 1, 0, 0.06%, 9, 0, 10, 339.17
1733868611, 26, 51, 80, 1, 0, 0.06%, 9, 0, 10, 300.33
1733868616, 26, 52, 80, 1, 0, 0.06%, 9, 0, 10, 323.13
1733868627, 26, 54, 80, 1, 0, 0.06%, 9, 0, 10, 326.77
1733868632, 26, 55, 80, 1, 0, 0.06%, 9, 0, 10, 338.95
1733868642, 26, 56, 80, 1, 0, 0.06%, 9, 0, 10, 386.60
1733868647, 26, 57, 80, 1, 0, 0.06%, 9, 0, 10, 325.73
1733868657, 26, 58, 80, 1, 0, 0.06%, 9, 0, 10, 375.42
1733868662, 26, 59, 80, 1, 0, 0.06%, 9, 0, 10, 342.17
1733868672, 26, 60, 80, 1, 0, 0.06%, 9, 0, 10, 387.20
1733868682, 26, 61, 80, 1, 0, 0.06%, 9, 0, 10, 365.99
1733868688, 26, 62, 80, 1, 0, 0.06%, 9, 0, 10, 354.33
1733868698, 26, 63, 80, 1, 0, 0.06%, 9, 0, 10, 331.07
1733868703, 26, 64, 80, 1, 0, 0.06%, 9, 0, 10, 338.49
1733868713, 26, 65, 80, 1, 0, 0.06%, 9, 0, 10, 360.98
1733868718, 26, 66, 80, 1, 0, 0.06%, 9, 0, 10, 365.01
1733868728, 26, 67, 80, 1, 0, 0.06%, 9, 0, 10, 364.99
1733868733, 26, 68, 80, 1, 0, 0.06%, 9, 0, 10, 337.88
1733868744, 26, 69, 80, 1, 0, 0.06%, 9, 0, 10, 328.09
1733868749, 26, 70, 80, 1, 0, 0.06%, 9, 0, 10, 335.71
1733868754, 26, 71, 80, 1, 0, 0.06%, 9, 0, 10, 372.06
1733868759, 26, 72, 80, 1, 0, 0.06%, 9, 0, 10, 325.69
1733868769, 26, 73, 80, 1, 0, 0.06%, 9, 0, 10, 375.70
1733868774, 26, 74, 80, 1, 0, 0.06%, 9, 0, 10, 325.21
1733868779, 26, 75, 80, 1, 0, 0.06%, 9, 0, 10, 324.23
1733868784, 26, 76, 80, 1, 0, 0.06%, 9, 0, 10, 302.23
1733868794, 26, 77, 80, 1, 0, 0.06%, 9, 0, 10, 331.30
1733868805, 26, 78, 80, 1, 0, 0.06%, 9, 0, 10, 319.25
1733868810, 26, 79, 80, 1, 0, 0.06%, 9, 0, 10, 342.99
1733868947, 27, 13, 80, 0, 0, 0.06%, 9, 0, 10, 307.48
1733868952, 27, 14, 80, 0, 0, 0.06%, 9, 0, 10, 316.20
1733868957, 27, 15, 80, 0, 0, 0.06%, 9, 0, 10, 329.06
1733868962, 27, 16, 80, 0, 0, 0.06%, 9, 0, 10, 305.42
1733868967, 27, 17, 80, 0, 0, 0.06%, 9, 0, 10, 330.87
1733868972, 27, 18, 80, 0, 0, 0.06%, 9, 0, 10, 331.70
1733868977, 27, 19, 80, 0, 0, 0.06%, 9, 0, 10, 308.92
1733868982, 27, 20, 80, 0, 0, 0.06%, 9, 0, 10, 288.83
1733868988, 27, 21, 80, 0, 0, 0.06%, 9, 0, 10, 283.48
1733868993, 27, 22, 80, 0, 0, 0.06%, 9, 0, 10, 298.69
1733868998, 27, 23, 80, 0, 0, 0.06%, 9, 0, 10, 302.89
1733869003, 27, 24, 80, 0, 0, 0.06%, 9, 0, 10, 285.87
1733869008, 27, 25, 80, 0, 0, 0.06%, 9, 0, 10, 316.25
1733869013, 27, 26, 80, 0, 0, 0.06%, 9, 0, 10, 290.07
1733869018, 27, 27, 80, 0, 0, 0.06%, 9, 0, 10, 301.27
1733869023, 27, 28, 80, 0, 0, 0.06%, 9, 0, 10, 293.80
1733869028, 27, 29, 80, 0, 0, 0.06%, 9, 0, 10, 298.03
1733869033, 27, 31, 80, 0, 0, 0.06%, 9, 0, 10, 299.43
1733869038, 27, 32, 80, 0, 0, 0.06%, 9, 0, 10, 312.73
1733869044, 27, 33, 80, 0, 0, 0.06%, 9, 0, 10, 299.98
1733869049, 27, 34, 80, 0, 0, 0.06%, 9, 0, 10, 358.47
1733869054, 27, 35, 80, 0, 0, 0.06%, 9, 0, 10, 360.60
1733869059, 27, 36, 80, 0, 0, 0.06%, 9, 0, 10, 340.13
1733869064, 27, 37, 80, 0, 0, 0.06%, 9, 0, 10, 338.03
1733869069, 27, 38, 80, 0, 0, 0.06%, 9, 0, 10, 341.86
1733869074, 27, 39, 80, 0, 0, 0.06%, 9, 0, 10, 344.34
1733869079, 27, 40, 80, 0, 0, 0.06%, 9, 0, 10, 333.71
1733869084, 27, 41, 80, 0, 0, 0.06%, 9, 0, 10, 357.52
1733869090, 27, 42, 80, 0, 0, 0.06%, 9, 0, 10, 354.98
1733869100, 27, 43, 80, 0, 0, 0.06%, 9, 0, 10, 329.95
1733869105, 27, 44, 80, 0, 0, 0.06%, 9, 0, 10, 330.27
1733869110, 27, 45, 80, 0, 0, 0.06%, 9, 0, 10, 293.36
1733869115, 27, 46, 80, 0, 0, 0.06%, 9, 0, 10, 324.13
1733869120, 27, 48, 80, 0, 0, 0.06%, 9, 0, 10, 342.91
1733869125, 27, 49, 80, 0, 0, 0.06%, 9, 0, 10, 320.87
1733869130, 27, 50, 80, 0, 0, 0.06%, 9, 0, 10, 351.42
1733869135, 27, 51, 80, 0, 0, 0.06%, 9, 0, 10, 324.13
1733869140, 27, 52, 80, 0, 0, 0.06%, 9, 0, 10, 304.40
1733869145, 27, 53, 80, 0, 0, 0.06%, 9, 0, 10, 328.82
1733869150, 27, 54, 80, 0, 0, 0.06%, 9, 0, 10, 333.55
1733869155, 27, 55, 80, 0, 0, 0.06%, 9, 0, 10, 390.35
1733869166, 27, 56, 80, 0, 0, 0.06%, 9, 0, 10, 369.99
1733869171, 27, 57, 80, 0, 0, 0.06%, 9, 0, 10, 329.72
1733869181, 27, 58, 80, 0, 0, 0.06%, 9, 0, 10, 373.48
1733869186, 27, 59, 80, 0, 0, 0.06%, 9, 0, 10, 362.63
1733869196, 27, 60, 80, 0, 0, 0.06%, 9, 0, 10, 360.55
1733869201, 27, 61, 80, 0, 0, 0.06%, 9, 0, 10, 319.74
1733869211, 27, 62, 80, 0, 0, 0.06%, 9, 0, 10, 392.10
1733869216, 27, 63, 80, 0, 0, 0.06%, 9, 0, 10, 316.00
1733869226, 27, 64, 80, 0, 0, 0.06%, 9, 0, 10, 387.46
1733869231, 27, 65, 80, 0, 0, 0.06%, 9, 0, 10, 320.57
1733869242, 27, 66, 80, 0, 0, 0.06%, 9, 0, 10, 380.36
1733869247, 27, 67, 80, 0, 0, 0.06%, 9, 0, 10, 318.95
1733869257, 27, 68, 80, 0, 0, 0.06%, 9, 0, 10, 370.79
1733869262, 27, 69, 80, 0, 0, 0.06%, 9, 0, 10, 344.98
1733869272, 27, 70, 80, 0, 0, 0.06%, 9, 0, 10, 324.00
1733869277, 27, 71, 80, 0, 0, 0.06%, 9, 0, 10, 342.73
1733869282, 27, 72, 80, 0, 0, 0.06%, 9, 0, 10, 341.70
1733869292, 27, 73, 80, 0, 0, 0.06%, 9, 0, 10, 398.62
1733869297, 27, 74, 80, 0, 0, 0.06%, 9, 0, 10, 379.76
1733869379, 27, 75, 80, 0, 0, 0.06%, 9, 0, 10, 436.77
1733869455, 27, 76, 80, 0, 0, 0.06%, 9, 0, 10, 302.62
1733869466, 27, 77, 80, 0, 0, 0.06%, 9, 0, 10, 325.08
1733869476, 27, 78, 80, 0, 0, 0.06%, 9, 0, 10, 287.47
1733869481, 27, 79, 80, 0, 0, 0.06%, 9, 0, 10, 319.07
1733869541, 28, 13, 80, 0, 0, 0.06%, 9, 0, 10, 351.45
1733869546, 28, 14, 80, 0, 0, 0.06%, 9, 0, 10, 339.12
1733869552, 28, 16, 80, 0, 0, 0.06%, 9, 0, 10, 298.16
1733869557, 28, 19, 80, 0, 0, 0.06%, 9, 0, 10, 291.03
1733869562, 28, 20, 80, 0, 0, 0.06%, 9, 0, 10, 277.24
1733869567, 28, 21, 80, 0, 0, 0.06%, 9, 0, 10, 307.33
1733869572, 28, 22, 80, 0, 0, 0.06%, 9, 0, 10, 333.47
1733869577, 28, 23, 80, 0, 0, 0.06%, 9, 0, 10, 338.76
1733869582, 28, 24, 80, 0, 0, 0.06%, 9, 0, 10, 273.33
1733869587, 28, 25, 80, 0, 0, 0.06%, 9, 0, 10, 326.82
1733869592, 28, 26, 80, 0, 0, 0.06%, 9, 0, 10, 316.60
1733869597, 28, 27, 80, 0, 0, 0.06%, 9, 0, 10, 312.30
1733869602, 28, 28, 80, 0, 0, 0.06%, 9, 0, 10, 328.38
1733869607, 28, 29, 80, 0, 0, 0.06%, 9, 0, 10, 325.46
1733869613, 28, 30, 80, 0, 0, 0.06%, 9, 0, 10, 304.31
1733869618, 28, 31, 80, 0, 0, 0.06%, 9, 0, 10, 318.09
1733869623, 28, 32, 80, 0, 0, 0.06%, 9, 0, 10, 304.26
1733869628, 28, 34, 80, 0, 0, 0.06%, 9, 0, 10, 345.19
1733869633, 28, 35, 80, 0, 0, 0.06%, 9, 0, 10, 350.17
1733869638, 28, 36, 80, 0, 0, 0.06%, 9, 0, 10, 336.20
1733869643, 28, 37, 80, 0, 0, 0.06%, 9, 0, 10, 349.95
1733869648, 28, 38, 80, 0, 0, 0.06%, 9, 0, 10, 354.74
1733869653, 28, 39, 80, 0, 0, 0.06%, 9, 0, 10, 329.78
1733869658, 28, 40, 80, 0, 0, 0.06%, 9, 0, 10, 342.30
1733869663, 28, 41, 80, 0, 0, 0.06%, 9, 0, 10, 362.16
1733869668, 28, 42, 80, 0, 0, 0.06%, 9, 0, 10, 366.98
1733869674, 28, 43, 80, 0, 0, 0.06%, 9, 0, 10, 338.50
1733869679, 28, 44, 80, 0, 0, 0.06%, 9, 0, 10, 376.40
1733869684, 28, 45, 80, 0, 0, 0.06%, 9, 0, 10, 326.87
1733869689, 28, 46, 80, 0, 0, 0.06%, 9, 0, 10, 322.60
1733869694, 28, 47, 80, 0, 0, 0.06%, 9, 0, 10, 361.68
1733869699, 28, 49, 80, 0, 0, 0.06%, 9, 0, 10, 356.33
1733869704, 28, 50, 80, 0, 0, 0.06%, 9, 0, 10, 336.08
1733869709, 28, 51, 80, 0, 0, 0.06%, 9, 0, 10, 358.57
1733869714, 28, 52, 80, 0, 0, 0.06%, 9, 0, 10, 320.86
1733869719, 28, 53, 80, 0, 0, 0.06%, 9, 0, 10, 363.99
1733869724, 28, 54, 80, 0, 0, 0.06%, 9, 0, 10, 336.58
1733869729, 28, 55, 80, 0, 0, 0.06%, 9, 0, 10, 373.34
1733869740, 28, 56, 80, 0, 0, 0.06%, 9, 0, 10, 369.56
1733869745, 28, 57, 80, 0, 0, 0.06%, 9, 0, 10, 346.71
1733869755, 28, 58, 80, 0, 0, 0.06%, 9, 0, 10, 355.06
1733869760, 28, 59, 80, 0, 0, 0.06%, 9, 0, 10, 365.83
1733869770, 28, 60, 80, 0, 0, 0.06%, 9, 0, 10, 384.73
1733869775, 28, 61, 80, 0, 0, 0.06%, 9, 0, 10, 346.94
1733869785, 28, 62, 80, 0, 0, 0.06%, 9, 0, 10, 384.52
1733869795, 28, 63, 80, 0, 0, 0.06%, 9, 0, 10, 317.77
1733869800, 28, 64, 80, 0, 0, 0.06%, 9, 0, 10, 372.84
1733869811, 28, 65, 80, 0, 0, 0.06%, 9, 0, 10, 341.34
1733869816, 28, 66, 80, 0, 0, 0.06%, 9, 0, 10, 356.08
1733869826, 28, 67, 80, 0, 0, 0.06%, 9, 0, 10, 376.10
1733869831, 28, 68, 80, 0, 0, 0.06%, 9, 0, 10, 343.98
1733869841, 28, 69, 80, 0, 0, 0.06%, 9, 0, 10, 348.25
1733869846, 28, 70, 80, 0, 0, 0.06%, 9, 0, 10, 347.47
1733869851, 28, 71, 80, 0, 0, 0.06%, 9, 0, 10, 351.04
1733869861, 28, 72, 80, 0, 0, 0.06%, 9, 0, 10, 348.61
1733869866, 28, 73, 80, 0, 0, 0.06%, 9, 0, 10, 360.37
1733869877, 28, 74, 80, 0, 0, 0.06%, 9, 0, 10, 320.93
1733869882, 28, 75, 80, 0, 0, 0.06%, 9, 0, 10, 308.41
1733869887, 28, 76, 80, 0, 0, 0.06%, 9, 0, 10, 334.32
1733869892, 28, 77, 80, 0, 0, 0.06%, 9, 0, 10, 351.53
1733869897, 28, 78, 80, 0, 0, 0.06%, 9, 0, 10, 324.34
1733869902, 28, 79, 80, 0, 0, 0.06%, 9, 0, 10, 324.92
1733869932, 29, 13, 80, 0, 0, 0.06%, 9, 0, 10, 314.60
1733869937, 29, 14, 80, 0, 0, 0.06%, 9, 0, 10, 311.06
1733869942, 29, 16, 80, 0, 0, 0.06%, 9, 0, 10, 291.09
1733869947, 29, 19, 80, 0, 0, 0.06%, 9, 0, 10, 291.17
1733869953, 29, 20, 80, 0, 0, 0.06%, 9, 0, 10, 287.04
1733869958, 29, 21, 80, 0, 0, 0.06%, 9, 0, 10, 301.21
1733869963, 29, 22, 80, 0, 0, 0.06%, 9, 0, 10, 316.62
1733869968, 29, 23, 80, 0, 0, 0.06%, 9, 0, 10, 331.21
1733869973, 29, 24, 80, 0, 0, 0.06%, 9, 0, 10, 285.69
1733869978, 29, 25, 80, 0, 0, 0.06%, 9, 0, 10, 311.05
1733869983, 29, 26, 80, 0, 0, 0.06%, 9, 0, 10, 305.76
1733869988, 29, 27, 80, 0, 0, 0.06%, 9, 0, 10, 313.61
1733869993, 29, 28, 80, 0, 0, 0.06%, 9, 0, 10, 311.68
1733869998, 29, 30, 80, 0, 0, 0.06%, 9, 0, 10, 322.42
1733870003, 29, 31, 80, 0, 0, 0.06%, 9, 0, 10, 289.82
1733870008, 29, 32, 80, 0, 0, 0.06%, 9, 0, 10, 301.55
1733870013, 29, 33, 80, 0, 0, 0.06%, 9, 0, 10, 316.32
1733870018, 29, 34, 80, 0, 0, 0.06%, 9, 0, 10, 346.13
1733870023, 29, 35, 80, 0, 0, 0.06%, 9, 0, 10, 367.37
1733870028, 29, 36, 80, 0, 0, 0.06%, 9, 0, 10, 335.09
1733870033, 29, 37, 80, 0, 0, 0.06%, 9, 0, 10, 321.85
1733870039, 29, 38, 80, 0, 0, 0.06%, 9, 0, 10, 330.22
1733870044, 29, 39, 80, 0, 0, 0.06%, 9, 0, 10, 318.44
1733870049, 29, 40, 80, 0, 0, 0.06%, 9, 0, 10, 327.66
1733870054, 29, 41, 80, 0, 0, 0.06%, 9, 0, 10, 364.65
1733870059, 29, 42, 80, 0, 0, 0.06%, 9, 0, 10, 313.80
1733870069, 29, 43, 80, 0, 0, 0.06%, 9, 0, 10, 352.20
1733870074, 29, 45, 80, 0, 0, 0.06%, 9, 0, 10, 355.10
1733870079, 29, 46, 80, 0, 0, 0.06%, 9, 0, 10, 317.00
1733870084, 29, 47, 80, 0, 0, 0.06%, 9, 0, 10, 373.39
1733870089, 29, 49, 80, 0, 0, 0.06%, 9, 0, 10, 354.34
1733870094, 29, 50, 80, 0, 0, 0.06%, 9, 0, 10, 350.32
1733870099, 29, 51, 80, 0, 0, 0.06%, 9, 0, 10, 347.70
1733870105, 29, 52, 80, 0, 0, 0.06%, 9, 0, 10, 337.67
1733870110, 29, 53, 80, 0, 0, 0.06%, 9, 0, 10, 359.09
1733870115, 29, 54, 80, 0, 0, 0.06%, 9, 0, 10, 351.99
1733870120, 29, 55, 80, 0, 0, 0.06%, 9, 0, 10, 389.34
1733870125, 29, 56, 80, 0, 0, 0.06%, 9, 0, 10, 335.05
1733870135, 29, 57, 80, 0, 0, 0.06%, 9, 0, 10, 389.25
1733870140, 29, 58, 80, 0, 0, 0.06%, 9, 0, 10, 336.88
1733870150, 29, 59, 80, 0, 0, 0.06%, 9, 0, 10, 366.25
1733870155, 29, 60, 80, 0, 0, 0.06%, 9, 0, 10, 319.19
1733870165, 29, 61, 80, 0, 0, 0.06%, 9, 0, 10, 374.56
1733870175, 29, 62, 80, 0, 0, 0.06%, 9, 0, 10, 351.07
1733870181, 29, 63, 80, 0, 0, 0.06%, 9, 0, 10, 391.46
1733870186, 29, 64, 80, 0, 0, 0.06%, 9, 0, 10, 340.70
1733870196, 29, 65, 80, 0, 0, 0.06%, 9, 0, 10, 379.40
1733870201, 29, 66, 80, 0, 0, 0.06%, 9, 0, 10, 322.24
1733870211, 29, 67, 80, 0, 0, 0.06%, 9, 0, 10, 394.16
1733870216, 29, 68, 80, 0, 0, 0.06%, 9, 0, 10, 324.42
1733870226, 29, 69, 80, 0, 0, 0.06%, 9, 0, 10, 338.72
1733870231, 29, 70, 80, 0, 0, 0.06%, 9, 0, 10, 338.49
1733870236, 29, 71, 80, 0, 0, 0.06%, 9, 0, 10, 344.01
1733870246, 29, 72, 80, 0, 0, 0.06%, 9, 0, 10, 361.23
1733870252, 29, 73, 80, 0, 0, 0.06%, 9, 0, 10, 374.41
1733870257, 29, 74, 80, 0, 0, 0.06%, 9, 0, 10, 360.94
1733870267, 29, 75, 80, 0, 0, 0.06%, 9, 0, 10, 316.89
1733870272, 29, 76, 80, 0, 0, 0.06%, 9, 0, 10, 340.89
1733870277, 29, 77, 80, 0, 0, 0.06%, 9, 0, 10, 350.30
1733870282, 29, 78, 80, 0, 0, 0.06%, 9, 0, 10, 362.45
1733870287, 29, 79, 80, 0, 0, 0.06%, 9, 0, 10, 372.95
1733870312, 30, 12, 80, 0, 0, 0.06%, 9, 0, 10, 320.23
1733870317, 30, 13, 80, 0, 0, 0.06%, 9, 0, 10, 293.93
1733870323, 30, 14, 80, 0, 0, 0.06%, 9, 0, 10, 298.13
1733870328, 30, 16, 80, 0, 0, 0.06%, 9, 0, 10, 282.78
1733870333, 30, 19, 80, 0, 0, 0.06%, 9, 0, 10, 276.84
1733870338, 30, 20, 80, 0, 0, 0.06%, 9, 0, 10, 290.04
1733870343, 30, 22, 80, 0, 0, 0.06%, 9, 0, 10, 299.49
1733870348, 30, 23, 80, 0, 0, 0.06%, 9, 0, 10, 315.79
1733870353, 30, 24, 80, 0, 0, 0.06%, 9, 0, 10, 297.42
1733870358, 30, 25, 80, 0, 0, 0.06%, 9, 0, 10, 345.40
1733870363, 30, 26, 80, 0, 0, 0.06%, 9, 0, 10, 295.61
1733870368, 30, 27, 80, 0, 0, 0.06%, 9, 0, 10, 289.74
1733870373, 30, 28, 80, 0, 0, 0.06%, 9, 0, 10, 340.33
1733870379, 30, 29, 80, 0, 0, 0.06%, 9, 0, 10, 350.38
1733870384, 30, 30, 80, 0, 0, 0.06%, 9, 0, 10, 326.98
1733870389, 30, 31, 80, 0, 0, 0.06%, 9, 0, 10, 297.41
1733870394, 30, 32, 80, 0, 0, 0.06%, 9, 0, 10, 296.17
1733870399, 30, 33, 80, 0, 0, 0.06%, 9, 0, 10, 320.36
1733870404, 30, 34, 80, 0, 0, 0.06%, 9, 0, 10, 319.20
1733870409, 30, 35, 80, 0, 0, 0.06%, 9, 0, 10, 324.74
1733870414, 30, 36, 80, 0, 0, 0.06%, 9, 0, 10, 298.82
1733870419, 30, 38, 80, 0, 0, 0.06%, 9, 0, 10, 351.80
1733870424, 30, 39, 80, 0, 0, 0.06%, 9, 0, 10, 330.60
1733870429, 30, 40, 80, 0, 0, 0.06%, 9, 0, 10, 368.78
1733870440, 30, 41, 80, 0, 0, 0.06%, 9, 0, 10, 324.11
1733870445, 30, 42, 80, 0, 0, 0.06%, 9, 0, 10, 353.97
1733870450, 30, 43, 80, 0, 0, 0.06%, 9, 0, 10, 351.55
1733870455, 30, 44, 80, 0, 0, 0.06%, 9, 0, 10, 346.59
1733870460, 30, 45, 80, 0, 0, 0.06%, 9, 0, 10, 330.21
1733870465, 30, 46, 80, 0, 0, 0.06%, 9, 0, 10, 345.64
1733870470, 30, 49, 80, 0, 0, 0.06%, 9, 0, 10, 340.71
1733870475, 30, 50, 80, 0, 0, 0.06%, 9, 0, 10, 345.13
1733870480, 30, 51, 80, 0, 0, 0.06%, 9, 0, 10, 311.39
1733870485, 30, 52, 80, 0, 0, 0.06%, 9, 0, 10, 329.61
1733870490, 30, 53, 80, 0, 0, 0.06%, 9, 0, 10, 336.01
1733870495, 30, 54, 80, 0, 0, 0.06%, 9, 0, 10, 315.25
1733870500, 30, 55, 80, 0, 0, 0.06%, 9, 0, 10, 326.83
1733870511, 30, 56, 80, 0, 0, 0.06%, 9, 0, 10, 362.91
1733870516, 30, 57, 80, 0, 0, 0.06%, 9, 0, 10, 322.53
1733870526, 30, 58, 80, 0, 0, 0.06%, 9, 0, 10, 366.13
1733870531, 30, 59, 80, 0, 0, 0.06%, 9, 0, 10, 365.73
1733870541, 30, 60, 80, 0, 0, 0.06%, 9, 0, 10, 370.53
1733870546, 30, 61, 80, 0, 0, 0.06%, 9, 0, 10, 328.68
1733870556, 30, 62, 80, 0, 0, 0.06%, 9, 0, 10, 381.86
1733870561, 30, 63, 80, 0, 0, 0.06%, 9, 0, 10, 338.25
1733870572, 30, 64, 80, 0, 0, 0.06%, 9, 0, 10, 374.71
1733870577, 30, 65, 80, 0, 0, 0.06%, 9, 0, 10, 347.84
1733870587, 30, 66, 80, 0, 0, 0.06%, 9, 0, 10, 378.74
1733870592, 30, 67, 80, 0, 0, 0.06%, 9, 0, 10, 311.08
1733870602, 30, 68, 80, 0, 0, 0.06%, 9, 0, 10, 375.69
1733870607, 30, 69, 80, 0, 0, 0.06%, 9, 0, 10, 325.89
1733870617, 30, 70, 80, 0, 0, 0.06%, 9, 0, 10, 315.67
1733870622, 30, 71, 80, 0, 0, 0.06%, 9, 0, 10, 354.18
1733870627, 30, 72, 80, 0, 0, 0.06%, 9, 0, 10, 316.78
1733870638, 30, 73, 80, 0, 0, 0.06%, 9, 0, 10, 362.66
1733870643, 30, 74, 80, 0, 0, 0.06%, 9, 0, 10, 346.38
1733870648, 30, 75, 80, 0, 0, 0.06%, 9, 0, 10, 298.01
1733870653, 30, 76, 80, 0, 0, 0.06%, 9, 0, 10, 318.43
1733870663, 30, 77, 80, 0, 0, 0.06%, 9, 0, 10, 324.46
1733870668, 30, 78, 80, 0, 0, 0.06%, 9, 0, 10, 339.59
1733870673, 30, 79, 80, 0, 0, 0.06%, 9, 0, 10, 386.35
1733870698, 31, 13, 80, 0, 0, 0.06%, 9, 0, 10, 298.64
1733870703, 31, 14, 80, 0, 0, 0.06%, 9, 0, 10, 329.91
1733870708, 31, 16, 80, 0, 0, 0.06%, 9, 0, 10, 307.28
1733870713, 31, 19, 80, 0, 0, 0.06%, 9, 0, 10, 303.54
1733870718, 31, 20, 80, 0, 0, 0.06%, 9, 0, 10, 294.54
1733870723, 31, 21, 80, 0, 0, 0.06%, 9, 0, 10, 305.18
1733870729, 31, 22, 80, 0, 0, 0.06%, 9, 0, 10, 316.83
1733870734, 31, 23, 80, 0, 0, 0.06%, 9, 0, 10, 322.49
1733870739, 31, 24, 80, 0, 0, 0.06%, 9, 0, 10, 295.12
1733870744, 31, 26, 80, 0, 0, 0.06%, 9, 0, 10, 316.47
1733870749, 31, 27, 80, 0, 0, 0.06%, 9, 0, 10, 296.67
1733870754, 31, 28, 80, 0, 0, 0.06%, 9, 0, 10, 327.29
1733870759, 31, 29, 80, 0, 0, 0.06%, 9, 0, 10, 355.70
1733870765, 31, 30, 80, 0, 0, 0.06%, 9, 0, 10, 324.92
1733870770, 31, 31, 80, 0, 0, 0.06%, 9, 0, 10, 300.78
1733870775, 31, 32, 80, 0, 0, 0.06%, 9, 0, 10, 315.13
1733870780, 31, 33, 80, 0, 0, 0.06%, 9, 0, 10, 344.22
1733870785, 31, 34, 80, 0, 0, 0.06%, 9, 0, 10, 343.24
1733870790, 31, 36, 80, 0, 0, 0.06%, 9, 0, 10, 351.27
1733870795, 31, 37, 80, 0, 0, 0.06%, 9, 0, 10, 374.74
1733870800, 31, 38, 80, 0, 0, 0.06%, 9, 0, 10, 375.14
1733870805, 31, 39, 80, 0, 0, 0.06%, 9, 0, 10, 341.37
1733870810, 31, 40, 80, 0, 0, 0.06%, 9, 0, 10, 361.00
1733870815, 31, 41, 80, 0, 0, 0.06%, 9, 0, 10, 336.92
1733870825, 31, 42, 80, 0, 0, 0.06%, 9, 0, 10, 336.39
1733870830, 31, 43, 80, 0, 0, 0.06%, 9, 0, 10, 349.13
1733870835, 31, 44, 80, 0, 0, 0.06%, 9, 0, 10, 346.46
1733870840, 31, 45, 80, 0, 0, 0.06%, 9, 0, 10, 320.84
1733870845, 31, 46, 80, 0, 0, 0.06%, 9, 0, 10, 320.73
1733870850, 31, 47, 80, 0, 0, 0.06%, 9, 0, 10, 319.29
1733870855, 31, 49, 80, 0, 0, 0.06%, 9, 0, 10, 329.60
1733870860, 31, 50, 80, 0, 0, 0.06%, 9, 0, 10, 325.76
1733870865, 31, 51, 80, 0, 0, 0.06%, 9, 0, 10, 338.86
1733870870, 31, 52, 80, 0, 0, 0.06%, 9, 0, 10, 341.45
1733870875, 31, 53, 80, 0, 0, 0.06%, 9, 0, 10, 335.02
1733870880, 31, 54, 80, 0, 0, 0.06%, 9, 0, 10, 356.71
1733870885, 31, 55, 80, 0, 0, 0.06%, 9, 0, 10, 339.27
1733870890, 31, 56, 80, 0, 0, 0.06%, 9, 0, 10, 374.36
1733870896, 31, 57, 80, 0, 0, 0.06%, 9, 0, 10, 342.24
1733870906, 31, 58, 80, 0, 0, 0.06%, 9, 0, 10, 393.44
1733870911, 31, 59, 80, 0, 0, 0.06%, 9, 0, 10, 337.35
1733870921, 31, 60, 80, 0, 0, 0.06%, 9, 0, 10, 394.66
1733870926, 31, 61, 80, 0, 0, 0.06%, 9, 0, 10, 306.54
1733870936, 31, 62, 80, 0, 0, 0.06%, 9, 0, 10, 386.65
1733870946, 31, 63, 80, 0, 0, 0.06%, 9, 0, 10, 341.52
1733870951, 31, 64, 80, 0, 0, 0.06%, 9, 0, 10, 396.38
1733870957, 31, 65, 80, 0, 0, 0.06%, 9, 0, 10, 355.90
1733870967, 31, 66, 80, 0, 0, 0.06%, 9, 0, 10, 390.19
1733870972, 31, 67, 80, 0, 0, 0.06%, 9, 0, 10, 355.07
1733870982, 31, 68, 80, 0, 0, 0.06%, 9, 0, 10, 391.92
1733870987, 31, 69, 80, 0, 0, 0.06%, 9, 0, 10, 335.38
1733870997, 31, 70, 80, 0, 0, 0.06%, 9, 0, 10, 317.20
1733871002, 31, 71, 80, 0, 0, 0.06%, 9, 0, 10, 350.40
1733871007, 31, 72, 80, 0, 0, 0.06%, 9, 0, 10, 325.13
1733871017, 31, 73, 80, 0, 0, 0.06%, 9, 0, 10, 363.27
1733871022, 31, 74, 80, 0, 0, 0.06%, 9, 0, 10, 338.87
1733871027, 31, 75, 80, 0, 0, 0.06%, 9, 0, 10, 314.67
1733871037, 31, 76, 80, 0, 0, 0.06%, 9, 0, 10, 351.32
1733871042, 31, 77, 80, 0, 0, 0.06%, 9, 0, 10, 322.06
1733871047, 31, 78, 80, 0, 0, 0.06%, 9, 0, 10, 325.61
1733871053, 31, 79, 80, 0, 0, 0.06%, 9, 0, 10, 352.67
1733871083, 32, 13, 80, 0, 0, 0.06%, 9, 0, 10, 304.86
1733871088, 32, 14, 80, 0, 0, 0.06%, 9, 0, 10, 327.45
1733871093, 32, 16, 80, 0, 0, 0.06%, 9, 0, 10, 298.48
1733871098, 32, 19, 80, 0, 0, 0.06%, 9, 0, 10, 289.28
1733871103, 32, 20, 80, 0, 0, 0.06%, 9, 0, 10, 291.50
1733871108, 32, 21, 80, 0, 0, 0.06%, 9, 0, 10, 298.60
1733871113, 32, 22, 80, 0, 0, 0.06%, 9, 0, 10, 324.70
1733871119, 32, 23, 80, 0, 0, 0.06%, 9, 0, 10, 326.46
1733871124, 32, 24, 80, 0, 0, 0.06%, 9, 0, 10, 290.80
1733871129, 32, 25, 80, 0, 0, 0.06%, 9, 0, 10, 316.03
1733871134, 32, 26, 80, 0, 0, 0.06%, 9, 0, 10, 289.81
1733871139, 32, 27, 80, 0, 0, 0.06%, 9, 0, 10, 284.65
1733871144, 32, 28, 80, 0, 0, 0.06%, 9, 0, 10, 320.04
1733871149, 32, 29, 80, 0, 0, 0.06%, 9, 0, 10, 301.34
1733871154, 32, 31, 80, 0, 0, 0.06%, 9, 0, 10, 285.68
1733871165, 32, 33, 80, 0, 0, 0.06%, 9, 0, 10, 291.10
1733871170, 32, 34, 80, 0, 0, 0.06%, 9, 0, 10, 354.43
1733871175, 32, 35, 80, 0, 0, 0.06%, 9, 0, 10, 355.43
1733871180, 32, 36, 80, 0, 0, 0.06%, 9, 0, 10, 334.08
1733871185, 32, 37, 80, 0, 0, 0.06%, 9, 0, 10, 348.86
1733871190, 32, 38, 80, 0, 0, 0.06%, 9, 0, 10, 334.46
1733871195, 32, 40, 80, 0, 0, 0.06%, 9, 0, 10, 343.22
1733871206, 32, 41, 80, 0, 0, 0.06%, 9, 0, 10, 345.73
1733871211, 32, 42, 80, 0, 0, 0.06%, 9, 0, 10, 369.95
1733871216, 32, 43, 80, 0, 0, 0.06%, 9, 0, 10, 326.90
1733871221, 32, 44, 80, 0, 0, 0.06%, 9, 0, 10, 371.93
1733871226, 32, 45, 80, 0, 0, 0.06%, 9, 0, 10, 331.89
1733871231, 32, 46, 80, 0, 0, 0.06%, 9, 0, 10, 334.72
1733871236, 32, 47, 80, 0, 0, 0.06%, 9, 0, 10, 352.75
1733871241, 32, 49, 80, 0, 0, 0.06%, 9, 0, 10, 335.27
1733871246, 32, 50, 80, 0, 0, 0.06%, 9, 0, 10, 313.74
1733871251, 32, 51, 80, 0, 0, 0.06%, 9, 0, 10, 340.59
1733871257, 32, 52, 80, 0, 0, 0.06%, 9, 0, 10, 334.51
1733871262, 32, 53, 80, 0, 0, 0.06%, 9, 0, 10, 320.97
1733871267, 32, 54, 80, 0, 0, 0.06%, 9, 0, 10, 325.29
1733871272, 32, 55, 80, 0, 0, 0.06%, 9, 0, 10, 354.14
1733871277, 32, 56, 80, 0, 0, 0.06%, 9, 0, 10, 385.75
1733871287, 32, 57, 80, 0, 0, 0.06%, 9, 0, 10, 344.38
1733871292, 32, 58, 80, 0, 0, 0.06%, 9, 0, 10, 379.23
1733871297, 32, 59, 80, 0, 0, 0.06%, 9, 0, 10, 364.34
1733871307, 32, 60, 80, 0, 0, 0.06%, 9, 0, 10, 384.79
1733871313, 32, 61, 80, 0, 0, 0.06%, 9, 0, 10, 347.91
1733871323, 32, 62, 80, 0, 0, 0.06%, 9, 0, 10, 388.84
1733871328, 32, 63, 80, 0, 0, 0.06%, 9, 0, 10, 347.93
1733871338, 32, 64, 80, 0, 0, 0.06%, 9, 0, 10, 379.38
1733871343, 32, 65, 80, 0, 0, 0.06%, 9, 0, 10, 381.83
1733871353, 32, 66, 80, 0, 0, 0.06%, 9, 0, 10, 353.04
1733871358, 32, 67, 80, 0, 0, 0.06%, 9, 0, 10, 339.65
1733871368, 32, 68, 80, 0, 0, 0.06%, 9, 0, 10, 351.38
1733871373, 32, 69, 80, 0, 0, 0.06%, 9, 0, 10, 320.71
1733871379, 32, 70, 80, 0, 0, 0.06%, 9, 0, 10, 320.60
1733871384, 32, 71, 80, 0, 0, 0.06%, 9, 0, 10, 342.89
1733871394, 32, 72, 80, 0, 0, 0.06%, 9, 0, 10, 384.95
1733871404, 32, 73, 80, 0, 0, 0.06%, 9, 0, 10, 334.56
1733871409, 32, 74, 80, 0, 0, 0.06%, 9, 0, 10, 331.08
1733871414, 32, 75, 80, 0, 0, 0.06%, 9, 0, 10, 288.99
1733871419, 32, 76, 80, 0, 0, 0.06%, 9, 0, 10, 317.64
1733871424, 32, 77, 80, 0, 0, 0.06%, 9, 0, 10, 338.19
1733871434, 32, 78, 80, 0, 0, 0.06%, 9, 0, 10, 348.83
1733871439, 32, 79, 80, 0, 0, 0.06%, 9, 0, 10, 381.76
1733871449, 33, 12, 80, 0, 0, 0.06%, 9, 0, 10, 364.59
1733871454, 33, 13, 80, 0, 0, 0.06%, 9, 0, 10, 317.58
1733871459, 33, 14, 80, 0, 0, 0.06%, 9, 0, 10, 301.53
1733871464, 33, 16, 80, 0, 0, 0.06%, 9, 0, 10, 287.37
1733871470, 33, 19, 80, 0, 0, 0.06%, 9, 0, 10, 277.95
1733871475, 33, 20, 80, 0, 0, 0.06%, 9, 0, 10, 281.64
1733871480, 33, 22, 80, 0, 0, 0.06%, 9, 0, 10, 301.67
1733871485, 33, 23, 80, 0, 0, 0.06%, 9, 0, 10, 346.85
1733871490, 33, 24, 80, 0, 0, 0.06%, 9, 0, 10, 290.99
1733871495, 33, 25, 80, 0, 0, 0.06%, 9, 0, 10, 331.48
1733871500, 33, 26, 80, 0, 0, 0.06%, 9, 0, 10, 313.05
1733871505, 33, 27, 80, 0, 0, 0.06%, 9, 0, 10, 298.67
1733871510, 33, 28, 80, 0, 0, 0.06%, 9, 0, 10, 332.79
1733871515, 33, 29, 80, 0, 0, 0.06%, 9, 0, 10, 331.50
1733871520, 33, 30, 80, 0, 0, 0.06%, 9, 0, 10, 320.34
1733871525, 33, 31, 80, 0, 0, 0.06%, 9, 0, 10, 309.32
1733871531, 33, 32, 80, 0, 0, 0.06%, 9, 0, 10, 302.06
1733871536, 33, 33, 80, 0, 0, 0.06%, 9, 0, 10, 324.30
1733871541, 33, 35, 80, 0, 0, 0.06%, 9, 0, 10, 328.12
1733871546, 33, 36, 80, 0, 0, 0.06%, 9, 0, 10, 363.74
1733871551, 33, 37, 80, 0, 0, 0.06%, 9, 0, 10, 356.96
1733871556, 33, 38, 80, 0, 0, 0.06%, 9, 0, 10, 362.33
1733871561, 33, 39, 80, 0, 0, 0.06%, 9, 0, 10, 336.58
1733871566, 33, 40, 80, 0, 0, 0.06%, 9, 0, 10, 356.46
1733871571, 33, 41, 80, 0, 0, 0.06%, 9, 0, 10, 371.11
1733871576, 33, 42, 80, 0, 0, 0.06%, 9, 0, 10, 346.27
1733871586, 33, 43, 80, 0, 0, 0.06%, 9, 0, 10, 333.18
1733871591, 33, 44, 80, 0, 0, 0.06%, 9, 0, 10, 306.25
1733871596, 33, 45, 80, 0, 0, 0.06%, 9, 0, 10, 302.63
1733871601, 33, 46, 80, 0, 0, 0.06%, 9, 0, 10, 323.13
1733871606, 33, 49, 80, 0, 0, 0.06%, 9, 0, 10, 316.44
1733871612, 33, 50, 80, 0, 0, 0.06%, 9, 0, 10, 336.24
1733871617, 33, 51, 80, 0, 0, 0.06%, 9, 0, 10, 314.35
1733871622, 33, 52, 80, 0, 0, 0.06%, 9, 0, 10, 312.96
1733871627, 33, 53, 80, 0, 0, 0.06%, 9, 0, 10, 365.37
1733871632, 33, 54, 80, 0, 0, 0.06%, 9, 0, 10, 322.35
1733871637, 33, 55, 80, 0, 0, 0.06%, 9, 0, 10, 350.65
1733871647, 33, 56, 80, 0, 0, 0.06%, 9, 0, 10, 374.74
1733871652, 33, 57, 80, 0, 0, 0.06%, 9, 0, 10, 378.68
1733871662, 33, 58, 80, 0, 0, 0.06%, 9, 0, 10, 364.40
1733871667, 33, 59, 80, 0, 0, 0.06%, 9, 0, 10, 370.68
1733871673, 33, 60, 80, 0, 0, 0.06%, 9, 0, 10, 305.99
1733871683, 33, 61, 80, 0, 0, 0.06%, 9, 0, 10, 324.02
1733871693, 33, 62, 80, 0, 0, 0.06%, 9, 0, 10, 374.57
1733871698, 33, 63, 80, 0, 0, 0.06%, 9, 0, 10, 333.62
1733871708, 33, 64, 80, 0, 0, 0.06%, 9, 0, 10, 374.61
1733871713, 33, 65, 80, 0, 0, 0.06%, 9, 0, 10, 353.71
1733871723, 33, 66, 80, 0, 0, 0.06%, 9, 0, 10, 361.14
1733871728, 33, 67, 80, 0, 0, 0.06%, 9, 0, 10, 304.46
1733871738, 33, 68, 80, 0, 0, 0.06%, 9, 0, 10, 379.29
1733871743, 33, 69, 80, 0, 0, 0.06%, 9, 0, 10, 315.09
1733871748, 33, 70, 80, 0, 0, 0.06%, 9, 0, 10, 335.65
1733871754, 33, 71, 80, 0, 0, 0.06%, 9, 0, 10, 323.91
1733871764, 33, 72, 80, 0, 0, 0.06%, 9, 0, 10, 389.81
1733871769, 33, 73, 80, 0, 0, 0.06%, 9, 0, 10, 321.66
1733871779, 33, 74, 80, 0, 0, 0.06%, 9, 0, 10, 316.23
1733871784, 33, 75, 80, 0, 0, 0.06%, 9, 0, 10, 305.27
1733871789, 33, 76, 80, 0, 0, 0.06%, 9, 0, 10, 295.90
1733871794, 33, 77, 80, 0, 0, 0.06%, 9, 0, 10, 321.68
1733871804, 33, 78, 80, 0, 0, 0.06%, 9, 0, 10, 328.10
1733871809, 33, 79, 80, 0, 0, 0.06%, 9, 0, 10, 382.56
1733871820, 34, 12, 80, 0, 0, 0.06%, 9, 0, 10, 322.41
1733871825, 34, 13, 80, 0, 0, 0.06%, 9, 0, 10, 303.23
1733871830, 34, 16, 80, 0, 0, 0.06%, 9, 0, 10, 310.08
1733871840, 34, 20, 80, 0, 0, 0.06%, 9, 0, 10, 287.22
1733871845, 34, 21, 80, 0, 0, 0.06%, 9, 0, 10, 294.99
1733871850, 34, 22, 80, 0, 0, 0.06%, 9, 0, 10, 334.10
1733871855, 34, 23, 80, 0, 0, 0.06%, 9, 0, 10, 326.93
1733871860, 34, 24, 80, 0, 0, 0.06%, 9, 0, 10, 292.63
1733871865, 34, 25, 80, 0, 0, 0.06%, 9, 0, 10, 313.29
1733871870, 34, 26, 80, 0, 0, 0.06%, 9, 0, 10, 311.09
1733871875, 34, 27, 80, 0, 0, 0.06%, 9, 0, 10, 288.61
1733871880, 34, 28, 80, 0, 0, 0.06%, 9, 0, 10, 326.01
1733871886, 34, 29, 80, 0, 0, 0.06%, 9, 0, 10, 297.62
1733871891, 34, 30, 80, 0, 0, 0.06%, 9, 0, 10, 296.04
1733871896, 34, 31, 80, 0, 0, 0.06%, 9, 0, 10, 290.07
1733871901, 34, 32, 80, 0, 0, 0.06%, 9, 0, 10, 294.03
1733871906, 34, 34, 80, 0, 0, 0.06%, 9, 0, 10, 314.63
1733871911, 34, 35, 80, 0, 0, 0.06%, 9, 0, 10, 337.92
1733871916, 34, 36, 80, 0, 0, 0.06%, 9, 0, 10, 344.26
1733871921, 34, 37, 80, 0, 0, 0.06%, 9, 0, 10, 348.00
1733871926, 34, 38, 80, 0, 0, 0.06%, 9, 0, 10, 353.60
1733871931, 34, 39, 80, 0, 0, 0.06%, 9, 0, 10, 334.39
1733871936, 34, 40, 80, 0, 0, 0.06%, 9, 0, 10, 351.45
1733871941, 34, 41, 80, 0, 0, 0.06%, 9, 0, 10, 378.31
1733871947, 34, 42, 80, 0, 0, 0.06%, 9, 0, 10, 299.72
1733871957, 34, 43, 80, 0, 0, 0.06%, 9, 0, 10, 336.87
1733871962, 34, 44, 80, 0, 0, 0.06%, 9, 0, 10, 323.07
1733871967, 34, 45, 80, 0, 0, 0.06%, 9, 0, 10, 301.33
1733871972, 34, 47, 80, 0, 0, 0.06%, 9, 0, 10, 327.40
1733871977, 34, 49, 80, 0, 0, 0.06%, 9, 0, 10, 337.79
1733871982, 34, 50, 80, 0, 0, 0.06%, 9, 0, 10, 340.65
1733871987, 34, 51, 80, 0, 0, 0.06%, 9, 0, 10, 305.95
1733871992, 34, 52, 80, 0, 0, 0.06%, 9, 0, 10, 320.75
1733872002, 34, 54, 80, 0, 0, 0.06%, 9, 0, 10, 313.54
1733872013, 34, 55, 80, 0, 0, 0.06%, 9, 0, 10, 325.07
1733872018, 34, 56, 80, 0, 0, 0.06%, 9, 0, 10, 388.08
1733872023, 34, 57, 80, 0, 0, 0.06%, 9, 0, 10, 347.25
1733872033, 34, 58, 80, 0, 0, 0.06%, 9, 0, 10, 368.00
1733872038, 34, 59, 80, 0, 0, 0.06%, 9, 0, 10, 370.72
1733872048, 34, 60, 80, 0, 0, 0.06%, 9, 0, 10, 379.59
1733872053, 34, 61, 80, 0, 0, 0.06%, 9, 0, 10, 344.75
1733872063, 34, 62, 80, 0, 0, 0.06%, 9, 0, 10, 376.55
1733872073, 34, 63, 80, 0, 0, 0.06%, 9, 0, 10, 345.56
1733872079, 34, 64, 80, 0, 0, 0.06%, 9, 0, 10, 341.20
1733872089, 34, 65, 80, 0, 0, 0.06%, 9, 0, 10, 343.33
1733872094, 34, 66, 80, 0, 0, 0.06%, 9, 0, 10, 348.98
1733872104, 34, 67, 80, 0, 0, 0.06%, 9, 0, 10, 386.00
1733872109, 34, 68, 80, 0, 0, 0.06%, 9, 0, 10, 337.07
1733872119, 34, 69, 80, 0, 0, 0.06%, 9, 0, 10, 324.40
1733872124, 34, 70, 80, 0, 0, 0.06%, 9, 0, 10, 343.86
1733872129, 34, 71, 80, 0, 0, 0.06%, 9, 0, 10, 356.88
1733872139, 34, 72, 80, 0, 0, 0.06%, 9, 0, 10, 352.99
1733872145, 34, 73, 80, 0, 0, 0.06%, 9, 0, 10, 349.87
1733872155, 34, 74, 80, 0, 0, 0.06%, 9, 0, 10, 314.60
1733872160, 34, 75, 80, 0, 0, 0.06%, 9, 0, 10, 308.79
1733872165, 34, 76, 80, 0, 0, 0.06%, 9, 0, 10, 330.69
1733872170, 34, 77, 80, 0, 0, 0.06%, 9, 0, 10, 343.06
1733872175, 34, 78, 80, 0, 0, 0.06%, 9, 0, 10, 354.68
1733872180, 34, 79, 80, 0, 0, 0.06%, 9, 0, 10, 317.13
1733872190, 35, 13, 80, 0, 0, 0.06%, 9, 0, 10, 298.95
1733872195, 35, 14, 80, 0, 0, 0.06%, 9, 0, 10, 332.26
1733872200, 35, 16, 80, 0, 0, 0.06%, 9, 0, 10, 300.11
1733872205, 35, 19, 80, 0, 0, 0.06%, 9, 0, 10, 293.97
1733872210, 35, 20, 80, 0, 0, 0.06%, 9, 0, 10, 300.23
1733872215, 35, 21, 80, 0, 0, 0.06%, 9, 0, 10, 289.67
1733872220, 35, 22, 80, 0, 0, 0.06%, 9, 0, 10, 323.53
1733872226, 35, 23, 80, 0, 0, 0.06%, 9, 0, 10, 312.08
1733872231, 35, 24, 80, 0, 0, 0.06%, 9, 0, 10, 282.89
1733872236, 35, 26, 80, 0, 0, 0.06%, 9, 0, 10, 301.53
1733872246, 35, 27, 80, 0, 0, 0.06%, 9, 0, 10, 292.35
1733872251, 35, 29, 80, 0, 0, 0.06%, 9, 0, 10, 322.09
1733872256, 35, 30, 80, 0, 0, 0.06%, 9, 0, 10, 344.60
1733872261, 35, 31, 80, 0, 0, 0.06%, 9, 0, 10, 287.45
1733872266, 35, 32, 80, 0, 0, 0.06%, 9, 0, 10, 307.22
1733872271, 35, 33, 80, 0, 0, 0.06%, 9, 0, 10, 355.47
1733872276, 35, 34, 80, 0, 0, 0.06%, 9, 0, 10, 358.29
1733872281, 35, 35, 80, 0, 0, 0.06%, 9, 0, 10, 353.90
1733872286, 35, 36, 80, 0, 0, 0.06%, 9, 0, 10, 344.39
1733872291, 35, 37, 80, 0, 0, 0.06%, 9, 0, 10, 315.46
1733872296, 35, 38, 80, 0, 0, 0.06%, 9, 0, 10, 300.48
1733872301, 35, 39, 80, 0, 0, 0.06%, 9, 0, 10, 320.77
1733872306, 35, 40, 80, 0, 0, 0.06%, 9, 0, 10, 323.75
1733872312, 35, 41, 80, 0, 0, 0.06%, 9, 0, 10, 346.59
1733872317, 35, 42, 80, 0, 0, 0.06%, 9, 0, 10, 385.54
1733872322, 35, 43, 80, 0, 0, 0.06%, 9, 0, 10, 335.08
1733872327, 35, 44, 80, 0, 0, 0.06%, 9, 0, 10, 344.47
1733872332, 35, 45, 80, 0, 0, 0.06%, 9, 0, 10, 346.67
1733872337, 35, 46, 80, 0, 0, 0.06%, 9, 0, 10, 355.75
1733872342, 35, 47, 80, 0, 0, 0.06%, 9, 0, 10, 346.42
1733872347, 35, 49, 80, 0, 0, 0.06%, 9, 0, 10, 342.47
1733872352, 35, 50, 80, 0, 0, 0.06%, 9, 0, 10, 334.53
1733872357, 35, 51, 80, 0, 0, 0.06%, 9, 0, 10, 352.48
1733872362, 35, 52, 80, 0, 0, 0.06%, 9, 0, 10, 350.31
1733872367, 35, 53, 80, 0, 0, 0.06%, 9, 0, 10, 336.23
1733872372, 35, 54, 80, 0, 0, 0.06%, 9, 0, 10, 336.96
1733872377, 35, 55, 80, 0, 0, 0.06%, 9, 0, 10, 347.99
1733872387, 35, 56, 80, 0, 0, 0.06%, 9, 0, 10, 356.16
1733872392, 35, 57, 80, 0, 0, 0.06%, 9, 0, 10, 382.47
1733872397, 35, 58, 80, 0, 0, 0.06%, 9, 0, 10, 385.04
1733872408, 35, 59, 80, 0, 0, 0.06%, 9, 0, 10, 357.95
1733872413, 35, 60, 80, 0, 0, 0.06%, 9, 0, 10, 312.49
1733872423, 35, 61, 80, 0, 0, 0.06%, 9, 0, 10, 373.06
1733872433, 35, 62, 80, 0, 0, 0.06%, 9, 0, 10, 365.19
1733872438, 35, 63, 80, 0, 0, 0.06%, 9, 0, 10, 372.03
1733872443, 35, 64, 80, 0, 0, 0.06%, 9, 0, 10, 369.49
1733872453, 35, 65, 80, 0, 0, 0.06%, 9, 0, 10, 389.13
1733872458, 35, 66, 80, 0, 0, 0.06%, 9, 0, 10, 345.09
1733872469, 35, 67, 80, 0, 0, 0.06%, 9, 0, 10, 411.82
1733872474, 35, 68, 80, 0, 0, 0.06%, 9, 0, 10, 336.62
1733872484, 35, 69, 80, 0, 0, 0.06%, 9, 0, 10, 346.41
1733872489, 35, 70, 80, 0, 0, 0.06%, 9, 0, 10, 360.34
1733872494, 35, 71, 80, 0, 0, 0.06%, 9, 0, 10, 379.96
1733872504, 35, 72, 80, 0, 0, 0.06%, 9, 0, 10, 348.35
1733872509, 35, 73, 80, 0, 0, 0.06%, 9, 0, 10, 362.63
1733872519, 35, 74, 80, 0, 0, 0.06%, 9, 0, 10, 310.61
1733872524, 35, 75, 80, 0, 0, 0.06%, 9, 0, 10, 306.46
1733872530, 35, 76, 80, 0, 0, 0.06%, 9, 0, 10, 326.43
1733872535, 35, 77, 80, 0, 0, 0.06%, 9, 0, 10, 332.37
1733872540, 35, 78, 80, 0, 0, 0.06%, 9, 0, 10, 329.02
1733872545, 35, 79, 80, 0, 0, 0.06%, 9, 0, 10, 308.47
1733872555, 36, 13, 80, 0, 0, 0.06%, 9, 0, 10, 318.24
1733872560, 36, 14, 80, 0, 0, 0.06%, 9, 0, 10, 325.32
1733872565, 36, 16, 80, 0, 0, 0.06%, 9, 0, 10, 281.20
1733872570, 36, 19, 80, 0, 0, 0.06%, 9, 0, 10, 284.30
1733872576, 36, 20, 80, 0, 0, 0.06%, 9, 0, 10, 278.61
1733872581, 36, 21, 80, 0, 0, 0.06%, 9, 0, 10, 295.90
1733872586, 36, 22, 80, 0, 0, 0.06%, 9, 0, 10, 311.37
1733872591, 36, 23, 80, 0, 0, 0.06%, 9, 0, 10, 314.50
1733872596, 36, 24, 80, 0, 0, 0.06%, 9, 0, 10, 266.54
1733872601, 36, 25, 80, 0, 0, 0.06%, 9, 0, 10, 302.64
1733872606, 36, 26, 80, 0, 0, 0.06%, 9, 0, 10, 288.19
1733872611, 36, 27, 80, 0, 0, 0.06%, 9, 0, 10, 298.44
1733872616, 36, 29, 80, 0, 0, 0.06%, 9, 0, 10, 318.93
1733872621, 36, 30, 80, 0, 0, 0.06%, 9, 0, 10, 312.65
1733872626, 36, 31, 80, 0, 0, 0.06%, 9, 0, 10, 292.18
1733872631, 36, 32, 80, 0, 0, 0.06%, 9, 0, 10, 291.05
1733872641, 36, 34, 80, 0, 0, 0.06%, 9, 0, 10, 342.73
1733872646, 36, 35, 80, 0, 0, 0.06%, 9, 0, 10, 366.05
1733872651, 36, 36, 80, 0, 0, 0.06%, 9, 0, 10, 350.28
1733872657, 36, 37, 80, 0, 0, 0.06%, 9, 0, 10, 353.07
1733872662, 36, 38, 80, 0, 0, 0.06%, 9, 0, 10, 342.87
1733872667, 36, 39, 80, 0, 0, 0.06%, 9, 0, 10, 324.12
1733872672, 36, 40, 80, 0, 0, 0.06%, 9, 0, 10, 314.93
1733872677, 36, 41, 80, 0, 0, 0.06%, 9, 0, 10, 359.38
1733872682, 36, 42, 80, 0, 0, 0.06%, 9, 0, 10, 311.76
1733872692, 36, 43, 80, 0, 0, 0.06%, 9, 0, 10, 343.61
1733872697, 36, 44, 80, 0, 0, 0.06%, 9, 0, 10, 327.29
1733872702, 36, 46, 80, 0, 0, 0.06%, 9, 0, 10, 319.12
1733872707, 36, 47, 80, 0, 0, 0.06%, 9, 0, 10, 354.73
1733872712, 36, 49, 80, 0, 0, 0.06%, 9, 0, 10, 341.07
1733872717, 36, 50, 80, 0, 0, 0.06%, 9, 0, 10, 348.54
1733872722, 36, 51, 80, 0, 0, 0.06%, 9, 0, 10, 320.06
1733872727, 36, 52, 80, 0, 0, 0.06%, 9, 0, 10, 303.97
1733872733, 36, 53, 80, 0, 0, 0.06%, 9, 0, 10, 300.15
1733872738, 36, 54, 80, 0, 0, 0.06%, 9, 0, 10, 307.87
1733872743, 36, 55, 80, 0, 0, 0.06%, 9, 0, 10, 345.13
1733872753, 36, 56, 80, 0, 0, 0.06%, 9, 0, 10, 368.89
1733872758, 36, 57, 80, 0, 0, 0.06%, 9, 0, 10, 314.68
1733872768, 36, 58, 80, 0, 0, 0.06%, 9, 0, 10, 377.47
1733872773, 36, 59, 80, 0, 0, 0.06%, 9, 0, 10, 362.34
1733872783, 36, 60, 80, 0, 0, 0.06%, 9, 0, 10, 364.16
1733872788, 36, 61, 80, 0, 0, 0.06%, 9, 0, 10, 332.71
1733872799, 36, 62, 80, 0, 0, 0.06%, 9, 0, 10, 385.17
1733872804, 36, 63, 80, 0, 0, 0.06%, 9, 0, 10, 335.65
1733872814, 36, 64, 80, 0, 0, 0.06%, 9, 0, 10, 375.82
1733872824, 36, 65, 80, 0, 0, 0.06%, 9, 0, 10, 344.66
1733872829, 36, 66, 80, 0, 0, 0.06%, 9, 0, 10, 392.32
1733872834, 36, 67, 80, 0, 0, 0.06%, 9, 0, 10, 360.33
1733872844, 36, 68, 80, 0, 0, 0.06%, 9, 0, 10, 383.10
1733872854, 36, 69, 80, 0, 0, 0.06%, 9, 0, 10, 317.48
1733872859, 36, 70, 80, 0, 0, 0.06%, 9, 0, 10, 335.06
1733872865, 36, 71, 80, 0, 0, 0.06%, 9, 0, 10, 369.17
1733872870, 36, 72, 80, 0, 0, 0.06%, 9, 0, 10, 337.47
1733872880, 36, 73, 80, 0, 0, 0.06%, 9, 0, 10, 349.77
1733872885, 36, 74, 80, 0, 0, 0.06%, 9, 0, 10, 322.86
1733872895, 36, 75, 80, 0, 0, 0.06%, 9, 0, 10, 294.46
1733872900, 36, 76, 80, 0, 0, 0.06%, 9, 0, 10, 317.47
1733872905, 36, 77, 80, 0, 0, 0.06%, 9, 0, 10, 348.13
1733872910, 36, 78, 80, 0, 0, 0.06%, 9, 0, 10, 347.66
1733872915, 36, 79, 80, 0, 0, 0.06%, 9, 0, 10, 355.46
1733872925, 37, 13, 80, 0, 0, 0.06%, 9, 0, 10, 299.34
1733872930, 37, 14, 80, 0, 0, 0.06%, 9, 0, 10, 326.76
1733872936, 37, 16, 80, 0, 0, 0.06%, 9, 0, 10, 306.34
1733872941, 37, 19, 80, 0, 0, 0.06%, 9, 0, 10, 290.39
1733872946, 37, 20, 80, 0, 0, 0.06%, 9, 0, 10, 288.55
1733872951, 37, 21, 80, 0, 0, 0.06%, 9, 0, 10, 298.80
1733872956, 37, 22, 80, 0, 0, 0.06%, 9, 0, 10, 300.22
1733872961, 37, 23, 80, 0, 0, 0.06%, 9, 0, 10, 307.84
1733872966, 37, 24, 80, 0, 0, 0.06%, 9, 0, 10, 280.72
1733872971, 37, 25, 80, 0, 0, 0.06%, 9, 0, 10, 312.25
1733872976, 37, 26, 80, 0, 0, 0.06%, 9, 0, 10, 289.73
1733872981, 37, 27, 80, 0, 0, 0.06%, 9, 0, 10, 278.62
1733872987, 37, 28, 80, 0, 0, 0.06%, 9, 0, 10, 296.52
1733872992, 37, 29, 80, 0, 0, 0.06%, 9, 0, 10, 320.12
1733872997, 37, 31, 80, 0, 0, 0.06%, 9, 0, 10, 303.28
1733873007, 37, 33, 80, 0, 0, 0.06%, 9, 0, 10, 299.70
1733873012, 37, 34, 80, 0, 0, 0.06%, 9, 0, 10, 351.06
1733873017, 37, 35, 80, 0, 0, 0.06%, 9, 0, 10, 361.56
1733873022, 37, 36, 80, 0, 0, 0.06%, 9, 0, 10, 341.09
1733873027, 37, 37, 80, 0, 0, 0.06%, 9, 0, 10, 335.51
1733873032, 37, 38, 80, 0, 0, 0.06%, 9, 0, 10, 325.66
1733873037, 37, 39, 80, 0, 0, 0.06%, 9, 0, 10, 313.48
1733873042, 37, 40, 80, 0, 0, 0.06%, 9, 0, 10, 321.30
1733873047, 37, 41, 80, 0, 0, 0.06%, 9, 0, 10, 356.12
1733873057, 37, 42, 80, 0, 0, 0.06%, 9, 0, 10, 315.33
1733873063, 37, 43, 80, 0, 0, 0.06%, 9, 0, 10, 318.56
1733873068, 37, 44, 80, 0, 0, 0.06%, 9, 0, 10, 315.00
1733873073, 37, 45, 80, 0, 0, 0.06%, 9, 0, 10, 318.50
1733873078, 37, 46, 80, 0, 0, 0.06%, 9, 0, 10, 316.62
1733873083, 37, 47, 80, 0, 0, 0.06%, 9, 0, 10, 327.23
1733873088, 37, 49, 80, 0, 0, 0.06%, 9, 0, 10, 333.00
1733873093, 37, 50, 80, 0, 0, 0.06%, 9, 0, 10, 315.57
1733873098, 37, 51, 80, 0, 0, 0.06%, 9, 0, 10, 333.79
1733873103, 37, 52, 80, 0, 0, 0.06%, 9, 0, 10, 329.55
1733873108, 37, 53, 80, 0, 0, 0.06%, 9, 0, 10, 337.92
1733873113, 37, 54, 80, 0, 0, 0.06%, 9, 0, 10, 345.17
1733873118, 37, 55, 80, 0, 0, 0.06%, 9, 0, 10, 353.23
1733873123, 37, 56, 80, 0, 0, 0.06%, 9, 0, 10, 342.59
1733873133, 37, 57, 80, 0, 0, 0.06%, 9, 0, 10, 351.46
1733873139, 37, 58, 80, 0, 0, 0.06%, 9, 0, 10, 350.16
1733873149, 37, 59, 80, 0, 0, 0.06%, 9, 0, 10, 338.99
1733873154, 37, 60, 80, 0, 0, 0.06%, 9, 0, 10, 306.22
1733873164, 37, 61, 80, 0, 0, 0.06%, 9, 0, 10, 376.29
1733873169, 37, 62, 80, 0, 0, 0.06%, 9, 0, 10, 347.85
1733873179, 37, 63, 80, 0, 0, 0.06%, 9, 0, 10, 373.62
1733873184, 37, 64, 80, 0, 0, 0.06%, 9, 0, 10, 358.07
1733873195, 37, 65, 80, 0, 0, 0.06%, 9, 0, 10, 358.87
1733873200, 37, 66, 80, 0, 0, 0.06%, 9, 0, 10, 298.32
1733873210, 37, 67, 80, 0, 0, 0.06%, 9, 0, 10, 326.38
1733873220, 37, 68, 80, 0, 0, 0.06%, 9, 0, 10, 353.48
1733873225, 37, 69, 80, 0, 0, 0.06%, 9, 0, 10, 297.49
1733873230, 37, 70, 80, 0, 0, 0.06%, 9, 0, 10, 315.53
1733873235, 37, 71, 80, 0, 0, 0.06%, 9, 0, 10, 324.22
1733873245, 37, 72, 80, 0, 0, 0.06%, 9, 0, 10, 399.17
1733873250, 37, 73, 80, 0, 0, 0.06%, 9, 0, 10, 338.76
1733873260, 37, 74, 80, 0, 0, 0.06%, 9, 0, 10, 327.86
1733873265, 37, 75, 80, 0, 0, 0.06%, 9, 0, 10, 320.98
1733873271, 37, 76, 80, 0, 0, 0.06%, 9, 0, 10, 311.55
1733873276, 37, 77, 80, 0, 0, 0.06%, 9, 0, 10, 310.57
1733873286, 37, 78, 80, 0, 0, 0.06%, 9, 0, 10, 323.63
1733873291, 37, 79, 80, 0, 0, 0.06%, 9, 0, 10, 332.71
1733873296, 38, 12, 80, 0, 0, 0.06%, 9, 0, 10, 334.90
1733873301, 38, 13, 80, 0, 0, 0.06%, 9, 0, 10, 288.10
1733873306, 38, 14, 80, 0, 0, 0.06%, 9, 0, 10, 302.74
1733873311, 38, 16, 80, 0, 0, 0.06%, 9, 0, 10, 298.27
1733873316, 38, 20, 80, 0, 0, 0.06%, 9, 0, 10, 301.82
1733873321, 38, 21, 80, 0, 0, 0.06%, 9, 0, 10, 299.83
1733873326, 38, 22, 80, 0, 0, 0.06%, 9, 0, 10, 333.86
1733873331, 38, 23, 80, 0, 0, 0.06%, 9, 0, 10, 347.93
1733873336, 38, 24, 80, 0, 0, 0.06%, 9, 0, 10, 298.12
1733873341, 38, 25, 80, 0, 0, 0.06%, 9, 0, 10, 329.14
1733873347, 38, 26, 80, 0, 0, 0.06%, 9, 0, 10, 298.79
1733873352, 38, 27, 80, 0, 0, 0.06%, 9, 0, 10, 297.03
1733873357, 38, 28, 80, 0, 0, 0.06%, 9, 0, 10, 331.43
1733873362, 38, 29, 80, 0, 0, 0.06%, 9, 0, 10, 320.02
1733873367, 38, 30, 80, 0, 0, 0.06%, 9, 0, 10, 320.88
1733873372, 38, 31, 80, 0, 0, 0.06%, 9, 0, 10, 295.17
1733873377, 38, 32, 80, 0, 0, 0.06%, 9, 0, 10, 289.17
1733873382, 38, 33, 80, 0, 0, 0.06%, 9, 0, 10, 312.45
1733873387, 38, 34, 80, 0, 0, 0.06%, 9, 0, 10, 312.08
1733873393, 38, 35, 80, 0, 0, 0.06%, 9, 0, 10, 313.61
1733873398, 38, 36, 80, 0, 0, 0.06%, 9, 0, 10, 321.57
1733873403, 38, 38, 80, 0, 0, 0.06%, 9, 0, 10, 349.61
1733873408, 38, 39, 80, 0, 0, 0.06%, 9, 0, 10, 344.50
1733873413, 38, 40, 80, 0, 0, 0.06%, 9, 0, 10, 354.92
1733873423, 38, 41, 80, 0, 0, 0.06%, 9, 0, 10, 320.76
1733873428, 38, 42, 80, 0, 0, 0.06%, 9, 0, 10, 356.08
1733873433, 38, 43, 80, 0, 0, 0.06%, 9, 0, 10, 356.70
1733873438, 38, 44, 80, 0, 0, 0.06%, 9, 0, 10, 364.91
1733873443, 38, 45, 80, 0, 0, 0.06%, 9, 0, 10, 341.37
1733873448, 38, 46, 80, 0, 0, 0.06%, 9, 0, 10, 339.88
1733873453, 38, 47, 80, 0, 0, 0.06%, 9, 0, 10, 342.63
1733873458, 38, 49, 80, 0, 0, 0.06%, 9, 0, 10, 336.30
1733873464, 38, 50, 80, 0, 0, 0.06%, 9, 0, 10, 320.35
1733873469, 38, 51, 80, 0, 0, 0.06%, 9, 0, 10, 331.31
1733873474, 38, 52, 80, 0, 0, 0.06%, 9, 0, 10, 341.91
1733873479, 38, 53, 80, 0, 0, 0.06%, 9, 0, 10, 344.01
1733873484, 38, 54, 80, 0, 0, 0.06%, 9, 0, 10, 347.29
1733873489, 38, 55, 80, 0, 0, 0.06%, 9, 0, 10, 329.35
1733873494, 38, 56, 80, 0, 0, 0.06%, 9, 0, 10, 339.48
1733873504, 38, 57, 80, 0, 0, 0.06%, 9, 0, 10, 366.63
1733873509, 38, 58, 80, 0, 0, 0.06%, 9, 0, 10, 355.06
1733873519, 38, 59, 80, 0, 0, 0.06%, 9, 0, 10, 355.63
1733873524, 38, 60, 80, 0, 0, 0.06%, 9, 0, 10, 297.53
1733873535, 38, 61, 80, 0, 0, 0.06%, 9, 0, 10, 349.36
1733873545, 38, 62, 80, 0, 0, 0.06%, 9, 0, 10, 358.26
1733873550, 38, 63, 80, 0, 0, 0.06%, 9, 0, 10, 394.37
1733873560, 38, 64, 80, 0, 0, 0.06%, 9, 0, 10, 332.98
1733873565, 38, 65, 80, 0, 0, 0.06%, 9, 0, 10, 386.91
1733873570, 38, 66, 80, 0, 0, 0.06%, 9, 0, 10, 342.44
1733873580, 38, 67, 80, 0, 0, 0.06%, 9, 0, 10, 343.33
1733873590, 38, 68, 80, 0, 0, 0.06%, 9, 0, 10, 355.65
1733873595, 38, 69, 80, 0, 0, 0.06%, 9, 0, 10, 345.96
1733873600, 38, 70, 80, 0, 0, 0.06%, 9, 0, 10, 329.62
1733873606, 38, 71, 80, 0, 0, 0.06%, 9, 0, 10, 306.49
1733873616, 38, 72, 80, 0, 0, 0.06%, 9, 0, 10, 363.74
1733873621, 38, 73, 80, 0, 0, 0.06%, 9, 0, 10, 339.27
1733873631, 38, 74, 80, 0, 0, 0.06%, 9, 0, 10, 312.43
1733873636, 38, 75, 80, 0, 0, 0.06%, 9, 0, 10, 312.41
1733873641, 38, 76, 80, 0, 0, 0.06%, 9, 0, 10, 330.65
1733873646, 38, 77, 80, 0, 0, 0.06%, 9, 0, 10, 325.16
1733873651, 38, 78, 80, 0, 0, 0.06%, 9, 0, 10, 297.51
1733873656, 38, 79, 80, 0, 0, 0.06%, 9, 0, 10, 344.08
1733873666, 39, 13, 80, 0, 0, 0.06%, 9, 0, 10, 307.91
1733873671, 39, 14, 80, 0, 0, 0.06%, 9, 0, 10, 317.89
1733873676, 39, 16, 80, 0, 0, 0.06%, 9, 0, 10, 276.81
1733873682, 39, 19, 80, 0, 0, 0.06%, 9, 0, 10, 285.84
1733873687, 39, 20, 80, 0, 0, 0.06%, 9, 0, 10, 291.78
1733873692, 39, 21, 80, 0, 0, 0.06%, 9, 0, 10, 309.46
1733873697, 39, 22, 80, 0, 0, 0.06%, 9, 0, 10, 319.30
1733873702, 39, 23, 80, 0, 0, 0.06%, 9, 0, 10, 331.46
1733873707, 39, 24, 80, 0, 0, 0.06%, 9, 0, 10, 299.59
1733873713, 39, 25, 80, 0, 0, 0.06%, 9, 0, 10, 321.03
1733873718, 39, 26, 80, 0, 0, 0.06%, 9, 0, 10, 290.17
1733873723, 39, 27, 80, 0, 0, 0.06%, 9, 0, 10, 273.93
1733873728, 39, 28, 80, 0, 0, 0.06%, 9, 0, 10, 329.90
1733873733, 39, 29, 80, 0, 0, 0.06%, 9, 0, 10, 320.20
1733873738, 39, 30, 80, 0, 0, 0.06%, 9, 0, 10, 322.39
1733873743, 39, 31, 80, 0, 0, 0.06%, 9, 0, 10, 294.26
1733873748, 39, 32, 80, 0, 0, 0.06%, 9, 0, 10, 298.19
1733873753, 39, 33, 80, 0, 0, 0.06%, 9, 0, 10, 338.70
1733873758, 39, 35, 80, 0, 0, 0.06%, 9, 0, 10, 340.26
1733873763, 39, 36, 80, 0, 0, 0.06%, 9, 0, 10, 359.38
1733873768, 39, 37, 80, 0, 0, 0.06%, 9, 0, 10, 348.96
1733873773, 39, 38, 80, 0, 0, 0.06%, 9, 0, 10, 360.58
1733873778, 39, 39, 80, 0, 0, 0.06%, 9, 0, 10, 347.65
1733873783, 39, 40, 80, 0, 0, 0.06%, 9, 0, 10, 336.07
1733873788, 39, 41, 80, 0, 0, 0.06%, 9, 0, 10, 377.64
1733873793, 39, 42, 80, 0, 0, 0.06%, 9, 0, 10, 344.09
1733873804, 39, 43, 80, 0, 0, 0.06%, 9, 0, 10, 325.80
1733873809, 39, 44, 80, 0, 0, 0.06%, 9, 0, 10, 306.11
1733873814, 39, 46, 80, 0, 0, 0.06%, 9, 0, 10, 308.74
1733873819, 39, 47, 80, 0, 0, 0.06%, 9, 0, 10, 304.61
1733873824, 39, 49, 80, 0, 0, 0.06%, 9, 0, 10, 336.26
1733873829, 39, 50, 80, 0, 0, 0.06%, 9, 0, 10, 312.80
1733873834, 39, 51, 80, 0, 0, 0.06%, 9, 0, 10, 292.13
1733873839, 39, 52, 80, 0, 0, 0.06%, 9, 0, 10, 324.08
1733873844, 39, 53, 80, 0, 0, 0.06%, 9, 0, 10, 324.21
1733873849, 39, 54, 80, 0, 0, 0.06%, 9, 0, 10, 308.33
1733873854, 39, 55, 80, 0, 0, 0.06%, 9, 0, 10, 364.94
1733873864, 39, 56, 80, 0, 0, 0.06%, 9, 0, 10, 363.99
1733873869, 39, 57, 80, 0, 0, 0.06%, 9, 0, 10, 368.99
1733873880, 39, 58, 80, 0, 0, 0.06%, 9, 0, 10, 344.93
1733873885, 39, 59, 80, 0, 0, 0.06%, 9, 0, 10, 398.28
1733873890, 39, 60, 80, 0, 0, 0.06%, 9, 0, 10, 345.85
1733873900, 39, 61, 80, 0, 0, 0.06%, 9, 0, 10, 303.14
1733873910, 39, 63, 80, 0, 0, 0.06%, 9, 0, 10, 376.04
1733873915, 39, 64, 80, 0, 0, 0.06%, 9, 0, 10, 328.52
1733873925, 39, 65, 80, 0, 0, 0.06%, 9, 0, 10, 377.29
1733873930, 39, 66, 80, 0, 0, 0.06%, 9, 0, 10, 317.83
1733873940, 39, 67, 80, 0, 0, 0.06%, 9, 0, 10, 342.25
1733873950, 39, 69, 80, 0, 0, 0.06%, 9, 0, 10, 345.14
1733873956, 39, 70, 80, 0, 0, 0.06%, 9, 0, 10, 322.93
1733873961, 39, 71, 80, 0, 0, 0.06%, 9, 0, 10, 384.23
1733873971, 39, 72, 80, 0, 0, 0.06%, 9, 0, 10, 366.28
1733873976, 39, 73, 80, 0, 0, 0.06%, 9, 0, 10, 393.37
1733873981, 39, 74, 80, 0, 0, 0.06%, 9, 0, 10, 347.82
1733873991, 39, 75, 80, 0, 0, 0.06%, 9, 0, 10, 312.22
1733873996, 39, 76, 80, 0, 0, 0.06%, 9, 0, 10, 332.07
1733874001, 39, 77, 80, 0, 0, 0.06%, 9, 0, 10, 350.77
1733874006, 39, 79, 80, 0, 0, 0.06%, 9, 0, 10, 353.70
1733874016, 40, 13, 80, 0, 0, 0.06%, 9, 0, 10, 301.00
1733874022, 40, 14, 80, 0, 0, 0.06%, 9, 0, 10, 320.26
1733874027, 40, 16, 80, 0, 0, 0.06%, 9, 0, 10, 291.35
1733874032, 40, 19, 80, 0, 0, 0.06%, 9, 0, 10, 290.56
1733874037, 40, 21, 80, 0, 0, 0.06%, 9, 0, 10, 290.75
1733874042, 40, 27, 80, 0, 0, 0.06%, 9, 0, 10, 285.20
1733874047, 40, 28, 80, 0, 0, 0.06%, 9, 0, 10, 311.57
1733874052, 40, 29, 80, 0, 0, 0.06%, 9, 0, 10, 308.37
1733874057, 40, 30, 80, 0, 0, 0.06%, 9, 0, 10, 299.85
1733874062, 40, 34, 80, 0, 0, 0.06%, 9, 0, 10, 20.52
1733874067, 40, 35, 80, 0, 0, 0.06%, 9, 0, 10, 330.33
1733874072, 40, 40, 80, 0, 0, 0.06%, 9, 0, 10, 350.32
1733874077, 40, 43, 80, 0, 0, 0.06%, 9, 0, 10, 358.30
1733874082, 40, 44, 80, 0, 0, 0.06%, 9, 0, 10, 349.96
1733874087, 40, 45, 80, 0, 0, 0.06%, 9, 0, 10, 314.54
1733874093, 40, 46, 80, 0, 0, 0.06%, 9, 0, 10, 325.64
1733874098, 40, 47, 80, 0, 0, 0.06%, 9, 0, 10, 322.36
1733874103, 40, 49, 80, 0, 0, 0.06%, 9, 0, 10, 326.03
1733874108, 40, 50, 80, 0, 0, 0.06%, 9, 0, 10, 319.38
1733874113, 40, 51, 80, 0, 0, 0.06%, 9, 0, 10, 324.13
1733874118, 40, 52, 80, 0, 0, 0.06%, 9, 0, 10, 340.61
1733874123, 40, 53, 80, 0, 0, 0.06%, 9, 0, 10, 320.26
1733874128, 40, 54, 80, 0, 0, 0.06%, 9, 0, 10, 346.86
1733874133, 40, 55, 80, 0, 0, 0.06%, 9, 0, 10, 351.46
1733874138, 40, 57, 80, 0, 0, 0.06%, 9, 0, 10, 394.99
1733874143, 40, 58, 80, 0, 0, 0.06%, 9, 0, 10, 343.37
1733874153, 40, 59, 80, 0, 0, 0.06%, 9, 0, 10, 385.95
1733874159, 40, 60, 80, 0, 0, 0.06%, 9, 0, 10, 300.51
1733874169, 40, 61, 80, 0, 0, 0.06%, 9, 0, 10, 369.21
1733874179, 40, 63, 80, 0, 0, 0.06%, 9, 0, 10, 352.36
1733874184, 40, 64, 80, 0, 0, 0.06%, 9, 0, 10, 380.27
1733874194, 40, 65, 80, 0, 0, 0.06%, 9, 0, 10, 352.05
1733874199, 40, 66, 80, 0, 0, 0.06%, 9, 0, 10, 303.42
1733874209, 40, 67, 80, 0, 0, 0.06%, 9, 0, 10, 390.78
1733874214, 40, 69, 80, 0, 0, 0.06%, 9, 0, 10, 334.38
1733874219, 40, 70, 80, 0, 0, 0.06%, 9, 0, 10, 331.46
1733874225, 40, 71, 80, 0, 0, 0.06%, 9, 0, 10, 343.43
1733874235, 40, 72, 80, 0, 0, 0.06%, 9, 0, 10, 391.87
1733874240, 40, 73, 80, 0, 0, 0.06%, 9, 0, 10, 320.97
1733874250, 40, 74, 80, 0, 0, 0.06%, 9, 0, 10, 329.09
1733874255, 40, 75, 80, 0, 0, 0.06%, 9, 0, 10, 312.60
1733874260, 40, 76, 80, 0, 0, 0.06%, 9, 0, 10, 301.25
1733874265, 40, 77, 80, 0, 0, 0.06%, 9, 0, 10, 322.02
1733874275, 40, 79, 80, 0, 0, 0.06%, 9, 0, 10, 337.70
1733874280, 41, 12, 80, 0, 0, 0.06%, 9, 0, 10, 324.02
1733874285, 41, 14, 80, 0, 0, 0.06%, 9, 0, 10, 314.65
1733874290, 41, 16, 80, 0, 0, 0.06%, 9, 0, 10, 321.41
1733874295, 41, 19, 80, 0, 0, 0.06%, 9, 0, 10, 285.05
1733874300, 41, 21, 80, 0, 0, 0.06%, 9, 0, 10, 307.83
1733874305, 41, 27, 80, 0, 0, 0.06%, 9, 0, 10, 292.02
1733874310, 41, 28, 80, 0, 0, 0.06%, 9, 0, 10, 299.90
1733874315, 41, 29, 80, 0, 0, 0.06%, 9, 0, 10, 323.74
1733874320, 41, 30, 80, 0, 0, 0.06%, 9, 0, 10, 334.69
1733874325, 41, 34, 80, 0, 0, 0.06%, 9, 0, 10, 344.99
1733874330, 41, 35, 80, 0, 0, 0.06%, 9, 0, 10, 321.74
1733874335, 41, 40, 80, 0, 0, 0.06%, 9, 0, 10, 331.28
1733874340, 41, 43, 80, 0, 0, 0.06%, 9, 0, 10, 340.04
1733874345, 41, 44, 80, 0, 0, 0.06%, 9, 0, 10, 367.52
1733874350, 41, 45, 80, 0, 0, 0.06%, 9, 0, 10, 338.72
1733874356, 41, 46, 80, 0, 0, 0.06%, 9, 0, 10, 345.14
1733874361, 41, 47, 80, 0, 0, 0.06%, 9, 0, 10, 341.16
1733874366, 41, 49, 80, 0, 0, 0.06%, 9, 0, 10, 352.90
1733874371, 41, 50, 80, 0, 0, 0.06%, 9, 0, 10, 335.20
1733874376, 41, 51, 80, 0, 0, 0.06%, 9, 0, 10, 340.94
1733874381, 41, 52, 80, 0, 0, 0.06%, 9, 0, 10, 350.11
1733874386, 41, 53, 80, 0, 0, 0.06%, 9, 0, 10, 366.31
1733874391, 41, 54, 80, 0, 0, 0.06%, 9, 0, 10, 368.85
1733874396, 41, 55, 80, 0, 0, 0.06%, 9, 0, 10, 374.91
1733874401, 41, 57, 80, 0, 0, 0.06%, 9, 0, 10, 329.18
1733874411, 41, 58, 80, 0, 0, 0.06%, 9, 0, 10, 352.47
1733874416, 41, 59, 80, 0, 0, 0.06%, 9, 0, 10, 364.37
1733874426, 41, 60, 80, 0, 0, 0.06%, 9, 0, 10, 368.53
1733874432, 41, 61, 80, 0, 0, 0.06%, 9, 0, 10, 320.09
1733874442, 41, 63, 80, 0, 0, 0.06%, 9, 0, 10, 384.99
1733874447, 41, 64, 80, 0, 0, 0.06%, 9, 0, 10, 323.47
1733874457, 41, 65, 80, 0, 0, 0.06%, 9, 0, 10, 392.61
1733874462, 41, 66, 80, 0, 0, 0.06%, 9, 0, 10, 354.29
1733874472, 41, 67, 80, 0, 0, 0.06%, 9, 0, 10, 371.33
1733874482, 41, 69, 80, 0, 0, 0.06%, 9, 0, 10, 338.12
1733874487, 41, 70, 80, 0, 0, 0.06%, 9, 0, 10, 348.65
1733874492, 41, 71, 80, 0, 0, 0.06%, 9, 0, 10, 355.29
1733874497, 41, 72, 80, 0, 0, 0.06%, 9, 0, 10, 347.07
1733874507, 41, 73, 80, 0, 0, 0.06%, 9, 0, 10, 364.01
1733874512, 41, 74, 80, 0, 0, 0.06%, 9, 0, 10, 323.87
1733874517, 41, 75, 80, 0, 0, 0.06%, 9, 0, 10, 317.75
1733874528, 41, 76, 80, 0, 0, 0.06%, 9, 0, 10, 324.79
1733874533, 41, 77, 80, 0, 0, 0.06%, 9, 0, 10, 319.69
1733874538, 41, 79, 80, 0, 0, 0.06%, 9, 0, 10, 344.11
1733874543, 42, 12, 80, 0, 0, 0.06%, 9, 0, 10, 327.51
1733874548, 42, 13, 80, 0, 0, 0.06%, 9, 0, 10, 276.81
1733874553, 42, 14, 80, 0, 0, 0.06%, 9, 0, 10, 306.57
1733874558, 42, 16, 80, 0, 0, 0.06%, 9, 0, 10, 299.33
1733874563, 42, 19, 80, 0, 0, 0.06%, 9, 0, 10, 279.33
1733874568, 42, 21, 80, 0, 0, 0.06%, 9, 0, 10, 289.96
1733874573, 42, 27, 80, 0, 0, 0.06%, 9, 0, 10, 284.23
1733874578, 42, 28, 80, 0, 0, 0.06%, 9, 0, 10, 305.25
1733874583, 42, 29, 80, 0, 0, 0.06%, 9, 0, 10, 305.62
1733874588, 42, 30, 80, 0, 0, 0.06%, 9, 0, 10, 299.51
1733874594, 42, 35, 80, 0, 0, 0.06%, 9, 0, 10, 346.84
1733874599, 42, 40, 80, 0, 0, 0.06%, 9, 0, 10, 353.47
1733874609, 42, 43, 80, 0, 0, 0.06%, 9, 0, 10, 322.15
1733874614, 42, 45, 80, 0, 0, 0.06%, 9, 0, 10, 335.29
1733874619, 42, 46, 80, 0, 0, 0.06%, 9, 0, 10, 308.76
1733874624, 42, 47, 80, 0, 0, 0.06%, 9, 0, 10, 347.94
1733874629, 42, 49, 80, 0, 0, 0.06%, 9, 0, 10, 347.11
1733874634, 42, 50, 80, 0, 0, 0.06%, 9, 0, 10, 348.92
1733874639, 42, 51, 80, 0, 0, 0.06%, 9, 0, 10, 343.30
1733874644, 42, 52, 80, 0, 0, 0.06%, 9, 0, 10, 326.81
1733874649, 42, 53, 80, 0, 0, 0.06%, 9, 0, 10, 358.30
1733874654, 42, 54, 80, 0, 0, 0.06%, 9, 0, 10, 362.23
1733874659, 42, 55, 80, 0, 0, 0.06%, 9, 0, 10, 401.84
1733874664, 42, 57, 80, 0, 0, 0.06%, 9, 0, 10, 348.70
1733874675, 42, 58, 80, 0, 0, 0.06%, 9, 0, 10, 387.46
1733874680, 42, 59, 80, 0, 0, 0.06%, 9, 0, 10, 300.08
1733874690, 42, 60, 80, 0, 0, 0.06%, 9, 0, 10, 395.93
1733874695, 42, 61, 80, 0, 0, 0.06%, 9, 0, 10, 334.15
1733874705, 42, 63, 80, 0, 0, 0.06%, 9, 0, 10, 320.63
1733874715, 42, 64, 80, 0, 0, 0.06%, 9, 0, 10, 367.85
1733874721, 42, 65, 80, 0, 0, 0.06%, 9, 0, 10, 365.14
1733874731, 42, 66, 80, 0, 0, 0.06%, 9, 0, 10, 348.40
1733874736, 42, 67, 80, 0, 0, 0.06%, 9, 0, 10, 307.28
1733874746, 42, 69, 80, 0, 0, 0.06%, 9, 0, 10, 347.82
1733874751, 42, 70, 80, 0, 0, 0.06%, 9, 0, 10, 358.09
1733874756, 42, 71, 80, 0, 0, 0.06%, 9, 0, 10, 340.73
1733874766, 42, 72, 80, 0, 0, 0.06%, 9, 0, 10, 353.02
1733874771, 42, 73, 80, 0, 0, 0.06%, 9, 0, 10, 374.27
1733874781, 42, 74, 80, 0, 0, 0.06%, 9, 0, 10, 326.03
1733874786, 42, 75, 80, 0, 0, 0.06%, 9, 0, 10, 331.83
1733874791, 42, 76, 80, 0, 0, 0.06%, 9, 0, 10, 332.79
1733874796, 42, 77, 80, 0, 0, 0.06%, 9, 0, 10, 345.89
1733874801, 42, 79, 80, 0, 0, 0.06%, 9, 0, 10, 354.49
1733874812, 43, 13, 80, 0, 0, 0.06%, 9, 0, 10, 310.46
1733874817, 43, 14, 80, 0, 0, 0.06%, 9, 0, 10, 324.53
1733874822, 43, 16, 80, 0, 0, 0.06%, 9, 0, 10, 283.95
1733874827, 43, 19, 80, 0, 0, 0.06%, 9, 0, 10, 288.63
1733874832, 43, 21, 80, 0, 0, 0.06%, 9, 0, 10, 299.01
1733874837, 43, 27, 80, 0, 0, 0.06%, 9, 0, 10, 299.46
1733874842, 43, 28, 80, 0, 0, 0.06%, 9, 0, 10, 317.19
1733874847, 43, 29, 80, 0, 0, 0.06%, 9, 0, 10, 312.02
1733874852, 43, 34, 80, 0, 0, 0.06%, 9, 0, 10, 310.87
1733874857, 43, 35, 80, 0, 0, 0.06%, 9, 0, 10, 361.65
1733874862, 43, 40, 80, 0, 0, 0.06%, 9, 0, 10, 358.64
1733874868, 43, 43, 80, 0, 0, 0.06%, 9, 0, 10, 308.51
1733874873, 43, 44, 80, 0, 0, 0.06%, 9, 0, 10, 389.92
1733874878, 43, 45, 80, 0, 0, 0.06%, 9, 0, 10, 350.82
1733874883, 43, 46, 80, 0, 0, 0.06%, 9, 0, 10, 339.98
1733874888, 43, 47, 80, 0, 0, 0.06%, 9, 0, 10, 339.03
1733874893, 43, 50, 80, 0, 0, 0.06%, 9, 0, 10, 317.63
1733874898, 43, 51, 80, 0, 0, 0.06%, 9, 0, 10, 336.97
1733874903, 43, 52, 80, 0, 0, 0.06%, 9, 0, 10, 351.82
1733874908, 43, 53, 80, 0, 0, 0.06%, 9, 0, 10, 328.63
1733874913, 43, 54, 80, 0, 0, 0.06%, 9, 0, 10, 338.07
1733874918, 43, 55, 80, 0, 0, 0.06%, 9, 0, 10, 370.28
1733874923, 43, 57, 80, 0, 0, 0.06%, 9, 0, 10, 369.32
1733874933, 43, 58, 80, 0, 0, 0.06%, 9, 0, 10, 370.02
1733874938, 43, 59, 80, 0, 0, 0.06%, 9, 0, 10, 380.81
1733874944, 43, 60, 80, 0, 0, 0.06%, 9, 0, 10, 355.36
1733874954, 43, 61, 80, 0, 0, 0.06%, 9, 0, 10, 338.94
1733874964, 43, 63, 80, 0, 0, 0.06%, 9, 0, 10, 360.46
1733874969, 43, 64, 80, 0, 0, 0.06%, 9, 0, 10, 362.09
1733874979, 43, 65, 80, 0, 0, 0.06%, 9, 0, 10, 349.77
1733874984, 43, 66, 80, 0, 0, 0.06%, 9, 0, 10, 358.59
1733874994, 43, 67, 80, 0, 0, 0.06%, 9, 0, 10, 387.76
1733874999, 43, 71, 80, 0, 0, 0.06%, 9, 0, 10, 318.07
1733875009, 43, 72, 80, 0, 0, 0.06%, 9, 0, 10, 377.85
1733875015, 43, 73, 80, 0, 0, 0.06%, 9, 0, 10, 357.07
1733875025, 43, 76, 80, 0, 0, 0.06%, 9, 0, 10, 340.27
1733875030, 43, 77, 80, 0, 0, 0.06%, 9, 0, 10, 333.61
1733875035, 43, 79, 80, 0, 0, 0.06%, 9, 0, 10, 355.26
1733875040, 44, 12, 80, 0, 0, 0.06%, 9, 0, 10, 374.50
1733875045, 44, 16, 80, 0, 0, 0.06%, 9, 0, 10, 310.16
1733875050, 44, 19, 80, 0, 0, 0.06%, 9, 0, 10, 300.21
1733875055, 44, 28, 80, 0, 0, 0.06%, 9, 0, 10, 296.21
1733875060, 44, 30, 80, 0, 0, 0.06%, 9, 0, 10, 313.26
1733875065, 44, 34, 80, 0, 0, 0.06%, 9, 0, 10, 360.15
1733875070, 44, 35, 80, 0, 0, 0.06%, 9, 0, 10, 351.73
1733875076, 44, 40, 80, 0, 0, 0.06%, 9, 0, 10, 354.66
1733875081, 44, 43, 80, 0, 0, 0.06%, 9, 0, 10, 315.85
1733875086, 44, 44, 80, 0, 0, 0.06%, 9, 0, 10, 374.45
1733875091, 44, 45, 80, 0, 0, 0.06%, 9, 0, 10, 340.86
1733875096, 44, 46, 80, 0, 0, 0.06%, 9, 0, 10, 339.23
1733875101, 44, 47, 80, 0, 0, 0.06%, 9, 0, 10, 361.88
1733875106, 44, 50, 80, 0, 0, 0.06%, 9, 0, 10, 317.26
1733875111, 44, 51, 80, 0, 0, 0.06%, 9, 0, 10, 337.24
1733875116, 44, 52, 80, 0, 0, 0.06%, 9, 0, 10, 355.12
1733875121, 44, 53, 80, 0, 0, 0.06%, 9, 0, 10, 347.76
1733875126, 44, 54, 80, 0, 0, 0.06%, 9, 0, 10, 364.94
1733875131, 44, 55, 80, 0, 0, 0.06%, 9, 0, 10, 377.12
1733875136, 44, 57, 80, 0, 0, 0.06%, 9, 0, 10, 330.86
1733875147, 44, 58, 80, 0, 0, 0.06%, 9, 0, 10, 376.20
1733875152, 44, 59, 80, 0, 0, 0.06%, 9, 0, 10, 358.56
1733875162, 44, 60, 80, 0, 0, 0.06%, 9, 0, 10, 381.35
1733875167, 44, 61, 80, 0, 0, 0.06%, 9, 0, 10, 344.99
1733875177, 44, 63, 80, 0, 0, 0.06%, 9, 0, 10, 381.87
1733875182, 44, 64, 80, 0, 0, 0.06%, 9, 0, 10, 327.30
1733875192, 44, 65, 80, 0, 0, 0.06%, 9, 0, 10, 395.06
1733875197, 44, 66, 80, 0, 0, 0.06%, 9, 0, 10, 347.91
1733875207, 44, 67, 80, 0, 0, 0.06%, 9, 0, 10, 367.18
1733875217, 44, 71, 80, 0, 0, 0.06%, 9, 0, 10, 345.26
1733875223, 44, 72, 80, 0, 0, 0.06%, 9, 0, 10, 359.09
1733875233, 44, 73, 80, 0, 0, 0.06%, 9, 0, 10, 364.08
1733875238, 44, 76, 80, 0, 0, 0.06%, 9, 0, 10, 340.73
1733875243, 44, 77, 80, 0, 0, 0.06%, 9, 0, 10, 317.47
1733875248, 44, 79, 80, 0, 0, 0.06%, 9, 0, 10, 321.45
1733875258, 45, 16, 80, 0, 0, 0.06%, 9, 0, 10, 324.72
1733875263, 45, 19, 80, 0, 0, 0.06%, 9, 0, 10, 295.72
1733875268, 45, 21, 80, 0, 0, 0.06%, 9, 0, 10, 285.55
1733875273, 45, 28, 80, 0, 0, 0.06%, 9, 0, 10, 312.75
1733875278, 45, 30, 80, 0, 0, 0.06%, 9, 0, 10, 342.43
1733875283, 45, 34, 80, 0, 0, 0.06%, 9, 0, 10, 347.64
1733875289, 45, 35, 80, 0, 0, 0.06%, 9, 0, 10, 344.79
1733875294, 45, 40, 80, 0, 0, 0.06%, 9, 0, 10, 354.33
1733875299, 45, 43, 80, 0, 0, 0.06%, 9, 0, 10, 358.43
1733875304, 45, 44, 80, 0, 0, 0.06%, 9, 0, 10, 354.45
1733875309, 45, 45, 80, 0, 0, 0.06%, 9, 0, 10, 346.22
1733875314, 45, 46, 80, 0, 0, 0.06%, 9, 0, 10, 348.78
1733875319, 45, 47, 80, 0, 0, 0.06%, 9, 0, 10, 341.03
1733875324, 45, 50, 80, 0, 0, 0.06%, 9, 0, 10, 312.51
1733875329, 45, 51, 80, 0, 0, 0.06%, 9, 0, 10, 330.18
1733875334, 45, 52, 80, 0, 0, 0.06%, 9, 0, 10, 346.31
1733875339, 45, 53, 80, 0, 0, 0.06%, 9, 0, 10, 336.57
1733875344, 45, 54, 80, 0, 0, 0.06%, 9, 0, 10, 338.19
1733875349, 45, 55, 80, 0, 0, 0.06%, 9, 0, 10, 342.16
1733875355, 45, 57, 80, 0, 0, 0.06%, 9, 0, 10, 295.48
1733875365, 45, 58, 80, 0, 0, 0.06%, 9, 0, 10, 374.87
1733875370, 45, 59, 80, 0, 0, 0.06%, 9, 0, 10, 381.45
1733875380, 45, 60, 80, 0, 0, 0.06%, 9, 0, 10, 382.95
1733875385, 45, 61, 80, 0, 0, 0.06%, 9, 0, 10, 345.55
1733875395, 45, 63, 80, 0, 0, 0.06%, 9, 0, 10, 371.20
1733875400, 45, 64, 80, 0, 0, 0.06%, 9, 0, 10, 326.97
1733875410, 45, 65, 80, 0, 0, 0.06%, 9, 0, 10, 379.12
1733875415, 45, 66, 80, 0, 0, 0.06%, 9, 0, 10, 334.90
1733875426, 45, 67, 80, 0, 0, 0.06%, 9, 0, 10, 391.87
1733875436, 45, 71, 80, 0, 0, 0.06%, 9, 0, 10, 354.77
1733875441, 45, 72, 80, 0, 0, 0.06%, 9, 0, 10, 402.44
1733875446, 45, 73, 80, 0, 0, 0.06%, 9, 0, 10, 339.11
1733875456, 45, 76, 80, 0, 0, 0.06%, 9, 0, 10, 358.76
1733875461, 45, 77, 80, 0, 0, 0.06%, 9, 0, 10, 347.52
1733875466, 45, 79, 80, 0, 0, 0.06%, 9, 0, 10, 351.63
1733875476, 46, 34, 80, 0, 0, 0.06%, 9, 0, 10, 344.45
1733875482, 46, 35, 80, 0, 0, 0.06%, 9, 0, 10, 342.60
1733875487, 46, 40, 80, 0, 0, 0.06%, 9, 0, 10, 340.31
1733875492, 46, 43, 80, 0, 0, 0.06%, 9, 0, 10, 347.46
1733875497, 46, 44, 80, 0, 0, 0.06%, 9, 0, 10, 341.80
1733875502, 46, 45, 80, 0, 0, 0.06%, 9, 0, 10, 317.38
1733875507, 46, 46, 80, 0, 0, 0.06%, 9, 0, 10, 328.76
1733875512, 46, 53, 80, 0, 0, 0.06%, 9, 0, 10, 332.45
1733875517, 46, 54, 80, 0, 0, 0.06%, 9, 0, 10, 306.74
1733875522, 46, 55, 80, 0, 0, 0.06%, 9, 0, 10, 333.09
1733875532, 46, 57, 80, 0, 0, 0.06%, 9, 0, 10, 362.22
1733875537, 46, 58, 80, 0, 0, 0.06%, 9, 0, 10, 339.76
1733875548, 46, 59, 80, 0, 0, 0.06%, 9, 0, 10, 349.29
1733875553, 46, 60, 80, 0, 0, 0.06%, 9, 0, 10, 372.25
1733875563, 46, 61, 80, 0, 0, 0.06%, 9, 0, 10, 362.76
1733875568, 46, 63, 80, 0, 0, 0.06%, 9, 0, 10, 370.69
1733875578, 46, 64, 80, 0, 0, 0.06%, 9, 0, 10, 363.11
1733875583, 46, 65, 80, 0, 0, 0.06%, 9, 0, 10, 297.42
1733875593, 46, 66, 80, 0, 0, 0.06%, 9, 0, 10, 372.28
1733875598, 46, 67, 80, 0, 0, 0.06%, 9, 0, 10, 327.35
1733875609, 46, 71, 80, 0, 0, 0.06%, 9, 0, 10, 360.08
1733875619, 46, 72, 80, 0, 0, 0.06%, 9, 0, 10, 346.93
1733875624, 46, 73, 80, 0, 0, 0.06%, 9, 0, 10, 354.01
1733875634, 47, 34, 80, 0, 0, 0.06%, 9, 0, 10, 346.95
1733875639, 47, 35, 80, 0, 0, 0.06%, 9, 0, 10, 330.65
1733875644, 47, 40, 80, 0, 0, 0.06%, 9, 0, 10, 328.93
1733875649, 47, 43, 80, 0, 0, 0.06%, 9, 0, 10, 362.40
1733875654, 47, 44, 80, 0, 0, 0.06%, 9, 0, 10, 359.47
1733875659, 47, 45, 80, 0, 0, 0.06%, 9, 0, 10, 321.87
1733875664, 47, 46, 80, 0, 0, 0.06%, 9, 0, 10, 323.53
1733875669, 47, 47, 80, 0, 0, 0.06%, 9, 0, 10, 323.12
1733875674, 47, 53, 80, 0, 0, 0.06%, 9, 0, 10, 323.70
1733875679, 47, 54, 80, 0, 0, 0.06%, 9, 0, 10, 350.92
1733875684, 47, 55, 80, 0, 0, 0.06%, 9, 0, 10, 342.04
1733875689, 47, 57, 80, 0, 0, 0.06%, 9, 0, 10, 399.85
1733875694, 47, 58, 80, 0, 0, 0.06%, 9, 0, 10, 325.09
1733875704, 47, 59, 80, 0, 0, 0.06%, 9, 0, 10, 368.36
1733875709, 47, 60, 80, 0, 0, 0.06%, 9, 0, 10, 307.08
