# unix_time, cycles_done, cur_path, paths_total, pending_total, pending_favs, map_size, unique_crashes, unique_hangs, max_depth, execs_per_sec
1735428549, 0, 0, 10, 10, 1, 0.00%, 0, 0, 1, 175.82
1735428554, 0, 4, 10, 10, 1, 0.00%, 0, 0, 1, 203.43
1735428560, 0, 5, 10, 9, 0, 0.00%, 0, 0, 1, 210.11
1735428565, 0, 6, 10, 8, 0, 0.00%, 0, 0, 1, 204.65
1735428575, 0, 7, 10, 7, 0, 0.00%, 0, 0, 1, 212.59
1735428580, 0, 8, 10, 6, 0, 0.00%, 0, 0, 1, 195.51
1735428590, 0, 9, 10, 5, 0, 0.00%, 0, 0, 1, 212.75
1735428595, 1, 0, 10, 4, 0, 0.00%, 0, 0, 1, 213.20
1735428605, 1, 1, 10, 3, 0, 0.00%, 0, 0, 1, 213.67
1735428615, 1, 2, 10, 2, 0, 0.00%, 0, 0, 1, 213.94
1735428626, 1, 3, 10, 1, 0, 0.00%, 0, 0, 1, 209.94
1735428636, 1, 4, 10, 0, 0, 0.00%, 0, 0, 1, 213.51
1735428641, 1, 5, 10, 0, 0, 0.00%, 0, 0, 1, 211.63
1735428646, 1, 6, 10, 0, 0, 0.00%, 0, 0, 1, 209.68
1735428651, 1, 8, 10, 0, 0, 0.00%, 0, 0, 1, 211.16
1735428656, 1, 9, 10, 0, 0, 0.00%, 0, 0, 1, 211.17
1735428662, 2, 0, 10, 0, 0, 0.00%, 0, 0, 1, 212.93
1735428667, 2, 2, 10, 0, 0, 0.00%, 0, 0, 1, 209.48
1735428672, 2, 3, 10, 0, 0, 0.00%, 0, 0, 1, 209.12
1735428677, 2, 5, 10, 0, 0, 0.00%, 0, 0, 1, 208.96
1735428682, 2, 6, 10, 0, 0, 0.00%, 0, 0, 1, 212.16
1735428687, 2, 8, 10, 0, 0, 0.00%, 0, 0, 1, 213.39
1735428692, 2, 9, 10, 0, 0, 0.00%, 0, 0, 1, 210.67
1735428697, 3, 1, 10, 0, 0, 0.00%, 0, 0, 1, 208.67
1735428702, 3, 2, 10, 0, 0, 0.00%, 0, 0, 1, 211.63
1735428708, 3, 3, 10, 0, 0, 0.00%, 0, 0, 1, 210.83
1735428713, 3, 5, 10, 0, 0, 0.00%, 0, 0, 1, 212.25
1735428718, 3, 6, 10, 0, 0, 0.00%, 0, 0, 1, 210.08
1735428723, 3, 8, 10, 0, 0, 0.00%, 0, 0, 1, 212.29
1735428728, 3, 9, 10, 0, 0, 0.00%, 0, 0, 1, 209.83
1735428733, 4, 1, 10, 0, 0, 0.00%, 0, 0, 1, 209.54
1735428738, 4, 2, 10, 0, 0, 0.00%, 0, 0, 1, 209.10
1735428743, 4, 3, 10, 0, 0, 0.00%, 0, 0, 1, 209.30
1735428748, 4, 5, 10, 0, 0, 0.00%, 0, 0, 1, 209.14
1735428753, 4, 6, 10, 0, 0, 0.00%, 0, 0, 1, 214.27
1735428758, 4, 8, 10, 0, 0, 0.00%, 0, 0, 1, 212.44
1735428764, 4, 9, 10, 0, 0, 0.00%, 0, 0, 1, 211.79
1735428769, 5, 1, 10, 0, 0, 0.00%, 0, 0, 1, 208.06
1735428774, 5, 2, 10, 0, 0, 0.00%, 0, 0, 1, 209.84
1735428779, 5, 3, 10, 0, 0, 0.00%, 0, 0, 1, 206.16
1735428784, 5, 5, 10, 0, 0, 0.00%, 0, 0, 1, 210.77
1735428789, 5, 6, 10, 0, 0, 0.00%, 0, 0, 1, 210.31
1735428794, 5, 8, 10, 0, 0, 0.00%, 0, 0, 1, 210.77
1735428800, 5, 9, 10, 0, 0, 0.00%, 0, 0, 1, 212.93
1735428805, 6, 1, 10, 0, 0, 0.00%, 0, 0, 1, 211.00
1735428810, 6, 2, 10, 0, 0, 0.00%, 0, 0, 1, 210.51
1735428815, 6, 4, 10, 0, 0, 0.00%, 0, 0, 1, 211.45
1735428820, 6, 5, 10, 0, 0, 0.00%, 0, 0, 1, 210.31
1735428825, 6, 7, 10, 0, 0, 0.00%, 0, 0, 1, 211.30
1735428831, 6, 10, 12, 2, 1, 0.05%, 2, 0, 3, 213.21
1735428891, 6, 10, 13, 3, 1, 0.05%, 3, 0, 3, 214.23
1735428947, 6, 10, 14, 4, 1, 0.05%, 4, 0, 3, 208.03
1735428967, 6, 10, 15, 5, 1, 0.06%, 5, 0, 3, 216.07
1735428977, 6, 12, 16, 5, 4, 0.06%, 6, 0, 4, 217.16
1735428982, 6, 12, 19, 8, 4, 0.06%, 6, 0, 4, 266.18
1735428992, 6, 12, 20, 9, 4, 0.06%, 6, 0, 4, 277.09
1735428998, 6, 12, 21, 10, 4, 0.06%, 6, 0, 4, 278.81
1735429008, 6, 12, 22, 11, 4, 0.06%, 6, 0, 4, 277.88
1735429018, 6, 12, 23, 12, 4, 0.06%, 7, 0, 4, 273.72
1735429033, 6, 12, 24, 13, 4, 0.06%, 8, 0, 4, 276.39
1735429074, 6, 12, 25, 14, 4, 0.06%, 9, 0, 4, 276.83
1735429109, 6, 14, 25, 13, 5, 0.06%, 9, 0, 4, 238.66
1735429114, 6, 14, 27, 15, 5, 0.06%, 9, 0, 4, 272.78
1735429119, 6, 14, 28, 16, 5, 0.06%, 9, 0, 4, 271.49
1735429135, 6, 14, 29, 17, 5, 0.06%, 9, 0, 4, 283.49
1735429140, 6, 14, 30, 18, 5, 0.06%, 9, 0, 4, 283.61
1735429150, 6, 14, 31, 19, 5, 0.06%, 9, 0, 4, 280.27
1735429155, 6, 14, 32, 20, 5, 0.06%, 9, 0, 4, 271.91
1735429185, 6, 14, 33, 21, 5, 0.06%, 9, 0, 4, 272.26
1735429211, 6, 23, 36, 23, 4, 0.06%, 9, 0, 5, 436.44
1735429241, 6, 23, 37, 24, 4, 0.06%, 9, 0, 5, 502.74
1735429257, 6, 23, 38, 25, 4, 0.06%, 9, 0, 5, 458.01
1735429282, 6, 24, 38, 24, 4, 0.06%, 9, 0, 5, 314.29
1735429287, 6, 24, 40, 26, 4, 0.06%, 9, 0, 5, 404.50
1735429308, 6, 24, 42, 28, 4, 0.06%, 9, 0, 5, 436.91
1735429313, 6, 24, 43, 29, 4, 0.06%, 9, 0, 5, 433.82
1735429333, 6, 24, 44, 30, 4, 0.06%, 9, 0, 5, 434.57
1735429363, 6, 36, 44, 29, 4, 0.06%, 9, 0, 5, 310.83
1735429368, 6, 36, 48, 33, 4, 0.06%, 9, 0, 6, 453.87
1735429425, 6, 36, 49, 34, 4, 0.06%, 9, 0, 6, 440.47
1735429450, 6, 36, 50, 35, 4, 0.06%, 9, 0, 6, 450.20
1735429460, 6, 36, 51, 36, 4, 0.06%, 9, 0, 6, 315.13
1735429476, 6, 36, 52, 37, 4, 0.06%, 9, 0, 6, 263.76
1735429481, 6, 38, 52, 36, 4, 0.06%, 9, 0, 6, 373.30
1735429491, 6, 38, 53, 37, 4, 0.06%, 9, 0, 6, 481.59
1735429527, 6, 38, 54, 38, 4, 0.06%, 9, 0, 6, 277.34
1735429532, 6, 40, 54, 37, 4, 0.06%, 9, 0, 6, 407.41
1735429582, 6, 42, 54, 36, 4, 0.06%, 9, 0, 6, 329.89
1735429592, 6, 42, 55, 37, 4, 0.06%, 9, 0, 6, 434.86
1735429638, 6, 43, 56, 37, 4, 0.06%, 9, 0, 6, 384.00
1735429674, 6, 43, 57, 38, 4, 0.06%, 9, 0, 6, 497.72
1735429709, 6, 44, 57, 37, 4, 0.06%, 9, 0, 6, 446.38
1735429735, 6, 44, 58, 38, 4, 0.06%, 9, 0, 7, 340.54
1735429740, 6, 44, 60, 40, 4, 0.06%, 9, 0, 7, 327.10
1735429745, 6, 44, 62, 42, 4, 0.06%, 9, 0, 7, 289.46
1735429750, 6, 45, 63, 42, 4, 0.06%, 9, 0, 7, 303.43
1735429775, 6, 45, 64, 43, 4, 0.06%, 9, 0, 7, 303.56
1735429785, 6, 46, 64, 42, 4, 0.06%, 9, 0, 7, 279.80
1735429790, 6, 46, 65, 43, 4, 0.06%, 9, 0, 7, 363.13
1735429842, 6, 51, 65, 42, 4, 0.06%, 9, 0, 7, 261.41
1735429878, 6, 52, 65, 41, 4, 0.06%, 9, 0, 7, 395.38
1735429913, 6, 53, 65, 40, 4, 0.06%, 9, 0, 7, 427.43
1735429964, 6, 53, 65, 40, 4, 0.06%, 10, 0, 7, 343.56
1735429969, 6, 54, 65, 39, 4, 0.06%, 10, 0, 7, 360.42
1735429985, 6, 54, 66, 40, 4, 0.06%, 10, 0, 7, 464.08
1735430026, 6, 55, 66, 39, 4, 0.06%, 10, 0, 7, 473.31
1735430056, 6, 56, 66, 38, 4, 0.06%, 10, 0, 7, 252.23
1735430081, 6, 56, 67, 39, 4, 0.06%, 10, 0, 7, 305.78
1735430466, 6, 56, 68, 40, 4, 0.06%, 10, 0, 7, 495.22
1735430471, 6, 56, 69, 41, 4, 0.06%, 10, 0, 7, 495.05
1735430537, 6, 57, 69, 40, 4, 0.06%, 10, 0, 7, 410.17
1735430578, 6, 58, 69, 39, 4, 0.06%, 10, 0, 7, 412.15
1735430614, 6, 59, 69, 38, 4, 0.06%, 10, 0, 7, 339.89
1735430685, 6, 59, 70, 39, 4, 0.06%, 10, 0, 8, 429.58
1735430731, 6, 61, 70, 38, 4, 0.06%, 10, 0, 8, 352.62
1735430772, 6, 62, 70, 37, 4, 0.06%, 10, 0, 8, 318.46
1735430822, 6, 64, 70, 36, 4, 0.06%, 10, 0, 8, 294.52
1735430828, 6, 64, 71, 37, 4, 0.06%, 10, 0, 8, 300.97
1735430888, 6, 70, 71, 36, 4, 0.06%, 10, 0, 8, 334.23
1735430944, 7, 15, 71, 35, 4, 0.06%, 10, 0, 8, 331.49
1735430985, 7, 25, 71, 34, 3, 0.06%, 10, 0, 8, 308.72
1735431030, 7, 26, 71, 33, 3, 0.06%, 10, 0, 8, 330.32
1735431066, 7, 27, 71, 32, 3, 0.06%, 10, 0, 8, 422.77
1735431081, 7, 27, 72, 33, 3, 0.06%, 10, 0, 8, 444.08
1735431122, 7, 28, 72, 32, 3, 0.06%, 10, 0, 8, 343.55
1735431157, 7, 29, 72, 31, 3, 0.06%, 10, 0, 8, 324.88
1735431198, 7, 30, 72, 30, 2, 0.06%, 10, 0, 8, 336.79
1735431234, 7, 31, 72, 29, 2, 0.06%, 10, 0, 8, 330.86
1735431239, 7, 31, 73, 30, 2, 0.06%, 10, 0, 8, 427.05
1735431463, 7, 33, 73, 29, 2, 0.06%, 10, 0, 8, 385.23
1735431493, 7, 36, 73, 28, 1, 0.06%, 10, 0, 8, 386.68
1735431503, 7, 38, 73, 28, 1, 0.06%, 10, 0, 8, 369.30
1735431514, 7, 39, 73, 28, 1, 0.06%, 10, 0, 8, 376.42
1735431646, 7, 40, 73, 27, 1, 0.06%, 10, 0, 8, 429.36
1735431667, 7, 41, 73, 27, 1, 0.06%, 10, 0, 8, 492.59
1735431702, 7, 42, 73, 26, 1, 0.06%, 10, 0, 8, 363.54
1735431718, 7, 43, 73, 26, 1, 0.06%, 10, 0, 8, 480.11
1735431748, 7, 44, 73, 26, 1, 0.06%, 10, 0, 8, 369.03
1735431753, 7, 45, 74, 27, 1, 0.06%, 10, 0, 8, 330.08
1735431763, 7, 46, 74, 27, 1, 0.06%, 10, 0, 8, 359.08
1735431774, 7, 47, 75, 28, 1, 0.06%, 10, 0, 8, 382.41
1735431809, 7, 48, 75, 27, 1, 0.06%, 10, 0, 8, 276.32
1735431911, 7, 49, 75, 26, 1, 0.06%, 10, 0, 8, 370.98
1735432008, 7, 52, 75, 25, 1, 0.06%, 10, 0, 8, 343.18
1735432023, 7, 53, 75, 25, 1, 0.06%, 10, 0, 8, 442.20
1735432064, 7, 54, 75, 25, 1, 0.06%, 10, 0, 8, 400.18
1735432079, 7, 55, 75, 25, 1, 0.06%, 10, 0, 8, 478.35
1735432089, 7, 56, 75, 25, 1, 0.06%, 10, 0, 8, 379.24
1735432480, 7, 57, 75, 25, 1, 0.06%, 10, 0, 8, 411.83
1735432495, 7, 58, 75, 25, 1, 0.06%, 10, 0, 8, 390.08
1735432531, 7, 59, 75, 25, 1, 0.06%, 10, 0, 8, 425.20
1735432603, 7, 60, 75, 25, 1, 0.06%, 10, 0, 8, 335.83
1735432837, 7, 61, 75, 24, 1, 0.06%, 10, 0, 8, 309.48
1735432847, 7, 62, 75, 24, 1, 0.06%, 10, 0, 8, 327.88
1735432857, 7, 64, 75, 24, 1, 0.06%, 10, 0, 8, 307.07
1735432868, 7, 65, 75, 24, 1, 0.06%, 10, 0, 8, 369.26
1735432954, 7, 66, 75, 23, 1, 0.06%, 10, 0, 8, 285.87
1735433391, 7, 67, 75, 22, 1, 0.06%, 10, 0, 8, 337.07
1735433473, 7, 68, 75, 21, 1, 0.06%, 10, 0, 8, 359.99
1735433550, 7, 70, 75, 20, 1, 0.06%, 10, 0, 8, 323.93
1735433565, 7, 71, 75, 20, 1, 0.06%, 10, 0, 8, 379.60
1735433600, 7, 72, 75, 19, 1, 0.06%, 10, 0, 8, 350.45
1735433692, 7, 73, 75, 18, 1, 0.06%, 10, 0, 8, 245.45
1735434506, 8, 13, 75, 17, 1, 0.06%, 10, 0, 8, 372.57
1735434521, 8, 16, 75, 16, 1, 0.06%, 10, 0, 8, 385.75
1735434552, 8, 24, 75, 15, 1, 0.06%, 10, 0, 8, 391.33
1735434562, 8, 29, 75, 15, 1, 0.06%, 10, 0, 8, 429.61
1735434572, 8, 33, 75, 15, 1, 0.06%, 10, 0, 8, 371.19
1735434582, 8, 38, 75, 15, 1, 0.06%, 10, 0, 8, 355.96
1735434587, 8, 39, 75, 15, 1, 0.06%, 10, 0, 8, 304.11
1735434700, 8, 40, 75, 15, 1, 0.06%, 10, 0, 8, 420.42
1735434715, 8, 41, 75, 15, 1, 0.06%, 10, 0, 8, 331.83
1735434731, 8, 42, 75, 15, 1, 0.06%, 10, 0, 8, 339.58
1735434746, 8, 43, 75, 15, 1, 0.06%, 10, 0, 8, 322.10
1735434756, 8, 52, 75, 15, 1, 0.06%, 10, 0, 8, 410.57
1735434766, 8, 53, 75, 15, 1, 0.06%, 10, 0, 8, 390.41
1735434771, 8, 54, 75, 15, 1, 0.06%, 10, 0, 8, 328.03
1735434782, 8, 55, 75, 15, 1, 0.06%, 10, 0, 8, 395.36
1735434792, 8, 56, 75, 15, 1, 0.06%, 10, 0, 8, 359.18
1735434807, 8, 57, 75, 15, 1, 0.06%, 10, 0, 8, 395.47
1735434827, 8, 58, 76, 16, 1, 0.06%, 10, 0, 8, 399.58
1735434838, 8, 61, 76, 16, 1, 0.06%, 10, 0, 8, 335.65
1735434848, 8, 62, 76, 16, 1, 0.06%, 10, 0, 8, 300.70
1735434858, 8, 64, 76, 16, 1, 0.06%, 10, 0, 8, 316.03
1735434868, 8, 65, 76, 16, 1, 0.06%, 10, 0, 8, 335.64
1735434939, 8, 66, 76, 16, 1, 0.06%, 10, 0, 8, 369.17
1735434955, 8, 67, 76, 16, 1, 0.06%, 10, 0, 8, 352.29
1735435012, 8, 68, 76, 16, 1, 0.06%, 10, 0, 8, 324.29
1735435068, 8, 70, 76, 16, 1, 0.06%, 10, 0, 8, 361.22
1735435083, 8, 71, 76, 16, 1, 0.06%, 10, 0, 8, 320.34
1735435160, 8, 72, 76, 16, 1, 0.06%, 10, 0, 8, 319.80
1735435226, 8, 73, 76, 16, 1, 0.06%, 10, 0, 8, 434.46
1735435993, 8, 75, 76, 16, 1, 0.06%, 10, 0, 8, 428.32
1735436003, 8, 75, 77, 17, 1, 0.06%, 10, 0, 9, 493.97
1735436085, 8, 76, 77, 16, 1, 0.06%, 10, 0, 9, 364.22
1735436182, 9, 11, 77, 15, 1, 0.06%, 10, 0, 9, 304.31
1735436198, 9, 13, 77, 14, 0, 0.06%, 10, 0, 9, 345.17
1735436203, 9, 16, 77, 14, 0, 0.06%, 10, 0, 9, 386.59
1735436213, 9, 24, 77, 14, 0, 0.06%, 10, 0, 9, 371.52
1735436223, 9, 29, 77, 14, 0, 0.06%, 10, 0, 9, 350.10
1735436228, 9, 30, 77, 14, 0, 0.06%, 10, 0, 9, 356.87
1735436238, 9, 31, 77, 14, 0, 0.06%, 10, 0, 9, 288.86
1735436253, 9, 33, 77, 14, 0, 0.06%, 10, 0, 9, 354.07
1735436258, 9, 38, 77, 14, 0, 0.06%, 10, 0, 9, 350.97
1735436264, 9, 39, 77, 14, 0, 0.06%, 10, 0, 9, 396.96
1735436274, 9, 40, 77, 14, 0, 0.06%, 10, 0, 9, 323.30
1735436279, 9, 41, 77, 14, 0, 0.06%, 10, 0, 9, 360.27
1735436284, 9, 42, 77, 14, 0, 0.06%, 10, 0, 9, 377.93
1735436289, 9, 43, 77, 14, 0, 0.06%, 10, 0, 9, 385.01
1735436294, 9, 51, 77, 14, 0, 0.06%, 10, 0, 9, 391.24
1735436304, 9, 52, 77, 14, 0, 0.06%, 10, 0, 9, 331.54
1735436309, 9, 53, 77, 14, 0, 0.06%, 10, 0, 9, 465.74
1735436345, 9, 54, 77, 14, 0, 0.06%, 10, 0, 9, 399.20
1735436370, 9, 55, 77, 14, 0, 0.06%, 10, 0, 9, 386.34
1735436375, 9, 56, 77, 14, 0, 0.06%, 10, 0, 9, 372.04
1735436391, 9, 58, 77, 14, 0, 0.06%, 10, 0, 9, 339.60
1735436396, 9, 61, 77, 14, 0, 0.06%, 10, 0, 9, 330.53
1735436401, 9, 65, 77, 14, 0, 0.06%, 10, 0, 9, 339.56
1735436411, 9, 66, 77, 14, 0, 0.06%, 10, 0, 9, 423.24
1735436432, 9, 67, 77, 14, 0, 0.06%, 10, 0, 9, 368.56
1735436437, 9, 68, 77, 14, 0, 0.06%, 10, 0, 9, 328.99
1735436447, 9, 72, 77, 14, 0, 0.06%, 10, 0, 9, 297.57
1735436457, 9, 75, 77, 14, 0, 0.06%, 10, 0, 9, 312.70
1735436488, 9, 76, 77, 14, 0, 0.06%, 10, 0, 9, 445.42
1735436513, 10, 11, 77, 14, 0, 0.06%, 10, 0, 9, 284.75
1735436518, 10, 13, 77, 14, 0, 0.06%, 10, 0, 9, 325.84
1735436523, 10, 16, 77, 14, 0, 0.06%, 10, 0, 9, 330.16
1735436528, 10, 24, 77, 14, 0, 0.06%, 10, 0, 9, 360.41
1735436533, 10, 29, 77, 14, 0, 0.06%, 10, 0, 9, 346.05
1735436538, 10, 30, 77, 14, 0, 0.06%, 10, 0, 9, 363.76
1735436548, 10, 31, 77, 14, 0, 0.06%, 10, 0, 9, 300.98
1735436559, 10, 33, 77, 14, 0, 0.06%, 10, 0, 9, 372.43
1735436564, 10, 38, 77, 14, 0, 0.06%, 10, 0, 9, 356.51
1735436569, 10, 39, 77, 14, 0, 0.06%, 10, 0, 9, 366.73
1735436574, 10, 40, 77, 14, 0, 0.06%, 10, 0, 9, 334.50
1735436579, 10, 41, 77, 14, 0, 0.06%, 10, 0, 9, 345.23
1735436584, 10, 42, 77, 14, 0, 0.06%, 10, 0, 9, 351.84
1735436589, 10, 43, 77, 14, 0, 0.06%, 10, 0, 9, 339.27
1735436594, 10, 51, 77, 14, 0, 0.06%, 10, 0, 9, 352.98
1735436599, 10, 52, 77, 14, 0, 0.06%, 10, 0, 9, 329.84
1735436604, 10, 53, 77, 14, 0, 0.06%, 10, 0, 9, 364.85
1735436609, 10, 54, 77, 14, 0, 0.06%, 10, 0, 9, 378.02
1735436614, 10, 55, 77, 14, 0, 0.06%, 10, 0, 9, 350.19
1735436619, 10, 56, 77, 14, 0, 0.06%, 10, 0, 9, 365.88
1735436635, 10, 58, 77, 14, 0, 0.06%, 10, 0, 9, 340.68
1735436640, 10, 61, 77, 14, 0, 0.06%, 10, 0, 9, 357.58
1735436645, 10, 65, 77, 14, 0, 0.06%, 10, 0, 9, 349.44
1735436655, 10, 66, 77, 14, 0, 0.06%, 10, 0, 9, 287.88
1735436665, 10, 67, 77, 14, 0, 0.06%, 10, 0, 9, 373.06
1735436670, 10, 68, 77, 14, 0, 0.06%, 10, 0, 9, 370.58
1735436675, 10, 72, 77, 14, 0, 0.06%, 10, 0, 9, 376.09
1735436685, 10, 75, 77, 14, 0, 0.06%, 10, 0, 9, 374.32
1735436695, 10, 76, 77, 14, 0, 0.06%, 10, 0, 9, 343.33
1735436700, 11, 11, 77, 14, 0, 0.06%, 10, 0, 9, 326.51
1735436705, 11, 16, 77, 14, 0, 0.06%, 10, 0, 9, 367.33
1735436710, 11, 24, 77, 14, 0, 0.06%, 10, 0, 9, 366.41
1735436715, 11, 29, 77, 14, 0, 0.06%, 10, 0, 9, 345.11
1735436721, 11, 30, 77, 14, 0, 0.06%, 10, 0, 9, 321.54
1735436726, 11, 31, 77, 14, 0, 0.06%, 10, 0, 9, 347.89
1735436731, 11, 33, 77, 14, 0, 0.06%, 10, 0, 9, 368.13
1735436736, 11, 38, 77, 14, 0, 0.06%, 10, 0, 9, 357.86
1735436741, 11, 39, 77, 14, 0, 0.06%, 10, 0, 9, 340.47
1735436746, 11, 40, 77, 14, 0, 0.06%, 10, 0, 9, 328.57
1735436751, 11, 41, 77, 14, 0, 0.06%, 10, 0, 9, 347.50
1735436756, 11, 42, 77, 14, 0, 0.06%, 10, 0, 9, 351.37
1735436761, 11, 43, 77, 14, 0, 0.06%, 10, 0, 9, 375.46
1735436767, 11, 52, 77, 14, 0, 0.06%, 10, 0, 9, 338.03
1735436772, 11, 53, 77, 14, 0, 0.06%, 10, 0, 9, 345.34
1735436777, 11, 54, 77, 14, 0, 0.06%, 10, 0, 9, 351.62
1735436782, 11, 55, 77, 14, 0, 0.06%, 10, 0, 9, 381.67
1735436787, 11, 56, 77, 14, 0, 0.06%, 10, 0, 9, 402.12
1735436802, 11, 58, 77, 14, 0, 0.06%, 10, 0, 9, 350.80
1735436807, 11, 61, 77, 14, 0, 0.06%, 10, 0, 9, 341.66
1735436812, 11, 65, 77, 14, 0, 0.06%, 10, 0, 9, 342.73
1735436823, 11, 66, 77, 14, 0, 0.06%, 10, 0, 9, 284.35
1735436833, 11, 67, 77, 14, 0, 0.06%, 10, 0, 9, 382.48
1735436838, 11, 68, 77, 14, 0, 0.06%, 10, 0, 9, 334.75
1735436843, 11, 72, 77, 14, 0, 0.06%, 10, 0, 9, 308.70
1735436848, 11, 75, 77, 14, 0, 0.06%, 10, 0, 9, 338.23
1735436858, 11, 76, 77, 14, 0, 0.06%, 10, 0, 9, 393.10
1735436863, 12, 11, 77, 14, 0, 0.06%, 10, 0, 9, 326.18
1735436868, 12, 16, 77, 14, 0, 0.06%, 10, 0, 9, 344.67
1735436873, 12, 24, 77, 14, 0, 0.06%, 10, 0, 9, 344.30
1735436878, 12, 29, 77, 14, 0, 0.06%, 10, 0, 9, 329.80
1735436883, 12, 30, 77, 14, 0, 0.06%, 10, 0, 9, 316.06
1735436888, 12, 31, 77, 14, 0, 0.06%, 10, 0, 9, 350.94
1735436894, 12, 33, 77, 14, 0, 0.06%, 10, 0, 9, 367.33
1735436899, 12, 38, 77, 14, 0, 0.06%, 10, 0, 9, 341.15
1735436904, 12, 39, 77, 14, 0, 0.06%, 10, 0, 9, 352.34
1735436909, 12, 40, 77, 14, 0, 0.06%, 10, 0, 9, 319.65
1735436914, 12, 41, 77, 14, 0, 0.06%, 10, 0, 9, 354.08
1735436919, 12, 42, 77, 14, 0, 0.06%, 10, 0, 9, 342.90
1735436924, 12, 43, 77, 14, 0, 0.06%, 10, 0, 9, 362.24
1735436929, 12, 52, 77, 14, 0, 0.06%, 10, 0, 9, 328.94
1735436934, 12, 53, 77, 14, 0, 0.06%, 10, 0, 9, 331.28
1735436939, 12, 54, 77, 14, 0, 0.06%, 10, 0, 9, 357.60
1735436944, 12, 55, 77, 14, 0, 0.06%, 10, 0, 9, 387.04
1735436949, 12, 56, 77, 14, 0, 0.06%, 10, 0, 9, 391.92
1735436965, 12, 58, 77, 14, 0, 0.06%, 10, 0, 9, 337.97
1735436970, 12, 61, 77, 14, 0, 0.06%, 10, 0, 9, 328.91
1735436980, 12, 65, 77, 14, 0, 0.06%, 10, 0, 9, 343.31
1735436985, 12, 66, 77, 14, 0, 0.06%, 10, 0, 9, 300.56
1735436995, 12, 67, 77, 14, 0, 0.06%, 10, 0, 9, 381.68
1735437000, 12, 68, 77, 14, 0, 0.06%, 10, 0, 9, 354.43
1735437005, 12, 72, 77, 14, 0, 0.06%, 10, 0, 9, 333.41
1735437010, 12, 75, 77, 14, 0, 0.06%, 10, 0, 9, 329.47
1735437020, 12, 76, 77, 14, 0, 0.06%, 10, 0, 9, 402.23
1735437026, 13, 11, 77, 14, 0, 0.06%, 10, 0, 9, 336.61
1735437031, 13, 16, 77, 14, 0, 0.06%, 10, 0, 9, 358.26
1735437036, 13, 24, 77, 14, 0, 0.06%, 10, 0, 9, 345.56
1735437041, 13, 29, 77, 14, 0, 0.06%, 10, 0, 9, 333.09
1735437046, 13, 30, 77, 14, 0, 0.06%, 10, 0, 9, 326.25
1735437051, 13, 31, 77, 14, 0, 0.06%, 10, 0, 9, 348.31
1735437056, 13, 33, 77, 14, 0, 0.06%, 10, 0, 9, 363.55
1735437061, 13, 38, 77, 14, 0, 0.06%, 10, 0, 9, 347.97
1735437066, 13, 39, 77, 14, 0, 0.06%, 10, 0, 9, 367.70
1735437071, 13, 40, 77, 14, 0, 0.06%, 10, 0, 9, 328.46
1735437076, 13, 41, 77, 14, 0, 0.06%, 10, 0, 9, 359.57
1735437081, 13, 42, 77, 14, 0, 0.06%, 10, 0, 9, 349.23
1735437086, 13, 43, 77, 14, 0, 0.06%, 10, 0, 9, 350.95
1735437091, 13, 51, 77, 14, 0, 0.06%, 10, 0, 9, 342.10
1735437096, 13, 53, 77, 14, 0, 0.06%, 10, 0, 9, 330.44
1735437101, 13, 54, 77, 14, 0, 0.06%, 10, 0, 9, 347.30
1735437107, 13, 55, 77, 14, 0, 0.06%, 10, 0, 9, 367.20
1735437112, 13, 56, 77, 14, 0, 0.06%, 10, 0, 9, 427.31
1735437127, 13, 57, 77, 14, 0, 0.06%, 10, 0, 9, 353.90
1735437132, 13, 58, 77, 14, 0, 0.06%, 10, 0, 9, 354.30
1735437137, 13, 61, 77, 14, 0, 0.06%, 10, 0, 9, 349.26
1735437142, 13, 65, 77, 14, 0, 0.06%, 10, 0, 9, 352.47
1735437147, 13, 66, 77, 14, 0, 0.06%, 10, 0, 9, 312.38
1735437157, 13, 67, 77, 14, 0, 0.06%, 10, 0, 9, 329.72
1735437162, 13, 68, 77, 14, 0, 0.06%, 10, 0, 9, 340.77
1735437167, 13, 72, 77, 14, 0, 0.06%, 10, 0, 9, 345.26
1735437172, 13, 75, 77, 14, 0, 0.06%, 10, 0, 9, 325.29
1735437183, 13, 76, 77, 14, 0, 0.06%, 10, 0, 9, 403.08
1735437188, 14, 11, 77, 14, 0, 0.06%, 10, 0, 9, 349.03
1735437193, 14, 16, 77, 14, 0, 0.06%, 10, 0, 9, 363.32
1735437198, 14, 24, 77, 14, 0, 0.06%, 10, 0, 9, 346.60
1735437203, 14, 29, 77, 14, 0, 0.06%, 10, 0, 9, 342.48
1735437208, 14, 30, 77, 14, 0, 0.06%, 10, 0, 9, 305.94
1735437213, 14, 31, 77, 14, 0, 0.06%, 10, 0, 9, 343.88
1735437218, 14, 33, 77, 14, 0, 0.06%, 10, 0, 9, 364.72
1735437223, 14, 38, 77, 14, 0, 0.06%, 10, 0, 9, 347.35
1735437228, 14, 39, 77, 14, 0, 0.06%, 10, 0, 9, 360.24
1735437233, 14, 40, 77, 14, 0, 0.06%, 10, 0, 9, 329.80
1735437238, 14, 41, 77, 14, 0, 0.06%, 10, 0, 9, 349.35
1735437244, 14, 42, 77, 14, 0, 0.06%, 10, 0, 9, 341.63
1735437249, 14, 43, 77, 14, 0, 0.06%, 10, 0, 9, 352.94
1735437254, 14, 51, 77, 14, 0, 0.06%, 10, 0, 9, 344.70
1735437259, 14, 52, 77, 14, 0, 0.06%, 10, 0, 9, 326.21
1735437264, 14, 54, 77, 14, 0, 0.06%, 10, 0, 9, 347.70
1735437269, 14, 55, 77, 14, 0, 0.06%, 10, 0, 9, 368.16
1735437274, 14, 56, 77, 14, 0, 0.06%, 10, 0, 9, 441.15
1735437289, 14, 57, 77, 14, 0, 0.06%, 10, 0, 9, 361.50
1735437294, 14, 58, 77, 14, 0, 0.06%, 10, 0, 9, 365.11
1735437299, 14, 61, 77, 14, 0, 0.06%, 10, 0, 9, 343.70
1735437304, 14, 65, 77, 14, 0, 0.06%, 10, 0, 9, 353.05
1735437309, 14, 66, 77, 14, 0, 0.06%, 10, 0, 9, 319.18
1735437320, 14, 67, 77, 14, 0, 0.06%, 10, 0, 9, 362.50
1735437325, 14, 68, 77, 14, 0, 0.06%, 10, 0, 9, 380.13
1735437330, 14, 72, 77, 14, 0, 0.06%, 10, 0, 9, 345.25
1735437335, 14, 75, 77, 14, 0, 0.06%, 10, 0, 9, 337.93
1735437345, 14, 76, 77, 14, 0, 0.06%, 10, 0, 9, 372.61
1735437350, 15, 11, 77, 14, 0, 0.06%, 10, 0, 9, 326.00
1735437355, 15, 16, 77, 14, 0, 0.06%, 10, 0, 9, 359.84
1735437360, 15, 24, 77, 14, 0, 0.06%, 10, 0, 9, 343.16
1735437365, 15, 30, 77, 14, 0, 0.06%, 10, 0, 9, 346.69
1735437370, 15, 31, 77, 14, 0, 0.06%, 10, 0, 9, 373.69
1735437380, 15, 33, 77, 14, 0, 0.06%, 10, 0, 9, 354.84
1735437385, 15, 38, 77, 14, 0, 0.06%, 10, 0, 9, 339.69
1735437390, 15, 39, 77, 14, 0, 0.06%, 10, 0, 9, 345.08
1735437396, 15, 40, 77, 14, 0, 0.06%, 10, 0, 9, 322.67
1735437401, 15, 41, 77, 14, 0, 0.06%, 10, 0, 9, 358.21
1735437406, 15, 42, 77, 14, 0, 0.06%, 10, 0, 9, 331.33
1735437411, 15, 51, 77, 14, 0, 0.06%, 10, 0, 9, 348.05
1735437416, 15, 52, 77, 14, 0, 0.06%, 10, 0, 9, 369.28
1735437421, 15, 53, 77, 14, 0, 0.06%, 10, 0, 9, 380.08
1735437426, 15, 54, 77, 14, 0, 0.06%, 10, 0, 9, 367.86
1735437431, 15, 55, 77, 14, 0, 0.06%, 10, 0, 9, 362.90
1735437436, 15, 56, 77, 14, 0, 0.06%, 10, 0, 9, 335.87
1735437446, 15, 57, 77, 14, 0, 0.06%, 10, 0, 9, 364.51
1735437451, 15, 58, 77, 14, 0, 0.06%, 10, 0, 9, 367.43
1735437457, 15, 61, 77, 14, 0, 0.06%, 10, 0, 9, 342.45
1735437462, 15, 65, 77, 14, 0, 0.06%, 10, 0, 9, 311.52
1735437467, 15, 66, 77, 14, 0, 0.06%, 10, 0, 9, 399.38
1735437482, 15, 67, 77, 14, 0, 0.06%, 10, 0, 9, 380.82
1735437487, 15, 68, 77, 14, 0, 0.06%, 10, 0, 9, 384.37
1735437492, 15, 72, 77, 14, 0, 0.06%, 10, 0, 9, 349.42
1735437498, 15, 75, 77, 14, 0, 0.06%, 10, 0, 9, 395.21
1735437503, 15, 76, 77, 14, 0, 0.06%, 10, 0, 9, 340.28
1735437513, 16, 13, 77, 14, 0, 0.06%, 10, 0, 9, 342.73
1735437518, 16, 16, 77, 14, 0, 0.06%, 10, 0, 9, 333.08
1735437523, 16, 29, 77, 14, 0, 0.06%, 10, 0, 9, 335.16
1735437528, 16, 30, 77, 14, 0, 0.06%, 10, 0, 9, 368.89
1735437533, 16, 31, 77, 14, 0, 0.06%, 10, 0, 9, 322.62
1735437543, 16, 33, 77, 14, 0, 0.06%, 10, 0, 9, 346.94
1735437548, 16, 39, 77, 14, 0, 0.06%, 10, 0, 9, 346.09
1735437558, 16, 41, 77, 14, 0, 0.06%, 10, 0, 9, 323.07
1735437564, 16, 42, 77, 14, 0, 0.06%, 10, 0, 9, 387.50
1735437569, 16, 43, 77, 14, 0, 0.06%, 10, 0, 9, 373.20
1735437574, 16, 51, 77, 14, 0, 0.06%, 10, 0, 9, 361.41
1735437579, 16, 52, 77, 14, 0, 0.06%, 10, 0, 9, 358.01
1735437584, 16, 53, 77, 14, 0, 0.06%, 10, 0, 9, 338.68
1735437589, 16, 55, 77, 14, 0, 0.06%, 10, 0, 9, 363.85
1735437594, 16, 56, 77, 14, 0, 0.06%, 10, 0, 9, 381.61
1735437610, 16, 57, 77, 14, 0, 0.06%, 10, 0, 9, 356.88
1735437615, 16, 58, 77, 14, 0, 0.06%, 10, 0, 9, 379.07
1735437620, 16, 61, 77, 14, 0, 0.06%, 10, 0, 9, 318.37
1735437625, 16, 65, 77, 14, 0, 0.06%, 10, 0, 9, 363.72
1735437630, 16, 66, 77, 14, 0, 0.06%, 10, 0, 9, 375.19
1735437645, 16, 67, 77, 14, 0, 0.06%, 10, 0, 9, 353.85
1735437650, 16, 68, 77, 14, 0, 0.06%, 10, 0, 9, 379.43
1735437655, 16, 72, 77, 14, 0, 0.06%, 10, 0, 9, 334.50
1735437660, 16, 75, 77, 14, 0, 0.06%, 10, 0, 9, 383.73
1735437665, 16, 76, 77, 14, 0, 0.06%, 10, 0, 9, 332.73
1735437676, 17, 13, 77, 14, 0, 0.06%, 10, 0, 9, 335.61
1735437681, 17, 24, 77, 14, 0, 0.06%, 10, 0, 9, 370.91
1735437686, 17, 29, 77, 14, 0, 0.06%, 10, 0, 9, 371.81
1735437691, 17, 30, 77, 14, 0, 0.06%, 10, 0, 9, 324.21
1735437696, 17, 31, 77, 14, 0, 0.06%, 10, 0, 9, 292.04
1735437706, 17, 33, 77, 14, 0, 0.06%, 10, 0, 9, 313.75
1735437711, 17, 39, 77, 14, 0, 0.06%, 10, 0, 9, 344.23
1735437721, 17, 41, 77, 14, 0, 0.06%, 10, 0, 9, 361.55
1735437726, 17, 42, 77, 14, 0, 0.06%, 10, 0, 9, 379.85
1735437731, 17, 43, 77, 14, 0, 0.06%, 10, 0, 9, 363.47
1735437736, 17, 51, 77, 14, 0, 0.06%, 10, 0, 9, 348.95
1735437741, 17, 52, 77, 14, 0, 0.06%, 10, 0, 9, 342.54
1735437747, 17, 53, 77, 14, 0, 0.06%, 10, 0, 9, 333.37
1735437752, 17, 54, 77, 14, 0, 0.06%, 10, 0, 9, 341.11
1735437757, 17, 56, 77, 14, 0, 0.06%, 10, 0, 9, 357.85
1735437772, 17, 57, 77, 14, 0, 0.06%, 10, 0, 9, 353.26
1735437777, 17, 58, 77, 14, 0, 0.06%, 10, 0, 9, 351.50
1735437782, 17, 61, 77, 14, 0, 0.06%, 10, 0, 9, 326.83
1735437787, 17, 65, 77, 14, 0, 0.06%, 10, 0, 9, 332.85
1735437793, 17, 66, 77, 14, 0, 0.06%, 10, 0, 9, 420.49
1735437808, 17, 67, 77, 14, 0, 0.06%, 10, 0, 9, 367.63
1735437813, 17, 68, 77, 14, 0, 0.06%, 10, 0, 9, 349.97
1735437818, 17, 72, 77, 14, 0, 0.06%, 10, 0, 9, 351.96
1735437823, 17, 75, 77, 14, 0, 0.06%, 10, 0, 9, 391.19
1735437828, 17, 76, 77, 14, 0, 0.06%, 10, 0, 9, 323.89
1735437838, 18, 13, 77, 14, 0, 0.06%, 10, 0, 9, 353.53
1735437843, 18, 16, 77, 14, 0, 0.06%, 10, 0, 9, 344.45
1735437848, 18, 24, 77, 14, 0, 0.06%, 10, 0, 9, 325.77
1735437853, 18, 30, 77, 14, 0, 0.06%, 10, 0, 9, 339.18
1735437858, 18, 31, 77, 14, 0, 0.06%, 10, 0, 9, 364.12
1735437869, 18, 33, 77, 14, 0, 0.06%, 10, 0, 9, 350.48
1735437874, 18, 38, 77, 14, 0, 0.06%, 10, 0, 9, 329.12
1735437879, 18, 39, 77, 14, 0, 0.06%, 10, 0, 9, 338.25
1735437884, 18, 40, 77, 14, 0, 0.06%, 10, 0, 9, 310.49
1735437889, 18, 41, 77, 14, 0, 0.06%, 10, 0, 9, 333.38
1735437894, 18, 42, 77, 14, 0, 0.06%, 10, 0, 9, 343.47
1735437899, 18, 43, 77, 14, 0, 0.06%, 10, 0, 9, 334.88
1735437904, 18, 52, 77, 14, 0, 0.06%, 10, 0, 9, 345.80
1735437909, 18, 53, 77, 14, 0, 0.06%, 10, 0, 9, 361.73
1735437914, 18, 54, 77, 14, 0, 0.06%, 10, 0, 9, 382.24
1735437919, 18, 55, 77, 14, 0, 0.06%, 10, 0, 9, 373.34
1735437924, 18, 56, 77, 14, 0, 0.06%, 10, 0, 9, 373.49
1735437934, 18, 57, 77, 14, 0, 0.06%, 10, 0, 9, 379.05
1735437939, 18, 58, 77, 14, 0, 0.06%, 10, 0, 9, 356.77
1735437944, 18, 61, 77, 14, 0, 0.06%, 10, 0, 9, 340.20
1735437950, 18, 65, 77, 14, 0, 0.06%, 10, 0, 9, 319.45
1735437960, 18, 66, 77, 14, 0, 0.06%, 10, 0, 9, 280.48
1735437970, 18, 67, 77, 14, 0, 0.06%, 10, 0, 9, 388.99
1735437975, 18, 68, 77, 14, 0, 0.06%, 10, 0, 9, 367.95
1735437980, 18, 72, 77, 14, 0, 0.06%, 10, 0, 9, 360.62
1735437985, 18, 75, 77, 14, 0, 0.06%, 10, 0, 9, 316.49
1735437995, 18, 76, 77, 14, 0, 0.06%, 10, 0, 9, 387.66
1735438001, 19, 11, 77, 14, 0, 0.06%, 10, 0, 9, 326.13
1735438006, 19, 16, 77, 14, 0, 0.06%, 10, 0, 9, 360.58
1735438011, 19, 24, 77, 14, 0, 0.06%, 10, 0, 9, 338.80
1735438016, 19, 29, 77, 14, 0, 0.06%, 10, 0, 9, 322.93
1735438021, 19, 31, 77, 14, 0, 0.06%, 10, 0, 9, 337.49
1735438031, 19, 33, 77, 14, 0, 0.06%, 10, 0, 9, 357.44
1735438036, 19, 38, 77, 14, 0, 0.06%, 10, 0, 9, 351.54
1735438041, 19, 39, 77, 14, 0, 0.06%, 10, 0, 9, 359.12
1735438046, 19, 40, 77, 14, 0, 0.06%, 10, 0, 9, 319.97
1735438051, 19, 41, 77, 14, 0, 0.06%, 10, 0, 9, 329.67
1735438056, 19, 42, 77, 14, 0, 0.06%, 10, 0, 9, 349.66
1735438061, 19, 51, 77, 14, 0, 0.06%, 10, 0, 9, 351.26
1735438066, 19, 52, 77, 14, 0, 0.06%, 10, 0, 9, 384.62
1735438071, 19, 53, 77, 14, 0, 0.06%, 10, 0, 9, 384.04
1735438077, 19, 54, 77, 14, 0, 0.06%, 10, 0, 9, 361.58
1735438082, 19, 55, 77, 14, 0, 0.06%, 10, 0, 9, 356.02
1735438087, 19, 56, 77, 14, 0, 0.06%, 10, 0, 9, 351.53
1735438102, 19, 58, 77, 14, 0, 0.06%, 10, 0, 9, 322.81
1735438107, 19, 61, 77, 14, 0, 0.06%, 10, 0, 9, 332.26
1735438117, 19, 65, 77, 14, 0, 0.06%, 10, 0, 9, 335.62
1735438122, 19, 66, 77, 14, 0, 0.06%, 10, 0, 9, 306.94
1735438132, 19, 67, 77, 14, 0, 0.06%, 10, 0, 9, 328.99
1735438137, 19, 68, 77, 14, 0, 0.06%, 10, 0, 9, 342.73
1735438142, 19, 72, 77, 14, 0, 0.06%, 10, 0, 9, 348.70
1735438147, 19, 75, 77, 14, 0, 0.06%, 10, 0, 9, 349.71
1735438157, 19, 76, 77, 14, 0, 0.06%, 10, 0, 9, 408.60
1735438162, 20, 11, 77, 14, 0, 0.06%, 10, 0, 9, 343.52
1735438168, 20, 16, 77, 14, 0, 0.06%, 10, 0, 9, 353.93
1735438173, 20, 24, 77, 14, 0, 0.06%, 10, 0, 9, 337.71
1735438178, 20, 30, 77, 14, 0, 0.06%, 10, 0, 9, 355.14
1735438183, 20, 31, 77, 14, 0, 0.06%, 10, 0, 9, 363.66
1735438193, 20, 33, 77, 14, 0, 0.06%, 10, 0, 9, 356.11
1735438198, 20, 38, 77, 14, 0, 0.06%, 10, 0, 9, 340.06
1735438203, 20, 39, 77, 14, 0, 0.06%, 10, 0, 9, 348.64
1735438208, 20, 40, 77, 14, 0, 0.06%, 10, 0, 9, 308.85
1735438213, 20, 41, 77, 14, 0, 0.06%, 10, 0, 9, 334.08
1735438218, 20, 43, 77, 14, 0, 0.06%, 10, 0, 9, 345.86
1735438223, 20, 51, 77, 14, 0, 0.06%, 10, 0, 9, 365.29
1735438228, 20, 52, 77, 14, 0, 0.06%, 10, 0, 9, 378.88
1735438233, 20, 53, 77, 14, 0, 0.06%, 10, 0, 9, 370.14
1735438239, 20, 54, 77, 14, 0, 0.06%, 10, 0, 9, 368.69
1735438244, 20, 55, 77, 14, 0, 0.06%, 10, 0, 9, 363.85
1735438249, 20, 56, 77, 14, 0, 0.06%, 10, 0, 9, 319.97
1735438259, 20, 57, 77, 14, 0, 0.06%, 10, 0, 9, 384.56
1735438264, 20, 58, 77, 14, 0, 0.06%, 10, 0, 9, 372.24
1735438269, 20, 61, 77, 14, 0, 0.06%, 10, 0, 9, 342.10
1735438274, 20, 65, 77, 14, 0, 0.06%, 10, 0, 9, 306.05
1735438279, 20, 66, 77, 14, 0, 0.06%, 10, 0, 9, 382.09
1735438294, 20, 67, 77, 14, 0, 0.06%, 10, 0, 9, 375.91
1735438299, 20, 68, 77, 14, 0, 0.06%, 10, 0, 9, 386.09
1735438304, 20, 72, 77, 14, 0, 0.06%, 10, 0, 9, 352.36
1735438310, 20, 75, 77, 14, 0, 0.06%, 10, 0, 9, 315.78
1735438320, 20, 76, 77, 14, 0, 0.06%, 10, 0, 9, 353.16
1735438325, 21, 11, 77, 14, 0, 0.06%, 10, 0, 9, 318.64
1735438330, 21, 16, 77, 14, 0, 0.06%, 10, 0, 9, 347.86
1735438335, 21, 24, 77, 14, 0, 0.06%, 10, 0, 9, 334.29
1735438340, 21, 29, 77, 14, 0, 0.06%, 10, 0, 9, 322.69
1735438345, 21, 33, 77, 14, 0, 0.06%, 10, 0, 9, 319.33
1735438350, 21, 38, 77, 14, 0, 0.06%, 10, 0, 9, 358.47
1735438355, 21, 39, 77, 14, 0, 0.06%, 10, 0, 9, 317.11
1735438360, 21, 40, 77, 14, 0, 0.06%, 10, 0, 9, 330.79
1735438365, 21, 41, 77, 14, 0, 0.06%, 10, 0, 9, 334.01
1735438370, 21, 42, 77, 14, 0, 0.06%, 10, 0, 9, 361.66
1735438375, 21, 43, 77, 14, 0, 0.06%, 10, 0, 9, 369.67
1735438380, 21, 52, 77, 14, 0, 0.06%, 10, 0, 9, 363.43
1735438386, 21, 53, 77, 14, 0, 0.06%, 10, 0, 9, 362.00
1735438391, 21, 54, 77, 14, 0, 0.06%, 10, 0, 9, 348.80
1735438396, 21, 55, 77, 14, 0, 0.06%, 10, 0, 9, 347.06
1735438401, 21, 56, 77, 14, 0, 0.06%, 10, 0, 9, 284.48
1735438411, 21, 57, 77, 14, 0, 0.06%, 10, 0, 9, 393.99
1735438416, 21, 58, 77, 14, 0, 0.06%, 10, 0, 9, 357.68
1735438421, 21, 65, 77, 14, 0, 0.06%, 10, 0, 9, 373.34
1735438426, 21, 66, 77, 14, 0, 0.06%, 10, 0, 9, 393.70
1735438442, 21, 67, 77, 14, 0, 0.06%, 10, 0, 9, 353.71
1735438447, 21, 68, 77, 14, 0, 0.06%, 10, 0, 9, 361.20
1735438452, 21, 75, 77, 14, 0, 0.06%, 10, 0, 9, 384.41
1735438457, 21, 76, 77, 14, 0, 0.06%, 10, 0, 9, 370.26
1735438467, 22, 16, 77, 14, 0, 0.06%, 10, 0, 9, 343.38
1735438472, 22, 24, 77, 14, 0, 0.06%, 10, 0, 9, 329.27
1735438477, 22, 29, 77, 14, 0, 0.06%, 10, 0, 9, 332.62
1735438482, 22, 38, 77, 14, 0, 0.06%, 10, 0, 9, 345.04
1735438487, 22, 39, 77, 14, 0, 0.06%, 10, 0, 9, 313.69
1735438492, 22, 40, 77, 14, 0, 0.06%, 10, 0, 9, 345.73
1735438498, 22, 41, 77, 14, 0, 0.06%, 10, 0, 9, 353.42
1735438503, 22, 42, 77, 14, 0, 0.06%, 10, 0, 9, 372.70
1735438508, 22, 43, 77, 14, 0, 0.06%, 10, 0, 9, 358.51
1735438513, 22, 52, 77, 14, 0, 0.06%, 10, 0, 9, 360.98
1735438518, 22, 53, 77, 14, 0, 0.06%, 10, 0, 9, 363.86
1735438523, 22, 54, 77, 14, 0, 0.06%, 10, 0, 9, 358.74
1735438528, 22, 56, 77, 14, 0, 0.06%, 10, 0, 9, 356.35
1735438543, 22, 57, 77, 14, 0, 0.06%, 10, 0, 9, 380.39
1735438548, 22, 58, 77, 14, 0, 0.06%, 10, 0, 9, 375.01
1735438553, 22, 65, 77, 14, 0, 0.06%, 10, 0, 9, 362.66
1735438558, 22, 66, 77, 14, 0, 0.06%, 10, 0, 9, 382.26
1735438574, 22, 67, 77, 14, 0, 0.06%, 10, 0, 9, 356.97
1735438579, 22, 68, 77, 14, 0, 0.06%, 10, 0, 9, 342.39
1735438584, 22, 75, 77, 14, 0, 0.06%, 10, 0, 9, 370.00
1735438589, 22, 76, 77, 14, 0, 0.06%, 10, 0, 9, 347.07
1735438599, 23, 16, 77, 14, 0, 0.06%, 10, 0, 9, 357.78
1735438604, 23, 24, 77, 14, 0, 0.06%, 10, 0, 9, 340.46
1735438610, 23, 33, 77, 14, 0, 0.06%, 10, 0, 9, 369.13
1735438615, 23, 38, 77, 14, 0, 0.06%, 10, 0, 9, 376.84
1735438620, 23, 39, 77, 14, 0, 0.06%, 10, 0, 9, 351.47
1735438625, 23, 40, 77, 14, 0, 0.06%, 10, 0, 9, 329.64
1735438630, 23, 41, 77, 14, 0, 0.06%, 10, 0, 9, 364.44
1735438635, 23, 42, 77, 14, 0, 0.06%, 10, 0, 9, 358.03
1735438640, 23, 43, 77, 14, 0, 0.06%, 10, 0, 9, 357.74
1735438645, 23, 52, 77, 14, 0, 0.06%, 10, 0, 9, 350.99
1735438650, 23, 53, 77, 14, 0, 0.06%, 10, 0, 9, 344.41
1735438655, 23, 54, 77, 14, 0, 0.06%, 10, 0, 9, 341.32
1735438661, 23, 55, 77, 14, 0, 0.06%, 10, 0, 9, 311.05
1735438666, 23, 56, 77, 14, 0, 0.06%, 10, 0, 9, 275.96
1735438676, 23, 57, 77, 14, 0, 0.06%, 10, 0, 9, 372.59
1735438681, 23, 58, 77, 14, 0, 0.06%, 10, 0, 9, 368.66
1735438686, 23, 65, 77, 14, 0, 0.06%, 10, 0, 9, 377.54
1735438691, 23, 67, 77, 14, 0, 0.06%, 10, 0, 9, 371.85
1735438696, 23, 68, 77, 14, 0, 0.06%, 10, 0, 9, 391.84
1735438701, 23, 75, 77, 14, 0, 0.06%, 10, 0, 9, 377.02
1735438711, 23, 76, 77, 14, 0, 0.06%, 10, 0, 9, 382.61
1735438716, 24, 16, 77, 14, 0, 0.06%, 10, 0, 9, 371.18
1735438721, 24, 24, 77, 14, 0, 0.06%, 10, 0, 9, 352.18
1735438726, 24, 29, 77, 14, 0, 0.06%, 10, 0, 9, 378.13
1735438731, 24, 38, 77, 14, 0, 0.06%, 10, 0, 9, 341.94
1735438736, 24, 39, 77, 14, 0, 0.06%, 10, 0, 9, 363.15
1735438742, 24, 40, 77, 14, 0, 0.06%, 10, 0, 9, 335.56
1735438747, 24, 41, 77, 14, 0, 0.06%, 10, 0, 9, 341.62
1735438752, 24, 42, 77, 14, 0, 0.06%, 10, 0, 9, 337.06
1735438757, 24, 43, 77, 14, 0, 0.06%, 10, 0, 9, 337.24
1735438762, 24, 53, 77, 14, 0, 0.06%, 10, 0, 9, 335.31
1735438767, 24, 54, 77, 14, 0, 0.06%, 10, 0, 9, 368.37
1735438772, 24, 55, 77, 14, 0, 0.06%, 10, 0, 9, 393.59
1735438777, 24, 56, 77, 14, 0, 0.06%, 10, 0, 9, 396.75
1735438792, 24, 58, 77, 14, 0, 0.06%, 10, 0, 9, 350.64
1735438797, 24, 65, 77, 14, 0, 0.06%, 10, 0, 9, 358.75
1735438802, 24, 67, 77, 14, 0, 0.06%, 10, 0, 9, 357.67
1735438808, 24, 68, 77, 14, 0, 0.06%, 10, 0, 9, 362.96
1735438813, 24, 75, 77, 14, 0, 0.06%, 10, 0, 9, 375.39
1735438823, 24, 76, 77, 14, 0, 0.06%, 10, 0, 9, 399.75
1735438828, 25, 13, 77, 14, 0, 0.06%, 10, 0, 9, 362.03
1735438833, 25, 16, 77, 14, 0, 0.06%, 10, 0, 9, 340.06
1735438838, 25, 29, 77, 14, 0, 0.06%, 10, 0, 9, 363.89
1735438843, 25, 38, 77, 14, 0, 0.06%, 10, 0, 9, 371.90
1735438848, 25, 39, 78, 15, 0, 0.06%, 10, 0, 9, 333.92
1735438853, 25, 40, 78, 15, 0, 0.06%, 10, 0, 9, 312.15
1735438858, 25, 41, 78, 15, 0, 0.06%, 10, 0, 9, 359.49
1735438863, 25, 42, 78, 15, 0, 0.06%, 10, 0, 9, 382.41
1735438868, 25, 43, 78, 15, 0, 0.06%, 10, 0, 9, 380.13
1735438873, 25, 44, 78, 15, 0, 0.06%, 10, 0, 9, 476.28
1735438889, 25, 45, 78, 15, 0, 0.06%, 10, 0, 9, 419.08
1735438899, 25, 46, 78, 15, 0, 0.06%, 10, 0, 9, 347.10
1735438909, 25, 47, 78, 15, 0, 0.06%, 10, 0, 9, 418.94
1735438924, 25, 48, 78, 15, 0, 0.06%, 10, 0, 9, 343.68
1735439001, 25, 49, 78, 15, 0, 0.06%, 10, 0, 9, 362.97
1735439077, 25, 50, 78, 15, 0, 0.06%, 10, 0, 9, 395.78
1735439108, 25, 51, 78, 14, 0, 0.06%, 10, 0, 9, 366.22
1735439118, 25, 53, 78, 14, 0, 0.06%, 10, 0, 9, 335.65
1735439123, 25, 54, 78, 14, 0, 0.06%, 10, 0, 9, 352.55
1735439128, 25, 55, 78, 14, 0, 0.06%, 10, 0, 9, 378.95
1735439138, 25, 56, 78, 14, 0, 0.06%, 10, 0, 9, 386.77
1735439154, 25, 57, 78, 14, 0, 0.06%, 10, 0, 9, 435.33
1735439169, 25, 58, 78, 14, 0, 0.06%, 10, 0, 9, 464.84
1735439200, 25, 59, 78, 14, 0, 0.06%, 10, 0, 9, 398.17
1735439210, 25, 60, 78, 14, 0, 0.06%, 10, 0, 9, 386.05
