# unix_time, cycles_done, cur_path, paths_total, pending_total, pending_favs, map_size, unique_crashes, unique_hangs, max_depth, execs_per_sec
1735157812, 0, 0, 10, 10, 1, 0.00%, 0, 0, 1, 175.05
1735157817, 0, 2, 10, 10, 1, 0.00%, 0, 0, 1, 202.55
1735157823, 0, 3, 10, 9, 0, 0.00%, 0, 0, 1, 207.61
1735157828, 0, 4, 10, 8, 0, 0.00%, 0, 0, 1, 205.73
1735157838, 0, 5, 10, 7, 0, 0.00%, 0, 0, 1, 212.33
1735157843, 0, 6, 10, 6, 0, 0.00%, 0, 0, 1, 198.73
1735157853, 0, 7, 10, 5, 0, 0.00%, 0, 0, 1, 212.72
1735157858, 0, 8, 10, 4, 0, 0.00%, 0, 0, 1, 194.06
1735157868, 0, 9, 10, 3, 0, 0.00%, 0, 0, 1, 213.52
1735157873, 1, 0, 10, 2, 0, 0.00%, 0, 0, 1, 212.25
1735157883, 1, 1, 10, 1, 0, 0.00%, 0, 0, 1, 211.76
1735157894, 1, 2, 10, 0, 0, 0.00%, 0, 0, 1, 209.83
1735157904, 1, 4, 10, 0, 0, 0.00%, 0, 0, 1, 207.13
1735157909, 1, 5, 10, 0, 0, 0.00%, 0, 0, 1, 210.32
1735157914, 1, 7, 10, 0, 0, 0.00%, 0, 0, 1, 210.42
1735157919, 1, 8, 10, 0, 0, 0.00%, 0, 0, 1, 208.24
1735157924, 1, 9, 10, 0, 0, 0.00%, 0, 0, 1, 207.28
1735157929, 2, 1, 10, 0, 0, 0.00%, 0, 0, 1, 208.00
1735157934, 2, 2, 10, 0, 0, 0.00%, 0, 0, 1, 208.27
1735157939, 2, 4, 10, 0, 0, 0.00%, 0, 0, 1, 210.01
1735157945, 2, 5, 10, 0, 0, 0.00%, 0, 0, 1, 209.35
1735157950, 2, 6, 10, 0, 0, 0.00%, 0, 0, 1, 209.01
1735157955, 2, 8, 10, 0, 0, 0.00%, 0, 0, 1, 204.26
1735157960, 2, 9, 10, 0, 0, 0.00%, 0, 0, 1, 207.76
1735157965, 3, 1, 10, 0, 0, 0.00%, 0, 0, 1, 209.27
1735157970, 3, 2, 10, 0, 0, 0.00%, 0, 0, 1, 210.00
1735157975, 3, 4, 10, 0, 0, 0.00%, 0, 0, 1, 212.48
1735157980, 3, 5, 10, 0, 0, 0.00%, 0, 0, 1, 212.75
1735157985, 3, 6, 10, 0, 0, 0.00%, 0, 0, 1, 206.46
1735157991, 3, 8, 10, 0, 0, 0.00%, 0, 0, 1, 208.31
1735157996, 3, 9, 10, 0, 0, 0.00%, 0, 0, 1, 209.45
1735158001, 4, 1, 10, 0, 0, 0.00%, 0, 0, 1, 206.80
1735158006, 4, 2, 10, 0, 0, 0.00%, 0, 0, 1, 209.92
1735158011, 4, 4, 10, 0, 0, 0.00%, 0, 0, 1, 207.23
1735158016, 4, 5, 10, 0, 0, 0.00%, 0, 0, 1, 209.97
1735158021, 4, 6, 10, 0, 0, 0.00%, 0, 0, 1, 207.16
1735158026, 4, 8, 10, 0, 0, 0.00%, 0, 0, 1, 212.66
1735158031, 4, 9, 10, 0, 0, 0.00%, 0, 0, 1, 208.43
1735158036, 5, 1, 10, 0, 0, 0.00%, 0, 0, 1, 206.25
1735158041, 5, 2, 10, 0, 0, 0.00%, 0, 0, 1, 208.18
1735158046, 5, 3, 10, 0, 0, 0.00%, 0, 0, 1, 206.94
1735158051, 5, 5, 10, 0, 0, 0.00%, 0, 0, 1, 210.43
1735158056, 5, 6, 10, 0, 0, 0.00%, 0, 0, 1, 211.73
1735158062, 5, 8, 10, 0, 0, 0.00%, 0, 0, 1, 210.40
1735158067, 5, 9, 10, 0, 0, 0.00%, 0, 0, 1, 210.74
1735158072, 6, 0, 10, 0, 0, 0.00%, 0, 0, 1, 210.26
1735158077, 6, 10, 11, 1, 1, 0.05%, 1, 0, 2, 218.54
1735158087, 6, 10, 12, 2, 1, 0.05%, 2, 0, 3, 237.42
1735158205, 6, 11, 12, 1, 1, 0.05%, 2, 0, 3, 208.99
1735158210, 6, 11, 14, 3, 1, 0.05%, 2, 0, 4, 255.38
1735158215, 6, 11, 15, 4, 1, 0.05%, 2, 0, 4, 274.09
1735158225, 6, 11, 16, 5, 1, 0.05%, 3, 0, 4, 276.79
1735158230, 6, 11, 17, 6, 1, 0.05%, 3, 0, 4, 276.18
1735158235, 6, 11, 18, 7, 1, 0.05%, 4, 0, 4, 275.52
1735158251, 6, 11, 19, 8, 1, 0.06%, 5, 0, 4, 279.35
1735158276, 6, 11, 20, 9, 1, 0.06%, 6, 0, 4, 279.21
1735158281, 6, 11, 21, 10, 1, 0.06%, 7, 0, 4, 277.06
1735158312, 6, 19, 22, 10, 5, 0.06%, 8, 0, 5, 259.35
1735158317, 6, 19, 24, 12, 5, 0.06%, 9, 0, 5, 254.94
1735158332, 6, 19, 25, 13, 5, 0.06%, 9, 0, 5, 233.98
1735158378, 6, 19, 26, 14, 5, 0.06%, 9, 0, 5, 241.84
1735158440, 6, 23, 27, 14, 7, 0.06%, 9, 0, 5, 276.49
1735158445, 6, 23, 28, 15, 7, 0.06%, 9, 0, 6, 263.05
1735158495, 6, 23, 29, 16, 7, 0.06%, 9, 0, 6, 241.96
1735158521, 6, 23, 30, 17, 7, 0.06%, 9, 0, 6, 249.11
1735158526, 6, 23, 31, 18, 7, 0.06%, 9, 0, 6, 251.19
1735158556, 6, 23, 32, 19, 7, 0.06%, 9, 0, 6, 288.84
1735158566, 6, 28, 32, 18, 6, 0.06%, 9, 0, 6, 398.22
1735158612, 6, 28, 34, 20, 6, 0.06%, 9, 0, 7, 435.25
1735158617, 6, 28, 36, 22, 6, 0.06%, 9, 0, 7, 377.77
1735158628, 6, 28, 37, 23, 6, 0.06%, 9, 0, 7, 368.18
1735158633, 6, 28, 38, 24, 6, 0.06%, 9, 0, 7, 367.66
1735158658, 6, 28, 40, 26, 6, 0.06%, 9, 0, 7, 370.62
1735158683, 6, 28, 41, 27, 6, 0.06%, 9, 0, 7, 307.19
1735158699, 6, 29, 41, 26, 6, 0.06%, 9, 0, 7, 368.49
1735158709, 6, 29, 42, 27, 6, 0.06%, 9, 0, 7, 426.71
1735158719, 6, 29, 43, 28, 6, 0.06%, 9, 0, 7, 440.11
1735158775, 7, 18, 43, 27, 6, 0.06%, 9, 0, 7, 256.64
1735158780, 7, 18, 44, 28, 6, 0.06%, 9, 0, 7, 268.67
1735158795, 7, 18, 45, 29, 6, 0.06%, 9, 0, 7, 272.57
1735158800, 7, 18, 46, 30, 6, 0.06%, 9, 0, 7, 272.49
1735158907, 7, 18, 47, 31, 6, 0.06%, 9, 0, 7, 285.50
1735158912, 7, 20, 47, 30, 5, 0.06%, 9, 0, 7, 300.05
1735158917, 7, 20, 48, 31, 5, 0.06%, 9, 0, 7, 299.69
1735158922, 7, 20, 49, 32, 5, 0.06%, 9, 0, 7, 306.81
1735158933, 7, 20, 50, 33, 5, 0.06%, 9, 0, 7, 304.98
1735159029, 7, 21, 50, 32, 4, 0.06%, 9, 0, 7, 313.75
1735159034, 7, 21, 51, 33, 4, 0.06%, 9, 0, 7, 282.07
1735159050, 7, 21, 52, 34, 4, 0.06%, 9, 0, 7, 285.07
1735159091, 7, 21, 53, 35, 4, 0.06%, 9, 0, 7, 283.19
1735159142, 7, 21, 54, 36, 4, 0.06%, 9, 0, 7, 285.67
1735159162, 7, 22, 54, 35, 3, 0.06%, 9, 0, 7, 417.16
1735159177, 7, 22, 55, 36, 3, 0.06%, 9, 0, 7, 473.62
1735159182, 7, 22, 56, 37, 3, 0.06%, 9, 0, 7, 470.50
1735159243, 7, 24, 56, 36, 2, 0.06%, 9, 0, 7, 381.25
1735159268, 7, 24, 58, 38, 2, 0.06%, 9, 0, 7, 502.91
1735159328, 7, 28, 58, 37, 2, 0.06%, 9, 0, 7, 307.61
1735159333, 7, 28, 59, 38, 2, 0.06%, 9, 0, 7, 354.45
1735159343, 7, 31, 59, 38, 2, 0.06%, 9, 0, 7, 435.84
1735159374, 7, 32, 59, 37, 2, 0.06%, 9, 0, 7, 306.29
1735159471, 7, 38, 59, 36, 2, 0.06%, 9, 0, 7, 345.32
1735159548, 7, 38, 61, 38, 2, 0.06%, 9, 0, 8, 491.51
1735159578, 7, 38, 62, 39, 2, 0.06%, 9, 0, 8, 494.24
1735159624, 7, 40, 62, 38, 2, 0.06%, 9, 0, 8, 453.51
1735159659, 7, 41, 62, 37, 2, 0.06%, 9, 0, 8, 479.11
1735159695, 7, 50, 62, 36, 2, 0.06%, 9, 0, 8, 317.03
1735159730, 7, 51, 62, 35, 2, 0.06%, 9, 0, 8, 423.17
1735159761, 7, 52, 62, 34, 2, 0.06%, 9, 0, 8, 362.72
1735159786, 7, 52, 64, 36, 2, 0.06%, 9, 0, 8, 487.28
1735159893, 7, 54, 64, 35, 2, 0.06%, 9, 0, 8, 383.98
1735159986, 7, 54, 65, 36, 2, 0.06%, 9, 0, 8, 495.43
1735159991, 7, 54, 66, 37, 2, 0.06%, 9, 0, 8, 490.86
1735160051, 7, 55, 66, 36, 2, 0.06%, 9, 0, 8, 436.74
1735160082, 7, 56, 66, 35, 2, 0.06%, 9, 0, 8, 425.50
1735160113, 7, 56, 67, 36, 2, 0.06%, 9, 0, 8, 386.27
1735160118, 7, 56, 68, 37, 2, 0.06%, 9, 0, 8, 359.29
1735160123, 7, 57, 68, 36, 2, 0.06%, 9, 0, 8, 470.21
1735160163, 7, 58, 68, 35, 2, 0.06%, 9, 0, 8, 451.98
1735160168, 7, 58, 69, 36, 2, 0.06%, 9, 0, 8, 469.69
1735160246, 7, 58, 70, 37, 2, 0.06%, 9, 0, 8, 488.84
1735160266, 7, 58, 71, 38, 2, 0.06%, 9, 0, 8, 499.66
1735160322, 7, 59, 71, 37, 2, 0.06%, 9, 0, 8, 482.03
1735160327, 7, 59, 72, 38, 2, 0.06%, 9, 0, 9, 537.13
1735160337, 7, 59, 73, 39, 2, 0.06%, 9, 0, 9, 501.02
1735160398, 8, 17, 73, 38, 2, 0.06%, 9, 0, 9, 285.30
1735160439, 8, 29, 73, 37, 1, 0.06%, 9, 0, 9, 302.86
1735160449, 8, 30, 73, 37, 1, 0.06%, 9, 0, 9, 399.34
1735160479, 8, 40, 73, 36, 1, 0.06%, 9, 0, 9, 320.99
1735160489, 8, 41, 73, 36, 1, 0.06%, 9, 0, 9, 364.71
1735160500, 8, 42, 73, 36, 1, 0.06%, 9, 0, 9, 403.41
1735160535, 8, 42, 74, 37, 1, 0.06%, 9, 0, 9, 390.71
1735160545, 8, 42, 75, 38, 1, 0.06%, 9, 0, 9, 447.91
1735160617, 8, 43, 75, 37, 1, 0.06%, 9, 0, 9, 282.37
1735160662, 8, 44, 75, 36, 1, 0.06%, 9, 0, 9, 310.18
1735160697, 8, 50, 75, 35, 1, 0.06%, 9, 0, 9, 362.90
1735160708, 8, 51, 75, 35, 1, 0.06%, 9, 0, 9, 340.04
1735160713, 8, 52, 75, 35, 1, 0.06%, 9, 0, 9, 319.31
1735160723, 8, 53, 75, 35, 1, 0.06%, 9, 0, 9, 358.59
1735160789, 8, 54, 75, 34, 1, 0.06%, 9, 0, 9, 393.51
1735160794, 8, 55, 75, 34, 1, 0.06%, 9, 0, 9, 382.47
1735160804, 8, 56, 75, 34, 1, 0.06%, 9, 0, 9, 404.64
1735160815, 8, 57, 75, 34, 1, 0.06%, 9, 0, 9, 378.42
1735160820, 8, 58, 75, 34, 1, 0.06%, 9, 0, 9, 342.22
1735160830, 8, 59, 75, 34, 1, 0.06%, 9, 0, 9, 379.60
1735160845, 8, 60, 75, 34, 1, 0.06%, 9, 0, 9, 381.87
1735160942, 8, 61, 75, 33, 1, 0.06%, 9, 0, 9, 314.12
1735161029, 8, 61, 76, 34, 1, 0.06%, 9, 0, 9, 358.28
1735161044, 8, 64, 76, 33, 1, 0.06%, 9, 0, 9, 362.55
1735161131, 8, 65, 76, 32, 1, 0.06%, 9, 0, 9, 360.49
1735161213, 8, 66, 76, 31, 1, 0.06%, 9, 0, 9, 296.39
1735161314, 8, 68, 76, 30, 1, 0.06%, 9, 0, 9, 478.06
1735161436, 8, 69, 76, 29, 1, 0.06%, 9, 0, 9, 396.89
1735161524, 8, 70, 76, 28, 1, 0.06%, 9, 0, 9, 467.27
1735161626, 8, 70, 77, 29, 1, 0.06%, 9, 0, 9, 471.96
1735161672, 8, 70, 78, 30, 1, 0.06%, 9, 0, 9, 367.22
1735161692, 8, 73, 78, 29, 1, 0.06%, 9, 0, 9, 399.21
1735162241, 8, 74, 78, 28, 1, 0.06%, 9, 0, 9, 382.23
1735162348, 8, 75, 78, 27, 1, 0.06%, 9, 0, 9, 352.98
1735162399, 8, 76, 78, 26, 1, 0.06%, 9, 0, 9, 362.41
1735162501, 8, 77, 78, 25, 1, 0.06%, 9, 0, 9, 400.51
1735162618, 9, 15, 78, 24, 1, 0.06%, 9, 0, 9, 320.53
1735162649, 9, 18, 78, 23, 0, 0.06%, 9, 0, 9, 295.31
1735162659, 9, 19, 78, 23, 0, 0.06%, 9, 0, 9, 283.78
1735162669, 9, 20, 78, 23, 0, 0.06%, 9, 0, 9, 293.18
1735162679, 9, 21, 78, 23, 0, 0.06%, 9, 0, 9, 295.25
1735162689, 9, 22, 78, 23, 0, 0.06%, 9, 0, 9, 367.65
1735162694, 9, 24, 78, 23, 0, 0.06%, 9, 0, 9, 317.78
1735162704, 9, 25, 78, 23, 0, 0.06%, 9, 0, 9, 359.49
1735162735, 9, 28, 78, 22, 0, 0.06%, 9, 0, 9, 318.93
1735162745, 9, 31, 78, 22, 0, 0.06%, 9, 0, 9, 370.43
1735162755, 9, 32, 78, 22, 0, 0.06%, 9, 0, 9, 330.72
1735162765, 9, 33, 78, 22, 0, 0.06%, 9, 0, 9, 354.98
1735162811, 9, 34, 78, 21, 0, 0.06%, 9, 0, 9, 394.64
1735162881, 9, 35, 78, 20, 0, 0.06%, 9, 0, 9, 361.11
1735162963, 9, 36, 78, 19, 0, 0.06%, 9, 0, 9, 266.16
1735163389, 9, 38, 78, 18, 0, 0.06%, 9, 0, 9, 323.55
1735163399, 9, 43, 78, 18, 0, 0.06%, 9, 0, 9, 299.83
1735163410, 9, 44, 78, 18, 0, 0.06%, 9, 0, 9, 339.01
1735163420, 9, 45, 78, 18, 0, 0.06%, 9, 0, 9, 412.73
1735163461, 9, 46, 79, 18, 0, 0.06%, 9, 0, 9, 452.93
1735163496, 9, 50, 79, 17, 0, 0.06%, 9, 0, 9, 328.17
1735163506, 9, 51, 79, 17, 0, 0.06%, 9, 0, 9, 385.05
1735163516, 9, 52, 79, 17, 0, 0.06%, 9, 0, 9, 458.30
1735163623, 9, 54, 79, 17, 0, 0.06%, 9, 0, 9, 312.70
1735163633, 9, 55, 79, 17, 0, 0.06%, 9, 0, 9, 402.47
1735163644, 9, 56, 79, 17, 0, 0.06%, 9, 0, 9, 379.15
1735163649, 9, 57, 79, 17, 0, 0.06%, 9, 0, 9, 349.18
1735163659, 9, 62, 79, 17, 0, 0.06%, 9, 0, 9, 373.67
1735163756, 9, 64, 79, 16, 0, 0.06%, 9, 0, 9, 366.48
1735163766, 9, 65, 79, 16, 0, 0.06%, 9, 0, 9, 347.89
1735163776, 9, 66, 79, 16, 0, 0.06%, 9, 0, 9, 400.00
1735163786, 9, 67, 79, 16, 0, 0.06%, 9, 0, 9, 377.79
1735163883, 9, 68, 79, 15, 0, 0.06%, 9, 0, 9, 308.83
1735163898, 9, 69, 79, 15, 0, 0.06%, 9, 0, 9, 404.91
1735163913, 9, 70, 79, 15, 0, 0.06%, 9, 0, 9, 417.71
1735163923, 9, 71, 79, 15, 0, 0.06%, 9, 0, 9, 308.62
1735164143, 9, 72, 79, 14, 0, 0.06%, 9, 0, 9, 496.99
1735164189, 9, 73, 79, 13, 0, 0.06%, 9, 0, 9, 370.00
1735164225, 9, 74, 79, 13, 0, 0.06%, 9, 0, 9, 426.26
1735164322, 9, 75, 79, 13, 0, 0.06%, 9, 0, 9, 471.99
1735164342, 9, 76, 79, 13, 0, 0.06%, 9, 0, 9, 337.59
1735164372, 9, 77, 79, 13, 0, 0.06%, 9, 0, 9, 443.64
1735164398, 9, 78, 80, 14, 0, 0.06%, 9, 0, 9, 373.85
1735164505, 9, 79, 80, 13, 0, 0.06%, 9, 0, 9, 350.73
1735164611, 10, 15, 80, 12, 0, 0.06%, 9, 0, 9, 359.51
1735164616, 10, 18, 80, 12, 0, 0.06%, 9, 0, 9, 307.38
1735164626, 10, 19, 80, 12, 0, 0.06%, 9, 0, 9, 290.83
1735164641, 10, 20, 80, 12, 0, 0.06%, 9, 0, 9, 300.71
1735164647, 10, 21, 80, 12, 0, 0.06%, 9, 0, 9, 297.72
1735164657, 10, 22, 80, 12, 0, 0.06%, 9, 0, 9, 358.08
1735164667, 10, 24, 80, 12, 0, 0.06%, 9, 0, 9, 393.71
1735164677, 10, 25, 80, 12, 0, 0.06%, 9, 0, 9, 343.70
1735164682, 10, 28, 80, 12, 0, 0.06%, 9, 0, 9, 310.14
1735164692, 10, 31, 80, 12, 0, 0.06%, 9, 0, 9, 346.94
1735164697, 10, 32, 80, 12, 0, 0.06%, 9, 0, 9, 301.36
1735164707, 10, 33, 80, 12, 0, 0.06%, 9, 0, 9, 338.19
1735164717, 10, 34, 80, 12, 0, 0.06%, 9, 0, 9, 323.78
1735164727, 10, 35, 80, 12, 0, 0.06%, 9, 0, 9, 372.87
1735164737, 10, 36, 80, 12, 0, 0.06%, 9, 0, 9, 348.63
1735164753, 10, 37, 80, 12, 0, 0.06%, 9, 0, 9, 327.30
1735164834, 10, 38, 80, 11, 0, 0.06%, 9, 0, 9, 342.54
1735164921, 10, 39, 80, 11, 0, 0.06%, 9, 0, 9, 439.99
1735164993, 10, 43, 80, 10, 0, 0.06%, 9, 0, 9, 280.48
1735165003, 10, 44, 80, 10, 0, 0.06%, 9, 0, 9, 355.17
1735165013, 10, 45, 80, 10, 0, 0.06%, 9, 0, 9, 333.94
1735165024, 10, 46, 80, 10, 0, 0.06%, 9, 0, 9, 321.07
1735165029, 10, 47, 80, 10, 0, 0.06%, 9, 0, 9, 316.18
1735165100, 10, 48, 80, 9, 0, 0.06%, 9, 0, 9, 452.14
1735165136, 10, 50, 80, 8, 0, 0.06%, 9, 0, 9, 380.19
1735165146, 10, 51, 80, 8, 0, 0.06%, 9, 0, 9, 331.63
1735165151, 10, 52, 80, 8, 0, 0.06%, 9, 0, 9, 319.17
1735165162, 10, 53, 80, 8, 0, 0.06%, 9, 0, 9, 328.92
1735165172, 10, 54, 80, 8, 0, 0.06%, 9, 0, 9, 355.82
1735165182, 10, 55, 80, 8, 0, 0.06%, 9, 0, 9, 417.27
1735165192, 10, 56, 80, 8, 0, 0.06%, 9, 0, 9, 394.18
1735165197, 10, 57, 80, 8, 0, 0.06%, 9, 0, 9, 396.24
1735165207, 10, 58, 80, 8, 0, 0.06%, 9, 0, 9, 394.03
1735165217, 10, 59, 80, 8, 0, 0.06%, 9, 0, 9, 431.71
1735165227, 10, 60, 80, 8, 0, 0.06%, 9, 0, 9, 314.55
1735165242, 10, 61, 80, 8, 0, 0.06%, 9, 0, 9, 413.96
1735165252, 10, 62, 80, 8, 0, 0.06%, 9, 0, 9, 340.98
1735165334, 10, 63, 80, 8, 0, 0.06%, 9, 0, 9, 344.40
1735165436, 10, 64, 80, 7, 0, 0.06%, 9, 0, 9, 400.24
1735165446, 10, 65, 80, 7, 0, 0.06%, 9, 0, 9, 370.70
1735165456, 10, 66, 80, 7, 0, 0.06%, 9, 0, 9, 405.45
1735165466, 10, 67, 80, 7, 0, 0.06%, 9, 0, 9, 407.11
1735165476, 10, 68, 80, 7, 0, 0.06%, 9, 0, 9, 407.97
1735165486, 10, 69, 80, 7, 0, 0.06%, 9, 0, 9, 360.68
1735165502, 10, 70, 80, 7, 0, 0.06%, 9, 0, 9, 369.28
1735165517, 10, 71, 80, 7, 0, 0.06%, 9, 0, 9, 390.20
1735166068, 10, 72, 80, 7, 0, 0.06%, 9, 0, 9, 371.30
1735166093, 10, 75, 80, 7, 0, 0.06%, 9, 0, 9, 315.15
1735166098, 10, 76, 80, 7, 0, 0.06%, 9, 0, 9, 383.62
1735166103, 10, 77, 80, 7, 0, 0.06%, 9, 0, 9, 341.83
1735166114, 11, 15, 80, 7, 0, 0.06%, 9, 0, 9, 378.44
1735166119, 11, 19, 80, 7, 0, 0.06%, 9, 0, 9, 319.11
1735166124, 11, 22, 80, 7, 0, 0.06%, 9, 0, 9, 294.14
1735166129, 11, 24, 80, 7, 0, 0.06%, 9, 0, 9, 370.08
1735166134, 11, 25, 80, 7, 0, 0.06%, 9, 0, 9, 393.45
1735166144, 11, 28, 80, 7, 0, 0.06%, 9, 0, 9, 345.12
1735166149, 11, 31, 80, 7, 0, 0.06%, 9, 0, 9, 359.31
1735166154, 11, 32, 80, 7, 0, 0.06%, 9, 0, 9, 345.60
1735166159, 11, 33, 80, 7, 0, 0.06%, 9, 0, 9, 313.34
1735166169, 11, 34, 80, 7, 0, 0.06%, 9, 0, 9, 383.41
1735166179, 11, 35, 80, 7, 0, 0.06%, 9, 0, 9, 347.34
1735166189, 11, 36, 80, 7, 0, 0.06%, 9, 0, 9, 332.40
1735166205, 11, 54, 80, 7, 0, 0.06%, 9, 0, 9, 354.50
1735166210, 11, 55, 80, 7, 0, 0.06%, 9, 0, 9, 354.96
1735166215, 11, 56, 80, 7, 0, 0.06%, 9, 0, 9, 377.78
1735166220, 11, 57, 80, 7, 0, 0.06%, 9, 0, 9, 382.94
1735166225, 11, 64, 80, 7, 0, 0.06%, 9, 0, 9, 399.62
1735166235, 11, 65, 80, 7, 0, 0.06%, 9, 0, 9, 404.52
1735166245, 11, 66, 80, 7, 0, 0.06%, 9, 0, 9, 387.73
1735166250, 11, 67, 80, 7, 0, 0.06%, 9, 0, 9, 363.90
1735166261, 11, 71, 80, 7, 0, 0.06%, 9, 0, 9, 455.83
1735166286, 11, 72, 80, 7, 0, 0.06%, 9, 0, 9, 449.37
1735166296, 12, 19, 80, 7, 0, 0.06%, 9, 0, 9, 314.97
1735166301, 12, 22, 80, 7, 0, 0.06%, 9, 0, 9, 335.98
1735166306, 12, 24, 80, 7, 0, 0.06%, 9, 0, 9, 362.86
1735166312, 12, 25, 80, 7, 0, 0.06%, 9, 0, 9, 352.61
1735166317, 12, 54, 80, 7, 0, 0.06%, 9, 0, 9, 365.02
1735166322, 12, 55, 80, 7, 0, 0.06%, 9, 0, 9, 368.57
1735166327, 12, 56, 80, 7, 0, 0.06%, 9, 0, 9, 355.75
1735166332, 12, 57, 80, 7, 0, 0.06%, 9, 0, 9, 360.08
1735166337, 12, 64, 80, 7, 0, 0.06%, 9, 0, 9, 348.79
1735166342, 12, 65, 80, 7, 0, 0.06%, 9, 0, 9, 336.71
1735166347, 12, 66, 80, 7, 0, 0.06%, 9, 0, 9, 367.31
1735166352, 12, 67, 80, 7, 0, 0.06%, 9, 0, 9, 375.93
1735166362, 12, 71, 80, 7, 0, 0.06%, 9, 0, 9, 379.53
1735166382, 12, 72, 80, 7, 0, 0.06%, 9, 0, 9, 345.40
1735166397, 13, 19, 80, 7, 0, 0.06%, 9, 0, 9, 313.22
1735166402, 13, 22, 80, 7, 0, 0.06%, 9, 0, 9, 324.40
1735166407, 13, 24, 80, 7, 0, 0.06%, 9, 0, 9, 327.88
1735166412, 13, 54, 80, 7, 0, 0.06%, 9, 0, 9, 330.07
1735166423, 13, 55, 80, 7, 0, 0.06%, 9, 0, 9, 319.35
1735166428, 13, 57, 80, 7, 0, 0.06%, 9, 0, 9, 371.34
1735166433, 13, 64, 80, 7, 0, 0.06%, 9, 0, 9, 333.15
1735166438, 13, 65, 80, 7, 0, 0.06%, 9, 0, 9, 350.25
1735166443, 13, 66, 80, 7, 0, 0.06%, 9, 0, 9, 324.61
1735166448, 13, 67, 80, 7, 0, 0.06%, 9, 0, 9, 346.06
1735166458, 13, 71, 80, 7, 0, 0.06%, 9, 0, 9, 306.20
1735166473, 13, 72, 80, 7, 0, 0.06%, 9, 0, 9, 400.28
1735166478, 14, 19, 80, 7, 0, 0.06%, 9, 0, 9, 317.71
1735166483, 14, 22, 80, 7, 0, 0.06%, 9, 0, 9, 344.07
1735166488, 14, 24, 80, 7, 0, 0.06%, 9, 0, 9, 358.39
1735166493, 14, 25, 80, 7, 0, 0.06%, 9, 0, 9, 342.34
1735166499, 14, 54, 80, 7, 0, 0.06%, 9, 0, 9, 360.48
1735166504, 14, 55, 80, 7, 0, 0.06%, 9, 0, 9, 346.77
1735166509, 14, 56, 80, 7, 0, 0.06%, 9, 0, 9, 341.84
1735166514, 14, 57, 80, 7, 0, 0.06%, 9, 0, 9, 352.47
1735166519, 14, 64, 80, 7, 0, 0.06%, 9, 0, 9, 338.87
1735166524, 14, 65, 80, 7, 0, 0.06%, 9, 0, 9, 362.77
1735166529, 14, 66, 80, 7, 0, 0.06%, 9, 0, 9, 363.54
1735166534, 14, 67, 80, 7, 0, 0.06%, 9, 0, 9, 377.27
1735166539, 14, 71, 80, 7, 0, 0.06%, 9, 0, 9, 358.61
1735166554, 14, 72, 80, 7, 0, 0.06%, 9, 0, 9, 401.12
1735166559, 14, 73, 80, 7, 0, 0.06%, 9, 0, 9, 374.22
1735166575, 14, 74, 80, 7, 0, 0.06%, 9, 0, 9, 325.65
1735166585, 14, 75, 80, 7, 0, 0.06%, 9, 0, 9, 366.00
1735166590, 14, 76, 80, 7, 0, 0.06%, 9, 0, 9, 393.43
1735166595, 14, 77, 80, 7, 0, 0.06%, 9, 0, 9, 366.88
1735166605, 14, 78, 80, 7, 0, 0.06%, 9, 0, 9, 362.57
1735166691, 14, 79, 80, 7, 0, 0.06%, 9, 0, 9, 368.33
1735166778, 15, 15, 80, 7, 0, 0.06%, 9, 0, 9, 325.24
1735166783, 15, 17, 80, 7, 0, 0.06%, 9, 0, 9, 298.60
1735166793, 15, 18, 80, 7, 0, 0.06%, 9, 0, 9, 294.28
1735166798, 15, 19, 80, 7, 0, 0.06%, 9, 0, 9, 284.35
1735166803, 15, 20, 80, 7, 0, 0.06%, 9, 0, 9, 299.45
1735166808, 15, 21, 80, 7, 0, 0.06%, 9, 0, 9, 290.21
1735166813, 15, 22, 80, 7, 0, 0.06%, 9, 0, 9, 349.82
1735166818, 15, 24, 80, 7, 0, 0.06%, 9, 0, 9, 345.87
1735166823, 15, 25, 80, 7, 0, 0.06%, 9, 0, 9, 334.90
1735166828, 15, 28, 80, 7, 0, 0.06%, 9, 0, 9, 334.14
1735166834, 15, 29, 80, 7, 0, 0.06%, 9, 0, 9, 337.64
1735166839, 15, 30, 80, 7, 0, 0.06%, 9, 0, 9, 311.35
1735166849, 15, 31, 80, 7, 0, 0.06%, 9, 0, 9, 357.90
1735166854, 15, 32, 80, 7, 0, 0.06%, 9, 0, 9, 342.17
1735166859, 15, 33, 80, 7, 0, 0.06%, 9, 0, 9, 325.04
1735166864, 15, 34, 80, 7, 0, 0.06%, 9, 0, 9, 330.48
1735166869, 15, 35, 80, 7, 0, 0.06%, 9, 0, 9, 343.42
1735166874, 15, 36, 80, 7, 0, 0.06%, 9, 0, 9, 402.10
1735166889, 15, 37, 80, 7, 0, 0.06%, 9, 0, 9, 349.63
1735166900, 15, 38, 80, 7, 0, 0.06%, 9, 0, 9, 346.07
1735166905, 15, 39, 80, 7, 0, 0.06%, 9, 0, 9, 377.08
1735166915, 15, 40, 80, 7, 0, 0.06%, 9, 0, 9, 383.31
1735166925, 15, 41, 80, 7, 0, 0.06%, 9, 0, 9, 333.55
1735166930, 15, 42, 80, 7, 0, 0.06%, 9, 0, 9, 374.20
1735166940, 15, 43, 80, 7, 0, 0.06%, 9, 0, 9, 289.11
1735166951, 15, 44, 80, 7, 0, 0.06%, 9, 0, 9, 348.42
1735166956, 15, 45, 80, 7, 0, 0.06%, 9, 0, 9, 325.98
1735166966, 15, 46, 80, 7, 0, 0.06%, 9, 0, 9, 376.18
1735166976, 15, 47, 80, 7, 0, 0.06%, 9, 0, 9, 368.88
1735166986, 15, 48, 80, 7, 0, 0.06%, 9, 0, 9, 357.84
1735166991, 15, 49, 80, 7, 0, 0.06%, 9, 0, 9, 338.46
1735167042, 15, 50, 80, 6, 0, 0.06%, 9, 0, 9, 337.12
1735167047, 15, 52, 80, 6, 0, 0.06%, 9, 0, 9, 348.81
1735167057, 15, 53, 80, 6, 0, 0.06%, 9, 0, 9, 330.71
1735167067, 15, 54, 80, 6, 0, 0.06%, 9, 0, 9, 336.14
1735167072, 15, 55, 80, 6, 0, 0.06%, 9, 0, 9, 350.30
1735167077, 15, 57, 80, 6, 0, 0.06%, 9, 0, 9, 350.62
1735167082, 15, 58, 80, 6, 0, 0.06%, 9, 0, 9, 355.39
1735167093, 15, 59, 80, 6, 0, 0.06%, 9, 0, 9, 378.45
1735167108, 15, 60, 80, 6, 0, 0.06%, 9, 0, 9, 434.92
1735167118, 15, 61, 80, 6, 0, 0.06%, 9, 0, 9, 365.27
1735167134, 15, 62, 80, 6, 0, 0.06%, 9, 0, 9, 388.04
1735167144, 15, 63, 80, 6, 0, 0.06%, 9, 0, 9, 449.59
1735167225, 15, 64, 80, 6, 0, 0.06%, 9, 0, 9, 344.61
1735167230, 15, 65, 80, 6, 0, 0.06%, 9, 0, 9, 347.25
1735167235, 15, 66, 80, 6, 0, 0.06%, 9, 0, 9, 351.34
1735167240, 15, 67, 80, 6, 0, 0.06%, 9, 0, 9, 359.74
1735167245, 15, 68, 80, 6, 0, 0.06%, 9, 0, 9, 401.24
1735167261, 15, 69, 80, 6, 0, 0.06%, 9, 0, 9, 440.16
1735167271, 15, 70, 80, 6, 0, 0.06%, 9, 0, 9, 389.55
1735167286, 15, 71, 80, 6, 0, 0.06%, 9, 0, 9, 335.23
1735167301, 15, 72, 80, 6, 0, 0.06%, 9, 0, 9, 397.03
1735167306, 15, 73, 80, 6, 0, 0.06%, 9, 0, 9, 429.87
1735167322, 15, 74, 80, 6, 0, 0.06%, 9, 0, 9, 376.49
1735167327, 15, 75, 80, 6, 0, 0.06%, 9, 0, 9, 319.77
1735167337, 15, 76, 80, 6, 0, 0.06%, 9, 0, 9, 380.85
1735167342, 15, 77, 80, 6, 0, 0.06%, 9, 0, 9, 373.26
1735167352, 15, 78, 80, 6, 0, 0.06%, 9, 0, 9, 374.14
1735167362, 15, 79, 80, 6, 0, 0.06%, 9, 0, 9, 373.16
1735167367, 16, 15, 80, 6, 0, 0.06%, 9, 0, 9, 330.72
1735167372, 16, 17, 80, 6, 0, 0.06%, 9, 0, 9, 318.09
1735167383, 16, 18, 80, 6, 0, 0.06%, 9, 0, 9, 296.38
1735167388, 16, 19, 80, 6, 0, 0.06%, 9, 0, 9, 293.69
1735167393, 16, 20, 80, 6, 0, 0.06%, 9, 0, 9, 299.84
1735167398, 16, 21, 80, 6, 0, 0.06%, 9, 0, 9, 298.05
1735167403, 16, 22, 80, 6, 0, 0.06%, 9, 0, 9, 343.52
1735167408, 16, 24, 80, 6, 0, 0.06%, 9, 0, 9, 361.37
1735167413, 16, 25, 80, 6, 0, 0.06%, 9, 0, 9, 351.98
1735167418, 16, 28, 80, 6, 0, 0.06%, 9, 0, 9, 332.15
1735167424, 16, 29, 80, 6, 0, 0.06%, 9, 0, 9, 327.70
1735167429, 16, 30, 80, 6, 0, 0.06%, 9, 0, 9, 337.18
1735167434, 16, 31, 80, 6, 0, 0.06%, 9, 0, 9, 351.71
1735167439, 16, 32, 80, 6, 0, 0.06%, 9, 0, 9, 319.94
1735167444, 16, 33, 80, 6, 0, 0.06%, 9, 0, 9, 308.76
1735167449, 16, 34, 80, 6, 0, 0.06%, 9, 0, 9, 317.39
1735167454, 16, 35, 80, 6, 0, 0.06%, 9, 0, 9, 327.91
1735167464, 16, 36, 80, 6, 0, 0.06%, 9, 0, 9, 305.77
1735167474, 16, 37, 80, 6, 0, 0.06%, 9, 0, 9, 347.08
1735167485, 16, 38, 80, 6, 0, 0.06%, 9, 0, 9, 359.64
1735167495, 16, 39, 80, 6, 0, 0.06%, 9, 0, 9, 400.05
1735167500, 16, 40, 80, 6, 0, 0.06%, 9, 0, 9, 372.82
1735167505, 16, 41, 80, 6, 0, 0.06%, 9, 0, 9, 360.59
1735167510, 16, 42, 80, 6, 0, 0.06%, 9, 0, 9, 383.73
1735167520, 16, 43, 80, 6, 0, 0.06%, 9, 0, 9, 288.42
1735167525, 16, 44, 80, 6, 0, 0.06%, 9, 0, 9, 315.77
1735167530, 16, 45, 80, 6, 0, 0.06%, 9, 0, 9, 344.43
1735167535, 16, 46, 80, 6, 0, 0.06%, 9, 0, 9, 322.42
1735167546, 16, 47, 80, 6, 0, 0.06%, 9, 0, 9, 352.25
1735167556, 16, 48, 80, 6, 0, 0.06%, 9, 0, 9, 376.51
1735167566, 16, 49, 80, 6, 0, 0.06%, 9, 0, 9, 281.30
1735167576, 16, 51, 80, 6, 0, 0.06%, 9, 0, 9, 331.55
1735167581, 16, 52, 80, 6, 0, 0.06%, 9, 0, 9, 329.29
1735167586, 16, 53, 80, 6, 0, 0.06%, 9, 0, 9, 341.92
1735167596, 16, 54, 80, 6, 0, 0.06%, 9, 0, 9, 331.37
1735167601, 16, 55, 80, 6, 0, 0.06%, 9, 0, 9, 364.03
1735167606, 16, 56, 80, 6, 0, 0.06%, 9, 0, 9, 351.12
1735167611, 16, 57, 80, 6, 0, 0.06%, 9, 0, 9, 380.62
1735167616, 16, 58, 80, 6, 0, 0.06%, 9, 0, 9, 318.46
1735167621, 16, 59, 80, 6, 0, 0.06%, 9, 0, 9, 387.84
1735167632, 16, 60, 80, 6, 0, 0.06%, 9, 0, 9, 413.22
1735167642, 16, 61, 80, 6, 0, 0.06%, 9, 0, 9, 397.03
1735167657, 16, 62, 80, 6, 0, 0.06%, 9, 0, 9, 384.36
1735167667, 16, 63, 80, 6, 0, 0.06%, 9, 0, 9, 380.88
1735167678, 16, 64, 80, 6, 0, 0.06%, 9, 0, 9, 371.84
1735167683, 16, 65, 80, 6, 0, 0.06%, 9, 0, 9, 370.73
1735167688, 16, 66, 80, 6, 0, 0.06%, 9, 0, 9, 349.70
1735167693, 16, 67, 80, 6, 0, 0.06%, 9, 0, 9, 356.48
1735167698, 16, 68, 80, 6, 0, 0.06%, 9, 0, 9, 396.97
1735167703, 16, 69, 80, 6, 0, 0.06%, 9, 0, 9, 343.56
1735167713, 16, 70, 80, 6, 0, 0.06%, 9, 0, 9, 390.27
1735167723, 16, 71, 80, 6, 0, 0.06%, 9, 0, 9, 310.14
1735167738, 16, 72, 80, 6, 0, 0.06%, 9, 0, 9, 388.38
1735167743, 16, 73, 80, 6, 0, 0.06%, 9, 0, 9, 396.75
1735167759, 16, 74, 80, 6, 0, 0.06%, 9, 0, 9, 355.36
1735167769, 16, 75, 80, 6, 0, 0.06%, 9, 0, 9, 352.45
1735167774, 16, 76, 80, 6, 0, 0.06%, 9, 0, 9, 399.92
1735167779, 16, 77, 80, 6, 0, 0.06%, 9, 0, 9, 315.61
1735167789, 16, 78, 80, 6, 0, 0.06%, 9, 0, 9, 343.64
1735167794, 16, 79, 80, 6, 0, 0.06%, 9, 0, 9, 361.64
1735167799, 17, 15, 80, 6, 0, 0.06%, 9, 0, 9, 357.30
1735167804, 17, 17, 80, 6, 0, 0.06%, 9, 0, 9, 298.25
1735167809, 17, 18, 80, 6, 0, 0.06%, 9, 0, 9, 294.53
1735167814, 17, 19, 80, 6, 0, 0.06%, 9, 0, 9, 294.19
1735167819, 17, 20, 80, 6, 0, 0.06%, 9, 0, 9, 314.66
1735167825, 17, 21, 80, 6, 0, 0.06%, 9, 0, 9, 296.50
1735167830, 17, 22, 80, 6, 0, 0.06%, 9, 0, 9, 316.56
1735167835, 17, 25, 80, 6, 0, 0.06%, 9, 0, 9, 376.90
1735167840, 17, 28, 80, 6, 0, 0.06%, 9, 0, 9, 341.96
1735167845, 17, 29, 80, 6, 0, 0.06%, 9, 0, 9, 361.28
1735167850, 17, 30, 80, 6, 0, 0.06%, 9, 0, 9, 354.01
1735167856, 17, 31, 80, 6, 0, 0.06%, 9, 0, 9, 342.39
1735167861, 17, 32, 80, 6, 0, 0.06%, 9, 0, 9, 342.40
1735167866, 17, 33, 80, 6, 0, 0.06%, 9, 0, 9, 329.83
1735167871, 17, 34, 80, 6, 0, 0.06%, 9, 0, 9, 348.80
1735167876, 17, 35, 80, 6, 0, 0.06%, 9, 0, 9, 333.76
1735167881, 17, 36, 80, 6, 0, 0.06%, 9, 0, 9, 401.29
1735167896, 17, 37, 80, 6, 0, 0.06%, 9, 0, 9, 360.19
1735167901, 17, 38, 80, 6, 0, 0.06%, 9, 0, 9, 376.55
1735167906, 17, 39, 80, 6, 0, 0.06%, 9, 0, 9, 386.05
1735167911, 17, 40, 80, 6, 0, 0.06%, 9, 0, 9, 372.67
1735167916, 17, 41, 80, 6, 0, 0.06%, 9, 0, 9, 344.92
1735167921, 17, 42, 80, 6, 0, 0.06%, 9, 0, 9, 342.87
1735167926, 17, 43, 80, 6, 0, 0.06%, 9, 0, 9, 284.55
1735167931, 17, 44, 80, 6, 0, 0.06%, 9, 0, 9, 319.54
1735167937, 17, 46, 80, 6, 0, 0.06%, 9, 0, 9, 324.60
1735167942, 17, 47, 80, 6, 0, 0.06%, 9, 0, 9, 308.29
1735167952, 17, 48, 80, 6, 0, 0.06%, 9, 0, 9, 377.00
1735167962, 17, 49, 80, 6, 0, 0.06%, 9, 0, 9, 290.78
1735167972, 17, 50, 80, 6, 0, 0.06%, 9, 0, 9, 322.22
1735167977, 17, 52, 80, 6, 0, 0.06%, 9, 0, 9, 338.56
1735167988, 17, 53, 80, 6, 0, 0.06%, 9, 0, 9, 348.95
1735167993, 17, 54, 80, 6, 0, 0.06%, 9, 0, 9, 342.77
1735167998, 17, 55, 80, 6, 0, 0.06%, 9, 0, 9, 334.86
1735168003, 17, 56, 80, 6, 0, 0.06%, 9, 0, 9, 334.77
1735168008, 17, 58, 80, 6, 0, 0.06%, 9, 0, 9, 352.24
1735168018, 17, 59, 80, 6, 0, 0.06%, 9, 0, 9, 369.33
1735168023, 17, 60, 80, 6, 0, 0.06%, 9, 0, 9, 403.75
1735168028, 17, 61, 80, 6, 0, 0.06%, 9, 0, 9, 348.85
1735168038, 17, 62, 80, 6, 0, 0.06%, 9, 0, 9, 353.07
1735168043, 17, 63, 80, 6, 0, 0.06%, 9, 0, 9, 382.08
1735168053, 17, 64, 80, 6, 0, 0.06%, 9, 0, 9, 347.70
1735168058, 17, 65, 80, 6, 0, 0.06%, 9, 0, 9, 355.91
1735168063, 17, 66, 80, 6, 0, 0.06%, 9, 0, 9, 358.26
1735168068, 17, 67, 80, 6, 0, 0.06%, 9, 0, 9, 375.09
1735168074, 17, 68, 80, 6, 0, 0.06%, 9, 0, 9, 367.32
1735168084, 17, 69, 80, 6, 0, 0.06%, 9, 0, 9, 374.83
1735168089, 17, 70, 80, 6, 0, 0.06%, 9, 0, 9, 344.51
1735168099, 17, 71, 80, 6, 0, 0.06%, 9, 0, 9, 329.06
1735168114, 17, 72, 80, 6, 0, 0.06%, 9, 0, 9, 405.54
1735168119, 17, 73, 80, 6, 0, 0.06%, 9, 0, 9, 421.03
1735168134, 17, 74, 80, 6, 0, 0.06%, 9, 0, 9, 362.12
1735168139, 17, 75, 80, 6, 0, 0.06%, 9, 0, 9, 348.40
1735168149, 17, 76, 80, 6, 0, 0.06%, 9, 0, 9, 367.28
1735168155, 17, 77, 80, 6, 0, 0.06%, 9, 0, 9, 382.64
1735168165, 17, 78, 80, 6, 0, 0.06%, 9, 0, 9, 332.99
1735168170, 17, 79, 80, 6, 0, 0.06%, 9, 0, 9, 331.06
1735168175, 18, 17, 80, 6, 0, 0.06%, 9, 0, 9, 333.23
1735168180, 18, 18, 80, 6, 0, 0.06%, 9, 0, 9, 300.62
1735168190, 18, 19, 80, 6, 0, 0.06%, 9, 0, 9, 279.47
1735168195, 18, 20, 80, 6, 0, 0.06%, 9, 0, 9, 297.03
1735168200, 18, 21, 80, 6, 0, 0.06%, 9, 0, 9, 285.21
1735168205, 18, 24, 80, 6, 0, 0.06%, 9, 0, 9, 355.23
1735168210, 18, 25, 80, 6, 0, 0.06%, 9, 0, 9, 373.20
1735168215, 18, 28, 80, 6, 0, 0.06%, 9, 0, 9, 340.99
1735168220, 18, 29, 80, 6, 0, 0.06%, 9, 0, 9, 349.56
1735168226, 18, 30, 80, 6, 0, 0.06%, 9, 0, 9, 337.68
1735168231, 18, 31, 80, 6, 0, 0.06%, 9, 0, 9, 352.58
1735168236, 18, 32, 80, 6, 0, 0.06%, 9, 0, 9, 343.05
1735168241, 18, 33, 80, 6, 0, 0.06%, 9, 0, 9, 312.79
1735168246, 18, 34, 80, 6, 0, 0.06%, 9, 0, 9, 361.44
1735168251, 18, 35, 80, 6, 0, 0.06%, 9, 0, 9, 325.94
1735168256, 18, 36, 80, 6, 0, 0.06%, 9, 0, 9, 407.42
1735168271, 18, 37, 80, 6, 0, 0.06%, 9, 0, 9, 347.86
1735168276, 18, 38, 80, 6, 0, 0.06%, 9, 0, 9, 324.89
1735168282, 18, 39, 80, 6, 0, 0.06%, 9, 0, 9, 322.88
1735168287, 18, 40, 80, 6, 0, 0.06%, 9, 0, 9, 338.24
1735168292, 18, 41, 80, 6, 0, 0.06%, 9, 0, 9, 358.82
1735168297, 18, 42, 80, 6, 0, 0.06%, 9, 0, 9, 361.52
1735168302, 18, 43, 80, 6, 0, 0.06%, 9, 0, 9, 300.85
1735168307, 18, 44, 80, 6, 0, 0.06%, 9, 0, 9, 318.12
1735168312, 18, 45, 80, 6, 0, 0.06%, 9, 0, 9, 342.56
1735168317, 18, 46, 80, 6, 0, 0.06%, 9, 0, 9, 312.12
1735168322, 18, 47, 80, 6, 0, 0.06%, 9, 0, 9, 323.88
1735168327, 18, 49, 80, 6, 0, 0.06%, 9, 0, 9, 324.93
1735168338, 18, 50, 80, 6, 0, 0.06%, 9, 0, 9, 347.78
1735168343, 18, 51, 80, 6, 0, 0.06%, 9, 0, 9, 346.91
1735168348, 18, 52, 80, 6, 0, 0.06%, 9, 0, 9, 333.84
1735168353, 18, 53, 80, 6, 0, 0.06%, 9, 0, 9, 348.20
1735168358, 18, 54, 80, 6, 0, 0.06%, 9, 0, 9, 319.28
1735168363, 18, 55, 80, 6, 0, 0.06%, 9, 0, 9, 379.39
1735168368, 18, 56, 80, 6, 0, 0.06%, 9, 0, 9, 372.30
1735168373, 18, 57, 80, 6, 0, 0.06%, 9, 0, 9, 376.29
1735168378, 18, 58, 80, 6, 0, 0.06%, 9, 0, 9, 370.25
1735168383, 18, 59, 80, 6, 0, 0.06%, 9, 0, 9, 384.82
1735168393, 18, 60, 80, 6, 0, 0.06%, 9, 0, 9, 361.20
1735168398, 18, 61, 80, 6, 0, 0.06%, 9, 0, 9, 376.01
1735168403, 18, 62, 80, 6, 0, 0.06%, 9, 0, 9, 363.95
1735168408, 18, 63, 80, 6, 0, 0.06%, 9, 0, 9, 371.37
1735168413, 18, 64, 80, 6, 0, 0.06%, 9, 0, 9, 357.33
1735168419, 18, 65, 80, 6, 0, 0.06%, 9, 0, 9, 358.21
1735168429, 18, 66, 80, 6, 0, 0.06%, 9, 0, 9, 346.09
1735168434, 18, 67, 80, 6, 0, 0.06%, 9, 0, 9, 348.97
1735168439, 18, 68, 80, 6, 0, 0.06%, 9, 0, 9, 401.05
1735168444, 18, 69, 80, 6, 0, 0.06%, 9, 0, 9, 330.87
1735168454, 18, 70, 80, 6, 0, 0.06%, 9, 0, 9, 386.26
1735168459, 18, 71, 80, 6, 0, 0.06%, 9, 0, 9, 390.69
1735168479, 18, 72, 80, 6, 0, 0.06%, 9, 0, 9, 397.36
1735168484, 18, 73, 80, 6, 0, 0.06%, 9, 0, 9, 411.54
1735168500, 18, 74, 80, 6, 0, 0.06%, 9, 0, 9, 395.94
1735168505, 18, 75, 80, 6, 0, 0.06%, 9, 0, 9, 376.63
1735168515, 18, 76, 80, 6, 0, 0.06%, 9, 0, 9, 363.13
1735168520, 18, 77, 80, 6, 0, 0.06%, 9, 0, 9, 378.74
1735168530, 18, 78, 80, 6, 0, 0.06%, 9, 0, 9, 347.02
1735168535, 18, 79, 80, 6, 0, 0.06%, 9, 0, 9, 338.20
1735168540, 19, 15, 80, 6, 0, 0.06%, 9, 0, 9, 335.10
1735168545, 19, 17, 80, 6, 0, 0.06%, 9, 0, 9, 313.09
1735168550, 19, 18, 80, 6, 0, 0.06%, 9, 0, 9, 284.49
1735168555, 19, 19, 80, 6, 0, 0.06%, 9, 0, 9, 292.13
1735168560, 19, 20, 80, 6, 0, 0.06%, 9, 0, 9, 301.71
1735168565, 19, 21, 80, 6, 0, 0.06%, 9, 0, 9, 294.82
1735168570, 19, 24, 80, 6, 0, 0.06%, 9, 0, 9, 357.03
1735168576, 19, 25, 80, 6, 0, 0.06%, 9, 0, 9, 361.53
1735168581, 19, 28, 80, 6, 0, 0.06%, 9, 0, 9, 338.11
1735168586, 19, 29, 80, 6, 0, 0.06%, 9, 0, 9, 363.14
1735168591, 19, 30, 80, 6, 0, 0.06%, 9, 0, 9, 358.32
1735168596, 19, 31, 80, 6, 0, 0.06%, 9, 0, 9, 346.67
1735168601, 19, 32, 80, 6, 0, 0.06%, 9, 0, 9, 339.79
1735168606, 19, 33, 80, 6, 0, 0.06%, 9, 0, 9, 311.76
