# unix_time, cycles_done, cur_path, paths_total, pending_total, pending_favs, map_size, unique_crashes, unique_hangs, max_depth, execs_per_sec
1735708842, 0, 0, 10, 10, 1, 0.00%, 0, 0, 1, 175.05
1735708847, 0, 3, 10, 10, 1, 0.00%, 0, 0, 1, 203.37
1735708852, 0, 4, 10, 9, 0, 0.00%, 0, 0, 1, 210.93
1735708858, 0, 5, 10, 8, 0, 0.00%, 0, 0, 1, 207.82
1735708868, 0, 6, 10, 7, 0, 0.00%, 0, 0, 1, 210.74
1735708873, 0, 7, 10, 6, 0, 0.00%, 0, 0, 1, 197.21
1735708883, 0, 8, 10, 5, 0, 0.00%, 0, 0, 1, 212.41
1735708888, 0, 9, 10, 4, 0, 0.00%, 0, 0, 1, 194.58
1735708898, 1, 0, 10, 3, 0, 0.00%, 0, 0, 1, 210.63
1735708903, 1, 1, 10, 2, 0, 0.00%, 0, 0, 1, 208.76
1735708913, 1, 2, 10, 1, 0, 0.00%, 0, 0, 1, 199.79
1735708923, 1, 3, 10, 0, 0, 0.00%, 0, 0, 1, 198.27
1735708934, 1, 4, 10, 0, 0, 0.00%, 0, 0, 1, 208.72
1735708939, 1, 5, 10, 0, 0, 0.00%, 0, 0, 1, 209.45
1735708944, 1, 7, 10, 0, 0, 0.00%, 0, 0, 1, 209.60
1735708949, 1, 8, 10, 0, 0, 0.00%, 0, 0, 1, 208.32
1735708954, 2, 0, 10, 0, 0, 0.00%, 0, 0, 1, 207.98
1735708959, 2, 1, 10, 0, 0, 0.00%, 0, 0, 1, 206.50
1735708964, 2, 2, 10, 0, 0, 0.00%, 0, 0, 1, 207.24
1735708969, 2, 4, 10, 0, 0, 0.00%, 0, 0, 1, 207.84
1735708974, 2, 5, 10, 0, 0, 0.00%, 0, 0, 1, 208.31
1735708979, 2, 6, 10, 0, 0, 0.00%, 0, 0, 1, 206.91
1735708984, 2, 8, 11, 1, 0, 0.05%, 1, 0, 2, 209.78
1735708989, 2, 10, 12, 2, 1, 0.05%, 2, 0, 3, 214.62
1735709035, 2, 11, 13, 2, 1, 0.05%, 2, 0, 4, 262.33
1735709040, 2, 11, 15, 4, 1, 0.05%, 4, 0, 4, 273.13
1735709045, 2, 11, 17, 6, 1, 0.05%, 4, 0, 4, 274.28
1735709051, 2, 11, 18, 7, 1, 0.06%, 5, 0, 4, 277.37
1735709056, 2, 11, 19, 8, 1, 0.06%, 5, 0, 4, 274.52
1735709061, 2, 11, 20, 9, 1, 0.06%, 6, 0, 4, 272.16
1735709122, 2, 11, 21, 10, 1, 0.06%, 6, 0, 4, 232.44
1735709127, 2, 13, 21, 9, 4, 0.06%, 6, 0, 4, 318.37
1735709137, 2, 13, 24, 12, 4, 0.06%, 7, 0, 5, 470.45
1735709142, 2, 13, 25, 13, 4, 0.06%, 7, 0, 5, 472.46
1735709193, 2, 23, 28, 15, 4, 0.06%, 8, 0, 6, 400.92
1735709209, 2, 23, 29, 16, 4, 0.06%, 9, 0, 6, 472.92
1735709244, 2, 23, 30, 17, 4, 0.06%, 9, 0, 6, 324.63
1735709254, 2, 23, 32, 19, 4, 0.06%, 9, 0, 6, 267.13
1735709260, 2, 28, 33, 19, 5, 0.06%, 9, 0, 7, 452.28
1735709270, 2, 28, 35, 21, 5, 0.06%, 9, 0, 7, 530.67
1735709275, 2, 28, 37, 23, 5, 0.06%, 9, 0, 7, 532.75
1735709285, 2, 28, 38, 24, 5, 0.06%, 9, 0, 7, 540.57
1735709321, 3, 14, 39, 24, 5, 0.06%, 9, 0, 7, 294.49
1735709326, 3, 14, 41, 26, 5, 0.06%, 9, 0, 7, 304.15
1735709371, 3, 14, 42, 27, 5, 0.06%, 9, 0, 7, 306.57
1735709407, 3, 14, 43, 28, 5, 0.06%, 9, 0, 7, 270.51
1735709412, 3, 25, 43, 27, 4, 0.06%, 9, 0, 7, 423.86
1735709427, 3, 34, 43, 26, 3, 0.06%, 9, 0, 7, 415.52
1735709432, 3, 34, 46, 29, 3, 0.06%, 9, 0, 8, 453.21
1735709448, 3, 34, 47, 30, 3, 0.06%, 9, 0, 8, 479.90
1735709458, 3, 34, 48, 31, 3, 0.06%, 9, 0, 8, 472.67
1735709478, 3, 34, 49, 32, 3, 0.06%, 9, 0, 8, 440.77
1735709483, 3, 34, 50, 33, 3, 0.06%, 9, 0, 8, 328.08
1735709493, 3, 38, 50, 32, 2, 0.06%, 9, 0, 8, 436.65
1735709498, 3, 38, 51, 33, 2, 0.06%, 9, 0, 8, 464.76
1735709519, 3, 42, 51, 32, 2, 0.06%, 9, 0, 8, 275.70
1735709524, 3, 42, 53, 34, 2, 0.06%, 9, 0, 8, 265.37
1735709559, 3, 42, 54, 35, 2, 0.06%, 9, 0, 8, 257.57
1735709600, 3, 42, 55, 36, 2, 0.06%, 9, 0, 8, 260.28
1735709656, 3, 50, 56, 36, 2, 0.06%, 9, 0, 8, 287.86
1735709881, 3, 50, 57, 37, 2, 0.06%, 9, 0, 9, 444.84
1735709886, 3, 50, 58, 38, 2, 0.06%, 9, 0, 9, 488.26
1735709896, 3, 50, 59, 39, 2, 0.06%, 9, 0, 9, 494.37
1735709911, 3, 50, 60, 40, 2, 0.06%, 9, 0, 9, 492.24
1735709916, 3, 50, 61, 41, 2, 0.06%, 9, 0, 9, 495.26
1735709927, 3, 50, 62, 42, 2, 0.06%, 9, 0, 9, 494.23
1735709942, 3, 51, 62, 41, 2, 0.06%, 9, 0, 9, 316.46
1735709962, 3, 52, 62, 40, 2, 0.06%, 9, 0, 9, 276.30
1735710178, 3, 52, 63, 41, 2, 0.06%, 9, 0, 9, 397.91
1735710198, 4, 17, 63, 40, 2, 0.06%, 9, 0, 9, 329.69
1735710218, 4, 19, 64, 40, 1, 0.06%, 9, 0, 9, 284.00
1735710244, 4, 20, 64, 39, 0, 0.06%, 9, 0, 9, 265.58
1735710264, 4, 21, 64, 38, 0, 0.06%, 9, 0, 9, 290.70
1735710279, 4, 21, 65, 39, 0, 0.06%, 9, 0, 9, 495.15
1735710295, 4, 22, 65, 38, 0, 0.06%, 9, 0, 9, 368.82
1735710310, 4, 23, 65, 37, 0, 0.06%, 9, 0, 9, 339.09
1735710320, 4, 24, 65, 37, 0, 0.06%, 9, 0, 9, 442.24
1735710350, 4, 25, 65, 36, 0, 0.06%, 9, 0, 9, 320.33
1735710356, 4, 26, 65, 36, 0, 0.06%, 9, 0, 9, 316.54
1735710381, 4, 27, 65, 35, 0, 0.06%, 9, 0, 9, 355.96
1735710406, 4, 28, 65, 34, 0, 0.06%, 9, 0, 9, 361.88
1735710411, 4, 29, 65, 34, 0, 0.06%, 9, 0, 9, 401.41
1735710437, 4, 30, 65, 33, 0, 0.06%, 9, 0, 9, 334.24
1735710457, 4, 32, 65, 32, 0, 0.06%, 9, 0, 9, 378.14
1735710478, 4, 33, 65, 31, 0, 0.06%, 9, 0, 9, 449.64
1735710498, 4, 34, 65, 30, 0, 0.06%, 9, 0, 9, 411.49
1735710508, 4, 35, 65, 30, 0, 0.06%, 9, 0, 9, 370.29
1735710529, 4, 36, 65, 29, 0, 0.06%, 9, 0, 9, 337.82
1735710549, 4, 37, 65, 28, 0, 0.06%, 9, 0, 9, 410.01
1735710575, 4, 37, 66, 29, 0, 0.06%, 9, 0, 9, 517.16
1735710595, 4, 38, 66, 28, 0, 0.06%, 9, 0, 9, 412.52
1735710605, 4, 42, 66, 28, 0, 0.06%, 9, 0, 9, 278.55
1735710615, 4, 43, 66, 28, 0, 0.06%, 9, 0, 9, 365.93
1735710641, 4, 44, 67, 28, 0, 0.06%, 9, 0, 9, 321.12
1735710671, 4, 50, 67, 27, 0, 0.06%, 9, 0, 9, 344.64
1735710691, 4, 51, 67, 27, 0, 0.06%, 9, 0, 9, 286.39
1735710701, 4, 52, 67, 27, 0, 0.06%, 9, 0, 9, 283.93
1735710717, 4, 53, 67, 27, 0, 0.06%, 9, 0, 9, 457.29
1735710768, 4, 56, 67, 26, 0, 0.06%, 9, 0, 9, 459.74
1735710998, 4, 57, 67, 25, 0, 0.06%, 9, 0, 9, 429.25
1735711227, 4, 58, 67, 24, 0, 0.06%, 9, 0, 9, 434.10
1735711375, 4, 62, 67, 23, 0, 0.06%, 9, 0, 9, 410.39
1735711437, 4, 62, 68, 24, 0, 0.06%, 9, 0, 9, 332.67
1735711457, 4, 66, 68, 23, 0, 0.06%, 9, 0, 9, 333.78
1735711498, 4, 66, 70, 25, 0, 0.06%, 9, 0, 10, 505.31
1735711711, 4, 67, 70, 24, 0, 0.06%, 9, 0, 10, 402.95
1735711808, 5, 14, 70, 23, 0, 0.06%, 9, 0, 10, 298.83
1735711818, 5, 25, 70, 23, 0, 0.06%, 9, 0, 10, 312.33
1735711823, 5, 39, 70, 23, 0, 0.06%, 9, 0, 10, 388.21
1735711839, 5, 40, 70, 22, 0, 0.06%, 9, 0, 10, 448.52
1735711864, 5, 41, 70, 21, 0, 0.06%, 9, 0, 10, 405.13
1735711879, 5, 42, 70, 20, 0, 0.06%, 9, 0, 10, 293.88
1735711890, 5, 49, 70, 20, 0, 0.06%, 9, 0, 10, 327.83
1735711930, 5, 51, 70, 19, 0, 0.06%, 9, 0, 10, 292.77
1735711940, 5, 52, 70, 19, 0, 0.06%, 9, 0, 10, 303.98
1735711950, 5, 53, 70, 19, 0, 0.06%, 9, 0, 10, 391.36
1735711961, 5, 54, 70, 19, 0, 0.06%, 9, 0, 10, 387.29
1735711986, 5, 55, 70, 18, 0, 0.06%, 9, 0, 10, 284.24
1735712079, 5, 56, 70, 17, 0, 0.06%, 9, 0, 10, 332.75
1735712099, 5, 57, 70, 17, 0, 0.06%, 9, 0, 10, 326.70
1735712114, 5, 58, 70, 17, 0, 0.06%, 9, 0, 10, 338.70
1735712130, 5, 59, 70, 17, 0, 0.06%, 9, 0, 10, 342.44
1735712497, 5, 60, 70, 16, 0, 0.06%, 9, 0, 10, 407.71
1735712733, 5, 61, 70, 15, 0, 0.06%, 9, 0, 10, 397.26
1735712916, 5, 62, 70, 14, 0, 0.06%, 9, 0, 10, 333.28
1735712926, 5, 63, 72, 16, 0, 0.06%, 9, 0, 10, 379.07
1735713058, 5, 66, 72, 15, 0, 0.06%, 9, 0, 10, 361.65
1735713063, 5, 67, 72, 15, 0, 0.06%, 9, 0, 10, 339.55
1735713073, 5, 68, 72, 15, 0, 0.06%, 9, 0, 10, 393.22
1735713185, 6, 14, 72, 14, 0, 0.06%, 9, 0, 10, 333.61
1735713190, 6, 25, 72, 14, 0, 0.06%, 9, 0, 10, 323.65
1735713195, 6, 39, 72, 14, 0, 0.06%, 9, 0, 10, 344.39
1735713205, 6, 40, 72, 14, 0, 0.06%, 9, 0, 10, 370.12
1735713215, 6, 41, 72, 14, 0, 0.06%, 9, 0, 10, 343.67
1735713220, 6, 41, 73, 15, 0, 0.06%, 9, 0, 10, 318.92
1735713225, 6, 42, 73, 15, 0, 0.06%, 9, 0, 10, 290.33
1735713231, 6, 49, 73, 15, 0, 0.06%, 9, 0, 10, 280.58
1735713246, 6, 51, 73, 15, 0, 0.06%, 9, 0, 10, 294.26
1735713251, 6, 52, 73, 15, 0, 0.06%, 9, 0, 10, 265.30
1735713261, 6, 53, 73, 15, 0, 0.06%, 9, 0, 10, 458.91
1735713302, 6, 54, 73, 15, 0, 0.06%, 9, 0, 10, 305.56
1735713312, 6, 55, 73, 15, 0, 0.06%, 9, 0, 10, 380.64
1735713317, 6, 62, 73, 15, 0, 0.06%, 9, 0, 10, 340.25
1735713327, 6, 67, 73, 15, 0, 0.06%, 9, 0, 10, 331.46
1735713337, 7, 14, 73, 15, 0, 0.06%, 9, 0, 10, 306.06
1735713342, 7, 25, 73, 15, 0, 0.06%, 9, 0, 10, 313.20
1735713347, 7, 39, 73, 15, 0, 0.06%, 9, 0, 10, 326.32
1735713358, 7, 40, 73, 15, 0, 0.06%, 9, 0, 10, 323.14
1735713363, 7, 41, 73, 15, 0, 0.06%, 9, 0, 10, 344.53
1735713373, 7, 42, 73, 15, 0, 0.06%, 9, 0, 10, 287.13
1735713378, 7, 49, 73, 15, 0, 0.06%, 9, 0, 10, 284.77
1735713393, 7, 51, 73, 15, 0, 0.06%, 9, 0, 10, 281.60
1735713398, 7, 52, 73, 15, 0, 0.06%, 9, 0, 10, 334.60
1735713408, 7, 53, 73, 15, 0, 0.06%, 9, 0, 10, 360.12
1735713413, 7, 54, 73, 15, 0, 0.06%, 9, 0, 10, 309.99
1735713424, 7, 55, 73, 15, 0, 0.06%, 9, 0, 10, 387.96
1735713434, 7, 62, 73, 15, 0, 0.06%, 9, 0, 10, 317.43
1735713439, 7, 67, 73, 15, 0, 0.06%, 9, 0, 10, 374.84
1735713444, 8, 14, 73, 15, 0, 0.06%, 9, 0, 10, 361.13
1735713449, 8, 25, 74, 16, 0, 0.06%, 9, 0, 10, 354.31
1735713454, 8, 39, 74, 16, 0, 0.06%, 9, 0, 10, 324.74
1735713459, 8, 40, 74, 16, 0, 0.06%, 9, 0, 10, 333.60
1735713464, 8, 41, 74, 16, 0, 0.06%, 9, 0, 10, 325.37
1735713469, 8, 42, 74, 16, 0, 0.06%, 9, 0, 10, 285.68
1735713474, 8, 49, 74, 16, 0, 0.06%, 9, 0, 10, 276.68
1735713479, 8, 51, 74, 16, 0, 0.06%, 9, 0, 10, 284.54
1735713484, 8, 52, 74, 16, 0, 0.06%, 9, 0, 10, 339.69
1735713494, 8, 53, 74, 16, 0, 0.06%, 9, 0, 10, 367.38
1735713499, 8, 54, 74, 16, 0, 0.06%, 9, 0, 10, 317.55
1735713505, 8, 55, 74, 16, 0, 0.06%, 9, 0, 10, 320.56
1735713510, 8, 62, 74, 16, 0, 0.06%, 9, 0, 10, 318.78
1735713515, 8, 67, 74, 16, 0, 0.06%, 9, 0, 10, 332.25
1735713525, 9, 14, 74, 16, 0, 0.06%, 9, 0, 10, 311.62
1735713530, 9, 25, 74, 16, 0, 0.06%, 9, 0, 10, 325.32
1735713535, 9, 39, 74, 16, 0, 0.06%, 9, 0, 10, 305.53
1735713540, 9, 40, 74, 16, 0, 0.06%, 9, 0, 10, 317.84
1735713545, 9, 41, 74, 16, 0, 0.06%, 9, 0, 10, 303.30
1735713550, 9, 42, 74, 16, 0, 0.06%, 9, 0, 10, 306.56
1735713555, 9, 49, 74, 16, 0, 0.06%, 9, 0, 10, 301.11
1735713560, 9, 51, 74, 16, 0, 0.06%, 9, 0, 10, 280.84
1735713565, 9, 52, 74, 16, 0, 0.06%, 9, 0, 10, 317.03
1735713576, 9, 53, 74, 16, 0, 0.06%, 9, 0, 10, 349.84
1735713581, 9, 54, 74, 16, 0, 0.06%, 9, 0, 10, 305.22
1735713586, 9, 55, 74, 16, 0, 0.06%, 9, 0, 10, 359.17
1735713591, 9, 62, 74, 16, 0, 0.06%, 9, 0, 10, 341.04
1735713596, 9, 67, 74, 16, 0, 0.06%, 9, 0, 10, 333.96
1735713606, 10, 14, 74, 16, 0, 0.06%, 9, 0, 10, 307.97
1735713611, 10, 39, 74, 16, 0, 0.06%, 9, 0, 10, 328.07
1735713616, 10, 40, 74, 16, 0, 0.06%, 9, 0, 10, 354.43
1735713621, 10, 41, 74, 16, 0, 0.06%, 9, 0, 10, 349.37
1735713626, 10, 42, 74, 16, 0, 0.06%, 9, 0, 10, 284.64
1735713631, 10, 49, 74, 16, 0, 0.06%, 9, 0, 10, 282.45
1735713641, 10, 51, 74, 16, 0, 0.06%, 9, 0, 10, 306.23
1735713647, 10, 52, 74, 16, 0, 0.06%, 9, 0, 10, 326.97
1735713652, 10, 53, 74, 16, 0, 0.06%, 9, 0, 10, 363.76
1735713657, 10, 54, 74, 16, 0, 0.06%, 9, 0, 10, 304.41
1735713662, 10, 55, 74, 16, 0, 0.06%, 9, 0, 10, 311.19
1735713672, 10, 62, 74, 16, 0, 0.06%, 9, 0, 10, 321.56
1735713677, 10, 67, 74, 16, 0, 0.06%, 9, 0, 10, 358.87
1735713682, 11, 14, 74, 16, 0, 0.06%, 9, 0, 10, 331.28
1735713687, 11, 25, 74, 16, 0, 0.06%, 9, 0, 10, 330.98
1735713692, 11, 39, 74, 16, 0, 0.06%, 9, 0, 10, 313.20
1735713697, 11, 40, 74, 16, 0, 0.06%, 9, 0, 10, 322.99
1735713702, 11, 42, 74, 16, 0, 0.06%, 9, 0, 10, 315.32
1735713707, 11, 49, 74, 16, 0, 0.06%, 9, 0, 10, 291.18
1735713718, 11, 51, 74, 16, 0, 0.06%, 9, 0, 10, 283.95
1735713723, 11, 52, 74, 16, 0, 0.06%, 9, 0, 10, 290.19
1735713733, 11, 53, 74, 16, 0, 0.06%, 9, 0, 10, 339.81
1735713738, 11, 54, 74, 16, 0, 0.06%, 9, 0, 10, 299.69
1735713743, 11, 55, 74, 16, 0, 0.06%, 9, 0, 10, 348.21
1735713748, 11, 62, 74, 16, 0, 0.06%, 9, 0, 10, 337.16
1735713753, 11, 67, 74, 16, 0, 0.06%, 9, 0, 10, 352.31
1735713763, 12, 14, 74, 16, 0, 0.06%, 9, 0, 10, 292.12
1735713768, 12, 40, 74, 16, 0, 0.06%, 9, 0, 10, 310.18
1735713773, 12, 41, 74, 16, 0, 0.06%, 9, 0, 10, 348.34
1735713778, 12, 49, 74, 16, 0, 0.06%, 9, 0, 10, 310.35
1735713789, 12, 53, 74, 16, 0, 0.06%, 9, 0, 10, 317.89
1735713794, 13, 14, 74, 16, 0, 0.06%, 9, 0, 10, 311.14
1735713799, 13, 39, 74, 16, 0, 0.06%, 9, 0, 10, 316.14
1735713804, 13, 41, 74, 16, 0, 0.06%, 9, 0, 10, 335.72
1735713809, 13, 49, 74, 16, 0, 0.06%, 9, 0, 10, 316.35
1735713819, 13, 53, 74, 16, 0, 0.06%, 9, 0, 10, 317.72
1735713824, 14, 14, 74, 16, 0, 0.06%, 9, 0, 10, 305.13
1735713829, 14, 40, 74, 16, 0, 0.06%, 9, 0, 10, 331.59
1735713834, 14, 41, 74, 16, 0, 0.06%, 9, 0, 10, 344.06
1735713839, 14, 49, 74, 16, 0, 0.06%, 9, 0, 10, 312.26
1735713845, 14, 53, 74, 16, 0, 0.06%, 9, 0, 10, 297.90
1735713850, 15, 14, 74, 16, 0, 0.06%, 9, 0, 10, 306.94
1735713855, 15, 39, 74, 16, 0, 0.06%, 9, 0, 10, 301.22
1735713860, 15, 40, 74, 16, 0, 0.06%, 9, 0, 10, 320.93
1735713865, 15, 41, 74, 16, 0, 0.06%, 9, 0, 10, 341.03
1735713870, 15, 49, 74, 16, 0, 0.06%, 9, 0, 10, 300.29
1735713880, 15, 53, 74, 16, 0, 0.06%, 9, 0, 10, 316.06
1735713885, 16, 14, 74, 16, 0, 0.06%, 9, 0, 10, 309.14
1735713890, 16, 40, 74, 16, 0, 0.06%, 9, 0, 10, 328.73
1735713895, 16, 41, 74, 16, 0, 0.06%, 9, 0, 10, 349.81
1735713900, 16, 49, 74, 16, 0, 0.06%, 9, 0, 10, 316.69
1735713905, 16, 53, 74, 16, 0, 0.06%, 9, 0, 10, 325.78
1735713910, 17, 14, 74, 16, 0, 0.06%, 9, 0, 10, 321.74
1735713915, 17, 39, 74, 16, 0, 0.06%, 9, 0, 10, 320.52
1735713920, 17, 40, 74, 16, 0, 0.06%, 9, 0, 10, 344.33
1735713925, 17, 41, 74, 16, 0, 0.06%, 9, 0, 10, 354.40
1735713930, 17, 49, 74, 16, 0, 0.06%, 9, 0, 10, 305.07
1735713940, 17, 53, 74, 16, 0, 0.06%, 9, 0, 10, 330.05
1735713945, 18, 39, 74, 16, 0, 0.06%, 9, 0, 10, 342.89
1735713950, 18, 40, 74, 16, 0, 0.06%, 9, 0, 10, 348.48
1735713955, 18, 41, 74, 16, 0, 0.06%, 9, 0, 10, 341.44
1735713961, 18, 49, 74, 16, 0, 0.06%, 9, 0, 10, 299.11
1735713966, 18, 53, 74, 16, 0, 0.06%, 9, 0, 10, 299.46
1735713976, 19, 39, 74, 16, 0, 0.06%, 9, 0, 10, 317.93
1735713981, 19, 40, 74, 16, 0, 0.06%, 9, 0, 10, 341.33
1735713986, 19, 41, 74, 16, 0, 0.06%, 9, 0, 10, 352.97
1735713991, 19, 49, 74, 16, 0, 0.06%, 9, 0, 10, 300.64
1735714001, 20, 14, 74, 16, 0, 0.06%, 9, 0, 10, 320.94
1735714006, 20, 39, 74, 16, 0, 0.06%, 9, 0, 10, 312.58
1735714011, 20, 40, 74, 16, 0, 0.06%, 9, 0, 10, 356.39
1735714016, 20, 41, 74, 16, 0, 0.06%, 9, 0, 10, 326.30
1735714021, 20, 49, 74, 16, 0, 0.06%, 9, 0, 10, 299.06
1735714032, 20, 53, 74, 16, 0, 0.06%, 9, 0, 10, 322.18
1735714037, 21, 14, 74, 16, 0, 0.06%, 9, 0, 10, 303.82
1735714042, 21, 40, 74, 16, 0, 0.06%, 9, 0, 10, 338.55
1735714047, 21, 41, 74, 16, 0, 0.06%, 9, 0, 10, 358.69
1735714052, 21, 49, 74, 16, 0, 0.06%, 9, 0, 10, 305.96
1735714062, 21, 53, 74, 16, 0, 0.06%, 9, 0, 10, 326.89
1735714067, 22, 14, 74, 16, 0, 0.06%, 9, 0, 10, 300.37
1735714072, 22, 39, 74, 16, 0, 0.06%, 9, 0, 10, 299.72
1735714077, 22, 41, 74, 16, 0, 0.06%, 9, 0, 10, 331.94
1735714082, 22, 49, 74, 16, 0, 0.06%, 9, 0, 10, 307.92
1735714093, 22, 53, 74, 16, 0, 0.06%, 9, 0, 10, 322.24
1735714098, 23, 39, 74, 16, 0, 0.06%, 9, 0, 10, 291.17
1735714103, 23, 40, 74, 16, 0, 0.06%, 9, 0, 10, 336.42
1735714108, 23, 41, 74, 16, 0, 0.06%, 9, 0, 10, 332.05
1735714113, 23, 49, 74, 16, 0, 0.06%, 9, 0, 10, 290.01
1735714123, 23, 53, 74, 16, 0, 0.06%, 9, 0, 10, 335.04
1735714128, 23, 54, 74, 16, 0, 0.06%, 9, 0, 10, 303.08
1735714133, 23, 55, 74, 16, 0, 0.06%, 9, 0, 10, 361.60
1735714138, 23, 56, 74, 16, 0, 0.06%, 9, 0, 10, 299.73
1735714312, 23, 57, 74, 16, 0, 0.06%, 9, 0, 10, 292.44
1735714328, 23, 58, 74, 16, 0, 0.06%, 9, 0, 10, 360.71
1735714343, 23, 59, 74, 16, 0, 0.06%, 9, 0, 10, 401.79
1735714368, 23, 60, 74, 16, 0, 0.06%, 9, 0, 10, 291.79
1735714384, 23, 61, 74, 16, 0, 0.06%, 9, 0, 10, 334.46
1735714414, 23, 62, 74, 16, 0, 0.06%, 9, 0, 10, 346.45
1735714424, 23, 63, 74, 16, 0, 0.06%, 9, 0, 10, 307.90
1735714430, 23, 64, 74, 16, 0, 0.06%, 9, 0, 10, 462.22
1735714638, 23, 64, 75, 17, 0, 0.06%, 9, 0, 10, 489.41
1735714643, 23, 64, 76, 18, 0, 0.06%, 9, 0, 10, 503.61
1735714709, 23, 65, 77, 18, 0, 0.06%, 9, 0, 10, 359.40
1735714807, 23, 66, 77, 17, 0, 0.06%, 9, 0, 10, 369.62
1735715020, 23, 67, 77, 17, 0, 0.06%, 9, 0, 10, 348.33
1735715025, 23, 68, 77, 17, 0, 0.06%, 9, 0, 10, 373.13
1735715035, 23, 69, 77, 17, 0, 0.06%, 9, 0, 10, 366.28
1735715147, 23, 70, 77, 16, 0, 0.06%, 9, 0, 10, 313.50
1735715238, 23, 71, 77, 15, 0, 0.06%, 9, 0, 10, 308.46
1735715330, 23, 72, 77, 14, 0, 0.06%, 9, 0, 10, 300.50
1735715437, 23, 73, 77, 13, 0, 0.06%, 9, 0, 10, 401.39
1735715538, 23, 74, 77, 12, 0, 0.06%, 9, 0, 10, 316.05
1735715636, 23, 75, 77, 11, 0, 0.06%, 9, 0, 10, 469.45
1735715837, 23, 76, 77, 10, 0, 0.06%, 9, 0, 10, 349.62
1735715938, 24, 13, 77, 9, 0, 0.06%, 9, 0, 10, 401.73
1735715949, 24, 14, 77, 9, 0, 0.06%, 9, 0, 10, 317.88
1735715954, 24, 21, 77, 9, 0, 0.06%, 9, 0, 10, 368.48
1735715959, 24, 22, 77, 9, 0, 0.06%, 9, 0, 10, 348.63
1735715969, 24, 24, 77, 9, 0, 0.06%, 9, 0, 10, 328.34
1735715979, 24, 25, 77, 9, 0, 0.06%, 9, 0, 10, 339.48
1735715984, 24, 39, 77, 9, 0, 0.06%, 9, 0, 10, 332.53
1735715989, 24, 40, 77, 9, 0, 0.06%, 9, 0, 10, 329.35
1735715994, 24, 41, 77, 9, 0, 0.06%, 9, 0, 10, 350.95
1735715999, 24, 42, 77, 9, 0, 0.06%, 9, 0, 10, 310.89
1735716004, 24, 49, 77, 9, 0, 0.06%, 9, 0, 10, 297.27
1735716015, 24, 50, 77, 9, 0, 0.06%, 9, 0, 10, 263.28
1735716030, 24, 51, 77, 9, 0, 0.06%, 9, 0, 10, 322.41
1735716035, 24, 52, 77, 9, 0, 0.06%, 9, 0, 10, 370.47
1735716045, 24, 53, 77, 9, 0, 0.06%, 9, 0, 10, 355.66
1735716050, 24, 54, 77, 9, 0, 0.06%, 9, 0, 10, 311.80
1735716055, 24, 55, 77, 9, 0, 0.06%, 9, 0, 10, 350.67
1735716060, 24, 56, 77, 9, 0, 0.06%, 9, 0, 10, 379.89
1735716076, 24, 57, 77, 9, 0, 0.06%, 9, 0, 10, 300.89
1735716086, 24, 58, 77, 9, 0, 0.06%, 9, 0, 10, 324.59
1735716096, 24, 59, 77, 9, 0, 0.06%, 9, 0, 10, 325.25
1735716117, 24, 60, 77, 9, 0, 0.06%, 9, 0, 10, 286.33
1735716132, 24, 61, 77, 9, 0, 0.06%, 9, 0, 10, 338.02
1735716147, 24, 62, 77, 9, 0, 0.06%, 9, 0, 10, 347.02
1735716152, 24, 64, 77, 9, 0, 0.06%, 9, 0, 10, 366.14
1735716162, 24, 67, 77, 9, 0, 0.06%, 9, 0, 10, 363.96
1735716172, 24, 74, 77, 9, 0, 0.06%, 9, 0, 10, 425.50
1735716188, 24, 75, 77, 9, 0, 0.06%, 9, 0, 10, 333.50
1735716208, 24, 76, 77, 9, 0, 0.06%, 9, 0, 10, 308.48
1735716233, 25, 13, 77, 9, 0, 0.06%, 9, 0, 10, 386.71
1735716239, 25, 14, 77, 9, 0, 0.06%, 9, 0, 10, 300.79
1735716244, 25, 21, 77, 9, 0, 0.06%, 9, 0, 10, 337.50
1735716249, 25, 22, 77, 9, 0, 0.06%, 9, 0, 10, 346.20
1735716254, 25, 24, 77, 9, 0, 0.06%, 9, 0, 10, 316.76
1735716259, 25, 25, 77, 9, 0, 0.06%, 9, 0, 10, 328.27
1735716264, 25, 38, 77, 9, 0, 0.06%, 9, 0, 10, 301.12
1735716269, 25, 40, 77, 9, 0, 0.06%, 9, 0, 10, 321.23
1735716274, 25, 41, 78, 10, 0, 0.06%, 9, 0, 10, 347.91
1735716279, 25, 42, 78, 10, 0, 0.06%, 9, 0, 10, 307.02
1735716284, 25, 49, 78, 10, 0, 0.06%, 9, 0, 10, 291.75
1735716294, 25, 50, 78, 10, 0, 0.06%, 9, 0, 10, 294.47
1735716304, 25, 51, 78, 10, 0, 0.06%, 9, 0, 10, 337.91
1735716309, 25, 52, 78, 10, 0, 0.06%, 9, 0, 10, 347.31
1735716319, 25, 53, 78, 10, 0, 0.06%, 9, 0, 10, 351.72
1735716324, 25, 54, 78, 10, 0, 0.06%, 9, 0, 10, 308.66
1735716329, 25, 55, 78, 10, 0, 0.06%, 9, 0, 10, 347.04
1735716334, 25, 56, 78, 10, 0, 0.06%, 9, 0, 10, 378.28
1735716350, 25, 57, 78, 10, 0, 0.06%, 9, 0, 10, 301.49
1735716360, 25, 58, 78, 10, 0, 0.06%, 9, 0, 10, 359.57
1735716370, 25, 59, 78, 10, 0, 0.06%, 9, 0, 10, 316.91
1735716385, 25, 62, 78, 10, 0, 0.06%, 9, 0, 10, 334.26
1735716390, 25, 67, 78, 10, 0, 0.06%, 9, 0, 10, 402.04
1735716395, 25, 76, 78, 10, 0, 0.06%, 9, 0, 10, 334.26
1735716421, 25, 77, 79, 11, 0, 0.06%, 9, 0, 10, 365.73
1735716538, 25, 78, 79, 10, 0, 0.06%, 9, 0, 10, 359.63
1735716650, 26, 14, 79, 9, 0, 0.06%, 9, 0, 10, 310.97
1735716655, 26, 25, 79, 9, 0, 0.06%, 9, 0, 10, 363.05
1735716660, 26, 39, 79, 9, 0, 0.06%, 9, 0, 10, 347.20
1735716665, 26, 40, 79, 9, 0, 0.06%, 9, 0, 10, 343.68
1735716670, 26, 41, 79, 9, 0, 0.06%, 9, 0, 10, 326.66
1735716675, 26, 42, 79, 9, 0, 0.06%, 9, 0, 10, 303.62
1735716680, 26, 49, 79, 9, 0, 0.06%, 9, 0, 10, 281.13
1735716685, 26, 51, 79, 9, 0, 0.06%, 9, 0, 10, 293.03
1735716690, 26, 52, 79, 9, 0, 0.06%, 9, 0, 10, 339.13
1735716701, 26, 53, 79, 9, 0, 0.06%, 9, 0, 10, 369.77
1735716706, 26, 54, 79, 9, 0, 0.06%, 9, 0, 10, 319.91
1735716711, 26, 55, 79, 9, 0, 0.06%, 9, 0, 10, 366.12
1735716716, 26, 62, 79, 9, 0, 0.06%, 9, 0, 10, 329.28
1735716721, 26, 67, 79, 9, 0, 0.06%, 9, 0, 10, 380.49
1735716726, 26, 76, 79, 9, 0, 0.06%, 9, 0, 10, 353.41
1735716752, 26, 77, 79, 9, 0, 0.06%, 9, 0, 10, 351.83
1735716772, 26, 78, 79, 9, 0, 0.06%, 9, 0, 10, 335.22
1735716792, 27, 14, 79, 9, 0, 0.06%, 9, 0, 10, 326.89
1735716797, 27, 25, 79, 9, 0, 0.06%, 9, 0, 10, 329.90
1735716802, 27, 40, 79, 9, 0, 0.06%, 9, 0, 10, 331.30
1735716807, 27, 41, 79, 9, 0, 0.06%, 9, 0, 10, 345.97
1735716813, 27, 42, 79, 9, 0, 0.06%, 9, 0, 10, 282.83
1735716818, 27, 49, 79, 9, 0, 0.06%, 9, 0, 10, 290.30
1735716828, 27, 51, 79, 9, 0, 0.06%, 9, 0, 10, 303.30
1735716833, 27, 52, 79, 9, 0, 0.06%, 9, 0, 10, 323.53
1735716838, 27, 53, 79, 9, 0, 0.06%, 9, 0, 10, 355.17
1735716843, 27, 54, 79, 9, 0, 0.06%, 9, 0, 10, 336.91
1735716848, 27, 55, 79, 9, 0, 0.06%, 9, 0, 10, 305.54
1735716853, 27, 62, 79, 9, 0, 0.06%, 9, 0, 10, 347.90
1735716858, 27, 67, 79, 9, 0, 0.06%, 9, 0, 10, 346.56
1735716868, 27, 76, 79, 9, 0, 0.06%, 9, 0, 10, 410.08
1735716894, 27, 77, 79, 9, 0, 0.06%, 9, 0, 10, 342.09
1735716909, 27, 78, 79, 9, 0, 0.06%, 9, 0, 10, 329.53
1735716929, 28, 14, 79, 9, 0, 0.06%, 9, 0, 10, 313.25
1735716935, 28, 25, 79, 9, 0, 0.06%, 9, 0, 10, 364.87
1735716940, 28, 39, 79, 9, 0, 0.06%, 9, 0, 10, 323.39
1735716945, 28, 40, 79, 9, 0, 0.06%, 9, 0, 10, 333.22
1735716950, 28, 42, 79, 9, 0, 0.06%, 9, 0, 10, 334.09
1735716960, 28, 49, 79, 9, 0, 0.06%, 9, 0, 10, 280.74
1735716965, 28, 51, 79, 9, 0, 0.06%, 9, 0, 10, 294.75
1735716970, 28, 52, 79, 9, 0, 0.06%, 9, 0, 10, 298.26
1735716980, 28, 53, 79, 9, 0, 0.06%, 9, 0, 10, 340.42
1735716985, 28, 54, 79, 9, 0, 0.06%, 9, 0, 10, 316.59
1735716990, 28, 55, 79, 9, 0, 0.06%, 9, 0, 10, 362.99
1735716995, 28, 62, 79, 9, 0, 0.06%, 9, 0, 10, 339.27
1735717000, 28, 67, 79, 9, 0, 0.06%, 9, 0, 10, 375.81
1735717005, 28, 76, 79, 9, 0, 0.06%, 9, 0, 10, 365.78
1735717021, 28, 77, 79, 9, 0, 0.06%, 9, 0, 10, 305.89
1735717041, 28, 78, 79, 9, 0, 0.06%, 9, 0, 10, 306.92
1735717061, 29, 25, 79, 9, 0, 0.06%, 9, 0, 10, 321.16
1735717066, 29, 39, 79, 9, 0, 0.06%, 9, 0, 10, 359.74
1735717071, 29, 40, 79, 9, 0, 0.06%, 9, 0, 10, 339.71
1735717076, 29, 41, 79, 9, 0, 0.06%, 9, 0, 10, 350.28
1735717081, 29, 42, 79, 9, 0, 0.06%, 9, 0, 10, 308.23
1735717086, 29, 49, 79, 9, 0, 0.06%, 9, 0, 10, 293.36
1735717092, 29, 51, 79, 9, 0, 0.06%, 9, 0, 10, 300.84
1735717097, 29, 52, 79, 9, 0, 0.06%, 9, 0, 10, 355.82
1735717107, 29, 53, 79, 9, 0, 0.06%, 9, 0, 10, 358.87
1735717112, 29, 54, 79, 9, 0, 0.06%, 9, 0, 10, 328.55
1735717117, 29, 55, 79, 9, 0, 0.06%, 9, 0, 10, 363.37
1735717122, 29, 62, 79, 9, 0, 0.06%, 9, 0, 10, 333.15
1735717127, 29, 67, 79, 9, 0, 0.06%, 9, 0, 10, 318.86
1735717137, 29, 76, 79, 9, 0, 0.06%, 9, 0, 10, 431.25
1735717148, 29, 77, 79, 9, 0, 0.06%, 9, 0, 10, 339.58
1735717168, 29, 78, 79, 9, 0, 0.06%, 9, 0, 10, 288.65
1735717188, 30, 14, 79, 9, 0, 0.06%, 9, 0, 10, 302.34
1735717193, 30, 25, 79, 9, 0, 0.06%, 9, 0, 10, 348.03
1735717198, 30, 39, 79, 9, 0, 0.06%, 9, 0, 10, 317.80
1735717203, 30, 40, 79, 9, 0, 0.06%, 9, 0, 10, 325.41
1735717208, 30, 41, 79, 9, 0, 0.06%, 9, 0, 10, 322.06
1735717213, 30, 42, 79, 9, 0, 0.06%, 9, 0, 10, 305.94
1735717218, 30, 49, 79, 9, 0, 0.06%, 9, 0, 10, 291.47
1735717224, 30, 51, 79, 9, 0, 0.06%, 9, 0, 10, 294.41
1735717229, 30, 52, 79, 9, 0, 0.06%, 9, 0, 10, 323.34
1735717239, 30, 53, 79, 9, 0, 0.06%, 9, 0, 10, 350.17
1735717244, 30, 54, 79, 9, 0, 0.06%, 9, 0, 10, 319.25
1735717249, 30, 55, 79, 9, 0, 0.06%, 9, 0, 10, 369.58
1735717254, 30, 62, 79, 9, 0, 0.06%, 9, 0, 10, 340.70
1735717259, 30, 67, 79, 9, 0, 0.06%, 9, 0, 10, 367.50
1735717269, 30, 76, 79, 9, 0, 0.06%, 9, 0, 10, 430.52
1735717279, 30, 77, 79, 9, 0, 0.06%, 9, 0, 10, 322.04
1735717299, 30, 78, 79, 9, 0, 0.06%, 9, 0, 10, 313.21
1735717319, 31, 14, 79, 9, 0, 0.06%, 9, 0, 10, 323.54
1735717325, 31, 25, 79, 9, 0, 0.06%, 9, 0, 10, 340.72
1735717330, 31, 39, 79, 9, 0, 0.06%, 9, 0, 10, 324.45
1735717335, 31, 40, 79, 9, 0, 0.06%, 9, 0, 10, 341.38
1735717340, 31, 42, 79, 9, 0, 0.06%, 9, 0, 10, 320.67
1735717345, 31, 49, 79, 9, 0, 0.06%, 9, 0, 10, 300.65
1735717355, 31, 51, 79, 9, 0, 0.06%, 9, 0, 10, 293.38
1735717360, 31, 52, 79, 9, 0, 0.06%, 9, 0, 10, 279.67
1735717370, 31, 54, 79, 9, 0, 0.06%, 9, 0, 10, 326.51
1735717375, 31, 55, 79, 9, 0, 0.06%, 9, 0, 10, 321.86
1735717386, 31, 62, 79, 9, 0, 0.06%, 9, 0, 10, 321.90
1735717391, 31, 67, 79, 9, 0, 0.06%, 9, 0, 10, 376.80
1735717396, 31, 76, 79, 9, 0, 0.06%, 9, 0, 10, 334.37
1735717406, 31, 77, 79, 9, 0, 0.06%, 9, 0, 10, 321.61
1735717416, 31, 78, 79, 9, 0, 0.06%, 9, 0, 10, 314.13
1735717426, 32, 14, 79, 9, 0, 0.06%, 9, 0, 10, 304.74
1735717431, 32, 39, 79, 9, 0, 0.06%, 9, 0, 10, 336.09
1735717437, 32, 40, 79, 9, 0, 0.06%, 9, 0, 10, 350.76
1735717442, 32, 41, 79, 9, 0, 0.06%, 9, 0, 10, 345.68
1735717447, 32, 42, 79, 9, 0, 0.06%, 9, 0, 10, 299.74
1735717452, 32, 49, 79, 9, 0, 0.06%, 9, 0, 10, 291.74
1735717457, 32, 51, 79, 9, 0, 0.06%, 9, 0, 10, 298.43
1735717462, 32, 52, 79, 9, 0, 0.06%, 9, 0, 10, 309.73
1735717472, 32, 53, 79, 9, 0, 0.06%, 9, 0, 10, 369.30
1735717477, 32, 54, 79, 9, 0, 0.06%, 9, 0, 10, 314.60
1735717483, 32, 55, 79, 9, 0, 0.06%, 9, 0, 10, 333.83
1735717488, 32, 62, 79, 9, 0, 0.06%, 9, 0, 10, 313.05
1735717493, 32, 67, 79, 9, 0, 0.06%, 9, 0, 10, 331.09
1735717503, 32, 76, 79, 9, 0, 0.06%, 9, 0, 10, 385.55
1735717508, 32, 77, 79, 9, 0, 0.06%, 9, 0, 10, 343.16
1735717513, 32, 78, 79, 9, 0, 0.06%, 9, 0, 10, 336.15
1735717523, 33, 14, 79, 9, 0, 0.06%, 9, 0, 10, 317.54
1735717528, 33, 39, 79, 9, 0, 0.06%, 9, 0, 10, 350.69
1735717533, 33, 40, 79, 9, 0, 0.06%, 9, 0, 10, 353.58
1735717538, 33, 41, 79, 9, 0, 0.06%, 9, 0, 10, 341.17
1735717543, 33, 42, 79, 9, 0, 0.06%, 9, 0, 10, 292.24
1735717548, 33, 49, 79, 9, 0, 0.06%, 9, 0, 10, 290.84
1735717558, 33, 51, 79, 9, 0, 0.06%, 9, 0, 10, 304.20
1735717563, 33, 52, 79, 9, 0, 0.06%, 9, 0, 10, 341.10
1735717569, 33, 53, 79, 9, 0, 0.06%, 9, 0, 10, 337.69
1735717574, 33, 54, 79, 9, 0, 0.06%, 9, 0, 10, 319.18
1735717579, 33, 55, 79, 9, 0, 0.06%, 9, 0, 10, 305.66
1735717584, 33, 62, 79, 9, 0, 0.06%, 9, 0, 10, 349.57
1735717594, 33, 67, 79, 9, 0, 0.06%, 9, 0, 10, 366.91
1735717599, 33, 76, 79, 9, 0, 0.06%, 9, 0, 10, 398.93
1735717604, 33, 77, 79, 9, 0, 0.06%, 9, 0, 10, 345.57
1735717609, 33, 78, 79, 9, 0, 0.06%, 9, 0, 10, 328.82
1735717619, 34, 25, 79, 9, 0, 0.06%, 9, 0, 10, 325.15
1735717625, 34, 39, 79, 9, 0, 0.06%, 9, 0, 10, 346.71
1735717630, 34, 40, 79, 9, 0, 0.06%, 9, 0, 10, 351.08
1735717635, 34, 41, 79, 9, 0, 0.06%, 9, 0, 10, 331.01
1735717640, 34, 42, 79, 9, 0, 0.06%, 9, 0, 10, 306.37
1735717645, 34, 49, 79, 9, 0, 0.06%, 9, 0, 10, 286.81
1735717650, 34, 51, 79, 9, 0, 0.06%, 9, 0, 10, 292.11
1735717655, 34, 52, 79, 9, 0, 0.06%, 9, 0, 10, 351.76
1735717665, 34, 53, 79, 9, 0, 0.06%, 9, 0, 10, 370.83
1735717670, 34, 54, 79, 9, 0, 0.06%, 9, 0, 10, 322.94
1735717675, 34, 55, 79, 9, 0, 0.06%, 9, 0, 10, 367.27
1735717680, 34, 62, 79, 9, 0, 0.06%, 9, 0, 10, 332.38
1735717685, 34, 67, 79, 9, 0, 0.06%, 9, 0, 10, 338.12
1735717695, 34, 76, 79, 9, 0, 0.06%, 9, 0, 10, 357.14
1735717700, 34, 77, 79, 9, 0, 0.06%, 9, 0, 10, 336.38
1735717705, 34, 78, 79, 9, 0, 0.06%, 9, 0, 10, 321.88
1735717711, 35, 14, 79, 9, 0, 0.06%, 9, 0, 10, 286.57
1735717716, 35, 25, 79, 9, 0, 0.06%, 9, 0, 10, 345.01
1735717721, 35, 39, 79, 9, 0, 0.06%, 9, 0, 10, 341.87
1735717726, 35, 40, 79, 9, 0, 0.06%, 9, 0, 10, 343.03
1735717731, 35, 41, 79, 9, 0, 0.06%, 9, 0, 10, 333.79
1735717736, 35, 42, 79, 9, 0, 0.06%, 9, 0, 10, 301.72
1735717741, 35, 49, 79, 9, 0, 0.06%, 9, 0, 10, 285.24
1735717746, 35, 51, 79, 9, 0, 0.06%, 9, 0, 10, 296.70
1735717751, 35, 52, 79, 9, 0, 0.06%, 9, 0, 10, 322.93
1735717762, 35, 53, 79, 9, 0, 0.06%, 9, 0, 10, 362.04
1735717767, 35, 54, 79, 9, 0, 0.06%, 9, 0, 10, 304.04
1735717772, 35, 55, 79, 9, 0, 0.06%, 9, 0, 10, 366.01
1735717777, 35, 62, 79, 9, 0, 0.06%, 9, 0, 10, 344.60
1735717782, 35, 67, 79, 9, 0, 0.06%, 9, 0, 10, 385.41
1735717787, 35, 76, 79, 9, 0, 0.06%, 9, 0, 10, 358.72
1735717797, 35, 77, 79, 9, 0, 0.06%, 9, 0, 10, 324.24
1735717802, 35, 78, 79, 9, 0, 0.06%, 9, 0, 10, 309.67
1735717807, 36, 14, 79, 9, 0, 0.06%, 9, 0, 10, 316.54
1735717812, 36, 25, 79, 9, 0, 0.06%, 9, 0, 10, 335.67
1735717818, 36, 39, 79, 9, 0, 0.06%, 9, 0, 10, 333.29
1735717823, 36, 40, 79, 9, 0, 0.06%, 9, 0, 10, 313.37
1735717828, 36, 42, 79, 9, 0, 0.06%, 9, 0, 10, 323.96
1735717833, 36, 49, 79, 9, 0, 0.06%, 9, 0, 10, 296.60
1735717843, 36, 51, 79, 9, 0, 0.06%, 9, 0, 10, 304.60
1735717848, 36, 52, 79, 9, 0, 0.06%, 9, 0, 10, 267.70
1735717859, 36, 53, 79, 9, 0, 0.06%, 9, 0, 10, 313.35
1735717864, 36, 55, 79, 9, 0, 0.06%, 9, 0, 10, 334.56
1735717874, 36, 62, 79, 9, 0, 0.06%, 9, 0, 10, 346.48
1735717879, 36, 67, 79, 9, 0, 0.06%, 9, 0, 10, 373.39
1735717884, 36, 76, 79, 9, 0, 0.06%, 9, 0, 10, 346.20
1735717894, 36, 77, 79, 9, 0, 0.06%, 9, 0, 10, 329.31
1735717899, 36, 78, 79, 9, 0, 0.06%, 9, 0, 10, 329.86
1735717904, 37, 14, 79, 9, 0, 0.06%, 9, 0, 10, 320.35
1735717909, 37, 25, 79, 9, 0, 0.06%, 9, 0, 10, 326.90
1735717915, 37, 40, 79, 9, 0, 0.06%, 9, 0, 10, 336.53
1735717920, 37, 41, 79, 9, 0, 0.06%, 9, 0, 10, 326.81
1735717925, 37, 42, 79, 9, 0, 0.06%, 9, 0, 10, 302.07
1735717930, 37, 49, 79, 9, 0, 0.06%, 9, 0, 10, 284.29
1735717940, 37, 51, 79, 9, 0, 0.06%, 9, 0, 10, 288.53
1735717945, 37, 52, 79, 9, 0, 0.06%, 9, 0, 10, 276.19
1735717955, 37, 53, 79, 9, 0, 0.06%, 9, 0, 10, 347.51
1735717960, 37, 54, 79, 9, 0, 0.06%, 9, 0, 10, 317.57
1735717965, 37, 55, 79, 9, 0, 0.06%, 9, 0, 10, 338.26
1735717970, 37, 62, 79, 9, 0, 0.06%, 9, 0, 10, 336.43
1735717975, 37, 67, 79, 9, 0, 0.06%, 9, 0, 10, 380.52
1735717980, 37, 76, 79, 9, 0, 0.06%, 9, 0, 10, 322.57
1735717991, 38, 25, 79, 9, 0, 0.06%, 9, 0, 10, 346.55
1735717996, 38, 42, 79, 9, 0, 0.06%, 9, 0, 10, 285.56
1735718001, 38, 51, 79, 9, 0, 0.06%, 9, 0, 10, 296.18
1735718006, 38, 52, 79, 9, 0, 0.06%, 9, 0, 10, 283.92
1735718011, 38, 53, 79, 9, 0, 0.06%, 9, 0, 10, 343.86
1735718016, 38, 54, 79, 9, 0, 0.06%, 9, 0, 10, 328.33
1735718021, 38, 55, 79, 9, 0, 0.06%, 9, 0, 10, 316.79
1735718026, 38, 62, 79, 9, 0, 0.06%, 9, 0, 10, 351.52
1735718036, 38, 67, 79, 9, 0, 0.06%, 9, 0, 10, 364.31
1735718042, 38, 76, 79, 9, 0, 0.06%, 9, 0, 10, 405.13
1735718047, 39, 25, 79, 9, 0, 0.06%, 9, 0, 10, 356.43
1735718052, 39, 42, 79, 9, 0, 0.06%, 9, 0, 10, 310.05
1735718057, 39, 51, 79, 9, 0, 0.06%, 9, 0, 10, 300.16
1735718062, 39, 52, 79, 9, 0, 0.06%, 9, 0, 10, 350.14
1735718072, 39, 53, 79, 9, 0, 0.06%, 9, 0, 10, 369.37
1735718077, 39, 54, 79, 9, 0, 0.06%, 9, 0, 10, 320.41
1735718082, 39, 55, 79, 9, 0, 0.06%, 9, 0, 10, 351.54
1735718087, 39, 56, 79, 9, 0, 0.06%, 9, 0, 10, 368.93
1735718098, 39, 57, 79, 9, 0, 0.06%, 9, 0, 10, 354.21
1735718113, 39, 58, 79, 9, 0, 0.06%, 9, 0, 10, 357.70
1735718123, 39, 59, 79, 9, 0, 0.06%, 9, 0, 10, 295.40
1735718139, 39, 60, 79, 9, 0, 0.06%, 9, 0, 10, 272.10
1735718149, 39, 61, 79, 9, 0, 0.06%, 9, 0, 10, 299.69
1735718159, 39, 62, 79, 9, 0, 0.06%, 9, 0, 10, 336.22
1735718164, 39, 63, 79, 9, 0, 0.06%, 9, 0, 10, 331.03
1735718169, 39, 64, 79, 9, 0, 0.06%, 9, 0, 10, 355.20
1735718377, 39, 65, 79, 9, 0, 0.06%, 9, 0, 10, 365.45
1735718439, 39, 66, 79, 9, 0, 0.06%, 9, 0, 10, 326.76
1735718663, 39, 67, 79, 9, 0, 0.06%, 9, 0, 10, 389.67
1735718699, 39, 68, 79, 9, 0, 0.06%, 9, 0, 10, 358.26
1735718786, 39, 69, 79, 9, 0, 0.06%, 9, 0, 10, 360.31
1735718791, 39, 70, 79, 9, 0, 0.06%, 9, 0, 10, 370.38
1735718801, 39, 71, 79, 9, 0, 0.06%, 9, 0, 10, 380.71
1735718811, 39, 72, 79, 9, 0, 0.06%, 9, 0, 10, 335.78
1735718816, 39, 73, 79, 9, 0, 0.06%, 9, 0, 10, 320.65
1735718913, 39, 74, 79, 9, 0, 0.06%, 9, 0, 10, 342.08
1735718934, 39, 75, 79, 9, 0, 0.06%, 9, 0, 10, 377.82
1735718949, 39, 76, 79, 9, 0, 0.06%, 9, 0, 10, 367.08
1735718959, 39, 77, 79, 9, 0, 0.06%, 9, 0, 10, 306.88
1735718964, 39, 78, 79, 9, 0, 0.06%, 9, 0, 10, 435.65
1735719041, 40, 13, 79, 9, 0, 0.06%, 9, 0, 10, 324.58
1735719046, 40, 14, 79, 9, 0, 0.06%, 9, 0, 10, 300.07
1735719051, 40, 17, 79, 9, 0, 0.06%, 9, 0, 10, 300.70
1735719061, 40, 19, 79, 9, 0, 0.06%, 9, 0, 10, 287.79
1735719071, 40, 20, 79, 9, 0, 0.06%, 9, 0, 10, 287.88
1735719081, 40, 21, 79, 9, 0, 0.06%, 9, 0, 10, 327.58
1735719086, 40, 22, 79, 9, 0, 0.06%, 9, 0, 10, 353.77
1735719091, 40, 24, 79, 9, 0, 0.06%, 9, 0, 10, 323.78
1735719096, 40, 25, 79, 9, 0, 0.06%, 9, 0, 10, 347.85
1735719101, 40, 29, 79, 9, 0, 0.06%, 9, 0, 10, 365.78
1735719106, 40, 30, 79, 9, 0, 0.06%, 9, 0, 10, 344.60
1735719117, 40, 34, 79, 9, 0, 0.06%, 9, 0, 10, 328.94
1735719122, 40, 36, 79, 9, 0, 0.06%, 9, 0, 10, 352.06
1735719132, 40, 38, 79, 9, 0, 0.06%, 9, 0, 10, 350.62
1735719137, 40, 39, 79, 9, 0, 0.06%, 9, 0, 10, 330.94
1735719142, 40, 40, 79, 9, 0, 0.06%, 9, 0, 10, 321.91
1735719147, 40, 42, 79, 9, 0, 0.06%, 9, 0, 10, 322.82
1735719157, 40, 43, 79, 9, 0, 0.06%, 9, 0, 10, 340.43
1735719167, 40, 44, 79, 9, 0, 0.06%, 9, 0, 10, 314.63
1735719182, 40, 45, 79, 9, 0, 0.06%, 9, 0, 10, 437.69
1735719213, 40, 46, 79, 8, 0, 0.06%, 9, 0, 10, 296.22
1735719579, 40, 49, 79, 7, 0, 0.06%, 9, 0, 10, 324.87
1735719589, 40, 50, 79, 7, 0, 0.06%, 9, 0, 10, 306.87
1735719599, 40, 51, 79, 7, 0, 0.06%, 9, 0, 10, 350.12
1735719604, 40, 52, 79, 7, 0, 0.06%, 9, 0, 10, 389.97
1735719614, 40, 53, 79, 7, 0, 0.06%, 9, 0, 10, 366.18
1735719620, 40, 54, 79, 7, 0, 0.06%, 9, 0, 10, 313.50
1735719625, 40, 55, 79, 7, 0, 0.06%, 9, 0, 10, 335.96
1735719630, 40, 56, 79, 7, 0, 0.06%, 9, 0, 10, 395.20
