# unix_time, cycles_done, cur_path, paths_total, pending_total, pending_favs, map_size, unique_crashes, unique_hangs, max_depth, execs_per_sec
1735687243, 0, 0, 10, 10, 1, 0.00%, 0, 0, 1, 160.32
1735687248, 0, 4, 10, 10, 1, 0.00%, 0, 0, 1, 198.07
1735687253, 0, 5, 10, 9, 0, 0.00%, 0, 0, 1, 209.56
1735687258, 0, 6, 10, 8, 0, 0.00%, 0, 0, 1, 202.30
1735687268, 0, 7, 10, 7, 0, 0.00%, 0, 0, 1, 211.02
1735687273, 0, 8, 10, 6, 0, 0.00%, 0, 0, 1, 197.71
1735687283, 0, 9, 10, 5, 0, 0.00%, 0, 0, 1, 212.01
1735687288, 1, 0, 10, 4, 0, 0.00%, 0, 0, 1, 196.14
1735687299, 1, 1, 10, 3, 0, 0.00%, 0, 0, 1, 214.02
1735687309, 1, 2, 10, 2, 0, 0.00%, 0, 0, 1, 214.03
1735687314, 1, 3, 10, 1, 0, 0.00%, 0, 0, 1, 203.82
1735687324, 1, 4, 10, 0, 0, 0.00%, 0, 0, 1, 203.36
1735687334, 1, 5, 10, 0, 0, 0.00%, 0, 0, 1, 208.22
1735687339, 1, 6, 10, 0, 0, 0.00%, 0, 0, 1, 208.15
1735687344, 1, 8, 10, 0, 0, 0.00%, 0, 0, 1, 207.93
1735687350, 1, 9, 10, 0, 0, 0.00%, 0, 0, 1, 210.19
1735687355, 2, 1, 10, 0, 0, 0.00%, 0, 0, 1, 208.07
1735687360, 2, 2, 10, 0, 0, 0.00%, 0, 0, 1, 212.14
1735687365, 2, 4, 10, 0, 0, 0.00%, 0, 0, 1, 206.65
1735687370, 2, 5, 10, 0, 0, 0.00%, 0, 0, 1, 208.54
1735687375, 2, 7, 10, 0, 0, 0.00%, 0, 0, 1, 211.01
1735687380, 2, 8, 10, 0, 0, 0.00%, 0, 0, 1, 209.13
1735687385, 2, 9, 10, 0, 0, 0.00%, 0, 0, 1, 208.66
1735687390, 3, 1, 10, 0, 0, 0.00%, 0, 0, 1, 208.61
1735687395, 3, 2, 10, 0, 0, 0.00%, 0, 0, 1, 210.66
1735687400, 3, 4, 10, 0, 0, 0.00%, 0, 0, 1, 213.92
1735687405, 3, 5, 10, 0, 0, 0.00%, 0, 0, 1, 210.91
1735687410, 3, 7, 10, 0, 0, 0.00%, 0, 0, 1, 206.92
1735687415, 3, 8, 10, 0, 0, 0.00%, 0, 0, 1, 209.91
1735687421, 4, 0, 10, 0, 0, 0.00%, 0, 0, 1, 210.82
1735687426, 4, 1, 10, 0, 0, 0.00%, 0, 0, 1, 209.78
1735687431, 4, 3, 10, 0, 0, 0.00%, 0, 0, 1, 209.15
1735687436, 4, 4, 10, 0, 0, 0.00%, 0, 0, 1, 212.14
1735687441, 4, 6, 10, 0, 0, 0.00%, 0, 0, 1, 207.90
1735687446, 4, 7, 10, 0, 0, 0.00%, 0, 0, 1, 210.69
1735687451, 4, 8, 10, 0, 0, 0.00%, 0, 0, 1, 208.82
1735687456, 5, 0, 10, 0, 0, 0.00%, 0, 0, 1, 209.21
1735687461, 5, 1, 10, 0, 0, 0.00%, 0, 0, 1, 206.86
1735687466, 5, 3, 10, 0, 0, 0.00%, 0, 0, 1, 209.64
1735687472, 5, 4, 10, 0, 0, 0.00%, 0, 0, 1, 210.34
1735687477, 5, 6, 10, 0, 0, 0.00%, 0, 0, 1, 210.09
1735687482, 5, 7, 10, 0, 0, 0.00%, 0, 0, 1, 210.42
1735687487, 5, 9, 10, 0, 0, 0.00%, 0, 0, 1, 209.26
1735687492, 6, 0, 10, 0, 0, 0.00%, 0, 0, 1, 209.29
1735687497, 6, 2, 10, 0, 0, 0.00%, 0, 0, 1, 209.58
1735687502, 6, 3, 10, 0, 0, 0.00%, 0, 0, 1, 206.24
1735687507, 6, 4, 10, 0, 0, 0.00%, 0, 0, 1, 206.80
1735687512, 6, 6, 10, 0, 0, 0.00%, 0, 0, 1, 209.95
1735687517, 6, 7, 10, 0, 0, 0.00%, 0, 0, 1, 206.42
1735687522, 6, 9, 10, 0, 0, 0.00%, 0, 0, 1, 208.30
1735687527, 7, 0, 10, 0, 0, 0.00%, 0, 0, 1, 208.79
1735687532, 7, 2, 10, 0, 0, 0.00%, 0, 0, 1, 207.73
1735687537, 7, 3, 10, 0, 0, 0.00%, 0, 0, 1, 208.83
1735687543, 7, 5, 10, 0, 0, 0.00%, 0, 0, 1, 207.11
1735687548, 7, 6, 10, 0, 0, 0.00%, 0, 0, 1, 208.53
1735687553, 7, 7, 10, 0, 0, 0.00%, 0, 0, 1, 210.14
1735687558, 7, 9, 10, 0, 0, 0.00%, 0, 0, 1, 209.10
1735687563, 8, 0, 10, 0, 0, 0.00%, 0, 0, 1, 210.62
1735687568, 8, 2, 10, 0, 0, 0.00%, 0, 0, 1, 208.71
1735687573, 8, 3, 10, 0, 0, 0.00%, 0, 0, 1, 208.23
1735687578, 8, 5, 10, 0, 0, 0.00%, 0, 0, 1, 207.32
1735687583, 8, 6, 10, 0, 0, 0.00%, 0, 0, 1, 208.10
1735687588, 8, 7, 10, 0, 0, 0.00%, 0, 0, 1, 209.18
1735687593, 8, 9, 10, 0, 0, 0.00%, 0, 0, 1, 209.03
1735687598, 9, 1, 10, 0, 0, 0.00%, 0, 0, 1, 208.97
1735687603, 9, 2, 10, 0, 0, 0.00%, 0, 0, 1, 211.22
1735687608, 9, 3, 10, 0, 0, 0.00%, 0, 0, 1, 209.36
1735687613, 9, 5, 10, 0, 0, 0.00%, 0, 0, 1, 209.80
1735687619, 9, 6, 10, 0, 0, 0.00%, 0, 0, 1, 209.03
1735687624, 9, 8, 10, 0, 0, 0.00%, 0, 0, 1, 210.26
1735687629, 9, 9, 10, 0, 0, 0.00%, 0, 0, 1, 206.99
1735687634, 10, 1, 10, 0, 0, 0.00%, 0, 0, 1, 204.66
1735687639, 10, 2, 10, 0, 0, 0.00%, 0, 0, 1, 208.01
1735687644, 10, 3, 10, 0, 0, 0.00%, 0, 0, 1, 206.98
1735687649, 10, 5, 10, 0, 0, 0.00%, 0, 0, 1, 209.35
1735687654, 10, 6, 10, 0, 0, 0.00%, 0, 0, 1, 209.02
1735687659, 10, 8, 10, 0, 0, 0.00%, 0, 0, 1, 208.89
1735687664, 10, 9, 10, 0, 0, 0.00%, 0, 0, 1, 210.88
1735687669, 11, 1, 10, 0, 0, 0.00%, 0, 0, 1, 211.24
1735687674, 11, 2, 10, 0, 0, 0.00%, 0, 0, 1, 208.62
1735687679, 11, 4, 10, 0, 0, 0.00%, 0, 0, 1, 208.02
1735687684, 11, 5, 10, 0, 0, 0.00%, 0, 0, 1, 207.27
1735687689, 11, 6, 10, 0, 0, 0.00%, 0, 0, 1, 210.27
1735687694, 11, 8, 10, 0, 0, 0.00%, 0, 0, 1, 212.80
1735687699, 11, 9, 10, 0, 0, 0.00%, 0, 0, 1, 210.37
1735687704, 12, 1, 10, 0, 0, 0.00%, 0, 0, 1, 209.34
1735687709, 12, 2, 10, 0, 0, 0.00%, 0, 0, 1, 210.69
1735687715, 12, 4, 10, 0, 0, 0.00%, 0, 0, 1, 211.49
1735687720, 12, 5, 10, 0, 0, 0.00%, 0, 0, 1, 208.60
1735687725, 12, 7, 10, 0, 0, 0.00%, 0, 0, 1, 207.97
1735687730, 12, 8, 10, 0, 0, 0.00%, 0, 0, 1, 209.82
1735687735, 12, 9, 10, 0, 0, 0.00%, 0, 0, 1, 207.63
1735687740, 13, 1, 10, 0, 0, 0.00%, 0, 0, 1, 207.89
1735687745, 13, 3, 10, 0, 0, 0.00%, 0, 0, 1, 210.97
1735687750, 13, 4, 10, 0, 0, 0.00%, 0, 0, 1, 210.70
1735687755, 13, 5, 10, 0, 0, 0.00%, 0, 0, 1, 210.98
1735687760, 13, 7, 10, 0, 0, 0.00%, 0, 0, 1, 207.70
1735687765, 13, 8, 10, 0, 0, 0.00%, 0, 0, 1, 209.22
1735687770, 14, 0, 10, 0, 0, 0.00%, 0, 0, 1, 208.50
1735687775, 14, 1, 10, 0, 0, 0.00%, 0, 0, 1, 211.19
1735687780, 14, 3, 10, 0, 0, 0.00%, 0, 0, 1, 207.06
1735687785, 14, 4, 10, 0, 0, 0.00%, 0, 0, 1, 208.32
1735687791, 14, 6, 10, 0, 0, 0.00%, 0, 0, 1, 210.20
1735687796, 14, 7, 10, 0, 0, 0.00%, 0, 0, 1, 207.67
1735687801, 14, 8, 10, 0, 0, 0.00%, 0, 0, 1, 204.57
1735687806, 15, 0, 10, 0, 0, 0.00%, 0, 0, 1, 207.76
1735687811, 15, 1, 10, 0, 0, 0.00%, 0, 0, 1, 209.07
1735687816, 15, 3, 10, 0, 0, 0.00%, 0, 0, 1, 207.08
1735687821, 15, 4, 10, 0, 0, 0.00%, 0, 0, 1, 208.81
1735687826, 15, 6, 10, 0, 0, 0.00%, 0, 0, 1, 208.30
1735687831, 15, 7, 10, 0, 0, 0.00%, 0, 0, 1, 202.81
1735687836, 15, 8, 10, 0, 0, 0.00%, 0, 0, 1, 209.09
1735687841, 16, 0, 10, 0, 0, 0.00%, 0, 0, 1, 208.43
1735687846, 16, 2, 10, 0, 0, 0.00%, 0, 0, 1, 209.04
1735687852, 16, 3, 10, 0, 0, 0.00%, 0, 0, 1, 217.52
1735687857, 16, 5, 10, 0, 0, 0.00%, 0, 0, 1, 215.86
1735687862, 16, 6, 10, 0, 0, 0.00%, 0, 0, 1, 217.03
1735687867, 16, 8, 10, 0, 0, 0.00%, 0, 0, 1, 214.65
1735687872, 16, 9, 10, 0, 0, 0.00%, 0, 0, 1, 212.10
1735687877, 17, 1, 10, 0, 0, 0.00%, 0, 0, 1, 219.41
1735687882, 17, 2, 10, 0, 0, 0.00%, 0, 0, 1, 220.35
1735687887, 17, 4, 10, 0, 0, 0.00%, 0, 0, 1, 217.85
1735687892, 17, 5, 10, 0, 0, 0.00%, 0, 0, 1, 217.49
1735687897, 17, 7, 10, 0, 0, 0.00%, 0, 0, 1, 214.92
1735687903, 17, 8, 10, 0, 0, 0.00%, 0, 0, 1, 217.64
1735687908, 18, 0, 10, 0, 0, 0.00%, 0, 0, 1, 214.56
1735687913, 18, 1, 10, 0, 0, 0.00%, 0, 0, 1, 221.29
1735687918, 18, 3, 10, 0, 0, 0.00%, 0, 0, 1, 213.09
1735687923, 18, 4, 10, 0, 0, 0.00%, 0, 0, 1, 218.49
1735687928, 18, 6, 10, 0, 0, 0.00%, 0, 0, 1, 214.79
1735687933, 18, 7, 10, 0, 0, 0.00%, 0, 0, 1, 213.69
1735687938, 18, 9, 10, 0, 0, 0.00%, 0, 0, 1, 217.09
1735687943, 19, 0, 10, 0, 0, 0.00%, 0, 0, 1, 218.61
1735687948, 19, 2, 10, 0, 0, 0.00%, 0, 0, 1, 215.20
1735687953, 19, 3, 10, 0, 0, 0.00%, 0, 0, 1, 213.92
1735687959, 19, 5, 10, 0, 0, 0.00%, 0, 0, 1, 215.13
1735687964, 19, 6, 10, 0, 0, 0.00%, 0, 0, 1, 217.69
1735687969, 19, 8, 10, 0, 0, 0.00%, 0, 0, 1, 216.81
1735687974, 19, 9, 10, 0, 0, 0.00%, 0, 0, 1, 215.09
1735687979, 20, 1, 10, 0, 0, 0.00%, 0, 0, 1, 214.30
1735687984, 20, 2, 10, 0, 0, 0.00%, 0, 0, 1, 220.81
1735687989, 20, 4, 10, 0, 0, 0.00%, 0, 0, 1, 216.68
1735687994, 20, 5, 10, 0, 0, 0.00%, 0, 0, 1, 217.06
1735687999, 20, 7, 10, 0, 0, 0.00%, 0, 0, 1, 217.99
1735688004, 20, 8, 10, 0, 0, 0.00%, 0, 0, 1, 218.41
1735688009, 21, 0, 10, 0, 0, 0.00%, 0, 0, 1, 218.74
1735688014, 21, 1, 10, 0, 0, 0.00%, 0, 0, 1, 217.03
1735688019, 21, 3, 10, 0, 0, 0.00%, 0, 0, 1, 214.47
1735688024, 21, 4, 10, 0, 0, 0.00%, 0, 0, 1, 215.58
1735688029, 21, 6, 10, 0, 0, 0.00%, 0, 0, 1, 214.86
1735688034, 21, 7, 10, 0, 0, 0.00%, 0, 0, 1, 213.23
1735688039, 21, 9, 10, 0, 0, 0.00%, 0, 0, 1, 213.96
1735688044, 22, 0, 10, 0, 0, 0.00%, 0, 0, 1, 215.21
1735688049, 22, 2, 10, 0, 0, 0.00%, 0, 0, 1, 215.31
1735688055, 22, 3, 10, 0, 0, 0.00%, 0, 0, 1, 219.04
1735688060, 22, 5, 10, 0, 0, 0.00%, 0, 0, 1, 215.24
1735688065, 22, 6, 10, 0, 0, 0.00%, 0, 0, 1, 217.87
1735688070, 22, 8, 10, 0, 0, 0.00%, 0, 0, 1, 213.64
1735688075, 22, 9, 10, 0, 0, 0.00%, 0, 0, 1, 217.31
1735688080, 23, 1, 10, 0, 0, 0.00%, 0, 0, 1, 220.66
1735688085, 23, 2, 10, 0, 0, 0.00%, 0, 0, 1, 219.25
1735688090, 23, 4, 10, 0, 0, 0.00%, 0, 0, 1, 215.91
1735688095, 23, 5, 10, 0, 0, 0.00%, 0, 0, 1, 214.49
1735688100, 23, 7, 10, 0, 0, 0.00%, 0, 0, 1, 215.48
1735688106, 23, 8, 10, 0, 0, 0.00%, 0, 0, 1, 215.02
1735688111, 24, 0, 10, 0, 0, 0.00%, 0, 0, 1, 213.14
1735688116, 24, 1, 10, 0, 0, 0.00%, 0, 0, 1, 215.40
1735688121, 24, 3, 10, 0, 0, 0.00%, 0, 0, 1, 217.14
1735688126, 24, 4, 10, 0, 0, 0.00%, 0, 0, 1, 215.79
1735688131, 24, 6, 10, 0, 0, 0.00%, 0, 0, 1, 217.24
1735688136, 24, 7, 10, 0, 0, 0.00%, 0, 0, 1, 214.45
1735688141, 24, 9, 10, 0, 0, 0.00%, 0, 0, 1, 218.65
1735688146, 25, 0, 10, 0, 0, 0.00%, 0, 0, 1, 215.85
1735688151, 25, 2, 10, 0, 0, 0.00%, 0, 0, 1, 215.85
1735688156, 25, 3, 10, 0, 0, 0.00%, 0, 0, 1, 217.58
1735688161, 25, 5, 10, 0, 0, 0.00%, 0, 0, 1, 215.84
1735688166, 25, 6, 10, 0, 0, 0.00%, 0, 0, 1, 217.17
1735688172, 25, 8, 10, 0, 0, 0.00%, 0, 0, 1, 216.57
1735688177, 25, 9, 10, 0, 0, 0.00%, 0, 0, 1, 217.18
1735688182, 26, 1, 10, 0, 0, 0.00%, 0, 0, 1, 217.12
1735688187, 26, 2, 10, 0, 0, 0.00%, 0, 0, 1, 218.40
1735688192, 26, 4, 10, 0, 0, 0.00%, 0, 0, 1, 212.96
1735688197, 26, 5, 10, 0, 0, 0.00%, 0, 0, 1, 216.61
1735688202, 26, 7, 10, 0, 0, 0.00%, 0, 0, 1, 220.68
1735688207, 26, 8, 10, 0, 0, 0.00%, 0, 0, 1, 217.64
1735688212, 27, 0, 10, 0, 0, 0.00%, 0, 0, 1, 214.13
1735688217, 27, 1, 10, 0, 0, 0.00%, 0, 0, 1, 215.92
1735688222, 27, 3, 10, 0, 0, 0.00%, 0, 0, 1, 212.68
1735688227, 27, 4, 10, 0, 0, 0.00%, 0, 0, 1, 215.16
1735688232, 27, 6, 10, 0, 0, 0.00%, 0, 0, 1, 216.33
1735688237, 27, 7, 10, 0, 0, 0.00%, 0, 0, 1, 218.13
1735688242, 27, 9, 10, 0, 0, 0.00%, 0, 0, 1, 213.91
1735688247, 28, 0, 10, 0, 0, 0.00%, 0, 0, 1, 217.70
1735688252, 28, 10, 11, 1, 1, 0.05%, 1, 0, 2, 251.57
1735688262, 28, 10, 12, 2, 1, 0.05%, 2, 0, 3, 267.36
1735688349, 28, 10, 13, 3, 1, 0.05%, 3, 0, 3, 240.17
1735688369, 28, 12, 14, 3, 2, 0.05%, 3, 0, 4, 233.94
1735688374, 28, 12, 16, 5, 2, 0.05%, 4, 0, 4, 263.48
1735688379, 28, 12, 18, 7, 2, 0.06%, 5, 0, 4, 267.36
1735688384, 28, 12, 21, 10, 2, 0.06%, 5, 0, 4, 275.52
1735688394, 28, 12, 23, 12, 2, 0.06%, 6, 0, 4, 272.40
1735688409, 28, 12, 24, 13, 2, 0.06%, 6, 0, 4, 274.86
1735688414, 28, 12, 25, 14, 2, 0.06%, 7, 0, 4, 273.59
1735688480, 28, 24, 26, 14, 5, 0.06%, 7, 0, 5, 411.47
1735688491, 28, 24, 27, 15, 5, 0.06%, 7, 0, 5, 480.30
1735688536, 28, 24, 33, 21, 5, 0.06%, 8, 0, 5, 291.57
1735688541, 28, 24, 38, 26, 5, 0.06%, 9, 0, 5, 319.94
1735688556, 28, 35, 38, 25, 6, 0.06%, 9, 0, 5, 417.67
1735688577, 28, 35, 39, 26, 6, 0.06%, 9, 0, 6, 501.86
1735688618, 28, 35, 41, 28, 6, 0.06%, 9, 0, 6, 499.79
1735688623, 28, 35, 42, 29, 6, 0.06%, 9, 0, 6, 512.76
1735688633, 28, 35, 43, 30, 6, 0.06%, 9, 0, 6, 515.41
1735688639, 28, 35, 44, 31, 6, 0.06%, 9, 0, 6, 521.83
1735688654, 28, 35, 46, 33, 6, 0.06%, 9, 0, 6, 514.51
1735688659, 28, 35, 47, 34, 6, 0.06%, 9, 0, 6, 518.35
1735688684, 29, 22, 48, 34, 6, 0.06%, 9, 0, 6, 292.47
1735688694, 29, 22, 49, 35, 6, 0.06%, 9, 0, 6, 274.31
1735688700, 29, 22, 51, 37, 6, 0.06%, 9, 0, 6, 278.42
1735688710, 29, 22, 52, 38, 6, 0.06%, 9, 0, 6, 267.86
1735688740, 29, 22, 53, 39, 6, 0.06%, 9, 0, 6, 276.36
1735688765, 29, 22, 54, 40, 6, 0.06%, 9, 0, 6, 276.78
1735688816, 29, 27, 54, 39, 5, 0.06%, 9, 0, 6, 298.40
1735688883, 29, 27, 55, 40, 5, 0.06%, 9, 0, 6, 503.79
1735689265, 29, 27, 56, 41, 5, 0.06%, 9, 0, 6, 376.03
1735689300, 29, 44, 56, 40, 5, 0.06%, 9, 0, 6, 250.29
1735689577, 29, 44, 57, 41, 5, 0.06%, 9, 0, 7, 474.69
1735689618, 29, 53, 59, 42, 5, 0.06%, 9, 0, 7, 390.36
1735689638, 29, 53, 60, 43, 5, 0.06%, 9, 0, 7, 296.36
1735689695, 29, 56, 60, 42, 5, 0.06%, 9, 0, 7, 273.63
1735689956, 29, 56, 61, 43, 5, 0.06%, 9, 0, 8, 481.25
1735689982, 29, 56, 62, 44, 5, 0.06%, 9, 0, 8, 500.29
1735690027, 29, 57, 62, 43, 5, 0.06%, 9, 0, 8, 300.07
1735690063, 29, 57, 64, 45, 5, 0.06%, 9, 0, 8, 310.03
1735690068, 29, 58, 64, 44, 5, 0.06%, 9, 0, 8, 311.38
1735690104, 29, 59, 66, 45, 5, 0.06%, 9, 0, 8, 380.64
1735690363, 29, 60, 66, 44, 5, 0.06%, 9, 0, 8, 261.47
1735690881, 29, 60, 67, 45, 5, 0.06%, 9, 0, 9, 452.06
1735690912, 29, 60, 68, 46, 5, 0.06%, 9, 0, 9, 492.08
1735690947, 29, 61, 68, 45, 5, 0.06%, 9, 0, 9, 412.99
1735691198, 29, 61, 70, 47, 5, 0.06%, 9, 0, 9, 491.61
1735691249, 29, 62, 70, 46, 5, 0.06%, 9, 0, 9, 390.84
1735691254, 29, 62, 72, 48, 5, 0.06%, 9, 0, 9, 380.97
1735691345, 29, 63, 72, 47, 5, 0.06%, 9, 0, 9, 351.39
1735691356, 29, 63, 73, 48, 5, 0.06%, 9, 0, 9, 407.72
1735691550, 29, 64, 73, 47, 5, 0.06%, 9, 0, 9, 339.96
1735691646, 29, 65, 73, 46, 5, 0.06%, 9, 0, 9, 359.60
1735691744, 29, 66, 73, 45, 5, 0.06%, 9, 0, 9, 220.63
1735692771, 29, 70, 73, 44, 5, 0.06%, 9, 0, 9, 376.80
1735692792, 29, 70, 74, 45, 5, 0.06%, 9, 0, 9, 490.53
1735692837, 29, 70, 75, 46, 5, 0.06%, 9, 0, 9, 321.57
1735692847, 29, 71, 75, 45, 4, 0.06%, 9, 0, 9, 479.39
1735692893, 29, 73, 75, 44, 4, 0.06%, 9, 0, 9, 341.71
1735692980, 30, 16, 75, 43, 4, 0.06%, 9, 0, 9, 302.35
1735693016, 30, 27, 75, 42, 3, 0.06%, 9, 0, 9, 399.20
1735693544, 30, 28, 75, 42, 3, 0.06%, 9, 0, 9, 367.86
1735693712, 30, 29, 75, 41, 3, 0.06%, 9, 0, 9, 407.15
1735693763, 30, 30, 75, 40, 3, 0.06%, 9, 0, 9, 265.05
1735694662, 30, 35, 75, 39, 3, 0.06%, 9, 0, 9, 292.95
1735694683, 30, 38, 75, 39, 3, 0.06%, 9, 0, 9, 332.20
1735694791, 30, 39, 75, 38, 3, 0.06%, 9, 0, 9, 299.87
1735694898, 30, 40, 75, 37, 3, 0.06%, 9, 0, 9, 370.80
1735695006, 30, 41, 75, 36, 3, 0.06%, 9, 0, 9, 394.22
1735695397, 30, 42, 75, 35, 3, 0.06%, 9, 0, 9, 432.68
1735695509, 30, 43, 75, 34, 3, 0.06%, 9, 0, 9, 392.49
1735695602, 30, 44, 75, 33, 2, 0.06%, 9, 0, 9, 426.32
1735695627, 30, 45, 75, 33, 2, 0.06%, 9, 0, 9, 372.27
1735695724, 30, 46, 75, 32, 2, 0.06%, 9, 0, 9, 474.95
1735695791, 30, 47, 75, 31, 2, 0.06%, 9, 0, 9, 287.76
1735695831, 30, 48, 75, 30, 2, 0.06%, 9, 0, 9, 369.01
1735695882, 30, 49, 75, 29, 2, 0.06%, 9, 0, 9, 281.08
1735696207, 30, 50, 75, 28, 2, 0.06%, 9, 0, 9, 333.93
1735696248, 30, 51, 75, 27, 2, 0.06%, 9, 0, 9, 426.24
1735696278, 30, 52, 75, 26, 2, 0.06%, 9, 0, 9, 360.69
1735696578, 30, 53, 75, 25, 2, 0.06%, 9, 0, 9, 306.78
1735696593, 30, 54, 75, 25, 2, 0.06%, 9, 0, 9, 352.80
1735696710, 30, 55, 75, 24, 2, 0.06%, 9, 0, 9, 414.61
1735696761, 30, 56, 75, 23, 2, 0.06%, 9, 0, 9, 355.84
1735696786, 30, 57, 75, 23, 2, 0.06%, 9, 0, 9, 374.45
1735696802, 30, 58, 75, 23, 2, 0.06%, 9, 0, 9, 317.57
1735696817, 30, 59, 75, 23, 2, 0.06%, 9, 0, 9, 321.73
1735696842, 30, 60, 75, 23, 2, 0.06%, 9, 0, 9, 332.88
1735696873, 30, 61, 75, 23, 2, 0.06%, 9, 0, 9, 445.20
1735696903, 30, 62, 75, 23, 2, 0.06%, 9, 0, 9, 393.40
1735696934, 30, 63, 75, 23, 2, 0.06%, 9, 0, 9, 307.16
1735696954, 30, 64, 75, 23, 2, 0.06%, 9, 0, 9, 360.03
1735696969, 30, 65, 75, 23, 2, 0.06%, 9, 0, 9, 334.55
1735696990, 30, 66, 75, 23, 2, 0.06%, 9, 0, 9, 465.58
1735697030, 30, 67, 75, 23, 2, 0.06%, 9, 0, 9, 415.08
1735697308, 30, 67, 76, 24, 2, 0.06%, 9, 0, 10, 464.74
1735697369, 30, 68, 76, 23, 2, 0.06%, 9, 0, 10, 284.98
