# unix_time, cycles_done, cur_path, paths_total, pending_total, pending_favs, map_size, unique_crashes, unique_hangs, max_depth, execs_per_sec
1735471764, 0, 0, 10, 10, 1, 0.00%, 0, 0, 1, 176.60
1735471770, 0, 3, 10, 10, 1, 0.00%, 0, 0, 1, 210.53
1735471775, 0, 4, 10, 9, 0, 0.00%, 0, 0, 1, 212.57
1735471780, 0, 5, 10, 8, 0, 0.00%, 0, 0, 1, 203.19
1735471790, 0, 6, 10, 7, 0, 0.00%, 0, 0, 1, 210.79
1735471795, 0, 7, 10, 6, 0, 0.00%, 0, 0, 1, 196.72
1735471801, 0, 8, 10, 5, 0, 0.00%, 0, 0, 1, 210.97
1735471811, 0, 9, 10, 4, 0, 0.00%, 0, 0, 1, 212.01
1735471816, 1, 0, 10, 3, 0, 0.00%, 0, 0, 1, 203.79
1735471826, 1, 1, 10, 2, 0, 0.00%, 0, 0, 1, 199.51
1735471836, 1, 2, 10, 1, 0, 0.00%, 0, 0, 1, 198.53
1735471846, 1, 3, 10, 0, 0, 0.00%, 0, 0, 1, 210.87
1735471857, 1, 4, 10, 0, 0, 0.00%, 0, 0, 1, 211.94
1735471862, 1, 6, 10, 0, 0, 0.00%, 0, 0, 1, 209.98
1735471867, 1, 7, 10, 0, 0, 0.00%, 0, 0, 1, 211.63
1735471872, 1, 9, 10, 0, 0, 0.00%, 0, 0, 1, 207.62
1735471877, 2, 0, 10, 0, 0, 0.00%, 0, 0, 1, 212.80
1735471882, 2, 2, 10, 0, 0, 0.00%, 0, 0, 1, 209.07
1735471887, 2, 3, 10, 0, 0, 0.00%, 0, 0, 1, 212.12
1735471893, 2, 5, 10, 0, 0, 0.00%, 0, 0, 1, 213.20
1735471898, 2, 6, 10, 0, 0, 0.00%, 0, 0, 1, 210.83
1735471903, 2, 7, 10, 0, 0, 0.00%, 0, 0, 1, 213.48
1735471908, 2, 9, 10, 0, 0, 0.00%, 0, 0, 1, 205.82
1735471913, 3, 0, 10, 0, 0, 0.00%, 0, 0, 1, 212.21
1735471918, 3, 2, 10, 0, 0, 0.00%, 0, 0, 1, 207.69
1735471923, 3, 3, 10, 0, 0, 0.00%, 0, 0, 1, 210.96
1735471928, 3, 4, 10, 0, 0, 0.00%, 0, 0, 1, 210.11
1735471933, 3, 6, 10, 0, 0, 0.00%, 0, 0, 1, 211.01
1735471938, 3, 7, 10, 0, 0, 0.00%, 0, 0, 1, 213.39
1735471944, 3, 9, 10, 0, 0, 0.00%, 0, 0, 1, 207.26
1735471949, 4, 0, 10, 0, 0, 0.00%, 0, 0, 1, 209.55
1735471954, 4, 2, 10, 0, 0, 0.00%, 0, 0, 1, 209.36
1735471959, 4, 3, 10, 0, 0, 0.00%, 0, 0, 1, 212.59
1735471964, 4, 5, 10, 0, 0, 0.00%, 0, 0, 1, 213.56
1735471969, 4, 6, 10, 0, 0, 0.00%, 0, 0, 1, 210.09
1735471974, 4, 7, 10, 0, 0, 0.00%, 0, 0, 1, 213.07
1735471979, 4, 9, 10, 0, 0, 0.00%, 0, 0, 1, 211.36
1735471985, 5, 0, 10, 0, 0, 0.00%, 0, 0, 1, 212.35
1735471990, 5, 2, 10, 0, 0, 0.00%, 0, 0, 1, 209.54
1735471995, 5, 3, 10, 0, 0, 0.00%, 0, 0, 1, 213.11
1735472000, 5, 5, 10, 0, 0, 0.00%, 0, 0, 1, 211.88
1735472005, 5, 6, 10, 0, 0, 0.00%, 0, 0, 1, 214.96
1735472010, 5, 8, 10, 0, 0, 0.00%, 0, 0, 1, 210.06
1735472015, 5, 9, 10, 0, 0, 0.00%, 0, 0, 1, 209.65
1735472020, 6, 0, 10, 0, 0, 0.00%, 0, 0, 1, 210.01
1735472025, 6, 2, 10, 0, 0, 0.00%, 0, 0, 1, 209.72
1735472030, 6, 3, 10, 0, 0, 0.00%, 0, 0, 1, 211.01
1735472035, 6, 5, 10, 0, 0, 0.00%, 0, 0, 1, 213.37
1735472041, 6, 6, 10, 0, 0, 0.00%, 0, 0, 1, 214.06
1735472046, 6, 8, 10, 0, 0, 0.00%, 0, 0, 1, 212.47
1735472051, 6, 9, 10, 0, 0, 0.00%, 0, 0, 1, 212.47
1735472056, 7, 1, 10, 0, 0, 0.00%, 0, 0, 1, 211.23
1735472061, 7, 2, 10, 0, 0, 0.00%, 0, 0, 1, 215.25
1735472066, 7, 3, 10, 0, 0, 0.00%, 0, 0, 1, 212.03
1735472071, 7, 5, 10, 0, 0, 0.00%, 0, 0, 1, 208.21
1735472076, 7, 6, 10, 0, 0, 0.00%, 0, 0, 1, 211.38
1735472082, 7, 8, 10, 0, 0, 0.00%, 0, 0, 1, 213.30
1735472087, 7, 9, 10, 0, 0, 0.00%, 0, 0, 1, 210.24
1735472092, 8, 1, 10, 0, 0, 0.00%, 0, 0, 1, 213.99
1735472097, 8, 2, 10, 0, 0, 0.00%, 0, 0, 1, 210.09
1735472102, 8, 4, 10, 0, 0, 0.00%, 0, 0, 1, 207.08
1735472107, 8, 5, 10, 0, 0, 0.00%, 0, 0, 1, 206.51
1735472112, 8, 6, 10, 0, 0, 0.00%, 0, 0, 1, 208.75
1735472117, 8, 8, 10, 0, 0, 0.00%, 0, 0, 1, 206.04
1735472122, 8, 9, 10, 0, 0, 0.00%, 0, 0, 1, 207.85
1735472127, 9, 1, 10, 0, 0, 0.00%, 0, 0, 1, 208.97
1735472132, 9, 2, 10, 0, 0, 0.00%, 0, 0, 1, 212.03
1735472137, 9, 3, 10, 0, 0, 0.00%, 0, 0, 1, 211.31
1735472143, 9, 5, 10, 0, 0, 0.00%, 0, 0, 1, 211.47
1735472148, 9, 6, 10, 0, 0, 0.00%, 0, 0, 1, 209.70
1735472153, 9, 8, 10, 0, 0, 0.00%, 0, 0, 1, 208.84
1735472158, 9, 9, 10, 0, 0, 0.00%, 0, 0, 1, 210.79
1735472163, 10, 1, 10, 0, 0, 0.00%, 0, 0, 1, 212.26
1735472168, 10, 2, 10, 0, 0, 0.00%, 0, 0, 1, 211.54
1735472173, 10, 3, 10, 0, 0, 0.00%, 0, 0, 1, 210.22
1735472178, 10, 5, 10, 0, 0, 0.00%, 0, 0, 1, 213.48
1735472184, 10, 6, 10, 0, 0, 0.00%, 0, 0, 1, 212.24
1735472189, 10, 8, 10, 0, 0, 0.00%, 0, 0, 1, 211.70
1735472194, 10, 9, 10, 0, 0, 0.00%, 0, 0, 1, 209.50
1735472199, 11, 1, 10, 0, 0, 0.00%, 0, 0, 1, 209.40
1735472204, 11, 2, 10, 0, 0, 0.00%, 0, 0, 1, 209.91
1735472209, 11, 4, 10, 0, 0, 0.00%, 0, 0, 1, 210.89
1735472215, 11, 5, 10, 0, 0, 0.00%, 0, 0, 1, 210.54
1735472220, 11, 6, 10, 0, 0, 0.00%, 0, 0, 1, 210.29
1735472225, 11, 8, 10, 0, 0, 0.00%, 0, 0, 1, 209.54
1735472230, 11, 9, 10, 0, 0, 0.00%, 0, 0, 1, 212.77
1735472235, 12, 1, 10, 0, 0, 0.00%, 0, 0, 1, 207.78
1735472240, 12, 2, 10, 0, 0, 0.00%, 0, 0, 1, 209.89
1735472245, 12, 4, 10, 0, 0, 0.00%, 0, 0, 1, 209.26
1735472250, 12, 5, 10, 0, 0, 0.00%, 0, 0, 1, 210.35
1735472256, 12, 7, 10, 0, 0, 0.00%, 0, 0, 1, 209.23
1735472261, 12, 8, 10, 0, 0, 0.00%, 0, 0, 1, 210.36
1735472266, 12, 9, 10, 0, 0, 0.00%, 0, 0, 1, 208.53
1735472271, 13, 1, 10, 0, 0, 0.00%, 0, 0, 1, 212.30
1735472276, 13, 2, 10, 0, 0, 0.00%, 0, 0, 1, 212.11
1735472281, 13, 4, 10, 0, 0, 0.00%, 0, 0, 1, 209.34
1735472286, 13, 5, 10, 0, 0, 0.00%, 0, 0, 1, 208.12
1735472291, 13, 6, 10, 0, 0, 0.00%, 0, 0, 1, 209.74
1735472296, 13, 8, 10, 0, 0, 0.00%, 0, 0, 1, 205.96
1735472301, 13, 9, 10, 0, 0, 0.00%, 0, 0, 1, 208.37
1735472306, 14, 1, 10, 0, 0, 0.00%, 0, 0, 1, 209.71
1735472311, 14, 2, 10, 0, 0, 0.00%, 0, 0, 1, 208.99
1735472316, 14, 3, 10, 0, 0, 0.00%, 0, 0, 1, 211.44
1735472321, 14, 5, 10, 0, 0, 0.00%, 0, 0, 1, 208.57
1735472327, 14, 6, 10, 0, 0, 0.00%, 0, 0, 1, 210.57
1735472332, 14, 8, 10, 0, 0, 0.00%, 0, 0, 1, 209.82
1735472337, 14, 9, 10, 0, 0, 0.00%, 0, 0, 1, 212.27
1735472342, 15, 1, 10, 0, 0, 0.00%, 0, 0, 1, 209.26
1735472347, 15, 2, 10, 0, 0, 0.00%, 0, 0, 1, 209.57
1735472352, 15, 4, 10, 0, 0, 0.00%, 0, 0, 1, 212.71
1735472357, 15, 5, 10, 0, 0, 0.00%, 0, 0, 1, 212.14
1735472362, 15, 6, 10, 0, 0, 0.00%, 0, 0, 1, 210.05
1735472368, 15, 8, 10, 0, 0, 0.00%, 0, 0, 1, 215.54
1735472373, 15, 9, 10, 0, 0, 0.00%, 0, 0, 1, 217.65
1735472378, 16, 1, 10, 0, 0, 0.00%, 0, 0, 1, 214.89
1735472383, 16, 10, 11, 1, 1, 0.05%, 1, 0, 2, 231.60
1735472393, 16, 10, 12, 2, 1, 0.05%, 2, 0, 3, 231.26
1735472516, 16, 11, 15, 4, 1, 0.05%, 4, 0, 4, 252.85
1735472521, 16, 11, 17, 6, 1, 0.06%, 5, 0, 4, 271.65
1735472536, 16, 11, 18, 7, 1, 0.06%, 5, 0, 4, 274.91
1735472541, 16, 11, 19, 8, 1, 0.06%, 5, 0, 4, 266.02
1735472557, 16, 11, 21, 10, 1, 0.06%, 6, 0, 4, 271.33
1735472562, 16, 11, 22, 11, 1, 0.06%, 6, 0, 4, 270.86
1735472577, 16, 11, 23, 12, 1, 0.06%, 6, 0, 4, 277.37
1735472613, 16, 11, 24, 13, 1, 0.06%, 7, 0, 4, 241.68
1735472618, 16, 23, 25, 13, 5, 0.06%, 8, 0, 5, 400.91
1735472623, 16, 23, 27, 15, 5, 0.06%, 8, 0, 5, 467.19
1735472628, 16, 23, 28, 16, 5, 0.06%, 8, 0, 5, 471.17
1735472644, 16, 23, 29, 17, 5, 0.06%, 8, 0, 5, 477.93
1735472649, 16, 23, 30, 18, 5, 0.06%, 8, 0, 5, 480.80
1735472654, 16, 23, 31, 19, 5, 0.06%, 8, 0, 5, 471.56
1735472669, 16, 23, 32, 20, 5, 0.06%, 8, 0, 5, 369.48
1735472674, 16, 23, 33, 21, 5, 0.06%, 8, 0, 5, 294.87
1735472684, 17, 13, 36, 23, 5, 0.06%, 8, 0, 5, 357.61
1735472715, 17, 13, 37, 24, 5, 0.06%, 8, 0, 5, 482.56
1735472750, 17, 13, 38, 25, 5, 0.06%, 9, 0, 5, 299.36
1735472755, 17, 13, 39, 26, 5, 0.06%, 9, 0, 5, 279.87
1735472760, 17, 37, 41, 27, 5, 0.06%, 9, 0, 5, 293.28
1735472770, 17, 37, 42, 28, 5, 0.06%, 9, 0, 6, 256.72
1735472867, 17, 37, 43, 29, 5, 0.06%, 9, 0, 6, 271.57
1735472872, 17, 37, 48, 34, 5, 0.06%, 9, 0, 6, 300.11
1735472882, 17, 46, 48, 33, 4, 0.06%, 9, 0, 6, 304.88
1735472938, 17, 46, 49, 34, 4, 0.06%, 9, 0, 7, 290.64
1735472953, 17, 48, 49, 33, 3, 0.06%, 9, 0, 7, 383.97
1735472958, 17, 48, 50, 34, 3, 0.06%, 9, 0, 8, 452.08
1735472968, 17, 48, 51, 35, 3, 0.06%, 9, 0, 8, 471.49
1735472973, 17, 48, 52, 36, 3, 0.06%, 9, 0, 8, 469.52
1735473040, 18, 14, 53, 36, 2, 0.06%, 9, 0, 8, 296.44
1735473090, 18, 24, 53, 35, 1, 0.06%, 9, 0, 8, 336.24
1735473121, 18, 25, 54, 35, 1, 0.06%, 9, 0, 8, 293.38
1735473162, 18, 44, 54, 34, 1, 0.06%, 9, 0, 8, 439.34
1735473203, 18, 44, 56, 36, 1, 0.06%, 9, 0, 8, 379.47
1735473213, 18, 46, 56, 35, 1, 0.06%, 9, 0, 8, 308.85
1735473238, 18, 48, 56, 35, 1, 0.06%, 9, 0, 8, 419.51
1735473253, 18, 49, 56, 35, 1, 0.06%, 9, 0, 8, 376.88
1735473319, 18, 50, 56, 34, 1, 0.06%, 9, 0, 8, 356.56
1735473370, 18, 50, 57, 35, 1, 0.06%, 9, 0, 9, 436.62
1735473391, 18, 53, 57, 34, 1, 0.06%, 9, 0, 9, 336.63
1735473421, 18, 53, 58, 35, 1, 0.06%, 9, 0, 9, 445.77
1735473462, 18, 55, 58, 34, 1, 0.06%, 9, 0, 9, 341.12
1735473519, 18, 55, 59, 35, 1, 0.06%, 9, 0, 9, 395.97
1735473564, 18, 56, 59, 34, 1, 0.06%, 9, 0, 9, 373.47
1735473626, 18, 57, 59, 33, 1, 0.06%, 9, 0, 9, 375.69
1735473722, 18, 58, 59, 32, 1, 0.06%, 9, 0, 9, 400.01
1735473783, 19, 13, 59, 31, 1, 0.06%, 9, 0, 9, 448.33
1735473798, 19, 14, 59, 31, 1, 0.06%, 9, 0, 9, 317.51
1735473808, 19, 14, 60, 32, 1, 0.06%, 9, 0, 9, 299.50
1735473818, 19, 15, 60, 32, 1, 0.06%, 9, 0, 9, 251.83
1735473925, 19, 15, 62, 34, 1, 0.06%, 9, 0, 9, 486.84
1735473935, 19, 15, 64, 36, 1, 0.06%, 9, 0, 9, 481.15
1735474637, 19, 16, 64, 35, 1, 0.06%, 9, 0, 9, 455.51
1735474678, 19, 16, 65, 36, 1, 0.06%, 9, 0, 9, 516.77
1735474907, 19, 23, 65, 35, 1, 0.06%, 9, 0, 9, 422.24
1735474922, 19, 25, 65, 35, 1, 0.06%, 9, 0, 9, 329.96
1735474942, 19, 26, 65, 35, 1, 0.06%, 9, 0, 9, 460.02
1735474983, 19, 27, 65, 34, 1, 0.06%, 9, 0, 9, 455.19
1735475013, 19, 28, 65, 33, 0, 0.06%, 9, 0, 9, 314.41
1735475054, 19, 29, 65, 32, 0, 0.06%, 9, 0, 9, 314.20
1735475085, 19, 29, 66, 33, 0, 0.06%, 9, 0, 9, 495.94
1735475110, 19, 29, 67, 34, 0, 0.06%, 9, 0, 9, 493.15
1735475156, 19, 35, 67, 33, 0, 0.06%, 9, 0, 9, 396.65
1735475202, 19, 36, 67, 32, 0, 0.06%, 9, 0, 9, 360.61
1735475237, 19, 37, 67, 31, 0, 0.06%, 9, 0, 9, 308.47
1735475258, 19, 39, 67, 31, 0, 0.06%, 9, 0, 9, 410.53
1735475288, 19, 41, 67, 30, 0, 0.06%, 9, 0, 9, 318.18
1735475323, 19, 42, 67, 29, 0, 0.06%, 9, 0, 9, 383.55
1735475420, 19, 43, 67, 28, 0, 0.06%, 9, 0, 9, 338.16
1735475446, 19, 43, 68, 29, 0, 0.06%, 9, 0, 9, 314.87
1735475496, 19, 44, 68, 28, 0, 0.06%, 9, 0, 9, 395.74
1735475537, 19, 45, 68, 28, 0, 0.06%, 9, 0, 9, 333.85
1735475567, 19, 46, 68, 27, 0, 0.06%, 9, 0, 9, 372.12
1735475593, 19, 47, 68, 27, 0, 0.06%, 9, 0, 9, 335.58
1735475659, 19, 48, 68, 26, 0, 0.06%, 9, 0, 9, 411.57
1735475679, 19, 49, 68, 26, 0, 0.06%, 9, 0, 9, 377.38
1735475715, 19, 50, 68, 26, 0, 0.06%, 9, 0, 9, 449.52
1735475761, 19, 50, 69, 27, 0, 0.06%, 9, 0, 9, 375.60
1735475766, 19, 51, 69, 27, 0, 0.06%, 9, 0, 9, 434.00
1735475811, 19, 52, 69, 26, 0, 0.06%, 9, 0, 9, 378.86
1735475842, 19, 52, 70, 27, 0, 0.06%, 9, 0, 9, 489.88
1735475903, 19, 53, 70, 26, 0, 0.06%, 9, 0, 9, 466.49
1735475949, 19, 54, 70, 26, 0, 0.06%, 9, 0, 9, 383.07
1735475989, 19, 55, 70, 25, 0, 0.06%, 9, 0, 9, 392.02
1735476076, 19, 56, 70, 25, 0, 0.06%, 9, 0, 9, 423.88
1735476111, 19, 57, 71, 26, 0, 0.06%, 9, 0, 10, 363.26
1735476203, 19, 58, 71, 26, 0, 0.06%, 9, 0, 10, 458.67
1735476259, 19, 65, 71, 26, 0, 0.06%, 9, 0, 10, 348.51
1735476341, 19, 66, 71, 25, 0, 0.06%, 9, 0, 10, 362.59
1735476423, 19, 68, 71, 24, 0, 0.06%, 9, 0, 10, 370.07
1735476429, 19, 68, 72, 25, 0, 0.06%, 9, 0, 10, 455.94
1735476475, 19, 70, 72, 24, 0, 0.06%, 9, 0, 10, 419.14
1735476536, 19, 70, 73, 25, 0, 0.06%, 9, 0, 11, 468.35
1735476571, 19, 70, 74, 26, 0, 0.06%, 9, 0, 11, 480.08
1735476602, 19, 71, 74, 25, 0, 0.06%, 9, 0, 11, 386.13
1735476647, 19, 72, 74, 24, 0, 0.06%, 9, 0, 11, 415.89
1735476734, 19, 73, 74, 23, 0, 0.06%, 9, 0, 11, 365.43
1735476826, 20, 13, 74, 22, 0, 0.06%, 9, 0, 11, 388.35
1735476831, 20, 13, 75, 23, 0, 0.06%, 9, 0, 11, 359.45
1735476847, 20, 14, 75, 23, 0, 0.06%, 9, 0, 11, 276.33
1735476852, 20, 14, 76, 24, 0, 0.06%, 9, 0, 11, 297.01
1735476867, 20, 16, 76, 24, 0, 0.06%, 9, 0, 11, 286.42
1735476887, 20, 19, 76, 24, 0, 0.06%, 9, 0, 11, 277.49
1735476933, 20, 21, 76, 23, 0, 0.06%, 9, 0, 11, 340.83
1735476974, 20, 23, 76, 22, 0, 0.06%, 9, 0, 11, 380.97
1735476989, 20, 24, 76, 22, 0, 0.06%, 9, 0, 11, 394.67
1735477004, 20, 25, 76, 22, 0, 0.06%, 9, 0, 11, 342.82
1735477025, 20, 26, 76, 22, 0, 0.06%, 9, 0, 11, 400.37
1735477040, 20, 27, 76, 22, 0, 0.06%, 9, 0, 11, 378.51
1735477060, 20, 28, 76, 22, 0, 0.06%, 9, 0, 11, 286.89
1735477081, 20, 29, 76, 22, 0, 0.06%, 9, 0, 11, 447.59
1735477096, 20, 30, 76, 22, 0, 0.06%, 9, 0, 11, 435.62
1735477116, 20, 30, 77, 23, 0, 0.06%, 9, 0, 11, 388.70
1735477126, 20, 31, 77, 22, 0, 0.06%, 9, 0, 11, 351.18
1735477177, 20, 32, 77, 21, 0, 0.06%, 9, 0, 11, 351.22
1735477212, 20, 33, 77, 20, 0, 0.06%, 9, 0, 11, 305.60
1735477263, 20, 34, 77, 19, 0, 0.06%, 9, 0, 11, 411.39
1735477299, 20, 35, 77, 18, 0, 0.06%, 9, 0, 11, 314.91
1735477319, 20, 36, 77, 18, 0, 0.06%, 9, 0, 11, 346.79
1735477334, 20, 37, 77, 18, 0, 0.06%, 9, 0, 11, 340.82
1735477355, 20, 38, 77, 18, 0, 0.06%, 9, 0, 11, 319.35
1735477390, 20, 39, 77, 17, 0, 0.06%, 9, 0, 11, 329.61
1735477410, 20, 40, 77, 17, 0, 0.06%, 9, 0, 11, 455.99
1735477441, 20, 41, 77, 16, 0, 0.06%, 9, 0, 11, 393.74
1735477456, 20, 42, 77, 16, 0, 0.06%, 9, 0, 11, 349.55
1735477477, 20, 43, 77, 16, 0, 0.06%, 9, 0, 11, 317.44
1735477492, 20, 44, 77, 16, 0, 0.06%, 9, 0, 11, 316.80
1735477512, 20, 45, 77, 16, 0, 0.06%, 9, 0, 11, 458.14
1735477528, 20, 46, 77, 16, 0, 0.06%, 9, 0, 11, 295.68
1735477548, 20, 47, 77, 16, 0, 0.06%, 9, 0, 11, 396.18
1735477563, 20, 48, 77, 16, 0, 0.06%, 9, 0, 11, 312.58
1735477584, 20, 49, 77, 16, 0, 0.06%, 9, 0, 11, 299.96
1735477614, 20, 50, 77, 16, 0, 0.06%, 9, 0, 11, 274.71
1735477645, 20, 51, 77, 16, 0, 0.06%, 9, 0, 11, 408.16
1735477670, 20, 52, 77, 16, 0, 0.06%, 9, 0, 11, 451.17
1735477696, 20, 53, 77, 16, 0, 0.06%, 9, 0, 11, 473.84
1735477746, 20, 54, 77, 16, 0, 0.06%, 9, 0, 11, 413.42
1735477772, 20, 55, 77, 16, 0, 0.06%, 9, 0, 11, 432.28
1735477859, 20, 56, 77, 16, 0, 0.06%, 9, 0, 11, 433.59
1735477910, 20, 57, 77, 16, 0, 0.06%, 9, 0, 11, 448.24
1735477997, 20, 58, 77, 16, 0, 0.06%, 9, 0, 11, 327.22
1735478027, 20, 65, 77, 16, 0, 0.06%, 9, 0, 11, 376.92
1735478043, 20, 66, 77, 16, 0, 0.06%, 9, 0, 11, 343.59
1735478063, 20, 67, 77, 16, 0, 0.06%, 9, 0, 11, 363.13
1735478170, 20, 68, 77, 15, 0, 0.06%, 9, 0, 11, 389.03
1735478195, 20, 70, 77, 15, 0, 0.06%, 9, 0, 11, 295.25
1735478313, 20, 71, 77, 15, 0, 0.06%, 9, 0, 11, 379.63
1735478338, 20, 72, 77, 15, 0, 0.06%, 9, 0, 11, 347.08
1735478446, 20, 73, 77, 15, 0, 0.06%, 9, 0, 11, 297.76
1735478553, 20, 74, 77, 15, 0, 0.06%, 9, 0, 11, 400.24
1735478665, 21, 23, 77, 14, 0, 0.06%, 9, 0, 11, 398.92
1735478680, 21, 25, 77, 14, 0, 0.06%, 9, 0, 11, 341.18
1735478701, 21, 26, 77, 14, 0, 0.06%, 9, 0, 11, 435.85
1735478717, 21, 27, 77, 14, 0, 0.06%, 9, 0, 11, 423.71
1735478732, 21, 28, 77, 14, 0, 0.06%, 9, 0, 11, 262.38
1735478757, 21, 29, 77, 14, 0, 0.06%, 9, 0, 11, 440.62
1735478773, 21, 30, 77, 14, 0, 0.06%, 9, 0, 11, 446.48
1735478788, 21, 33, 77, 14, 0, 0.06%, 9, 0, 11, 297.10
1735478808, 21, 34, 77, 14, 0, 0.06%, 9, 0, 11, 440.27
1735478824, 21, 53, 77, 14, 0, 0.06%, 9, 0, 11, 435.67
1735478839, 21, 56, 77, 14, 0, 0.06%, 9, 0, 11, 326.68
1735478870, 21, 57, 77, 14, 0, 0.06%, 9, 0, 11, 325.63
1735478890, 21, 58, 77, 14, 0, 0.06%, 9, 0, 11, 432.96
1735478925, 21, 59, 77, 14, 0, 0.06%, 9, 0, 11, 372.25
1735479043, 21, 60, 77, 13, 0, 0.06%, 9, 0, 11, 347.47
1735479150, 21, 64, 77, 12, 0, 0.06%, 9, 0, 11, 375.95
1735479256, 21, 65, 77, 11, 0, 0.06%, 9, 0, 11, 423.71
1735479271, 21, 66, 77, 11, 0, 0.06%, 9, 0, 11, 421.70
1735479287, 21, 67, 77, 11, 0, 0.06%, 9, 0, 11, 321.03
1735479383, 21, 68, 77, 11, 0, 0.06%, 9, 0, 11, 407.69
1735479465, 21, 69, 77, 11, 0, 0.06%, 9, 0, 11, 373.12
1735479562, 21, 70, 77, 10, 0, 0.06%, 9, 0, 11, 386.42
1735479680, 21, 71, 77, 10, 0, 0.06%, 9, 0, 11, 325.75
1735479762, 21, 72, 77, 10, 0, 0.06%, 9, 0, 11, 360.49
1735479874, 21, 73, 77, 10, 0, 0.06%, 9, 0, 11, 336.10
1735479987, 21, 74, 77, 10, 0, 0.06%, 9, 0, 11, 333.61
1735480084, 21, 75, 77, 10, 0, 0.06%, 9, 0, 11, 330.38
1735480160, 21, 75, 78, 11, 0, 0.06%, 9, 0, 11, 434.29
1735480201, 21, 76, 78, 10, 0, 0.06%, 9, 0, 11, 370.13
1735480277, 21, 77, 78, 9, 0, 0.06%, 9, 0, 11, 335.16
1735480364, 22, 13, 78, 8, 0, 0.06%, 9, 0, 11, 431.14
1735480379, 22, 14, 78, 8, 0, 0.06%, 9, 0, 11, 299.61
1735480399, 22, 16, 78, 8, 0, 0.06%, 9, 0, 11, 276.63
1735480420, 22, 19, 78, 8, 0, 0.06%, 9, 0, 11, 279.19
1735480440, 22, 21, 78, 8, 0, 0.06%, 9, 0, 11, 349.76
1735480460, 22, 24, 78, 8, 0, 0.06%, 9, 0, 11, 381.07
1735480481, 22, 25, 78, 8, 0, 0.06%, 9, 0, 11, 307.81
1735480486, 22, 26, 78, 8, 0, 0.06%, 9, 0, 11, 428.69
1735480501, 22, 27, 78, 8, 0, 0.06%, 9, 0, 11, 446.68
1735480517, 22, 28, 78, 8, 0, 0.06%, 9, 0, 11, 291.44
1735480537, 22, 29, 78, 8, 0, 0.06%, 9, 0, 11, 413.58
1735480553, 22, 30, 78, 8, 0, 0.06%, 9, 0, 11, 426.14
1735480568, 22, 31, 78, 8, 0, 0.06%, 9, 0, 11, 311.55
1735480588, 22, 32, 78, 8, 0, 0.06%, 9, 0, 11, 316.47
1735480608, 22, 33, 78, 8, 0, 0.06%, 9, 0, 11, 320.00
1735480628, 22, 34, 78, 8, 0, 0.06%, 9, 0, 11, 418.94
1735480643, 22, 35, 78, 8, 0, 0.06%, 9, 0, 11, 302.73
1735480664, 22, 36, 78, 8, 0, 0.06%, 9, 0, 11, 413.12
1735480679, 22, 37, 78, 8, 0, 0.06%, 9, 0, 11, 319.53
1735480699, 22, 38, 78, 8, 0, 0.06%, 9, 0, 11, 348.73
1735480714, 22, 39, 78, 8, 0, 0.06%, 9, 0, 11, 360.99
1735480730, 22, 40, 78, 8, 0, 0.06%, 9, 0, 11, 378.98
1735480750, 22, 41, 78, 8, 0, 0.06%, 9, 0, 11, 418.49
1735480765, 22, 42, 78, 8, 0, 0.06%, 9, 0, 11, 373.95
1735480780, 22, 43, 78, 8, 0, 0.06%, 9, 0, 11, 321.19
1735480811, 22, 44, 78, 8, 0, 0.06%, 9, 0, 11, 390.45
1735480826, 22, 45, 78, 8, 0, 0.06%, 9, 0, 11, 400.67
1735480841, 22, 46, 78, 8, 0, 0.06%, 9, 0, 11, 317.80
1735480856, 22, 47, 78, 8, 0, 0.06%, 9, 0, 11, 346.36
1735480907, 22, 48, 78, 8, 0, 0.06%, 9, 0, 11, 358.58
1735480917, 22, 49, 78, 8, 0, 0.06%, 9, 0, 11, 317.45
1735480948, 22, 50, 78, 8, 0, 0.06%, 9, 0, 11, 433.56
1735480968, 22, 51, 78, 8, 0, 0.06%, 9, 0, 11, 435.69
1735480994, 22, 53, 78, 8, 0, 0.06%, 9, 0, 11, 394.43
1735481004, 22, 54, 78, 8, 0, 0.06%, 9, 0, 11, 431.70
1735481019, 22, 55, 78, 8, 0, 0.06%, 9, 0, 11, 331.20
1735481039, 22, 56, 78, 8, 0, 0.06%, 9, 0, 11, 325.97
1735481055, 22, 57, 78, 8, 0, 0.06%, 9, 0, 11, 313.75
1735481065, 22, 58, 78, 8, 0, 0.06%, 9, 0, 11, 452.72
1735481110, 22, 65, 78, 8, 0, 0.06%, 9, 0, 11, 438.17
1735481126, 22, 66, 78, 8, 0, 0.06%, 9, 0, 11, 386.89
1735481141, 22, 67, 78, 8, 0, 0.06%, 9, 0, 11, 346.83
1735481161, 22, 68, 78, 8, 0, 0.06%, 9, 0, 11, 402.84
1735481187, 22, 70, 78, 8, 0, 0.06%, 9, 0, 11, 356.43
1735481212, 22, 71, 78, 8, 0, 0.06%, 9, 0, 11, 402.52
1735481238, 22, 72, 78, 8, 0, 0.06%, 9, 0, 11, 360.55
1735481263, 22, 73, 78, 8, 0, 0.06%, 9, 0, 11, 356.88
1735481288, 22, 74, 78, 8, 0, 0.06%, 9, 0, 11, 329.47
1735481309, 22, 77, 78, 8, 0, 0.06%, 9, 0, 11, 362.64
1735481324, 23, 19, 78, 8, 0, 0.06%, 9, 0, 11, 353.26
1735481349, 23, 24, 78, 8, 0, 0.06%, 9, 0, 11, 317.35
1735481370, 23, 25, 78, 8, 0, 0.06%, 9, 0, 11, 315.05
1735481375, 23, 27, 78, 8, 0, 0.06%, 9, 0, 11, 362.28
1735481380, 23, 28, 78, 8, 0, 0.06%, 9, 0, 11, 322.24
1735481385, 23, 29, 78, 8, 0, 0.06%, 9, 0, 11, 359.20
1735481390, 23, 30, 78, 8, 0, 0.06%, 9, 0, 11, 414.85
1735481405, 23, 33, 78, 8, 0, 0.06%, 9, 0, 11, 300.57
1735481425, 23, 34, 78, 8, 0, 0.06%, 9, 0, 11, 335.60
1735481446, 23, 37, 78, 8, 0, 0.06%, 9, 0, 11, 281.56
1735481456, 23, 41, 78, 8, 0, 0.06%, 9, 0, 11, 402.45
1735481471, 23, 42, 78, 8, 0, 0.06%, 9, 0, 11, 340.92
1735481491, 23, 43, 78, 8, 0, 0.06%, 9, 0, 11, 316.33
1735481512, 23, 44, 78, 8, 0, 0.06%, 9, 0, 11, 367.32
1735481517, 23, 45, 78, 8, 0, 0.06%, 9, 0, 11, 362.09
1735481537, 23, 46, 78, 8, 0, 0.06%, 9, 0, 11, 311.69
1735481542, 23, 47, 78, 8, 0, 0.06%, 9, 0, 11, 415.74
1735481557, 23, 48, 78, 8, 0, 0.06%, 9, 0, 11, 337.98
1735481562, 23, 49, 78, 8, 0, 0.06%, 9, 0, 11, 308.66
1735481572, 23, 50, 78, 8, 0, 0.06%, 9, 0, 11, 328.85
1735481588, 23, 51, 78, 8, 0, 0.06%, 9, 0, 11, 429.03
1735481613, 23, 53, 78, 8, 0, 0.06%, 9, 0, 11, 369.33
1735481618, 23, 54, 78, 8, 0, 0.06%, 9, 0, 11, 374.28
1735481639, 23, 55, 78, 8, 0, 0.06%, 9, 0, 11, 335.84
1735481649, 23, 56, 78, 8, 0, 0.06%, 9, 0, 11, 308.68
1735481664, 23, 57, 78, 8, 0, 0.06%, 9, 0, 11, 313.33
1735481674, 23, 58, 78, 8, 0, 0.06%, 9, 0, 11, 347.53
1735481684, 23, 65, 78, 8, 0, 0.06%, 9, 0, 11, 331.09
1735481694, 23, 66, 78, 8, 0, 0.06%, 9, 0, 11, 366.88
1735481704, 23, 67, 78, 8, 0, 0.06%, 9, 0, 11, 371.95
1735481720, 23, 68, 78, 8, 0, 0.06%, 9, 0, 11, 337.80
1735481735, 23, 70, 78, 8, 0, 0.06%, 9, 0, 11, 398.21
1735481750, 23, 71, 78, 8, 0, 0.06%, 9, 0, 11, 395.47
1735481760, 23, 72, 78, 8, 0, 0.06%, 9, 0, 11, 326.54
1735481775, 23, 73, 78, 8, 0, 0.06%, 9, 0, 11, 364.54
1735481790, 23, 74, 78, 8, 0, 0.06%, 9, 0, 11, 356.12
1735481810, 23, 77, 78, 8, 0, 0.06%, 9, 0, 11, 370.72
1735481826, 24, 19, 78, 8, 0, 0.06%, 9, 0, 11, 277.89
1735481851, 24, 24, 78, 8, 0, 0.06%, 9, 0, 11, 369.89
1735481856, 24, 25, 78, 8, 0, 0.06%, 9, 0, 11, 343.99
1735481861, 24, 26, 78, 8, 0, 0.06%, 9, 0, 11, 348.06
1735481866, 24, 27, 78, 8, 0, 0.06%, 9, 0, 11, 345.02
1735481871, 24, 28, 78, 8, 0, 0.06%, 9, 0, 11, 291.69
1735481876, 24, 29, 78, 8, 0, 0.06%, 9, 0, 11, 358.19
1735481881, 24, 30, 78, 8, 0, 0.06%, 9, 0, 11, 337.22
1735481886, 24, 33, 78, 8, 0, 0.06%, 9, 0, 11, 321.87
1735481891, 24, 37, 78, 8, 0, 0.06%, 9, 0, 11, 319.74
1735481897, 24, 41, 78, 8, 0, 0.06%, 9, 0, 11, 302.41
1735481907, 24, 42, 78, 8, 0, 0.06%, 9, 0, 11, 345.33
1735481917, 24, 43, 78, 8, 0, 0.06%, 9, 0, 11, 310.57
1735481927, 24, 44, 78, 8, 0, 0.06%, 9, 0, 11, 342.60
1735481932, 24, 45, 78, 8, 0, 0.06%, 9, 0, 11, 363.35
1735481942, 24, 46, 78, 8, 0, 0.06%, 9, 0, 11, 306.28
1735481947, 24, 47, 78, 8, 0, 0.06%, 9, 0, 11, 334.34
1735481952, 24, 48, 78, 8, 0, 0.06%, 9, 0, 11, 342.11
1735481957, 24, 49, 78, 8, 0, 0.06%, 9, 0, 11, 321.71
1735481967, 24, 50, 78, 8, 0, 0.06%, 9, 0, 11, 351.54
1735481973, 24, 51, 78, 8, 0, 0.06%, 9, 0, 11, 395.34
1735481988, 24, 53, 78, 8, 0, 0.06%, 9, 0, 11, 333.67
1735481993, 24, 54, 78, 8, 0, 0.06%, 9, 0, 11, 358.67
1735481998, 24, 55, 78, 8, 0, 0.06%, 9, 0, 11, 349.74
1735482008, 24, 56, 78, 8, 0, 0.06%, 9, 0, 11, 320.80
1735482013, 24, 57, 78, 8, 0, 0.06%, 9, 0, 11, 364.33
1735482023, 24, 58, 78, 8, 0, 0.06%, 9, 0, 11, 327.05
1735482028, 24, 65, 78, 8, 0, 0.06%, 9, 0, 11, 370.05
1735482038, 24, 66, 78, 8, 0, 0.06%, 9, 0, 11, 409.19
1735482049, 24, 67, 78, 8, 0, 0.06%, 9, 0, 11, 358.39
1735482059, 24, 68, 78, 8, 0, 0.06%, 9, 0, 11, 410.05
1735482069, 24, 70, 78, 8, 0, 0.06%, 9, 0, 11, 306.63
1735482084, 24, 71, 78, 8, 0, 0.06%, 9, 0, 11, 369.21
1735482099, 24, 72, 78, 8, 0, 0.06%, 9, 0, 11, 384.86
1735482110, 24, 73, 78, 8, 0, 0.06%, 9, 0, 11, 387.95
1735482125, 24, 74, 78, 8, 0, 0.06%, 9, 0, 11, 354.53
1735482145, 24, 77, 78, 8, 0, 0.06%, 9, 0, 11, 361.98
1735482165, 25, 19, 78, 8, 0, 0.06%, 9, 0, 11, 293.69
1735482170, 25, 24, 78, 8, 0, 0.06%, 9, 0, 11, 323.75
1735482175, 25, 25, 78, 8, 0, 0.06%, 9, 0, 11, 341.15
1735482181, 25, 26, 78, 8, 0, 0.06%, 9, 0, 11, 359.07
1735482186, 25, 27, 78, 8, 0, 0.06%, 9, 0, 11, 357.98
1735482191, 25, 28, 78, 8, 0, 0.06%, 9, 0, 11, 296.81
1735482196, 25, 29, 78, 8, 0, 0.06%, 9, 0, 11, 346.53
1735482201, 25, 30, 78, 8, 0, 0.06%, 9, 0, 11, 358.60
1735482206, 25, 33, 78, 8, 0, 0.06%, 9, 0, 11, 330.10
1735482211, 25, 37, 78, 8, 0, 0.06%, 9, 0, 11, 326.65
1735482216, 25, 41, 78, 8, 0, 0.06%, 9, 0, 11, 295.43
1735482221, 25, 42, 78, 8, 0, 0.06%, 9, 0, 11, 313.61
1735482226, 25, 43, 78, 8, 0, 0.06%, 9, 0, 11, 322.38
1735482231, 25, 44, 78, 8, 0, 0.06%, 9, 0, 11, 307.97
1735482236, 25, 45, 78, 8, 0, 0.06%, 9, 0, 11, 385.94
1735482241, 25, 46, 78, 8, 0, 0.06%, 9, 0, 11, 309.96
1735482246, 25, 47, 78, 8, 0, 0.06%, 9, 0, 11, 344.03
1735482251, 25, 48, 78, 8, 0, 0.06%, 9, 0, 11, 356.98
1735482256, 25, 49, 78, 8, 0, 0.06%, 9, 0, 11, 320.71
1735482261, 25, 50, 78, 8, 0, 0.06%, 9, 0, 11, 308.76
1735482272, 25, 51, 78, 8, 0, 0.06%, 9, 0, 11, 362.42
1735482277, 25, 53, 78, 8, 0, 0.06%, 9, 0, 11, 373.10
1735482282, 25, 54, 78, 8, 0, 0.06%, 9, 0, 11, 404.45
1735482287, 25, 55, 78, 8, 0, 0.06%, 9, 0, 11, 368.20
1735482297, 25, 56, 78, 8, 0, 0.06%, 9, 0, 11, 325.97
1735482302, 25, 57, 78, 8, 0, 0.06%, 9, 0, 11, 325.73
1735482307, 25, 58, 78, 8, 0, 0.06%, 9, 0, 11, 323.33
1735482317, 25, 65, 78, 8, 0, 0.06%, 9, 0, 11, 397.94
1735482322, 25, 66, 78, 8, 0, 0.06%, 9, 0, 11, 368.11
1735482332, 25, 67, 78, 8, 0, 0.06%, 9, 0, 11, 312.11
1735482342, 25, 68, 78, 8, 0, 0.06%, 9, 0, 11, 366.61
1735482358, 25, 70, 78, 8, 0, 0.06%, 9, 0, 11, 325.32
1735482373, 25, 71, 78, 8, 0, 0.06%, 9, 0, 11, 415.99
1735482383, 25, 72, 78, 8, 0, 0.06%, 9, 0, 11, 354.00
1735482398, 25, 73, 78, 8, 0, 0.06%, 9, 0, 11, 296.49
1735482413, 25, 74, 78, 8, 0, 0.06%, 9, 0, 11, 386.27
1735482418, 25, 77, 78, 8, 0, 0.06%, 9, 0, 11, 374.46
1735482434, 26, 19, 78, 8, 0, 0.06%, 9, 0, 11, 310.54
1735482439, 26, 23, 78, 8, 0, 0.06%, 9, 0, 11, 338.05
1735482444, 26, 24, 78, 8, 0, 0.06%, 9, 0, 11, 342.66
1735482449, 26, 25, 78, 8, 0, 0.06%, 9, 0, 11, 313.50
1735482454, 26, 27, 78, 8, 0, 0.06%, 9, 0, 11, 328.74
1735482459, 26, 28, 78, 8, 0, 0.06%, 9, 0, 11, 327.39
1735482464, 26, 29, 78, 8, 0, 0.06%, 9, 0, 11, 306.69
1735482469, 26, 30, 78, 8, 0, 0.06%, 9, 0, 11, 388.68
1735482474, 26, 33, 78, 8, 0, 0.06%, 9, 0, 11, 329.14
1735482479, 26, 34, 78, 8, 0, 0.06%, 9, 0, 11, 352.65
1735482484, 26, 37, 78, 8, 0, 0.06%, 9, 0, 11, 312.77
1735482489, 26, 41, 78, 8, 0, 0.06%, 9, 0, 11, 319.08
1735482494, 26, 42, 78, 8, 0, 0.06%, 9, 0, 11, 361.29
1735482499, 26, 43, 78, 8, 0, 0.06%, 9, 0, 11, 312.14
1735482504, 26, 44, 78, 8, 0, 0.06%, 9, 0, 11, 348.50
1735482510, 26, 45, 78, 8, 0, 0.06%, 9, 0, 11, 325.07
1735482515, 26, 46, 78, 8, 0, 0.06%, 9, 0, 11, 307.84
1735482520, 26, 48, 78, 8, 0, 0.06%, 9, 0, 11, 355.92
1735482525, 26, 49, 78, 8, 0, 0.06%, 9, 0, 11, 331.82
1735482535, 26, 50, 78, 8, 0, 0.06%, 9, 0, 11, 374.85
1735482540, 26, 51, 78, 8, 0, 0.06%, 9, 0, 11, 374.76
1735482545, 26, 53, 78, 8, 0, 0.06%, 9, 0, 11, 374.75
1735482550, 26, 54, 78, 8, 0, 0.06%, 9, 0, 11, 349.87
1735482555, 26, 55, 78, 8, 0, 0.06%, 9, 0, 11, 334.91
