# unix_time, cycles_done, cur_path, paths_total, pending_total, pending_favs, map_size, unique_crashes, unique_hangs, max_depth, execs_per_sec
1734068579, 0, 0, 10, 10, 1, 0.00%, 0, 0, 1, 172.41
1734068584, 0, 2, 10, 10, 1, 0.00%, 0, 0, 1, 198.01
1734068589, 0, 3, 10, 9, 0, 0.00%, 0, 0, 1, 207.05
1734068594, 0, 4, 10, 8, 0, 0.00%, 0, 0, 1, 205.14
1734068604, 0, 5, 10, 7, 0, 0.00%, 0, 0, 1, 208.76
1734068609, 0, 6, 10, 6, 0, 0.00%, 0, 0, 1, 201.36
1734068620, 0, 7, 10, 5, 0, 0.00%, 0, 0, 1, 208.91
1734068625, 0, 8, 10, 4, 0, 0.00%, 0, 0, 1, 197.73
1734068635, 0, 9, 10, 3, 0, 0.00%, 0, 0, 1, 209.53
1734068640, 1, 0, 10, 2, 0, 0.00%, 0, 0, 1, 191.05
1734068650, 1, 1, 10, 1, 0, 0.00%, 0, 0, 1, 192.45
1734068660, 1, 2, 10, 0, 0, 0.00%, 0, 0, 1, 209.73
1734068671, 1, 3, 10, 0, 0, 0.00%, 0, 0, 1, 202.81
1734068676, 1, 5, 10, 0, 0, 0.00%, 0, 0, 1, 208.10
1734068681, 1, 6, 10, 0, 0, 0.00%, 0, 0, 1, 207.59
1734068686, 1, 8, 10, 0, 0, 0.00%, 0, 0, 1, 207.77
1734068691, 1, 9, 10, 0, 0, 0.00%, 0, 0, 1, 206.07
1734068696, 2, 0, 10, 0, 0, 0.00%, 0, 0, 1, 204.51
1734068701, 2, 2, 10, 0, 0, 0.00%, 0, 0, 1, 202.90
1734068706, 2, 3, 10, 0, 0, 0.00%, 0, 0, 1, 206.22
1734068711, 2, 5, 10, 0, 0, 0.00%, 0, 0, 1, 204.39
1734068716, 2, 6, 10, 0, 0, 0.00%, 0, 0, 1, 202.96
1734068721, 2, 7, 10, 0, 0, 0.00%, 0, 0, 1, 203.91
1734068727, 2, 9, 10, 0, 0, 0.00%, 0, 0, 1, 205.69
1734068732, 3, 0, 10, 0, 0, 0.00%, 0, 0, 1, 206.12
1734068737, 3, 1, 10, 0, 0, 0.00%, 0, 0, 1, 207.73
1734068742, 3, 3, 10, 0, 0, 0.00%, 0, 0, 1, 209.32
1734068747, 3, 4, 10, 0, 0, 0.00%, 0, 0, 1, 203.41
1734068752, 3, 5, 11, 1, 0, 0.05%, 1, 0, 2, 207.67
1734068757, 3, 10, 11, 1, 1, 0.05%, 1, 0, 2, 223.66
1734068772, 3, 10, 12, 2, 1, 0.05%, 2, 0, 3, 231.01
1734068823, 3, 11, 14, 3, 1, 0.05%, 2, 0, 4, 247.38
1734068828, 3, 11, 16, 5, 1, 0.05%, 4, 0, 4, 263.36
1734068833, 3, 11, 17, 6, 1, 0.05%, 4, 0, 4, 266.27
1734068838, 3, 11, 18, 7, 1, 0.05%, 4, 0, 4, 266.47
1734068864, 3, 11, 19, 8, 1, 0.06%, 5, 0, 4, 269.56
1734068925, 3, 14, 21, 9, 3, 0.06%, 5, 0, 5, 260.10
1734068935, 3, 14, 22, 10, 3, 0.06%, 6, 0, 5, 270.73
1734068940, 3, 14, 23, 11, 3, 0.06%, 7, 0, 5, 266.11
1734068950, 3, 14, 24, 12, 3, 0.06%, 7, 0, 5, 271.23
1734068965, 3, 14, 25, 13, 3, 0.06%, 7, 0, 5, 268.35
1734068996, 3, 14, 26, 14, 3, 0.06%, 7, 0, 5, 267.48
1734069051, 3, 22, 26, 13, 4, 0.06%, 7, 0, 5, 239.84
1734069062, 3, 22, 27, 14, 4, 0.06%, 7, 0, 6, 474.62
1734069067, 3, 22, 28, 15, 4, 0.06%, 8, 0, 6, 486.78
1734069117, 3, 27, 31, 17, 3, 0.06%, 9, 0, 7, 300.03
1734069122, 3, 27, 32, 18, 3, 0.06%, 9, 0, 7, 277.10
1734069127, 3, 27, 33, 19, 3, 0.06%, 9, 0, 7, 263.67
1734069133, 3, 27, 34, 20, 3, 0.06%, 9, 0, 7, 262.36
1734069153, 3, 27, 35, 21, 3, 0.06%, 9, 0, 7, 257.35
1734069163, 3, 27, 36, 22, 3, 0.06%, 9, 0, 7, 258.64
1734069198, 3, 27, 37, 23, 3, 0.06%, 9, 0, 7, 270.26
1734069219, 3, 27, 39, 25, 3, 0.06%, 9, 0, 7, 269.77
1734069224, 3, 28, 40, 25, 4, 0.06%, 9, 0, 8, 315.59
1734069255, 3, 28, 42, 27, 4, 0.06%, 9, 0, 8, 296.01
1734069260, 3, 28, 45, 30, 4, 0.06%, 9, 0, 8, 265.20
1734069265, 3, 28, 49, 34, 4, 0.06%, 9, 0, 8, 282.01
1734069270, 3, 34, 49, 33, 4, 0.06%, 9, 0, 8, 478.71
1734069285, 3, 34, 50, 34, 4, 0.06%, 9, 0, 8, 452.87
1734069295, 3, 34, 51, 35, 4, 0.06%, 9, 0, 8, 450.30
1734069341, 3, 35, 51, 34, 4, 0.06%, 9, 0, 8, 361.37
1734069356, 3, 39, 52, 34, 3, 0.06%, 9, 0, 8, 310.68
1734069386, 3, 39, 53, 35, 3, 0.06%, 9, 0, 9, 284.38
1734069396, 3, 40, 53, 34, 2, 0.06%, 9, 0, 9, 339.14
1734069406, 3, 40, 54, 35, 2, 0.06%, 9, 0, 9, 301.04
1734069417, 3, 40, 55, 36, 2, 0.06%, 9, 0, 9, 301.29
1734069493, 3, 41, 56, 36, 2, 0.06%, 9, 0, 9, 370.77
1734069518, 3, 41, 60, 40, 2, 0.06%, 9, 0, 9, 456.36
1734069600, 3, 42, 60, 39, 2, 0.06%, 9, 0, 9, 376.62
1734069677, 3, 43, 60, 38, 2, 0.06%, 9, 0, 9, 380.63
1734069707, 3, 47, 60, 37, 2, 0.06%, 9, 0, 9, 438.56
1734069752, 3, 48, 60, 36, 2, 0.06%, 9, 0, 9, 438.10
1734069763, 3, 48, 61, 37, 2, 0.06%, 9, 0, 9, 405.35
1734069799, 3, 49, 61, 36, 2, 0.06%, 9, 0, 9, 410.74
1734069855, 3, 50, 61, 35, 2, 0.06%, 9, 0, 9, 273.06
1734069927, 3, 50, 63, 37, 2, 0.06%, 9, 0, 9, 486.03
1734069937, 3, 50, 65, 39, 2, 0.06%, 9, 0, 9, 481.19
1734070345, 3, 51, 65, 38, 2, 0.06%, 9, 0, 9, 344.82
1734070355, 3, 51, 66, 39, 2, 0.06%, 9, 0, 9, 433.65
1734070380, 3, 51, 67, 40, 2, 0.06%, 9, 0, 9, 312.91
1734070440, 3, 53, 67, 39, 2, 0.06%, 9, 0, 9, 339.19
1734070471, 3, 54, 67, 38, 2, 0.06%, 9, 0, 9, 375.30
1734070532, 3, 55, 67, 37, 2, 0.06%, 9, 0, 9, 355.54
1734070557, 3, 56, 67, 36, 2, 0.06%, 9, 0, 9, 367.03
1734070649, 3, 57, 67, 35, 2, 0.06%, 9, 0, 9, 386.12
1734070746, 3, 58, 67, 34, 2, 0.06%, 9, 0, 9, 334.03
1734070842, 3, 59, 67, 33, 2, 0.06%, 9, 0, 9, 383.10
1734070939, 3, 60, 67, 32, 2, 0.06%, 9, 0, 9, 374.69
1734070995, 3, 61, 67, 31, 2, 0.06%, 9, 0, 9, 354.65
1734071091, 3, 62, 67, 30, 2, 0.06%, 9, 0, 9, 343.54
1734071188, 3, 65, 67, 29, 2, 0.06%, 9, 0, 9, 429.43
1734071234, 3, 66, 67, 28, 2, 0.06%, 9, 0, 9, 377.82
1734071433, 3, 66, 68, 29, 2, 0.06%, 9, 0, 10, 491.05
1734071458, 3, 67, 69, 29, 2, 0.06%, 9, 0, 11, 398.21
1734071540, 3, 68, 69, 28, 2, 0.06%, 9, 0, 11, 345.65
1734071627, 4, 21, 69, 27, 2, 0.06%, 9, 0, 11, 327.75
1734071648, 4, 25, 69, 26, 1, 0.06%, 9, 0, 11, 423.11
1734071673, 4, 28, 69, 25, 1, 0.06%, 9, 0, 11, 300.89
1734071684, 4, 35, 69, 25, 1, 0.06%, 9, 0, 11, 344.99
1734071694, 4, 36, 69, 25, 1, 0.06%, 9, 0, 11, 430.60
1734071749, 4, 39, 69, 24, 1, 0.06%, 9, 0, 11, 290.02
1734071765, 4, 40, 69, 24, 1, 0.06%, 9, 0, 11, 302.55
1734071785, 4, 41, 69, 24, 1, 0.06%, 9, 0, 11, 370.16
1734071882, 4, 42, 69, 24, 1, 0.06%, 9, 0, 11, 338.12
1734071973, 4, 43, 69, 24, 1, 0.06%, 9, 0, 11, 386.96
1734071993, 4, 44, 69, 24, 1, 0.06%, 9, 0, 11, 443.59
1734072014, 4, 45, 69, 23, 1, 0.06%, 9, 0, 11, 311.22
1734072044, 4, 46, 69, 22, 1, 0.06%, 9, 0, 11, 357.59
1734072070, 4, 47, 69, 21, 1, 0.06%, 9, 0, 11, 335.69
1734072100, 4, 48, 69, 21, 1, 0.06%, 9, 0, 11, 334.51
1734072115, 4, 49, 69, 21, 1, 0.06%, 9, 0, 11, 447.08
1734072161, 4, 50, 69, 21, 1, 0.06%, 9, 0, 11, 407.29
1734072645, 4, 51, 69, 21, 1, 0.06%, 9, 0, 11, 466.75
1734072671, 4, 52, 69, 21, 1, 0.06%, 9, 0, 11, 498.62
1734072701, 4, 53, 69, 20, 1, 0.06%, 9, 0, 11, 450.02
1734072722, 4, 54, 69, 20, 1, 0.06%, 9, 0, 11, 338.72
1734072742, 4, 55, 70, 21, 1, 0.06%, 9, 0, 11, 404.72
1734072757, 4, 56, 70, 21, 1, 0.06%, 9, 0, 11, 403.97
1734072839, 4, 57, 70, 21, 1, 0.06%, 9, 0, 11, 314.96
1734072931, 4, 58, 70, 21, 1, 0.06%, 9, 0, 11, 351.53
1734073017, 4, 59, 70, 21, 1, 0.06%, 9, 0, 11, 360.15
1734073109, 4, 60, 70, 21, 1, 0.06%, 9, 0, 11, 433.02
1734073119, 4, 61, 70, 21, 1, 0.06%, 9, 0, 11, 318.34
1734073206, 4, 65, 70, 21, 1, 0.06%, 9, 0, 11, 295.83
1734073221, 4, 66, 70, 21, 1, 0.06%, 9, 0, 11, 342.12
1734073242, 4, 67, 70, 21, 1, 0.06%, 9, 0, 11, 412.24
1734073252, 4, 68, 70, 21, 1, 0.06%, 9, 0, 11, 311.88
1734073267, 4, 69, 70, 21, 1, 0.06%, 9, 0, 11, 356.08
1734073272, 4, 69, 71, 22, 1, 0.06%, 9, 0, 11, 310.53
1734073334, 4, 70, 71, 21, 1, 0.06%, 9, 0, 11, 357.71
1734073405, 5, 21, 71, 20, 1, 0.06%, 9, 0, 11, 285.00
1734073415, 5, 25, 71, 20, 1, 0.06%, 9, 0, 11, 338.81
1734073420, 5, 28, 71, 20, 1, 0.06%, 9, 0, 11, 307.42
1734073431, 5, 35, 71, 20, 1, 0.06%, 9, 0, 11, 344.18
1734073441, 5, 36, 71, 20, 1, 0.06%, 9, 0, 11, 329.97
1734073451, 5, 39, 71, 20, 1, 0.06%, 9, 0, 11, 292.22
1734073466, 5, 40, 71, 20, 1, 0.06%, 9, 0, 11, 298.13
1734073481, 5, 41, 71, 20, 1, 0.06%, 9, 0, 11, 325.76
1734073497, 5, 42, 71, 20, 1, 0.06%, 9, 0, 11, 362.32
1734073589, 5, 43, 71, 20, 1, 0.06%, 9, 0, 11, 445.56
1734073599, 5, 44, 71, 20, 1, 0.06%, 9, 0, 11, 324.54
1734073609, 5, 44, 72, 21, 1, 0.06%, 9, 0, 11, 329.88
1734073614, 5, 45, 72, 21, 1, 0.06%, 9, 0, 11, 426.26
1734073624, 5, 46, 72, 21, 1, 0.06%, 9, 0, 11, 369.62
1734073640, 5, 47, 72, 21, 1, 0.06%, 9, 0, 11, 329.62
1734073655, 5, 51, 72, 21, 1, 0.06%, 9, 0, 11, 315.96
1734073665, 5, 53, 72, 21, 1, 0.06%, 9, 0, 11, 335.57
1734073680, 5, 54, 72, 21, 1, 0.06%, 9, 0, 11, 300.26
1734073695, 5, 55, 72, 21, 1, 0.06%, 9, 0, 11, 365.07
1734073710, 5, 56, 72, 21, 1, 0.06%, 9, 0, 11, 417.16
1734073720, 5, 57, 72, 21, 1, 0.06%, 9, 0, 11, 302.13
1734073736, 5, 58, 72, 21, 1, 0.06%, 9, 0, 11, 301.83
1734073751, 5, 59, 72, 21, 1, 0.06%, 9, 0, 11, 396.08
1734073766, 5, 65, 72, 21, 1, 0.06%, 9, 0, 11, 317.16
1734073776, 5, 66, 72, 21, 1, 0.06%, 9, 0, 11, 393.33
1734073792, 5, 67, 72, 21, 1, 0.06%, 9, 0, 11, 348.27
1734073807, 5, 68, 72, 21, 1, 0.06%, 9, 0, 11, 371.28
1734073823, 5, 69, 72, 21, 1, 0.06%, 9, 0, 11, 352.59
1734073833, 5, 70, 72, 21, 1, 0.06%, 9, 0, 11, 312.68
1734073843, 5, 71, 73, 22, 1, 0.06%, 9, 0, 11, 344.44
1734073970, 5, 72, 73, 21, 1, 0.06%, 9, 0, 11, 344.71
1734074097, 6, 21, 73, 20, 1, 0.06%, 9, 0, 11, 308.05
1734074108, 6, 25, 73, 20, 1, 0.06%, 9, 0, 11, 341.83
1734074113, 6, 35, 73, 20, 1, 0.06%, 9, 0, 11, 354.80
1734074118, 6, 36, 73, 20, 1, 0.06%, 9, 0, 11, 323.45
1734074128, 6, 40, 73, 20, 1, 0.06%, 9, 0, 11, 305.33
1734074138, 6, 41, 73, 20, 1, 0.06%, 9, 0, 11, 320.82
1734074143, 6, 42, 73, 20, 1, 0.06%, 9, 0, 11, 316.52
1734074153, 6, 53, 73, 20, 1, 0.06%, 9, 0, 11, 310.47
1734074158, 6, 54, 73, 20, 1, 0.06%, 9, 0, 11, 323.39
1734074168, 6, 55, 73, 20, 1, 0.06%, 9, 0, 11, 337.01
1734074173, 6, 56, 73, 20, 1, 0.06%, 9, 0, 11, 348.81
1734074184, 6, 57, 73, 20, 1, 0.06%, 9, 0, 11, 342.63
1734074189, 6, 58, 73, 20, 1, 0.06%, 9, 0, 11, 349.85
1734074194, 6, 59, 73, 20, 1, 0.06%, 9, 0, 11, 341.91
1734074204, 6, 69, 73, 20, 1, 0.06%, 9, 0, 11, 315.02
1734074214, 6, 70, 73, 20, 1, 0.06%, 9, 0, 11, 295.03
1734074219, 7, 21, 73, 20, 1, 0.06%, 9, 0, 11, 296.87
1734074224, 7, 25, 73, 20, 1, 0.06%, 9, 0, 11, 324.13
1734074229, 7, 35, 73, 20, 1, 0.06%, 9, 0, 11, 348.41
1734074234, 7, 36, 73, 20, 1, 0.06%, 9, 0, 11, 327.44
1734074239, 7, 40, 73, 20, 1, 0.06%, 9, 0, 11, 310.78
1734074250, 7, 41, 73, 20, 1, 0.06%, 9, 0, 11, 340.10
1734074255, 7, 42, 73, 20, 1, 0.06%, 9, 0, 11, 323.46
1734074265, 7, 53, 73, 20, 1, 0.06%, 9, 0, 11, 307.02
1734074270, 7, 54, 73, 20, 1, 0.06%, 9, 0, 11, 324.93
1734074280, 7, 55, 73, 20, 1, 0.06%, 9, 0, 11, 353.71
1734074285, 7, 56, 73, 20, 1, 0.06%, 9, 0, 11, 368.42
1734074290, 7, 57, 73, 20, 1, 0.06%, 9, 0, 11, 333.27
1734074300, 7, 58, 73, 20, 1, 0.06%, 9, 0, 11, 357.66
1734074305, 7, 59, 73, 20, 1, 0.06%, 9, 0, 11, 310.02
1734074316, 7, 69, 73, 20, 1, 0.06%, 9, 0, 11, 293.21
1734074321, 7, 70, 73, 20, 1, 0.06%, 9, 0, 11, 324.19
1734074331, 8, 21, 73, 20, 1, 0.06%, 9, 0, 11, 338.15
1734074336, 8, 25, 73, 20, 1, 0.06%, 9, 0, 11, 326.65
1734074341, 8, 35, 73, 20, 1, 0.06%, 9, 0, 11, 327.51
1734074346, 8, 36, 73, 20, 1, 0.06%, 9, 0, 11, 307.44
1734074351, 8, 40, 73, 20, 1, 0.06%, 9, 0, 11, 298.96
1734074356, 8, 41, 73, 20, 1, 0.06%, 9, 0, 11, 294.26
1734074366, 8, 42, 73, 20, 1, 0.06%, 9, 0, 11, 324.30
1734074376, 8, 53, 73, 20, 1, 0.06%, 9, 0, 11, 324.62
1734074381, 8, 54, 73, 20, 1, 0.06%, 9, 0, 11, 330.59
1734074391, 8, 55, 73, 20, 1, 0.06%, 9, 0, 11, 331.02
1734074396, 8, 56, 73, 20, 1, 0.06%, 9, 0, 11, 376.85
1734074401, 8, 57, 73, 20, 1, 0.06%, 9, 0, 11, 334.71
1734074411, 8, 58, 73, 20, 1, 0.06%, 9, 0, 11, 377.43
1734074417, 8, 59, 73, 20, 1, 0.06%, 9, 0, 11, 309.24
1734074427, 8, 69, 73, 20, 1, 0.06%, 9, 0, 11, 302.73
1734074437, 8, 70, 73, 20, 1, 0.06%, 9, 0, 11, 297.77
1734074442, 9, 21, 73, 20, 1, 0.06%, 9, 0, 11, 306.29
1734074447, 9, 25, 73, 20, 1, 0.06%, 9, 0, 11, 340.96
1734074452, 9, 35, 73, 20, 1, 0.06%, 9, 0, 11, 337.64
1734074457, 9, 36, 73, 20, 1, 0.06%, 9, 0, 11, 330.47
1734074462, 9, 40, 73, 20, 1, 0.06%, 9, 0, 11, 306.42
1734074467, 9, 41, 73, 20, 1, 0.06%, 9, 0, 11, 298.93
1734074478, 9, 42, 73, 20, 1, 0.06%, 9, 0, 11, 327.29
1734074488, 9, 53, 73, 20, 1, 0.06%, 9, 0, 11, 313.79
1734074493, 9, 54, 73, 20, 1, 0.06%, 9, 0, 11, 322.28
1734074498, 9, 55, 73, 20, 1, 0.06%, 9, 0, 11, 344.50
1734074508, 9, 56, 73, 20, 1, 0.06%, 9, 0, 11, 381.97
1734074513, 9, 57, 73, 20, 1, 0.06%, 9, 0, 11, 310.78
1734074523, 9, 58, 73, 20, 1, 0.06%, 9, 0, 11, 368.91
1734074528, 9, 59, 73, 20, 1, 0.06%, 9, 0, 11, 310.49
1734074538, 9, 69, 73, 20, 1, 0.06%, 9, 0, 11, 316.16
1734074544, 9, 70, 73, 20, 1, 0.06%, 9, 0, 11, 351.10
1734074554, 10, 21, 73, 20, 1, 0.06%, 9, 0, 11, 292.98
1734074559, 10, 25, 73, 20, 1, 0.06%, 9, 0, 11, 328.08
1734074564, 10, 27, 73, 20, 1, 0.06%, 9, 0, 11, 299.46
1734074574, 10, 28, 73, 20, 1, 0.06%, 9, 0, 11, 292.59
1734074579, 10, 29, 73, 20, 1, 0.06%, 9, 0, 11, 331.61
1734074600, 10, 30, 73, 19, 1, 0.06%, 9, 0, 11, 318.19
1734074625, 10, 31, 73, 18, 1, 0.06%, 9, 0, 11, 418.39
1734074651, 10, 32, 73, 17, 1, 0.06%, 9, 0, 11, 419.05
1734074676, 10, 33, 73, 16, 1, 0.06%, 9, 0, 11, 354.70
1734074701, 10, 34, 73, 15, 1, 0.06%, 9, 0, 11, 344.98
1734074721, 10, 35, 73, 15, 1, 0.06%, 9, 0, 11, 337.37
1734074726, 10, 36, 73, 15, 1, 0.06%, 9, 0, 11, 349.36
1734074777, 10, 37, 73, 15, 1, 0.06%, 9, 0, 11, 471.82
1734074808, 10, 39, 73, 14, 1, 0.06%, 9, 0, 11, 316.11
1734074813, 10, 40, 73, 14, 1, 0.06%, 9, 0, 11, 308.13
1734074823, 10, 41, 73, 14, 1, 0.06%, 9, 0, 11, 315.88
1734074833, 10, 42, 73, 14, 1, 0.06%, 9, 0, 11, 323.03
1734074838, 10, 43, 73, 14, 1, 0.06%, 9, 0, 11, 350.91
1734074843, 10, 44, 73, 14, 1, 0.06%, 9, 0, 11, 359.15
1734074858, 10, 45, 73, 14, 1, 0.06%, 9, 0, 11, 424.08
1734074874, 10, 46, 73, 14, 1, 0.06%, 9, 0, 11, 392.19
1734074884, 10, 47, 73, 14, 1, 0.06%, 9, 0, 11, 328.22
1734074889, 10, 48, 73, 14, 1, 0.06%, 9, 0, 11, 319.77
1734074904, 10, 49, 73, 14, 1, 0.06%, 9, 0, 11, 401.86
1734074914, 10, 50, 73, 14, 1, 0.06%, 9, 0, 11, 359.94
1734074934, 10, 51, 73, 14, 1, 0.06%, 9, 0, 11, 309.50
1734074945, 10, 52, 73, 14, 1, 0.06%, 9, 0, 11, 430.62
1734074955, 10, 53, 73, 14, 1, 0.06%, 9, 0, 11, 326.67
1734074965, 10, 54, 73, 14, 1, 0.06%, 9, 0, 11, 319.86
1734074970, 10, 55, 73, 14, 1, 0.06%, 9, 0, 11, 348.31
1734075006, 10, 56, 73, 14, 1, 0.06%, 9, 0, 11, 352.17
1734075016, 10, 57, 73, 14, 1, 0.06%, 9, 0, 11, 320.57
1734075021, 10, 58, 73, 14, 1, 0.06%, 9, 0, 11, 349.09
1734075031, 10, 59, 73, 14, 1, 0.06%, 9, 0, 11, 375.78
1734075036, 10, 60, 73, 14, 1, 0.06%, 9, 0, 11, 358.47
1734075052, 10, 61, 73, 14, 1, 0.06%, 9, 0, 11, 399.82
1734075062, 10, 62, 73, 14, 1, 0.06%, 9, 0, 11, 314.05
1734075077, 10, 63, 73, 14, 1, 0.06%, 9, 0, 11, 322.45
1734075251, 10, 64, 73, 13, 1, 0.06%, 9, 0, 11, 329.30
1734075424, 10, 65, 73, 12, 1, 0.06%, 9, 0, 11, 399.54
1734075449, 10, 66, 73, 12, 1, 0.06%, 9, 0, 11, 305.14
1734075648, 10, 67, 73, 12, 1, 0.06%, 9, 0, 11, 476.44
1734075714, 10, 68, 73, 12, 1, 0.06%, 9, 0, 11, 375.76
1734075776, 10, 69, 73, 12, 1, 0.06%, 9, 0, 11, 329.84
1734075848, 10, 70, 73, 12, 1, 0.06%, 9, 0, 11, 339.93
1734075915, 10, 71, 73, 12, 1, 0.06%, 9, 0, 11, 320.34
1734075930, 10, 72, 73, 12, 1, 0.06%, 9, 0, 11, 306.95
1734075945, 11, 15, 73, 12, 1, 0.06%, 9, 0, 11, 374.87
1734075960, 11, 21, 73, 11, 0, 0.06%, 9, 0, 11, 305.91
1734075965, 11, 25, 73, 11, 0, 0.06%, 9, 0, 11, 327.10
1734075970, 11, 27, 73, 11, 0, 0.06%, 9, 0, 11, 304.89
1734075980, 11, 28, 73, 11, 0, 0.06%, 9, 0, 11, 296.17
1734075986, 11, 29, 73, 11, 0, 0.06%, 9, 0, 11, 282.64
1734075996, 11, 30, 73, 11, 0, 0.06%, 9, 0, 11, 299.60
1734076006, 11, 31, 73, 11, 0, 0.06%, 9, 0, 11, 298.29
1734076016, 11, 32, 73, 11, 0, 0.06%, 9, 0, 11, 315.44
1734076026, 11, 33, 73, 11, 0, 0.06%, 9, 0, 11, 273.92
1734076036, 11, 34, 73, 11, 0, 0.06%, 9, 0, 11, 348.16
1734076046, 11, 36, 73, 11, 0, 0.06%, 9, 0, 11, 313.60
1734076052, 11, 37, 73, 11, 0, 0.06%, 9, 0, 11, 300.25
1734076062, 11, 39, 73, 11, 0, 0.06%, 9, 0, 11, 296.25
1734076072, 11, 40, 73, 11, 0, 0.06%, 9, 0, 11, 284.24
1734076077, 11, 41, 73, 11, 0, 0.06%, 9, 0, 11, 305.02
1734076087, 11, 42, 73, 11, 0, 0.06%, 9, 0, 11, 318.75
1734076097, 11, 43, 73, 11, 0, 0.06%, 9, 0, 11, 331.02
1734076102, 11, 44, 73, 11, 0, 0.06%, 9, 0, 11, 351.91
1734076107, 11, 45, 73, 11, 0, 0.06%, 9, 0, 11, 383.69
1734076112, 11, 46, 73, 11, 0, 0.06%, 9, 0, 11, 304.68
1734076122, 11, 47, 73, 11, 0, 0.06%, 9, 0, 11, 311.33
1734076127, 11, 48, 73, 11, 0, 0.06%, 9, 0, 11, 336.90
1734076138, 11, 49, 73, 11, 0, 0.06%, 9, 0, 11, 333.26
1734076143, 11, 50, 73, 11, 0, 0.06%, 9, 0, 11, 349.13
1734076158, 11, 51, 73, 11, 0, 0.06%, 9, 0, 11, 318.07
1734076163, 11, 52, 73, 11, 0, 0.06%, 9, 0, 11, 363.52
1734076178, 11, 53, 73, 11, 0, 0.06%, 9, 0, 11, 316.68
1734076183, 11, 54, 73, 11, 0, 0.06%, 9, 0, 11, 310.85
1734076193, 11, 55, 73, 11, 0, 0.06%, 9, 0, 11, 342.46
1734076198, 11, 56, 73, 11, 0, 0.06%, 9, 0, 11, 349.73
1734076209, 11, 57, 73, 11, 0, 0.06%, 9, 0, 11, 315.25
1734076214, 11, 58, 73, 11, 0, 0.06%, 9, 0, 11, 352.77
1734076224, 11, 59, 73, 11, 0, 0.06%, 9, 0, 11, 349.79
1734076229, 11, 60, 73, 11, 0, 0.06%, 9, 0, 11, 400.58
1734076234, 11, 61, 73, 11, 0, 0.06%, 9, 0, 11, 354.04
1734076244, 11, 62, 73, 11, 0, 0.06%, 9, 0, 11, 412.33
1734076330, 11, 63, 73, 11, 0, 0.06%, 9, 0, 11, 373.58
1734076483, 11, 64, 73, 11, 0, 0.06%, 9, 0, 11, 292.65
1734076642, 11, 65, 73, 11, 0, 0.06%, 9, 0, 11, 310.97
1734076652, 11, 66, 73, 11, 0, 0.06%, 9, 0, 11, 347.98
1734076662, 11, 67, 73, 11, 0, 0.06%, 9, 0, 11, 370.49
1734076667, 11, 68, 73, 11, 0, 0.06%, 9, 0, 11, 339.28
1734076677, 11, 69, 73, 11, 0, 0.06%, 9, 0, 11, 310.37
1734076682, 11, 70, 73, 11, 0, 0.06%, 9, 0, 11, 320.26
1734076692, 11, 71, 73, 11, 0, 0.06%, 9, 0, 11, 367.12
1734076697, 11, 72, 73, 11, 0, 0.06%, 9, 0, 11, 343.84
1734076708, 12, 15, 73, 11, 0, 0.06%, 9, 0, 11, 359.13
1734076718, 12, 21, 73, 11, 0, 0.06%, 9, 0, 11, 327.93
1734076723, 12, 25, 73, 11, 0, 0.06%, 9, 0, 11, 317.04
1734076728, 12, 27, 73, 11, 0, 0.06%, 9, 0, 11, 307.51
1734076733, 12, 29, 73, 11, 0, 0.06%, 9, 0, 11, 293.49
1734076743, 12, 30, 73, 11, 0, 0.06%, 9, 0, 11, 285.99
1734076753, 12, 31, 73, 11, 0, 0.06%, 9, 0, 11, 309.08
1734076763, 12, 32, 73, 11, 0, 0.06%, 9, 0, 11, 310.87
1734076773, 12, 33, 73, 11, 0, 0.06%, 9, 0, 11, 300.03
1734076784, 12, 34, 73, 11, 0, 0.06%, 9, 0, 11, 338.75
1734076789, 12, 35, 73, 11, 0, 0.06%, 9, 0, 11, 327.45
1734076794, 12, 36, 73, 11, 0, 0.06%, 9, 0, 11, 316.15
1734076799, 12, 37, 73, 11, 0, 0.06%, 9, 0, 11, 387.87
1734076809, 12, 39, 73, 11, 0, 0.06%, 9, 0, 11, 289.29
1734076814, 12, 40, 73, 11, 0, 0.06%, 9, 0, 11, 279.65
1734076824, 12, 41, 73, 11, 0, 0.06%, 9, 0, 11, 314.23
1734076830, 12, 42, 73, 11, 0, 0.06%, 9, 0, 11, 310.28
1734076840, 12, 43, 73, 11, 0, 0.06%, 9, 0, 11, 367.61
1734076845, 12, 44, 73, 11, 0, 0.06%, 9, 0, 11, 411.47
1734076850, 12, 45, 73, 11, 0, 0.06%, 9, 0, 11, 389.56
1734076860, 12, 46, 73, 11, 0, 0.06%, 9, 0, 11, 331.42
1734076865, 12, 47, 73, 11, 0, 0.06%, 9, 0, 11, 323.52
1734076870, 12, 48, 73, 11, 0, 0.06%, 9, 0, 11, 348.65
1734076880, 12, 49, 73, 11, 0, 0.06%, 9, 0, 11, 321.40
1734076885, 12, 50, 73, 11, 0, 0.06%, 9, 0, 11, 344.28
1734076900, 12, 51, 73, 11, 0, 0.06%, 9, 0, 11, 307.65
1734076905, 12, 52, 73, 11, 0, 0.06%, 9, 0, 11, 368.13
1734076911, 12, 53, 73, 11, 0, 0.06%, 9, 0, 11, 314.96
1734076921, 12, 54, 73, 11, 0, 0.06%, 9, 0, 11, 331.64
1734076926, 12, 55, 73, 11, 0, 0.06%, 9, 0, 11, 311.47
1734076936, 12, 56, 73, 11, 0, 0.06%, 9, 0, 11, 353.33
1734076941, 12, 57, 73, 11, 0, 0.06%, 9, 0, 11, 340.85
1734076951, 12, 58, 73, 11, 0, 0.06%, 9, 0, 11, 364.90
1734076956, 12, 59, 73, 11, 0, 0.06%, 9, 0, 11, 345.94
1734076966, 12, 60, 73, 11, 0, 0.06%, 9, 0, 11, 363.76
1734076971, 12, 61, 73, 11, 0, 0.06%, 9, 0, 11, 363.37
1734076977, 12, 62, 73, 11, 0, 0.06%, 9, 0, 11, 333.76
1734076987, 12, 63, 73, 11, 0, 0.06%, 9, 0, 11, 348.93
1734077002, 12, 64, 73, 11, 0, 0.06%, 9, 0, 11, 336.86
1734077017, 12, 65, 73, 11, 0, 0.06%, 9, 0, 11, 315.12
1734077022, 12, 66, 73, 11, 0, 0.06%, 9, 0, 11, 357.50
1734077033, 12, 67, 73, 11, 0, 0.06%, 9, 0, 11, 345.26
1734077043, 12, 68, 73, 11, 0, 0.06%, 9, 0, 11, 366.41
1734077048, 12, 69, 73, 11, 0, 0.06%, 9, 0, 11, 334.25
1734077058, 12, 70, 73, 11, 0, 0.06%, 9, 0, 11, 301.64
1734077063, 12, 71, 73, 11, 0, 0.06%, 9, 0, 11, 314.87
1734077073, 12, 72, 73, 11, 0, 0.06%, 9, 0, 11, 358.09
1734077083, 13, 15, 73, 11, 0, 0.06%, 9, 0, 11, 328.79
1734077088, 13, 21, 73, 11, 0, 0.06%, 9, 0, 11, 314.83
1734077093, 13, 25, 73, 11, 0, 0.06%, 9, 0, 11, 352.35
1734077098, 13, 27, 73, 11, 0, 0.06%, 9, 0, 11, 309.98
1734077103, 13, 28, 73, 11, 0, 0.06%, 9, 0, 11, 305.41
1734077108, 13, 29, 73, 11, 0, 0.06%, 9, 0, 11, 287.37
1734077114, 13, 30, 73, 11, 0, 0.06%, 9, 0, 11, 296.46
1734077119, 13, 31, 73, 11, 0, 0.06%, 9, 0, 11, 306.22
1734077124, 13, 32, 73, 11, 0, 0.06%, 9, 0, 11, 313.35
1734077129, 13, 33, 73, 11, 0, 0.06%, 9, 0, 11, 298.37
1734077134, 13, 34, 73, 11, 0, 0.06%, 9, 0, 11, 323.67
1734077139, 13, 35, 73, 11, 0, 0.06%, 9, 0, 11, 324.19
1734077144, 13, 36, 73, 11, 0, 0.06%, 9, 0, 11, 328.13
1734077149, 13, 37, 73, 11, 0, 0.06%, 9, 0, 11, 336.54
1734077154, 13, 39, 73, 11, 0, 0.06%, 9, 0, 11, 313.92
1734077159, 13, 40, 73, 11, 0, 0.06%, 9, 0, 11, 289.07
1734077169, 13, 41, 73, 11, 0, 0.06%, 9, 0, 11, 321.09
1734077174, 13, 42, 73, 11, 0, 0.06%, 9, 0, 11, 318.33
1734077184, 13, 43, 73, 11, 0, 0.06%, 9, 0, 11, 340.57
1734077189, 13, 44, 73, 11, 0, 0.06%, 9, 0, 11, 369.61
1734077195, 13, 45, 73, 11, 0, 0.06%, 9, 0, 11, 384.74
1734077200, 13, 46, 73, 11, 0, 0.06%, 9, 0, 11, 368.94
1734077210, 13, 47, 73, 11, 0, 0.06%, 9, 0, 11, 318.64
1734077215, 13, 48, 73, 11, 0, 0.06%, 9, 0, 11, 368.76
1734077220, 13, 49, 73, 11, 0, 0.06%, 9, 0, 11, 331.60
1734077230, 13, 50, 73, 11, 0, 0.06%, 9, 0, 11, 306.89
1734077245, 13, 51, 73, 11, 0, 0.06%, 9, 0, 11, 315.52
1734077250, 13, 52, 73, 11, 0, 0.06%, 9, 0, 11, 356.00
1734077255, 13, 53, 73, 11, 0, 0.06%, 9, 0, 11, 326.04
1734077265, 13, 54, 73, 11, 0, 0.06%, 9, 0, 11, 309.58
1734077271, 13, 55, 73, 11, 0, 0.06%, 9, 0, 11, 342.18
1734077281, 13, 56, 73, 11, 0, 0.06%, 9, 0, 11, 338.87
1734077286, 13, 57, 73, 11, 0, 0.06%, 9, 0, 11, 332.30
1734077296, 13, 58, 73, 11, 0, 0.06%, 9, 0, 11, 356.98
1734077301, 13, 59, 73, 11, 0, 0.06%, 9, 0, 11, 357.77
1734077311, 13, 60, 73, 11, 0, 0.06%, 9, 0, 11, 344.31
1734077316, 13, 61, 73, 11, 0, 0.06%, 9, 0, 11, 366.08
1734077321, 13, 62, 73, 11, 0, 0.06%, 9, 0, 11, 341.59
1734077331, 13, 63, 73, 11, 0, 0.06%, 9, 0, 11, 358.16
1734077342, 13, 64, 73, 11, 0, 0.06%, 9, 0, 11, 370.84
1734077347, 13, 65, 73, 11, 0, 0.06%, 9, 0, 11, 315.17
1734077357, 13, 66, 73, 11, 0, 0.06%, 9, 0, 11, 290.55
1734077367, 13, 67, 73, 11, 0, 0.06%, 9, 0, 11, 393.96
1734077372, 13, 68, 73, 11, 0, 0.06%, 9, 0, 11, 348.61
1734077382, 13, 69, 73, 11, 0, 0.06%, 9, 0, 11, 295.60
1734077387, 13, 70, 73, 11, 0, 0.06%, 9, 0, 11, 312.37
1734077397, 13, 71, 73, 11, 0, 0.06%, 9, 0, 11, 379.68
1734077402, 13, 72, 73, 11, 0, 0.06%, 9, 0, 11, 351.07
1734077412, 14, 15, 73, 11, 0, 0.06%, 9, 0, 11, 345.63
1734077417, 14, 21, 73, 11, 0, 0.06%, 9, 0, 11, 306.71
1734077423, 14, 25, 73, 11, 0, 0.06%, 9, 0, 11, 317.33
1734077428, 14, 27, 73, 11, 0, 0.06%, 9, 0, 11, 285.78
1734077433, 14, 28, 73, 11, 0, 0.06%, 9, 0, 11, 281.31
1734077438, 14, 29, 73, 11, 0, 0.06%, 9, 0, 11, 297.08
1734077443, 14, 30, 73, 11, 0, 0.06%, 9, 0, 11, 289.95
1734077448, 14, 31, 73, 11, 0, 0.06%, 9, 0, 11, 313.68
1734077453, 14, 32, 73, 11, 0, 0.06%, 9, 0, 11, 305.02
1734077458, 14, 33, 73, 11, 0, 0.06%, 9, 0, 11, 316.36
1734077463, 14, 35, 73, 11, 0, 0.06%, 9, 0, 11, 364.67
1734077468, 14, 36, 73, 11, 0, 0.06%, 9, 0, 11, 324.90
1734077473, 14, 37, 73, 11, 0, 0.06%, 9, 0, 11, 370.47
1734077478, 14, 39, 73, 11, 0, 0.06%, 9, 0, 11, 325.83
1734077489, 14, 40, 73, 11, 0, 0.06%, 9, 0, 11, 302.29
1734077494, 14, 41, 73, 11, 0, 0.06%, 9, 0, 11, 316.40
1734077504, 14, 42, 73, 11, 0, 0.06%, 9, 0, 11, 329.04
1734077509, 14, 43, 73, 11, 0, 0.06%, 9, 0, 11, 343.04
1734077519, 14, 44, 73, 11, 0, 0.06%, 9, 0, 11, 354.79
1734077524, 14, 45, 73, 11, 0, 0.06%, 9, 0, 11, 365.17
1734077529, 14, 46, 73, 11, 0, 0.06%, 9, 0, 11, 383.30
1734077534, 14, 47, 73, 11, 0, 0.06%, 9, 0, 11, 344.73
1734077544, 14, 48, 73, 11, 0, 0.06%, 9, 0, 11, 355.25
1734077550, 14, 49, 73, 11, 0, 0.06%, 9, 0, 11, 387.57
1734077555, 14, 50, 73, 11, 0, 0.06%, 9, 0, 11, 388.16
1734077570, 14, 51, 73, 11, 0, 0.06%, 9, 0, 11, 321.80
1734077580, 14, 52, 73, 11, 0, 0.06%, 9, 0, 11, 340.29
1734077585, 14, 53, 73, 11, 0, 0.06%, 9, 0, 11, 326.00
1734077590, 14, 54, 73, 11, 0, 0.06%, 9, 0, 11, 335.62
1734077600, 14, 55, 73, 11, 0, 0.06%, 9, 0, 11, 333.39
1734077605, 14, 56, 73, 11, 0, 0.06%, 9, 0, 11, 353.89
1734077615, 14, 57, 73, 11, 0, 0.06%, 9, 0, 11, 318.28
1734077621, 14, 58, 73, 11, 0, 0.06%, 9, 0, 11, 331.48
1734077631, 14, 59, 73, 11, 0, 0.06%, 9, 0, 11, 347.36
1734077636, 14, 60, 73, 11, 0, 0.06%, 9, 0, 11, 386.90
1734077641, 14, 61, 73, 11, 0, 0.06%, 9, 0, 11, 358.51
1734077651, 14, 62, 73, 11, 0, 0.06%, 9, 0, 11, 373.03
1734077656, 14, 63, 73, 11, 0, 0.06%, 9, 0, 11, 372.55
1734077666, 14, 64, 73, 11, 0, 0.06%, 9, 0, 11, 369.89
1734077676, 14, 65, 73, 11, 0, 0.06%, 9, 0, 11, 316.49
1734077681, 14, 66, 73, 11, 0, 0.06%, 9, 0, 11, 316.29
1734077691, 14, 67, 73, 11, 0, 0.06%, 9, 0, 11, 351.51
1734077702, 14, 68, 73, 11, 0, 0.06%, 9, 0, 11, 370.96
1734077707, 14, 69, 73, 11, 0, 0.06%, 9, 0, 11, 326.52
1734077717, 14, 70, 73, 11, 0, 0.06%, 9, 0, 11, 297.75
1734077722, 14, 71, 73, 11, 0, 0.06%, 9, 0, 11, 320.70
1734077732, 14, 72, 73, 11, 0, 0.06%, 9, 0, 11, 374.35
1734077737, 15, 15, 73, 11, 0, 0.06%, 9, 0, 11, 353.67
1734077742, 15, 21, 73, 11, 0, 0.06%, 9, 0, 11, 309.55
1734077747, 15, 25, 73, 11, 0, 0.06%, 9, 0, 11, 330.90
1734077752, 15, 27, 73, 11, 0, 0.06%, 9, 0, 11, 315.57
1734077757, 15, 28, 73, 11, 0, 0.06%, 9, 0, 11, 293.88
1734077762, 15, 29, 73, 11, 0, 0.06%, 9, 0, 11, 297.19
1734077767, 15, 30, 73, 11, 0, 0.06%, 9, 0, 11, 292.89
1734077772, 15, 31, 73, 11, 0, 0.06%, 9, 0, 11, 316.29
1734077777, 15, 32, 73, 11, 0, 0.06%, 9, 0, 11, 330.86
1734077783, 15, 33, 73, 11, 0, 0.06%, 9, 0, 11, 313.09
1734077788, 15, 35, 73, 11, 0, 0.06%, 9, 0, 11, 338.70
1734077793, 15, 36, 73, 11, 0, 0.06%, 9, 0, 11, 335.58
1734077798, 15, 37, 73, 11, 0, 0.06%, 9, 0, 11, 334.36
1734077803, 15, 39, 73, 11, 0, 0.06%, 9, 0, 11, 317.21
1734077813, 15, 40, 73, 11, 0, 0.06%, 9, 0, 11, 288.18
1734077818, 15, 41, 73, 11, 0, 0.06%, 9, 0, 11, 282.39
1734077828, 15, 42, 73, 11, 0, 0.06%, 9, 0, 11, 330.15
1734077834, 15, 43, 73, 11, 0, 0.06%, 9, 0, 11, 309.77
1734077844, 15, 44, 73, 11, 0, 0.06%, 9, 0, 11, 361.20
1734077849, 15, 45, 73, 11, 0, 0.06%, 9, 0, 11, 365.96
1734077854, 15, 46, 73, 11, 0, 0.06%, 9, 0, 11, 386.99
1734077859, 15, 47, 73, 11, 0, 0.06%, 9, 0, 11, 346.83
1734077869, 15, 48, 73, 11, 0, 0.06%, 9, 0, 11, 366.91
1734077874, 15, 49, 73, 11, 0, 0.06%, 9, 0, 11, 339.63
1734077884, 15, 50, 73, 11, 0, 0.06%, 9, 0, 11, 281.30
1734077895, 15, 51, 73, 11, 0, 0.06%, 9, 0, 11, 322.00
1734077905, 15, 52, 73, 11, 0, 0.06%, 9, 0, 11, 361.81
1734077910, 15, 53, 73, 11, 0, 0.06%, 9, 0, 11, 326.99
1734077915, 15, 54, 73, 11, 0, 0.06%, 9, 0, 11, 322.46
1734077925, 15, 55, 73, 11, 0, 0.06%, 9, 0, 11, 340.56
1734077930, 15, 56, 73, 11, 0, 0.06%, 9, 0, 11, 316.54
1734077940, 15, 57, 73, 11, 0, 0.06%, 9, 0, 11, 327.16
1734077945, 15, 58, 73, 11, 0, 0.06%, 9, 0, 11, 336.17
1734077955, 15, 59, 73, 11, 0, 0.06%, 9, 0, 11, 365.81
1734077960, 15, 60, 73, 11, 0, 0.06%, 9, 0, 11, 353.86
1734077970, 15, 61, 73, 11, 0, 0.06%, 9, 0, 11, 349.13
1734077975, 15, 62, 73, 11, 0, 0.06%, 9, 0, 11, 364.65
1734077980, 15, 63, 73, 11, 0, 0.06%, 9, 0, 11, 335.76
1734077991, 15, 64, 73, 11, 0, 0.06%, 9, 0, 11, 334.36
1734078001, 15, 65, 73, 11, 0, 0.06%, 9, 0, 11, 328.17
1734078006, 15, 66, 73, 11, 0, 0.06%, 9, 0, 11, 368.22
1734078016, 15, 67, 73, 11, 0, 0.06%, 9, 0, 11, 356.33
1734078026, 15, 68, 73, 11, 0, 0.06%, 9, 0, 11, 363.31
1734078031, 15, 69, 73, 11, 0, 0.06%, 9, 0, 11, 327.95
1734078041, 15, 70, 73, 11, 0, 0.06%, 9, 0, 11, 289.06
1734078052, 15, 71, 73, 11, 0, 0.06%, 9, 0, 11, 338.95
1734078057, 15, 72, 73, 11, 0, 0.06%, 9, 0, 11, 386.57
1734078062, 16, 15, 73, 11, 0, 0.06%, 9, 0, 11, 357.05
1734078067, 16, 21, 73, 11, 0, 0.06%, 9, 0, 11, 321.15
1734078072, 16, 25, 73, 11, 0, 0.06%, 9, 0, 11, 350.72
1734078077, 16, 27, 74, 12, 0, 0.06%, 9, 0, 11, 312.80
1734078082, 16, 28, 74, 12, 0, 0.06%, 9, 0, 11, 295.65
1734078087, 16, 29, 74, 12, 0, 0.06%, 9, 0, 11, 299.35
1734078092, 16, 30, 74, 12, 0, 0.06%, 9, 0, 11, 304.06
1734078097, 16, 31, 74, 12, 0, 0.06%, 9, 0, 11, 322.96
1734078102, 16, 32, 74, 12, 0, 0.06%, 9, 0, 11, 314.40
1734078108, 16, 33, 74, 12, 0, 0.06%, 9, 0, 11, 289.74
1734078113, 16, 34, 74, 12, 0, 0.06%, 9, 0, 11, 321.79
1734078118, 16, 35, 74, 12, 0, 0.06%, 9, 0, 11, 325.36
1734078123, 16, 36, 74, 12, 0, 0.06%, 9, 0, 11, 304.92
1734078128, 16, 39, 74, 12, 0, 0.06%, 9, 0, 11, 314.55
1734078138, 16, 40, 74, 12, 0, 0.06%, 9, 0, 11, 296.34
1734078143, 16, 41, 74, 12, 0, 0.06%, 9, 0, 11, 306.58
1734078153, 16, 42, 74, 12, 0, 0.06%, 9, 0, 11, 327.58
1734078163, 16, 43, 74, 12, 0, 0.06%, 9, 0, 11, 365.80
1734078168, 16, 44, 74, 12, 0, 0.06%, 9, 0, 11, 354.27
1734078174, 16, 45, 74, 12, 0, 0.06%, 9, 0, 11, 385.98
1734078179, 16, 46, 74, 12, 0, 0.06%, 9, 0, 11, 381.64
1734078189, 16, 47, 74, 12, 0, 0.06%, 9, 0, 11, 304.02
1734078194, 16, 48, 74, 12, 0, 0.06%, 9, 0, 11, 377.90
1734078199, 16, 49, 74, 12, 0, 0.06%, 9, 0, 11, 356.05
1734078209, 16, 50, 74, 12, 0, 0.06%, 9, 0, 11, 292.58
1734078219, 16, 51, 74, 12, 0, 0.06%, 9, 0, 11, 340.85
1734078229, 16, 52, 74, 12, 0, 0.06%, 9, 0, 11, 370.77
1734078234, 16, 53, 74, 12, 0, 0.06%, 9, 0, 11, 324.91
1734078239, 16, 54, 74, 12, 0, 0.06%, 9, 0, 11, 308.02
1734078250, 16, 55, 74, 12, 0, 0.06%, 9, 0, 11, 346.40
1734078255, 16, 56, 74, 12, 0, 0.06%, 9, 0, 11, 320.06
1734078265, 16, 57, 74, 12, 0, 0.06%, 9, 0, 11, 333.19
1734078275, 16, 58, 74, 12, 0, 0.06%, 9, 0, 11, 328.81
1734078280, 16, 59, 74, 12, 0, 0.06%, 9, 0, 11, 355.23
1734078290, 16, 60, 74, 12, 0, 0.06%, 9, 0, 11, 326.00
1734078295, 16, 61, 74, 12, 0, 0.06%, 9, 0, 11, 377.91
1734078300, 16, 62, 74, 12, 0, 0.06%, 9, 0, 11, 331.96
1734078310, 16, 63, 74, 12, 0, 0.06%, 9, 0, 11, 372.04
1734078315, 16, 64, 74, 12, 0, 0.06%, 9, 0, 11, 340.15
1734078326, 16, 65, 74, 12, 0, 0.06%, 9, 0, 11, 324.60
1734078331, 16, 66, 74, 12, 0, 0.06%, 9, 0, 11, 339.36
1734078341, 16, 67, 74, 12, 0, 0.06%, 9, 0, 11, 369.67
1734078351, 16, 68, 74, 12, 0, 0.06%, 9, 0, 11, 395.14
1734078356, 16, 69, 74, 12, 0, 0.06%, 9, 0, 11, 326.05
1734078366, 16, 70, 74, 12, 0, 0.06%, 9, 0, 11, 314.00
1734078376, 16, 71, 74, 12, 0, 0.06%, 9, 0, 11, 346.36
1734078381, 16, 72, 74, 12, 0, 0.06%, 9, 0, 11, 340.94
1734078392, 16, 73, 75, 13, 0, 0.06%, 9, 0, 11, 375.46
1734078631, 16, 74, 75, 12, 0, 0.06%, 9, 0, 11, 336.49
1734078728, 17, 15, 75, 11, 0, 0.06%, 9, 0, 11, 335.70
1734078733, 17, 21, 75, 11, 0, 0.06%, 9, 0, 11, 296.45
1734078738, 17, 25, 75, 11, 0, 0.06%, 9, 0, 11, 327.78
1734078743, 17, 28, 75, 11, 0, 0.06%, 9, 0, 11, 311.17
1734078748, 17, 34, 75, 11, 0, 0.06%, 9, 0, 11, 330.91
1734078753, 17, 35, 75, 11, 0, 0.06%, 9, 0, 11, 322.81
1734078758, 17, 36, 75, 11, 0, 0.06%, 9, 0, 11, 314.56
1734078763, 17, 39, 75, 11, 0, 0.06%, 9, 0, 11, 304.76
1734078768, 17, 40, 75, 11, 0, 0.06%, 9, 0, 11, 302.84
1734078778, 17, 41, 75, 11, 0, 0.06%, 9, 0, 11, 321.46
1734078783, 17, 42, 75, 11, 0, 0.06%, 9, 0, 11, 306.22
1734078793, 17, 43, 75, 11, 0, 0.06%, 9, 0, 11, 380.76
1734078799, 17, 44, 75, 11, 0, 0.06%, 9, 0, 11, 402.03
1734078804, 17, 45, 75, 11, 0, 0.06%, 9, 0, 11, 335.44
1734078814, 17, 46, 75, 11, 0, 0.06%, 9, 0, 11, 331.64
1734078819, 17, 47, 75, 11, 0, 0.06%, 9, 0, 11, 321.21
1734078824, 17, 49, 75, 11, 0, 0.06%, 9, 0, 11, 313.42
1734078834, 17, 51, 75, 11, 0, 0.06%, 9, 0, 11, 319.02
1734078839, 17, 53, 75, 11, 0, 0.06%, 9, 0, 11, 358.99
1734078844, 17, 54, 75, 11, 0, 0.06%, 9, 0, 11, 363.14
1734078854, 17, 55, 75, 11, 0, 0.06%, 9, 0, 11, 387.88
1734078860, 17, 56, 75, 11, 0, 0.06%, 9, 0, 11, 317.97
1734078870, 17, 57, 75, 11, 0, 0.06%, 9, 0, 11, 318.97
1734078875, 17, 58, 75, 11, 0, 0.06%, 9, 0, 11, 311.65
1734078885, 17, 59, 75, 11, 0, 0.06%, 9, 0, 11, 387.28
1734078890, 17, 65, 75, 11, 0, 0.06%, 9, 0, 11, 332.02
1734078900, 17, 66, 75, 11, 0, 0.06%, 9, 0, 11, 278.39
1734078910, 17, 67, 75, 11, 0, 0.06%, 9, 0, 11, 395.61
1734078915, 17, 68, 75, 11, 0, 0.06%, 9, 0, 11, 319.63
1734078925, 17, 69, 75, 11, 0, 0.06%, 9, 0, 11, 339.41
1734078930, 17, 70, 75, 11, 0, 0.06%, 9, 0, 11, 321.73
1734078940, 17, 71, 75, 11, 0, 0.06%, 9, 0, 11, 337.85
1734078951, 17, 72, 75, 11, 0, 0.06%, 9, 0, 11, 350.88
1734078956, 17, 73, 75, 11, 0, 0.06%, 9, 0, 11, 298.78
1734078976, 17, 74, 75, 11, 0, 0.06%, 9, 0, 11, 355.92
1734078996, 18, 21, 75, 11, 0, 0.06%, 9, 0, 11, 285.61
1734079001, 18, 25, 75, 11, 0, 0.06%, 9, 0, 11, 302.56
1734079007, 18, 28, 75, 11, 0, 0.06%, 9, 0, 11, 293.51
1734079012, 18, 36, 75, 11, 0, 0.06%, 9, 0, 11, 326.44
1734079017, 18, 39, 75, 11, 0, 0.06%, 9, 0, 11, 323.72
1734079027, 18, 40, 75, 11, 0, 0.06%, 9, 0, 11, 305.13
1734079032, 18, 41, 75, 11, 0, 0.06%, 9, 0, 11, 308.59
1734079042, 18, 42, 75, 11, 0, 0.06%, 9, 0, 11, 327.40
1734079052, 18, 43, 75, 11, 0, 0.06%, 9, 0, 11, 361.71
1734079057, 18, 44, 75, 11, 0, 0.06%, 9, 0, 11, 371.96
1734079062, 18, 45, 75, 11, 0, 0.06%, 9, 0, 11, 396.93
1734079067, 18, 46, 75, 11, 0, 0.06%, 9, 0, 11, 369.20
1734079077, 18, 47, 75, 11, 0, 0.06%, 9, 0, 11, 316.45
1734079082, 18, 51, 75, 11, 0, 0.06%, 9, 0, 11, 317.03
1734079093, 18, 53, 75, 11, 0, 0.06%, 9, 0, 11, 359.57
1734079098, 18, 54, 75, 11, 0, 0.06%, 9, 0, 11, 354.28
1734079103, 18, 55, 75, 11, 0, 0.06%, 9, 0, 11, 370.87
1734079113, 18, 56, 75, 11, 0, 0.06%, 9, 0, 11, 339.66
1734079118, 18, 57, 75, 11, 0, 0.06%, 9, 0, 11, 325.09
1734079128, 18, 58, 75, 11, 0, 0.06%, 9, 0, 11, 351.21
1734079133, 18, 59, 75, 11, 0, 0.06%, 9, 0, 11, 329.68
1734079143, 18, 65, 75, 11, 0, 0.06%, 9, 0, 11, 320.22
1734079148, 18, 66, 75, 11, 0, 0.06%, 9, 0, 11, 337.52
1734079159, 18, 67, 75, 11, 0, 0.06%, 9, 0, 11, 311.26
1734079169, 18, 68, 75, 11, 0, 0.06%, 9, 0, 11, 397.33
1734079174, 18, 69, 75, 11, 0, 0.06%, 9, 0, 11, 336.37
1734079184, 18, 70, 75, 11, 0, 0.06%, 9, 0, 11, 305.82
1734079194, 18, 71, 75, 11, 0, 0.06%, 9, 0, 11, 324.61
1734079199, 18, 72, 75, 11, 0, 0.06%, 9, 0, 11, 331.23
1734079209, 18, 73, 75, 11, 0, 0.06%, 9, 0, 11, 334.68
1734079230, 18, 74, 75, 11, 0, 0.06%, 9, 0, 11, 354.46
1734079250, 19, 21, 75, 11, 0, 0.06%, 9, 0, 11, 296.99
1734079255, 19, 25, 75, 11, 0, 0.06%, 9, 0, 11, 317.11
1734079260, 19, 28, 75, 11, 0, 0.06%, 9, 0, 11, 305.72
1734079265, 19, 36, 75, 11, 0, 0.06%, 9, 0, 11, 322.85
1734079275, 19, 39, 75, 11, 0, 0.06%, 9, 0, 11, 288.52
1734079281, 19, 40, 75, 11, 0, 0.06%, 9, 0, 11, 296.95
1734079291, 19, 41, 75, 11, 0, 0.06%, 9, 0, 11, 315.56
1734079296, 19, 42, 75, 11, 0, 0.06%, 9, 0, 11, 309.55
1734079306, 19, 43, 75, 11, 0, 0.06%, 9, 0, 11, 362.01
1734079311, 19, 44, 75, 11, 0, 0.06%, 9, 0, 11, 395.37
1734079316, 19, 45, 75, 11, 0, 0.06%, 9, 0, 11, 324.59
1734079326, 19, 46, 75, 11, 0, 0.06%, 9, 0, 11, 343.91
1734079331, 19, 47, 75, 11, 0, 0.06%, 9, 0, 11, 325.44
1734079336, 19, 51, 75, 11, 0, 0.06%, 9, 0, 11, 302.22
1734079346, 19, 53, 75, 11, 0, 0.06%, 9, 0, 11, 338.07
1734079351, 19, 54, 75, 11, 0, 0.06%, 9, 0, 11, 324.82
1734079362, 19, 55, 75, 11, 0, 0.06%, 9, 0, 11, 355.61
1734079367, 19, 56, 75, 11, 0, 0.06%, 9, 0, 11, 374.38
1734079372, 19, 57, 75, 11, 0, 0.06%, 9, 0, 11, 347.63
1734079382, 19, 58, 75, 11, 0, 0.06%, 9, 0, 11, 359.17
1734079387, 19, 59, 75, 11, 0, 0.06%, 9, 0, 11, 336.07
1734079397, 19, 65, 75, 11, 0, 0.06%, 9, 0, 11, 328.58
1734079402, 19, 66, 75, 11, 0, 0.06%, 9, 0, 11, 314.55
1734079412, 19, 67, 75, 11, 0, 0.06%, 9, 0, 11, 370.33
1734079423, 19, 68, 75, 11, 0, 0.06%, 9, 0, 11, 352.00
1734079428, 19, 69, 75, 11, 0, 0.06%, 9, 0, 11, 341.82
1734079438, 19, 70, 75, 11, 0, 0.06%, 9, 0, 11, 293.17
1734079443, 19, 71, 75, 11, 0, 0.06%, 9, 0, 11, 314.99
1734079453, 19, 72, 75, 11, 0, 0.06%, 9, 0, 11, 369.80
1734079458, 19, 73, 75, 11, 0, 0.06%, 9, 0, 11, 358.43
1734079479, 19, 74, 75, 11, 0, 0.06%, 9, 0, 11, 328.88
1734079499, 20, 21, 75, 11, 0, 0.06%, 9, 0, 11, 307.56
1734079504, 20, 25, 75, 11, 0, 0.06%, 9, 0, 11, 324.80
1734079509, 20, 28, 75, 11, 0, 0.06%, 9, 0, 11, 290.06
1734079514, 20, 35, 75, 11, 0, 0.06%, 9, 0, 11, 316.47
1734079519, 20, 36, 75, 11, 0, 0.06%, 9, 0, 11, 312.51
1734079524, 20, 39, 75, 11, 0, 0.06%, 9, 0, 11, 280.65
1734079530, 20, 40, 75, 11, 0, 0.06%, 9, 0, 11, 314.21
1734079540, 20, 41, 75, 11, 0, 0.06%, 9, 0, 11, 331.57
1734079545, 20, 42, 75, 11, 0, 0.06%, 9, 0, 11, 324.78
1734079555, 20, 43, 75, 11, 0, 0.06%, 9, 0, 11, 346.94
1734079560, 20, 44, 75, 11, 0, 0.06%, 9, 0, 11, 380.76
1734079565, 20, 45, 75, 11, 0, 0.06%, 9, 0, 11, 360.16
1734079575, 20, 46, 75, 11, 0, 0.06%, 9, 0, 11, 332.64
1734079580, 20, 47, 75, 11, 0, 0.06%, 9, 0, 11, 333.41
1734079585, 20, 51, 75, 11, 0, 0.06%, 9, 0, 11, 311.45
1734079596, 20, 53, 75, 11, 0, 0.06%, 9, 0, 11, 337.49
1734079601, 20, 54, 75, 11, 0, 0.06%, 9, 0, 11, 329.28
1734079606, 20, 55, 75, 11, 0, 0.06%, 9, 0, 11, 326.31
1734079616, 20, 56, 75, 11, 0, 0.06%, 9, 0, 11, 368.52
1734079621, 20, 57, 75, 11, 0, 0.06%, 9, 0, 11, 326.42
1734079631, 20, 58, 75, 11, 0, 0.06%, 9, 0, 11, 371.58
1734079636, 20, 59, 75, 11, 0, 0.06%, 9, 0, 11, 327.03
1734079646, 20, 65, 75, 11, 0, 0.06%, 9, 0, 11, 332.98
1734079651, 20, 66, 75, 11, 0, 0.06%, 9, 0, 11, 368.14
1734079662, 20, 67, 75, 11, 0, 0.06%, 9, 0, 11, 373.34
1734079672, 20, 68, 75, 11, 0, 0.06%, 9, 0, 11, 370.70
1734079677, 20, 69, 75, 11, 0, 0.06%, 9, 0, 11, 347.98
1734079687, 20, 70, 75, 11, 0, 0.06%, 9, 0, 11, 312.90
1734079692, 20, 71, 75, 11, 0, 0.06%, 9, 0, 11, 339.28
1734079702, 20, 72, 75, 11, 0, 0.06%, 9, 0, 11, 371.35
1734079707, 20, 73, 75, 11, 0, 0.06%, 9, 0, 11, 295.97
1734079717, 20, 74, 75, 11, 0, 0.06%, 9, 0, 11, 346.71
1734079722, 21, 21, 75, 11, 0, 0.06%, 9, 0, 11, 306.40
1734079727, 21, 28, 75, 11, 0, 0.06%, 9, 0, 11, 320.86
1734079733, 21, 35, 75, 11, 0, 0.06%, 9, 0, 11, 308.83
1734079738, 21, 36, 75, 11, 0, 0.06%, 9, 0, 11, 320.97
1734079743, 21, 39, 75, 11, 0, 0.06%, 9, 0, 11, 322.34
1734079753, 21, 40, 75, 11, 0, 0.06%, 9, 0, 11, 304.41
1734079758, 21, 41, 75, 11, 0, 0.06%, 9, 0, 11, 300.76
1734079768, 21, 42, 75, 11, 0, 0.06%, 9, 0, 11, 325.94
1734079778, 21, 43, 75, 11, 0, 0.06%, 9, 0, 11, 304.51
1734079783, 21, 44, 75, 11, 0, 0.06%, 9, 0, 11, 353.06
1734079788, 21, 45, 75, 11, 0, 0.06%, 9, 0, 11, 389.42
1734079793, 21, 46, 75, 11, 0, 0.06%, 9, 0, 11, 324.68
1734079803, 21, 47, 75, 11, 0, 0.06%, 9, 0, 11, 315.50
1734079808, 21, 51, 75, 11, 0, 0.06%, 9, 0, 11, 322.29
1734079819, 21, 53, 75, 11, 0, 0.06%, 9, 0, 11, 357.43
1734079824, 21, 54, 75, 11, 0, 0.06%, 9, 0, 11, 338.58
1734079829, 21, 55, 75, 11, 0, 0.06%, 9, 0, 11, 313.88
1734079839, 21, 56, 75, 11, 0, 0.06%, 9, 0, 11, 349.17
1734079844, 21, 57, 75, 11, 0, 0.06%, 9, 0, 11, 332.94
1734079849, 21, 58, 75, 11, 0, 0.06%, 9, 0, 11, 325.40
1734079859, 21, 59, 75, 11, 0, 0.06%, 9, 0, 11, 377.50
1734079864, 21, 65, 75, 11, 0, 0.06%, 9, 0, 11, 322.57
1734079874, 21, 66, 75, 11, 0, 0.06%, 9, 0, 11, 339.07
1734079885, 21, 67, 75, 11, 0, 0.06%, 9, 0, 11, 380.49
1734079890, 21, 68, 75, 11, 0, 0.06%, 9, 0, 11, 390.59
1734079895, 21, 69, 75, 11, 0, 0.06%, 9, 0, 11, 357.93
1734079905, 21, 70, 75, 11, 0, 0.06%, 9, 0, 11, 322.96
1734079915, 21, 71, 75, 11, 0, 0.06%, 9, 0, 11, 365.61
1734079920, 21, 72, 75, 11, 0, 0.06%, 9, 0, 11, 395.61
1734079925, 21, 73, 75, 11, 0, 0.06%, 9, 0, 11, 308.88
1734079936, 21, 74, 75, 11, 0, 0.06%, 9, 0, 11, 317.39
1734079941, 22, 21, 75, 11, 0, 0.06%, 9, 0, 11, 324.56
1734079946, 22, 25, 75, 11, 0, 0.06%, 9, 0, 11, 346.38
1734079951, 22, 28, 75, 11, 0, 0.06%, 9, 0, 11, 303.83
1734079956, 22, 35, 75, 11, 0, 0.06%, 9, 0, 11, 332.35
1734079961, 22, 36, 75, 11, 0, 0.06%, 9, 0, 11, 303.08
1734079966, 22, 39, 75, 11, 0, 0.06%, 9, 0, 11, 296.39
1734079971, 22, 40, 75, 11, 0, 0.06%, 9, 0, 11, 310.98
1734079982, 22, 41, 75, 11, 0, 0.06%, 9, 0, 11, 325.94
1734079987, 22, 42, 75, 11, 0, 0.06%, 9, 0, 11, 337.21
1734079997, 22, 43, 75, 11, 0, 0.06%, 9, 0, 11, 359.09
1734080002, 22, 44, 75, 11, 0, 0.06%, 9, 0, 11, 357.62
1734080007, 22, 45, 75, 11, 0, 0.06%, 9, 0, 11, 347.89
1734080017, 22, 46, 75, 11, 0, 0.06%, 9, 0, 11, 337.23
1734080023, 22, 47, 75, 11, 0, 0.06%, 9, 0, 11, 320.44
1734080028, 22, 51, 75, 11, 0, 0.06%, 9, 0, 11, 309.94
1734080038, 22, 53, 75, 11, 0, 0.06%, 9, 0, 11, 347.24
1734080043, 22, 54, 75, 11, 0, 0.06%, 9, 0, 11, 346.05
1734080048, 22, 55, 75, 11, 0, 0.06%, 9, 0, 11, 319.37
1734080058, 22, 56, 75, 11, 0, 0.06%, 9, 0, 11, 359.16
1734080063, 22, 57, 75, 11, 0, 0.06%, 9, 0, 11, 318.33
1734080074, 22, 58, 75, 11, 0, 0.06%, 9, 0, 11, 353.00
1734080079, 22, 59, 75, 11, 0, 0.06%, 9, 0, 11, 346.80
1734080089, 22, 65, 75, 11, 0, 0.06%, 9, 0, 11, 308.01
1734080094, 22, 66, 75, 11, 0, 0.06%, 9, 0, 11, 324.01
1734080104, 22, 67, 75, 11, 0, 0.06%, 9, 0, 11, 389.92
1734080109, 22, 68, 75, 11, 0, 0.06%, 9, 0, 11, 365.53
1734080119, 22, 69, 75, 11, 0, 0.06%, 9, 0, 11, 353.10
1734080124, 22, 70, 75, 11, 0, 0.06%, 9, 0, 11, 350.23
1734080135, 22, 71, 75, 11, 0, 0.06%, 9, 0, 11, 340.30
1734080145, 22, 72, 75, 11, 0, 0.06%, 9, 0, 11, 337.10
1734080150, 22, 73, 75, 11, 0, 0.06%, 9, 0, 11, 300.66
1734080160, 22, 74, 75, 11, 0, 0.06%, 9, 0, 11, 339.82
1734080165, 23, 21, 75, 11, 0, 0.06%, 9, 0, 11, 307.24
1734080170, 23, 25, 75, 11, 0, 0.06%, 9, 0, 11, 306.34
1734080175, 23, 35, 75, 11, 0, 0.06%, 9, 0, 11, 300.29
1734080180, 23, 36, 75, 11, 0, 0.06%, 9, 0, 11, 328.42
1734080185, 23, 39, 75, 11, 0, 0.06%, 9, 0, 11, 307.10
1734080196, 23, 40, 75, 11, 0, 0.06%, 9, 0, 11, 304.70
1734080201, 23, 41, 75, 11, 0, 0.06%, 9, 0, 11, 304.62
1734080211, 23, 42, 75, 11, 0, 0.06%, 9, 0, 11, 337.47
1734080221, 23, 43, 75, 11, 0, 0.06%, 9, 0, 11, 350.47
1734080226, 23, 44, 75, 11, 0, 0.06%, 9, 0, 11, 357.72
1734080231, 23, 45, 75, 11, 0, 0.06%, 9, 0, 11, 388.24
1734080236, 23, 46, 75, 11, 0, 0.06%, 9, 0, 11, 352.80
1734080246, 23, 47, 75, 11, 0, 0.06%, 9, 0, 11, 317.43
1734080252, 23, 51, 75, 11, 0, 0.06%, 9, 0, 11, 326.70
1734080257, 23, 53, 75, 11, 0, 0.06%, 9, 0, 11, 365.45
1734080267, 23, 54, 75, 11, 0, 0.06%, 9, 0, 11, 322.94
1734080272, 23, 55, 75, 11, 0, 0.06%, 9, 0, 11, 383.72
1734080277, 23, 56, 75, 11, 0, 0.06%, 9, 0, 11, 350.73
1734080287, 23, 57, 75, 11, 0, 0.06%, 9, 0, 11, 329.86
1734080297, 23, 58, 75, 11, 0, 0.06%, 9, 0, 11, 351.87
1734080302, 23, 59, 75, 11, 0, 0.06%, 9, 0, 11, 380.80
1734080307, 23, 65, 75, 11, 0, 0.06%, 9, 0, 11, 337.80
1734080318, 23, 66, 75, 11, 0, 0.06%, 9, 0, 11, 300.78
1734080328, 23, 67, 75, 11, 0, 0.06%, 9, 0, 11, 383.62
1734080333, 23, 68, 75, 11, 0, 0.06%, 9, 0, 11, 331.23
1734080343, 23, 69, 75, 11, 0, 0.06%, 9, 0, 11, 356.34
1734080348, 23, 70, 75, 11, 0, 0.06%, 9, 0, 11, 333.90
1734080358, 23, 71, 75, 11, 0, 0.06%, 9, 0, 11, 358.35
1734080368, 23, 72, 75, 11, 0, 0.06%, 9, 0, 11, 348.00
1734080373, 23, 73, 75, 11, 0, 0.06%, 9, 0, 11, 306.19
1734080383, 23, 74, 75, 11, 0, 0.06%, 9, 0, 11, 323.79
1734080388, 24, 21, 75, 11, 0, 0.06%, 9, 0, 11, 315.47
1734080393, 24, 25, 75, 11, 0, 0.06%, 9, 0, 11, 315.78
1734080398, 24, 28, 75, 11, 0, 0.06%, 9, 0, 11, 291.81
1734080404, 24, 36, 75, 11, 0, 0.06%, 9, 0, 11, 325.71
1734080409, 24, 39, 75, 11, 0, 0.06%, 9, 0, 11, 304.57
1734080419, 24, 40, 75, 11, 0, 0.06%, 9, 0, 11, 300.83
1734080424, 24, 41, 75, 11, 0, 0.06%, 9, 0, 11, 325.36
1734080434, 24, 42, 75, 11, 0, 0.06%, 9, 0, 11, 322.11
1734080444, 24, 43, 75, 11, 0, 0.06%, 9, 0, 11, 332.34
1734080449, 24, 44, 75, 11, 0, 0.06%, 9, 0, 11, 341.42
1734080455, 24, 45, 75, 11, 0, 0.06%, 9, 0, 11, 373.77
1734080460, 24, 46, 75, 11, 0, 0.06%, 9, 0, 11, 345.65
1734080470, 24, 47, 75, 11, 0, 0.06%, 9, 0, 11, 310.24
1734080475, 24, 51, 75, 11, 0, 0.06%, 9, 0, 11, 315.79
1734080480, 24, 53, 75, 11, 0, 0.06%, 9, 0, 11, 339.56
1734080490, 24, 54, 75, 11, 0, 0.06%, 9, 0, 11, 354.73
1734080495, 24, 55, 75, 11, 0, 0.06%, 9, 0, 11, 407.49
1734080500, 24, 56, 75, 11, 0, 0.06%, 9, 0, 11, 355.34
1734080510, 24, 57, 75, 11, 0, 0.06%, 9, 0, 11, 324.80
1734080516, 24, 58, 75, 11, 0, 0.06%, 9, 0, 11, 289.30
1734080526, 24, 59, 75, 11, 0, 0.06%, 9, 0, 11, 382.18
1734080531, 24, 65, 75, 11, 0, 0.06%, 9, 0, 11, 332.05
1734080541, 24, 66, 75, 11, 0, 0.06%, 9, 0, 11, 364.62
1734080551, 24, 67, 75, 11, 0, 0.06%, 9, 0, 11, 372.11
1734080556, 24, 68, 75, 11, 0, 0.06%, 9, 0, 11, 365.55
1734080567, 24, 69, 75, 11, 0, 0.06%, 9, 0, 11, 332.60
1734080572, 24, 70, 75, 11, 0, 0.06%, 9, 0, 11, 323.36
1734080582, 24, 71, 75, 11, 0, 0.06%, 9, 0, 11, 368.50
1734080587, 24, 72, 75, 11, 0, 0.06%, 9, 0, 11, 318.39
1734080597, 24, 73, 75, 11, 0, 0.06%, 9, 0, 11, 334.98
1734080602, 24, 74, 75, 11, 0, 0.06%, 9, 0, 11, 301.75
1734080607, 25, 21, 75, 11, 0, 0.06%, 9, 0, 11, 326.99
1734080612, 25, 25, 75, 11, 0, 0.06%, 9, 0, 11, 321.68
1734080617, 25, 28, 75, 11, 0, 0.06%, 9, 0, 11, 320.15
1734080622, 25, 35, 75, 11, 0, 0.06%, 9, 0, 11, 345.26
1734080628, 25, 36, 75, 11, 0, 0.06%, 9, 0, 11, 323.43
1734080633, 25, 39, 75, 11, 0, 0.06%, 9, 0, 11, 310.02
1734080643, 25, 40, 75, 11, 0, 0.06%, 9, 0, 11, 302.62
1734080648, 25, 41, 75, 11, 0, 0.06%, 9, 0, 11, 313.99
1734080658, 25, 42, 75, 11, 0, 0.06%, 9, 0, 11, 320.46
1734080668, 25, 43, 75, 11, 0, 0.06%, 9, 0, 11, 324.62
1734080673, 25, 44, 75, 11, 0, 0.06%, 9, 0, 11, 352.32
1734080678, 25, 45, 75, 11, 0, 0.06%, 9, 0, 11, 372.00
1734080683, 25, 46, 75, 11, 0, 0.06%, 9, 0, 11, 376.41
1734080693, 25, 47, 75, 11, 0, 0.06%, 9, 0, 11, 318.06
1734080698, 25, 51, 75, 11, 0, 0.06%, 9, 0, 11, 318.19
1734080703, 25, 53, 75, 11, 0, 0.06%, 9, 0, 11, 312.81
1734080714, 25, 54, 75, 11, 0, 0.06%, 9, 0, 11, 336.08
1734080719, 25, 55, 75, 11, 0, 0.06%, 9, 0, 11, 381.06
1734080729, 25, 56, 75, 11, 0, 0.06%, 9, 0, 11, 354.40
1734080734, 25, 57, 75, 11, 0, 0.06%, 9, 0, 11, 327.94
1734080739, 25, 58, 75, 11, 0, 0.06%, 9, 0, 11, 347.44
1734080749, 25, 59, 75, 11, 0, 0.06%, 9, 0, 11, 379.19
1734080754, 25, 65, 75, 11, 0, 0.06%, 9, 0, 11, 344.36
1734080764, 25, 66, 75, 11, 0, 0.06%, 9, 0, 11, 345.53
1734080775, 25, 67, 75, 11, 0, 0.06%, 9, 0, 11, 373.24
1734080780, 25, 68, 75, 11, 0, 0.06%, 9, 0, 11, 367.14
1734080790, 25, 69, 75, 11, 0, 0.06%, 9, 0, 11, 326.56
1734080795, 25, 70, 75, 11, 0, 0.06%, 9, 0, 11, 346.05
1734080805, 25, 71, 75, 11, 0, 0.06%, 9, 0, 11, 369.71
1734080810, 25, 72, 75, 11, 0, 0.06%, 9, 0, 11, 360.90
1734080820, 25, 73, 75, 11, 0, 0.06%, 9, 0, 11, 342.20
1734080825, 25, 74, 75, 11, 0, 0.06%, 9, 0, 11, 342.39
1734080830, 26, 21, 75, 11, 0, 0.06%, 9, 0, 11, 325.18
1734080836, 26, 25, 75, 11, 0, 0.06%, 9, 0, 11, 336.97
1734080841, 26, 28, 75, 11, 0, 0.06%, 9, 0, 11, 303.55
1734080846, 26, 35, 75, 11, 0, 0.06%, 9, 0, 11, 321.36
1734080851, 26, 36, 75, 11, 0, 0.06%, 9, 0, 11, 314.56
1734080856, 26, 39, 75, 11, 0, 0.06%, 9, 0, 11, 297.74
1734080861, 26, 40, 75, 11, 0, 0.06%, 9, 0, 11, 303.02
1734080871, 26, 41, 75, 11, 0, 0.06%, 9, 0, 11, 325.41
1734080876, 26, 42, 75, 11, 0, 0.06%, 9, 0, 11, 317.38
1734080886, 26, 43, 75, 11, 0, 0.06%, 9, 0, 11, 376.18
1734080891, 26, 44, 75, 11, 0, 0.06%, 9, 0, 11, 399.11
1734080901, 26, 45, 75, 11, 0, 0.06%, 9, 0, 11, 349.35
1734080906, 26, 46, 75, 11, 0, 0.06%, 9, 0, 11, 369.04
1734080911, 26, 47, 75, 11, 0, 0.06%, 9, 0, 11, 331.66
1734080916, 26, 51, 75, 11, 0, 0.06%, 9, 0, 11, 308.27
1734080926, 26, 53, 75, 11, 0, 0.06%, 9, 0, 11, 361.17
1734080932, 26, 54, 75, 11, 0, 0.06%, 9, 0, 11, 337.78
1734080942, 26, 55, 75, 11, 0, 0.06%, 9, 0, 11, 349.52
1734080947, 26, 56, 75, 11, 0, 0.06%, 9, 0, 11, 379.32
1734080952, 26, 57, 75, 11, 0, 0.06%, 9, 0, 11, 286.33
1734080962, 26, 58, 75, 11, 0, 0.06%, 9, 0, 11, 357.98
1734080972, 26, 59, 75, 11, 0, 0.06%, 9, 0, 11, 355.05
1734080977, 26, 65, 75, 11, 0, 0.06%, 9, 0, 11, 335.56
1734080982, 26, 66, 75, 11, 0, 0.06%, 9, 0, 11, 404.21
1734080992, 26, 67, 75, 11, 0, 0.06%, 9, 0, 11, 350.46
1734081002, 26, 68, 75, 11, 0, 0.06%, 9, 0, 11, 382.67
1734081007, 26, 69, 75, 11, 0, 0.06%, 9, 0, 11, 369.85
1734081018, 26, 70, 75, 11, 0, 0.06%, 9, 0, 11, 298.97
1734081023, 26, 71, 75, 11, 0, 0.06%, 9, 0, 11, 297.91
1734081033, 26, 72, 75, 11, 0, 0.06%, 9, 0, 11, 376.90
1734081038, 26, 73, 75, 11, 0, 0.06%, 9, 0, 11, 356.35
1734081048, 26, 74, 75, 11, 0, 0.06%, 9, 0, 11, 339.92
1734081053, 27, 21, 75, 11, 0, 0.06%, 9, 0, 11, 313.44
1734081058, 27, 25, 75, 11, 0, 0.06%, 9, 0, 11, 320.13
1734081063, 27, 28, 75, 11, 0, 0.06%, 9, 0, 11, 297.45
1734081068, 27, 35, 75, 11, 0, 0.06%, 9, 0, 11, 304.01
1734081073, 27, 36, 75, 11, 0, 0.06%, 9, 0, 11, 316.66
1734081078, 27, 39, 75, 11, 0, 0.06%, 9, 0, 11, 286.29
1734081083, 27, 40, 75, 11, 0, 0.06%, 9, 0, 11, 298.22
1734081094, 27, 41, 75, 11, 0, 0.06%, 9, 0, 11, 315.51
1734081099, 27, 42, 75, 11, 0, 0.06%, 9, 0, 11, 314.52
1734081109, 27, 43, 75, 11, 0, 0.06%, 9, 0, 11, 360.07
1734081114, 27, 44, 75, 11, 0, 0.06%, 9, 0, 11, 397.53
1734081119, 27, 45, 75, 11, 0, 0.06%, 9, 0, 11, 333.85
1734081129, 27, 46, 75, 11, 0, 0.06%, 9, 0, 11, 356.04
1734081135, 27, 47, 75, 11, 0, 0.06%, 9, 0, 11, 312.46
1734081140, 27, 51, 75, 11, 0, 0.06%, 9, 0, 11, 336.70
1734081150, 27, 53, 75, 11, 0, 0.06%, 9, 0, 11, 359.52
1734081155, 27, 54, 75, 11, 0, 0.06%, 9, 0, 11, 344.54
1734081160, 27, 55, 75, 11, 0, 0.06%, 9, 0, 11, 315.29
1734081170, 27, 56, 75, 11, 0, 0.06%, 9, 0, 11, 373.49
1734081175, 27, 57, 75, 11, 0, 0.06%, 9, 0, 11, 332.70
1734081185, 27, 58, 75, 11, 0, 0.06%, 9, 0, 11, 366.02
1734081190, 27, 59, 75, 11, 0, 0.06%, 9, 0, 11, 328.97
1734081200, 27, 65, 75, 11, 0, 0.06%, 9, 0, 11, 326.73
1734081205, 27, 66, 75, 11, 0, 0.06%, 9, 0, 11, 332.74
1734081215, 27, 67, 75, 11, 0, 0.06%, 9, 0, 11, 375.49
1734081226, 27, 68, 75, 11, 0, 0.06%, 9, 0, 11, 383.10
1734081231, 27, 69, 75, 11, 0, 0.06%, 9, 0, 11, 329.31
1734081241, 27, 70, 75, 11, 0, 0.06%, 9, 0, 11, 302.51
1734081246, 27, 71, 75, 11, 0, 0.06%, 9, 0, 11, 303.92
1734081256, 27, 72, 75, 11, 0, 0.06%, 9, 0, 11, 367.72
1734081261, 27, 73, 75, 11, 0, 0.06%, 9, 0, 11, 360.72
1734081271, 27, 74, 75, 11, 0, 0.06%, 9, 0, 11, 368.02
1734081276, 28, 21, 75, 11, 0, 0.06%, 9, 0, 11, 310.94
1734081281, 28, 25, 75, 11, 0, 0.06%, 9, 0, 11, 342.94
1734081286, 28, 28, 75, 11, 0, 0.06%, 9, 0, 11, 294.79
1734081291, 28, 35, 75, 11, 0, 0.06%, 9, 0, 11, 316.09
1734081297, 28, 36, 75, 11, 0, 0.06%, 9, 0, 11, 312.60
1734081302, 28, 39, 75, 11, 0, 0.06%, 9, 0, 11, 289.23
1734081307, 28, 40, 75, 11, 0, 0.06%, 9, 0, 11, 307.64
1734081317, 28, 41, 75, 11, 0, 0.06%, 9, 0, 11, 320.95
1734081322, 28, 42, 75, 11, 0, 0.06%, 9, 0, 11, 312.26
1734081332, 28, 43, 75, 11, 0, 0.06%, 9, 0, 11, 342.85
1734081337, 28, 44, 75, 11, 0, 0.06%, 9, 0, 11, 382.10
1734081342, 28, 45, 75, 11, 0, 0.06%, 9, 0, 11, 395.05
1734081352, 28, 46, 75, 11, 0, 0.06%, 9, 0, 11, 322.12
1734081357, 28, 47, 75, 11, 0, 0.06%, 9, 0, 11, 323.61
1734081363, 28, 51, 75, 11, 0, 0.06%, 9, 0, 11, 299.39
1734081373, 28, 53, 75, 11, 0, 0.06%, 9, 0, 11, 351.12
1734081378, 28, 54, 75, 11, 0, 0.06%, 9, 0, 11, 330.71
1734081388, 28, 55, 75, 11, 0, 0.06%, 9, 0, 11, 330.34
1734081393, 28, 56, 75, 11, 0, 0.06%, 9, 0, 11, 383.90
1734081398, 28, 57, 75, 11, 0, 0.06%, 9, 0, 11, 327.38
1734081408, 28, 58, 75, 11, 0, 0.06%, 9, 0, 11, 374.93
1734081413, 28, 59, 75, 11, 0, 0.06%, 9, 0, 11, 325.78
1734081423, 28, 65, 75, 11, 0, 0.06%, 9, 0, 11, 325.90
1734081428, 28, 66, 75, 11, 0, 0.06%, 9, 0, 11, 340.69
1734081438, 28, 67, 75, 11, 0, 0.06%, 9, 0, 11, 362.15
1734081449, 28, 68, 75, 11, 0, 0.06%, 9, 0, 11, 369.33
1734081454, 28, 69, 75, 11, 0, 0.06%, 9, 0, 11, 327.02
1734081464, 28, 70, 75, 11, 0, 0.06%, 9, 0, 11, 300.20
1734081469, 28, 71, 75, 11, 0, 0.06%, 9, 0, 11, 325.45
1734081479, 28, 72, 75, 11, 0, 0.06%, 9, 0, 11, 367.60
1734081484, 28, 73, 75, 11, 0, 0.06%, 9, 0, 11, 332.13
1734081494, 28, 74, 75, 11, 0, 0.06%, 9, 0, 11, 350.66
1734081499, 29, 21, 75, 11, 0, 0.06%, 9, 0, 11, 301.60
1734081504, 29, 25, 75, 11, 0, 0.06%, 9, 0, 11, 337.63
1734081510, 29, 28, 75, 11, 0, 0.06%, 9, 0, 11, 311.40
1734081515, 29, 35, 75, 11, 0, 0.06%, 9, 0, 11, 313.91
1734081520, 29, 36, 75, 11, 0, 0.06%, 9, 0, 11, 311.94
1734081525, 29, 39, 75, 11, 0, 0.06%, 9, 0, 11, 289.22
1734081530, 29, 40, 75, 11, 0, 0.06%, 9, 0, 11, 307.91
1734081540, 29, 41, 75, 11, 0, 0.06%, 9, 0, 11, 321.39
1734081545, 29, 42, 75, 11, 0, 0.06%, 9, 0, 11, 301.41
1734081555, 29, 43, 75, 11, 0, 0.06%, 9, 0, 11, 371.90
1734081560, 29, 44, 75, 11, 0, 0.06%, 9, 0, 11, 374.90
1734081565, 29, 45, 75, 11, 0, 0.06%, 9, 0, 11, 331.48
1734081575, 29, 46, 75, 11, 0, 0.06%, 9, 0, 11, 342.54
1734081580, 29, 47, 75, 11, 0, 0.06%, 9, 0, 11, 323.63
1734081585, 29, 51, 75, 11, 0, 0.06%, 9, 0, 11, 328.59
1734081596, 29, 53, 75, 11, 0, 0.06%, 9, 0, 11, 362.13
1734081601, 29, 54, 75, 11, 0, 0.06%, 9, 0, 11, 344.49
1734081611, 29, 55, 75, 11, 0, 0.06%, 9, 0, 11, 348.12
1734081616, 29, 56, 75, 11, 0, 0.06%, 9, 0, 11, 378.90
1734081621, 29, 57, 75, 11, 0, 0.06%, 9, 0, 11, 322.89
1734081631, 29, 58, 75, 11, 0, 0.06%, 9, 0, 11, 376.89
1734081636, 29, 59, 75, 11, 0, 0.06%, 9, 0, 11, 331.62
1734081646, 29, 65, 75, 11, 0, 0.06%, 9, 0, 11, 332.84
1734081651, 29, 66, 75, 11, 0, 0.06%, 9, 0, 11, 374.49
1734081661, 29, 67, 75, 11, 0, 0.06%, 9, 0, 11, 333.36
1734081672, 29, 68, 75, 11, 0, 0.06%, 9, 0, 11, 382.95
1734081677, 29, 69, 75, 11, 0, 0.06%, 9, 0, 11, 336.53
1734081687, 29, 70, 75, 11, 0, 0.06%, 9, 0, 11, 307.83
1734081697, 29, 71, 75, 11, 0, 0.06%, 9, 0, 11, 358.42
1734081702, 29, 72, 75, 11, 0, 0.06%, 9, 0, 11, 356.53
1734081712, 29, 73, 75, 11, 0, 0.06%, 9, 0, 11, 334.30
1734081717, 29, 74, 75, 11, 0, 0.06%, 9, 0, 11, 332.65
1734081722, 30, 21, 75, 11, 0, 0.06%, 9, 0, 11, 330.61
1734081727, 30, 25, 75, 11, 0, 0.06%, 9, 0, 11, 344.91
1734081732, 30, 28, 75, 11, 0, 0.06%, 9, 0, 11, 305.21
1734081738, 30, 35, 75, 11, 0, 0.06%, 9, 0, 11, 312.42
1734081743, 30, 36, 75, 11, 0, 0.06%, 9, 0, 11, 316.43
1734081748, 30, 39, 75, 11, 0, 0.06%, 9, 0, 11, 291.33
1734081753, 30, 40, 75, 11, 0, 0.06%, 9, 0, 11, 301.58
1734081763, 30, 41, 75, 11, 0, 0.06%, 9, 0, 11, 313.09
1734081773, 30, 42, 75, 11, 0, 0.06%, 9, 0, 11, 324.26
1734081778, 30, 43, 75, 11, 0, 0.06%, 9, 0, 11, 384.53
1734081783, 30, 44, 75, 11, 0, 0.06%, 9, 0, 11, 381.46
1734081793, 30, 45, 75, 11, 0, 0.06%, 9, 0, 11, 322.56
1734081798, 30, 46, 75, 11, 0, 0.06%, 9, 0, 11, 371.20
1734081803, 30, 47, 75, 11, 0, 0.06%, 9, 0, 11, 330.94
1734081813, 30, 51, 75, 11, 0, 0.06%, 9, 0, 11, 315.00
1734081818, 30, 53, 75, 11, 0, 0.06%, 9, 0, 11, 383.98
1734081823, 30, 54, 75, 11, 0, 0.06%, 9, 0, 11, 343.62
1734081834, 30, 55, 75, 11, 0, 0.06%, 9, 0, 11, 345.22
1734081839, 30, 56, 75, 11, 0, 0.06%, 9, 0, 11, 313.32
1734081849, 30, 57, 75, 11, 0, 0.06%, 9, 0, 11, 344.97
1734081854, 30, 58, 75, 11, 0, 0.06%, 9, 0, 11, 346.09
1734081864, 30, 59, 75, 11, 0, 0.06%, 9, 0, 11, 332.48
1734081869, 30, 65, 75, 11, 0, 0.06%, 9, 0, 11, 335.40
1734081879, 30, 66, 75, 11, 0, 0.06%, 9, 0, 11, 387.68
1734081884, 30, 67, 75, 11, 0, 0.06%, 9, 0, 11, 358.97
1734081894, 30, 68, 75, 11, 0, 0.06%, 9, 0, 11, 393.34
1734081900, 30, 69, 75, 11, 0, 0.06%, 9, 0, 11, 336.38
1734081910, 30, 70, 75, 11, 0, 0.06%, 9, 0, 11, 307.38
1734081920, 30, 71, 75, 11, 0, 0.06%, 9, 0, 11, 371.59
1734081925, 30, 72, 75, 11, 0, 0.06%, 9, 0, 11, 333.32
1734081935, 30, 73, 75, 11, 0, 0.06%, 9, 0, 11, 323.73
1734081940, 30, 74, 75, 11, 0, 0.06%, 9, 0, 11, 311.70
1734081950, 31, 25, 75, 11, 0, 0.06%, 9, 0, 11, 311.95
1734081956, 31, 28, 75, 11, 0, 0.06%, 9, 0, 11, 318.20
1734081961, 31, 35, 75, 11, 0, 0.06%, 9, 0, 11, 338.28
1734081966, 31, 36, 75, 11, 0, 0.06%, 9, 0, 11, 326.80
1734081971, 31, 39, 75, 11, 0, 0.06%, 9, 0, 11, 301.68
1734081981, 31, 40, 75, 11, 0, 0.06%, 9, 0, 11, 295.66
1734081986, 31, 41, 75, 11, 0, 0.06%, 9, 0, 11, 313.90
1734081996, 31, 42, 75, 11, 0, 0.06%, 9, 0, 11, 331.56
1734082001, 31, 43, 75, 11, 0, 0.06%, 9, 0, 11, 361.70
1734082011, 31, 44, 75, 11, 0, 0.06%, 9, 0, 11, 340.89
1734082016, 31, 45, 75, 11, 0, 0.06%, 9, 0, 11, 366.88
1734082022, 31, 46, 75, 11, 0, 0.06%, 9, 0, 11, 403.58
1734082027, 31, 47, 75, 11, 0, 0.06%, 9, 0, 11, 325.97
1734082037, 31, 51, 75, 11, 0, 0.06%, 9, 0, 11, 325.03
1734082042, 31, 53, 75, 11, 0, 0.06%, 9, 0, 11, 321.55
1734082052, 31, 54, 75, 11, 0, 0.06%, 9, 0, 11, 314.55
1734082057, 31, 55, 75, 11, 0, 0.06%, 9, 0, 11, 345.15
1734082067, 31, 56, 75, 11, 0, 0.06%, 9, 0, 11, 363.15
1734082072, 31, 57, 75, 11, 0, 0.06%, 9, 0, 11, 337.99
1734082082, 31, 58, 75, 11, 0, 0.06%, 9, 0, 11, 354.46
1734082087, 31, 59, 75, 11, 0, 0.06%, 9, 0, 11, 365.04
1734082092, 31, 65, 75, 11, 0, 0.06%, 9, 0, 11, 351.69
1734082103, 31, 66, 75, 11, 0, 0.06%, 9, 0, 11, 342.52
1734082113, 31, 67, 75, 11, 0, 0.06%, 9, 0, 11, 382.59
1734082118, 31, 68, 75, 11, 0, 0.06%, 9, 0, 11, 327.29
1734082128, 31, 69, 75, 11, 0, 0.06%, 9, 0, 11, 308.19
1734082133, 31, 70, 75, 11, 0, 0.06%, 9, 0, 11, 345.31
1734082143, 31, 71, 75, 11, 0, 0.06%, 9, 0, 11, 321.57
1734082148, 31, 72, 75, 11, 0, 0.06%, 9, 0, 11, 357.53
1734082159, 31, 73, 75, 11, 0, 0.06%, 9, 0, 11, 290.30
1734082169, 31, 74, 75, 11, 0, 0.06%, 9, 0, 11, 326.08
1734082174, 32, 21, 75, 11, 0, 0.06%, 9, 0, 11, 312.83
1734082179, 32, 25, 75, 11, 0, 0.06%, 9, 0, 11, 307.61
1734082184, 32, 35, 75, 11, 0, 0.06%, 9, 0, 11, 320.42
1734082189, 32, 36, 75, 11, 0, 0.06%, 9, 0, 11, 310.92
1734082194, 32, 39, 75, 11, 0, 0.06%, 9, 0, 11, 325.35
1734082204, 32, 40, 75, 11, 0, 0.06%, 9, 0, 11, 307.19
1734082209, 32, 41, 75, 11, 0, 0.06%, 9, 0, 11, 304.28
1734082219, 32, 42, 75, 11, 0, 0.06%, 9, 0, 11, 328.52
1734082229, 32, 43, 75, 11, 0, 0.06%, 9, 0, 11, 333.67
1734082234, 32, 44, 75, 11, 0, 0.06%, 9, 0, 11, 364.21
1734082239, 32, 45, 75, 11, 0, 0.06%, 9, 0, 11, 377.09
1734082245, 32, 46, 75, 11, 0, 0.06%, 9, 0, 11, 367.30
1734082255, 32, 47, 75, 11, 0, 0.06%, 9, 0, 11, 322.68
1734082260, 32, 51, 75, 11, 0, 0.06%, 9, 0, 11, 318.67
1734082270, 32, 53, 75, 11, 0, 0.06%, 9, 0, 11, 286.49
1734082275, 32, 54, 75, 11, 0, 0.06%, 9, 0, 11, 327.28
1734082280, 32, 55, 75, 11, 0, 0.06%, 9, 0, 11, 334.77
1734082290, 32, 56, 75, 11, 0, 0.06%, 9, 0, 11, 368.85
1734082295, 32, 57, 75, 11, 0, 0.06%, 9, 0, 11, 313.18
1734082306, 32, 58, 75, 11, 0, 0.06%, 9, 0, 11, 363.13
1734082311, 32, 59, 75, 11, 0, 0.06%, 9, 0, 11, 308.37
1734082321, 32, 65, 75, 11, 0, 0.06%, 9, 0, 11, 322.96
1734082326, 32, 66, 75, 11, 0, 0.06%, 9, 0, 11, 375.82
1734082336, 32, 67, 75, 11, 0, 0.06%, 9, 0, 11, 325.44
1734082346, 32, 68, 75, 11, 0, 0.06%, 9, 0, 11, 378.77
1734082351, 32, 69, 75, 11, 0, 0.06%, 9, 0, 11, 326.64
1734082362, 32, 70, 75, 11, 0, 0.06%, 9, 0, 11, 303.20
1734082372, 32, 71, 75, 11, 0, 0.06%, 9, 0, 11, 349.61
1734082377, 32, 72, 75, 11, 0, 0.06%, 9, 0, 11, 381.92
1734082387, 32, 73, 75, 11, 0, 0.06%, 9, 0, 11, 341.44
1734082392, 32, 74, 75, 11, 0, 0.06%, 9, 0, 11, 343.89
1734082397, 33, 21, 75, 11, 0, 0.06%, 9, 0, 11, 323.25
1734082402, 33, 25, 75, 11, 0, 0.06%, 9, 0, 11, 339.54
1734082407, 33, 28, 75, 11, 0, 0.06%, 9, 0, 11, 307.14
1734082412, 33, 35, 75, 11, 0, 0.06%, 9, 0, 11, 320.51
1734082417, 33, 36, 75, 11, 0, 0.06%, 9, 0, 11, 323.11
1734082423, 33, 39, 75, 11, 0, 0.06%, 9, 0, 11, 297.64
1734082428, 33, 40, 75, 11, 0, 0.06%, 9, 0, 11, 303.41
1734082438, 33, 41, 75, 11, 0, 0.06%, 9, 0, 11, 320.69
1734082448, 33, 42, 75, 11, 0, 0.06%, 9, 0, 11, 320.83
1734082453, 33, 43, 75, 11, 0, 0.06%, 9, 0, 11, 383.61
1734082463, 33, 44, 75, 11, 0, 0.06%, 9, 0, 11, 309.61
1734082468, 33, 45, 75, 11, 0, 0.06%, 9, 0, 11, 345.63
1734082473, 33, 46, 75, 11, 0, 0.06%, 9, 0, 11, 393.35
1734082478, 33, 47, 75, 11, 0, 0.06%, 9, 0, 11, 303.47
1734082488, 33, 51, 75, 11, 0, 0.06%, 9, 0, 11, 314.06
1734082493, 33, 53, 75, 11, 0, 0.06%, 9, 0, 11, 333.94
1734082503, 33, 54, 75, 11, 0, 0.06%, 9, 0, 11, 320.86
1734082508, 33, 55, 75, 11, 0, 0.06%, 9, 0, 11, 344.52
1734082518, 33, 56, 75, 11, 0, 0.06%, 9, 0, 11, 372.84
1734082524, 33, 57, 75, 11, 0, 0.06%, 9, 0, 11, 328.53
1734082534, 33, 58, 75, 11, 0, 0.06%, 9, 0, 11, 350.67
1734082539, 33, 59, 75, 11, 0, 0.06%, 9, 0, 11, 368.16
1734082549, 33, 65, 75, 11, 0, 0.06%, 9, 0, 11, 314.01
1734082554, 33, 66, 75, 11, 0, 0.06%, 9, 0, 11, 315.99
1734082564, 33, 67, 75, 11, 0, 0.06%, 9, 0, 11, 400.27
1734082569, 33, 68, 75, 11, 0, 0.06%, 9, 0, 11, 367.81
1734082579, 33, 69, 75, 11, 0, 0.06%, 9, 0, 11, 311.46
1734082589, 33, 70, 75, 11, 0, 0.06%, 9, 0, 11, 296.93
1734082594, 33, 71, 75, 11, 0, 0.06%, 9, 0, 11, 328.71
1734082604, 33, 72, 75, 11, 0, 0.06%, 9, 0, 11, 372.78
1734082609, 33, 73, 75, 11, 0, 0.06%, 9, 0, 11, 330.28
1734082619, 33, 74, 75, 11, 0, 0.06%, 9, 0, 11, 335.44
1734082625, 34, 21, 75, 11, 0, 0.06%, 9, 0, 11, 310.87
1734082630, 34, 25, 75, 11, 0, 0.06%, 9, 0, 11, 331.77
1734082635, 34, 28, 75, 11, 0, 0.06%, 9, 0, 11, 314.71
1734082640, 34, 35, 75, 11, 0, 0.06%, 9, 0, 11, 323.87
1734082645, 34, 36, 75, 11, 0, 0.06%, 9, 0, 11, 311.87
1734082650, 34, 39, 75, 11, 0, 0.06%, 9, 0, 11, 297.17
1734082655, 34, 40, 75, 11, 0, 0.06%, 9, 0, 11, 295.76
1734082665, 34, 41, 75, 11, 0, 0.06%, 9, 0, 11, 311.32
1734082670, 34, 42, 75, 11, 0, 0.06%, 9, 0, 11, 339.11
1734082680, 34, 43, 75, 11, 0, 0.06%, 9, 0, 11, 348.25
1734082685, 34, 44, 75, 11, 0, 0.06%, 9, 0, 11, 367.28
1734082690, 34, 45, 75, 11, 0, 0.06%, 9, 0, 11, 377.19
1734082695, 34, 46, 75, 11, 0, 0.06%, 9, 0, 11, 344.77
1734082706, 34, 47, 75, 11, 0, 0.06%, 9, 0, 11, 334.47
1734082711, 34, 51, 75, 11, 0, 0.06%, 9, 0, 11, 318.01
1734082716, 34, 53, 75, 11, 0, 0.06%, 9, 0, 11, 327.09
1734082726, 34, 54, 75, 11, 0, 0.06%, 9, 0, 11, 328.60
1734082731, 34, 55, 75, 11, 0, 0.06%, 9, 0, 11, 330.65
1734082741, 34, 56, 75, 11, 0, 0.06%, 9, 0, 11, 368.37
1734082746, 34, 57, 75, 11, 0, 0.06%, 9, 0, 11, 336.25
1734082756, 34, 58, 75, 11, 0, 0.06%, 9, 0, 11, 340.09
1734082762, 34, 59, 75, 11, 0, 0.06%, 9, 0, 11, 342.83
1734082772, 34, 65, 75, 11, 0, 0.06%, 9, 0, 11, 317.75
1734082777, 34, 66, 75, 11, 0, 0.06%, 9, 0, 11, 349.05
1734082787, 34, 67, 75, 11, 0, 0.06%, 9, 0, 11, 386.90
1734082792, 34, 67, 76, 12, 0, 0.06%, 9, 0, 11, 383.09
1734082797, 34, 68, 76, 12, 0, 0.06%, 9, 0, 11, 395.66
1734082802, 34, 69, 76, 12, 0, 0.06%, 9, 0, 11, 338.25
1734082812, 34, 70, 76, 12, 0, 0.06%, 9, 0, 11, 311.58
1734082822, 34, 71, 76, 12, 0, 0.06%, 9, 0, 11, 369.72
1734082827, 34, 72, 76, 12, 0, 0.06%, 9, 0, 11, 335.16
1734082838, 34, 73, 76, 12, 0, 0.06%, 9, 0, 11, 353.97
1734082843, 34, 74, 76, 12, 0, 0.06%, 9, 0, 11, 335.23
1734082848, 35, 21, 76, 12, 0, 0.06%, 9, 0, 11, 328.87
1734082853, 35, 25, 76, 12, 0, 0.06%, 9, 0, 11, 347.80
1734082858, 35, 35, 76, 12, 0, 0.06%, 9, 0, 11, 334.20
1734082863, 35, 36, 76, 12, 0, 0.06%, 9, 0, 11, 323.38
1734082868, 35, 40, 76, 12, 0, 0.06%, 9, 0, 11, 291.56
1734082878, 35, 41, 76, 12, 0, 0.06%, 9, 0, 11, 313.25
1734082883, 35, 42, 76, 12, 0, 0.06%, 9, 0, 11, 305.42
1734082893, 35, 53, 76, 12, 0, 0.06%, 9, 0, 11, 308.22
1734082898, 35, 54, 76, 12, 0, 0.06%, 9, 0, 11, 304.44
1734082908, 35, 55, 76, 12, 0, 0.06%, 9, 0, 11, 410.57
1734082918, 35, 56, 76, 12, 0, 0.06%, 9, 0, 11, 418.75
1734082995, 35, 57, 76, 12, 0, 0.06%, 9, 0, 11, 323.26
1734083081, 35, 58, 76, 12, 0, 0.06%, 9, 0, 11, 340.88
1734083163, 35, 59, 76, 12, 0, 0.06%, 9, 0, 11, 339.81
1734083250, 35, 60, 76, 12, 0, 0.06%, 9, 0, 11, 414.19
1734083291, 35, 61, 76, 12, 0, 0.06%, 9, 0, 11, 297.86
1734083377, 35, 62, 76, 12, 0, 0.06%, 9, 0, 11, 424.54
1734083459, 35, 63, 76, 12, 0, 0.06%, 9, 0, 11, 326.23
1734083469, 35, 64, 76, 12, 0, 0.06%, 9, 0, 11, 335.00
1734083479, 35, 65, 76, 12, 0, 0.06%, 9, 0, 11, 320.88
1734083484, 35, 66, 76, 12, 0, 0.06%, 9, 0, 11, 339.65
1734083494, 35, 67, 76, 12, 0, 0.06%, 9, 0, 11, 398.19
1734083505, 35, 68, 76, 12, 0, 0.06%, 9, 0, 11, 354.28
1734083510, 35, 69, 76, 12, 0, 0.06%, 9, 0, 11, 314.17
1734083520, 35, 70, 76, 12, 0, 0.06%, 9, 0, 11, 301.06
1734083525, 35, 71, 76, 12, 0, 0.06%, 9, 0, 11, 328.99
1734083535, 35, 72, 76, 12, 0, 0.06%, 9, 0, 11, 384.81
1734083540, 35, 73, 76, 12, 0, 0.06%, 9, 0, 11, 383.22
1734083550, 35, 74, 76, 12, 0, 0.06%, 9, 0, 11, 344.10
1734083555, 35, 75, 76, 12, 0, 0.06%, 9, 0, 11, 417.79
1734083561, 35, 75, 77, 13, 0, 0.06%, 9, 0, 12, 492.36
1734083663, 35, 76, 77, 12, 0, 0.06%, 9, 0, 12, 370.72
1734083765, 36, 15, 77, 11, 0, 0.06%, 9, 0, 12, 319.48
1734083770, 36, 21, 77, 11, 0, 0.06%, 9, 0, 12, 299.66
1734083775, 36, 25, 77, 11, 0, 0.06%, 9, 0, 12, 339.28
1734083780, 36, 27, 77, 11, 0, 0.06%, 9, 0, 12, 306.97
1734083785, 36, 28, 77, 11, 0, 0.06%, 9, 0, 12, 295.47
1734083790, 36, 29, 77, 11, 0, 0.06%, 9, 0, 12, 302.88
1734083795, 36, 30, 77, 11, 0, 0.06%, 9, 0, 12, 296.35
1734083801, 36, 31, 77, 11, 0, 0.06%, 9, 0, 12, 310.67
1734083806, 36, 32, 77, 11, 0, 0.06%, 9, 0, 12, 317.35
1734083811, 36, 33, 77, 11, 0, 0.06%, 9, 0, 12, 305.32
1734083816, 36, 34, 77, 11, 0, 0.06%, 9, 0, 12, 335.53
1734083821, 36, 35, 77, 11, 0, 0.06%, 9, 0, 12, 315.10
1734083826, 36, 36, 77, 11, 0, 0.06%, 9, 0, 12, 330.22
1734083831, 36, 37, 77, 11, 0, 0.06%, 9, 0, 12, 342.64
1734083836, 36, 39, 77, 11, 0, 0.06%, 9, 0, 12, 286.51
1734083841, 36, 40, 77, 11, 0, 0.06%, 9, 0, 12, 302.24
1734083851, 36, 41, 77, 11, 0, 0.06%, 9, 0, 12, 309.42
1734083856, 36, 42, 77, 11, 0, 0.06%, 9, 0, 12, 308.38
1734083866, 36, 43, 77, 11, 0, 0.06%, 9, 0, 12, 375.48
1734083872, 36, 44, 77, 11, 0, 0.06%, 9, 0, 12, 379.09
1734083877, 36, 45, 77, 11, 0, 0.06%, 9, 0, 12, 383.62
1734083887, 36, 46, 77, 11, 0, 0.06%, 9, 0, 12, 351.07
1734083892, 36, 47, 77, 11, 0, 0.06%, 9, 0, 12, 316.00
1734083897, 36, 48, 77, 11, 0, 0.06%, 9, 0, 12, 360.72
1734083902, 36, 49, 77, 11, 0, 0.06%, 9, 0, 12, 350.52
1734083912, 36, 50, 77, 11, 0, 0.06%, 9, 0, 12, 328.69
1734083927, 36, 51, 77, 11, 0, 0.06%, 9, 0, 12, 334.55
1734083932, 36, 52, 77, 11, 0, 0.06%, 9, 0, 12, 379.24
1734083937, 36, 53, 77, 11, 0, 0.06%, 9, 0, 12, 321.80
1734083947, 36, 54, 77, 11, 0, 0.06%, 9, 0, 12, 312.19
1734083952, 36, 55, 77, 11, 0, 0.06%, 9, 0, 12, 331.32
1734083963, 36, 56, 77, 11, 0, 0.06%, 9, 0, 12, 370.94
1734083968, 36, 57, 77, 11, 0, 0.06%, 9, 0, 12, 338.96
1734083978, 36, 58, 77, 11, 0, 0.06%, 9, 0, 12, 358.48
1734083983, 36, 59, 77, 11, 0, 0.06%, 9, 0, 12, 328.40
1734083993, 36, 60, 77, 11, 0, 0.06%, 9, 0, 12, 348.56
1734083998, 36, 61, 77, 11, 0, 0.06%, 9, 0, 12, 364.02
1734084003, 36, 62, 77, 11, 0, 0.06%, 9, 0, 12, 352.03
1734084013, 36, 63, 77, 11, 0, 0.06%, 9, 0, 12, 372.10
1734084018, 36, 64, 77, 11, 0, 0.06%, 9, 0, 12, 354.66
1734084028, 36, 65, 77, 11, 0, 0.06%, 9, 0, 12, 324.82
1734084038, 36, 66, 77, 11, 0, 0.06%, 9, 0, 12, 366.23
1734084049, 36, 67, 77, 11, 0, 0.06%, 9, 0, 12, 354.93
1734084054, 36, 68, 77, 11, 0, 0.06%, 9, 0, 12, 378.78
1734084059, 36, 69, 77, 11, 0, 0.06%, 9, 0, 12, 350.16
1734084069, 36, 70, 77, 11, 0, 0.06%, 9, 0, 12, 322.02
1734084079, 36, 71, 77, 11, 0, 0.06%, 9, 0, 12, 361.14
1734084084, 36, 72, 77, 11, 0, 0.06%, 9, 0, 12, 339.82
1734084094, 36, 73, 77, 11, 0, 0.06%, 9, 0, 12, 343.79
1734084099, 36, 74, 77, 11, 0, 0.06%, 9, 0, 12, 341.32
1734084104, 36, 75, 77, 11, 0, 0.06%, 9, 0, 12, 318.78
1734084192, 36, 76, 77, 11, 0, 0.06%, 9, 0, 12, 486.59
1734084273, 37, 15, 77, 11, 0, 0.06%, 9, 0, 12, 316.66
1734084278, 37, 21, 77, 11, 0, 0.06%, 9, 0, 12, 298.79
1734084283, 37, 25, 77, 11, 0, 0.06%, 9, 0, 12, 333.66
1734084288, 37, 27, 77, 11, 0, 0.06%, 9, 0, 12, 312.71
1734084293, 37, 28, 77, 11, 0, 0.06%, 9, 0, 12, 289.50
1734084299, 37, 29, 77, 11, 0, 0.06%, 9, 0, 12, 299.44
1734084304, 37, 30, 77, 11, 0, 0.06%, 9, 0, 12, 291.97
1734084309, 37, 32, 77, 11, 0, 0.06%, 9, 0, 12, 312.15
1734084314, 37, 33, 77, 11, 0, 0.06%, 9, 0, 12, 323.31
1734084319, 37, 34, 77, 11, 0, 0.06%, 9, 0, 12, 321.27
1734084324, 37, 35, 77, 11, 0, 0.06%, 9, 0, 12, 347.80
1734084329, 37, 36, 77, 11, 0, 0.06%, 9, 0, 12, 338.10
1734084334, 37, 37, 77, 11, 0, 0.06%, 9, 0, 12, 362.81
1734084339, 37, 39, 77, 11, 0, 0.06%, 9, 0, 12, 306.60
1734084349, 37, 40, 77, 11, 0, 0.06%, 9, 0, 12, 287.11
1734084355, 37, 41, 77, 11, 0, 0.06%, 9, 0, 12, 307.30
1734084365, 37, 42, 77, 11, 0, 0.06%, 9, 0, 12, 312.04
1734084370, 37, 43, 77, 11, 0, 0.06%, 9, 0, 12, 374.13
1734084380, 37, 44, 77, 11, 0, 0.06%, 9, 0, 12, 336.20
1734084385, 37, 45, 77, 11, 0, 0.06%, 9, 0, 12, 356.94
1734084390, 37, 46, 77, 11, 0, 0.06%, 9, 0, 12, 376.28
1734084395, 37, 47, 77, 11, 0, 0.06%, 9, 0, 12, 315.35
1734084405, 37, 48, 77, 11, 0, 0.06%, 9, 0, 12, 355.43
1734084410, 37, 49, 77, 11, 0, 0.06%, 9, 0, 12, 384.81
1734084421, 37, 50, 77, 11, 0, 0.06%, 9, 0, 12, 262.29
1734084431, 37, 51, 77, 11, 0, 0.06%, 9, 0, 12, 317.19
1734084441, 37, 52, 77, 11, 0, 0.06%, 9, 0, 12, 360.73
1734084446, 37, 53, 77, 11, 0, 0.06%, 9, 0, 12, 310.14
1734084451, 37, 54, 77, 11, 0, 0.06%, 9, 0, 12, 330.09
1734084461, 37, 55, 77, 11, 0, 0.06%, 9, 0, 12, 380.16
1734084466, 37, 56, 77, 11, 0, 0.06%, 9, 0, 12, 354.12
1734084471, 37, 57, 77, 11, 0, 0.06%, 9, 0, 12, 355.08
1734084481, 37, 58, 77, 11, 0, 0.06%, 9, 0, 12, 366.25
1734084486, 37, 59, 77, 11, 0, 0.06%, 9, 0, 12, 348.60
1734084497, 37, 60, 77, 11, 0, 0.06%, 9, 0, 12, 357.97
1734084502, 37, 61, 77, 11, 0, 0.06%, 9, 0, 12, 330.34
1734084512, 37, 62, 77, 11, 0, 0.06%, 9, 0, 12, 351.40
1734084517, 37, 63, 77, 11, 0, 0.06%, 9, 0, 12, 345.26
1734084527, 37, 64, 77, 11, 0, 0.06%, 9, 0, 12, 374.29
1734084532, 37, 65, 77, 11, 0, 0.06%, 9, 0, 12, 333.79
1734084542, 37, 66, 77, 11, 0, 0.06%, 9, 0, 12, 332.78
1734084552, 37, 67, 77, 11, 0, 0.06%, 9, 0, 12, 381.45
1734084557, 37, 68, 77, 11, 0, 0.06%, 9, 0, 12, 364.53
1734084568, 37, 69, 77, 11, 0, 0.06%, 9, 0, 12, 306.13
1734084573, 37, 70, 77, 11, 0, 0.06%, 9, 0, 12, 303.64
1734084583, 37, 71, 77, 11, 0, 0.06%, 9, 0, 12, 354.84
1734084593, 37, 72, 77, 11, 0, 0.06%, 9, 0, 12, 339.59
1734084598, 37, 73, 77, 11, 0, 0.06%, 9, 0, 12, 295.80
1734084608, 37, 74, 77, 11, 0, 0.06%, 9, 0, 12, 335.28
1734084613, 37, 75, 77, 11, 0, 0.06%, 9, 0, 12, 429.58
1734084633, 37, 76, 77, 11, 0, 0.06%, 9, 0, 12, 377.38
1734084659, 38, 15, 77, 11, 0, 0.06%, 9, 0, 12, 324.82
1734084664, 38, 21, 77, 11, 0, 0.06%, 9, 0, 12, 324.64
1734084669, 38, 25, 77, 11, 0, 0.06%, 9, 0, 12, 332.66
1734084674, 38, 27, 77, 11, 0, 0.06%, 9, 0, 12, 311.98
1734084679, 38, 28, 77, 11, 0, 0.06%, 9, 0, 12, 305.09
1734084685, 38, 29, 77, 11, 0, 0.06%, 9, 0, 12, 287.76
1734084690, 38, 30, 77, 11, 0, 0.06%, 9, 0, 12, 300.90
1734084695, 38, 31, 77, 11, 0, 0.06%, 9, 0, 12, 305.31
1734084700, 38, 32, 77, 11, 0, 0.06%, 9, 0, 12, 311.33
1734084705, 38, 33, 77, 11, 0, 0.06%, 9, 0, 12, 304.28
1734084710, 38, 34, 77, 11, 0, 0.06%, 9, 0, 12, 320.67
1734084715, 38, 35, 77, 11, 0, 0.06%, 9, 0, 12, 318.90
1734084720, 38, 36, 77, 11, 0, 0.06%, 9, 0, 12, 311.74
1734084725, 38, 37, 77, 11, 0, 0.06%, 9, 0, 12, 331.88
1734084730, 38, 39, 77, 11, 0, 0.06%, 9, 0, 12, 316.27
1734084735, 38, 40, 77, 11, 0, 0.06%, 9, 0, 12, 300.66
1734084745, 38, 41, 77, 11, 0, 0.06%, 9, 0, 12, 324.31
1734084750, 38, 42, 77, 11, 0, 0.06%, 9, 0, 12, 321.17
1734084760, 38, 43, 77, 11, 0, 0.06%, 9, 0, 12, 361.58
1734084766, 38, 44, 77, 11, 0, 0.06%, 9, 0, 12, 367.24
1734084771, 38, 45, 77, 11, 0, 0.06%, 9, 0, 12, 334.73
1734084781, 38, 46, 77, 11, 0, 0.06%, 9, 0, 12, 338.39
1734084786, 38, 47, 77, 11, 0, 0.06%, 9, 0, 12, 338.42
1734084791, 38, 48, 77, 11, 0, 0.06%, 9, 0, 12, 344.54
1734084801, 38, 49, 77, 11, 0, 0.06%, 9, 0, 12, 332.56
1734084806, 38, 50, 77, 11, 0, 0.06%, 9, 0, 12, 356.83
1734084821, 38, 51, 77, 11, 0, 0.06%, 9, 0, 12, 319.35
1734084826, 38, 52, 77, 11, 0, 0.06%, 9, 0, 12, 361.69
1734084831, 38, 53, 77, 11, 0, 0.06%, 9, 0, 12, 343.99
1734084841, 38, 54, 77, 11, 0, 0.06%, 9, 0, 12, 336.31
1734084846, 38, 55, 77, 11, 0, 0.06%, 9, 0, 12, 318.50
1734084857, 38, 56, 77, 11, 0, 0.06%, 9, 0, 12, 369.62
1734084862, 38, 57, 77, 11, 0, 0.06%, 9, 0, 12, 324.33
1734084872, 38, 58, 77, 11, 0, 0.06%, 9, 0, 12, 365.11
1734084877, 38, 59, 77, 11, 0, 0.06%, 9, 0, 12, 301.65
1734084887, 38, 60, 77, 11, 0, 0.06%, 9, 0, 12, 366.49
1734084892, 38, 61, 77, 11, 0, 0.06%, 9, 0, 12, 323.14
1734084902, 38, 62, 77, 11, 0, 0.06%, 9, 0, 12, 369.96
1734084907, 38, 63, 77, 11, 0, 0.06%, 9, 0, 12, 316.90
1734084918, 38, 64, 77, 11, 0, 0.06%, 9, 0, 12, 304.13
1734084928, 38, 65, 77, 11, 0, 0.06%, 9, 0, 12, 319.70
1734084933, 38, 66, 77, 11, 0, 0.06%, 9, 0, 12, 379.80
1734084943, 38, 67, 77, 11, 0, 0.06%, 9, 0, 12, 340.65
1734084953, 38, 68, 77, 11, 0, 0.06%, 9, 0, 12, 383.05
1734084958, 38, 69, 77, 11, 0, 0.06%, 9, 0, 12, 346.92
1734084968, 38, 70, 77, 11, 0, 0.06%, 9, 0, 12, 301.68
1734084978, 38, 71, 77, 11, 0, 0.06%, 9, 0, 12, 363.80
1734084983, 38, 72, 77, 11, 0, 0.06%, 9, 0, 12, 352.66
1734084993, 38, 73, 77, 11, 0, 0.06%, 9, 0, 12, 339.43
1734084999, 38, 74, 77, 11, 0, 0.06%, 9, 0, 12, 340.11
1734085004, 38, 75, 77, 11, 0, 0.06%, 9, 0, 12, 324.06
1734085029, 38, 76, 77, 11, 0, 0.06%, 9, 0, 12, 373.49
1734085055, 39, 15, 77, 11, 0, 0.06%, 9, 0, 12, 375.62
1734085060, 39, 21, 77, 11, 0, 0.06%, 9, 0, 12, 306.92
1734085065, 39, 25, 77, 11, 0, 0.06%, 9, 0, 12, 329.01
1734085070, 39, 27, 77, 11, 0, 0.06%, 9, 0, 12, 310.02
1734085075, 39, 28, 77, 11, 0, 0.06%, 9, 0, 12, 295.67
1734085080, 39, 29, 77, 11, 0, 0.06%, 9, 0, 12, 293.53
1734085085, 39, 30, 77, 11, 0, 0.06%, 9, 0, 12, 293.48
1734085090, 39, 31, 77, 11, 0, 0.06%, 9, 0, 12, 321.40
1734085095, 39, 32, 77, 11, 0, 0.06%, 9, 0, 12, 311.17
1734085100, 39, 33, 77, 11, 0, 0.06%, 9, 0, 12, 322.65
1734085105, 39, 35, 77, 11, 0, 0.06%, 9, 0, 12, 358.78
1734085110, 39, 36, 77, 11, 0, 0.06%, 9, 0, 12, 333.34
1734085115, 39, 37, 77, 11, 0, 0.06%, 9, 0, 12, 372.03
1734085120, 39, 39, 77, 11, 0, 0.06%, 9, 0, 12, 320.55
1734085126, 39, 40, 77, 11, 0, 0.06%, 9, 0, 12, 302.58
1734085136, 39, 41, 77, 11, 0, 0.06%, 9, 0, 12, 322.11
1734085146, 39, 42, 77, 11, 0, 0.06%, 9, 0, 12, 329.68
1734085151, 39, 43, 77, 11, 0, 0.06%, 9, 0, 12, 387.01
1734085156, 39, 44, 77, 11, 0, 0.06%, 9, 0, 12, 307.40
1734085166, 39, 45, 77, 11, 0, 0.06%, 9, 0, 12, 347.09
1734085171, 39, 46, 77, 11, 0, 0.06%, 9, 0, 12, 370.61
1734085176, 39, 47, 77, 11, 0, 0.06%, 9, 0, 12, 323.45
1734085187, 39, 48, 77, 11, 0, 0.06%, 9, 0, 12, 332.12
1734085192, 39, 49, 77, 11, 0, 0.06%, 9, 0, 12, 373.71
1734085197, 39, 50, 77, 11, 0, 0.06%, 9, 0, 12, 379.00
1734085212, 39, 51, 77, 11, 0, 0.06%, 9, 0, 12, 334.16
1734085222, 39, 52, 77, 11, 0, 0.06%, 9, 0, 12, 334.14
1734085227, 39, 53, 77, 11, 0, 0.06%, 9, 0, 12, 316.05
1734085232, 39, 54, 77, 11, 0, 0.06%, 9, 0, 12, 302.50
1734085243, 39, 55, 77, 11, 0, 0.06%, 9, 0, 12, 357.95
1734085248, 39, 56, 77, 11, 0, 0.06%, 9, 0, 12, 353.31
1734085258, 39, 57, 77, 11, 0, 0.06%, 9, 0, 12, 329.81
1734085263, 39, 58, 77, 11, 0, 0.06%, 9, 0, 12, 328.91
1734085273, 39, 59, 77, 11, 0, 0.06%, 9, 0, 12, 348.46
1734085278, 39, 60, 77, 11, 0, 0.06%, 9, 0, 12, 374.36
1734085288, 39, 61, 77, 11, 0, 0.06%, 9, 0, 12, 347.38
1734085293, 39, 62, 77, 11, 0, 0.06%, 9, 0, 12, 367.21
1734085298, 39, 63, 77, 11, 0, 0.06%, 9, 0, 12, 338.30
1734085308, 39, 64, 77, 11, 0, 0.06%, 9, 0, 12, 365.58
1734085314, 39, 65, 77, 11, 0, 0.06%, 9, 0, 12, 355.18
1734085324, 39, 66, 77, 11, 0, 0.06%, 9, 0, 12, 302.49
1734085334, 39, 67, 77, 11, 0, 0.06%, 9, 0, 12, 369.64
1734085339, 39, 68, 77, 11, 0, 0.06%, 9, 0, 12, 374.32
1734085349, 39, 69, 77, 11, 0, 0.06%, 9, 0, 12, 298.68
1734085354, 39, 70, 77, 11, 0, 0.06%, 9, 0, 12, 320.06
1734085364, 39, 71, 77, 11, 0, 0.06%, 9, 0, 12, 341.69
1734085374, 39, 72, 77, 11, 0, 0.06%, 9, 0, 12, 362.44
1734085379, 39, 73, 77, 11, 0, 0.06%, 9, 0, 12, 316.15
1734085390, 39, 74, 77, 11, 0, 0.06%, 9, 0, 12, 345.15
1734085395, 39, 75, 77, 11, 0, 0.06%, 9, 0, 12, 432.45
1734085420, 39, 76, 77, 11, 0, 0.06%, 9, 0, 12, 435.56
1734085445, 40, 15, 77, 11, 0, 0.06%, 9, 0, 12, 310.39
1734085450, 40, 25, 77, 11, 0, 0.06%, 9, 0, 12, 305.98
1734085455, 40, 27, 77, 11, 0, 0.06%, 9, 0, 12, 299.92
1734085461, 40, 28, 77, 11, 0, 0.06%, 9, 0, 12, 296.54
1734085466, 40, 29, 77, 11, 0, 0.06%, 9, 0, 12, 297.67
1734085471, 40, 30, 77, 11, 0, 0.06%, 9, 0, 12, 298.29
1734085476, 40, 31, 77, 11, 0, 0.06%, 9, 0, 12, 310.94
1734085481, 40, 32, 77, 11, 0, 0.06%, 9, 0, 12, 326.58
1734085486, 40, 33, 77, 11, 0, 0.06%, 9, 0, 12, 301.96
1734085491, 40, 34, 77, 11, 0, 0.06%, 9, 0, 12, 340.05
1734085496, 40, 35, 77, 11, 0, 0.06%, 9, 0, 12, 343.04
1734085501, 40, 36, 77, 11, 0, 0.06%, 9, 0, 12, 320.94
1734085506, 40, 37, 77, 11, 0, 0.06%, 9, 0, 12, 324.72
1734085511, 40, 39, 77, 11, 0, 0.06%, 9, 0, 12, 318.28
1734085516, 40, 40, 77, 11, 0, 0.06%, 9, 0, 12, 307.80
1734085526, 40, 41, 77, 11, 0, 0.06%, 9, 0, 12, 323.51
1734085537, 40, 42, 77, 11, 0, 0.06%, 9, 0, 12, 323.20
1734085542, 40, 43, 77, 11, 0, 0.06%, 9, 0, 12, 387.09
1734085547, 40, 44, 77, 11, 0, 0.06%, 9, 0, 12, 338.43
1734085557, 40, 45, 77, 11, 0, 0.06%, 9, 0, 12, 353.44
1734085562, 40, 46, 77, 11, 0, 0.06%, 9, 0, 12, 375.60
1734085567, 40, 47, 77, 11, 0, 0.06%, 9, 0, 12, 310.83
1734085577, 40, 48, 77, 11, 0, 0.06%, 9, 0, 12, 341.13
1734085582, 40, 49, 77, 11, 0, 0.06%, 9, 0, 12, 359.09
1734085587, 40, 50, 77, 11, 0, 0.06%, 9, 0, 12, 375.33
1734085602, 40, 51, 77, 11, 0, 0.06%, 9, 0, 12, 319.42
1734085613, 40, 52, 77, 11, 0, 0.06%, 9, 0, 12, 347.13
1734085618, 40, 53, 77, 11, 0, 0.06%, 9, 0, 12, 306.17
1734085623, 40, 54, 77, 11, 0, 0.06%, 9, 0, 12, 315.75
1734085633, 40, 55, 77, 11, 0, 0.06%, 9, 0, 12, 355.75
1734085638, 40, 56, 77, 11, 0, 0.06%, 9, 0, 12, 361.54
1734085648, 40, 57, 77, 11, 0, 0.06%, 9, 0, 12, 331.26
1734085653, 40, 58, 77, 11, 0, 0.06%, 9, 0, 12, 353.47
1734085659, 40, 59, 77, 11, 0, 0.06%, 9, 0, 12, 349.69
1734085669, 40, 60, 77, 11, 0, 0.06%, 9, 0, 12, 397.83
1734085674, 40, 61, 77, 11, 0, 0.06%, 9, 0, 12, 359.66
1734085684, 40, 62, 77, 11, 0, 0.06%, 9, 0, 12, 345.95
1734085689, 40, 63, 77, 11, 0, 0.06%, 9, 0, 12, 309.49
1734085699, 40, 64, 77, 11, 0, 0.06%, 9, 0, 12, 352.19
1734085709, 40, 65, 77, 11, 0, 0.06%, 9, 0, 12, 336.49
1734085714, 40, 66, 77, 11, 0, 0.06%, 9, 0, 12, 308.46
1734085724, 40, 67, 77, 11, 0, 0.06%, 9, 0, 12, 362.63
1734085734, 40, 68, 77, 11, 0, 0.06%, 9, 0, 12, 373.83
1734085740, 40, 69, 77, 11, 0, 0.06%, 9, 0, 12, 323.59
1734085750, 40, 70, 77, 11, 0, 0.06%, 9, 0, 12, 295.07
1734085755, 40, 71, 77, 11, 0, 0.06%, 9, 0, 12, 337.93
1734085765, 40, 72, 77, 11, 0, 0.06%, 9, 0, 12, 359.24
1734085770, 40, 73, 77, 11, 0, 0.06%, 9, 0, 12, 320.96
1734085780, 40, 74, 77, 11, 0, 0.06%, 9, 0, 12, 324.15
1734085785, 40, 75, 77, 11, 0, 0.06%, 9, 0, 12, 411.53
1734085810, 40, 76, 77, 11, 0, 0.06%, 9, 0, 12, 443.93
1734085835, 41, 21, 77, 11, 0, 0.06%, 9, 0, 12, 311.43
1734085840, 41, 25, 77, 11, 0, 0.06%, 9, 0, 12, 303.86
1734085846, 41, 27, 77, 11, 0, 0.06%, 9, 0, 12, 302.90
1734085851, 41, 28, 77, 11, 0, 0.06%, 9, 0, 12, 301.15
1734085856, 41, 29, 77, 11, 0, 0.06%, 9, 0, 12, 300.21
1734085861, 41, 30, 77, 11, 0, 0.06%, 9, 0, 12, 287.18
1734085866, 41, 31, 77, 11, 0, 0.06%, 9, 0, 12, 291.20
1734085871, 41, 32, 77, 11, 0, 0.06%, 9, 0, 12, 300.95
1734085876, 41, 33, 77, 11, 0, 0.06%, 9, 0, 12, 297.50
1734085881, 41, 34, 77, 11, 0, 0.06%, 9, 0, 12, 334.18
1734085886, 41, 35, 77, 11, 0, 0.06%, 9, 0, 12, 351.39
1734085891, 41, 36, 77, 11, 0, 0.06%, 9, 0, 12, 330.69
1734085896, 41, 37, 77, 11, 0, 0.06%, 9, 0, 12, 346.91
1734085901, 41, 39, 77, 11, 0, 0.06%, 9, 0, 12, 297.32
1734085912, 41, 40, 77, 11, 0, 0.06%, 9, 0, 12, 293.79
1734085917, 41, 41, 77, 11, 0, 0.06%, 9, 0, 12, 316.20
1734085927, 41, 42, 77, 11, 0, 0.06%, 9, 0, 12, 329.05
1734085932, 41, 43, 77, 11, 0, 0.06%, 9, 0, 12, 363.42
1734085942, 41, 44, 77, 11, 0, 0.06%, 9, 0, 12, 343.28
1734085947, 41, 45, 77, 11, 0, 0.06%, 9, 0, 12, 349.35
1734085952, 41, 46, 77, 11, 0, 0.06%, 9, 0, 12, 368.86
1734085958, 41, 47, 77, 11, 0, 0.06%, 9, 0, 12, 337.90
1734085968, 41, 48, 77, 11, 0, 0.06%, 9, 0, 12, 346.09
1734085973, 41, 49, 77, 11, 0, 0.06%, 9, 0, 12, 372.58
1734085978, 41, 50, 77, 11, 0, 0.06%, 9, 0, 12, 409.54
1734085993, 41, 51, 77, 11, 0, 0.06%, 9, 0, 12, 321.29
1734085998, 41, 52, 77, 11, 0, 0.06%, 9, 0, 12, 328.22
1734086009, 41, 53, 77, 11, 0, 0.06%, 9, 0, 12, 299.00
1734086014, 41, 54, 77, 11, 0, 0.06%, 9, 0, 12, 311.37
1734086024, 41, 55, 77, 11, 0, 0.06%, 9, 0, 12, 350.87
1734086029, 41, 56, 77, 11, 0, 0.06%, 9, 0, 12, 357.53
1734086039, 41, 57, 77, 11, 0, 0.06%, 9, 0, 12, 328.52
1734086044, 41, 58, 77, 11, 0, 0.06%, 9, 0, 12, 339.79
1734086054, 41, 59, 77, 11, 0, 0.06%, 9, 0, 12, 366.77
1734086059, 41, 60, 77, 11, 0, 0.06%, 9, 0, 12, 363.44
1734086069, 41, 61, 77, 11, 0, 0.06%, 9, 0, 12, 356.35
1734086074, 41, 62, 77, 11, 0, 0.06%, 9, 0, 12, 367.90
1734086079, 41, 63, 77, 11, 0, 0.06%, 9, 0, 12, 319.30
1734086089, 41, 64, 77, 11, 0, 0.06%, 9, 0, 12, 328.89
1734086100, 41, 65, 77, 11, 0, 0.06%, 9, 0, 12, 332.90
1734086105, 41, 66, 77, 11, 0, 0.06%, 9, 0, 12, 352.74
1734086115, 41, 67, 77, 11, 0, 0.06%, 9, 0, 12, 310.81
1734086125, 41, 68, 77, 11, 0, 0.06%, 9, 0, 12, 369.81
1734086130, 41, 69, 77, 11, 0, 0.06%, 9, 0, 12, 323.50
1734086140, 41, 70, 77, 11, 0, 0.06%, 9, 0, 12, 307.98
1734086146, 41, 71, 77, 11, 0, 0.06%, 9, 0, 12, 349.18
1734086237, 41, 72, 77, 11, 0, 0.06%, 9, 0, 12, 382.41
1734086323, 41, 73, 77, 11, 0, 0.06%, 9, 0, 12, 293.08
1734086328, 41, 74, 77, 11, 0, 0.06%, 9, 0, 12, 349.01
1734086333, 41, 75, 77, 11, 0, 0.06%, 9, 0, 12, 364.70
1734086359, 41, 76, 77, 11, 0, 0.06%, 9, 0, 12, 309.29
1734086389, 42, 15, 77, 11, 0, 0.06%, 9, 0, 12, 311.35
1734086394, 42, 21, 77, 11, 0, 0.06%, 9, 0, 12, 309.47
1734086399, 42, 27, 77, 11, 0, 0.06%, 9, 0, 12, 324.94
1734086405, 42, 28, 77, 11, 0, 0.06%, 9, 0, 12, 298.98
1734086410, 42, 29, 77, 11, 0, 0.06%, 9, 0, 12, 296.31
1734086415, 42, 30, 77, 11, 0, 0.06%, 9, 0, 12, 288.12
1734086420, 42, 31, 77, 11, 0, 0.06%, 9, 0, 12, 298.02
1734086425, 42, 32, 77, 11, 0, 0.06%, 9, 0, 12, 317.17
1734086430, 42, 33, 77, 11, 0, 0.06%, 9, 0, 12, 314.19
1734086435, 42, 34, 77, 11, 0, 0.06%, 9, 0, 12, 343.29
1734086440, 42, 35, 77, 11, 0, 0.06%, 9, 0, 12, 358.34
1734086445, 42, 36, 77, 11, 0, 0.06%, 9, 0, 12, 323.76
1734086450, 42, 37, 77, 11, 0, 0.06%, 9, 0, 12, 369.13
1734086455, 42, 39, 77, 11, 0, 0.06%, 9, 0, 12, 311.32
1734086460, 42, 40, 77, 11, 0, 0.06%, 9, 0, 12, 318.27
1734086470, 42, 41, 77, 11, 0, 0.06%, 9, 0, 12, 313.20
1734086480, 42, 42, 77, 11, 0, 0.06%, 9, 0, 12, 318.67
1734086485, 42, 43, 77, 11, 0, 0.06%, 9, 0, 12, 365.40
1734086495, 42, 44, 77, 11, 0, 0.06%, 9, 0, 12, 332.29
1734086501, 42, 45, 77, 11, 0, 0.06%, 9, 0, 12, 390.58
1734086511, 42, 46, 77, 11, 0, 0.06%, 9, 0, 12, 376.24
1734086516, 42, 47, 77, 11, 0, 0.06%, 9, 0, 12, 319.27
1734086526, 42, 48, 77, 11, 0, 0.06%, 9, 0, 12, 337.32
1734086531, 42, 49, 77, 11, 0, 0.06%, 9, 0, 12, 350.84
1734086541, 42, 50, 77, 11, 0, 0.06%, 9, 0, 12, 268.98
1734086551, 42, 51, 77, 11, 0, 0.06%, 9, 0, 12, 329.38
1734086562, 42, 52, 77, 11, 0, 0.06%, 9, 0, 12, 345.78
1734086567, 42, 53, 77, 11, 0, 0.06%, 9, 0, 12, 321.31
1734086572, 42, 54, 77, 11, 0, 0.06%, 9, 0, 12, 331.23
