# unix_time, cycles_done, cur_path, paths_total, pending_total, pending_favs, map_size, unique_crashes, unique_hangs, max_depth, execs_per_sec
1734542135, 0, 0, 10, 10, 1, 0.00%, 0, 0, 1, 171.31
1734542140, 0, 4, 10, 10, 1, 0.00%, 0, 0, 1, 200.38
1734542146, 0, 5, 10, 9, 0, 0.00%, 0, 0, 1, 209.08
1734542151, 0, 6, 10, 8, 0, 0.00%, 0, 0, 1, 199.82
1734542161, 0, 7, 10, 7, 0, 0.00%, 0, 0, 1, 208.69
1734542166, 0, 8, 10, 6, 0, 0.00%, 0, 0, 1, 38.46
1734542177, 0, 9, 10, 5, 0, 0.00%, 0, 0, 1, 200.73
1734542182, 1, 0, 10, 4, 0, 0.00%, 0, 0, 1, 192.18
1734542192, 1, 1, 10, 3, 0, 0.00%, 0, 0, 1, 193.83
1734542202, 1, 2, 10, 2, 0, 0.00%, 0, 0, 1, 208.23
1734542212, 1, 3, 10, 1, 0, 0.00%, 0, 0, 1, 209.57
1734542222, 1, 4, 10, 0, 0, 0.00%, 0, 0, 1, 212.42
1734542233, 1, 5, 10, 0, 0, 0.00%, 0, 0, 1, 205.75
1734542238, 1, 7, 10, 0, 0, 0.00%, 0, 0, 1, 208.56
1734542243, 1, 8, 10, 0, 0, 0.00%, 0, 0, 1, 210.45
1734542248, 2, 0, 10, 0, 0, 0.00%, 0, 0, 1, 208.28
1734542253, 2, 10, 11, 1, 1, 0.05%, 1, 0, 2, 225.64
1734542268, 2, 10, 12, 2, 1, 0.05%, 2, 0, 3, 264.81
1734542283, 2, 10, 13, 3, 1, 0.05%, 3, 0, 3, 259.07
1734542359, 2, 12, 13, 2, 1, 0.05%, 3, 0, 3, 205.23
1734542365, 2, 12, 16, 5, 1, 0.05%, 4, 0, 4, 280.06
1734542375, 2, 12, 17, 6, 1, 0.06%, 5, 0, 4, 302.84
1734542380, 2, 12, 18, 7, 1, 0.06%, 5, 0, 4, 307.47
1734542385, 2, 12, 19, 8, 1, 0.06%, 5, 0, 4, 300.43
1734542390, 2, 12, 20, 9, 1, 0.06%, 5, 0, 4, 304.96
1734542426, 2, 12, 21, 10, 1, 0.06%, 5, 0, 4, 309.57
1734542446, 2, 12, 22, 11, 1, 0.06%, 5, 0, 4, 256.83
1734542456, 2, 16, 23, 11, 2, 0.06%, 5, 0, 5, 225.26
1734542466, 2, 16, 25, 13, 2, 0.06%, 6, 0, 5, 226.61
1734542477, 2, 16, 26, 14, 2, 0.06%, 6, 0, 5, 229.71
1734542528, 2, 16, 27, 15, 2, 0.06%, 6, 0, 5, 228.74
1734542579, 2, 23, 28, 15, 3, 0.06%, 6, 0, 6, 365.04
1734542584, 2, 23, 29, 16, 3, 0.06%, 6, 0, 6, 450.17
1734542625, 2, 23, 30, 17, 3, 0.06%, 7, 0, 6, 468.96
1734542645, 2, 29, 32, 18, 2, 0.06%, 7, 0, 7, 407.72
1734542666, 3, 15, 32, 17, 3, 0.06%, 7, 0, 7, 234.68
1734542686, 3, 15, 33, 18, 3, 0.06%, 7, 0, 7, 313.99
1734542691, 3, 15, 34, 19, 3, 0.06%, 7, 0, 7, 303.53
1734542696, 3, 15, 35, 20, 3, 0.06%, 7, 0, 7, 301.11
1734542721, 3, 15, 36, 21, 3, 0.06%, 7, 0, 7, 307.24
1734542736, 3, 15, 37, 22, 3, 0.06%, 7, 0, 7, 308.82
1734542741, 3, 15, 38, 23, 3, 0.06%, 7, 0, 7, 307.81
1734542746, 3, 15, 39, 24, 3, 0.06%, 7, 0, 7, 282.29
1734542762, 3, 29, 40, 24, 2, 0.06%, 8, 0, 7, 438.48
1734542767, 3, 29, 41, 25, 2, 0.06%, 8, 0, 7, 289.79
1734542777, 3, 39, 41, 25, 3, 0.06%, 8, 0, 7, 425.83
1734542782, 3, 39, 43, 27, 3, 0.06%, 8, 0, 8, 493.73
1734542797, 3, 39, 44, 28, 3, 0.06%, 8, 0, 8, 510.37
1734542828, 3, 39, 45, 29, 3, 0.06%, 8, 0, 8, 311.76
1734542838, 3, 40, 46, 29, 3, 0.06%, 8, 0, 8, 357.79
1734542909, 3, 40, 47, 30, 3, 0.06%, 8, 0, 8, 436.79
1734542929, 3, 40, 48, 31, 3, 0.06%, 8, 0, 8, 471.05
1734542955, 3, 40, 49, 32, 3, 0.06%, 8, 0, 8, 472.24
1734542970, 3, 41, 49, 31, 3, 0.06%, 8, 0, 8, 381.40
1734543021, 3, 41, 50, 32, 3, 0.06%, 8, 0, 9, 469.77
1734543031, 3, 41, 51, 33, 3, 0.06%, 8, 0, 9, 484.06
1734543041, 3, 41, 52, 34, 3, 0.06%, 8, 0, 9, 472.94
1734543051, 3, 41, 53, 35, 3, 0.06%, 8, 0, 9, 311.25
1734543061, 3, 42, 53, 34, 3, 0.06%, 8, 0, 9, 384.95
1734543076, 3, 42, 54, 35, 3, 0.06%, 8, 0, 9, 466.79
1734543097, 3, 43, 54, 34, 2, 0.06%, 8, 0, 9, 345.86
1734543117, 3, 43, 55, 35, 2, 0.06%, 8, 0, 9, 398.12
1734543128, 3, 44, 55, 34, 2, 0.06%, 8, 0, 9, 412.14
1734543138, 3, 44, 56, 35, 2, 0.06%, 8, 0, 9, 465.55
1734543143, 3, 44, 57, 36, 2, 0.06%, 8, 0, 9, 475.04
1734543168, 3, 44, 58, 37, 2, 0.06%, 8, 0, 9, 469.92
1734543194, 3, 45, 58, 36, 1, 0.06%, 8, 0, 9, 369.92
1734543281, 3, 45, 59, 37, 1, 0.06%, 8, 0, 9, 317.94
1734543286, 3, 48, 59, 36, 1, 0.06%, 8, 0, 9, 378.07
1734543362, 3, 48, 61, 38, 1, 0.06%, 8, 0, 9, 458.78
1734543383, 3, 48, 62, 39, 1, 0.06%, 8, 0, 9, 484.79
1734543418, 3, 49, 62, 38, 1, 0.06%, 8, 0, 9, 283.55
1734543444, 3, 49, 63, 39, 1, 0.06%, 8, 0, 10, 340.43
1734543449, 3, 49, 65, 41, 1, 0.06%, 8, 0, 10, 358.93
1734543484, 3, 49, 66, 42, 1, 0.06%, 8, 0, 10, 364.53
1734543520, 3, 50, 66, 41, 1, 0.06%, 8, 0, 10, 248.72
1734543607, 4, 15, 66, 40, 1, 0.06%, 8, 0, 10, 308.82
1734543617, 4, 26, 66, 40, 1, 0.06%, 8, 0, 10, 330.47
1734543642, 4, 32, 66, 39, 1, 0.06%, 8, 0, 10, 285.82
1734543673, 4, 33, 66, 38, 1, 0.06%, 8, 0, 10, 346.25
1734543693, 4, 34, 66, 37, 1, 0.06%, 8, 0, 10, 296.40
1734543714, 4, 35, 66, 36, 1, 0.06%, 8, 0, 10, 400.16
1734543734, 4, 36, 66, 35, 1, 0.06%, 8, 0, 10, 245.51
1734543739, 4, 36, 68, 37, 1, 0.06%, 8, 0, 10, 375.99
1734544248, 4, 39, 68, 36, 1, 0.06%, 8, 0, 10, 404.87
1734544258, 4, 40, 68, 36, 1, 0.06%, 8, 0, 10, 385.64
1734544268, 4, 41, 68, 36, 1, 0.06%, 8, 0, 10, 404.57
1734544279, 4, 42, 68, 36, 1, 0.06%, 8, 0, 10, 378.44
1734544294, 4, 43, 68, 36, 1, 0.06%, 8, 0, 10, 402.84
1734544304, 4, 44, 68, 36, 1, 0.06%, 8, 0, 10, 364.72
1734544319, 4, 45, 68, 36, 1, 0.06%, 8, 0, 10, 407.42
1734544329, 4, 46, 68, 36, 1, 0.06%, 8, 0, 10, 301.79
1734544334, 4, 46, 69, 37, 1, 0.06%, 8, 0, 10, 395.67
1734544426, 4, 47, 69, 36, 1, 0.06%, 8, 0, 10, 454.40
1734544589, 4, 48, 69, 35, 1, 0.06%, 8, 0, 10, 369.60
1734544604, 4, 49, 69, 35, 1, 0.06%, 8, 0, 10, 282.31
1734544906, 4, 50, 69, 35, 1, 0.06%, 8, 0, 10, 352.60
1734545333, 4, 51, 69, 35, 1, 0.06%, 8, 0, 10, 312.11
1734545425, 4, 52, 69, 34, 1, 0.06%, 8, 0, 10, 347.18
1734545654, 4, 53, 69, 33, 1, 0.06%, 8, 0, 10, 400.42
1734545664, 4, 53, 70, 34, 1, 0.06%, 8, 0, 10, 494.01
1734545674, 4, 53, 71, 35, 1, 0.06%, 8, 0, 10, 504.39
1734545715, 4, 54, 71, 34, 1, 0.06%, 8, 0, 10, 307.71
1734545904, 4, 55, 71, 33, 1, 0.06%, 8, 0, 10, 346.64
1734546246, 4, 56, 71, 32, 1, 0.06%, 8, 0, 10, 325.21
1734546277, 4, 57, 71, 31, 1, 0.06%, 8, 0, 10, 394.99
1734546303, 4, 57, 72, 32, 1, 0.06%, 8, 0, 10, 479.54
1734546338, 4, 59, 72, 31, 1, 0.06%, 8, 0, 10, 383.64
1734546400, 4, 60, 72, 30, 1, 0.06%, 8, 0, 10, 340.57
1734546517, 4, 61, 72, 29, 1, 0.06%, 8, 0, 10, 375.47
1734546614, 4, 62, 72, 28, 1, 0.06%, 8, 0, 10, 365.70
1734546645, 4, 63, 72, 27, 1, 0.06%, 8, 0, 10, 362.85
1734546680, 4, 64, 72, 26, 1, 0.06%, 8, 0, 10, 348.85
1734546726, 4, 66, 72, 25, 1, 0.06%, 8, 0, 10, 331.99
1734546817, 4, 68, 72, 24, 1, 0.06%, 8, 0, 10, 353.80
1734546939, 4, 69, 72, 23, 1, 0.06%, 8, 0, 10, 346.72
1734547266, 4, 70, 72, 22, 1, 0.06%, 8, 0, 10, 450.84
1734547322, 4, 71, 72, 21, 1, 0.06%, 8, 0, 10, 322.36
1734547327, 4, 71, 73, 22, 1, 0.06%, 8, 0, 11, 384.27
1734547424, 4, 72, 73, 21, 1, 0.06%, 8, 0, 11, 297.33
1734547526, 5, 11, 73, 20, 1, 0.06%, 8, 0, 11, 323.12
1734547536, 5, 12, 73, 19, 1, 0.06%, 8, 0, 11, 263.56
1734547541, 5, 13, 73, 19, 1, 0.06%, 8, 0, 11, 273.56
1734547561, 5, 14, 73, 18, 1, 0.06%, 8, 0, 11, 322.32
1734547582, 5, 15, 73, 17, 1, 0.06%, 8, 0, 11, 305.02
1734547587, 5, 16, 73, 17, 1, 0.06%, 8, 0, 11, 270.51
1734547597, 5, 20, 73, 17, 1, 0.06%, 8, 0, 11, 336.32
1734547622, 5, 22, 73, 16, 1, 0.06%, 8, 0, 11, 325.33
1734547643, 5, 23, 73, 15, 1, 0.06%, 8, 0, 11, 311.67
1734547653, 5, 24, 73, 15, 1, 0.06%, 8, 0, 11, 287.99
1734547678, 5, 25, 73, 14, 1, 0.06%, 8, 0, 11, 381.54
1734547704, 5, 26, 73, 13, 1, 0.06%, 8, 0, 11, 281.71
1734547714, 5, 28, 73, 13, 1, 0.06%, 8, 0, 11, 388.34
1734547739, 5, 29, 73, 12, 1, 0.06%, 8, 0, 11, 328.02
1734547744, 5, 30, 73, 12, 1, 0.06%, 8, 0, 11, 439.44
1734547760, 5, 31, 73, 11, 1, 0.06%, 8, 0, 11, 314.14
1734547780, 5, 32, 73, 10, 0, 0.06%, 8, 0, 11, 364.39
1734547790, 5, 33, 73, 10, 0, 0.06%, 8, 0, 11, 322.57
1734547795, 5, 34, 73, 10, 0, 0.06%, 8, 0, 11, 296.88
1734547805, 5, 35, 73, 10, 0, 0.06%, 8, 0, 11, 328.18
1734547815, 5, 36, 73, 10, 0, 0.06%, 8, 0, 11, 382.16
1734547836, 5, 37, 73, 10, 0, 0.06%, 8, 0, 11, 362.98
1734547892, 5, 38, 73, 9, 0, 0.06%, 8, 0, 11, 358.95
1734547953, 5, 38, 75, 11, 0, 0.06%, 8, 0, 11, 502.24
1734548320, 5, 39, 75, 10, 0, 0.06%, 8, 0, 11, 307.19
1734548330, 5, 40, 75, 10, 0, 0.06%, 8, 0, 11, 295.82
1734548340, 5, 41, 75, 10, 0, 0.06%, 8, 0, 11, 369.20
1734548391, 5, 42, 75, 10, 0, 0.06%, 8, 0, 11, 379.30
1734548401, 5, 43, 75, 10, 0, 0.06%, 8, 0, 11, 318.09
1734548417, 5, 44, 75, 10, 0, 0.06%, 8, 0, 11, 362.41
1734548432, 5, 45, 75, 10, 0, 0.06%, 8, 0, 11, 390.68
1734548447, 5, 46, 75, 10, 0, 0.06%, 8, 0, 11, 398.83
1734548457, 5, 47, 75, 10, 0, 0.06%, 8, 0, 11, 322.33
1734548472, 5, 48, 75, 10, 0, 0.06%, 8, 0, 11, 325.78
1734548565, 5, 49, 75, 10, 0, 0.06%, 8, 0, 11, 381.58
1734548585, 5, 50, 75, 10, 0, 0.06%, 8, 0, 11, 407.22
1734548610, 5, 51, 75, 10, 0, 0.06%, 8, 0, 11, 437.17
1734548686, 5, 52, 75, 10, 0, 0.06%, 8, 0, 11, 365.66
1734548915, 5, 53, 75, 10, 0, 0.06%, 8, 0, 11, 423.53
1734548926, 5, 54, 75, 10, 0, 0.06%, 8, 0, 11, 355.42
1734548941, 5, 55, 75, 10, 0, 0.06%, 8, 0, 11, 356.19
1734548961, 5, 56, 75, 10, 0, 0.06%, 8, 0, 11, 372.17
1734548976, 5, 57, 75, 10, 0, 0.06%, 8, 0, 11, 405.01
1734548987, 5, 59, 75, 10, 0, 0.06%, 8, 0, 11, 405.46
1734549002, 5, 60, 75, 10, 0, 0.06%, 8, 0, 11, 442.18
1734549012, 5, 61, 75, 10, 0, 0.06%, 8, 0, 11, 307.69
1734549027, 5, 62, 75, 10, 0, 0.06%, 8, 0, 11, 340.19
1734549042, 5, 63, 75, 10, 0, 0.06%, 8, 0, 11, 345.56
1734549058, 5, 64, 75, 10, 0, 0.06%, 8, 0, 11, 296.99
1734549078, 5, 65, 75, 10, 0, 0.06%, 8, 0, 11, 295.40
1734549195, 5, 66, 75, 9, 0, 0.06%, 8, 0, 11, 382.79
1734549205, 5, 67, 75, 9, 0, 0.06%, 8, 0, 11, 391.97
1734549297, 5, 68, 75, 8, 0, 0.06%, 8, 0, 11, 300.90
1734549307, 5, 71, 75, 8, 0, 0.06%, 8, 0, 11, 374.93
1734549312, 5, 72, 75, 8, 0, 0.06%, 8, 0, 11, 346.85
1734549322, 5, 73, 75, 8, 0, 0.06%, 8, 0, 11, 349.62
1734549429, 5, 74, 75, 7, 0, 0.06%, 8, 0, 11, 361.03
1734549536, 6, 16, 75, 6, 0, 0.06%, 8, 0, 11, 299.77
1734549541, 6, 20, 75, 6, 0, 0.06%, 8, 0, 11, 348.21
1734549552, 6, 22, 75, 6, 0, 0.06%, 8, 0, 11, 320.18
1734549562, 6, 23, 75, 6, 0, 0.06%, 8, 0, 11, 301.00
1734549567, 6, 24, 75, 6, 0, 0.06%, 8, 0, 11, 276.30
1734549577, 6, 25, 75, 6, 0, 0.06%, 8, 0, 11, 346.83
1734549582, 6, 26, 75, 6, 0, 0.06%, 8, 0, 11, 305.15
1734549592, 6, 28, 75, 6, 0, 0.06%, 8, 0, 11, 324.09
1734549602, 6, 29, 75, 6, 0, 0.06%, 8, 0, 11, 342.54
1734549608, 6, 30, 75, 6, 0, 0.06%, 8, 0, 11, 377.73
1734549618, 6, 31, 75, 6, 0, 0.06%, 8, 0, 11, 294.85
1734549628, 6, 39, 75, 6, 0, 0.06%, 8, 0, 11, 310.48
1734549633, 6, 40, 75, 6, 0, 0.06%, 8, 0, 11, 328.69
1734549638, 6, 41, 75, 6, 0, 0.06%, 8, 0, 11, 328.51
1734549643, 6, 43, 75, 6, 0, 0.06%, 8, 0, 11, 313.35
1734549648, 6, 44, 75, 6, 0, 0.06%, 8, 0, 11, 316.76
1734549659, 6, 45, 75, 6, 0, 0.06%, 8, 0, 11, 362.66
1734549664, 6, 46, 75, 6, 0, 0.06%, 8, 0, 11, 317.44
1734549679, 6, 47, 75, 6, 0, 0.06%, 8, 0, 11, 376.95
1734549694, 6, 48, 75, 6, 0, 0.06%, 8, 0, 11, 379.26
1734549699, 6, 49, 75, 6, 0, 0.06%, 8, 0, 11, 383.27
1734549714, 6, 50, 75, 6, 0, 0.06%, 8, 0, 11, 422.10
1734549729, 6, 51, 75, 6, 0, 0.06%, 8, 0, 11, 338.59
1734549745, 6, 52, 75, 6, 0, 0.06%, 8, 0, 11, 331.91
1734549760, 6, 54, 75, 6, 0, 0.06%, 8, 0, 11, 306.08
1734549775, 6, 55, 75, 6, 0, 0.06%, 8, 0, 11, 291.37
1734549796, 6, 56, 75, 6, 0, 0.06%, 8, 0, 11, 391.58
1734549806, 6, 57, 75, 6, 0, 0.06%, 8, 0, 11, 388.62
1734549817, 6, 59, 75, 6, 0, 0.06%, 8, 0, 11, 377.62
1734549832, 6, 60, 75, 6, 0, 0.06%, 8, 0, 11, 372.86
1734549847, 6, 61, 75, 6, 0, 0.06%, 8, 0, 11, 436.14
1734549862, 6, 62, 75, 6, 0, 0.06%, 8, 0, 11, 368.72
1734549877, 6, 63, 75, 6, 0, 0.06%, 8, 0, 11, 327.77
1734549893, 6, 64, 75, 6, 0, 0.06%, 8, 0, 11, 262.18
1734549913, 6, 65, 75, 6, 0, 0.06%, 8, 0, 11, 291.94
1734549933, 6, 68, 75, 6, 0, 0.06%, 8, 0, 11, 353.59
1734549938, 6, 71, 75, 6, 0, 0.06%, 8, 0, 11, 295.52
1734549949, 6, 72, 75, 6, 0, 0.06%, 8, 0, 11, 375.37
1734549954, 7, 29, 75, 6, 0, 0.06%, 8, 0, 11, 384.89
1734549959, 7, 30, 75, 6, 0, 0.06%, 8, 0, 11, 348.48
1734549964, 7, 40, 75, 6, 0, 0.06%, 8, 0, 11, 366.17
1734549969, 7, 44, 75, 6, 0, 0.06%, 8, 0, 11, 365.27
1734549974, 7, 45, 75, 6, 0, 0.06%, 8, 0, 11, 304.03
1734549984, 7, 46, 75, 6, 0, 0.06%, 8, 0, 11, 367.20
1734549989, 7, 47, 75, 6, 0, 0.06%, 8, 0, 11, 318.98
1734549999, 7, 48, 75, 6, 0, 0.06%, 8, 0, 11, 367.54
1734550010, 7, 55, 75, 6, 0, 0.06%, 8, 0, 11, 263.55
1734550020, 7, 56, 75, 6, 0, 0.06%, 8, 0, 11, 393.67
1734550025, 7, 57, 75, 6, 0, 0.06%, 8, 0, 11, 331.76
1734550035, 7, 59, 75, 6, 0, 0.06%, 8, 0, 11, 349.50
1734550040, 7, 60, 75, 6, 0, 0.06%, 8, 0, 11, 307.51
1734550050, 7, 61, 75, 6, 0, 0.06%, 8, 0, 11, 387.52
1734550055, 7, 68, 75, 6, 0, 0.06%, 8, 0, 11, 319.14
1734550065, 7, 71, 75, 6, 0, 0.06%, 8, 0, 11, 379.45
1734550071, 7, 72, 75, 6, 0, 0.06%, 8, 0, 11, 331.18
1734550081, 8, 29, 75, 6, 0, 0.06%, 8, 0, 11, 326.06
1734550086, 8, 30, 75, 6, 0, 0.06%, 8, 0, 11, 315.00
1734550091, 8, 40, 75, 6, 0, 0.06%, 8, 0, 11, 336.26
1734550096, 8, 44, 75, 6, 0, 0.06%, 8, 0, 11, 324.26
1734550101, 8, 45, 75, 6, 0, 0.06%, 8, 0, 11, 367.44
1734550106, 8, 46, 75, 6, 0, 0.06%, 8, 0, 11, 324.54
1734550116, 8, 47, 75, 6, 0, 0.06%, 8, 0, 11, 376.23
1734550126, 8, 48, 75, 6, 0, 0.06%, 8, 0, 11, 349.08
1734550131, 8, 55, 75, 6, 0, 0.06%, 8, 0, 11, 349.03
1734550147, 8, 56, 75, 6, 0, 0.06%, 8, 0, 11, 331.44
1734550152, 8, 57, 75, 6, 0, 0.06%, 8, 0, 11, 370.90
1734550157, 8, 59, 75, 6, 0, 0.06%, 8, 0, 11, 329.17
1734550167, 8, 60, 75, 6, 0, 0.06%, 8, 0, 11, 380.53
1734550172, 8, 61, 75, 6, 0, 0.06%, 8, 0, 11, 338.37
1734550182, 8, 68, 75, 6, 0, 0.06%, 8, 0, 11, 358.85
1734550187, 8, 71, 75, 6, 0, 0.06%, 8, 0, 11, 354.30
1734550197, 8, 72, 75, 6, 0, 0.06%, 8, 0, 11, 361.63
1734550202, 9, 29, 75, 6, 0, 0.06%, 8, 0, 11, 355.22
1734550207, 9, 30, 75, 6, 0, 0.06%, 8, 0, 11, 352.03
1734550212, 9, 40, 75, 6, 0, 0.06%, 8, 0, 11, 351.53
1734550217, 9, 44, 75, 6, 0, 0.06%, 8, 0, 11, 349.66
1734550222, 9, 45, 75, 6, 0, 0.06%, 8, 0, 11, 339.00
1734550233, 9, 46, 75, 6, 0, 0.06%, 8, 0, 11, 354.81
1734550238, 9, 47, 75, 6, 0, 0.06%, 8, 0, 11, 291.37
1734550248, 9, 48, 75, 6, 0, 0.06%, 8, 0, 11, 395.04
1734550253, 9, 55, 75, 6, 0, 0.06%, 8, 0, 11, 392.20
1734550268, 9, 56, 75, 6, 0, 0.06%, 8, 0, 11, 366.34
1734550273, 9, 57, 75, 6, 0, 0.06%, 8, 0, 11, 372.62
1734550278, 9, 59, 75, 6, 0, 0.06%, 8, 0, 11, 346.11
1734550288, 9, 60, 75, 6, 0, 0.06%, 8, 0, 11, 397.26
1734550294, 9, 61, 75, 6, 0, 0.06%, 8, 0, 11, 343.58
1734550304, 9, 68, 75, 6, 0, 0.06%, 8, 0, 11, 361.74
1734550309, 9, 71, 75, 6, 0, 0.06%, 8, 0, 11, 314.57
1734550319, 9, 72, 75, 6, 0, 0.06%, 8, 0, 11, 345.62
1734550324, 10, 29, 75, 6, 0, 0.06%, 8, 0, 11, 370.94
1734550329, 10, 30, 75, 6, 0, 0.06%, 8, 0, 11, 357.82
1734550334, 10, 40, 75, 6, 0, 0.06%, 8, 0, 11, 348.90
1734550339, 10, 44, 75, 6, 0, 0.06%, 8, 0, 11, 364.61
1734550345, 10, 45, 75, 6, 0, 0.06%, 8, 0, 11, 337.28
1734550355, 10, 46, 75, 6, 0, 0.06%, 8, 0, 11, 337.88
1734550360, 10, 47, 75, 6, 0, 0.06%, 8, 0, 11, 293.30
1734550370, 10, 48, 75, 6, 0, 0.06%, 8, 0, 11, 396.22
1734550375, 10, 55, 75, 6, 0, 0.06%, 8, 0, 11, 386.02
1734550390, 10, 56, 75, 6, 0, 0.06%, 8, 0, 11, 361.51
1734550395, 10, 57, 75, 6, 0, 0.06%, 8, 0, 11, 381.15
1734550401, 10, 59, 75, 6, 0, 0.06%, 8, 0, 11, 349.41
1734550411, 10, 60, 75, 6, 0, 0.06%, 8, 0, 11, 399.95
1734550416, 10, 61, 75, 6, 0, 0.06%, 8, 0, 11, 337.13
1734550426, 10, 68, 75, 6, 0, 0.06%, 8, 0, 11, 368.17
1734550431, 10, 71, 75, 6, 0, 0.06%, 8, 0, 11, 297.56
1734550441, 10, 72, 75, 6, 0, 0.06%, 8, 0, 11, 373.68
1734550446, 11, 29, 75, 6, 0, 0.06%, 8, 0, 11, 366.88
1734550451, 11, 30, 75, 6, 0, 0.06%, 8, 0, 11, 362.25
1734550456, 11, 40, 75, 6, 0, 0.06%, 8, 0, 11, 361.25
1734550461, 11, 44, 75, 6, 0, 0.06%, 8, 0, 11, 378.66
1734550467, 11, 45, 75, 6, 0, 0.06%, 8, 0, 11, 335.00
1734550477, 11, 46, 75, 6, 0, 0.06%, 8, 0, 11, 362.36
1734550482, 11, 47, 75, 6, 0, 0.06%, 8, 0, 11, 371.21
1734550492, 11, 48, 75, 6, 0, 0.06%, 8, 0, 11, 358.34
1734550502, 11, 55, 75, 6, 0, 0.06%, 8, 0, 11, 275.53
1734550512, 11, 56, 75, 6, 0, 0.06%, 8, 0, 11, 367.74
1734550522, 11, 57, 75, 6, 0, 0.06%, 8, 0, 11, 330.84
1734550527, 11, 59, 75, 6, 0, 0.06%, 8, 0, 11, 394.96
1734550533, 11, 60, 75, 6, 0, 0.06%, 8, 0, 11, 337.04
1734550543, 11, 61, 75, 6, 0, 0.06%, 8, 0, 11, 392.09
1734550548, 11, 68, 75, 6, 0, 0.06%, 8, 0, 11, 328.41
1734550558, 11, 71, 75, 6, 0, 0.06%, 8, 0, 11, 402.02
1734550563, 11, 72, 75, 6, 0, 0.06%, 8, 0, 11, 387.14
1734550573, 12, 30, 75, 6, 0, 0.06%, 8, 0, 11, 321.71
1734550578, 12, 40, 75, 6, 0, 0.06%, 8, 0, 11, 314.74
1734550583, 12, 44, 75, 6, 0, 0.06%, 8, 0, 11, 346.01
1734550594, 12, 45, 75, 6, 0, 0.06%, 8, 0, 11, 361.37
1734550599, 12, 46, 75, 6, 0, 0.06%, 8, 0, 11, 338.13
1734550609, 12, 47, 75, 6, 0, 0.06%, 8, 0, 11, 370.76
1734550614, 12, 48, 75, 6, 0, 0.06%, 8, 0, 11, 328.68
1734550624, 12, 55, 75, 6, 0, 0.06%, 8, 0, 11, 322.83
1734550634, 12, 56, 75, 6, 0, 0.06%, 8, 0, 11, 358.12
1734550644, 12, 57, 75, 6, 0, 0.06%, 8, 0, 11, 350.65
1734550649, 12, 59, 75, 6, 0, 0.06%, 8, 0, 11, 398.32
1734550654, 12, 60, 75, 6, 0, 0.06%, 8, 0, 11, 360.12
1734550665, 12, 61, 75, 6, 0, 0.06%, 8, 0, 11, 397.59
1734550670, 12, 68, 75, 6, 0, 0.06%, 8, 0, 11, 326.33
1734550680, 12, 71, 75, 6, 0, 0.06%, 8, 0, 11, 390.41
1734550685, 12, 72, 75, 6, 0, 0.06%, 8, 0, 11, 360.47
1734550695, 13, 29, 75, 6, 0, 0.06%, 8, 0, 11, 327.25
1734550700, 13, 40, 75, 6, 0, 0.06%, 8, 0, 11, 304.74
1734550705, 13, 44, 75, 6, 0, 0.06%, 8, 0, 11, 346.93
1734550715, 13, 45, 75, 6, 0, 0.06%, 8, 0, 11, 355.67
1734550720, 13, 46, 75, 6, 0, 0.06%, 8, 0, 11, 382.19
1734550725, 13, 47, 75, 6, 0, 0.06%, 8, 0, 11, 370.73
1734550735, 13, 48, 75, 6, 0, 0.06%, 8, 0, 11, 347.96
1734550746, 13, 55, 75, 6, 0, 0.06%, 8, 0, 11, 278.17
1734550756, 13, 56, 75, 6, 0, 0.06%, 8, 0, 11, 386.81
1734550766, 13, 57, 75, 6, 0, 0.06%, 8, 0, 11, 338.62
1734550771, 13, 59, 75, 6, 0, 0.06%, 8, 0, 11, 384.24
1734550776, 13, 60, 75, 6, 0, 0.06%, 8, 0, 11, 343.03
1734550786, 13, 61, 75, 6, 0, 0.06%, 8, 0, 11, 375.63
1734550791, 13, 68, 75, 6, 0, 0.06%, 8, 0, 11, 345.58
1734550801, 13, 71, 75, 6, 0, 0.06%, 8, 0, 11, 371.02
1734550811, 13, 72, 75, 6, 0, 0.06%, 8, 0, 11, 353.94
1734550816, 14, 29, 75, 6, 0, 0.06%, 8, 0, 11, 348.68
1734550821, 14, 30, 75, 6, 0, 0.06%, 8, 0, 11, 321.95
1734550826, 14, 40, 75, 6, 0, 0.06%, 8, 0, 11, 334.39
1734550832, 14, 44, 75, 6, 0, 0.06%, 8, 0, 11, 350.83
1734550837, 14, 45, 75, 6, 0, 0.06%, 8, 0, 11, 349.62
1734550847, 14, 46, 75, 6, 0, 0.06%, 8, 0, 11, 346.63
1734550852, 14, 47, 75, 6, 0, 0.06%, 8, 0, 11, 296.62
1734550862, 14, 48, 75, 6, 0, 0.06%, 8, 0, 11, 380.89
1734550867, 14, 55, 75, 6, 0, 0.06%, 8, 0, 11, 390.88
1734550883, 14, 56, 75, 6, 0, 0.06%, 8, 0, 11, 344.38
1734550888, 14, 57, 75, 6, 0, 0.06%, 8, 0, 11, 330.52
1734550898, 14, 59, 75, 6, 0, 0.06%, 8, 0, 11, 354.47
1734550903, 14, 60, 75, 6, 0, 0.06%, 8, 0, 11, 362.18
1734550913, 14, 61, 75, 6, 0, 0.06%, 8, 0, 11, 368.57
1734550918, 14, 68, 75, 6, 0, 0.06%, 8, 0, 11, 365.84
1734550928, 14, 71, 75, 6, 0, 0.06%, 8, 0, 11, 365.28
1734550933, 14, 72, 75, 6, 0, 0.06%, 8, 0, 11, 355.97
1734550944, 15, 30, 75, 6, 0, 0.06%, 8, 0, 11, 337.98
1734550949, 15, 40, 75, 6, 0, 0.06%, 8, 0, 11, 303.68
1734550954, 15, 44, 75, 6, 0, 0.06%, 8, 0, 11, 338.48
1734550964, 15, 45, 75, 6, 0, 0.06%, 8, 0, 11, 347.12
1734550969, 15, 46, 75, 6, 0, 0.06%, 8, 0, 11, 316.28
1734550979, 15, 47, 75, 6, 0, 0.06%, 8, 0, 11, 377.56
1734550984, 15, 48, 75, 6, 0, 0.06%, 8, 0, 11, 303.26
1734550994, 15, 55, 75, 6, 0, 0.06%, 8, 0, 11, 313.25
1734551004, 15, 56, 75, 6, 0, 0.06%, 8, 0, 11, 363.56
1734551015, 15, 57, 75, 6, 0, 0.06%, 8, 0, 11, 349.03
1734551020, 15, 59, 75, 6, 0, 0.06%, 8, 0, 11, 389.31
1734551030, 15, 60, 75, 6, 0, 0.06%, 8, 0, 11, 351.05
1734551035, 15, 61, 75, 6, 0, 0.06%, 8, 0, 11, 346.10
1734551045, 15, 68, 75, 6, 0, 0.06%, 8, 0, 11, 361.71
1734551050, 15, 71, 75, 6, 0, 0.06%, 8, 0, 11, 364.59
1734551060, 15, 72, 75, 6, 0, 0.06%, 8, 0, 11, 355.99
1734551065, 16, 29, 75, 6, 0, 0.06%, 8, 0, 11, 355.48
1734551070, 16, 30, 75, 6, 0, 0.06%, 8, 0, 11, 337.32
1734551075, 16, 40, 75, 6, 0, 0.06%, 8, 0, 11, 356.75
1734551080, 16, 44, 75, 6, 0, 0.06%, 8, 0, 11, 338.04
1734551085, 16, 45, 75, 6, 0, 0.06%, 8, 0, 11, 351.26
1734551090, 16, 46, 75, 6, 0, 0.06%, 8, 0, 11, 325.94
1734551100, 16, 47, 75, 6, 0, 0.06%, 8, 0, 11, 310.97
1734551111, 16, 48, 75, 6, 0, 0.06%, 8, 0, 11, 376.59
1734551116, 16, 55, 75, 6, 0, 0.06%, 8, 0, 11, 350.34
1734551131, 16, 56, 75, 6, 0, 0.06%, 8, 0, 11, 378.54
1734551136, 16, 57, 75, 6, 0, 0.06%, 8, 0, 11, 373.12
1734551146, 16, 59, 75, 6, 0, 0.06%, 8, 0, 11, 355.58
1734551151, 16, 60, 75, 6, 0, 0.06%, 8, 0, 11, 351.05
1734551161, 16, 61, 75, 6, 0, 0.06%, 8, 0, 11, 347.41
1734551166, 16, 68, 75, 6, 0, 0.06%, 8, 0, 11, 362.55
1734551177, 16, 71, 75, 6, 0, 0.06%, 8, 0, 11, 332.10
1734551182, 16, 72, 75, 6, 0, 0.06%, 8, 0, 11, 345.03
1734551192, 17, 30, 75, 6, 0, 0.06%, 8, 0, 11, 360.59
1734551197, 17, 40, 75, 6, 0, 0.06%, 8, 0, 11, 348.28
1734551202, 17, 44, 75, 6, 0, 0.06%, 8, 0, 11, 359.07
1734551212, 17, 45, 75, 6, 0, 0.06%, 8, 0, 11, 372.19
1734551217, 17, 46, 75, 6, 0, 0.06%, 8, 0, 11, 373.42
1734551227, 17, 47, 75, 6, 0, 0.06%, 8, 0, 11, 353.89
1734551233, 17, 48, 75, 6, 0, 0.06%, 8, 0, 11, 311.70
1734551243, 17, 55, 75, 6, 0, 0.06%, 8, 0, 11, 295.34
1734551253, 17, 56, 75, 6, 0, 0.06%, 8, 0, 11, 388.98
1734551263, 17, 57, 75, 6, 0, 0.06%, 8, 0, 11, 367.28
1734551268, 17, 59, 75, 6, 0, 0.06%, 8, 0, 11, 372.10
1734551273, 17, 60, 75, 6, 0, 0.06%, 8, 0, 11, 312.05
1734551283, 17, 61, 75, 6, 0, 0.06%, 8, 0, 11, 379.00
1734551288, 17, 68, 75, 6, 0, 0.06%, 8, 0, 11, 320.32
1734551299, 17, 71, 75, 6, 0, 0.06%, 8, 0, 11, 377.23
1734551304, 17, 72, 75, 6, 0, 0.06%, 8, 0, 11, 328.48
1734551314, 18, 29, 75, 6, 0, 0.06%, 8, 0, 11, 333.96
1734551319, 18, 30, 75, 6, 0, 0.06%, 8, 0, 11, 318.58
1734551324, 18, 40, 75, 6, 0, 0.06%, 8, 0, 11, 345.76
1734551329, 18, 44, 75, 6, 0, 0.06%, 8, 0, 11, 359.22
1734551334, 18, 45, 75, 6, 0, 0.06%, 8, 0, 11, 386.69
1734551339, 18, 46, 75, 6, 0, 0.06%, 8, 0, 11, 324.26
1734551349, 18, 47, 75, 6, 0, 0.06%, 8, 0, 11, 351.23
1734551359, 18, 48, 75, 6, 0, 0.06%, 8, 0, 11, 362.11
1734551364, 18, 55, 75, 6, 0, 0.06%, 8, 0, 11, 353.08
1734551380, 18, 56, 75, 6, 0, 0.06%, 8, 0, 11, 349.42
1734551385, 18, 57, 75, 6, 0, 0.06%, 8, 0, 11, 365.03
1734551390, 18, 59, 75, 6, 0, 0.06%, 8, 0, 11, 394.32
1734551395, 18, 60, 75, 6, 0, 0.06%, 8, 0, 11, 347.74
1734551405, 18, 61, 75, 6, 0, 0.06%, 8, 0, 11, 355.08
1734551415, 18, 68, 75, 6, 0, 0.06%, 8, 0, 11, 362.32
1734551420, 18, 71, 75, 6, 0, 0.06%, 8, 0, 11, 382.20
1734551430, 18, 72, 75, 6, 0, 0.06%, 8, 0, 11, 372.79
1734551435, 19, 29, 75, 6, 0, 0.06%, 8, 0, 11, 347.68
1734551440, 19, 30, 75, 6, 0, 0.06%, 8, 0, 11, 330.22
1734551445, 19, 40, 75, 6, 0, 0.06%, 8, 0, 11, 335.50
1734551451, 19, 44, 75, 6, 0, 0.06%, 8, 0, 11, 361.31
1734551456, 19, 45, 75, 6, 0, 0.06%, 8, 0, 11, 368.31
1734551466, 19, 46, 75, 6, 0, 0.06%, 8, 0, 11, 357.58
1734551471, 19, 47, 75, 6, 0, 0.06%, 8, 0, 11, 333.09
1734551481, 19, 48, 75, 6, 0, 0.06%, 8, 0, 11, 361.16
1734551486, 19, 55, 75, 6, 0, 0.06%, 8, 0, 11, 385.94
1734551501, 19, 56, 75, 6, 0, 0.06%, 8, 0, 11, 363.32
1734551506, 19, 57, 75, 6, 0, 0.06%, 8, 0, 11, 365.13
1734551516, 19, 59, 75, 6, 0, 0.06%, 8, 0, 11, 342.14
1734551522, 19, 60, 75, 6, 0, 0.06%, 8, 0, 11, 387.53
1734551527, 19, 61, 75, 6, 0, 0.06%, 8, 0, 11, 341.18
1734551537, 19, 68, 75, 6, 0, 0.06%, 8, 0, 11, 394.19
1734551542, 19, 71, 75, 6, 0, 0.06%, 8, 0, 11, 332.24
1734551552, 19, 72, 75, 6, 0, 0.06%, 8, 0, 11, 379.13
1734551557, 20, 29, 75, 6, 0, 0.06%, 8, 0, 11, 385.28
1734551562, 20, 30, 75, 6, 0, 0.06%, 8, 0, 11, 362.21
1734551567, 20, 40, 75, 6, 0, 0.06%, 8, 0, 11, 364.99
1734551572, 20, 44, 75, 6, 0, 0.06%, 8, 0, 11, 382.52
1734551577, 20, 45, 75, 6, 0, 0.06%, 8, 0, 11, 330.51
1734551587, 20, 46, 75, 6, 0, 0.06%, 8, 0, 11, 370.66
1734551592, 20, 47, 75, 6, 0, 0.06%, 8, 0, 11, 315.92
1734551603, 20, 48, 75, 6, 0, 0.06%, 8, 0, 11, 394.07
1734551608, 20, 55, 75, 6, 0, 0.06%, 8, 0, 11, 389.69
1734551623, 20, 56, 75, 6, 0, 0.06%, 8, 0, 11, 451.90
1734551633, 20, 57, 75, 6, 0, 0.06%, 8, 0, 11, 388.12
1734551669, 20, 58, 75, 6, 0, 0.06%, 8, 0, 11, 439.25
1734551694, 20, 59, 75, 5, 0, 0.06%, 8, 0, 11, 445.78
1734551740, 20, 60, 75, 5, 0, 0.06%, 8, 0, 11, 333.09
1734551842, 20, 61, 75, 5, 0, 0.06%, 8, 0, 11, 375.00
1734551924, 20, 62, 75, 5, 0, 0.06%, 8, 0, 11, 395.29
1734551980, 20, 62, 76, 6, 0, 0.06%, 8, 0, 11, 333.97
1734551985, 20, 63, 76, 6, 0, 0.06%, 8, 0, 11, 433.65
1734552047, 20, 64, 76, 6, 0, 0.06%, 8, 0, 11, 351.86
1734552366, 20, 65, 76, 6, 0, 0.06%, 8, 0, 11, 384.22
1734552771, 20, 66, 76, 6, 0, 0.06%, 8, 0, 11, 348.49
1734552776, 20, 67, 76, 6, 0, 0.06%, 8, 0, 11, 339.09
1734552786, 20, 68, 76, 6, 0, 0.06%, 8, 0, 11, 329.76
1734552791, 20, 69, 76, 6, 0, 0.06%, 8, 0, 11, 368.91
1734552801, 20, 69, 77, 7, 0, 0.06%, 8, 0, 11, 395.41
1734552806, 20, 70, 77, 7, 0, 0.06%, 8, 0, 11, 394.25
1734552811, 20, 71, 77, 7, 0, 0.06%, 8, 0, 11, 327.66
1734552822, 20, 72, 77, 7, 0, 0.06%, 8, 0, 11, 381.59
1734552827, 20, 73, 77, 7, 0, 0.06%, 8, 0, 11, 349.54
1734552837, 20, 74, 77, 7, 0, 0.06%, 8, 0, 11, 299.51
1734552847, 20, 75, 77, 7, 0, 0.06%, 8, 0, 11, 377.29
1734552949, 20, 76, 77, 6, 0, 0.06%, 8, 0, 11, 399.70
1734553040, 21, 15, 77, 5, 0, 0.06%, 8, 0, 11, 330.41
1734553045, 21, 16, 77, 5, 0, 0.06%, 8, 0, 11, 290.86
1734553055, 21, 22, 77, 5, 0, 0.06%, 8, 0, 11, 319.88
1734553061, 21, 23, 77, 5, 0, 0.06%, 8, 0, 11, 307.97
1734553066, 21, 24, 77, 5, 0, 0.06%, 8, 0, 11, 280.86
1734553071, 21, 25, 77, 5, 0, 0.06%, 8, 0, 11, 324.74
1734553076, 21, 26, 77, 5, 0, 0.06%, 8, 0, 11, 285.17
1734553081, 21, 28, 77, 5, 0, 0.06%, 8, 0, 11, 323.96
1734553086, 21, 29, 77, 5, 0, 0.06%, 8, 0, 11, 353.32
1734553091, 21, 30, 77, 5, 0, 0.06%, 8, 0, 11, 334.07
1734553096, 21, 31, 77, 5, 0, 0.06%, 8, 0, 11, 304.78
1734553101, 21, 32, 77, 5, 0, 0.06%, 8, 0, 11, 363.49
1734553111, 21, 33, 77, 5, 0, 0.06%, 8, 0, 11, 338.86
1734553122, 21, 34, 77, 5, 0, 0.06%, 8, 0, 11, 331.79
1734553127, 21, 35, 77, 5, 0, 0.06%, 8, 0, 11, 302.75
1734553137, 21, 36, 77, 5, 0, 0.06%, 8, 0, 11, 424.26
1734553157, 21, 37, 77, 5, 0, 0.06%, 8, 0, 11, 369.88
1734553167, 21, 38, 77, 5, 0, 0.06%, 8, 0, 11, 278.54
1734553178, 21, 39, 77, 5, 0, 0.06%, 8, 0, 11, 321.40
1734553183, 21, 40, 77, 5, 0, 0.06%, 8, 0, 11, 310.04
1734553188, 21, 41, 77, 5, 0, 0.06%, 8, 0, 11, 322.24
1734553198, 21, 42, 77, 5, 0, 0.06%, 8, 0, 11, 343.08
1734553203, 21, 43, 77, 5, 0, 0.06%, 8, 0, 11, 322.44
1734553214, 21, 44, 77, 5, 0, 0.06%, 8, 0, 11, 335.86
1734553219, 21, 45, 77, 5, 0, 0.06%, 8, 0, 11, 369.39
1734553224, 21, 46, 77, 5, 0, 0.06%, 8, 0, 11, 318.82
1734553234, 21, 47, 77, 5, 0, 0.06%, 8, 0, 11, 377.29
1734553239, 21, 48, 77, 5, 0, 0.06%, 8, 0, 11, 339.28
1734553249, 21, 49, 77, 5, 0, 0.06%, 8, 0, 11, 320.04
1734553264, 21, 50, 77, 5, 0, 0.06%, 8, 0, 11, 299.87
1734553279, 21, 51, 77, 5, 0, 0.06%, 8, 0, 11, 376.82
1734553284, 21, 52, 77, 5, 0, 0.06%, 8, 0, 11, 361.96
1734553295, 21, 53, 77, 5, 0, 0.06%, 8, 0, 11, 366.30
1734553310, 21, 54, 77, 5, 0, 0.06%, 8, 0, 11, 339.55
1734553315, 21, 55, 77, 5, 0, 0.06%, 8, 0, 11, 352.43
1734553673, 21, 56, 77, 5, 0, 0.06%, 8, 0, 11, 331.12
1734553678, 21, 57, 77, 5, 0, 0.06%, 8, 0, 11, 360.55
1734553684, 21, 59, 77, 5, 0, 0.06%, 8, 0, 11, 330.21
1734553694, 21, 60, 77, 5, 0, 0.06%, 8, 0, 11, 383.46
1734553699, 21, 61, 77, 5, 0, 0.06%, 8, 0, 11, 352.02
1734553709, 21, 62, 77, 5, 0, 0.06%, 8, 0, 11, 368.19
1734553714, 21, 63, 77, 5, 0, 0.06%, 8, 0, 11, 334.74
1734553724, 21, 64, 77, 5, 0, 0.06%, 8, 0, 11, 331.30
1734553740, 21, 65, 77, 5, 0, 0.06%, 8, 0, 11, 288.02
1734553750, 21, 66, 77, 5, 0, 0.06%, 8, 0, 11, 351.92
1734553755, 21, 67, 77, 5, 0, 0.06%, 8, 0, 11, 360.13
1734553765, 21, 68, 77, 5, 0, 0.06%, 8, 0, 11, 348.50
1734553770, 21, 69, 77, 5, 0, 0.06%, 8, 0, 11, 366.14
1734553785, 21, 70, 77, 5, 0, 0.06%, 8, 0, 11, 357.66
1734553790, 21, 71, 77, 5, 0, 0.06%, 8, 0, 11, 350.28
1734553800, 21, 72, 77, 5, 0, 0.06%, 8, 0, 11, 350.60
1734553805, 21, 73, 77, 5, 0, 0.06%, 8, 0, 11, 355.20
1734553810, 21, 74, 77, 5, 0, 0.06%, 8, 0, 11, 348.39
1734553816, 21, 75, 77, 5, 0, 0.06%, 8, 0, 11, 333.57
1734553841, 21, 76, 77, 5, 0, 0.06%, 8, 0, 11, 298.66
1734553867, 22, 15, 77, 5, 0, 0.06%, 8, 0, 11, 314.16
1734553872, 22, 16, 77, 5, 0, 0.06%, 8, 0, 11, 269.45
1734553877, 22, 20, 77, 5, 0, 0.06%, 8, 0, 11, 315.69
1734553882, 22, 22, 77, 5, 0, 0.06%, 8, 0, 11, 303.57
1734553887, 22, 23, 77, 5, 0, 0.06%, 8, 0, 11, 301.16
1734553892, 22, 24, 77, 5, 0, 0.06%, 8, 0, 11, 296.46
1734553897, 22, 25, 77, 5, 0, 0.06%, 8, 0, 11, 318.39
1734553903, 22, 26, 77, 5, 0, 0.06%, 8, 0, 11, 281.13
1734553908, 22, 28, 77, 5, 0, 0.06%, 8, 0, 11, 325.52
1734553913, 22, 29, 77, 5, 0, 0.06%, 8, 0, 11, 320.62
1734553918, 22, 31, 77, 5, 0, 0.06%, 8, 0, 11, 318.68
1734553923, 22, 32, 77, 5, 0, 0.06%, 8, 0, 11, 319.31
1734553928, 22, 33, 77, 5, 0, 0.06%, 8, 0, 11, 346.00
1734553933, 22, 34, 77, 5, 0, 0.06%, 8, 0, 11, 331.38
1734553938, 22, 35, 77, 5, 0, 0.06%, 8, 0, 11, 331.11
1734553943, 22, 36, 77, 5, 0, 0.06%, 8, 0, 11, 393.35
1734553959, 22, 37, 77, 5, 0, 0.06%, 8, 0, 11, 365.95
1734553969, 22, 38, 77, 5, 0, 0.06%, 8, 0, 11, 272.89
1734553984, 22, 39, 77, 5, 0, 0.06%, 8, 0, 11, 293.70
1734553989, 22, 40, 77, 5, 0, 0.06%, 8, 0, 11, 339.43
1734553994, 22, 41, 77, 5, 0, 0.06%, 8, 0, 11, 340.93
1734553999, 22, 42, 77, 5, 0, 0.06%, 8, 0, 11, 371.59
1734554004, 22, 43, 77, 5, 0, 0.06%, 8, 0, 11, 316.46
1734554014, 22, 44, 77, 5, 0, 0.06%, 8, 0, 11, 347.92
1734554019, 22, 45, 77, 5, 0, 0.06%, 8, 0, 11, 336.68
1734554029, 22, 46, 77, 5, 0, 0.06%, 8, 0, 11, 367.99
1734554035, 22, 47, 77, 5, 0, 0.06%, 8, 0, 11, 318.67
1734554045, 22, 48, 77, 5, 0, 0.06%, 8, 0, 11, 382.62
1734554050, 22, 49, 77, 5, 0, 0.06%, 8, 0, 11, 369.21
1734554065, 22, 50, 77, 5, 0, 0.06%, 8, 0, 11, 425.11
1734554080, 22, 51, 77, 5, 0, 0.06%, 8, 0, 11, 332.87
1734554090, 22, 52, 77, 5, 0, 0.06%, 8, 0, 11, 331.40
1734554101, 22, 53, 77, 5, 0, 0.06%, 8, 0, 11, 344.26
1734554106, 22, 54, 77, 5, 0, 0.06%, 8, 0, 11, 328.60
1734554116, 22, 55, 77, 5, 0, 0.06%, 8, 0, 11, 310.63
1734554126, 22, 56, 77, 5, 0, 0.06%, 8, 0, 11, 335.53
1734554136, 22, 57, 77, 5, 0, 0.06%, 8, 0, 11, 343.62
1734554141, 22, 59, 77, 5, 0, 0.06%, 8, 0, 11, 403.34
1734554146, 22, 60, 77, 5, 0, 0.06%, 8, 0, 11, 338.77
1734554156, 22, 61, 77, 5, 0, 0.06%, 8, 0, 11, 384.15
1734554161, 22, 62, 77, 5, 0, 0.06%, 8, 0, 11, 314.69
1734554172, 22, 63, 77, 5, 0, 0.06%, 8, 0, 11, 338.61
1734554182, 22, 64, 77, 5, 0, 0.06%, 8, 0, 11, 264.28
1734554192, 22, 65, 77, 5, 0, 0.06%, 8, 0, 11, 393.26
1734554207, 22, 66, 77, 5, 0, 0.06%, 8, 0, 11, 353.40
1734554212, 22, 67, 77, 5, 0, 0.06%, 8, 0, 11, 334.52
1734554218, 22, 68, 77, 5, 0, 0.06%, 8, 0, 11, 315.24
1734554228, 22, 69, 77, 5, 0, 0.06%, 8, 0, 11, 329.88
1734554243, 22, 70, 77, 5, 0, 0.06%, 8, 0, 11, 349.83
1734554248, 22, 71, 77, 5, 0, 0.06%, 8, 0, 11, 384.42
1734554258, 22, 72, 77, 5, 0, 0.06%, 8, 0, 11, 334.80
1734554263, 22, 73, 77, 5, 0, 0.06%, 8, 0, 11, 365.64
1734554268, 22, 74, 77, 5, 0, 0.06%, 8, 0, 11, 348.97
1734554273, 22, 75, 77, 5, 0, 0.06%, 8, 0, 11, 379.26
1734554299, 22, 76, 77, 5, 0, 0.06%, 8, 0, 11, 316.21
1734554324, 23, 15, 77, 5, 0, 0.06%, 8, 0, 11, 343.75
1734554329, 23, 16, 77, 5, 0, 0.06%, 8, 0, 11, 292.89
1734554334, 23, 20, 77, 5, 0, 0.06%, 8, 0, 11, 287.95
1734554339, 23, 22, 77, 5, 0, 0.06%, 8, 0, 11, 320.38
1734554345, 23, 23, 77, 5, 0, 0.06%, 8, 0, 11, 304.20
1734554350, 23, 24, 77, 5, 0, 0.06%, 8, 0, 11, 284.17
1734554355, 23, 25, 77, 5, 0, 0.06%, 8, 0, 11, 316.97
1734554360, 23, 26, 77, 5, 0, 0.06%, 8, 0, 11, 281.01
1734554365, 23, 28, 77, 5, 0, 0.06%, 8, 0, 11, 314.19
1734554370, 23, 29, 77, 5, 0, 0.06%, 8, 0, 11, 359.91
1734554375, 23, 30, 77, 5, 0, 0.06%, 8, 0, 11, 360.05
1734554381, 23, 31, 77, 5, 0, 0.06%, 8, 0, 11, 317.90
1734554386, 23, 32, 77, 5, 0, 0.06%, 8, 0, 11, 321.42
1734554391, 23, 33, 77, 5, 0, 0.06%, 8, 0, 11, 310.64
1734554396, 23, 34, 77, 5, 0, 0.06%, 8, 0, 11, 288.05
1734554401, 23, 35, 77, 5, 0, 0.06%, 8, 0, 11, 311.87
1734554406, 23, 36, 77, 5, 0, 0.06%, 8, 0, 11, 278.17
1734554416, 23, 37, 77, 5, 0, 0.06%, 8, 0, 11, 335.52
1734554421, 23, 38, 77, 5, 0, 0.06%, 8, 0, 11, 357.28
1734554431, 23, 39, 77, 5, 0, 0.06%, 8, 0, 11, 317.74
1734554436, 23, 40, 77, 5, 0, 0.06%, 8, 0, 11, 304.68
1734554442, 23, 41, 77, 5, 0, 0.06%, 8, 0, 11, 327.51
1734554452, 23, 42, 77, 5, 0, 0.06%, 8, 0, 11, 353.60
1734554457, 23, 43, 77, 5, 0, 0.06%, 8, 0, 11, 314.20
1734554467, 23, 44, 77, 5, 0, 0.06%, 8, 0, 11, 318.82
1734554472, 23, 45, 77, 5, 0, 0.06%, 8, 0, 11, 376.34
1734554482, 23, 46, 77, 5, 0, 0.06%, 8, 0, 11, 332.90
1734554487, 23, 47, 77, 5, 0, 0.06%, 8, 0, 11, 335.09
1734554497, 23, 48, 77, 5, 0, 0.06%, 8, 0, 11, 368.63
1734554502, 23, 49, 77, 5, 0, 0.06%, 8, 0, 11, 405.53
1734554517, 23, 50, 77, 5, 0, 0.06%, 8, 0, 11, 378.99
1734554533, 23, 51, 77, 5, 0, 0.06%, 8, 0, 11, 347.80
1734554543, 23, 52, 77, 5, 0, 0.06%, 8, 0, 11, 353.58
1734554553, 23, 53, 77, 5, 0, 0.06%, 8, 0, 11, 326.15
1734554558, 23, 54, 77, 5, 0, 0.06%, 8, 0, 11, 281.81
1734554568, 23, 55, 77, 5, 0, 0.06%, 8, 0, 11, 272.64
1734554578, 23, 56, 77, 5, 0, 0.06%, 8, 0, 11, 392.91
1734554589, 23, 57, 77, 5, 0, 0.06%, 8, 0, 11, 352.37
1734554594, 23, 59, 77, 5, 0, 0.06%, 8, 0, 11, 362.91
1734554599, 23, 60, 77, 5, 0, 0.06%, 8, 0, 11, 324.59
1734554609, 23, 61, 77, 5, 0, 0.06%, 8, 0, 11, 395.56
1734554614, 23, 62, 77, 5, 0, 0.06%, 8, 0, 11, 343.12
1734554624, 23, 63, 77, 5, 0, 0.06%, 8, 0, 11, 333.71
1734554629, 23, 64, 77, 5, 0, 0.06%, 8, 0, 11, 332.95
1734554644, 23, 65, 77, 5, 0, 0.06%, 8, 0, 11, 406.18
1734554660, 23, 66, 77, 5, 0, 0.06%, 8, 0, 11, 341.94
1734554665, 23, 67, 77, 5, 0, 0.06%, 8, 0, 11, 315.70
1734554670, 23, 68, 77, 5, 0, 0.06%, 8, 0, 11, 319.29
1734554680, 23, 69, 77, 5, 0, 0.06%, 8, 0, 11, 313.44
1734554690, 23, 70, 77, 5, 0, 0.06%, 8, 0, 11, 353.12
1734554700, 23, 71, 77, 5, 0, 0.06%, 8, 0, 11, 370.79
1734554705, 23, 72, 77, 5, 0, 0.06%, 8, 0, 11, 327.59
1734554715, 23, 73, 77, 5, 0, 0.06%, 8, 0, 11, 334.51
1734554721, 23, 74, 77, 5, 0, 0.06%, 8, 0, 11, 336.13
1734554726, 23, 75, 77, 5, 0, 0.06%, 8, 0, 11, 373.60
1734554751, 23, 76, 77, 5, 0, 0.06%, 8, 0, 11, 364.28
1734554776, 24, 15, 77, 5, 0, 0.06%, 8, 0, 11, 262.51
1734554782, 24, 16, 77, 5, 0, 0.06%, 8, 0, 11, 284.39
1734554787, 24, 20, 77, 5, 0, 0.06%, 8, 0, 11, 287.02
1734554792, 24, 22, 77, 5, 0, 0.06%, 8, 0, 11, 318.84
1734554797, 24, 23, 77, 5, 0, 0.06%, 8, 0, 11, 311.71
1734554802, 24, 24, 77, 5, 0, 0.06%, 8, 0, 11, 291.95
1734554807, 24, 25, 77, 5, 0, 0.06%, 8, 0, 11, 332.96
1734554812, 24, 26, 77, 5, 0, 0.06%, 8, 0, 11, 283.09
1734554818, 24, 28, 77, 5, 0, 0.06%, 8, 0, 11, 319.24
1734554823, 24, 29, 77, 5, 0, 0.06%, 8, 0, 11, 338.33
1734554828, 24, 30, 77, 5, 0, 0.06%, 8, 0, 11, 340.29
1734554833, 24, 31, 77, 5, 0, 0.06%, 8, 0, 11, 299.70
1734554838, 24, 32, 77, 5, 0, 0.06%, 8, 0, 11, 315.17
1734554843, 24, 33, 77, 5, 0, 0.06%, 8, 0, 11, 316.07
1734554848, 24, 34, 77, 5, 0, 0.06%, 8, 0, 11, 308.87
1734554853, 24, 35, 77, 5, 0, 0.06%, 8, 0, 11, 302.20
1734554858, 24, 36, 77, 5, 0, 0.06%, 8, 0, 11, 283.55
1734554868, 24, 37, 77, 5, 0, 0.06%, 8, 0, 11, 326.38
1734554873, 24, 38, 77, 5, 0, 0.06%, 8, 0, 11, 388.43
1734554884, 24, 39, 77, 5, 0, 0.06%, 8, 0, 11, 327.94
1734554889, 24, 40, 77, 5, 0, 0.06%, 8, 0, 11, 306.45
1734554894, 24, 41, 77, 5, 0, 0.06%, 8, 0, 11, 317.26
1734554904, 24, 42, 77, 5, 0, 0.06%, 8, 0, 11, 357.19
1734554909, 24, 43, 77, 5, 0, 0.06%, 8, 0, 11, 318.00
1734554919, 24, 44, 77, 5, 0, 0.06%, 8, 0, 11, 322.26
1734554924, 24, 45, 77, 5, 0, 0.06%, 8, 0, 11, 367.96
1734554934, 24, 46, 77, 5, 0, 0.06%, 8, 0, 11, 351.01
1734554939, 24, 47, 77, 5, 0, 0.06%, 8, 0, 11, 346.53
1734554949, 24, 48, 77, 5, 0, 0.06%, 8, 0, 11, 386.26
1734554954, 24, 49, 77, 5, 0, 0.06%, 8, 0, 11, 382.47
1734554970, 24, 50, 77, 5, 0, 0.06%, 8, 0, 11, 347.38
1734554985, 24, 51, 77, 5, 0, 0.06%, 8, 0, 11, 379.41
1734554995, 24, 52, 77, 5, 0, 0.06%, 8, 0, 11, 374.98
1734555005, 24, 54, 77, 5, 0, 0.06%, 8, 0, 11, 351.42
1734555010, 24, 55, 77, 5, 0, 0.06%, 8, 0, 11, 415.68
1734555026, 24, 56, 77, 5, 0, 0.06%, 8, 0, 11, 365.54
1734555031, 24, 57, 77, 5, 0, 0.06%, 8, 0, 11, 354.59
1734555041, 24, 59, 77, 5, 0, 0.06%, 8, 0, 11, 333.37
1734555046, 24, 60, 77, 5, 0, 0.06%, 8, 0, 11, 376.96
1734555051, 24, 61, 77, 5, 0, 0.06%, 8, 0, 11, 356.95
1734555061, 24, 62, 77, 5, 0, 0.06%, 8, 0, 11, 367.75
1734555072, 24, 63, 77, 5, 0, 0.06%, 8, 0, 11, 341.45
1734555077, 24, 64, 77, 5, 0, 0.06%, 8, 0, 11, 354.14
1734555092, 24, 65, 77, 5, 0, 0.06%, 8, 0, 11, 298.49
1734555102, 24, 66, 77, 5, 0, 0.06%, 8, 0, 11, 355.16
1734555112, 24, 67, 77, 5, 0, 0.06%, 8, 0, 11, 327.60
1734555117, 24, 68, 77, 5, 0, 0.06%, 8, 0, 11, 354.27
1734555122, 24, 71, 77, 5, 0, 0.06%, 8, 0, 11, 343.14
1734555132, 24, 72, 77, 5, 0, 0.06%, 8, 0, 11, 361.42
1734555137, 24, 73, 77, 5, 0, 0.06%, 8, 0, 11, 348.60
1734555143, 24, 74, 77, 5, 0, 0.06%, 8, 0, 11, 351.34
1734555148, 25, 15, 77, 5, 0, 0.06%, 8, 0, 11, 311.39
1734555153, 25, 16, 77, 5, 0, 0.06%, 8, 0, 11, 273.58
1734555158, 25, 20, 77, 5, 0, 0.06%, 8, 0, 11, 288.04
1734555163, 25, 22, 77, 5, 0, 0.06%, 8, 0, 11, 304.69
1734555168, 25, 23, 77, 5, 0, 0.06%, 8, 0, 11, 298.22
1734555173, 25, 24, 77, 5, 0, 0.06%, 8, 0, 11, 274.28
1734555178, 25, 25, 77, 5, 0, 0.06%, 8, 0, 11, 296.83
1734555183, 25, 26, 77, 5, 0, 0.06%, 8, 0, 11, 302.00
1734555188, 25, 28, 77, 5, 0, 0.06%, 8, 0, 11, 301.41
1734555193, 25, 29, 77, 5, 0, 0.06%, 8, 0, 11, 372.52
1734555198, 25, 30, 77, 5, 0, 0.06%, 8, 0, 11, 347.72
1734555203, 25, 31, 77, 5, 0, 0.06%, 8, 0, 11, 299.36
1734555209, 25, 32, 77, 5, 0, 0.06%, 8, 0, 11, 322.44
1734555214, 25, 33, 77, 5, 0, 0.06%, 8, 0, 11, 332.95
1734555219, 25, 34, 77, 5, 0, 0.06%, 8, 0, 11, 319.95
1734555224, 25, 35, 77, 5, 0, 0.06%, 8, 0, 11, 327.08
1734555229, 25, 36, 77, 5, 0, 0.06%, 8, 0, 11, 294.18
1734555239, 25, 37, 77, 5, 0, 0.06%, 8, 0, 11, 323.65
1734555244, 25, 38, 77, 5, 0, 0.06%, 8, 0, 11, 357.78
1734555259, 25, 39, 77, 5, 0, 0.06%, 8, 0, 11, 304.32
1734555264, 25, 40, 77, 5, 0, 0.06%, 8, 0, 11, 328.67
1734555270, 25, 41, 77, 5, 0, 0.06%, 8, 0, 11, 325.11
1734555275, 25, 43, 77, 5, 0, 0.06%, 8, 0, 11, 305.12
1734555285, 25, 44, 77, 5, 0, 0.06%, 8, 0, 11, 356.50
1734555290, 25, 45, 77, 5, 0, 0.06%, 8, 0, 11, 379.32
1734555295, 25, 46, 77, 5, 0, 0.06%, 8, 0, 11, 307.43
1734555305, 25, 47, 77, 5, 0, 0.06%, 8, 0, 11, 366.73
1734555310, 25, 48, 77, 5, 0, 0.06%, 8, 0, 11, 337.57
1734555320, 25, 49, 77, 5, 0, 0.06%, 8, 0, 11, 334.50
1734555336, 25, 50, 77, 5, 0, 0.06%, 8, 0, 11, 297.23
1734555351, 25, 51, 77, 5, 0, 0.06%, 8, 0, 11, 362.42
1734555356, 25, 52, 77, 5, 0, 0.06%, 8, 0, 11, 352.15
1734555366, 25, 54, 77, 5, 0, 0.06%, 8, 0, 11, 364.35
1734555376, 25, 55, 77, 5, 0, 0.06%, 8, 0, 11, 330.71
1734555386, 25, 56, 77, 5, 0, 0.06%, 8, 0, 11, 397.40
1734555397, 25, 57, 77, 5, 0, 0.06%, 8, 0, 11, 351.64
1734555402, 25, 59, 77, 5, 0, 0.06%, 8, 0, 11, 377.70
1734555407, 25, 60, 77, 5, 0, 0.06%, 8, 0, 11, 319.55
1734555417, 25, 61, 77, 5, 0, 0.06%, 8, 0, 11, 400.79
1734555422, 25, 62, 77, 5, 0, 0.06%, 8, 0, 11, 317.17
1734555432, 25, 63, 77, 5, 0, 0.06%, 8, 0, 11, 339.22
1734555437, 25, 64, 77, 5, 0, 0.06%, 8, 0, 11, 352.08
1734555453, 25, 65, 77, 5, 0, 0.06%, 8, 0, 11, 364.32
1734555468, 25, 66, 77, 5, 0, 0.06%, 8, 0, 11, 340.79
1734555473, 25, 67, 77, 5, 0, 0.06%, 8, 0, 11, 350.96
1734555478, 25, 68, 77, 5, 0, 0.06%, 8, 0, 11, 363.06
1734555488, 25, 71, 77, 5, 0, 0.06%, 8, 0, 11, 358.46
1734555493, 25, 72, 77, 5, 0, 0.06%, 8, 0, 11, 382.37
1734555498, 25, 73, 77, 5, 0, 0.06%, 8, 0, 11, 354.87
1734555508, 25, 74, 77, 5, 0, 0.06%, 8, 0, 11, 326.60
1734555513, 26, 15, 77, 5, 0, 0.06%, 8, 0, 11, 316.41
1734555519, 26, 16, 77, 5, 0, 0.06%, 8, 0, 11, 302.46
1734555524, 26, 20, 77, 5, 0, 0.06%, 8, 0, 11, 320.97
1734555529, 26, 23, 77, 5, 0, 0.06%, 8, 0, 11, 311.29
1734555534, 26, 24, 77, 5, 0, 0.06%, 8, 0, 11, 294.73
1734555539, 26, 25, 77, 5, 0, 0.06%, 8, 0, 11, 288.28
1734555544, 26, 26, 77, 5, 0, 0.06%, 8, 0, 11, 311.08
1734555549, 26, 28, 77, 5, 0, 0.06%, 8, 0, 11, 292.09
1734555554, 26, 29, 77, 5, 0, 0.06%, 8, 0, 11, 343.67
1734555559, 26, 30, 77, 5, 0, 0.06%, 8, 0, 11, 363.42
1734555564, 26, 31, 77, 5, 0, 0.06%, 8, 0, 11, 310.76
1734555569, 26, 32, 77, 5, 0, 0.06%, 8, 0, 11, 335.63
1734555574, 26, 33, 77, 5, 0, 0.06%, 8, 0, 11, 334.78
1734555579, 26, 34, 77, 5, 0, 0.06%, 8, 0, 11, 325.53
1734555585, 26, 35, 77, 5, 0, 0.06%, 8, 0, 11, 309.06
1734555590, 26, 36, 77, 5, 0, 0.06%, 8, 0, 11, 297.92
1734555605, 26, 38, 77, 5, 0, 0.06%, 8, 0, 11, 339.77
1734555620, 26, 39, 77, 5, 0, 0.06%, 8, 0, 11, 299.01
1734555625, 26, 40, 77, 5, 0, 0.06%, 8, 0, 11, 317.32
1734555630, 26, 41, 77, 5, 0, 0.06%, 8, 0, 11, 336.14
1734555635, 26, 43, 77, 5, 0, 0.06%, 8, 0, 11, 298.76
1734555645, 26, 44, 77, 5, 0, 0.06%, 8, 0, 11, 327.53
1734555650, 26, 45, 77, 5, 0, 0.06%, 8, 0, 11, 376.35
1734555655, 26, 46, 77, 5, 0, 0.06%, 8, 0, 11, 342.27
1734555665, 26, 47, 77, 5, 0, 0.06%, 8, 0, 11, 369.54
1734555671, 26, 48, 77, 5, 0, 0.06%, 8, 0, 11, 368.92
1734555681, 26, 49, 77, 5, 0, 0.06%, 8, 0, 11, 339.11
1734555696, 26, 50, 77, 5, 0, 0.06%, 8, 0, 11, 332.64
1734555711, 26, 51, 77, 5, 0, 0.06%, 8, 0, 11, 338.52
1734555722, 26, 52, 77, 5, 0, 0.06%, 8, 0, 11, 350.30
1734555732, 26, 54, 77, 5, 0, 0.06%, 8, 0, 11, 341.92
1734555737, 26, 55, 77, 5, 0, 0.06%, 8, 0, 11, 369.11
1734555752, 26, 56, 77, 5, 0, 0.06%, 8, 0, 11, 371.14
1734555757, 26, 57, 77, 5, 0, 0.06%, 8, 0, 11, 322.93
1734555767, 26, 59, 77, 5, 0, 0.06%, 8, 0, 11, 357.64
1734555772, 26, 60, 77, 5, 0, 0.06%, 8, 0, 11, 322.21
1734555782, 26, 61, 77, 5, 0, 0.06%, 8, 0, 11, 380.63
1734555787, 26, 62, 77, 5, 0, 0.06%, 8, 0, 11, 353.48
1734555797, 26, 63, 77, 5, 0, 0.06%, 8, 0, 11, 339.21
1734555803, 26, 64, 77, 5, 0, 0.06%, 8, 0, 11, 388.47
1734555818, 26, 65, 77, 5, 0, 0.06%, 8, 0, 11, 322.55
1734555833, 26, 66, 77, 5, 0, 0.06%, 8, 0, 11, 319.68
1734555838, 26, 67, 77, 5, 0, 0.06%, 8, 0, 11, 321.18
1734555843, 26, 68, 77, 5, 0, 0.06%, 8, 0, 11, 376.13
1734555848, 26, 71, 77, 5, 0, 0.06%, 8, 0, 11, 318.17
1734555858, 26, 72, 77, 5, 0, 0.06%, 8, 0, 11, 382.74
1734555863, 26, 73, 77, 5, 0, 0.06%, 8, 0, 11, 315.79
1734555874, 26, 74, 77, 5, 0, 0.06%, 8, 0, 11, 321.89
1734555879, 27, 15, 77, 5, 0, 0.06%, 8, 0, 11, 312.92
1734555884, 27, 16, 77, 5, 0, 0.06%, 8, 0, 11, 285.17
1734555889, 27, 20, 77, 5, 0, 0.06%, 8, 0, 11, 318.92
1734555894, 27, 23, 77, 5, 0, 0.06%, 8, 0, 11, 303.98
1734555899, 27, 24, 77, 5, 0, 0.06%, 8, 0, 11, 299.07
1734555909, 27, 25, 77, 5, 0, 0.06%, 8, 0, 11, 289.83
1734555914, 27, 26, 77, 5, 0, 0.06%, 8, 0, 11, 287.61
1734555919, 27, 29, 77, 5, 0, 0.06%, 8, 0, 11, 337.42
1734555924, 27, 30, 77, 5, 0, 0.06%, 8, 0, 11, 366.61
1734555929, 27, 31, 77, 5, 0, 0.06%, 8, 0, 11, 322.53
1734555935, 27, 32, 77, 5, 0, 0.06%, 8, 0, 11, 326.12
1734555940, 27, 33, 77, 5, 0, 0.06%, 8, 0, 11, 321.64
1734555945, 27, 34, 77, 5, 0, 0.06%, 8, 0, 11, 312.46
1734555950, 27, 35, 77, 5, 0, 0.06%, 8, 0, 11, 317.07
1734555955, 27, 36, 77, 5, 0, 0.06%, 8, 0, 11, 325.22
1734555970, 27, 38, 77, 5, 0, 0.06%, 8, 0, 11, 346.44
1734555985, 27, 39, 77, 5, 0, 0.06%, 8, 0, 11, 314.71
1734555990, 27, 40, 77, 5, 0, 0.06%, 8, 0, 11, 320.53
1734555995, 27, 41, 77, 5, 0, 0.06%, 8, 0, 11, 322.00
1734556001, 27, 43, 77, 5, 0, 0.06%, 8, 0, 11, 319.58
1734556006, 27, 44, 77, 5, 0, 0.06%, 8, 0, 11, 329.94
1734556016, 27, 45, 77, 5, 0, 0.06%, 8, 0, 11, 371.72
1734556021, 27, 46, 77, 5, 0, 0.06%, 8, 0, 11, 394.79
1734556026, 27, 47, 77, 5, 0, 0.06%, 8, 0, 11, 368.40
1734556036, 27, 48, 77, 5, 0, 0.06%, 8, 0, 11, 384.42
1734556046, 27, 49, 77, 5, 0, 0.06%, 8, 0, 11, 259.83
1734556057, 27, 50, 77, 5, 0, 0.06%, 8, 0, 11, 438.26
1734556072, 27, 51, 77, 5, 0, 0.06%, 8, 0, 11, 325.92
1734556082, 27, 52, 77, 5, 0, 0.06%, 8, 0, 11, 335.00
1734556092, 27, 54, 77, 5, 0, 0.06%, 8, 0, 11, 357.83
1734556097, 27, 55, 77, 5, 0, 0.06%, 8, 0, 11, 407.08
1734556112, 27, 56, 77, 5, 0, 0.06%, 8, 0, 11, 379.12
1734556118, 27, 57, 77, 5, 0, 0.06%, 8, 0, 11, 336.65
1734556128, 27, 59, 77, 5, 0, 0.06%, 8, 0, 11, 349.46
1734556133, 27, 60, 77, 5, 0, 0.06%, 8, 0, 11, 346.42
1734556143, 27, 61, 77, 5, 0, 0.06%, 8, 0, 11, 374.41
1734556148, 27, 62, 77, 5, 0, 0.06%, 8, 0, 11, 365.19
1734556153, 27, 63, 77, 5, 0, 0.06%, 8, 0, 11, 367.92
1734556163, 27, 64, 77, 5, 0, 0.06%, 8, 0, 11, 364.68
1734556178, 27, 65, 77, 5, 0, 0.06%, 8, 0, 11, 320.75
1734556194, 27, 66, 77, 5, 0, 0.06%, 8, 0, 11, 348.97
1734556199, 27, 67, 77, 5, 0, 0.06%, 8, 0, 11, 344.05
1734556204, 27, 68, 77, 5, 0, 0.06%, 8, 0, 11, 361.11
1734556209, 27, 71, 77, 5, 0, 0.06%, 8, 0, 11, 350.48
1734556219, 27, 72, 77, 5, 0, 0.06%, 8, 0, 11, 357.43
1734556224, 27, 73, 77, 5, 0, 0.06%, 8, 0, 11, 344.80
1734556229, 27, 74, 77, 5, 0, 0.06%, 8, 0, 11, 319.87
1734556234, 28, 15, 77, 5, 0, 0.06%, 8, 0, 11, 325.91
1734556240, 28, 16, 77, 5, 0, 0.06%, 8, 0, 11, 291.16
1734556245, 28, 20, 77, 5, 0, 0.06%, 8, 0, 11, 280.40
1734556250, 28, 22, 77, 5, 0, 0.06%, 8, 0, 11, 305.99
1734556255, 28, 23, 77, 5, 0, 0.06%, 8, 0, 11, 283.73
1734556260, 28, 24, 77, 5, 0, 0.06%, 8, 0, 11, 293.67
1734556265, 28, 25, 77, 5, 0, 0.06%, 8, 0, 11, 289.79
1734556270, 28, 26, 77, 5, 0, 0.06%, 8, 0, 11, 304.11
1734556275, 28, 28, 77, 5, 0, 0.06%, 8, 0, 11, 313.16
1734556280, 28, 29, 77, 5, 0, 0.06%, 8, 0, 11, 360.40
1734556285, 28, 30, 77, 5, 0, 0.06%, 8, 0, 11, 349.21
1734556290, 28, 31, 77, 5, 0, 0.06%, 8, 0, 11, 312.06
1734556295, 28, 32, 77, 5, 0, 0.06%, 8, 0, 11, 319.56
1734556300, 28, 33, 77, 5, 0, 0.06%, 8, 0, 11, 326.67
1734556305, 28, 34, 77, 5, 0, 0.06%, 8, 0, 11, 314.81
1734556310, 28, 36, 77, 5, 0, 0.06%, 8, 0, 11, 367.13
1734556326, 28, 37, 77, 5, 0, 0.06%, 8, 0, 11, 368.99
1734556331, 28, 38, 77, 5, 0, 0.06%, 8, 0, 11, 357.26
1734556341, 28, 39, 77, 5, 0, 0.06%, 8, 0, 11, 318.30
1734556346, 28, 40, 77, 5, 0, 0.06%, 8, 0, 11, 303.19
1734556351, 28, 41, 77, 5, 0, 0.06%, 8, 0, 11, 325.49
1734556361, 28, 43, 77, 5, 0, 0.06%, 8, 0, 11, 307.73
1734556366, 28, 44, 77, 5, 0, 0.06%, 8, 0, 11, 355.26
1734556376, 28, 45, 77, 5, 0, 0.06%, 8, 0, 11, 349.54
1734556381, 28, 46, 77, 5, 0, 0.06%, 8, 0, 11, 365.68
1734556391, 28, 47, 77, 5, 0, 0.06%, 8, 0, 11, 375.39
1734556396, 28, 48, 77, 5, 0, 0.06%, 8, 0, 11, 311.85
1734556407, 28, 49, 77, 5, 0, 0.06%, 8, 0, 11, 297.69
1734556422, 28, 50, 77, 5, 0, 0.06%, 8, 0, 11, 279.06
1734556437, 28, 51, 77, 5, 0, 0.06%, 8, 0, 11, 363.70
1734556442, 28, 52, 77, 5, 0, 0.06%, 8, 0, 11, 334.37
1734556452, 28, 54, 77, 5, 0, 0.06%, 8, 0, 11, 352.32
1734556462, 28, 55, 77, 5, 0, 0.06%, 8, 0, 11, 356.03
1734556478, 28, 56, 77, 5, 0, 0.06%, 8, 0, 11, 344.02
1734556483, 28, 57, 77, 5, 0, 0.06%, 8, 0, 11, 382.88
1734556488, 28, 59, 77, 5, 0, 0.06%, 8, 0, 11, 406.96
1734556493, 28, 60, 77, 5, 0, 0.06%, 8, 0, 11, 352.44
1734556503, 28, 61, 77, 5, 0, 0.06%, 8, 0, 11, 390.15
1734556508, 28, 62, 77, 5, 0, 0.06%, 8, 0, 11, 342.37
1734556518, 28, 63, 77, 5, 0, 0.06%, 8, 0, 11, 328.10
1734556528, 28, 64, 77, 5, 0, 0.06%, 8, 0, 11, 270.10
1734556538, 28, 65, 77, 5, 0, 0.06%, 8, 0, 11, 405.82
1734556554, 28, 66, 77, 5, 0, 0.06%, 8, 0, 11, 342.98
1734556559, 28, 67, 77, 5, 0, 0.06%, 8, 0, 11, 323.37
1734556564, 28, 68, 77, 5, 0, 0.06%, 8, 0, 11, 330.04
1734556574, 28, 71, 77, 5, 0, 0.06%, 8, 0, 11, 372.54
1734556579, 28, 72, 77, 5, 0, 0.06%, 8, 0, 11, 385.41
1734556589, 28, 73, 77, 5, 0, 0.06%, 8, 0, 11, 329.51
1734556594, 28, 74, 77, 5, 0, 0.06%, 8, 0, 11, 335.92
1734556599, 29, 15, 77, 5, 0, 0.06%, 8, 0, 11, 298.36
1734556604, 29, 16, 77, 5, 0, 0.06%, 8, 0, 11, 280.04
1734556610, 29, 20, 77, 5, 0, 0.06%, 8, 0, 11, 309.20
1734556615, 29, 23, 77, 5, 0, 0.06%, 8, 0, 11, 305.34
1734556620, 29, 24, 77, 5, 0, 0.06%, 8, 0, 11, 299.79
1734556625, 29, 25, 77, 5, 0, 0.06%, 8, 0, 11, 282.73
1734556630, 29, 26, 77, 5, 0, 0.06%, 8, 0, 11, 298.01
1734556640, 29, 29, 77, 5, 0, 0.06%, 8, 0, 11, 295.89
1734556645, 29, 30, 77, 5, 0, 0.06%, 8, 0, 11, 335.66
1734556650, 29, 31, 77, 5, 0, 0.06%, 8, 0, 11, 308.57
1734556655, 29, 32, 77, 5, 0, 0.06%, 8, 0, 11, 329.38
1734556660, 29, 33, 77, 5, 0, 0.06%, 8, 0, 11, 339.35
1734556665, 29, 34, 77, 5, 0, 0.06%, 8, 0, 11, 339.49
1734556670, 29, 35, 77, 5, 0, 0.06%, 8, 0, 11, 334.00
1734556676, 29, 36, 77, 5, 0, 0.06%, 8, 0, 11, 329.52
1734556691, 29, 37, 77, 5, 0, 0.06%, 8, 0, 11, 330.89
1734556696, 29, 38, 77, 5, 0, 0.06%, 8, 0, 11, 261.48
1734556706, 29, 39, 77, 5, 0, 0.06%, 8, 0, 11, 322.13
1734556711, 29, 40, 77, 5, 0, 0.06%, 8, 0, 11, 336.81
1734556716, 29, 41, 77, 5, 0, 0.06%, 8, 0, 11, 345.66
1734556721, 29, 43, 77, 5, 0, 0.06%, 8, 0, 11, 311.07
1734556732, 29, 44, 77, 5, 0, 0.06%, 8, 0, 11, 319.18
1734556737, 29, 45, 77, 5, 0, 0.06%, 8, 0, 11, 358.95
1734556742, 29, 46, 77, 5, 0, 0.06%, 8, 0, 11, 306.57
1734556752, 29, 47, 77, 5, 0, 0.06%, 8, 0, 11, 324.88
1734556762, 29, 48, 77, 5, 0, 0.06%, 8, 0, 11, 346.50
1734556767, 29, 49, 77, 5, 0, 0.06%, 8, 0, 11, 377.82
1734556783, 29, 50, 77, 5, 0, 0.06%, 8, 0, 11, 352.83
1734556798, 29, 51, 77, 5, 0, 0.06%, 8, 0, 11, 370.18
1734556808, 29, 52, 77, 5, 0, 0.06%, 8, 0, 11, 368.95
1734556813, 29, 54, 77, 5, 0, 0.06%, 8, 0, 11, 335.32
1734556823, 29, 55, 77, 5, 0, 0.06%, 8, 0, 11, 418.13
1734556838, 29, 56, 77, 5, 0, 0.06%, 8, 0, 11, 375.24
1734556843, 29, 57, 77, 5, 0, 0.06%, 8, 0, 11, 384.07
1734556848, 29, 59, 77, 5, 0, 0.06%, 8, 0, 11, 321.58
1734556859, 29, 60, 77, 5, 0, 0.06%, 8, 0, 11, 395.12
1734556864, 29, 61, 77, 5, 0, 0.06%, 8, 0, 11, 326.66
1734556874, 29, 62, 77, 5, 0, 0.06%, 8, 0, 11, 349.08
1734556884, 29, 63, 77, 5, 0, 0.06%, 8, 0, 11, 320.47
1734556889, 29, 64, 77, 5, 0, 0.06%, 8, 0, 11, 379.56
1734556904, 29, 65, 77, 5, 0, 0.06%, 8, 0, 11, 359.91
1734556919, 29, 66, 77, 5, 0, 0.06%, 8, 0, 11, 359.54
1734556925, 29, 67, 77, 5, 0, 0.06%, 8, 0, 11, 357.41
1734556930, 29, 68, 77, 5, 0, 0.06%, 8, 0, 11, 334.44
1734556940, 29, 71, 77, 5, 0, 0.06%, 8, 0, 11, 348.60
1734556945, 29, 72, 77, 5, 0, 0.06%, 8, 0, 11, 348.64
1734556955, 29, 73, 77, 5, 0, 0.06%, 8, 0, 11, 325.51
1734556960, 29, 74, 77, 5, 0, 0.06%, 8, 0, 11, 321.81
1734556965, 30, 15, 77, 5, 0, 0.06%, 8, 0, 11, 293.92
1734556970, 30, 16, 77, 5, 0, 0.06%, 8, 0, 11, 267.10
1734556975, 30, 20, 77, 5, 0, 0.06%, 8, 0, 11, 322.44
1734556980, 30, 22, 77, 5, 0, 0.06%, 8, 0, 11, 314.18
1734556985, 30, 23, 77, 5, 0, 0.06%, 8, 0, 11, 300.89
1734556990, 30, 24, 77, 5, 0, 0.06%, 8, 0, 11, 282.63
1734556996, 30, 25, 77, 5, 0, 0.06%, 8, 0, 11, 337.75
1734557001, 30, 26, 77, 5, 0, 0.06%, 8, 0, 11, 286.07
1734557006, 30, 28, 77, 5, 0, 0.06%, 8, 0, 11, 318.17
1734557011, 30, 29, 77, 5, 0, 0.06%, 8, 0, 11, 343.15
1734557016, 30, 30, 77, 5, 0, 0.06%, 8, 0, 11, 332.34
1734557021, 30, 31, 77, 5, 0, 0.06%, 8, 0, 11, 301.46
1734557026, 30, 32, 77, 5, 0, 0.06%, 8, 0, 11, 306.01
1734557031, 30, 34, 77, 5, 0, 0.06%, 8, 0, 11, 308.46
1734557036, 30, 35, 77, 5, 0, 0.06%, 8, 0, 11, 303.78
1734557041, 30, 36, 77, 5, 0, 0.06%, 8, 0, 11, 374.25
1734557056, 30, 37, 77, 5, 0, 0.06%, 8, 0, 11, 364.10
1734557061, 30, 38, 77, 5, 0, 0.06%, 8, 0, 11, 340.55
1734557072, 30, 39, 77, 5, 0, 0.06%, 8, 0, 11, 312.31
1734557077, 30, 40, 77, 5, 0, 0.06%, 8, 0, 11, 350.81
1734557082, 30, 41, 77, 5, 0, 0.06%, 8, 0, 11, 352.01
1734557092, 30, 43, 77, 5, 0, 0.06%, 8, 0, 11, 313.03
1734557097, 30, 44, 77, 5, 0, 0.06%, 8, 0, 11, 378.66
1734557102, 30, 45, 77, 5, 0, 0.06%, 8, 0, 11, 314.33
1734557112, 30, 46, 77, 5, 0, 0.06%, 8, 0, 11, 352.01
1734557117, 30, 47, 77, 5, 0, 0.06%, 8, 0, 11, 328.95
1734557127, 30, 48, 77, 5, 0, 0.06%, 8, 0, 11, 367.73
1734557138, 30, 49, 77, 5, 0, 0.06%, 8, 0, 11, 268.99
1734557148, 30, 50, 77, 5, 0, 0.06%, 8, 0, 11, 405.07
1734557168, 30, 51, 77, 5, 0, 0.06%, 8, 0, 11, 342.44
1734557173, 30, 52, 77, 5, 0, 0.06%, 8, 0, 11, 293.86
1734557183, 30, 54, 77, 5, 0, 0.06%, 8, 0, 11, 293.13
1734557194, 30, 55, 77, 5, 0, 0.06%, 8, 0, 11, 283.66
1734557204, 30, 56, 77, 5, 0, 0.06%, 8, 0, 11, 364.98
1734557214, 30, 57, 77, 5, 0, 0.06%, 8, 0, 11, 340.50
1734557219, 30, 59, 77, 5, 0, 0.06%, 8, 0, 11, 391.91
1734557224, 30, 60, 77, 5, 0, 0.06%, 8, 0, 11, 323.33
1734557234, 30, 61, 77, 5, 0, 0.06%, 8, 0, 11, 366.28
1734557239, 30, 62, 77, 5, 0, 0.06%, 8, 0, 11, 312.94
1734557249, 30, 63, 77, 5, 0, 0.06%, 8, 0, 11, 339.31
1734557254, 30, 64, 77, 5, 0, 0.06%, 8, 0, 11, 338.68
1734557270, 30, 65, 77, 5, 0, 0.06%, 8, 0, 11, 372.07
1734557285, 30, 66, 77, 5, 0, 0.06%, 8, 0, 11, 345.41
1734557290, 30, 67, 77, 5, 0, 0.06%, 8, 0, 11, 355.25
1734557296, 30, 68, 77, 5, 0, 0.06%, 8, 0, 11, 365.71
1734557301, 30, 71, 77, 5, 0, 0.06%, 8, 0, 11, 354.55
1734557311, 30, 72, 77, 5, 0, 0.06%, 8, 0, 11, 369.00
1734557316, 30, 73, 77, 5, 0, 0.06%, 8, 0, 11, 351.74
1734557326, 30, 74, 77, 5, 0, 0.06%, 8, 0, 11, 335.02
1734557331, 31, 15, 77, 5, 0, 0.06%, 8, 0, 11, 295.57
1734557336, 31, 16, 77, 5, 0, 0.06%, 8, 0, 11, 283.83
1734557342, 31, 20, 77, 5, 0, 0.06%, 8, 0, 11, 300.40
1734557347, 31, 22, 77, 5, 0, 0.06%, 8, 0, 11, 290.36
1734557352, 31, 23, 77, 5, 0, 0.06%, 8, 0, 11, 286.64
1734557357, 31, 24, 77, 5, 0, 0.06%, 8, 0, 11, 283.65
1734557362, 31, 26, 77, 5, 0, 0.06%, 8, 0, 11, 315.18
1734557367, 31, 28, 77, 5, 0, 0.06%, 8, 0, 11, 288.68
1734557372, 31, 29, 77, 5, 0, 0.06%, 8, 0, 11, 345.75
1734557378, 31, 30, 77, 5, 0, 0.06%, 8, 0, 11, 360.01
1734557383, 31, 31, 77, 5, 0, 0.06%, 8, 0, 11, 309.06
1734557388, 31, 32, 77, 5, 0, 0.06%, 8, 0, 11, 318.33
1734557393, 31, 33, 77, 5, 0, 0.06%, 8, 0, 11, 328.16
1734557398, 31, 34, 77, 5, 0, 0.06%, 8, 0, 11, 326.67
1734557403, 31, 35, 77, 5, 0, 0.06%, 8, 0, 11, 320.10
1734557408, 31, 36, 77, 5, 0, 0.06%, 8, 0, 11, 299.11
1734557418, 31, 37, 77, 5, 0, 0.06%, 8, 0, 11, 334.93
1734557423, 31, 38, 77, 5, 0, 0.06%, 8, 0, 11, 326.74
1734557439, 31, 40, 77, 5, 0, 0.06%, 8, 0, 11, 321.84
1734557449, 31, 41, 77, 5, 0, 0.06%, 8, 0, 11, 334.27
1734557454, 31, 43, 77, 5, 0, 0.06%, 8, 0, 11, 305.32
1734557459, 31, 44, 77, 5, 0, 0.06%, 8, 0, 11, 354.78
1734557469, 31, 45, 77, 5, 0, 0.06%, 8, 0, 11, 365.25
1734557474, 31, 46, 77, 5, 0, 0.06%, 8, 0, 11, 356.42
1734557485, 31, 47, 77, 5, 0, 0.06%, 8, 0, 11, 353.52
1734557490, 31, 48, 77, 5, 0, 0.06%, 8, 0, 11, 300.91
1734557500, 31, 49, 77, 5, 0, 0.06%, 8, 0, 11, 292.83
1734557515, 31, 50, 77, 5, 0, 0.06%, 8, 0, 11, 283.98
1734557530, 31, 51, 77, 5, 0, 0.06%, 8, 0, 11, 361.90
1734557535, 31, 52, 77, 5, 0, 0.06%, 8, 0, 11, 342.51
1734557546, 31, 54, 77, 5, 0, 0.06%, 8, 0, 11, 339.79
1734557556, 31, 55, 77, 5, 0, 0.06%, 8, 0, 11, 321.41
1734557571, 31, 56, 77, 5, 0, 0.06%, 8, 0, 11, 340.10
1734557576, 31, 57, 77, 5, 0, 0.06%, 8, 0, 11, 379.36
1734557581, 31, 59, 77, 5, 0, 0.06%, 8, 0, 11, 393.04
1734557586, 31, 60, 77, 5, 0, 0.06%, 8, 0, 11, 344.62
1734557596, 31, 61, 77, 5, 0, 0.06%, 8, 0, 11, 362.51
1734557607, 31, 62, 77, 5, 0, 0.06%, 8, 0, 11, 324.03
1734557612, 31, 63, 77, 5, 0, 0.06%, 8, 0, 11, 313.94
1734557622, 31, 64, 77, 5, 0, 0.06%, 8, 0, 11, 316.84
1734557637, 31, 65, 77, 5, 0, 0.06%, 8, 0, 11, 284.22
1734557652, 31, 66, 77, 5, 0, 0.06%, 8, 0, 11, 314.44
1734557657, 31, 67, 77, 5, 0, 0.06%, 8, 0, 11, 346.24
1734557662, 31, 68, 77, 5, 0, 0.06%, 8, 0, 11, 371.62
1734557668, 31, 71, 77, 5, 0, 0.06%, 8, 0, 11, 296.04
1734557678, 31, 72, 77, 5, 0, 0.06%, 8, 0, 11, 357.61
1734557683, 31, 73, 77, 5, 0, 0.06%, 8, 0, 11, 316.83
1734557688, 31, 74, 77, 5, 0, 0.06%, 8, 0, 11, 321.26
1734557698, 32, 15, 77, 5, 0, 0.06%, 8, 0, 11, 303.82
1734557703, 32, 16, 77, 5, 0, 0.06%, 8, 0, 11, 266.23
1734557708, 32, 20, 77, 5, 0, 0.06%, 8, 0, 11, 294.25
1734557713, 32, 22, 77, 5, 0, 0.06%, 8, 0, 11, 299.89
1734557718, 32, 23, 77, 5, 0, 0.06%, 8, 0, 11, 289.96
1734557723, 32, 24, 77, 5, 0, 0.06%, 8, 0, 11, 263.27
1734557728, 32, 25, 77, 5, 0, 0.06%, 8, 0, 11, 289.04
1734557734, 32, 26, 77, 5, 0, 0.06%, 8, 0, 11, 276.55
1734557739, 32, 28, 77, 5, 0, 0.06%, 8, 0, 11, 298.08
1734557744, 32, 30, 77, 5, 0, 0.06%, 8, 0, 11, 359.80
1734557749, 32, 31, 77, 5, 0, 0.06%, 8, 0, 11, 314.89
1734557754, 32, 32, 77, 5, 0, 0.06%, 8, 0, 11, 337.84
1734557759, 32, 33, 77, 5, 0, 0.06%, 8, 0, 11, 333.46
1734557764, 32, 34, 77, 5, 0, 0.06%, 8, 0, 11, 320.30
1734557769, 32, 35, 77, 5, 0, 0.06%, 8, 0, 11, 310.90
1734557774, 32, 36, 77, 5, 0, 0.06%, 8, 0, 11, 361.83
1734557789, 32, 37, 77, 5, 0, 0.06%, 8, 0, 11, 340.40
1734557795, 32, 38, 77, 5, 0, 0.06%, 8, 0, 11, 274.04
1734557805, 32, 39, 77, 5, 0, 0.06%, 8, 0, 11, 297.69
1734557810, 32, 40, 77, 5, 0, 0.06%, 8, 0, 11, 328.55
1734557815, 32, 41, 77, 5, 0, 0.06%, 8, 0, 11, 343.50
1734557820, 32, 43, 77, 5, 0, 0.06%, 8, 0, 11, 303.33
1734557830, 32, 44, 77, 5, 0, 0.06%, 8, 0, 11, 346.63
1734557835, 32, 45, 77, 5, 0, 0.06%, 8, 0, 11, 378.89
1734557840, 32, 46, 77, 5, 0, 0.06%, 8, 0, 11, 325.14
1734557850, 32, 47, 77, 5, 0, 0.06%, 8, 0, 11, 344.92
1734557860, 32, 48, 77, 5, 0, 0.06%, 8, 0, 11, 358.56
1734557865, 32, 49, 77, 5, 0, 0.06%, 8, 0, 11, 345.31
1734557881, 32, 50, 77, 5, 0, 0.06%, 8, 0, 11, 301.63
1734557896, 32, 51, 77, 5, 0, 0.06%, 8, 0, 11, 377.15
1734557901, 32, 52, 77, 5, 0, 0.06%, 8, 0, 11, 337.45
1734557911, 32, 54, 77, 5, 0, 0.06%, 8, 0, 11, 386.52
1734557921, 32, 55, 77, 5, 0, 0.06%, 8, 0, 11, 359.34
1734557937, 32, 56, 77, 5, 0, 0.06%, 8, 0, 11, 329.36
1734557942, 32, 57, 77, 5, 0, 0.06%, 8, 0, 11, 368.35
1734557947, 32, 59, 77, 5, 0, 0.06%, 8, 0, 11, 378.86
1734557957, 32, 60, 77, 5, 0, 0.06%, 8, 0, 11, 372.66
1734557962, 32, 61, 77, 5, 0, 0.06%, 8, 0, 11, 318.18
1734557972, 32, 62, 77, 5, 0, 0.06%, 8, 0, 11, 342.43
1734557977, 32, 63, 77, 5, 0, 0.06%, 8, 0, 11, 336.69
1734557987, 32, 64, 77, 5, 0, 0.06%, 8, 0, 11, 307.20
1734557997, 32, 65, 77, 5, 0, 0.06%, 8, 0, 11, 327.81
1734558012, 32, 66, 77, 5, 0, 0.06%, 8, 0, 11, 344.85
1734558017, 32, 67, 77, 5, 0, 0.06%, 8, 0, 11, 338.87
1734558028, 32, 68, 77, 5, 0, 0.06%, 8, 0, 11, 333.74
1734558033, 32, 71, 77, 5, 0, 0.06%, 8, 0, 11, 354.75
1734558043, 32, 72, 77, 5, 0, 0.06%, 8, 0, 11, 344.21
1734558048, 32, 73, 77, 5, 0, 0.06%, 8, 0, 11, 359.95
1734558053, 32, 74, 77, 5, 0, 0.06%, 8, 0, 11, 346.33
1734558058, 33, 15, 77, 5, 0, 0.06%, 8, 0, 11, 318.10
1734558063, 33, 16, 77, 5, 0, 0.06%, 8, 0, 11, 290.77
1734558068, 33, 20, 77, 5, 0, 0.06%, 8, 0, 11, 333.93
1734558073, 33, 22, 77, 5, 0, 0.06%, 8, 0, 11, 324.59
1734558079, 33, 23, 77, 5, 0, 0.06%, 8, 0, 11, 311.94
1734558084, 33, 24, 77, 5, 0, 0.06%, 8, 0, 11, 282.73
1734558089, 33, 25, 77, 5, 0, 0.06%, 8, 0, 11, 323.45
1734558094, 33, 26, 77, 5, 0, 0.06%, 8, 0, 11, 292.26
1734558099, 33, 28, 77, 5, 0, 0.06%, 8, 0, 11, 320.12
1734558104, 33, 29, 77, 5, 0, 0.06%, 8, 0, 11, 345.33
1734558109, 33, 30, 77, 5, 0, 0.06%, 8, 0, 11, 321.20
1734558114, 33, 31, 77, 5, 0, 0.06%, 8, 0, 11, 307.05
1734558119, 33, 32, 77, 5, 0, 0.06%, 8, 0, 11, 316.41
1734558124, 33, 34, 77, 5, 0, 0.06%, 8, 0, 11, 320.22
1734558129, 33, 35, 77, 5, 0, 0.06%, 8, 0, 11, 330.50
1734558134, 33, 36, 77, 5, 0, 0.06%, 8, 0, 11, 389.53
1734558149, 33, 37, 77, 5, 0, 0.06%, 8, 0, 11, 359.24
1734558155, 33, 38, 77, 5, 0, 0.06%, 8, 0, 11, 352.77
1734558165, 33, 39, 77, 5, 0, 0.06%, 8, 0, 11, 328.45
1734558170, 33, 40, 77, 5, 0, 0.06%, 8, 0, 11, 342.51
1734558175, 33, 41, 77, 5, 0, 0.06%, 8, 0, 11, 327.45
1734558185, 33, 43, 77, 5, 0, 0.06%, 8, 0, 11, 322.67
1734558190, 33, 44, 77, 5, 0, 0.06%, 8, 0, 11, 383.51
1734558195, 33, 45, 77, 5, 0, 0.06%, 8, 0, 11, 317.26
1734558205, 33, 46, 77, 5, 0, 0.06%, 8, 0, 11, 387.39
1734558210, 33, 47, 77, 5, 0, 0.06%, 8, 0, 11, 344.73
1734558220, 33, 48, 77, 5, 0, 0.06%, 8, 0, 11, 319.16
1734558231, 33, 55, 77, 5, 0, 0.06%, 8, 0, 11, 280.27
1734558241, 33, 56, 77, 5, 0, 0.06%, 8, 0, 11, 378.08
1734558251, 33, 57, 77, 5, 0, 0.06%, 8, 0, 11, 337.45
1734558256, 33, 59, 77, 5, 0, 0.06%, 8, 0, 11, 393.52
1734558261, 33, 60, 77, 5, 0, 0.06%, 8, 0, 11, 327.02
1734558271, 33, 61, 77, 5, 0, 0.06%, 8, 0, 11, 402.52
1734558276, 33, 66, 77, 5, 0, 0.06%, 8, 0, 11, 330.67
1734558281, 33, 67, 77, 5, 0, 0.06%, 8, 0, 11, 335.93
1734558286, 33, 68, 77, 5, 0, 0.06%, 8, 0, 11, 325.33
1734558296, 33, 71, 77, 5, 0, 0.06%, 8, 0, 11, 383.50
1734558302, 33, 72, 77, 5, 0, 0.06%, 8, 0, 11, 353.49
1734558312, 33, 73, 77, 5, 0, 0.06%, 8, 0, 11, 332.84
1734558317, 33, 74, 77, 5, 0, 0.06%, 8, 0, 11, 338.43
1734558322, 34, 15, 77, 5, 0, 0.06%, 8, 0, 11, 322.92
1734558327, 34, 26, 77, 5, 0, 0.06%, 8, 0, 11, 278.18
1734558332, 34, 29, 77, 5, 0, 0.06%, 8, 0, 11, 317.28
1734558337, 34, 30, 77, 5, 0, 0.06%, 8, 0, 11, 326.32
1734558342, 34, 32, 77, 5, 0, 0.06%, 8, 0, 11, 321.94
1734558347, 34, 33, 77, 5, 0, 0.06%, 8, 0, 11, 324.99
1734558352, 34, 35, 77, 5, 0, 0.06%, 8, 0, 11, 305.82
1734558357, 34, 36, 77, 5, 0, 0.06%, 8, 0, 11, 396.04
1734558373, 34, 37, 77, 5, 0, 0.06%, 8, 0, 11, 360.53
1734558378, 34, 38, 77, 5, 0, 0.06%, 8, 0, 11, 348.08
1734558388, 34, 40, 77, 5, 0, 0.06%, 8, 0, 11, 382.90
1734558393, 34, 44, 77, 5, 0, 0.06%, 8, 0, 11, 384.17
1734558398, 34, 45, 77, 5, 0, 0.06%, 8, 0, 11, 330.79
1734558408, 34, 46, 77, 5, 0, 0.06%, 8, 0, 11, 384.74
1734558413, 34, 47, 77, 5, 0, 0.06%, 8, 0, 11, 319.73
1734558423, 34, 48, 77, 5, 0, 0.06%, 8, 0, 11, 389.97
1734558429, 34, 55, 77, 5, 0, 0.06%, 8, 0, 11, 394.43
1734558444, 34, 56, 77, 5, 0, 0.06%, 8, 0, 11, 366.58
1734558449, 34, 57, 77, 5, 0, 0.06%, 8, 0, 11, 333.31
1734558459, 34, 59, 77, 5, 0, 0.06%, 8, 0, 11, 373.92
1734558464, 34, 60, 77, 5, 0, 0.06%, 8, 0, 11, 419.85
1734558469, 34, 61, 77, 5, 0, 0.06%, 8, 0, 11, 331.41
1734558479, 34, 66, 77, 5, 0, 0.06%, 8, 0, 11, 364.07
1734558485, 34, 67, 77, 5, 0, 0.06%, 8, 0, 11, 355.68
1734558490, 34, 68, 77, 5, 0, 0.06%, 8, 0, 11, 343.18
1734558500, 34, 71, 77, 5, 0, 0.06%, 8, 0, 11, 350.28
1734558505, 34, 72, 77, 5, 0, 0.06%, 8, 0, 11, 369.18
1734558515, 34, 73, 77, 5, 0, 0.06%, 8, 0, 11, 324.78
1734558520, 34, 74, 77, 5, 0, 0.06%, 8, 0, 11, 320.40
1734558525, 35, 15, 77, 5, 0, 0.06%, 8, 0, 11, 292.33
1734558530, 35, 26, 77, 5, 0, 0.06%, 8, 0, 11, 260.43
1734558535, 35, 29, 77, 5, 0, 0.06%, 8, 0, 11, 312.91
1734558540, 35, 30, 77, 5, 0, 0.06%, 8, 0, 11, 327.88
1734558545, 35, 32, 77, 5, 0, 0.06%, 8, 0, 11, 318.08
1734558550, 35, 34, 77, 5, 0, 0.06%, 8, 0, 11, 309.21
1734558555, 35, 35, 77, 5, 0, 0.06%, 8, 0, 11, 301.16
1734558560, 35, 36, 77, 5, 0, 0.06%, 8, 0, 11, 333.20
1734558576, 35, 37, 77, 5, 0, 0.06%, 8, 0, 11, 361.97
1734558581, 35, 38, 77, 5, 0, 0.06%, 8, 0, 11, 390.38
1734558591, 35, 40, 77, 5, 0, 0.06%, 8, 0, 11, 310.77
1734558596, 35, 44, 77, 5, 0, 0.06%, 8, 0, 11, 346.74
1734558606, 35, 45, 77, 5, 0, 0.06%, 8, 0, 11, 357.46
1734558611, 35, 46, 77, 5, 0, 0.06%, 8, 0, 11, 330.07
1734558621, 35, 47, 77, 5, 0, 0.06%, 8, 0, 11, 380.23
1734558627, 35, 48, 77, 5, 0, 0.06%, 8, 0, 11, 321.95
1734558637, 35, 55, 77, 5, 0, 0.06%, 8, 0, 11, 298.31
1734558647, 35, 56, 77, 5, 0, 0.06%, 8, 0, 11, 366.75
1734558657, 35, 57, 77, 5, 0, 0.06%, 8, 0, 11, 356.07
1734558662, 35, 59, 77, 5, 0, 0.06%, 8, 0, 11, 392.84
1734558667, 35, 60, 77, 5, 0, 0.06%, 8, 0, 11, 344.58
1734558677, 35, 61, 77, 5, 0, 0.06%, 8, 0, 11, 377.66
1734558682, 35, 66, 77, 5, 0, 0.06%, 8, 0, 11, 340.33
1734558692, 35, 67, 77, 5, 0, 0.06%, 8, 0, 11, 338.26
1734558697, 35, 68, 77, 5, 0, 0.06%, 8, 0, 11, 369.59
1734558703, 35, 71, 77, 5, 0, 0.06%, 8, 0, 11, 375.12
1734558713, 35, 72, 77, 5, 0, 0.06%, 8, 0, 11, 342.82
1734558718, 35, 73, 77, 5, 0, 0.06%, 8, 0, 11, 356.00
1734558723, 35, 74, 77, 5, 0, 0.06%, 8, 0, 11, 352.90
1734558728, 36, 15, 77, 5, 0, 0.06%, 8, 0, 11, 324.25
1734558733, 36, 26, 77, 5, 0, 0.06%, 8, 0, 11, 276.78
1734558738, 36, 29, 77, 5, 0, 0.06%, 8, 0, 11, 343.14
1734558743, 36, 30, 77, 5, 0, 0.06%, 8, 0, 11, 353.51
1734558748, 36, 32, 77, 5, 0, 0.06%, 8, 0, 11, 340.66
1734558754, 36, 33, 77, 5, 0, 0.06%, 8, 0, 11, 340.63
1734558759, 36, 34, 77, 5, 0, 0.06%, 8, 0, 11, 321.57
1734558764, 36, 36, 77, 5, 0, 0.06%, 8, 0, 11, 361.04
1734558779, 36, 37, 77, 5, 0, 0.06%, 8, 0, 11, 358.56
1734558784, 36, 38, 77, 5, 0, 0.06%, 8, 0, 11, 377.87
1734558795, 36, 40, 77, 5, 0, 0.06%, 8, 0, 11, 336.76
1734558800, 36, 44, 77, 5, 0, 0.06%, 8, 0, 11, 350.65
1734558810, 36, 45, 77, 5, 0, 0.06%, 8, 0, 11, 353.81
1734558815, 36, 46, 77, 5, 0, 0.06%, 8, 0, 11, 353.99
1734558825, 36, 47, 77, 5, 0, 0.06%, 8, 0, 11, 376.88
1734558830, 36, 48, 77, 5, 0, 0.06%, 8, 0, 11, 334.71
1734558840, 36, 55, 77, 5, 0, 0.06%, 8, 0, 11, 302.85
1734558850, 36, 56, 77, 5, 0, 0.06%, 8, 0, 11, 354.66
1734558860, 36, 57, 77, 5, 0, 0.06%, 8, 0, 11, 355.11
1734558865, 36, 59, 77, 5, 0, 0.06%, 8, 0, 11, 399.72
1734558871, 36, 60, 77, 5, 0, 0.06%, 8, 0, 11, 339.00
1734558881, 36, 61, 77, 5, 0, 0.06%, 8, 0, 11, 383.72
1734558891, 36, 66, 77, 5, 0, 0.06%, 8, 0, 11, 315.75
1734558896, 36, 67, 77, 5, 0, 0.06%, 8, 0, 11, 321.65
1734558901, 36, 68, 77, 5, 0, 0.06%, 8, 0, 11, 343.12
1734558906, 36, 71, 77, 5, 0, 0.06%, 8, 0, 11, 338.22
1734558916, 36, 72, 77, 5, 0, 0.06%, 8, 0, 11, 371.51
1734558921, 36, 73, 77, 5, 0, 0.06%, 8, 0, 11, 369.32
1734558926, 36, 74, 77, 5, 0, 0.06%, 8, 0, 11, 347.55
1734558931, 37, 15, 77, 5, 0, 0.06%, 8, 0, 11, 329.42
1734558937, 37, 26, 77, 5, 0, 0.06%, 8, 0, 11, 283.47
1734558942, 37, 29, 77, 5, 0, 0.06%, 8, 0, 11, 339.74
1734558947, 37, 30, 77, 5, 0, 0.06%, 8, 0, 11, 350.23
1734558952, 37, 32, 77, 5, 0, 0.06%, 8, 0, 11, 327.89
1734558957, 37, 33, 77, 5, 0, 0.06%, 8, 0, 11, 334.26
1734558962, 37, 34, 77, 5, 0, 0.06%, 8, 0, 11, 298.77
1734558967, 37, 35, 77, 5, 0, 0.06%, 8, 0, 11, 308.07
1734558972, 37, 36, 77, 5, 0, 0.06%, 8, 0, 11, 294.77
1734558987, 37, 38, 77, 5, 0, 0.06%, 8, 0, 11, 321.23
1734559002, 37, 40, 77, 5, 0, 0.06%, 8, 0, 11, 335.25
1734559007, 37, 44, 77, 5, 0, 0.06%, 8, 0, 11, 328.67
1734559013, 37, 45, 77, 5, 0, 0.06%, 8, 0, 11, 367.37
1734559018, 37, 46, 77, 5, 0, 0.06%, 8, 0, 11, 318.86
1734559028, 37, 47, 77, 5, 0, 0.06%, 8, 0, 11, 349.96
1734559038, 37, 48, 77, 5, 0, 0.06%, 8, 0, 11, 369.31
1734559043, 37, 55, 77, 5, 0, 0.06%, 8, 0, 11, 382.92
1734559058, 37, 56, 77, 5, 0, 0.06%, 8, 0, 11, 349.78
1734559064, 37, 57, 77, 5, 0, 0.06%, 8, 0, 11, 389.24
1734559069, 37, 59, 77, 5, 0, 0.06%, 8, 0, 11, 344.05
1734559079, 37, 60, 77, 5, 0, 0.06%, 8, 0, 11, 374.05
1734559084, 37, 61, 77, 5, 0, 0.06%, 8, 0, 11, 315.30
1734559094, 37, 66, 77, 5, 0, 0.06%, 8, 0, 11, 341.56
1734559099, 37, 67, 77, 5, 0, 0.06%, 8, 0, 11, 338.20
1734559104, 37, 68, 77, 5, 0, 0.06%, 8, 0, 11, 374.18
1734559114, 37, 71, 77, 5, 0, 0.06%, 8, 0, 11, 353.72
1734559119, 37, 72, 77, 5, 0, 0.06%, 8, 0, 11, 366.50
1734559124, 37, 73, 77, 5, 0, 0.06%, 8, 0, 11, 362.84
1734559129, 37, 74, 77, 5, 0, 0.06%, 8, 0, 11, 332.64
1734559139, 38, 15, 77, 5, 0, 0.06%, 8, 0, 11, 294.77
1734559144, 38, 26, 77, 5, 0, 0.06%, 8, 0, 11, 267.60
1734559149, 38, 29, 77, 5, 0, 0.06%, 8, 0, 11, 312.08
1734559155, 38, 32, 77, 5, 0, 0.06%, 8, 0, 11, 347.14
1734559160, 38, 33, 77, 5, 0, 0.06%, 8, 0, 11, 354.21
1734559165, 38, 34, 77, 5, 0, 0.06%, 8, 0, 11, 344.28
1734559170, 38, 35, 77, 5, 0, 0.06%, 8, 0, 11, 335.00
1734559175, 38, 36, 77, 5, 0, 0.06%, 8, 0, 11, 350.64
1734559190, 38, 37, 77, 5, 0, 0.06%, 8, 0, 11, 322.06
1734559195, 38, 38, 77, 5, 0, 0.06%, 8, 0, 11, 266.43
1734559206, 38, 40, 77, 5, 0, 0.06%, 8, 0, 11, 327.86
1734559211, 38, 44, 77, 5, 0, 0.06%, 8, 0, 11, 342.08
1734559216, 38, 45, 77, 5, 0, 0.06%, 8, 0, 11, 354.03
1734559226, 38, 46, 77, 5, 0, 0.06%, 8, 0, 11, 347.17
1734559231, 38, 47, 77, 5, 0, 0.06%, 8, 0, 11, 346.55
1734559241, 38, 48, 77, 5, 0, 0.06%, 8, 0, 11, 368.56
1734559246, 38, 55, 77, 5, 0, 0.06%, 8, 0, 11, 397.85
1734559261, 38, 56, 77, 5, 0, 0.06%, 8, 0, 11, 371.20
1734559266, 38, 57, 77, 5, 0, 0.06%, 8, 0, 11, 393.56
1734559271, 38, 59, 77, 5, 0, 0.06%, 8, 0, 11, 346.69
1734559281, 38, 60, 77, 5, 0, 0.06%, 8, 0, 11, 386.04
1734559287, 38, 61, 77, 5, 0, 0.06%, 8, 0, 11, 317.28
1734559297, 38, 66, 77, 5, 0, 0.06%, 8, 0, 11, 345.40
1734559302, 38, 67, 77, 5, 0, 0.06%, 8, 0, 11, 350.97
1734559307, 38, 68, 77, 5, 0, 0.06%, 8, 0, 11, 369.67
1734559317, 38, 71, 77, 5, 0, 0.06%, 8, 0, 11, 359.91
1734559322, 38, 72, 77, 5, 0, 0.06%, 8, 0, 11, 357.18
1734559332, 38, 73, 77, 5, 0, 0.06%, 8, 0, 11, 321.90
1734559337, 38, 74, 77, 5, 0, 0.06%, 8, 0, 11, 330.02
1734559342, 39, 15, 77, 5, 0, 0.06%, 8, 0, 11, 298.70
1734559347, 39, 26, 77, 5, 0, 0.06%, 8, 0, 11, 270.48
1734559352, 39, 29, 77, 5, 0, 0.06%, 8, 0, 11, 318.99
1734559357, 39, 30, 77, 5, 0, 0.06%, 8, 0, 11, 317.56
1734559362, 39, 33, 77, 5, 0, 0.06%, 8, 0, 11, 321.56
1734559367, 39, 34, 77, 5, 0, 0.06%, 8, 0, 11, 312.06
1734559372, 39, 35, 77, 5, 0, 0.06%, 8, 0, 11, 356.44
1734559377, 39, 36, 77, 5, 0, 0.06%, 8, 0, 11, 413.93
1734559393, 39, 37, 77, 5, 0, 0.06%, 8, 0, 11, 351.68
1734559398, 39, 38, 77, 5, 0, 0.06%, 8, 0, 11, 324.75
1734559408, 39, 40, 77, 5, 0, 0.06%, 8, 0, 11, 353.78
1734559413, 39, 44, 77, 5, 0, 0.06%, 8, 0, 11, 385.25
1734559423, 39, 45, 77, 5, 0, 0.06%, 8, 0, 11, 352.73
1734559428, 39, 46, 77, 5, 0, 0.06%, 8, 0, 11, 392.36
1734559438, 39, 47, 77, 5, 0, 0.06%, 8, 0, 11, 363.76
1734559444, 39, 48, 77, 5, 0, 0.06%, 8, 0, 11, 371.04
1734559454, 39, 55, 77, 5, 0, 0.06%, 8, 0, 11, 269.63
1734559464, 39, 56, 77, 5, 0, 0.06%, 8, 0, 11, 386.00
1734559469, 39, 57, 77, 5, 0, 0.06%, 8, 0, 11, 322.86
1734559479, 39, 59, 77, 5, 0, 0.06%, 8, 0, 11, 362.36
1734559484, 39, 60, 77, 5, 0, 0.06%, 8, 0, 11, 333.39
1734559494, 39, 61, 77, 5, 0, 0.06%, 8, 0, 11, 381.77
1734559499, 39, 66, 77, 5, 0, 0.06%, 8, 0, 11, 345.69
1734559504, 39, 67, 77, 5, 0, 0.06%, 8, 0, 11, 320.21
1734559509, 39, 68, 77, 5, 0, 0.06%, 8, 0, 11, 342.66
1734559520, 39, 71, 77, 5, 0, 0.06%, 8, 0, 11, 373.57
1734559530, 39, 72, 77, 5, 0, 0.06%, 8, 0, 11, 326.28
1734559535, 39, 73, 77, 5, 0, 0.06%, 8, 0, 11, 347.52
1734559540, 39, 74, 77, 5, 0, 0.06%, 8, 0, 11, 346.15
1734559545, 40, 15, 77, 5, 0, 0.06%, 8, 0, 11, 311.46
1734559550, 40, 26, 77, 5, 0, 0.06%, 8, 0, 11, 276.69
1734559555, 40, 29, 77, 5, 0, 0.06%, 8, 0, 11, 345.61
1734559560, 40, 30, 77, 5, 0, 0.06%, 8, 0, 11, 341.74
1734559565, 40, 32, 77, 5, 0, 0.06%, 8, 0, 11, 323.30
1734559570, 40, 33, 77, 5, 0, 0.06%, 8, 0, 11, 311.60
1734559576, 40, 34, 77, 5, 0, 0.06%, 8, 0, 11, 302.07
1734559581, 40, 35, 77, 5, 0, 0.06%, 8, 0, 11, 309.80
1734559586, 40, 36, 77, 5, 0, 0.06%, 8, 0, 11, 276.76
1734559596, 40, 37, 77, 5, 0, 0.06%, 8, 0, 11, 341.51
1734559601, 40, 38, 77, 5, 0, 0.06%, 8, 0, 11, 390.57
1734559611, 40, 40, 77, 5, 0, 0.06%, 8, 0, 11, 362.32
1734559616, 40, 44, 77, 5, 0, 0.06%, 8, 0, 11, 371.74
1734559626, 40, 45, 77, 5, 0, 0.06%, 8, 0, 11, 351.79
1734559632, 40, 46, 77, 5, 0, 0.06%, 8, 0, 11, 350.42
1734559642, 40, 47, 77, 5, 0, 0.06%, 8, 0, 11, 375.43
1734559647, 40, 48, 77, 5, 0, 0.06%, 8, 0, 11, 338.74
1734559657, 40, 55, 77, 5, 0, 0.06%, 8, 0, 11, 316.60
1734559667, 40, 56, 77, 5, 0, 0.06%, 8, 0, 11, 357.24
1734559677, 40, 57, 77, 5, 0, 0.06%, 8, 0, 11, 366.94
1734559682, 40, 59, 77, 5, 0, 0.06%, 8, 0, 11, 376.39
1734559687, 40, 60, 77, 5, 0, 0.06%, 8, 0, 11, 385.37
1734559697, 40, 61, 77, 5, 0, 0.06%, 8, 0, 11, 345.32
1734559707, 40, 66, 77, 5, 0, 0.06%, 8, 0, 11, 331.80
1734559713, 40, 67, 77, 5, 0, 0.06%, 8, 0, 11, 324.49
1734559718, 40, 68, 77, 5, 0, 0.06%, 8, 0, 11, 364.33
1734559723, 40, 71, 77, 5, 0, 0.06%, 8, 0, 11, 375.55
1734559728, 40, 72, 77, 5, 0, 0.06%, 8, 0, 11, 346.32
1734559738, 40, 73, 77, 5, 0, 0.06%, 8, 0, 11, 353.13
1734559743, 40, 74, 77, 5, 0, 0.06%, 8, 0, 11, 338.90
1734559748, 41, 15, 77, 5, 0, 0.06%, 8, 0, 11, 319.69
1734559753, 41, 26, 77, 5, 0, 0.06%, 8, 0, 11, 283.02
1734559758, 41, 29, 77, 5, 0, 0.06%, 8, 0, 11, 349.94
1734559763, 41, 30, 77, 5, 0, 0.06%, 8, 0, 11, 343.30
1734559768, 41, 32, 77, 5, 0, 0.06%, 8, 0, 11, 334.29
1734559773, 41, 33, 77, 5, 0, 0.06%, 8, 0, 11, 323.97
1734559779, 41, 34, 77, 5, 0, 0.06%, 8, 0, 11, 319.29
1734559784, 41, 35, 77, 5, 0, 0.06%, 8, 0, 11, 315.06
1734559789, 41, 36, 77, 5, 0, 0.06%, 8, 0, 11, 315.85
1734559804, 41, 38, 77, 5, 0, 0.06%, 8, 0, 11, 322.65
1734559819, 41, 40, 77, 5, 0, 0.06%, 8, 0, 11, 332.64
1734559824, 41, 44, 77, 5, 0, 0.06%, 8, 0, 11, 341.39
1734559829, 41, 45, 77, 5, 0, 0.06%, 8, 0, 11, 367.02
1734559840, 41, 46, 77, 5, 0, 0.06%, 8, 0, 11, 357.82
1734559845, 41, 47, 77, 5, 0, 0.06%, 8, 0, 11, 362.85
1734559855, 41, 48, 77, 5, 0, 0.06%, 8, 0, 11, 364.61
1734559860, 41, 55, 77, 5, 0, 0.06%, 8, 0, 11, 367.54
1734559875, 41, 56, 77, 5, 0, 0.06%, 8, 0, 11, 358.63
1734559880, 41, 57, 77, 5, 0, 0.06%, 8, 0, 11, 373.67
1734559885, 41, 59, 77, 5, 0, 0.06%, 8, 0, 11, 348.69
1734559895, 41, 60, 77, 5, 0, 0.06%, 8, 0, 11, 375.09
1734559901, 41, 61, 77, 5, 0, 0.06%, 8, 0, 11, 302.99
1734559911, 41, 66, 77, 5, 0, 0.06%, 8, 0, 11, 324.91
1734559916, 41, 67, 77, 5, 0, 0.06%, 8, 0, 11, 342.31
1734559921, 41, 68, 77, 5, 0, 0.06%, 8, 0, 11, 370.31
1734559931, 41, 71, 77, 5, 0, 0.06%, 8, 0, 11, 331.77
1734559936, 41, 72, 77, 5, 0, 0.06%, 8, 0, 11, 398.79
1734559941, 41, 73, 77, 5, 0, 0.06%, 8, 0, 11, 335.36
1734559946, 41, 74, 77, 5, 0, 0.06%, 8, 0, 11, 334.62
1734559956, 42, 15, 77, 5, 0, 0.06%, 8, 0, 11, 299.24
1734559961, 42, 26, 77, 5, 0, 0.06%, 8, 0, 11, 272.54
1734559966, 42, 29, 77, 5, 0, 0.06%, 8, 0, 11, 316.32
1734559971, 42, 32, 77, 5, 0, 0.06%, 8, 0, 11, 313.19
1734559977, 42, 33, 77, 5, 0, 0.06%, 8, 0, 11, 335.77
1734559982, 42, 34, 77, 5, 0, 0.06%, 8, 0, 11, 341.69
1734559987, 42, 35, 77, 5, 0, 0.06%, 8, 0, 11, 344.00
1734559992, 42, 36, 77, 5, 0, 0.06%, 8, 0, 11, 403.39
1734560007, 42, 37, 77, 5, 0, 0.06%, 8, 0, 11, 350.60
1734560012, 42, 38, 77, 5, 0, 0.06%, 8, 0, 11, 302.20
1734560022, 42, 40, 77, 5, 0, 0.06%, 8, 0, 11, 346.69
1734560027, 42, 44, 77, 5, 0, 0.06%, 8, 0, 11, 371.51
1734560032, 42, 45, 77, 5, 0, 0.06%, 8, 0, 11, 335.22
1734560043, 42, 46, 77, 5, 0, 0.06%, 8, 0, 11, 356.42
1734560048, 42, 47, 77, 5, 0, 0.06%, 8, 0, 11, 308.33
1734560058, 42, 48, 77, 5, 0, 0.06%, 8, 0, 11, 381.21
1734560063, 42, 55, 77, 5, 0, 0.06%, 8, 0, 11, 399.88
1734560078, 42, 56, 77, 5, 0, 0.06%, 8, 0, 11, 355.60
1734560083, 42, 57, 77, 5, 0, 0.06%, 8, 0, 11, 339.49
1734560094, 42, 59, 77, 5, 0, 0.06%, 8, 0, 11, 346.05
1734560099, 42, 60, 77, 5, 0, 0.06%, 8, 0, 11, 385.46
1734560104, 42, 61, 77, 5, 0, 0.06%, 8, 0, 11, 360.91
1734560114, 42, 66, 77, 5, 0, 0.06%, 8, 0, 11, 350.93
1734560119, 42, 67, 77, 5, 0, 0.06%, 8, 0, 11, 353.66
1734560124, 42, 68, 77, 5, 0, 0.06%, 8, 0, 11, 356.80
