# unix_time, cycles_done, cur_path, paths_total, pending_total, pending_favs, map_size, unique_crashes, unique_hangs, max_depth, execs_per_sec
1735396149, 0, 0, 10, 10, 1, 0.00%, 0, 0, 1, 176.21
1735396154, 0, 3, 10, 10, 1, 0.00%, 0, 0, 1, 205.86
1735396159, 0, 4, 10, 9, 0, 0.00%, 0, 0, 1, 210.98
1735396165, 0, 5, 10, 8, 0, 0.00%, 0, 0, 1, 202.43
1735396175, 0, 6, 10, 7, 0, 0.00%, 0, 0, 1, 214.56
1735396180, 0, 7, 10, 6, 0, 0.00%, 0, 0, 1, 197.50
1735396190, 0, 8, 10, 5, 0, 0.00%, 0, 0, 1, 211.29
1735396195, 0, 9, 10, 4, 0, 0.00%, 0, 0, 1, 213.11
1735396201, 1, 0, 10, 3, 0, 0.00%, 0, 0, 1, 201.72
1735396211, 1, 1, 10, 2, 0, 0.00%, 0, 0, 1, 202.48
1735396221, 1, 2, 10, 1, 0, 0.00%, 0, 0, 1, 199.30
1735396231, 1, 3, 10, 0, 0, 0.00%, 0, 0, 1, 195.97
1735396241, 1, 4, 10, 0, 0, 0.00%, 0, 0, 1, 212.02
1735396246, 1, 6, 10, 0, 0, 0.00%, 0, 0, 1, 209.08
1735396251, 1, 7, 10, 0, 0, 0.00%, 0, 0, 1, 208.12
1735396256, 1, 8, 10, 0, 0, 0.00%, 0, 0, 1, 209.13
1735396261, 2, 0, 10, 0, 0, 0.00%, 0, 0, 1, 210.02
1735396266, 2, 1, 10, 0, 0, 0.00%, 0, 0, 1, 209.52
1735396272, 2, 3, 10, 0, 0, 0.00%, 0, 0, 1, 209.54
1735396277, 2, 4, 10, 0, 0, 0.00%, 0, 0, 1, 208.61
1735396282, 2, 6, 10, 0, 0, 0.00%, 0, 0, 1, 210.71
1735396287, 2, 7, 10, 0, 0, 0.00%, 0, 0, 1, 210.55
1735396292, 2, 8, 10, 0, 0, 0.00%, 0, 0, 1, 213.56
1735396297, 3, 0, 10, 0, 0, 0.00%, 0, 0, 1, 210.90
1735396302, 3, 1, 10, 0, 0, 0.00%, 0, 0, 1, 213.41
1735396307, 3, 3, 10, 0, 0, 0.00%, 0, 0, 1, 209.36
1735396312, 3, 4, 10, 0, 0, 0.00%, 0, 0, 1, 209.53
1735396317, 3, 6, 10, 0, 0, 0.00%, 0, 0, 1, 207.07
1735396322, 3, 7, 10, 0, 0, 0.00%, 0, 0, 1, 211.00
1735396327, 3, 8, 10, 0, 0, 0.00%, 0, 0, 1, 213.97
1735396332, 4, 0, 10, 0, 0, 0.00%, 0, 0, 1, 210.79
1735396337, 4, 1, 10, 0, 0, 0.00%, 0, 0, 1, 209.92
1735396342, 4, 3, 10, 0, 0, 0.00%, 0, 0, 1, 209.48
1735396348, 4, 4, 10, 0, 0, 0.00%, 0, 0, 1, 208.20
1735396353, 4, 6, 10, 0, 0, 0.00%, 0, 0, 1, 206.54
1735396358, 4, 7, 10, 0, 0, 0.00%, 0, 0, 1, 209.46
1735396363, 4, 8, 10, 0, 0, 0.00%, 0, 0, 1, 212.57
1735396368, 5, 0, 10, 0, 0, 0.00%, 0, 0, 1, 212.89
1735396373, 5, 1, 10, 0, 0, 0.00%, 0, 0, 1, 208.68
1735396378, 5, 3, 10, 0, 0, 0.00%, 0, 0, 1, 210.59
1735396383, 5, 10, 12, 2, 1, 0.05%, 2, 0, 3, 211.27
1735396464, 5, 11, 12, 1, 1, 0.05%, 2, 0, 3, 237.76
1735396469, 5, 11, 14, 3, 1, 0.05%, 2, 0, 4, 264.10
1735396474, 5, 11, 15, 4, 1, 0.05%, 3, 0, 4, 275.10
1735396479, 5, 11, 18, 7, 1, 0.06%, 5, 0, 4, 277.09
1735396490, 5, 11, 20, 9, 1, 0.06%, 5, 0, 4, 271.93
1735396495, 5, 11, 21, 10, 1, 0.06%, 5, 0, 4, 273.62
1735396510, 5, 11, 22, 11, 1, 0.06%, 6, 0, 4, 273.66
1735396576, 5, 21, 23, 11, 4, 0.06%, 6, 0, 5, 230.87
1735396581, 5, 21, 24, 12, 4, 0.06%, 6, 0, 5, 236.98
1735396601, 5, 21, 25, 13, 4, 0.06%, 6, 0, 5, 239.13
1735396682, 5, 21, 26, 14, 4, 0.06%, 6, 0, 5, 253.78
1735396698, 6, 14, 28, 15, 4, 0.06%, 6, 0, 5, 256.96
1735396703, 6, 14, 29, 16, 4, 0.06%, 6, 0, 5, 266.24
1735396744, 6, 14, 30, 17, 4, 0.06%, 6, 0, 5, 269.66
1735396754, 6, 14, 32, 19, 4, 0.06%, 6, 0, 5, 262.96
1735396779, 6, 14, 33, 20, 4, 0.06%, 6, 0, 5, 268.79
1735396805, 6, 14, 34, 21, 4, 0.06%, 7, 0, 5, 254.58
1735396810, 6, 33, 36, 22, 4, 0.06%, 9, 0, 6, 313.18
1735396835, 6, 33, 37, 23, 4, 0.06%, 9, 0, 6, 469.44
1735396840, 6, 33, 40, 26, 4, 0.06%, 9, 0, 6, 370.84
1735396845, 6, 33, 41, 27, 4, 0.06%, 9, 0, 6, 355.83
1735396927, 7, 16, 42, 27, 6, 0.06%, 9, 0, 6, 349.65
1735396942, 7, 16, 43, 28, 6, 0.06%, 9, 0, 6, 394.36
1735396983, 7, 16, 44, 29, 6, 0.06%, 9, 0, 6, 387.59
1735397008, 7, 34, 46, 30, 6, 0.06%, 9, 0, 7, 415.33
1735397069, 7, 35, 46, 29, 6, 0.06%, 9, 0, 7, 313.26
1735397074, 7, 35, 47, 30, 6, 0.06%, 9, 0, 7, 462.99
1735397100, 7, 35, 48, 31, 6, 0.06%, 9, 0, 7, 393.11
1735397125, 7, 35, 49, 32, 6, 0.06%, 9, 0, 7, 353.65
1735397140, 7, 35, 50, 33, 6, 0.06%, 9, 0, 7, 345.89
1735397201, 7, 35, 51, 34, 6, 0.06%, 9, 0, 7, 314.83
1735397206, 7, 47, 52, 34, 6, 0.06%, 9, 0, 8, 471.33
1735397227, 7, 47, 53, 35, 6, 0.06%, 9, 0, 8, 328.38
1735397232, 7, 47, 54, 36, 6, 0.06%, 9, 0, 8, 315.02
1735397333, 7, 49, 54, 35, 6, 0.06%, 9, 0, 8, 398.35
1735397359, 7, 49, 56, 37, 6, 0.06%, 9, 0, 8, 418.16
1735397369, 7, 49, 57, 38, 6, 0.06%, 9, 0, 8, 356.80
1735397394, 7, 49, 58, 39, 6, 0.06%, 9, 0, 8, 347.45
1735397424, 7, 49, 59, 40, 6, 0.06%, 9, 0, 8, 344.28
1735397465, 7, 51, 59, 39, 6, 0.06%, 9, 0, 8, 474.04
1735397486, 7, 51, 60, 40, 6, 0.06%, 9, 0, 9, 515.10
1735397491, 7, 51, 61, 41, 6, 0.06%, 9, 0, 9, 512.23
1735397536, 7, 52, 61, 40, 6, 0.06%, 9, 0, 9, 289.10
1735397593, 7, 53, 61, 39, 6, 0.06%, 9, 0, 9, 389.28
1735397653, 7, 54, 61, 38, 6, 0.06%, 9, 0, 9, 428.04
1735397740, 7, 55, 61, 37, 6, 0.06%, 9, 0, 9, 353.57
1735397806, 7, 56, 62, 37, 5, 0.06%, 9, 0, 9, 382.48
1735397883, 7, 56, 63, 38, 5, 0.06%, 9, 0, 9, 467.64
1735397934, 8, 16, 63, 37, 5, 0.06%, 9, 0, 9, 333.27
1735397944, 8, 20, 63, 37, 5, 0.06%, 9, 0, 9, 304.37
1735397985, 8, 21, 63, 36, 4, 0.06%, 9, 0, 9, 262.48
1735397995, 8, 22, 63, 36, 4, 0.06%, 9, 0, 9, 270.38
1735398040, 8, 23, 63, 35, 3, 0.06%, 9, 0, 9, 409.75
1735398091, 8, 24, 63, 34, 3, 0.06%, 9, 0, 9, 370.41
1735398116, 8, 24, 64, 35, 3, 0.06%, 9, 0, 9, 335.03
1735398126, 8, 25, 64, 34, 3, 0.06%, 9, 0, 9, 307.04
1735398152, 8, 25, 65, 35, 3, 0.06%, 9, 0, 9, 327.43
1735398162, 8, 32, 65, 34, 3, 0.06%, 9, 0, 9, 356.65
1735398228, 8, 34, 65, 33, 3, 0.06%, 9, 0, 9, 294.14
1735398233, 8, 34, 66, 34, 3, 0.06%, 9, 0, 9, 319.86
1735398244, 8, 35, 66, 34, 3, 0.06%, 9, 0, 9, 331.08
1735398254, 8, 40, 66, 34, 3, 0.06%, 9, 0, 9, 350.76
1735398300, 8, 45, 66, 33, 2, 0.06%, 9, 0, 9, 331.37
1735398366, 8, 47, 66, 32, 2, 0.06%, 9, 0, 9, 320.76
1735398376, 8, 49, 66, 32, 2, 0.06%, 9, 0, 9, 347.06
1735398381, 8, 49, 67, 33, 2, 0.06%, 9, 0, 9, 355.85
1735398386, 8, 50, 67, 33, 2, 0.06%, 9, 0, 9, 454.96
1735398432, 8, 51, 67, 32, 2, 0.06%, 9, 0, 9, 398.40
1735398447, 8, 52, 68, 33, 2, 0.06%, 9, 0, 9, 449.43
1735398462, 8, 53, 68, 33, 2, 0.06%, 9, 0, 9, 429.95
1735398472, 8, 59, 68, 33, 2, 0.06%, 9, 0, 9, 364.31
1735398508, 8, 59, 69, 34, 2, 0.06%, 9, 0, 10, 454.28
1735398574, 8, 60, 69, 33, 2, 0.06%, 9, 0, 10, 231.34
1735398615, 8, 60, 70, 34, 2, 0.06%, 9, 0, 10, 286.52
1735399313, 8, 61, 70, 33, 2, 0.06%, 9, 0, 10, 321.17
1735399415, 8, 62, 70, 32, 2, 0.06%, 9, 0, 10, 334.68
1735399466, 8, 62, 72, 34, 2, 0.06%, 9, 0, 10, 506.24
1735399742, 9, 16, 72, 33, 2, 0.06%, 9, 0, 10, 327.25
1735399747, 9, 20, 72, 33, 2, 0.06%, 9, 0, 10, 284.73
1735399757, 9, 32, 72, 33, 2, 0.06%, 9, 0, 10, 356.06
1735399767, 9, 41, 72, 33, 2, 0.06%, 9, 0, 10, 296.00
1735399813, 9, 42, 72, 32, 2, 0.06%, 9, 0, 10, 397.22
1735399834, 9, 42, 74, 34, 2, 0.06%, 9, 0, 10, 483.71
1735399925, 9, 43, 74, 33, 2, 0.06%, 9, 0, 10, 385.41
1735399961, 9, 72, 74, 32, 2, 0.06%, 9, 0, 10, 404.15
1735400068, 9, 73, 74, 31, 2, 0.06%, 9, 0, 10, 371.61
1735400181, 10, 16, 75, 31, 2, 0.06%, 9, 0, 10, 324.83
1735400186, 10, 17, 75, 31, 2, 0.06%, 9, 0, 10, 450.16
1735400216, 10, 19, 76, 31, 1, 0.06%, 9, 0, 10, 437.99
1735400236, 10, 19, 77, 32, 1, 0.06%, 9, 0, 10, 352.02
1735400246, 10, 20, 77, 31, 1, 0.06%, 9, 0, 10, 302.29
1735400251, 10, 21, 77, 31, 1, 0.06%, 9, 0, 10, 280.97
1735400257, 10, 22, 77, 31, 1, 0.06%, 9, 0, 10, 262.34
1735400267, 10, 23, 77, 31, 1, 0.06%, 9, 0, 10, 291.48
1735400277, 10, 24, 77, 31, 1, 0.06%, 9, 0, 10, 354.30
1735400287, 10, 25, 77, 31, 1, 0.06%, 9, 0, 10, 345.14
1735400292, 10, 32, 77, 31, 1, 0.06%, 9, 0, 10, 360.13
1735400302, 10, 33, 77, 31, 1, 0.06%, 9, 0, 10, 328.47
1735400312, 10, 34, 77, 31, 1, 0.06%, 9, 0, 10, 328.62
1735400322, 10, 35, 77, 31, 1, 0.06%, 9, 0, 10, 332.66
1735400333, 10, 36, 77, 31, 1, 0.06%, 9, 0, 10, 457.67
1735400389, 10, 40, 77, 30, 1, 0.06%, 9, 0, 10, 371.76
1735400399, 10, 41, 77, 30, 1, 0.06%, 9, 0, 10, 296.53
1735400409, 10, 42, 77, 30, 1, 0.06%, 9, 0, 10, 311.10
1735400419, 10, 43, 77, 30, 1, 0.06%, 9, 0, 10, 362.95
1735400429, 10, 44, 77, 30, 1, 0.06%, 9, 0, 10, 242.47
1735401194, 10, 45, 77, 29, 1, 0.06%, 9, 0, 10, 330.55
1735401204, 10, 46, 77, 29, 1, 0.06%, 9, 0, 10, 439.75
1735401265, 10, 47, 77, 28, 1, 0.06%, 9, 0, 10, 368.42
1735401290, 10, 48, 77, 28, 1, 0.06%, 9, 0, 10, 401.63
1735401357, 10, 49, 77, 27, 1, 0.06%, 9, 0, 10, 420.57
1735401397, 10, 50, 77, 27, 1, 0.06%, 9, 0, 10, 488.55
1735401418, 10, 51, 77, 27, 1, 0.06%, 9, 0, 10, 514.02
1735401438, 10, 52, 77, 27, 1, 0.06%, 9, 0, 10, 421.57
1735401448, 10, 53, 77, 27, 1, 0.06%, 9, 0, 10, 332.38
1735401464, 10, 54, 77, 27, 1, 0.06%, 9, 0, 10, 354.47
1735401474, 10, 55, 77, 27, 1, 0.06%, 9, 0, 10, 349.45
1735401489, 10, 56, 77, 27, 1, 0.06%, 9, 0, 10, 399.43
1735401499, 10, 57, 77, 27, 1, 0.06%, 9, 0, 10, 349.94
1735401601, 10, 58, 77, 26, 1, 0.06%, 9, 0, 10, 294.10
1735401719, 10, 59, 77, 25, 1, 0.06%, 9, 0, 10, 412.21
1735401734, 10, 60, 77, 25, 1, 0.06%, 9, 0, 10, 342.53
1735401760, 10, 61, 77, 25, 1, 0.06%, 9, 0, 10, 415.16
1735401770, 10, 62, 77, 25, 1, 0.06%, 9, 0, 10, 379.48
1735402129, 10, 72, 77, 25, 1, 0.06%, 9, 0, 10, 387.24
1735402144, 10, 73, 77, 25, 1, 0.06%, 9, 0, 10, 322.06
1735402164, 11, 16, 77, 25, 1, 0.06%, 9, 0, 10, 325.76
1735402170, 11, 20, 77, 25, 1, 0.06%, 9, 0, 10, 310.57
1735402175, 11, 32, 77, 25, 1, 0.06%, 9, 0, 10, 319.54
1735402180, 11, 41, 77, 25, 1, 0.06%, 9, 0, 10, 288.97
1735402185, 11, 42, 77, 25, 1, 0.06%, 9, 0, 10, 314.14
1735402195, 11, 43, 77, 25, 1, 0.06%, 9, 0, 10, 332.03
1735402205, 11, 72, 77, 25, 1, 0.06%, 9, 0, 10, 369.29
1735402215, 11, 73, 77, 25, 1, 0.06%, 9, 0, 10, 373.91
1735402226, 12, 16, 77, 25, 1, 0.06%, 9, 0, 10, 310.78
1735402231, 12, 20, 77, 25, 1, 0.06%, 9, 0, 10, 299.52
1735402236, 12, 32, 77, 25, 1, 0.06%, 9, 0, 10, 322.81
1735402241, 12, 41, 77, 25, 1, 0.06%, 9, 0, 10, 286.98
1735402251, 12, 42, 77, 25, 1, 0.06%, 9, 0, 10, 344.95
1735402256, 12, 43, 77, 25, 1, 0.06%, 9, 0, 10, 357.99
1735402266, 12, 72, 77, 25, 1, 0.06%, 9, 0, 10, 362.47
1735402271, 12, 73, 77, 25, 1, 0.06%, 9, 0, 10, 356.66
1735402276, 13, 16, 77, 25, 1, 0.06%, 9, 0, 10, 347.00
1735402281, 13, 20, 77, 25, 1, 0.06%, 9, 0, 10, 310.11
1735402286, 13, 32, 77, 25, 1, 0.06%, 9, 0, 10, 325.01
1735402291, 13, 41, 77, 25, 1, 0.06%, 9, 0, 10, 300.88
1735402297, 13, 42, 77, 25, 1, 0.06%, 9, 0, 10, 330.27
1735402302, 13, 43, 77, 25, 1, 0.06%, 9, 0, 10, 346.52
1735402307, 13, 72, 77, 25, 1, 0.06%, 9, 0, 10, 329.82
1735402312, 13, 73, 77, 25, 1, 0.06%, 9, 0, 10, 345.71
1735402317, 14, 16, 77, 25, 1, 0.06%, 9, 0, 10, 322.21
1735402322, 14, 20, 77, 25, 1, 0.06%, 9, 0, 10, 318.94
1735402327, 14, 32, 77, 25, 1, 0.06%, 9, 0, 10, 342.65
1735402332, 14, 41, 77, 25, 1, 0.06%, 9, 0, 10, 300.40
1735402337, 14, 42, 77, 25, 1, 0.06%, 9, 0, 10, 318.68
1735402342, 14, 43, 77, 25, 1, 0.06%, 9, 0, 10, 311.21
1735402347, 14, 72, 77, 25, 1, 0.06%, 9, 0, 10, 325.75
1735402352, 14, 73, 77, 25, 1, 0.06%, 9, 0, 10, 329.04
1735402357, 15, 16, 77, 25, 1, 0.06%, 9, 0, 10, 329.32
1735402362, 15, 32, 77, 25, 1, 0.06%, 9, 0, 10, 319.15
1735402367, 15, 41, 77, 25, 1, 0.06%, 9, 0, 10, 321.07
1735402373, 15, 42, 77, 25, 1, 0.06%, 9, 0, 10, 314.24
1735402378, 15, 43, 77, 25, 1, 0.06%, 9, 0, 10, 335.38
1735402383, 15, 72, 77, 25, 1, 0.06%, 9, 0, 10, 326.76
1735402388, 15, 73, 77, 25, 1, 0.06%, 9, 0, 10, 337.20
1735402393, 16, 16, 77, 25, 1, 0.06%, 9, 0, 10, 338.09
1735402398, 16, 20, 77, 25, 1, 0.06%, 9, 0, 10, 304.92
1735402403, 16, 32, 77, 25, 1, 0.06%, 9, 0, 10, 344.87
1735402408, 16, 41, 77, 25, 1, 0.06%, 9, 0, 10, 315.12
1735402413, 16, 42, 77, 25, 1, 0.06%, 9, 0, 10, 352.32
1735402418, 16, 43, 77, 25, 1, 0.06%, 9, 0, 10, 343.28
1735402424, 16, 72, 77, 25, 1, 0.06%, 9, 0, 10, 358.12
1735402429, 16, 73, 77, 25, 1, 0.06%, 9, 0, 10, 337.34
1735402434, 17, 20, 77, 25, 1, 0.06%, 9, 0, 10, 313.73
1735402439, 17, 32, 77, 25, 1, 0.06%, 9, 0, 10, 333.76
1735402444, 17, 41, 77, 25, 1, 0.06%, 9, 0, 10, 308.73
1735402449, 17, 42, 77, 25, 1, 0.06%, 9, 0, 10, 318.75
1735402454, 17, 43, 77, 25, 1, 0.06%, 9, 0, 10, 360.20
1735402459, 17, 72, 77, 25, 1, 0.06%, 9, 0, 10, 338.66
1735402464, 17, 73, 77, 25, 1, 0.06%, 9, 0, 10, 355.36
1735402469, 18, 16, 77, 25, 1, 0.06%, 9, 0, 10, 347.85
1735402475, 18, 20, 77, 25, 1, 0.06%, 9, 0, 10, 312.69
1735402480, 18, 32, 77, 25, 1, 0.06%, 9, 0, 10, 336.79
1735402485, 18, 41, 77, 25, 1, 0.06%, 9, 0, 10, 298.82
1735402490, 18, 42, 77, 25, 1, 0.06%, 9, 0, 10, 348.74
1735402495, 18, 43, 77, 25, 1, 0.06%, 9, 0, 10, 346.07
1735402500, 18, 72, 77, 25, 1, 0.06%, 9, 0, 10, 356.50
1735402505, 18, 73, 77, 25, 1, 0.06%, 9, 0, 10, 347.06
1735402510, 19, 16, 77, 25, 1, 0.06%, 9, 0, 10, 342.30
1735402515, 19, 20, 77, 25, 1, 0.06%, 9, 0, 10, 312.59
1735402520, 19, 32, 77, 25, 1, 0.06%, 9, 0, 10, 332.74
1735402525, 19, 41, 77, 25, 1, 0.06%, 9, 0, 10, 295.51
1735402530, 19, 42, 77, 25, 1, 0.06%, 9, 0, 10, 331.78
1735402535, 19, 43, 77, 25, 1, 0.06%, 9, 0, 10, 319.77
1735402540, 19, 72, 77, 25, 1, 0.06%, 9, 0, 10, 341.70
1735402545, 19, 73, 77, 25, 1, 0.06%, 9, 0, 10, 324.72
1735402551, 20, 16, 77, 25, 1, 0.06%, 9, 0, 10, 320.20
1735402556, 20, 32, 77, 25, 1, 0.06%, 9, 0, 10, 308.19
1735402561, 20, 41, 77, 25, 1, 0.06%, 9, 0, 10, 311.47
1735402566, 20, 42, 77, 25, 1, 0.06%, 9, 0, 10, 303.10
1735402571, 20, 43, 77, 25, 1, 0.06%, 9, 0, 10, 361.85
1735402576, 20, 72, 77, 25, 1, 0.06%, 9, 0, 10, 354.06
1735402581, 20, 73, 77, 25, 1, 0.06%, 9, 0, 10, 354.59
1735402586, 21, 16, 77, 25, 1, 0.06%, 9, 0, 10, 344.15
1735402591, 21, 20, 77, 25, 1, 0.06%, 9, 0, 10, 316.14
1735402596, 21, 32, 77, 25, 1, 0.06%, 9, 0, 10, 340.85
1735402601, 21, 41, 77, 25, 1, 0.06%, 9, 0, 10, 301.13
1735402606, 21, 42, 77, 25, 1, 0.06%, 9, 0, 10, 320.80
1735402611, 21, 43, 77, 25, 1, 0.06%, 9, 0, 10, 317.48
1735402616, 21, 72, 77, 25, 1, 0.06%, 9, 0, 10, 323.70
1735402621, 21, 73, 77, 25, 1, 0.06%, 9, 0, 10, 349.20
1735402626, 22, 16, 77, 25, 1, 0.06%, 9, 0, 10, 319.86
1735402631, 22, 20, 77, 25, 1, 0.06%, 9, 0, 10, 299.85
1735402637, 22, 32, 77, 25, 1, 0.06%, 9, 0, 10, 319.97
1735402642, 22, 41, 77, 25, 1, 0.06%, 9, 0, 10, 289.23
1735402647, 22, 42, 77, 25, 1, 0.06%, 9, 0, 10, 336.94
1735402652, 22, 43, 77, 25, 1, 0.06%, 9, 0, 10, 322.12
1735402657, 22, 72, 77, 25, 1, 0.06%, 9, 0, 10, 326.87
1735402662, 22, 73, 77, 25, 1, 0.06%, 9, 0, 10, 330.12
1735402667, 23, 16, 77, 25, 1, 0.06%, 9, 0, 10, 336.79
1735402672, 23, 20, 77, 25, 1, 0.06%, 9, 0, 10, 311.80
1735402677, 23, 41, 77, 25, 1, 0.06%, 9, 0, 10, 320.94
1735402687, 23, 42, 77, 25, 1, 0.06%, 9, 0, 10, 323.41
1735402692, 23, 43, 77, 25, 1, 0.06%, 9, 0, 10, 325.97
1735402697, 23, 72, 77, 25, 1, 0.06%, 9, 0, 10, 322.07
1735402702, 23, 73, 77, 25, 1, 0.06%, 9, 0, 10, 339.76
1735402707, 24, 16, 77, 25, 1, 0.06%, 9, 0, 10, 317.79
1735402712, 24, 32, 77, 25, 1, 0.06%, 9, 0, 10, 306.85
1735402718, 24, 41, 77, 25, 1, 0.06%, 9, 0, 10, 318.38
1735402723, 24, 42, 77, 25, 1, 0.06%, 9, 0, 10, 315.07
1735402728, 24, 43, 77, 25, 1, 0.06%, 9, 0, 10, 337.19
1735402733, 24, 72, 77, 25, 1, 0.06%, 9, 0, 10, 317.71
1735402738, 24, 73, 77, 25, 1, 0.06%, 9, 0, 10, 338.17
1735402743, 25, 16, 77, 25, 1, 0.06%, 9, 0, 10, 363.02
1735402748, 25, 20, 77, 25, 1, 0.06%, 9, 0, 10, 304.30
1735402753, 25, 32, 77, 25, 1, 0.06%, 9, 0, 10, 333.48
1735402758, 25, 41, 77, 25, 1, 0.06%, 9, 0, 10, 297.25
1735402763, 25, 42, 77, 25, 1, 0.06%, 9, 0, 10, 343.57
1735402768, 25, 43, 77, 25, 1, 0.06%, 9, 0, 10, 343.38
1735402773, 25, 72, 77, 25, 1, 0.06%, 9, 0, 10, 346.65
1735402778, 25, 73, 77, 25, 1, 0.06%, 9, 0, 10, 363.52
1735402783, 26, 16, 77, 25, 1, 0.06%, 9, 0, 10, 334.78
1735402788, 26, 20, 77, 25, 1, 0.06%, 9, 0, 10, 296.70
1735402793, 26, 32, 77, 25, 1, 0.06%, 9, 0, 10, 335.92
1735402798, 26, 41, 77, 25, 1, 0.06%, 9, 0, 10, 293.76
1735402803, 26, 42, 77, 25, 1, 0.06%, 9, 0, 10, 321.01
1735402808, 26, 43, 77, 25, 1, 0.06%, 9, 0, 10, 314.54
1735402814, 26, 72, 77, 25, 1, 0.06%, 9, 0, 10, 338.17
1735402819, 26, 73, 77, 25, 1, 0.06%, 9, 0, 10, 340.26
1735402824, 27, 20, 77, 25, 1, 0.06%, 9, 0, 10, 324.00
1735402829, 27, 32, 77, 25, 1, 0.06%, 9, 0, 10, 321.39
1735402834, 27, 41, 77, 25, 1, 0.06%, 9, 0, 10, 305.87
1735402839, 27, 42, 77, 25, 1, 0.06%, 9, 0, 10, 345.07
1735402844, 27, 43, 77, 25, 1, 0.06%, 9, 0, 10, 352.75
1735402849, 27, 72, 77, 25, 1, 0.06%, 9, 0, 10, 345.38
1735402854, 27, 73, 77, 25, 1, 0.06%, 9, 0, 10, 355.24
1735402859, 28, 16, 77, 25, 1, 0.06%, 9, 0, 10, 338.69
1735402865, 28, 20, 77, 25, 1, 0.06%, 9, 0, 10, 294.30
1735402870, 28, 32, 77, 25, 1, 0.06%, 9, 0, 10, 324.75
1735402875, 28, 41, 77, 25, 1, 0.06%, 9, 0, 10, 296.74
1735402880, 28, 42, 77, 25, 1, 0.06%, 9, 0, 10, 342.05
1735402885, 28, 43, 77, 25, 1, 0.06%, 9, 0, 10, 353.74
1735402890, 28, 72, 77, 25, 1, 0.06%, 9, 0, 10, 349.12
1735402895, 28, 73, 77, 25, 1, 0.06%, 9, 0, 10, 350.13
1735402900, 29, 16, 77, 25, 1, 0.06%, 9, 0, 10, 349.85
1735402905, 29, 20, 77, 25, 1, 0.06%, 9, 0, 10, 305.75
1735402910, 29, 32, 77, 25, 1, 0.06%, 9, 0, 10, 344.12
1735402915, 29, 41, 77, 25, 1, 0.06%, 9, 0, 10, 300.05
1735402920, 29, 42, 77, 25, 1, 0.06%, 9, 0, 10, 344.64
1735402925, 29, 72, 77, 25, 1, 0.06%, 9, 0, 10, 326.66
1735402936, 29, 73, 77, 25, 1, 0.06%, 9, 0, 10, 341.49
1735402941, 30, 20, 77, 25, 1, 0.06%, 9, 0, 10, 325.45
1735402946, 30, 32, 77, 25, 1, 0.06%, 9, 0, 10, 354.20
1735402951, 30, 33, 77, 25, 1, 0.06%, 9, 0, 10, 334.92
1735402961, 30, 34, 77, 25, 1, 0.06%, 9, 0, 10, 320.12
1735402966, 30, 35, 77, 25, 1, 0.06%, 9, 0, 10, 313.57
1735402971, 30, 36, 77, 25, 1, 0.06%, 9, 0, 10, 410.44
1735402981, 30, 37, 77, 25, 1, 0.06%, 9, 0, 10, 448.91
1735403012, 30, 38, 77, 24, 0, 0.06%, 9, 0, 10, 383.16
1735403058, 30, 39, 77, 23, 0, 0.06%, 9, 0, 10, 277.75
1735403109, 30, 40, 77, 22, 0, 0.06%, 9, 0, 10, 269.91
1735403119, 30, 41, 77, 22, 0, 0.06%, 9, 0, 10, 291.87
1735403124, 30, 42, 77, 22, 0, 0.06%, 9, 0, 10, 339.09
1735403129, 30, 43, 77, 22, 0, 0.06%, 9, 0, 10, 347.84
1735403134, 30, 45, 77, 22, 0, 0.06%, 9, 0, 10, 323.18
1735403144, 30, 46, 77, 22, 0, 0.06%, 9, 0, 10, 343.65
1735403149, 30, 47, 77, 22, 0, 0.06%, 9, 0, 10, 352.80
1735403159, 30, 48, 77, 22, 0, 0.06%, 9, 0, 10, 349.38
1735403169, 30, 49, 77, 22, 0, 0.06%, 9, 0, 10, 320.70
1735403179, 30, 50, 77, 22, 0, 0.06%, 9, 0, 10, 330.35
1735403189, 30, 51, 77, 22, 0, 0.06%, 9, 0, 10, 407.70
1735403200, 30, 52, 77, 22, 0, 0.06%, 9, 0, 10, 439.49
1735403225, 30, 53, 77, 22, 0, 0.06%, 9, 0, 10, 441.27
1735403250, 30, 54, 77, 22, 0, 0.06%, 9, 0, 10, 334.55
1735403302, 30, 55, 77, 22, 0, 0.06%, 9, 0, 10, 441.00
1735403322, 30, 56, 77, 22, 0, 0.06%, 9, 0, 10, 357.72
1735403399, 30, 57, 77, 22, 0, 0.06%, 9, 0, 10, 363.81
1735403471, 30, 58, 77, 22, 0, 0.06%, 9, 0, 10, 389.00
1735403542, 30, 59, 77, 22, 0, 0.06%, 9, 0, 10, 375.38
1735403594, 30, 60, 77, 22, 0, 0.06%, 9, 0, 10, 357.71
1735404321, 30, 61, 77, 22, 0, 0.06%, 9, 0, 10, 421.23
1735404331, 30, 62, 77, 22, 0, 0.06%, 9, 0, 10, 377.39
1735404686, 30, 65, 77, 22, 0, 0.06%, 9, 0, 10, 314.76
1735404813, 30, 66, 77, 21, 0, 0.06%, 9, 0, 10, 406.99
1735404951, 30, 72, 77, 20, 0, 0.06%, 9, 0, 10, 357.59
1735404956, 30, 73, 77, 20, 0, 0.06%, 9, 0, 10, 355.91
1735404961, 31, 16, 77, 20, 0, 0.06%, 9, 0, 10, 337.54
1735404966, 31, 20, 77, 20, 0, 0.06%, 9, 0, 10, 303.33
1735404972, 31, 32, 77, 20, 0, 0.06%, 9, 0, 10, 335.03
1735404977, 31, 41, 77, 20, 0, 0.06%, 9, 0, 10, 305.94
1735404982, 31, 42, 77, 20, 0, 0.06%, 9, 0, 10, 333.77
1735404987, 31, 72, 77, 20, 0, 0.06%, 9, 0, 10, 332.00
1735404997, 31, 73, 77, 20, 0, 0.06%, 9, 0, 10, 328.52
1735405002, 32, 20, 77, 20, 0, 0.06%, 9, 0, 10, 301.71
1735405007, 32, 32, 77, 20, 0, 0.06%, 9, 0, 10, 303.58
1735405012, 32, 41, 77, 20, 0, 0.06%, 9, 0, 10, 304.50
1735405017, 32, 42, 77, 20, 0, 0.06%, 9, 0, 10, 309.52
1735405022, 32, 43, 77, 20, 0, 0.06%, 9, 0, 10, 337.51
1735405027, 32, 72, 77, 20, 0, 0.06%, 9, 0, 10, 303.18
1735405032, 32, 73, 77, 20, 0, 0.06%, 9, 0, 10, 320.07
1735405037, 33, 16, 77, 20, 0, 0.06%, 9, 0, 10, 321.70
1735405043, 33, 20, 77, 20, 0, 0.06%, 9, 0, 10, 315.06
1735405048, 33, 32, 77, 20, 0, 0.06%, 9, 0, 10, 336.12
1735405053, 33, 41, 77, 20, 0, 0.06%, 9, 0, 10, 303.75
1735405058, 33, 42, 77, 20, 0, 0.06%, 9, 0, 10, 298.11
1735405063, 33, 43, 77, 20, 0, 0.06%, 9, 0, 10, 358.65
1735405068, 33, 72, 77, 20, 0, 0.06%, 9, 0, 10, 344.07
1735405073, 33, 73, 77, 20, 0, 0.06%, 9, 0, 10, 339.80
1735405078, 34, 16, 77, 20, 0, 0.06%, 9, 0, 10, 336.84
1735405083, 34, 20, 77, 20, 0, 0.06%, 9, 0, 10, 313.94
1735405088, 34, 32, 77, 20, 0, 0.06%, 9, 0, 10, 329.47
1735405093, 34, 41, 77, 20, 0, 0.06%, 9, 0, 10, 323.18
1735405098, 34, 42, 77, 20, 0, 0.06%, 9, 0, 10, 349.29
1735405103, 34, 43, 77, 20, 0, 0.06%, 9, 0, 10, 340.50
1735405108, 34, 72, 77, 20, 0, 0.06%, 9, 0, 10, 326.74
1735405113, 34, 73, 77, 20, 0, 0.06%, 9, 0, 10, 338.66
1735405118, 35, 16, 77, 20, 0, 0.06%, 9, 0, 10, 311.64
1735405123, 35, 20, 77, 20, 0, 0.06%, 9, 0, 10, 284.22
1735405128, 35, 32, 77, 20, 0, 0.06%, 9, 0, 10, 314.39
1735405133, 35, 41, 77, 20, 0, 0.06%, 9, 0, 10, 289.52
1735405139, 35, 42, 77, 20, 0, 0.06%, 9, 0, 10, 324.91
1735405144, 35, 72, 77, 20, 0, 0.06%, 9, 0, 10, 341.95
1735405154, 35, 73, 77, 20, 0, 0.06%, 9, 0, 10, 319.83
1735405159, 36, 20, 77, 20, 0, 0.06%, 9, 0, 10, 316.40
1735405164, 36, 32, 77, 20, 0, 0.06%, 9, 0, 10, 334.02
1735405169, 36, 41, 77, 20, 0, 0.06%, 9, 0, 10, 306.62
1735405174, 36, 42, 77, 20, 0, 0.06%, 9, 0, 10, 310.37
1735405179, 36, 43, 77, 20, 0, 0.06%, 9, 0, 10, 349.37
1735405185, 36, 72, 77, 20, 0, 0.06%, 9, 0, 10, 354.55
1735405190, 36, 73, 77, 20, 0, 0.06%, 9, 0, 10, 349.84
1735405195, 37, 16, 77, 20, 0, 0.06%, 9, 0, 10, 336.05
1735405200, 37, 20, 77, 20, 0, 0.06%, 9, 0, 10, 302.26
1735405205, 37, 32, 77, 20, 0, 0.06%, 9, 0, 10, 323.29
1735405210, 37, 41, 77, 20, 0, 0.06%, 9, 0, 10, 307.18
1735405215, 37, 42, 77, 20, 0, 0.06%, 9, 0, 10, 350.01
1735405220, 37, 43, 77, 20, 0, 0.06%, 9, 0, 10, 341.42
1735405225, 37, 72, 77, 20, 0, 0.06%, 9, 0, 10, 354.52
1735405230, 37, 73, 77, 20, 0, 0.06%, 9, 0, 10, 355.46
1735405235, 38, 16, 77, 20, 0, 0.06%, 9, 0, 10, 329.76
1735405240, 38, 20, 77, 20, 0, 0.06%, 9, 0, 10, 303.77
1735405245, 38, 32, 77, 20, 0, 0.06%, 9, 0, 10, 328.78
1735405250, 38, 41, 77, 20, 0, 0.06%, 9, 0, 10, 306.72
1735405256, 38, 42, 77, 20, 0, 0.06%, 9, 0, 10, 337.92
1735405261, 38, 43, 77, 20, 0, 0.06%, 9, 0, 10, 332.60
1735405266, 38, 72, 77, 20, 0, 0.06%, 9, 0, 10, 331.77
1735405271, 38, 73, 77, 20, 0, 0.06%, 9, 0, 10, 319.27
1735405276, 39, 16, 77, 20, 0, 0.06%, 9, 0, 10, 323.37
1735405281, 39, 20, 77, 20, 0, 0.06%, 9, 0, 10, 307.36
1735405286, 39, 32, 77, 20, 0, 0.06%, 9, 0, 10, 340.91
1735405291, 39, 41, 77, 20, 0, 0.06%, 9, 0, 10, 291.96
1735405296, 39, 42, 77, 20, 0, 0.06%, 9, 0, 10, 331.12
1735405301, 39, 43, 77, 20, 0, 0.06%, 9, 0, 10, 330.10
1735405306, 39, 72, 77, 20, 0, 0.06%, 9, 0, 10, 341.37
1735405311, 39, 73, 77, 20, 0, 0.06%, 9, 0, 10, 320.18
1735405317, 40, 16, 77, 20, 0, 0.06%, 9, 0, 10, 320.13
1735405322, 40, 20, 77, 20, 0, 0.06%, 9, 0, 10, 292.87
1735405327, 40, 32, 77, 20, 0, 0.06%, 9, 0, 10, 312.79
1735405332, 40, 41, 77, 20, 0, 0.06%, 9, 0, 10, 301.92
1735405337, 40, 42, 77, 20, 0, 0.06%, 9, 0, 10, 329.27
1735405342, 40, 43, 77, 20, 0, 0.06%, 9, 0, 10, 315.82
1735405347, 40, 72, 77, 20, 0, 0.06%, 9, 0, 10, 325.28
1735405352, 40, 73, 77, 20, 0, 0.06%, 9, 0, 10, 342.12
1735405357, 41, 20, 77, 20, 0, 0.06%, 9, 0, 10, 328.83
1735405362, 41, 32, 77, 20, 0, 0.06%, 9, 0, 10, 318.46
1735405367, 41, 41, 77, 20, 0, 0.06%, 9, 0, 10, 303.58
1735405372, 41, 42, 77, 20, 0, 0.06%, 9, 0, 10, 295.36
1735405377, 41, 43, 77, 20, 0, 0.06%, 9, 0, 10, 355.24
1735405382, 41, 72, 77, 20, 0, 0.06%, 9, 0, 10, 334.45
1735405387, 41, 73, 77, 20, 0, 0.06%, 9, 0, 10, 315.44
1735405392, 42, 16, 77, 20, 0, 0.06%, 9, 0, 10, 352.69
1735405397, 42, 20, 77, 20, 0, 0.06%, 9, 0, 10, 307.86
1735405402, 42, 32, 77, 20, 0, 0.06%, 9, 0, 10, 337.73
1735405407, 42, 41, 77, 20, 0, 0.06%, 9, 0, 10, 303.26
1735405413, 42, 42, 77, 20, 0, 0.06%, 9, 0, 10, 337.59
1735405418, 42, 43, 77, 20, 0, 0.06%, 9, 0, 10, 348.95
1735405423, 42, 72, 77, 20, 0, 0.06%, 9, 0, 10, 344.70
1735405428, 42, 73, 77, 20, 0, 0.06%, 9, 0, 10, 343.91
1735405433, 43, 16, 77, 20, 0, 0.06%, 9, 0, 10, 343.53
1735405438, 43, 20, 77, 20, 0, 0.06%, 9, 0, 10, 309.63
1735405443, 43, 32, 77, 20, 0, 0.06%, 9, 0, 10, 334.83
1735405448, 43, 41, 77, 20, 0, 0.06%, 9, 0, 10, 309.09
1735405453, 43, 42, 77, 20, 0, 0.06%, 9, 0, 10, 339.01
1735405458, 43, 43, 77, 20, 0, 0.06%, 9, 0, 10, 333.91
1735405463, 43, 72, 77, 20, 0, 0.06%, 9, 0, 10, 316.26
1735405468, 43, 73, 77, 20, 0, 0.06%, 9, 0, 10, 345.14
1735405473, 44, 20, 77, 20, 0, 0.06%, 9, 0, 10, 326.23
1735405478, 44, 32, 77, 20, 0, 0.06%, 9, 0, 10, 358.52
1735405483, 44, 41, 77, 20, 0, 0.06%, 9, 0, 10, 319.54
1735405488, 44, 42, 77, 20, 0, 0.06%, 9, 0, 10, 319.61
1735405493, 44, 43, 77, 20, 0, 0.06%, 9, 0, 10, 330.75
1735405499, 44, 72, 77, 20, 0, 0.06%, 9, 0, 10, 330.57
1735405504, 44, 73, 77, 20, 0, 0.06%, 9, 0, 10, 342.28
1735405509, 45, 16, 77, 20, 0, 0.06%, 9, 0, 10, 335.56
1735405514, 45, 20, 77, 20, 0, 0.06%, 9, 0, 10, 299.73
1735405519, 45, 32, 77, 20, 0, 0.06%, 9, 0, 10, 337.50
1735405524, 45, 41, 77, 20, 0, 0.06%, 9, 0, 10, 311.09
1735405529, 45, 42, 77, 20, 0, 0.06%, 9, 0, 10, 332.16
1735405534, 45, 43, 77, 20, 0, 0.06%, 9, 0, 10, 345.84
1735405539, 45, 72, 77, 20, 0, 0.06%, 9, 0, 10, 354.79
1735405544, 45, 73, 77, 20, 0, 0.06%, 9, 0, 10, 348.26
1735405549, 46, 16, 77, 20, 0, 0.06%, 9, 0, 10, 348.85
1735405554, 46, 20, 77, 20, 0, 0.06%, 9, 0, 10, 306.03
1735405559, 46, 32, 77, 20, 0, 0.06%, 9, 0, 10, 326.28
1735405564, 46, 41, 77, 20, 0, 0.06%, 9, 0, 10, 301.41
1735405569, 46, 42, 77, 20, 0, 0.06%, 9, 0, 10, 344.74
1735405575, 46, 43, 77, 20, 0, 0.06%, 9, 0, 10, 351.15
1735405580, 46, 72, 77, 20, 0, 0.06%, 9, 0, 10, 359.15
1735405585, 46, 73, 77, 20, 0, 0.06%, 9, 0, 10, 347.65
1735405590, 47, 16, 77, 20, 0, 0.06%, 9, 0, 10, 337.40
1735405595, 47, 20, 77, 20, 0, 0.06%, 9, 0, 10, 300.21
1735405600, 47, 32, 77, 20, 0, 0.06%, 9, 0, 10, 318.17
1735405605, 47, 41, 77, 20, 0, 0.06%, 9, 0, 10, 294.64
1735405610, 47, 42, 77, 20, 0, 0.06%, 9, 0, 10, 345.20
1735405615, 47, 43, 77, 20, 0, 0.06%, 9, 0, 10, 334.25
1735405621, 47, 72, 77, 20, 0, 0.06%, 9, 0, 10, 333.38
1735405626, 47, 73, 77, 20, 0, 0.06%, 9, 0, 10, 331.70
1735405631, 48, 16, 77, 20, 0, 0.06%, 9, 0, 10, 298.84
1735405636, 48, 32, 77, 20, 0, 0.06%, 9, 0, 10, 312.81
1735405641, 48, 41, 77, 20, 0, 0.06%, 9, 0, 10, 332.42
1735405646, 48, 42, 77, 20, 0, 0.06%, 9, 0, 10, 317.31
1735405651, 48, 43, 77, 20, 0, 0.06%, 9, 0, 10, 344.91
1735405656, 48, 72, 77, 20, 0, 0.06%, 9, 0, 10, 342.19
1735405661, 48, 73, 77, 20, 0, 0.06%, 9, 0, 10, 336.56
1735405666, 49, 16, 77, 20, 0, 0.06%, 9, 0, 10, 345.07
1735405671, 49, 20, 77, 20, 0, 0.06%, 9, 0, 10, 313.49
1735405676, 49, 32, 77, 20, 0, 0.06%, 9, 0, 10, 338.40
1735405681, 49, 41, 77, 20, 0, 0.06%, 9, 0, 10, 300.21
1735405686, 49, 42, 77, 20, 0, 0.06%, 9, 0, 10, 319.52
1735405691, 49, 43, 77, 20, 0, 0.06%, 9, 0, 10, 347.74
1735405696, 49, 72, 77, 20, 0, 0.06%, 9, 0, 10, 355.36
1735405702, 49, 73, 77, 20, 0, 0.06%, 9, 0, 10, 369.81
1735405707, 50, 16, 77, 20, 0, 0.06%, 9, 0, 10, 346.25
1735405712, 50, 20, 77, 20, 0, 0.06%, 9, 0, 10, 302.37
1735405717, 50, 32, 77, 20, 0, 0.06%, 9, 0, 10, 339.26
1735405722, 50, 41, 77, 20, 0, 0.06%, 9, 0, 10, 298.73
1735405727, 50, 42, 77, 20, 0, 0.06%, 9, 0, 10, 338.97
1735405732, 50, 43, 77, 20, 0, 0.06%, 9, 0, 10, 341.15
1735405737, 50, 72, 77, 20, 0, 0.06%, 9, 0, 10, 340.98
1735405742, 50, 73, 77, 20, 0, 0.06%, 9, 0, 10, 345.76
1735405747, 51, 16, 77, 20, 0, 0.06%, 9, 0, 10, 326.22
1735405752, 51, 20, 77, 20, 0, 0.06%, 9, 0, 10, 293.59
1735405757, 51, 32, 77, 20, 0, 0.06%, 9, 0, 10, 336.66
1735405762, 51, 41, 77, 20, 0, 0.06%, 9, 0, 10, 310.55
1735405768, 51, 42, 77, 20, 0, 0.06%, 9, 0, 10, 357.93
1735405773, 51, 72, 77, 20, 0, 0.06%, 9, 0, 10, 325.65
1735405778, 51, 73, 77, 20, 0, 0.06%, 9, 0, 10, 337.82
1735405783, 52, 16, 77, 20, 0, 0.06%, 9, 0, 10, 330.50
1735405788, 52, 20, 77, 20, 0, 0.06%, 9, 0, 10, 311.75
1735405793, 52, 32, 77, 20, 0, 0.06%, 9, 0, 10, 346.92
1735405798, 52, 41, 77, 20, 0, 0.06%, 9, 0, 10, 308.30
1735405803, 52, 42, 77, 20, 0, 0.06%, 9, 0, 10, 342.37
1735405808, 52, 43, 77, 20, 0, 0.06%, 9, 0, 10, 345.45
1735405813, 52, 72, 77, 20, 0, 0.06%, 9, 0, 10, 349.94
1735405818, 52, 73, 77, 20, 0, 0.06%, 9, 0, 10, 358.88
1735405823, 53, 16, 77, 20, 0, 0.06%, 9, 0, 10, 339.84
1735405828, 53, 20, 77, 20, 0, 0.06%, 9, 0, 10, 293.27
1735405833, 53, 32, 77, 20, 0, 0.06%, 9, 0, 10, 328.87
1735405838, 53, 41, 77, 20, 0, 0.06%, 9, 0, 10, 295.23
1735405843, 53, 42, 77, 20, 0, 0.06%, 9, 0, 10, 331.85
1735405848, 53, 43, 77, 20, 0, 0.06%, 9, 0, 10, 343.05
1735405853, 53, 72, 77, 20, 0, 0.06%, 9, 0, 10, 354.97
1735405859, 53, 73, 77, 20, 0, 0.06%, 9, 0, 10, 359.50
1735405864, 54, 16, 77, 20, 0, 0.06%, 9, 0, 10, 349.40
1735405869, 54, 20, 77, 20, 0, 0.06%, 9, 0, 10, 311.31
1735405874, 54, 32, 77, 20, 0, 0.06%, 9, 0, 10, 320.17
1735405879, 54, 41, 77, 20, 0, 0.06%, 9, 0, 10, 302.08
1735405884, 54, 42, 77, 20, 0, 0.06%, 9, 0, 10, 306.83
1735405889, 54, 43, 77, 20, 0, 0.06%, 9, 0, 10, 319.47
1735405894, 54, 72, 77, 20, 0, 0.06%, 9, 0, 10, 330.98
1735405899, 54, 73, 77, 20, 0, 0.06%, 9, 0, 10, 347.47
1735405904, 55, 20, 77, 20, 0, 0.06%, 9, 0, 10, 318.99
1735405909, 55, 32, 77, 20, 0, 0.06%, 9, 0, 10, 300.81
1735405914, 55, 41, 77, 20, 0, 0.06%, 9, 0, 10, 327.74
1735405919, 55, 42, 77, 20, 0, 0.06%, 9, 0, 10, 294.90
1735405929, 55, 72, 77, 20, 0, 0.06%, 9, 0, 10, 317.53
1735405934, 55, 73, 77, 20, 0, 0.06%, 9, 0, 10, 329.15
1735405945, 56, 20, 77, 20, 0, 0.06%, 9, 0, 10, 316.54
1735405950, 56, 32, 77, 20, 0, 0.06%, 9, 0, 10, 344.90
1735405955, 56, 41, 77, 20, 0, 0.06%, 9, 0, 10, 310.95
1735405960, 56, 42, 77, 20, 0, 0.06%, 9, 0, 10, 328.59
1735405965, 56, 43, 77, 20, 0, 0.06%, 9, 0, 10, 341.05
1735405970, 56, 72, 77, 20, 0, 0.06%, 9, 0, 10, 341.84
1735405975, 56, 73, 77, 20, 0, 0.06%, 9, 0, 10, 343.79
1735405980, 57, 16, 77, 20, 0, 0.06%, 9, 0, 10, 319.08
1735405985, 57, 20, 77, 20, 0, 0.06%, 9, 0, 10, 311.42
1735405990, 57, 32, 77, 20, 0, 0.06%, 9, 0, 10, 324.08
1735405995, 57, 41, 77, 20, 0, 0.06%, 9, 0, 10, 287.27
1735406000, 57, 42, 77, 20, 0, 0.06%, 9, 0, 10, 330.00
1735406005, 57, 43, 77, 20, 0, 0.06%, 9, 0, 10, 319.37
1735406010, 57, 72, 77, 20, 0, 0.06%, 9, 0, 10, 333.86
1735406016, 57, 73, 77, 20, 0, 0.06%, 9, 0, 10, 336.92
1735406021, 58, 16, 77, 20, 0, 0.06%, 9, 0, 10, 308.85
1735406026, 58, 20, 77, 20, 0, 0.06%, 9, 0, 10, 303.81
1735406031, 58, 41, 77, 20, 0, 0.06%, 9, 0, 10, 332.79
1735406036, 58, 42, 77, 20, 0, 0.06%, 9, 0, 10, 328.71
1735406046, 58, 72, 77, 20, 0, 0.06%, 9, 0, 10, 320.18
1735406051, 58, 73, 77, 20, 0, 0.06%, 9, 0, 10, 328.86
1735406056, 59, 16, 77, 20, 0, 0.06%, 9, 0, 10, 338.27
1735406061, 59, 20, 77, 20, 0, 0.06%, 9, 0, 10, 312.38
1735406066, 59, 32, 77, 20, 0, 0.06%, 9, 0, 10, 342.78
1735406071, 59, 41, 77, 20, 0, 0.06%, 9, 0, 10, 297.07
1735406076, 59, 42, 77, 20, 0, 0.06%, 9, 0, 10, 331.91
1735406081, 59, 43, 77, 20, 0, 0.06%, 9, 0, 10, 358.16
1735406086, 59, 72, 77, 20, 0, 0.06%, 9, 0, 10, 349.48
1735406091, 59, 73, 77, 20, 0, 0.06%, 9, 0, 10, 355.81
1735406096, 60, 16, 77, 20, 0, 0.06%, 9, 0, 10, 319.23
1735406101, 60, 20, 77, 20, 0, 0.06%, 9, 0, 10, 288.68
1735406107, 60, 32, 77, 20, 0, 0.06%, 9, 0, 10, 324.03
1735406112, 60, 41, 77, 20, 0, 0.06%, 9, 0, 10, 306.48
1735406117, 60, 42, 77, 20, 0, 0.06%, 9, 0, 10, 320.44
1735406122, 60, 43, 77, 20, 0, 0.06%, 9, 0, 10, 321.38
1735406127, 60, 72, 77, 20, 0, 0.06%, 9, 0, 10, 337.24
1735406132, 60, 73, 77, 20, 0, 0.06%, 9, 0, 10, 351.93
1735406137, 61, 16, 77, 20, 0, 0.06%, 9, 0, 10, 321.01
1735406142, 61, 32, 77, 20, 0, 0.06%, 9, 0, 10, 319.30
1735406147, 61, 41, 77, 20, 0, 0.06%, 9, 0, 10, 329.18
1735406152, 61, 42, 77, 20, 0, 0.06%, 9, 0, 10, 326.79
1735406157, 61, 43, 77, 20, 0, 0.06%, 9, 0, 10, 362.90
1735406162, 61, 72, 77, 20, 0, 0.06%, 9, 0, 10, 364.79
1735406167, 61, 73, 77, 20, 0, 0.06%, 9, 0, 10, 362.07
1735406172, 62, 16, 77, 20, 0, 0.06%, 9, 0, 10, 348.22
1735406177, 62, 20, 77, 20, 0, 0.06%, 9, 0, 10, 309.88
1735406182, 62, 32, 77, 20, 0, 0.06%, 9, 0, 10, 340.73
1735406187, 62, 41, 77, 20, 0, 0.06%, 9, 0, 10, 304.72
1735406193, 62, 42, 77, 20, 0, 0.06%, 9, 0, 10, 328.13
1735406198, 62, 43, 77, 20, 0, 0.06%, 9, 0, 10, 324.30
1735406203, 62, 72, 77, 20, 0, 0.06%, 9, 0, 10, 342.36
1735406208, 62, 73, 77, 20, 0, 0.06%, 9, 0, 10, 350.07
1735406213, 63, 20, 77, 20, 0, 0.06%, 9, 0, 10, 314.90
1735406218, 63, 32, 77, 20, 0, 0.06%, 9, 0, 10, 337.11
1735406223, 63, 41, 77, 20, 0, 0.06%, 9, 0, 10, 307.33
1735406228, 63, 42, 77, 20, 0, 0.06%, 9, 0, 10, 306.92
1735406233, 63, 43, 77, 20, 0, 0.06%, 9, 0, 10, 307.93
1735406238, 63, 72, 77, 20, 0, 0.06%, 9, 0, 10, 308.40
1735406243, 63, 73, 77, 20, 0, 0.06%, 9, 0, 10, 317.69
1735406248, 64, 16, 77, 20, 0, 0.06%, 9, 0, 10, 337.48
1735406253, 64, 20, 77, 20, 0, 0.06%, 9, 0, 10, 307.73
1735406259, 64, 32, 77, 20, 0, 0.06%, 9, 0, 10, 339.67
1735406264, 64, 41, 77, 20, 0, 0.06%, 9, 0, 10, 291.92
1735406269, 64, 42, 77, 20, 0, 0.06%, 9, 0, 10, 332.74
1735406274, 64, 43, 77, 20, 0, 0.06%, 9, 0, 10, 327.84
1735406279, 64, 72, 77, 20, 0, 0.06%, 9, 0, 10, 341.29
1735406284, 64, 73, 77, 20, 0, 0.06%, 9, 0, 10, 347.41
1735406289, 65, 16, 77, 20, 0, 0.06%, 9, 0, 10, 325.62
1735406294, 65, 20, 77, 20, 0, 0.06%, 9, 0, 10, 299.03
1735406300, 65, 32, 77, 20, 0, 0.06%, 9, 0, 10, 330.40
1735406305, 65, 41, 77, 20, 0, 0.06%, 9, 0, 10, 301.47
1735406310, 65, 42, 77, 20, 0, 0.06%, 9, 0, 10, 329.76
1735406315, 65, 43, 77, 20, 0, 0.06%, 9, 0, 10, 312.96
1735406320, 65, 72, 77, 20, 0, 0.06%, 9, 0, 10, 329.24
1735406325, 65, 73, 77, 20, 0, 0.06%, 9, 0, 10, 346.45
1735406330, 66, 16, 77, 20, 0, 0.06%, 9, 0, 10, 334.98
1735406335, 66, 32, 77, 20, 0, 0.06%, 9, 0, 10, 304.10
1735406340, 66, 41, 77, 20, 0, 0.06%, 9, 0, 10, 327.07
1735406345, 66, 42, 77, 20, 0, 0.06%, 9, 0, 10, 308.89
1735406350, 66, 43, 77, 20, 0, 0.06%, 9, 0, 10, 330.86
1735406355, 66, 72, 77, 20, 0, 0.06%, 9, 0, 10, 308.48
1735406360, 66, 73, 77, 20, 0, 0.06%, 9, 0, 10, 328.56
1735406370, 67, 20, 77, 20, 0, 0.06%, 9, 0, 10, 314.94
1735406375, 67, 32, 77, 20, 0, 0.06%, 9, 0, 10, 341.26
1735406380, 67, 41, 77, 20, 0, 0.06%, 9, 0, 10, 299.33
1735406386, 67, 42, 77, 20, 0, 0.06%, 9, 0, 10, 335.58
1735406391, 67, 43, 77, 20, 0, 0.06%, 9, 0, 10, 353.69
1735406396, 67, 72, 77, 20, 0, 0.06%, 9, 0, 10, 339.66
1735406401, 67, 73, 77, 20, 0, 0.06%, 9, 0, 10, 356.29
1735406406, 68, 16, 77, 20, 0, 0.06%, 9, 0, 10, 332.29
1735406411, 68, 20, 77, 20, 0, 0.06%, 9, 0, 10, 321.55
1735406416, 68, 32, 77, 20, 0, 0.06%, 9, 0, 10, 332.17
1735406421, 68, 41, 77, 20, 0, 0.06%, 9, 0, 10, 300.40
1735406426, 68, 42, 77, 20, 0, 0.06%, 9, 0, 10, 321.72
1735406431, 68, 43, 77, 20, 0, 0.06%, 9, 0, 10, 318.68
1735406436, 68, 72, 77, 20, 0, 0.06%, 9, 0, 10, 334.85
1735406441, 68, 73, 77, 20, 0, 0.06%, 9, 0, 10, 333.70
1735406446, 69, 20, 77, 20, 0, 0.06%, 9, 0, 10, 319.96
1735406452, 69, 32, 77, 20, 0, 0.06%, 9, 0, 10, 320.32
1735406457, 69, 41, 77, 20, 0, 0.06%, 9, 0, 10, 316.36
1735406462, 69, 42, 77, 20, 0, 0.06%, 9, 0, 10, 316.73
1735406467, 69, 43, 77, 20, 0, 0.06%, 9, 0, 10, 352.41
1735406472, 69, 72, 77, 20, 0, 0.06%, 9, 0, 10, 342.72
1735406477, 69, 73, 77, 20, 0, 0.06%, 9, 0, 10, 341.38
1735406482, 70, 16, 77, 20, 0, 0.06%, 9, 0, 10, 321.88
1735406487, 70, 20, 77, 20, 0, 0.06%, 9, 0, 10, 307.56
1735406492, 70, 32, 77, 20, 0, 0.06%, 9, 0, 10, 341.25
1735406497, 70, 41, 77, 20, 0, 0.06%, 9, 0, 10, 309.34
1735406502, 70, 42, 77, 20, 0, 0.06%, 9, 0, 10, 344.54
1735406507, 70, 43, 77, 20, 0, 0.06%, 9, 0, 10, 352.32
1735406512, 70, 72, 77, 20, 0, 0.06%, 9, 0, 10, 348.09
1735406517, 70, 73, 77, 20, 0, 0.06%, 9, 0, 10, 342.34
1735406523, 71, 16, 77, 20, 0, 0.06%, 9, 0, 10, 342.71
1735406528, 71, 20, 77, 20, 0, 0.06%, 9, 0, 10, 312.09
1735406533, 71, 32, 77, 20, 0, 0.06%, 9, 0, 10, 315.90
1735406538, 71, 41, 77, 20, 0, 0.06%, 9, 0, 10, 279.61
1735406543, 71, 42, 77, 20, 0, 0.06%, 9, 0, 10, 337.66
1735406548, 71, 72, 77, 20, 0, 0.06%, 9, 0, 10, 346.76
1735406558, 71, 73, 77, 20, 0, 0.06%, 9, 0, 10, 323.74
1735406563, 72, 16, 77, 20, 0, 0.06%, 9, 0, 10, 318.27
1735406568, 72, 20, 77, 20, 0, 0.06%, 9, 0, 10, 300.99
1735406573, 72, 41, 77, 20, 0, 0.06%, 9, 0, 10, 325.27
1735406578, 72, 42, 77, 20, 0, 0.06%, 9, 0, 10, 330.57
1735406588, 72, 72, 77, 20, 0, 0.06%, 9, 0, 10, 328.09
1735406593, 72, 73, 77, 20, 0, 0.06%, 9, 0, 10, 347.07
1735406598, 73, 16, 77, 20, 0, 0.06%, 9, 0, 10, 339.43
1735406604, 73, 20, 77, 20, 0, 0.06%, 9, 0, 10, 313.70
1735406609, 73, 32, 77, 20, 0, 0.06%, 9, 0, 10, 345.66
1735406614, 73, 41, 77, 20, 0, 0.06%, 9, 0, 10, 311.07
1735406619, 73, 42, 77, 20, 0, 0.06%, 9, 0, 10, 336.89
1735406624, 73, 43, 77, 20, 0, 0.06%, 9, 0, 10, 350.73
1735406629, 73, 72, 77, 20, 0, 0.06%, 9, 0, 10, 351.96
1735406634, 73, 73, 77, 20, 0, 0.06%, 9, 0, 10, 357.58
1735406639, 74, 16, 77, 20, 0, 0.06%, 9, 0, 10, 317.48
1735406644, 74, 20, 77, 20, 0, 0.06%, 9, 0, 10, 301.09
1735406649, 74, 32, 77, 20, 0, 0.06%, 9, 0, 10, 340.45
1735406654, 74, 41, 77, 20, 0, 0.06%, 9, 0, 10, 308.61
1735406659, 74, 42, 77, 20, 0, 0.06%, 9, 0, 10, 326.53
1735406664, 74, 43, 77, 20, 0, 0.06%, 9, 0, 10, 342.89
1735406670, 74, 72, 77, 20, 0, 0.06%, 9, 0, 10, 337.17
1735406675, 74, 73, 77, 20, 0, 0.06%, 9, 0, 10, 338.58
1735406680, 75, 16, 77, 20, 0, 0.06%, 9, 0, 10, 312.23
1735406685, 75, 32, 77, 20, 0, 0.06%, 9, 0, 10, 297.04
1735406690, 75, 41, 77, 20, 0, 0.06%, 9, 0, 10, 315.77
1735406695, 75, 42, 77, 20, 0, 0.06%, 9, 0, 10, 312.50
1735406705, 75, 72, 77, 20, 0, 0.06%, 9, 0, 10, 330.80
1735406710, 75, 73, 77, 20, 0, 0.06%, 9, 0, 10, 325.15
1735406715, 76, 16, 77, 20, 0, 0.06%, 9, 0, 10, 340.44
1735406720, 76, 20, 77, 20, 0, 0.06%, 9, 0, 10, 316.28
1735406725, 76, 32, 77, 20, 0, 0.06%, 9, 0, 10, 345.31
1735406730, 76, 41, 77, 20, 0, 0.06%, 9, 0, 10, 296.36
1735406736, 76, 42, 77, 20, 0, 0.06%, 9, 0, 10, 339.43
1735406741, 76, 43, 77, 20, 0, 0.06%, 9, 0, 10, 349.83
1735406746, 76, 72, 77, 20, 0, 0.06%, 9, 0, 10, 347.34
1735406751, 76, 73, 77, 20, 0, 0.06%, 9, 0, 10, 351.93
1735406756, 77, 16, 77, 20, 0, 0.06%, 9, 0, 10, 336.79
1735406761, 77, 20, 77, 20, 0, 0.06%, 9, 0, 10, 306.50
1735406766, 77, 32, 77, 20, 0, 0.06%, 9, 0, 10, 329.64
1735406771, 77, 41, 77, 20, 0, 0.06%, 9, 0, 10, 297.65
1735406776, 77, 42, 77, 20, 0, 0.06%, 9, 0, 10, 330.76
1735406781, 77, 43, 77, 20, 0, 0.06%, 9, 0, 10, 327.00
1735406786, 77, 72, 77, 20, 0, 0.06%, 9, 0, 10, 328.01
1735406791, 77, 73, 77, 20, 0, 0.06%, 9, 0, 10, 350.09
1735406796, 78, 16, 77, 20, 0, 0.06%, 9, 0, 10, 334.99
1735406801, 78, 20, 77, 20, 0, 0.06%, 9, 0, 10, 312.60
1735406806, 78, 32, 77, 20, 0, 0.06%, 9, 0, 10, 306.39
1735406811, 78, 41, 77, 20, 0, 0.06%, 9, 0, 10, 297.82
1735406816, 78, 42, 77, 20, 0, 0.06%, 9, 0, 10, 339.80
1735406821, 78, 43, 77, 20, 0, 0.06%, 9, 0, 10, 331.45
1735406827, 78, 72, 77, 20, 0, 0.06%, 9, 0, 10, 326.86
1735406832, 78, 73, 77, 20, 0, 0.06%, 9, 0, 10, 353.49
1735406837, 79, 16, 77, 20, 0, 0.06%, 9, 0, 10, 333.03
1735406842, 79, 20, 77, 20, 0, 0.06%, 9, 0, 10, 311.83
1735406847, 79, 32, 77, 20, 0, 0.06%, 9, 0, 10, 331.10
1735406852, 79, 41, 77, 20, 0, 0.06%, 9, 0, 10, 296.90
1735406857, 79, 42, 77, 20, 0, 0.06%, 9, 0, 10, 337.66
1735406862, 79, 43, 77, 20, 0, 0.06%, 9, 0, 10, 328.33
1735406867, 79, 72, 77, 20, 0, 0.06%, 9, 0, 10, 342.40
1735406872, 79, 73, 77, 20, 0, 0.06%, 9, 0, 10, 347.51
1735406877, 80, 20, 77, 20, 0, 0.06%, 9, 0, 10, 325.63
1735406882, 80, 32, 77, 20, 0, 0.06%, 9, 0, 10, 335.94
1735406887, 80, 41, 77, 20, 0, 0.06%, 9, 0, 10, 308.29
1735406892, 80, 42, 77, 20, 0, 0.06%, 9, 0, 10, 324.31
1735406897, 80, 43, 77, 20, 0, 0.06%, 9, 0, 10, 353.15
1735406903, 80, 72, 77, 20, 0, 0.06%, 9, 0, 10, 346.21
1735406908, 80, 73, 77, 20, 0, 0.06%, 9, 0, 10, 352.47
1735406913, 81, 16, 77, 20, 0, 0.06%, 9, 0, 10, 348.74
1735406918, 81, 20, 77, 20, 0, 0.06%, 9, 0, 10, 306.94
1735406923, 81, 21, 77, 20, 0, 0.06%, 9, 0, 10, 277.04
1735406928, 81, 22, 77, 20, 0, 0.06%, 9, 0, 10, 301.05
1735406938, 81, 23, 77, 20, 0, 0.06%, 9, 0, 10, 276.80
1735406943, 81, 24, 77, 20, 0, 0.06%, 9, 0, 10, 427.66
