# unix_time, cycles_done, cur_path, paths_total, pending_total, pending_favs, map_size, unique_crashes, unique_hangs, max_depth, execs_per_sec
1735019935, 0, 0, 10, 10, 1, 0.00%, 0, 0, 1, 175.82
1735019940, 0, 2, 10, 10, 1, 0.00%, 0, 0, 1, 206.15
1735019945, 0, 3, 10, 9, 0, 0.00%, 0, 0, 1, 211.14
1735019950, 0, 4, 10, 8, 0, 0.00%, 0, 0, 1, 203.43
1735019961, 0, 5, 10, 7, 0, 0.00%, 0, 0, 1, 215.52
1735019966, 0, 6, 10, 6, 0, 0.00%, 0, 0, 1, 199.81
1735019976, 0, 7, 10, 5, 0, 0.00%, 0, 0, 1, 212.26
1735019981, 0, 8, 10, 4, 0, 0.00%, 0, 0, 1, 213.69
1735019986, 0, 9, 10, 3, 0, 0.00%, 0, 0, 1, 209.33
1735019997, 1, 0, 10, 2, 0, 0.00%, 0, 0, 1, 212.73
1735020007, 1, 1, 10, 1, 0, 0.00%, 0, 0, 1, 213.18
1735020017, 1, 2, 10, 0, 0, 0.00%, 0, 0, 1, 209.97
1735020022, 1, 3, 10, 0, 0, 0.00%, 0, 0, 1, 212.77
1735020028, 1, 4, 10, 0, 0, 0.00%, 0, 0, 1, 212.33
1735020033, 1, 6, 10, 0, 0, 0.00%, 0, 0, 1, 214.69
1735020038, 1, 7, 10, 0, 0, 0.00%, 0, 0, 1, 210.46
1735020043, 1, 8, 11, 1, 0, 0.05%, 1, 0, 2, 211.92
1735020048, 1, 10, 12, 2, 1, 0.05%, 2, 0, 3, 214.29
1735020089, 1, 11, 13, 2, 1, 0.05%, 2, 0, 4, 239.24
1735020094, 1, 11, 16, 5, 1, 0.05%, 4, 0, 4, 267.67
1735020104, 1, 11, 17, 6, 1, 0.05%, 4, 0, 4, 277.97
1735020114, 1, 11, 19, 8, 1, 0.06%, 5, 0, 4, 280.75
1735020119, 1, 11, 20, 9, 1, 0.06%, 5, 0, 4, 277.27
1735020129, 1, 11, 21, 10, 1, 0.06%, 6, 0, 4, 283.28
1735020145, 1, 11, 22, 11, 1, 0.06%, 6, 0, 4, 282.34
1735020185, 1, 13, 23, 11, 4, 0.06%, 6, 0, 5, 261.10
1735020206, 1, 13, 24, 12, 4, 0.06%, 6, 0, 5, 282.77
1735020211, 1, 13, 25, 13, 4, 0.06%, 6, 0, 5, 282.51
1735020231, 1, 13, 26, 14, 4, 0.06%, 6, 0, 5, 282.13
1735020282, 1, 15, 28, 15, 3, 0.06%, 6, 0, 5, 259.13
1735020292, 1, 15, 29, 16, 3, 0.06%, 6, 0, 5, 266.00
1735020317, 1, 15, 30, 17, 3, 0.06%, 6, 0, 5, 266.28
1735020383, 1, 18, 33, 19, 2, 0.06%, 9, 0, 5, 401.62
1735020393, 1, 18, 34, 20, 2, 0.06%, 9, 0, 5, 453.55
1735020404, 1, 18, 35, 21, 2, 0.06%, 9, 0, 5, 452.84
1735020444, 1, 31, 35, 20, 4, 0.06%, 9, 0, 5, 283.87
1735020449, 1, 31, 37, 22, 4, 0.06%, 9, 0, 6, 452.58
1735020454, 1, 31, 38, 23, 4, 0.06%, 9, 0, 6, 485.71
1735020510, 1, 32, 41, 25, 3, 0.06%, 9, 0, 6, 411.61
1735020520, 1, 32, 42, 26, 3, 0.06%, 9, 0, 6, 495.79
1735020541, 1, 32, 43, 27, 3, 0.06%, 9, 0, 6, 497.44
1735020556, 1, 32, 44, 28, 3, 0.06%, 9, 0, 6, 495.78
1735020566, 2, 30, 45, 28, 2, 0.06%, 9, 0, 6, 367.93
1735020571, 2, 30, 46, 29, 2, 0.06%, 9, 0, 6, 471.37
1735020576, 2, 30, 47, 30, 2, 0.06%, 9, 0, 6, 487.69
1735020591, 2, 30, 48, 31, 2, 0.06%, 9, 0, 6, 505.94
1735020607, 2, 30, 49, 32, 2, 0.06%, 9, 0, 6, 496.47
1735020632, 2, 30, 50, 33, 2, 0.06%, 9, 0, 6, 419.31
1735020637, 2, 30, 51, 34, 2, 0.06%, 9, 0, 6, 297.17
1735020642, 2, 40, 52, 34, 1, 0.06%, 9, 0, 7, 362.68
1735020662, 2, 42, 52, 33, 1, 0.06%, 9, 0, 7, 437.72
1735020688, 2, 44, 53, 33, 1, 0.06%, 9, 0, 7, 441.23
1735020765, 2, 44, 55, 35, 1, 0.06%, 9, 0, 7, 504.06
1735020770, 2, 44, 57, 37, 1, 0.06%, 9, 0, 7, 498.18
1735020780, 2, 44, 58, 38, 1, 0.06%, 9, 0, 7, 488.15
1735020820, 2, 44, 60, 40, 1, 0.06%, 9, 0, 7, 480.86
1735020825, 2, 44, 61, 41, 1, 0.06%, 9, 0, 7, 488.34
1735020830, 2, 44, 62, 42, 1, 0.06%, 9, 0, 7, 432.61
1735020841, 2, 45, 62, 41, 1, 0.06%, 9, 0, 7, 430.16
1735020856, 2, 46, 63, 41, 1, 0.06%, 9, 0, 7, 415.90
1735020876, 2, 47, 63, 40, 1, 0.06%, 9, 0, 7, 255.94
1735021302, 2, 47, 64, 41, 1, 0.06%, 9, 0, 7, 426.46
1735021313, 2, 47, 66, 43, 1, 0.06%, 9, 0, 7, 485.99
1735021318, 2, 47, 67, 44, 1, 0.06%, 9, 0, 7, 491.54
1735021353, 2, 47, 68, 45, 1, 0.06%, 9, 0, 7, 484.51
1735021374, 2, 49, 68, 44, 1, 0.06%, 9, 0, 7, 345.98
1735021399, 2, 50, 68, 43, 1, 0.06%, 9, 0, 7, 335.11
1735021450, 2, 53, 68, 42, 1, 0.06%, 9, 0, 7, 459.65
1735021465, 2, 54, 68, 41, 1, 0.06%, 9, 0, 7, 381.39
1735021486, 2, 55, 68, 40, 1, 0.06%, 9, 0, 7, 399.90
1735021547, 2, 56, 68, 39, 1, 0.06%, 9, 0, 7, 399.12
1735021614, 2, 57, 68, 38, 1, 0.06%, 9, 0, 7, 414.59
1735021675, 2, 57, 69, 39, 1, 0.06%, 9, 0, 8, 507.68
1735021690, 2, 58, 69, 38, 1, 0.06%, 9, 0, 8, 399.51
1735021757, 2, 59, 69, 37, 1, 0.06%, 9, 0, 8, 424.07
1735021819, 2, 60, 69, 36, 1, 0.06%, 9, 0, 8, 392.46
1735021839, 2, 61, 69, 35, 1, 0.06%, 9, 0, 8, 471.06
1735021850, 2, 61, 70, 36, 1, 0.07%, 10, 0, 8, 518.33
1735021870, 2, 69, 73, 38, 2, 0.07%, 10, 0, 9, 245.51
1735021895, 2, 69, 74, 39, 2, 0.07%, 10, 0, 9, 219.37
1735021966, 2, 69, 75, 40, 2, 0.07%, 10, 0, 9, 213.52
1735021991, 2, 72, 75, 39, 1, 0.07%, 10, 0, 9, 348.70
1735022002, 2, 72, 76, 40, 1, 0.07%, 10, 0, 10, 361.38
1735022012, 2, 72, 77, 41, 1, 0.07%, 10, 0, 10, 361.41
1735022068, 3, 31, 77, 40, 1, 0.07%, 10, 0, 10, 345.27
1735022073, 3, 35, 77, 40, 1, 0.07%, 10, 0, 10, 434.44
1735022088, 3, 36, 77, 39, 1, 0.07%, 10, 0, 10, 458.25
1735022103, 3, 37, 77, 38, 1, 0.07%, 10, 0, 10, 381.12
1735022124, 3, 38, 77, 37, 1, 0.07%, 10, 0, 10, 402.83
1735022139, 3, 39, 77, 36, 1, 0.07%, 10, 0, 10, 378.58
1735022159, 3, 40, 77, 35, 1, 0.07%, 10, 0, 10, 406.21
1735022169, 3, 41, 77, 35, 1, 0.07%, 10, 0, 10, 524.10
1735022185, 3, 42, 77, 34, 1, 0.07%, 10, 0, 10, 369.16
1735022200, 3, 43, 77, 34, 1, 0.07%, 10, 0, 10, 378.66
1735022246, 3, 44, 77, 33, 1, 0.07%, 10, 0, 10, 373.83
1735022251, 3, 45, 77, 33, 1, 0.07%, 10, 0, 10, 415.93
1735022261, 3, 46, 78, 34, 1, 0.07%, 10, 0, 10, 417.68
1735022266, 3, 46, 79, 35, 1, 0.07%, 10, 0, 10, 406.73
1735022271, 3, 47, 79, 35, 1, 0.07%, 10, 0, 10, 404.95
1735022292, 3, 48, 79, 35, 1, 0.07%, 10, 0, 10, 354.21
1735022687, 3, 49, 79, 34, 1, 0.07%, 10, 0, 10, 328.44
1735022697, 3, 50, 79, 34, 1, 0.07%, 10, 0, 10, 326.90
1735022708, 3, 51, 79, 34, 1, 0.07%, 10, 0, 10, 293.22
1735022728, 3, 52, 79, 33, 1, 0.07%, 10, 0, 10, 383.68
1735022846, 3, 53, 79, 32, 1, 0.07%, 10, 0, 10, 365.12
1735022856, 3, 54, 79, 32, 1, 0.07%, 10, 0, 10, 397.93
1735022866, 3, 55, 79, 32, 1, 0.07%, 10, 0, 10, 376.27
1735022871, 3, 56, 79, 32, 1, 0.07%, 10, 0, 10, 343.81
1735022881, 3, 57, 79, 32, 1, 0.07%, 10, 0, 10, 317.72
1735022891, 3, 58, 79, 32, 1, 0.07%, 10, 0, 10, 330.84
1735022902, 3, 59, 79, 32, 1, 0.07%, 10, 0, 10, 411.82
1735022912, 3, 60, 79, 32, 1, 0.07%, 10, 0, 10, 369.71
1735022917, 3, 61, 79, 32, 1, 0.07%, 10, 0, 10, 354.32
1735022927, 3, 62, 79, 32, 1, 0.07%, 10, 0, 10, 385.09
1735022983, 3, 68, 79, 31, 1, 0.07%, 10, 0, 10, 361.88
1735023039, 3, 68, 81, 33, 1, 0.07%, 10, 0, 10, 448.97
1735023059, 3, 69, 81, 32, 1, 0.07%, 10, 0, 10, 319.18
1735023080, 3, 70, 81, 32, 1, 0.07%, 10, 0, 10, 233.76
1735023115, 3, 72, 81, 31, 1, 0.07%, 10, 0, 10, 342.46
1735023131, 3, 73, 81, 31, 1, 0.07%, 10, 0, 10, 250.89
1735023166, 3, 75, 81, 30, 0, 0.07%, 10, 0, 10, 445.12
1735023197, 3, 76, 81, 29, 0, 0.07%, 10, 0, 10, 405.81
1735023243, 3, 79, 81, 28, 0, 0.07%, 10, 0, 10, 358.17
1735023320, 3, 80, 81, 27, 0, 0.07%, 10, 0, 10, 404.92
1735023397, 4, 31, 81, 26, 0, 0.07%, 10, 0, 10, 378.93
1735023402, 4, 35, 81, 26, 0, 0.07%, 10, 0, 10, 344.09
1735023407, 4, 36, 81, 26, 0, 0.07%, 10, 0, 10, 370.62
1735023412, 4, 44, 81, 26, 0, 0.07%, 10, 0, 10, 374.04
1735023422, 4, 54, 81, 26, 0, 0.07%, 10, 0, 10, 353.77
1735023427, 4, 55, 81, 26, 0, 0.07%, 10, 0, 10, 347.52
1735023432, 4, 56, 81, 26, 0, 0.07%, 10, 0, 10, 354.50
1735023437, 4, 57, 81, 26, 0, 0.07%, 10, 0, 10, 355.15
1735023442, 4, 58, 81, 26, 0, 0.07%, 10, 0, 10, 359.68
1735023447, 4, 59, 81, 26, 0, 0.07%, 10, 0, 10, 343.95
1735023453, 4, 60, 81, 26, 0, 0.07%, 10, 0, 10, 376.82
1735023458, 4, 61, 81, 26, 0, 0.07%, 10, 0, 10, 379.10
1735023463, 4, 68, 81, 26, 0, 0.07%, 10, 0, 10, 396.76
1735023478, 4, 79, 81, 26, 0, 0.07%, 10, 0, 10, 405.81
1735023488, 4, 80, 81, 26, 0, 0.07%, 10, 0, 10, 331.23
1735023503, 5, 31, 81, 26, 0, 0.07%, 10, 0, 10, 354.66
1735023508, 5, 35, 81, 26, 0, 0.07%, 10, 0, 10, 328.45
1735023514, 5, 37, 81, 26, 0, 0.07%, 10, 0, 10, 343.36
1735023519, 5, 44, 81, 26, 0, 0.07%, 10, 0, 10, 324.78
1735023524, 5, 53, 81, 26, 0, 0.07%, 10, 0, 10, 348.13
1735023529, 5, 54, 81, 26, 0, 0.07%, 10, 0, 10, 383.01
1735023534, 5, 55, 81, 26, 0, 0.07%, 10, 0, 10, 357.64
1735023539, 5, 56, 81, 26, 0, 0.07%, 10, 0, 10, 352.32
1735023544, 5, 57, 81, 26, 0, 0.07%, 10, 0, 10, 323.98
1735023549, 5, 58, 81, 26, 0, 0.07%, 10, 0, 10, 319.98
1735023554, 5, 59, 81, 26, 0, 0.07%, 10, 0, 10, 340.84
1735023559, 5, 60, 81, 26, 0, 0.07%, 10, 0, 10, 389.17
1735023564, 5, 61, 81, 26, 0, 0.07%, 10, 0, 10, 382.76
1735023569, 5, 62, 81, 26, 0, 0.07%, 10, 0, 10, 372.09
1735023620, 5, 63, 81, 26, 0, 0.07%, 10, 0, 10, 346.19
1735023904, 5, 64, 81, 25, 0, 0.07%, 10, 0, 10, 408.66
1735024073, 5, 68, 81, 24, 0, 0.07%, 10, 0, 10, 357.12
1735024083, 5, 69, 81, 24, 0, 0.07%, 10, 0, 10, 272.66
1735024088, 5, 70, 81, 24, 0, 0.07%, 10, 0, 10, 263.11
1735024104, 5, 71, 81, 24, 0, 0.07%, 10, 0, 10, 294.67
1735024144, 5, 72, 81, 23, 0, 0.07%, 10, 0, 10, 375.11
1735024149, 5, 73, 81, 23, 0, 0.07%, 10, 0, 10, 321.18
1735024170, 5, 74, 81, 23, 0, 0.07%, 10, 0, 10, 281.29
1735024205, 5, 75, 81, 22, 0, 0.07%, 10, 0, 10, 350.12
1735024225, 5, 76, 81, 22, 0, 0.07%, 10, 0, 10, 290.47
1735024240, 5, 79, 81, 22, 0, 0.07%, 10, 0, 10, 275.19
1735024256, 5, 80, 81, 22, 0, 0.07%, 10, 0, 10, 373.78
1735024271, 6, 13, 81, 22, 0, 0.07%, 10, 0, 10, 304.77
1735024276, 6, 15, 81, 22, 0, 0.07%, 10, 0, 10, 311.69
1735024281, 6, 20, 81, 22, 0, 0.07%, 10, 0, 10, 306.97
1735024301, 6, 22, 81, 21, 0, 0.07%, 10, 0, 10, 365.34
1735024317, 6, 23, 81, 20, 0, 0.07%, 10, 0, 10, 403.80
1735024342, 6, 26, 81, 19, 0, 0.07%, 10, 0, 10, 280.09
1735024363, 6, 27, 81, 18, 0, 0.07%, 10, 0, 10, 377.68
1735024388, 6, 28, 81, 17, 0, 0.07%, 10, 0, 10, 309.19
1735024414, 6, 29, 81, 16, 0, 0.07%, 10, 0, 10, 379.47
1735024434, 6, 35, 81, 15, 0, 0.07%, 10, 0, 10, 341.19
1735024439, 6, 36, 81, 15, 0, 0.07%, 10, 0, 10, 384.44
1735024444, 6, 37, 81, 15, 0, 0.07%, 10, 0, 10, 376.08
1735024449, 6, 40, 81, 15, 0, 0.07%, 10, 0, 10, 341.41
1735024454, 6, 42, 81, 15, 0, 0.07%, 10, 0, 10, 324.55
1735024459, 6, 44, 81, 15, 0, 0.07%, 10, 0, 10, 341.89
1735024464, 6, 49, 81, 15, 0, 0.07%, 10, 0, 10, 312.43
1735024470, 6, 50, 81, 15, 0, 0.07%, 10, 0, 10, 341.28
1735024475, 6, 51, 81, 15, 0, 0.07%, 10, 0, 10, 336.45
1735024485, 6, 54, 81, 15, 0, 0.07%, 10, 0, 10, 348.48
1735024490, 6, 55, 81, 15, 0, 0.07%, 10, 0, 10, 325.09
1735024495, 6, 56, 81, 15, 0, 0.07%, 10, 0, 10, 345.65
1735024500, 6, 57, 81, 15, 0, 0.07%, 10, 0, 10, 354.13
1735024505, 6, 58, 81, 15, 0, 0.07%, 10, 0, 10, 358.66
1735024510, 6, 59, 81, 15, 0, 0.07%, 10, 0, 10, 349.95
1735024520, 6, 61, 81, 15, 0, 0.07%, 10, 0, 10, 350.35
1735024525, 6, 62, 81, 15, 0, 0.07%, 10, 0, 10, 343.59
1735024530, 6, 68, 81, 15, 0, 0.07%, 10, 0, 10, 325.32
1735024540, 6, 72, 81, 15, 0, 0.07%, 10, 0, 10, 323.98
1735024546, 6, 73, 81, 15, 0, 0.07%, 10, 0, 10, 274.65
1735024556, 6, 75, 81, 15, 0, 0.07%, 10, 0, 10, 309.60
1735024561, 6, 76, 81, 15, 0, 0.07%, 10, 0, 10, 337.02
1735024566, 6, 79, 81, 15, 0, 0.07%, 10, 0, 10, 300.40
1735024576, 6, 80, 81, 15, 0, 0.07%, 10, 0, 10, 390.51
1735024581, 7, 15, 81, 15, 0, 0.07%, 10, 0, 10, 318.62
1735024586, 7, 20, 81, 15, 0, 0.07%, 10, 0, 10, 307.64
1735024591, 7, 26, 81, 15, 0, 0.07%, 10, 0, 10, 287.09
1735024597, 7, 27, 81, 15, 0, 0.07%, 10, 0, 10, 323.63
1735024602, 7, 28, 81, 15, 0, 0.07%, 10, 0, 10, 294.47
1735024607, 7, 29, 81, 15, 0, 0.07%, 10, 0, 10, 338.87
1735024612, 7, 31, 81, 15, 0, 0.07%, 10, 0, 10, 332.18
1735024617, 7, 35, 81, 15, 0, 0.07%, 10, 0, 10, 349.59
1735024622, 7, 36, 81, 15, 0, 0.07%, 10, 0, 10, 339.74
1735024627, 7, 37, 81, 15, 0, 0.07%, 10, 0, 10, 332.11
1735024632, 7, 42, 81, 15, 0, 0.07%, 10, 0, 10, 337.35
1735024637, 7, 44, 81, 15, 0, 0.07%, 10, 0, 10, 325.33
1735024642, 7, 49, 81, 15, 0, 0.07%, 10, 0, 10, 351.14
1735024647, 7, 50, 81, 15, 0, 0.07%, 10, 0, 10, 301.11
1735024652, 7, 51, 81, 15, 0, 0.07%, 10, 0, 10, 312.00
1735024657, 7, 53, 81, 15, 0, 0.07%, 10, 0, 10, 337.68
1735024662, 7, 54, 81, 15, 0, 0.07%, 10, 0, 10, 361.81
1735024667, 7, 55, 81, 15, 0, 0.07%, 10, 0, 10, 371.58
1735024672, 7, 56, 81, 15, 0, 0.07%, 10, 0, 10, 363.91
1735024677, 7, 57, 81, 15, 0, 0.07%, 10, 0, 10, 379.89
1735024682, 7, 58, 81, 15, 0, 0.07%, 10, 0, 10, 377.03
1735024687, 7, 59, 81, 15, 0, 0.07%, 10, 0, 10, 359.29
1735024693, 7, 60, 81, 15, 0, 0.07%, 10, 0, 10, 385.49
1735024698, 7, 61, 81, 15, 0, 0.07%, 10, 0, 10, 375.14
1735024703, 7, 62, 81, 15, 0, 0.07%, 10, 0, 10, 340.55
1735024708, 7, 68, 81, 15, 0, 0.07%, 10, 0, 10, 391.85
1735024713, 7, 72, 81, 15, 0, 0.07%, 10, 0, 10, 312.67
1735024723, 7, 73, 81, 15, 0, 0.07%, 10, 0, 10, 259.57
1735024728, 7, 75, 81, 15, 0, 0.07%, 10, 0, 10, 309.66
1735024738, 7, 76, 81, 15, 0, 0.07%, 10, 0, 10, 317.40
1735024743, 7, 79, 81, 15, 0, 0.07%, 10, 0, 10, 325.04
1735024753, 7, 80, 81, 15, 0, 0.07%, 10, 0, 10, 373.88
1735024758, 8, 15, 81, 15, 0, 0.07%, 10, 0, 10, 304.62
1735024763, 8, 20, 81, 15, 0, 0.07%, 10, 0, 10, 304.42
1735024768, 8, 26, 81, 15, 0, 0.07%, 10, 0, 10, 284.89
1735024774, 8, 27, 81, 15, 0, 0.07%, 10, 0, 10, 330.03
1735024779, 8, 28, 81, 15, 0, 0.07%, 10, 0, 10, 301.07
1735024784, 8, 29, 81, 15, 0, 0.07%, 10, 0, 10, 318.47
1735024789, 8, 35, 81, 15, 0, 0.07%, 10, 0, 10, 332.76
1735024794, 8, 36, 81, 15, 0, 0.07%, 10, 0, 10, 354.94
1735024799, 8, 37, 81, 15, 0, 0.07%, 10, 0, 10, 377.24
1735024804, 8, 40, 81, 15, 0, 0.07%, 10, 0, 10, 352.72
1735024809, 8, 42, 81, 15, 0, 0.07%, 10, 0, 10, 350.79
1735024814, 8, 44, 81, 15, 0, 0.07%, 10, 0, 10, 360.79
1735024819, 8, 49, 81, 15, 0, 0.07%, 10, 0, 10, 309.35
1735024824, 8, 50, 81, 15, 0, 0.07%, 10, 0, 10, 340.59
1735024829, 8, 51, 81, 15, 0, 0.07%, 10, 0, 10, 331.85
1735024834, 8, 54, 81, 15, 0, 0.07%, 10, 0, 10, 338.28
1735024839, 8, 55, 81, 15, 0, 0.07%, 10, 0, 10, 355.33
1735024845, 8, 56, 81, 15, 0, 0.07%, 10, 0, 10, 321.95
1735024850, 8, 57, 81, 15, 0, 0.07%, 10, 0, 10, 340.08
1735024855, 8, 58, 81, 15, 0, 0.07%, 10, 0, 10, 348.02
1735024860, 8, 59, 81, 15, 0, 0.07%, 10, 0, 10, 347.06
1735024865, 8, 60, 81, 15, 0, 0.07%, 10, 0, 10, 346.57
1735024870, 8, 61, 81, 15, 0, 0.07%, 10, 0, 10, 376.33
1735024875, 8, 62, 81, 15, 0, 0.07%, 10, 0, 10, 339.14
1735024880, 8, 68, 81, 15, 0, 0.07%, 10, 0, 10, 350.79
1735024890, 8, 72, 81, 15, 0, 0.07%, 10, 0, 10, 335.46
1735024895, 8, 73, 81, 15, 0, 0.07%, 10, 0, 10, 279.80
1735024905, 8, 75, 81, 15, 0, 0.07%, 10, 0, 10, 322.28
1735024910, 8, 76, 81, 15, 0, 0.07%, 10, 0, 10, 335.24
1735024916, 8, 79, 81, 15, 0, 0.07%, 10, 0, 10, 288.91
1735024926, 8, 80, 81, 15, 0, 0.07%, 10, 0, 10, 383.75
1735024931, 9, 15, 81, 15, 0, 0.07%, 10, 0, 10, 329.38
1735024936, 9, 20, 81, 15, 0, 0.07%, 10, 0, 10, 315.50
1735024941, 9, 26, 81, 15, 0, 0.07%, 10, 0, 10, 280.10
1735024946, 9, 27, 81, 15, 0, 0.07%, 10, 0, 10, 332.79
1735024951, 9, 28, 81, 15, 0, 0.07%, 10, 0, 10, 299.02
1735024956, 9, 29, 81, 15, 0, 0.07%, 10, 0, 10, 332.74
1735024961, 9, 31, 81, 15, 0, 0.07%, 10, 0, 10, 340.30
1735024966, 9, 35, 81, 15, 0, 0.07%, 10, 0, 10, 329.39
1735024971, 9, 37, 81, 15, 0, 0.07%, 10, 0, 10, 352.83
1735024976, 9, 40, 81, 15, 0, 0.07%, 10, 0, 10, 367.05
1735024982, 9, 42, 81, 15, 0, 0.07%, 10, 0, 10, 353.76
1735024987, 9, 44, 81, 15, 0, 0.07%, 10, 0, 10, 363.54
1735024992, 9, 49, 81, 15, 0, 0.07%, 10, 0, 10, 316.19
1735024997, 9, 50, 81, 15, 0, 0.07%, 10, 0, 10, 314.37
1735025002, 9, 51, 81, 15, 0, 0.07%, 10, 0, 10, 346.61
1735025007, 9, 53, 81, 15, 0, 0.07%, 10, 0, 10, 364.32
1735025012, 9, 54, 81, 15, 0, 0.07%, 10, 0, 10, 343.08
1735025017, 9, 55, 81, 15, 0, 0.07%, 10, 0, 10, 369.66
1735025022, 9, 56, 81, 15, 0, 0.07%, 10, 0, 10, 359.31
1735025027, 9, 57, 81, 15, 0, 0.07%, 10, 0, 10, 373.32
1735025032, 9, 58, 81, 15, 0, 0.07%, 10, 0, 10, 365.14
1735025037, 9, 59, 81, 15, 0, 0.07%, 10, 0, 10, 367.70
1735025042, 9, 60, 81, 15, 0, 0.07%, 10, 0, 10, 347.99
1735025047, 9, 61, 81, 15, 0, 0.07%, 10, 0, 10, 355.87
1735025052, 9, 62, 81, 15, 0, 0.07%, 10, 0, 10, 340.60
1735025057, 9, 68, 81, 15, 0, 0.07%, 10, 0, 10, 376.20
1735025062, 9, 72, 81, 15, 0, 0.07%, 10, 0, 10, 353.34
1735025072, 9, 73, 81, 15, 0, 0.07%, 10, 0, 10, 285.11
1735025078, 9, 75, 81, 15, 0, 0.07%, 10, 0, 10, 340.85
1735025083, 9, 76, 81, 15, 0, 0.07%, 10, 0, 10, 306.70
1735025093, 9, 79, 81, 15, 0, 0.07%, 10, 0, 10, 366.92
1735025098, 9, 80, 81, 15, 0, 0.07%, 10, 0, 10, 330.88
1735025108, 10, 15, 81, 15, 0, 0.07%, 10, 0, 10, 310.49
1735025113, 10, 20, 81, 15, 0, 0.07%, 10, 0, 10, 301.30
1735025118, 10, 26, 81, 15, 0, 0.07%, 10, 0, 10, 303.64
1735025123, 10, 27, 81, 15, 0, 0.07%, 10, 0, 10, 319.04
1735025128, 10, 28, 81, 15, 0, 0.07%, 10, 0, 10, 313.67
1735025133, 10, 31, 81, 15, 0, 0.07%, 10, 0, 10, 356.56
1735025138, 10, 35, 81, 15, 0, 0.07%, 10, 0, 10, 355.69
1735025143, 10, 36, 81, 15, 0, 0.07%, 10, 0, 10, 365.65
1735025148, 10, 37, 81, 15, 0, 0.07%, 10, 0, 10, 348.63
1735025154, 10, 42, 81, 15, 0, 0.07%, 10, 0, 10, 363.67
1735025159, 10, 44, 81, 15, 0, 0.07%, 10, 0, 10, 326.66
1735025164, 10, 49, 81, 15, 0, 0.07%, 10, 0, 10, 341.02
1735025169, 10, 50, 81, 15, 0, 0.07%, 10, 0, 10, 299.90
1735025174, 10, 51, 81, 15, 0, 0.07%, 10, 0, 10, 330.17
1735025179, 10, 53, 81, 15, 0, 0.07%, 10, 0, 10, 350.73
1735025184, 10, 54, 81, 15, 0, 0.07%, 10, 0, 10, 358.22
1735025189, 10, 55, 81, 15, 0, 0.07%, 10, 0, 10, 373.91
1735025194, 10, 56, 81, 15, 0, 0.07%, 10, 0, 10, 389.41
1735025200, 10, 57, 81, 15, 0, 0.07%, 10, 0, 10, 363.77
1735025205, 10, 58, 81, 15, 0, 0.07%, 10, 0, 10, 374.39
1735025210, 10, 59, 81, 15, 0, 0.07%, 10, 0, 10, 362.24
1735025215, 10, 60, 81, 15, 0, 0.07%, 10, 0, 10, 381.22
1735025220, 10, 61, 81, 15, 0, 0.07%, 10, 0, 10, 364.71
1735025225, 10, 62, 81, 15, 0, 0.07%, 10, 0, 10, 328.36
1735025230, 10, 68, 81, 15, 0, 0.07%, 10, 0, 10, 379.27
1735025240, 10, 72, 81, 15, 0, 0.07%, 10, 0, 10, 319.01
1735025245, 10, 73, 81, 15, 0, 0.07%, 10, 0, 10, 275.50
1735025250, 10, 75, 81, 15, 0, 0.07%, 10, 0, 10, 314.87
1735025260, 10, 76, 81, 15, 0, 0.07%, 10, 0, 10, 338.40
1735025265, 10, 79, 81, 15, 0, 0.07%, 10, 0, 10, 361.60
1735025275, 10, 80, 81, 15, 0, 0.07%, 10, 0, 10, 353.09
1735025280, 11, 15, 81, 15, 0, 0.07%, 10, 0, 10, 316.71
1735025285, 11, 20, 81, 15, 0, 0.07%, 10, 0, 10, 312.21
1735025290, 11, 31, 81, 15, 0, 0.07%, 10, 0, 10, 332.48
1735025295, 11, 35, 81, 15, 0, 0.07%, 10, 0, 10, 326.87
1735025300, 11, 37, 81, 15, 0, 0.07%, 10, 0, 10, 348.04
1735025305, 11, 40, 81, 15, 0, 0.07%, 10, 0, 10, 364.21
1735025311, 11, 42, 81, 15, 0, 0.07%, 10, 0, 10, 357.29
1735025316, 11, 44, 81, 15, 0, 0.07%, 10, 0, 10, 377.32
1735025321, 11, 49, 81, 15, 0, 0.07%, 10, 0, 10, 317.13
1735025326, 11, 50, 81, 15, 0, 0.07%, 10, 0, 10, 350.19
1735025331, 11, 51, 81, 15, 0, 0.07%, 10, 0, 10, 333.92
1735025336, 11, 53, 81, 15, 0, 0.07%, 10, 0, 10, 340.83
1735025341, 11, 54, 81, 15, 0, 0.07%, 10, 0, 10, 339.98
1735025346, 11, 55, 81, 15, 0, 0.07%, 10, 0, 10, 335.63
1735025351, 11, 56, 81, 15, 0, 0.07%, 10, 0, 10, 360.13
1735025356, 11, 57, 81, 15, 0, 0.07%, 10, 0, 10, 363.02
1735025362, 11, 58, 81, 15, 0, 0.07%, 10, 0, 10, 355.22
1735025367, 11, 59, 81, 15, 0, 0.07%, 10, 0, 10, 357.79
1735025372, 11, 60, 81, 15, 0, 0.07%, 10, 0, 10, 337.24
1735025377, 11, 61, 81, 15, 0, 0.07%, 10, 0, 10, 340.63
1735025382, 11, 68, 81, 15, 0, 0.07%, 10, 0, 10, 362.69
1735025387, 11, 72, 81, 15, 0, 0.07%, 10, 0, 10, 328.67
1735025392, 11, 73, 81, 15, 0, 0.07%, 10, 0, 10, 299.53
1735025402, 11, 75, 81, 15, 0, 0.07%, 10, 0, 10, 327.65
1735025408, 11, 76, 81, 15, 0, 0.07%, 10, 0, 10, 328.48
1735025418, 11, 79, 81, 15, 0, 0.07%, 10, 0, 10, 353.57
1735025423, 11, 80, 81, 15, 0, 0.07%, 10, 0, 10, 384.03
1735025433, 12, 20, 81, 15, 0, 0.07%, 10, 0, 10, 312.05
1735025438, 12, 35, 81, 15, 0, 0.07%, 10, 0, 10, 346.52
1735025443, 12, 36, 81, 15, 0, 0.07%, 10, 0, 10, 374.71
1735025448, 12, 37, 81, 15, 0, 0.07%, 10, 0, 10, 367.75
1735025453, 12, 40, 81, 15, 0, 0.07%, 10, 0, 10, 345.11
1735025458, 12, 44, 81, 15, 0, 0.07%, 10, 0, 10, 375.05
1735025463, 12, 53, 81, 15, 0, 0.07%, 10, 0, 10, 365.63
1735025468, 12, 55, 81, 15, 0, 0.07%, 10, 0, 10, 368.46
1735025473, 12, 56, 81, 15, 0, 0.07%, 10, 0, 10, 372.51
1735025483, 12, 57, 81, 15, 0, 0.07%, 10, 0, 10, 338.07
1735025488, 12, 58, 81, 15, 0, 0.07%, 10, 0, 10, 344.15
1735025493, 12, 59, 81, 15, 0, 0.07%, 10, 0, 10, 348.06
1735025498, 12, 61, 81, 15, 0, 0.07%, 10, 0, 10, 335.55
1735025503, 12, 68, 81, 15, 0, 0.07%, 10, 0, 10, 326.99
1735025513, 12, 79, 81, 15, 0, 0.07%, 10, 0, 10, 377.70
1735025519, 12, 80, 81, 15, 0, 0.07%, 10, 0, 10, 347.45
1735025529, 13, 35, 81, 15, 0, 0.07%, 10, 0, 10, 337.89
1735025534, 13, 36, 81, 15, 0, 0.07%, 10, 0, 10, 379.45
1735025539, 13, 37, 81, 15, 0, 0.07%, 10, 0, 10, 370.59
1735025544, 13, 44, 81, 15, 0, 0.07%, 10, 0, 10, 392.38
1735025549, 13, 53, 81, 15, 0, 0.07%, 10, 0, 10, 362.79
1735025554, 13, 54, 81, 15, 0, 0.07%, 10, 0, 10, 345.99
1735025559, 13, 55, 81, 15, 0, 0.07%, 10, 0, 10, 353.31
1735025564, 13, 56, 81, 15, 0, 0.07%, 10, 0, 10, 369.67
1735025569, 13, 57, 81, 15, 0, 0.07%, 10, 0, 10, 378.96
1735025574, 13, 58, 81, 15, 0, 0.07%, 10, 0, 10, 369.86
1735025580, 13, 59, 81, 15, 0, 0.07%, 10, 0, 10, 380.30
1735025585, 13, 60, 81, 15, 0, 0.07%, 10, 0, 10, 368.74
1735025590, 13, 61, 81, 15, 0, 0.07%, 10, 0, 10, 362.75
1735025595, 13, 62, 81, 15, 0, 0.07%, 10, 0, 10, 317.74
1735025600, 13, 63, 81, 15, 0, 0.07%, 10, 0, 10, 274.98
1735025610, 13, 64, 81, 15, 0, 0.07%, 10, 0, 10, 381.71
1735025625, 13, 65, 81, 15, 0, 0.07%, 10, 0, 10, 321.01
1735026061, 13, 66, 81, 14, 0, 0.07%, 10, 0, 10, 335.48
1735026934, 13, 68, 81, 13, 0, 0.07%, 10, 0, 10, 386.35
1735026939, 13, 69, 81, 13, 0, 0.07%, 10, 0, 10, 283.01
1735026949, 13, 70, 81, 13, 0, 0.07%, 10, 0, 10, 231.16
1735026954, 13, 71, 81, 13, 0, 0.07%, 10, 0, 10, 290.96
1735026970, 13, 72, 81, 13, 0, 0.07%, 10, 0, 10, 277.51
1735026980, 13, 73, 81, 13, 0, 0.07%, 10, 0, 10, 263.76
1735026985, 13, 74, 81, 13, 0, 0.07%, 10, 0, 10, 285.58
1735027005, 13, 75, 81, 13, 0, 0.07%, 10, 0, 10, 240.74
1735027016, 13, 76, 81, 13, 0, 0.07%, 10, 0, 10, 333.09
1735027021, 13, 79, 81, 13, 0, 0.07%, 10, 0, 10, 381.05
1735027026, 13, 80, 81, 13, 0, 0.07%, 10, 0, 10, 362.11
1735027036, 14, 13, 81, 13, 0, 0.07%, 10, 0, 10, 311.65
1735027041, 14, 15, 81, 13, 0, 0.07%, 10, 0, 10, 302.15
1735027046, 14, 20, 81, 13, 0, 0.07%, 10, 0, 10, 294.73
1735027051, 14, 22, 81, 13, 0, 0.07%, 10, 0, 10, 303.14
1735027056, 14, 24, 81, 13, 0, 0.07%, 10, 0, 10, 320.41
1735027076, 14, 25, 81, 12, 0, 0.07%, 10, 0, 10, 370.32
1735027097, 14, 26, 81, 11, 0, 0.07%, 10, 0, 10, 311.20
1735027102, 14, 27, 81, 11, 0, 0.07%, 10, 0, 10, 348.12
1735027107, 14, 28, 81, 11, 0, 0.07%, 10, 0, 10, 305.88
1735027112, 14, 29, 81, 11, 0, 0.07%, 10, 0, 10, 330.55
1735027117, 14, 31, 81, 11, 0, 0.07%, 10, 0, 10, 336.42
1735027122, 14, 35, 81, 11, 0, 0.07%, 10, 0, 10, 330.74
1735027127, 14, 36, 81, 11, 0, 0.07%, 10, 0, 10, 349.89
1735027132, 14, 40, 81, 11, 0, 0.07%, 10, 0, 10, 359.10
1735027137, 14, 42, 81, 11, 0, 0.07%, 10, 0, 10, 351.06
1735027142, 14, 44, 81, 11, 0, 0.07%, 10, 0, 10, 359.37
1735027147, 14, 49, 81, 11, 0, 0.07%, 10, 0, 10, 321.28
1735027152, 14, 50, 81, 11, 0, 0.07%, 10, 0, 10, 340.70
1735027157, 14, 51, 81, 11, 0, 0.07%, 10, 0, 10, 330.03
1735027162, 14, 52, 81, 11, 0, 0.07%, 10, 0, 10, 318.82
1735027172, 14, 53, 81, 11, 0, 0.07%, 10, 0, 10, 371.18
1735027177, 14, 54, 81, 11, 0, 0.07%, 10, 0, 10, 366.81
1735027182, 14, 55, 81, 11, 0, 0.07%, 10, 0, 10, 376.55
1735027188, 14, 56, 81, 11, 0, 0.07%, 10, 0, 10, 376.97
1735027193, 14, 57, 81, 11, 0, 0.07%, 10, 0, 10, 378.46
1735027198, 14, 58, 81, 11, 0, 0.07%, 10, 0, 10, 383.05
1735027203, 14, 59, 81, 11, 0, 0.07%, 10, 0, 10, 380.05
1735027208, 14, 60, 81, 11, 0, 0.07%, 10, 0, 10, 375.44
1735027213, 14, 61, 81, 11, 0, 0.07%, 10, 0, 10, 343.94
1735027218, 14, 62, 81, 11, 0, 0.07%, 10, 0, 10, 325.69
1735027223, 14, 68, 81, 11, 0, 0.07%, 10, 0, 10, 376.20
1735027228, 14, 69, 81, 11, 0, 0.07%, 10, 0, 10, 296.68
1735027238, 14, 70, 81, 11, 0, 0.07%, 10, 0, 10, 241.72
1735027243, 14, 71, 81, 11, 0, 0.07%, 10, 0, 10, 271.30
1735027254, 14, 72, 81, 11, 0, 0.07%, 10, 0, 10, 309.96
1735027259, 14, 73, 81, 11, 0, 0.07%, 10, 0, 10, 286.08
1735027264, 14, 73, 82, 12, 0, 0.08%, 11, 0, 10, 264.30
1735027269, 14, 81, 83, 13, 1, 0.08%, 12, 0, 11, 359.43
1735027289, 14, 81, 84, 14, 1, 0.08%, 12, 0, 11, 519.45
1735027336, 14, 82, 84, 13, 1, 0.08%, 12, 0, 11, 380.60
1735027341, 14, 82, 87, 16, 1, 0.10%, 13, 0, 12, 444.41
1735027407, 14, 84, 87, 15, 1, 0.10%, 13, 0, 12, 361.99
1735027413, 14, 84, 88, 16, 1, 0.10%, 14, 0, 13, 418.06
1735027423, 14, 84, 89, 17, 1, 0.10%, 14, 0, 13, 443.18
1735027428, 14, 84, 90, 18, 1, 0.10%, 14, 0, 13, 441.61
1735027448, 14, 84, 91, 19, 1, 0.10%, 14, 0, 13, 431.18
1735027459, 14, 84, 92, 20, 1, 0.10%, 14, 0, 13, 434.77
1735027464, 14, 84, 93, 21, 1, 0.10%, 14, 0, 13, 442.18
1735027509, 14, 87, 93, 20, 1, 0.10%, 14, 0, 13, 392.28
1735027515, 14, 87, 94, 21, 1, 0.10%, 14, 0, 14, 424.00
1735027520, 14, 87, 95, 22, 1, 0.10%, 14, 0, 14, 433.71
1735027530, 14, 87, 96, 23, 1, 0.10%, 14, 0, 14, 420.90
1735027601, 14, 87, 97, 24, 1, 0.10%, 14, 0, 14, 350.66
1735027611, 14, 89, 105, 31, 0, 0.12%, 16, 0, 14, 318.03
1735027616, 14, 89, 109, 35, 0, 0.12%, 16, 0, 14, 427.84
1735027626, 14, 89, 110, 36, 0, 0.12%, 16, 0, 14, 498.23
1735027647, 14, 89, 111, 37, 0, 0.13%, 17, 0, 14, 492.58
1735027657, 14, 89, 112, 38, 0, 0.13%, 18, 0, 14, 491.80
1735027667, 14, 89, 113, 39, 0, 0.13%, 18, 0, 14, 497.37
1735027707, 14, 110, 113, 38, 3, 0.13%, 18, 0, 14, 285.49
1735027723, 14, 110, 114, 39, 3, 0.13%, 18, 0, 15, 435.59
1735027728, 14, 110, 115, 40, 3, 0.13%, 18, 0, 15, 424.80
1735027738, 14, 110, 116, 41, 3, 0.13%, 18, 0, 15, 437.61
1735027748, 14, 110, 117, 42, 3, 0.13%, 18, 0, 15, 437.74
1735027778, 14, 110, 118, 43, 3, 0.13%, 18, 0, 15, 428.59
1735027814, 14, 111, 118, 42, 2, 0.13%, 18, 0, 15, 393.79
1735027829, 14, 111, 119, 43, 2, 0.13%, 18, 0, 15, 455.32
1735027905, 14, 111, 120, 44, 2, 0.13%, 18, 0, 15, 300.00
1735027915, 15, 97, 121, 44, 1, 0.13%, 19, 0, 15, 387.60
1735027920, 15, 97, 122, 45, 1, 0.13%, 19, 0, 15, 488.41
1735027926, 15, 97, 124, 47, 1, 0.13%, 19, 0, 15, 500.45
1735027961, 15, 97, 125, 48, 1, 0.13%, 20, 0, 15, 508.56
1735028007, 15, 124, 130, 52, 2, 0.13%, 20, 0, 16, 398.85
1735028012, 15, 124, 132, 54, 2, 0.13%, 20, 0, 16, 440.35
1735028017, 15, 124, 133, 55, 2, 0.13%, 20, 0, 16, 451.99
1735028037, 15, 124, 135, 57, 2, 0.13%, 21, 0, 16, 456.29
1735028058, 15, 124, 136, 58, 2, 0.13%, 21, 0, 16, 464.27
1735028063, 15, 124, 137, 59, 2, 0.13%, 21, 0, 16, 471.78
1735028103, 15, 133, 138, 59, 2, 0.13%, 22, 0, 17, 345.51
1735028114, 15, 133, 139, 60, 2, 0.13%, 22, 0, 17, 455.57
1735028134, 15, 133, 142, 63, 2, 0.13%, 22, 0, 17, 457.97
1735028159, 15, 133, 143, 64, 2, 0.14%, 23, 0, 17, 465.66
1735028169, 15, 133, 144, 65, 2, 0.14%, 24, 0, 17, 467.81
1735028200, 15, 137, 145, 65, 4, 0.14%, 25, 0, 18, 298.30
1735028205, 15, 137, 146, 66, 4, 0.14%, 25, 0, 18, 439.46
1735028235, 15, 137, 147, 67, 4, 0.14%, 25, 0, 18, 476.73
1735028296, 15, 143, 148, 67, 4, 0.14%, 26, 0, 18, 342.11
1735028301, 15, 143, 149, 68, 4, 0.14%, 26, 0, 18, 442.25
1735028326, 15, 143, 150, 69, 4, 0.14%, 26, 0, 18, 472.88
1735028392, 15, 144, 150, 68, 4, 0.14%, 26, 0, 18, 315.79
1735028397, 15, 144, 152, 70, 4, 0.14%, 26, 0, 19, 440.27
1735028412, 15, 144, 153, 71, 4, 0.14%, 26, 0, 19, 474.88
1735028483, 15, 147, 154, 71, 3, 0.14%, 27, 0, 19, 339.21
1735028489, 15, 147, 155, 72, 3, 0.15%, 28, 0, 19, 308.20
1735028494, 15, 147, 156, 73, 3, 0.15%, 28, 0, 19, 476.65
1735028499, 15, 147, 157, 74, 3, 0.15%, 28, 0, 19, 513.83
1735028504, 15, 147, 158, 75, 3, 0.15%, 28, 0, 19, 519.75
1735028580, 15, 154, 158, 74, 4, 0.15%, 28, 0, 19, 374.22
1735028586, 15, 154, 159, 75, 4, 0.15%, 28, 0, 20, 448.53
1735028622, 15, 154, 160, 76, 4, 0.15%, 28, 0, 20, 475.92
1735028673, 16, 142, 160, 75, 3, 0.15%, 28, 0, 20, 350.63
1735029158, 16, 142, 161, 76, 3, 0.15%, 28, 0, 20, 488.33
1735029219, 16, 142, 162, 77, 3, 0.15%, 28, 0, 20, 334.19
1735029239, 17, 120, 163, 77, 3, 0.15%, 29, 0, 20, 356.27
1735029254, 17, 120, 164, 78, 3, 0.15%, 29, 0, 20, 507.99
1735029305, 17, 120, 165, 79, 3, 0.15%, 30, 0, 20, 447.50
1735029330, 17, 162, 165, 78, 4, 0.15%, 30, 0, 20, 303.44
1735029351, 17, 162, 166, 79, 4, 0.15%, 30, 0, 20, 506.65
1735029406, 17, 162, 167, 80, 4, 0.15%, 30, 0, 20, 330.30
1735029421, 17, 164, 167, 79, 3, 0.15%, 30, 0, 20, 338.99
1735029426, 17, 164, 168, 80, 3, 0.15%, 30, 0, 20, 402.19
1735029522, 18, 153, 169, 80, 2, 0.15%, 30, 0, 20, 308.63
1735029558, 18, 153, 170, 81, 2, 0.15%, 30, 0, 20, 509.91
1735029599, 18, 153, 171, 82, 2, 0.15%, 30, 0, 20, 356.08
1735029614, 18, 155, 171, 81, 1, 0.15%, 30, 0, 20, 330.54
1735029670, 18, 155, 172, 82, 1, 0.15%, 30, 0, 20, 312.19
1735029680, 18, 162, 172, 81, 1, 0.15%, 30, 0, 20, 441.93
1735029711, 18, 165, 172, 81, 1, 0.15%, 30, 0, 20, 394.19
1735029721, 18, 165, 173, 82, 1, 0.15%, 30, 0, 20, 520.73
1735029726, 18, 165, 174, 83, 1, 0.15%, 30, 0, 20, 521.79
1735029731, 18, 165, 177, 86, 1, 0.15%, 30, 0, 20, 516.11
1735029803, 18, 166, 177, 85, 1, 0.15%, 30, 0, 20, 223.85
1735029884, 18, 167, 177, 84, 1, 0.15%, 30, 0, 20, 316.28
1735029894, 18, 167, 178, 85, 1, 0.15%, 30, 0, 20, 520.14
1735029925, 18, 167, 180, 87, 1, 0.15%, 30, 0, 20, 514.92
1735029940, 18, 167, 181, 88, 1, 0.15%, 30, 0, 20, 528.47
1735029976, 18, 168, 181, 87, 1, 0.15%, 30, 0, 20, 317.96
1735029991, 18, 168, 183, 89, 1, 0.15%, 30, 0, 21, 500.15
1735030073, 18, 170, 183, 88, 1, 0.15%, 30, 0, 21, 221.66
1735030129, 18, 170, 184, 89, 1, 0.15%, 30, 0, 21, 395.61
1735030211, 18, 170, 185, 90, 1, 0.16%, 31, 0, 21, 360.55
1735030216, 18, 170, 186, 91, 1, 0.16%, 31, 0, 21, 351.80
1735030221, 18, 184, 187, 91, 2, 0.16%, 31, 0, 22, 330.37
1735030226, 18, 184, 188, 92, 2, 0.16%, 31, 0, 22, 304.48
1735030236, 18, 184, 189, 93, 2, 0.16%, 32, 0, 22, 320.27
1735030343, 18, 184, 190, 94, 2, 0.16%, 32, 0, 22, 350.85
1735030353, 18, 188, 192, 95, 3, 0.16%, 33, 0, 23, 296.43
1735030429, 18, 190, 192, 94, 3, 0.16%, 33, 0, 23, 287.03
1735030439, 18, 190, 193, 95, 3, 0.16%, 33, 0, 24, 336.74
1735030480, 18, 190, 194, 96, 3, 0.16%, 33, 0, 24, 334.01
1735030551, 18, 193, 194, 95, 2, 0.16%, 33, 0, 24, 312.86
1735030582, 18, 193, 195, 96, 2, 0.17%, 34, 0, 25, 528.24
1735030628, 18, 193, 196, 97, 2, 0.17%, 34, 0, 25, 389.99
1735030648, 18, 194, 196, 96, 3, 0.17%, 34, 0, 25, 324.78
1735030654, 18, 194, 199, 99, 3, 0.17%, 35, 0, 26, 200.86
1735030664, 18, 194, 206, 106, 3, 0.17%, 35, 0, 26, 308.84
1735030669, 18, 194, 207, 107, 3, 0.17%, 35, 0, 26, 352.33
1735030674, 18, 194, 208, 108, 3, 0.17%, 35, 0, 26, 369.58
1735030689, 18, 194, 209, 109, 3, 0.17%, 35, 0, 26, 366.01
