# unix_time, cycles_done, cur_path, paths_total, pending_total, pending_favs, map_size, unique_crashes, unique_hangs, max_depth, execs_per_sec
1734086579, 0, 0, 10, 10, 1, 0.00%, 0, 0, 1, 174.29
1734086584, 0, 3, 10, 10, 1, 0.00%, 0, 0, 1, 196.44
1734086589, 0, 4, 10, 9, 0, 0.00%, 0, 0, 1, 205.86
1734086594, 0, 5, 10, 8, 0, 0.00%, 0, 0, 1, 203.78
1734086604, 0, 6, 10, 7, 0, 0.00%, 0, 0, 1, 209.74
1734086609, 0, 7, 10, 6, 0, 0.00%, 0, 0, 1, 200.26
1734086620, 0, 8, 10, 5, 0, 0.00%, 0, 0, 1, 205.36
1734086625, 0, 9, 10, 4, 0, 0.00%, 0, 0, 1, 194.27
1734086635, 1, 0, 10, 3, 0, 0.00%, 0, 0, 1, 206.85
1734086645, 1, 1, 10, 2, 0, 0.00%, 0, 0, 1, 208.38
1734086650, 1, 2, 10, 1, 0, 0.00%, 0, 0, 1, 205.82
1734086660, 1, 3, 10, 0, 0, 0.00%, 0, 0, 1, 203.76
1734086670, 1, 4, 10, 0, 0, 0.00%, 0, 0, 1, 203.40
1734086675, 1, 5, 10, 0, 0, 0.00%, 0, 0, 1, 203.75
1734086681, 1, 6, 10, 0, 0, 0.00%, 0, 0, 1, 206.49
1734086686, 1, 8, 10, 0, 0, 0.00%, 0, 0, 1, 208.92
1734086691, 1, 9, 10, 0, 0, 0.00%, 0, 0, 1, 210.31
1734086696, 2, 1, 10, 0, 0, 0.00%, 0, 0, 1, 212.00
1734086701, 2, 10, 11, 1, 1, 0.05%, 1, 0, 2, 227.91
1734086716, 2, 10, 12, 2, 1, 0.05%, 2, 0, 3, 265.19
1734086762, 2, 11, 13, 2, 1, 0.05%, 2, 0, 4, 243.60
1734086772, 2, 11, 14, 3, 1, 0.05%, 2, 0, 4, 269.72
1734086777, 2, 11, 15, 4, 1, 0.05%, 2, 0, 4, 268.40
1734086782, 2, 11, 16, 5, 1, 0.05%, 2, 0, 4, 269.65
1734086787, 2, 11, 18, 7, 1, 0.05%, 3, 0, 4, 275.50
1734086808, 2, 11, 19, 8, 1, 0.05%, 4, 0, 4, 266.92
1734086818, 2, 11, 20, 9, 1, 0.05%, 4, 0, 4, 267.67
1734086843, 2, 11, 21, 10, 1, 0.05%, 4, 0, 4, 265.60
1734086848, 2, 11, 22, 11, 1, 0.06%, 5, 0, 4, 264.08
1734086863, 2, 21, 24, 12, 3, 0.06%, 5, 0, 5, 260.39
1734086883, 2, 21, 25, 13, 3, 0.06%, 5, 0, 5, 241.27
1734086904, 2, 21, 26, 14, 3, 0.06%, 5, 0, 5, 236.59
1734086924, 2, 21, 27, 15, 3, 0.06%, 5, 0, 5, 244.57
1734086970, 2, 21, 28, 16, 3, 0.06%, 5, 0, 5, 216.34
1734086980, 3, 18, 28, 15, 2, 0.06%, 5, 0, 5, 307.76
1734086990, 3, 18, 29, 16, 2, 0.06%, 5, 0, 5, 472.27
1734087011, 3, 18, 30, 17, 2, 0.06%, 5, 0, 5, 272.63
1734087021, 3, 20, 30, 16, 1, 0.06%, 5, 0, 5, 329.12
1734087026, 3, 20, 31, 17, 1, 0.06%, 5, 0, 5, 389.16
1734087031, 3, 20, 32, 18, 1, 0.06%, 5, 0, 5, 396.36
1734087092, 3, 28, 32, 17, 1, 0.06%, 5, 0, 5, 285.91
1734087097, 3, 28, 35, 20, 1, 0.06%, 8, 0, 6, 495.48
1734087102, 3, 28, 36, 21, 1, 0.06%, 8, 0, 6, 486.88
1734087107, 3, 28, 37, 22, 1, 0.06%, 8, 0, 6, 475.71
1734087127, 3, 28, 38, 23, 1, 0.06%, 8, 0, 6, 478.86
1734087163, 3, 32, 39, 23, 4, 0.06%, 8, 0, 7, 461.97
1734087168, 3, 32, 40, 24, 4, 0.06%, 8, 0, 7, 512.53
1734087188, 3, 32, 41, 25, 4, 0.06%, 8, 0, 7, 525.03
1734087193, 3, 32, 42, 26, 4, 0.06%, 8, 0, 7, 526.71
1734087224, 3, 33, 43, 26, 4, 0.06%, 8, 0, 7, 463.83
1734087229, 3, 33, 44, 27, 4, 0.06%, 8, 0, 7, 519.32
1734087254, 3, 33, 45, 28, 4, 0.06%, 8, 0, 7, 343.47
1734087259, 3, 33, 46, 29, 4, 0.06%, 8, 0, 7, 304.34
1734087265, 3, 34, 46, 28, 4, 0.06%, 8, 0, 7, 512.74
1734087275, 3, 34, 47, 29, 4, 0.06%, 8, 0, 7, 533.56
1734087280, 3, 34, 48, 30, 4, 0.06%, 8, 0, 7, 534.72
1734087305, 3, 35, 48, 29, 4, 0.06%, 8, 0, 7, 431.25
1734087321, 3, 38, 48, 28, 3, 0.06%, 8, 0, 7, 416.93
1734087341, 3, 41, 49, 28, 3, 0.06%, 8, 0, 8, 373.94
1734087392, 3, 42, 49, 27, 3, 0.06%, 8, 0, 8, 403.97
1734087412, 3, 43, 49, 26, 2, 0.06%, 8, 0, 8, 456.59
1734087418, 3, 43, 50, 27, 2, 0.06%, 8, 0, 8, 523.46
1734087443, 3, 44, 50, 26, 2, 0.06%, 8, 0, 8, 389.25
1734087489, 3, 44, 51, 27, 2, 0.06%, 8, 0, 8, 474.54
1734087494, 3, 44, 52, 28, 2, 0.06%, 8, 0, 8, 486.23
1734087530, 4, 21, 52, 27, 2, 0.06%, 8, 0, 8, 307.79
1734087540, 4, 22, 53, 28, 2, 0.06%, 8, 0, 8, 281.23
1734087545, 4, 22, 54, 29, 2, 0.06%, 8, 0, 8, 273.73
1734087555, 4, 22, 55, 30, 2, 0.06%, 8, 0, 8, 256.41
1734087581, 4, 22, 56, 31, 2, 0.06%, 8, 0, 8, 249.17
1734087586, 4, 22, 57, 32, 2, 0.06%, 8, 0, 8, 258.91
1734087601, 4, 22, 58, 33, 2, 0.06%, 8, 0, 8, 256.19
1734087677, 4, 27, 58, 32, 2, 0.06%, 8, 0, 8, 323.25
1734087682, 4, 27, 59, 33, 2, 0.06%, 8, 0, 8, 384.95
1734087707, 4, 32, 59, 32, 2, 0.06%, 8, 0, 8, 359.27
1734087717, 4, 33, 60, 33, 2, 0.06%, 8, 0, 8, 423.00
1734087727, 4, 34, 60, 33, 2, 0.06%, 8, 0, 8, 375.30
1734087732, 4, 35, 60, 33, 2, 0.06%, 8, 0, 8, 419.72
1734087743, 4, 38, 60, 33, 2, 0.06%, 8, 0, 8, 384.06
1734087753, 4, 39, 60, 33, 2, 0.06%, 8, 0, 8, 509.66
1734087773, 4, 40, 60, 32, 2, 0.06%, 8, 0, 8, 395.09
1734087794, 4, 42, 60, 31, 2, 0.06%, 8, 0, 8, 360.68
1734087799, 4, 43, 60, 31, 2, 0.06%, 8, 0, 8, 324.40
1734087809, 4, 44, 61, 32, 2, 0.06%, 8, 0, 8, 349.35
1734087819, 4, 45, 61, 32, 2, 0.06%, 8, 0, 8, 337.77
1734087875, 4, 46, 61, 31, 2, 0.06%, 8, 0, 8, 330.99
1734087885, 4, 46, 63, 33, 2, 0.06%, 8, 0, 8, 504.35
1734087921, 4, 47, 63, 32, 1, 0.06%, 8, 0, 8, 429.84
1734087941, 4, 48, 63, 31, 1, 0.06%, 8, 0, 8, 425.31
1734088007, 4, 49, 63, 30, 1, 0.06%, 8, 0, 8, 429.28
1734088038, 4, 50, 63, 29, 1, 0.06%, 8, 0, 8, 410.43
1734088104, 4, 53, 63, 28, 1, 0.06%, 8, 0, 8, 321.70
1734088150, 4, 54, 63, 27, 1, 0.06%, 8, 0, 8, 368.09
1734088186, 4, 55, 63, 26, 1, 0.06%, 8, 0, 8, 321.53
1734088191, 4, 55, 64, 27, 1, 0.06%, 8, 0, 8, 446.58
1734088227, 4, 55, 65, 28, 1, 0.06%, 8, 0, 8, 321.77
1734088272, 4, 55, 66, 29, 1, 0.06%, 8, 0, 8, 349.12
1734088282, 4, 58, 66, 28, 1, 0.06%, 8, 0, 8, 348.55
1734088343, 4, 58, 67, 29, 1, 0.06%, 8, 0, 8, 337.76
1734088349, 5, 32, 67, 28, 1, 0.06%, 8, 0, 8, 352.28
1734088359, 5, 35, 68, 29, 1, 0.06%, 8, 0, 8, 437.70
1734088369, 5, 38, 68, 29, 1, 0.06%, 8, 0, 8, 387.72
1734088379, 5, 39, 69, 30, 1, 0.06%, 8, 0, 8, 385.71
1734088384, 5, 40, 69, 30, 1, 0.06%, 8, 0, 8, 344.64
1734088394, 5, 41, 69, 30, 1, 0.06%, 8, 0, 8, 387.72
1734088446, 5, 42, 69, 30, 1, 0.06%, 8, 0, 8, 396.07
1734088456, 5, 43, 69, 30, 1, 0.06%, 8, 0, 8, 398.34
1734088466, 5, 44, 69, 30, 1, 0.06%, 8, 0, 8, 377.13
1734088476, 5, 45, 69, 30, 1, 0.06%, 8, 0, 8, 363.14
1734088481, 5, 46, 69, 30, 1, 0.06%, 8, 0, 8, 340.75
1734088491, 5, 47, 69, 30, 1, 0.06%, 8, 0, 8, 382.55
1734088501, 5, 48, 69, 30, 1, 0.06%, 8, 0, 8, 455.07
1734088547, 5, 48, 70, 31, 1, 0.06%, 8, 0, 9, 334.68
1734088552, 5, 49, 70, 31, 1, 0.06%, 8, 0, 9, 338.76
1734088567, 5, 50, 70, 31, 1, 0.06%, 8, 0, 9, 424.79
1734088577, 5, 51, 70, 31, 1, 0.06%, 8, 0, 9, 349.76
1734088607, 5, 55, 70, 30, 1, 0.06%, 8, 0, 9, 345.41
1734088612, 5, 56, 70, 30, 1, 0.06%, 8, 0, 9, 348.07
1734088668, 5, 58, 70, 29, 1, 0.06%, 8, 0, 9, 348.89
1734088673, 5, 59, 70, 29, 1, 0.06%, 8, 0, 9, 413.18
1734088766, 5, 59, 71, 30, 1, 0.06%, 8, 0, 9, 475.83
1734088801, 5, 59, 72, 31, 1, 0.06%, 8, 0, 9, 321.32
1734088807, 5, 66, 73, 31, 1, 0.06%, 8, 0, 9, 323.53
1734088929, 5, 67, 73, 30, 1, 0.06%, 8, 0, 9, 386.34
1734089190, 5, 68, 73, 29, 1, 0.06%, 8, 0, 9, 349.82
1734089267, 5, 69, 73, 28, 1, 0.06%, 8, 0, 9, 303.30
1734089394, 5, 70, 73, 27, 1, 0.06%, 8, 0, 9, 464.35
1734089528, 5, 70, 74, 28, 1, 0.06%, 8, 0, 9, 495.30
1734089573, 5, 71, 74, 27, 1, 0.06%, 8, 0, 9, 305.96
1734089768, 5, 71, 75, 28, 1, 0.06%, 8, 0, 9, 490.46
1734089824, 5, 72, 75, 27, 1, 0.06%, 8, 0, 9, 307.25
1734090054, 5, 74, 75, 26, 1, 0.06%, 8, 0, 9, 396.02
1734090151, 6, 17, 75, 25, 1, 0.06%, 8, 0, 9, 260.20
1734090171, 6, 20, 75, 24, 0, 0.06%, 8, 0, 9, 307.17
1734090181, 6, 21, 75, 24, 0, 0.06%, 8, 0, 9, 290.11
1734090187, 6, 22, 75, 24, 0, 0.06%, 8, 0, 9, 275.42
1734090197, 6, 23, 75, 24, 0, 0.06%, 8, 0, 9, 311.52
1734090222, 6, 24, 75, 23, 0, 0.06%, 8, 0, 9, 358.35
1734090243, 6, 25, 75, 22, 0, 0.06%, 8, 0, 9, 410.52
1734090273, 6, 26, 75, 21, 0, 0.06%, 8, 0, 9, 341.64
1734090293, 6, 27, 75, 20, 0, 0.06%, 8, 0, 9, 353.87
1734090303, 6, 30, 75, 20, 0, 0.06%, 8, 0, 9, 474.87
1734090324, 6, 31, 75, 19, 0, 0.06%, 8, 0, 9, 342.91
1734090344, 6, 34, 75, 18, 0, 0.06%, 8, 0, 9, 378.14
1734090354, 6, 41, 75, 18, 0, 0.06%, 8, 0, 9, 390.23
1734090364, 6, 44, 75, 18, 0, 0.06%, 8, 0, 9, 453.58
1734090425, 6, 53, 75, 18, 0, 0.06%, 8, 0, 9, 302.50
1734090430, 6, 54, 75, 18, 0, 0.06%, 8, 0, 9, 308.91
1734090435, 6, 55, 75, 18, 0, 0.06%, 8, 0, 9, 472.72
1734090507, 6, 56, 75, 18, 0, 0.06%, 8, 0, 9, 418.57
1734090548, 6, 58, 75, 18, 0, 0.06%, 8, 0, 9, 305.30
1734090553, 6, 66, 75, 18, 0, 0.06%, 8, 0, 9, 345.39
1734090558, 6, 69, 75, 18, 0, 0.06%, 8, 0, 9, 323.21
1734090660, 6, 70, 75, 18, 0, 0.06%, 8, 0, 9, 321.44
1734090706, 6, 71, 75, 18, 0, 0.06%, 8, 0, 9, 339.81
1734090967, 6, 72, 75, 18, 0, 0.06%, 8, 0, 9, 294.06
1734091223, 6, 73, 75, 18, 0, 0.06%, 8, 0, 9, 418.54
1734091331, 6, 74, 75, 17, 0, 0.06%, 8, 0, 9, 289.95
1734091582, 7, 17, 75, 17, 0, 0.06%, 8, 0, 9, 280.67
1734091592, 7, 20, 75, 17, 0, 0.06%, 8, 0, 9, 320.97
1734091597, 7, 21, 75, 17, 0, 0.06%, 8, 0, 9, 302.02
1734091602, 7, 22, 75, 17, 0, 0.06%, 8, 0, 9, 290.56
1734091607, 7, 23, 75, 17, 0, 0.06%, 8, 0, 9, 270.80
1734091617, 7, 24, 75, 17, 0, 0.06%, 8, 0, 9, 338.24
1734091628, 7, 25, 75, 17, 0, 0.06%, 8, 0, 9, 298.99
1734091633, 7, 26, 75, 17, 0, 0.06%, 8, 0, 9, 322.40
1734091648, 7, 27, 75, 17, 0, 0.06%, 8, 0, 9, 330.38
1734091653, 7, 30, 75, 17, 0, 0.06%, 8, 0, 9, 370.73
1734091663, 7, 31, 75, 17, 0, 0.06%, 8, 0, 9, 348.67
1734091668, 7, 34, 75, 17, 0, 0.06%, 8, 0, 9, 365.37
1734091673, 7, 41, 75, 17, 0, 0.06%, 8, 0, 9, 372.52
1734091679, 7, 44, 75, 17, 0, 0.06%, 8, 0, 9, 357.97
1734091684, 7, 45, 75, 17, 0, 0.06%, 8, 0, 9, 346.16
1734091714, 7, 46, 75, 17, 0, 0.06%, 8, 0, 9, 373.96
1734091719, 7, 47, 75, 17, 0, 0.06%, 8, 0, 9, 333.33
1734091729, 7, 48, 75, 17, 0, 0.06%, 8, 0, 9, 340.05
1734091744, 7, 50, 75, 17, 0, 0.06%, 8, 0, 9, 449.18
1734091801, 7, 53, 75, 17, 0, 0.06%, 8, 0, 9, 300.15
1734091806, 7, 54, 75, 17, 0, 0.06%, 8, 0, 9, 319.09
1734091811, 7, 55, 75, 17, 0, 0.06%, 8, 0, 9, 309.65
1734091816, 7, 56, 75, 17, 0, 0.06%, 8, 0, 9, 359.43
1734091821, 7, 57, 75, 17, 0, 0.06%, 8, 0, 9, 356.61
1734091847, 7, 57, 77, 19, 0, 0.06%, 8, 0, 9, 484.45
1734091949, 7, 58, 77, 18, 0, 0.06%, 8, 0, 9, 295.13
1734091954, 7, 60, 77, 18, 0, 0.06%, 8, 0, 9, 336.10
1734092051, 7, 61, 77, 17, 0, 0.06%, 8, 0, 9, 473.33
1734092107, 7, 62, 77, 16, 0, 0.06%, 8, 0, 9, 335.48
1734092560, 7, 62, 78, 17, 0, 0.06%, 8, 0, 9, 457.58
1734092565, 7, 62, 79, 18, 0, 0.06%, 8, 0, 9, 490.75
1734092625, 7, 63, 79, 17, 0, 0.06%, 8, 0, 9, 377.76
1734092702, 7, 64, 79, 16, 0, 0.06%, 8, 0, 9, 392.14
1734092850, 7, 65, 79, 15, 0, 0.06%, 8, 0, 9, 324.40
1734093028, 7, 66, 79, 14, 0, 0.06%, 8, 0, 9, 343.99
1734093033, 7, 69, 79, 14, 0, 0.06%, 8, 0, 9, 345.37
1734093043, 8, 17, 79, 14, 0, 0.06%, 8, 0, 9, 297.25
1734093048, 8, 20, 79, 14, 0, 0.06%, 8, 0, 9, 311.10
1734093053, 8, 27, 79, 14, 0, 0.06%, 8, 0, 9, 295.25
1734093058, 8, 30, 79, 14, 0, 0.06%, 8, 0, 9, 325.18
1734093063, 8, 31, 79, 14, 0, 0.06%, 8, 0, 9, 370.79
1734093074, 8, 58, 79, 14, 0, 0.06%, 8, 0, 9, 346.01
1734093079, 8, 66, 79, 14, 0, 0.06%, 8, 0, 9, 335.18
1734093084, 8, 69, 79, 14, 0, 0.06%, 8, 0, 9, 363.71
1734093089, 9, 17, 79, 14, 0, 0.06%, 8, 0, 9, 323.69
1734093094, 9, 20, 79, 14, 0, 0.06%, 8, 0, 9, 307.15
1734093099, 9, 27, 79, 14, 0, 0.06%, 8, 0, 9, 342.76
1734093104, 9, 30, 79, 14, 0, 0.06%, 8, 0, 9, 332.93
1734093109, 9, 31, 79, 14, 0, 0.06%, 8, 0, 9, 343.64
1734093114, 9, 58, 79, 14, 0, 0.06%, 8, 0, 9, 326.95
1734093119, 9, 66, 79, 14, 0, 0.06%, 8, 0, 9, 346.40
1734093124, 9, 69, 79, 14, 0, 0.06%, 8, 0, 9, 360.06
1734093130, 10, 17, 79, 14, 0, 0.06%, 8, 0, 9, 312.37
1734093135, 10, 20, 79, 14, 0, 0.06%, 8, 0, 9, 318.39
1734093140, 10, 27, 79, 14, 0, 0.06%, 8, 0, 9, 352.66
1734093145, 10, 30, 79, 14, 0, 0.06%, 8, 0, 9, 338.51
1734093150, 10, 31, 79, 14, 0, 0.06%, 8, 0, 9, 338.86
1734093155, 10, 58, 79, 14, 0, 0.06%, 8, 0, 9, 332.78
1734093160, 10, 66, 79, 14, 0, 0.06%, 8, 0, 9, 354.19
1734093165, 10, 69, 79, 14, 0, 0.06%, 8, 0, 9, 365.14
1734093170, 11, 17, 79, 14, 0, 0.06%, 8, 0, 9, 309.99
1734093175, 11, 20, 79, 14, 0, 0.06%, 8, 0, 9, 317.23
1734093180, 11, 27, 79, 14, 0, 0.06%, 8, 0, 9, 341.15
1734093185, 11, 30, 79, 14, 0, 0.06%, 8, 0, 9, 330.92
1734093191, 11, 31, 79, 14, 0, 0.06%, 8, 0, 9, 326.25
1734093196, 11, 58, 79, 14, 0, 0.06%, 8, 0, 9, 350.96
1734093201, 11, 66, 79, 14, 0, 0.06%, 8, 0, 9, 344.19
1734093206, 11, 69, 79, 14, 0, 0.06%, 8, 0, 9, 365.77
1734093211, 12, 17, 79, 14, 0, 0.06%, 8, 0, 9, 293.60
1734093216, 12, 20, 79, 14, 0, 0.06%, 8, 0, 9, 334.31
1734093221, 12, 27, 79, 14, 0, 0.06%, 8, 0, 9, 342.09
1734093226, 12, 30, 79, 14, 0, 0.06%, 8, 0, 9, 343.76
1734093231, 12, 31, 79, 14, 0, 0.06%, 8, 0, 9, 324.78
1734093236, 12, 58, 79, 14, 0, 0.06%, 8, 0, 9, 323.57
1734093241, 12, 66, 79, 14, 0, 0.06%, 8, 0, 9, 333.46
1734093246, 12, 69, 79, 14, 0, 0.06%, 8, 0, 9, 372.59
1734093251, 13, 17, 79, 14, 0, 0.06%, 8, 0, 9, 309.04
1734093256, 13, 20, 79, 14, 0, 0.06%, 8, 0, 9, 319.22
1734093261, 13, 27, 79, 14, 0, 0.06%, 8, 0, 9, 336.18
1734093266, 13, 30, 79, 14, 0, 0.06%, 8, 0, 9, 342.11
1734093272, 13, 31, 79, 14, 0, 0.06%, 8, 0, 9, 333.70
1734093277, 13, 58, 79, 14, 0, 0.06%, 8, 0, 9, 345.51
1734093282, 13, 66, 79, 14, 0, 0.06%, 8, 0, 9, 336.65
1734093287, 13, 69, 79, 14, 0, 0.06%, 8, 0, 9, 373.36
1734093292, 14, 17, 79, 14, 0, 0.06%, 8, 0, 9, 317.19
1734093297, 14, 20, 79, 14, 0, 0.06%, 8, 0, 9, 289.90
1734093302, 14, 27, 79, 14, 0, 0.06%, 8, 0, 9, 327.08
1734093307, 14, 30, 79, 14, 0, 0.06%, 8, 0, 9, 331.03
1734093312, 14, 31, 79, 14, 0, 0.06%, 8, 0, 9, 345.97
1734093317, 14, 58, 79, 14, 0, 0.06%, 8, 0, 9, 342.67
1734093322, 14, 66, 79, 14, 0, 0.06%, 8, 0, 9, 354.13
1734093327, 14, 69, 79, 14, 0, 0.06%, 8, 0, 9, 329.39
1734093337, 15, 17, 79, 14, 0, 0.06%, 8, 0, 9, 298.22
1734093342, 15, 27, 79, 14, 0, 0.06%, 8, 0, 9, 327.76
1734093348, 15, 30, 79, 14, 0, 0.06%, 8, 0, 9, 347.20
1734093353, 15, 31, 79, 14, 0, 0.06%, 8, 0, 9, 342.58
1734093358, 15, 58, 79, 14, 0, 0.06%, 8, 0, 9, 335.94
1734093363, 15, 66, 79, 14, 0, 0.06%, 8, 0, 9, 344.60
1734093368, 15, 69, 79, 14, 0, 0.06%, 8, 0, 9, 363.24
1734093373, 16, 17, 79, 14, 0, 0.06%, 8, 0, 9, 325.57
1734093383, 16, 27, 79, 14, 0, 0.06%, 8, 0, 9, 329.59
1734093388, 16, 30, 79, 14, 0, 0.06%, 8, 0, 9, 337.62
1734093393, 16, 31, 79, 14, 0, 0.06%, 8, 0, 9, 350.35
1734093398, 16, 58, 79, 14, 0, 0.06%, 8, 0, 9, 351.00
1734093403, 16, 66, 79, 14, 0, 0.06%, 8, 0, 9, 359.42
1734093409, 16, 69, 79, 14, 0, 0.06%, 8, 0, 9, 369.98
1734093414, 17, 17, 79, 14, 0, 0.06%, 8, 0, 9, 330.04
1734093419, 17, 20, 79, 14, 0, 0.06%, 8, 0, 9, 306.23
1734093424, 17, 27, 79, 14, 0, 0.06%, 8, 0, 9, 353.12
1734093429, 17, 30, 79, 14, 0, 0.06%, 8, 0, 9, 339.80
1734093434, 17, 31, 79, 14, 0, 0.06%, 8, 0, 9, 335.24
1734093439, 17, 58, 79, 14, 0, 0.06%, 8, 0, 9, 332.41
1734093444, 17, 66, 79, 14, 0, 0.06%, 8, 0, 9, 348.86
1734093449, 17, 69, 79, 14, 0, 0.06%, 8, 0, 9, 367.81
1734093454, 18, 17, 79, 14, 0, 0.06%, 8, 0, 9, 317.86
1734093459, 18, 20, 80, 15, 0, 0.06%, 8, 0, 9, 319.77
1734093464, 18, 27, 80, 15, 0, 0.06%, 8, 0, 9, 323.86
1734093470, 18, 30, 80, 15, 0, 0.06%, 8, 0, 9, 360.87
1734093475, 18, 31, 80, 15, 0, 0.06%, 8, 0, 9, 349.24
1734093480, 18, 58, 80, 15, 0, 0.06%, 8, 0, 9, 335.30
1734093485, 18, 66, 80, 15, 0, 0.06%, 8, 0, 9, 347.60
1734093490, 18, 69, 80, 15, 0, 0.06%, 8, 0, 9, 364.80
1734093500, 18, 79, 80, 15, 0, 0.06%, 8, 0, 9, 401.01
1734093581, 18, 79, 81, 16, 0, 0.06%, 8, 0, 9, 353.15
1734093627, 18, 80, 81, 15, 0, 0.06%, 8, 0, 9, 340.44
1734093754, 19, 17, 81, 14, 0, 0.06%, 8, 0, 9, 301.91
1734093759, 19, 18, 81, 14, 0, 0.06%, 8, 0, 9, 367.75
1734093764, 19, 19, 81, 14, 0, 0.06%, 8, 0, 9, 406.63
1734093780, 19, 20, 81, 13, 0, 0.06%, 8, 0, 9, 363.39
1734093785, 19, 21, 81, 13, 0, 0.06%, 8, 0, 9, 299.56
1734093790, 19, 22, 81, 13, 0, 0.06%, 8, 0, 9, 291.26
1734093795, 19, 23, 81, 13, 0, 0.06%, 8, 0, 9, 279.82
1734093800, 19, 24, 81, 13, 0, 0.06%, 8, 0, 9, 309.72
1734093805, 19, 25, 81, 13, 0, 0.06%, 8, 0, 9, 306.89
1734093810, 19, 26, 81, 13, 0, 0.06%, 8, 0, 9, 329.38
1734093815, 19, 27, 81, 13, 0, 0.06%, 8, 0, 9, 317.08
1734093820, 19, 28, 81, 13, 0, 0.06%, 8, 0, 9, 364.55
1734093826, 19, 29, 81, 13, 0, 0.06%, 8, 0, 9, 425.04
1734093841, 19, 30, 81, 12, 0, 0.06%, 8, 0, 9, 376.30
1734093846, 19, 31, 81, 12, 0, 0.06%, 8, 0, 9, 336.36
1734093851, 19, 32, 81, 12, 0, 0.06%, 8, 0, 9, 431.07
1734093861, 19, 33, 81, 12, 0, 0.06%, 8, 0, 9, 431.72
1734093872, 19, 34, 81, 12, 0, 0.06%, 8, 0, 9, 520.64
1734093877, 19, 35, 81, 12, 0, 0.06%, 8, 0, 9, 391.38
1734093887, 19, 36, 81, 12, 0, 0.06%, 8, 0, 9, 436.51
1734093928, 19, 37, 81, 11, 0, 0.06%, 8, 0, 9, 484.20
1734093968, 19, 38, 81, 10, 0, 0.06%, 8, 0, 9, 486.63
1734093979, 19, 39, 81, 10, 0, 0.06%, 8, 0, 9, 520.99
1734093994, 19, 40, 81, 10, 0, 0.06%, 8, 0, 9, 440.51
1734094009, 19, 41, 81, 10, 0, 0.06%, 8, 0, 9, 477.27
1734094065, 19, 42, 81, 10, 0, 0.06%, 8, 0, 9, 343.85
1734094070, 19, 44, 81, 10, 0, 0.06%, 8, 0, 9, 348.42
1734094075, 19, 45, 81, 10, 0, 0.06%, 8, 0, 9, 344.50
1734094085, 19, 46, 81, 10, 0, 0.06%, 8, 0, 9, 522.52
1734094096, 19, 47, 81, 10, 0, 0.06%, 8, 0, 9, 534.72
1734094106, 19, 48, 81, 10, 0, 0.06%, 8, 0, 9, 454.41
1734094162, 19, 49, 81, 10, 0, 0.06%, 8, 0, 9, 375.48
1734094177, 19, 50, 81, 10, 0, 0.06%, 8, 0, 9, 362.65
1734094182, 19, 51, 81, 10, 0, 0.06%, 8, 0, 9, 401.37
1734094197, 19, 54, 81, 10, 0, 0.06%, 8, 0, 9, 306.59
1734094202, 19, 55, 81, 10, 0, 0.06%, 8, 0, 9, 323.28
1734094213, 19, 56, 81, 10, 0, 0.06%, 8, 0, 9, 332.34
1734094218, 19, 57, 81, 10, 0, 0.06%, 8, 0, 9, 331.46
1734094223, 19, 58, 81, 10, 0, 0.06%, 8, 0, 9, 332.54
1734094228, 19, 59, 81, 10, 0, 0.06%, 8, 0, 9, 360.87
1734094233, 19, 60, 81, 10, 0, 0.06%, 8, 0, 9, 463.79
1734094289, 19, 61, 81, 10, 0, 0.06%, 8, 0, 9, 453.15
1734094309, 19, 62, 81, 10, 0, 0.06%, 8, 0, 9, 285.42
1734094752, 19, 63, 81, 10, 0, 0.06%, 8, 0, 9, 339.61
1734094762, 19, 64, 81, 10, 0, 0.06%, 8, 0, 9, 324.34
1734094767, 19, 65, 81, 10, 0, 0.06%, 8, 0, 9, 322.90
1734094772, 19, 66, 81, 10, 0, 0.06%, 8, 0, 9, 317.04
1734094777, 19, 67, 81, 10, 0, 0.06%, 8, 0, 9, 392.74
1734094793, 19, 68, 81, 10, 0, 0.06%, 8, 0, 9, 404.88
1734094803, 19, 69, 81, 10, 0, 0.06%, 8, 0, 9, 341.33
1734094813, 19, 70, 81, 10, 0, 0.06%, 8, 0, 9, 366.89
1734094823, 19, 71, 81, 10, 0, 0.06%, 8, 0, 9, 325.01
1734094833, 19, 72, 81, 10, 0, 0.06%, 8, 0, 9, 309.68
1734094844, 19, 73, 81, 10, 0, 0.06%, 8, 0, 9, 423.96
1734094854, 19, 74, 81, 10, 0, 0.06%, 8, 0, 9, 334.05
1734095048, 19, 75, 81, 10, 0, 0.06%, 8, 0, 9, 383.05
1734095160, 19, 76, 81, 9, 0, 0.06%, 8, 0, 9, 370.88
1734095277, 19, 77, 81, 8, 0, 0.06%, 8, 0, 9, 323.88
1734095538, 19, 79, 81, 7, 0, 0.06%, 8, 0, 9, 358.68
1734095553, 19, 80, 81, 7, 0, 0.06%, 8, 0, 9, 382.05
1734095573, 20, 17, 81, 7, 0, 0.06%, 8, 0, 9, 278.35
1734095579, 20, 20, 81, 7, 0, 0.06%, 8, 0, 9, 311.95
1734095584, 20, 21, 81, 7, 0, 0.06%, 8, 0, 9, 293.11
1734095589, 20, 22, 81, 7, 0, 0.06%, 8, 0, 9, 286.36
1734095594, 20, 23, 81, 7, 0, 0.06%, 8, 0, 9, 280.37
1734095599, 20, 24, 81, 7, 0, 0.06%, 8, 0, 9, 307.83
1734095604, 20, 25, 81, 7, 0, 0.06%, 8, 0, 9, 310.94
1734095609, 20, 26, 81, 7, 0, 0.06%, 8, 0, 9, 336.07
1734095614, 20, 30, 81, 7, 0, 0.06%, 8, 0, 9, 320.20
1734095619, 20, 31, 81, 7, 0, 0.06%, 8, 0, 9, 362.85
1734095625, 20, 32, 81, 7, 0, 0.06%, 8, 0, 9, 361.82
1734095630, 20, 35, 81, 7, 0, 0.06%, 8, 0, 9, 339.02
1734095635, 20, 38, 81, 7, 0, 0.06%, 8, 0, 9, 339.31
1734095640, 20, 40, 81, 7, 0, 0.06%, 8, 0, 9, 356.28
1734095645, 20, 41, 81, 7, 0, 0.06%, 8, 0, 9, 313.06
1734095650, 20, 48, 81, 7, 0, 0.06%, 8, 0, 9, 329.25
1734095660, 20, 53, 81, 7, 0, 0.06%, 8, 0, 9, 305.65
1734095665, 20, 54, 81, 7, 0, 0.06%, 8, 0, 9, 329.18
1734095670, 20, 55, 81, 7, 0, 0.06%, 8, 0, 9, 331.56
1734095675, 20, 56, 81, 7, 0, 0.06%, 8, 0, 9, 341.93
1734095680, 20, 57, 81, 7, 0, 0.06%, 8, 0, 9, 340.66
1734095685, 20, 58, 81, 7, 0, 0.06%, 8, 0, 9, 344.34
1734095691, 20, 63, 81, 7, 0, 0.06%, 8, 0, 9, 333.57
1734095696, 20, 64, 81, 7, 0, 0.06%, 8, 0, 9, 324.49
1734095701, 20, 65, 81, 7, 0, 0.06%, 8, 0, 9, 342.01
1734095711, 20, 66, 81, 7, 0, 0.06%, 8, 0, 9, 340.21
1734095716, 20, 67, 81, 7, 0, 0.06%, 8, 0, 9, 296.43
1734095726, 20, 68, 81, 7, 0, 0.06%, 8, 0, 9, 360.82
1734095731, 20, 69, 81, 7, 0, 0.06%, 8, 0, 9, 372.15
1734095741, 20, 71, 81, 7, 0, 0.06%, 8, 0, 9, 352.38
1734095751, 20, 72, 81, 7, 0, 0.06%, 8, 0, 9, 300.09
1734095762, 20, 74, 81, 7, 0, 0.06%, 8, 0, 9, 293.31
1734095772, 20, 75, 81, 7, 0, 0.06%, 8, 0, 9, 368.61
1734095782, 20, 76, 81, 7, 0, 0.06%, 8, 0, 9, 349.80
1734095792, 20, 79, 81, 7, 0, 0.06%, 8, 0, 9, 363.62
1734095807, 20, 80, 81, 7, 0, 0.06%, 8, 0, 9, 305.90
1734095828, 21, 17, 81, 7, 0, 0.06%, 8, 0, 9, 274.11
1734095833, 21, 20, 81, 7, 0, 0.06%, 8, 0, 9, 328.37
1734095838, 21, 21, 81, 7, 0, 0.06%, 8, 0, 9, 283.85
1734095843, 21, 22, 81, 7, 0, 0.06%, 8, 0, 9, 275.16
1734095848, 21, 23, 81, 7, 0, 0.06%, 8, 0, 9, 279.16
1734095853, 21, 24, 81, 7, 0, 0.06%, 8, 0, 9, 320.26
1734095858, 21, 25, 81, 7, 0, 0.06%, 8, 0, 9, 294.37
1734095863, 21, 26, 81, 7, 0, 0.06%, 8, 0, 9, 329.69
1734095868, 21, 27, 81, 7, 0, 0.06%, 8, 0, 9, 320.95
1734095873, 21, 30, 81, 7, 0, 0.06%, 8, 0, 9, 327.97
1734095879, 21, 31, 81, 7, 0, 0.06%, 8, 0, 9, 333.07
1734095884, 21, 35, 81, 7, 0, 0.06%, 8, 0, 9, 372.59
1734095889, 21, 38, 81, 7, 0, 0.06%, 8, 0, 9, 383.08
1734095894, 21, 39, 81, 7, 0, 0.06%, 8, 0, 9, 362.22
1734095899, 21, 40, 81, 7, 0, 0.06%, 8, 0, 9, 343.95
1734095904, 21, 41, 81, 7, 0, 0.06%, 8, 0, 9, 338.37
1734095909, 21, 48, 81, 7, 0, 0.06%, 8, 0, 9, 392.47
1734095914, 21, 53, 81, 7, 0, 0.06%, 8, 0, 9, 319.37
1734095919, 21, 54, 81, 7, 0, 0.06%, 8, 0, 9, 343.88
1734095924, 21, 55, 81, 7, 0, 0.06%, 8, 0, 9, 324.89
1734095929, 21, 56, 81, 7, 0, 0.06%, 8, 0, 9, 367.35
1734095934, 21, 57, 81, 7, 0, 0.06%, 8, 0, 9, 359.84
1734095939, 21, 58, 81, 7, 0, 0.06%, 8, 0, 9, 343.50
1734095944, 21, 63, 81, 7, 0, 0.06%, 8, 0, 9, 345.55
1734095949, 21, 64, 81, 7, 0, 0.06%, 8, 0, 9, 303.87
1734095960, 21, 65, 81, 7, 0, 0.06%, 8, 0, 9, 325.87
1734095965, 21, 66, 81, 7, 0, 0.06%, 8, 0, 9, 355.12
1734095970, 21, 67, 81, 7, 0, 0.06%, 8, 0, 9, 309.36
1734095980, 21, 68, 81, 7, 0, 0.06%, 8, 0, 9, 364.71
1734095985, 21, 69, 81, 7, 0, 0.06%, 8, 0, 9, 385.83
1734095990, 21, 71, 81, 7, 0, 0.06%, 8, 0, 9, 398.19
1734096000, 21, 72, 81, 7, 0, 0.06%, 8, 0, 9, 358.00
1734096016, 21, 74, 81, 7, 0, 0.06%, 8, 0, 9, 361.68
1734096026, 21, 75, 81, 7, 0, 0.06%, 8, 0, 9, 379.28
1734096036, 21, 76, 81, 7, 0, 0.06%, 8, 0, 9, 369.38
1734096046, 21, 79, 81, 7, 0, 0.06%, 8, 0, 9, 372.40
1734096061, 21, 80, 81, 7, 0, 0.06%, 8, 0, 9, 321.69
1734096082, 22, 17, 81, 7, 0, 0.06%, 8, 0, 9, 295.45
1734096087, 22, 20, 81, 7, 0, 0.06%, 8, 0, 9, 317.44
1734096092, 22, 21, 81, 7, 0, 0.06%, 8, 0, 9, 307.79
1734096097, 22, 22, 81, 7, 0, 0.06%, 8, 0, 9, 298.98
1734096102, 22, 23, 81, 7, 0, 0.06%, 8, 0, 9, 288.39
1734096107, 22, 24, 81, 7, 0, 0.06%, 8, 0, 9, 309.64
1734096113, 22, 25, 81, 7, 0, 0.06%, 8, 0, 9, 299.49
1734096118, 22, 26, 81, 7, 0, 0.06%, 8, 0, 9, 315.27
1734096123, 22, 30, 81, 7, 0, 0.06%, 8, 0, 9, 329.42
1734096128, 22, 31, 81, 7, 0, 0.06%, 8, 0, 9, 357.79
1734096133, 22, 32, 81, 7, 0, 0.06%, 8, 0, 9, 368.35
1734096138, 22, 35, 81, 7, 0, 0.06%, 8, 0, 9, 364.28
1734096143, 22, 38, 81, 7, 0, 0.06%, 8, 0, 9, 362.45
1734096148, 22, 40, 81, 7, 0, 0.06%, 8, 0, 9, 373.20
1734096153, 22, 41, 81, 7, 0, 0.06%, 8, 0, 9, 350.60
1734096158, 22, 48, 81, 7, 0, 0.06%, 8, 0, 9, 329.32
1734096169, 22, 53, 81, 7, 0, 0.06%, 8, 0, 9, 305.83
1734096174, 22, 54, 81, 7, 0, 0.06%, 8, 0, 9, 321.02
1734096179, 22, 55, 81, 7, 0, 0.06%, 8, 0, 9, 318.07
1734096184, 22, 56, 81, 7, 0, 0.06%, 8, 0, 9, 324.31
1734096189, 22, 57, 81, 7, 0, 0.06%, 8, 0, 9, 331.84
1734096194, 22, 58, 81, 7, 0, 0.06%, 8, 0, 9, 354.24
1734096199, 22, 63, 81, 7, 0, 0.06%, 8, 0, 9, 339.72
1734096204, 22, 64, 81, 7, 0, 0.06%, 8, 0, 9, 330.34
1734096209, 22, 65, 81, 7, 0, 0.06%, 8, 0, 9, 305.84
1734096214, 22, 66, 81, 7, 0, 0.06%, 8, 0, 9, 340.71
1734096224, 22, 67, 81, 7, 0, 0.06%, 8, 0, 9, 322.40
1734096229, 22, 68, 81, 7, 0, 0.06%, 8, 0, 9, 371.00
1734096240, 22, 69, 81, 7, 0, 0.06%, 8, 0, 9, 364.35
1734096245, 22, 71, 81, 7, 0, 0.06%, 8, 0, 9, 354.97
1734096255, 22, 72, 81, 7, 0, 0.06%, 8, 0, 9, 386.05
1734096265, 22, 74, 81, 7, 0, 0.06%, 8, 0, 9, 392.65
1734096280, 22, 75, 81, 7, 0, 0.06%, 8, 0, 9, 347.20
1734096290, 22, 76, 81, 7, 0, 0.06%, 8, 0, 9, 343.26
1734096301, 22, 79, 81, 7, 0, 0.06%, 8, 0, 9, 343.59
1734096311, 22, 80, 81, 7, 0, 0.06%, 8, 0, 9, 348.43
1734096316, 23, 17, 81, 7, 0, 0.06%, 8, 0, 9, 333.96
1734096321, 23, 20, 81, 7, 0, 0.06%, 8, 0, 9, 300.25
1734096326, 23, 21, 81, 7, 0, 0.06%, 8, 0, 9, 304.50
1734096331, 23, 22, 81, 7, 0, 0.06%, 8, 0, 9, 295.00
1734096336, 23, 23, 81, 7, 0, 0.06%, 8, 0, 9, 285.59
1734096341, 23, 24, 81, 7, 0, 0.06%, 8, 0, 9, 327.42
1734096346, 23, 25, 81, 7, 0, 0.06%, 8, 0, 9, 313.51
1734096351, 23, 26, 81, 7, 0, 0.06%, 8, 0, 9, 328.61
1734096357, 23, 27, 81, 7, 0, 0.06%, 8, 0, 9, 329.16
1734096362, 23, 30, 81, 7, 0, 0.06%, 8, 0, 9, 337.03
1734096367, 23, 31, 81, 7, 0, 0.06%, 8, 0, 9, 325.82
1734096372, 23, 35, 81, 7, 0, 0.06%, 8, 0, 9, 382.44
1734096377, 23, 38, 81, 7, 0, 0.06%, 8, 0, 9, 374.86
1734096382, 23, 39, 81, 7, 0, 0.06%, 8, 0, 9, 365.29
1734096387, 23, 40, 81, 7, 0, 0.06%, 8, 0, 9, 351.29
1734096392, 23, 41, 81, 7, 0, 0.06%, 8, 0, 9, 352.64
1734096397, 23, 48, 81, 7, 0, 0.06%, 8, 0, 9, 395.29
1734096402, 23, 53, 81, 7, 0, 0.06%, 8, 0, 9, 299.25
1734096407, 23, 54, 81, 7, 0, 0.06%, 8, 0, 9, 333.97
1734096412, 23, 55, 81, 7, 0, 0.06%, 8, 0, 9, 323.09
1734096417, 23, 56, 81, 7, 0, 0.06%, 8, 0, 9, 374.98
1734096422, 23, 57, 81, 7, 0, 0.06%, 8, 0, 9, 355.47
1734096427, 23, 58, 81, 7, 0, 0.06%, 8, 0, 9, 344.02
1734096432, 23, 63, 81, 7, 0, 0.06%, 8, 0, 9, 325.45
1734096438, 23, 64, 81, 7, 0, 0.06%, 8, 0, 9, 346.20
1734096448, 23, 65, 81, 7, 0, 0.06%, 8, 0, 9, 347.16
1734096453, 23, 66, 81, 7, 0, 0.06%, 8, 0, 9, 329.50
1734096458, 23, 67, 81, 7, 0, 0.06%, 8, 0, 9, 358.13
1734096468, 23, 68, 81, 7, 0, 0.06%, 8, 0, 9, 397.58
1734096473, 23, 69, 81, 7, 0, 0.06%, 8, 0, 9, 319.40
1734096483, 23, 71, 81, 7, 0, 0.06%, 8, 0, 9, 279.68
1734096494, 23, 72, 81, 7, 0, 0.06%, 8, 0, 9, 286.86
1734096504, 23, 74, 81, 7, 0, 0.06%, 8, 0, 9, 295.63
1734096514, 23, 75, 81, 7, 0, 0.06%, 8, 0, 9, 362.23
1734096519, 23, 76, 81, 7, 0, 0.06%, 8, 0, 9, 364.95
1734096524, 23, 79, 81, 7, 0, 0.06%, 8, 0, 9, 361.21
1734096534, 23, 80, 81, 7, 0, 0.06%, 8, 0, 9, 365.56
1734096545, 24, 17, 81, 7, 0, 0.06%, 8, 0, 9, 282.29
1734096550, 24, 20, 81, 7, 0, 0.06%, 8, 0, 9, 343.90
1734096555, 24, 21, 81, 7, 0, 0.06%, 8, 0, 9, 285.52
1734096560, 24, 22, 81, 7, 0, 0.06%, 8, 0, 9, 298.29
1734096565, 24, 23, 81, 7, 0, 0.06%, 8, 0, 9, 284.16
1734096570, 24, 24, 81, 7, 0, 0.06%, 8, 0, 9, 331.45
1734096575, 24, 25, 81, 7, 0, 0.06%, 8, 0, 9, 304.81
1734096580, 24, 26, 81, 7, 0, 0.06%, 8, 0, 9, 307.80
1734096585, 24, 30, 81, 7, 0, 0.06%, 8, 0, 9, 335.74
1734096590, 24, 31, 81, 7, 0, 0.06%, 8, 0, 9, 353.21
1734096595, 24, 32, 81, 7, 0, 0.06%, 8, 0, 9, 369.80
1734096600, 24, 35, 81, 7, 0, 0.06%, 8, 0, 9, 352.21
1734096605, 24, 38, 81, 7, 0, 0.06%, 8, 0, 9, 336.47
1734096610, 24, 40, 81, 7, 0, 0.06%, 8, 0, 9, 355.06
1734096616, 24, 41, 81, 7, 0, 0.06%, 8, 0, 9, 333.36
1734096621, 24, 48, 81, 7, 0, 0.06%, 8, 0, 9, 367.28
1734096631, 24, 53, 81, 7, 0, 0.06%, 8, 0, 9, 311.28
1734096636, 24, 55, 81, 7, 0, 0.06%, 8, 0, 9, 332.07
1734096646, 24, 57, 81, 7, 0, 0.06%, 8, 0, 9, 355.60
1734096656, 24, 58, 81, 7, 0, 0.06%, 8, 0, 9, 337.04
1734096661, 24, 63, 81, 7, 0, 0.06%, 8, 0, 9, 321.79
1734096666, 24, 64, 81, 7, 0, 0.06%, 8, 0, 9, 328.64
1734096672, 24, 65, 81, 7, 0, 0.06%, 8, 0, 9, 320.55
1734096677, 24, 66, 81, 7, 0, 0.06%, 8, 0, 9, 326.75
1734096682, 24, 67, 81, 7, 0, 0.06%, 8, 0, 9, 343.56
1734096692, 24, 68, 81, 7, 0, 0.06%, 8, 0, 9, 383.37
1734096702, 24, 69, 81, 7, 0, 0.06%, 8, 0, 9, 329.61
1734096707, 24, 71, 81, 7, 0, 0.06%, 8, 0, 9, 330.25
1734096717, 24, 72, 81, 7, 0, 0.06%, 8, 0, 9, 376.98
1734096728, 24, 74, 81, 7, 0, 0.06%, 8, 0, 9, 369.92
1734096743, 24, 75, 81, 7, 0, 0.06%, 8, 0, 9, 346.56
1734096748, 24, 76, 81, 7, 0, 0.06%, 8, 0, 9, 335.76
1734096753, 24, 79, 81, 7, 0, 0.06%, 8, 0, 9, 330.56
1734096758, 24, 80, 81, 7, 0, 0.06%, 8, 0, 9, 343.05
1734096763, 25, 17, 81, 7, 0, 0.06%, 8, 0, 9, 290.77
1734096768, 25, 20, 81, 7, 0, 0.06%, 8, 0, 9, 339.70
1734096773, 25, 21, 81, 7, 0, 0.06%, 8, 0, 9, 314.18
1734096778, 25, 22, 81, 7, 0, 0.06%, 8, 0, 9, 292.36
1734096783, 25, 23, 81, 7, 0, 0.06%, 8, 0, 9, 271.58
1734096788, 25, 24, 81, 7, 0, 0.06%, 8, 0, 9, 315.88
1734096794, 25, 25, 81, 7, 0, 0.06%, 8, 0, 9, 301.45
1734096799, 25, 26, 81, 7, 0, 0.06%, 8, 0, 9, 320.06
1734096804, 25, 30, 81, 7, 0, 0.06%, 8, 0, 9, 325.75
1734096809, 25, 31, 81, 7, 0, 0.06%, 8, 0, 9, 342.83
1734096814, 25, 32, 81, 7, 0, 0.06%, 8, 0, 9, 369.17
1734096819, 25, 35, 81, 7, 0, 0.06%, 8, 0, 9, 355.07
1734096824, 25, 39, 81, 7, 0, 0.06%, 8, 0, 9, 373.77
1734096829, 25, 40, 81, 7, 0, 0.06%, 8, 0, 9, 400.73
1734096834, 25, 41, 81, 7, 0, 0.06%, 8, 0, 9, 394.40
1734096839, 25, 48, 81, 7, 0, 0.06%, 8, 0, 9, 369.58
1734096849, 25, 53, 81, 7, 0, 0.06%, 8, 0, 9, 307.26
1734096854, 25, 55, 81, 7, 0, 0.06%, 8, 0, 9, 332.72
1734096864, 25, 57, 81, 7, 0, 0.06%, 8, 0, 9, 360.80
1734096875, 25, 58, 81, 7, 0, 0.06%, 8, 0, 9, 311.62
1734096880, 25, 63, 81, 7, 0, 0.06%, 8, 0, 9, 324.32
1734096885, 25, 64, 81, 7, 0, 0.06%, 8, 0, 9, 330.91
1734096890, 25, 65, 81, 7, 0, 0.06%, 8, 0, 9, 291.86
1734096895, 25, 66, 81, 7, 0, 0.06%, 8, 0, 9, 320.73
1734096900, 25, 67, 81, 7, 0, 0.06%, 8, 0, 9, 342.47
1734096910, 25, 68, 81, 7, 0, 0.06%, 8, 0, 9, 384.47
1734096920, 25, 69, 81, 7, 0, 0.06%, 8, 0, 9, 335.86
1734096925, 25, 71, 81, 7, 0, 0.06%, 8, 0, 9, 326.73
1734096935, 25, 72, 81, 7, 0, 0.06%, 8, 0, 9, 382.06
1734096946, 25, 74, 81, 7, 0, 0.06%, 8, 0, 9, 355.03
1734096961, 25, 75, 81, 7, 0, 0.06%, 8, 0, 9, 339.82
1734096966, 25, 76, 81, 7, 0, 0.06%, 8, 0, 9, 340.08
1734096971, 25, 79, 81, 7, 0, 0.06%, 8, 0, 9, 335.68
1734096976, 25, 80, 81, 7, 0, 0.06%, 8, 0, 9, 327.51
1734096981, 26, 17, 81, 7, 0, 0.06%, 8, 0, 9, 307.44
1734096986, 26, 20, 81, 7, 0, 0.06%, 8, 0, 9, 325.47
1734096991, 26, 21, 81, 7, 0, 0.06%, 8, 0, 9, 287.83
1734096997, 26, 23, 81, 7, 0, 0.06%, 8, 0, 9, 294.04
1734097002, 26, 25, 81, 7, 0, 0.06%, 8, 0, 9, 314.98
1734097007, 26, 26, 81, 7, 0, 0.06%, 8, 0, 9, 320.25
1734097012, 26, 27, 81, 7, 0, 0.06%, 8, 0, 9, 335.74
1734097017, 26, 30, 81, 7, 0, 0.06%, 8, 0, 9, 334.76
1734097022, 26, 31, 81, 7, 0, 0.06%, 8, 0, 9, 329.98
1734097027, 26, 32, 81, 7, 0, 0.06%, 8, 0, 9, 358.64
1734097032, 26, 35, 81, 7, 0, 0.06%, 8, 0, 9, 349.13
1734097037, 26, 39, 81, 7, 0, 0.06%, 8, 0, 9, 362.24
1734097042, 26, 40, 81, 7, 0, 0.06%, 8, 0, 9, 378.19
1734097047, 26, 41, 81, 7, 0, 0.06%, 8, 0, 9, 382.16
1734097052, 26, 48, 81, 7, 0, 0.06%, 8, 0, 9, 381.72
1734097057, 26, 55, 81, 7, 0, 0.06%, 8, 0, 9, 376.93
1734097068, 26, 56, 81, 7, 0, 0.06%, 8, 0, 9, 331.58
1734097073, 26, 63, 81, 7, 0, 0.06%, 8, 0, 9, 349.16
1734097083, 26, 64, 81, 7, 0, 0.06%, 8, 0, 9, 323.52
1734097088, 26, 65, 81, 7, 0, 0.06%, 8, 0, 9, 327.13
1734097093, 26, 66, 81, 7, 0, 0.06%, 8, 0, 9, 336.53
1734097098, 26, 67, 81, 7, 0, 0.06%, 8, 0, 9, 380.07
1734097108, 26, 68, 81, 7, 0, 0.06%, 8, 0, 9, 394.58
1734097114, 26, 69, 81, 7, 0, 0.06%, 8, 0, 9, 316.62
1734097124, 26, 71, 81, 7, 0, 0.06%, 8, 0, 9, 290.57
1734097134, 26, 72, 81, 7, 0, 0.06%, 8, 0, 9, 330.69
1734097144, 26, 74, 81, 7, 0, 0.06%, 8, 0, 9, 371.12
1734097154, 26, 79, 81, 7, 0, 0.06%, 8, 0, 9, 328.96
1734097159, 26, 80, 81, 7, 0, 0.06%, 8, 0, 9, 321.31
1734097169, 27, 17, 81, 7, 0, 0.06%, 8, 0, 9, 306.40
1734097174, 27, 21, 81, 7, 0, 0.06%, 8, 0, 9, 313.91
1734097179, 27, 23, 81, 7, 0, 0.06%, 8, 0, 9, 295.87
1734097190, 27, 25, 81, 7, 0, 0.06%, 8, 0, 9, 312.31
1734097195, 27, 26, 81, 7, 0, 0.06%, 8, 0, 9, 336.26
1734097200, 27, 27, 81, 7, 0, 0.06%, 8, 0, 9, 363.63
1734097205, 27, 30, 81, 7, 0, 0.06%, 8, 0, 9, 353.77
1734097210, 27, 31, 81, 7, 0, 0.06%, 8, 0, 9, 323.09
1734097215, 27, 32, 81, 7, 0, 0.06%, 8, 0, 9, 341.71
1734097220, 27, 35, 81, 7, 0, 0.06%, 8, 0, 9, 338.34
1734097225, 27, 39, 81, 7, 0, 0.06%, 8, 0, 9, 383.57
1734097230, 27, 40, 81, 7, 0, 0.06%, 8, 0, 9, 381.51
1734097235, 27, 41, 81, 7, 0, 0.06%, 8, 0, 9, 384.10
1734097240, 27, 48, 81, 7, 0, 0.06%, 8, 0, 9, 393.00
1734097251, 27, 55, 81, 7, 0, 0.06%, 8, 0, 9, 335.93
1734097256, 27, 56, 81, 7, 0, 0.06%, 8, 0, 9, 336.75
1734097261, 27, 63, 81, 7, 0, 0.06%, 8, 0, 9, 343.87
1734097271, 27, 64, 81, 7, 0, 0.06%, 8, 0, 9, 314.39
1734097276, 27, 65, 81, 7, 0, 0.06%, 8, 0, 9, 331.80
1734097281, 27, 66, 81, 7, 0, 0.06%, 8, 0, 9, 340.03
1734097286, 27, 67, 81, 7, 0, 0.06%, 8, 0, 9, 390.99
1734097296, 27, 68, 81, 7, 0, 0.06%, 8, 0, 9, 402.97
1734097302, 27, 69, 81, 7, 0, 0.06%, 8, 0, 9, 357.50
1734097312, 27, 71, 81, 7, 0, 0.06%, 8, 0, 9, 302.08
1734097322, 27, 72, 81, 7, 0, 0.06%, 8, 0, 9, 339.01
1734097332, 27, 74, 81, 7, 0, 0.06%, 8, 0, 9, 371.05
1734097342, 27, 79, 81, 7, 0, 0.06%, 8, 0, 9, 337.03
1734097347, 27, 80, 81, 7, 0, 0.06%, 8, 0, 9, 321.94
1734097352, 28, 17, 81, 7, 0, 0.06%, 8, 0, 9, 323.19
1734097357, 28, 20, 81, 7, 0, 0.06%, 8, 0, 9, 304.30
1734097362, 28, 21, 81, 7, 0, 0.06%, 8, 0, 9, 297.47
1734097368, 28, 23, 81, 7, 0, 0.06%, 8, 0, 9, 288.93
1734097373, 28, 24, 81, 7, 0, 0.06%, 8, 0, 9, 324.22
1734097378, 28, 25, 81, 7, 0, 0.06%, 8, 0, 9, 309.57
1734097383, 28, 26, 81, 7, 0, 0.06%, 8, 0, 9, 336.47
1734097388, 28, 27, 81, 7, 0, 0.06%, 8, 0, 9, 324.04
1734097393, 28, 30, 81, 7, 0, 0.06%, 8, 0, 9, 313.28
1734097398, 28, 32, 81, 7, 0, 0.06%, 8, 0, 9, 329.82
1734097403, 28, 35, 81, 7, 0, 0.06%, 8, 0, 9, 382.17
1734097408, 28, 38, 81, 7, 0, 0.06%, 8, 0, 9, 375.97
1734097413, 28, 39, 81, 7, 0, 0.06%, 8, 0, 9, 358.35
1734097418, 28, 40, 81, 7, 0, 0.06%, 8, 0, 9, 351.46
1734097423, 28, 41, 81, 7, 0, 0.06%, 8, 0, 9, 354.60
1734097428, 28, 48, 81, 7, 0, 0.06%, 8, 0, 9, 364.17
1734097433, 28, 55, 81, 7, 0, 0.06%, 8, 0, 9, 353.88
1734097438, 28, 56, 81, 7, 0, 0.06%, 8, 0, 9, 362.51
1734097443, 28, 58, 81, 7, 0, 0.06%, 8, 0, 9, 357.77
1734097448, 28, 63, 81, 7, 0, 0.06%, 8, 0, 9, 346.13
1734097454, 28, 64, 81, 7, 0, 0.06%, 8, 0, 9, 307.51
1734097459, 28, 65, 81, 7, 0, 0.06%, 8, 0, 9, 357.00
1734097469, 28, 66, 81, 7, 0, 0.06%, 8, 0, 9, 345.76
1734097474, 28, 67, 81, 7, 0, 0.06%, 8, 0, 9, 296.44
1734097484, 28, 68, 81, 7, 0, 0.06%, 8, 0, 9, 375.86
1734097489, 28, 69, 81, 7, 0, 0.06%, 8, 0, 9, 349.58
1734097494, 28, 71, 81, 7, 0, 0.06%, 8, 0, 9, 361.95
1734097510, 28, 72, 81, 7, 0, 0.06%, 8, 0, 9, 350.18
1734097520, 28, 74, 81, 7, 0, 0.06%, 8, 0, 9, 302.62
1734097530, 28, 79, 81, 7, 0, 0.06%, 8, 0, 9, 343.20
1734097535, 28, 80, 81, 7, 0, 0.06%, 8, 0, 9, 338.00
1734097540, 29, 17, 81, 7, 0, 0.06%, 8, 0, 9, 302.65
1734097545, 29, 20, 81, 7, 0, 0.06%, 8, 0, 9, 322.54
1734097550, 29, 21, 81, 7, 0, 0.06%, 8, 0, 9, 292.20
1734097555, 29, 23, 81, 7, 0, 0.06%, 8, 0, 9, 272.96
1734097560, 29, 24, 81, 7, 0, 0.06%, 8, 0, 9, 323.94
1734097565, 29, 25, 81, 7, 0, 0.06%, 8, 0, 9, 301.87
1734097570, 29, 26, 81, 7, 0, 0.06%, 8, 0, 9, 309.69
1734097575, 29, 30, 81, 7, 0, 0.06%, 8, 0, 9, 309.93
1734097581, 29, 31, 81, 7, 0, 0.06%, 8, 0, 9, 343.43
1734097586, 29, 32, 81, 7, 0, 0.06%, 8, 0, 9, 379.30
1734097591, 29, 35, 81, 7, 0, 0.06%, 8, 0, 9, 362.93
1734097596, 29, 38, 81, 7, 0, 0.06%, 8, 0, 9, 358.62
1734097601, 29, 40, 81, 7, 0, 0.06%, 8, 0, 9, 371.53
1734097606, 29, 41, 81, 7, 0, 0.06%, 8, 0, 9, 353.18
1734097611, 29, 55, 81, 7, 0, 0.06%, 8, 0, 9, 321.49
1734097616, 29, 56, 81, 7, 0, 0.06%, 8, 0, 9, 327.64
1734097621, 29, 58, 81, 7, 0, 0.06%, 8, 0, 9, 353.57
1734097626, 29, 63, 81, 7, 0, 0.06%, 8, 0, 9, 342.30
1734097631, 29, 64, 81, 7, 0, 0.06%, 8, 0, 9, 326.54
1734097641, 29, 65, 81, 7, 0, 0.06%, 8, 0, 9, 346.20
1734097647, 29, 66, 81, 7, 0, 0.06%, 8, 0, 9, 367.22
1734097652, 29, 69, 81, 7, 0, 0.06%, 8, 0, 9, 364.43
1734097657, 29, 79, 81, 7, 0, 0.06%, 8, 0, 9, 367.35
1734097662, 29, 80, 81, 7, 0, 0.06%, 8, 0, 9, 341.28
1734097672, 30, 17, 81, 7, 0, 0.06%, 8, 0, 9, 305.93
1734097677, 30, 21, 81, 7, 0, 0.06%, 8, 0, 9, 310.12
1734097682, 30, 23, 81, 7, 0, 0.06%, 8, 0, 9, 291.97
1734097687, 30, 24, 81, 7, 0, 0.06%, 8, 0, 9, 329.44
1734097692, 30, 25, 81, 7, 0, 0.06%, 8, 0, 9, 313.16
1734097697, 30, 26, 81, 7, 0, 0.06%, 8, 0, 9, 332.12
1734097702, 30, 27, 81, 7, 0, 0.06%, 8, 0, 9, 345.66
1734097707, 30, 31, 81, 7, 0, 0.06%, 8, 0, 9, 333.74
1734097712, 30, 55, 81, 7, 0, 0.06%, 8, 0, 9, 327.92
1734097718, 30, 56, 81, 7, 0, 0.06%, 8, 0, 9, 328.76
1734097723, 30, 58, 81, 7, 0, 0.06%, 8, 0, 9, 339.62
1734097728, 30, 63, 81, 7, 0, 0.06%, 8, 0, 9, 342.24
1734097733, 30, 64, 81, 7, 0, 0.06%, 8, 0, 9, 341.70
1734097743, 30, 65, 81, 7, 0, 0.06%, 8, 0, 9, 350.17
1734097748, 30, 66, 81, 7, 0, 0.06%, 8, 0, 9, 356.94
1734097753, 30, 69, 81, 7, 0, 0.06%, 8, 0, 9, 326.13
1734097763, 30, 79, 81, 7, 0, 0.06%, 8, 0, 9, 329.93
1734097768, 30, 80, 81, 7, 0, 0.06%, 8, 0, 9, 334.72
1734097774, 31, 17, 81, 7, 0, 0.06%, 8, 0, 9, 295.34
1734097779, 31, 20, 81, 7, 0, 0.06%, 8, 0, 9, 307.73
1734097784, 31, 21, 81, 7, 0, 0.06%, 8, 0, 9, 290.92
1734097789, 31, 23, 81, 7, 0, 0.06%, 8, 0, 9, 291.84
1734097794, 31, 24, 81, 7, 0, 0.06%, 8, 0, 9, 325.27
1734097799, 31, 25, 81, 7, 0, 0.06%, 8, 0, 9, 311.88
1734097804, 31, 27, 81, 7, 0, 0.06%, 8, 0, 9, 330.71
1734097809, 31, 30, 81, 7, 0, 0.06%, 8, 0, 9, 354.78
1734097814, 31, 31, 81, 7, 0, 0.06%, 8, 0, 9, 351.76
1734097819, 31, 55, 81, 7, 0, 0.06%, 8, 0, 9, 339.40
1734097824, 31, 56, 81, 7, 0, 0.06%, 8, 0, 9, 358.46
1734097829, 31, 58, 81, 7, 0, 0.06%, 8, 0, 9, 349.51
1734097834, 31, 63, 81, 7, 0, 0.06%, 8, 0, 9, 354.67
1734097839, 31, 64, 81, 7, 0, 0.06%, 8, 0, 9, 329.60
1734097844, 31, 65, 81, 7, 0, 0.06%, 8, 0, 9, 330.45
1734097855, 31, 66, 81, 7, 0, 0.06%, 8, 0, 9, 333.83
1734097860, 31, 69, 81, 7, 0, 0.06%, 8, 0, 9, 366.64
1734097865, 31, 79, 81, 7, 0, 0.06%, 8, 0, 9, 315.03
1734097870, 31, 80, 81, 7, 0, 0.06%, 8, 0, 9, 330.50
1734097875, 32, 17, 81, 7, 0, 0.06%, 8, 0, 9, 343.19
1734097880, 32, 20, 81, 7, 0, 0.06%, 8, 0, 9, 307.04
1734097885, 32, 21, 81, 7, 0, 0.06%, 8, 0, 9, 295.78
1734097890, 32, 23, 81, 7, 0, 0.06%, 8, 0, 9, 289.40
1734097895, 32, 24, 81, 7, 0, 0.06%, 8, 0, 9, 341.24
1734097900, 32, 25, 81, 7, 0, 0.06%, 8, 0, 9, 320.20
1734097905, 32, 26, 81, 7, 0, 0.06%, 8, 0, 9, 339.88
1734097911, 32, 27, 81, 7, 0, 0.06%, 8, 0, 9, 331.33
1734097916, 32, 31, 81, 7, 0, 0.06%, 8, 0, 9, 340.93
1734097921, 32, 55, 81, 7, 0, 0.06%, 8, 0, 9, 327.58
1734097926, 32, 56, 81, 7, 0, 0.06%, 8, 0, 9, 342.39
1734097931, 32, 58, 81, 7, 0, 0.06%, 8, 0, 9, 349.64
1734097936, 32, 63, 81, 7, 0, 0.06%, 8, 0, 9, 329.27
1734097941, 32, 64, 81, 7, 0, 0.06%, 8, 0, 9, 338.98
1734097951, 32, 65, 81, 7, 0, 0.06%, 8, 0, 9, 351.79
1734097956, 32, 66, 81, 7, 0, 0.06%, 8, 0, 9, 339.98
1734097961, 32, 69, 81, 7, 0, 0.06%, 8, 0, 9, 361.50
1734097971, 32, 79, 81, 7, 0, 0.06%, 8, 0, 9, 346.51
1734097976, 32, 80, 81, 7, 0, 0.06%, 8, 0, 9, 339.72
1734097982, 33, 17, 81, 7, 0, 0.06%, 8, 0, 9, 301.42
1734097987, 33, 20, 81, 7, 0, 0.06%, 8, 0, 9, 313.44
1734097992, 33, 21, 81, 7, 0, 0.06%, 8, 0, 9, 286.16
1734097997, 33, 23, 81, 7, 0, 0.06%, 8, 0, 9, 288.10
1734098002, 33, 25, 81, 7, 0, 0.06%, 8, 0, 9, 320.58
1734098007, 33, 26, 81, 7, 0, 0.06%, 8, 0, 9, 314.95
1734098012, 33, 27, 81, 7, 0, 0.06%, 8, 0, 9, 349.94
1734098017, 33, 30, 81, 7, 0, 0.06%, 8, 0, 9, 357.11
1734098022, 33, 31, 81, 7, 0, 0.06%, 8, 0, 9, 346.09
1734098027, 33, 55, 81, 7, 0, 0.06%, 8, 0, 9, 342.95
1734098032, 33, 56, 81, 7, 0, 0.06%, 8, 0, 9, 343.74
1734098037, 33, 58, 81, 7, 0, 0.06%, 8, 0, 9, 332.08
1734098042, 33, 63, 81, 7, 0, 0.06%, 8, 0, 9, 343.14
1734098047, 33, 64, 81, 7, 0, 0.06%, 8, 0, 9, 318.57
1734098053, 33, 65, 81, 7, 0, 0.06%, 8, 0, 9, 319.36
1734098063, 33, 66, 81, 7, 0, 0.06%, 8, 0, 9, 351.84
1734098068, 33, 69, 81, 7, 0, 0.06%, 8, 0, 9, 374.53
1734098073, 33, 79, 81, 7, 0, 0.06%, 8, 0, 9, 307.42
1734098078, 33, 80, 81, 7, 0, 0.06%, 8, 0, 9, 338.80
1734098088, 34, 17, 81, 7, 0, 0.06%, 8, 0, 9, 289.49
1734098093, 34, 21, 81, 7, 0, 0.06%, 8, 0, 9, 304.25
1734098098, 34, 23, 81, 7, 0, 0.06%, 8, 0, 9, 302.34
1734098103, 34, 24, 81, 7, 0, 0.06%, 8, 0, 9, 314.45
1734098108, 34, 25, 81, 7, 0, 0.06%, 8, 0, 9, 310.45
1734098113, 34, 26, 81, 7, 0, 0.06%, 8, 0, 9, 322.83
1734098119, 34, 27, 81, 7, 0, 0.06%, 8, 0, 9, 348.17
1734098124, 34, 30, 81, 7, 0, 0.06%, 8, 0, 9, 342.60
1734098129, 34, 31, 81, 7, 0, 0.06%, 8, 0, 9, 337.74
1734098134, 34, 55, 81, 7, 0, 0.06%, 8, 0, 9, 329.51
1734098139, 34, 56, 81, 7, 0, 0.06%, 8, 0, 9, 343.97
1734098144, 34, 58, 81, 7, 0, 0.06%, 8, 0, 9, 345.52
1734098149, 34, 63, 81, 7, 0, 0.06%, 8, 0, 9, 325.22
1734098154, 34, 64, 81, 7, 0, 0.06%, 8, 0, 9, 335.14
1734098159, 34, 65, 81, 7, 0, 0.06%, 8, 0, 9, 317.74
1734098164, 34, 66, 81, 7, 0, 0.06%, 8, 0, 9, 341.24
1734098174, 34, 69, 81, 7, 0, 0.06%, 8, 0, 9, 347.30
1734098179, 34, 79, 81, 7, 0, 0.06%, 8, 0, 9, 352.95
1734098184, 34, 80, 81, 7, 0, 0.06%, 8, 0, 9, 358.30
1734098189, 35, 17, 81, 7, 0, 0.06%, 8, 0, 9, 294.51
1734098194, 35, 20, 81, 7, 0, 0.06%, 8, 0, 9, 316.61
1734098199, 35, 27, 81, 7, 0, 0.06%, 8, 0, 9, 340.35
1734098204, 35, 30, 81, 7, 0, 0.06%, 8, 0, 9, 336.08
1734098209, 35, 58, 81, 7, 0, 0.06%, 8, 0, 9, 322.30
1734098214, 35, 66, 81, 7, 0, 0.06%, 8, 0, 9, 329.95
1734098220, 35, 69, 81, 7, 0, 0.06%, 8, 0, 9, 350.59
1734098230, 35, 79, 81, 7, 0, 0.06%, 8, 0, 9, 353.81
1734098235, 35, 80, 81, 7, 0, 0.06%, 8, 0, 9, 349.26
1734098240, 36, 17, 81, 7, 0, 0.06%, 8, 0, 9, 292.14
1734098245, 36, 20, 81, 7, 0, 0.06%, 8, 0, 9, 327.94
1734098250, 36, 27, 81, 7, 0, 0.06%, 8, 0, 9, 325.41
1734098255, 36, 30, 81, 7, 0, 0.06%, 8, 0, 9, 318.66
1734098260, 36, 58, 81, 7, 0, 0.06%, 8, 0, 9, 332.07
1734098265, 36, 66, 81, 7, 0, 0.06%, 8, 0, 9, 333.04
1734098270, 36, 69, 81, 7, 0, 0.06%, 8, 0, 9, 339.87
1734098280, 36, 79, 81, 7, 0, 0.06%, 8, 0, 9, 346.23
1734098285, 36, 80, 81, 7, 0, 0.06%, 8, 0, 9, 360.71
1734098290, 37, 17, 81, 7, 0, 0.06%, 8, 0, 9, 295.95
1734098296, 37, 20, 81, 7, 0, 0.06%, 8, 0, 9, 330.08
1734098301, 37, 27, 81, 7, 0, 0.06%, 8, 0, 9, 326.66
1734098306, 37, 31, 81, 7, 0, 0.06%, 8, 0, 9, 329.06
1734098311, 37, 58, 81, 7, 0, 0.06%, 8, 0, 9, 357.54
1734098316, 37, 66, 81, 7, 0, 0.06%, 8, 0, 9, 349.20
1734098321, 37, 69, 81, 7, 0, 0.06%, 8, 0, 9, 318.42
1734098331, 37, 79, 81, 7, 0, 0.06%, 8, 0, 9, 334.66
1734098336, 37, 80, 81, 7, 0, 0.06%, 8, 0, 9, 339.84
1734098341, 38, 17, 81, 7, 0, 0.06%, 8, 0, 9, 294.78
1734098347, 38, 20, 81, 7, 0, 0.06%, 8, 0, 9, 313.55
1734098352, 38, 27, 81, 7, 0, 0.06%, 8, 0, 9, 313.53
1734098357, 38, 30, 81, 7, 0, 0.06%, 8, 0, 9, 328.56
1734098362, 38, 58, 81, 7, 0, 0.06%, 8, 0, 9, 326.25
1734098367, 38, 66, 81, 7, 0, 0.06%, 8, 0, 9, 342.03
1734098377, 38, 69, 81, 7, 0, 0.06%, 8, 0, 9, 361.60
1734098382, 38, 79, 81, 7, 0, 0.06%, 8, 0, 9, 344.12
1734098387, 38, 80, 81, 7, 0, 0.06%, 8, 0, 9, 362.93
1734098392, 39, 17, 81, 7, 0, 0.06%, 8, 0, 9, 303.32
1734098397, 39, 20, 81, 7, 0, 0.06%, 8, 0, 9, 328.47
1734098402, 39, 27, 81, 7, 0, 0.06%, 8, 0, 9, 336.85
1734098407, 39, 30, 81, 7, 0, 0.06%, 8, 0, 9, 341.01
1734098412, 39, 58, 81, 7, 0, 0.06%, 8, 0, 9, 337.70
1734098417, 39, 66, 81, 7, 0, 0.06%, 8, 0, 9, 329.83
1734098422, 39, 69, 81, 7, 0, 0.06%, 8, 0, 9, 345.55
1734098433, 39, 79, 81, 7, 0, 0.06%, 8, 0, 9, 352.36
1734098438, 39, 80, 81, 7, 0, 0.06%, 8, 0, 9, 351.38
1734098443, 40, 17, 81, 7, 0, 0.06%, 8, 0, 9, 286.41
1734098448, 40, 20, 81, 7, 0, 0.06%, 8, 0, 9, 328.94
1734098453, 40, 27, 81, 7, 0, 0.06%, 8, 0, 9, 327.91
1734098458, 40, 31, 81, 7, 0, 0.06%, 8, 0, 9, 341.19
1734098463, 40, 58, 81, 7, 0, 0.06%, 8, 0, 9, 352.15
1734098468, 40, 66, 81, 7, 0, 0.06%, 8, 0, 9, 351.47
1734098473, 40, 69, 81, 7, 0, 0.06%, 8, 0, 9, 337.13
1734098483, 40, 79, 81, 7, 0, 0.06%, 8, 0, 9, 324.23
1734098488, 40, 80, 81, 7, 0, 0.06%, 8, 0, 9, 335.63
1734098493, 41, 17, 81, 7, 0, 0.06%, 8, 0, 9, 293.53
1734098499, 41, 20, 81, 7, 0, 0.06%, 8, 0, 9, 308.48
1734098504, 41, 30, 81, 7, 0, 0.06%, 8, 0, 9, 319.78
1734098509, 41, 31, 81, 7, 0, 0.06%, 8, 0, 9, 358.30
1734098514, 41, 58, 81, 7, 0, 0.06%, 8, 0, 9, 360.13
1734098519, 41, 66, 81, 7, 0, 0.06%, 8, 0, 9, 355.16
1734098524, 41, 69, 81, 7, 0, 0.06%, 8, 0, 9, 341.33
1734098534, 41, 79, 81, 7, 0, 0.06%, 8, 0, 9, 348.27
1734098539, 41, 80, 81, 7, 0, 0.06%, 8, 0, 9, 333.13
1734098544, 42, 17, 81, 7, 0, 0.06%, 8, 0, 9, 295.04
1734098549, 42, 20, 81, 7, 0, 0.06%, 8, 0, 9, 328.91
1734098554, 42, 30, 81, 7, 0, 0.06%, 8, 0, 9, 344.52
1734098559, 42, 31, 81, 7, 0, 0.06%, 8, 0, 9, 357.77
1734098564, 42, 58, 81, 7, 0, 0.06%, 8, 0, 9, 349.86
1734098569, 42, 66, 81, 7, 0, 0.06%, 8, 0, 9, 359.80
1734098574, 42, 69, 81, 7, 0, 0.06%, 8, 0, 9, 363.84
1734098579, 42, 79, 81, 7, 0, 0.06%, 8, 0, 9, 337.60
1734098589, 42, 80, 81, 7, 0, 0.06%, 8, 0, 9, 357.65
1734098594, 43, 17, 81, 7, 0, 0.06%, 8, 0, 9, 315.50
1734098599, 43, 27, 81, 7, 0, 0.06%, 8, 0, 9, 310.92
1734098605, 43, 30, 81, 7, 0, 0.06%, 8, 0, 9, 344.64
1734098610, 43, 31, 81, 7, 0, 0.06%, 8, 0, 9, 341.70
1734098615, 43, 58, 81, 7, 0, 0.06%, 8, 0, 9, 341.28
1734098620, 43, 66, 81, 7, 0, 0.06%, 8, 0, 9, 358.11
1734098625, 43, 69, 81, 7, 0, 0.06%, 8, 0, 9, 369.33
1734098635, 43, 79, 81, 7, 0, 0.06%, 8, 0, 9, 342.55
1734098640, 43, 80, 81, 7, 0, 0.06%, 8, 0, 9, 356.70
1734098645, 44, 17, 81, 7, 0, 0.06%, 8, 0, 9, 312.08
1734098650, 44, 27, 81, 7, 0, 0.06%, 8, 0, 9, 326.39
1734098655, 44, 30, 81, 7, 0, 0.06%, 8, 0, 9, 360.34
1734098660, 44, 31, 81, 7, 0, 0.06%, 8, 0, 9, 343.50
1734098665, 44, 58, 81, 7, 0, 0.06%, 8, 0, 9, 332.86
1734098670, 44, 66, 81, 7, 0, 0.06%, 8, 0, 9, 349.03
1734098675, 44, 69, 81, 7, 0, 0.06%, 8, 0, 9, 350.32
1734098685, 44, 79, 81, 7, 0, 0.06%, 8, 0, 9, 321.47
1734098691, 44, 80, 81, 7, 0, 0.06%, 8, 0, 9, 356.22
1734098696, 45, 17, 81, 7, 0, 0.06%, 8, 0, 9, 311.48
1734098701, 45, 20, 81, 7, 0, 0.06%, 8, 0, 9, 314.07
1734098706, 45, 30, 81, 7, 0, 0.06%, 8, 0, 9, 338.04
1734098711, 45, 31, 81, 7, 0, 0.06%, 8, 0, 9, 355.01
1734098716, 45, 58, 81, 7, 0, 0.06%, 8, 0, 9, 347.36
1734098721, 45, 66, 81, 7, 0, 0.06%, 8, 0, 9, 358.26
1734098726, 45, 69, 81, 7, 0, 0.06%, 8, 0, 9, 366.29
1734098731, 45, 79, 81, 7, 0, 0.06%, 8, 0, 9, 363.60
1734098741, 45, 80, 81, 7, 0, 0.06%, 8, 0, 9, 336.72
1734098746, 46, 17, 81, 7, 0, 0.06%, 8, 0, 9, 296.25
1734098751, 46, 20, 81, 7, 0, 0.06%, 8, 0, 9, 331.99
1734098756, 46, 30, 81, 7, 0, 0.06%, 8, 0, 9, 335.99
1734098761, 46, 31, 81, 7, 0, 0.06%, 8, 0, 9, 354.00
1734098766, 46, 58, 81, 7, 0, 0.06%, 8, 0, 9, 347.98
1734098771, 46, 66, 81, 7, 0, 0.06%, 8, 0, 9, 366.97
1734098776, 46, 69, 81, 7, 0, 0.06%, 8, 0, 9, 358.67
1734098786, 46, 79, 81, 7, 0, 0.06%, 8, 0, 9, 331.68
1734098792, 46, 80, 81, 7, 0, 0.06%, 8, 0, 9, 338.75
1734098797, 47, 17, 81, 7, 0, 0.06%, 8, 0, 9, 292.05
1734098802, 47, 20, 81, 7, 0, 0.06%, 8, 0, 9, 309.76
1734098807, 47, 27, 81, 7, 0, 0.06%, 8, 0, 9, 308.48
1734098812, 47, 31, 81, 7, 0, 0.06%, 8, 0, 9, 346.17
1734098817, 47, 58, 81, 7, 0, 0.06%, 8, 0, 9, 340.57
1734098822, 47, 66, 81, 7, 0, 0.06%, 8, 0, 9, 343.30
1734098827, 47, 69, 81, 7, 0, 0.06%, 8, 0, 9, 303.57
1734098837, 47, 79, 81, 7, 0, 0.06%, 8, 0, 9, 336.00
1734098842, 47, 80, 81, 7, 0, 0.06%, 8, 0, 9, 363.22
1734098847, 48, 17, 81, 7, 0, 0.06%, 8, 0, 9, 292.47
1734098853, 48, 20, 81, 7, 0, 0.06%, 8, 0, 9, 308.94
1734098858, 48, 27, 81, 7, 0, 0.06%, 8, 0, 9, 308.68
1734098863, 48, 31, 81, 7, 0, 0.06%, 8, 0, 9, 332.09
1734098868, 48, 58, 81, 7, 0, 0.06%, 8, 0, 9, 325.92
1734098873, 48, 66, 81, 7, 0, 0.06%, 8, 0, 9, 311.84
1734098878, 48, 69, 81, 7, 0, 0.06%, 8, 0, 9, 334.70
1734098888, 48, 79, 81, 7, 0, 0.06%, 8, 0, 9, 354.76
1734098893, 48, 80, 81, 7, 0, 0.06%, 8, 0, 9, 357.84
1734098898, 49, 17, 81, 7, 0, 0.06%, 8, 0, 9, 300.88
1734098904, 49, 20, 81, 7, 0, 0.06%, 8, 0, 9, 322.95
1734098909, 49, 30, 81, 7, 0, 0.06%, 8, 0, 9, 355.21
1734098914, 49, 31, 81, 7, 0, 0.06%, 8, 0, 9, 369.08
1734098919, 49, 58, 81, 7, 0, 0.06%, 8, 0, 9, 356.48
1734098924, 49, 66, 81, 7, 0, 0.06%, 8, 0, 9, 319.65
1734098929, 49, 69, 81, 7, 0, 0.06%, 8, 0, 9, 315.60
1734098939, 49, 79, 81, 7, 0, 0.06%, 8, 0, 9, 340.46
1734098944, 49, 80, 81, 7, 0, 0.06%, 8, 0, 9, 350.32
1734098949, 50, 17, 81, 7, 0, 0.06%, 8, 0, 9, 305.69
1734098954, 50, 20, 81, 7, 0, 0.06%, 8, 0, 9, 324.56
1734098959, 50, 30, 81, 7, 0, 0.06%, 8, 0, 9, 314.81
1734098964, 50, 31, 81, 7, 0, 0.06%, 8, 0, 9, 331.09
1734098969, 50, 58, 81, 7, 0, 0.06%, 8, 0, 9, 328.18
1734098974, 50, 66, 81, 7, 0, 0.06%, 8, 0, 9, 324.81
1734098979, 50, 69, 81, 7, 0, 0.06%, 8, 0, 9, 326.79
1734098990, 50, 79, 81, 7, 0, 0.06%, 8, 0, 9, 340.11
1734098995, 50, 80, 81, 7, 0, 0.06%, 8, 0, 9, 360.97
1734099000, 51, 17, 81, 7, 0, 0.06%, 8, 0, 9, 295.96
1734099005, 51, 20, 81, 7, 0, 0.06%, 8, 0, 9, 315.50
1734099010, 51, 27, 81, 7, 0, 0.06%, 8, 0, 9, 320.91
1734099015, 51, 30, 81, 7, 0, 0.06%, 8, 0, 9, 319.64
1734099020, 51, 58, 81, 7, 0, 0.06%, 8, 0, 9, 325.78
1734099025, 51, 66, 81, 7, 0, 0.06%, 8, 0, 9, 327.62
1734099030, 51, 69, 81, 7, 0, 0.06%, 8, 0, 9, 347.80
1734099040, 51, 79, 81, 7, 0, 0.06%, 8, 0, 9, 357.87
1734099045, 51, 80, 81, 7, 0, 0.06%, 8, 0, 9, 349.20
1734099050, 52, 17, 81, 7, 0, 0.06%, 8, 0, 9, 293.56
1734099055, 52, 18, 81, 7, 0, 0.06%, 8, 0, 9, 327.55
1734099061, 52, 19, 81, 7, 0, 0.06%, 8, 0, 9, 376.31
1734099066, 52, 20, 81, 7, 0, 0.06%, 8, 0, 9, 321.87
1734099071, 52, 21, 81, 7, 0, 0.06%, 8, 0, 9, 305.35
1734099076, 52, 22, 81, 7, 0, 0.06%, 8, 0, 9, 278.93
1734099081, 52, 23, 81, 7, 0, 0.06%, 8, 0, 9, 288.58
1734099086, 52, 24, 81, 7, 0, 0.06%, 8, 0, 9, 324.37
1734099091, 52, 25, 81, 7, 0, 0.06%, 8, 0, 9, 306.87
1734099096, 52, 26, 81, 7, 0, 0.06%, 8, 0, 9, 331.31
1734099101, 52, 27, 81, 7, 0, 0.06%, 8, 0, 9, 329.04
1734099106, 52, 28, 81, 7, 0, 0.06%, 8, 0, 9, 404.70
1734099116, 52, 29, 81, 7, 0, 0.06%, 8, 0, 9, 359.19
1734099122, 52, 30, 81, 7, 0, 0.06%, 8, 0, 9, 330.85
1734099127, 52, 31, 81, 7, 0, 0.06%, 8, 0, 9, 336.98
1734099132, 52, 32, 81, 7, 0, 0.06%, 8, 0, 9, 365.74
1734099137, 52, 33, 81, 7, 0, 0.06%, 8, 0, 9, 363.92
1734099142, 52, 34, 81, 7, 0, 0.06%, 8, 0, 9, 343.47
1734099147, 52, 36, 81, 7, 0, 0.06%, 8, 0, 9, 352.42
1734099157, 52, 37, 81, 7, 0, 0.06%, 8, 0, 9, 403.23
1734099167, 52, 38, 81, 7, 0, 0.06%, 8, 0, 9, 351.56
1734099172, 52, 40, 81, 7, 0, 0.06%, 8, 0, 9, 382.08
1734099177, 52, 41, 81, 7, 0, 0.06%, 8, 0, 9, 366.84
1734099182, 52, 42, 81, 7, 0, 0.06%, 8, 0, 9, 370.55
1734099187, 52, 43, 81, 7, 0, 0.06%, 8, 0, 9, 358.99
1734099192, 52, 44, 81, 7, 0, 0.06%, 8, 0, 9, 380.79
1734099198, 52, 45, 81, 7, 0, 0.06%, 8, 0, 9, 385.53
1734099203, 52, 46, 81, 7, 0, 0.06%, 8, 0, 9, 365.07
1734099208, 52, 47, 81, 7, 0, 0.06%, 8, 0, 9, 350.46
1734099213, 52, 48, 81, 7, 0, 0.06%, 8, 0, 9, 363.25
1734099218, 52, 49, 81, 7, 0, 0.06%, 8, 0, 9, 398.99
1734099223, 52, 50, 81, 7, 0, 0.06%, 8, 0, 9, 340.51
1734099233, 52, 51, 81, 7, 0, 0.06%, 8, 0, 9, 433.03
1734099243, 52, 53, 81, 7, 0, 0.06%, 8, 0, 9, 320.38
1734099249, 52, 54, 81, 7, 0, 0.06%, 8, 0, 9, 333.88
1734099254, 52, 55, 81, 7, 0, 0.06%, 8, 0, 9, 349.78
1734099259, 52, 56, 81, 7, 0, 0.06%, 8, 0, 9, 341.64
1734099264, 52, 57, 81, 7, 0, 0.06%, 8, 0, 9, 350.75
1734099269, 52, 58, 81, 7, 0, 0.06%, 8, 0, 9, 337.67
1734099274, 52, 59, 81, 7, 0, 0.06%, 8, 0, 9, 335.16
1734099279, 52, 60, 81, 7, 0, 0.06%, 8, 0, 9, 325.87
1734099289, 52, 61, 81, 7, 0, 0.06%, 8, 0, 9, 346.17
1734099294, 52, 62, 81, 7, 0, 0.06%, 8, 0, 9, 407.36
1734099309, 52, 63, 81, 7, 0, 0.06%, 8, 0, 9, 348.27
1734099315, 52, 64, 81, 7, 0, 0.06%, 8, 0, 9, 329.93
1734099320, 52, 65, 81, 7, 0, 0.06%, 8, 0, 9, 353.12
1734099330, 52, 66, 81, 7, 0, 0.06%, 8, 0, 9, 334.93
1734099335, 52, 67, 81, 7, 0, 0.06%, 8, 0, 9, 286.26
1734099597, 52, 68, 81, 7, 0, 0.06%, 8, 0, 9, 453.42
1734099638, 52, 69, 81, 7, 0, 0.06%, 8, 0, 9, 349.71
1734099643, 52, 70, 81, 7, 0, 0.06%, 8, 0, 9, 313.56
1734099654, 52, 71, 81, 7, 0, 0.06%, 8, 0, 9, 322.44
1734099664, 52, 72, 81, 7, 0, 0.06%, 8, 0, 9, 286.06
1734099674, 52, 73, 81, 7, 0, 0.06%, 8, 0, 9, 397.01
1734099679, 52, 74, 81, 7, 0, 0.06%, 8, 0, 9, 400.65
1734099694, 52, 75, 81, 7, 0, 0.06%, 8, 0, 9, 330.84
1734099699, 52, 76, 81, 7, 0, 0.06%, 8, 0, 9, 334.35
1734099704, 52, 77, 81, 7, 0, 0.06%, 8, 0, 9, 293.83
1734100169, 52, 78, 81, 7, 0, 0.06%, 8, 0, 9, 267.35
1734100825, 52, 79, 81, 6, 0, 0.06%, 8, 0, 9, 293.96
1734100830, 52, 80, 81, 6, 0, 0.06%, 8, 0, 9, 321.57
1734100835, 53, 17, 81, 6, 0, 0.06%, 8, 0, 9, 326.36
1734100845, 53, 21, 81, 6, 0, 0.06%, 8, 0, 9, 307.36
1734100850, 53, 22, 81, 6, 0, 0.06%, 8, 0, 9, 289.31
1734100855, 53, 23, 81, 6, 0, 0.06%, 8, 0, 9, 276.40
1734100860, 53, 24, 81, 6, 0, 0.06%, 8, 0, 9, 321.28
1734100865, 53, 25, 81, 6, 0, 0.06%, 8, 0, 9, 307.11
1734100870, 53, 26, 81, 6, 0, 0.06%, 8, 0, 9, 334.48
1734100875, 53, 27, 81, 6, 0, 0.06%, 8, 0, 9, 344.38
1734100880, 53, 30, 81, 6, 0, 0.06%, 8, 0, 9, 338.45
1734100886, 53, 31, 81, 6, 0, 0.06%, 8, 0, 9, 336.80
1734100891, 53, 32, 81, 6, 0, 0.06%, 8, 0, 9, 341.22
1734100896, 53, 34, 81, 6, 0, 0.06%, 8, 0, 9, 393.20
1734100901, 53, 35, 81, 6, 0, 0.06%, 8, 0, 9, 373.94
1734100906, 53, 38, 81, 6, 0, 0.06%, 8, 0, 9, 342.59
1734100911, 53, 39, 81, 6, 0, 0.06%, 8, 0, 9, 345.25
1734100916, 53, 40, 81, 6, 0, 0.06%, 8, 0, 9, 326.90
1734100921, 53, 41, 81, 6, 0, 0.06%, 8, 0, 9, 360.70
1734100926, 53, 43, 81, 6, 0, 0.06%, 8, 0, 9, 342.76
1734100931, 53, 44, 81, 6, 0, 0.06%, 8, 0, 9, 334.04
1734100936, 53, 45, 81, 6, 0, 0.06%, 8, 0, 9, 329.42
1734100941, 53, 46, 81, 6, 0, 0.06%, 8, 0, 9, 366.88
1734100946, 53, 47, 81, 6, 0, 0.06%, 8, 0, 9, 400.05
1734100951, 53, 48, 81, 6, 0, 0.06%, 8, 0, 9, 384.44
1734100957, 53, 49, 81, 6, 0, 0.06%, 8, 0, 9, 410.45
1734100967, 53, 50, 81, 6, 0, 0.06%, 8, 0, 9, 357.91
1734100972, 53, 51, 81, 6, 0, 0.06%, 8, 0, 9, 386.88
1734100977, 53, 53, 81, 6, 0, 0.06%, 8, 0, 9, 322.82
1734100982, 53, 54, 81, 6, 0, 0.06%, 8, 0, 9, 343.03
1734100987, 53, 55, 81, 6, 0, 0.06%, 8, 0, 9, 340.47
1734100992, 53, 56, 81, 6, 0, 0.06%, 8, 0, 9, 364.81
1734100997, 53, 57, 81, 6, 0, 0.06%, 8, 0, 9, 361.77
1734101002, 53, 58, 81, 6, 0, 0.06%, 8, 0, 9, 361.92
1734101007, 53, 59, 81, 6, 0, 0.06%, 8, 0, 9, 321.72
1734101012, 53, 60, 81, 6, 0, 0.06%, 8, 0, 9, 326.84
1734101023, 53, 61, 81, 6, 0, 0.06%, 8, 0, 9, 348.02
1734101028, 53, 62, 81, 6, 0, 0.06%, 8, 0, 9, 355.75
1734101043, 53, 63, 81, 6, 0, 0.06%, 8, 0, 9, 338.60
1734101048, 53, 64, 81, 6, 0, 0.06%, 8, 0, 9, 339.67
1734101053, 53, 65, 81, 6, 0, 0.06%, 8, 0, 9, 309.19
1734101058, 53, 66, 81, 6, 0, 0.06%, 8, 0, 9, 338.41
1734101069, 53, 67, 81, 6, 0, 0.06%, 8, 0, 9, 342.42
1734101074, 53, 68, 81, 6, 0, 0.06%, 8, 0, 9, 374.36
1734101084, 53, 69, 81, 6, 0, 0.06%, 8, 0, 9, 348.69
1734101089, 53, 70, 81, 6, 0, 0.06%, 8, 0, 9, 348.27
1734101099, 53, 71, 81, 6, 0, 0.06%, 8, 0, 9, 312.64
1734101109, 53, 72, 81, 6, 0, 0.06%, 8, 0, 9, 283.07
1734101120, 53, 73, 81, 6, 0, 0.06%, 8, 0, 9, 397.35
1734101125, 53, 74, 81, 6, 0, 0.06%, 8, 0, 9, 390.02
1734101135, 53, 75, 81, 6, 0, 0.06%, 8, 0, 9, 334.80
1734101145, 53, 76, 81, 6, 0, 0.06%, 8, 0, 9, 329.48
1734101150, 53, 77, 81, 6, 0, 0.06%, 8, 0, 9, 298.73
1734101171, 53, 78, 81, 6, 0, 0.06%, 8, 0, 9, 331.28
1734101191, 53, 79, 81, 6, 0, 0.06%, 8, 0, 9, 369.80
1734101196, 53, 80, 81, 6, 0, 0.06%, 8, 0, 9, 333.37
1734101201, 54, 17, 81, 6, 0, 0.06%, 8, 0, 9, 305.77
1734101206, 54, 20, 81, 6, 0, 0.06%, 8, 0, 9, 320.60
1734101211, 54, 21, 81, 6, 0, 0.06%, 8, 0, 9, 281.69
1734101216, 54, 22, 81, 6, 0, 0.06%, 8, 0, 9, 285.72
1734101222, 54, 23, 81, 6, 0, 0.06%, 8, 0, 9, 276.07
1734101227, 54, 24, 81, 6, 0, 0.06%, 8, 0, 9, 338.24
1734101232, 54, 25, 81, 6, 0, 0.06%, 8, 0, 9, 310.79
1734101237, 54, 26, 81, 6, 0, 0.06%, 8, 0, 9, 342.63
1734101242, 54, 27, 81, 6, 0, 0.06%, 8, 0, 9, 336.88
1734101247, 54, 30, 81, 6, 0, 0.06%, 8, 0, 9, 343.54
1734101252, 54, 31, 81, 6, 0, 0.06%, 8, 0, 9, 331.33
1734101257, 54, 33, 81, 6, 0, 0.06%, 8, 0, 9, 379.66
1734101262, 54, 34, 81, 6, 0, 0.06%, 8, 0, 9, 380.05
1734101268, 54, 35, 81, 6, 0, 0.06%, 8, 0, 9, 363.36
1734101273, 54, 38, 81, 6, 0, 0.06%, 8, 0, 9, 342.84
1734101278, 54, 40, 81, 6, 0, 0.06%, 8, 0, 9, 335.28
1734101283, 54, 41, 81, 6, 0, 0.06%, 8, 0, 9, 344.44
1734101288, 54, 42, 81, 6, 0, 0.06%, 8, 0, 9, 402.82
1734101293, 54, 43, 81, 6, 0, 0.06%, 8, 0, 9, 380.61
1734101298, 54, 44, 81, 6, 0, 0.06%, 8, 0, 9, 381.99
1734101303, 54, 45, 81, 6, 0, 0.06%, 8, 0, 9, 375.65
1734101308, 54, 46, 81, 6, 0, 0.06%, 8, 0, 9, 366.63
1734101313, 54, 47, 81, 6, 0, 0.06%, 8, 0, 9, 367.67
1734101318, 54, 48, 81, 6, 0, 0.06%, 8, 0, 9, 390.99
1734101323, 54, 49, 81, 6, 0, 0.06%, 8, 0, 9, 401.16
1734101329, 54, 50, 81, 6, 0, 0.06%, 8, 0, 9, 367.19
1734101339, 54, 51, 81, 6, 0, 0.06%, 8, 0, 9, 349.82
1734101344, 54, 53, 81, 6, 0, 0.06%, 8, 0, 9, 305.54
1734101349, 54, 54, 81, 6, 0, 0.06%, 8, 0, 9, 322.83
1734101354, 54, 55, 81, 6, 0, 0.06%, 8, 0, 9, 327.64
1734101359, 54, 56, 81, 6, 0, 0.06%, 8, 0, 9, 342.24
1734101364, 54, 57, 81, 6, 0, 0.06%, 8, 0, 9, 351.63
1734101369, 54, 58, 81, 6, 0, 0.06%, 8, 0, 9, 331.25
1734101374, 54, 59, 81, 6, 0, 0.06%, 8, 0, 9, 360.33
1734101379, 54, 60, 81, 6, 0, 0.06%, 8, 0, 9, 395.86
1734101384, 54, 61, 81, 6, 0, 0.06%, 8, 0, 9, 383.18
1734101394, 54, 62, 81, 6, 0, 0.06%, 8, 0, 9, 295.43
1734101409, 54, 63, 81, 6, 0, 0.06%, 8, 0, 9, 307.01
1734101415, 54, 64, 81, 6, 0, 0.06%, 8, 0, 9, 338.80
1734101420, 54, 65, 81, 6, 0, 0.06%, 8, 0, 9, 353.29
1734101425, 54, 66, 81, 6, 0, 0.06%, 8, 0, 9, 343.81
1734101430, 54, 67, 81, 6, 0, 0.06%, 8, 0, 9, 376.99
1734101440, 54, 68, 81, 6, 0, 0.06%, 8, 0, 9, 407.93
1734101445, 54, 69, 81, 6, 0, 0.06%, 8, 0, 9, 338.58
1734101455, 54, 70, 81, 6, 0, 0.06%, 8, 0, 9, 384.91
1734101460, 54, 71, 81, 6, 0, 0.06%, 8, 0, 9, 363.51
1734101476, 54, 72, 81, 6, 0, 0.06%, 8, 0, 9, 338.11
1734101486, 54, 73, 81, 6, 0, 0.06%, 8, 0, 9, 381.83
1734101491, 54, 74, 81, 6, 0, 0.06%, 8, 0, 9, 356.92
1734101501, 54, 75, 81, 6, 0, 0.06%, 8, 0, 9, 365.56
1734101506, 54, 76, 81, 6, 0, 0.06%, 8, 0, 9, 321.61
1734101511, 54, 77, 81, 6, 0, 0.06%, 8, 0, 9, 412.48
1734101532, 54, 78, 81, 6, 0, 0.06%, 8, 0, 9, 436.30
1734101552, 54, 79, 81, 6, 0, 0.06%, 8, 0, 9, 368.46
1734101557, 54, 80, 81, 6, 0, 0.06%, 8, 0, 9, 354.31
1734101567, 55, 17, 81, 6, 0, 0.06%, 8, 0, 9, 297.67
1734101572, 55, 21, 81, 6, 0, 0.06%, 8, 0, 9, 311.83
1734101577, 55, 22, 81, 6, 0, 0.06%, 8, 0, 9, 298.05
1734101583, 55, 23, 81, 6, 0, 0.06%, 8, 0, 9, 280.93
1734101588, 55, 24, 81, 6, 0, 0.06%, 8, 0, 9, 298.34
1734101593, 55, 25, 81, 6, 0, 0.06%, 8, 0, 9, 313.49
1734101598, 55, 26, 81, 6, 0, 0.06%, 8, 0, 9, 317.61
1734101603, 55, 27, 81, 6, 0, 0.06%, 8, 0, 9, 344.92
1734101608, 55, 30, 81, 6, 0, 0.06%, 8, 0, 9, 337.03
1734101613, 55, 31, 81, 6, 0, 0.06%, 8, 0, 9, 334.08
1734101618, 55, 32, 81, 6, 0, 0.06%, 8, 0, 9, 338.50
1734101623, 55, 33, 81, 6, 0, 0.06%, 8, 0, 9, 364.15
1734101628, 55, 35, 81, 6, 0, 0.06%, 8, 0, 9, 393.83
1734101633, 55, 38, 81, 6, 0, 0.06%, 8, 0, 9, 372.26
1734101638, 55, 39, 81, 6, 0, 0.06%, 8, 0, 9, 370.72
1734101643, 55, 40, 81, 6, 0, 0.06%, 8, 0, 9, 350.95
1734101648, 55, 41, 81, 6, 0, 0.06%, 8, 0, 9, 346.77
1734101653, 55, 42, 81, 6, 0, 0.06%, 8, 0, 9, 343.02
1734101658, 55, 44, 81, 6, 0, 0.06%, 8, 0, 9, 343.79
1734101663, 55, 45, 81, 6, 0, 0.06%, 8, 0, 9, 352.49
1734101668, 55, 46, 81, 6, 0, 0.06%, 8, 0, 9, 356.33
1734101674, 55, 47, 81, 6, 0, 0.06%, 8, 0, 9, 383.65
1734101679, 55, 48, 81, 6, 0, 0.06%, 8, 0, 9, 383.27
1734101689, 55, 49, 81, 6, 0, 0.06%, 8, 0, 9, 364.96
1734101694, 55, 50, 81, 6, 0, 0.06%, 8, 0, 9, 382.04
1734101699, 55, 51, 81, 6, 0, 0.06%, 8, 0, 9, 400.50
1734101704, 55, 53, 81, 6, 0, 0.06%, 8, 0, 9, 349.94
1734101709, 55, 54, 81, 6, 0, 0.06%, 8, 0, 9, 326.18
1734101714, 55, 55, 81, 6, 0, 0.06%, 8, 0, 9, 308.35
1734101719, 55, 56, 81, 6, 0, 0.06%, 8, 0, 9, 319.83
1734101724, 55, 57, 81, 6, 0, 0.06%, 8, 0, 9, 336.30
1734101734, 55, 59, 81, 6, 0, 0.06%, 8, 0, 9, 342.84
1734101745, 55, 60, 81, 6, 0, 0.06%, 8, 0, 9, 366.57
1734101750, 55, 61, 81, 6, 0, 0.06%, 8, 0, 9, 401.80
1734101755, 55, 62, 81, 6, 0, 0.06%, 8, 0, 9, 382.45
1734101770, 55, 63, 81, 6, 0, 0.06%, 8, 0, 9, 331.35
1734101775, 55, 64, 81, 6, 0, 0.06%, 8, 0, 9, 327.17
1734101780, 55, 65, 81, 6, 0, 0.06%, 8, 0, 9, 328.94
1734101790, 55, 66, 81, 6, 0, 0.06%, 8, 0, 9, 335.80
1734101796, 55, 67, 81, 6, 0, 0.06%, 8, 0, 9, 281.40
1734101801, 55, 68, 81, 6, 0, 0.06%, 8, 0, 9, 359.22
1734101811, 55, 69, 81, 6, 0, 0.06%, 8, 0, 9, 378.06
1734101816, 55, 70, 81, 6, 0, 0.06%, 8, 0, 9, 317.96
1734101826, 55, 71, 81, 6, 0, 0.06%, 8, 0, 9, 305.83
1734101836, 55, 72, 81, 6, 0, 0.06%, 8, 0, 9, 328.82
1734101846, 55, 73, 81, 6, 0, 0.06%, 8, 0, 9, 369.38
1734101857, 55, 74, 81, 6, 0, 0.06%, 8, 0, 9, 347.87
1734101867, 55, 75, 81, 6, 0, 0.06%, 8, 0, 9, 347.26
1734101872, 55, 76, 81, 6, 0, 0.06%, 8, 0, 9, 329.73
1734101877, 55, 77, 81, 6, 0, 0.06%, 8, 0, 9, 333.18
1734101892, 55, 78, 81, 6, 0, 0.06%, 8, 0, 9, 326.06
1734101913, 55, 79, 81, 6, 0, 0.06%, 8, 0, 9, 371.93
1734101918, 55, 80, 81, 6, 0, 0.06%, 8, 0, 9, 363.63
1734101923, 56, 17, 81, 6, 0, 0.06%, 8, 0, 9, 304.35
1734101928, 56, 20, 81, 6, 0, 0.06%, 8, 0, 9, 335.66
1734101933, 56, 21, 81, 6, 0, 0.06%, 8, 0, 9, 311.18
1734101938, 56, 22, 81, 6, 0, 0.06%, 8, 0, 9, 292.67
1734101943, 56, 23, 81, 6, 0, 0.06%, 8, 0, 9, 288.40
1734101948, 56, 24, 81, 6, 0, 0.06%, 8, 0, 9, 319.09
1734101953, 56, 25, 81, 6, 0, 0.06%, 8, 0, 9, 304.96
1734101958, 56, 26, 81, 6, 0, 0.06%, 8, 0, 9, 319.93
1734101964, 56, 30, 81, 6, 0, 0.06%, 8, 0, 9, 324.15
1734101969, 56, 31, 81, 6, 0, 0.06%, 8, 0, 9, 328.12
1734101974, 56, 32, 81, 6, 0, 0.06%, 8, 0, 9, 358.01
1734101979, 56, 33, 81, 6, 0, 0.06%, 8, 0, 9, 364.70
1734101984, 56, 34, 81, 6, 0, 0.06%, 8, 0, 9, 354.52
1734101989, 56, 38, 81, 6, 0, 0.06%, 8, 0, 9, 351.22
1734101994, 56, 39, 81, 6, 0, 0.06%, 8, 0, 9, 388.58
1734101999, 56, 40, 81, 6, 0, 0.06%, 8, 0, 9, 353.59
1734102004, 56, 41, 81, 6, 0, 0.06%, 8, 0, 9, 379.54
1734102009, 56, 42, 81, 6, 0, 0.06%, 8, 0, 9, 359.25
1734102014, 56, 43, 81, 6, 0, 0.06%, 8, 0, 9, 342.56
1734102019, 56, 44, 81, 6, 0, 0.06%, 8, 0, 9, 381.04
1734102024, 56, 45, 81, 6, 0, 0.06%, 8, 0, 9, 361.31
1734102029, 56, 46, 81, 6, 0, 0.06%, 8, 0, 9, 358.36
1734102035, 56, 48, 81, 6, 0, 0.06%, 8, 0, 9, 333.26
1734102045, 56, 49, 81, 6, 0, 0.06%, 8, 0, 9, 361.42
1734102050, 56, 50, 81, 6, 0, 0.06%, 8, 0, 9, 387.32
1734102055, 56, 51, 81, 6, 0, 0.06%, 8, 0, 9, 378.47
1734102065, 56, 53, 81, 6, 0, 0.06%, 8, 0, 9, 313.99
1734102070, 56, 54, 81, 6, 0, 0.06%, 8, 0, 9, 307.85
1734102075, 56, 55, 81, 6, 0, 0.06%, 8, 0, 9, 326.49
1734102080, 56, 56, 81, 6, 0, 0.06%, 8, 0, 9, 327.17
1734102085, 56, 57, 81, 6, 0, 0.06%, 8, 0, 9, 341.50
1734102090, 56, 58, 81, 6, 0, 0.06%, 8, 0, 9, 339.73
1734102095, 56, 59, 81, 6, 0, 0.06%, 8, 0, 9, 355.84
1734102100, 56, 60, 81, 6, 0, 0.06%, 8, 0, 9, 372.49
1734102105, 56, 61, 81, 6, 0, 0.06%, 8, 0, 9, 410.08
1734102111, 56, 62, 81, 6, 0, 0.06%, 8, 0, 9, 381.31
1734102126, 56, 63, 81, 6, 0, 0.06%, 8, 0, 9, 352.02
1734102131, 56, 64, 81, 6, 0, 0.06%, 8, 0, 9, 318.98
1734102141, 56, 65, 81, 6, 0, 0.06%, 8, 0, 9, 333.53
1734102146, 56, 66, 81, 6, 0, 0.06%, 8, 0, 9, 363.98
1734102151, 56, 67, 81, 6, 0, 0.06%, 8, 0, 9, 329.56
1734102161, 56, 68, 81, 6, 0, 0.06%, 8, 0, 9, 373.86
1734102166, 56, 69, 81, 6, 0, 0.06%, 8, 0, 9, 379.09
1734102177, 56, 70, 81, 6, 0, 0.06%, 8, 0, 9, 371.62
1734102182, 56, 71, 81, 6, 0, 0.06%, 8, 0, 9, 374.55
1734102192, 56, 72, 81, 6, 0, 0.06%, 8, 0, 9, 381.67
1734102202, 56, 73, 81, 6, 0, 0.06%, 8, 0, 9, 325.63
1734102212, 56, 74, 81, 6, 0, 0.06%, 8, 0, 9, 300.91
1734102222, 56, 75, 81, 6, 0, 0.06%, 8, 0, 9, 373.92
1734102227, 56, 76, 81, 6, 0, 0.06%, 8, 0, 9, 339.58
1734102232, 56, 77, 81, 6, 0, 0.06%, 8, 0, 9, 350.91
1734102248, 56, 78, 81, 6, 0, 0.06%, 8, 0, 9, 358.77
1734102263, 56, 79, 81, 6, 0, 0.06%, 8, 0, 9, 353.10
1734102268, 56, 80, 81, 6, 0, 0.06%, 8, 0, 9, 347.29
1734102273, 57, 17, 81, 6, 0, 0.06%, 8, 0, 9, 291.27
1734102279, 57, 20, 81, 6, 0, 0.06%, 8, 0, 9, 323.79
1734102284, 57, 21, 81, 6, 0, 0.06%, 8, 0, 9, 294.92
1734102289, 57, 22, 81, 6, 0, 0.06%, 8, 0, 9, 282.71
1734102294, 57, 23, 81, 6, 0, 0.06%, 8, 0, 9, 272.25
1734102299, 57, 24, 81, 6, 0, 0.06%, 8, 0, 9, 340.70
1734102304, 57, 25, 81, 6, 0, 0.06%, 8, 0, 9, 307.83
1734102309, 57, 26, 81, 6, 0, 0.06%, 8, 0, 9, 347.70
1734102314, 57, 27, 81, 6, 0, 0.06%, 8, 0, 9, 344.79
1734102319, 57, 30, 81, 6, 0, 0.06%, 8, 0, 9, 340.47
1734102324, 57, 32, 81, 6, 0, 0.06%, 8, 0, 9, 381.81
1734102329, 57, 33, 81, 6, 0, 0.06%, 8, 0, 9, 377.49
1734102334, 57, 34, 81, 6, 0, 0.06%, 8, 0, 9, 352.83
1734102339, 57, 35, 81, 6, 0, 0.06%, 8, 0, 9, 340.60
1734102344, 57, 39, 81, 6, 0, 0.06%, 8, 0, 9, 339.81
1734102350, 57, 40, 81, 6, 0, 0.06%, 8, 0, 9, 360.33
1734102355, 57, 41, 81, 6, 0, 0.06%, 8, 0, 9, 377.11
1734102360, 57, 42, 81, 6, 0, 0.06%, 8, 0, 9, 382.34
1734102365, 57, 43, 81, 6, 0, 0.06%, 8, 0, 9, 368.05
1734102370, 57, 44, 81, 6, 0, 0.06%, 8, 0, 9, 380.65
1734102375, 57, 45, 81, 6, 0, 0.06%, 8, 0, 9, 384.15
1734102380, 57, 46, 81, 6, 0, 0.06%, 8, 0, 9, 359.88
1734102385, 57, 47, 81, 6, 0, 0.06%, 8, 0, 9, 347.24
1734102390, 57, 48, 81, 6, 0, 0.06%, 8, 0, 9, 390.77
1734102395, 57, 49, 81, 6, 0, 0.06%, 8, 0, 9, 400.84
1734102400, 57, 50, 81, 6, 0, 0.06%, 8, 0, 9, 395.17
1734102410, 57, 51, 81, 6, 0, 0.06%, 8, 0, 9, 344.03
1734102415, 57, 53, 81, 6, 0, 0.06%, 8, 0, 9, 315.27
1734102420, 57, 54, 81, 6, 0, 0.06%, 8, 0, 9, 330.73
1734102426, 57, 55, 81, 6, 0, 0.06%, 8, 0, 9, 328.57
1734102431, 57, 56, 81, 6, 0, 0.06%, 8, 0, 9, 336.86
1734102436, 57, 57, 81, 6, 0, 0.06%, 8, 0, 9, 346.42
1734102441, 57, 58, 81, 6, 0, 0.06%, 8, 0, 9, 345.66
1734102446, 57, 59, 81, 6, 0, 0.06%, 8, 0, 9, 373.46
1734102451, 57, 60, 81, 6, 0, 0.06%, 8, 0, 9, 415.59
1734102456, 57, 61, 81, 6, 0, 0.06%, 8, 0, 9, 383.48
1734102466, 57, 62, 81, 6, 0, 0.06%, 8, 0, 9, 271.27
1734102476, 57, 63, 81, 6, 0, 0.06%, 8, 0, 9, 366.63
1734102482, 57, 64, 81, 6, 0, 0.06%, 8, 0, 9, 328.57
1734102492, 57, 65, 81, 6, 0, 0.06%, 8, 0, 9, 341.88
1734102497, 57, 66, 81, 6, 0, 0.06%, 8, 0, 9, 334.30
1734102502, 57, 67, 81, 6, 0, 0.06%, 8, 0, 9, 369.59
1734102512, 57, 68, 81, 6, 0, 0.06%, 8, 0, 9, 394.91
1734102517, 57, 69, 81, 6, 0, 0.06%, 8, 0, 9, 321.81
1734102528, 57, 70, 81, 6, 0, 0.06%, 8, 0, 9, 403.62
1734102533, 57, 71, 81, 6, 0, 0.06%, 8, 0, 9, 369.94
1734102548, 57, 72, 81, 6, 0, 0.06%, 8, 0, 9, 366.94
1734102558, 57, 73, 81, 6, 0, 0.06%, 8, 0, 9, 379.11
1734102563, 57, 74, 81, 6, 0, 0.06%, 8, 0, 9, 331.84
1734102573, 57, 75, 81, 6, 0, 0.06%, 8, 0, 9, 337.51
1734102578, 57, 76, 81, 6, 0, 0.06%, 8, 0, 9, 349.34
1734102583, 57, 77, 81, 6, 0, 0.06%, 8, 0, 9, 382.17
1734102599, 57, 78, 81, 6, 0, 0.06%, 8, 0, 9, 414.11
1734102614, 57, 79, 81, 6, 0, 0.06%, 8, 0, 9, 351.93
1734102624, 57, 80, 81, 6, 0, 0.06%, 8, 0, 9, 316.25
1734102629, 58, 17, 81, 6, 0, 0.06%, 8, 0, 9, 303.35
1734102634, 58, 20, 81, 6, 0, 0.06%, 8, 0, 9, 326.53
1734102639, 58, 21, 81, 6, 0, 0.06%, 8, 0, 9, 304.15
1734102644, 58, 22, 81, 6, 0, 0.06%, 8, 0, 9, 308.83
1734102649, 58, 23, 81, 6, 0, 0.06%, 8, 0, 9, 292.80
1734102654, 58, 25, 81, 6, 0, 0.06%, 8, 0, 9, 309.53
1734102659, 58, 26, 81, 6, 0, 0.06%, 8, 0, 9, 316.34
1734102665, 58, 27, 81, 6, 0, 0.06%, 8, 0, 9, 353.70
1734102670, 58, 30, 81, 6, 0, 0.06%, 8, 0, 9, 348.15
1734102675, 58, 31, 81, 6, 0, 0.06%, 8, 0, 9, 353.20
1734102680, 58, 32, 81, 6, 0, 0.06%, 8, 0, 9, 338.58
1734102685, 58, 34, 81, 6, 0, 0.06%, 8, 0, 9, 355.95
1734102690, 58, 35, 81, 6, 0, 0.06%, 8, 0, 9, 395.22
1734102695, 58, 38, 81, 6, 0, 0.06%, 8, 0, 9, 371.35
1734102700, 58, 39, 81, 6, 0, 0.06%, 8, 0, 9, 344.68
1734102705, 58, 40, 81, 6, 0, 0.06%, 8, 0, 9, 348.49
1734102710, 58, 41, 81, 6, 0, 0.06%, 8, 0, 9, 348.14
1734102715, 58, 42, 81, 6, 0, 0.06%, 8, 0, 9, 340.64
1734102720, 58, 44, 81, 6, 0, 0.06%, 8, 0, 9, 342.94
1734102725, 58, 45, 81, 6, 0, 0.06%, 8, 0, 9, 365.90
1734102730, 58, 46, 81, 6, 0, 0.06%, 8, 0, 9, 364.66
1734102736, 58, 47, 81, 6, 0, 0.06%, 8, 0, 9, 396.53
1734102741, 58, 48, 81, 6, 0, 0.06%, 8, 0, 9, 385.51
1734102751, 58, 49, 81, 6, 0, 0.06%, 8, 0, 9, 348.12
1734102756, 58, 50, 81, 6, 0, 0.06%, 8, 0, 9, 382.15
1734102761, 58, 51, 81, 6, 0, 0.06%, 8, 0, 9, 382.33
1734102766, 58, 53, 81, 6, 0, 0.06%, 8, 0, 9, 360.06
1734102771, 58, 54, 81, 6, 0, 0.06%, 8, 0, 9, 316.63
1734102776, 58, 55, 81, 6, 0, 0.06%, 8, 0, 9, 318.93
1734102781, 58, 56, 81, 6, 0, 0.06%, 8, 0, 9, 316.05
1734102786, 58, 57, 81, 6, 0, 0.06%, 8, 0, 9, 330.50
1734102791, 58, 58, 81, 6, 0, 0.06%, 8, 0, 9, 346.75
1734102797, 58, 59, 81, 6, 0, 0.06%, 8, 0, 9, 334.02
1734102807, 58, 60, 81, 6, 0, 0.06%, 8, 0, 9, 347.00
1734102812, 58, 61, 81, 6, 0, 0.06%, 8, 0, 9, 383.05
1734102817, 58, 62, 81, 6, 0, 0.06%, 8, 0, 9, 396.99
1734102832, 58, 63, 81, 6, 0, 0.06%, 8, 0, 9, 353.48
1734102837, 58, 64, 81, 6, 0, 0.06%, 8, 0, 9, 302.90
1734102847, 58, 65, 81, 6, 0, 0.06%, 8, 0, 9, 339.33
1734102852, 58, 66, 81, 6, 0, 0.06%, 8, 0, 9, 351.44
1734102858, 58, 67, 81, 6, 0, 0.06%, 8, 0, 9, 313.97
1734102868, 58, 68, 81, 6, 0, 0.06%, 8, 0, 9, 356.17
1734102873, 58, 69, 81, 6, 0, 0.06%, 8, 0, 9, 375.45
1734102883, 58, 70, 81, 6, 0, 0.06%, 8, 0, 9, 375.60
1734102888, 58, 71, 81, 6, 0, 0.06%, 8, 0, 9, 389.46
1734102898, 58, 72, 81, 6, 0, 0.06%, 8, 0, 9, 389.60
1734102914, 58, 73, 81, 6, 0, 0.06%, 8, 0, 9, 373.44
1734102919, 58, 74, 81, 6, 0, 0.06%, 8, 0, 9, 303.87
1734102929, 58, 75, 81, 6, 0, 0.06%, 8, 0, 9, 364.54
1734102934, 58, 76, 81, 6, 0, 0.06%, 8, 0, 9, 356.85
1734102939, 58, 77, 81, 6, 0, 0.06%, 8, 0, 9, 387.65
1734102955, 58, 78, 81, 6, 0, 0.06%, 8, 0, 9, 379.79
1734102970, 58, 79, 81, 6, 0, 0.06%, 8, 0, 9, 383.35
1734102975, 58, 80, 81, 6, 0, 0.06%, 8, 0, 9, 358.46
1734102980, 59, 17, 81, 6, 0, 0.06%, 8, 0, 9, 315.59
1734102985, 59, 20, 81, 6, 0, 0.06%, 8, 0, 9, 333.80
1734102990, 59, 21, 81, 6, 0, 0.06%, 8, 0, 9, 299.52
1734102995, 59, 22, 81, 6, 0, 0.06%, 8, 0, 9, 280.84
1734103000, 59, 23, 81, 6, 0, 0.06%, 8, 0, 9, 277.53
1734103005, 59, 24, 81, 6, 0, 0.06%, 8, 0, 9, 315.39
1734103010, 59, 25, 81, 6, 0, 0.06%, 8, 0, 9, 304.47
1734103015, 59, 26, 81, 6, 0, 0.06%, 8, 0, 9, 343.09
1734103020, 59, 27, 81, 6, 0, 0.06%, 8, 0, 9, 333.30
1734103025, 59, 30, 81, 6, 0, 0.06%, 8, 0, 9, 327.57
1734103030, 59, 31, 81, 6, 0, 0.06%, 8, 0, 9, 321.63
1734103035, 59, 33, 81, 6, 0, 0.06%, 8, 0, 9, 341.73
1734103040, 59, 34, 81, 6, 0, 0.06%, 8, 0, 9, 387.16
1734103046, 59, 35, 81, 6, 0, 0.06%, 8, 0, 9, 371.31
1734103051, 59, 38, 81, 6, 0, 0.06%, 8, 0, 9, 351.40
1734103056, 59, 39, 81, 6, 0, 0.06%, 8, 0, 9, 327.00
1734103061, 59, 41, 81, 6, 0, 0.06%, 8, 0, 9, 340.41
1734103066, 59, 42, 81, 6, 0, 0.06%, 8, 0, 9, 368.12
1734103071, 59, 43, 81, 6, 0, 0.06%, 8, 0, 9, 377.01
1734103076, 59, 44, 81, 6, 0, 0.06%, 8, 0, 9, 363.72
1734103081, 59, 45, 81, 6, 0, 0.06%, 8, 0, 9, 349.54
1734103086, 59, 46, 81, 6, 0, 0.06%, 8, 0, 9, 394.20
1734103091, 59, 47, 81, 6, 0, 0.06%, 8, 0, 9, 369.65
1734103096, 59, 48, 81, 6, 0, 0.06%, 8, 0, 9, 387.80
1734103101, 59, 49, 81, 6, 0, 0.06%, 8, 0, 9, 332.33
1734103112, 59, 50, 81, 6, 0, 0.06%, 8, 0, 9, 386.25
1734103117, 59, 51, 81, 6, 0, 0.06%, 8, 0, 9, 389.40
1734103122, 59, 53, 81, 6, 0, 0.06%, 8, 0, 9, 322.08
1734103127, 59, 54, 81, 6, 0, 0.06%, 8, 0, 9, 339.28
1734103132, 59, 55, 81, 6, 0, 0.06%, 8, 0, 9, 346.41
1734103137, 59, 56, 81, 6, 0, 0.06%, 8, 0, 9, 369.15
1734103142, 59, 57, 81, 6, 0, 0.06%, 8, 0, 9, 364.24
1734103147, 59, 58, 81, 6, 0, 0.06%, 8, 0, 9, 362.86
1734103152, 59, 59, 81, 6, 0, 0.06%, 8, 0, 9, 367.66
1734103157, 59, 60, 81, 6, 0, 0.06%, 8, 0, 9, 390.51
1734103162, 59, 61, 81, 6, 0, 0.06%, 8, 0, 9, 358.64
1734103172, 59, 62, 81, 6, 0, 0.06%, 8, 0, 9, 315.70
1734103188, 59, 63, 81, 6, 0, 0.06%, 8, 0, 9, 340.38
1734103193, 59, 64, 81, 6, 0, 0.06%, 8, 0, 9, 332.19
1734103198, 59, 65, 81, 6, 0, 0.06%, 8, 0, 9, 345.05
1734103203, 59, 66, 81, 6, 0, 0.06%, 8, 0, 9, 345.96
1734103208, 59, 67, 81, 6, 0, 0.06%, 8, 0, 9, 370.03
1734103218, 59, 68, 81, 6, 0, 0.06%, 8, 0, 9, 419.34
1734103223, 59, 69, 81, 6, 0, 0.06%, 8, 0, 9, 373.36
1734103233, 59, 70, 81, 6, 0, 0.06%, 8, 0, 9, 394.50
1734103238, 59, 71, 81, 6, 0, 0.06%, 8, 0, 9, 367.69
1734103253, 59, 72, 81, 6, 0, 0.06%, 8, 0, 9, 352.54
1734103264, 59, 73, 81, 6, 0, 0.06%, 8, 0, 9, 367.87
1734103269, 59, 74, 81, 6, 0, 0.06%, 8, 0, 9, 336.03
1734103279, 59, 75, 81, 6, 0, 0.06%, 8, 0, 9, 381.38
1734103284, 59, 76, 81, 6, 0, 0.06%, 8, 0, 9, 345.19
1734103289, 59, 77, 81, 6, 0, 0.06%, 8, 0, 9, 385.79
1734103305, 59, 78, 81, 6, 0, 0.06%, 8, 0, 9, 355.67
1734103320, 59, 79, 81, 6, 0, 0.06%, 8, 0, 9, 353.19
1734103325, 59, 80, 81, 6, 0, 0.06%, 8, 0, 9, 327.40
1734103330, 60, 17, 81, 6, 0, 0.06%, 8, 0, 9, 304.83
1734103335, 60, 20, 81, 6, 0, 0.06%, 8, 0, 9, 308.56
1734103340, 60, 21, 81, 6, 0, 0.06%, 8, 0, 9, 279.67
1734103346, 60, 22, 81, 6, 0, 0.06%, 8, 0, 9, 286.16
1734103351, 60, 23, 81, 6, 0, 0.06%, 8, 0, 9, 287.26
1734103356, 60, 24, 81, 6, 0, 0.06%, 8, 0, 9, 314.12
1734103361, 60, 25, 81, 6, 0, 0.06%, 8, 0, 9, 306.59
1734103366, 60, 26, 81, 6, 0, 0.06%, 8, 0, 9, 328.03
1734103371, 60, 27, 81, 6, 0, 0.06%, 8, 0, 9, 334.25
1734103376, 60, 30, 81, 6, 0, 0.06%, 8, 0, 9, 321.13
1734103381, 60, 31, 81, 6, 0, 0.06%, 8, 0, 9, 320.87
1734103386, 60, 32, 81, 6, 0, 0.06%, 8, 0, 9, 341.83
1734103391, 60, 33, 81, 6, 0, 0.06%, 8, 0, 9, 347.21
1734103396, 60, 35, 81, 6, 0, 0.06%, 8, 0, 9, 388.85
1734103401, 60, 38, 81, 6, 0, 0.06%, 8, 0, 9, 383.70
1734103406, 60, 39, 81, 6, 0, 0.06%, 8, 0, 9, 384.03
1734103411, 60, 40, 81, 6, 0, 0.06%, 8, 0, 9, 342.31
1734103417, 60, 41, 81, 6, 0, 0.06%, 8, 0, 9, 346.97
1734103422, 60, 42, 81, 6, 0, 0.06%, 8, 0, 9, 355.26
1734103427, 60, 44, 81, 6, 0, 0.06%, 8, 0, 9, 354.69
1734103432, 60, 45, 81, 6, 0, 0.06%, 8, 0, 9, 361.72
1734103437, 60, 46, 81, 6, 0, 0.06%, 8, 0, 9, 345.58
1734103442, 60, 47, 81, 6, 0, 0.06%, 8, 0, 9, 394.35
1734103447, 60, 48, 81, 6, 0, 0.06%, 8, 0, 9, 389.65
1734103457, 60, 49, 81, 6, 0, 0.06%, 8, 0, 9, 330.58
1734103462, 60, 50, 81, 6, 0, 0.06%, 8, 0, 9, 383.55
1734103467, 60, 51, 81, 6, 0, 0.06%, 8, 0, 9, 340.14
1734103477, 60, 53, 81, 6, 0, 0.06%, 8, 0, 9, 299.83
1734103482, 60, 54, 81, 6, 0, 0.06%, 8, 0, 9, 323.71
1734103488, 60, 55, 81, 6, 0, 0.06%, 8, 0, 9, 337.33
1734103493, 60, 56, 81, 6, 0, 0.06%, 8, 0, 9, 338.02
1734103498, 60, 57, 81, 6, 0, 0.06%, 8, 0, 9, 353.59
1734103503, 60, 58, 81, 6, 0, 0.06%, 8, 0, 9, 328.88
1734103508, 60, 59, 81, 6, 0, 0.06%, 8, 0, 9, 355.50
1734103513, 60, 60, 81, 6, 0, 0.06%, 8, 0, 9, 407.64
1734103518, 60, 61, 81, 6, 0, 0.06%, 8, 0, 9, 402.65
1734103523, 60, 62, 81, 6, 0, 0.06%, 8, 0, 9, 351.55
1734103539, 60, 63, 81, 6, 0, 0.06%, 8, 0, 9, 353.54
1734103544, 60, 64, 81, 6, 0, 0.06%, 8, 0, 9, 326.28
1734103554, 60, 65, 81, 6, 0, 0.06%, 8, 0, 9, 342.75
1734103559, 60, 66, 81, 6, 0, 0.06%, 8, 0, 9, 354.69
1734103564, 60, 67, 81, 6, 0, 0.06%, 8, 0, 9, 355.41
1734103574, 60, 68, 81, 6, 0, 0.06%, 8, 0, 9, 393.12
1734103579, 60, 69, 81, 6, 0, 0.06%, 8, 0, 9, 331.69
1734103589, 60, 70, 81, 6, 0, 0.06%, 8, 0, 9, 380.26
1734103595, 60, 71, 81, 6, 0, 0.06%, 8, 0, 9, 386.92
1734103610, 60, 72, 81, 6, 0, 0.06%, 8, 0, 9, 356.70
1734103615, 60, 73, 81, 6, 0, 0.06%, 8, 0, 9, 413.47
1734103625, 60, 74, 81, 6, 0, 0.06%, 8, 0, 9, 314.15
1734103636, 60, 75, 81, 6, 0, 0.06%, 8, 0, 9, 342.18
1734103641, 60, 76, 81, 6, 0, 0.06%, 8, 0, 9, 343.94
1734103646, 60, 77, 81, 6, 0, 0.06%, 8, 0, 9, 379.38
1734103662, 60, 78, 81, 6, 0, 0.06%, 8, 0, 9, 367.66
1734103677, 60, 79, 81, 6, 0, 0.06%, 8, 0, 9, 366.48
1734103682, 60, 80, 81, 6, 0, 0.06%, 8, 0, 9, 355.85
1734103687, 61, 17, 81, 6, 0, 0.06%, 8, 0, 9, 305.32
1734103692, 61, 20, 81, 6, 0, 0.06%, 8, 0, 9, 335.46
1734103697, 61, 21, 81, 6, 0, 0.06%, 8, 0, 9, 287.70
1734103702, 61, 22, 81, 6, 0, 0.06%, 8, 0, 9, 273.38
1734103707, 61, 23, 81, 6, 0, 0.06%, 8, 0, 9, 281.03
1734103712, 61, 24, 81, 6, 0, 0.06%, 8, 0, 9, 326.43
1734103717, 61, 25, 81, 6, 0, 0.06%, 8, 0, 9, 298.87
1734103723, 61, 26, 81, 6, 0, 0.06%, 8, 0, 9, 331.65
1734103728, 61, 27, 81, 6, 0, 0.06%, 8, 0, 9, 320.61
1734103733, 61, 30, 81, 6, 0, 0.06%, 8, 0, 9, 333.24
1734103738, 61, 31, 81, 6, 0, 0.06%, 8, 0, 9, 332.06
1734103743, 61, 33, 81, 6, 0, 0.06%, 8, 0, 9, 380.58
1734103748, 61, 34, 81, 6, 0, 0.06%, 8, 0, 9, 395.31
1734103753, 61, 35, 81, 6, 0, 0.06%, 8, 0, 9, 364.78
1734103758, 61, 38, 81, 6, 0, 0.06%, 8, 0, 9, 346.12
1734103763, 61, 40, 81, 6, 0, 0.06%, 8, 0, 9, 372.09
1734103768, 61, 41, 81, 6, 0, 0.06%, 8, 0, 9, 327.13
1734103773, 61, 42, 81, 6, 0, 0.06%, 8, 0, 9, 393.22
1734103778, 61, 43, 81, 6, 0, 0.06%, 8, 0, 9, 385.83
1734103783, 61, 44, 81, 6, 0, 0.06%, 8, 0, 9, 379.20
1734103788, 61, 45, 81, 6, 0, 0.06%, 8, 0, 9, 376.58
1734103793, 61, 46, 81, 6, 0, 0.06%, 8, 0, 9, 362.30
1734103798, 61, 47, 81, 6, 0, 0.06%, 8, 0, 9, 360.38
1734103803, 61, 48, 81, 6, 0, 0.06%, 8, 0, 9, 370.78
1734103808, 61, 49, 81, 6, 0, 0.06%, 8, 0, 9, 406.23
1734103814, 61, 50, 81, 6, 0, 0.06%, 8, 0, 9, 331.67
1734103824, 61, 51, 81, 6, 0, 0.06%, 8, 0, 9, 392.67
1734103829, 61, 53, 81, 6, 0, 0.06%, 8, 0, 9, 325.65
1734103834, 61, 54, 81, 6, 0, 0.06%, 8, 0, 9, 333.94
1734103839, 61, 55, 81, 6, 0, 0.06%, 8, 0, 9, 327.34
1734103844, 61, 56, 81, 6, 0, 0.06%, 8, 0, 9, 355.37
1734103849, 61, 57, 81, 6, 0, 0.06%, 8, 0, 9, 349.29
1734103854, 61, 58, 81, 6, 0, 0.06%, 8, 0, 9, 353.79
1734103859, 61, 59, 81, 6, 0, 0.06%, 8, 0, 9, 336.57
1734103864, 61, 60, 81, 6, 0, 0.06%, 8, 0, 9, 333.19
1734103874, 61, 61, 81, 6, 0, 0.06%, 8, 0, 9, 361.35
1734103879, 61, 62, 81, 6, 0, 0.06%, 8, 0, 9, 371.08
1734103895, 61, 63, 81, 6, 0, 0.06%, 8, 0, 9, 337.58
1734103900, 61, 64, 81, 6, 0, 0.06%, 8, 0, 9, 323.92
1734103905, 61, 65, 81, 6, 0, 0.06%, 8, 0, 9, 342.67
1734103915, 61, 66, 81, 6, 0, 0.06%, 8, 0, 9, 341.24
1734103920, 61, 67, 81, 6, 0, 0.06%, 8, 0, 9, 289.04
1734103930, 61, 68, 81, 6, 0, 0.06%, 8, 0, 9, 359.33
1734103935, 61, 69, 81, 6, 0, 0.06%, 8, 0, 9, 355.44
1734103940, 61, 70, 81, 6, 0, 0.06%, 8, 0, 9, 357.74
1734103950, 61, 71, 81, 6, 0, 0.06%, 8, 0, 9, 345.58
1734103960, 61, 72, 81, 6, 0, 0.06%, 8, 0, 9, 377.21
1734103971, 61, 73, 81, 6, 0, 0.06%, 8, 0, 9, 328.91
1734103981, 61, 74, 81, 6, 0, 0.06%, 8, 0, 9, 287.19
1734103991, 61, 75, 81, 6, 0, 0.06%, 8, 0, 9, 388.05
1734103996, 61, 76, 81, 6, 0, 0.06%, 8, 0, 9, 364.04
1734104001, 61, 77, 81, 6, 0, 0.06%, 8, 0, 9, 373.70
1734104017, 61, 78, 81, 6, 0, 0.06%, 8, 0, 9, 367.87
1734104032, 61, 79, 81, 6, 0, 0.06%, 8, 0, 9, 372.48
1734104037, 61, 80, 81, 6, 0, 0.06%, 8, 0, 9, 369.76
1734104042, 62, 17, 81, 6, 0, 0.06%, 8, 0, 9, 305.80
1734104047, 62, 20, 81, 6, 0, 0.06%, 8, 0, 9, 335.75
1734104052, 62, 21, 81, 6, 0, 0.06%, 8, 0, 9, 287.86
1734104057, 62, 22, 81, 6, 0, 0.06%, 8, 0, 9, 286.55
1734104062, 62, 23, 81, 6, 0, 0.06%, 8, 0, 9, 287.97
1734104067, 62, 24, 81, 6, 0, 0.06%, 8, 0, 9, 308.46
1734104072, 62, 25, 81, 6, 0, 0.06%, 8, 0, 9, 300.50
1734104078, 62, 26, 81, 6, 0, 0.06%, 8, 0, 9, 327.33
1734104083, 62, 27, 81, 6, 0, 0.06%, 8, 0, 9, 319.42
1734104088, 62, 31, 81, 6, 0, 0.06%, 8, 0, 9, 333.65
1734104093, 62, 32, 81, 6, 0, 0.06%, 8, 0, 9, 348.26
1734104098, 62, 33, 81, 6, 0, 0.06%, 8, 0, 9, 373.99
1734104103, 62, 34, 81, 6, 0, 0.06%, 8, 0, 9, 354.78
1734104108, 62, 35, 81, 6, 0, 0.06%, 8, 0, 9, 339.85
1734104113, 62, 39, 81, 6, 0, 0.06%, 8, 0, 9, 350.72
1734104118, 62, 40, 81, 6, 0, 0.06%, 8, 0, 9, 378.41
1734104123, 62, 41, 81, 6, 0, 0.06%, 8, 0, 9, 371.35
1734104128, 62, 42, 81, 6, 0, 0.06%, 8, 0, 9, 371.79
1734104133, 62, 43, 81, 6, 0, 0.06%, 8, 0, 9, 361.83
1734104139, 62, 44, 81, 6, 0, 0.06%, 8, 0, 9, 366.09
1734104144, 62, 45, 81, 6, 0, 0.06%, 8, 0, 9, 387.30
1734104149, 62, 46, 81, 6, 0, 0.06%, 8, 0, 9, 359.42
1734104154, 62, 48, 81, 6, 0, 0.06%, 8, 0, 9, 349.48
1734104164, 62, 49, 81, 6, 0, 0.06%, 8, 0, 9, 390.24
1734104169, 62, 50, 81, 6, 0, 0.06%, 8, 0, 9, 369.44
1734104174, 62, 51, 81, 6, 0, 0.06%, 8, 0, 9, 349.56
1734104184, 62, 53, 81, 6, 0, 0.06%, 8, 0, 9, 306.80
1734104189, 62, 54, 81, 6, 0, 0.06%, 8, 0, 9, 316.47
1734104194, 62, 55, 81, 6, 0, 0.06%, 8, 0, 9, 328.01
1734104199, 62, 56, 81, 6, 0, 0.06%, 8, 0, 9, 336.51
1734104204, 62, 57, 81, 6, 0, 0.06%, 8, 0, 9, 335.34
1734104209, 62, 58, 81, 6, 0, 0.06%, 8, 0, 9, 340.29
1734104214, 62, 59, 81, 6, 0, 0.06%, 8, 0, 9, 368.68
1734104220, 62, 60, 81, 6, 0, 0.06%, 8, 0, 9, 398.34
1734104225, 62, 61, 81, 6, 0, 0.06%, 8, 0, 9, 394.75
1734104230, 62, 62, 81, 6, 0, 0.06%, 8, 0, 9, 371.67
1734104245, 62, 63, 81, 6, 0, 0.06%, 8, 0, 9, 340.23
1734104250, 62, 64, 81, 6, 0, 0.06%, 8, 0, 9, 345.54
1734104260, 62, 65, 81, 6, 0, 0.06%, 8, 0, 9, 331.98
1734104265, 62, 66, 81, 6, 0, 0.06%, 8, 0, 9, 348.61
1734104270, 62, 67, 81, 6, 0, 0.06%, 8, 0, 9, 376.01
1734104281, 62, 68, 81, 6, 0, 0.06%, 8, 0, 9, 398.91
1734104286, 62, 69, 81, 6, 0, 0.06%, 8, 0, 9, 337.38
1734104296, 62, 70, 81, 6, 0, 0.06%, 8, 0, 9, 341.83
1734104306, 62, 71, 81, 6, 0, 0.06%, 8, 0, 9, 306.81
1734104316, 62, 72, 81, 6, 0, 0.06%, 8, 0, 9, 283.58
1734104326, 62, 73, 81, 6, 0, 0.06%, 8, 0, 9, 385.97
1734104331, 62, 74, 81, 6, 0, 0.06%, 8, 0, 9, 381.02
1734104347, 62, 75, 81, 6, 0, 0.06%, 8, 0, 9, 338.30
1734104352, 62, 76, 81, 6, 0, 0.06%, 8, 0, 9, 336.41
1734104357, 62, 77, 81, 6, 0, 0.06%, 8, 0, 9, 285.42
1734104367, 62, 78, 81, 6, 0, 0.06%, 8, 0, 9, 379.17
1734104387, 62, 79, 81, 6, 0, 0.06%, 8, 0, 9, 329.65
1734104392, 62, 80, 81, 6, 0, 0.06%, 8, 0, 9, 320.89
1734104398, 63, 17, 81, 6, 0, 0.06%, 8, 0, 9, 283.37
1734104403, 63, 20, 81, 6, 0, 0.06%, 8, 0, 9, 311.21
1734104408, 63, 21, 81, 6, 0, 0.06%, 8, 0, 9, 296.13
1734104413, 63, 22, 81, 6, 0, 0.06%, 8, 0, 9, 292.11
1734104418, 63, 23, 81, 6, 0, 0.06%, 8, 0, 9, 287.04
1734104423, 63, 24, 81, 6, 0, 0.06%, 8, 0, 9, 310.29
1734104428, 63, 25, 81, 6, 0, 0.06%, 8, 0, 9, 301.38
1734104433, 63, 26, 81, 6, 0, 0.06%, 8, 0, 9, 321.63
1734104438, 63, 27, 81, 6, 0, 0.06%, 8, 0, 9, 301.51
1734104443, 63, 31, 81, 6, 0, 0.06%, 8, 0, 9, 350.61
1734104448, 63, 32, 81, 6, 0, 0.06%, 8, 0, 9, 362.05
1734104453, 63, 33, 81, 6, 0, 0.06%, 8, 0, 9, 370.21
1734104458, 63, 34, 81, 6, 0, 0.06%, 8, 0, 9, 349.76
1734104463, 63, 35, 81, 6, 0, 0.06%, 8, 0, 9, 348.59
1734104468, 63, 39, 81, 6, 0, 0.06%, 8, 0, 9, 333.99
1734104474, 63, 40, 81, 6, 0, 0.06%, 8, 0, 9, 372.60
1734104479, 63, 41, 81, 6, 0, 0.06%, 8, 0, 9, 365.32
1734104484, 63, 42, 81, 6, 0, 0.06%, 8, 0, 9, 381.24
1734104489, 63, 43, 81, 6, 0, 0.06%, 8, 0, 9, 354.05
1734104494, 63, 44, 81, 6, 0, 0.06%, 8, 0, 9, 368.61
1734104499, 63, 45, 81, 6, 0, 0.06%, 8, 0, 9, 385.32
1734104504, 63, 46, 81, 6, 0, 0.06%, 8, 0, 9, 352.75
1734104509, 63, 47, 81, 6, 0, 0.06%, 8, 0, 9, 353.42
1734104514, 63, 48, 81, 6, 0, 0.06%, 8, 0, 9, 358.32
1734104519, 63, 49, 81, 6, 0, 0.06%, 8, 0, 9, 399.24
1734104524, 63, 50, 81, 6, 0, 0.06%, 8, 0, 9, 350.04
1734104534, 63, 51, 81, 6, 0, 0.06%, 8, 0, 9, 367.67
1734104539, 63, 53, 81, 6, 0, 0.06%, 8, 0, 9, 315.49
1734104545, 63, 54, 81, 6, 0, 0.06%, 8, 0, 9, 341.45
1734104550, 63, 55, 81, 6, 0, 0.06%, 8, 0, 9, 338.44
1734104555, 63, 56, 81, 6, 0, 0.06%, 8, 0, 9, 363.84
1734104560, 63, 57, 81, 6, 0, 0.06%, 8, 0, 9, 358.81
1734104565, 63, 58, 81, 6, 0, 0.06%, 8, 0, 9, 356.67
1734104570, 63, 59, 81, 6, 0, 0.06%, 8, 0, 9, 378.63
