# unix_time, cycles_done, cur_path, paths_total, pending_total, pending_favs, map_size, unique_crashes, unique_hangs, max_depth, execs_per_sec
1735201408, 0, 0, 10, 10, 1, 0.00%, 0, 0, 1, 154.74
1735201413, 0, 3, 10, 10, 1, 0.00%, 0, 0, 1, 198.17
1735201418, 0, 4, 10, 9, 0, 0.00%, 0, 0, 1, 207.30
1735201423, 0, 5, 10, 8, 0, 0.00%, 0, 0, 1, 206.23
1735201433, 0, 6, 10, 7, 0, 0.00%, 0, 0, 1, 213.01
1735201438, 0, 7, 10, 6, 0, 0.00%, 0, 0, 1, 200.16
1735201449, 0, 8, 10, 5, 0, 0.00%, 0, 0, 1, 208.79
1735201454, 0, 9, 10, 4, 0, 0.00%, 0, 0, 1, 194.97
1735201459, 1, 0, 10, 3, 0, 0.00%, 0, 0, 1, 201.04
1735201469, 1, 1, 10, 2, 0, 0.00%, 0, 0, 1, 198.07
1735201479, 1, 2, 10, 1, 0, 0.00%, 0, 0, 1, 193.86
1735201489, 1, 3, 10, 0, 0, 0.00%, 0, 0, 1, 201.78
1735201499, 1, 4, 10, 0, 0, 0.00%, 0, 0, 1, 210.09
1735201504, 1, 6, 10, 0, 0, 0.00%, 0, 0, 1, 209.97
1735201509, 1, 7, 10, 0, 0, 0.00%, 0, 0, 1, 207.11
1735201515, 1, 9, 10, 0, 0, 0.00%, 0, 0, 1, 210.04
1735201520, 2, 0, 10, 0, 0, 0.00%, 0, 0, 1, 213.13
1735201525, 2, 2, 10, 0, 0, 0.00%, 0, 0, 1, 210.19
1735201530, 2, 3, 10, 0, 0, 0.00%, 0, 0, 1, 211.25
1735201535, 2, 5, 10, 0, 0, 0.00%, 0, 0, 1, 205.82
1735201540, 2, 6, 10, 0, 0, 0.00%, 0, 0, 1, 212.14
1735201545, 2, 7, 10, 0, 0, 0.00%, 0, 0, 1, 209.70
1735201550, 2, 9, 10, 0, 0, 0.00%, 0, 0, 1, 210.44
1735201555, 3, 0, 10, 0, 0, 0.00%, 0, 0, 1, 210.69
1735201560, 3, 2, 10, 0, 0, 0.00%, 0, 0, 1, 210.94
1735201566, 3, 3, 10, 0, 0, 0.00%, 0, 0, 1, 206.38
1735201571, 3, 5, 10, 0, 0, 0.00%, 0, 0, 1, 206.91
1735201576, 3, 6, 10, 0, 0, 0.00%, 0, 0, 1, 208.78
1735201581, 3, 7, 10, 0, 0, 0.00%, 0, 0, 1, 207.46
1735201586, 3, 9, 10, 0, 0, 0.00%, 0, 0, 1, 213.88
1735201591, 4, 1, 10, 0, 0, 0.00%, 0, 0, 1, 210.39
1735201596, 4, 2, 10, 0, 0, 0.00%, 0, 0, 1, 210.20
1735201601, 4, 4, 10, 0, 0, 0.00%, 0, 0, 1, 208.48
1735201607, 4, 5, 10, 0, 0, 0.00%, 0, 0, 1, 211.98
1735201612, 4, 6, 10, 0, 0, 0.00%, 0, 0, 1, 208.31
1735201617, 4, 8, 10, 0, 0, 0.00%, 0, 0, 1, 205.80
1735201622, 5, 0, 10, 0, 0, 0.00%, 0, 0, 1, 206.94
1735201627, 5, 1, 10, 0, 0, 0.00%, 0, 0, 1, 208.23
1735201632, 5, 2, 10, 0, 0, 0.00%, 0, 0, 1, 211.34
1735201637, 5, 4, 10, 0, 0, 0.00%, 0, 0, 1, 207.01
1735201642, 5, 5, 10, 0, 0, 0.00%, 0, 0, 1, 208.74
1735201647, 5, 7, 10, 0, 0, 0.00%, 0, 0, 1, 208.75
1735201652, 5, 8, 10, 0, 0, 0.00%, 0, 0, 1, 207.79
1735201657, 6, 0, 10, 0, 0, 0.00%, 0, 0, 1, 208.99
1735201662, 6, 1, 10, 0, 0, 0.00%, 0, 0, 1, 213.45
1735201667, 6, 2, 11, 1, 0, 0.05%, 1, 0, 2, 212.98
1735201673, 6, 10, 13, 3, 1, 0.05%, 2, 0, 3, 237.03
1735201791, 6, 11, 13, 2, 0, 0.05%, 2, 0, 3, 212.62
1735201811, 6, 11, 14, 3, 0, 0.05%, 3, 0, 4, 208.68
1735201816, 6, 11, 15, 4, 0, 0.05%, 4, 0, 4, 213.90
1735201836, 6, 11, 16, 5, 0, 0.06%, 5, 0, 4, 215.05
1735201841, 6, 11, 17, 6, 0, 0.06%, 6, 0, 4, 212.04
1735201897, 6, 11, 18, 7, 0, 0.06%, 7, 0, 4, 213.30
1735201927, 6, 14, 18, 6, 5, 0.06%, 7, 0, 4, 221.54
1735201932, 6, 14, 20, 8, 5, 0.06%, 7, 0, 5, 264.10
1735201947, 6, 14, 22, 10, 5, 0.06%, 8, 0, 5, 280.80
1735201993, 6, 14, 23, 11, 5, 0.06%, 8, 0, 5, 275.20
1735202024, 6, 14, 24, 12, 5, 0.06%, 8, 0, 5, 268.11
1735202054, 6, 14, 25, 13, 5, 0.06%, 8, 0, 5, 239.92
1735202069, 6, 16, 26, 13, 4, 0.06%, 8, 0, 5, 240.95
1735202074, 6, 16, 28, 15, 4, 0.06%, 8, 0, 5, 264.02
1735202079, 6, 16, 29, 16, 4, 0.06%, 8, 0, 5, 266.76
1735202095, 6, 16, 30, 17, 4, 0.06%, 8, 0, 5, 272.52
1735202125, 6, 16, 31, 18, 4, 0.06%, 8, 0, 5, 273.01
1735202135, 6, 16, 33, 20, 4, 0.06%, 8, 0, 5, 281.35
1735202171, 6, 16, 35, 22, 4, 0.06%, 8, 0, 5, 276.10
1735202181, 6, 20, 37, 23, 3, 0.06%, 9, 0, 6, 420.30
1735202217, 6, 20, 38, 24, 3, 0.06%, 9, 0, 6, 491.60
1735202242, 6, 20, 40, 26, 3, 0.06%, 9, 0, 6, 285.80
1735202252, 6, 35, 41, 26, 3, 0.06%, 9, 0, 7, 423.20
1735202258, 6, 35, 42, 27, 3, 0.06%, 9, 0, 7, 481.12
1735202268, 6, 35, 44, 29, 3, 0.06%, 9, 0, 7, 494.35
1735202278, 6, 35, 45, 30, 3, 0.06%, 9, 0, 7, 493.74
1735202304, 6, 35, 47, 32, 3, 0.06%, 9, 0, 7, 346.53
1735202324, 6, 41, 48, 32, 2, 0.06%, 9, 0, 8, 452.18
1735202339, 6, 41, 49, 33, 2, 0.06%, 9, 0, 8, 436.84
1735202355, 6, 41, 50, 34, 2, 0.06%, 9, 0, 8, 444.22
1735202385, 6, 41, 51, 35, 2, 0.06%, 9, 0, 8, 450.49
1735202420, 7, 17, 51, 34, 2, 0.06%, 9, 0, 8, 436.11
1735202451, 8, 17, 51, 33, 1, 0.06%, 9, 0, 8, 388.91
1735202461, 9, 17, 51, 33, 1, 0.06%, 9, 0, 8, 340.76
1735202466, 9, 17, 52, 34, 1, 0.06%, 9, 0, 8, 282.35
1735202471, 10, 17, 53, 35, 1, 0.06%, 9, 0, 8, 320.54
1735202476, 10, 52, 53, 35, 1, 0.06%, 9, 0, 8, 307.68
1735202481, 10, 52, 54, 36, 1, 0.06%, 9, 0, 8, 266.52
1735202557, 11, 20, 54, 35, 1, 0.06%, 9, 0, 8, 353.97
1735202567, 11, 36, 54, 35, 1, 0.06%, 9, 0, 8, 345.78
1735202582, 11, 36, 55, 36, 1, 0.06%, 9, 0, 8, 439.79
1735202592, 11, 36, 56, 37, 1, 0.06%, 9, 0, 8, 427.03
1735202633, 11, 36, 57, 38, 1, 0.06%, 9, 0, 8, 429.34
1735202659, 11, 52, 57, 37, 1, 0.06%, 9, 0, 8, 257.57
1735202679, 11, 53, 57, 37, 1, 0.06%, 9, 0, 8, 303.73
1735202699, 11, 53, 58, 38, 1, 0.06%, 9, 0, 8, 435.39
1735202704, 11, 53, 59, 39, 1, 0.06%, 9, 0, 8, 428.40
1735202715, 11, 53, 60, 40, 1, 0.06%, 9, 0, 8, 433.60
1735202745, 11, 53, 60, 40, 1, 0.06%, 10, 0, 8, 433.64
1735202776, 11, 54, 60, 39, 1, 0.06%, 10, 0, 8, 403.71
1735202781, 11, 54, 61, 40, 1, 0.06%, 10, 0, 8, 448.89
1735202827, 11, 55, 62, 40, 1, 0.06%, 10, 0, 8, 349.18
1735202883, 11, 55, 64, 42, 1, 0.06%, 10, 0, 8, 467.82
1735202965, 11, 57, 64, 41, 1, 0.06%, 10, 0, 8, 439.97
1735203001, 11, 58, 64, 40, 1, 0.06%, 10, 0, 8, 359.64
1735203011, 11, 58, 65, 41, 1, 0.06%, 10, 0, 8, 453.57
1735203052, 11, 59, 65, 40, 1, 0.06%, 10, 0, 8, 281.85
1735203288, 11, 59, 66, 41, 1, 0.06%, 10, 0, 8, 471.56
1735203334, 12, 13, 66, 40, 1, 0.06%, 10, 0, 8, 300.54
1735203375, 12, 17, 66, 39, 0, 0.06%, 10, 0, 8, 313.28
1735203380, 12, 20, 67, 40, 0, 0.06%, 10, 0, 8, 349.45
1735203390, 12, 29, 67, 40, 0, 0.06%, 10, 0, 8, 266.78
1735203436, 12, 34, 67, 39, 0, 0.06%, 10, 0, 8, 378.08
1735203461, 12, 34, 68, 40, 0, 0.06%, 10, 0, 8, 392.62
1735203471, 12, 35, 68, 39, 0, 0.06%, 10, 0, 8, 334.48
1735203476, 12, 35, 69, 40, 0, 0.06%, 10, 0, 8, 323.71
1735203481, 12, 36, 69, 40, 0, 0.06%, 10, 0, 8, 350.40
1735203492, 12, 37, 69, 40, 0, 0.06%, 10, 0, 8, 428.76
1735203542, 12, 38, 69, 39, 0, 0.06%, 10, 0, 8, 498.99
1735203573, 12, 39, 69, 38, 0, 0.06%, 10, 0, 8, 405.38
1735203604, 12, 40, 69, 37, 0, 0.06%, 10, 0, 8, 402.84
1735203635, 12, 41, 69, 36, 0, 0.06%, 10, 0, 8, 414.61
1735203650, 12, 42, 69, 36, 0, 0.06%, 10, 0, 8, 329.92
1735203686, 12, 43, 69, 35, 0, 0.06%, 10, 0, 8, 514.50
1735203721, 12, 44, 69, 34, 0, 0.06%, 10, 0, 8, 401.47
1735203742, 12, 44, 71, 36, 0, 0.06%, 10, 0, 8, 393.50
1735203752, 12, 45, 71, 35, 0, 0.06%, 10, 0, 8, 284.91
1735203787, 12, 46, 71, 34, 0, 0.06%, 10, 0, 8, 464.11
1735203823, 12, 46, 72, 35, 0, 0.06%, 10, 0, 8, 489.59
1735203858, 12, 47, 72, 34, 0, 0.06%, 10, 0, 8, 347.71
1735203904, 12, 52, 72, 33, 0, 0.06%, 10, 0, 8, 295.30
1735203914, 12, 53, 72, 33, 0, 0.06%, 10, 0, 8, 307.78
1735203935, 12, 57, 72, 33, 0, 0.06%, 10, 0, 8, 397.48
1735203950, 12, 58, 72, 33, 0, 0.06%, 10, 0, 8, 310.66
1735203970, 12, 59, 72, 33, 0, 0.06%, 10, 0, 8, 272.20
1735203991, 12, 64, 72, 33, 0, 0.06%, 10, 0, 8, 365.69
1735204093, 12, 65, 72, 32, 0, 0.06%, 10, 0, 8, 403.04
1735204332, 12, 67, 72, 31, 0, 0.06%, 10, 0, 8, 348.67
1735204842, 12, 69, 72, 30, 0, 0.06%, 10, 0, 8, 342.21
1735204964, 12, 70, 72, 29, 0, 0.06%, 10, 0, 8, 428.12
1735205057, 12, 71, 73, 29, 0, 0.06%, 10, 0, 9, 353.67
1735205153, 12, 72, 73, 28, 0, 0.06%, 10, 0, 9, 390.20
1735205230, 13, 16, 73, 27, 0, 0.06%, 10, 0, 9, 309.87
1735205240, 13, 17, 73, 27, 0, 0.06%, 10, 0, 9, 321.97
1735205245, 13, 25, 73, 27, 0, 0.06%, 10, 0, 9, 363.23
1735205281, 13, 26, 73, 26, 0, 0.06%, 10, 0, 9, 363.23
1735205357, 13, 36, 73, 25, 0, 0.06%, 10, 0, 9, 358.94
1735205367, 13, 37, 73, 25, 0, 0.06%, 10, 0, 9, 350.53
1735205372, 13, 38, 73, 25, 0, 0.06%, 10, 0, 9, 411.73
1735205377, 13, 38, 74, 26, 0, 0.06%, 10, 0, 9, 335.28
1735205382, 13, 39, 74, 26, 0, 0.06%, 10, 0, 9, 403.85
1735205392, 13, 52, 74, 26, 0, 0.06%, 10, 0, 9, 293.83
1735205402, 13, 53, 74, 26, 0, 0.06%, 10, 0, 9, 357.78
1735205407, 13, 54, 74, 26, 0, 0.06%, 10, 0, 9, 340.98
1735205428, 13, 55, 74, 26, 0, 0.06%, 10, 0, 9, 422.33
1735205443, 13, 56, 74, 26, 0, 0.06%, 10, 0, 9, 395.00
1735205479, 13, 57, 74, 25, 0, 0.06%, 10, 0, 9, 364.21
1735205484, 13, 58, 74, 25, 0, 0.06%, 10, 0, 9, 366.48
1735205494, 13, 59, 74, 25, 0, 0.06%, 10, 0, 9, 327.14
1735205509, 13, 60, 74, 25, 0, 0.06%, 10, 0, 9, 374.29
1735205853, 13, 64, 74, 24, 0, 0.06%, 10, 0, 9, 418.25
1735205873, 13, 65, 74, 24, 0, 0.06%, 10, 0, 9, 376.91
1735205904, 13, 70, 74, 24, 0, 0.06%, 10, 0, 9, 360.21
1735205981, 13, 71, 74, 24, 0, 0.06%, 10, 0, 9, 355.16
1735206052, 13, 72, 74, 24, 0, 0.06%, 10, 0, 9, 362.04
1735206129, 14, 16, 74, 24, 0, 0.06%, 10, 0, 9, 291.75
1735206139, 14, 20, 74, 24, 0, 0.06%, 10, 0, 9, 320.92
1735206144, 14, 25, 74, 24, 0, 0.06%, 10, 0, 9, 333.30
1735206154, 14, 26, 74, 24, 0, 0.06%, 10, 0, 9, 304.99
1735206165, 14, 27, 74, 24, 0, 0.06%, 10, 0, 9, 435.81
1735206205, 14, 28, 74, 23, 0, 0.06%, 10, 0, 9, 352.21
1735206241, 14, 29, 74, 22, 0, 0.06%, 10, 0, 9, 282.37
1735206251, 14, 30, 74, 22, 0, 0.06%, 10, 0, 9, 411.31
1735206286, 14, 31, 74, 21, 0, 0.06%, 10, 0, 9, 350.78
1735206322, 14, 32, 74, 20, 0, 0.06%, 10, 0, 9, 403.77
1735206409, 14, 32, 75, 21, 0, 0.06%, 10, 0, 9, 440.50
1735206414, 14, 32, 76, 22, 0, 0.06%, 10, 0, 9, 436.60
1735206480, 14, 35, 76, 21, 0, 0.06%, 10, 0, 9, 379.47
1735206490, 14, 36, 76, 21, 0, 0.06%, 10, 0, 9, 317.23
1735206495, 14, 37, 76, 21, 0, 0.06%, 10, 0, 9, 340.52
1735206500, 14, 38, 76, 21, 0, 0.06%, 10, 0, 9, 416.36
1735206510, 14, 39, 76, 21, 0, 0.06%, 10, 0, 9, 393.27
1735206520, 14, 40, 76, 21, 0, 0.06%, 10, 0, 9, 341.19
1735206526, 14, 41, 76, 21, 0, 0.06%, 10, 0, 9, 348.34
1735206536, 14, 42, 76, 21, 0, 0.06%, 10, 0, 9, 396.21
1735206546, 14, 43, 76, 21, 0, 0.06%, 10, 0, 9, 359.66
1735206551, 14, 44, 76, 21, 0, 0.06%, 10, 0, 9, 351.85
1735206561, 14, 45, 76, 21, 0, 0.06%, 10, 0, 9, 385.95
1735206571, 14, 46, 76, 21, 0, 0.06%, 10, 0, 9, 369.29
1735206576, 14, 47, 76, 21, 0, 0.06%, 10, 0, 9, 319.54
1735206591, 14, 48, 76, 21, 0, 0.06%, 10, 0, 9, 368.39
1735206668, 14, 49, 76, 20, 0, 0.06%, 10, 0, 9, 280.84
1735207208, 14, 52, 76, 19, 0, 0.06%, 10, 0, 9, 302.27
1735207213, 14, 53, 76, 19, 0, 0.06%, 10, 0, 9, 345.38
1735207223, 14, 54, 76, 19, 0, 0.06%, 10, 0, 9, 372.92
1735207233, 14, 55, 76, 19, 0, 0.06%, 10, 0, 9, 381.84
1735207238, 14, 56, 76, 19, 0, 0.06%, 10, 0, 9, 316.92
1735207259, 14, 57, 76, 19, 0, 0.06%, 10, 0, 9, 357.89
1735207264, 14, 58, 76, 19, 0, 0.06%, 10, 0, 9, 348.34
1735207274, 14, 59, 76, 19, 0, 0.06%, 10, 0, 9, 341.92
1735207289, 14, 60, 76, 19, 0, 0.06%, 10, 0, 9, 305.64
1735207319, 14, 61, 76, 19, 0, 0.06%, 10, 0, 9, 373.13
1735207416, 14, 62, 76, 18, 0, 0.06%, 10, 0, 9, 362.35
1735207518, 14, 63, 76, 17, 0, 0.06%, 10, 0, 9, 408.81
1735207615, 14, 64, 76, 16, 0, 0.06%, 10, 0, 9, 356.21
1735207631, 14, 65, 76, 16, 0, 0.06%, 10, 0, 9, 329.96
1735207646, 14, 70, 76, 16, 0, 0.06%, 10, 0, 9, 399.38
1735207672, 14, 71, 76, 16, 0, 0.06%, 10, 0, 9, 352.81
1735207697, 14, 72, 76, 16, 0, 0.06%, 10, 0, 9, 314.48
1735207728, 15, 20, 76, 16, 0, 0.06%, 10, 0, 9, 339.49
1735207733, 15, 36, 76, 16, 0, 0.06%, 10, 0, 9, 371.95
1735207738, 15, 37, 76, 16, 0, 0.06%, 10, 0, 9, 366.85
1735207743, 15, 38, 76, 16, 0, 0.06%, 10, 0, 9, 349.79
1735207748, 15, 39, 76, 16, 0, 0.06%, 10, 0, 9, 360.51
1735207753, 15, 52, 76, 16, 0, 0.06%, 10, 0, 9, 309.62
1735207758, 15, 53, 76, 16, 0, 0.06%, 10, 0, 9, 316.41
1735207763, 15, 54, 76, 16, 0, 0.06%, 10, 0, 9, 353.16
1735207768, 15, 55, 76, 16, 0, 0.06%, 10, 0, 9, 313.27
1735207778, 15, 56, 76, 16, 0, 0.06%, 10, 0, 9, 385.76
1735207788, 15, 57, 76, 16, 0, 0.06%, 10, 0, 9, 371.31
1735207794, 15, 58, 76, 16, 0, 0.06%, 10, 0, 9, 341.33
1735207804, 15, 59, 76, 16, 0, 0.06%, 10, 0, 9, 344.22
1735207819, 15, 60, 76, 16, 0, 0.06%, 10, 0, 9, 289.38
1735207834, 15, 61, 76, 16, 0, 0.06%, 10, 0, 9, 322.00
1735207860, 15, 64, 76, 16, 0, 0.06%, 10, 0, 9, 319.28
1735207875, 15, 65, 76, 16, 0, 0.06%, 10, 0, 9, 333.74
1735207890, 15, 70, 76, 16, 0, 0.06%, 10, 0, 9, 347.65
1735207900, 16, 17, 76, 16, 0, 0.06%, 10, 0, 9, 331.98
1735207905, 16, 52, 76, 16, 0, 0.06%, 10, 0, 9, 311.27
1735207910, 16, 53, 76, 16, 0, 0.06%, 10, 0, 9, 320.01
1735207915, 16, 58, 76, 16, 0, 0.06%, 10, 0, 9, 365.32
1735207920, 16, 59, 76, 16, 0, 0.06%, 10, 0, 9, 382.05
1735207931, 16, 64, 76, 16, 0, 0.06%, 10, 0, 9, 393.08
1735207946, 16, 65, 76, 16, 0, 0.06%, 10, 0, 9, 304.76
1735207961, 16, 70, 76, 16, 0, 0.06%, 10, 0, 9, 371.11
1735207966, 17, 17, 76, 16, 0, 0.06%, 10, 0, 9, 356.90
1735207971, 17, 52, 76, 16, 0, 0.06%, 10, 0, 9, 303.32
1735207976, 17, 53, 76, 16, 0, 0.06%, 10, 0, 9, 346.61
1735207981, 17, 57, 76, 16, 0, 0.06%, 10, 0, 9, 345.12
1735207986, 17, 58, 76, 16, 0, 0.06%, 10, 0, 9, 332.88
1735207991, 17, 59, 76, 16, 0, 0.06%, 10, 0, 9, 295.97
1735208002, 17, 64, 76, 16, 0, 0.06%, 10, 0, 9, 377.38
1735208007, 17, 65, 76, 16, 0, 0.06%, 10, 0, 9, 342.06
1735208017, 17, 70, 76, 16, 0, 0.06%, 10, 0, 9, 365.54
1735208027, 18, 52, 76, 16, 0, 0.06%, 10, 0, 9, 320.97
1735208032, 18, 53, 76, 16, 0, 0.06%, 10, 0, 9, 327.06
1735208037, 18, 57, 76, 16, 0, 0.06%, 10, 0, 9, 364.65
1735208042, 18, 58, 76, 16, 0, 0.06%, 10, 0, 9, 354.80
1735208048, 18, 59, 76, 16, 0, 0.06%, 10, 0, 9, 305.35
1735208058, 18, 64, 76, 16, 0, 0.06%, 10, 0, 9, 349.88
1735208063, 18, 65, 76, 16, 0, 0.06%, 10, 0, 9, 367.08
1735208078, 18, 70, 76, 16, 0, 0.06%, 10, 0, 9, 355.38
1735208083, 19, 17, 76, 16, 0, 0.06%, 10, 0, 9, 344.15
1735208088, 19, 52, 76, 16, 0, 0.06%, 10, 0, 9, 312.67
1735208093, 19, 53, 76, 16, 0, 0.06%, 10, 0, 9, 329.99
1735208099, 19, 57, 76, 16, 0, 0.06%, 10, 0, 9, 331.36
1735208104, 19, 59, 76, 16, 0, 0.06%, 10, 0, 9, 379.29
1735208114, 19, 64, 76, 16, 0, 0.06%, 10, 0, 9, 373.59
1735208124, 19, 65, 76, 16, 0, 0.06%, 10, 0, 9, 383.68
1735208129, 19, 70, 76, 16, 0, 0.06%, 10, 0, 9, 382.58
1735208139, 20, 17, 76, 16, 0, 0.06%, 10, 0, 9, 350.81
1735208144, 20, 52, 76, 16, 0, 0.06%, 10, 0, 9, 302.00
1735208149, 20, 53, 76, 16, 0, 0.06%, 10, 0, 9, 329.30
1735208155, 20, 57, 76, 16, 0, 0.06%, 10, 0, 9, 334.09
1735208160, 20, 59, 76, 16, 0, 0.06%, 10, 0, 9, 359.00
1735208170, 20, 64, 76, 16, 0, 0.06%, 10, 0, 9, 365.99
1735208180, 20, 65, 76, 16, 0, 0.06%, 10, 0, 9, 360.05
1735208190, 20, 70, 76, 16, 0, 0.06%, 10, 0, 9, 368.66
1735208195, 21, 17, 76, 16, 0, 0.06%, 10, 0, 9, 359.24
1735208200, 21, 52, 76, 16, 0, 0.06%, 10, 0, 9, 301.45
1735208206, 21, 53, 76, 16, 0, 0.06%, 10, 0, 9, 338.05
1735208211, 21, 57, 76, 16, 0, 0.06%, 10, 0, 9, 336.51
1735208216, 21, 58, 76, 16, 0, 0.06%, 10, 0, 9, 326.95
1735208221, 21, 59, 76, 16, 0, 0.06%, 10, 0, 9, 325.10
1735208226, 21, 64, 76, 16, 0, 0.06%, 10, 0, 9, 336.91
1735208236, 21, 65, 76, 16, 0, 0.06%, 10, 0, 9, 289.89
1735208246, 21, 70, 76, 16, 0, 0.06%, 10, 0, 9, 382.10
1735208251, 22, 17, 76, 16, 0, 0.06%, 10, 0, 9, 362.72
1735208256, 22, 52, 76, 16, 0, 0.06%, 10, 0, 9, 305.93
1735208262, 22, 53, 76, 16, 0, 0.06%, 10, 0, 9, 346.56
1735208267, 22, 57, 76, 16, 0, 0.06%, 10, 0, 9, 341.91
1735208272, 22, 58, 76, 16, 0, 0.06%, 10, 0, 9, 337.49
1735208277, 22, 59, 76, 16, 0, 0.06%, 10, 0, 9, 276.25
1735208287, 22, 60, 76, 16, 0, 0.06%, 10, 0, 9, 271.72
1735208302, 22, 61, 76, 16, 0, 0.06%, 10, 0, 9, 411.44
1735208318, 22, 62, 76, 16, 0, 0.06%, 10, 0, 9, 428.57
1735208343, 22, 63, 76, 16, 0, 0.06%, 10, 0, 9, 342.75
1735208368, 22, 64, 76, 16, 0, 0.06%, 10, 0, 9, 323.28
1735208379, 22, 65, 76, 16, 0, 0.06%, 10, 0, 9, 280.93
1735208389, 22, 70, 76, 16, 0, 0.06%, 10, 0, 9, 395.95
1735208394, 22, 71, 76, 16, 0, 0.06%, 10, 0, 9, 340.61
1735208404, 22, 72, 76, 16, 0, 0.06%, 10, 0, 9, 368.75
1735208409, 22, 74, 76, 16, 0, 0.06%, 10, 0, 9, 421.92
1735208510, 22, 75, 76, 15, 0, 0.06%, 10, 0, 9, 409.09
1735208612, 23, 16, 76, 14, 0, 0.06%, 10, 0, 9, 315.04
1735208617, 23, 17, 76, 14, 0, 0.06%, 10, 0, 9, 317.08
1735208622, 23, 25, 76, 14, 0, 0.06%, 10, 0, 9, 338.15
1735208633, 23, 26, 76, 14, 0, 0.06%, 10, 0, 9, 306.47
1735208643, 23, 27, 76, 14, 0, 0.06%, 10, 0, 9, 355.95
1735208653, 23, 28, 76, 14, 0, 0.06%, 10, 0, 9, 338.79
1735208658, 23, 29, 76, 14, 0, 0.06%, 10, 0, 9, 304.01
1735208668, 23, 30, 76, 14, 0, 0.06%, 10, 0, 9, 335.69
1735208678, 23, 31, 76, 14, 0, 0.06%, 10, 0, 9, 377.84
1735208688, 23, 32, 76, 14, 0, 0.06%, 10, 0, 9, 367.87
1735208699, 23, 37, 76, 14, 0, 0.06%, 10, 0, 9, 317.63
1735208704, 23, 38, 76, 14, 0, 0.06%, 10, 0, 9, 370.48
1735208709, 23, 39, 76, 14, 0, 0.06%, 10, 0, 9, 383.81
1735208714, 23, 52, 76, 14, 0, 0.06%, 10, 0, 9, 302.44
1735208719, 23, 53, 76, 14, 0, 0.06%, 10, 0, 9, 327.75
1735208724, 23, 54, 76, 14, 0, 0.06%, 10, 0, 9, 382.30
1735208734, 23, 55, 76, 14, 0, 0.06%, 10, 0, 9, 377.49
1735208744, 23, 56, 76, 14, 0, 0.06%, 10, 0, 9, 375.73
1735208749, 23, 57, 76, 14, 0, 0.06%, 10, 0, 9, 379.27
1735208755, 23, 58, 76, 14, 0, 0.06%, 10, 0, 9, 375.61
1735208760, 23, 59, 76, 14, 0, 0.06%, 10, 0, 9, 310.03
1735208770, 23, 60, 76, 14, 0, 0.06%, 10, 0, 9, 292.84
1735208785, 23, 61, 76, 14, 0, 0.06%, 10, 0, 9, 331.55
1735208800, 23, 62, 76, 14, 0, 0.06%, 10, 0, 9, 385.40
1735208816, 23, 63, 76, 14, 0, 0.06%, 10, 0, 9, 415.81
1735208826, 23, 64, 76, 14, 0, 0.06%, 10, 0, 9, 353.19
1735208836, 23, 65, 76, 14, 0, 0.06%, 10, 0, 9, 291.79
1735208846, 23, 70, 76, 14, 0, 0.06%, 10, 0, 9, 385.55
1735208851, 23, 71, 76, 14, 0, 0.06%, 10, 0, 9, 360.64
1735208861, 23, 72, 76, 14, 0, 0.06%, 10, 0, 9, 362.76
1735208866, 23, 74, 76, 14, 0, 0.06%, 10, 0, 9, 364.85
1735208882, 23, 75, 76, 14, 0, 0.06%, 10, 0, 9, 326.29
1735208902, 24, 16, 76, 14, 0, 0.06%, 10, 0, 9, 325.10
1735208907, 24, 17, 76, 14, 0, 0.06%, 10, 0, 9, 314.43
1735208912, 24, 25, 76, 14, 0, 0.06%, 10, 0, 9, 318.24
1735208917, 24, 26, 76, 14, 0, 0.06%, 10, 0, 9, 320.35
1735208922, 24, 27, 76, 14, 0, 0.06%, 10, 0, 9, 361.73
1735208933, 24, 28, 76, 14, 0, 0.06%, 10, 0, 9, 337.39
1735208938, 24, 29, 76, 14, 0, 0.06%, 10, 0, 9, 296.15
1735208943, 24, 30, 76, 14, 0, 0.06%, 10, 0, 9, 343.68
1735208953, 24, 31, 76, 14, 0, 0.06%, 10, 0, 9, 366.31
1735208963, 24, 32, 76, 14, 0, 0.06%, 10, 0, 9, 356.25
1735208973, 24, 37, 76, 14, 0, 0.06%, 10, 0, 9, 307.34
1735208984, 24, 39, 76, 14, 0, 0.06%, 10, 0, 9, 371.36
1735208989, 24, 52, 76, 14, 0, 0.06%, 10, 0, 9, 314.89
1735208994, 24, 53, 76, 14, 0, 0.06%, 10, 0, 9, 348.60
1735208999, 24, 54, 76, 14, 0, 0.06%, 10, 0, 9, 342.66
1735209004, 24, 55, 76, 14, 0, 0.06%, 10, 0, 9, 346.00
1735209009, 24, 56, 76, 14, 0, 0.06%, 10, 0, 9, 390.41
1735209019, 24, 58, 76, 14, 0, 0.06%, 10, 0, 9, 338.58
1735209024, 24, 59, 76, 14, 0, 0.06%, 10, 0, 9, 397.09
1735209034, 24, 60, 76, 14, 0, 0.06%, 10, 0, 9, 365.43
1735209045, 24, 61, 76, 14, 0, 0.06%, 10, 0, 9, 361.86
1735209060, 24, 62, 76, 14, 0, 0.06%, 10, 0, 9, 379.82
1735209075, 24, 63, 76, 14, 0, 0.06%, 10, 0, 9, 400.84
1735209085, 24, 64, 76, 14, 0, 0.06%, 10, 0, 9, 337.46
1735209096, 24, 65, 76, 14, 0, 0.06%, 10, 0, 9, 284.85
1735209106, 24, 70, 76, 14, 0, 0.06%, 10, 0, 9, 385.02
1735209111, 24, 71, 76, 14, 0, 0.06%, 10, 0, 9, 328.92
1735209121, 24, 72, 76, 14, 0, 0.06%, 10, 0, 9, 390.83
1735209126, 24, 74, 76, 14, 0, 0.06%, 10, 0, 9, 322.34
1735209146, 24, 75, 76, 14, 0, 0.06%, 10, 0, 9, 384.40
1735209162, 25, 16, 76, 14, 0, 0.06%, 10, 0, 9, 302.33
1735209167, 25, 17, 76, 14, 0, 0.06%, 10, 0, 9, 333.16
1735209172, 25, 25, 76, 14, 0, 0.06%, 10, 0, 9, 337.29
1735209177, 25, 26, 76, 14, 0, 0.06%, 10, 0, 9, 309.96
1735209182, 25, 27, 76, 14, 0, 0.06%, 10, 0, 9, 331.11
1735209187, 25, 28, 76, 14, 0, 0.06%, 10, 0, 9, 354.98
1735209192, 25, 29, 76, 14, 0, 0.06%, 10, 0, 9, 295.71
1735209198, 25, 30, 76, 14, 0, 0.06%, 10, 0, 9, 336.74
1735209203, 25, 31, 76, 14, 0, 0.06%, 10, 0, 9, 334.84
1735209208, 25, 32, 76, 14, 0, 0.06%, 10, 0, 9, 346.01
1735209213, 25, 36, 76, 14, 0, 0.06%, 10, 0, 9, 317.68
1735209218, 25, 37, 76, 14, 0, 0.06%, 10, 0, 9, 329.89
1735209223, 25, 39, 76, 14, 0, 0.06%, 10, 0, 9, 345.52
1735209228, 25, 52, 76, 14, 0, 0.06%, 10, 0, 9, 327.15
1735209233, 25, 53, 76, 14, 0, 0.06%, 10, 0, 9, 355.17
1735209238, 25, 54, 76, 14, 0, 0.06%, 10, 0, 9, 349.44
1735209243, 25, 55, 76, 14, 0, 0.06%, 10, 0, 9, 364.94
1735209248, 25, 56, 76, 14, 0, 0.06%, 10, 0, 9, 353.74
1735209253, 25, 57, 76, 14, 0, 0.06%, 10, 0, 9, 348.69
1735209258, 25, 58, 76, 14, 0, 0.06%, 10, 0, 9, 350.55
1735209263, 25, 59, 76, 14, 0, 0.06%, 10, 0, 9, 340.37
1735209268, 25, 60, 76, 14, 0, 0.06%, 10, 0, 9, 343.78
1735209284, 25, 61, 76, 14, 0, 0.06%, 10, 0, 9, 369.97
1735209289, 25, 62, 76, 14, 0, 0.06%, 10, 0, 9, 316.17
1735209304, 25, 63, 76, 14, 0, 0.06%, 10, 0, 9, 406.89
1735209319, 25, 64, 76, 14, 0, 0.06%, 10, 0, 9, 335.88
1735209324, 25, 65, 76, 14, 0, 0.06%, 10, 0, 9, 320.25
1735209334, 25, 70, 76, 14, 0, 0.06%, 10, 0, 9, 341.78
1735209344, 25, 71, 76, 14, 0, 0.06%, 10, 0, 9, 373.59
1735209350, 25, 72, 76, 14, 0, 0.06%, 10, 0, 9, 379.11
1735209355, 25, 74, 76, 14, 0, 0.06%, 10, 0, 9, 331.24
1735209365, 25, 75, 76, 14, 0, 0.06%, 10, 0, 9, 301.73
1735209375, 26, 16, 76, 14, 0, 0.06%, 10, 0, 9, 336.33
1735209380, 26, 17, 76, 14, 0, 0.06%, 10, 0, 9, 342.59
1735209385, 26, 25, 76, 14, 0, 0.06%, 10, 0, 9, 345.00
1735209390, 26, 26, 76, 14, 0, 0.06%, 10, 0, 9, 320.74
1735209395, 26, 27, 76, 14, 0, 0.06%, 10, 0, 9, 338.86
1735209400, 26, 28, 76, 14, 0, 0.06%, 10, 0, 9, 349.72
1735209405, 26, 29, 76, 14, 0, 0.06%, 10, 0, 9, 295.41
1735209410, 26, 30, 76, 14, 0, 0.06%, 10, 0, 9, 335.17
1735209415, 26, 31, 76, 14, 0, 0.06%, 10, 0, 9, 329.72
1735209420, 26, 32, 76, 14, 0, 0.06%, 10, 0, 9, 342.24
1735209426, 26, 36, 76, 14, 0, 0.06%, 10, 0, 9, 325.31
1735209431, 26, 37, 76, 14, 0, 0.06%, 10, 0, 9, 348.56
1735209436, 26, 38, 76, 14, 0, 0.06%, 10, 0, 9, 335.30
1735209441, 26, 52, 76, 14, 0, 0.06%, 10, 0, 9, 331.76
1735209446, 26, 53, 76, 14, 0, 0.06%, 10, 0, 9, 321.62
1735209451, 26, 54, 76, 14, 0, 0.06%, 10, 0, 9, 362.61
1735209456, 26, 55, 76, 14, 0, 0.06%, 10, 0, 9, 374.52
1735209461, 26, 56, 76, 14, 0, 0.06%, 10, 0, 9, 356.81
1735209466, 26, 57, 76, 14, 0, 0.06%, 10, 0, 9, 358.78
1735209471, 26, 58, 76, 14, 0, 0.06%, 10, 0, 9, 343.17
1735209476, 26, 59, 76, 14, 0, 0.06%, 10, 0, 9, 288.11
1735209482, 26, 60, 76, 14, 0, 0.06%, 10, 0, 9, 378.71
1735209497, 26, 61, 76, 14, 0, 0.06%, 10, 0, 9, 395.43
1735209502, 26, 62, 76, 14, 0, 0.06%, 10, 0, 9, 334.66
1735209512, 26, 63, 76, 14, 0, 0.06%, 10, 0, 9, 378.50
1735209517, 26, 64, 76, 14, 0, 0.06%, 10, 0, 9, 332.75
1735209527, 26, 65, 76, 14, 0, 0.06%, 10, 0, 9, 305.71
1735209537, 26, 70, 76, 14, 0, 0.06%, 10, 0, 9, 391.82
1735209542, 26, 71, 76, 14, 0, 0.06%, 10, 0, 9, 395.22
1735209553, 26, 72, 76, 14, 0, 0.06%, 10, 0, 9, 370.34
1735209558, 26, 74, 76, 14, 0, 0.06%, 10, 0, 9, 372.71
1735209568, 26, 75, 76, 14, 0, 0.06%, 10, 0, 9, 344.65
1735209578, 27, 16, 76, 14, 0, 0.06%, 10, 0, 9, 303.99
1735209583, 27, 17, 76, 14, 0, 0.06%, 10, 0, 9, 319.24
1735209588, 27, 25, 76, 14, 0, 0.06%, 10, 0, 9, 323.29
1735209593, 27, 26, 76, 14, 0, 0.06%, 10, 0, 9, 314.95
1735209598, 27, 27, 76, 14, 0, 0.06%, 10, 0, 9, 332.41
1735209603, 27, 28, 76, 14, 0, 0.06%, 10, 0, 9, 354.54
1735209608, 27, 29, 76, 14, 0, 0.06%, 10, 0, 9, 296.23
1735209614, 27, 30, 76, 14, 0, 0.06%, 10, 0, 9, 337.47
1735209619, 27, 31, 76, 14, 0, 0.06%, 10, 0, 9, 325.73
1735209624, 27, 32, 76, 14, 0, 0.06%, 10, 0, 9, 346.39
1735209629, 27, 36, 76, 14, 0, 0.06%, 10, 0, 9, 328.74
1735209634, 27, 37, 76, 14, 0, 0.06%, 10, 0, 9, 328.17
1735209639, 27, 38, 76, 14, 0, 0.06%, 10, 0, 9, 327.54
1735209644, 27, 52, 76, 14, 0, 0.06%, 10, 0, 9, 332.81
1735209649, 27, 53, 76, 14, 0, 0.06%, 10, 0, 9, 290.30
1735209654, 27, 54, 76, 14, 0, 0.06%, 10, 0, 9, 370.03
1735209659, 27, 55, 76, 14, 0, 0.06%, 10, 0, 9, 354.02
1735209664, 27, 56, 76, 14, 0, 0.06%, 10, 0, 9, 375.08
1735209669, 27, 57, 76, 14, 0, 0.06%, 10, 0, 9, 351.43
1735209674, 27, 58, 76, 14, 0, 0.06%, 10, 0, 9, 341.19
1735209680, 27, 59, 76, 14, 0, 0.06%, 10, 0, 9, 278.96
1735209690, 27, 60, 76, 14, 0, 0.06%, 10, 0, 9, 267.59
1735209700, 27, 61, 76, 14, 0, 0.06%, 10, 0, 9, 389.70
1735209705, 27, 62, 76, 14, 0, 0.06%, 10, 0, 9, 349.55
1735209715, 27, 63, 76, 14, 0, 0.06%, 10, 0, 9, 382.93
1735209721, 27, 64, 76, 14, 0, 0.06%, 10, 0, 9, 363.82
1735209731, 27, 65, 76, 14, 0, 0.06%, 10, 0, 9, 327.50
1735209741, 27, 70, 76, 14, 0, 0.06%, 10, 0, 9, 386.28
1735209746, 27, 71, 76, 14, 0, 0.06%, 10, 0, 9, 349.33
1735209756, 27, 72, 76, 14, 0, 0.06%, 10, 0, 9, 386.05
1735209761, 27, 74, 76, 14, 0, 0.06%, 10, 0, 9, 367.79
1735209766, 27, 75, 76, 14, 0, 0.06%, 10, 0, 9, 359.63
1735209771, 28, 16, 76, 14, 0, 0.06%, 10, 0, 9, 326.39
1735209776, 28, 17, 76, 14, 0, 0.06%, 10, 0, 9, 351.37
1735209781, 28, 20, 76, 14, 0, 0.06%, 10, 0, 9, 335.80
1735209786, 28, 26, 76, 14, 0, 0.06%, 10, 0, 9, 319.72
1735209792, 28, 27, 76, 14, 0, 0.06%, 10, 0, 9, 310.21
1735209797, 28, 28, 76, 14, 0, 0.06%, 10, 0, 9, 318.62
1735209802, 28, 29, 76, 14, 0, 0.06%, 10, 0, 9, 303.31
1735209807, 28, 30, 76, 14, 0, 0.06%, 10, 0, 9, 332.67
1735209812, 28, 31, 76, 14, 0, 0.06%, 10, 0, 9, 338.55
1735209817, 28, 32, 76, 14, 0, 0.06%, 10, 0, 9, 349.26
1735209822, 28, 36, 76, 14, 0, 0.06%, 10, 0, 9, 353.25
1735209827, 28, 37, 76, 14, 0, 0.06%, 10, 0, 9, 358.99
1735209832, 28, 38, 76, 14, 0, 0.06%, 10, 0, 9, 355.69
1735209837, 28, 39, 76, 14, 0, 0.06%, 10, 0, 9, 330.02
1735209842, 28, 52, 76, 14, 0, 0.06%, 10, 0, 9, 295.18
1735209847, 28, 54, 76, 14, 0, 0.06%, 10, 0, 9, 330.54
1735209852, 28, 55, 76, 14, 0, 0.06%, 10, 0, 9, 352.81
1735209857, 28, 56, 76, 14, 0, 0.06%, 10, 0, 9, 381.00
1735209863, 28, 57, 76, 14, 0, 0.06%, 10, 0, 9, 364.56
1735209868, 28, 58, 76, 14, 0, 0.06%, 10, 0, 9, 364.47
1735209873, 28, 59, 76, 14, 0, 0.06%, 10, 0, 9, 284.89
1735209883, 28, 60, 76, 14, 0, 0.06%, 10, 0, 9, 274.12
1735209893, 28, 61, 76, 14, 0, 0.06%, 10, 0, 9, 374.13
1735209898, 28, 62, 76, 14, 0, 0.06%, 10, 0, 9, 348.70
1735209908, 28, 63, 76, 14, 0, 0.06%, 10, 0, 9, 396.50
1735209913, 28, 64, 76, 14, 0, 0.06%, 10, 0, 9, 329.62
1735209923, 28, 65, 76, 14, 0, 0.06%, 10, 0, 9, 292.16
1735209934, 28, 70, 76, 14, 0, 0.06%, 10, 0, 9, 385.10
1735209939, 28, 71, 76, 14, 0, 0.06%, 10, 0, 9, 337.49
1735209949, 28, 72, 76, 14, 0, 0.06%, 10, 0, 9, 397.48
1735209954, 28, 74, 76, 14, 0, 0.06%, 10, 0, 9, 346.13
1735209959, 28, 75, 76, 14, 0, 0.06%, 10, 0, 9, 340.44
1735209964, 29, 16, 76, 14, 0, 0.06%, 10, 0, 9, 333.96
1735209969, 29, 17, 76, 14, 0, 0.06%, 10, 0, 9, 354.07
1735209974, 29, 20, 76, 14, 0, 0.06%, 10, 0, 9, 352.15
1735209979, 29, 26, 76, 14, 0, 0.06%, 10, 0, 9, 332.56
1735209989, 29, 28, 76, 14, 0, 0.06%, 10, 0, 9, 337.49
1735209995, 29, 29, 76, 14, 0, 0.06%, 10, 0, 9, 304.44
1735210000, 29, 30, 76, 14, 0, 0.06%, 10, 0, 9, 331.57
1735210005, 29, 31, 76, 14, 0, 0.06%, 10, 0, 9, 325.72
1735210010, 29, 32, 76, 14, 0, 0.06%, 10, 0, 9, 349.98
1735210015, 29, 36, 76, 14, 0, 0.06%, 10, 0, 9, 342.98
1735210020, 29, 37, 76, 14, 0, 0.06%, 10, 0, 9, 333.44
1735210025, 29, 38, 76, 14, 0, 0.06%, 10, 0, 9, 343.52
1735210030, 29, 52, 76, 14, 0, 0.06%, 10, 0, 9, 343.56
1735210036, 29, 53, 76, 14, 0, 0.06%, 10, 0, 9, 321.82
1735210041, 29, 54, 76, 14, 0, 0.06%, 10, 0, 9, 363.93
1735210046, 29, 55, 76, 14, 0, 0.06%, 10, 0, 9, 331.57
1735210051, 29, 56, 76, 14, 0, 0.06%, 10, 0, 9, 380.37
1735210056, 29, 57, 76, 14, 0, 0.06%, 10, 0, 9, 364.18
1735210061, 29, 58, 76, 14, 0, 0.06%, 10, 0, 9, 334.09
1735210066, 29, 59, 76, 14, 0, 0.06%, 10, 0, 9, 293.60
1735210076, 29, 60, 76, 14, 0, 0.06%, 10, 0, 9, 288.04
1735210086, 29, 61, 76, 14, 0, 0.06%, 10, 0, 9, 346.92
1735210097, 29, 62, 76, 14, 0, 0.06%, 10, 0, 9, 375.95
1735210102, 29, 63, 76, 14, 0, 0.06%, 10, 0, 9, 416.37
1735210107, 29, 64, 76, 14, 0, 0.06%, 10, 0, 9, 350.82
1735210117, 29, 65, 76, 14, 0, 0.06%, 10, 0, 9, 303.80
1735210127, 29, 70, 76, 14, 0, 0.06%, 10, 0, 9, 363.04
1735210132, 29, 71, 76, 14, 0, 0.06%, 10, 0, 9, 316.07
1735210142, 29, 72, 76, 14, 0, 0.06%, 10, 0, 9, 375.20
1735210147, 29, 74, 76, 14, 0, 0.06%, 10, 0, 9, 355.66
1735210152, 29, 75, 76, 14, 0, 0.06%, 10, 0, 9, 336.12
1735210157, 30, 16, 76, 14, 0, 0.06%, 10, 0, 9, 324.23
1735210162, 30, 17, 76, 14, 0, 0.06%, 10, 0, 9, 354.54
1735210168, 30, 20, 76, 14, 0, 0.06%, 10, 0, 9, 351.57
1735210173, 30, 25, 76, 14, 0, 0.06%, 10, 0, 9, 323.39
1735210178, 30, 26, 76, 14, 0, 0.06%, 10, 0, 9, 304.91
1735210183, 30, 27, 76, 14, 0, 0.06%, 10, 0, 9, 306.30
1735210188, 30, 29, 76, 14, 0, 0.06%, 10, 0, 9, 310.33
1735210193, 30, 30, 76, 14, 0, 0.06%, 10, 0, 9, 320.01
1735210198, 30, 31, 76, 14, 0, 0.06%, 10, 0, 9, 348.37
1735210203, 30, 32, 76, 14, 0, 0.06%, 10, 0, 9, 361.68
1735210208, 30, 36, 76, 14, 0, 0.06%, 10, 0, 9, 343.09
1735210213, 30, 37, 76, 14, 0, 0.06%, 10, 0, 9, 351.29
1735210218, 30, 38, 76, 14, 0, 0.06%, 10, 0, 9, 349.17
1735210223, 30, 52, 76, 14, 0, 0.06%, 10, 0, 9, 336.95
1735210229, 30, 53, 76, 14, 0, 0.06%, 10, 0, 9, 351.27
1735210234, 30, 54, 76, 14, 0, 0.06%, 10, 0, 9, 359.80
1735210239, 30, 55, 76, 14, 0, 0.06%, 10, 0, 9, 359.93
1735210244, 30, 56, 76, 14, 0, 0.06%, 10, 0, 9, 355.90
1735210249, 30, 57, 76, 14, 0, 0.06%, 10, 0, 9, 359.10
1735210254, 30, 58, 76, 14, 0, 0.06%, 10, 0, 9, 337.46
1735210259, 30, 59, 76, 14, 0, 0.06%, 10, 0, 9, 322.13
1735210264, 30, 60, 76, 14, 0, 0.06%, 10, 0, 9, 407.23
1735210280, 30, 61, 76, 14, 0, 0.06%, 10, 0, 9, 382.33
1735210285, 30, 62, 76, 14, 0, 0.06%, 10, 0, 9, 359.74
1735210295, 30, 63, 76, 14, 0, 0.06%, 10, 0, 9, 378.49
1735210300, 30, 64, 76, 14, 0, 0.06%, 10, 0, 9, 379.73
1735210305, 30, 65, 76, 14, 0, 0.06%, 10, 0, 9, 362.14
1735210315, 30, 70, 76, 14, 0, 0.06%, 10, 0, 9, 374.14
1735210325, 30, 71, 76, 14, 0, 0.06%, 10, 0, 9, 390.60
1735210330, 30, 72, 76, 14, 0, 0.06%, 10, 0, 9, 317.12
1735210341, 30, 74, 76, 14, 0, 0.06%, 10, 0, 9, 333.33
1735210346, 30, 75, 76, 14, 0, 0.06%, 10, 0, 9, 337.29
1735210351, 31, 16, 76, 14, 0, 0.06%, 10, 0, 9, 316.72
1735210356, 31, 17, 76, 14, 0, 0.06%, 10, 0, 9, 331.64
1735210361, 31, 25, 76, 14, 0, 0.06%, 10, 0, 9, 345.29
1735210366, 31, 26, 76, 14, 0, 0.06%, 10, 0, 9, 319.34
1735210371, 31, 27, 76, 14, 0, 0.06%, 10, 0, 9, 355.93
1735210376, 31, 28, 76, 14, 0, 0.06%, 10, 0, 9, 349.28
1735210381, 31, 29, 76, 14, 0, 0.06%, 10, 0, 9, 302.45
1735210386, 31, 30, 76, 14, 0, 0.06%, 10, 0, 9, 308.98
1735210391, 31, 32, 76, 14, 0, 0.06%, 10, 0, 9, 310.03
1735210401, 31, 37, 76, 14, 0, 0.06%, 10, 0, 9, 330.91
1735210407, 31, 38, 76, 14, 0, 0.06%, 10, 0, 9, 385.62
1735210412, 31, 39, 76, 14, 0, 0.06%, 10, 0, 9, 359.15
1735210417, 31, 52, 76, 14, 0, 0.06%, 10, 0, 9, 309.92
1735210422, 31, 53, 76, 14, 0, 0.06%, 10, 0, 9, 331.01
1735210427, 31, 54, 76, 14, 0, 0.06%, 10, 0, 9, 336.37
1735210432, 31, 55, 76, 14, 0, 0.06%, 10, 0, 9, 352.12
1735210437, 31, 56, 76, 14, 0, 0.06%, 10, 0, 9, 359.18
1735210442, 31, 57, 76, 14, 0, 0.06%, 10, 0, 9, 335.79
1735210447, 31, 59, 76, 14, 0, 0.06%, 10, 0, 9, 364.49
1735210457, 31, 60, 76, 14, 0, 0.06%, 10, 0, 9, 408.24
1735210472, 31, 61, 76, 14, 0, 0.06%, 10, 0, 9, 365.27
1735210477, 31, 62, 76, 14, 0, 0.06%, 10, 0, 9, 365.74
1735210488, 31, 63, 76, 14, 0, 0.06%, 10, 0, 9, 359.90
1735210493, 31, 64, 76, 14, 0, 0.06%, 10, 0, 9, 396.68
1735210498, 31, 65, 76, 14, 0, 0.06%, 10, 0, 9, 346.84
1735210508, 31, 70, 76, 14, 0, 0.06%, 10, 0, 9, 375.33
1735210518, 31, 71, 76, 14, 0, 0.06%, 10, 0, 9, 388.66
1735210523, 31, 72, 76, 14, 0, 0.06%, 10, 0, 9, 349.23
1735210534, 31, 74, 76, 14, 0, 0.06%, 10, 0, 9, 325.67
1735210539, 31, 75, 76, 14, 0, 0.06%, 10, 0, 9, 337.12
1735210544, 32, 16, 76, 14, 0, 0.06%, 10, 0, 9, 287.29
1735210549, 32, 20, 76, 14, 0, 0.06%, 10, 0, 9, 382.15
1735210554, 32, 25, 76, 14, 0, 0.06%, 10, 0, 9, 342.45
1735210559, 32, 26, 76, 14, 0, 0.06%, 10, 0, 9, 314.26
1735210564, 32, 27, 76, 14, 0, 0.06%, 10, 0, 9, 351.68
1735210569, 32, 28, 76, 14, 0, 0.06%, 10, 0, 9, 327.75
1735210574, 32, 29, 76, 14, 0, 0.06%, 10, 0, 9, 299.19
1735210579, 32, 30, 76, 14, 0, 0.06%, 10, 0, 9, 329.16
1735210584, 32, 32, 76, 14, 0, 0.06%, 10, 0, 9, 346.21
1735210589, 32, 36, 76, 14, 0, 0.06%, 10, 0, 9, 322.32
1735210594, 32, 37, 76, 14, 0, 0.06%, 10, 0, 9, 343.92
1735210599, 32, 38, 76, 14, 0, 0.06%, 10, 0, 9, 384.48
1735210604, 32, 39, 76, 14, 0, 0.06%, 10, 0, 9, 377.80
1735210609, 32, 52, 76, 14, 0, 0.06%, 10, 0, 9, 328.94
1735210615, 32, 53, 76, 14, 0, 0.06%, 10, 0, 9, 338.50
1735210620, 32, 54, 76, 14, 0, 0.06%, 10, 0, 9, 337.09
1735210625, 32, 55, 76, 14, 0, 0.06%, 10, 0, 9, 336.92
1735210630, 32, 56, 76, 14, 0, 0.06%, 10, 0, 9, 328.58
1735210635, 32, 58, 76, 14, 0, 0.06%, 10, 0, 9, 351.37
1735210640, 32, 59, 76, 14, 0, 0.06%, 10, 0, 9, 386.74
1735210650, 32, 60, 76, 14, 0, 0.06%, 10, 0, 9, 370.03
1735210665, 32, 61, 76, 14, 0, 0.06%, 10, 0, 9, 348.89
1735210670, 32, 62, 76, 14, 0, 0.06%, 10, 0, 9, 348.48
1735210680, 32, 63, 76, 14, 0, 0.06%, 10, 0, 9, 355.64
1735210685, 32, 64, 76, 14, 0, 0.06%, 10, 0, 9, 388.92
1735210696, 32, 65, 76, 14, 0, 0.06%, 10, 0, 9, 373.06
1735210706, 32, 70, 76, 14, 0, 0.06%, 10, 0, 9, 371.10
1735210711, 32, 71, 76, 14, 0, 0.06%, 10, 0, 9, 344.89
1735210721, 32, 72, 76, 14, 0, 0.06%, 10, 0, 9, 377.29
1735210726, 32, 74, 76, 14, 0, 0.06%, 10, 0, 9, 354.21
1735210731, 32, 75, 76, 14, 0, 0.06%, 10, 0, 9, 323.26
1735210736, 33, 16, 76, 14, 0, 0.06%, 10, 0, 9, 312.33
1735210741, 33, 17, 76, 14, 0, 0.06%, 10, 0, 9, 348.38
1735210746, 33, 20, 76, 14, 0, 0.06%, 10, 0, 9, 334.39
1735210751, 33, 25, 76, 14, 0, 0.06%, 10, 0, 9, 306.86
1735210756, 33, 26, 76, 14, 0, 0.06%, 10, 0, 9, 321.31
1735210762, 33, 27, 76, 14, 0, 0.06%, 10, 0, 9, 305.87
1735210767, 33, 29, 76, 14, 0, 0.06%, 10, 0, 9, 314.10
1735210772, 33, 30, 76, 14, 0, 0.06%, 10, 0, 9, 340.03
1735210777, 33, 31, 76, 14, 0, 0.06%, 10, 0, 9, 353.23
1735210782, 33, 32, 76, 14, 0, 0.06%, 10, 0, 9, 362.83
1735210787, 33, 36, 76, 14, 0, 0.06%, 10, 0, 9, 348.63
1735210792, 33, 37, 76, 14, 0, 0.06%, 10, 0, 9, 362.44
1735210797, 33, 38, 76, 14, 0, 0.06%, 10, 0, 9, 362.63
1735210802, 33, 39, 76, 14, 0, 0.06%, 10, 0, 9, 334.44
1735210807, 33, 52, 76, 14, 0, 0.06%, 10, 0, 9, 299.08
1735210812, 33, 54, 76, 14, 0, 0.06%, 10, 0, 9, 330.01
1735210817, 33, 55, 76, 14, 0, 0.06%, 10, 0, 9, 341.59
1735210822, 33, 56, 76, 14, 0, 0.06%, 10, 0, 9, 379.42
1735210827, 33, 57, 76, 14, 0, 0.06%, 10, 0, 9, 347.66
1735210832, 33, 58, 76, 14, 0, 0.06%, 10, 0, 9, 343.87
1735210837, 33, 59, 76, 14, 0, 0.06%, 10, 0, 9, 304.12
1735210848, 33, 60, 76, 14, 0, 0.06%, 10, 0, 9, 286.99
1735210858, 33, 61, 76, 14, 0, 0.06%, 10, 0, 9, 338.69
1735210868, 33, 62, 76, 14, 0, 0.06%, 10, 0, 9, 375.99
1735210873, 33, 63, 76, 14, 0, 0.06%, 10, 0, 9, 363.24
1735210883, 33, 64, 76, 14, 0, 0.06%, 10, 0, 9, 400.55
1735210888, 33, 65, 76, 14, 0, 0.06%, 10, 0, 9, 316.19
1735210898, 33, 70, 76, 14, 0, 0.06%, 10, 0, 9, 350.05
1735210908, 33, 71, 76, 14, 0, 0.06%, 10, 0, 9, 367.08
1735210913, 33, 72, 76, 14, 0, 0.06%, 10, 0, 9, 389.11
1735210918, 33, 74, 76, 14, 0, 0.06%, 10, 0, 9, 343.02
1735210928, 33, 75, 76, 14, 0, 0.06%, 10, 0, 9, 326.01
1735210933, 34, 17, 76, 14, 0, 0.06%, 10, 0, 9, 324.92
1735210938, 34, 36, 76, 14, 0, 0.06%, 10, 0, 9, 353.39
1735210944, 34, 37, 76, 14, 0, 0.06%, 10, 0, 9, 366.81
1735210949, 34, 38, 76, 14, 0, 0.06%, 10, 0, 9, 384.61
1735210954, 34, 39, 76, 14, 0, 0.06%, 10, 0, 9, 376.22
1735210959, 34, 52, 76, 14, 0, 0.06%, 10, 0, 9, 314.10
1735210964, 34, 53, 76, 14, 0, 0.06%, 10, 0, 9, 336.85
1735210969, 34, 55, 76, 14, 0, 0.06%, 10, 0, 9, 341.12
1735210974, 34, 56, 76, 14, 0, 0.06%, 10, 0, 9, 359.27
1735210979, 34, 57, 76, 14, 0, 0.06%, 10, 0, 9, 379.34
1735210984, 34, 58, 76, 14, 0, 0.06%, 10, 0, 9, 356.89
1735210989, 34, 59, 76, 14, 0, 0.06%, 10, 0, 9, 307.97
1735211000, 34, 60, 76, 14, 0, 0.06%, 10, 0, 9, 290.16
1735211010, 34, 64, 76, 14, 0, 0.06%, 10, 0, 9, 327.33
1735211020, 34, 65, 76, 14, 0, 0.06%, 10, 0, 9, 334.81
1735211030, 34, 70, 76, 14, 0, 0.06%, 10, 0, 9, 363.75
1735211035, 35, 17, 76, 14, 0, 0.06%, 10, 0, 9, 393.78
1735211040, 35, 52, 76, 14, 0, 0.06%, 10, 0, 9, 305.76
1735211045, 35, 53, 76, 14, 0, 0.06%, 10, 0, 9, 341.51
1735211051, 35, 57, 76, 14, 0, 0.06%, 10, 0, 9, 353.33
1735211056, 35, 58, 76, 14, 0, 0.06%, 10, 0, 9, 332.28
1735211061, 35, 59, 76, 14, 0, 0.06%, 10, 0, 9, 308.44
1735211066, 35, 64, 76, 14, 0, 0.06%, 10, 0, 9, 359.68
1735211076, 35, 65, 76, 14, 0, 0.06%, 10, 0, 9, 294.24
1735211086, 35, 70, 76, 14, 0, 0.06%, 10, 0, 9, 338.78
1735211096, 36, 17, 76, 14, 0, 0.06%, 10, 0, 9, 322.84
1735211101, 36, 52, 76, 14, 0, 0.06%, 10, 0, 9, 284.31
1735211106, 36, 57, 76, 14, 0, 0.06%, 10, 0, 9, 343.68
1735211111, 36, 58, 76, 14, 0, 0.06%, 10, 0, 9, 365.05
1735211116, 36, 59, 76, 14, 0, 0.06%, 10, 0, 9, 349.43
1735211127, 36, 64, 76, 14, 0, 0.06%, 10, 0, 9, 400.68
1735211132, 36, 65, 76, 14, 0, 0.06%, 10, 0, 9, 400.71
1735211142, 36, 70, 76, 14, 0, 0.06%, 10, 0, 9, 362.39
1735211152, 37, 17, 76, 14, 0, 0.06%, 10, 0, 9, 336.63
1735211157, 37, 52, 76, 14, 0, 0.06%, 10, 0, 9, 298.52
1735211162, 37, 53, 76, 14, 0, 0.06%, 10, 0, 9, 313.15
1735211167, 37, 58, 76, 14, 0, 0.06%, 10, 0, 9, 351.53
1735211172, 37, 59, 76, 14, 0, 0.06%, 10, 0, 9, 390.91
1735211183, 37, 64, 76, 14, 0, 0.06%, 10, 0, 9, 382.44
1735211193, 37, 65, 76, 14, 0, 0.06%, 10, 0, 9, 333.73
1735211203, 37, 70, 76, 14, 0, 0.06%, 10, 0, 9, 381.31
1735211208, 38, 17, 76, 14, 0, 0.06%, 10, 0, 9, 355.27
1735211213, 38, 52, 76, 14, 0, 0.06%, 10, 0, 9, 298.77
1735211218, 38, 53, 76, 14, 0, 0.06%, 10, 0, 9, 336.28
1735211223, 38, 57, 76, 14, 0, 0.06%, 10, 0, 9, 340.41
1735211228, 38, 58, 76, 14, 0, 0.06%, 10, 0, 9, 328.55
1735211233, 38, 59, 76, 14, 0, 0.06%, 10, 0, 9, 303.17
1735211243, 38, 64, 76, 14, 0, 0.06%, 10, 0, 9, 343.97
1735211249, 38, 65, 76, 14, 0, 0.06%, 10, 0, 9, 312.16
1735211259, 38, 70, 76, 14, 0, 0.06%, 10, 0, 9, 328.82
1735211269, 39, 17, 76, 14, 0, 0.06%, 10, 0, 9, 308.30
1735211274, 39, 52, 76, 14, 0, 0.06%, 10, 0, 9, 298.77
1735211279, 39, 53, 76, 14, 0, 0.06%, 10, 0, 9, 320.26
1735211284, 39, 58, 76, 14, 0, 0.06%, 10, 0, 9, 367.24
1735211289, 39, 59, 76, 14, 0, 0.06%, 10, 0, 9, 367.21
1735211299, 39, 64, 76, 14, 0, 0.06%, 10, 0, 9, 391.55
1735211309, 39, 65, 76, 14, 0, 0.06%, 10, 0, 9, 365.27
1735211320, 39, 70, 76, 14, 0, 0.06%, 10, 0, 9, 351.30
1735211325, 40, 17, 76, 14, 0, 0.06%, 10, 0, 9, 374.52
1735211330, 40, 52, 76, 14, 0, 0.06%, 10, 0, 9, 316.83
1735211335, 40, 53, 76, 14, 0, 0.06%, 10, 0, 9, 320.89
1735211340, 40, 57, 76, 14, 0, 0.06%, 10, 0, 9, 334.02
1735211345, 40, 59, 76, 14, 0, 0.06%, 10, 0, 9, 358.85
1735211355, 40, 64, 76, 14, 0, 0.06%, 10, 0, 9, 318.27
1735211365, 40, 65, 76, 14, 0, 0.06%, 10, 0, 9, 303.85
1735211376, 40, 70, 76, 14, 0, 0.06%, 10, 0, 9, 386.68
1735211381, 41, 17, 76, 14, 0, 0.06%, 10, 0, 9, 379.05
1735211386, 41, 52, 76, 14, 0, 0.06%, 10, 0, 9, 305.14
1735211391, 41, 53, 76, 14, 0, 0.06%, 10, 0, 9, 324.25
1735211396, 41, 57, 76, 14, 0, 0.06%, 10, 0, 9, 349.27
1735211401, 41, 58, 76, 14, 0, 0.06%, 10, 0, 9, 346.40
1735211406, 41, 59, 76, 14, 0, 0.06%, 10, 0, 9, 279.54
1735211416, 41, 60, 76, 14, 0, 0.06%, 10, 0, 9, 271.59
1735211710, 41, 61, 76, 14, 0, 0.06%, 10, 0, 9, 367.49
1735211715, 41, 62, 76, 14, 0, 0.06%, 10, 0, 9, 365.68
1735211725, 41, 63, 76, 14, 0, 0.06%, 10, 0, 9, 350.00
1735211730, 41, 64, 76, 14, 0, 0.06%, 10, 0, 9, 401.69
1735211735, 41, 65, 76, 14, 0, 0.06%, 10, 0, 9, 403.30
1735211745, 41, 66, 76, 14, 0, 0.06%, 10, 0, 9, 320.61
1735212006, 41, 67, 76, 13, 0, 0.06%, 10, 0, 9, 264.60
