# unix_time, cycles_done, cur_path, paths_total, pending_total, pending_favs, map_size, unique_crashes, unique_hangs, max_depth, execs_per_sec
1735622443, 0, 0, 10, 10, 1, 0.00%, 0, 0, 1, 175.05
1735622448, 0, 4, 10, 10, 1, 0.00%, 0, 0, 1, 205.16
1735622453, 0, 5, 10, 9, 0, 0.00%, 0, 0, 1, 211.17
1735622458, 0, 6, 10, 8, 0, 0.00%, 0, 0, 1, 203.41
1735622468, 0, 7, 10, 7, 0, 0.00%, 0, 0, 1, 213.43
1735622473, 0, 8, 10, 6, 0, 0.00%, 0, 0, 1, 198.15
1735622483, 0, 9, 10, 5, 0, 0.00%, 0, 0, 1, 211.80
1735622489, 1, 0, 10, 4, 0, 0.00%, 0, 0, 1, 206.40
1735622499, 1, 1, 10, 3, 0, 0.00%, 0, 0, 1, 212.09
1735622509, 1, 2, 10, 2, 0, 0.00%, 0, 0, 1, 211.08
1735622519, 1, 3, 10, 1, 0, 0.00%, 0, 0, 1, 214.86
1735622529, 1, 4, 10, 0, 0, 0.00%, 0, 0, 1, 210.80
1735622534, 1, 5, 10, 0, 0, 0.00%, 0, 0, 1, 211.91
1735622539, 1, 6, 10, 0, 0, 0.00%, 0, 0, 1, 210.03
1735622544, 1, 7, 10, 0, 0, 0.00%, 0, 0, 1, 210.70
1735622550, 1, 9, 10, 0, 0, 0.00%, 0, 0, 1, 207.93
1735622555, 2, 0, 10, 0, 0, 0.00%, 0, 0, 1, 207.14
1735622560, 2, 2, 10, 0, 0, 0.00%, 0, 0, 1, 209.31
1735622565, 2, 3, 10, 0, 0, 0.00%, 0, 0, 1, 207.66
1735622570, 2, 4, 10, 0, 0, 0.00%, 0, 0, 1, 208.06
1735622575, 2, 6, 10, 0, 0, 0.00%, 0, 0, 1, 208.82
1735622580, 2, 7, 10, 0, 0, 0.00%, 0, 0, 1, 206.70
1735622585, 2, 9, 10, 0, 0, 0.00%, 0, 0, 1, 209.80
1735622590, 3, 0, 10, 0, 0, 0.00%, 0, 0, 1, 211.21
1735622595, 3, 2, 10, 0, 0, 0.00%, 0, 0, 1, 209.88
1735622600, 3, 3, 10, 0, 0, 0.00%, 0, 0, 1, 211.88
1735622605, 3, 4, 10, 0, 0, 0.00%, 0, 0, 1, 210.83
1735622610, 3, 6, 10, 0, 0, 0.00%, 0, 0, 1, 210.48
1735622616, 3, 7, 10, 0, 0, 0.00%, 0, 0, 1, 211.01
1735622621, 3, 9, 10, 0, 0, 0.00%, 0, 0, 1, 209.66
1735622626, 4, 0, 10, 0, 0, 0.00%, 0, 0, 1, 207.14
1735622631, 4, 2, 10, 0, 0, 0.00%, 0, 0, 1, 210.10
1735622636, 4, 3, 10, 0, 0, 0.00%, 0, 0, 1, 209.36
1735622641, 4, 4, 10, 0, 0, 0.00%, 0, 0, 1, 209.60
1735622646, 4, 6, 10, 0, 0, 0.00%, 0, 0, 1, 209.10
1735622651, 4, 7, 10, 0, 0, 0.00%, 0, 0, 1, 210.47
1735622656, 4, 9, 10, 0, 0, 0.00%, 0, 0, 1, 203.98
1735622661, 5, 0, 10, 0, 0, 0.00%, 0, 0, 1, 208.14
1735622666, 5, 1, 10, 0, 0, 0.00%, 0, 0, 1, 208.06
1735622672, 5, 3, 10, 0, 0, 0.00%, 0, 0, 1, 208.90
1735622677, 5, 4, 10, 0, 0, 0.00%, 0, 0, 1, 212.17
1735622682, 5, 6, 10, 0, 0, 0.00%, 0, 0, 1, 209.13
1735622687, 5, 7, 10, 0, 0, 0.00%, 0, 0, 1, 206.94
1735622692, 5, 8, 11, 1, 0, 0.05%, 1, 0, 2, 210.48
1735622697, 5, 10, 12, 2, 1, 0.05%, 2, 0, 3, 211.19
1735622747, 5, 10, 13, 3, 1, 0.05%, 3, 0, 3, 214.58
1735622768, 5, 10, 14, 4, 1, 0.05%, 4, 0, 3, 216.24
1735622839, 5, 13, 15, 4, 3, 0.05%, 4, 0, 4, 248.16
1735622844, 5, 13, 16, 5, 3, 0.06%, 5, 0, 4, 270.36
1735622849, 5, 13, 17, 6, 3, 0.06%, 5, 0, 4, 274.89
1735622859, 5, 13, 19, 8, 3, 0.06%, 5, 0, 4, 282.28
1735622864, 5, 13, 20, 9, 3, 0.06%, 5, 0, 4, 284.06
1735622874, 5, 13, 21, 10, 3, 0.06%, 5, 0, 4, 283.45
1735622925, 5, 13, 22, 11, 3, 0.06%, 5, 0, 4, 271.53
1735622940, 5, 15, 24, 12, 3, 0.06%, 6, 0, 5, 247.86
1735622950, 5, 15, 25, 13, 3, 0.06%, 6, 0, 5, 272.90
1735622981, 5, 15, 26, 14, 3, 0.06%, 6, 0, 5, 276.24
1735623042, 5, 15, 27, 15, 3, 0.06%, 6, 0, 5, 232.94
1735623047, 5, 15, 28, 16, 3, 0.06%, 6, 0, 5, 241.24
1735623052, 5, 21, 32, 19, 3, 0.06%, 9, 0, 5, 342.97
1735623057, 5, 21, 33, 20, 3, 0.06%, 9, 0, 5, 444.55
1735623072, 5, 21, 34, 21, 3, 0.06%, 9, 0, 5, 467.58
1735623119, 5, 21, 35, 22, 3, 0.06%, 9, 0, 5, 259.41
1735623129, 5, 31, 36, 22, 5, 0.06%, 9, 0, 6, 452.66
1735623134, 5, 31, 38, 24, 5, 0.06%, 9, 0, 6, 488.16
1735623144, 5, 31, 39, 25, 5, 0.06%, 9, 0, 6, 503.84
1735623154, 5, 31, 40, 26, 5, 0.06%, 9, 0, 6, 499.68
1735623165, 5, 31, 41, 27, 5, 0.06%, 9, 0, 6, 499.02
1735623170, 5, 31, 42, 28, 5, 0.06%, 9, 0, 6, 494.26
1735623195, 5, 36, 42, 27, 4, 0.06%, 9, 0, 6, 429.28
1735623221, 5, 36, 46, 31, 4, 0.06%, 9, 0, 7, 502.37
1735623231, 5, 36, 47, 32, 4, 0.06%, 9, 0, 7, 484.28
1735623241, 5, 36, 48, 33, 4, 0.06%, 9, 0, 7, 485.47
1735623266, 5, 36, 49, 34, 4, 0.06%, 9, 0, 7, 486.81
1735623277, 5, 36, 50, 35, 4, 0.06%, 9, 0, 7, 379.60
1735623292, 6, 22, 51, 35, 4, 0.06%, 9, 0, 7, 287.66
1735623307, 6, 22, 54, 38, 4, 0.06%, 9, 0, 7, 275.34
1735623327, 6, 22, 55, 39, 4, 0.06%, 9, 0, 7, 271.94
1735623383, 6, 22, 56, 40, 4, 0.06%, 9, 0, 7, 270.83
1735623423, 6, 29, 56, 39, 3, 0.06%, 9, 0, 7, 413.89
1735623429, 6, 29, 57, 40, 3, 0.06%, 9, 0, 7, 480.17
1735623469, 6, 32, 58, 40, 2, 0.06%, 9, 0, 7, 338.11
1735623510, 6, 32, 59, 41, 2, 0.06%, 9, 0, 7, 442.11
1735623515, 6, 32, 60, 42, 2, 0.06%, 9, 0, 7, 441.14
1735623525, 6, 32, 61, 43, 2, 0.06%, 9, 0, 7, 436.35
1735623571, 6, 32, 62, 44, 2, 0.06%, 9, 0, 7, 415.16
1735623581, 6, 32, 64, 46, 2, 0.06%, 9, 0, 7, 323.81
1735623586, 6, 56, 65, 46, 2, 0.06%, 9, 0, 7, 413.29
1735623637, 6, 58, 65, 45, 2, 0.06%, 9, 0, 7, 423.41
1735623668, 6, 64, 65, 44, 2, 0.06%, 9, 0, 7, 350.60
1735623724, 6, 64, 68, 47, 2, 0.06%, 9, 0, 8, 522.00
1735623729, 6, 64, 69, 48, 2, 0.06%, 9, 0, 8, 503.75
1735623765, 6, 64, 70, 49, 2, 0.06%, 9, 0, 8, 506.01
1735623801, 6, 65, 70, 48, 2, 0.06%, 9, 0, 8, 412.00
1735623852, 7, 30, 70, 47, 2, 0.06%, 9, 0, 8, 462.67
1735623877, 7, 31, 70, 46, 1, 0.06%, 9, 0, 8, 331.27
1735623887, 7, 35, 70, 46, 1, 0.06%, 9, 0, 8, 442.84
1735623917, 7, 36, 70, 45, 1, 0.06%, 9, 0, 8, 394.81
1735623928, 7, 37, 70, 45, 1, 0.06%, 9, 0, 8, 454.48
1735623979, 7, 42, 70, 44, 1, 0.06%, 9, 0, 8, 451.59
1735624014, 7, 43, 70, 43, 1, 0.06%, 9, 0, 8, 494.31
1735624050, 7, 44, 70, 42, 1, 0.06%, 9, 0, 8, 462.37
1735624080, 7, 45, 70, 41, 1, 0.06%, 9, 0, 8, 466.45
1735624111, 7, 46, 70, 40, 1, 0.06%, 9, 0, 8, 388.04
1735624162, 7, 46, 71, 41, 1, 0.06%, 9, 0, 8, 519.95
1735624182, 7, 46, 72, 42, 1, 0.06%, 9, 0, 8, 504.60
1735624238, 7, 47, 72, 41, 1, 0.06%, 9, 0, 8, 464.61
1735624273, 7, 48, 72, 40, 1, 0.06%, 9, 0, 8, 313.21
1735624355, 7, 56, 72, 39, 1, 0.06%, 9, 0, 8, 377.02
1735624365, 7, 64, 72, 39, 1, 0.06%, 9, 0, 8, 380.74
1735624376, 7, 65, 72, 39, 1, 0.06%, 9, 0, 8, 386.91
1735624386, 7, 66, 72, 39, 1, 0.06%, 9, 0, 8, 417.04
1735624421, 7, 66, 74, 41, 1, 0.06%, 9, 0, 9, 348.38
1735624431, 7, 67, 74, 40, 1, 0.06%, 9, 0, 9, 442.82
1735624497, 7, 68, 74, 39, 1, 0.06%, 9, 0, 9, 372.49
1735624589, 7, 69, 74, 38, 1, 0.06%, 9, 0, 9, 384.70
1735624686, 7, 70, 74, 37, 1, 0.06%, 9, 0, 9, 477.31
1735624829, 7, 71, 75, 37, 1, 0.06%, 9, 0, 9, 379.59
1735624926, 7, 72, 75, 36, 1, 0.06%, 9, 0, 9, 377.65
1735625043, 7, 74, 75, 35, 1, 0.06%, 9, 0, 9, 367.39
1735625141, 8, 11, 75, 34, 1, 0.06%, 9, 0, 9, 318.21
1735625156, 8, 17, 75, 33, 0, 0.06%, 9, 0, 9, 301.42
1735625191, 8, 30, 75, 32, 0, 0.06%, 9, 0, 9, 394.76
1735625196, 8, 30, 76, 33, 0, 0.06%, 9, 0, 9, 345.33
1735625202, 8, 35, 76, 33, 0, 0.06%, 9, 0, 9, 371.74
1735625212, 8, 36, 76, 33, 0, 0.06%, 9, 0, 9, 339.52
1735625242, 8, 37, 76, 33, 0, 0.06%, 9, 0, 9, 429.98
1735625252, 8, 38, 76, 33, 0, 0.06%, 9, 0, 9, 370.49
1735625664, 8, 42, 76, 32, 0, 0.06%, 9, 0, 9, 393.84
1735625674, 8, 43, 76, 32, 0, 0.06%, 9, 0, 9, 372.27
1735625679, 8, 44, 76, 32, 0, 0.06%, 9, 0, 9, 424.27
1735625689, 8, 45, 76, 32, 0, 0.06%, 9, 0, 9, 362.87
1735625694, 8, 46, 76, 32, 0, 0.06%, 9, 0, 9, 325.70
1735625704, 8, 47, 76, 32, 0, 0.06%, 9, 0, 9, 342.88
1735625714, 8, 48, 76, 32, 0, 0.06%, 9, 0, 9, 410.95
1735625724, 8, 49, 76, 32, 0, 0.06%, 9, 0, 9, 476.08
1735625760, 8, 56, 76, 31, 0, 0.06%, 9, 0, 9, 343.90
1735625765, 8, 58, 76, 31, 0, 0.06%, 9, 0, 9, 385.52
1735625775, 8, 59, 76, 31, 0, 0.06%, 9, 0, 9, 419.61
1735625806, 8, 59, 77, 32, 0, 0.06%, 9, 0, 9, 484.40
1735625816, 8, 59, 78, 33, 0, 0.06%, 9, 0, 9, 483.58
1735625872, 8, 60, 78, 32, 0, 0.06%, 9, 0, 9, 363.63
1735625958, 8, 62, 78, 31, 0, 0.06%, 9, 0, 9, 373.77
1735626049, 8, 64, 78, 30, 0, 0.06%, 9, 0, 9, 391.23
1735626059, 8, 65, 78, 30, 0, 0.06%, 9, 0, 9, 384.36
1735626070, 8, 66, 78, 30, 0, 0.06%, 9, 0, 9, 349.89
1735626085, 8, 67, 78, 30, 0, 0.06%, 9, 0, 9, 405.45
1735626095, 8, 68, 78, 30, 0, 0.06%, 9, 0, 9, 309.20
1735626110, 8, 69, 78, 30, 0, 0.06%, 9, 0, 9, 415.57
1735626125, 8, 70, 78, 30, 0, 0.06%, 9, 0, 9, 426.22
1735626135, 8, 71, 78, 30, 0, 0.06%, 9, 0, 9, 361.26
1735626150, 8, 72, 78, 30, 0, 0.06%, 9, 0, 9, 390.68
1735626166, 8, 73, 78, 30, 0, 0.06%, 9, 0, 9, 395.69
1735626278, 8, 74, 78, 29, 0, 0.06%, 9, 0, 9, 341.97
1735626293, 9, 30, 78, 29, 0, 0.06%, 9, 0, 9, 372.73
1735626298, 9, 36, 78, 29, 0, 0.06%, 9, 0, 9, 367.75
1735626303, 9, 42, 78, 29, 0, 0.06%, 9, 0, 9, 338.19
1735626308, 9, 44, 78, 29, 0, 0.06%, 9, 0, 9, 384.53
1735626314, 9, 45, 78, 29, 0, 0.06%, 9, 0, 9, 367.59
1735626319, 9, 46, 78, 29, 0, 0.06%, 9, 0, 9, 376.63
1735626324, 9, 47, 78, 29, 0, 0.06%, 9, 0, 9, 371.16
1735626329, 9, 48, 78, 29, 0, 0.06%, 9, 0, 9, 373.39
1735626334, 9, 49, 78, 29, 0, 0.06%, 9, 0, 9, 409.13
1735626344, 9, 58, 78, 29, 0, 0.06%, 9, 0, 9, 341.16
1735626349, 9, 70, 78, 29, 0, 0.06%, 9, 0, 9, 314.31
1735626364, 9, 71, 78, 29, 0, 0.06%, 9, 0, 9, 351.40
1735626380, 9, 74, 78, 29, 0, 0.06%, 9, 0, 9, 412.09
1735626395, 10, 36, 78, 29, 0, 0.06%, 9, 0, 9, 344.24
1735626400, 10, 42, 78, 29, 0, 0.06%, 9, 0, 9, 383.79
1735626405, 10, 43, 78, 29, 0, 0.06%, 9, 0, 9, 355.82
1735626410, 10, 44, 78, 29, 0, 0.06%, 9, 0, 9, 349.24
1735626415, 10, 45, 78, 29, 0, 0.06%, 9, 0, 9, 344.25
1735626420, 10, 46, 78, 29, 0, 0.06%, 9, 0, 9, 343.92
1735626425, 10, 47, 78, 29, 0, 0.06%, 9, 0, 9, 336.90
1735626430, 10, 48, 78, 29, 0, 0.06%, 9, 0, 9, 335.84
1735626435, 10, 49, 78, 29, 0, 0.06%, 9, 0, 9, 329.18
1735626440, 10, 70, 78, 29, 0, 0.06%, 9, 0, 9, 363.41
1735626456, 10, 71, 78, 29, 0, 0.06%, 9, 0, 9, 308.12
1735626471, 10, 74, 78, 29, 0, 0.06%, 9, 0, 9, 387.38
1735626486, 11, 36, 78, 29, 0, 0.06%, 9, 0, 9, 351.56
1735626491, 11, 42, 78, 29, 0, 0.06%, 9, 0, 9, 361.13
1735626496, 11, 43, 78, 29, 0, 0.06%, 9, 0, 9, 370.23
1735626501, 11, 44, 78, 29, 0, 0.06%, 9, 0, 9, 360.76
1735626506, 11, 45, 78, 29, 0, 0.06%, 9, 0, 9, 352.82
1735626511, 11, 46, 78, 29, 0, 0.06%, 9, 0, 9, 365.25
1735626516, 11, 47, 78, 29, 0, 0.06%, 9, 0, 9, 353.77
1735626521, 11, 48, 78, 29, 0, 0.06%, 9, 0, 9, 333.68
1735626526, 11, 49, 78, 29, 0, 0.06%, 9, 0, 9, 330.98
1735626531, 11, 70, 78, 29, 0, 0.06%, 9, 0, 9, 363.86
1735626542, 11, 71, 78, 29, 0, 0.06%, 9, 0, 9, 380.27
1735626552, 11, 74, 78, 29, 0, 0.06%, 9, 0, 9, 358.41
1735626557, 12, 30, 78, 29, 0, 0.06%, 9, 0, 9, 364.78
1735626562, 12, 36, 78, 29, 0, 0.06%, 9, 0, 9, 369.15
1735626567, 12, 42, 78, 29, 0, 0.06%, 9, 0, 9, 349.59
1735626572, 12, 44, 78, 29, 0, 0.06%, 9, 0, 9, 358.88
1735626577, 12, 45, 78, 29, 0, 0.06%, 9, 0, 9, 377.28
1735626582, 12, 46, 78, 29, 0, 0.06%, 9, 0, 9, 372.17
1735626587, 12, 47, 78, 29, 0, 0.06%, 9, 0, 9, 370.54
1735626592, 12, 48, 78, 29, 0, 0.06%, 9, 0, 9, 351.58
1735626597, 12, 49, 78, 29, 0, 0.06%, 9, 0, 9, 358.91
1735626602, 12, 58, 78, 29, 0, 0.06%, 9, 0, 9, 341.39
1735626607, 12, 70, 78, 29, 0, 0.06%, 9, 0, 9, 385.27
1735626612, 12, 71, 78, 29, 0, 0.06%, 9, 0, 9, 337.23
1735626622, 12, 74, 78, 29, 0, 0.06%, 9, 0, 9, 366.98
1735626627, 13, 30, 78, 29, 0, 0.06%, 9, 0, 9, 381.97
1735626633, 13, 36, 78, 29, 0, 0.06%, 9, 0, 9, 353.97
1735626638, 13, 42, 78, 29, 0, 0.06%, 9, 0, 9, 350.37
1735626643, 13, 43, 78, 29, 0, 0.06%, 9, 0, 9, 332.31
1735626648, 13, 45, 78, 29, 0, 0.06%, 9, 0, 9, 345.51
1735626653, 13, 46, 78, 29, 0, 0.06%, 9, 0, 9, 320.60
1735626658, 13, 47, 78, 29, 0, 0.06%, 9, 0, 9, 347.18
1735626663, 13, 48, 78, 29, 0, 0.06%, 9, 0, 9, 310.55
1735626668, 13, 49, 78, 29, 0, 0.06%, 9, 0, 9, 349.70
1735626673, 13, 58, 78, 29, 0, 0.06%, 9, 0, 9, 370.96
1735626678, 13, 70, 78, 29, 0, 0.06%, 9, 0, 9, 354.64
1735626688, 13, 71, 78, 29, 0, 0.06%, 9, 0, 9, 356.63
1735626693, 13, 74, 78, 29, 0, 0.06%, 9, 0, 9, 319.59
1735626704, 14, 36, 78, 29, 0, 0.06%, 9, 0, 9, 346.60
1735626709, 14, 42, 78, 29, 0, 0.06%, 9, 0, 9, 334.41
1735626714, 14, 43, 78, 29, 0, 0.06%, 9, 0, 9, 382.33
1735626719, 14, 44, 78, 29, 0, 0.06%, 9, 0, 9, 366.97
1735626724, 14, 45, 78, 29, 0, 0.06%, 9, 0, 9, 350.35
1735626729, 14, 46, 78, 29, 0, 0.06%, 9, 0, 9, 359.87
1735626734, 14, 47, 78, 29, 0, 0.06%, 9, 0, 9, 350.41
1735626739, 14, 48, 78, 29, 0, 0.06%, 9, 0, 9, 359.82
1735626744, 14, 49, 78, 29, 0, 0.06%, 9, 0, 9, 339.98
1735626749, 14, 58, 78, 29, 0, 0.06%, 9, 0, 9, 332.09
1735626754, 14, 70, 78, 29, 0, 0.06%, 9, 0, 9, 372.03
1735626759, 14, 71, 78, 29, 0, 0.06%, 9, 0, 9, 396.11
1735626764, 14, 72, 78, 29, 0, 0.06%, 9, 0, 9, 385.18
1735626779, 14, 73, 78, 29, 0, 0.06%, 9, 0, 9, 399.54
1735626795, 14, 74, 78, 29, 0, 0.06%, 9, 0, 9, 359.64
1735626800, 14, 75, 78, 29, 0, 0.06%, 9, 0, 9, 365.75
1735626876, 14, 75, 79, 30, 0, 0.06%, 9, 0, 9, 424.93
1735626917, 14, 76, 79, 29, 0, 0.06%, 9, 0, 9, 371.58
1735626958, 14, 77, 79, 28, 0, 0.06%, 9, 0, 9, 377.02
1735626998, 14, 78, 79, 27, 0, 0.06%, 9, 0, 9, 346.46
1735627105, 15, 11, 79, 26, 0, 0.06%, 9, 0, 9, 296.46
1735627110, 15, 15, 79, 26, 0, 0.06%, 9, 0, 9, 310.48
1735627120, 15, 17, 79, 26, 0, 0.06%, 9, 0, 9, 352.75
1735627131, 15, 18, 79, 26, 0, 0.06%, 9, 0, 9, 425.58
1735627166, 15, 22, 79, 25, 0, 0.06%, 9, 0, 9, 310.54
1735627176, 15, 23, 79, 25, 0, 0.06%, 9, 0, 9, 278.66
1735627222, 15, 24, 79, 24, 0, 0.06%, 9, 0, 9, 412.51
1735627247, 15, 24, 80, 25, 0, 0.06%, 9, 0, 9, 391.01
1735627263, 15, 25, 80, 24, 0, 0.06%, 9, 0, 9, 293.88
1735627298, 15, 26, 80, 23, 0, 0.06%, 9, 0, 9, 327.83
1735627349, 15, 27, 80, 22, 0, 0.06%, 9, 0, 9, 332.19
1735627415, 15, 28, 80, 21, 0, 0.06%, 9, 0, 9, 390.70
1735627456, 15, 29, 80, 20, 0, 0.06%, 9, 0, 9, 373.23
1735627466, 15, 32, 80, 20, 0, 0.06%, 9, 0, 9, 329.32
1735627476, 15, 36, 80, 20, 0, 0.06%, 9, 0, 9, 369.29
1735627481, 15, 40, 80, 20, 0, 0.06%, 9, 0, 9, 357.99
1735627650, 15, 42, 80, 19, 0, 0.06%, 9, 0, 9, 338.61
1735627655, 15, 43, 80, 19, 0, 0.06%, 9, 0, 9, 362.88
1735627660, 15, 44, 80, 19, 0, 0.06%, 9, 0, 9, 360.06
1735627665, 15, 45, 80, 19, 0, 0.06%, 9, 0, 9, 355.69
1735627670, 15, 46, 80, 19, 0, 0.06%, 9, 0, 9, 362.94
1735627675, 15, 47, 80, 19, 0, 0.06%, 9, 0, 9, 369.99
1735627680, 15, 48, 80, 19, 0, 0.06%, 9, 0, 9, 351.76
1735627685, 15, 56, 80, 19, 0, 0.06%, 9, 0, 9, 337.32
1735627690, 15, 58, 80, 19, 0, 0.06%, 9, 0, 9, 351.32
1735627696, 15, 64, 80, 19, 0, 0.06%, 9, 0, 9, 342.42
1735627701, 15, 65, 80, 19, 0, 0.06%, 9, 0, 9, 380.02
1735627711, 15, 66, 80, 19, 0, 0.06%, 9, 0, 9, 371.58
1735627721, 15, 67, 80, 19, 0, 0.06%, 9, 0, 9, 407.47
1735627731, 15, 68, 80, 19, 0, 0.06%, 9, 0, 9, 353.38
1735627746, 15, 69, 80, 19, 0, 0.06%, 9, 0, 9, 307.11
1735627761, 15, 70, 80, 19, 0, 0.06%, 9, 0, 9, 380.21
1735627772, 15, 71, 80, 19, 0, 0.06%, 9, 0, 9, 362.37
1735627777, 15, 72, 80, 19, 0, 0.06%, 9, 0, 9, 387.85
1735627792, 15, 73, 80, 19, 0, 0.06%, 9, 0, 9, 382.27
1735627802, 15, 74, 80, 19, 0, 0.06%, 9, 0, 9, 358.61
1735627812, 16, 29, 80, 19, 0, 0.06%, 9, 0, 9, 330.55
1735627817, 16, 30, 80, 19, 0, 0.06%, 9, 0, 9, 340.20
1735627822, 16, 36, 80, 19, 0, 0.06%, 9, 0, 9, 351.40
1735627827, 16, 43, 80, 19, 0, 0.06%, 9, 0, 9, 354.40
1735627832, 16, 44, 80, 19, 0, 0.06%, 9, 0, 9, 376.58
1735627837, 16, 45, 80, 19, 0, 0.06%, 9, 0, 9, 358.58
1735627842, 16, 46, 80, 19, 0, 0.06%, 9, 0, 9, 355.34
1735627847, 16, 47, 80, 19, 0, 0.06%, 9, 0, 9, 341.63
1735627853, 16, 48, 80, 19, 0, 0.06%, 9, 0, 9, 349.43
1735627858, 16, 49, 80, 19, 0, 0.06%, 9, 0, 9, 349.38
1735627863, 16, 56, 80, 19, 0, 0.06%, 9, 0, 9, 328.20
1735627868, 16, 64, 80, 19, 0, 0.06%, 9, 0, 9, 345.91
1735627878, 16, 65, 80, 19, 0, 0.06%, 9, 0, 9, 341.00
1735627883, 16, 66, 80, 19, 0, 0.06%, 9, 0, 9, 345.18
1735627888, 16, 67, 80, 19, 0, 0.06%, 9, 0, 9, 384.61
1735627893, 16, 68, 80, 19, 0, 0.06%, 9, 0, 9, 333.07
1735627903, 16, 69, 80, 19, 0, 0.06%, 9, 0, 9, 373.32
1735627908, 16, 70, 80, 19, 0, 0.06%, 9, 0, 9, 366.55
1735627919, 16, 71, 80, 19, 0, 0.06%, 9, 0, 9, 361.21
1735627924, 16, 72, 80, 19, 0, 0.06%, 9, 0, 9, 380.35
1735627934, 16, 73, 80, 19, 0, 0.06%, 9, 0, 9, 422.48
1735627944, 16, 74, 80, 19, 0, 0.06%, 9, 0, 9, 343.17
1735627954, 17, 30, 80, 19, 0, 0.06%, 9, 0, 9, 335.85
1735627959, 17, 36, 80, 19, 0, 0.06%, 9, 0, 9, 319.38
1735627964, 17, 42, 80, 19, 0, 0.06%, 9, 0, 9, 363.15
1735627969, 17, 43, 80, 19, 0, 0.06%, 9, 0, 9, 364.77
1735627974, 17, 44, 80, 19, 0, 0.06%, 9, 0, 9, 354.98
1735627979, 17, 45, 80, 19, 0, 0.06%, 9, 0, 9, 340.66
1735627984, 17, 46, 80, 19, 0, 0.06%, 9, 0, 9, 363.63
1735627989, 17, 47, 80, 19, 0, 0.06%, 9, 0, 9, 337.23
1735627994, 17, 48, 80, 19, 0, 0.06%, 9, 0, 9, 343.02
1735628000, 17, 49, 80, 19, 0, 0.06%, 9, 0, 9, 333.94
1735628005, 17, 56, 80, 19, 0, 0.06%, 9, 0, 9, 323.59
1735628010, 17, 64, 80, 19, 0, 0.06%, 9, 0, 9, 335.53
1735628015, 17, 65, 80, 19, 0, 0.06%, 9, 0, 9, 340.56
1735628025, 17, 66, 80, 19, 0, 0.06%, 9, 0, 9, 333.45
1735628030, 17, 67, 80, 19, 0, 0.06%, 9, 0, 9, 360.71
1735628035, 17, 68, 80, 19, 0, 0.06%, 9, 0, 9, 347.31
1735628045, 17, 69, 80, 19, 0, 0.06%, 9, 0, 9, 385.09
1735628051, 17, 70, 80, 19, 0, 0.06%, 9, 0, 9, 356.76
1735628061, 17, 71, 80, 19, 0, 0.06%, 9, 0, 9, 399.34
1735628066, 17, 72, 80, 19, 0, 0.06%, 9, 0, 9, 348.25
1735628076, 17, 73, 80, 19, 0, 0.06%, 9, 0, 9, 387.73
1735628081, 17, 74, 80, 19, 0, 0.06%, 9, 0, 9, 359.61
1735628091, 18, 30, 80, 19, 0, 0.06%, 9, 0, 9, 340.59
1735628096, 18, 36, 80, 19, 0, 0.06%, 9, 0, 9, 339.15
1735628101, 18, 42, 80, 19, 0, 0.06%, 9, 0, 9, 385.55
1735628106, 18, 43, 80, 19, 0, 0.06%, 9, 0, 9, 363.85
1735628111, 18, 44, 80, 19, 0, 0.06%, 9, 0, 9, 345.95
1735628116, 18, 45, 80, 19, 0, 0.06%, 9, 0, 9, 336.57
1735628121, 18, 46, 80, 19, 0, 0.06%, 9, 0, 9, 331.36
1735628126, 18, 47, 80, 19, 0, 0.06%, 9, 0, 9, 338.53
1735628132, 18, 48, 80, 19, 0, 0.06%, 9, 0, 9, 359.91
1735628137, 18, 49, 80, 19, 0, 0.06%, 9, 0, 9, 345.71
1735628142, 18, 58, 80, 19, 0, 0.06%, 9, 0, 9, 339.28
1735628147, 18, 64, 80, 19, 0, 0.06%, 9, 0, 9, 335.20
1735628152, 18, 65, 80, 19, 0, 0.06%, 9, 0, 9, 394.57
1735628162, 18, 66, 80, 19, 0, 0.06%, 9, 0, 9, 332.89
1735628167, 18, 67, 80, 19, 0, 0.06%, 9, 0, 9, 374.10
1735628172, 18, 68, 80, 19, 0, 0.06%, 9, 0, 9, 298.83
1735628182, 18, 69, 80, 19, 0, 0.06%, 9, 0, 9, 382.33
1735628187, 18, 70, 80, 19, 0, 0.06%, 9, 0, 9, 335.23
1735628198, 18, 71, 80, 19, 0, 0.06%, 9, 0, 9, 377.78
1735628203, 18, 72, 80, 19, 0, 0.06%, 9, 0, 9, 348.18
1735628213, 18, 73, 80, 19, 0, 0.06%, 9, 0, 9, 386.51
1735628218, 18, 74, 80, 19, 0, 0.06%, 9, 0, 9, 325.02
1735628228, 19, 29, 80, 19, 0, 0.06%, 9, 0, 9, 349.86
1735628233, 19, 30, 80, 19, 0, 0.06%, 9, 0, 9, 329.88
1735628238, 19, 36, 80, 19, 0, 0.06%, 9, 0, 9, 319.26
1735628243, 19, 43, 80, 19, 0, 0.06%, 9, 0, 9, 325.98
1735628248, 19, 44, 80, 19, 0, 0.06%, 9, 0, 9, 389.94
1735628253, 19, 45, 80, 19, 0, 0.06%, 9, 0, 9, 363.82
1735628259, 19, 46, 80, 19, 0, 0.06%, 9, 0, 9, 374.90
1735628264, 19, 47, 80, 19, 0, 0.06%, 9, 0, 9, 365.17
1735628269, 19, 48, 80, 19, 0, 0.06%, 9, 0, 9, 365.49
1735628274, 19, 49, 80, 19, 0, 0.06%, 9, 0, 9, 345.09
1735628279, 19, 56, 80, 19, 0, 0.06%, 9, 0, 9, 342.59
1735628284, 19, 58, 80, 19, 0, 0.06%, 9, 0, 9, 327.25
1735628289, 19, 64, 80, 19, 0, 0.06%, 9, 0, 9, 324.52
1735628294, 19, 65, 80, 19, 0, 0.06%, 9, 0, 9, 356.75
1735628299, 19, 66, 80, 19, 0, 0.06%, 9, 0, 9, 366.58
1735628304, 19, 67, 80, 19, 0, 0.06%, 9, 0, 9, 352.63
1735628314, 19, 68, 80, 19, 0, 0.06%, 9, 0, 9, 362.45
1735628319, 19, 69, 80, 19, 0, 0.06%, 9, 0, 9, 410.69
1735628324, 19, 70, 80, 19, 0, 0.06%, 9, 0, 9, 364.22
1735628334, 19, 71, 80, 19, 0, 0.06%, 9, 0, 9, 407.51
1735628340, 19, 72, 80, 19, 0, 0.06%, 9, 0, 9, 322.39
1735628350, 19, 73, 80, 19, 0, 0.06%, 9, 0, 9, 381.80
1735628355, 19, 74, 80, 19, 0, 0.06%, 9, 0, 9, 328.07
1735628365, 20, 29, 80, 19, 0, 0.06%, 9, 0, 9, 350.56
1735628370, 20, 30, 80, 19, 0, 0.06%, 9, 0, 9, 323.40
1735628375, 20, 42, 80, 19, 0, 0.06%, 9, 0, 9, 373.13
1735628380, 20, 43, 80, 19, 0, 0.06%, 9, 0, 9, 381.99
1735628385, 20, 44, 80, 19, 0, 0.06%, 9, 0, 9, 350.54
1735628390, 20, 45, 80, 19, 0, 0.06%, 9, 0, 9, 359.18
1735628395, 20, 46, 80, 19, 0, 0.06%, 9, 0, 9, 361.46
1735628400, 20, 47, 80, 19, 0, 0.06%, 9, 0, 9, 362.51
1735628405, 20, 48, 80, 19, 0, 0.06%, 9, 0, 9, 341.33
1735628410, 20, 49, 80, 19, 0, 0.06%, 9, 0, 9, 340.19
1735628415, 20, 56, 80, 19, 0, 0.06%, 9, 0, 9, 313.78
1735628420, 20, 64, 80, 19, 0, 0.06%, 9, 0, 9, 348.55
1735628425, 20, 65, 80, 19, 0, 0.06%, 9, 0, 9, 379.43
1735628436, 20, 66, 80, 19, 0, 0.06%, 9, 0, 9, 342.83
1735628441, 20, 67, 80, 19, 0, 0.06%, 9, 0, 9, 371.28
1735628446, 20, 68, 80, 19, 0, 0.06%, 9, 0, 9, 336.40
1735628456, 20, 69, 80, 19, 0, 0.06%, 9, 0, 9, 370.91
1735628461, 20, 70, 80, 19, 0, 0.06%, 9, 0, 9, 310.56
1735628471, 20, 71, 80, 19, 0, 0.06%, 9, 0, 9, 373.72
1735628476, 20, 72, 80, 19, 0, 0.06%, 9, 0, 9, 341.95
1735628486, 20, 73, 80, 19, 0, 0.06%, 9, 0, 9, 364.87
1735628492, 20, 74, 80, 19, 0, 0.06%, 9, 0, 9, 359.49
1735628502, 21, 30, 80, 19, 0, 0.06%, 9, 0, 9, 350.68
1735628507, 21, 36, 80, 19, 0, 0.06%, 9, 0, 9, 375.85
1735628512, 21, 42, 80, 19, 0, 0.06%, 9, 0, 9, 365.07
1735628517, 21, 43, 80, 19, 0, 0.06%, 9, 0, 9, 363.32
1735628522, 21, 44, 80, 19, 0, 0.06%, 9, 0, 9, 357.89
1735628527, 21, 46, 80, 19, 0, 0.06%, 9, 0, 9, 349.29
1735628532, 21, 47, 80, 19, 0, 0.06%, 9, 0, 9, 371.75
1735628537, 21, 48, 80, 19, 0, 0.06%, 9, 0, 9, 351.30
1735628542, 21, 49, 80, 19, 0, 0.06%, 9, 0, 9, 370.03
1735628547, 21, 56, 80, 19, 0, 0.06%, 9, 0, 9, 362.52
1735628552, 21, 58, 80, 19, 0, 0.06%, 9, 0, 9, 359.66
1735628557, 21, 64, 80, 19, 0, 0.06%, 9, 0, 9, 354.22
1735628562, 21, 65, 80, 19, 0, 0.06%, 9, 0, 9, 359.79
1735628567, 21, 66, 80, 19, 0, 0.06%, 9, 0, 9, 376.96
1735628573, 21, 67, 80, 19, 0, 0.06%, 9, 0, 9, 343.96
1735628583, 21, 68, 80, 19, 0, 0.06%, 9, 0, 9, 373.05
1735628588, 21, 69, 80, 19, 0, 0.06%, 9, 0, 9, 356.35
1735628598, 21, 70, 80, 19, 0, 0.06%, 9, 0, 9, 392.89
1735628603, 21, 71, 80, 19, 0, 0.06%, 9, 0, 9, 337.48
1735628613, 21, 72, 80, 19, 0, 0.06%, 9, 0, 9, 352.72
1735628618, 21, 73, 80, 19, 0, 0.06%, 9, 0, 9, 347.69
1735628629, 21, 74, 80, 19, 0, 0.06%, 9, 0, 9, 352.62
1735628634, 22, 29, 80, 19, 0, 0.06%, 9, 0, 9, 366.72
1735628639, 22, 30, 80, 19, 0, 0.06%, 9, 0, 9, 340.88
1735628644, 22, 36, 80, 19, 0, 0.06%, 9, 0, 9, 347.06
1735628649, 22, 43, 80, 19, 0, 0.06%, 9, 0, 9, 343.71
1735628654, 22, 44, 80, 19, 0, 0.06%, 9, 0, 9, 372.30
1735628659, 22, 45, 80, 19, 0, 0.06%, 9, 0, 9, 357.50
1735628664, 22, 46, 80, 19, 0, 0.06%, 9, 0, 9, 367.01
1735628669, 22, 47, 80, 19, 0, 0.06%, 9, 0, 9, 354.22
1735628674, 22, 48, 80, 19, 0, 0.06%, 9, 0, 9, 368.95
1735628679, 22, 49, 80, 19, 0, 0.06%, 9, 0, 9, 360.83
1735628684, 22, 56, 80, 19, 0, 0.06%, 9, 0, 9, 330.89
1735628689, 22, 58, 80, 19, 0, 0.06%, 9, 0, 9, 340.30
1735628694, 22, 64, 80, 19, 0, 0.06%, 9, 0, 9, 329.53
1735628699, 22, 65, 80, 19, 0, 0.06%, 9, 0, 9, 359.48
1735628704, 22, 66, 80, 19, 0, 0.06%, 9, 0, 9, 384.01
1735628710, 22, 67, 80, 19, 0, 0.06%, 9, 0, 9, 366.81
1735628720, 22, 68, 80, 19, 0, 0.06%, 9, 0, 9, 332.01
1735628725, 22, 69, 80, 19, 0, 0.06%, 9, 0, 9, 402.03
1735628730, 22, 70, 80, 19, 0, 0.06%, 9, 0, 9, 347.95
1735628740, 22, 71, 80, 19, 0, 0.06%, 9, 0, 9, 386.82
1735628745, 22, 72, 80, 19, 0, 0.06%, 9, 0, 9, 353.75
1735628755, 22, 73, 80, 19, 0, 0.06%, 9, 0, 9, 377.08
1735628760, 22, 74, 80, 19, 0, 0.06%, 9, 0, 9, 319.97
1735628770, 23, 30, 80, 19, 0, 0.06%, 9, 0, 9, 351.22
1735628776, 23, 36, 80, 19, 0, 0.06%, 9, 0, 9, 339.40
1735628781, 23, 43, 80, 19, 0, 0.06%, 9, 0, 9, 360.58
1735628786, 23, 44, 80, 19, 0, 0.06%, 9, 0, 9, 370.52
1735628791, 23, 45, 80, 19, 0, 0.06%, 9, 0, 9, 363.53
1735628796, 23, 46, 80, 19, 0, 0.06%, 9, 0, 9, 373.67
1735628801, 23, 47, 80, 19, 0, 0.06%, 9, 0, 9, 362.48
1735628806, 23, 48, 80, 19, 0, 0.06%, 9, 0, 9, 352.88
1735628811, 23, 49, 80, 19, 0, 0.06%, 9, 0, 9, 350.91
1735628816, 23, 58, 80, 19, 0, 0.06%, 9, 0, 9, 349.39
1735628821, 23, 70, 80, 19, 0, 0.06%, 9, 0, 9, 399.33
1735628826, 23, 71, 80, 19, 0, 0.06%, 9, 0, 9, 340.09
1735628836, 23, 74, 80, 19, 0, 0.06%, 9, 0, 9, 377.72
1735628842, 24, 30, 80, 19, 0, 0.06%, 9, 0, 9, 380.29
1735628847, 24, 36, 80, 19, 0, 0.06%, 9, 0, 9, 376.36
1735628852, 24, 42, 80, 19, 0, 0.06%, 9, 0, 9, 367.02
1735628857, 24, 43, 80, 19, 0, 0.06%, 9, 0, 9, 357.65
1735628862, 24, 45, 80, 19, 0, 0.06%, 9, 0, 9, 350.52
1735628867, 24, 46, 80, 19, 0, 0.06%, 9, 0, 9, 331.36
1735628872, 24, 47, 80, 19, 0, 0.06%, 9, 0, 9, 372.44
1735628877, 24, 48, 80, 19, 0, 0.06%, 9, 0, 9, 349.14
1735628882, 24, 49, 80, 19, 0, 0.06%, 9, 0, 9, 382.15
1735628887, 24, 58, 80, 19, 0, 0.06%, 9, 0, 9, 382.03
1735628892, 24, 70, 80, 19, 0, 0.06%, 9, 0, 9, 379.11
1735628903, 24, 71, 80, 19, 0, 0.06%, 9, 0, 9, 365.92
1735628908, 24, 74, 80, 19, 0, 0.06%, 9, 0, 9, 391.90
1735628913, 25, 30, 80, 19, 0, 0.06%, 9, 0, 9, 380.41
1735628918, 25, 36, 80, 19, 0, 0.06%, 9, 0, 9, 378.49
1735628923, 25, 42, 80, 19, 0, 0.06%, 9, 0, 9, 366.41
1735628928, 25, 43, 80, 19, 0, 0.06%, 9, 0, 9, 352.08
1735628933, 25, 44, 80, 19, 0, 0.06%, 9, 0, 9, 338.33
1735628938, 25, 46, 80, 19, 0, 0.06%, 9, 0, 9, 346.31
1735628943, 25, 47, 80, 19, 0, 0.06%, 9, 0, 9, 369.33
1735628948, 25, 48, 80, 19, 0, 0.06%, 9, 0, 9, 370.32
1735628953, 25, 49, 80, 19, 0, 0.06%, 9, 0, 9, 393.67
1735628958, 25, 58, 80, 19, 0, 0.06%, 9, 0, 9, 366.91
1735628964, 25, 70, 80, 19, 0, 0.06%, 9, 0, 9, 367.03
1735628974, 25, 71, 80, 19, 0, 0.06%, 9, 0, 9, 356.18
1735628979, 25, 74, 80, 19, 0, 0.06%, 9, 0, 9, 408.35
1735628984, 26, 30, 80, 19, 0, 0.06%, 9, 0, 9, 344.23
1735628989, 26, 36, 80, 19, 0, 0.06%, 9, 0, 9, 390.82
1735628994, 26, 42, 80, 19, 0, 0.06%, 9, 0, 9, 375.82
1735628999, 26, 43, 80, 19, 0, 0.06%, 9, 0, 9, 371.29
1735629004, 26, 44, 80, 19, 0, 0.06%, 9, 0, 9, 336.94
1735629009, 26, 46, 80, 19, 0, 0.06%, 9, 0, 9, 361.89
1735629014, 26, 47, 80, 19, 0, 0.06%, 9, 0, 9, 347.14
1735629019, 26, 48, 80, 19, 0, 0.06%, 9, 0, 9, 332.73
1735629024, 26, 49, 80, 19, 0, 0.06%, 9, 0, 9, 325.48
1735629030, 26, 58, 80, 19, 0, 0.06%, 9, 0, 9, 361.11
1735629035, 26, 70, 80, 19, 0, 0.06%, 9, 0, 9, 316.91
1735629045, 26, 71, 80, 19, 0, 0.06%, 9, 0, 9, 387.28
1735629050, 26, 74, 80, 19, 0, 0.06%, 9, 0, 9, 321.73
1735629060, 27, 30, 80, 19, 0, 0.06%, 9, 0, 9, 343.06
1735629065, 27, 36, 80, 19, 0, 0.06%, 9, 0, 9, 344.61
1735629070, 27, 43, 80, 19, 0, 0.06%, 9, 0, 9, 356.01
1735629075, 27, 44, 80, 19, 0, 0.06%, 9, 0, 9, 382.84
1735629080, 27, 45, 80, 19, 0, 0.06%, 9, 0, 9, 356.21
1735629085, 27, 46, 80, 19, 0, 0.06%, 9, 0, 9, 365.81
1735629090, 27, 47, 80, 19, 0, 0.06%, 9, 0, 9, 363.76
1735629096, 27, 48, 80, 19, 0, 0.06%, 9, 0, 9, 372.69
1735629101, 27, 49, 80, 19, 0, 0.06%, 9, 0, 9, 372.23
1735629106, 27, 58, 80, 19, 0, 0.06%, 9, 0, 9, 342.99
1735629111, 27, 70, 80, 19, 0, 0.06%, 9, 0, 9, 388.84
1735629116, 27, 71, 80, 19, 0, 0.06%, 9, 0, 9, 343.96
1735629126, 27, 72, 80, 19, 0, 0.06%, 9, 0, 9, 375.49
1735629131, 27, 73, 80, 19, 0, 0.06%, 9, 0, 9, 324.43
1735629141, 27, 74, 80, 19, 0, 0.06%, 9, 0, 9, 390.66
1735629146, 27, 75, 80, 19, 0, 0.06%, 9, 0, 9, 338.10
1735629166, 27, 76, 80, 19, 0, 0.06%, 9, 0, 9, 279.61
1735629187, 27, 77, 80, 19, 0, 0.06%, 9, 0, 9, 299.99
1735629207, 27, 78, 80, 19, 0, 0.06%, 9, 0, 9, 324.38
1735629227, 27, 79, 80, 19, 0, 0.06%, 9, 0, 9, 373.17
1735629502, 28, 15, 80, 18, 0, 0.06%, 9, 0, 9, 306.20
1735629507, 28, 17, 80, 18, 0, 0.06%, 9, 0, 9, 324.14
1735629512, 28, 18, 80, 18, 0, 0.06%, 9, 0, 9, 370.76
1735629522, 28, 22, 80, 18, 0, 0.06%, 9, 0, 9, 292.59
1735629527, 28, 23, 80, 18, 0, 0.06%, 9, 0, 9, 263.04
1735629537, 28, 24, 80, 18, 0, 0.06%, 9, 0, 9, 361.75
1735629548, 28, 25, 80, 18, 0, 0.06%, 9, 0, 9, 328.00
1735629553, 28, 26, 80, 18, 0, 0.06%, 9, 0, 9, 293.20
1735629563, 28, 27, 80, 18, 0, 0.06%, 9, 0, 9, 301.37
1735629573, 28, 28, 80, 18, 0, 0.06%, 9, 0, 9, 388.43
1735629588, 28, 29, 80, 18, 0, 0.06%, 9, 0, 9, 310.85
1735629593, 28, 30, 80, 18, 0, 0.06%, 9, 0, 9, 356.04
1735629598, 28, 32, 80, 18, 0, 0.06%, 9, 0, 9, 357.17
1735629604, 28, 34, 80, 18, 0, 0.06%, 9, 0, 9, 365.37
1735629639, 28, 36, 80, 17, 0, 0.06%, 9, 0, 9, 325.74
1735629644, 28, 43, 80, 17, 0, 0.06%, 9, 0, 9, 339.98
1735629649, 28, 44, 80, 17, 0, 0.06%, 9, 0, 9, 379.85
1735629654, 28, 45, 80, 17, 0, 0.06%, 9, 0, 9, 372.94
1735629660, 28, 46, 80, 17, 0, 0.06%, 9, 0, 9, 375.62
1735629665, 28, 47, 80, 17, 0, 0.06%, 9, 0, 9, 367.27
1735629670, 28, 48, 80, 17, 0, 0.06%, 9, 0, 9, 369.32
1735629675, 28, 49, 80, 17, 0, 0.06%, 9, 0, 9, 366.11
1735629680, 28, 50, 80, 17, 0, 0.06%, 9, 0, 9, 293.94
1735629726, 28, 51, 80, 16, 0, 0.06%, 9, 0, 9, 381.24
1735629756, 28, 52, 80, 15, 0, 0.06%, 9, 0, 9, 394.89
1735629797, 28, 53, 80, 14, 0, 0.06%, 9, 0, 9, 310.75
1735630249, 28, 56, 80, 13, 0, 0.06%, 9, 0, 9, 351.36
1735630254, 28, 58, 80, 13, 0, 0.06%, 9, 0, 9, 338.75
1735630259, 28, 59, 80, 13, 0, 0.06%, 9, 0, 9, 399.83
1735630269, 28, 60, 80, 13, 0, 0.06%, 9, 0, 9, 377.70
1735630274, 28, 61, 80, 13, 0, 0.06%, 9, 0, 9, 344.31
1735630370, 28, 64, 80, 12, 0, 0.06%, 9, 0, 9, 365.61
1735630375, 28, 65, 80, 12, 0, 0.06%, 9, 0, 9, 345.98
1735630380, 28, 66, 80, 12, 0, 0.06%, 9, 0, 9, 351.47
1735630385, 28, 67, 80, 12, 0, 0.06%, 9, 0, 9, 381.45
1735630390, 28, 68, 80, 12, 0, 0.06%, 9, 0, 9, 314.96
1735630400, 28, 69, 80, 12, 0, 0.06%, 9, 0, 9, 368.17
1735630405, 28, 70, 80, 12, 0, 0.06%, 9, 0, 9, 332.21
1735630416, 28, 71, 80, 12, 0, 0.06%, 9, 0, 9, 392.15
1735630421, 28, 72, 80, 12, 0, 0.06%, 9, 0, 9, 357.69
1735630431, 28, 73, 80, 12, 0, 0.06%, 9, 0, 9, 362.56
1735630436, 28, 74, 80, 12, 0, 0.06%, 9, 0, 9, 314.06
1735630446, 29, 30, 80, 12, 0, 0.06%, 9, 0, 9, 347.64
1735630451, 29, 36, 80, 12, 0, 0.06%, 9, 0, 9, 354.45
1735630456, 29, 42, 80, 12, 0, 0.06%, 9, 0, 9, 371.29
1735630461, 29, 43, 80, 12, 0, 0.06%, 9, 0, 9, 371.67
1735630466, 29, 44, 80, 12, 0, 0.06%, 9, 0, 9, 346.72
1735630471, 29, 45, 80, 12, 0, 0.06%, 9, 0, 9, 337.52
1735630476, 29, 46, 80, 12, 0, 0.06%, 9, 0, 9, 341.49
1735630481, 29, 47, 80, 12, 0, 0.06%, 9, 0, 9, 353.52
1735630486, 29, 48, 80, 12, 0, 0.06%, 9, 0, 9, 340.93
1735630491, 29, 56, 80, 12, 0, 0.06%, 9, 0, 9, 366.74
1735630496, 29, 58, 80, 12, 0, 0.06%, 9, 0, 9, 378.62
1735630502, 29, 64, 80, 12, 0, 0.06%, 9, 0, 9, 356.92
1735630507, 29, 65, 80, 12, 0, 0.06%, 9, 0, 9, 385.28
1735630512, 29, 66, 80, 12, 0, 0.06%, 9, 0, 9, 319.83
1735630522, 29, 67, 80, 12, 0, 0.06%, 9, 0, 9, 367.95
1735630527, 29, 68, 80, 12, 0, 0.06%, 9, 0, 9, 397.62
1735630532, 29, 69, 80, 12, 0, 0.06%, 9, 0, 9, 350.74
1735630542, 29, 70, 80, 12, 0, 0.06%, 9, 0, 9, 381.36
1735630547, 29, 71, 80, 12, 0, 0.06%, 9, 0, 9, 336.17
1735630557, 29, 72, 80, 12, 0, 0.06%, 9, 0, 9, 369.78
1735630562, 29, 73, 80, 12, 0, 0.06%, 9, 0, 9, 339.86
1735630572, 29, 74, 80, 12, 0, 0.06%, 9, 0, 9, 393.45
1735630578, 30, 29, 80, 12, 0, 0.06%, 9, 0, 9, 370.54
1735630583, 30, 30, 80, 12, 0, 0.06%, 9, 0, 9, 352.67
1735630588, 30, 36, 80, 12, 0, 0.06%, 9, 0, 9, 336.91
1735630593, 30, 42, 80, 12, 0, 0.06%, 9, 0, 9, 325.36
1735630598, 30, 44, 80, 12, 0, 0.06%, 9, 0, 9, 355.14
1735630603, 30, 45, 80, 12, 0, 0.06%, 9, 0, 9, 380.32
1735630608, 30, 46, 80, 12, 0, 0.06%, 9, 0, 9, 358.17
1735630613, 30, 47, 80, 12, 0, 0.06%, 9, 0, 9, 369.12
1735630618, 30, 48, 80, 12, 0, 0.06%, 9, 0, 9, 367.17
1735630623, 30, 49, 80, 12, 0, 0.06%, 9, 0, 9, 368.88
1735630628, 30, 56, 80, 12, 0, 0.06%, 9, 0, 9, 354.03
1735630634, 30, 58, 80, 12, 0, 0.06%, 9, 0, 9, 336.57
1735630639, 30, 64, 80, 12, 0, 0.06%, 9, 0, 9, 354.75
1735630644, 30, 65, 80, 12, 0, 0.06%, 9, 0, 9, 362.30
1735630649, 30, 66, 80, 12, 0, 0.06%, 9, 0, 9, 381.31
1735630654, 30, 67, 80, 12, 0, 0.06%, 9, 0, 9, 362.12
1735630659, 30, 68, 80, 12, 0, 0.06%, 9, 0, 9, 356.94
1735630669, 30, 69, 80, 12, 0, 0.06%, 9, 0, 9, 398.49
1735630674, 30, 70, 80, 12, 0, 0.06%, 9, 0, 9, 362.27
1735630684, 30, 71, 80, 12, 0, 0.06%, 9, 0, 9, 397.25
1735630689, 30, 72, 80, 12, 0, 0.06%, 9, 0, 9, 330.39
1735630699, 30, 73, 80, 12, 0, 0.06%, 9, 0, 9, 376.31
1735630704, 30, 74, 80, 12, 0, 0.06%, 9, 0, 9, 323.85
1735630715, 31, 29, 80, 12, 0, 0.06%, 9, 0, 9, 336.04
1735630720, 31, 36, 80, 12, 0, 0.06%, 9, 0, 9, 343.34
1735630725, 31, 42, 80, 12, 0, 0.06%, 9, 0, 9, 355.77
1735630730, 31, 43, 80, 12, 0, 0.06%, 9, 0, 9, 378.46
1735630735, 31, 44, 80, 12, 0, 0.06%, 9, 0, 9, 367.40
1735630740, 31, 45, 80, 12, 0, 0.06%, 9, 0, 9, 340.00
1735630745, 31, 46, 80, 12, 0, 0.06%, 9, 0, 9, 365.12
1735630750, 31, 47, 80, 12, 0, 0.06%, 9, 0, 9, 337.52
1735630755, 31, 48, 80, 12, 0, 0.06%, 9, 0, 9, 380.55
1735630760, 31, 56, 80, 12, 0, 0.06%, 9, 0, 9, 381.19
1735630765, 31, 58, 80, 12, 0, 0.06%, 9, 0, 9, 383.00
1735630770, 31, 64, 80, 12, 0, 0.06%, 9, 0, 9, 380.92
1735630775, 31, 65, 80, 12, 0, 0.06%, 9, 0, 9, 387.76
1735630780, 31, 66, 80, 12, 0, 0.06%, 9, 0, 9, 351.22
1735630790, 31, 67, 80, 12, 0, 0.06%, 9, 0, 9, 361.32
1735630795, 31, 68, 80, 12, 0, 0.06%, 9, 0, 9, 396.39
1735630801, 31, 69, 80, 12, 0, 0.06%, 9, 0, 9, 331.51
1735630811, 31, 70, 80, 12, 0, 0.06%, 9, 0, 9, 384.51
1735630821, 31, 71, 80, 12, 0, 0.06%, 9, 0, 9, 341.69
1735630826, 31, 72, 80, 12, 0, 0.06%, 9, 0, 9, 377.09
1735630836, 31, 73, 80, 12, 0, 0.06%, 9, 0, 9, 350.36
1735630841, 31, 74, 80, 12, 0, 0.06%, 9, 0, 9, 378.78
1735630851, 32, 30, 80, 12, 0, 0.06%, 9, 0, 9, 352.67
1735630856, 32, 36, 80, 12, 0, 0.06%, 9, 0, 9, 375.52
1735630861, 32, 42, 80, 12, 0, 0.06%, 9, 0, 9, 368.64
1735630866, 32, 43, 80, 12, 0, 0.06%, 9, 0, 9, 362.08
1735630872, 32, 44, 80, 12, 0, 0.06%, 9, 0, 9, 339.08
1735630877, 32, 45, 80, 12, 0, 0.06%, 9, 0, 9, 332.04
1735630882, 32, 46, 80, 12, 0, 0.06%, 9, 0, 9, 343.16
1735630887, 32, 48, 80, 12, 0, 0.06%, 9, 0, 9, 322.73
1735630897, 32, 56, 80, 12, 0, 0.06%, 9, 0, 9, 348.54
1735630902, 32, 58, 80, 12, 0, 0.06%, 9, 0, 9, 367.22
1735630907, 32, 64, 80, 12, 0, 0.06%, 9, 0, 9, 359.39
1735630912, 32, 65, 80, 12, 0, 0.06%, 9, 0, 9, 415.31
1735630917, 32, 66, 80, 12, 0, 0.06%, 9, 0, 9, 376.09
1735630927, 32, 67, 80, 12, 0, 0.06%, 9, 0, 9, 327.10
1735630932, 32, 68, 80, 12, 0, 0.06%, 9, 0, 9, 376.50
1735630937, 32, 69, 80, 12, 0, 0.06%, 9, 0, 9, 370.25
1735630948, 32, 70, 80, 12, 0, 0.06%, 9, 0, 9, 358.76
1735630958, 32, 71, 80, 12, 0, 0.06%, 9, 0, 9, 366.22
1735630963, 32, 72, 80, 12, 0, 0.06%, 9, 0, 9, 364.79
1735630968, 32, 73, 80, 12, 0, 0.06%, 9, 0, 9, 335.04
1735630978, 32, 74, 80, 12, 0, 0.06%, 9, 0, 9, 381.48
1735630983, 33, 29, 80, 12, 0, 0.06%, 9, 0, 9, 378.73
1735630988, 33, 30, 80, 12, 0, 0.06%, 9, 0, 9, 357.54
1735630993, 33, 36, 80, 12, 0, 0.06%, 9, 0, 9, 345.71
1735630999, 33, 43, 80, 12, 0, 0.06%, 9, 0, 9, 353.85
1735631004, 33, 44, 80, 12, 0, 0.06%, 9, 0, 9, 369.59
1735631009, 33, 45, 80, 12, 0, 0.06%, 9, 0, 9, 358.79
1735631014, 33, 46, 80, 12, 0, 0.06%, 9, 0, 9, 351.70
1735631019, 33, 47, 80, 12, 0, 0.06%, 9, 0, 9, 375.31
1735631024, 33, 48, 80, 12, 0, 0.06%, 9, 0, 9, 380.29
1735631029, 33, 49, 80, 12, 0, 0.06%, 9, 0, 9, 353.37
1735631034, 33, 56, 80, 12, 0, 0.06%, 9, 0, 9, 357.96
1735631039, 33, 58, 80, 12, 0, 0.06%, 9, 0, 9, 332.47
1735631044, 33, 64, 80, 12, 0, 0.06%, 9, 0, 9, 341.55
1735631049, 33, 65, 80, 12, 0, 0.06%, 9, 0, 9, 340.42
1735631055, 33, 66, 80, 12, 0, 0.06%, 9, 0, 9, 363.13
1735631060, 33, 67, 80, 12, 0, 0.06%, 9, 0, 9, 390.83
1735631065, 33, 68, 80, 12, 0, 0.06%, 9, 0, 9, 318.78
1735631075, 33, 69, 80, 12, 0, 0.06%, 9, 0, 9, 394.19
1735631080, 33, 70, 80, 12, 0, 0.06%, 9, 0, 9, 363.78
1735631090, 33, 71, 80, 12, 0, 0.06%, 9, 0, 9, 407.04
1735631095, 33, 72, 80, 12, 0, 0.06%, 9, 0, 9, 355.16
1735631105, 33, 73, 80, 12, 0, 0.06%, 9, 0, 9, 377.32
1735631110, 33, 74, 80, 12, 0, 0.06%, 9, 0, 9, 311.31
1735631120, 34, 29, 80, 12, 0, 0.06%, 9, 0, 9, 317.83
1735631125, 34, 36, 80, 12, 0, 0.06%, 9, 0, 9, 334.82
1735631130, 34, 42, 80, 12, 0, 0.06%, 9, 0, 9, 346.00
1735631135, 34, 43, 80, 12, 0, 0.06%, 9, 0, 9, 382.79
1735631140, 34, 44, 80, 12, 0, 0.06%, 9, 0, 9, 364.74
1735631146, 34, 45, 80, 12, 0, 0.06%, 9, 0, 9, 351.46
1735631151, 34, 46, 80, 12, 0, 0.06%, 9, 0, 9, 363.80
1735631156, 34, 47, 80, 12, 0, 0.06%, 9, 0, 9, 346.95
1735631161, 34, 48, 80, 12, 0, 0.06%, 9, 0, 9, 350.43
1735631166, 34, 49, 80, 12, 0, 0.06%, 9, 0, 9, 342.80
1735631171, 34, 58, 80, 12, 0, 0.06%, 9, 0, 9, 372.46
1735631176, 34, 64, 80, 12, 0, 0.06%, 9, 0, 9, 334.22
1735631181, 34, 65, 80, 12, 0, 0.06%, 9, 0, 9, 362.97
1735631191, 34, 66, 80, 12, 0, 0.06%, 9, 0, 9, 347.23
1735631197, 34, 67, 80, 12, 0, 0.06%, 9, 0, 9, 377.38
1735631202, 34, 68, 80, 12, 0, 0.06%, 9, 0, 9, 392.88
1735631212, 34, 69, 80, 12, 0, 0.06%, 9, 0, 9, 366.96
1735631217, 34, 70, 80, 12, 0, 0.06%, 9, 0, 9, 349.43
1735631227, 34, 71, 80, 12, 0, 0.06%, 9, 0, 9, 379.37
1735631232, 34, 72, 80, 12, 0, 0.06%, 9, 0, 9, 365.25
1735631242, 34, 73, 80, 12, 0, 0.06%, 9, 0, 9, 349.25
1735631247, 34, 74, 80, 12, 0, 0.06%, 9, 0, 9, 362.59
1735631257, 35, 30, 80, 12, 0, 0.06%, 9, 0, 9, 333.58
1735631262, 35, 36, 80, 12, 0, 0.06%, 9, 0, 9, 363.42
1735631267, 35, 42, 80, 12, 0, 0.06%, 9, 0, 9, 370.26
1735631272, 35, 43, 80, 12, 0, 0.06%, 9, 0, 9, 351.90
1735631277, 35, 44, 80, 12, 0, 0.06%, 9, 0, 9, 340.33
1735631282, 35, 45, 80, 12, 0, 0.06%, 9, 0, 9, 335.20
1735631288, 35, 46, 80, 12, 0, 0.06%, 9, 0, 9, 376.97
1735631293, 35, 47, 80, 12, 0, 0.06%, 9, 0, 9, 356.37
1735631298, 35, 48, 80, 12, 0, 0.06%, 9, 0, 9, 351.71
1735631303, 35, 56, 80, 12, 0, 0.06%, 9, 0, 9, 382.68
1735631308, 35, 58, 80, 12, 0, 0.06%, 9, 0, 9, 376.37
1735631313, 35, 64, 80, 12, 0, 0.06%, 9, 0, 9, 375.92
1735631318, 35, 65, 80, 12, 0, 0.06%, 9, 0, 9, 396.10
1735631323, 35, 66, 80, 12, 0, 0.06%, 9, 0, 9, 297.14
1735631333, 35, 67, 80, 12, 0, 0.06%, 9, 0, 9, 371.26
1735631338, 35, 68, 80, 12, 0, 0.06%, 9, 0, 9, 385.60
1735631343, 35, 69, 80, 12, 0, 0.06%, 9, 0, 9, 329.57
1735631354, 35, 70, 80, 12, 0, 0.06%, 9, 0, 9, 397.21
1735631359, 35, 71, 80, 12, 0, 0.06%, 9, 0, 9, 330.52
1735631369, 35, 72, 80, 12, 0, 0.06%, 9, 0, 9, 386.95
1735631374, 35, 73, 80, 12, 0, 0.06%, 9, 0, 9, 326.17
1735631384, 35, 74, 80, 12, 0, 0.06%, 9, 0, 9, 382.06
1735631389, 36, 29, 80, 12, 0, 0.06%, 9, 0, 9, 386.36
1735631394, 36, 30, 80, 12, 0, 0.06%, 9, 0, 9, 360.68
1735631400, 36, 36, 80, 12, 0, 0.06%, 9, 0, 9, 364.75
1735631405, 36, 42, 80, 12, 0, 0.06%, 9, 0, 9, 332.30
1735631410, 36, 43, 80, 12, 0, 0.06%, 9, 0, 9, 346.98
1735631415, 36, 45, 80, 12, 0, 0.06%, 9, 0, 9, 347.16
1735631420, 36, 46, 80, 12, 0, 0.06%, 9, 0, 9, 314.41
1735631425, 36, 47, 80, 12, 0, 0.06%, 9, 0, 9, 392.78
1735631430, 36, 48, 80, 12, 0, 0.06%, 9, 0, 9, 367.24
1735631435, 36, 49, 80, 12, 0, 0.06%, 9, 0, 9, 381.84
1735631440, 36, 56, 80, 12, 0, 0.06%, 9, 0, 9, 372.67
1735631445, 36, 58, 80, 12, 0, 0.06%, 9, 0, 9, 340.69
1735631450, 36, 64, 80, 12, 0, 0.06%, 9, 0, 9, 359.45
1735631456, 36, 65, 80, 12, 0, 0.06%, 9, 0, 9, 348.41
1735631461, 36, 66, 80, 12, 0, 0.06%, 9, 0, 9, 365.93
1735631466, 36, 67, 80, 12, 0, 0.06%, 9, 0, 9, 347.43
1735631476, 36, 68, 80, 12, 0, 0.06%, 9, 0, 9, 360.90
1735631481, 36, 69, 80, 12, 0, 0.06%, 9, 0, 9, 357.81
1735631491, 36, 70, 80, 12, 0, 0.06%, 9, 0, 9, 388.34
1735631496, 36, 71, 80, 12, 0, 0.06%, 9, 0, 9, 372.28
1735631506, 36, 72, 80, 12, 0, 0.06%, 9, 0, 9, 359.23
1735631511, 36, 73, 80, 12, 0, 0.06%, 9, 0, 9, 389.59
1735631516, 36, 74, 80, 12, 0, 0.06%, 9, 0, 9, 350.04
1735631526, 37, 29, 80, 12, 0, 0.06%, 9, 0, 9, 338.57
1735631531, 37, 36, 80, 12, 0, 0.06%, 9, 0, 9, 320.86
1735631536, 37, 42, 80, 12, 0, 0.06%, 9, 0, 9, 363.75
1735631541, 37, 43, 80, 12, 0, 0.06%, 9, 0, 9, 374.70
1735631546, 37, 44, 80, 12, 0, 0.06%, 9, 0, 9, 359.04
1735631552, 37, 45, 80, 12, 0, 0.06%, 9, 0, 9, 345.88
1735631557, 37, 46, 80, 12, 0, 0.06%, 9, 0, 9, 360.14
1735631562, 37, 47, 80, 12, 0, 0.06%, 9, 0, 9, 342.93
1735631567, 37, 48, 80, 12, 0, 0.06%, 9, 0, 9, 364.92
1735631572, 37, 49, 80, 12, 0, 0.06%, 9, 0, 9, 354.46
1735631577, 37, 56, 80, 12, 0, 0.06%, 9, 0, 9, 322.34
1735631582, 37, 64, 80, 12, 0, 0.06%, 9, 0, 9, 333.20
1735631587, 37, 65, 80, 12, 0, 0.06%, 9, 0, 9, 315.22
1735631597, 37, 66, 80, 12, 0, 0.06%, 9, 0, 9, 358.07
1735631602, 37, 67, 80, 12, 0, 0.06%, 9, 0, 9, 378.35
1735631607, 37, 68, 80, 12, 0, 0.06%, 9, 0, 9, 377.02
1735631617, 37, 69, 80, 12, 0, 0.06%, 9, 0, 9, 362.63
1735631622, 37, 70, 80, 12, 0, 0.06%, 9, 0, 9, 291.59
1735631632, 37, 71, 80, 12, 0, 0.06%, 9, 0, 9, 380.08
1735631637, 37, 72, 80, 12, 0, 0.06%, 9, 0, 9, 347.48
1735631647, 37, 73, 80, 12, 0, 0.06%, 9, 0, 9, 367.73
1735631652, 37, 74, 80, 12, 0, 0.06%, 9, 0, 9, 379.93
1735631663, 38, 30, 80, 12, 0, 0.06%, 9, 0, 9, 341.17
1735631668, 38, 36, 80, 12, 0, 0.06%, 9, 0, 9, 348.43
1735631673, 38, 42, 80, 12, 0, 0.06%, 9, 0, 9, 368.89
1735631678, 38, 43, 80, 12, 0, 0.06%, 9, 0, 9, 355.81
1735631683, 38, 44, 80, 12, 0, 0.06%, 9, 0, 9, 348.61
1735631688, 38, 45, 80, 12, 0, 0.06%, 9, 0, 9, 327.27
1735631693, 38, 46, 80, 12, 0, 0.06%, 9, 0, 9, 349.03
1735631698, 38, 47, 80, 12, 0, 0.06%, 9, 0, 9, 340.31
1735631703, 38, 48, 80, 12, 0, 0.06%, 9, 0, 9, 346.95
1735631708, 38, 49, 80, 12, 0, 0.06%, 9, 0, 9, 329.81
1735631713, 38, 58, 80, 12, 0, 0.06%, 9, 0, 9, 356.98
1735631718, 38, 64, 80, 12, 0, 0.06%, 9, 0, 9, 345.28
1735631723, 38, 65, 80, 12, 0, 0.06%, 9, 0, 9, 407.30
1735631734, 38, 66, 80, 12, 0, 0.06%, 9, 0, 9, 323.78
1735631739, 38, 67, 80, 12, 0, 0.06%, 9, 0, 9, 358.09
1735631744, 38, 68, 80, 12, 0, 0.06%, 9, 0, 9, 353.06
1735631754, 38, 69, 80, 12, 0, 0.06%, 9, 0, 9, 359.75
1735631759, 38, 70, 80, 12, 0, 0.06%, 9, 0, 9, 315.75
1735631769, 38, 71, 80, 12, 0, 0.06%, 9, 0, 9, 389.68
1735631774, 38, 72, 80, 12, 0, 0.06%, 9, 0, 9, 355.84
1735631785, 38, 73, 80, 12, 0, 0.06%, 9, 0, 9, 356.34
1735631790, 38, 74, 80, 12, 0, 0.06%, 9, 0, 9, 322.98
1735631800, 39, 30, 80, 12, 0, 0.06%, 9, 0, 9, 359.04
1735631805, 39, 36, 80, 12, 0, 0.06%, 9, 0, 9, 370.87
1735631810, 39, 42, 80, 12, 0, 0.06%, 9, 0, 9, 375.36
1735631815, 39, 43, 80, 12, 0, 0.06%, 9, 0, 9, 369.66
1735631820, 39, 44, 80, 12, 0, 0.06%, 9, 0, 9, 340.19
1735631825, 39, 45, 80, 12, 0, 0.06%, 9, 0, 9, 336.83
1735631830, 39, 46, 80, 12, 0, 0.06%, 9, 0, 9, 317.60
1735631835, 39, 47, 80, 12, 0, 0.06%, 9, 0, 9, 328.61
1735631840, 39, 48, 80, 12, 0, 0.06%, 9, 0, 9, 343.46
1735631846, 39, 56, 80, 12, 0, 0.06%, 9, 0, 9, 333.19
1735631851, 39, 58, 80, 12, 0, 0.06%, 9, 0, 9, 379.42
1735631856, 39, 64, 80, 12, 0, 0.06%, 9, 0, 9, 356.70
1735631861, 39, 65, 80, 12, 0, 0.06%, 9, 0, 9, 376.28
1735631871, 39, 66, 80, 12, 0, 0.06%, 9, 0, 9, 337.54
1735631876, 39, 67, 80, 12, 0, 0.06%, 9, 0, 9, 360.08
1735631881, 39, 68, 80, 12, 0, 0.06%, 9, 0, 9, 379.01
1735631886, 39, 69, 80, 12, 0, 0.06%, 9, 0, 9, 372.83
1735631896, 39, 70, 80, 12, 0, 0.06%, 9, 0, 9, 352.97
1735631907, 39, 71, 80, 12, 0, 0.06%, 9, 0, 9, 354.82
1735631912, 39, 72, 80, 12, 0, 0.06%, 9, 0, 9, 342.68
1735631922, 39, 73, 80, 12, 0, 0.06%, 9, 0, 9, 341.69
1735631927, 39, 74, 80, 12, 0, 0.06%, 9, 0, 9, 350.60
1735631937, 40, 29, 80, 12, 0, 0.06%, 9, 0, 9, 314.92
1735631942, 40, 36, 80, 12, 0, 0.06%, 9, 0, 9, 322.63
1735631947, 40, 42, 80, 12, 0, 0.06%, 9, 0, 9, 317.97
1735631952, 40, 43, 80, 12, 0, 0.06%, 9, 0, 9, 378.75
1735631957, 40, 44, 80, 12, 0, 0.06%, 9, 0, 9, 349.35
1735631962, 40, 45, 80, 12, 0, 0.06%, 9, 0, 9, 352.22
1735631967, 40, 46, 80, 12, 0, 0.06%, 9, 0, 9, 360.15
1735631972, 40, 47, 80, 12, 0, 0.06%, 9, 0, 9, 335.30
1735631977, 40, 48, 80, 12, 0, 0.06%, 9, 0, 9, 352.68
1735631982, 40, 49, 80, 12, 0, 0.06%, 9, 0, 9, 350.46
1735631987, 40, 56, 80, 12, 0, 0.06%, 9, 0, 9, 332.99
1735631993, 40, 64, 80, 12, 0, 0.06%, 9, 0, 9, 339.36
1735632003, 40, 65, 80, 12, 0, 0.06%, 9, 0, 9, 343.36
1735632008, 40, 66, 80, 12, 0, 0.06%, 9, 0, 9, 350.65
1735632013, 40, 67, 80, 12, 0, 0.06%, 9, 0, 9, 392.03
1735632018, 40, 68, 80, 12, 0, 0.06%, 9, 0, 9, 345.12
1735632028, 40, 69, 80, 12, 0, 0.06%, 9, 0, 9, 349.25
1735632033, 40, 70, 80, 12, 0, 0.06%, 9, 0, 9, 319.60
1735632044, 40, 71, 80, 12, 0, 0.06%, 9, 0, 9, 388.05
1735632049, 40, 72, 80, 12, 0, 0.06%, 9, 0, 9, 326.84
1735632059, 40, 73, 80, 12, 0, 0.06%, 9, 0, 9, 377.19
1735632064, 40, 74, 80, 12, 0, 0.06%, 9, 0, 9, 336.97
1735632074, 41, 29, 80, 12, 0, 0.06%, 9, 0, 9, 340.84
1735632079, 41, 36, 80, 12, 0, 0.06%, 9, 0, 9, 329.06
1735632084, 41, 42, 80, 12, 0, 0.06%, 9, 0, 9, 349.74
1735632089, 41, 43, 80, 12, 0, 0.06%, 9, 0, 9, 355.54
1735632094, 41, 44, 80, 12, 0, 0.06%, 9, 0, 9, 355.86
1735632099, 41, 45, 80, 12, 0, 0.06%, 9, 0, 9, 361.31
1735632104, 41, 46, 80, 12, 0, 0.06%, 9, 0, 9, 351.16
1735632109, 41, 47, 80, 12, 0, 0.06%, 9, 0, 9, 352.28
1735632115, 41, 48, 80, 12, 0, 0.06%, 9, 0, 9, 353.15
1735632120, 41, 49, 80, 12, 0, 0.06%, 9, 0, 9, 359.00
1735632125, 41, 56, 80, 12, 0, 0.06%, 9, 0, 9, 341.15
1735632130, 41, 64, 80, 12, 0, 0.06%, 9, 0, 9, 323.53
1735632140, 41, 65, 80, 12, 0, 0.06%, 9, 0, 9, 335.91
1735632145, 41, 66, 80, 12, 0, 0.06%, 9, 0, 9, 337.34
1735632150, 41, 67, 80, 12, 0, 0.06%, 9, 0, 9, 338.02
1735632155, 41, 68, 80, 12, 0, 0.06%, 9, 0, 9, 378.37
1735632165, 41, 69, 80, 12, 0, 0.06%, 9, 0, 9, 401.18
1735632170, 41, 70, 80, 12, 0, 0.06%, 9, 0, 9, 363.98
1735632180, 41, 71, 80, 12, 0, 0.06%, 9, 0, 9, 382.55
1735632185, 41, 72, 80, 12, 0, 0.06%, 9, 0, 9, 366.20
1735632195, 41, 73, 80, 12, 0, 0.06%, 9, 0, 9, 392.52
1735632200, 41, 74, 80, 12, 0, 0.06%, 9, 0, 9, 304.57
1735632210, 42, 29, 80, 12, 0, 0.06%, 9, 0, 9, 348.60
1735632216, 42, 36, 80, 12, 0, 0.06%, 9, 0, 9, 350.88
1735632221, 42, 42, 80, 12, 0, 0.06%, 9, 0, 9, 366.96
1735632226, 42, 43, 80, 12, 0, 0.06%, 9, 0, 9, 360.77
1735632231, 42, 44, 80, 12, 0, 0.06%, 9, 0, 9, 356.64
1735632236, 42, 45, 80, 12, 0, 0.06%, 9, 0, 9, 334.92
1735632241, 42, 46, 80, 12, 0, 0.06%, 9, 0, 9, 360.92
1735632246, 42, 47, 80, 12, 0, 0.06%, 9, 0, 9, 329.88
1735632251, 42, 48, 80, 12, 0, 0.06%, 9, 0, 9, 339.34
1735632256, 42, 49, 80, 12, 0, 0.06%, 9, 0, 9, 349.00
1735632261, 42, 58, 80, 12, 0, 0.06%, 9, 0, 9, 346.51
1735632266, 42, 64, 80, 12, 0, 0.06%, 9, 0, 9, 305.06
1735632271, 42, 65, 80, 12, 0, 0.06%, 9, 0, 9, 352.01
1735632282, 42, 66, 80, 12, 0, 0.06%, 9, 0, 9, 320.96
1735632287, 42, 67, 80, 12, 0, 0.06%, 9, 0, 9, 380.38
1735632292, 42, 68, 80, 12, 0, 0.06%, 9, 0, 9, 325.66
1735632302, 42, 69, 80, 12, 0, 0.06%, 9, 0, 9, 392.35
1735632307, 42, 70, 80, 12, 0, 0.06%, 9, 0, 9, 331.36
1735632317, 42, 71, 80, 12, 0, 0.06%, 9, 0, 9, 366.10
1735632322, 42, 72, 80, 12, 0, 0.06%, 9, 0, 9, 307.86
1735632332, 42, 73, 80, 12, 0, 0.06%, 9, 0, 9, 375.82
1735632337, 42, 74, 80, 12, 0, 0.06%, 9, 0, 9, 318.53
1735632347, 43, 29, 80, 12, 0, 0.06%, 9, 0, 9, 327.74
1735632352, 43, 30, 80, 12, 0, 0.06%, 9, 0, 9, 338.99
1735632358, 43, 36, 80, 12, 0, 0.06%, 9, 0, 9, 332.52
1735632363, 43, 43, 80, 12, 0, 0.06%, 9, 0, 9, 338.44
1735632368, 43, 44, 80, 12, 0, 0.06%, 9, 0, 9, 385.64
1735632373, 43, 45, 80, 12, 0, 0.06%, 9, 0, 9, 358.65
1735632378, 43, 46, 80, 12, 0, 0.06%, 9, 0, 9, 354.07
1735632383, 43, 47, 80, 12, 0, 0.06%, 9, 0, 9, 358.15
1735632388, 43, 48, 80, 12, 0, 0.06%, 9, 0, 9, 364.19
1735632393, 43, 49, 80, 12, 0, 0.06%, 9, 0, 9, 352.92
1735632398, 43, 58, 80, 12, 0, 0.06%, 9, 0, 9, 336.34
1735632403, 43, 64, 80, 12, 0, 0.06%, 9, 0, 9, 322.01
1735632409, 43, 65, 80, 12, 0, 0.06%, 9, 0, 9, 351.82
1735632419, 43, 66, 80, 12, 0, 0.06%, 9, 0, 9, 375.73
1735632424, 43, 67, 80, 12, 0, 0.06%, 9, 0, 9, 376.30
1735632429, 43, 68, 80, 12, 0, 0.06%, 9, 0, 9, 303.25
1735632439, 43, 69, 80, 12, 0, 0.06%, 9, 0, 9, 383.78
1735632444, 43, 70, 80, 12, 0, 0.06%, 9, 0, 9, 313.77
1735632454, 43, 71, 80, 12, 0, 0.06%, 9, 0, 9, 373.78
1735632459, 43, 72, 80, 12, 0, 0.06%, 9, 0, 9, 337.22
1735632469, 43, 73, 80, 12, 0, 0.06%, 9, 0, 9, 358.83
1735632474, 43, 74, 80, 12, 0, 0.06%, 9, 0, 9, 350.82
1735632484, 44, 30, 80, 12, 0, 0.06%, 9, 0, 9, 320.20
1735632489, 44, 36, 80, 12, 0, 0.06%, 9, 0, 9, 321.45
1735632495, 44, 42, 80, 12, 0, 0.06%, 9, 0, 9, 354.92
1735632500, 44, 43, 80, 12, 0, 0.06%, 9, 0, 9, 365.04
1735632505, 44, 44, 80, 12, 0, 0.06%, 9, 0, 9, 361.63
1735632510, 44, 45, 80, 12, 0, 0.06%, 9, 0, 9, 336.48
1735632515, 44, 46, 80, 12, 0, 0.06%, 9, 0, 9, 368.85
1735632520, 44, 47, 80, 12, 0, 0.06%, 9, 0, 9, 366.67
1735632525, 44, 48, 80, 12, 0, 0.06%, 9, 0, 9, 341.87
1735632530, 44, 49, 80, 12, 0, 0.06%, 9, 0, 9, 327.12
1735632536, 44, 58, 80, 12, 0, 0.06%, 9, 0, 9, 365.43
1735632541, 44, 64, 80, 12, 0, 0.06%, 9, 0, 9, 345.63
1735632546, 44, 65, 80, 12, 0, 0.06%, 9, 0, 9, 369.90
1735632556, 44, 66, 80, 12, 0, 0.06%, 9, 0, 9, 326.85
1735632561, 44, 67, 80, 12, 0, 0.06%, 9, 0, 9, 381.05
1735632566, 44, 68, 80, 12, 0, 0.06%, 9, 0, 9, 359.60
1735632576, 44, 69, 80, 12, 0, 0.06%, 9, 0, 9, 380.24
1735632581, 44, 70, 80, 12, 0, 0.06%, 9, 0, 9, 338.43
1735632591, 44, 71, 80, 12, 0, 0.06%, 9, 0, 9, 355.88
1735632596, 44, 72, 80, 12, 0, 0.06%, 9, 0, 9, 334.93
1735632606, 44, 73, 80, 12, 0, 0.06%, 9, 0, 9, 355.26
1735632612, 44, 74, 80, 12, 0, 0.06%, 9, 0, 9, 367.98
1735632622, 45, 30, 80, 12, 0, 0.06%, 9, 0, 9, 351.39
1735632627, 45, 36, 80, 12, 0, 0.06%, 9, 0, 9, 355.07
1735632632, 45, 42, 80, 12, 0, 0.06%, 9, 0, 9, 376.66
1735632637, 45, 43, 80, 12, 0, 0.06%, 9, 0, 9, 359.54
1735632642, 45, 44, 80, 12, 0, 0.06%, 9, 0, 9, 337.90
1735632647, 45, 45, 80, 12, 0, 0.06%, 9, 0, 9, 336.35
1735632652, 45, 46, 80, 12, 0, 0.06%, 9, 0, 9, 337.29
1735632657, 45, 47, 80, 12, 0, 0.06%, 9, 0, 9, 342.08
1735632662, 45, 49, 80, 12, 0, 0.06%, 9, 0, 9, 382.36
1735632667, 45, 56, 80, 12, 0, 0.06%, 9, 0, 9, 370.72
1735632672, 45, 58, 80, 12, 0, 0.06%, 9, 0, 9, 374.16
1735632677, 45, 64, 80, 12, 0, 0.06%, 9, 0, 9, 359.83
1735632682, 45, 65, 80, 12, 0, 0.06%, 9, 0, 9, 375.89
1735632692, 45, 66, 80, 12, 0, 0.06%, 9, 0, 9, 324.07
1735632697, 45, 67, 80, 12, 0, 0.06%, 9, 0, 9, 363.00
1735632703, 45, 68, 80, 12, 0, 0.06%, 9, 0, 9, 339.62
1735632713, 45, 69, 80, 12, 0, 0.06%, 9, 0, 9, 357.26
1735632718, 45, 70, 80, 12, 0, 0.06%, 9, 0, 9, 357.61
1735632728, 45, 71, 80, 12, 0, 0.06%, 9, 0, 9, 370.94
1735632733, 45, 72, 80, 12, 0, 0.06%, 9, 0, 9, 344.10
1735632743, 45, 73, 80, 12, 0, 0.06%, 9, 0, 9, 343.84
1735632748, 45, 74, 80, 12, 0, 0.06%, 9, 0, 9, 376.25
1735632758, 46, 30, 80, 12, 0, 0.06%, 9, 0, 9, 360.41
1735632764, 46, 36, 80, 12, 0, 0.06%, 9, 0, 9, 376.53
1735632769, 46, 42, 80, 12, 0, 0.06%, 9, 0, 9, 362.24
1735632774, 46, 43, 80, 12, 0, 0.06%, 9, 0, 9, 359.66
1735632779, 46, 44, 80, 12, 0, 0.06%, 9, 0, 9, 344.13
1735632784, 46, 46, 80, 12, 0, 0.06%, 9, 0, 9, 342.63
1735632794, 46, 48, 80, 12, 0, 0.06%, 9, 0, 9, 344.03
1735632799, 46, 49, 80, 12, 0, 0.06%, 9, 0, 9, 378.67
1735632804, 46, 56, 80, 12, 0, 0.06%, 9, 0, 9, 361.29
1735632809, 46, 58, 80, 12, 0, 0.06%, 9, 0, 9, 355.50
1735632814, 46, 64, 80, 12, 0, 0.06%, 9, 0, 9, 368.27
1735632819, 46, 65, 80, 12, 0, 0.06%, 9, 0, 9, 392.94
1735632824, 46, 66, 80, 12, 0, 0.06%, 9, 0, 9, 350.10
1735632829, 46, 67, 80, 12, 0, 0.06%, 9, 0, 9, 356.58
1735632839, 46, 68, 80, 12, 0, 0.06%, 9, 0, 9, 385.89
1735632845, 46, 69, 80, 12, 0, 0.06%, 9, 0, 9, 335.22
1735632855, 46, 70, 80, 12, 0, 0.06%, 9, 0, 9, 390.56
1735632860, 46, 71, 80, 12, 0, 0.06%, 9, 0, 9, 315.99
1735632870, 46, 72, 80, 12, 0, 0.06%, 9, 0, 9, 373.89
1735632875, 46, 73, 80, 12, 0, 0.06%, 9, 0, 9, 364.65
1735632885, 46, 74, 80, 12, 0, 0.06%, 9, 0, 9, 365.31
1735632890, 47, 29, 80, 12, 0, 0.06%, 9, 0, 9, 365.91
1735632895, 47, 30, 80, 12, 0, 0.06%, 9, 0, 9, 324.57
1735632901, 47, 36, 80, 12, 0, 0.06%, 9, 0, 9, 327.59
1735632906, 47, 43, 80, 12, 0, 0.06%, 9, 0, 9, 346.10
1735632911, 47, 44, 80, 12, 0, 0.06%, 9, 0, 9, 383.62
1735632916, 47, 45, 80, 12, 0, 0.06%, 9, 0, 9, 375.09
1735632921, 47, 46, 80, 12, 0, 0.06%, 9, 0, 9, 365.13
1735632926, 47, 47, 80, 12, 0, 0.06%, 9, 0, 9, 355.77
1735632931, 47, 48, 80, 12, 0, 0.06%, 9, 0, 9, 358.16
1735632936, 47, 49, 80, 12, 0, 0.06%, 9, 0, 9, 352.49
1735632941, 47, 56, 80, 12, 0, 0.06%, 9, 0, 9, 336.45
1735632946, 47, 64, 80, 12, 0, 0.06%, 9, 0, 9, 359.53
1735632951, 47, 65, 80, 12, 0, 0.06%, 9, 0, 9, 369.14
1735632961, 47, 66, 80, 12, 0, 0.06%, 9, 0, 9, 331.00
1735632966, 47, 67, 80, 12, 0, 0.06%, 9, 0, 9, 382.99
1735632972, 47, 68, 80, 12, 0, 0.06%, 9, 0, 9, 327.65
1735632982, 47, 69, 80, 12, 0, 0.06%, 9, 0, 9, 391.55
1735632987, 47, 70, 80, 12, 0, 0.06%, 9, 0, 9, 311.42
1735632997, 47, 71, 80, 12, 0, 0.06%, 9, 0, 9, 329.51
1735633007, 47, 72, 80, 12, 0, 0.06%, 9, 0, 9, 369.29
1735633012, 47, 73, 80, 12, 0, 0.06%, 9, 0, 9, 364.58
1735633022, 47, 74, 80, 12, 0, 0.06%, 9, 0, 9, 348.86
1735633027, 48, 29, 80, 12, 0, 0.06%, 9, 0, 9, 347.20
1735633032, 48, 30, 80, 12, 0, 0.06%, 9, 0, 9, 348.60
1735633037, 48, 36, 80, 12, 0, 0.06%, 9, 0, 9, 345.74
1735633042, 48, 43, 80, 12, 0, 0.06%, 9, 0, 9, 372.85
1735633047, 48, 44, 80, 12, 0, 0.06%, 9, 0, 9, 373.04
1735633052, 48, 45, 80, 12, 0, 0.06%, 9, 0, 9, 353.66
1735633057, 48, 46, 80, 12, 0, 0.06%, 9, 0, 9, 356.62
1735633062, 48, 47, 80, 12, 0, 0.06%, 9, 0, 9, 364.36
1735633068, 48, 48, 80, 12, 0, 0.06%, 9, 0, 9, 365.41
1735633073, 48, 49, 80, 12, 0, 0.06%, 9, 0, 9, 369.01
1735633078, 48, 58, 80, 12, 0, 0.06%, 9, 0, 9, 346.56
1735633083, 48, 64, 80, 12, 0, 0.06%, 9, 0, 9, 327.70
1735633088, 48, 65, 80, 12, 0, 0.06%, 9, 0, 9, 339.25
1735633098, 48, 66, 80, 12, 0, 0.06%, 9, 0, 9, 333.58
1735633103, 48, 67, 80, 12, 0, 0.06%, 9, 0, 9, 367.37
1735633108, 48, 68, 80, 12, 0, 0.06%, 9, 0, 9, 304.48
1735633118, 48, 69, 80, 12, 0, 0.06%, 9, 0, 9, 380.53
1735633123, 48, 70, 80, 12, 0, 0.06%, 9, 0, 9, 325.93
1735633133, 48, 71, 80, 12, 0, 0.06%, 9, 0, 9, 376.35
1735633138, 48, 72, 80, 12, 0, 0.06%, 9, 0, 9, 330.12
1735633148, 48, 73, 80, 12, 0, 0.06%, 9, 0, 9, 379.91
1735633153, 48, 74, 80, 12, 0, 0.06%, 9, 0, 9, 356.62
1735633164, 49, 30, 80, 12, 0, 0.06%, 9, 0, 9, 343.13
1735633169, 49, 36, 80, 12, 0, 0.06%, 9, 0, 9, 325.62
1735633174, 49, 42, 80, 12, 0, 0.06%, 9, 0, 9, 397.33
1735633179, 49, 43, 80, 12, 0, 0.06%, 9, 0, 9, 365.09
1735633184, 49, 44, 80, 12, 0, 0.06%, 9, 0, 9, 358.33
1735633189, 49, 45, 80, 12, 0, 0.06%, 9, 0, 9, 337.35
1735633194, 49, 46, 80, 12, 0, 0.06%, 9, 0, 9, 329.87
1735633199, 49, 47, 80, 12, 0, 0.06%, 9, 0, 9, 329.96
1735633204, 49, 48, 80, 12, 0, 0.06%, 9, 0, 9, 347.85
1735633209, 49, 49, 80, 12, 0, 0.06%, 9, 0, 9, 341.85
1735633214, 49, 58, 80, 12, 0, 0.06%, 9, 0, 9, 355.81
1735633219, 49, 64, 80, 12, 0, 0.06%, 9, 0, 9, 344.73
1735633224, 49, 65, 80, 12, 0, 0.06%, 9, 0, 9, 342.28
1735633235, 49, 66, 80, 12, 0, 0.06%, 9, 0, 9, 326.40
