# unix_time, cycles_done, cur_path, paths_total, pending_total, pending_favs, map_size, unique_crashes, unique_hangs, max_depth, execs_per_sec
1735654843, 0, 0, 10, 10, 1, 0.00%, 0, 0, 1, 172.04
1735654848, 0, 4, 10, 10, 1, 0.00%, 0, 0, 1, 202.79
1735654853, 0, 5, 11, 10, 0, 0.05%, 1, 0, 2, 210.14
1735654863, 0, 10, 12, 10, 1, 0.05%, 2, 0, 3, 224.34
1735654868, 0, 10, 13, 11, 1, 0.05%, 3, 0, 3, 235.59
1735654889, 0, 12, 17, 14, 2, 0.06%, 6, 0, 4, 243.64
1735654904, 0, 15, 17, 13, 4, 0.06%, 6, 0, 4, 236.62
1735654909, 0, 15, 24, 20, 4, 0.06%, 8, 0, 5, 279.55
1735654914, 0, 15, 25, 21, 4, 0.06%, 8, 0, 5, 309.75
1735654919, 0, 15, 26, 22, 4, 0.06%, 8, 0, 5, 316.29
1735654929, 0, 15, 27, 23, 4, 0.06%, 8, 0, 5, 324.31
1735654934, 0, 15, 28, 24, 4, 0.06%, 8, 0, 5, 318.33
1735654939, 0, 15, 29, 25, 4, 0.06%, 8, 0, 5, 316.84
1735654955, 0, 15, 30, 26, 4, 0.06%, 8, 0, 5, 317.59
1735655006, 0, 15, 32, 28, 4, 0.06%, 8, 0, 5, 324.34
1735655011, 0, 17, 34, 29, 5, 0.06%, 9, 0, 6, 364.06
1735655026, 0, 32, 34, 28, 5, 0.06%, 9, 0, 6, 482.04
1735655031, 0, 32, 35, 29, 5, 0.06%, 9, 0, 7, 503.06
1735655042, 1, 14, 36, 29, 4, 0.06%, 9, 0, 7, 337.44
1735655062, 1, 16, 37, 29, 3, 0.06%, 9, 0, 7, 296.05
1735655067, 1, 16, 39, 31, 3, 0.06%, 9, 0, 7, 308.62
1735655102, 1, 16, 40, 32, 3, 0.06%, 9, 0, 7, 311.38
1735655138, 1, 20, 40, 31, 2, 0.06%, 9, 0, 7, 334.90
1735655143, 1, 20, 41, 32, 2, 0.06%, 9, 0, 7, 461.38
1735655153, 1, 21, 42, 32, 2, 0.06%, 9, 0, 7, 501.83
1735655169, 1, 33, 43, 32, 1, 0.06%, 9, 0, 7, 457.66
1735655179, 1, 34, 43, 31, 1, 0.06%, 9, 0, 7, 419.02
1735655184, 1, 40, 43, 30, 1, 0.06%, 9, 0, 7, 420.84
1735655199, 1, 41, 44, 30, 1, 0.06%, 9, 0, 7, 438.22
1735655220, 1, 42, 44, 29, 1, 0.06%, 9, 0, 7, 404.84
1735655225, 1, 42, 45, 30, 1, 0.06%, 9, 0, 8, 306.12
1735655240, 1, 42, 46, 31, 1, 0.06%, 9, 0, 8, 268.15
1735655285, 3, 32, 46, 30, 1, 0.06%, 9, 0, 8, 350.71
1735655290, 3, 34, 47, 31, 1, 0.06%, 9, 0, 8, 308.99
1735655295, 3, 34, 48, 32, 1, 0.06%, 9, 0, 8, 364.58
1735655301, 3, 46, 48, 32, 1, 0.06%, 9, 0, 8, 369.09
1735655311, 3, 46, 50, 34, 1, 0.06%, 9, 0, 9, 487.98
1735655372, 4, 17, 50, 33, 1, 0.06%, 9, 0, 9, 311.32
1735655377, 4, 21, 50, 33, 1, 0.06%, 9, 0, 9, 299.04
1735655382, 4, 28, 51, 34, 1, 0.06%, 9, 0, 9, 309.44
1735655397, 4, 33, 51, 33, 1, 0.06%, 9, 0, 9, 333.18
1735655402, 4, 40, 51, 33, 1, 0.06%, 9, 0, 9, 306.82
1735655407, 4, 41, 51, 33, 1, 0.06%, 9, 0, 9, 290.46
1735655412, 4, 42, 51, 33, 1, 0.06%, 9, 0, 9, 275.01
1735655418, 4, 43, 51, 33, 1, 0.06%, 9, 0, 9, 412.78
1735655443, 4, 44, 51, 32, 1, 0.06%, 9, 0, 9, 414.07
1735655453, 4, 44, 52, 33, 1, 0.06%, 9, 0, 9, 316.74
1735655459, 4, 44, 53, 34, 1, 0.06%, 9, 0, 9, 304.65
1735655464, 4, 44, 55, 36, 1, 0.06%, 9, 0, 9, 304.35
1735655469, 4, 44, 56, 37, 1, 0.06%, 9, 0, 9, 302.49
1735655540, 4, 45, 56, 36, 1, 0.06%, 9, 0, 9, 497.52
1735655566, 4, 46, 56, 35, 1, 0.06%, 9, 0, 9, 314.22
1735655581, 4, 47, 56, 35, 1, 0.06%, 9, 0, 9, 410.40
1735655606, 4, 48, 56, 34, 1, 0.06%, 9, 0, 9, 366.05
1735655637, 4, 49, 56, 33, 1, 0.06%, 9, 0, 9, 394.72
1735655688, 4, 50, 56, 32, 1, 0.06%, 9, 0, 9, 334.86
1735655734, 4, 51, 56, 31, 1, 0.06%, 9, 0, 9, 417.66
1735655764, 4, 51, 57, 32, 1, 0.06%, 9, 0, 10, 357.07
1735655785, 4, 51, 58, 33, 1, 0.06%, 9, 0, 10, 334.03
1735655851, 4, 52, 58, 32, 1, 0.06%, 9, 0, 10, 264.78
1735655856, 4, 52, 62, 36, 1, 0.06%, 9, 0, 10, 398.80
1735655861, 4, 52, 64, 38, 1, 0.06%, 9, 0, 10, 437.52
1735656095, 4, 52, 66, 40, 1, 0.06%, 9, 0, 10, 335.42
1735656116, 4, 53, 66, 39, 1, 0.06%, 9, 0, 10, 341.51
1735656136, 4, 53, 67, 40, 1, 0.06%, 9, 0, 10, 468.47
1735656192, 4, 57, 67, 39, 1, 0.06%, 9, 0, 10, 430.22
1735656263, 5, 20, 67, 38, 1, 0.06%, 9, 0, 10, 335.37
1735656268, 5, 21, 67, 38, 1, 0.06%, 9, 0, 10, 319.97
1735656273, 5, 32, 67, 38, 1, 0.06%, 9, 0, 10, 371.94
1735656278, 5, 34, 67, 38, 1, 0.06%, 9, 0, 10, 355.48
1735656283, 5, 40, 67, 38, 1, 0.06%, 9, 0, 10, 337.68
1735656288, 5, 41, 67, 38, 1, 0.06%, 9, 0, 10, 327.16
1735656293, 5, 43, 67, 38, 1, 0.06%, 9, 0, 10, 336.55
1735656298, 5, 46, 67, 38, 1, 0.06%, 9, 0, 10, 417.13
1735656308, 5, 47, 67, 38, 1, 0.06%, 9, 0, 10, 361.27
1735656324, 5, 48, 67, 38, 1, 0.06%, 9, 0, 10, 391.58
1735656339, 5, 49, 67, 38, 1, 0.06%, 9, 0, 10, 383.48
1735656349, 5, 50, 67, 38, 1, 0.06%, 9, 0, 10, 306.37
1735656354, 5, 57, 67, 38, 1, 0.06%, 9, 0, 10, 306.75
1735656364, 6, 20, 67, 38, 1, 0.06%, 9, 0, 10, 322.73
1735656369, 6, 21, 67, 38, 1, 0.06%, 9, 0, 10, 323.56
1735656374, 6, 28, 67, 38, 1, 0.06%, 9, 0, 10, 318.70
1735656379, 6, 34, 67, 38, 1, 0.06%, 9, 0, 10, 331.69
1735656384, 6, 40, 67, 38, 1, 0.06%, 9, 0, 10, 339.70
1735656389, 6, 41, 67, 38, 1, 0.06%, 9, 0, 10, 361.94
1735656394, 6, 43, 67, 38, 1, 0.06%, 9, 0, 10, 346.99
1735656399, 6, 46, 67, 38, 1, 0.06%, 9, 0, 10, 365.28
1735656404, 6, 47, 67, 38, 1, 0.06%, 9, 0, 10, 327.32
1735656420, 6, 48, 67, 38, 1, 0.06%, 9, 0, 10, 381.78
1735656435, 6, 49, 67, 38, 1, 0.06%, 9, 0, 10, 403.09
1735656445, 6, 50, 67, 38, 1, 0.06%, 9, 0, 10, 306.19
1735656450, 6, 57, 67, 38, 1, 0.06%, 9, 0, 10, 298.87
1735656460, 7, 20, 67, 38, 1, 0.06%, 9, 0, 10, 336.36
1735656465, 7, 21, 67, 38, 1, 0.06%, 9, 0, 10, 340.56
1735656470, 7, 28, 67, 38, 1, 0.06%, 9, 0, 10, 336.53
1735656475, 7, 34, 67, 38, 1, 0.06%, 9, 0, 10, 330.71
1735656480, 7, 40, 67, 38, 1, 0.06%, 9, 0, 10, 366.67
1735656485, 7, 46, 67, 38, 1, 0.06%, 9, 0, 10, 387.28
1735656490, 7, 47, 67, 38, 1, 0.06%, 9, 0, 10, 336.88
1735656500, 7, 48, 67, 38, 1, 0.06%, 9, 0, 10, 328.65
1735656506, 7, 49, 67, 38, 1, 0.06%, 9, 0, 10, 359.62
1735656516, 8, 34, 67, 38, 1, 0.06%, 9, 0, 10, 344.45
1735656521, 8, 35, 68, 39, 1, 0.06%, 9, 0, 10, 324.35
1735656541, 8, 40, 68, 38, 1, 0.06%, 9, 0, 10, 330.84
1735656546, 8, 43, 68, 38, 1, 0.06%, 9, 0, 10, 344.49
1735656551, 8, 46, 69, 39, 1, 0.06%, 9, 0, 10, 352.82
1735656561, 8, 47, 69, 39, 1, 0.06%, 9, 0, 10, 356.53
1735656566, 8, 48, 69, 39, 1, 0.06%, 9, 0, 10, 369.42
1735656576, 8, 49, 69, 39, 1, 0.06%, 9, 0, 10, 355.45
1735656582, 8, 50, 69, 39, 1, 0.06%, 9, 0, 10, 306.02
1735656587, 8, 53, 69, 39, 1, 0.06%, 9, 0, 10, 355.58
1735656592, 8, 57, 69, 39, 1, 0.06%, 9, 0, 10, 331.64
1735656602, 8, 64, 69, 39, 1, 0.06%, 9, 0, 10, 364.91
1735656689, 8, 67, 69, 38, 1, 0.06%, 9, 0, 10, 352.40
1735656765, 8, 67, 71, 40, 1, 0.06%, 9, 0, 10, 358.73
1735656775, 8, 68, 72, 40, 1, 0.06%, 9, 0, 10, 289.06
1735656872, 8, 69, 72, 39, 1, 0.06%, 9, 0, 10, 354.93
1735657004, 8, 70, 72, 38, 1, 0.06%, 9, 0, 10, 367.15
1735657157, 8, 71, 72, 37, 1, 0.06%, 9, 0, 10, 343.23
1735657234, 8, 71, 73, 38, 1, 0.06%, 9, 0, 11, 479.56
1735657280, 8, 72, 73, 37, 1, 0.06%, 9, 0, 11, 282.25
1735657377, 9, 14, 73, 36, 1, 0.06%, 9, 0, 11, 317.97
1735657382, 9, 16, 73, 36, 1, 0.06%, 9, 0, 11, 304.10
1735657387, 9, 20, 73, 36, 1, 0.06%, 9, 0, 11, 308.97
1735657392, 9, 28, 73, 36, 1, 0.06%, 9, 0, 11, 333.68
1735657397, 9, 31, 73, 36, 1, 0.06%, 9, 0, 11, 359.58
1735657412, 9, 32, 73, 35, 1, 0.06%, 9, 0, 11, 354.23
1735657417, 9, 34, 73, 35, 1, 0.06%, 9, 0, 11, 329.88
1735657423, 9, 35, 73, 35, 1, 0.06%, 9, 0, 11, 321.82
1735657428, 9, 36, 73, 35, 1, 0.06%, 9, 0, 11, 465.03
1735657453, 9, 37, 73, 34, 1, 0.06%, 9, 0, 11, 347.39
1735657468, 9, 38, 73, 33, 1, 0.06%, 9, 0, 11, 325.41
1735657489, 9, 39, 73, 32, 1, 0.06%, 9, 0, 11, 349.00
1735657504, 9, 40, 73, 31, 1, 0.06%, 9, 0, 11, 299.45
1735657509, 9, 41, 74, 32, 1, 0.06%, 9, 0, 11, 340.16
1735657514, 9, 43, 74, 32, 1, 0.06%, 9, 0, 11, 364.90
1735657519, 9, 46, 74, 32, 1, 0.06%, 9, 0, 11, 376.70
1735657524, 9, 47, 74, 32, 1, 0.06%, 9, 0, 11, 348.96
1735657535, 9, 48, 74, 32, 1, 0.06%, 9, 0, 11, 343.10
1735657540, 9, 49, 74, 32, 1, 0.06%, 9, 0, 11, 380.01
1735657545, 9, 50, 74, 32, 1, 0.06%, 9, 0, 11, 324.77
1735657550, 9, 53, 74, 32, 1, 0.06%, 9, 0, 11, 323.67
1735657560, 9, 57, 74, 32, 1, 0.06%, 9, 0, 11, 313.73
1735657565, 9, 64, 74, 32, 1, 0.06%, 9, 0, 11, 311.35
1735657575, 9, 65, 74, 32, 1, 0.06%, 9, 0, 11, 339.73
1735657651, 9, 66, 74, 31, 1, 0.06%, 9, 0, 11, 372.29
1735657733, 9, 66, 75, 32, 1, 0.06%, 9, 0, 11, 370.62
1735657809, 9, 67, 75, 31, 1, 0.06%, 9, 0, 11, 389.60
1735657834, 9, 68, 75, 31, 1, 0.06%, 9, 0, 11, 348.45
1735657859, 9, 69, 75, 31, 1, 0.06%, 9, 0, 11, 394.48
1735657885, 9, 70, 75, 31, 1, 0.06%, 9, 0, 11, 290.90
1735658140, 9, 71, 75, 31, 1, 0.06%, 9, 0, 11, 475.13
1735658211, 9, 72, 75, 31, 1, 0.06%, 9, 0, 11, 334.01
1735658241, 9, 73, 75, 31, 1, 0.06%, 9, 0, 11, 379.71
1735658490, 9, 74, 75, 30, 1, 0.06%, 9, 0, 11, 351.92
1735658622, 10, 15, 75, 29, 1, 0.06%, 9, 0, 11, 332.10
1735658627, 10, 17, 75, 29, 1, 0.06%, 9, 0, 11, 301.03
1735658632, 10, 18, 75, 29, 1, 0.06%, 9, 0, 11, 318.85
1735658643, 10, 19, 75, 28, 1, 0.06%, 9, 0, 11, 313.71
1735658653, 10, 20, 75, 27, 1, 0.06%, 9, 0, 11, 298.77
1735658658, 10, 21, 75, 27, 1, 0.06%, 9, 0, 11, 297.98
1735658663, 10, 22, 75, 27, 1, 0.06%, 9, 0, 11, 314.96
1735658673, 10, 23, 75, 26, 1, 0.06%, 9, 0, 11, 330.89
1735658683, 10, 24, 75, 25, 1, 0.06%, 9, 0, 11, 424.44
1735658699, 10, 25, 75, 24, 1, 0.06%, 9, 0, 11, 331.56
1735658709, 10, 26, 75, 23, 1, 0.06%, 9, 0, 11, 289.65
1735658719, 10, 27, 75, 22, 1, 0.06%, 9, 0, 11, 364.66
1735658734, 10, 28, 75, 21, 1, 0.06%, 9, 0, 11, 330.46
1735658739, 10, 29, 75, 21, 1, 0.06%, 9, 0, 11, 318.80
1735658754, 10, 30, 75, 20, 1, 0.06%, 9, 0, 11, 305.65
1735658774, 10, 34, 75, 19, 1, 0.06%, 9, 0, 11, 371.14
1735658779, 10, 46, 75, 19, 1, 0.06%, 9, 0, 11, 387.99
1735658784, 10, 47, 75, 19, 1, 0.06%, 9, 0, 11, 343.59
1735658795, 10, 48, 75, 19, 1, 0.06%, 9, 0, 11, 353.62
1735658800, 10, 49, 75, 19, 1, 0.06%, 9, 0, 11, 369.79
1735658805, 10, 67, 75, 19, 1, 0.06%, 9, 0, 11, 344.83
1735658851, 10, 68, 75, 19, 1, 0.06%, 9, 0, 11, 325.52
1735658861, 10, 69, 75, 19, 1, 0.06%, 9, 0, 11, 386.89
1735658953, 10, 70, 75, 19, 1, 0.06%, 9, 0, 11, 297.57
1735659193, 10, 71, 75, 19, 1, 0.06%, 9, 0, 11, 383.86
1735659198, 10, 72, 75, 19, 1, 0.06%, 9, 0, 11, 340.69
1735659425, 10, 73, 75, 19, 1, 0.06%, 9, 0, 11, 375.32
1735659664, 10, 74, 75, 19, 1, 0.06%, 9, 0, 11, 312.69
1735659781, 11, 15, 75, 19, 1, 0.06%, 9, 0, 11, 298.61
1735659786, 11, 16, 75, 19, 1, 0.06%, 9, 0, 11, 286.91
1735659791, 11, 17, 75, 19, 1, 0.06%, 9, 0, 11, 293.90
1735659796, 11, 18, 75, 19, 1, 0.06%, 9, 0, 11, 313.45
1735659801, 11, 20, 75, 19, 1, 0.06%, 9, 0, 11, 311.23
1735659806, 11, 21, 75, 19, 1, 0.06%, 9, 0, 11, 305.16
1735659811, 11, 22, 75, 19, 1, 0.06%, 9, 0, 11, 307.85
1735659817, 11, 23, 75, 19, 1, 0.06%, 9, 0, 11, 347.34
1735659822, 11, 24, 75, 19, 1, 0.06%, 9, 0, 11, 345.11
1735659827, 11, 25, 75, 19, 1, 0.06%, 9, 0, 11, 299.94
1735659832, 11, 26, 75, 19, 1, 0.06%, 9, 0, 11, 317.04
1735659837, 11, 27, 75, 19, 1, 0.06%, 9, 0, 11, 315.70
1735659842, 11, 28, 75, 19, 1, 0.06%, 9, 0, 11, 295.48
1735659847, 11, 29, 75, 19, 1, 0.06%, 9, 0, 11, 302.85
1735659852, 11, 30, 75, 19, 1, 0.06%, 9, 0, 11, 321.90
1735659858, 11, 31, 75, 19, 1, 0.06%, 9, 0, 11, 426.10
1735659868, 11, 32, 75, 19, 1, 0.06%, 9, 0, 11, 340.37
1735659873, 11, 33, 75, 19, 1, 0.06%, 9, 0, 11, 307.93
1735659878, 11, 36, 75, 19, 1, 0.06%, 9, 0, 11, 344.09
1735659883, 11, 37, 75, 19, 1, 0.06%, 9, 0, 11, 343.19
1735659888, 11, 38, 75, 19, 1, 0.06%, 9, 0, 11, 362.86
1735659893, 11, 39, 75, 19, 1, 0.06%, 9, 0, 11, 354.36
1735659898, 11, 40, 75, 19, 1, 0.06%, 9, 0, 11, 342.83
1735659903, 11, 41, 75, 19, 1, 0.06%, 9, 0, 11, 322.06
1735659908, 11, 42, 75, 19, 1, 0.06%, 9, 0, 11, 311.28
1735659913, 11, 43, 75, 19, 1, 0.06%, 9, 0, 11, 314.39
1735659918, 11, 44, 76, 20, 1, 0.06%, 9, 0, 11, 302.64
1735659923, 11, 45, 76, 20, 1, 0.06%, 9, 0, 11, 380.10
1735659928, 11, 46, 76, 20, 1, 0.06%, 9, 0, 11, 351.59
1735659938, 11, 47, 76, 20, 1, 0.06%, 9, 0, 11, 337.12
1735659943, 11, 48, 76, 20, 1, 0.06%, 9, 0, 11, 355.11
1735659949, 11, 49, 76, 20, 1, 0.06%, 9, 0, 11, 341.54
1735659959, 11, 50, 76, 20, 1, 0.06%, 9, 0, 11, 299.49
1735659964, 11, 51, 76, 20, 1, 0.06%, 9, 0, 11, 323.48
1735659974, 11, 52, 76, 20, 1, 0.06%, 9, 0, 11, 347.32
1735659984, 11, 53, 76, 20, 1, 0.06%, 9, 0, 11, 464.37
1735659999, 11, 54, 76, 20, 1, 0.06%, 9, 0, 11, 399.03
1735660143, 11, 55, 77, 20, 1, 0.06%, 9, 0, 11, 443.89
1735660234, 11, 56, 77, 19, 1, 0.06%, 9, 0, 11, 280.96
1735660729, 11, 57, 77, 18, 1, 0.06%, 9, 0, 11, 317.32
1735660739, 11, 66, 77, 18, 1, 0.06%, 9, 0, 11, 328.99
1735660749, 11, 67, 77, 18, 1, 0.06%, 9, 0, 11, 356.46
1735660754, 11, 68, 77, 18, 1, 0.06%, 9, 0, 11, 369.99
1735660759, 11, 69, 77, 18, 1, 0.06%, 9, 0, 11, 378.54
1735660769, 11, 70, 77, 18, 1, 0.06%, 9, 0, 11, 295.33
1735660779, 11, 71, 77, 18, 1, 0.06%, 9, 0, 11, 393.66
1735660784, 11, 72, 77, 18, 1, 0.06%, 9, 0, 11, 358.17
1735661021, 11, 73, 77, 18, 1, 0.06%, 9, 0, 11, 328.00
1735661031, 11, 74, 77, 18, 1, 0.06%, 9, 0, 11, 331.91
1735661046, 12, 15, 77, 18, 1, 0.06%, 9, 0, 11, 301.88
1735661052, 12, 16, 77, 18, 1, 0.06%, 9, 0, 11, 301.15
1735661057, 12, 17, 77, 18, 1, 0.06%, 9, 0, 11, 299.89
1735661062, 12, 18, 77, 18, 1, 0.06%, 9, 0, 11, 328.31
1735661067, 12, 19, 77, 18, 1, 0.06%, 9, 0, 11, 318.01
1735661072, 12, 20, 77, 18, 1, 0.06%, 9, 0, 11, 304.72
1735661077, 12, 21, 77, 18, 1, 0.06%, 9, 0, 11, 303.47
1735661082, 12, 22, 77, 18, 1, 0.06%, 9, 0, 11, 306.81
1735661087, 12, 23, 77, 18, 1, 0.06%, 9, 0, 11, 322.38
1735661092, 12, 24, 77, 18, 1, 0.06%, 9, 0, 11, 324.02
1735661097, 12, 25, 77, 18, 1, 0.06%, 9, 0, 11, 301.80
1735661102, 12, 26, 77, 18, 1, 0.06%, 9, 0, 11, 298.48
1735661107, 12, 28, 77, 18, 1, 0.06%, 9, 0, 11, 322.11
1735661112, 12, 29, 77, 18, 1, 0.06%, 9, 0, 11, 315.54
1735661117, 12, 30, 77, 18, 1, 0.06%, 9, 0, 11, 302.70
1735661122, 12, 31, 77, 18, 1, 0.06%, 9, 0, 11, 311.31
1735661128, 12, 32, 77, 18, 1, 0.06%, 9, 0, 11, 372.30
1735661133, 12, 34, 77, 18, 1, 0.06%, 9, 0, 11, 358.22
1735661138, 12, 36, 77, 18, 1, 0.06%, 9, 0, 11, 342.16
1735661143, 12, 37, 77, 18, 1, 0.06%, 9, 0, 11, 345.15
1735661148, 12, 38, 77, 18, 1, 0.06%, 9, 0, 11, 313.52
1735661153, 12, 39, 77, 18, 1, 0.06%, 9, 0, 11, 334.43
1735661158, 12, 46, 77, 18, 1, 0.06%, 9, 0, 11, 350.63
1735661163, 12, 47, 77, 18, 1, 0.06%, 9, 0, 11, 368.18
1735661168, 12, 48, 77, 18, 1, 0.06%, 9, 0, 11, 364.89
1735661173, 12, 49, 77, 18, 1, 0.06%, 9, 0, 11, 312.74
1735661184, 12, 50, 77, 18, 1, 0.06%, 9, 0, 11, 294.87
1735661189, 12, 66, 77, 18, 1, 0.06%, 9, 0, 11, 313.99
1735661194, 12, 67, 77, 18, 1, 0.06%, 9, 0, 11, 355.67
1735661204, 12, 68, 77, 18, 1, 0.06%, 9, 0, 11, 348.38
1735661209, 12, 69, 77, 18, 1, 0.06%, 9, 0, 11, 379.30
1735661214, 12, 70, 77, 18, 1, 0.06%, 9, 0, 11, 360.67
1735661224, 12, 71, 77, 18, 1, 0.06%, 9, 0, 11, 330.85
1735661234, 12, 72, 77, 18, 1, 0.06%, 9, 0, 11, 290.15
1735661245, 12, 73, 77, 18, 1, 0.06%, 9, 0, 11, 283.19
1735661250, 12, 74, 77, 18, 1, 0.06%, 9, 0, 11, 367.97
1735661260, 13, 15, 77, 18, 1, 0.06%, 9, 0, 11, 318.33
1735661265, 13, 16, 77, 18, 1, 0.06%, 9, 0, 11, 309.68
1735661270, 13, 17, 77, 18, 1, 0.06%, 9, 0, 11, 301.09
1735661275, 13, 18, 77, 18, 1, 0.06%, 9, 0, 11, 303.97
1735661280, 13, 19, 77, 18, 1, 0.06%, 9, 0, 11, 306.72
1735661285, 13, 20, 77, 18, 1, 0.06%, 9, 0, 11, 291.65
1735661290, 13, 21, 77, 18, 1, 0.06%, 9, 0, 11, 291.82
1735661295, 13, 22, 77, 18, 1, 0.06%, 9, 0, 11, 318.92
1735661300, 13, 24, 77, 18, 1, 0.06%, 9, 0, 11, 322.06
1735661305, 13, 25, 77, 18, 1, 0.06%, 9, 0, 11, 325.32
1735661310, 13, 26, 77, 18, 1, 0.06%, 9, 0, 11, 313.37
1735661315, 13, 27, 77, 18, 1, 0.06%, 9, 0, 11, 341.64
1735661320, 13, 28, 77, 18, 1, 0.06%, 9, 0, 11, 324.00
1735661326, 13, 29, 77, 18, 1, 0.06%, 9, 0, 11, 318.82
1735661331, 13, 30, 77, 18, 1, 0.06%, 9, 0, 11, 342.76
1735661336, 13, 31, 77, 18, 1, 0.06%, 9, 0, 11, 348.15
1735661341, 13, 32, 77, 18, 1, 0.06%, 9, 0, 11, 337.85
1735661346, 13, 77, 78, 19, 2, 0.07%, 10, 0, 11, 252.36
1735661392, 14, 77, 78, 18, 1, 0.07%, 10, 0, 11, 312.84
1735661417, 15, 77, 78, 18, 1, 0.07%, 10, 0, 11, 245.22
1735661427, 15, 77, 80, 20, 1, 0.07%, 10, 0, 11, 278.17
1735661438, 15, 78, 80, 20, 1, 0.07%, 10, 0, 11, 256.52
1735661514, 15, 79, 80, 19, 1, 0.07%, 10, 0, 11, 290.74
1735661586, 16, 77, 80, 18, 1, 0.07%, 10, 0, 11, 277.18
1735661596, 16, 78, 80, 18, 1, 0.07%, 10, 0, 11, 309.86
1735661631, 16, 79, 80, 18, 1, 0.07%, 10, 0, 11, 265.63
1735661666, 17, 77, 80, 18, 1, 0.07%, 10, 0, 11, 272.61
1735661672, 17, 78, 80, 18, 1, 0.07%, 10, 0, 11, 222.81
1735661707, 17, 79, 80, 18, 1, 0.07%, 10, 0, 11, 250.24
1735661738, 18, 77, 80, 18, 1, 0.07%, 10, 0, 11, 269.31
1735661743, 18, 78, 80, 18, 1, 0.07%, 10, 0, 11, 261.21
1735661763, 18, 79, 80, 18, 1, 0.07%, 10, 0, 11, 252.88
1735661778, 19, 77, 80, 18, 1, 0.07%, 10, 0, 11, 258.08
1735661783, 19, 78, 80, 18, 1, 0.07%, 10, 0, 11, 251.78
1735661798, 19, 79, 80, 18, 1, 0.07%, 10, 0, 11, 297.61
1735661819, 20, 77, 80, 18, 1, 0.07%, 10, 0, 11, 263.02
1735661824, 20, 78, 80, 18, 1, 0.07%, 10, 0, 11, 235.74
1735661839, 20, 79, 80, 18, 1, 0.07%, 10, 0, 11, 266.08
1735661859, 21, 77, 80, 18, 1, 0.07%, 10, 0, 11, 272.81
1735661864, 21, 78, 80, 18, 1, 0.07%, 10, 0, 11, 281.20
1735661869, 21, 79, 80, 18, 1, 0.07%, 10, 0, 11, 276.22
1735661879, 22, 77, 80, 18, 1, 0.07%, 10, 0, 11, 262.87
1735661885, 22, 78, 80, 18, 1, 0.07%, 10, 0, 11, 241.74
1735661895, 22, 79, 80, 18, 1, 0.07%, 10, 0, 11, 266.94
1735661900, 23, 77, 80, 18, 1, 0.07%, 10, 0, 11, 259.18
1735661905, 23, 78, 80, 18, 1, 0.07%, 10, 0, 11, 253.70
1735661915, 23, 79, 80, 18, 1, 0.07%, 10, 0, 11, 249.85
1735661920, 24, 77, 80, 18, 1, 0.07%, 10, 0, 11, 280.28
1735661925, 24, 78, 80, 18, 1, 0.07%, 10, 0, 11, 276.35
1735661936, 24, 79, 80, 18, 1, 0.07%, 10, 0, 11, 271.67
1735661946, 25, 77, 80, 18, 1, 0.07%, 10, 0, 11, 260.67
1735661951, 25, 78, 80, 18, 1, 0.07%, 10, 0, 11, 228.07
1735661956, 25, 79, 80, 18, 1, 0.07%, 10, 0, 11, 276.37
1735661966, 26, 77, 80, 18, 1, 0.07%, 10, 0, 11, 260.62
1735661971, 26, 78, 80, 18, 1, 0.07%, 10, 0, 11, 244.91
1735661981, 26, 79, 80, 18, 1, 0.07%, 10, 0, 11, 264.75
1735661987, 27, 77, 80, 18, 1, 0.07%, 10, 0, 11, 285.28
1735661992, 27, 78, 80, 18, 1, 0.07%, 10, 0, 11, 290.16
1735662002, 27, 79, 80, 18, 1, 0.07%, 10, 0, 11, 266.44
1735662012, 28, 77, 80, 18, 1, 0.07%, 10, 0, 11, 269.19
1735662017, 28, 78, 80, 18, 1, 0.07%, 10, 0, 11, 227.67
1735662022, 28, 79, 80, 18, 1, 0.07%, 10, 0, 11, 278.32
1735662033, 29, 77, 80, 18, 1, 0.07%, 10, 0, 11, 253.36
1735662038, 29, 78, 80, 18, 1, 0.07%, 10, 0, 11, 249.02
1735662048, 29, 79, 80, 18, 1, 0.07%, 10, 0, 11, 262.57
1735662053, 30, 77, 80, 18, 1, 0.07%, 10, 0, 11, 289.95
1735662063, 30, 78, 80, 18, 1, 0.07%, 10, 0, 11, 278.78
1735662068, 30, 79, 80, 18, 1, 0.07%, 10, 0, 11, 274.67
1735662078, 31, 77, 80, 18, 1, 0.07%, 10, 0, 11, 268.54
1735662083, 31, 78, 80, 18, 1, 0.07%, 10, 0, 11, 236.28
1735662088, 31, 79, 80, 18, 1, 0.07%, 10, 0, 11, 275.83
1735662099, 31, 80, 81, 19, 2, 0.08%, 11, 0, 11, 263.27
1735662175, 32, 80, 81, 18, 1, 0.08%, 11, 0, 11, 266.42
1735662205, 33, 80, 81, 18, 1, 0.08%, 11, 0, 11, 277.43
1735662236, 34, 80, 81, 18, 1, 0.08%, 11, 0, 11, 256.83
1735662266, 35, 80, 81, 18, 1, 0.08%, 11, 0, 11, 289.41
1735662297, 36, 80, 81, 18, 1, 0.08%, 11, 0, 11, 289.11
1735662332, 37, 80, 81, 18, 1, 0.08%, 11, 0, 11, 275.35
1735662363, 38, 80, 81, 18, 1, 0.08%, 11, 0, 11, 253.39
1735662378, 39, 80, 81, 18, 1, 0.08%, 11, 0, 11, 274.72
1735662398, 40, 80, 81, 18, 1, 0.08%, 11, 0, 11, 266.96
1735662413, 41, 80, 81, 18, 1, 0.08%, 11, 0, 11, 283.88
1735662418, 42, 80, 81, 18, 1, 0.08%, 11, 0, 11, 277.25
1735662428, 43, 80, 81, 18, 1, 0.08%, 11, 0, 11, 265.49
1735662433, 44, 80, 81, 18, 1, 0.08%, 11, 0, 11, 268.14
1735662444, 45, 80, 81, 18, 1, 0.08%, 11, 0, 11, 255.92
1735662449, 45, 80, 82, 19, 1, 0.08%, 11, 0, 11, 269.69
1735662454, 45, 81, 83, 20, 1, 0.08%, 12, 0, 11, 400.96
1735662469, 45, 81, 85, 22, 1, 0.10%, 13, 0, 11, 442.71
1735662535, 45, 84, 87, 23, 3, 0.10%, 14, 0, 12, 424.08
1735662555, 45, 84, 89, 25, 3, 0.10%, 14, 0, 12, 519.44
1735662596, 45, 84, 90, 26, 3, 0.10%, 15, 0, 12, 527.31
1735662631, 45, 89, 90, 25, 4, 0.10%, 15, 0, 12, 325.17
1735662652, 45, 89, 91, 26, 4, 0.10%, 15, 0, 13, 515.53
1735662662, 45, 89, 92, 27, 4, 0.10%, 15, 0, 13, 510.87
1735662682, 45, 89, 93, 28, 4, 0.10%, 15, 0, 13, 511.07
1735662718, 45, 89, 95, 30, 4, 0.10%, 15, 0, 13, 344.17
1735662733, 46, 85, 96, 30, 3, 0.10%, 15, 0, 13, 345.93
1735662763, 46, 85, 97, 31, 3, 0.10%, 15, 0, 13, 518.28
1735662773, 46, 85, 98, 32, 3, 0.10%, 15, 0, 13, 526.41
1735662829, 46, 89, 98, 31, 3, 0.10%, 15, 0, 13, 310.03
1735662865, 46, 90, 98, 31, 3, 0.10%, 15, 0, 13, 393.75
1735662870, 46, 90, 99, 32, 3, 0.11%, 16, 0, 14, 395.42
1735662910, 46, 90, 100, 33, 3, 0.11%, 17, 0, 14, 475.33
1735662971, 46, 99, 100, 32, 4, 0.11%, 17, 0, 14, 327.75
1735663002, 46, 99, 104, 36, 4, 0.11%, 17, 0, 15, 427.66
1735663007, 46, 99, 105, 37, 4, 0.11%, 17, 0, 15, 470.25
1735663012, 46, 99, 106, 38, 4, 0.11%, 17, 0, 15, 481.14
1735663017, 46, 99, 107, 39, 4, 0.11%, 17, 0, 15, 483.01
1735663037, 46, 99, 108, 40, 4, 0.11%, 17, 0, 15, 470.95
1735663093, 47, 98, 108, 39, 4, 0.11%, 17, 0, 15, 355.53
1735663098, 47, 98, 109, 40, 4, 0.11%, 17, 0, 15, 443.30
1735663134, 47, 98, 110, 41, 4, 0.11%, 17, 0, 15, 523.64
1735663144, 47, 98, 111, 42, 4, 0.11%, 17, 0, 15, 518.66
1735663200, 47, 108, 111, 41, 4, 0.11%, 17, 0, 15, 375.20
1735663220, 47, 108, 113, 43, 4, 0.11%, 17, 0, 16, 284.91
1735663231, 47, 108, 114, 44, 4, 0.11%, 17, 0, 16, 510.13
1735663277, 47, 108, 115, 45, 4, 0.11%, 17, 0, 16, 519.90
1735663307, 48, 85, 115, 44, 3, 0.11%, 17, 0, 16, 441.01
1735663343, 48, 95, 115, 44, 3, 0.11%, 17, 0, 16, 420.37
1735663363, 48, 95, 116, 45, 3, 0.11%, 17, 0, 16, 518.95
1735663440, 48, 96, 120, 48, 3, 0.13%, 19, 0, 16, 373.88
1735663445, 48, 96, 130, 58, 3, 0.13%, 19, 0, 16, 446.99
1735663460, 48, 96, 131, 59, 3, 0.13%, 19, 0, 16, 518.04
1735663476, 48, 96, 132, 60, 3, 0.13%, 19, 0, 16, 516.58
1735663537, 48, 117, 133, 60, 4, 0.13%, 19, 0, 16, 361.57
1735663542, 48, 117, 134, 61, 4, 0.13%, 20, 0, 16, 465.73
1735663552, 48, 117, 135, 62, 4, 0.13%, 20, 0, 16, 491.66
1735663562, 48, 117, 137, 64, 4, 0.13%, 20, 0, 16, 510.55
1735663567, 48, 117, 138, 65, 4, 0.13%, 20, 0, 16, 511.86
1735663588, 48, 117, 139, 66, 4, 0.13%, 20, 0, 16, 525.61
1735663634, 48, 118, 141, 67, 5, 0.13%, 21, 0, 16, 336.99
1735663639, 48, 118, 143, 69, 5, 0.14%, 23, 0, 16, 420.42
1735663649, 48, 118, 144, 70, 5, 0.14%, 23, 0, 16, 467.98
1735663654, 48, 118, 145, 71, 5, 0.14%, 23, 0, 16, 501.81
1735663664, 48, 118, 146, 72, 5, 0.14%, 23, 0, 16, 522.40
1735663721, 48, 118, 148, 74, 5, 0.14%, 23, 0, 16, 354.76
1735663731, 48, 139, 148, 73, 7, 0.14%, 23, 0, 16, 402.38
1735663746, 48, 139, 149, 74, 7, 0.14%, 23, 0, 16, 453.26
1735663756, 48, 139, 150, 75, 7, 0.14%, 23, 0, 16, 520.96
1735663782, 48, 139, 151, 76, 7, 0.14%, 23, 0, 16, 520.18
1735663807, 48, 139, 152, 77, 7, 0.14%, 23, 0, 16, 487.58
1735663833, 48, 141, 152, 76, 7, 0.14%, 23, 0, 16, 390.42
1735663848, 48, 141, 153, 77, 7, 0.14%, 23, 0, 16, 499.91
1735663879, 48, 141, 154, 78, 7, 0.14%, 23, 0, 16, 519.56
1735663930, 48, 142, 154, 77, 6, 0.14%, 23, 0, 16, 346.45
1735663945, 48, 142, 155, 78, 6, 0.14%, 23, 0, 16, 484.93
1735664027, 49, 133, 155, 77, 5, 0.14%, 23, 0, 16, 324.22
1735664042, 49, 133, 156, 78, 5, 0.14%, 23, 0, 16, 501.05
1735664124, 49, 139, 156, 77, 4, 0.14%, 23, 0, 16, 303.62
1735664154, 49, 141, 156, 77, 4, 0.14%, 23, 0, 16, 463.58
1735664160, 49, 141, 157, 78, 4, 0.14%, 23, 0, 16, 503.06
1735664175, 49, 141, 159, 80, 4, 0.14%, 23, 0, 16, 335.20
1735664196, 49, 142, 159, 80, 4, 0.14%, 23, 0, 16, 465.73
1735664221, 49, 148, 159, 80, 4, 0.14%, 23, 0, 16, 383.63
1735664226, 49, 148, 160, 81, 4, 0.14%, 24, 0, 17, 492.55
1735664287, 49, 159, 160, 80, 4, 0.14%, 24, 0, 17, 438.56
1735664293, 49, 159, 161, 81, 4, 0.14%, 24, 0, 18, 438.29
1735664379, 49, 160, 161, 80, 3, 0.14%, 24, 0, 18, 321.74
1735664384, 49, 160, 162, 81, 3, 0.14%, 24, 0, 19, 419.68
1735664415, 49, 160, 163, 82, 3, 0.14%, 24, 0, 19, 521.35
1735664431, 49, 160, 164, 83, 3, 0.14%, 24, 0, 19, 521.46
1735664477, 49, 161, 164, 82, 3, 0.14%, 24, 0, 19, 373.17
1735664543, 50, 133, 164, 81, 3, 0.14%, 24, 0, 19, 366.12
1735664574, 50, 141, 164, 81, 3, 0.14%, 24, 0, 19, 410.73
1735664604, 50, 142, 164, 81, 3, 0.14%, 24, 0, 19, 369.27
1735664635, 50, 152, 164, 81, 3, 0.14%, 24, 0, 19, 334.72
1735664707, 50, 154, 164, 80, 3, 0.14%, 24, 0, 19, 363.91
1735664722, 50, 154, 165, 81, 3, 0.14%, 24, 0, 19, 493.14
1735664742, 50, 154, 166, 82, 3, 0.14%, 24, 0, 19, 520.21
1735664804, 50, 155, 166, 81, 3, 0.14%, 24, 0, 19, 341.27
1735664835, 50, 155, 167, 82, 3, 0.14%, 24, 0, 19, 521.27
1735664851, 50, 155, 169, 84, 3, 0.14%, 24, 0, 19, 512.47
1735664906, 50, 156, 169, 83, 3, 0.14%, 24, 0, 19, 396.04
1735664968, 50, 156, 170, 84, 3, 0.14%, 24, 0, 19, 520.70
1735665029, 50, 159, 170, 83, 3, 0.14%, 24, 0, 19, 380.76
1735665065, 50, 160, 170, 83, 3, 0.14%, 24, 0, 19, 475.29
1735665096, 50, 161, 170, 83, 3, 0.14%, 24, 0, 19, 475.16
1735665126, 50, 162, 170, 83, 3, 0.14%, 24, 0, 19, 326.66
1735665208, 50, 163, 170, 82, 3, 0.14%, 24, 0, 19, 350.70
1735665254, 50, 163, 171, 83, 3, 0.14%, 24, 0, 20, 515.07
1735665325, 50, 164, 171, 82, 3, 0.14%, 24, 0, 20, 364.04
1735665341, 50, 164, 172, 83, 3, 0.14%, 24, 0, 20, 456.06
1735665387, 50, 164, 173, 84, 3, 0.14%, 24, 0, 20, 526.72
1735665428, 50, 165, 173, 83, 4, 0.14%, 24, 0, 20, 353.12
1735665504, 50, 166, 173, 82, 4, 0.14%, 24, 0, 20, 390.29
1735665591, 50, 167, 173, 81, 4, 0.14%, 24, 0, 20, 379.00
