# unix_time, cycles_done, cur_path, paths_total, pending_total, pending_favs, map_size, unique_crashes, unique_hangs, max_depth, execs_per_sec
1735406949, 0, 0, 10, 10, 1, 0.00%, 0, 0, 1, 175.82
1735406954, 0, 3, 10, 10, 1, 0.00%, 0, 0, 1, 206.00
1735406959, 0, 4, 10, 9, 0, 0.00%, 0, 0, 1, 213.66
1735406964, 0, 5, 10, 8, 0, 0.00%, 0, 0, 1, 203.16
1735406975, 0, 6, 10, 7, 0, 0.00%, 0, 0, 1, 213.22
1735406980, 0, 7, 10, 6, 0, 0.00%, 0, 0, 1, 198.66
1735406990, 0, 8, 10, 5, 0, 0.00%, 0, 0, 1, 212.60
1735406995, 0, 9, 10, 4, 0, 0.00%, 0, 0, 1, 214.91
1735407000, 1, 0, 10, 3, 0, 0.00%, 0, 0, 1, 205.15
1735407011, 1, 1, 10, 2, 0, 0.00%, 0, 0, 1, 199.69
1735407021, 1, 2, 10, 1, 0, 0.00%, 0, 0, 1, 210.54
1735407031, 1, 3, 10, 0, 0, 0.00%, 0, 0, 1, 213.03
1735407042, 1, 5, 10, 0, 0, 0.00%, 0, 0, 1, 210.63
1735407047, 1, 6, 10, 0, 0, 0.00%, 0, 0, 1, 208.14
1735407052, 1, 7, 10, 0, 0, 0.00%, 0, 0, 1, 211.71
1735407057, 1, 9, 10, 0, 0, 0.00%, 0, 0, 1, 210.70
1735407062, 2, 0, 10, 0, 0, 0.00%, 0, 0, 1, 209.52
1735407067, 2, 2, 10, 0, 0, 0.00%, 0, 0, 1, 210.73
1735407072, 2, 3, 10, 0, 0, 0.00%, 0, 0, 1, 214.57
1735407078, 2, 5, 10, 0, 0, 0.00%, 0, 0, 1, 212.13
1735407083, 2, 6, 10, 0, 0, 0.00%, 0, 0, 1, 210.63
1735407088, 2, 8, 10, 0, 0, 0.00%, 0, 0, 1, 211.44
1735407093, 2, 9, 10, 0, 0, 0.00%, 0, 0, 1, 210.33
1735407098, 3, 0, 10, 0, 0, 0.00%, 0, 0, 1, 208.29
1735407103, 3, 2, 10, 0, 0, 0.00%, 0, 0, 1, 209.47
1735407108, 3, 3, 10, 0, 0, 0.00%, 0, 0, 1, 213.36
1735407113, 3, 5, 10, 0, 0, 0.00%, 0, 0, 1, 209.43
1735407119, 3, 6, 10, 0, 0, 0.00%, 0, 0, 1, 210.58
1735407124, 3, 8, 10, 0, 0, 0.00%, 0, 0, 1, 209.51
1735407129, 3, 9, 10, 0, 0, 0.00%, 0, 0, 1, 210.94
1735407134, 4, 1, 10, 0, 0, 0.00%, 0, 0, 1, 214.97
1735407139, 4, 2, 10, 0, 0, 0.00%, 0, 0, 1, 211.31
1735407144, 4, 3, 10, 0, 0, 0.00%, 0, 0, 1, 207.36
1735407149, 4, 5, 10, 0, 0, 0.00%, 0, 0, 1, 207.01
1735407154, 4, 6, 10, 0, 0, 0.00%, 0, 0, 1, 209.15
1735407159, 4, 8, 10, 0, 0, 0.00%, 0, 0, 1, 211.31
1735407164, 4, 9, 10, 0, 0, 0.00%, 0, 0, 1, 211.20
1735407169, 5, 0, 10, 0, 0, 0.00%, 0, 0, 1, 213.47
1735407174, 5, 2, 10, 0, 0, 0.00%, 0, 0, 1, 212.13
1735407180, 5, 3, 10, 0, 0, 0.00%, 0, 0, 1, 210.97
1735407185, 5, 5, 10, 0, 0, 0.00%, 0, 0, 1, 205.99
1735407190, 5, 6, 10, 0, 0, 0.00%, 0, 0, 1, 208.92
1735407195, 5, 8, 10, 0, 0, 0.00%, 0, 0, 1, 211.05
1735407200, 5, 9, 10, 0, 0, 0.00%, 0, 0, 1, 209.42
1735407205, 6, 1, 10, 0, 0, 0.00%, 0, 0, 1, 211.31
1735407210, 6, 2, 10, 0, 0, 0.00%, 0, 0, 1, 214.74
1735407216, 6, 3, 10, 0, 0, 0.00%, 0, 0, 1, 213.53
1735407221, 6, 10, 11, 1, 1, 0.05%, 1, 0, 2, 222.87
1735407251, 6, 10, 12, 2, 1, 0.05%, 2, 0, 3, 268.61
1735407322, 6, 10, 13, 3, 1, 0.05%, 3, 0, 3, 201.55
1735407342, 6, 12, 14, 3, 2, 0.05%, 4, 0, 4, 254.13
1735407347, 6, 12, 15, 4, 2, 0.05%, 4, 0, 4, 267.93
1735407352, 6, 12, 18, 7, 2, 0.06%, 5, 0, 4, 271.38
1735407357, 6, 12, 19, 8, 2, 0.06%, 5, 0, 4, 272.38
1735407367, 6, 12, 20, 9, 2, 0.06%, 6, 0, 4, 275.78
1735407372, 6, 12, 21, 10, 2, 0.06%, 6, 0, 4, 278.39
1735407444, 6, 12, 22, 11, 2, 0.06%, 6, 0, 4, 209.14
1735407454, 6, 16, 25, 13, 4, 0.06%, 9, 0, 5, 321.76
1735407479, 6, 16, 26, 14, 4, 0.06%, 9, 0, 5, 461.24
1735407484, 6, 16, 27, 15, 4, 0.06%, 9, 0, 5, 455.69
1735407489, 6, 16, 28, 16, 4, 0.06%, 9, 0, 5, 453.94
1735407494, 6, 16, 29, 17, 4, 0.06%, 9, 0, 5, 450.45
1735407504, 6, 16, 30, 18, 4, 0.06%, 9, 0, 5, 470.66
1735407530, 6, 22, 30, 17, 6, 0.06%, 9, 0, 5, 319.40
1735407535, 6, 22, 32, 19, 6, 0.06%, 9, 0, 6, 459.37
1735407540, 6, 22, 33, 20, 6, 0.06%, 9, 0, 6, 482.05
1735407566, 6, 22, 34, 21, 6, 0.06%, 9, 0, 6, 493.00
1735407571, 6, 22, 35, 22, 6, 0.06%, 9, 0, 6, 498.30
1735407581, 6, 22, 36, 23, 6, 0.06%, 9, 0, 6, 398.10
1735407591, 6, 22, 37, 24, 6, 0.06%, 9, 0, 6, 280.60
1735407596, 6, 22, 38, 25, 6, 0.06%, 9, 0, 6, 283.38
1735407606, 6, 23, 38, 24, 5, 0.06%, 9, 0, 6, 422.25
1735407612, 6, 23, 39, 25, 5, 0.06%, 9, 0, 6, 482.79
1735407627, 6, 23, 41, 27, 5, 0.06%, 9, 0, 6, 492.77
1735407637, 6, 23, 43, 29, 5, 0.06%, 9, 0, 6, 502.62
1735407657, 6, 23, 44, 30, 5, 0.06%, 9, 0, 6, 337.39
1735407678, 6, 24, 44, 29, 5, 0.06%, 9, 0, 6, 414.27
1735407693, 6, 24, 48, 33, 5, 0.06%, 9, 0, 6, 420.62
1735407708, 6, 31, 49, 33, 4, 0.06%, 9, 0, 7, 310.26
1735407713, 6, 31, 52, 36, 4, 0.06%, 9, 0, 7, 383.32
1735407749, 6, 31, 53, 37, 4, 0.06%, 9, 0, 7, 415.16
1735407764, 6, 31, 54, 38, 4, 0.06%, 9, 0, 7, 409.86
1735407769, 6, 31, 55, 39, 4, 0.06%, 9, 0, 7, 413.06
1735407795, 6, 31, 56, 40, 4, 0.06%, 9, 0, 7, 299.76
1735407805, 6, 39, 56, 39, 4, 0.06%, 9, 0, 7, 400.17
1735407841, 6, 39, 58, 41, 4, 0.06%, 9, 0, 7, 486.47
1735407856, 6, 39, 60, 43, 4, 0.06%, 9, 0, 7, 487.88
1735408040, 6, 39, 61, 44, 4, 0.06%, 9, 0, 7, 310.69
1735408045, 6, 40, 62, 44, 4, 0.06%, 9, 0, 7, 336.52
1735408081, 6, 40, 63, 45, 4, 0.06%, 9, 0, 7, 493.91
1735408107, 6, 40, 64, 46, 4, 0.06%, 9, 0, 7, 489.41
1735408122, 6, 40, 65, 47, 4, 0.06%, 9, 0, 7, 494.70
1735408143, 6, 40, 66, 48, 4, 0.06%, 9, 0, 7, 397.10
1735408153, 6, 41, 66, 47, 4, 0.06%, 9, 0, 7, 512.46
1735408188, 6, 42, 66, 46, 4, 0.06%, 9, 0, 7, 396.02
1735408260, 6, 42, 68, 48, 4, 0.06%, 9, 0, 7, 436.76
1735408341, 6, 43, 68, 47, 4, 0.06%, 9, 0, 7, 454.03
1735408371, 6, 44, 68, 46, 4, 0.06%, 9, 0, 7, 390.95
1735408469, 6, 48, 68, 45, 4, 0.06%, 9, 0, 7, 346.11
1735408504, 6, 49, 68, 44, 4, 0.06%, 9, 0, 7, 347.26
1735408545, 6, 49, 70, 46, 4, 0.06%, 9, 0, 8, 492.12
1735408746, 6, 53, 70, 45, 4, 0.06%, 9, 0, 8, 330.53
1735408786, 6, 54, 71, 45, 4, 0.06%, 9, 0, 8, 380.03
1735408873, 6, 55, 71, 44, 4, 0.06%, 9, 0, 8, 359.16
1735408971, 6, 60, 71, 43, 4, 0.06%, 9, 0, 8, 330.25
1735409011, 6, 61, 71, 42, 4, 0.06%, 9, 0, 8, 323.52
1735409052, 6, 62, 71, 41, 4, 0.06%, 9, 0, 8, 431.77
1735409088, 6, 63, 71, 40, 4, 0.06%, 9, 0, 8, 365.12
1735409093, 6, 63, 72, 41, 4, 0.06%, 9, 0, 8, 401.24
1735409175, 6, 64, 72, 40, 4, 0.06%, 9, 0, 8, 428.86
1735409236, 6, 65, 72, 39, 4, 0.06%, 9, 0, 8, 434.86
1735409277, 6, 66, 72, 38, 4, 0.06%, 9, 0, 8, 336.74
1735409317, 6, 67, 72, 37, 4, 0.06%, 9, 0, 8, 374.35
1735409363, 6, 68, 72, 36, 4, 0.06%, 9, 0, 8, 330.07
1735409480, 6, 70, 72, 35, 4, 0.06%, 9, 0, 8, 362.51
1735409587, 6, 71, 72, 34, 4, 0.06%, 9, 0, 8, 373.10
1735409689, 7, 24, 72, 33, 4, 0.06%, 9, 0, 8, 349.58
1735409694, 7, 29, 72, 33, 4, 0.06%, 9, 0, 8, 333.76
1735409735, 7, 37, 72, 32, 4, 0.06%, 9, 0, 8, 466.75
1735409765, 7, 40, 72, 31, 4, 0.06%, 9, 0, 8, 378.98
1735409776, 7, 41, 72, 31, 4, 0.06%, 9, 0, 8, 377.44
1735409786, 7, 43, 72, 31, 4, 0.06%, 9, 0, 8, 315.16
1735409791, 7, 44, 72, 31, 4, 0.06%, 9, 0, 8, 325.01
1735409801, 7, 45, 72, 31, 4, 0.06%, 9, 0, 8, 337.53
1735409852, 7, 46, 72, 30, 4, 0.06%, 9, 0, 8, 418.36
1735409883, 7, 47, 72, 29, 4, 0.06%, 9, 0, 8, 363.05
1735409990, 7, 55, 72, 28, 4, 0.06%, 9, 0, 8, 375.72
1735410000, 7, 60, 72, 28, 4, 0.06%, 9, 0, 8, 300.63
1735410010, 7, 61, 72, 28, 4, 0.06%, 9, 0, 8, 346.04
1735410016, 7, 62, 72, 28, 4, 0.06%, 9, 0, 8, 321.38
1735410026, 7, 63, 72, 28, 4, 0.06%, 9, 0, 8, 354.13
1735410036, 7, 64, 73, 29, 4, 0.06%, 9, 0, 8, 404.13
1735410046, 7, 65, 73, 29, 4, 0.06%, 9, 0, 8, 361.49
1735410051, 7, 71, 73, 29, 4, 0.06%, 9, 0, 8, 353.31
1735410066, 7, 72, 73, 29, 4, 0.06%, 9, 0, 8, 297.76
1735410487, 8, 11, 73, 28, 4, 0.06%, 9, 0, 8, 315.99
1735410507, 8, 12, 73, 27, 3, 0.06%, 9, 0, 8, 293.26
1735410512, 8, 13, 73, 27, 3, 0.06%, 9, 0, 8, 290.87
1735410552, 8, 14, 73, 26, 2, 0.06%, 9, 0, 8, 354.52
1735410588, 8, 15, 73, 25, 2, 0.06%, 9, 0, 8, 386.49
1735410623, 8, 16, 73, 24, 2, 0.06%, 9, 0, 8, 307.00
1735410634, 8, 17, 73, 24, 2, 0.06%, 9, 0, 8, 360.87
1735410664, 8, 18, 73, 23, 2, 0.06%, 9, 0, 8, 301.39
1735410704, 8, 19, 73, 22, 2, 0.06%, 9, 0, 8, 299.73
1735410745, 8, 20, 73, 21, 1, 0.06%, 9, 0, 8, 332.64
1735410785, 8, 21, 73, 20, 1, 0.06%, 9, 0, 8, 369.79
1735410841, 8, 22, 73, 19, 1, 0.06%, 9, 0, 8, 303.12
1735410846, 8, 23, 73, 19, 1, 0.06%, 9, 0, 8, 315.47
1735410856, 8, 24, 73, 19, 1, 0.06%, 9, 0, 8, 381.51
1735410861, 8, 25, 73, 19, 1, 0.06%, 9, 0, 8, 305.15
1735410902, 8, 26, 73, 18, 1, 0.06%, 9, 0, 8, 337.31
1735410938, 8, 27, 73, 17, 1, 0.06%, 9, 0, 8, 396.80
1735410973, 8, 28, 73, 16, 1, 0.06%, 9, 0, 8, 319.99
1735411013, 8, 29, 73, 15, 1, 0.06%, 9, 0, 8, 362.46
1735411019, 8, 30, 73, 15, 1, 0.06%, 9, 0, 8, 367.15
1735411054, 8, 31, 73, 14, 1, 0.06%, 9, 0, 8, 385.81
1735411059, 8, 32, 73, 14, 1, 0.06%, 9, 0, 8, 315.09
1735411100, 8, 33, 73, 13, 1, 0.06%, 9, 0, 8, 428.03
1735411161, 8, 34, 73, 12, 1, 0.06%, 9, 0, 8, 311.79
1735411202, 8, 36, 73, 11, 1, 0.06%, 9, 0, 8, 385.85
1735411232, 8, 37, 73, 10, 1, 0.06%, 9, 0, 8, 393.62
1735411242, 8, 38, 73, 10, 1, 0.06%, 9, 0, 8, 419.54
1735411273, 8, 39, 73, 9, 0, 0.06%, 9, 0, 8, 346.38
1735411499, 8, 40, 73, 9, 0, 0.06%, 9, 0, 8, 372.64
1735411509, 8, 41, 73, 9, 0, 0.06%, 9, 0, 8, 386.69
1735411519, 8, 42, 73, 9, 0, 0.06%, 9, 0, 8, 381.11
1735411529, 8, 43, 73, 9, 0, 0.06%, 9, 0, 8, 382.92
1735411539, 8, 44, 73, 9, 0, 0.06%, 9, 0, 8, 367.97
1735411544, 8, 45, 73, 9, 0, 0.06%, 9, 0, 8, 335.07
1735411560, 8, 46, 73, 9, 0, 0.06%, 9, 0, 8, 339.26
1735411565, 8, 47, 73, 9, 0, 0.06%, 9, 0, 8, 355.70
1735411575, 8, 48, 73, 9, 0, 0.06%, 9, 0, 8, 374.32
1735411585, 8, 49, 73, 9, 0, 0.06%, 9, 0, 8, 351.93
1735411595, 8, 50, 73, 9, 0, 0.06%, 9, 0, 8, 271.64
1735411630, 8, 50, 74, 10, 0, 0.06%, 9, 0, 8, 456.79
1735411645, 8, 50, 75, 11, 0, 0.06%, 9, 0, 8, 452.75
1735411706, 8, 53, 75, 10, 0, 0.06%, 9, 0, 8, 317.58
1735411716, 8, 54, 75, 10, 0, 0.06%, 9, 0, 8, 364.80
1735411727, 8, 55, 75, 10, 0, 0.06%, 9, 0, 8, 380.37
1735411737, 8, 60, 75, 10, 0, 0.06%, 9, 0, 8, 315.48
1735411747, 8, 61, 75, 10, 0, 0.06%, 9, 0, 8, 355.10
1735411752, 8, 62, 75, 10, 0, 0.06%, 9, 0, 8, 350.40
1735411762, 8, 63, 75, 10, 0, 0.06%, 9, 0, 8, 369.15
1735411772, 8, 64, 75, 10, 0, 0.06%, 9, 0, 8, 405.39
1735411782, 8, 65, 75, 10, 0, 0.06%, 9, 0, 8, 352.89
1735411787, 8, 66, 75, 10, 0, 0.06%, 9, 0, 8, 315.85
1735411798, 8, 67, 75, 10, 0, 0.06%, 9, 0, 8, 307.76
1735411808, 8, 70, 75, 10, 0, 0.06%, 9, 0, 8, 339.92
1735411823, 8, 71, 75, 10, 0, 0.06%, 9, 0, 8, 320.67
1735411838, 8, 72, 75, 10, 0, 0.06%, 9, 0, 8, 315.25
1735411858, 9, 11, 75, 10, 0, 0.06%, 9, 0, 8, 322.13
1735411863, 9, 24, 75, 10, 0, 0.06%, 9, 0, 8, 320.82
1735411868, 9, 26, 75, 10, 0, 0.06%, 9, 0, 8, 332.73
1735411873, 9, 27, 75, 10, 0, 0.06%, 9, 0, 8, 317.74
1735411884, 9, 29, 75, 10, 0, 0.06%, 9, 0, 8, 376.27
1735411894, 9, 32, 75, 10, 0, 0.06%, 9, 0, 8, 354.93
1735411904, 9, 33, 75, 10, 0, 0.06%, 9, 0, 8, 341.48
1735411909, 9, 34, 75, 10, 0, 0.06%, 9, 0, 8, 323.83
1735411919, 9, 36, 75, 10, 0, 0.06%, 9, 0, 8, 350.01
1735411929, 9, 37, 75, 10, 0, 0.06%, 9, 0, 8, 400.87
1735411939, 9, 40, 75, 10, 0, 0.06%, 9, 0, 8, 338.62
1735411944, 9, 42, 75, 10, 0, 0.06%, 9, 0, 8, 348.38
1735411959, 9, 44, 75, 10, 0, 0.06%, 9, 0, 8, 335.28
1735411964, 9, 45, 75, 10, 0, 0.06%, 9, 0, 8, 334.87
1735411980, 9, 46, 75, 10, 0, 0.06%, 9, 0, 8, 344.90
1735411985, 9, 47, 75, 10, 0, 0.06%, 9, 0, 8, 341.00
1735411995, 9, 53, 75, 10, 0, 0.06%, 9, 0, 8, 322.49
1735412005, 9, 54, 75, 10, 0, 0.06%, 9, 0, 8, 357.50
1735412015, 9, 55, 75, 10, 0, 0.06%, 9, 0, 8, 344.61
1735412021, 9, 60, 75, 10, 0, 0.06%, 9, 0, 8, 309.11
1735412026, 9, 61, 75, 10, 0, 0.06%, 9, 0, 8, 322.10
1735412031, 9, 62, 75, 10, 0, 0.06%, 9, 0, 8, 353.47
1735412036, 9, 63, 75, 10, 0, 0.06%, 9, 0, 8, 353.82
1735412041, 9, 64, 75, 10, 0, 0.06%, 9, 0, 8, 357.87
1735412046, 9, 65, 75, 10, 0, 0.06%, 9, 0, 8, 361.10
1735412051, 9, 66, 75, 10, 0, 0.06%, 9, 0, 8, 337.79
1735412061, 9, 67, 75, 10, 0, 0.06%, 9, 0, 8, 332.82
1735412071, 9, 70, 75, 10, 0, 0.06%, 9, 0, 8, 367.66
1735412086, 9, 71, 75, 10, 0, 0.06%, 9, 0, 8, 368.08
1735412092, 9, 72, 75, 10, 0, 0.06%, 9, 0, 8, 379.08
1735412112, 10, 11, 75, 10, 0, 0.06%, 9, 0, 8, 319.24
1735412117, 10, 24, 75, 10, 0, 0.06%, 9, 0, 8, 355.15
1735412122, 10, 26, 75, 10, 0, 0.06%, 9, 0, 8, 343.61
1735412127, 10, 27, 75, 10, 0, 0.06%, 9, 0, 8, 336.83
1735412137, 10, 29, 75, 10, 0, 0.06%, 9, 0, 8, 351.10
1735412142, 10, 32, 75, 10, 0, 0.06%, 9, 0, 8, 382.47
1735412153, 10, 33, 75, 10, 0, 0.06%, 9, 0, 8, 365.01
1735412163, 10, 34, 75, 10, 0, 0.06%, 9, 0, 8, 289.28
1735412168, 10, 36, 75, 10, 0, 0.06%, 9, 0, 8, 317.44
1735412178, 10, 37, 75, 10, 0, 0.06%, 9, 0, 8, 345.30
1735412183, 10, 40, 75, 10, 0, 0.06%, 9, 0, 8, 356.51
1735412188, 10, 41, 75, 10, 0, 0.06%, 9, 0, 8, 351.25
1735412193, 10, 42, 75, 10, 0, 0.06%, 9, 0, 8, 326.14
1735412198, 10, 43, 75, 10, 0, 0.06%, 9, 0, 8, 340.13
1735412203, 10, 44, 75, 10, 0, 0.06%, 9, 0, 8, 328.20
1735412208, 10, 45, 75, 10, 0, 0.06%, 9, 0, 8, 317.25
1735412213, 10, 46, 75, 10, 0, 0.06%, 9, 0, 8, 337.30
1735412218, 10, 47, 75, 10, 0, 0.06%, 9, 0, 8, 343.11
1735412224, 10, 53, 75, 10, 0, 0.06%, 9, 0, 8, 323.88
1735412229, 10, 54, 75, 10, 0, 0.06%, 9, 0, 8, 307.98
1735412234, 10, 55, 75, 10, 0, 0.06%, 9, 0, 8, 318.69
1735412239, 10, 60, 75, 10, 0, 0.06%, 9, 0, 8, 325.20
1735412244, 10, 61, 75, 10, 0, 0.06%, 9, 0, 8, 342.30
1735412249, 10, 62, 75, 10, 0, 0.06%, 9, 0, 8, 384.17
1735412254, 10, 63, 75, 10, 0, 0.06%, 9, 0, 8, 381.83
1735412259, 10, 64, 75, 10, 0, 0.06%, 9, 0, 8, 386.04
1735412264, 10, 65, 75, 10, 0, 0.06%, 9, 0, 8, 359.51
1735412269, 10, 66, 75, 10, 0, 0.06%, 9, 0, 8, 341.88
1735412274, 10, 67, 75, 10, 0, 0.06%, 9, 0, 8, 338.05
1735412279, 10, 70, 75, 10, 0, 0.06%, 9, 0, 8, 348.66
1735412289, 10, 71, 75, 10, 0, 0.06%, 9, 0, 8, 366.13
1735412295, 10, 72, 75, 10, 0, 0.06%, 9, 0, 8, 404.59
1735412315, 11, 24, 75, 10, 0, 0.06%, 9, 0, 8, 343.36
1735412320, 11, 26, 75, 10, 0, 0.06%, 9, 0, 8, 360.59
1735412325, 11, 27, 75, 10, 0, 0.06%, 9, 0, 8, 352.28
1735412330, 11, 29, 75, 10, 0, 0.06%, 9, 0, 8, 351.15
1735412335, 11, 32, 75, 10, 0, 0.06%, 9, 0, 8, 344.64
1735412340, 11, 33, 75, 10, 0, 0.06%, 9, 0, 8, 348.22
1735412345, 11, 34, 75, 10, 0, 0.06%, 9, 0, 8, 313.38
1735412350, 11, 37, 75, 10, 0, 0.06%, 9, 0, 8, 333.07
1735412355, 11, 40, 75, 10, 0, 0.06%, 9, 0, 8, 364.73
1735412360, 11, 41, 75, 10, 0, 0.06%, 9, 0, 8, 378.83
1735412366, 11, 42, 75, 10, 0, 0.06%, 9, 0, 8, 310.50
1735412371, 11, 43, 75, 10, 0, 0.06%, 9, 0, 8, 341.98
1735412376, 11, 44, 75, 10, 0, 0.06%, 9, 0, 8, 347.20
1735412381, 11, 45, 75, 10, 0, 0.06%, 9, 0, 8, 332.13
1735412386, 11, 46, 75, 10, 0, 0.06%, 9, 0, 8, 368.07
1735412391, 11, 47, 75, 10, 0, 0.06%, 9, 0, 8, 367.76
1735412396, 11, 53, 75, 10, 0, 0.06%, 9, 0, 8, 324.23
1735412401, 11, 54, 75, 10, 0, 0.06%, 9, 0, 8, 316.84
1735412406, 11, 55, 75, 10, 0, 0.06%, 9, 0, 8, 325.03
1735412411, 11, 60, 75, 10, 0, 0.06%, 9, 0, 8, 328.82
1735412416, 11, 61, 75, 10, 0, 0.06%, 9, 0, 8, 306.88
1735412421, 11, 62, 75, 10, 0, 0.06%, 9, 0, 8, 363.98
1735412426, 11, 63, 75, 10, 0, 0.06%, 9, 0, 8, 326.30
1735412431, 11, 64, 75, 10, 0, 0.06%, 9, 0, 8, 387.70
1735412436, 11, 65, 75, 10, 0, 0.06%, 9, 0, 8, 385.10
1735412441, 11, 66, 75, 10, 0, 0.06%, 9, 0, 8, 339.26
1735412446, 11, 67, 75, 10, 0, 0.06%, 9, 0, 8, 342.84
1735412451, 11, 70, 75, 10, 0, 0.06%, 9, 0, 8, 320.92
1735412461, 11, 71, 75, 10, 0, 0.06%, 9, 0, 8, 368.90
1735412467, 11, 72, 75, 10, 0, 0.06%, 9, 0, 8, 403.65
1735412482, 12, 24, 75, 10, 0, 0.06%, 9, 0, 8, 344.38
1735412487, 12, 26, 75, 10, 0, 0.06%, 9, 0, 8, 338.94
1735412492, 12, 27, 75, 10, 0, 0.06%, 9, 0, 8, 354.54
1735412497, 12, 29, 75, 10, 0, 0.06%, 9, 0, 8, 354.69
1735412502, 12, 32, 75, 10, 0, 0.06%, 9, 0, 8, 354.30
1735412508, 12, 37, 75, 10, 0, 0.06%, 9, 0, 8, 347.97
1735412513, 12, 40, 75, 10, 0, 0.06%, 9, 0, 8, 355.14
1735412518, 12, 43, 75, 10, 0, 0.06%, 9, 0, 8, 368.46
1735412523, 12, 44, 75, 10, 0, 0.06%, 9, 0, 8, 352.31
1735412528, 12, 45, 75, 10, 0, 0.06%, 9, 0, 8, 322.55
1735412533, 12, 46, 75, 10, 0, 0.06%, 9, 0, 8, 351.05
1735412538, 12, 47, 75, 10, 0, 0.06%, 9, 0, 8, 324.34
1735412543, 12, 55, 75, 10, 0, 0.06%, 9, 0, 8, 337.85
1735412548, 12, 60, 75, 10, 0, 0.06%, 9, 0, 8, 323.09
1735412553, 12, 61, 75, 10, 0, 0.06%, 9, 0, 8, 368.78
1735412558, 12, 62, 75, 10, 0, 0.06%, 9, 0, 8, 364.21
1735412564, 12, 63, 75, 10, 0, 0.06%, 9, 0, 8, 364.91
1735412569, 12, 64, 75, 10, 0, 0.06%, 9, 0, 8, 363.80
1735412574, 12, 65, 75, 10, 0, 0.06%, 9, 0, 8, 350.38
1735412579, 12, 71, 75, 10, 0, 0.06%, 9, 0, 8, 382.78
1735412584, 12, 72, 75, 10, 0, 0.06%, 9, 0, 8, 426.79
1735412599, 13, 24, 75, 10, 0, 0.06%, 9, 0, 8, 335.25
1735412604, 13, 37, 75, 10, 0, 0.06%, 9, 0, 8, 340.40
1735412609, 13, 40, 75, 10, 0, 0.06%, 9, 0, 8, 339.22
1735412614, 13, 41, 75, 10, 0, 0.06%, 9, 0, 8, 375.36
1735412620, 13, 43, 75, 10, 0, 0.06%, 9, 0, 8, 358.63
1735412625, 13, 44, 75, 10, 0, 0.06%, 9, 0, 8, 364.87
1735412630, 13, 45, 75, 10, 0, 0.06%, 9, 0, 8, 293.14
1735412635, 13, 46, 75, 10, 0, 0.06%, 9, 0, 8, 316.71
1735412640, 13, 47, 75, 10, 0, 0.06%, 9, 0, 8, 339.63
1735412645, 13, 55, 75, 10, 0, 0.06%, 9, 0, 8, 362.75
1735412650, 13, 60, 75, 10, 0, 0.06%, 9, 0, 8, 327.12
1735412655, 13, 61, 75, 10, 0, 0.06%, 9, 0, 8, 329.95
1735412660, 13, 62, 75, 10, 0, 0.06%, 9, 0, 8, 350.77
1735412665, 13, 63, 75, 10, 0, 0.06%, 9, 0, 8, 348.46
1735412671, 13, 64, 75, 10, 0, 0.06%, 9, 0, 8, 342.04
1735412676, 13, 65, 75, 10, 0, 0.06%, 9, 0, 8, 321.78
1735412681, 13, 71, 75, 10, 0, 0.06%, 9, 0, 8, 364.15
1735412686, 13, 72, 75, 10, 0, 0.06%, 9, 0, 8, 376.62
1735412701, 14, 24, 75, 10, 0, 0.06%, 9, 0, 8, 339.79
1735412706, 14, 29, 75, 10, 0, 0.06%, 9, 0, 8, 321.35
1735412711, 14, 40, 75, 10, 0, 0.06%, 9, 0, 8, 332.90
1735412716, 14, 41, 75, 10, 0, 0.06%, 9, 0, 8, 392.76
1735412721, 14, 43, 75, 10, 0, 0.06%, 9, 0, 8, 359.78
1735412726, 14, 44, 75, 10, 0, 0.06%, 9, 0, 8, 367.31
1735412731, 14, 45, 75, 10, 0, 0.06%, 9, 0, 8, 313.35
1735412736, 14, 46, 75, 10, 0, 0.06%, 9, 0, 8, 350.14
1735412741, 14, 47, 75, 10, 0, 0.06%, 9, 0, 8, 363.03
1735412746, 14, 55, 75, 10, 0, 0.06%, 9, 0, 8, 369.08
1735412751, 14, 60, 75, 10, 0, 0.06%, 9, 0, 8, 325.27
1735412756, 14, 61, 75, 10, 0, 0.06%, 9, 0, 8, 348.72
1735412761, 14, 62, 75, 10, 0, 0.06%, 9, 0, 8, 330.18
1735412767, 14, 63, 75, 10, 0, 0.06%, 9, 0, 8, 376.57
1735412772, 14, 64, 75, 10, 0, 0.06%, 9, 0, 8, 349.19
1735412777, 14, 65, 75, 10, 0, 0.06%, 9, 0, 8, 348.28
1735412782, 14, 71, 75, 10, 0, 0.06%, 9, 0, 8, 371.61
1735412787, 14, 72, 75, 10, 0, 0.06%, 9, 0, 8, 398.23
1735412802, 15, 24, 75, 10, 0, 0.06%, 9, 0, 8, 353.61
1735412807, 15, 37, 75, 10, 0, 0.06%, 9, 0, 8, 347.30
1735412812, 15, 40, 75, 10, 0, 0.06%, 9, 0, 8, 347.92
1735412818, 15, 41, 75, 10, 0, 0.06%, 9, 0, 8, 388.81
1735412823, 15, 43, 75, 10, 0, 0.06%, 9, 0, 8, 359.42
1735412828, 15, 44, 75, 10, 0, 0.06%, 9, 0, 8, 362.26
1735412833, 15, 45, 75, 10, 0, 0.06%, 9, 0, 8, 298.93
1735412838, 15, 46, 75, 10, 0, 0.06%, 9, 0, 8, 342.39
1735412843, 15, 47, 75, 10, 0, 0.06%, 9, 0, 8, 340.51
1735412848, 15, 55, 75, 10, 0, 0.06%, 9, 0, 8, 370.48
1735412853, 15, 60, 75, 10, 0, 0.06%, 9, 0, 8, 315.05
1735412858, 15, 61, 75, 10, 0, 0.06%, 9, 0, 8, 338.40
1735412863, 15, 62, 75, 10, 0, 0.06%, 9, 0, 8, 342.71
1735412868, 15, 63, 75, 10, 0, 0.06%, 9, 0, 8, 338.30
1735412873, 15, 64, 75, 10, 0, 0.06%, 9, 0, 8, 340.50
1735412878, 15, 65, 75, 10, 0, 0.06%, 9, 0, 8, 335.39
1735412884, 15, 71, 75, 10, 0, 0.06%, 9, 0, 8, 341.05
1735412889, 15, 72, 75, 10, 0, 0.06%, 9, 0, 8, 355.60
1735412904, 16, 24, 75, 10, 0, 0.06%, 9, 0, 8, 340.78
1735412909, 16, 37, 75, 10, 0, 0.06%, 9, 0, 8, 390.92
1735412914, 16, 40, 75, 10, 0, 0.06%, 9, 0, 8, 378.33
1735412919, 16, 41, 75, 10, 0, 0.06%, 9, 0, 8, 377.96
1735412924, 16, 43, 75, 10, 0, 0.06%, 9, 0, 8, 342.40
1735412929, 16, 44, 75, 10, 0, 0.06%, 9, 0, 8, 350.36
1735412934, 16, 45, 75, 10, 0, 0.06%, 9, 0, 8, 310.23
1735412940, 16, 46, 75, 10, 0, 0.06%, 9, 0, 8, 343.89
1735412945, 16, 47, 75, 10, 0, 0.06%, 9, 0, 8, 360.78
1735412950, 16, 55, 75, 10, 0, 0.06%, 9, 0, 8, 351.83
1735412955, 16, 60, 75, 10, 0, 0.06%, 9, 0, 8, 322.44
1735412960, 16, 61, 75, 10, 0, 0.06%, 9, 0, 8, 346.42
1735412965, 16, 63, 75, 10, 0, 0.06%, 9, 0, 8, 357.51
1735412970, 16, 64, 75, 10, 0, 0.06%, 9, 0, 8, 354.06
1735412975, 16, 65, 75, 10, 0, 0.06%, 9, 0, 8, 373.40
1735412980, 16, 71, 75, 10, 0, 0.06%, 9, 0, 8, 363.77
1735412990, 16, 72, 75, 10, 0, 0.06%, 9, 0, 8, 291.43
1735413000, 17, 24, 75, 10, 0, 0.06%, 9, 0, 8, 342.04
1735413005, 17, 29, 75, 10, 0, 0.06%, 9, 0, 8, 363.48
1735413010, 17, 37, 75, 10, 0, 0.06%, 9, 0, 8, 369.90
1735413016, 17, 40, 75, 10, 0, 0.06%, 9, 0, 8, 361.33
1735413021, 17, 41, 75, 10, 0, 0.06%, 9, 0, 8, 352.44
1735413026, 17, 43, 75, 10, 0, 0.06%, 9, 0, 8, 343.08
1735413031, 17, 44, 75, 10, 0, 0.06%, 9, 0, 8, 331.30
1735413036, 17, 45, 75, 10, 0, 0.06%, 9, 0, 8, 300.88
1735413041, 17, 46, 75, 10, 0, 0.06%, 9, 0, 8, 321.85
1735413046, 17, 47, 75, 10, 0, 0.06%, 9, 0, 8, 340.93
1735413051, 17, 55, 75, 10, 0, 0.06%, 9, 0, 8, 366.68
1735413056, 17, 60, 75, 10, 0, 0.06%, 9, 0, 8, 312.82
1735413061, 17, 62, 75, 10, 0, 0.06%, 9, 0, 8, 326.94
1735413066, 17, 63, 75, 10, 0, 0.06%, 9, 0, 8, 328.65
1735413071, 17, 64, 75, 10, 0, 0.06%, 9, 0, 8, 340.64
1735413076, 17, 65, 75, 10, 0, 0.06%, 9, 0, 8, 377.66
1735413081, 17, 71, 75, 10, 0, 0.06%, 9, 0, 8, 375.49
1735413092, 17, 72, 75, 10, 0, 0.06%, 9, 0, 8, 281.53
1735413102, 17, 73, 75, 10, 0, 0.06%, 9, 0, 8, 314.63
1735413173, 17, 74, 75, 9, 0, 0.06%, 9, 0, 8, 379.13
1735413249, 18, 12, 75, 8, 0, 0.06%, 9, 0, 8, 292.85
1735413254, 18, 13, 75, 8, 0, 0.06%, 9, 0, 8, 302.26
1735413265, 18, 14, 75, 8, 0, 0.06%, 9, 0, 8, 334.81
1735413270, 18, 15, 75, 8, 0, 0.06%, 9, 0, 8, 316.31
1735413280, 18, 16, 75, 8, 0, 0.06%, 9, 0, 8, 308.72
1735413290, 18, 17, 75, 8, 0, 0.06%, 9, 0, 8, 358.56
1735413300, 18, 18, 75, 8, 0, 0.06%, 9, 0, 8, 304.00
1735413310, 18, 19, 75, 8, 0, 0.06%, 9, 0, 8, 289.53
1735413320, 18, 20, 75, 8, 0, 0.06%, 9, 0, 8, 326.80
1735413325, 18, 21, 75, 8, 0, 0.06%, 9, 0, 8, 297.69
1735413335, 18, 22, 75, 8, 0, 0.06%, 9, 0, 8, 364.05
1735413345, 18, 23, 75, 8, 0, 0.06%, 9, 0, 8, 384.30
1735413350, 18, 24, 75, 8, 0, 0.06%, 9, 0, 8, 367.86
1735413355, 18, 25, 75, 8, 0, 0.06%, 9, 0, 8, 314.99
1735413366, 18, 26, 75, 8, 0, 0.06%, 9, 0, 8, 344.72
1735413371, 18, 27, 75, 8, 0, 0.06%, 9, 0, 8, 345.29
1735413376, 18, 28, 75, 8, 0, 0.06%, 9, 0, 8, 311.54
1735413386, 18, 30, 75, 8, 0, 0.06%, 9, 0, 8, 395.92
1735413396, 18, 31, 75, 8, 0, 0.06%, 9, 0, 8, 359.12
1735413406, 18, 32, 75, 8, 0, 0.06%, 9, 0, 8, 447.67
1735413416, 18, 33, 75, 8, 0, 0.06%, 9, 0, 8, 359.92
1735413452, 18, 34, 75, 8, 0, 0.06%, 9, 0, 8, 415.94
1735413457, 18, 35, 75, 8, 0, 0.06%, 9, 0, 8, 348.04
1735413508, 18, 36, 75, 7, 0, 0.06%, 9, 0, 8, 379.40
1735413518, 18, 37, 75, 7, 0, 0.06%, 9, 0, 8, 353.39
1735413523, 18, 38, 75, 7, 0, 0.06%, 9, 0, 8, 360.10
1735413528, 18, 39, 75, 7, 0, 0.06%, 9, 0, 8, 342.12
1735413538, 18, 40, 75, 7, 0, 0.06%, 9, 0, 8, 326.22
1735413574, 18, 41, 75, 7, 0, 0.06%, 9, 0, 8, 536.52
1735413585, 18, 42, 75, 7, 0, 0.06%, 9, 0, 8, 390.86
1735413769, 18, 43, 75, 7, 0, 0.06%, 9, 0, 8, 368.70
1735413774, 18, 44, 75, 7, 0, 0.06%, 9, 0, 8, 358.92
1735413779, 18, 45, 75, 7, 0, 0.06%, 9, 0, 8, 296.80
1735413784, 18, 46, 75, 7, 0, 0.06%, 9, 0, 8, 320.40
1735413789, 18, 47, 75, 7, 0, 0.06%, 9, 0, 8, 363.58
1735413794, 18, 48, 75, 7, 0, 0.06%, 9, 0, 8, 425.81
1735413805, 18, 49, 75, 7, 0, 0.06%, 9, 0, 8, 332.63
1735414030, 18, 50, 75, 7, 0, 0.06%, 9, 0, 8, 328.97
1735414378, 18, 51, 75, 7, 0, 0.06%, 9, 0, 8, 474.29
1735414409, 18, 52, 75, 6, 0, 0.06%, 9, 0, 8, 382.60
1735414439, 18, 52, 76, 7, 0, 0.06%, 9, 0, 8, 300.84
1735414444, 18, 53, 76, 6, 0, 0.06%, 9, 0, 8, 377.75
1735414485, 18, 54, 76, 6, 0, 0.06%, 9, 0, 8, 340.52
1735414490, 18, 55, 76, 6, 0, 0.06%, 9, 0, 8, 359.08
1735414495, 18, 56, 76, 6, 0, 0.06%, 9, 0, 8, 380.35
1735414597, 18, 57, 76, 5, 0, 0.06%, 9, 0, 8, 297.91
1735414704, 18, 58, 76, 4, 0, 0.06%, 9, 0, 8, 291.92
1735414883, 18, 59, 76, 3, 0, 0.06%, 9, 0, 8, 460.64
1735415057, 18, 60, 76, 2, 0, 0.06%, 9, 0, 8, 284.66
1735415062, 18, 61, 76, 2, 0, 0.06%, 9, 0, 8, 304.41
1735415067, 18, 62, 76, 2, 0, 0.06%, 9, 0, 8, 328.43
1735415072, 18, 63, 76, 2, 0, 0.06%, 9, 0, 8, 323.86
1735415077, 18, 64, 76, 2, 0, 0.06%, 9, 0, 8, 311.40
1735415082, 18, 65, 76, 2, 0, 0.06%, 9, 0, 8, 393.09
1735415087, 18, 66, 76, 2, 0, 0.06%, 9, 0, 8, 345.81
1735415092, 18, 67, 76, 2, 0, 0.06%, 9, 0, 8, 322.63
1735415097, 18, 68, 76, 2, 0, 0.06%, 9, 0, 8, 313.96
1735415112, 18, 69, 76, 2, 0, 0.06%, 9, 0, 8, 328.76
1735415234, 18, 70, 76, 1, 0, 0.06%, 9, 0, 8, 363.38
1735415239, 18, 71, 76, 1, 0, 0.06%, 9, 0, 8, 350.99
1735415249, 18, 72, 76, 1, 0, 0.06%, 9, 0, 8, 296.42
1735415260, 18, 73, 76, 1, 0, 0.06%, 9, 0, 8, 334.42
1735415296, 18, 74, 76, 1, 0, 0.06%, 9, 0, 8, 320.58
1735415326, 19, 13, 76, 1, 0, 0.06%, 9, 0, 8, 328.08
1735415336, 19, 19, 76, 1, 0, 0.06%, 9, 0, 8, 307.42
1735415346, 19, 21, 76, 1, 0, 0.06%, 9, 0, 8, 272.22
1735415356, 19, 24, 76, 1, 0, 0.06%, 9, 0, 8, 347.03
1735415361, 19, 26, 76, 1, 0, 0.06%, 9, 0, 8, 351.19
1735415366, 19, 27, 76, 1, 0, 0.06%, 9, 0, 8, 337.05
1735415372, 19, 29, 76, 1, 0, 0.06%, 9, 0, 8, 343.31
1735415377, 19, 33, 76, 1, 0, 0.06%, 9, 0, 8, 335.16
1735415382, 19, 34, 76, 1, 0, 0.06%, 9, 0, 8, 319.70
1735415387, 19, 36, 76, 1, 0, 0.06%, 9, 0, 8, 336.16
1735415392, 19, 37, 76, 1, 0, 0.06%, 9, 0, 8, 355.21
1735415397, 19, 39, 76, 1, 0, 0.06%, 9, 0, 8, 294.93
1735415407, 19, 41, 76, 1, 0, 0.06%, 9, 0, 8, 342.55
1735415413, 19, 42, 76, 1, 0, 0.06%, 9, 0, 8, 348.49
1735415423, 19, 43, 76, 1, 0, 0.06%, 9, 0, 8, 326.12
1735415428, 19, 44, 76, 1, 0, 0.06%, 9, 0, 8, 347.29
1735415433, 19, 45, 76, 1, 0, 0.06%, 9, 0, 8, 301.90
1735415438, 19, 47, 76, 1, 0, 0.06%, 9, 0, 8, 317.82
1735415448, 19, 54, 76, 1, 0, 0.06%, 9, 0, 8, 343.75
1735415458, 19, 55, 76, 1, 0, 0.06%, 9, 0, 8, 335.73
1735415463, 19, 56, 76, 1, 0, 0.06%, 9, 0, 8, 366.99
1735415468, 19, 60, 76, 1, 0, 0.06%, 9, 0, 8, 344.65
1735415473, 19, 61, 76, 1, 0, 0.06%, 9, 0, 8, 334.69
1735415478, 19, 62, 76, 1, 0, 0.06%, 9, 0, 8, 380.78
1735415483, 19, 63, 76, 1, 0, 0.06%, 9, 0, 8, 385.83
1735415489, 19, 64, 76, 1, 0, 0.06%, 9, 0, 8, 384.42
1735415494, 19, 65, 76, 1, 0, 0.06%, 9, 0, 8, 377.12
1735415499, 19, 66, 76, 1, 0, 0.06%, 9, 0, 8, 335.32
1735415504, 19, 67, 76, 1, 0, 0.06%, 9, 0, 8, 330.16
1735415509, 19, 70, 76, 1, 0, 0.06%, 9, 0, 8, 322.97
1735415519, 19, 71, 76, 1, 0, 0.06%, 9, 0, 8, 352.37
1735415524, 19, 72, 76, 1, 0, 0.06%, 9, 0, 8, 392.99
1735415539, 20, 24, 76, 1, 0, 0.06%, 9, 0, 8, 356.02
1735415544, 20, 26, 76, 1, 0, 0.06%, 9, 0, 8, 351.25
1735415550, 20, 27, 76, 1, 0, 0.06%, 9, 0, 8, 356.51
1735415555, 20, 29, 76, 1, 0, 0.06%, 9, 0, 8, 338.65
1735415560, 20, 32, 76, 1, 0, 0.06%, 9, 0, 8, 334.15
1735415565, 20, 33, 76, 1, 0, 0.06%, 9, 0, 8, 329.34
1735415570, 20, 34, 76, 1, 0, 0.06%, 9, 0, 8, 298.65
1735415575, 20, 36, 76, 1, 0, 0.06%, 9, 0, 8, 303.35
1735415580, 20, 40, 76, 1, 0, 0.06%, 9, 0, 8, 305.39
1735415585, 20, 41, 76, 1, 0, 0.06%, 9, 0, 8, 374.21
1735415590, 20, 42, 76, 1, 0, 0.06%, 9, 0, 8, 328.38
1735415600, 20, 44, 76, 1, 0, 0.06%, 9, 0, 8, 340.47
1735415610, 20, 45, 76, 1, 0, 0.06%, 9, 0, 8, 314.86
1735415615, 20, 47, 76, 1, 0, 0.06%, 9, 0, 8, 313.46
1735415620, 20, 53, 76, 1, 0, 0.06%, 9, 0, 8, 327.11
1735415625, 20, 54, 76, 1, 0, 0.06%, 9, 0, 8, 322.63
1735415635, 20, 55, 76, 1, 0, 0.06%, 9, 0, 8, 341.35
1735415640, 20, 60, 76, 1, 0, 0.06%, 9, 0, 8, 319.46
1735415646, 20, 61, 76, 1, 0, 0.06%, 9, 0, 8, 329.77
1735415651, 20, 63, 76, 1, 0, 0.06%, 9, 0, 8, 336.30
1735415656, 20, 64, 76, 1, 0, 0.06%, 9, 0, 8, 367.25
1735415661, 20, 65, 76, 1, 0, 0.06%, 9, 0, 8, 377.82
1735415666, 20, 66, 76, 1, 0, 0.06%, 9, 0, 8, 343.05
1735415671, 20, 67, 76, 1, 0, 0.06%, 9, 0, 8, 306.45
1735415676, 20, 70, 76, 1, 0, 0.06%, 9, 0, 8, 323.49
1735415686, 20, 71, 76, 1, 0, 0.06%, 9, 0, 8, 383.71
1735415691, 20, 72, 76, 1, 0, 0.06%, 9, 0, 8, 378.40
1735415706, 21, 11, 76, 1, 0, 0.06%, 9, 0, 8, 343.46
1735415711, 21, 26, 76, 1, 0, 0.06%, 9, 0, 8, 357.43
1735415717, 21, 27, 76, 1, 0, 0.06%, 9, 0, 8, 362.58
1735415722, 21, 29, 76, 1, 0, 0.06%, 9, 0, 8, 354.80
1735415727, 21, 32, 76, 1, 0, 0.06%, 9, 0, 8, 351.31
1735415732, 21, 33, 76, 1, 0, 0.06%, 9, 0, 8, 336.87
1735415737, 21, 34, 76, 1, 0, 0.06%, 9, 0, 8, 340.11
1735415742, 21, 36, 76, 1, 0, 0.06%, 9, 0, 8, 325.97
1735415747, 21, 40, 76, 1, 0, 0.06%, 9, 0, 8, 343.21
1735415752, 21, 41, 76, 1, 0, 0.06%, 9, 0, 8, 385.29
1735415757, 21, 42, 76, 1, 0, 0.06%, 9, 0, 8, 307.82
1735415768, 21, 44, 76, 1, 0, 0.06%, 9, 0, 8, 334.88
1735415773, 21, 45, 76, 1, 0, 0.06%, 9, 0, 8, 327.54
1735415783, 21, 47, 76, 1, 0, 0.06%, 9, 0, 8, 313.77
1735415788, 21, 53, 76, 1, 0, 0.06%, 9, 0, 8, 319.95
1735415793, 21, 54, 76, 1, 0, 0.06%, 9, 0, 8, 319.99
1735415803, 21, 55, 76, 1, 0, 0.06%, 9, 0, 8, 327.02
1735415808, 21, 60, 76, 1, 0, 0.06%, 9, 0, 8, 308.11
1735415813, 21, 61, 76, 1, 0, 0.06%, 9, 0, 8, 328.26
1735415818, 21, 63, 76, 1, 0, 0.06%, 9, 0, 8, 337.59
1735415824, 21, 64, 76, 1, 0, 0.06%, 9, 0, 8, 333.66
1735415829, 21, 65, 76, 1, 0, 0.06%, 9, 0, 8, 310.55
1735415834, 21, 66, 76, 1, 0, 0.06%, 9, 0, 8, 324.02
1735415844, 21, 67, 76, 1, 0, 0.06%, 9, 0, 8, 319.85
1735415849, 21, 70, 76, 1, 0, 0.06%, 9, 0, 8, 351.13
1735415854, 21, 71, 76, 1, 0, 0.06%, 9, 0, 8, 353.95
1735415864, 21, 72, 76, 1, 0, 0.06%, 9, 0, 8, 287.19
1735415875, 22, 11, 76, 1, 0, 0.06%, 9, 0, 8, 346.13
1735415880, 22, 24, 76, 1, 0, 0.06%, 9, 0, 8, 328.43
1735415885, 22, 26, 76, 1, 0, 0.06%, 9, 0, 8, 329.94
1735415890, 22, 29, 76, 1, 0, 0.06%, 9, 0, 8, 330.47
1735415895, 22, 32, 76, 1, 0, 0.06%, 9, 0, 8, 367.17
1735415900, 22, 33, 76, 1, 0, 0.06%, 9, 0, 8, 371.05
1735415905, 22, 34, 76, 1, 0, 0.06%, 9, 0, 8, 319.33
1735415910, 22, 36, 76, 1, 0, 0.06%, 9, 0, 8, 344.96
1735415915, 22, 37, 76, 1, 0, 0.06%, 9, 0, 8, 352.07
1735415920, 22, 40, 76, 1, 0, 0.06%, 9, 0, 8, 342.22
1735415925, 22, 41, 76, 1, 0, 0.06%, 9, 0, 8, 337.86
1735415930, 22, 42, 76, 1, 0, 0.06%, 9, 0, 8, 358.98
1735415935, 22, 43, 76, 1, 0, 0.06%, 9, 0, 8, 365.82
1735415940, 22, 44, 76, 1, 0, 0.06%, 9, 0, 8, 363.90
1735415945, 22, 45, 76, 1, 0, 0.06%, 9, 0, 8, 299.55
1735415951, 22, 46, 76, 1, 0, 0.06%, 9, 0, 8, 328.05
1735415956, 22, 47, 76, 1, 0, 0.06%, 9, 0, 8, 350.30
1735415961, 22, 53, 76, 1, 0, 0.06%, 9, 0, 8, 336.57
1735415966, 22, 54, 76, 1, 0, 0.06%, 9, 0, 8, 354.98
1735415971, 22, 55, 76, 1, 0, 0.06%, 9, 0, 8, 366.52
1735415976, 22, 60, 76, 1, 0, 0.06%, 9, 0, 8, 313.52
1735415981, 22, 61, 76, 1, 0, 0.06%, 9, 0, 8, 348.68
1735415986, 22, 62, 76, 1, 0, 0.06%, 9, 0, 8, 341.44
1735415991, 22, 63, 76, 1, 0, 0.06%, 9, 0, 8, 352.79
1735415996, 22, 64, 76, 1, 0, 0.06%, 9, 0, 8, 353.60
1735416001, 22, 65, 76, 1, 0, 0.06%, 9, 0, 8, 337.37
1735416006, 22, 66, 76, 1, 0, 0.06%, 9, 0, 8, 336.76
1735416011, 22, 67, 76, 1, 0, 0.06%, 9, 0, 8, 340.62
1735416016, 22, 70, 76, 1, 0, 0.06%, 9, 0, 8, 375.76
1735416021, 22, 71, 76, 1, 0, 0.06%, 9, 0, 8, 335.33
1735416031, 22, 72, 76, 1, 0, 0.06%, 9, 0, 8, 321.16
1735416047, 23, 24, 76, 1, 0, 0.06%, 9, 0, 8, 337.34
1735416052, 23, 26, 76, 1, 0, 0.06%, 9, 0, 8, 325.55
1735416057, 23, 27, 76, 1, 0, 0.06%, 9, 0, 8, 347.63
1735416062, 23, 32, 76, 1, 0, 0.06%, 9, 0, 8, 357.42
1735416067, 23, 33, 76, 1, 0, 0.06%, 9, 0, 8, 345.77
1735416072, 23, 34, 76, 1, 0, 0.06%, 9, 0, 8, 338.99
1735416077, 23, 36, 76, 1, 0, 0.06%, 9, 0, 8, 348.70
1735416082, 23, 37, 76, 1, 0, 0.06%, 9, 0, 8, 347.37
1735416087, 23, 40, 76, 1, 0, 0.06%, 9, 0, 8, 347.60
1735416092, 23, 41, 76, 1, 0, 0.06%, 9, 0, 8, 363.92
1735416097, 23, 42, 76, 1, 0, 0.06%, 9, 0, 8, 369.49
1735416102, 23, 43, 76, 1, 0, 0.06%, 9, 0, 8, 350.29
1735416107, 23, 44, 76, 1, 0, 0.06%, 9, 0, 8, 357.93
1735416112, 23, 45, 76, 1, 0, 0.06%, 9, 0, 8, 315.25
1735416117, 23, 46, 76, 1, 0, 0.06%, 9, 0, 8, 335.53
1735416123, 23, 47, 76, 1, 0, 0.06%, 9, 0, 8, 352.36
1735416128, 23, 53, 76, 1, 0, 0.06%, 9, 0, 8, 323.15
1735416133, 23, 54, 76, 1, 0, 0.06%, 9, 0, 8, 352.67
1735416138, 23, 55, 76, 1, 0, 0.06%, 9, 0, 8, 365.33
1735416143, 23, 60, 76, 1, 0, 0.06%, 9, 0, 8, 323.12
1735416148, 23, 61, 76, 1, 0, 0.06%, 9, 0, 8, 341.88
1735416153, 23, 62, 76, 1, 0, 0.06%, 9, 0, 8, 358.39
1735416158, 23, 63, 76, 1, 0, 0.06%, 9, 0, 8, 381.68
1735416163, 23, 64, 76, 1, 0, 0.06%, 9, 0, 8, 361.11
1735416168, 23, 65, 76, 1, 0, 0.06%, 9, 0, 8, 342.78
1735416173, 23, 66, 76, 1, 0, 0.06%, 9, 0, 8, 336.38
1735416179, 23, 67, 76, 1, 0, 0.06%, 9, 0, 8, 333.29
1735416184, 23, 70, 76, 1, 0, 0.06%, 9, 0, 8, 366.96
1735416189, 23, 71, 76, 1, 0, 0.06%, 9, 0, 8, 324.74
1735416199, 23, 72, 76, 1, 0, 0.06%, 9, 0, 8, 309.34
1735416215, 24, 24, 76, 1, 0, 0.06%, 9, 0, 8, 335.96
1735416220, 24, 26, 76, 1, 0, 0.06%, 9, 0, 8, 339.60
1735416225, 24, 27, 76, 1, 0, 0.06%, 9, 0, 8, 337.18
1735416230, 24, 32, 76, 1, 0, 0.06%, 9, 0, 8, 332.09
1735416235, 24, 33, 76, 1, 0, 0.06%, 9, 0, 8, 339.69
1735416240, 24, 34, 76, 1, 0, 0.06%, 9, 0, 8, 333.54
1735416245, 24, 36, 76, 1, 0, 0.06%, 9, 0, 8, 348.75
1735416250, 24, 37, 76, 1, 0, 0.06%, 9, 0, 8, 342.61
1735416255, 24, 40, 76, 1, 0, 0.06%, 9, 0, 8, 355.27
1735416260, 24, 41, 76, 1, 0, 0.06%, 9, 0, 8, 337.25
1735416265, 24, 42, 76, 1, 0, 0.06%, 9, 0, 8, 370.79
1735416270, 24, 43, 76, 1, 0, 0.06%, 9, 0, 8, 367.24
1735416275, 24, 44, 76, 1, 0, 0.06%, 9, 0, 8, 365.03
1735416280, 24, 45, 76, 1, 0, 0.06%, 9, 0, 8, 303.79
1735416285, 24, 46, 76, 1, 0, 0.06%, 9, 0, 8, 338.82
1735416290, 24, 47, 76, 1, 0, 0.06%, 9, 0, 8, 342.74
1735416295, 24, 53, 76, 1, 0, 0.06%, 9, 0, 8, 325.90
1735416301, 24, 54, 76, 1, 0, 0.06%, 9, 0, 8, 355.28
1735416306, 24, 55, 76, 1, 0, 0.06%, 9, 0, 8, 359.41
1735416311, 24, 60, 76, 1, 0, 0.06%, 9, 0, 8, 316.54
1735416316, 24, 61, 76, 1, 0, 0.06%, 9, 0, 8, 350.05
1735416321, 24, 62, 76, 1, 0, 0.06%, 9, 0, 8, 359.35
1735416326, 24, 63, 76, 1, 0, 0.06%, 9, 0, 8, 353.18
1735416331, 24, 64, 76, 1, 0, 0.06%, 9, 0, 8, 367.97
1735416336, 24, 65, 76, 1, 0, 0.06%, 9, 0, 8, 359.32
1735416341, 24, 66, 76, 1, 0, 0.06%, 9, 0, 8, 324.61
1735416346, 24, 67, 76, 1, 0, 0.06%, 9, 0, 8, 345.89
1735416351, 24, 70, 76, 1, 0, 0.06%, 9, 0, 8, 354.71
1735416356, 24, 71, 76, 1, 0, 0.06%, 9, 0, 8, 341.52
1735416367, 24, 72, 76, 1, 0, 0.06%, 9, 0, 8, 297.26
1735416377, 25, 0, 76, 1, 0, 0.06%, 9, 0, 8, 314.85
1735416382, 25, 24, 76, 1, 0, 0.06%, 9, 0, 8, 337.75
1735416387, 25, 26, 76, 1, 0, 0.06%, 9, 0, 8, 330.40
1735416392, 25, 27, 76, 1, 0, 0.06%, 9, 0, 8, 329.59
1735416397, 25, 32, 76, 1, 0, 0.06%, 9, 0, 8, 327.67
1735416402, 25, 33, 76, 1, 0, 0.06%, 9, 0, 8, 322.09
1735416407, 25, 34, 76, 1, 0, 0.06%, 9, 0, 8, 318.50
1735416413, 25, 36, 76, 1, 0, 0.06%, 9, 0, 8, 343.04
1735416418, 25, 37, 76, 1, 0, 0.06%, 9, 0, 8, 351.77
1735416423, 25, 40, 76, 1, 0, 0.06%, 9, 0, 8, 347.51
1735416428, 25, 41, 76, 1, 0, 0.06%, 9, 0, 8, 335.13
1735416433, 25, 42, 76, 1, 0, 0.06%, 9, 0, 8, 349.26
1735416438, 25, 43, 76, 1, 0, 0.06%, 9, 0, 8, 374.83
1735416443, 25, 44, 76, 1, 0, 0.06%, 9, 0, 8, 360.86
1735416448, 25, 45, 76, 1, 0, 0.06%, 9, 0, 8, 302.13
1735416453, 25, 46, 76, 1, 0, 0.06%, 9, 0, 8, 364.32
1735416458, 25, 47, 76, 1, 0, 0.06%, 9, 0, 8, 366.10
1735416463, 25, 53, 76, 1, 0, 0.06%, 9, 0, 8, 333.78
1735416468, 25, 54, 76, 1, 0, 0.06%, 9, 0, 8, 331.95
1735416473, 25, 55, 76, 1, 0, 0.06%, 9, 0, 8, 340.00
1735416478, 25, 60, 76, 1, 0, 0.06%, 9, 0, 8, 316.78
1735416483, 25, 61, 76, 1, 0, 0.06%, 9, 0, 8, 337.80
1735416488, 25, 62, 76, 1, 0, 0.06%, 9, 0, 8, 376.83
1735416493, 25, 63, 76, 1, 0, 0.06%, 9, 0, 8, 370.13
1735416499, 25, 64, 76, 1, 0, 0.06%, 9, 0, 8, 384.12
1735416504, 25, 65, 76, 1, 0, 0.06%, 9, 0, 8, 370.46
1735416509, 25, 66, 76, 1, 0, 0.06%, 9, 0, 8, 325.62
1735416514, 25, 67, 76, 1, 0, 0.06%, 9, 0, 8, 333.83
1735416519, 25, 70, 76, 1, 0, 0.06%, 9, 0, 8, 311.57
1735416529, 25, 71, 76, 1, 0, 0.06%, 9, 0, 8, 369.99
1735416534, 25, 72, 76, 1, 0, 0.06%, 9, 0, 8, 380.07
1735416549, 26, 11, 76, 1, 0, 0.06%, 9, 0, 8, 317.38
1735416554, 26, 26, 76, 1, 0, 0.06%, 9, 0, 8, 342.49
1735416559, 26, 27, 76, 1, 0, 0.06%, 9, 0, 8, 364.37
1735416564, 26, 29, 76, 1, 0, 0.06%, 9, 0, 8, 354.58
1735416569, 26, 32, 76, 1, 0, 0.06%, 9, 0, 8, 344.52
1735416575, 26, 33, 76, 1, 0, 0.06%, 9, 0, 8, 347.33
1735416580, 26, 34, 76, 1, 0, 0.06%, 9, 0, 8, 311.76
1735416585, 26, 36, 76, 1, 0, 0.06%, 9, 0, 8, 315.27
1735416590, 26, 37, 76, 1, 0, 0.06%, 9, 0, 8, 329.99
1735416595, 26, 40, 76, 1, 0, 0.06%, 9, 0, 8, 345.93
1735416600, 26, 41, 76, 1, 0, 0.06%, 9, 0, 8, 343.50
1735416605, 26, 42, 76, 1, 0, 0.06%, 9, 0, 8, 361.57
1735416610, 26, 43, 76, 1, 0, 0.06%, 9, 0, 8, 344.38
1735416615, 26, 44, 76, 1, 0, 0.06%, 9, 0, 8, 348.46
1735416620, 26, 45, 76, 1, 0, 0.06%, 9, 0, 8, 297.14
1735416625, 26, 46, 76, 1, 0, 0.06%, 9, 0, 8, 321.77
1735416630, 26, 47, 76, 1, 0, 0.06%, 9, 0, 8, 354.24
1735416635, 26, 53, 76, 1, 0, 0.06%, 9, 0, 8, 309.45
1735416640, 26, 54, 76, 1, 0, 0.06%, 9, 0, 8, 347.13
1735416645, 26, 55, 76, 1, 0, 0.06%, 9, 0, 8, 372.48
1735416650, 26, 60, 76, 1, 0, 0.06%, 9, 0, 8, 305.36
1735416656, 26, 61, 76, 1, 0, 0.06%, 9, 0, 8, 353.93
1735416661, 26, 62, 76, 1, 0, 0.06%, 9, 0, 8, 357.99
1735416666, 26, 63, 76, 1, 0, 0.06%, 9, 0, 8, 346.62
1735416671, 26, 64, 76, 1, 0, 0.06%, 9, 0, 8, 362.69
1735416676, 26, 65, 76, 1, 0, 0.06%, 9, 0, 8, 339.60
1735416681, 26, 66, 76, 1, 0, 0.06%, 9, 0, 8, 328.74
1735416686, 26, 67, 76, 1, 0, 0.06%, 9, 0, 8, 331.56
1735416691, 26, 70, 76, 1, 0, 0.06%, 9, 0, 8, 364.43
1735416701, 26, 71, 76, 1, 0, 0.06%, 9, 0, 8, 351.67
1735416706, 26, 72, 76, 1, 0, 0.06%, 9, 0, 8, 369.30
1735416722, 27, 24, 76, 1, 0, 0.06%, 9, 0, 8, 360.79
1735416727, 27, 26, 76, 1, 0, 0.06%, 9, 0, 8, 341.81
1735416732, 27, 27, 76, 1, 0, 0.06%, 9, 0, 8, 334.23
1735416737, 27, 29, 76, 1, 0, 0.06%, 9, 0, 8, 335.91
1735416742, 27, 32, 76, 1, 0, 0.06%, 9, 0, 8, 341.36
1735416747, 27, 33, 76, 1, 0, 0.06%, 9, 0, 8, 338.04
1735416752, 27, 34, 76, 1, 0, 0.06%, 9, 0, 8, 303.16
1735416757, 27, 36, 76, 1, 0, 0.06%, 9, 0, 8, 325.03
1735416762, 27, 40, 76, 1, 0, 0.06%, 9, 0, 8, 321.00
1735416767, 27, 41, 76, 1, 0, 0.06%, 9, 0, 8, 306.94
1735416773, 27, 42, 76, 1, 0, 0.06%, 9, 0, 8, 346.33
1735416783, 27, 44, 76, 1, 0, 0.06%, 9, 0, 8, 360.74
1735416788, 27, 45, 76, 1, 0, 0.06%, 9, 0, 8, 347.65
1735416793, 27, 46, 76, 1, 0, 0.06%, 9, 0, 8, 304.93
1735416798, 27, 47, 76, 1, 0, 0.06%, 9, 0, 8, 328.52
1735416803, 27, 53, 76, 1, 0, 0.06%, 9, 0, 8, 331.55
1735416808, 27, 54, 76, 1, 0, 0.06%, 9, 0, 8, 316.42
1735416818, 27, 55, 76, 1, 0, 0.06%, 9, 0, 8, 312.72
1735416823, 27, 60, 76, 1, 0, 0.06%, 9, 0, 8, 311.88
1735416828, 27, 62, 76, 1, 0, 0.06%, 9, 0, 8, 337.08
1735416833, 27, 63, 76, 1, 0, 0.06%, 9, 0, 8, 331.03
1735416838, 27, 64, 76, 1, 0, 0.06%, 9, 0, 8, 330.16
1735416844, 27, 65, 76, 1, 0, 0.06%, 9, 0, 8, 367.88
1735416849, 27, 66, 76, 1, 0, 0.06%, 9, 0, 8, 332.77
1735416854, 27, 67, 76, 1, 0, 0.06%, 9, 0, 8, 315.79
1735416859, 27, 70, 76, 1, 0, 0.06%, 9, 0, 8, 349.17
1735416869, 27, 71, 76, 1, 0, 0.06%, 9, 0, 8, 389.50
1735416874, 27, 72, 76, 1, 0, 0.06%, 9, 0, 8, 343.74
1735416889, 28, 11, 76, 1, 0, 0.06%, 9, 0, 8, 318.50
1735416894, 28, 24, 76, 1, 0, 0.06%, 9, 0, 8, 320.43
1735416900, 28, 26, 76, 1, 0, 0.06%, 9, 0, 8, 312.94
1735416905, 28, 29, 76, 1, 0, 0.06%, 9, 0, 8, 333.84
1735416910, 28, 32, 76, 1, 0, 0.06%, 9, 0, 8, 365.13
1735416915, 28, 33, 76, 1, 0, 0.06%, 9, 0, 8, 366.34
1735416920, 28, 34, 76, 1, 0, 0.06%, 9, 0, 8, 316.97
1735416925, 28, 36, 76, 1, 0, 0.06%, 9, 0, 8, 341.64
1735416930, 28, 37, 76, 1, 0, 0.06%, 9, 0, 8, 346.92
1735416935, 28, 40, 76, 1, 0, 0.06%, 9, 0, 8, 358.68
1735416940, 28, 42, 76, 1, 0, 0.06%, 9, 0, 8, 371.99
1735416951, 28, 43, 76, 1, 0, 0.06%, 9, 0, 8, 340.72
1735416956, 28, 44, 76, 1, 0, 0.06%, 9, 0, 8, 349.06
1735416961, 28, 45, 76, 1, 0, 0.06%, 9, 0, 8, 308.88
1735416966, 28, 46, 76, 1, 0, 0.06%, 9, 0, 8, 318.05
1735416971, 28, 47, 76, 1, 0, 0.06%, 9, 0, 8, 337.61
1735416976, 28, 53, 76, 1, 0, 0.06%, 9, 0, 8, 319.57
1735416981, 28, 54, 76, 1, 0, 0.06%, 9, 0, 8, 339.95
1735416986, 28, 55, 76, 1, 0, 0.06%, 9, 0, 8, 356.16
1735416991, 28, 60, 76, 1, 0, 0.06%, 9, 0, 8, 319.05
1735416996, 28, 61, 76, 1, 0, 0.06%, 9, 0, 8, 355.24
1735417001, 28, 62, 76, 1, 0, 0.06%, 9, 0, 8, 342.84
1735417006, 28, 63, 76, 1, 0, 0.06%, 9, 0, 8, 366.51
1735417011, 28, 64, 76, 1, 0, 0.06%, 9, 0, 8, 329.29
1735417016, 28, 65, 76, 1, 0, 0.06%, 9, 0, 8, 323.44
1735417021, 28, 66, 76, 1, 0, 0.06%, 9, 0, 8, 330.18
1735417026, 28, 67, 76, 1, 0, 0.06%, 9, 0, 8, 329.65
1735417031, 28, 70, 76, 1, 0, 0.06%, 9, 0, 8, 357.23
1735417036, 28, 71, 76, 1, 0, 0.06%, 9, 0, 8, 315.19
1735417046, 28, 72, 76, 1, 0, 0.06%, 9, 0, 8, 310.45
1735417062, 29, 24, 76, 1, 0, 0.06%, 9, 0, 8, 345.19
1735417067, 29, 26, 76, 1, 0, 0.06%, 9, 0, 8, 328.72
1735417072, 29, 27, 76, 1, 0, 0.06%, 9, 0, 8, 320.87
1735417077, 29, 29, 76, 1, 0, 0.06%, 9, 0, 8, 339.50
1735417082, 29, 33, 76, 1, 0, 0.06%, 9, 0, 8, 340.18
1735417087, 29, 34, 76, 1, 0, 0.06%, 9, 0, 8, 327.00
1735417092, 29, 36, 76, 1, 0, 0.06%, 9, 0, 8, 355.10
1735417097, 29, 37, 76, 1, 0, 0.06%, 9, 0, 8, 353.38
1735417102, 29, 40, 76, 1, 0, 0.06%, 9, 0, 8, 355.36
1735417107, 29, 41, 76, 1, 0, 0.06%, 9, 0, 8, 356.22
1735417112, 29, 42, 76, 1, 0, 0.06%, 9, 0, 8, 356.15
1735417117, 29, 43, 76, 1, 0, 0.06%, 9, 0, 8, 366.11
1735417122, 29, 44, 76, 1, 0, 0.06%, 9, 0, 8, 349.92
1735417127, 29, 45, 76, 1, 0, 0.06%, 9, 0, 8, 311.25
1735417132, 29, 46, 76, 1, 0, 0.06%, 9, 0, 8, 350.97
1735417137, 29, 47, 76, 1, 0, 0.06%, 9, 0, 8, 351.54
1735417142, 29, 53, 76, 1, 0, 0.06%, 9, 0, 8, 314.72
1735417147, 29, 54, 76, 1, 0, 0.06%, 9, 0, 8, 326.64
1735417152, 29, 55, 76, 1, 0, 0.06%, 9, 0, 8, 328.00
1735417158, 29, 60, 76, 1, 0, 0.06%, 9, 0, 8, 322.03
1735417163, 29, 61, 76, 1, 0, 0.06%, 9, 0, 8, 327.74
1735417168, 29, 62, 76, 1, 0, 0.06%, 9, 0, 8, 383.95
1735417173, 29, 63, 76, 1, 0, 0.06%, 9, 0, 8, 384.83
1735417178, 29, 64, 76, 1, 0, 0.06%, 9, 0, 8, 388.51
1735417183, 29, 65, 76, 1, 0, 0.06%, 9, 0, 8, 354.90
1735417188, 29, 66, 76, 1, 0, 0.06%, 9, 0, 8, 330.49
1735417193, 29, 67, 76, 1, 0, 0.06%, 9, 0, 8, 334.70
1735417198, 29, 70, 76, 1, 0, 0.06%, 9, 0, 8, 341.47
1735417208, 29, 71, 76, 1, 0, 0.06%, 9, 0, 8, 361.04
1735417213, 29, 72, 76, 1, 0, 0.06%, 9, 0, 8, 402.00
1735417228, 30, 24, 76, 1, 0, 0.06%, 9, 0, 8, 314.21
1735417233, 30, 26, 76, 1, 0, 0.06%, 9, 0, 8, 346.41
1735417239, 30, 27, 76, 1, 0, 0.06%, 9, 0, 8, 366.16
1735417244, 30, 29, 76, 1, 0, 0.06%, 9, 0, 8, 355.72
1735417249, 30, 32, 76, 1, 0, 0.06%, 9, 0, 8, 366.56
1735417254, 30, 33, 76, 1, 0, 0.06%, 9, 0, 8, 346.33
1735417259, 30, 34, 76, 1, 0, 0.06%, 9, 0, 8, 302.85
1735417264, 30, 36, 76, 1, 0, 0.06%, 9, 0, 8, 305.71
1735417269, 30, 40, 76, 1, 0, 0.06%, 9, 0, 8, 342.09
1735417274, 30, 41, 76, 1, 0, 0.06%, 9, 0, 8, 347.80
1735417279, 30, 42, 76, 1, 0, 0.06%, 9, 0, 8, 348.98
1735417289, 30, 43, 76, 1, 0, 0.06%, 9, 0, 8, 348.64
1735417294, 30, 44, 76, 1, 0, 0.06%, 9, 0, 8, 336.70
1735417299, 30, 45, 76, 1, 0, 0.06%, 9, 0, 8, 293.90
1735417304, 30, 47, 76, 1, 0, 0.06%, 9, 0, 8, 335.86
1735417315, 30, 53, 76, 1, 0, 0.06%, 9, 0, 8, 317.62
1735417320, 30, 54, 76, 1, 0, 0.06%, 9, 0, 8, 349.58
1735417325, 30, 55, 76, 1, 0, 0.06%, 9, 0, 8, 325.20
1735417330, 30, 60, 76, 1, 0, 0.06%, 9, 0, 8, 305.02
1735417335, 30, 61, 76, 1, 0, 0.06%, 9, 0, 8, 327.29
1735417340, 30, 63, 76, 1, 0, 0.06%, 9, 0, 8, 346.12
1735417345, 30, 64, 76, 1, 0, 0.06%, 9, 0, 8, 354.68
1735417350, 30, 65, 76, 1, 0, 0.06%, 9, 0, 8, 364.71
1735417355, 30, 66, 76, 1, 0, 0.06%, 9, 0, 8, 308.09
1735417365, 30, 67, 76, 1, 0, 0.06%, 9, 0, 8, 310.59
1735417370, 30, 70, 76, 1, 0, 0.06%, 9, 0, 8, 323.58
1735417375, 30, 71, 76, 1, 0, 0.06%, 9, 0, 8, 293.83
1735417385, 30, 72, 76, 1, 0, 0.06%, 9, 0, 8, 302.00
1735417401, 31, 24, 76, 1, 0, 0.06%, 9, 0, 8, 338.02
1735417406, 31, 26, 76, 1, 0, 0.06%, 9, 0, 8, 326.99
1735417411, 31, 27, 76, 1, 0, 0.06%, 9, 0, 8, 319.48
1735417416, 31, 32, 76, 1, 0, 0.06%, 9, 0, 8, 344.72
1735417421, 31, 33, 76, 1, 0, 0.06%, 9, 0, 8, 343.48
1735417426, 31, 34, 76, 1, 0, 0.06%, 9, 0, 8, 310.51
1735417431, 31, 36, 76, 1, 0, 0.06%, 9, 0, 8, 340.89
1735417436, 31, 37, 76, 1, 0, 0.06%, 9, 0, 8, 348.41
1735417441, 31, 40, 76, 1, 0, 0.06%, 9, 0, 8, 346.82
1735417446, 31, 41, 76, 1, 0, 0.06%, 9, 0, 8, 350.10
1735417452, 31, 42, 76, 1, 0, 0.06%, 9, 0, 8, 366.04
1735417457, 31, 43, 76, 1, 0, 0.06%, 9, 0, 8, 368.49
1735417462, 31, 44, 76, 1, 0, 0.06%, 9, 0, 8, 361.52
1735417467, 31, 45, 76, 1, 0, 0.06%, 9, 0, 8, 319.98
1735417472, 31, 46, 76, 1, 0, 0.06%, 9, 0, 8, 336.35
1735417477, 31, 47, 76, 1, 0, 0.06%, 9, 0, 8, 347.25
1735417482, 31, 53, 76, 1, 0, 0.06%, 9, 0, 8, 329.91
1735417487, 31, 54, 76, 1, 0, 0.06%, 9, 0, 8, 358.15
1735417492, 31, 55, 76, 1, 0, 0.06%, 9, 0, 8, 365.86
1735417497, 31, 60, 76, 1, 0, 0.06%, 9, 0, 8, 312.73
1735417502, 31, 61, 76, 1, 0, 0.06%, 9, 0, 8, 341.43
1735417507, 31, 62, 76, 1, 0, 0.06%, 9, 0, 8, 362.42
1735417512, 31, 63, 76, 1, 0, 0.06%, 9, 0, 8, 375.91
1735417517, 31, 64, 76, 1, 0, 0.06%, 9, 0, 8, 377.57
1735417522, 31, 65, 76, 1, 0, 0.06%, 9, 0, 8, 345.77
1735417527, 31, 66, 76, 1, 0, 0.06%, 9, 0, 8, 339.46
1735417532, 31, 67, 76, 1, 0, 0.06%, 9, 0, 8, 341.73
1735417538, 31, 70, 76, 1, 0, 0.06%, 9, 0, 8, 364.89
1735417548, 31, 71, 76, 1, 0, 0.06%, 9, 0, 8, 380.66
1735417553, 31, 72, 76, 1, 0, 0.06%, 9, 0, 8, 335.22
1735417568, 32, 24, 76, 1, 0, 0.06%, 9, 0, 8, 352.62
1735417573, 32, 26, 76, 1, 0, 0.06%, 9, 0, 8, 333.42
1735417578, 32, 27, 76, 1, 0, 0.06%, 9, 0, 8, 332.39
1735417583, 32, 32, 76, 1, 0, 0.06%, 9, 0, 8, 337.85
1735417588, 32, 33, 76, 1, 0, 0.06%, 9, 0, 8, 323.66
1735417593, 32, 34, 76, 1, 0, 0.06%, 9, 0, 8, 330.04
1735417598, 32, 36, 76, 1, 0, 0.06%, 9, 0, 8, 359.74
1735417603, 32, 37, 76, 1, 0, 0.06%, 9, 0, 8, 366.93
1735417608, 32, 40, 76, 1, 0, 0.06%, 9, 0, 8, 352.87
1735417614, 32, 41, 76, 1, 0, 0.06%, 9, 0, 8, 359.40
1735417619, 32, 42, 76, 1, 0, 0.06%, 9, 0, 8, 371.87
1735417624, 32, 43, 76, 1, 0, 0.06%, 9, 0, 8, 374.37
1735417629, 32, 44, 76, 1, 0, 0.06%, 9, 0, 8, 366.75
1735417634, 32, 45, 76, 1, 0, 0.06%, 9, 0, 8, 307.91
1735417639, 32, 46, 76, 1, 0, 0.06%, 9, 0, 8, 341.77
1735417644, 32, 47, 76, 1, 0, 0.06%, 9, 0, 8, 349.18
1735417649, 32, 53, 76, 1, 0, 0.06%, 9, 0, 8, 321.50
1735417654, 32, 54, 76, 1, 0, 0.06%, 9, 0, 8, 347.49
1735417659, 32, 55, 76, 1, 0, 0.06%, 9, 0, 8, 335.25
1735417664, 32, 60, 76, 1, 0, 0.06%, 9, 0, 8, 325.64
1735417669, 32, 61, 76, 1, 0, 0.06%, 9, 0, 8, 334.99
1735417674, 32, 62, 76, 1, 0, 0.06%, 9, 0, 8, 366.27
1735417679, 32, 63, 76, 1, 0, 0.06%, 9, 0, 8, 381.94
1735417684, 32, 64, 76, 1, 0, 0.06%, 9, 0, 8, 372.83
1735417689, 32, 65, 76, 1, 0, 0.06%, 9, 0, 8, 382.77
1735417694, 32, 66, 76, 1, 0, 0.06%, 9, 0, 8, 323.44
1735417699, 32, 67, 76, 1, 0, 0.06%, 9, 0, 8, 333.85
1735417704, 32, 70, 76, 1, 0, 0.06%, 9, 0, 8, 316.83
1735417715, 32, 71, 76, 1, 0, 0.06%, 9, 0, 8, 368.88
1735417720, 32, 72, 76, 1, 0, 0.06%, 9, 0, 8, 415.32
1735417735, 33, 24, 76, 1, 0, 0.06%, 9, 0, 8, 340.46
1735417740, 33, 26, 76, 1, 0, 0.06%, 9, 0, 8, 361.30
