# unix_time, cycles_done, cur_path, paths_total, pending_total, pending_favs, map_size, unique_crashes, unique_hangs, max_depth, execs_per_sec
1735374549, 0, 0, 10, 10, 1, 0.00%, 0, 0, 1, 176.60
1735374554, 0, 2, 10, 10, 1, 0.00%, 0, 0, 1, 200.71
1735374559, 0, 3, 10, 9, 0, 0.00%, 0, 0, 1, 212.61
1735374565, 0, 4, 10, 8, 0, 0.00%, 0, 0, 1, 203.01
1735374575, 0, 5, 10, 7, 0, 0.00%, 0, 0, 1, 210.72
1735374580, 0, 6, 10, 6, 0, 0.00%, 0, 0, 1, 197.44
1735374590, 0, 7, 10, 5, 0, 0.00%, 0, 0, 1, 210.32
1735374595, 0, 8, 10, 4, 0, 0.00%, 0, 0, 1, 214.22
1735374601, 0, 9, 10, 3, 0, 0.00%, 0, 0, 1, 209.58
1735374611, 1, 0, 10, 2, 0, 0.00%, 0, 0, 1, 215.26
1735374621, 1, 1, 10, 1, 0, 0.00%, 0, 0, 1, 213.00
1735374631, 1, 2, 10, 0, 0, 0.00%, 0, 0, 1, 208.72
1735374636, 1, 3, 10, 0, 0, 0.00%, 0, 0, 1, 210.03
1735374641, 1, 4, 10, 0, 0, 0.00%, 0, 0, 1, 210.49
1735374647, 1, 5, 10, 0, 0, 0.00%, 0, 0, 1, 207.96
1735374652, 1, 7, 10, 0, 0, 0.00%, 0, 0, 1, 210.70
1735374657, 1, 8, 10, 0, 0, 0.00%, 0, 0, 1, 211.62
1735374662, 2, 0, 10, 0, 0, 0.00%, 0, 0, 1, 208.44
1735374667, 2, 1, 10, 0, 0, 0.00%, 0, 0, 1, 204.53
1735374672, 2, 3, 10, 0, 0, 0.00%, 0, 0, 1, 207.44
1735374677, 2, 4, 10, 0, 0, 0.00%, 0, 0, 1, 212.86
1735374682, 2, 5, 10, 0, 0, 0.00%, 0, 0, 1, 208.44
1735374687, 2, 7, 10, 0, 0, 0.00%, 0, 0, 1, 206.73
1735374693, 2, 8, 10, 0, 0, 0.00%, 0, 0, 1, 207.19
1735374698, 3, 0, 10, 0, 0, 0.00%, 0, 0, 1, 211.45
1735374703, 3, 1, 10, 0, 0, 0.00%, 0, 0, 1, 209.43
1735374708, 3, 3, 10, 0, 0, 0.00%, 0, 0, 1, 208.21
1735374713, 3, 4, 10, 0, 0, 0.00%, 0, 0, 1, 209.45
1735374718, 3, 5, 10, 0, 0, 0.00%, 0, 0, 1, 209.71
1735374723, 3, 7, 10, 0, 0, 0.00%, 0, 0, 1, 211.82
1735374728, 3, 8, 10, 0, 0, 0.00%, 0, 0, 1, 213.88
1735374733, 4, 0, 10, 0, 0, 0.00%, 0, 0, 1, 210.34
1735374738, 4, 1, 10, 0, 0, 0.00%, 0, 0, 1, 209.49
1735374743, 4, 3, 10, 0, 0, 0.00%, 0, 0, 1, 210.62
1735374749, 4, 4, 10, 0, 0, 0.00%, 0, 0, 1, 208.57
1735374754, 4, 5, 10, 0, 0, 0.00%, 0, 0, 1, 211.54
1735374759, 4, 7, 10, 0, 0, 0.00%, 0, 0, 1, 209.95
1735374764, 4, 8, 10, 0, 0, 0.00%, 0, 0, 1, 206.54
1735374769, 5, 0, 10, 0, 0, 0.00%, 0, 0, 1, 209.01
1735374774, 5, 1, 10, 0, 0, 0.00%, 0, 0, 1, 209.53
1735374779, 5, 3, 10, 0, 0, 0.00%, 0, 0, 1, 207.46
1735374784, 5, 4, 10, 0, 0, 0.00%, 0, 0, 1, 210.94
1735374789, 5, 5, 10, 0, 0, 0.00%, 0, 0, 1, 213.65
1735374795, 5, 7, 10, 0, 0, 0.00%, 0, 0, 1, 214.02
1735374800, 5, 8, 10, 0, 0, 0.00%, 0, 0, 1, 211.76
1735374805, 6, 0, 10, 0, 0, 0.00%, 0, 0, 1, 210.91
1735374810, 6, 1, 10, 0, 0, 0.00%, 0, 0, 1, 213.43
1735374815, 6, 3, 10, 0, 0, 0.00%, 0, 0, 1, 212.18
1735374820, 6, 4, 10, 0, 0, 0.00%, 0, 0, 1, 210.06
1735374825, 6, 6, 10, 0, 0, 0.00%, 0, 0, 1, 210.15
1735374830, 6, 7, 10, 0, 0, 0.00%, 0, 0, 1, 211.70
1735374836, 6, 9, 10, 0, 0, 0.00%, 0, 0, 1, 208.91
1735374841, 7, 0, 10, 0, 0, 0.00%, 0, 0, 1, 208.17
1735374846, 7, 1, 10, 0, 0, 0.00%, 0, 0, 1, 210.77
1735374851, 7, 3, 10, 0, 0, 0.00%, 0, 0, 1, 210.69
1735374856, 7, 4, 10, 0, 0, 0.00%, 0, 0, 1, 209.57
1735374861, 7, 6, 10, 0, 0, 0.00%, 0, 0, 1, 209.14
1735374866, 7, 7, 10, 0, 0, 0.00%, 0, 0, 1, 208.43
1735374872, 7, 9, 10, 0, 0, 0.00%, 0, 0, 1, 209.66
1735374877, 8, 0, 10, 0, 0, 0.00%, 0, 0, 1, 210.26
1735374882, 8, 1, 10, 0, 0, 0.00%, 0, 0, 1, 210.07
1735374887, 8, 3, 10, 0, 0, 0.00%, 0, 0, 1, 207.90
1735374892, 8, 4, 10, 0, 0, 0.00%, 0, 0, 1, 211.82
1735374897, 8, 6, 10, 0, 0, 0.00%, 0, 0, 1, 210.30
1735374902, 8, 7, 10, 0, 0, 0.00%, 0, 0, 1, 214.42
1735374907, 8, 9, 10, 0, 0, 0.00%, 0, 0, 1, 214.79
1735374912, 9, 0, 10, 0, 0, 0.00%, 0, 0, 1, 213.24
1735374918, 9, 2, 10, 0, 0, 0.00%, 0, 0, 1, 210.96
1735374923, 9, 3, 10, 0, 0, 0.00%, 0, 0, 1, 210.04
1735374928, 9, 4, 10, 0, 0, 0.00%, 0, 0, 1, 208.43
1735374933, 9, 6, 10, 0, 0, 0.00%, 0, 0, 1, 210.84
1735374938, 9, 7, 10, 0, 0, 0.00%, 0, 0, 1, 213.57
1735374943, 9, 9, 10, 0, 0, 0.00%, 0, 0, 1, 209.46
1735374948, 10, 0, 10, 0, 0, 0.00%, 0, 0, 1, 209.14
1735374954, 10, 2, 10, 0, 0, 0.00%, 0, 0, 1, 212.47
1735374959, 10, 3, 10, 0, 0, 0.00%, 0, 0, 1, 210.45
1735374964, 10, 5, 10, 0, 0, 0.00%, 0, 0, 1, 212.80
1735374969, 10, 6, 10, 0, 0, 0.00%, 0, 0, 1, 211.61
1735374974, 10, 8, 10, 0, 0, 0.00%, 0, 0, 1, 211.08
1735374979, 10, 9, 10, 0, 0, 0.00%, 0, 0, 1, 210.28
1735374985, 11, 0, 10, 0, 0, 0.00%, 0, 0, 1, 210.66
1735374990, 11, 2, 10, 0, 0, 0.00%, 0, 0, 1, 210.01
1735374995, 11, 3, 10, 0, 0, 0.00%, 0, 0, 1, 211.45
1735375000, 11, 5, 10, 0, 0, 0.00%, 0, 0, 1, 216.45
1735375005, 11, 6, 10, 0, 0, 0.00%, 0, 0, 1, 215.33
1735375010, 11, 8, 10, 0, 0, 0.00%, 0, 0, 1, 214.93
1735375015, 11, 9, 10, 0, 0, 0.00%, 0, 0, 1, 210.81
1735375020, 12, 1, 10, 0, 0, 0.00%, 0, 0, 1, 210.04
1735375026, 12, 2, 10, 0, 0, 0.00%, 0, 0, 1, 213.98
1735375031, 12, 4, 10, 0, 0, 0.00%, 0, 0, 1, 210.47
1735375036, 12, 5, 10, 0, 0, 0.00%, 0, 0, 1, 213.90
1735375041, 12, 6, 10, 0, 0, 0.00%, 0, 0, 1, 209.96
1735375046, 12, 8, 10, 0, 0, 0.00%, 0, 0, 1, 211.16
1735375051, 12, 9, 10, 0, 0, 0.00%, 0, 0, 1, 208.39
1735375056, 13, 1, 10, 0, 0, 0.00%, 0, 0, 1, 207.82
1735375061, 13, 2, 10, 0, 0, 0.00%, 0, 0, 1, 206.47
1735375066, 13, 4, 10, 0, 0, 0.00%, 0, 0, 1, 211.65
1735375072, 13, 5, 10, 0, 0, 0.00%, 0, 0, 1, 212.63
1735375077, 13, 6, 10, 0, 0, 0.00%, 0, 0, 1, 213.23
1735375082, 13, 8, 10, 0, 0, 0.00%, 0, 0, 1, 210.81
1735375087, 13, 9, 10, 0, 0, 0.00%, 0, 0, 1, 214.88
1735375092, 14, 1, 10, 0, 0, 0.00%, 0, 0, 1, 212.77
1735375097, 14, 2, 10, 0, 0, 0.00%, 0, 0, 1, 214.53
1735375102, 14, 4, 10, 0, 0, 0.00%, 0, 0, 1, 211.92
1735375107, 14, 5, 10, 0, 0, 0.00%, 0, 0, 1, 208.94
1735375113, 14, 7, 10, 0, 0, 0.00%, 0, 0, 1, 212.19
1735375118, 14, 8, 10, 0, 0, 0.00%, 0, 0, 1, 212.24
1735375123, 15, 0, 10, 0, 0, 0.00%, 0, 0, 1, 212.79
1735375128, 15, 1, 10, 0, 0, 0.00%, 0, 0, 1, 213.35
1735375133, 15, 3, 10, 0, 0, 0.00%, 0, 0, 1, 213.31
1735375138, 15, 4, 10, 0, 0, 0.00%, 0, 0, 1, 209.62
1735375143, 15, 5, 10, 0, 0, 0.00%, 0, 0, 1, 208.11
1735375148, 15, 7, 10, 0, 0, 0.00%, 0, 0, 1, 208.41
1735375153, 15, 8, 10, 0, 0, 0.00%, 0, 0, 1, 215.95
1735375159, 16, 0, 10, 0, 0, 0.00%, 0, 0, 1, 221.28
1735375164, 16, 1, 10, 0, 0, 0.00%, 0, 0, 1, 224.84
1735375169, 16, 3, 10, 0, 0, 0.00%, 0, 0, 1, 219.88
1735375174, 16, 4, 10, 0, 0, 0.00%, 0, 0, 1, 220.97
1735375179, 16, 6, 10, 0, 0, 0.00%, 0, 0, 1, 217.15
1735375184, 16, 7, 10, 0, 0, 0.00%, 0, 0, 1, 221.33
1735375190, 16, 9, 10, 0, 0, 0.00%, 0, 0, 1, 217.80
1735375195, 17, 0, 10, 0, 0, 0.00%, 0, 0, 1, 221.43
1735375200, 17, 2, 10, 0, 0, 0.00%, 0, 0, 1, 219.99
1735375205, 17, 3, 10, 0, 0, 0.00%, 0, 0, 1, 220.45
1735375210, 17, 5, 10, 0, 0, 0.00%, 0, 0, 1, 219.36
1735375215, 17, 6, 10, 0, 0, 0.00%, 0, 0, 1, 214.56
1735375220, 17, 8, 10, 0, 0, 0.00%, 0, 0, 1, 217.95
1735375226, 17, 9, 10, 0, 0, 0.00%, 0, 0, 1, 220.16
1735375231, 18, 1, 10, 0, 0, 0.00%, 0, 0, 1, 216.21
1735375236, 18, 2, 10, 0, 0, 0.00%, 0, 0, 1, 218.01
1735375241, 18, 4, 10, 0, 0, 0.00%, 0, 0, 1, 220.83
1735375246, 18, 5, 10, 0, 0, 0.00%, 0, 0, 1, 219.96
1735375251, 18, 7, 10, 0, 0, 0.00%, 0, 0, 1, 214.64
1735375256, 18, 8, 10, 0, 0, 0.00%, 0, 0, 1, 218.22
1735375261, 19, 0, 10, 0, 0, 0.00%, 0, 0, 1, 221.17
1735375266, 19, 1, 10, 0, 0, 0.00%, 0, 0, 1, 219.28
1735375271, 19, 3, 10, 0, 0, 0.00%, 0, 0, 1, 215.57
1735375277, 19, 4, 10, 0, 0, 0.00%, 0, 0, 1, 209.41
1735375282, 19, 6, 10, 0, 0, 0.00%, 0, 0, 1, 212.35
1735375287, 19, 7, 10, 0, 0, 0.00%, 0, 0, 1, 215.98
1735375292, 19, 9, 10, 0, 0, 0.00%, 0, 0, 1, 216.78
1735375297, 20, 0, 10, 0, 0, 0.00%, 0, 0, 1, 219.76
1735375302, 20, 2, 10, 0, 0, 0.00%, 0, 0, 1, 215.93
1735375307, 20, 3, 10, 0, 0, 0.00%, 0, 0, 1, 215.81
1735375312, 20, 5, 10, 0, 0, 0.00%, 0, 0, 1, 214.35
1735375317, 20, 6, 10, 0, 0, 0.00%, 0, 0, 1, 217.33
1735375322, 20, 7, 10, 0, 0, 0.00%, 0, 0, 1, 217.40
1735375328, 20, 9, 10, 0, 0, 0.00%, 0, 0, 1, 214.34
1735375333, 21, 0, 10, 0, 0, 0.00%, 0, 0, 1, 215.96
1735375338, 21, 2, 10, 0, 0, 0.00%, 0, 0, 1, 214.71
1735375343, 21, 3, 10, 0, 0, 0.00%, 0, 0, 1, 216.35
1735375348, 21, 5, 10, 0, 0, 0.00%, 0, 0, 1, 216.84
1735375353, 21, 6, 10, 0, 0, 0.00%, 0, 0, 1, 217.34
1735375358, 21, 8, 10, 0, 0, 0.00%, 0, 0, 1, 218.32
1735375363, 21, 9, 10, 0, 0, 0.00%, 0, 0, 1, 215.79
1735375368, 22, 1, 10, 0, 0, 0.00%, 0, 0, 1, 213.05
1735375373, 22, 2, 10, 0, 0, 0.00%, 0, 0, 1, 216.10
1735375378, 22, 4, 10, 0, 0, 0.00%, 0, 0, 1, 213.68
1735375383, 22, 5, 10, 0, 0, 0.00%, 0, 0, 1, 216.99
1735375388, 22, 6, 10, 0, 0, 0.00%, 0, 0, 1, 220.45
1735375393, 22, 8, 10, 0, 0, 0.00%, 0, 0, 1, 216.10
1735375398, 22, 9, 10, 0, 0, 0.00%, 0, 0, 1, 216.48
1735375403, 23, 1, 10, 0, 0, 0.00%, 0, 0, 1, 213.38
1735375409, 23, 2, 10, 0, 0, 0.00%, 0, 0, 1, 212.51
1735375414, 23, 4, 10, 0, 0, 0.00%, 0, 0, 1, 215.04
1735375419, 23, 5, 10, 0, 0, 0.00%, 0, 0, 1, 217.61
1735375424, 23, 7, 10, 0, 0, 0.00%, 0, 0, 1, 215.38
1735375429, 23, 8, 10, 0, 0, 0.00%, 0, 0, 1, 217.85
1735375434, 24, 0, 10, 0, 0, 0.00%, 0, 0, 1, 214.83
1735375439, 24, 1, 10, 0, 0, 0.00%, 0, 0, 1, 214.75
1735375444, 24, 3, 10, 0, 0, 0.00%, 0, 0, 1, 219.30
1735375449, 24, 4, 10, 0, 0, 0.00%, 0, 0, 1, 215.06
1735375454, 24, 5, 10, 0, 0, 0.00%, 0, 0, 1, 215.34
1735375459, 24, 7, 10, 0, 0, 0.00%, 0, 0, 1, 211.10
1735375464, 24, 8, 10, 0, 0, 0.00%, 0, 0, 1, 210.31
1735375469, 25, 0, 10, 0, 0, 0.00%, 0, 0, 1, 212.94
1735375474, 25, 1, 10, 0, 0, 0.00%, 0, 0, 1, 211.34
1735375479, 25, 3, 10, 0, 0, 0.00%, 0, 0, 1, 212.19
1735375484, 25, 4, 10, 0, 0, 0.00%, 0, 0, 1, 220.31
1735375489, 25, 5, 10, 0, 0, 0.00%, 0, 0, 1, 220.54
1735375494, 25, 7, 10, 0, 0, 0.00%, 0, 0, 1, 218.57
1735375499, 25, 8, 10, 0, 0, 0.00%, 0, 0, 1, 213.28
1735375504, 26, 0, 10, 0, 0, 0.00%, 0, 0, 1, 215.76
1735375509, 26, 1, 10, 0, 0, 0.00%, 0, 0, 1, 224.07
1735375514, 26, 3, 10, 0, 0, 0.00%, 0, 0, 1, 215.83
1735375520, 26, 4, 10, 0, 0, 0.00%, 0, 0, 1, 222.81
1735375525, 26, 6, 10, 0, 0, 0.00%, 0, 0, 1, 217.82
1735375530, 26, 7, 10, 0, 0, 0.00%, 0, 0, 1, 217.83
1735375535, 26, 9, 10, 0, 0, 0.00%, 0, 0, 1, 215.17
1735375540, 27, 0, 10, 0, 0, 0.00%, 0, 0, 1, 215.71
1735375545, 27, 2, 10, 0, 0, 0.00%, 0, 0, 1, 216.21
1735375550, 27, 3, 10, 0, 0, 0.00%, 0, 0, 1, 217.03
1735375555, 27, 5, 10, 0, 0, 0.00%, 0, 0, 1, 220.86
1735375560, 27, 6, 10, 0, 0, 0.00%, 0, 0, 1, 219.90
1735375565, 27, 7, 10, 0, 0, 0.00%, 0, 0, 1, 216.77
1735375570, 27, 9, 10, 0, 0, 0.00%, 0, 0, 1, 217.24
1735375575, 28, 0, 10, 0, 0, 0.00%, 0, 0, 1, 217.68
1735375580, 28, 2, 10, 0, 0, 0.00%, 0, 0, 1, 218.06
1735375585, 28, 3, 10, 0, 0, 0.00%, 0, 0, 1, 215.79
1735375590, 28, 5, 10, 0, 0, 0.00%, 0, 0, 1, 215.83
1735375595, 28, 6, 10, 0, 0, 0.00%, 0, 0, 1, 212.81
1735375600, 28, 8, 10, 0, 0, 0.00%, 0, 0, 1, 217.26
1735375606, 28, 9, 10, 0, 0, 0.00%, 0, 0, 1, 219.11
1735375611, 29, 1, 10, 0, 0, 0.00%, 0, 0, 1, 218.43
1735375616, 29, 2, 10, 0, 0, 0.00%, 0, 0, 1, 216.21
1735375621, 29, 10, 12, 2, 1, 0.05%, 2, 0, 3, 214.82
1735375626, 29, 10, 13, 3, 1, 0.05%, 3, 0, 3, 218.19
1735375661, 29, 10, 14, 4, 1, 0.05%, 4, 0, 3, 215.27
1735375727, 29, 10, 15, 5, 1, 0.06%, 5, 0, 3, 216.54
1735375742, 29, 10, 16, 6, 1, 0.06%, 6, 0, 3, 236.56
1735375748, 29, 10, 20, 10, 1, 0.06%, 6, 0, 3, 253.18
1735375753, 29, 10, 22, 12, 1, 0.06%, 6, 0, 3, 239.26
1735375758, 29, 10, 23, 13, 1, 0.06%, 6, 0, 3, 241.44
1735375768, 29, 11, 25, 14, 5, 0.06%, 6, 0, 4, 267.02
1735375773, 29, 11, 26, 15, 5, 0.06%, 6, 0, 4, 272.57
1735375778, 29, 11, 27, 16, 5, 0.06%, 6, 0, 4, 267.35
1735375783, 29, 11, 28, 17, 5, 0.06%, 6, 0, 4, 277.00
1735375824, 29, 11, 29, 18, 5, 0.06%, 7, 0, 4, 270.56
1735375839, 29, 11, 30, 19, 5, 0.06%, 7, 0, 4, 266.39
1735375859, 29, 28, 30, 18, 5, 0.06%, 7, 0, 4, 265.61
1735375864, 29, 28, 31, 19, 5, 0.06%, 7, 0, 5, 242.69
1735375880, 29, 28, 32, 20, 5, 0.06%, 7, 0, 5, 233.41
1735375936, 29, 28, 33, 21, 5, 0.06%, 7, 0, 5, 236.88
1735375976, 29, 28, 35, 23, 5, 0.06%, 7, 0, 5, 254.27
1735375987, 29, 28, 36, 24, 5, 0.06%, 7, 0, 5, 265.62
1735375992, 30, 15, 37, 24, 5, 0.06%, 7, 0, 5, 389.72
1735376012, 30, 15, 38, 25, 5, 0.06%, 8, 0, 5, 486.71
1735376027, 30, 15, 40, 27, 5, 0.06%, 8, 0, 5, 486.54
1735376053, 30, 37, 42, 28, 5, 0.06%, 9, 0, 5, 317.85
1735376058, 30, 37, 44, 30, 5, 0.06%, 9, 0, 5, 418.82
1735376129, 30, 41, 45, 30, 5, 0.06%, 9, 0, 6, 307.42
1735376139, 30, 41, 46, 31, 5, 0.06%, 9, 0, 6, 504.02
1735376195, 30, 41, 47, 32, 5, 0.06%, 9, 0, 6, 258.02
1735376205, 31, 12, 47, 31, 6, 0.06%, 9, 0, 6, 271.41
1735376210, 31, 12, 48, 32, 6, 0.06%, 9, 0, 6, 273.08
1735376241, 31, 13, 48, 31, 5, 0.06%, 9, 0, 6, 435.06
1735376256, 31, 20, 48, 30, 4, 0.06%, 9, 0, 6, 314.08
1735376266, 31, 20, 49, 31, 4, 0.06%, 9, 0, 6, 271.86
1735376296, 31, 22, 49, 30, 4, 0.06%, 9, 0, 6, 330.50
1735376332, 31, 22, 50, 31, 4, 0.06%, 9, 0, 6, 427.88
1735376337, 31, 22, 51, 32, 4, 0.06%, 9, 0, 6, 433.74
1735376368, 31, 37, 51, 31, 4, 0.06%, 9, 0, 6, 295.63
1735376388, 31, 41, 51, 31, 4, 0.06%, 9, 0, 6, 411.67
1735376403, 31, 44, 51, 31, 4, 0.06%, 9, 0, 6, 252.52
1735376424, 31, 44, 52, 32, 4, 0.06%, 9, 0, 7, 440.23
1735376460, 31, 45, 52, 31, 3, 0.06%, 9, 0, 7, 383.88
1735376521, 31, 45, 54, 33, 3, 0.06%, 9, 0, 7, 496.05
1735376541, 31, 45, 55, 34, 3, 0.06%, 9, 0, 7, 509.04
1735376546, 31, 45, 56, 35, 3, 0.06%, 9, 0, 7, 502.49
1735376597, 31, 46, 56, 34, 3, 0.06%, 9, 0, 7, 477.28
1735376607, 31, 46, 57, 35, 3, 0.06%, 9, 0, 7, 521.90
1735376628, 31, 46, 59, 37, 3, 0.06%, 9, 0, 7, 454.11
1735376638, 31, 48, 59, 36, 3, 0.06%, 9, 0, 7, 316.51
1735376648, 31, 48, 60, 37, 3, 0.06%, 9, 0, 7, 300.22
1735376689, 31, 48, 61, 38, 3, 0.06%, 9, 0, 7, 292.07
1735376710, 31, 48, 62, 39, 3, 0.06%, 9, 0, 7, 307.17
1735376766, 31, 51, 62, 38, 3, 0.06%, 9, 0, 7, 418.31
1735376771, 31, 51, 63, 39, 3, 0.06%, 9, 0, 8, 467.57
1735376816, 31, 52, 63, 38, 3, 0.06%, 9, 0, 8, 368.51
1735376822, 31, 52, 64, 39, 3, 0.06%, 9, 0, 8, 486.29
1735376863, 31, 53, 64, 38, 3, 0.06%, 9, 0, 8, 390.03
1735376940, 31, 53, 66, 40, 3, 0.06%, 9, 0, 8, 487.94
1735376950, 31, 53, 67, 41, 3, 0.06%, 9, 0, 8, 494.82
1735376995, 31, 53, 68, 42, 3, 0.06%, 9, 0, 8, 491.56
1735377016, 31, 56, 68, 41, 3, 0.06%, 9, 0, 8, 399.20
1735377062, 31, 56, 69, 42, 3, 0.06%, 9, 0, 8, 335.48
1735377077, 31, 59, 69, 41, 3, 0.06%, 9, 0, 8, 354.33
1735377122, 31, 68, 69, 40, 3, 0.06%, 9, 0, 8, 378.95
1735377158, 31, 68, 70, 41, 3, 0.06%, 9, 0, 9, 488.30
1735377368, 32, 41, 70, 40, 3, 0.06%, 9, 0, 9, 426.07
1735377383, 32, 44, 70, 40, 3, 0.06%, 9, 0, 9, 342.23
1735377398, 32, 44, 71, 41, 3, 0.06%, 9, 0, 9, 286.12
1735377403, 32, 45, 71, 41, 3, 0.06%, 9, 0, 9, 406.84
1735377418, 32, 51, 71, 41, 3, 0.06%, 9, 0, 9, 387.17
1735377434, 32, 52, 71, 41, 3, 0.06%, 9, 0, 9, 353.83
1735377500, 32, 53, 71, 41, 3, 0.06%, 9, 0, 9, 335.73
1735377521, 32, 54, 71, 41, 3, 0.06%, 9, 0, 9, 414.67
1735377597, 32, 55, 71, 40, 3, 0.06%, 9, 0, 9, 311.58
1735377664, 32, 55, 72, 41, 3, 0.06%, 9, 0, 9, 480.99
1735377705, 32, 57, 72, 40, 3, 0.06%, 9, 0, 9, 389.36
1735377849, 32, 58, 72, 39, 3, 0.06%, 9, 0, 9, 470.18
1735377880, 32, 62, 72, 38, 3, 0.06%, 9, 0, 9, 363.46
1735377981, 32, 63, 72, 37, 3, 0.06%, 9, 0, 9, 404.51
1735378078, 32, 64, 72, 36, 3, 0.06%, 9, 0, 9, 322.77
1735378227, 32, 65, 72, 35, 3, 0.06%, 9, 0, 9, 355.21
1735378350, 32, 66, 72, 34, 3, 0.06%, 9, 0, 9, 384.94
1735378504, 32, 67, 72, 33, 3, 0.06%, 9, 0, 9, 395.12
1735378714, 32, 68, 72, 32, 3, 0.06%, 9, 0, 9, 308.32
1735378945, 32, 70, 72, 32, 3, 0.06%, 9, 0, 9, 384.01
1735378950, 32, 70, 73, 33, 3, 0.06%, 9, 0, 9, 408.72
1735379063, 32, 71, 75, 34, 3, 0.06%, 9, 0, 9, 394.15
1735379170, 32, 72, 75, 33, 3, 0.06%, 9, 0, 9, 413.42
1735379293, 32, 73, 75, 32, 3, 0.06%, 9, 0, 9, 402.84
1735379298, 32, 73, 76, 33, 3, 0.06%, 9, 0, 9, 383.57
1735379487, 32, 74, 76, 32, 3, 0.06%, 9, 0, 9, 364.37
1735379574, 32, 75, 76, 31, 3, 0.06%, 9, 0, 9, 326.12
1735379768, 33, 12, 76, 30, 3, 0.06%, 9, 0, 9, 294.30
1735379778, 33, 13, 76, 30, 3, 0.06%, 9, 0, 9, 288.29
1735379788, 33, 16, 76, 30, 3, 0.06%, 9, 0, 9, 300.47
1735379814, 33, 20, 76, 29, 2, 0.06%, 9, 0, 9, 278.90
1735379824, 33, 22, 76, 29, 2, 0.06%, 9, 0, 9, 420.66
1735379864, 33, 25, 76, 29, 2, 0.06%, 9, 0, 9, 357.00
1735379936, 33, 29, 76, 28, 2, 0.06%, 9, 0, 9, 456.77
1735379971, 33, 40, 76, 27, 2, 0.06%, 9, 0, 9, 309.48
1735380007, 33, 41, 76, 26, 2, 0.06%, 9, 0, 9, 361.67
1735380022, 33, 44, 76, 26, 2, 0.06%, 9, 0, 9, 366.85
1735380038, 33, 45, 76, 26, 2, 0.06%, 9, 0, 9, 306.64
1735380058, 33, 46, 76, 26, 2, 0.06%, 9, 0, 9, 448.60
1735380073, 33, 47, 76, 26, 2, 0.06%, 9, 0, 9, 365.30
1735380109, 33, 48, 76, 25, 2, 0.06%, 9, 0, 9, 290.81
1735380130, 33, 49, 76, 25, 2, 0.06%, 9, 0, 9, 353.05
1735380221, 33, 51, 76, 24, 2, 0.06%, 9, 0, 9, 328.62
1735380241, 33, 52, 76, 24, 2, 0.06%, 9, 0, 9, 398.98
1735380256, 33, 53, 76, 24, 2, 0.06%, 9, 0, 9, 301.75
1735380277, 33, 54, 76, 24, 2, 0.06%, 9, 0, 9, 410.08
1735380292, 33, 55, 76, 24, 2, 0.06%, 9, 0, 9, 350.28
1735380313, 33, 56, 76, 24, 2, 0.06%, 9, 0, 9, 335.17
1735380328, 33, 57, 76, 24, 2, 0.06%, 9, 0, 9, 336.07
1735380348, 33, 58, 76, 24, 2, 0.06%, 9, 0, 9, 404.89
1735380363, 33, 59, 76, 24, 2, 0.06%, 9, 0, 9, 350.52
1735380383, 33, 60, 76, 24, 2, 0.06%, 9, 0, 9, 360.60
1735380511, 33, 60, 77, 25, 2, 0.06%, 9, 0, 9, 372.80
1735380516, 33, 60, 78, 26, 2, 0.06%, 9, 0, 9, 387.09
1735380602, 33, 61, 78, 25, 2, 0.06%, 9, 0, 9, 338.00
1735380833, 33, 62, 78, 24, 2, 0.06%, 9, 0, 9, 414.00
1735380858, 33, 63, 78, 24, 2, 0.06%, 9, 0, 9, 434.12
1735380884, 33, 64, 78, 24, 2, 0.06%, 9, 0, 9, 356.11
1735380909, 33, 65, 78, 24, 2, 0.06%, 9, 0, 9, 347.25
1735380934, 33, 66, 78, 24, 2, 0.06%, 9, 0, 9, 352.50
1735381042, 33, 67, 78, 24, 2, 0.06%, 9, 0, 9, 385.89
1735381068, 33, 71, 78, 24, 2, 0.06%, 9, 0, 9, 364.90
1735381093, 34, 41, 78, 24, 2, 0.06%, 9, 0, 9, 374.84
1735381108, 34, 44, 78, 24, 2, 0.06%, 9, 0, 9, 330.08
1735381128, 34, 45, 78, 24, 2, 0.06%, 9, 0, 9, 419.43
1735381144, 34, 51, 78, 24, 2, 0.06%, 9, 0, 9, 397.12
1735381159, 34, 52, 78, 24, 2, 0.06%, 9, 0, 9, 326.76
1735381179, 34, 53, 78, 24, 2, 0.06%, 9, 0, 9, 410.80
1735381194, 34, 54, 78, 24, 2, 0.06%, 9, 0, 9, 349.89
1735381210, 34, 55, 78, 24, 2, 0.06%, 9, 0, 9, 327.72
1735381230, 34, 57, 78, 24, 2, 0.06%, 9, 0, 9, 368.03
1735381251, 34, 58, 78, 24, 2, 0.06%, 9, 0, 9, 433.80
1735381266, 34, 62, 78, 24, 2, 0.06%, 9, 0, 9, 382.64
1735381291, 34, 63, 78, 24, 2, 0.06%, 9, 0, 9, 360.10
1735381317, 34, 64, 78, 24, 2, 0.06%, 9, 0, 9, 320.94
1735381347, 34, 65, 78, 24, 2, 0.06%, 9, 0, 9, 430.35
1735381372, 34, 66, 78, 24, 2, 0.06%, 9, 0, 9, 392.89
1735381398, 34, 67, 78, 24, 2, 0.06%, 9, 0, 9, 380.52
1735381423, 34, 71, 78, 24, 2, 0.06%, 9, 0, 9, 441.93
1735381449, 35, 41, 78, 24, 2, 0.06%, 9, 0, 9, 442.23
1735381464, 35, 44, 78, 24, 2, 0.06%, 9, 0, 9, 367.75
1735381479, 35, 45, 78, 24, 2, 0.06%, 9, 0, 9, 333.68
1735381500, 35, 51, 78, 24, 2, 0.06%, 9, 0, 9, 407.14
1735381515, 35, 52, 78, 24, 2, 0.06%, 9, 0, 9, 382.58
1735381535, 35, 53, 78, 24, 2, 0.06%, 9, 0, 9, 364.26
1735381556, 35, 54, 78, 24, 2, 0.06%, 9, 0, 9, 460.64
1735381571, 35, 55, 78, 24, 2, 0.06%, 9, 0, 9, 404.79
1735381586, 35, 57, 78, 24, 2, 0.06%, 9, 0, 9, 373.01
1735381607, 35, 58, 78, 24, 2, 0.06%, 9, 0, 9, 451.74
1735381622, 35, 62, 78, 24, 2, 0.06%, 9, 0, 9, 359.33
1735381647, 35, 63, 78, 24, 2, 0.06%, 9, 0, 9, 392.64
1735381673, 35, 64, 78, 24, 2, 0.06%, 9, 0, 9, 385.88
1735381698, 35, 65, 78, 24, 2, 0.06%, 9, 0, 9, 307.31
1735381724, 35, 66, 78, 24, 2, 0.06%, 9, 0, 9, 391.58
1735381749, 35, 67, 78, 24, 2, 0.06%, 9, 0, 9, 359.49
1735381780, 35, 71, 78, 24, 2, 0.06%, 9, 0, 9, 403.52
1735381800, 36, 41, 78, 24, 2, 0.06%, 9, 0, 9, 412.43
1735381821, 36, 44, 78, 24, 2, 0.06%, 9, 0, 9, 410.79
1735381836, 36, 45, 78, 24, 2, 0.06%, 9, 0, 9, 322.79
1735381856, 36, 51, 78, 24, 2, 0.06%, 9, 0, 9, 411.24
1735381871, 36, 52, 78, 24, 2, 0.06%, 9, 0, 9, 362.07
1735381892, 36, 53, 78, 24, 2, 0.06%, 9, 0, 9, 440.71
1735381907, 36, 54, 78, 24, 2, 0.06%, 9, 0, 9, 363.48
1735381922, 36, 55, 78, 24, 2, 0.06%, 9, 0, 9, 324.95
1735381942, 36, 57, 78, 24, 2, 0.06%, 9, 0, 9, 370.51
1735381958, 36, 58, 78, 24, 2, 0.06%, 9, 0, 9, 383.78
1735381978, 36, 62, 78, 24, 2, 0.06%, 9, 0, 9, 414.31
1735381998, 36, 63, 78, 24, 2, 0.06%, 9, 0, 9, 324.61
1735382024, 36, 64, 78, 24, 2, 0.06%, 9, 0, 9, 352.84
1735382054, 36, 65, 78, 24, 2, 0.06%, 9, 0, 9, 432.76
1735382080, 36, 66, 78, 24, 2, 0.06%, 9, 0, 9, 359.55
1735382105, 36, 67, 78, 24, 2, 0.06%, 9, 0, 9, 304.11
1735382131, 36, 71, 78, 24, 2, 0.06%, 9, 0, 9, 369.27
1735382156, 37, 41, 78, 24, 2, 0.06%, 9, 0, 9, 448.34
1735382166, 37, 44, 78, 24, 2, 0.06%, 9, 0, 9, 434.75
1735382181, 37, 45, 78, 24, 2, 0.06%, 9, 0, 9, 341.35
1735382197, 37, 51, 78, 24, 2, 0.06%, 9, 0, 9, 366.23
1735382217, 37, 52, 78, 24, 2, 0.06%, 9, 0, 9, 416.91
1735382232, 37, 53, 78, 24, 2, 0.06%, 9, 0, 9, 375.32
1735382247, 37, 54, 78, 24, 2, 0.06%, 9, 0, 9, 303.05
1735382268, 37, 55, 78, 24, 2, 0.06%, 9, 0, 9, 478.26
1735382283, 37, 57, 78, 24, 2, 0.06%, 9, 0, 9, 368.95
1735382303, 37, 58, 78, 24, 2, 0.06%, 9, 0, 9, 427.55
1735382318, 37, 62, 78, 24, 2, 0.06%, 9, 0, 9, 380.33
1735382344, 37, 63, 78, 24, 2, 0.06%, 9, 0, 9, 407.05
1735382369, 37, 64, 78, 24, 2, 0.06%, 9, 0, 9, 422.59
1735382395, 37, 65, 78, 24, 2, 0.06%, 9, 0, 9, 384.18
1735382420, 37, 66, 78, 24, 2, 0.06%, 9, 0, 9, 417.12
1735382446, 37, 67, 78, 24, 2, 0.06%, 9, 0, 9, 350.82
1735382471, 37, 71, 78, 24, 2, 0.06%, 9, 0, 9, 362.32
1735382497, 38, 41, 78, 24, 2, 0.06%, 9, 0, 9, 383.40
1735382507, 38, 44, 78, 24, 2, 0.06%, 9, 0, 9, 355.97
1735382512, 38, 45, 78, 24, 2, 0.06%, 9, 0, 9, 338.53
1735382522, 38, 51, 78, 24, 2, 0.06%, 9, 0, 9, 352.52
1735382532, 38, 52, 78, 24, 2, 0.06%, 9, 0, 9, 409.53
1735382542, 38, 53, 78, 24, 2, 0.06%, 9, 0, 9, 398.46
1735382553, 38, 54, 78, 24, 2, 0.06%, 9, 0, 9, 449.21
1735382568, 38, 55, 78, 24, 2, 0.06%, 9, 0, 9, 427.49
1735382583, 38, 57, 78, 24, 2, 0.06%, 9, 0, 9, 330.51
1735382604, 38, 58, 78, 24, 2, 0.06%, 9, 0, 9, 437.88
1735382619, 38, 62, 78, 24, 2, 0.06%, 9, 0, 9, 330.13
1735382644, 38, 63, 78, 24, 2, 0.06%, 9, 0, 9, 375.09
1735382670, 38, 64, 78, 24, 2, 0.06%, 9, 0, 9, 387.49
1735382695, 38, 65, 78, 24, 2, 0.06%, 9, 0, 9, 296.89
1735382721, 38, 66, 78, 24, 2, 0.06%, 9, 0, 9, 375.85
1735382855, 38, 67, 78, 24, 2, 0.06%, 9, 0, 9, 328.04
1735383045, 38, 68, 78, 24, 2, 0.06%, 9, 0, 9, 364.14
1735383280, 38, 69, 78, 24, 2, 0.06%, 9, 0, 9, 372.96
1735383403, 38, 70, 78, 23, 2, 0.06%, 9, 0, 9, 366.08
1735383500, 38, 71, 78, 23, 2, 0.06%, 9, 0, 9, 350.18
1735383577, 38, 72, 78, 23, 2, 0.06%, 9, 0, 9, 411.26
1735383674, 38, 73, 78, 23, 2, 0.06%, 9, 0, 9, 386.24
1735383843, 38, 74, 78, 23, 2, 0.06%, 9, 0, 9, 322.93
1735383868, 38, 75, 78, 23, 2, 0.06%, 9, 0, 9, 289.42
1735383899, 38, 76, 78, 23, 2, 0.06%, 9, 0, 9, 407.84
1735383975, 38, 77, 78, 22, 2, 0.06%, 9, 0, 9, 421.45
1735384062, 39, 11, 78, 21, 2, 0.06%, 9, 0, 9, 319.07
1735384072, 39, 12, 78, 21, 2, 0.06%, 9, 0, 9, 316.89
1735384077, 39, 13, 78, 21, 2, 0.06%, 9, 0, 9, 346.07
1735384087, 39, 14, 78, 21, 2, 0.06%, 9, 0, 9, 393.02
1735384102, 39, 16, 78, 20, 2, 0.06%, 9, 0, 9, 296.37
1735384112, 39, 17, 78, 20, 2, 0.06%, 9, 0, 9, 317.01
1735384132, 39, 18, 78, 19, 2, 0.06%, 9, 0, 9, 303.56
1735384153, 39, 19, 78, 18, 2, 0.06%, 9, 0, 9, 360.08
1735384173, 39, 20, 78, 17, 2, 0.06%, 9, 0, 9, 317.17
1735384183, 39, 22, 78, 17, 2, 0.06%, 9, 0, 9, 307.03
1735384224, 39, 23, 78, 17, 2, 0.06%, 9, 0, 9, 367.82
1735384254, 39, 24, 78, 16, 2, 0.06%, 9, 0, 9, 300.01
1735384295, 39, 25, 78, 15, 2, 0.06%, 9, 0, 9, 456.42
1735384330, 39, 25, 79, 16, 2, 0.06%, 9, 0, 9, 373.11
1735384351, 39, 26, 79, 16, 2, 0.06%, 9, 0, 9, 325.38
1735384386, 39, 27, 79, 15, 2, 0.06%, 9, 0, 9, 304.77
1735384555, 39, 29, 79, 14, 2, 0.06%, 9, 0, 9, 314.65
1735384575, 39, 37, 79, 14, 2, 0.06%, 9, 0, 9, 422.74
1735384590, 39, 38, 79, 14, 2, 0.06%, 9, 0, 9, 441.00
1735384616, 39, 40, 79, 13, 1, 0.06%, 9, 0, 9, 320.40
1735384636, 39, 41, 79, 13, 1, 0.06%, 9, 0, 9, 322.55
1735384641, 39, 44, 79, 13, 1, 0.06%, 9, 0, 9, 357.14
1735384646, 39, 45, 79, 13, 1, 0.06%, 9, 0, 9, 283.72
1735384657, 39, 46, 79, 13, 1, 0.06%, 9, 0, 9, 391.26
1735384677, 39, 47, 79, 13, 1, 0.06%, 9, 0, 9, 393.73
1735384692, 39, 48, 79, 13, 1, 0.06%, 9, 0, 9, 301.21
1735384713, 39, 49, 79, 13, 1, 0.06%, 9, 0, 9, 360.82
1735384733, 39, 50, 79, 13, 1, 0.06%, 9, 0, 9, 384.45
1735384825, 39, 51, 79, 12, 1, 0.06%, 9, 0, 9, 357.94
1735384835, 39, 52, 79, 12, 1, 0.06%, 9, 0, 9, 355.88
1735384845, 39, 53, 79, 12, 1, 0.06%, 9, 0, 9, 390.11
1735384855, 39, 54, 79, 12, 1, 0.06%, 9, 0, 9, 419.36
1735384866, 39, 55, 79, 12, 1, 0.06%, 9, 0, 9, 370.65
1735384871, 39, 56, 79, 12, 1, 0.06%, 9, 0, 9, 344.56
1735384891, 39, 57, 79, 12, 1, 0.06%, 9, 0, 9, 294.06
1735384901, 39, 58, 79, 12, 1, 0.06%, 9, 0, 9, 422.25
1735384911, 39, 59, 79, 12, 1, 0.06%, 9, 0, 9, 312.68
1735384931, 39, 60, 79, 12, 1, 0.06%, 9, 0, 9, 360.58
1735384952, 39, 61, 79, 12, 1, 0.06%, 9, 0, 9, 283.18
1735384972, 39, 62, 79, 12, 1, 0.06%, 9, 0, 9, 417.21
1735384982, 39, 63, 79, 12, 1, 0.06%, 9, 0, 9, 339.60
1735384997, 39, 64, 79, 12, 1, 0.06%, 9, 0, 9, 377.25
1735385013, 39, 65, 79, 12, 1, 0.06%, 9, 0, 9, 430.49
1735385023, 39, 66, 79, 12, 1, 0.06%, 9, 0, 9, 341.36
1735385038, 39, 67, 79, 12, 1, 0.06%, 9, 0, 9, 311.09
1735385053, 39, 68, 79, 12, 1, 0.06%, 9, 0, 9, 361.87
1735385084, 39, 69, 79, 12, 1, 0.06%, 9, 0, 9, 469.26
1735385181, 39, 71, 79, 12, 1, 0.06%, 9, 0, 9, 399.07
1735385206, 39, 74, 79, 12, 1, 0.06%, 9, 0, 9, 372.87
1735385232, 39, 76, 79, 12, 1, 0.06%, 9, 0, 9, 306.63
1735385252, 39, 77, 79, 12, 1, 0.06%, 9, 0, 9, 327.60
1735385272, 39, 78, 80, 13, 1, 0.06%, 9, 0, 9, 361.91
