# unix_time, cycles_done, cur_path, paths_total, pending_total, pending_favs, map_size, unique_crashes, unique_hangs, max_depth, execs_per_sec
1734187902, 0, 0, 10, 10, 1, 0.00%, 0, 0, 1, 173.16
1734187907, 0, 2, 10, 10, 1, 0.00%, 0, 0, 1, 205.46
1734187912, 0, 3, 10, 9, 0, 0.00%, 0, 0, 1, 209.21
1734187917, 0, 3, 11, 10, 0, 0.05%, 1, 0, 2, 206.77
1734187922, 0, 10, 13, 11, 1, 0.05%, 3, 0, 3, 214.31
1734187927, 0, 10, 14, 12, 1, 0.05%, 4, 0, 3, 245.76
1734187932, 0, 10, 15, 13, 1, 0.06%, 5, 0, 3, 251.59
1734187937, 0, 10, 16, 14, 1, 0.06%, 5, 0, 3, 251.46
1734187998, 0, 10, 17, 15, 1, 0.06%, 5, 0, 3, 252.84
1734188014, 0, 10, 18, 16, 1, 0.06%, 5, 0, 3, 256.70
1734188024, 0, 12, 20, 17, 4, 0.06%, 6, 0, 4, 429.73
1734188029, 0, 12, 21, 18, 4, 0.06%, 6, 0, 4, 460.44
1734188044, 0, 12, 22, 19, 4, 0.06%, 7, 0, 4, 468.87
1734188090, 0, 19, 23, 19, 5, 0.06%, 7, 0, 5, 405.55
1734188095, 0, 19, 24, 20, 5, 0.06%, 8, 0, 5, 295.78
1734188100, 0, 19, 25, 21, 5, 0.06%, 9, 0, 5, 280.38
1734188110, 0, 19, 28, 24, 5, 0.06%, 9, 0, 5, 276.68
1734188120, 0, 19, 29, 25, 5, 0.06%, 9, 0, 5, 277.92
1734188125, 0, 19, 30, 26, 5, 0.06%, 9, 0, 5, 265.32
1734188156, 0, 19, 31, 27, 5, 0.06%, 9, 0, 5, 274.48
1734188166, 0, 19, 32, 28, 5, 0.06%, 9, 0, 5, 271.08
1734188181, 0, 23, 34, 29, 6, 0.06%, 9, 0, 6, 261.14
1734188196, 0, 23, 35, 30, 6, 0.06%, 9, 0, 6, 309.30
1734188262, 0, 24, 37, 31, 5, 0.06%, 9, 0, 6, 357.08
1734188267, 0, 24, 38, 32, 5, 0.06%, 9, 0, 6, 404.89
1734188278, 1, 11, 38, 31, 5, 0.06%, 9, 0, 6, 443.36
1734188283, 1, 15, 38, 29, 3, 0.06%, 9, 0, 6, 439.29
1734188288, 1, 15, 39, 30, 3, 0.06%, 9, 0, 6, 313.23
1734188298, 1, 17, 40, 30, 3, 0.06%, 9, 0, 6, 416.44
1734188303, 1, 39, 40, 29, 3, 0.06%, 9, 0, 6, 453.94
1734188314, 2, 13, 41, 29, 3, 0.06%, 9, 0, 6, 458.35
1734188319, 2, 21, 41, 28, 2, 0.06%, 9, 0, 6, 344.86
1734188329, 3, 17, 41, 27, 1, 0.06%, 9, 0, 6, 364.07
1734188334, 3, 40, 42, 28, 1, 0.06%, 9, 0, 6, 467.72
1734188339, 3, 40, 44, 30, 1, 0.06%, 9, 0, 6, 536.83
1734188344, 3, 40, 45, 31, 1, 0.06%, 9, 0, 6, 505.10
1734188410, 3, 41, 45, 30, 1, 0.06%, 9, 0, 6, 545.20
1734188420, 3, 41, 46, 31, 1, 0.06%, 9, 0, 6, 488.55
1734188425, 3, 41, 47, 32, 1, 0.06%, 9, 0, 6, 486.59
1734188446, 3, 45, 47, 31, 1, 0.06%, 9, 0, 6, 472.69
1734188461, 3, 45, 48, 32, 1, 0.06%, 9, 0, 7, 467.46
1734188477, 3, 47, 48, 31, 1, 0.06%, 9, 0, 7, 531.43
1734188492, 4, 16, 48, 30, 1, 0.06%, 9, 0, 7, 475.35
1734188497, 4, 31, 48, 29, 1, 0.06%, 9, 0, 7, 428.76
1734188507, 4, 38, 48, 28, 0, 0.06%, 9, 0, 7, 413.19
1734188517, 4, 42, 48, 27, 0, 0.06%, 9, 0, 7, 464.80
1734188532, 4, 42, 49, 28, 0, 0.06%, 9, 0, 7, 477.18
1734188542, 5, 16, 49, 27, 0, 0.06%, 9, 0, 7, 433.42
1734188547, 5, 41, 49, 27, 0, 0.06%, 9, 0, 7, 451.62
1734188553, 5, 43, 49, 27, 0, 0.06%, 9, 0, 7, 495.19
1734188563, 5, 44, 49, 26, 0, 0.06%, 9, 0, 7, 482.25
1734188568, 5, 44, 51, 28, 0, 0.06%, 9, 0, 7, 468.26
1734188583, 5, 44, 52, 29, 0, 0.06%, 9, 0, 7, 466.94
1734188629, 5, 44, 53, 30, 0, 0.06%, 9, 0, 7, 464.20
1734188634, 5, 45, 53, 29, 0, 0.06%, 9, 0, 7, 458.31
1734188639, 5, 46, 53, 29, 0, 0.06%, 9, 0, 7, 486.21
1734188654, 5, 48, 53, 28, 0, 0.06%, 9, 0, 7, 463.40
1734188757, 5, 49, 53, 27, 0, 0.06%, 9, 0, 7, 362.71
1734188803, 5, 49, 54, 28, 0, 0.06%, 9, 0, 7, 455.35
1734188828, 5, 52, 54, 27, 0, 0.06%, 9, 0, 7, 446.45
1734188874, 6, 21, 54, 26, 0, 0.06%, 9, 0, 7, 430.19
1734188879, 6, 47, 55, 27, 0, 0.06%, 9, 0, 7, 377.26
1734188884, 7, 38, 56, 28, 0, 0.06%, 9, 0, 7, 419.34
1734188889, 7, 55, 56, 28, 0, 0.06%, 9, 0, 7, 487.24
1734188915, 7, 55, 58, 30, 0, 0.06%, 9, 0, 7, 487.52
1734188925, 7, 55, 59, 31, 0, 0.06%, 9, 0, 7, 489.77
1734188956, 7, 55, 60, 32, 0, 0.06%, 9, 0, 7, 486.19
1734188976, 7, 56, 60, 31, 0, 0.06%, 9, 0, 7, 498.73
1734189012, 7, 57, 60, 30, 0, 0.06%, 9, 0, 7, 449.36
1734189088, 8, 21, 60, 29, 0, 0.06%, 9, 0, 7, 434.27
1734189093, 8, 25, 61, 30, 0, 0.06%, 9, 0, 7, 457.71
1734189103, 8, 27, 61, 29, 0, 0.06%, 9, 0, 7, 388.90
1734189109, 8, 28, 61, 28, 0, 0.06%, 9, 0, 7, 424.17
1734189124, 8, 41, 61, 27, 0, 0.06%, 9, 0, 7, 402.74
1734189129, 8, 46, 61, 27, 0, 0.06%, 9, 0, 7, 465.33
1734189134, 8, 56, 61, 27, 0, 0.06%, 9, 0, 7, 444.40
1734189139, 9, 45, 61, 27, 0, 0.06%, 9, 0, 7, 468.44
1734189145, 9, 56, 61, 27, 0, 0.06%, 9, 0, 7, 443.57
1734189150, 10, 11, 61, 27, 0, 0.06%, 9, 0, 7, 381.80
1734189155, 10, 39, 61, 27, 0, 0.06%, 9, 0, 7, 331.59
1734189160, 10, 41, 61, 27, 0, 0.06%, 9, 0, 7, 332.61
1734189165, 10, 45, 61, 27, 0, 0.06%, 9, 0, 7, 314.20
1734189170, 10, 46, 61, 27, 0, 0.06%, 9, 0, 7, 309.78
1734189175, 10, 52, 61, 27, 0, 0.06%, 9, 0, 7, 342.11
1734189180, 10, 56, 62, 28, 0, 0.06%, 9, 0, 7, 359.02
1734189191, 10, 61, 62, 28, 0, 0.06%, 9, 0, 7, 452.20
1734189216, 10, 61, 63, 29, 0, 0.06%, 9, 0, 8, 301.27
1734189226, 10, 61, 64, 30, 0, 0.06%, 9, 0, 8, 484.03
1734189267, 10, 62, 64, 29, 0, 0.06%, 9, 0, 8, 401.80
1734189302, 10, 62, 65, 30, 0, 0.06%, 9, 0, 9, 475.57
1734189348, 10, 62, 66, 31, 0, 0.06%, 9, 0, 9, 403.30
1734189368, 10, 63, 66, 30, 0, 0.06%, 9, 0, 9, 386.05
1734189480, 10, 65, 66, 29, 0, 0.06%, 9, 0, 9, 332.03
1734189592, 10, 65, 69, 32, 0, 0.06%, 9, 0, 10, 341.33
1734189607, 11, 15, 69, 31, 0, 0.06%, 9, 0, 10, 303.91
1734189612, 11, 17, 69, 31, 0, 0.06%, 9, 0, 10, 315.17
1734189617, 11, 47, 69, 31, 0, 0.06%, 9, 0, 10, 322.14
1734189623, 11, 55, 69, 31, 0, 0.06%, 9, 0, 10, 326.65
1734189633, 11, 56, 70, 32, 0, 0.06%, 9, 0, 10, 298.35
1734189684, 11, 57, 71, 33, 0, 0.07%, 10, 0, 10, 347.27
1734189694, 11, 70, 71, 33, 1, 0.07%, 10, 0, 10, 235.40
1734189719, 11, 70, 72, 34, 1, 0.07%, 10, 0, 10, 207.40
1734189785, 11, 71, 72, 33, 0, 0.07%, 10, 0, 10, 231.99
1734189836, 11, 71, 75, 36, 0, 0.07%, 10, 0, 10, 308.55
1734189841, 11, 72, 76, 36, 0, 0.07%, 10, 0, 10, 227.24
1734189978, 11, 73, 76, 35, 0, 0.07%, 10, 0, 10, 292.18
1734190043, 11, 74, 76, 34, 0, 0.07%, 10, 0, 10, 290.61
1734190099, 12, 21, 76, 33, 0, 0.07%, 10, 0, 10, 298.73
1734190104, 12, 24, 76, 33, 0, 0.07%, 10, 0, 10, 334.18
1734190109, 12, 25, 76, 33, 0, 0.07%, 10, 0, 10, 350.10
1734190114, 12, 27, 76, 33, 0, 0.07%, 10, 0, 10, 315.62
1734190119, 12, 28, 76, 33, 0, 0.07%, 10, 0, 10, 304.64
1734190124, 12, 31, 76, 33, 0, 0.07%, 10, 0, 10, 301.66
1734190129, 12, 35, 76, 33, 0, 0.07%, 10, 0, 10, 347.46
1734190139, 12, 36, 76, 32, 0, 0.07%, 10, 0, 10, 398.96
1734190150, 12, 37, 76, 31, 0, 0.07%, 10, 0, 10, 492.87
1734190165, 12, 49, 76, 30, 0, 0.07%, 10, 0, 10, 378.30
1734190175, 12, 50, 76, 30, 0, 0.07%, 10, 0, 10, 332.67
1734190579, 12, 52, 76, 29, 0, 0.07%, 10, 0, 10, 323.52
1734190584, 12, 54, 76, 29, 0, 0.07%, 10, 0, 10, 344.06
1734190651, 12, 55, 76, 28, 0, 0.07%, 10, 0, 10, 300.08
1734190661, 12, 56, 76, 28, 0, 0.07%, 10, 0, 10, 348.30
1734190666, 12, 57, 76, 28, 0, 0.07%, 10, 0, 10, 351.75
1734190681, 12, 58, 77, 29, 0, 0.07%, 10, 0, 10, 438.72
1734190753, 12, 59, 77, 28, 0, 0.07%, 10, 0, 10, 370.07
1734190829, 12, 60, 77, 27, 0, 0.07%, 10, 0, 10, 282.82
1734190870, 12, 61, 77, 26, 0, 0.07%, 10, 0, 10, 425.80
1734190885, 12, 62, 77, 26, 0, 0.07%, 10, 0, 10, 397.64
1734190911, 12, 63, 77, 26, 0, 0.07%, 10, 0, 10, 300.08
1734190941, 12, 64, 77, 26, 0, 0.07%, 10, 0, 10, 387.63
1734191064, 12, 65, 77, 25, 0, 0.07%, 10, 0, 10, 339.60
1734191176, 12, 66, 77, 25, 0, 0.07%, 10, 0, 10, 334.67
1734191604, 12, 69, 77, 24, 0, 0.07%, 10, 0, 10, 385.10
1734191721, 12, 70, 78, 24, 0, 0.08%, 11, 0, 10, 419.59
1734191741, 12, 77, 78, 24, 1, 0.08%, 11, 0, 10, 390.81
1734191746, 12, 77, 80, 26, 1, 0.08%, 11, 0, 10, 458.81
1734191751, 12, 77, 81, 27, 1, 0.08%, 11, 0, 10, 472.51
1734191761, 12, 77, 82, 28, 1, 0.08%, 11, 0, 10, 478.04
1734191766, 12, 77, 83, 29, 1, 0.08%, 11, 0, 10, 481.54
1734191782, 12, 77, 84, 30, 1, 0.08%, 11, 0, 10, 487.41
1734191823, 12, 78, 85, 30, 0, 0.08%, 12, 0, 10, 359.20
1734191868, 12, 84, 88, 32, 1, 0.11%, 15, 0, 10, 395.79
1734191874, 12, 84, 91, 35, 1, 0.11%, 17, 0, 10, 487.53
1734191879, 12, 84, 92, 36, 1, 0.11%, 17, 0, 10, 520.04
1734191884, 12, 84, 93, 37, 1, 0.11%, 17, 0, 10, 514.90
1734191894, 12, 84, 94, 38, 1, 0.11%, 17, 0, 10, 524.43
1734191899, 12, 84, 95, 39, 1, 0.11%, 17, 0, 10, 518.62
1734191909, 12, 84, 96, 40, 1, 0.11%, 17, 0, 10, 518.67
1734191934, 12, 88, 96, 39, 5, 0.11%, 17, 0, 10, 257.08
1734191965, 12, 88, 98, 41, 5, 0.11%, 17, 0, 11, 323.99
1734191970, 12, 88, 99, 42, 5, 0.11%, 17, 0, 11, 405.70
1734191975, 12, 88, 106, 49, 5, 0.13%, 19, 0, 11, 447.32
1734191980, 12, 88, 120, 63, 5, 0.13%, 19, 0, 11, 408.67
1734192093, 12, 88, 121, 64, 5, 0.13%, 19, 0, 11, 490.70
1734192098, 12, 88, 122, 65, 5, 0.13%, 19, 0, 11, 495.67
1734192103, 12, 88, 124, 67, 5, 0.13%, 19, 0, 11, 486.56
1734192169, 13, 87, 124, 66, 6, 0.13%, 19, 0, 11, 404.50
1734192179, 13, 87, 125, 67, 6, 0.13%, 19, 0, 11, 431.58
1734192244, 13, 90, 125, 66, 5, 0.13%, 19, 0, 11, 249.96
1734192250, 13, 90, 126, 67, 5, 0.13%, 19, 0, 11, 417.05
1734192260, 13, 90, 127, 68, 5, 0.13%, 20, 0, 11, 475.13
1734192321, 13, 126, 128, 68, 5, 0.13%, 21, 0, 12, 314.59
1734192326, 13, 126, 129, 69, 5, 0.13%, 21, 0, 12, 415.55
1734192346, 13, 126, 130, 70, 5, 0.13%, 21, 0, 12, 433.47
1734192351, 13, 126, 131, 71, 5, 0.13%, 21, 0, 12, 445.46
1734192361, 13, 126, 132, 72, 5, 0.13%, 21, 0, 12, 436.69
1734192366, 13, 126, 133, 73, 5, 0.13%, 22, 0, 12, 431.87
1734192377, 13, 126, 134, 74, 5, 0.14%, 23, 0, 12, 407.01
1734192392, 13, 127, 134, 73, 7, 0.14%, 23, 0, 12, 288.10
1734192397, 13, 127, 137, 76, 7, 0.14%, 24, 0, 13, 348.83
1734192468, 13, 134, 137, 75, 7, 0.14%, 24, 0, 13, 311.39
1734192503, 13, 134, 138, 76, 7, 0.14%, 25, 0, 14, 148.49
1734192523, 13, 134, 139, 77, 7, 0.14%, 25, 0, 14, 151.95
1734192528, 13, 134, 140, 78, 7, 0.14%, 25, 0, 14, 150.39
1734192890, 13, 134, 141, 79, 7, 0.14%, 25, 0, 14, 276.31
1734192895, 13, 134, 146, 84, 7, 0.14%, 25, 0, 14, 301.28
1734192900, 13, 134, 147, 85, 7, 0.14%, 25, 0, 14, 317.41
1734192905, 13, 134, 148, 86, 7, 0.14%, 25, 0, 14, 322.62
1734192921, 13, 134, 149, 87, 7, 0.14%, 25, 0, 14, 318.40
1734192931, 13, 134, 150, 88, 7, 0.14%, 25, 0, 14, 322.72
1734192987, 14, 85, 150, 87, 7, 0.14%, 25, 0, 14, 437.18
1734193008, 14, 85, 151, 88, 7, 0.14%, 25, 0, 14, 532.19
1734193053, 14, 100, 151, 87, 6, 0.14%, 25, 0, 14, 270.99
1734193069, 14, 100, 152, 88, 6, 0.14%, 26, 0, 14, 499.61
1734193094, 14, 100, 153, 89, 6, 0.14%, 26, 0, 14, 459.00
1734193253, 14, 151, 153, 88, 7, 0.14%, 26, 0, 14, 341.05
1734193278, 14, 151, 154, 89, 7, 0.15%, 27, 0, 14, 325.19
1734193284, 14, 151, 155, 90, 7, 0.15%, 28, 0, 14, 387.12
1734193406, 14, 151, 156, 91, 7, 0.15%, 28, 0, 14, 496.90
1734193416, 14, 151, 157, 92, 7, 0.15%, 28, 0, 14, 492.95
1734193442, 14, 151, 158, 93, 7, 0.15%, 28, 0, 14, 483.56
1734193472, 14, 153, 158, 92, 9, 0.15%, 28, 0, 14, 263.03
1734193631, 14, 153, 159, 93, 9, 0.15%, 28, 0, 14, 481.76
1734193702, 14, 154, 159, 92, 8, 0.15%, 28, 0, 14, 355.46
1734193902, 15, 99, 159, 91, 7, 0.15%, 28, 0, 14, 354.36
1734193937, 15, 99, 160, 92, 7, 0.15%, 29, 0, 14, 477.57
1734194070, 15, 99, 161, 93, 7, 0.15%, 29, 0, 14, 499.39
1734194121, 15, 99, 162, 94, 7, 0.15%, 29, 0, 14, 419.61
1734194126, 15, 159, 162, 93, 8, 0.15%, 29, 0, 14, 307.51
1734194321, 15, 161, 162, 92, 7, 0.15%, 29, 0, 14, 255.76
1734194341, 15, 161, 163, 93, 7, 0.15%, 29, 0, 14, 152.23
1734194402, 15, 161, 164, 94, 7, 0.15%, 29, 0, 14, 336.59
1734194484, 16, 85, 164, 93, 7, 0.15%, 29, 0, 14, 463.96
1734194504, 16, 123, 164, 93, 7, 0.15%, 29, 0, 14, 262.18
1734194916, 16, 123, 165, 94, 7, 0.15%, 29, 0, 14, 433.16
1734194997, 16, 137, 165, 93, 7, 0.15%, 29, 0, 14, 362.81
1734195614, 16, 137, 166, 94, 7, 0.15%, 29, 0, 15, 300.92
1734195629, 16, 137, 167, 95, 7, 0.15%, 29, 0, 15, 317.65
1734195736, 16, 154, 167, 94, 7, 0.15%, 29, 0, 15, 327.35
1734195776, 16, 159, 167, 94, 7, 0.15%, 29, 0, 15, 336.58
1734195817, 17, 87, 167, 94, 7, 0.15%, 29, 0, 15, 416.76
1734195843, 17, 124, 167, 94, 7, 0.15%, 29, 0, 15, 486.39
1734195858, 17, 124, 168, 95, 7, 0.15%, 29, 0, 15, 540.22
1734195873, 17, 124, 169, 96, 7, 0.15%, 29, 0, 15, 540.78
1734195904, 17, 167, 169, 95, 7, 0.15%, 29, 0, 15, 330.85
1734195924, 17, 167, 170, 96, 7, 0.15%, 29, 0, 15, 536.61
1734195929, 17, 167, 171, 97, 7, 0.15%, 29, 0, 15, 532.72
1734195980, 17, 168, 171, 96, 7, 0.15%, 29, 0, 15, 451.68
1734196026, 17, 169, 171, 95, 7, 0.15%, 29, 0, 15, 390.96
1734196062, 17, 169, 172, 96, 7, 0.15%, 29, 0, 15, 531.48
1734196112, 17, 170, 172, 95, 7, 0.15%, 29, 0, 15, 391.69
1734196168, 17, 171, 172, 94, 7, 0.15%, 29, 0, 15, 415.38
1734196173, 17, 171, 173, 95, 7, 0.15%, 29, 0, 15, 454.25
1734196240, 17, 171, 174, 96, 7, 0.15%, 29, 0, 15, 534.11
1734196276, 17, 171, 175, 97, 7, 0.15%, 29, 0, 15, 534.87
1734196311, 17, 172, 175, 96, 7, 0.15%, 29, 0, 15, 412.61
1734196418, 17, 173, 175, 95, 7, 0.15%, 29, 0, 15, 347.96
1734196535, 17, 173, 176, 96, 7, 0.15%, 29, 0, 16, 526.30
1734196607, 18, 153, 176, 95, 7, 0.15%, 29, 0, 16, 459.26
1734196647, 18, 153, 177, 96, 7, 0.15%, 29, 0, 16, 360.32
1734196652, 18, 154, 177, 96, 7, 0.15%, 29, 0, 16, 278.81
1734196693, 18, 158, 177, 96, 7, 0.15%, 29, 0, 16, 198.10
1734196754, 18, 158, 178, 97, 7, 0.15%, 30, 0, 16, 379.43
1734197233, 18, 158, 179, 98, 7, 0.15%, 30, 0, 16, 455.66
1734197319, 18, 177, 179, 97, 8, 0.15%, 30, 0, 16, 276.01
1734197427, 18, 177, 180, 98, 8, 0.15%, 30, 0, 16, 454.36
1734197513, 18, 179, 180, 97, 7, 0.15%, 30, 0, 16, 297.29
1734197781, 18, 179, 181, 98, 7, 0.15%, 30, 0, 17, 468.38
1734197867, 19, 154, 181, 97, 8, 0.15%, 30, 0, 17, 261.75
1734197893, 19, 159, 181, 97, 8, 0.15%, 30, 0, 17, 415.74
1734197939, 20, 154, 181, 97, 8, 0.15%, 30, 0, 17, 257.61
1734197964, 20, 159, 181, 97, 8, 0.15%, 30, 0, 17, 406.37
1734197989, 21, 159, 181, 97, 8, 0.15%, 30, 0, 17, 409.24
1734198020, 21, 160, 181, 97, 8, 0.15%, 30, 0, 17, 236.36
1734198517, 21, 160, 182, 98, 8, 0.15%, 30, 0, 17, 483.73
1734198557, 21, 160, 183, 99, 8, 0.15%, 30, 0, 17, 496.00
1734198598, 21, 161, 183, 98, 8, 0.15%, 30, 0, 17, 322.67
1734198623, 21, 162, 183, 98, 8, 0.15%, 30, 0, 17, 332.59
1734198765, 21, 164, 183, 97, 8, 0.15%, 30, 0, 17, 330.35
1734198877, 21, 167, 183, 96, 8, 0.15%, 30, 0, 17, 441.32
1734198898, 21, 168, 183, 96, 8, 0.15%, 30, 0, 17, 441.44
1734198923, 21, 169, 183, 96, 8, 0.15%, 30, 0, 17, 498.78
1734198944, 21, 170, 183, 96, 8, 0.15%, 30, 0, 17, 434.56
1734198959, 21, 170, 184, 97, 8, 0.15%, 30, 0, 17, 419.08
1734198964, 21, 170, 185, 98, 8, 0.16%, 31, 0, 17, 421.46
1734198969, 21, 184, 186, 99, 8, 0.16%, 31, 0, 17, 330.78
1734199106, 21, 185, 186, 98, 7, 0.16%, 31, 0, 17, 395.39
1734199167, 21, 185, 187, 99, 7, 0.16%, 32, 0, 17, 251.42
1734199264, 21, 186, 187, 98, 8, 0.16%, 32, 0, 17, 299.20
1734199300, 21, 186, 188, 99, 8, 0.16%, 32, 0, 17, 285.46
1734199350, 21, 186, 189, 100, 8, 0.16%, 32, 0, 17, 281.75
1734199401, 21, 187, 189, 99, 7, 0.16%, 32, 0, 17, 413.49
1734199406, 21, 187, 190, 100, 7, 0.16%, 32, 0, 18, 315.13
1734199411, 21, 187, 191, 101, 7, 0.16%, 32, 0, 18, 261.74
1734199447, 21, 187, 192, 102, 7, 0.16%, 32, 0, 18, 247.01
1734199558, 22, 100, 192, 101, 7, 0.16%, 32, 0, 18, 431.88
1734199732, 22, 154, 192, 101, 7, 0.16%, 32, 0, 18, 266.10
1734199747, 22, 159, 192, 101, 7, 0.16%, 32, 0, 18, 374.28
1734199778, 22, 177, 192, 101, 7, 0.16%, 32, 0, 18, 417.60
1734199824, 22, 179, 192, 101, 7, 0.16%, 32, 0, 18, 396.90
1734199870, 22, 180, 192, 101, 7, 0.16%, 32, 0, 18, 223.09
1734200136, 22, 180, 193, 102, 7, 0.16%, 32, 0, 18, 482.91
1734200222, 23, 154, 193, 101, 6, 0.16%, 32, 0, 18, 335.47
1734200243, 23, 159, 193, 101, 6, 0.16%, 32, 0, 18, 268.71
1734200258, 24, 154, 193, 101, 6, 0.16%, 32, 0, 18, 366.61
1734200279, 24, 159, 193, 101, 6, 0.16%, 32, 0, 18, 431.23
1734200299, 25, 154, 193, 101, 6, 0.16%, 32, 0, 18, 360.28
1734200319, 25, 159, 193, 101, 6, 0.16%, 32, 0, 18, 289.99
1734200335, 26, 154, 193, 101, 6, 0.16%, 32, 0, 18, 420.34
1734200355, 26, 159, 193, 101, 6, 0.16%, 32, 0, 18, 443.89
1734200375, 27, 154, 193, 101, 6, 0.16%, 32, 0, 18, 335.15
1734200396, 27, 159, 193, 101, 6, 0.16%, 32, 0, 18, 276.14
1734200411, 28, 154, 193, 101, 6, 0.16%, 32, 0, 18, 385.49
1734200431, 28, 159, 193, 101, 6, 0.16%, 32, 0, 18, 442.16
1734200452, 29, 154, 193, 101, 6, 0.16%, 32, 0, 18, 340.48
1734200472, 29, 159, 193, 101, 6, 0.16%, 32, 0, 18, 291.83
1734200487, 29, 161, 193, 101, 6, 0.16%, 32, 0, 18, 369.37
1734200518, 29, 162, 193, 101, 6, 0.16%, 32, 0, 18, 250.83
1734200548, 29, 163, 193, 101, 6, 0.16%, 32, 0, 18, 207.90
1734200656, 29, 163, 194, 102, 6, 0.16%, 32, 0, 18, 325.14
1734200677, 29, 163, 195, 103, 6, 0.16%, 32, 0, 18, 352.68
1734200682, 29, 163, 196, 104, 6, 0.16%, 32, 0, 18, 356.08
1734200737, 29, 177, 196, 103, 6, 0.16%, 32, 0, 18, 428.72
1734200783, 29, 179, 196, 103, 6, 0.16%, 32, 0, 18, 343.63
1734200829, 29, 180, 196, 103, 6, 0.16%, 32, 0, 18, 268.20
1734200870, 29, 186, 196, 103, 6, 0.16%, 32, 0, 18, 285.59
1734200905, 29, 187, 196, 103, 6, 0.16%, 32, 0, 18, 326.46
1734200946, 29, 188, 196, 103, 6, 0.16%, 32, 0, 18, 478.73
1734201022, 29, 192, 196, 102, 6, 0.16%, 32, 0, 18, 372.46
1734201334, 30, 100, 196, 101, 6, 0.16%, 32, 0, 18, 431.82
1734201375, 30, 109, 196, 101, 6, 0.16%, 32, 0, 18, 255.54
1734201589, 30, 112, 196, 100, 6, 0.16%, 32, 0, 18, 360.28
1734201757, 30, 112, 197, 101, 6, 0.16%, 32, 0, 18, 498.95
1734201823, 30, 154, 197, 100, 6, 0.16%, 32, 0, 18, 355.11
1734201843, 30, 159, 197, 100, 6, 0.16%, 32, 0, 18, 372.98
1734201864, 30, 177, 197, 100, 6, 0.16%, 32, 0, 18, 464.61
1734201910, 31, 154, 197, 100, 6, 0.16%, 32, 0, 18, 398.81
1734201925, 31, 154, 198, 101, 6, 0.16%, 32, 0, 18, 439.59
1734201930, 31, 159, 198, 101, 6, 0.16%, 32, 0, 18, 435.01
1734201951, 31, 197, 198, 101, 6, 0.16%, 32, 0, 18, 286.13
1734202623, 31, 197, 199, 102, 6, 0.16%, 32, 0, 18, 488.58
1734202694, 32, 159, 199, 101, 6, 0.16%, 32, 0, 18, 332.79
1734202709, 33, 159, 199, 101, 6, 0.16%, 32, 0, 18, 385.92
1734202730, 34, 159, 199, 101, 6, 0.16%, 32, 0, 18, 371.19
1734202750, 35, 159, 199, 101, 6, 0.16%, 32, 0, 18, 420.05
1734202770, 36, 159, 199, 101, 6, 0.16%, 32, 0, 18, 375.44
1734202791, 37, 159, 199, 101, 6, 0.16%, 32, 0, 18, 317.19
1734202801, 37, 159, 200, 102, 6, 0.16%, 32, 0, 18, 433.14
1734202811, 37, 199, 200, 102, 6, 0.16%, 32, 0, 18, 255.57
1734203329, 37, 199, 201, 103, 6, 0.16%, 32, 0, 18, 486.76
1734203395, 37, 200, 201, 102, 6, 0.16%, 32, 0, 18, 244.90
1734204194, 37, 200, 202, 103, 6, 0.16%, 32, 0, 18, 482.17
1734204265, 37, 201, 202, 102, 6, 0.16%, 32, 0, 18, 352.72
1734205071, 37, 201, 203, 103, 6, 0.16%, 32, 0, 18, 495.16
1734205121, 37, 201, 204, 104, 6, 0.16%, 32, 0, 18, 406.53
1734205142, 38, 19, 204, 103, 6, 0.16%, 32, 0, 18, 359.09
1734205147, 38, 21, 204, 103, 6, 0.16%, 32, 0, 18, 321.69
1734205152, 38, 22, 204, 103, 6, 0.16%, 32, 0, 18, 287.29
1734205162, 38, 23, 204, 102, 6, 0.16%, 32, 0, 18, 294.66
1734205167, 38, 24, 204, 102, 6, 0.16%, 32, 0, 18, 359.55
1734205177, 38, 25, 204, 102, 6, 0.16%, 32, 0, 18, 451.98
1734205187, 38, 26, 204, 102, 6, 0.16%, 32, 0, 18, 375.01
1734205198, 38, 27, 204, 101, 6, 0.16%, 32, 0, 18, 359.45
1734205203, 38, 28, 204, 101, 6, 0.16%, 32, 0, 18, 415.10
1734205218, 38, 29, 204, 101, 6, 0.16%, 32, 0, 18, 428.73
1734205233, 38, 30, 204, 100, 6, 0.16%, 32, 0, 18, 417.03
1734205243, 38, 31, 204, 99, 6, 0.16%, 32, 0, 18, 386.10
1734205248, 38, 32, 204, 99, 6, 0.16%, 32, 0, 18, 382.83
1734205259, 38, 33, 204, 98, 6, 0.16%, 32, 0, 18, 410.67
1734205269, 38, 34, 204, 97, 6, 0.16%, 32, 0, 18, 394.74
1734205279, 38, 35, 204, 96, 6, 0.16%, 32, 0, 18, 368.34
1734205284, 38, 36, 204, 96, 6, 0.16%, 32, 0, 18, 402.31
1734205289, 38, 37, 204, 96, 6, 0.16%, 32, 0, 18, 365.92
1734205304, 38, 49, 204, 96, 6, 0.16%, 32, 0, 18, 370.12
1734205309, 38, 50, 204, 96, 6, 0.16%, 32, 0, 18, 380.04
1734205325, 38, 53, 204, 96, 6, 0.16%, 32, 0, 18, 376.06
1734205436, 38, 57, 204, 95, 6, 0.16%, 32, 0, 18, 467.69
1734205486, 38, 60, 204, 95, 6, 0.16%, 32, 0, 18, 359.38
1734205512, 38, 65, 204, 95, 6, 0.16%, 32, 0, 18, 358.37
1734205522, 38, 68, 204, 95, 6, 0.16%, 32, 0, 18, 284.12
