# unix_time, cycles_done, cur_path, paths_total, pending_total, pending_favs, map_size, unique_crashes, unique_hangs, max_depth, execs_per_sec
1734223902, 0, 0, 10, 10, 1, 0.00%, 0, 0, 1, 174.67
1734223907, 0, 4, 10, 10, 1, 0.00%, 0, 0, 1, 207.20
1734223912, 0, 5, 10, 9, 0, 0.00%, 0, 0, 1, 207.71
1734223917, 0, 6, 10, 8, 0, 0.00%, 0, 0, 1, 202.04
1734223927, 0, 7, 10, 7, 0, 0.00%, 0, 0, 1, 210.53
1734223932, 0, 8, 10, 6, 0, 0.00%, 0, 0, 1, 196.70
1734223943, 0, 9, 10, 5, 0, 0.00%, 0, 0, 1, 209.97
1734223948, 1, 0, 10, 4, 0, 0.00%, 0, 0, 1, 192.80
1734223958, 1, 1, 10, 3, 0, 0.00%, 0, 0, 1, 213.29
1734223968, 1, 2, 10, 2, 0, 0.00%, 0, 0, 1, 209.34
1734223978, 1, 3, 10, 1, 0, 0.00%, 0, 0, 1, 211.61
1734223988, 1, 4, 10, 0, 0, 0.00%, 0, 0, 1, 214.73
1734223998, 1, 6, 10, 0, 0, 0.00%, 0, 0, 1, 210.12
1734224004, 1, 7, 10, 0, 0, 0.00%, 0, 0, 1, 210.19
1734224009, 1, 9, 10, 0, 0, 0.00%, 0, 0, 1, 208.25
1734224014, 2, 0, 10, 0, 0, 0.00%, 0, 0, 1, 206.55
1734224019, 2, 1, 10, 0, 0, 0.00%, 0, 0, 1, 212.88
1734224024, 2, 3, 10, 0, 0, 0.00%, 0, 0, 1, 208.39
1734224029, 2, 4, 10, 0, 0, 0.00%, 0, 0, 1, 207.56
1734224034, 2, 6, 10, 0, 0, 0.00%, 0, 0, 1, 207.45
1734224039, 2, 7, 10, 0, 0, 0.00%, 0, 0, 1, 210.89
1734224044, 2, 8, 10, 0, 0, 0.00%, 0, 0, 1, 208.12
1734224049, 3, 0, 10, 0, 0, 0.00%, 0, 0, 1, 206.73
1734224054, 3, 1, 10, 0, 0, 0.00%, 0, 0, 1, 209.02
1734224059, 3, 3, 10, 0, 0, 0.00%, 0, 0, 1, 208.07
1734224064, 3, 4, 10, 0, 0, 0.00%, 0, 0, 1, 206.87
1734224069, 3, 5, 10, 0, 0, 0.00%, 0, 0, 1, 206.94
1734224074, 3, 7, 10, 0, 0, 0.00%, 0, 0, 1, 207.54
1734224079, 3, 8, 10, 0, 0, 0.00%, 0, 0, 1, 208.48
1734224084, 4, 0, 10, 0, 0, 0.00%, 0, 0, 1, 209.99
1734224089, 4, 1, 10, 0, 0, 0.00%, 0, 0, 1, 205.26
1734224094, 4, 2, 10, 0, 0, 0.00%, 0, 0, 1, 208.72
1734224100, 4, 4, 10, 0, 0, 0.00%, 0, 0, 1, 212.51
1734224105, 4, 5, 10, 0, 0, 0.00%, 0, 0, 1, 208.63
1734224110, 4, 7, 10, 0, 0, 0.00%, 0, 0, 1, 209.42
1734224115, 4, 8, 10, 0, 0, 0.00%, 0, 0, 1, 208.38
1734224120, 5, 0, 10, 0, 0, 0.00%, 0, 0, 1, 209.57
1734224125, 5, 1, 10, 0, 0, 0.00%, 0, 0, 1, 209.09
1734224130, 5, 2, 10, 0, 0, 0.00%, 0, 0, 1, 203.75
1734224135, 5, 4, 10, 0, 0, 0.00%, 0, 0, 1, 207.01
1734224140, 5, 5, 10, 0, 0, 0.00%, 0, 0, 1, 204.25
1734224145, 5, 7, 10, 0, 0, 0.00%, 0, 0, 1, 208.56
1734224150, 5, 8, 10, 0, 0, 0.00%, 0, 0, 1, 211.37
1734224155, 5, 9, 10, 0, 0, 0.00%, 0, 0, 1, 209.09
1734224160, 6, 1, 10, 0, 0, 0.00%, 0, 0, 1, 208.47
1734224165, 6, 2, 10, 0, 0, 0.00%, 0, 0, 1, 210.61
1734224170, 6, 4, 10, 0, 0, 0.00%, 0, 0, 1, 206.85
1734224176, 6, 5, 10, 0, 0, 0.00%, 0, 0, 1, 206.44
1734224181, 6, 6, 10, 0, 0, 0.00%, 0, 0, 1, 209.12
1734224186, 6, 8, 10, 0, 0, 0.00%, 0, 0, 1, 207.59
1734224191, 6, 9, 10, 0, 0, 0.00%, 0, 0, 1, 209.71
1734224196, 7, 1, 10, 0, 0, 0.00%, 0, 0, 1, 208.23
1734224201, 7, 2, 10, 0, 0, 0.00%, 0, 0, 1, 213.91
1734224206, 7, 3, 10, 0, 0, 0.00%, 0, 0, 1, 209.01
1734224211, 7, 5, 10, 0, 0, 0.00%, 0, 0, 1, 211.92
1734224216, 7, 6, 10, 0, 0, 0.00%, 0, 0, 1, 209.63
1734224221, 7, 8, 10, 0, 0, 0.00%, 0, 0, 1, 208.26
1734224226, 7, 9, 10, 0, 0, 0.00%, 0, 0, 1, 211.09
1734224231, 8, 1, 10, 0, 0, 0.00%, 0, 0, 1, 209.87
1734224236, 8, 2, 10, 0, 0, 0.00%, 0, 0, 1, 210.76
1734224241, 8, 3, 10, 0, 0, 0.00%, 0, 0, 1, 209.51
1734224246, 8, 5, 10, 0, 0, 0.00%, 0, 0, 1, 207.77
1734224251, 8, 6, 10, 0, 0, 0.00%, 0, 0, 1, 210.45
1734224257, 8, 8, 10, 0, 0, 0.00%, 0, 0, 1, 205.25
1734224262, 8, 9, 10, 0, 0, 0.00%, 0, 0, 1, 210.61
1734224267, 9, 0, 10, 0, 0, 0.00%, 0, 0, 1, 210.87
1734224272, 9, 2, 10, 0, 0, 0.00%, 0, 0, 1, 209.73
1734224277, 9, 3, 10, 0, 0, 0.00%, 0, 0, 1, 208.48
1734224282, 9, 5, 10, 0, 0, 0.00%, 0, 0, 1, 208.65
1734224287, 9, 6, 10, 0, 0, 0.00%, 0, 0, 1, 208.93
1734224292, 9, 7, 10, 0, 0, 0.00%, 0, 0, 1, 210.14
1734224297, 9, 9, 10, 0, 0, 0.00%, 0, 0, 1, 207.43
1734224302, 10, 0, 10, 0, 0, 0.00%, 0, 0, 1, 211.73
1734224307, 10, 2, 10, 0, 0, 0.00%, 0, 0, 1, 208.08
1734224312, 10, 3, 10, 0, 0, 0.00%, 0, 0, 1, 210.29
1734224317, 10, 5, 10, 0, 0, 0.00%, 0, 0, 1, 209.61
1734224322, 10, 6, 10, 0, 0, 0.00%, 0, 0, 1, 210.88
1734224327, 10, 7, 10, 0, 0, 0.00%, 0, 0, 1, 210.71
1734224332, 10, 9, 10, 0, 0, 0.00%, 0, 0, 1, 215.60
1734224337, 11, 0, 10, 0, 0, 0.00%, 0, 0, 1, 206.76
1734224342, 11, 2, 10, 0, 0, 0.00%, 0, 0, 1, 207.55
1734224347, 11, 3, 10, 0, 0, 0.00%, 0, 0, 1, 207.39
1734224353, 11, 4, 10, 0, 0, 0.00%, 0, 0, 1, 207.15
1734224358, 11, 6, 10, 0, 0, 0.00%, 0, 0, 1, 210.84
1734224363, 11, 7, 10, 0, 0, 0.00%, 0, 0, 1, 206.54
1734224368, 11, 9, 10, 0, 0, 0.00%, 0, 0, 1, 209.38
1734224373, 12, 0, 10, 0, 0, 0.00%, 0, 0, 1, 208.45
1734224378, 12, 2, 10, 0, 0, 0.00%, 0, 0, 1, 207.42
1734224383, 12, 3, 10, 0, 0, 0.00%, 0, 0, 1, 205.05
1734224388, 12, 4, 10, 0, 0, 0.00%, 0, 0, 1, 209.36
1734224393, 12, 6, 10, 0, 0, 0.00%, 0, 0, 1, 208.62
1734224398, 12, 7, 10, 0, 0, 0.00%, 0, 0, 1, 208.75
1734224403, 12, 9, 10, 0, 0, 0.00%, 0, 0, 1, 210.21
1734224408, 13, 0, 10, 0, 0, 0.00%, 0, 0, 1, 214.02
1734224413, 13, 1, 10, 0, 0, 0.00%, 0, 0, 1, 208.92
1734224418, 13, 3, 10, 0, 0, 0.00%, 0, 0, 1, 209.53
1734224424, 13, 4, 10, 0, 0, 0.00%, 0, 0, 1, 209.13
1734224429, 13, 6, 10, 0, 0, 0.00%, 0, 0, 1, 204.71
1734224434, 13, 7, 10, 0, 0, 0.00%, 0, 0, 1, 206.07
1734224439, 13, 8, 10, 0, 0, 0.00%, 0, 0, 1, 207.04
1734224444, 14, 0, 10, 0, 0, 0.00%, 0, 0, 1, 207.56
1734224449, 14, 1, 10, 0, 0, 0.00%, 0, 0, 1, 204.86
1734224454, 14, 3, 10, 0, 0, 0.00%, 0, 0, 1, 205.91
1734224459, 14, 4, 10, 0, 0, 0.00%, 0, 0, 1, 206.55
1734224464, 14, 5, 10, 0, 0, 0.00%, 0, 0, 1, 205.02
1734224469, 14, 7, 10, 0, 0, 0.00%, 0, 0, 1, 206.24
1734224474, 14, 8, 10, 0, 0, 0.00%, 0, 0, 1, 207.77
1734224479, 15, 0, 10, 0, 0, 0.00%, 0, 0, 1, 205.76
1734224484, 15, 1, 10, 0, 0, 0.00%, 0, 0, 1, 212.40
1734224489, 15, 2, 10, 0, 0, 0.00%, 0, 0, 1, 210.85
1734224494, 15, 10, 11, 1, 1, 0.05%, 1, 0, 2, 219.41
1734224499, 15, 10, 12, 2, 1, 0.05%, 2, 0, 3, 259.31
1734224596, 15, 10, 13, 3, 1, 0.05%, 3, 0, 3, 218.07
1734224616, 15, 12, 14, 3, 2, 0.05%, 3, 0, 4, 259.44
1734224626, 15, 12, 16, 5, 2, 0.05%, 4, 0, 4, 272.48
1734224637, 15, 12, 18, 7, 2, 0.05%, 4, 0, 4, 273.63
1734224642, 15, 12, 20, 9, 2, 0.05%, 4, 0, 4, 275.44
1734224647, 15, 12, 21, 10, 2, 0.06%, 5, 0, 4, 269.70
1734224663, 15, 12, 22, 11, 2, 0.06%, 5, 0, 4, 270.67
1734224678, 15, 12, 23, 12, 2, 0.06%, 6, 0, 4, 277.47
1734224724, 15, 20, 24, 12, 4, 0.06%, 6, 0, 5, 418.25
1734224739, 15, 20, 25, 13, 4, 0.06%, 6, 0, 5, 479.16
1734224775, 15, 20, 26, 14, 4, 0.06%, 6, 0, 5, 291.91
1734224785, 15, 20, 28, 16, 4, 0.06%, 6, 0, 5, 289.08
1734224790, 15, 20, 31, 19, 4, 0.06%, 6, 0, 5, 297.98
1734224795, 15, 20, 33, 21, 4, 0.06%, 6, 0, 5, 318.04
1734224800, 15, 22, 35, 22, 3, 0.06%, 6, 0, 5, 283.56
1734224805, 15, 22, 37, 24, 3, 0.06%, 6, 0, 5, 269.59
1734224810, 15, 22, 38, 25, 3, 0.06%, 6, 0, 5, 276.13
1734224897, 15, 22, 40, 27, 3, 0.06%, 7, 0, 5, 299.23
1734224902, 15, 39, 42, 28, 3, 0.06%, 7, 0, 6, 292.74
1734224907, 15, 39, 45, 31, 3, 0.06%, 8, 0, 6, 496.12
1734224918, 15, 39, 47, 33, 3, 0.06%, 8, 0, 6, 537.01
1734224928, 15, 39, 49, 35, 3, 0.06%, 8, 0, 6, 539.84
1734224938, 15, 39, 50, 36, 3, 0.06%, 8, 0, 6, 547.85
1734224943, 15, 39, 51, 37, 3, 0.06%, 8, 0, 6, 541.34
1734224948, 15, 39, 52, 38, 3, 0.06%, 8, 0, 6, 539.56
1734224968, 15, 39, 54, 40, 3, 0.06%, 8, 0, 6, 359.03
1734224973, 15, 42, 54, 39, 5, 0.06%, 8, 0, 6, 438.44
1734225004, 15, 49, 58, 42, 4, 0.06%, 8, 0, 7, 400.14
1734225009, 15, 49, 59, 43, 4, 0.06%, 8, 0, 7, 433.32
1734225019, 15, 49, 61, 45, 4, 0.06%, 8, 0, 7, 441.82
1734225070, 15, 49, 62, 46, 4, 0.06%, 8, 0, 7, 328.58
1734225085, 15, 53, 62, 45, 4, 0.06%, 8, 0, 7, 407.94
1734225090, 15, 53, 63, 46, 4, 0.06%, 8, 0, 7, 451.27
1734225249, 15, 53, 64, 47, 4, 0.06%, 8, 0, 7, 277.22
1734225254, 15, 53, 65, 48, 4, 0.06%, 8, 0, 7, 462.02
1734225259, 15, 53, 67, 50, 4, 0.06%, 8, 0, 7, 492.79
1734225325, 15, 54, 67, 49, 4, 0.06%, 8, 0, 7, 355.71
1734225361, 15, 55, 67, 48, 4, 0.06%, 8, 0, 7, 307.41
1734225495, 15, 55, 68, 49, 4, 0.06%, 8, 0, 8, 481.66
1734225505, 15, 55, 69, 50, 4, 0.06%, 8, 0, 8, 513.42
1734225530, 15, 55, 70, 51, 4, 0.06%, 8, 0, 8, 507.18
1734225566, 15, 56, 70, 50, 4, 0.06%, 8, 0, 8, 403.56
1734225591, 15, 56, 72, 52, 4, 0.06%, 8, 0, 8, 524.80
1734225673, 15, 57, 72, 51, 4, 0.06%, 8, 0, 8, 362.44
1734225785, 15, 58, 72, 50, 4, 0.06%, 8, 0, 8, 394.21
1734225795, 15, 58, 73, 51, 4, 0.06%, 8, 0, 8, 436.20
1734225805, 15, 58, 74, 52, 4, 0.06%, 8, 0, 8, 458.69
1734225877, 15, 59, 74, 51, 4, 0.06%, 8, 0, 8, 390.51
1734225912, 15, 60, 74, 50, 4, 0.06%, 8, 0, 8, 374.41
1734225942, 15, 60, 76, 52, 4, 0.06%, 8, 0, 8, 373.55
1734225947, 15, 61, 76, 51, 4, 0.06%, 8, 0, 8, 443.37
1734226095, 15, 62, 76, 50, 4, 0.06%, 8, 0, 8, 379.06
1734226157, 15, 63, 76, 49, 4, 0.06%, 8, 0, 8, 492.07
1734226223, 15, 70, 76, 48, 4, 0.06%, 8, 0, 8, 403.60
1734226340, 15, 71, 76, 47, 4, 0.06%, 8, 0, 8, 425.40
1734226458, 15, 72, 76, 46, 4, 0.06%, 8, 0, 8, 450.90
1734226503, 15, 73, 76, 45, 4, 0.06%, 8, 0, 8, 350.77
1734226513, 15, 73, 77, 46, 4, 0.06%, 8, 0, 9, 393.29
1734226559, 15, 74, 77, 45, 4, 0.06%, 8, 0, 9, 401.74
1734226569, 15, 74, 78, 46, 4, 0.06%, 8, 0, 9, 440.28
1734226829, 15, 75, 78, 45, 4, 0.06%, 8, 0, 9, 326.53
1734227002, 15, 76, 78, 44, 4, 0.06%, 8, 0, 9, 430.15
1734227053, 15, 77, 78, 43, 4, 0.06%, 8, 0, 9, 327.94
1734227343, 16, 14, 78, 42, 4, 0.06%, 8, 0, 9, 373.54
1734227378, 16, 18, 78, 41, 3, 0.06%, 8, 0, 9, 350.04
1734227450, 16, 29, 78, 40, 3, 0.06%, 8, 0, 9, 307.10
1734227618, 16, 30, 78, 39, 3, 0.06%, 8, 0, 9, 276.63
1734228006, 16, 42, 78, 38, 3, 0.06%, 8, 0, 9, 331.42
1734228021, 16, 46, 78, 38, 3, 0.06%, 8, 0, 9, 420.01
1734228057, 16, 47, 78, 37, 3, 0.06%, 8, 0, 9, 256.86
1734228826, 16, 49, 78, 36, 3, 0.06%, 8, 0, 9, 413.38
1734228841, 16, 53, 78, 36, 3, 0.06%, 8, 0, 9, 353.19
1734228861, 16, 54, 78, 36, 3, 0.06%, 8, 0, 9, 437.57
1734228892, 16, 55, 78, 36, 3, 0.06%, 8, 0, 9, 390.91
1734228907, 16, 56, 78, 36, 3, 0.06%, 8, 0, 9, 358.85
1734229013, 16, 57, 78, 36, 3, 0.06%, 8, 0, 9, 337.64
1734229125, 16, 58, 78, 36, 3, 0.06%, 8, 0, 9, 395.73
1734229145, 16, 59, 78, 36, 3, 0.06%, 8, 0, 9, 411.45
1734229161, 16, 60, 78, 36, 3, 0.06%, 8, 0, 9, 386.66
1734229176, 16, 61, 78, 36, 3, 0.06%, 8, 0, 9, 341.89
1734229324, 16, 62, 78, 36, 3, 0.06%, 8, 0, 9, 356.20
1734229534, 16, 63, 78, 36, 3, 0.06%, 8, 0, 9, 358.13
1734229783, 16, 70, 78, 36, 3, 0.06%, 8, 0, 9, 401.77
1734229803, 16, 71, 78, 36, 3, 0.06%, 8, 0, 9, 327.73
1734229833, 16, 72, 78, 36, 3, 0.06%, 8, 0, 9, 390.28
1734229853, 16, 73, 78, 36, 3, 0.06%, 8, 0, 9, 394.59
1734229884, 16, 74, 78, 36, 3, 0.06%, 8, 0, 9, 373.98
1734229909, 16, 76, 78, 36, 3, 0.06%, 8, 0, 9, 375.84
1734229935, 16, 77, 78, 36, 3, 0.06%, 8, 0, 9, 362.10
1734229965, 17, 14, 78, 36, 3, 0.06%, 8, 0, 9, 370.09
1734229981, 17, 18, 78, 36, 3, 0.06%, 8, 0, 9, 300.25
1734230001, 17, 22, 78, 36, 3, 0.06%, 8, 0, 9, 305.25
1734230016, 17, 29, 78, 36, 3, 0.06%, 8, 0, 9, 355.85
1734230037, 17, 30, 78, 36, 3, 0.06%, 8, 0, 9, 304.72
1734230057, 17, 33, 78, 36, 3, 0.06%, 8, 0, 9, 360.17
1734230093, 17, 34, 78, 35, 3, 0.06%, 8, 0, 9, 283.40
1734230129, 17, 35, 78, 34, 3, 0.06%, 8, 0, 9, 358.53
1734230200, 17, 36, 78, 33, 3, 0.06%, 8, 0, 9, 315.95
1734230662, 17, 49, 78, 32, 3, 0.06%, 8, 0, 9, 349.96
1734230683, 17, 54, 78, 32, 3, 0.06%, 8, 0, 9, 427.90
1734230698, 17, 56, 78, 32, 3, 0.06%, 8, 0, 9, 362.33
1734230718, 17, 57, 78, 32, 3, 0.06%, 8, 0, 9, 359.28
1734230733, 17, 58, 78, 32, 3, 0.06%, 8, 0, 9, 328.22
1734230748, 17, 58, 79, 33, 3, 0.06%, 8, 0, 9, 355.50
1734230753, 17, 59, 79, 33, 3, 0.06%, 8, 0, 9, 408.88
1734230769, 17, 60, 79, 33, 3, 0.06%, 8, 0, 9, 376.62
1734230784, 17, 61, 79, 33, 3, 0.06%, 8, 0, 9, 338.47
1734230962, 17, 62, 79, 33, 3, 0.06%, 8, 0, 9, 323.41
1734230982, 17, 63, 79, 33, 3, 0.06%, 8, 0, 9, 308.25
1734231003, 17, 64, 79, 33, 3, 0.06%, 8, 0, 9, 430.93
1734231243, 17, 65, 79, 32, 3, 0.06%, 8, 0, 9, 436.62
1734231381, 17, 66, 79, 31, 3, 0.06%, 8, 0, 9, 349.67
1734231617, 17, 67, 79, 30, 3, 0.06%, 8, 0, 9, 374.68
1734231734, 17, 68, 79, 29, 3, 0.06%, 8, 0, 9, 397.47
1734231908, 17, 69, 79, 28, 3, 0.06%, 8, 0, 9, 361.65
1734232021, 17, 70, 79, 27, 3, 0.06%, 8, 0, 9, 437.34
1734232128, 17, 71, 79, 27, 3, 0.06%, 8, 0, 9, 390.15
1734232245, 17, 72, 79, 27, 3, 0.06%, 8, 0, 9, 383.51
1734232266, 17, 73, 79, 27, 3, 0.06%, 8, 0, 9, 347.67
1734232291, 17, 74, 79, 27, 3, 0.06%, 8, 0, 9, 399.37
1734232322, 17, 75, 79, 27, 3, 0.06%, 8, 0, 9, 391.48
1734232347, 17, 76, 79, 27, 3, 0.06%, 8, 0, 9, 323.39
1734232372, 17, 77, 79, 27, 3, 0.06%, 8, 0, 9, 323.89
1734232403, 17, 78, 80, 28, 3, 0.06%, 8, 0, 9, 360.63
1734232731, 17, 79, 80, 27, 3, 0.06%, 8, 0, 9, 348.20
1734233065, 18, 14, 80, 26, 3, 0.06%, 8, 0, 9, 379.07
1734233080, 18, 18, 80, 26, 3, 0.06%, 8, 0, 9, 310.37
1734233100, 18, 22, 80, 26, 3, 0.06%, 8, 0, 9, 325.43
1734233115, 18, 29, 80, 26, 3, 0.06%, 8, 0, 9, 355.24
1734233141, 18, 30, 80, 26, 3, 0.06%, 8, 0, 9, 260.52
1734233161, 18, 33, 80, 26, 3, 0.06%, 8, 0, 9, 386.88
1734233176, 18, 34, 80, 26, 3, 0.06%, 8, 0, 9, 328.16
1734233197, 18, 35, 80, 26, 3, 0.06%, 8, 0, 9, 410.69
1734233212, 18, 36, 80, 26, 3, 0.06%, 8, 0, 9, 329.13
1734233238, 18, 37, 80, 26, 3, 0.06%, 8, 0, 9, 413.96
1734233283, 18, 49, 80, 25, 3, 0.06%, 8, 0, 9, 359.95
1734233294, 18, 54, 80, 25, 3, 0.06%, 8, 0, 9, 396.86
1734233299, 18, 56, 80, 25, 3, 0.06%, 8, 0, 9, 354.64
1734233309, 18, 57, 80, 25, 3, 0.06%, 8, 0, 9, 355.10
1734233319, 18, 58, 80, 25, 3, 0.06%, 8, 0, 9, 361.31
1734233329, 18, 59, 80, 25, 3, 0.06%, 8, 0, 9, 391.43
1734233339, 18, 60, 80, 25, 3, 0.06%, 8, 0, 9, 352.55
1734233344, 18, 61, 80, 25, 3, 0.06%, 8, 0, 9, 343.79
1734233354, 18, 70, 80, 25, 3, 0.06%, 8, 0, 9, 333.44
1734233370, 18, 71, 80, 25, 3, 0.06%, 8, 0, 9, 424.80
1734233380, 18, 72, 80, 25, 3, 0.06%, 8, 0, 9, 352.72
1734233395, 18, 73, 80, 25, 3, 0.06%, 8, 0, 9, 384.52
1734233405, 18, 74, 80, 25, 3, 0.06%, 8, 0, 9, 363.90
1734233425, 18, 76, 80, 25, 3, 0.06%, 8, 0, 9, 405.59
1734233440, 18, 77, 80, 25, 3, 0.06%, 8, 0, 9, 360.83
1734233456, 19, 14, 80, 25, 3, 0.06%, 8, 0, 9, 342.12
1734233461, 19, 18, 80, 25, 3, 0.06%, 8, 0, 9, 309.68
1734233471, 19, 22, 80, 25, 3, 0.06%, 8, 0, 9, 323.77
1734233481, 19, 29, 80, 25, 3, 0.06%, 8, 0, 9, 307.92
1734233491, 19, 30, 80, 25, 3, 0.06%, 8, 0, 9, 378.24
1734233507, 19, 33, 80, 25, 3, 0.06%, 8, 0, 9, 381.88
1734233522, 19, 34, 80, 25, 3, 0.06%, 8, 0, 9, 323.82
1734233542, 19, 35, 80, 25, 3, 0.06%, 8, 0, 9, 357.24
1734233558, 19, 36, 80, 25, 3, 0.06%, 8, 0, 9, 348.68
1734233583, 19, 37, 80, 25, 3, 0.06%, 8, 0, 9, 305.39
1734233603, 19, 49, 80, 25, 3, 0.06%, 8, 0, 9, 343.37
1734233608, 19, 54, 80, 25, 3, 0.06%, 8, 0, 9, 357.11
1734233618, 19, 56, 80, 25, 3, 0.06%, 8, 0, 9, 368.40
1734233628, 19, 57, 80, 25, 3, 0.06%, 8, 0, 9, 358.92
1734233639, 19, 58, 80, 25, 3, 0.06%, 8, 0, 9, 390.77
1734233644, 19, 59, 80, 25, 3, 0.06%, 8, 0, 9, 354.67
1734233654, 19, 60, 80, 25, 3, 0.06%, 8, 0, 9, 394.98
1734233664, 19, 61, 80, 25, 3, 0.06%, 8, 0, 9, 378.86
1734233674, 19, 70, 80, 25, 3, 0.06%, 8, 0, 9, 417.07
1734233684, 19, 71, 80, 25, 3, 0.06%, 8, 0, 9, 331.81
1734233694, 19, 72, 80, 25, 3, 0.06%, 8, 0, 9, 368.95
1734233710, 19, 73, 80, 25, 3, 0.06%, 8, 0, 9, 330.44
1734233725, 19, 74, 80, 25, 3, 0.06%, 8, 0, 9, 297.14
1734233740, 19, 76, 80, 25, 3, 0.06%, 8, 0, 9, 338.96
1734233756, 19, 77, 80, 25, 3, 0.06%, 8, 0, 9, 373.82
1734233771, 20, 14, 80, 25, 3, 0.06%, 8, 0, 9, 332.67
1734233776, 20, 18, 80, 25, 3, 0.06%, 8, 0, 9, 337.27
1734233786, 20, 22, 80, 25, 3, 0.06%, 8, 0, 9, 329.09
1734233796, 20, 29, 80, 25, 3, 0.06%, 8, 0, 9, 289.23
1734233806, 20, 30, 80, 25, 3, 0.06%, 8, 0, 9, 392.29
1734233822, 20, 33, 80, 25, 3, 0.06%, 8, 0, 9, 374.39
1734233832, 20, 34, 80, 25, 3, 0.06%, 8, 0, 9, 359.77
1734233842, 20, 35, 80, 25, 3, 0.06%, 8, 0, 9, 374.45
1734233847, 20, 36, 80, 25, 3, 0.06%, 8, 0, 9, 367.17
1734233862, 20, 37, 80, 25, 3, 0.06%, 8, 0, 9, 326.35
1734233882, 20, 49, 80, 25, 3, 0.06%, 8, 0, 9, 359.30
1734233888, 20, 54, 80, 25, 3, 0.06%, 8, 0, 9, 359.24
1734233898, 20, 56, 80, 25, 3, 0.06%, 8, 0, 9, 394.59
1734233908, 20, 57, 80, 25, 3, 0.06%, 8, 0, 9, 360.86
1734233918, 20, 58, 80, 25, 3, 0.06%, 8, 0, 9, 367.91
1734233923, 20, 59, 80, 25, 3, 0.06%, 8, 0, 9, 391.44
1734233933, 20, 60, 80, 25, 3, 0.06%, 8, 0, 9, 389.91
1734233943, 20, 61, 80, 25, 3, 0.06%, 8, 0, 9, 387.67
1734233953, 20, 70, 80, 25, 3, 0.06%, 8, 0, 9, 422.01
1734233964, 20, 71, 80, 25, 3, 0.06%, 8, 0, 9, 363.98
1734233979, 20, 72, 80, 25, 3, 0.06%, 8, 0, 9, 355.53
1734233989, 20, 73, 80, 25, 3, 0.06%, 8, 0, 9, 391.18
1734234004, 20, 74, 80, 25, 3, 0.06%, 8, 0, 9, 351.47
1734234019, 20, 76, 80, 25, 3, 0.06%, 8, 0, 9, 365.13
1734234034, 20, 77, 80, 25, 3, 0.06%, 8, 0, 9, 329.29
1734234050, 21, 14, 80, 25, 3, 0.06%, 8, 0, 9, 328.31
1734234060, 21, 18, 80, 25, 3, 0.06%, 8, 0, 9, 359.19
1734234070, 21, 22, 80, 25, 3, 0.06%, 8, 0, 9, 318.02
1734234080, 21, 29, 80, 25, 3, 0.06%, 8, 0, 9, 358.33
1734234090, 21, 30, 80, 25, 3, 0.06%, 8, 0, 9, 324.02
1734234105, 21, 33, 80, 25, 3, 0.06%, 8, 0, 9, 353.08
1734234110, 21, 34, 80, 25, 3, 0.06%, 8, 0, 9, 328.87
1734234120, 21, 35, 80, 25, 3, 0.06%, 8, 0, 9, 368.99
1734234131, 21, 36, 80, 25, 3, 0.06%, 8, 0, 9, 304.20
1734234146, 21, 37, 80, 25, 3, 0.06%, 8, 0, 9, 319.69
1734234156, 21, 49, 80, 25, 3, 0.06%, 8, 0, 9, 318.34
1734234161, 21, 56, 80, 25, 3, 0.06%, 8, 0, 9, 361.82
1734234166, 21, 57, 80, 25, 3, 0.06%, 8, 0, 9, 381.16
1734234176, 21, 58, 80, 25, 3, 0.06%, 8, 0, 9, 356.09
1734234181, 21, 60, 80, 25, 3, 0.06%, 8, 0, 9, 364.18
1734234186, 21, 61, 80, 25, 3, 0.06%, 8, 0, 9, 365.70
1734234197, 21, 70, 80, 25, 3, 0.06%, 8, 0, 9, 334.07
1734234202, 21, 71, 80, 25, 3, 0.06%, 8, 0, 9, 392.93
1734234207, 21, 72, 80, 25, 3, 0.06%, 8, 0, 9, 340.12
1734234217, 21, 73, 80, 25, 3, 0.06%, 8, 0, 9, 368.45
1734234222, 21, 74, 80, 25, 3, 0.06%, 8, 0, 9, 376.34
1734234232, 21, 76, 80, 25, 3, 0.06%, 8, 0, 9, 367.92
1734234242, 21, 77, 80, 25, 3, 0.06%, 8, 0, 9, 331.19
1734234252, 22, 14, 80, 25, 3, 0.06%, 8, 0, 9, 343.29
1734234257, 22, 18, 80, 25, 3, 0.06%, 8, 0, 9, 360.49
1734234262, 22, 22, 80, 25, 3, 0.06%, 8, 0, 9, 315.59
1734234267, 22, 29, 80, 25, 3, 0.06%, 8, 0, 9, 297.63
1734234272, 22, 30, 80, 25, 3, 0.06%, 8, 0, 9, 387.75
1734234288, 22, 33, 80, 25, 3, 0.06%, 8, 0, 9, 329.38
1734234293, 22, 34, 80, 25, 3, 0.06%, 8, 0, 9, 351.52
1734234303, 22, 35, 80, 25, 3, 0.06%, 8, 0, 9, 366.72
1734234313, 22, 36, 80, 25, 3, 0.06%, 8, 0, 9, 297.19
1734234329, 22, 37, 80, 25, 3, 0.06%, 8, 0, 9, 312.19
1734234334, 22, 49, 80, 25, 3, 0.06%, 8, 0, 9, 309.37
1734234339, 22, 54, 80, 25, 3, 0.06%, 8, 0, 9, 359.67
1734234344, 22, 56, 80, 25, 3, 0.06%, 8, 0, 9, 334.72
1734234349, 22, 57, 80, 25, 3, 0.06%, 8, 0, 9, 346.45
1734234354, 22, 58, 80, 25, 3, 0.06%, 8, 0, 9, 337.63
1734234359, 22, 59, 80, 25, 3, 0.06%, 8, 0, 9, 351.76
1734234364, 22, 60, 80, 25, 3, 0.06%, 8, 0, 9, 331.43
1734234369, 22, 61, 80, 25, 3, 0.06%, 8, 0, 9, 348.66
1734234379, 22, 70, 80, 25, 3, 0.06%, 8, 0, 9, 352.69
1734234384, 22, 71, 80, 25, 3, 0.06%, 8, 0, 9, 368.68
1734234389, 22, 72, 80, 25, 3, 0.06%, 8, 0, 9, 363.75
1734234400, 22, 73, 80, 25, 3, 0.06%, 8, 0, 9, 361.52
1734234405, 22, 74, 80, 25, 3, 0.06%, 8, 0, 9, 399.63
1734234415, 22, 76, 80, 25, 3, 0.06%, 8, 0, 9, 375.26
1734234425, 22, 77, 80, 25, 3, 0.06%, 8, 0, 9, 316.62
1734234435, 23, 14, 80, 25, 3, 0.06%, 8, 0, 9, 358.27
1734234440, 23, 18, 80, 25, 3, 0.06%, 8, 0, 9, 342.71
1734234446, 23, 22, 80, 25, 3, 0.06%, 8, 0, 9, 299.13
1734234451, 23, 29, 80, 25, 3, 0.06%, 8, 0, 9, 356.94
1734234456, 23, 30, 80, 25, 3, 0.06%, 8, 0, 9, 405.45
1734234466, 23, 33, 80, 25, 3, 0.06%, 8, 0, 9, 374.19
1734234471, 23, 34, 80, 25, 3, 0.06%, 8, 0, 9, 351.58
1734234476, 23, 35, 80, 25, 3, 0.06%, 8, 0, 9, 361.37
1734234481, 23, 36, 80, 25, 3, 0.06%, 8, 0, 9, 312.36
1734234491, 23, 37, 80, 25, 3, 0.06%, 8, 0, 9, 318.40
1734234502, 23, 49, 80, 25, 3, 0.06%, 8, 0, 9, 354.32
1734234507, 23, 56, 80, 25, 3, 0.06%, 8, 0, 9, 348.63
1734234512, 23, 57, 80, 25, 3, 0.06%, 8, 0, 9, 346.64
1734234517, 23, 58, 80, 25, 3, 0.06%, 8, 0, 9, 369.63
1734234527, 23, 60, 80, 25, 3, 0.06%, 8, 0, 9, 352.71
1734234532, 23, 61, 80, 25, 3, 0.06%, 8, 0, 9, 352.26
1734234542, 23, 70, 80, 25, 3, 0.06%, 8, 0, 9, 371.65
1734234548, 23, 71, 80, 25, 3, 0.06%, 8, 0, 9, 364.42
1734234553, 23, 72, 80, 25, 3, 0.06%, 8, 0, 9, 372.08
1734234563, 23, 73, 80, 25, 3, 0.06%, 8, 0, 9, 317.11
1734234573, 23, 74, 80, 25, 3, 0.06%, 8, 0, 9, 363.14
1734234583, 23, 76, 80, 25, 3, 0.06%, 8, 0, 9, 386.26
1734234588, 23, 77, 80, 25, 3, 0.06%, 8, 0, 9, 368.67
1734234598, 24, 14, 80, 25, 3, 0.06%, 8, 0, 9, 348.96
1734234603, 24, 18, 80, 25, 3, 0.06%, 8, 0, 9, 353.12
1734234608, 24, 22, 80, 25, 3, 0.06%, 8, 0, 9, 339.26
1734234614, 24, 29, 80, 25, 3, 0.06%, 8, 0, 9, 312.03
1734234619, 24, 30, 80, 25, 3, 0.06%, 8, 0, 9, 421.56
1734234629, 24, 33, 80, 25, 3, 0.06%, 8, 0, 9, 388.07
1734234634, 24, 34, 80, 25, 3, 0.06%, 8, 0, 9, 361.18
1734234639, 24, 35, 80, 25, 3, 0.06%, 8, 0, 9, 353.85
1734234644, 24, 36, 80, 25, 3, 0.06%, 8, 0, 9, 274.07
1734234655, 24, 37, 80, 25, 3, 0.06%, 8, 0, 9, 320.74
1734234660, 24, 54, 80, 25, 3, 0.06%, 8, 0, 9, 371.67
1734234665, 24, 56, 80, 25, 3, 0.06%, 8, 0, 9, 368.82
1734234670, 24, 57, 80, 25, 3, 0.06%, 8, 0, 9, 344.57
1734234675, 24, 58, 80, 25, 3, 0.06%, 8, 0, 9, 343.57
1734234680, 24, 59, 80, 25, 3, 0.06%, 8, 0, 9, 362.01
1734234685, 24, 60, 80, 25, 3, 0.06%, 8, 0, 9, 364.25
1734234690, 24, 61, 80, 25, 3, 0.06%, 8, 0, 9, 333.38
1734234695, 24, 70, 80, 25, 3, 0.06%, 8, 0, 9, 371.24
1734234705, 24, 71, 80, 25, 3, 0.06%, 8, 0, 9, 389.08
1734234710, 24, 72, 80, 25, 3, 0.06%, 8, 0, 9, 334.47
1734234720, 24, 73, 80, 25, 3, 0.06%, 8, 0, 9, 357.44
1734234730, 24, 74, 80, 25, 3, 0.06%, 8, 0, 9, 376.06
1734234735, 24, 76, 80, 25, 3, 0.06%, 8, 0, 9, 366.76
1734234746, 24, 77, 80, 25, 3, 0.06%, 8, 0, 9, 337.44
1734234756, 25, 14, 80, 25, 3, 0.06%, 8, 0, 9, 350.79
1734234761, 25, 18, 80, 25, 3, 0.06%, 8, 0, 9, 342.81
1734234766, 25, 22, 80, 25, 3, 0.06%, 8, 0, 9, 325.30
1734234771, 25, 29, 80, 25, 3, 0.06%, 8, 0, 9, 338.96
1734234776, 25, 30, 80, 25, 3, 0.06%, 8, 0, 9, 398.65
1734234786, 25, 33, 80, 25, 3, 0.06%, 8, 0, 9, 334.18
1734234791, 25, 34, 80, 25, 3, 0.06%, 8, 0, 9, 341.79
1734234796, 25, 35, 80, 25, 3, 0.06%, 8, 0, 9, 342.97
1734234801, 25, 36, 80, 25, 3, 0.06%, 8, 0, 9, 374.10
1734234812, 25, 37, 80, 25, 3, 0.06%, 8, 0, 9, 335.51
1734234817, 25, 49, 80, 25, 3, 0.06%, 8, 0, 9, 353.32
1734234822, 25, 54, 80, 25, 3, 0.06%, 8, 0, 9, 375.73
1734234827, 25, 56, 80, 25, 3, 0.06%, 8, 0, 9, 361.63
1734234832, 25, 57, 80, 25, 3, 0.06%, 8, 0, 9, 353.20
1734234837, 25, 58, 80, 25, 3, 0.06%, 8, 0, 9, 348.77
1734234842, 25, 59, 80, 25, 3, 0.06%, 8, 0, 9, 393.48
1734234847, 25, 60, 80, 25, 3, 0.06%, 8, 0, 9, 363.18
1734234852, 25, 61, 80, 25, 3, 0.06%, 8, 0, 9, 362.01
1734234857, 25, 70, 80, 25, 3, 0.06%, 8, 0, 9, 341.78
1734234867, 25, 71, 80, 25, 3, 0.06%, 8, 0, 9, 371.67
1734234872, 25, 72, 80, 25, 3, 0.06%, 8, 0, 9, 400.03
1734234878, 25, 73, 80, 25, 3, 0.06%, 8, 0, 9, 356.25
1734234888, 25, 74, 80, 25, 3, 0.06%, 8, 0, 9, 318.15
1734234898, 25, 76, 80, 25, 3, 0.06%, 8, 0, 9, 373.72
1734234908, 25, 77, 80, 25, 3, 0.06%, 8, 0, 9, 376.39
1734234913, 26, 14, 80, 25, 3, 0.06%, 8, 0, 9, 373.56
1734234918, 26, 18, 80, 25, 3, 0.06%, 8, 0, 9, 357.48
1734234923, 26, 22, 80, 25, 3, 0.06%, 8, 0, 9, 330.27
1734234928, 26, 29, 80, 25, 3, 0.06%, 8, 0, 9, 299.77
1734234939, 26, 30, 80, 25, 3, 0.06%, 8, 0, 9, 271.66
1734234949, 26, 33, 80, 25, 3, 0.06%, 8, 0, 9, 326.33
1734234954, 26, 35, 80, 25, 3, 0.06%, 8, 0, 9, 334.18
1734234959, 26, 36, 80, 25, 3, 0.06%, 8, 0, 9, 356.99
1734234969, 26, 37, 80, 25, 3, 0.06%, 8, 0, 9, 327.37
1734234974, 26, 49, 80, 25, 3, 0.06%, 8, 0, 9, 327.02
1734234979, 26, 54, 80, 25, 3, 0.06%, 8, 0, 9, 386.67
1734234984, 26, 56, 80, 25, 3, 0.06%, 8, 0, 9, 382.68
1734234990, 26, 57, 80, 25, 3, 0.06%, 8, 0, 9, 363.95
1734234995, 26, 58, 80, 25, 3, 0.06%, 8, 0, 9, 370.28
1734235000, 26, 59, 80, 25, 3, 0.06%, 8, 0, 9, 384.67
1734235005, 26, 60, 80, 25, 3, 0.06%, 8, 0, 9, 364.99
1734235010, 26, 61, 80, 25, 3, 0.06%, 8, 0, 9, 354.66
1734235015, 26, 70, 80, 25, 3, 0.06%, 8, 0, 9, 357.30
1734235025, 26, 71, 80, 25, 3, 0.06%, 8, 0, 9, 389.38
1734235030, 26, 72, 80, 25, 3, 0.06%, 8, 0, 9, 387.31
1734235035, 26, 73, 80, 25, 3, 0.06%, 8, 0, 9, 377.80
1734235045, 26, 74, 80, 25, 3, 0.06%, 8, 0, 9, 325.32
1734235055, 26, 76, 80, 25, 3, 0.06%, 8, 0, 9, 317.07
1734235066, 26, 77, 80, 25, 3, 0.06%, 8, 0, 9, 350.16
1734235076, 27, 18, 80, 25, 3, 0.06%, 8, 0, 9, 349.57
1734235081, 27, 22, 80, 25, 3, 0.06%, 8, 0, 9, 334.10
1734235086, 27, 29, 80, 25, 3, 0.06%, 8, 0, 9, 366.30
1734235096, 27, 30, 80, 25, 3, 0.06%, 8, 0, 9, 317.02
1734235106, 27, 33, 80, 25, 3, 0.06%, 8, 0, 9, 355.69
1734235111, 27, 34, 80, 25, 3, 0.06%, 8, 0, 9, 327.47
1734235116, 27, 35, 80, 25, 3, 0.06%, 8, 0, 9, 325.13
1734235121, 27, 36, 80, 25, 3, 0.06%, 8, 0, 9, 264.48
1734235131, 27, 37, 80, 25, 3, 0.06%, 8, 0, 9, 311.60
1734235136, 27, 54, 80, 25, 3, 0.06%, 8, 0, 9, 346.75
1734235141, 27, 56, 80, 25, 3, 0.06%, 8, 0, 9, 368.32
1734235146, 27, 57, 80, 25, 3, 0.06%, 8, 0, 9, 363.58
1734235152, 27, 58, 80, 25, 3, 0.06%, 8, 0, 9, 329.58
1734235157, 27, 59, 80, 25, 3, 0.06%, 8, 0, 9, 366.86
1734235162, 27, 60, 80, 25, 3, 0.06%, 8, 0, 9, 366.38
1734235167, 27, 61, 80, 25, 3, 0.06%, 8, 0, 9, 307.85
1734235172, 27, 70, 80, 25, 3, 0.06%, 8, 0, 9, 350.14
1734235182, 27, 71, 80, 25, 3, 0.06%, 8, 0, 9, 406.95
1734235187, 27, 72, 80, 25, 3, 0.06%, 8, 0, 9, 315.77
1734235197, 27, 73, 80, 25, 3, 0.06%, 8, 0, 9, 358.83
1734235207, 27, 74, 80, 25, 3, 0.06%, 8, 0, 9, 380.03
1734235213, 27, 76, 80, 25, 3, 0.06%, 8, 0, 9, 375.26
1734235223, 27, 77, 80, 25, 3, 0.06%, 8, 0, 9, 351.45
1734235233, 28, 14, 80, 25, 3, 0.06%, 8, 0, 9, 354.74
1734235238, 28, 18, 80, 25, 3, 0.06%, 8, 0, 9, 363.08
1734235243, 28, 22, 80, 25, 3, 0.06%, 8, 0, 9, 319.87
1734235248, 28, 29, 80, 25, 3, 0.06%, 8, 0, 9, 289.51
1734235253, 28, 30, 80, 25, 3, 0.06%, 8, 0, 9, 322.85
1734235269, 28, 34, 80, 25, 3, 0.06%, 8, 0, 9, 327.38
1734235274, 28, 35, 80, 25, 3, 0.06%, 8, 0, 9, 343.76
1734235279, 28, 36, 80, 25, 3, 0.06%, 8, 0, 9, 396.45
1734235289, 28, 37, 80, 25, 3, 0.06%, 8, 0, 9, 325.27
1734235294, 28, 49, 80, 25, 3, 0.06%, 8, 0, 9, 347.65
1734235299, 28, 54, 80, 25, 3, 0.06%, 8, 0, 9, 369.78
1734235304, 28, 56, 80, 25, 3, 0.06%, 8, 0, 9, 373.63
1734235310, 28, 57, 80, 25, 3, 0.06%, 8, 0, 9, 354.67
1734235315, 28, 58, 80, 25, 3, 0.06%, 8, 0, 9, 373.72
1734235320, 28, 59, 80, 25, 3, 0.06%, 8, 0, 9, 367.35
1734235325, 28, 60, 80, 25, 3, 0.06%, 8, 0, 9, 355.04
1734235330, 28, 61, 80, 25, 3, 0.06%, 8, 0, 9, 387.53
1734235335, 28, 70, 80, 25, 3, 0.06%, 8, 0, 9, 370.80
1734235340, 28, 71, 80, 25, 3, 0.06%, 8, 0, 9, 376.32
1734235350, 28, 72, 80, 25, 3, 0.06%, 8, 0, 9, 381.57
1734235355, 28, 73, 80, 25, 3, 0.06%, 8, 0, 9, 365.83
1734235365, 28, 74, 80, 25, 3, 0.06%, 8, 0, 9, 308.67
1734235375, 28, 76, 80, 25, 3, 0.06%, 8, 0, 9, 363.51
1734235381, 28, 77, 80, 25, 3, 0.06%, 8, 0, 9, 389.81
1734235391, 29, 14, 80, 25, 3, 0.06%, 8, 0, 9, 354.75
1734235396, 29, 18, 80, 25, 3, 0.06%, 8, 0, 9, 339.15
1734235401, 29, 22, 80, 25, 3, 0.06%, 8, 0, 9, 311.20
1734235406, 29, 29, 80, 25, 3, 0.06%, 8, 0, 9, 338.02
1734235416, 29, 30, 80, 25, 3, 0.06%, 8, 0, 9, 298.64
1734235427, 29, 33, 80, 25, 3, 0.06%, 8, 0, 9, 337.67
1734235432, 29, 35, 80, 25, 3, 0.06%, 8, 0, 9, 337.03
1734235437, 29, 36, 80, 25, 3, 0.06%, 8, 0, 9, 340.74
1734235447, 29, 37, 80, 25, 3, 0.06%, 8, 0, 9, 346.18
1734235452, 29, 49, 80, 25, 3, 0.06%, 8, 0, 9, 321.06
1734235457, 29, 54, 80, 25, 3, 0.06%, 8, 0, 9, 369.44
1734235462, 29, 56, 80, 25, 3, 0.06%, 8, 0, 9, 354.86
1734235467, 29, 57, 80, 25, 3, 0.06%, 8, 0, 9, 355.81
1734235472, 29, 58, 80, 25, 3, 0.06%, 8, 0, 9, 324.56
1734235477, 29, 59, 80, 25, 3, 0.06%, 8, 0, 9, 377.44
1734235482, 29, 60, 80, 25, 3, 0.06%, 8, 0, 9, 392.18
1734235487, 29, 61, 80, 25, 3, 0.06%, 8, 0, 9, 363.27
1734235492, 29, 70, 80, 25, 3, 0.06%, 8, 0, 9, 350.68
1734235503, 29, 71, 80, 25, 3, 0.06%, 8, 0, 9, 370.46
1734235508, 29, 72, 80, 25, 3, 0.06%, 8, 0, 9, 359.34
1734235518, 29, 73, 80, 25, 3, 0.06%, 8, 0, 9, 359.98
1734235523, 29, 74, 80, 25, 3, 0.06%, 8, 0, 9, 398.50
1734235533, 29, 76, 80, 25, 3, 0.06%, 8, 0, 9, 346.16
1734235543, 29, 77, 80, 25, 3, 0.06%, 8, 0, 9, 311.91
1734235553, 30, 14, 80, 25, 3, 0.06%, 8, 0, 9, 353.63
1734235558, 30, 18, 80, 25, 3, 0.06%, 8, 0, 9, 354.23
1734235564, 30, 22, 80, 25, 3, 0.06%, 8, 0, 9, 332.53
1734235569, 30, 29, 80, 25, 3, 0.06%, 8, 0, 9, 370.15
1734235574, 30, 30, 80, 25, 3, 0.06%, 8, 0, 9, 384.02
1734235584, 30, 33, 80, 25, 3, 0.06%, 8, 0, 9, 347.92
1734235589, 30, 34, 80, 25, 3, 0.06%, 8, 0, 9, 359.34
1734235594, 30, 35, 80, 25, 3, 0.06%, 8, 0, 9, 356.35
1734235599, 30, 36, 80, 25, 3, 0.06%, 8, 0, 9, 311.95
1734235609, 30, 37, 80, 25, 3, 0.06%, 8, 0, 9, 317.59
1734235614, 30, 49, 80, 25, 3, 0.06%, 8, 0, 9, 343.80
1734235620, 30, 56, 80, 25, 3, 0.06%, 8, 0, 9, 374.56
1734235625, 30, 57, 80, 25, 3, 0.06%, 8, 0, 9, 386.91
1734235635, 30, 58, 80, 25, 3, 0.06%, 8, 0, 9, 365.87
1734235640, 30, 60, 80, 25, 3, 0.06%, 8, 0, 9, 388.97
1734235645, 30, 61, 80, 25, 3, 0.06%, 8, 0, 9, 373.62
1734235655, 30, 70, 80, 25, 3, 0.06%, 8, 0, 9, 358.33
1734235660, 30, 71, 80, 25, 3, 0.06%, 8, 0, 9, 379.13
1734235665, 30, 72, 80, 25, 3, 0.06%, 8, 0, 9, 358.26
1734235676, 30, 73, 80, 25, 3, 0.06%, 8, 0, 9, 352.66
1734235686, 30, 74, 80, 25, 3, 0.06%, 8, 0, 9, 371.80
1734235691, 30, 76, 80, 25, 3, 0.06%, 8, 0, 9, 384.21
1734235701, 30, 77, 80, 25, 3, 0.06%, 8, 0, 9, 351.39
1734235711, 31, 14, 80, 25, 3, 0.06%, 8, 0, 9, 357.97
1734235716, 31, 18, 80, 25, 3, 0.06%, 8, 0, 9, 359.71
1734235721, 31, 22, 80, 25, 3, 0.06%, 8, 0, 9, 335.37
1734235727, 31, 29, 80, 25, 3, 0.06%, 8, 0, 9, 366.12
1734235732, 31, 30, 80, 25, 3, 0.06%, 8, 0, 9, 409.16
1734235742, 31, 33, 80, 25, 3, 0.06%, 8, 0, 9, 361.75
1734235747, 31, 34, 80, 25, 3, 0.06%, 8, 0, 9, 339.55
1734235752, 31, 35, 80, 25, 3, 0.06%, 8, 0, 9, 346.39
1734235757, 31, 36, 80, 25, 3, 0.06%, 8, 0, 9, 333.74
1734235767, 31, 37, 80, 25, 3, 0.06%, 8, 0, 9, 330.81
1734235772, 31, 49, 80, 25, 3, 0.06%, 8, 0, 9, 337.64
1734235777, 31, 54, 80, 25, 3, 0.06%, 8, 0, 9, 365.94
1734235782, 31, 56, 80, 25, 3, 0.06%, 8, 0, 9, 367.42
1734235787, 31, 57, 80, 25, 3, 0.06%, 8, 0, 9, 343.14
1734235792, 31, 58, 80, 25, 3, 0.06%, 8, 0, 9, 374.41
1734235797, 31, 59, 80, 25, 3, 0.06%, 8, 0, 9, 382.62
1734235803, 31, 60, 80, 25, 3, 0.06%, 8, 0, 9, 367.76
1734235808, 31, 61, 80, 25, 3, 0.06%, 8, 0, 9, 376.35
1734235813, 31, 70, 80, 25, 3, 0.06%, 8, 0, 9, 374.27
1734235818, 31, 71, 80, 25, 3, 0.06%, 8, 0, 9, 364.85
1734235828, 31, 72, 80, 25, 3, 0.06%, 8, 0, 9, 389.09
1734235833, 31, 73, 80, 25, 3, 0.06%, 8, 0, 9, 375.80
1734235843, 31, 74, 80, 25, 3, 0.06%, 8, 0, 9, 326.22
1734235853, 31, 76, 80, 25, 3, 0.06%, 8, 0, 9, 349.34
1734235864, 31, 77, 80, 25, 3, 0.06%, 8, 0, 9, 332.13
1734235874, 32, 18, 80, 25, 3, 0.06%, 8, 0, 9, 353.43
1734235879, 32, 22, 80, 25, 3, 0.06%, 8, 0, 9, 343.12
1734235884, 32, 29, 80, 25, 3, 0.06%, 8, 0, 9, 354.32
1734235894, 32, 30, 80, 25, 3, 0.06%, 8, 0, 9, 294.47
1734235904, 32, 33, 80, 25, 3, 0.06%, 8, 0, 9, 352.41
1734235909, 32, 34, 80, 25, 3, 0.06%, 8, 0, 9, 325.03
1734235914, 32, 36, 80, 25, 3, 0.06%, 8, 0, 9, 368.34
1734235924, 32, 37, 80, 25, 3, 0.06%, 8, 0, 9, 349.94
1734235930, 32, 49, 80, 25, 3, 0.06%, 8, 0, 9, 321.98
1734235935, 32, 54, 80, 25, 3, 0.06%, 8, 0, 9, 345.78
1734235940, 32, 56, 80, 25, 3, 0.06%, 8, 0, 9, 337.30
1734235945, 32, 57, 80, 25, 3, 0.06%, 8, 0, 9, 353.85
1734235950, 32, 58, 80, 25, 3, 0.06%, 8, 0, 9, 336.74
1734235955, 32, 59, 80, 25, 3, 0.06%, 8, 0, 9, 359.49
1734235960, 32, 60, 80, 25, 3, 0.06%, 8, 0, 9, 367.78
1734235965, 32, 61, 80, 25, 3, 0.06%, 8, 0, 9, 317.91
1734235975, 32, 70, 80, 25, 3, 0.06%, 8, 0, 9, 361.66
1734235980, 32, 71, 80, 25, 3, 0.06%, 8, 0, 9, 394.06
1734235985, 32, 72, 80, 25, 3, 0.06%, 8, 0, 9, 376.54
1734235995, 32, 73, 80, 25, 3, 0.06%, 8, 0, 9, 380.92
1734236000, 32, 74, 80, 25, 3, 0.06%, 8, 0, 9, 396.40
1734236011, 32, 76, 80, 25, 3, 0.06%, 8, 0, 9, 339.98
1734236021, 32, 77, 80, 25, 3, 0.06%, 8, 0, 9, 285.00
1734236031, 33, 14, 80, 25, 3, 0.06%, 8, 0, 9, 334.71
1734236036, 33, 18, 80, 25, 3, 0.06%, 8, 0, 9, 336.38
1734236041, 33, 29, 80, 25, 3, 0.06%, 8, 0, 9, 376.37
1734236051, 33, 30, 80, 25, 3, 0.06%, 8, 0, 9, 329.84
1734236061, 33, 33, 80, 25, 3, 0.06%, 8, 0, 9, 355.14
1734236066, 33, 34, 80, 25, 3, 0.06%, 8, 0, 9, 354.88
1734236071, 33, 54, 80, 25, 3, 0.06%, 8, 0, 9, 367.33
1734236077, 33, 56, 80, 25, 3, 0.06%, 8, 0, 9, 333.01
1734236082, 33, 57, 80, 25, 3, 0.06%, 8, 0, 9, 346.45
1734236087, 33, 58, 80, 25, 3, 0.06%, 8, 0, 9, 367.07
1734236097, 33, 60, 80, 25, 3, 0.06%, 8, 0, 9, 345.95
1734236102, 33, 70, 80, 25, 3, 0.06%, 8, 0, 9, 350.42
1734236112, 33, 71, 80, 25, 3, 0.06%, 8, 0, 9, 373.02
1734236117, 33, 72, 80, 25, 3, 0.06%, 8, 0, 9, 357.73
1734236127, 33, 73, 80, 25, 3, 0.06%, 8, 0, 9, 367.93
1734236132, 34, 14, 80, 25, 3, 0.06%, 8, 0, 9, 339.77
1734236137, 34, 18, 80, 25, 3, 0.06%, 8, 0, 9, 349.99
1734236142, 34, 29, 80, 25, 3, 0.06%, 8, 0, 9, 360.13
1734236153, 34, 30, 80, 25, 3, 0.06%, 8, 0, 9, 312.00
1734236163, 34, 49, 80, 25, 3, 0.06%, 8, 0, 9, 343.33
1734236168, 34, 54, 80, 25, 3, 0.06%, 8, 0, 9, 380.92
1734236173, 34, 56, 80, 25, 3, 0.06%, 8, 0, 9, 368.68
1734236178, 34, 57, 80, 25, 3, 0.06%, 8, 0, 9, 359.72
1734236183, 34, 58, 80, 25, 3, 0.06%, 8, 0, 9, 364.03
1734236188, 34, 59, 80, 25, 3, 0.06%, 8, 0, 9, 349.41
1734236193, 34, 60, 80, 25, 3, 0.06%, 8, 0, 9, 352.67
1734236198, 34, 70, 80, 25, 3, 0.06%, 8, 0, 9, 368.72
1734236203, 34, 71, 80, 25, 3, 0.06%, 8, 0, 9, 391.37
1734236208, 34, 72, 80, 25, 3, 0.06%, 8, 0, 9, 350.92
1734236219, 34, 73, 80, 25, 3, 0.06%, 8, 0, 9, 368.68
1734236224, 35, 14, 80, 25, 3, 0.06%, 8, 0, 9, 366.53
1734236229, 35, 18, 80, 25, 3, 0.06%, 8, 0, 9, 316.07
1734236234, 35, 29, 80, 25, 3, 0.06%, 8, 0, 9, 376.56
1734236244, 35, 30, 80, 25, 3, 0.06%, 8, 0, 9, 317.58
1734236254, 35, 49, 80, 25, 3, 0.06%, 8, 0, 9, 360.19
1734236260, 35, 54, 80, 25, 3, 0.06%, 8, 0, 9, 342.65
1734236265, 35, 56, 80, 25, 3, 0.06%, 8, 0, 9, 348.08
1734236270, 35, 57, 80, 25, 3, 0.06%, 8, 0, 9, 348.27
1734236275, 35, 58, 80, 25, 3, 0.06%, 8, 0, 9, 367.72
1734236280, 35, 59, 80, 25, 3, 0.06%, 8, 0, 9, 364.18
1734236285, 35, 60, 80, 25, 3, 0.06%, 8, 0, 9, 350.45
1734236290, 35, 70, 80, 25, 3, 0.06%, 8, 0, 9, 400.55
1734236295, 35, 71, 80, 25, 3, 0.06%, 8, 0, 9, 397.18
1734236300, 35, 72, 80, 25, 3, 0.06%, 8, 0, 9, 360.99
1734236310, 35, 73, 80, 25, 3, 0.06%, 8, 0, 9, 372.52
1734236315, 36, 14, 80, 25, 3, 0.06%, 8, 0, 9, 374.36
1734236320, 36, 18, 80, 25, 3, 0.06%, 8, 0, 9, 356.05
1734236325, 36, 29, 80, 25, 3, 0.06%, 8, 0, 9, 321.91
1734236336, 36, 30, 80, 25, 3, 0.06%, 8, 0, 9, 283.87
1734236346, 36, 49, 80, 25, 3, 0.06%, 8, 0, 9, 348.00
1734236351, 36, 54, 80, 25, 3, 0.06%, 8, 0, 9, 357.37
1734236356, 36, 56, 80, 25, 3, 0.06%, 8, 0, 9, 356.67
1734236361, 36, 57, 80, 25, 3, 0.06%, 8, 0, 9, 320.89
1734236366, 36, 58, 80, 25, 3, 0.06%, 8, 0, 9, 376.51
1734236371, 36, 59, 80, 25, 3, 0.06%, 8, 0, 9, 355.78
1734236376, 36, 60, 80, 25, 3, 0.06%, 8, 0, 9, 345.51
1734236381, 36, 70, 80, 25, 3, 0.06%, 8, 0, 9, 366.05
1734236386, 36, 71, 80, 25, 3, 0.06%, 8, 0, 9, 382.99
1734236391, 36, 72, 80, 25, 3, 0.06%, 8, 0, 9, 367.29
1734236401, 36, 73, 80, 25, 3, 0.06%, 8, 0, 9, 358.90
1734236407, 37, 14, 80, 25, 3, 0.06%, 8, 0, 9, 373.62
1734236412, 37, 18, 80, 25, 3, 0.06%, 8, 0, 9, 335.27
1734236417, 37, 29, 80, 25, 3, 0.06%, 8, 0, 9, 358.87
1734236427, 37, 30, 80, 25, 3, 0.06%, 8, 0, 9, 305.23
1734236437, 37, 49, 80, 25, 3, 0.06%, 8, 0, 9, 379.09
1734236442, 37, 54, 80, 25, 3, 0.06%, 8, 0, 9, 346.94
1734236447, 37, 56, 80, 25, 3, 0.06%, 8, 0, 9, 344.94
1734236452, 37, 57, 80, 25, 3, 0.06%, 8, 0, 9, 345.27
1734236458, 37, 58, 80, 25, 3, 0.06%, 8, 0, 9, 365.08
1734236463, 37, 59, 80, 25, 3, 0.06%, 8, 0, 9, 356.51
1734236468, 37, 60, 80, 25, 3, 0.06%, 8, 0, 9, 356.80
1734236473, 37, 70, 80, 25, 3, 0.06%, 8, 0, 9, 372.44
1734236478, 37, 71, 80, 25, 3, 0.06%, 8, 0, 9, 401.61
1734236483, 37, 72, 80, 25, 3, 0.06%, 8, 0, 9, 332.85
1734236493, 37, 73, 80, 25, 3, 0.06%, 8, 0, 9, 383.11
1734236498, 38, 14, 80, 25, 3, 0.06%, 8, 0, 9, 346.06
1734236503, 38, 18, 80, 25, 3, 0.06%, 8, 0, 9, 353.75
1734236508, 38, 29, 80, 25, 3, 0.06%, 8, 0, 9, 352.98
1734236519, 38, 30, 80, 25, 3, 0.06%, 8, 0, 9, 301.54
1734236529, 38, 49, 80, 25, 3, 0.06%, 8, 0, 9, 356.96
1734236534, 38, 56, 80, 25, 3, 0.06%, 8, 0, 9, 368.21
1734236539, 38, 57, 80, 25, 3, 0.06%, 8, 0, 9, 360.69
1734236549, 38, 58, 80, 25, 3, 0.06%, 8, 0, 9, 370.33
1734236554, 38, 60, 80, 25, 3, 0.06%, 8, 0, 9, 354.57
1734236559, 38, 70, 80, 25, 3, 0.06%, 8, 0, 9, 351.50
1734236569, 38, 71, 80, 25, 3, 0.06%, 8, 0, 9, 379.56
1734236574, 38, 72, 80, 25, 3, 0.06%, 8, 0, 9, 378.07
1734236585, 38, 73, 80, 25, 3, 0.06%, 8, 0, 9, 380.31
1734236590, 39, 14, 80, 25, 3, 0.06%, 8, 0, 9, 371.61
1734236595, 39, 18, 80, 25, 3, 0.06%, 8, 0, 9, 366.53
1734236600, 39, 29, 80, 25, 3, 0.06%, 8, 0, 9, 325.67
1734236610, 39, 30, 80, 25, 3, 0.06%, 8, 0, 9, 277.29
1734236620, 39, 49, 80, 25, 3, 0.06%, 8, 0, 9, 367.11
1734236625, 39, 56, 80, 25, 3, 0.06%, 8, 0, 9, 369.04
1734236630, 39, 57, 80, 25, 3, 0.06%, 8, 0, 9, 355.85
1734236640, 39, 58, 80, 25, 3, 0.06%, 8, 0, 9, 372.38
1734236645, 39, 59, 80, 25, 3, 0.06%, 8, 0, 9, 342.83
1734236650, 39, 70, 80, 25, 3, 0.06%, 8, 0, 9, 360.19
1734236661, 39, 71, 80, 25, 3, 0.06%, 8, 0, 9, 369.98
1734236666, 39, 72, 80, 25, 3, 0.06%, 8, 0, 9, 366.56
1734236676, 39, 73, 80, 25, 3, 0.06%, 8, 0, 9, 387.13
1734236681, 40, 14, 80, 25, 3, 0.06%, 8, 0, 9, 360.31
1734236686, 40, 18, 80, 25, 3, 0.06%, 8, 0, 9, 364.54
1734236691, 40, 29, 80, 25, 3, 0.06%, 8, 0, 9, 324.68
1734236701, 40, 30, 80, 25, 3, 0.06%, 8, 0, 9, 282.06
1734236711, 40, 49, 80, 25, 3, 0.06%, 8, 0, 9, 352.30
1734236716, 40, 56, 80, 25, 3, 0.06%, 8, 0, 9, 364.84
1734236721, 40, 57, 80, 25, 3, 0.06%, 8, 0, 9, 385.76
1734236731, 40, 58, 80, 25, 3, 0.06%, 8, 0, 9, 345.41
1734236737, 40, 59, 80, 25, 3, 0.06%, 8, 0, 9, 356.08
1734236742, 40, 70, 80, 25, 3, 0.06%, 8, 0, 9, 370.41
1734236752, 40, 71, 80, 25, 3, 0.06%, 8, 0, 9, 388.79
1734236757, 40, 72, 80, 25, 3, 0.06%, 8, 0, 9, 339.29
1734236767, 40, 73, 80, 25, 3, 0.06%, 8, 0, 9, 380.89
1734236772, 41, 14, 80, 25, 3, 0.06%, 8, 0, 9, 376.58
1734236777, 41, 18, 80, 25, 3, 0.06%, 8, 0, 9, 364.79
1734236782, 41, 29, 80, 25, 3, 0.06%, 8, 0, 9, 340.73
1734236793, 41, 30, 80, 25, 3, 0.06%, 8, 0, 9, 283.03
1734236803, 41, 49, 80, 25, 3, 0.06%, 8, 0, 9, 370.60
1734236808, 41, 54, 80, 25, 3, 0.06%, 8, 0, 9, 352.84
1734236813, 41, 56, 80, 25, 3, 0.06%, 8, 0, 9, 365.84
1734236818, 41, 57, 80, 25, 3, 0.06%, 8, 0, 9, 349.53
1734236823, 41, 58, 80, 25, 3, 0.06%, 8, 0, 9, 351.44
1734236828, 41, 59, 80, 25, 3, 0.06%, 8, 0, 9, 345.48
1734236833, 41, 60, 80, 25, 3, 0.06%, 8, 0, 9, 346.85
1734236838, 41, 70, 80, 25, 3, 0.06%, 8, 0, 9, 376.50
1734236843, 41, 71, 80, 25, 3, 0.06%, 8, 0, 9, 371.74
1734236853, 41, 72, 80, 25, 3, 0.06%, 8, 0, 9, 360.00
1734236859, 41, 73, 80, 25, 3, 0.06%, 8, 0, 9, 322.17
1734236869, 42, 14, 80, 25, 3, 0.06%, 8, 0, 9, 341.39
1734236874, 42, 18, 80, 25, 3, 0.06%, 8, 0, 9, 345.74
1734236879, 42, 29, 80, 25, 3, 0.06%, 8, 0, 9, 374.09
1734236884, 42, 30, 80, 25, 3, 0.06%, 8, 0, 9, 385.90
1734236894, 42, 49, 80, 25, 3, 0.06%, 8, 0, 9, 377.69
1734236899, 42, 54, 80, 25, 3, 0.06%, 8, 0, 9, 362.18
1734236904, 42, 56, 80, 25, 3, 0.06%, 8, 0, 9, 366.53
1734236909, 42, 57, 80, 25, 3, 0.06%, 8, 0, 9, 349.62
1734236914, 42, 58, 80, 25, 3, 0.06%, 8, 0, 9, 359.37
1734236919, 42, 59, 80, 25, 3, 0.06%, 8, 0, 9, 366.74
1734236925, 42, 60, 80, 25, 3, 0.06%, 8, 0, 9, 362.62
1734236930, 42, 70, 80, 25, 3, 0.06%, 8, 0, 9, 387.50
1734236935, 42, 71, 80, 25, 3, 0.06%, 8, 0, 9, 369.78
1734236945, 42, 72, 80, 25, 3, 0.06%, 8, 0, 9, 356.04
1734236950, 42, 73, 80, 25, 3, 0.06%, 8, 0, 9, 324.03
1734236960, 43, 14, 80, 25, 3, 0.06%, 8, 0, 9, 312.43
1734236965, 43, 18, 80, 25, 3, 0.06%, 8, 0, 9, 364.53
1734236970, 43, 29, 80, 25, 3, 0.06%, 8, 0, 9, 367.71
1734236975, 43, 30, 80, 25, 3, 0.06%, 8, 0, 9, 414.56
1734236985, 43, 49, 80, 25, 3, 0.06%, 8, 0, 9, 360.10
1734236990, 43, 54, 80, 25, 3, 0.06%, 8, 0, 9, 374.94
1734236995, 43, 56, 80, 25, 3, 0.06%, 8, 0, 9, 376.50
1734237000, 43, 57, 80, 25, 3, 0.06%, 8, 0, 9, 368.30
1734237005, 43, 58, 80, 25, 3, 0.06%, 8, 0, 9, 362.15
1734237011, 43, 59, 80, 25, 3, 0.06%, 8, 0, 9, 381.24
1734237016, 43, 60, 80, 25, 3, 0.06%, 8, 0, 9, 365.86
1734237021, 43, 70, 80, 25, 3, 0.06%, 8, 0, 9, 392.00
1734237026, 43, 71, 80, 25, 3, 0.06%, 8, 0, 9, 341.73
1734237036, 43, 72, 80, 25, 3, 0.06%, 8, 0, 9, 361.35
1734237041, 43, 73, 80, 25, 3, 0.06%, 8, 0, 9, 386.38
1734237051, 44, 14, 80, 25, 3, 0.06%, 8, 0, 9, 357.38
1734237056, 44, 18, 80, 25, 3, 0.06%, 8, 0, 9, 361.79
1734237061, 44, 29, 80, 25, 3, 0.06%, 8, 0, 9, 308.83
1734237072, 44, 30, 80, 25, 3, 0.06%, 8, 0, 9, 271.68
1734237082, 44, 54, 80, 25, 3, 0.06%, 8, 0, 9, 353.77
1734237087, 44, 56, 80, 25, 3, 0.06%, 8, 0, 9, 328.52
1734237092, 44, 57, 80, 25, 3, 0.06%, 8, 0, 9, 335.80
1734237102, 44, 58, 80, 25, 3, 0.06%, 8, 0, 9, 470.56
1734237184, 44, 59, 80, 25, 3, 0.06%, 8, 0, 9, 414.70
1734237199, 44, 60, 80, 25, 3, 0.06%, 8, 0, 9, 397.09
1734237214, 44, 61, 80, 25, 3, 0.06%, 8, 0, 9, 315.39
1734237219, 44, 62, 80, 25, 3, 0.06%, 8, 0, 9, 394.89
1734237234, 44, 63, 80, 25, 3, 0.06%, 8, 0, 9, 354.89
1734237244, 44, 64, 80, 25, 3, 0.06%, 8, 0, 9, 312.67
1734237260, 44, 65, 80, 25, 3, 0.06%, 8, 0, 9, 406.95
1734237280, 44, 66, 80, 25, 3, 0.06%, 8, 0, 9, 273.00
1734237300, 44, 67, 80, 25, 3, 0.06%, 8, 0, 9, 432.92
1734237321, 44, 68, 80, 25, 3, 0.06%, 8, 0, 9, 394.47
1734237346, 44, 69, 80, 25, 3, 0.06%, 8, 0, 9, 439.60
1734237366, 44, 70, 80, 25, 3, 0.06%, 8, 0, 9, 328.04
1734237377, 44, 71, 80, 25, 3, 0.06%, 8, 0, 9, 375.35
1734237382, 44, 72, 80, 25, 3, 0.06%, 8, 0, 9, 351.97
1734237397, 44, 73, 80, 25, 3, 0.06%, 8, 0, 9, 435.04
1734237478, 44, 74, 80, 25, 3, 0.06%, 8, 0, 9, 308.47
1734237750, 44, 75, 80, 25, 3, 0.06%, 8, 0, 9, 366.63
1734237775, 44, 76, 80, 25, 3, 0.06%, 8, 0, 9, 331.10
1734237862, 44, 77, 80, 25, 3, 0.06%, 8, 0, 9, 286.54
1734238133, 44, 78, 80, 25, 3, 0.06%, 8, 0, 9, 371.89
1734238169, 44, 79, 80, 25, 3, 0.06%, 8, 0, 9, 303.71
1734238199, 45, 11, 80, 25, 3, 0.06%, 8, 0, 9, 317.10
1734238219, 45, 14, 80, 24, 2, 0.06%, 8, 0, 9, 338.12
1734238224, 45, 22, 80, 24, 2, 0.06%, 8, 0, 9, 357.91
1734238230, 45, 29, 80, 24, 2, 0.06%, 8, 0, 9, 362.30
1734238526, 45, 30, 80, 24, 2, 0.06%, 8, 0, 9, 304.47
1734239002, 45, 33, 80, 24, 2, 0.06%, 8, 0, 9, 330.71
1734239008, 45, 34, 80, 24, 2, 0.06%, 8, 0, 9, 336.10
1734239013, 45, 35, 80, 24, 2, 0.06%, 8, 0, 9, 356.42
1734239018, 45, 36, 80, 24, 2, 0.06%, 8, 0, 9, 289.08
1734239028, 45, 37, 80, 24, 2, 0.06%, 8, 0, 9, 324.28
1734239033, 45, 39, 80, 24, 2, 0.06%, 8, 0, 9, 474.38
1734239048, 45, 40, 80, 24, 2, 0.06%, 8, 0, 9, 465.93
1734239079, 45, 41, 80, 23, 1, 0.06%, 8, 0, 9, 304.06
1734239115, 45, 42, 80, 22, 0, 0.06%, 8, 0, 9, 436.83
1734239130, 45, 43, 80, 22, 0, 0.06%, 8, 0, 9, 270.23
1734239681, 45, 46, 80, 21, 0, 0.06%, 8, 0, 9, 433.66
1734239696, 45, 49, 80, 21, 0, 0.06%, 8, 0, 9, 308.39
1734239701, 45, 53, 80, 21, 0, 0.06%, 8, 0, 9, 347.25
1734239721, 45, 54, 80, 21, 0, 0.06%, 8, 0, 9, 365.72
1734239726, 45, 55, 80, 21, 0, 0.06%, 8, 0, 9, 368.99
1734239746, 45, 56, 80, 21, 0, 0.06%, 8, 0, 9, 352.11
1734239752, 45, 57, 80, 21, 0, 0.06%, 8, 0, 9, 344.59
1734239757, 45, 58, 80, 21, 0, 0.06%, 8, 0, 9, 371.65
1734239762, 45, 59, 80, 21, 0, 0.06%, 8, 0, 9, 376.04
1734239767, 45, 61, 80, 21, 0, 0.06%, 8, 0, 9, 377.86
1734239777, 45, 62, 80, 21, 0, 0.06%, 8, 0, 9, 368.47
1734239787, 45, 63, 80, 21, 0, 0.06%, 8, 0, 9, 314.57
1734239797, 45, 64, 80, 21, 0, 0.06%, 8, 0, 9, 377.89
1734239818, 45, 65, 80, 21, 0, 0.06%, 8, 0, 9, 313.38
1734239833, 45, 66, 80, 21, 0, 0.06%, 8, 0, 9, 398.96
1734239853, 45, 67, 80, 21, 0, 0.06%, 8, 0, 9, 402.66
1734239879, 45, 68, 80, 21, 0, 0.06%, 8, 0, 9, 419.98
1734239904, 45, 69, 80, 21, 0, 0.06%, 8, 0, 9, 417.69
1734239930, 45, 70, 80, 21, 0, 0.06%, 8, 0, 9, 372.34
1734239935, 45, 71, 80, 21, 0, 0.06%, 8, 0, 9, 349.01
1734239945, 45, 72, 80, 21, 0, 0.06%, 8, 0, 9, 352.68
1734239950, 45, 73, 80, 21, 0, 0.06%, 8, 0, 9, 340.99
1734239960, 45, 74, 80, 21, 0, 0.06%, 8, 0, 9, 301.69
1734239970, 45, 75, 80, 21, 0, 0.06%, 8, 0, 9, 388.42
1734239985, 45, 76, 80, 21, 0, 0.06%, 8, 0, 9, 382.29
1734239990, 45, 77, 80, 21, 0, 0.06%, 8, 0, 9, 359.30
1734240001, 45, 78, 80, 21, 0, 0.06%, 8, 0, 9, 395.04
1734240036, 45, 79, 80, 21, 0, 0.06%, 8, 0, 9, 322.80
1734240067, 46, 14, 80, 21, 0, 0.06%, 8, 0, 9, 357.26
1734240072, 46, 18, 80, 21, 0, 0.06%, 8, 0, 9, 349.35
1734240077, 46, 22, 80, 21, 0, 0.06%, 8, 0, 9, 312.35
1734240082, 46, 29, 80, 21, 0, 0.06%, 8, 0, 9, 369.21
1734240087, 46, 30, 80, 21, 0, 0.06%, 8, 0, 9, 375.39
1734240097, 46, 33, 80, 21, 0, 0.06%, 8, 0, 9, 357.73
1734240102, 46, 34, 80, 21, 0, 0.06%, 8, 0, 9, 349.85
1734240107, 46, 35, 80, 21, 0, 0.06%, 8, 0, 9, 359.96
1734240112, 46, 36, 80, 21, 0, 0.06%, 8, 0, 9, 285.92
1734240123, 46, 37, 80, 21, 0, 0.06%, 8, 0, 9, 317.05
1734240128, 46, 42, 80, 21, 0, 0.06%, 8, 0, 9, 382.25
1734240133, 46, 46, 80, 21, 0, 0.06%, 8, 0, 9, 390.25
1734240148, 46, 49, 80, 21, 0, 0.06%, 8, 0, 9, 308.91
1734240153, 46, 53, 80, 21, 0, 0.06%, 8, 0, 9, 371.09
1734240163, 46, 54, 80, 21, 0, 0.06%, 8, 0, 9, 393.77
1734240168, 46, 55, 80, 21, 0, 0.06%, 8, 0, 9, 377.38
1734240179, 46, 56, 80, 21, 0, 0.06%, 8, 0, 9, 366.27
1734240184, 46, 57, 80, 21, 0, 0.06%, 8, 0, 9, 379.29
1734240194, 46, 58, 80, 21, 0, 0.06%, 8, 0, 9, 347.31
1734240199, 46, 59, 80, 21, 0, 0.06%, 8, 0, 9, 353.29
1734240204, 46, 60, 80, 21, 0, 0.06%, 8, 0, 9, 362.89
1734240209, 46, 61, 80, 21, 0, 0.06%, 8, 0, 9, 372.54
1734240214, 46, 62, 80, 21, 0, 0.06%, 8, 0, 9, 372.09
1734240224, 46, 63, 80, 21, 0, 0.06%, 8, 0, 9, 303.95
1734240234, 46, 64, 80, 21, 0, 0.06%, 8, 0, 9, 367.34
1734240245, 46, 65, 80, 21, 0, 0.06%, 8, 0, 9, 383.51
1734240255, 46, 66, 80, 21, 0, 0.06%, 8, 0, 9, 411.76
1734240265, 46, 67, 80, 21, 0, 0.06%, 8, 0, 9, 402.07
1734240280, 46, 68, 80, 21, 0, 0.06%, 8, 0, 9, 367.38
1734240291, 46, 69, 80, 21, 0, 0.06%, 8, 0, 9, 341.06
1734240306, 46, 70, 80, 21, 0, 0.06%, 8, 0, 9, 412.04
1734240311, 46, 71, 80, 21, 0, 0.06%, 8, 0, 9, 382.01
1734240321, 46, 72, 80, 21, 0, 0.06%, 8, 0, 9, 355.97
1734240326, 46, 73, 80, 21, 0, 0.06%, 8, 0, 9, 350.69
1734240336, 46, 74, 80, 21, 0, 0.06%, 8, 0, 9, 385.61
1734240346, 46, 75, 80, 21, 0, 0.06%, 8, 0, 9, 414.83
1734240356, 46, 76, 80, 21, 0, 0.06%, 8, 0, 9, 361.27
1734240367, 46, 77, 80, 21, 0, 0.06%, 8, 0, 9, 298.08
1734240377, 46, 78, 80, 21, 0, 0.06%, 8, 0, 9, 359.91
1734240407, 46, 79, 80, 21, 0, 0.06%, 8, 0, 9, 338.10
1734240438, 47, 14, 80, 21, 0, 0.06%, 8, 0, 9, 335.13
1734240443, 47, 18, 80, 21, 0, 0.06%, 8, 0, 9, 362.05
1734240448, 47, 22, 80, 21, 0, 0.06%, 8, 0, 9, 323.90
1734240453, 47, 29, 80, 21, 0, 0.06%, 8, 0, 9, 289.81
1734240463, 47, 30, 80, 21, 0, 0.06%, 8, 0, 9, 256.28
1734240473, 47, 34, 80, 21, 0, 0.06%, 8, 0, 9, 358.52
1734240478, 47, 35, 80, 21, 0, 0.06%, 8, 0, 9, 346.15
1734240484, 47, 36, 80, 21, 0, 0.06%, 8, 0, 9, 358.40
1734240494, 47, 37, 80, 21, 0, 0.06%, 8, 0, 9, 337.23
1734240499, 47, 42, 80, 21, 0, 0.06%, 8, 0, 9, 386.65
1734240509, 47, 46, 80, 21, 0, 0.06%, 8, 0, 9, 377.84
1734240514, 47, 49, 80, 21, 0, 0.06%, 8, 0, 9, 335.98
1734240519, 47, 53, 80, 21, 0, 0.06%, 8, 0, 9, 369.67
1734240535, 47, 55, 80, 21, 0, 0.06%, 8, 0, 9, 378.02
1734240545, 47, 56, 80, 21, 0, 0.06%, 8, 0, 9, 361.72
1734240550, 47, 57, 80, 21, 0, 0.06%, 8, 0, 9, 350.32
1734240560, 47, 58, 80, 21, 0, 0.06%, 8, 0, 9, 352.77
1734240565, 47, 59, 80, 21, 0, 0.06%, 8, 0, 9, 324.75
1734240570, 47, 61, 80, 21, 0, 0.06%, 8, 0, 9, 370.75
1734240580, 47, 62, 80, 21, 0, 0.06%, 8, 0, 9, 357.69
1734240585, 47, 63, 80, 21, 0, 0.06%, 8, 0, 9, 375.87
1734240595, 47, 64, 80, 21, 0, 0.06%, 8, 0, 9, 362.04
1734240606, 47, 65, 80, 21, 0, 0.06%, 8, 0, 9, 354.14
1734240616, 47, 66, 80, 21, 0, 0.06%, 8, 0, 9, 315.63
1734240626, 47, 67, 80, 21, 0, 0.06%, 8, 0, 9, 365.64
1734240641, 47, 68, 80, 21, 0, 0.06%, 8, 0, 9, 401.62
1734240651, 47, 69, 80, 21, 0, 0.06%, 8, 0, 9, 378.90
1734240667, 47, 70, 80, 21, 0, 0.06%, 8, 0, 9, 389.23
1734240672, 47, 71, 80, 21, 0, 0.06%, 8, 0, 9, 363.91
1734240682, 47, 72, 80, 21, 0, 0.06%, 8, 0, 9, 372.08
1734240687, 47, 73, 80, 21, 0, 0.06%, 8, 0, 9, 357.31
1734240697, 47, 74, 80, 21, 0, 0.06%, 8, 0, 9, 335.03
1734240707, 47, 75, 80, 21, 0, 0.06%, 8, 0, 9, 418.49
1734240722, 47, 76, 80, 21, 0, 0.06%, 8, 0, 9, 371.38
1734240727, 47, 77, 80, 21, 0, 0.06%, 8, 0, 9, 354.66
1734240738, 47, 78, 80, 21, 0, 0.06%, 8, 0, 9, 416.93
1734240758, 47, 79, 80, 21, 0, 0.06%, 8, 0, 9, 389.53
1734240778, 48, 14, 80, 21, 0, 0.06%, 8, 0, 9, 351.89
1734240783, 48, 18, 80, 21, 0, 0.06%, 8, 0, 9, 348.70
1734240788, 48, 22, 80, 21, 0, 0.06%, 8, 0, 9, 334.86
1734240793, 48, 29, 80, 21, 0, 0.06%, 8, 0, 9, 374.38
1734240798, 48, 30, 80, 21, 0, 0.06%, 8, 0, 9, 380.07
1734240809, 48, 33, 80, 21, 0, 0.06%, 8, 0, 9, 375.55
1734240814, 48, 34, 80, 21, 0, 0.06%, 8, 0, 9, 351.71
1734240819, 48, 35, 80, 21, 0, 0.06%, 8, 0, 9, 344.13
1734240824, 48, 36, 80, 21, 0, 0.06%, 8, 0, 9, 320.70
1734240834, 48, 37, 80, 21, 0, 0.06%, 8, 0, 9, 311.80
1734240839, 48, 42, 80, 21, 0, 0.06%, 8, 0, 9, 384.09
1734240844, 48, 46, 80, 21, 0, 0.06%, 8, 0, 9, 373.86
1734240855, 48, 49, 80, 21, 0, 0.06%, 8, 0, 9, 366.65
1734240860, 48, 53, 80, 21, 0, 0.06%, 8, 0, 9, 299.00
1734240870, 48, 54, 80, 21, 0, 0.06%, 8, 0, 9, 411.46
1734240875, 48, 55, 80, 21, 0, 0.06%, 8, 0, 9, 349.83
1734240885, 48, 56, 80, 21, 0, 0.06%, 8, 0, 9, 399.83
1734240890, 48, 57, 80, 21, 0, 0.06%, 8, 0, 9, 365.38
1734240895, 48, 58, 80, 21, 0, 0.06%, 8, 0, 9, 344.49
1734240900, 48, 59, 80, 21, 0, 0.06%, 8, 0, 9, 366.32
1734240905, 48, 60, 80, 21, 0, 0.06%, 8, 0, 9, 373.31
1734240911, 48, 61, 80, 21, 0, 0.06%, 8, 0, 9, 359.04
1734240916, 48, 62, 80, 21, 0, 0.06%, 8, 0, 9, 357.51
1734240926, 48, 63, 80, 21, 0, 0.06%, 8, 0, 9, 348.82
1734240931, 48, 64, 80, 21, 0, 0.06%, 8, 0, 9, 380.57
1734240941, 48, 65, 80, 21, 0, 0.06%, 8, 0, 9, 379.10
1734240951, 48, 66, 80, 21, 0, 0.06%, 8, 0, 9, 374.70
1734240966, 48, 67, 80, 21, 0, 0.06%, 8, 0, 9, 447.55
1734240977, 48, 68, 80, 21, 0, 0.06%, 8, 0, 9, 330.96
1734240992, 48, 69, 80, 21, 0, 0.06%, 8, 0, 9, 429.69
1734241002, 48, 70, 80, 21, 0, 0.06%, 8, 0, 9, 332.73
1734241012, 48, 71, 80, 21, 0, 0.06%, 8, 0, 9, 387.27
1734241017, 48, 72, 80, 21, 0, 0.06%, 8, 0, 9, 379.68
1734241027, 48, 73, 80, 21, 0, 0.06%, 8, 0, 9, 388.06
1734241032, 48, 74, 80, 21, 0, 0.06%, 8, 0, 9, 383.95
1734241042, 48, 75, 80, 21, 0, 0.06%, 8, 0, 9, 355.32
1734241053, 48, 76, 80, 21, 0, 0.06%, 8, 0, 9, 366.42
1734241058, 48, 77, 80, 21, 0, 0.06%, 8, 0, 9, 367.93
1734241068, 48, 78, 80, 21, 0, 0.06%, 8, 0, 9, 409.47
1734241083, 48, 79, 80, 21, 0, 0.06%, 8, 0, 9, 411.55
1734241098, 49, 14, 80, 21, 0, 0.06%, 8, 0, 9, 315.53
1734241103, 49, 18, 80, 21, 0, 0.06%, 8, 0, 9, 335.78
1734241108, 49, 22, 80, 21, 0, 0.06%, 8, 0, 9, 321.56
1734241113, 49, 29, 80, 21, 0, 0.06%, 8, 0, 9, 287.96
1734241118, 49, 30, 80, 21, 0, 0.06%, 8, 0, 9, 345.82
1734241134, 49, 34, 80, 21, 0, 0.06%, 8, 0, 9, 330.12
1734241139, 49, 35, 80, 21, 0, 0.06%, 8, 0, 9, 335.16
1734241144, 49, 36, 80, 21, 0, 0.06%, 8, 0, 9, 372.15
1734241154, 49, 37, 80, 21, 0, 0.06%, 8, 0, 9, 320.48
1734241159, 49, 42, 80, 21, 0, 0.06%, 8, 0, 9, 346.24
1734241164, 49, 46, 80, 21, 0, 0.06%, 8, 0, 9, 413.88
1734241174, 49, 49, 80, 21, 0, 0.06%, 8, 0, 9, 365.36
1734241179, 49, 53, 80, 21, 0, 0.06%, 8, 0, 9, 388.36
1734241184, 49, 54, 80, 21, 0, 0.06%, 8, 0, 9, 382.97
1734241190, 49, 55, 80, 21, 0, 0.06%, 8, 0, 9, 372.83
1734241195, 49, 56, 80, 21, 0, 0.06%, 8, 0, 9, 379.99
1734241200, 49, 57, 80, 21, 0, 0.06%, 8, 0, 9, 346.18
1734241205, 49, 58, 80, 21, 0, 0.06%, 8, 0, 9, 339.85
1734241210, 49, 59, 80, 21, 0, 0.06%, 8, 0, 9, 359.39
1734241215, 49, 60, 80, 21, 0, 0.06%, 8, 0, 9, 364.95
1734241220, 49, 61, 80, 21, 0, 0.06%, 8, 0, 9, 310.39
1734241225, 49, 62, 80, 21, 0, 0.06%, 8, 0, 9, 399.93
1734241235, 49, 63, 80, 21, 0, 0.06%, 8, 0, 9, 361.97
1734241241, 49, 64, 80, 21, 0, 0.06%, 8, 0, 9, 374.31
1734241251, 49, 65, 80, 21, 0, 0.06%, 8, 0, 9, 369.33
1734241256, 49, 66, 80, 21, 0, 0.06%, 8, 0, 9, 290.67
1734241261, 49, 67, 80, 21, 0, 0.06%, 8, 0, 9, 351.76
1734241271, 49, 68, 80, 21, 0, 0.06%, 8, 0, 9, 404.14
1734241276, 49, 69, 80, 21, 0, 0.06%, 8, 0, 9, 370.85
1734241286, 49, 70, 80, 21, 0, 0.06%, 8, 0, 9, 393.98
1734241291, 49, 71, 80, 21, 0, 0.06%, 8, 0, 9, 357.08
1734241302, 49, 72, 80, 21, 0, 0.06%, 8, 0, 9, 355.47
1734241307, 49, 73, 80, 21, 0, 0.06%, 8, 0, 9, 316.67
1734241317, 49, 74, 80, 21, 0, 0.06%, 8, 0, 9, 297.96
1734241327, 49, 75, 80, 21, 0, 0.06%, 8, 0, 9, 408.15
1734241332, 49, 76, 80, 21, 0, 0.06%, 8, 0, 9, 363.28
1734241342, 49, 77, 80, 21, 0, 0.06%, 8, 0, 9, 314.46
1734241352, 49, 78, 80, 21, 0, 0.06%, 8, 0, 9, 362.47
1734241368, 49, 79, 80, 21, 0, 0.06%, 8, 0, 9, 314.95
1734241378, 50, 14, 80, 21, 0, 0.06%, 8, 0, 9, 377.23
1734241383, 50, 18, 80, 21, 0, 0.06%, 8, 0, 9, 338.75
1734241388, 50, 22, 80, 21, 0, 0.06%, 8, 0, 9, 336.12
1734241393, 50, 29, 80, 21, 0, 0.06%, 8, 0, 9, 328.45
1734241403, 50, 30, 80, 21, 0, 0.06%, 8, 0, 9, 290.71
1734241413, 50, 33, 80, 21, 0, 0.06%, 8, 0, 9, 327.02
1734241419, 50, 34, 80, 21, 0, 0.06%, 8, 0, 9, 328.40
1734241424, 50, 35, 80, 21, 0, 0.06%, 8, 0, 9, 335.12
1734241429, 50, 36, 80, 21, 0, 0.06%, 8, 0, 9, 265.26
1734241439, 50, 37, 80, 21, 0, 0.06%, 8, 0, 9, 325.61
1734241444, 50, 46, 80, 21, 0, 0.06%, 8, 0, 9, 370.59
1734241449, 50, 49, 80, 21, 0, 0.06%, 8, 0, 9, 383.07
1734241454, 50, 53, 80, 21, 0, 0.06%, 8, 0, 9, 325.74
1734241464, 50, 55, 80, 21, 0, 0.06%, 8, 0, 9, 376.25
1734241474, 50, 56, 80, 21, 0, 0.06%, 8, 0, 9, 372.09
1734241479, 50, 57, 80, 21, 0, 0.06%, 8, 0, 9, 340.79
1734241484, 50, 58, 80, 21, 0, 0.06%, 8, 0, 9, 355.09
1734241489, 50, 59, 80, 21, 0, 0.06%, 8, 0, 9, 369.20
1734241495, 50, 60, 80, 21, 0, 0.06%, 8, 0, 9, 335.56
1734241500, 50, 61, 80, 21, 0, 0.06%, 8, 0, 9, 384.54
1734241505, 50, 62, 80, 21, 0, 0.06%, 8, 0, 9, 366.52
1734241510, 50, 63, 80, 21, 0, 0.06%, 8, 0, 9, 362.34
1734241520, 50, 64, 80, 21, 0, 0.06%, 8, 0, 9, 353.16
1734241525, 50, 65, 80, 21, 0, 0.06%, 8, 0, 9, 333.29
1734241530, 50, 66, 80, 21, 0, 0.06%, 8, 0, 9, 386.38
1734241540, 50, 67, 80, 21, 0, 0.06%, 8, 0, 9, 402.15
1734241546, 50, 68, 80, 21, 0, 0.06%, 8, 0, 9, 351.32
1734241556, 50, 69, 80, 21, 0, 0.06%, 8, 0, 9, 406.46
1734241561, 50, 70, 80, 21, 0, 0.06%, 8, 0, 9, 345.34
1734241571, 50, 71, 80, 21, 0, 0.06%, 8, 0, 9, 353.82
1734241576, 50, 72, 80, 21, 0, 0.06%, 8, 0, 9, 349.36
1734241581, 50, 73, 80, 21, 0, 0.06%, 8, 0, 9, 388.43
1734241591, 50, 74, 80, 21, 0, 0.06%, 8, 0, 9, 354.81
1734241601, 50, 75, 80, 21, 0, 0.06%, 8, 0, 9, 320.79
1734241611, 50, 76, 80, 21, 0, 0.06%, 8, 0, 9, 383.20
1734241621, 50, 77, 80, 21, 0, 0.06%, 8, 0, 9, 366.42
1734241632, 50, 78, 80, 21, 0, 0.06%, 8, 0, 9, 276.74
1734241642, 50, 79, 80, 21, 0, 0.06%, 8, 0, 9, 378.10
1734241657, 51, 14, 80, 21, 0, 0.06%, 8, 0, 9, 355.43
1734241662, 51, 18, 80, 21, 0, 0.06%, 8, 0, 9, 356.25
1734241667, 51, 22, 80, 21, 0, 0.06%, 8, 0, 9, 322.86
1734241672, 51, 29, 80, 21, 0, 0.06%, 8, 0, 9, 311.36
1734241677, 51, 30, 80, 21, 0, 0.06%, 8, 0, 9, 401.20
1734241687, 51, 33, 80, 21, 0, 0.06%, 8, 0, 9, 353.64
1734241692, 51, 34, 80, 21, 0, 0.06%, 8, 0, 9, 339.80
1734241697, 51, 35, 80, 21, 0, 0.06%, 8, 0, 9, 290.48
1734241703, 51, 36, 80, 21, 0, 0.06%, 8, 0, 9, 368.55
1734241713, 51, 37, 80, 21, 0, 0.06%, 8, 0, 9, 337.77
1734241718, 51, 42, 80, 21, 0, 0.06%, 8, 0, 9, 367.01
1734241723, 51, 46, 80, 21, 0, 0.06%, 8, 0, 9, 384.15
1734241728, 51, 49, 80, 21, 0, 0.06%, 8, 0, 9, 352.24
1734241733, 51, 53, 80, 21, 0, 0.06%, 8, 0, 9, 356.44
1734241738, 51, 54, 80, 21, 0, 0.06%, 8, 0, 9, 420.98
1734241743, 51, 55, 80, 21, 0, 0.06%, 8, 0, 9, 362.46
1734241748, 51, 56, 80, 21, 0, 0.06%, 8, 0, 9, 337.03
1734241754, 51, 57, 80, 21, 0, 0.06%, 8, 0, 9, 340.80
1734241759, 51, 58, 80, 21, 0, 0.06%, 8, 0, 9, 367.81
1734241769, 51, 59, 80, 21, 0, 0.06%, 8, 0, 9, 345.33
1734241774, 51, 61, 80, 21, 0, 0.06%, 8, 0, 9, 382.38
1734241784, 51, 62, 80, 21, 0, 0.06%, 8, 0, 9, 375.14
1734241789, 51, 63, 80, 21, 0, 0.06%, 8, 0, 9, 345.90
1734241799, 51, 64, 80, 21, 0, 0.06%, 8, 0, 9, 396.60
1734241804, 51, 65, 80, 21, 0, 0.06%, 8, 0, 9, 379.46
1734241809, 51, 66, 80, 21, 0, 0.06%, 8, 0, 9, 351.63
1734241820, 51, 67, 80, 21, 0, 0.06%, 8, 0, 9, 371.28
1734241825, 51, 68, 80, 21, 0, 0.06%, 8, 0, 9, 306.70
1734241835, 51, 69, 80, 21, 0, 0.06%, 8, 0, 9, 386.98
1734241840, 51, 70, 80, 21, 0, 0.06%, 8, 0, 9, 332.57
1734241850, 51, 71, 80, 21, 0, 0.06%, 8, 0, 9, 381.87
1734241855, 51, 72, 80, 21, 0, 0.06%, 8, 0, 9, 384.53
1734241860, 51, 73, 80, 21, 0, 0.06%, 8, 0, 9, 388.76
1734241870, 51, 74, 80, 21, 0, 0.06%, 8, 0, 9, 317.47
1734241881, 51, 75, 80, 21, 0, 0.06%, 8, 0, 9, 358.06
1734241891, 51, 76, 80, 21, 0, 0.06%, 8, 0, 9, 391.32
1734241896, 51, 77, 80, 21, 0, 0.06%, 8, 0, 9, 383.22
