# unix_time, cycles_done, cur_path, paths_total, pending_total, pending_favs, map_size, unique_crashes, unique_hangs, max_depth, execs_per_sec
1735460964, 0, 0, 10, 10, 1, 0.00%, 0, 0, 1, 173.54
1735460970, 0, 4, 10, 10, 1, 0.00%, 0, 0, 1, 205.52
1735460975, 0, 5, 10, 9, 0, 0.00%, 0, 0, 1, 209.81
1735460980, 0, 6, 10, 8, 0, 0.00%, 0, 0, 1, 204.10
1735460990, 0, 7, 10, 7, 0, 0.00%, 0, 0, 1, 211.67
1735460995, 0, 8, 10, 6, 0, 0.00%, 0, 0, 1, 196.88
1735461005, 0, 9, 10, 5, 0, 0.00%, 0, 0, 1, 214.49
1735461010, 1, 0, 10, 4, 0, 0.00%, 0, 0, 1, 207.35
1735461021, 1, 1, 10, 3, 0, 0.00%, 0, 0, 1, 211.19
1735461031, 1, 2, 10, 2, 0, 0.00%, 0, 0, 1, 209.46
1735461036, 1, 2, 11, 3, 0, 0.05%, 1, 0, 2, 212.57
1735461041, 1, 10, 11, 2, 1, 0.05%, 1, 0, 2, 245.86
1735461046, 1, 10, 12, 3, 1, 0.05%, 2, 0, 3, 268.08
1735461097, 1, 11, 14, 4, 1, 0.05%, 4, 0, 4, 214.06
1735461102, 1, 11, 18, 8, 1, 0.05%, 4, 0, 4, 266.76
1735461107, 1, 11, 20, 10, 1, 0.06%, 5, 0, 4, 270.83
1735461122, 1, 11, 21, 11, 1, 0.06%, 6, 0, 4, 282.44
1735461198, 1, 20, 21, 10, 4, 0.06%, 6, 0, 4, 273.91
1735461203, 1, 20, 23, 12, 4, 0.06%, 6, 0, 5, 243.26
1735461224, 1, 20, 24, 13, 4, 0.06%, 7, 0, 5, 243.75
1735461316, 1, 23, 25, 13, 4, 0.06%, 8, 0, 6, 294.29
1735461326, 1, 23, 27, 15, 4, 0.06%, 8, 0, 6, 248.00
1735461341, 1, 23, 28, 16, 4, 0.06%, 8, 0, 6, 245.79
1735461367, 1, 23, 29, 17, 4, 0.06%, 8, 0, 6, 247.95
1735461428, 1, 24, 29, 16, 4, 0.06%, 8, 0, 6, 289.10
1735461433, 1, 24, 30, 17, 4, 0.06%, 8, 0, 7, 262.61
1735461453, 1, 24, 31, 18, 4, 0.06%, 8, 0, 7, 241.87
1735461489, 1, 24, 32, 19, 4, 0.06%, 8, 0, 7, 244.75
1735461515, 1, 24, 34, 21, 4, 0.06%, 8, 0, 7, 249.82
1735461535, 1, 24, 35, 22, 4, 0.06%, 8, 0, 7, 257.44
1735461545, 1, 30, 37, 23, 3, 0.06%, 9, 0, 8, 399.38
1735461556, 1, 30, 38, 24, 3, 0.06%, 9, 0, 8, 297.07
1735461566, 1, 30, 39, 25, 3, 0.06%, 9, 0, 8, 284.25
1735461597, 1, 30, 40, 26, 3, 0.06%, 9, 0, 8, 299.30
1735461612, 1, 30, 41, 27, 3, 0.06%, 9, 0, 8, 293.35
1735461647, 1, 35, 42, 27, 4, 0.06%, 9, 0, 8, 312.15
1735461663, 1, 35, 43, 28, 4, 0.06%, 9, 0, 9, 476.86
1735461713, 1, 37, 43, 27, 4, 0.06%, 9, 0, 9, 354.73
1735461774, 1, 39, 43, 26, 4, 0.06%, 9, 0, 9, 328.36
1735461779, 1, 39, 44, 27, 4, 0.06%, 9, 0, 9, 320.72
1735461789, 1, 39, 45, 28, 4, 0.06%, 9, 0, 9, 331.20
1735461805, 1, 39, 46, 29, 4, 0.06%, 9, 0, 9, 327.09
1735461810, 1, 39, 47, 30, 4, 0.06%, 9, 0, 9, 321.99
1735461850, 1, 40, 47, 29, 4, 0.06%, 9, 0, 9, 311.87
1735461865, 1, 40, 48, 30, 4, 0.06%, 9, 0, 9, 294.99
1735461937, 1, 41, 48, 29, 4, 0.06%, 9, 0, 9, 253.46
1735461952, 1, 41, 49, 30, 4, 0.06%, 9, 0, 9, 432.99
1735461972, 1, 41, 50, 31, 4, 0.06%, 9, 0, 9, 302.57
1735461977, 1, 41, 51, 32, 4, 0.06%, 9, 0, 9, 295.43
1735461982, 1, 42, 51, 31, 4, 0.06%, 9, 0, 9, 448.57
1735462018, 1, 43, 52, 31, 4, 0.06%, 9, 0, 10, 390.26
1735462023, 1, 43, 54, 33, 4, 0.06%, 9, 0, 10, 429.24
1735462074, 1, 43, 55, 34, 4, 0.06%, 9, 0, 10, 328.31
1735462079, 1, 44, 55, 33, 4, 0.06%, 9, 0, 10, 420.13
1735462125, 1, 44, 56, 34, 4, 0.06%, 9, 0, 10, 476.78
1735462151, 1, 47, 56, 33, 4, 0.06%, 9, 0, 10, 367.80
1735462156, 1, 47, 57, 34, 4, 0.06%, 9, 0, 10, 459.65
1735462161, 1, 47, 58, 35, 4, 0.06%, 9, 0, 10, 470.63
1735462166, 1, 47, 59, 36, 4, 0.06%, 9, 0, 10, 473.74
1735462186, 1, 47, 60, 37, 4, 0.06%, 9, 0, 10, 481.60
1735462217, 1, 51, 60, 36, 4, 0.06%, 9, 0, 10, 383.18
1735462288, 1, 51, 61, 37, 4, 0.06%, 9, 0, 11, 326.56
1735462324, 1, 51, 62, 38, 4, 0.06%, 9, 0, 11, 311.63
1735462329, 1, 52, 62, 37, 4, 0.06%, 9, 0, 11, 314.65
1735462359, 1, 55, 62, 36, 4, 0.06%, 9, 0, 11, 361.32
1735462364, 1, 55, 63, 37, 4, 0.06%, 9, 0, 11, 434.98
1735462456, 1, 56, 64, 37, 4, 0.06%, 9, 0, 11, 359.07
1735462466, 1, 56, 65, 38, 4, 0.06%, 9, 0, 11, 498.19
1735462481, 1, 56, 66, 39, 4, 0.06%, 9, 0, 11, 478.18
1735462497, 1, 56, 67, 40, 4, 0.06%, 9, 0, 11, 479.89
1735462527, 1, 57, 67, 39, 4, 0.06%, 9, 0, 11, 451.01
1735462553, 1, 58, 67, 38, 3, 0.06%, 9, 0, 11, 411.99
1735462573, 1, 59, 67, 37, 3, 0.06%, 9, 0, 11, 399.67
1735462609, 1, 59, 68, 38, 3, 0.06%, 9, 0, 11, 490.11
1735462614, 1, 59, 69, 39, 3, 0.06%, 9, 0, 11, 497.82
1735462660, 1, 60, 69, 38, 3, 0.06%, 9, 0, 11, 404.69
1735462752, 1, 61, 69, 37, 3, 0.06%, 9, 0, 11, 391.13
1735462783, 1, 62, 69, 36, 3, 0.06%, 9, 0, 11, 350.34
1735462884, 2, 12, 69, 35, 3, 0.06%, 9, 0, 11, 296.49
1735462900, 2, 31, 69, 34, 2, 0.06%, 9, 0, 11, 308.42
1735462931, 2, 32, 69, 33, 2, 0.06%, 9, 0, 11, 365.76
1735462946, 2, 37, 69, 32, 2, 0.06%, 9, 0, 11, 330.73
1735462956, 2, 39, 69, 32, 2, 0.06%, 9, 0, 11, 306.49
1735462966, 2, 41, 69, 32, 2, 0.06%, 9, 0, 11, 338.39
1735462971, 2, 43, 69, 32, 2, 0.06%, 9, 0, 11, 351.68
1735462982, 2, 44, 69, 32, 2, 0.06%, 9, 0, 11, 342.53
1735462987, 2, 45, 69, 32, 2, 0.06%, 9, 0, 11, 400.91
1735463017, 2, 46, 69, 31, 2, 0.06%, 9, 0, 11, 319.16
1735463047, 2, 47, 69, 30, 2, 0.06%, 9, 0, 11, 363.32
1735463052, 2, 48, 69, 30, 2, 0.06%, 9, 0, 11, 373.21
1735463057, 2, 48, 70, 31, 2, 0.06%, 9, 0, 11, 477.19
1735463123, 2, 48, 71, 32, 2, 0.06%, 9, 0, 11, 414.67
1735463154, 2, 49, 71, 31, 2, 0.06%, 9, 0, 11, 355.92
1735463189, 2, 50, 71, 30, 2, 0.06%, 9, 0, 11, 400.79
1735463250, 2, 51, 71, 29, 2, 0.06%, 9, 0, 11, 334.28
1735463255, 2, 52, 71, 29, 2, 0.06%, 9, 0, 11, 341.05
1735463265, 2, 55, 71, 29, 2, 0.06%, 9, 0, 11, 348.07
1735463270, 2, 56, 71, 29, 2, 0.06%, 9, 0, 11, 362.42
1735463281, 2, 57, 71, 29, 2, 0.06%, 9, 0, 11, 348.76
1735463286, 2, 58, 71, 29, 2, 0.06%, 9, 0, 11, 465.39
1735463301, 2, 59, 71, 29, 2, 0.06%, 9, 0, 11, 348.58
1735463306, 2, 60, 71, 29, 2, 0.06%, 9, 0, 11, 343.12
1735463316, 2, 61, 71, 29, 2, 0.06%, 9, 0, 11, 433.69
1735463331, 2, 62, 71, 29, 2, 0.06%, 9, 0, 11, 336.66
1735463418, 2, 63, 71, 29, 2, 0.06%, 9, 0, 11, 478.11
1735463444, 2, 64, 71, 28, 2, 0.06%, 9, 0, 11, 360.68
1735463479, 2, 65, 71, 27, 2, 0.06%, 9, 0, 11, 426.69
1735463530, 2, 66, 71, 26, 2, 0.06%, 9, 0, 11, 365.72
1735463592, 2, 66, 73, 28, 2, 0.06%, 9, 0, 12, 407.66
1735463612, 2, 67, 73, 27, 2, 0.06%, 9, 0, 12, 341.09
1735463618, 2, 67, 74, 28, 2, 0.06%, 9, 0, 12, 469.74
1735463689, 2, 68, 74, 27, 2, 0.06%, 9, 0, 12, 477.20
1735463781, 2, 68, 76, 29, 2, 0.06%, 9, 0, 12, 243.00
1735463817, 2, 71, 76, 28, 2, 0.06%, 9, 0, 12, 358.56
1735463899, 2, 72, 76, 27, 2, 0.06%, 9, 0, 12, 339.11
1735463986, 3, 12, 76, 26, 2, 0.06%, 9, 0, 12, 316.26
1735463991, 3, 31, 76, 26, 2, 0.06%, 9, 0, 12, 314.20
1735463996, 3, 32, 76, 26, 2, 0.06%, 9, 0, 12, 321.77
1735464001, 3, 37, 76, 26, 2, 0.06%, 9, 0, 12, 318.40
1735464006, 3, 39, 76, 26, 2, 0.06%, 9, 0, 12, 323.41
1735464016, 3, 41, 76, 26, 2, 0.06%, 9, 0, 12, 354.45
1735464021, 3, 43, 76, 26, 2, 0.06%, 9, 0, 12, 316.28
1735464031, 3, 44, 76, 26, 2, 0.06%, 9, 0, 12, 342.47
1735464037, 3, 45, 76, 26, 2, 0.06%, 9, 0, 12, 341.72
1735464047, 3, 46, 76, 26, 2, 0.06%, 9, 0, 12, 351.58
1735464052, 3, 50, 76, 26, 2, 0.06%, 9, 0, 12, 363.28
1735464062, 3, 52, 76, 26, 2, 0.06%, 9, 0, 12, 354.88
1735464067, 3, 55, 76, 26, 2, 0.06%, 9, 0, 12, 332.20
1735464077, 3, 58, 76, 26, 2, 0.06%, 9, 0, 12, 353.82
1735464082, 4, 12, 76, 26, 2, 0.06%, 9, 0, 12, 315.86
1735464087, 4, 31, 76, 26, 2, 0.06%, 9, 0, 12, 322.87
1735464092, 4, 32, 76, 26, 2, 0.06%, 9, 0, 12, 308.60
1735464098, 4, 37, 76, 26, 2, 0.06%, 9, 0, 12, 320.93
1735464103, 4, 39, 76, 26, 2, 0.06%, 9, 0, 12, 323.15
1735464113, 4, 41, 76, 26, 2, 0.06%, 9, 0, 12, 330.14
1735464118, 4, 43, 76, 26, 2, 0.06%, 9, 0, 12, 366.48
1735464123, 4, 44, 76, 26, 2, 0.06%, 9, 0, 12, 323.30
1735464133, 4, 45, 76, 26, 2, 0.06%, 9, 0, 12, 356.87
1735464138, 4, 46, 76, 26, 2, 0.06%, 9, 0, 12, 325.27
1735464148, 4, 50, 76, 26, 2, 0.06%, 9, 0, 12, 358.26
1735464154, 4, 52, 76, 26, 2, 0.06%, 9, 0, 12, 331.94
1735464164, 4, 55, 76, 26, 2, 0.06%, 9, 0, 12, 367.53
1735464169, 4, 58, 76, 26, 2, 0.06%, 9, 0, 12, 326.79
1735464179, 5, 12, 76, 26, 2, 0.06%, 9, 0, 12, 311.43
1735464184, 5, 31, 76, 26, 2, 0.06%, 9, 0, 12, 309.97
1735464189, 5, 37, 76, 26, 2, 0.06%, 9, 0, 12, 320.55
1735464200, 5, 39, 76, 26, 2, 0.06%, 9, 0, 12, 318.61
1735464205, 5, 41, 76, 26, 2, 0.06%, 9, 0, 12, 312.78
1735464215, 5, 43, 76, 26, 2, 0.06%, 9, 0, 12, 362.71
1735464220, 5, 44, 76, 26, 2, 0.06%, 9, 0, 12, 359.52
1735464230, 5, 45, 76, 26, 2, 0.06%, 9, 0, 12, 344.04
1735464235, 5, 46, 76, 26, 2, 0.06%, 9, 0, 12, 358.04
1735464245, 5, 50, 77, 27, 2, 0.06%, 9, 0, 12, 386.69
1735464250, 5, 52, 77, 27, 2, 0.06%, 9, 0, 12, 365.86
1735464260, 5, 55, 77, 27, 2, 0.06%, 9, 0, 12, 370.43
1735464265, 5, 58, 77, 27, 2, 0.06%, 9, 0, 12, 375.24
1735464275, 5, 76, 78, 28, 2, 0.06%, 9, 0, 12, 358.24
1735464413, 5, 77, 78, 27, 2, 0.06%, 9, 0, 12, 384.84
1735464551, 6, 12, 78, 26, 2, 0.06%, 9, 0, 12, 310.47
1735464556, 6, 19, 78, 26, 2, 0.06%, 9, 0, 12, 315.12
1735464582, 6, 21, 78, 25, 1, 0.06%, 9, 0, 12, 317.07
1735464607, 6, 23, 78, 24, 1, 0.06%, 9, 0, 12, 306.07
1735464612, 6, 25, 78, 24, 1, 0.06%, 9, 0, 12, 401.04
1735464627, 6, 26, 78, 23, 1, 0.06%, 9, 0, 12, 329.45
1735464658, 6, 27, 78, 22, 1, 0.06%, 9, 0, 12, 448.41
1735464673, 6, 28, 78, 21, 1, 0.06%, 9, 0, 12, 391.40
1735464694, 6, 31, 78, 20, 1, 0.06%, 9, 0, 12, 310.69
1735464699, 6, 32, 78, 20, 1, 0.06%, 9, 0, 12, 318.63
1735464704, 6, 33, 78, 20, 1, 0.06%, 9, 0, 12, 380.74
1735464719, 6, 35, 78, 19, 1, 0.06%, 9, 0, 12, 393.50
1735464724, 6, 37, 78, 19, 1, 0.06%, 9, 0, 12, 319.63
1735464734, 6, 38, 78, 19, 1, 0.06%, 9, 0, 12, 417.46
1735464764, 6, 39, 78, 18, 1, 0.06%, 9, 0, 12, 319.64
1735464774, 6, 40, 78, 18, 1, 0.06%, 9, 0, 12, 385.81
1735464789, 6, 41, 78, 18, 1, 0.06%, 9, 0, 12, 357.73
1735464794, 6, 42, 78, 18, 1, 0.06%, 9, 0, 12, 344.08
1735464805, 6, 43, 78, 18, 1, 0.06%, 9, 0, 12, 337.79
1735464810, 6, 44, 78, 18, 1, 0.06%, 9, 0, 12, 368.44
1735464820, 6, 45, 78, 18, 1, 0.06%, 9, 0, 12, 419.38
1735464866, 6, 46, 78, 18, 1, 0.06%, 9, 0, 12, 346.31
1735464876, 6, 47, 78, 18, 1, 0.06%, 9, 0, 12, 340.35
1735464881, 6, 49, 78, 18, 1, 0.06%, 9, 0, 12, 301.97
1735464886, 6, 50, 78, 18, 1, 0.06%, 9, 0, 12, 310.04
1735464896, 6, 51, 78, 18, 1, 0.06%, 9, 0, 12, 324.38
1735464902, 6, 52, 78, 18, 1, 0.06%, 9, 0, 12, 335.45
1735464912, 6, 55, 78, 18, 1, 0.06%, 9, 0, 12, 379.49
1735464917, 6, 56, 78, 18, 1, 0.06%, 9, 0, 12, 354.33
1735464927, 6, 57, 78, 18, 1, 0.06%, 9, 0, 12, 355.87
1735464932, 6, 58, 78, 18, 1, 0.06%, 9, 0, 12, 362.82
1735464937, 6, 59, 78, 18, 1, 0.06%, 9, 0, 12, 401.40
1735464942, 6, 60, 78, 18, 1, 0.06%, 9, 0, 12, 351.85
1735464952, 6, 61, 78, 18, 1, 0.06%, 9, 0, 12, 331.41
1735464957, 6, 62, 78, 18, 1, 0.06%, 9, 0, 12, 328.74
1735464968, 6, 63, 78, 18, 1, 0.06%, 9, 0, 12, 374.99
1735464973, 6, 64, 78, 18, 1, 0.06%, 9, 0, 12, 363.46
1735464983, 6, 65, 78, 18, 1, 0.06%, 9, 0, 12, 349.49
1735464988, 6, 66, 78, 18, 1, 0.06%, 9, 0, 12, 388.12
1735464993, 6, 67, 78, 18, 1, 0.06%, 9, 0, 12, 333.44
1735465003, 6, 68, 78, 18, 1, 0.06%, 9, 0, 12, 410.15
1735465008, 6, 71, 78, 18, 1, 0.06%, 9, 0, 12, 360.30
1735465023, 6, 72, 78, 18, 1, 0.06%, 9, 0, 12, 375.55
1735465038, 6, 73, 78, 18, 1, 0.06%, 9, 0, 12, 439.73
1735465115, 6, 74, 78, 17, 1, 0.06%, 9, 0, 12, 325.06
1735465253, 6, 75, 78, 16, 1, 0.06%, 9, 0, 12, 384.45
1735465391, 6, 76, 78, 15, 1, 0.06%, 9, 0, 12, 379.55
1735465402, 6, 77, 78, 15, 1, 0.06%, 9, 0, 12, 336.65
1735465417, 7, 12, 78, 15, 1, 0.06%, 9, 0, 12, 295.40
1735465422, 7, 31, 78, 15, 1, 0.06%, 9, 0, 12, 301.25
1735465427, 7, 32, 78, 15, 1, 0.06%, 9, 0, 12, 326.81
1735465432, 7, 35, 78, 15, 1, 0.06%, 9, 0, 12, 374.95
1735465442, 7, 37, 78, 15, 1, 0.06%, 9, 0, 12, 315.36
1735465447, 7, 38, 78, 15, 1, 0.06%, 9, 0, 12, 368.40
1735465452, 7, 39, 78, 15, 1, 0.06%, 9, 0, 12, 338.15
1735465463, 7, 40, 78, 15, 1, 0.06%, 9, 0, 12, 319.51
1735465468, 7, 41, 78, 15, 1, 0.06%, 9, 0, 12, 352.24
1735465473, 7, 42, 78, 15, 1, 0.06%, 9, 0, 12, 322.57
1735465483, 7, 43, 78, 15, 1, 0.06%, 9, 0, 12, 356.43
1735465488, 7, 44, 78, 15, 1, 0.06%, 9, 0, 12, 314.03
1735465498, 7, 45, 78, 15, 1, 0.06%, 9, 0, 12, 342.02
1735465503, 7, 46, 78, 15, 1, 0.06%, 9, 0, 12, 335.08
1735465514, 7, 47, 78, 15, 1, 0.06%, 9, 0, 12, 346.53
1735465519, 7, 50, 78, 15, 1, 0.06%, 9, 0, 12, 366.94
1735465529, 7, 51, 78, 15, 1, 0.06%, 9, 0, 12, 332.48
1735465534, 7, 52, 78, 15, 1, 0.06%, 9, 0, 12, 349.50
1735465544, 7, 55, 78, 15, 1, 0.06%, 9, 0, 12, 354.53
1735465549, 7, 56, 78, 15, 1, 0.06%, 9, 0, 12, 378.05
1735465554, 7, 57, 78, 15, 1, 0.06%, 9, 0, 12, 399.86
1735465559, 7, 58, 78, 15, 1, 0.06%, 9, 0, 12, 331.91
1735465569, 7, 59, 78, 15, 1, 0.06%, 9, 0, 12, 368.86
1735465575, 7, 60, 78, 15, 1, 0.06%, 9, 0, 12, 343.71
1735465585, 7, 61, 78, 15, 1, 0.06%, 9, 0, 12, 329.60
1735465590, 7, 63, 78, 15, 1, 0.06%, 9, 0, 12, 372.44
1735465595, 7, 64, 78, 15, 1, 0.06%, 9, 0, 12, 404.13
1735465600, 7, 65, 78, 15, 1, 0.06%, 9, 0, 12, 368.85
1735465610, 7, 66, 78, 15, 1, 0.06%, 9, 0, 12, 385.29
1735465615, 7, 67, 78, 15, 1, 0.06%, 9, 0, 12, 354.82
1735465625, 7, 68, 78, 15, 1, 0.06%, 9, 0, 12, 386.90
1735465630, 7, 71, 78, 15, 1, 0.06%, 9, 0, 12, 366.28
1735465640, 7, 72, 78, 15, 1, 0.06%, 9, 0, 12, 369.82
1735465645, 7, 73, 78, 15, 1, 0.06%, 9, 0, 12, 358.43
1735465661, 7, 74, 78, 15, 1, 0.06%, 9, 0, 12, 386.09
1735465676, 7, 75, 78, 15, 1, 0.06%, 9, 0, 12, 377.52
1735465691, 7, 76, 78, 15, 1, 0.06%, 9, 0, 12, 355.82
1735465696, 7, 77, 78, 15, 1, 0.06%, 9, 0, 12, 337.02
1735465706, 8, 12, 78, 15, 1, 0.06%, 9, 0, 12, 307.28
1735465711, 8, 31, 78, 15, 1, 0.06%, 9, 0, 12, 312.07
1735465716, 8, 32, 78, 15, 1, 0.06%, 9, 0, 12, 324.89
1735465721, 8, 35, 78, 15, 1, 0.06%, 9, 0, 12, 328.40
1735465726, 8, 37, 78, 15, 1, 0.06%, 9, 0, 12, 326.31
1735465732, 8, 38, 78, 15, 1, 0.06%, 9, 0, 12, 354.71
1735465742, 8, 39, 78, 15, 1, 0.06%, 9, 0, 12, 335.16
1735465747, 8, 40, 78, 15, 1, 0.06%, 9, 0, 12, 325.45
1735465757, 8, 41, 78, 15, 1, 0.06%, 9, 0, 12, 322.76
1735465762, 8, 42, 78, 15, 1, 0.06%, 9, 0, 12, 344.71
1735465767, 8, 43, 78, 15, 1, 0.06%, 9, 0, 12, 355.49
1735465777, 8, 44, 78, 15, 1, 0.06%, 9, 0, 12, 337.00
1735465782, 8, 45, 78, 15, 1, 0.06%, 9, 0, 12, 336.67
1735465792, 8, 46, 78, 15, 1, 0.06%, 9, 0, 12, 353.82
1735465797, 8, 47, 78, 15, 1, 0.06%, 9, 0, 12, 383.85
1735465802, 8, 50, 78, 15, 1, 0.06%, 9, 0, 12, 324.51
1735465813, 8, 51, 78, 15, 1, 0.06%, 9, 0, 12, 321.27
1735465818, 8, 52, 78, 15, 1, 0.06%, 9, 0, 12, 311.42
1735465828, 8, 55, 78, 15, 1, 0.06%, 9, 0, 12, 364.16
1735465833, 8, 56, 78, 15, 1, 0.06%, 9, 0, 12, 362.32
1735465843, 8, 57, 78, 15, 1, 0.06%, 9, 0, 12, 358.71
1735465848, 8, 58, 78, 15, 1, 0.06%, 9, 0, 12, 372.88
1735465853, 8, 59, 78, 15, 1, 0.06%, 9, 0, 12, 377.41
1735465863, 8, 60, 78, 15, 1, 0.06%, 9, 0, 12, 341.33
1735465868, 8, 61, 78, 15, 1, 0.06%, 9, 0, 12, 322.60
1735465879, 8, 63, 78, 15, 1, 0.06%, 9, 0, 12, 341.41
1735465884, 8, 64, 78, 15, 1, 0.06%, 9, 0, 12, 372.15
1735465889, 8, 65, 78, 15, 1, 0.06%, 9, 0, 12, 381.18
1735465894, 8, 66, 78, 15, 1, 0.06%, 9, 0, 12, 367.29
1735465904, 8, 67, 78, 15, 1, 0.06%, 9, 0, 12, 382.50
1735465909, 8, 68, 78, 15, 1, 0.06%, 9, 0, 12, 351.36
1735465919, 8, 71, 78, 15, 1, 0.06%, 9, 0, 12, 385.28
1735465924, 8, 72, 78, 15, 1, 0.06%, 9, 0, 12, 371.87
1735465934, 8, 73, 78, 15, 1, 0.06%, 9, 0, 12, 397.33
1735465939, 8, 74, 78, 15, 1, 0.06%, 9, 0, 12, 351.86
1735465949, 8, 75, 78, 15, 1, 0.06%, 9, 0, 12, 345.91
1735465960, 8, 76, 78, 15, 1, 0.06%, 9, 0, 12, 350.23
1735465965, 8, 77, 78, 15, 1, 0.06%, 9, 0, 12, 343.29
1735465975, 9, 12, 78, 15, 1, 0.06%, 9, 0, 12, 312.31
1735465980, 9, 31, 78, 15, 1, 0.06%, 9, 0, 12, 295.16
1735465985, 9, 32, 78, 15, 1, 0.06%, 9, 0, 12, 298.18
1735465990, 9, 35, 78, 15, 1, 0.06%, 9, 0, 12, 335.49
1735465995, 9, 37, 78, 15, 1, 0.06%, 9, 0, 12, 332.97
1735466000, 9, 38, 78, 15, 1, 0.06%, 9, 0, 12, 347.39
1735466010, 9, 39, 78, 15, 1, 0.06%, 9, 0, 12, 317.95
1735466015, 9, 40, 78, 15, 1, 0.06%, 9, 0, 12, 317.57
1735466025, 9, 41, 78, 15, 1, 0.06%, 9, 0, 12, 314.89
1735466031, 9, 42, 78, 15, 1, 0.06%, 9, 0, 12, 367.74
1735466036, 9, 43, 78, 15, 1, 0.06%, 9, 0, 12, 342.07
1735466046, 9, 44, 78, 15, 1, 0.06%, 9, 0, 12, 348.20
1735466051, 9, 45, 78, 15, 1, 0.06%, 9, 0, 12, 353.29
1735466061, 9, 46, 78, 15, 1, 0.06%, 9, 0, 12, 362.99
1735466066, 9, 47, 78, 15, 1, 0.06%, 9, 0, 12, 386.38
1735466071, 9, 51, 78, 15, 1, 0.06%, 9, 0, 12, 332.24
1735466081, 9, 56, 78, 15, 1, 0.06%, 9, 0, 12, 368.98
1735466086, 9, 57, 78, 15, 1, 0.06%, 9, 0, 12, 401.62
1735466091, 9, 58, 78, 15, 1, 0.06%, 9, 0, 12, 362.57
1735466101, 9, 59, 78, 15, 1, 0.06%, 9, 0, 12, 366.07
1735466106, 9, 60, 78, 15, 1, 0.06%, 9, 0, 12, 355.54
1735466111, 9, 61, 78, 15, 1, 0.06%, 9, 0, 12, 357.17
1735466121, 9, 63, 78, 15, 1, 0.06%, 9, 0, 12, 367.98
1735466127, 9, 64, 78, 15, 1, 0.06%, 9, 0, 12, 386.23
1735466132, 9, 65, 78, 15, 1, 0.06%, 9, 0, 12, 353.92
1735466142, 9, 66, 78, 15, 1, 0.06%, 9, 0, 12, 358.63
1735466147, 9, 67, 78, 15, 1, 0.06%, 9, 0, 12, 352.70
1735466157, 9, 68, 78, 15, 1, 0.06%, 9, 0, 12, 393.27
1735466162, 9, 71, 78, 15, 1, 0.06%, 9, 0, 12, 368.98
1735466172, 9, 72, 78, 15, 1, 0.06%, 9, 0, 12, 384.54
1735466177, 9, 73, 78, 15, 1, 0.06%, 9, 0, 12, 402.80
1735466182, 9, 74, 78, 15, 1, 0.06%, 9, 0, 12, 374.91
1735466193, 9, 75, 78, 15, 1, 0.06%, 9, 0, 12, 385.30
1735466203, 10, 35, 78, 15, 1, 0.06%, 9, 0, 12, 332.06
1735466208, 10, 38, 78, 15, 1, 0.06%, 9, 0, 12, 352.23
1735466213, 10, 40, 78, 15, 1, 0.06%, 9, 0, 12, 318.86
1735466223, 10, 42, 78, 15, 1, 0.06%, 9, 0, 12, 339.07
1735466228, 10, 47, 78, 15, 1, 0.06%, 9, 0, 12, 362.16
1735466233, 10, 51, 78, 15, 1, 0.06%, 9, 0, 12, 324.57
1735466243, 10, 56, 78, 15, 1, 0.06%, 9, 0, 12, 337.75
1735466248, 10, 57, 78, 15, 1, 0.06%, 9, 0, 12, 375.97
1735466253, 10, 58, 78, 15, 1, 0.06%, 9, 0, 12, 403.28
1735466258, 10, 59, 78, 15, 1, 0.06%, 9, 0, 12, 327.79
1735466268, 10, 60, 78, 15, 1, 0.06%, 9, 0, 12, 329.10
1735466274, 10, 61, 78, 15, 1, 0.06%, 9, 0, 12, 340.80
1735466284, 10, 63, 78, 15, 1, 0.06%, 9, 0, 12, 356.30
1735466289, 10, 64, 78, 15, 1, 0.06%, 9, 0, 12, 379.41
1735466294, 10, 65, 78, 15, 1, 0.06%, 9, 0, 12, 339.73
1735466304, 10, 66, 78, 15, 1, 0.06%, 9, 0, 12, 369.81
1735466309, 10, 67, 78, 15, 1, 0.06%, 9, 0, 12, 387.72
1735466314, 10, 68, 78, 15, 1, 0.06%, 9, 0, 12, 369.09
1735466324, 10, 71, 78, 15, 1, 0.06%, 9, 0, 12, 395.45
1735466329, 10, 72, 78, 15, 1, 0.06%, 9, 0, 12, 372.77
1735466340, 10, 73, 78, 15, 1, 0.06%, 9, 0, 12, 387.68
1735466345, 10, 74, 78, 15, 1, 0.06%, 9, 0, 12, 333.27
1735466355, 10, 75, 78, 15, 1, 0.06%, 9, 0, 12, 353.10
1735466365, 11, 35, 78, 15, 1, 0.06%, 9, 0, 12, 359.43
1735466370, 11, 38, 78, 15, 1, 0.06%, 9, 0, 12, 366.25
1735466375, 11, 40, 78, 15, 1, 0.06%, 9, 0, 12, 333.59
1735466385, 11, 42, 78, 15, 1, 0.06%, 9, 0, 12, 355.49
1735466390, 11, 47, 78, 15, 1, 0.06%, 9, 0, 12, 361.52
1735466395, 11, 51, 78, 15, 1, 0.06%, 9, 0, 12, 330.36
1735466405, 11, 56, 78, 15, 1, 0.06%, 9, 0, 12, 361.82
1735466411, 11, 57, 78, 15, 1, 0.06%, 9, 0, 12, 373.39
1735466416, 11, 58, 78, 15, 1, 0.06%, 9, 0, 12, 400.59
1735466421, 11, 59, 78, 15, 1, 0.06%, 9, 0, 12, 358.80
1735466431, 11, 60, 78, 15, 1, 0.06%, 9, 0, 12, 349.96
1735466436, 11, 61, 78, 15, 1, 0.06%, 9, 0, 12, 327.55
1735466441, 11, 63, 78, 15, 1, 0.06%, 9, 0, 12, 351.58
1735466451, 11, 64, 78, 15, 1, 0.06%, 9, 0, 12, 345.10
1735466456, 11, 65, 78, 15, 1, 0.06%, 9, 0, 12, 377.86
1735466461, 11, 66, 78, 15, 1, 0.06%, 9, 0, 12, 322.87
1735466472, 11, 67, 78, 15, 1, 0.06%, 9, 0, 12, 379.12
1735466477, 11, 68, 78, 15, 1, 0.06%, 9, 0, 12, 328.18
1735466487, 11, 71, 78, 15, 1, 0.06%, 9, 0, 12, 368.66
1735466492, 11, 72, 78, 15, 1, 0.06%, 9, 0, 12, 376.23
1735466497, 11, 73, 78, 15, 1, 0.06%, 9, 0, 12, 354.41
1735466507, 11, 74, 78, 15, 1, 0.06%, 9, 0, 12, 374.42
1735466517, 11, 75, 78, 15, 1, 0.06%, 9, 0, 12, 374.45
1735466522, 11, 76, 78, 15, 1, 0.06%, 9, 0, 12, 373.74
1735466568, 11, 77, 78, 15, 1, 0.06%, 9, 0, 12, 348.71
1735466614, 12, 12, 78, 15, 1, 0.06%, 9, 0, 12, 314.48
1735466619, 12, 13, 78, 15, 1, 0.06%, 9, 0, 12, 299.65
1735466640, 12, 14, 78, 14, 0, 0.06%, 9, 0, 12, 327.01
1735466660, 12, 15, 78, 13, 0, 0.06%, 9, 0, 12, 352.14
1735466675, 12, 16, 78, 12, 0, 0.06%, 9, 0, 12, 313.36
1735466696, 12, 17, 78, 11, 0, 0.06%, 9, 0, 12, 398.64
1735466711, 12, 18, 78, 10, 0, 0.06%, 9, 0, 12, 435.82
1735466736, 12, 19, 78, 9, 0, 0.06%, 9, 0, 12, 308.28
1735466741, 12, 20, 78, 9, 0, 0.06%, 9, 0, 12, 262.73
1735466746, 12, 21, 78, 9, 0, 0.06%, 9, 0, 12, 320.93
1735466751, 12, 22, 78, 9, 0, 0.06%, 9, 0, 12, 271.25
1735466772, 12, 23, 78, 8, 0, 0.06%, 9, 0, 12, 292.16
1735466777, 12, 24, 78, 8, 0, 0.06%, 9, 0, 12, 281.11
1735466787, 12, 26, 78, 8, 0, 0.06%, 9, 0, 12, 316.88
1735466792, 12, 27, 78, 8, 0, 0.06%, 9, 0, 12, 350.48
1735466797, 12, 28, 78, 8, 0, 0.06%, 9, 0, 12, 361.22
1735466802, 12, 29, 78, 8, 0, 0.06%, 9, 0, 12, 323.13
1735466823, 12, 30, 78, 7, 0, 0.06%, 9, 0, 12, 280.13
1735466828, 12, 31, 78, 7, 0, 0.06%, 9, 0, 12, 354.81
1735466843, 12, 32, 78, 7, 0, 0.06%, 9, 0, 12, 321.61
1735466848, 12, 33, 78, 7, 0, 0.06%, 9, 0, 12, 358.46
1735466853, 12, 34, 78, 7, 0, 0.06%, 9, 0, 12, 321.52
1735466874, 12, 35, 78, 6, 0, 0.06%, 9, 0, 12, 375.73
1735466879, 12, 37, 78, 6, 0, 0.06%, 9, 0, 12, 315.99
1735466889, 12, 38, 78, 6, 0, 0.06%, 9, 0, 12, 376.46
1735466894, 12, 39, 78, 6, 0, 0.06%, 9, 0, 12, 323.10
1735466904, 12, 40, 78, 6, 0, 0.06%, 9, 0, 12, 308.24
1735466909, 12, 41, 78, 6, 0, 0.06%, 9, 0, 12, 314.18
1735466919, 12, 42, 78, 6, 0, 0.06%, 9, 0, 12, 338.83
1735466924, 12, 43, 78, 6, 0, 0.06%, 9, 0, 12, 346.35
1735466935, 12, 44, 78, 6, 0, 0.06%, 9, 0, 12, 343.98
1735466940, 12, 45, 78, 6, 0, 0.06%, 9, 0, 12, 339.45
1735466950, 12, 46, 78, 6, 0, 0.06%, 9, 0, 12, 454.80
1735466996, 12, 47, 78, 6, 0, 0.06%, 9, 0, 12, 340.79
1735467001, 12, 48, 78, 6, 0, 0.06%, 9, 0, 12, 358.12
1735467011, 12, 49, 78, 6, 0, 0.06%, 9, 0, 12, 301.01
1735467016, 12, 50, 78, 6, 0, 0.06%, 9, 0, 12, 396.46
1735467062, 12, 51, 78, 6, 0, 0.06%, 9, 0, 12, 328.10
1735467072, 12, 52, 78, 6, 0, 0.06%, 9, 0, 12, 384.10
1735467077, 12, 53, 78, 6, 0, 0.06%, 9, 0, 12, 419.20
1735467123, 12, 55, 78, 5, 0, 0.06%, 9, 0, 12, 356.11
1735467128, 12, 56, 78, 5, 0, 0.06%, 9, 0, 12, 382.90
1735467133, 12, 57, 78, 5, 0, 0.06%, 9, 0, 12, 406.06
1735467138, 12, 58, 78, 5, 0, 0.06%, 9, 0, 12, 336.97
1735467148, 12, 59, 78, 5, 0, 0.06%, 9, 0, 12, 354.07
1735467153, 12, 60, 78, 5, 0, 0.06%, 9, 0, 12, 346.27
1735467163, 12, 61, 78, 5, 0, 0.06%, 9, 0, 12, 319.02
1735467168, 12, 62, 78, 5, 0, 0.06%, 9, 0, 12, 368.00
1735467173, 12, 63, 78, 5, 0, 0.06%, 9, 0, 12, 344.33
1735467183, 12, 64, 78, 5, 0, 0.06%, 9, 0, 12, 379.43
1735467188, 12, 65, 78, 5, 0, 0.06%, 9, 0, 12, 391.60
1735467193, 12, 66, 78, 5, 0, 0.06%, 9, 0, 12, 337.90
1735467203, 12, 67, 78, 5, 0, 0.06%, 9, 0, 12, 372.32
1735467208, 12, 68, 78, 5, 0, 0.06%, 9, 0, 12, 324.42
1735467218, 12, 69, 78, 5, 0, 0.06%, 9, 0, 12, 393.36
1735467310, 12, 70, 78, 4, 0, 0.06%, 9, 0, 12, 313.34
1735467478, 12, 71, 78, 3, 0, 0.06%, 9, 0, 12, 387.23
1735467483, 12, 72, 78, 3, 0, 0.06%, 9, 0, 12, 358.71
1735467493, 12, 73, 78, 3, 0, 0.06%, 9, 0, 12, 371.74
1735467498, 12, 74, 78, 3, 0, 0.06%, 9, 0, 12, 344.59
1735467508, 12, 75, 78, 3, 0, 0.06%, 9, 0, 12, 388.58
1735467513, 12, 76, 78, 3, 0, 0.06%, 9, 0, 12, 334.96
1735467523, 12, 77, 78, 3, 0, 0.06%, 9, 0, 12, 370.20
1735467528, 13, 12, 78, 3, 0, 0.06%, 9, 0, 12, 326.00
1735467534, 13, 19, 78, 3, 0, 0.06%, 9, 0, 12, 309.43
1735467539, 13, 21, 78, 3, 0, 0.06%, 9, 0, 12, 311.17
1735467544, 13, 23, 78, 3, 0, 0.06%, 9, 0, 12, 299.95
1735467549, 13, 25, 78, 3, 0, 0.06%, 9, 0, 12, 338.28
1735467554, 13, 26, 78, 3, 0, 0.06%, 9, 0, 12, 316.96
1735467559, 13, 27, 78, 3, 0, 0.06%, 9, 0, 12, 351.26
1735467564, 13, 28, 78, 3, 0, 0.06%, 9, 0, 12, 347.22
1735467569, 13, 31, 78, 3, 0, 0.06%, 9, 0, 12, 325.62
1735467574, 13, 32, 78, 3, 0, 0.06%, 9, 0, 12, 333.63
1735467579, 13, 33, 78, 3, 0, 0.06%, 9, 0, 12, 309.21
1735467584, 13, 35, 78, 3, 0, 0.06%, 9, 0, 12, 348.20
1735467589, 13, 37, 78, 3, 0, 0.06%, 9, 0, 12, 324.43
1735467594, 13, 38, 78, 3, 0, 0.06%, 9, 0, 12, 392.63
1735467599, 13, 39, 78, 3, 0, 0.06%, 9, 0, 12, 338.11
1735467610, 13, 40, 78, 3, 0, 0.06%, 9, 0, 12, 318.30
1735467615, 13, 41, 78, 3, 0, 0.06%, 9, 0, 12, 341.18
1735467625, 13, 42, 78, 3, 0, 0.06%, 9, 0, 12, 343.13
1735467630, 13, 43, 78, 3, 0, 0.06%, 9, 0, 12, 366.62
1735467635, 13, 44, 78, 3, 0, 0.06%, 9, 0, 12, 342.90
1735467645, 13, 45, 78, 3, 0, 0.06%, 9, 0, 12, 347.13
1735467650, 13, 46, 78, 3, 0, 0.06%, 9, 0, 12, 320.81
1735467660, 13, 47, 78, 3, 0, 0.06%, 9, 0, 12, 371.99
1735467665, 13, 48, 78, 3, 0, 0.06%, 9, 0, 12, 357.31
1735467676, 13, 49, 78, 3, 0, 0.06%, 9, 0, 12, 295.83
1735467681, 13, 50, 78, 3, 0, 0.06%, 9, 0, 12, 358.51
1735467686, 13, 51, 78, 3, 0, 0.06%, 9, 0, 12, 326.89
1735467696, 13, 52, 78, 3, 0, 0.06%, 9, 0, 12, 341.13
1735467706, 13, 53, 78, 3, 0, 0.06%, 9, 0, 12, 348.20
1735467711, 13, 55, 78, 3, 0, 0.06%, 9, 0, 12, 355.34
1735467721, 13, 56, 78, 3, 0, 0.06%, 9, 0, 12, 347.36
1735467726, 13, 57, 78, 3, 0, 0.06%, 9, 0, 12, 368.95
1735467731, 13, 58, 78, 3, 0, 0.06%, 9, 0, 12, 381.60
1735467736, 13, 59, 78, 3, 0, 0.06%, 9, 0, 12, 328.08
1735467746, 13, 60, 78, 3, 0, 0.06%, 9, 0, 12, 341.12
1735467751, 13, 61, 78, 3, 0, 0.06%, 9, 0, 12, 330.21
1735467761, 13, 62, 78, 3, 0, 0.06%, 9, 0, 12, 372.48
1735467766, 13, 63, 78, 3, 0, 0.06%, 9, 0, 12, 356.26
1735467777, 13, 64, 78, 3, 0, 0.06%, 9, 0, 12, 369.71
1735467782, 13, 65, 78, 3, 0, 0.06%, 9, 0, 12, 366.65
1735467787, 13, 66, 78, 3, 0, 0.06%, 9, 0, 12, 375.18
1735467792, 13, 67, 78, 3, 0, 0.06%, 9, 0, 12, 356.83
1735467802, 13, 68, 78, 3, 0, 0.06%, 9, 0, 12, 373.93
1735467812, 13, 69, 78, 3, 0, 0.06%, 9, 0, 12, 403.12
1735467822, 13, 70, 78, 3, 0, 0.06%, 9, 0, 12, 348.08
1735467837, 13, 71, 78, 3, 0, 0.06%, 9, 0, 12, 362.21
1735467847, 13, 72, 78, 3, 0, 0.06%, 9, 0, 12, 395.48
1735467853, 13, 73, 78, 3, 0, 0.06%, 9, 0, 12, 398.46
1735467858, 13, 74, 78, 3, 0, 0.06%, 9, 0, 12, 351.63
1735467868, 13, 75, 78, 3, 0, 0.06%, 9, 0, 12, 332.97
1735467878, 13, 76, 78, 3, 0, 0.06%, 9, 0, 12, 365.52
1735467883, 13, 77, 78, 3, 0, 0.06%, 9, 0, 12, 343.89
1735467893, 14, 12, 78, 3, 0, 0.06%, 9, 0, 12, 306.81
1735467898, 14, 19, 78, 3, 0, 0.06%, 9, 0, 12, 290.07
1735467903, 14, 21, 78, 3, 0, 0.06%, 9, 0, 12, 323.83
1735467908, 14, 23, 78, 3, 0, 0.06%, 9, 0, 12, 299.31
1735467913, 14, 26, 78, 3, 0, 0.06%, 9, 0, 12, 313.11
1735467919, 14, 27, 78, 3, 0, 0.06%, 9, 0, 12, 327.47
1735467924, 14, 28, 78, 3, 0, 0.06%, 9, 0, 12, 367.88
1735467929, 14, 31, 78, 3, 0, 0.06%, 9, 0, 12, 333.46
1735467934, 14, 32, 78, 3, 0, 0.06%, 9, 0, 12, 337.23
1735467939, 14, 33, 78, 3, 0, 0.06%, 9, 0, 12, 329.30
1735467944, 14, 35, 78, 3, 0, 0.06%, 9, 0, 12, 356.62
1735467949, 14, 37, 78, 3, 0, 0.06%, 9, 0, 12, 334.41
1735467955, 14, 38, 78, 3, 0, 0.06%, 9, 0, 12, 364.01
1735467965, 14, 39, 78, 3, 0, 0.06%, 9, 0, 12, 324.95
1735467970, 14, 40, 78, 3, 0, 0.06%, 9, 0, 12, 321.17
1735467980, 14, 41, 78, 3, 0, 0.06%, 9, 0, 12, 314.55
1735467985, 14, 42, 78, 3, 0, 0.06%, 9, 0, 12, 362.01
1735467990, 14, 43, 78, 3, 0, 0.06%, 9, 0, 12, 366.48
1735468000, 14, 44, 78, 3, 0, 0.06%, 9, 0, 12, 349.93
1735468005, 14, 45, 78, 3, 0, 0.06%, 9, 0, 12, 349.01
1735468010, 14, 46, 78, 3, 0, 0.06%, 9, 0, 12, 344.83
1735468021, 14, 47, 78, 3, 0, 0.06%, 9, 0, 12, 366.95
1735468026, 14, 48, 78, 3, 0, 0.06%, 9, 0, 12, 339.45
1735468036, 14, 49, 78, 3, 0, 0.06%, 9, 0, 12, 323.16
1735468041, 14, 50, 78, 3, 0, 0.06%, 9, 0, 12, 359.63
1735468046, 14, 51, 78, 3, 0, 0.06%, 9, 0, 12, 364.65
1735468056, 14, 52, 78, 3, 0, 0.06%, 9, 0, 12, 341.82
1735468066, 14, 53, 78, 3, 0, 0.06%, 9, 0, 12, 345.27
1735468071, 14, 55, 78, 3, 0, 0.06%, 9, 0, 12, 354.87
1735468081, 14, 56, 78, 3, 0, 0.06%, 9, 0, 12, 348.46
1735468086, 14, 57, 78, 3, 0, 0.06%, 9, 0, 12, 339.93
1735468091, 14, 58, 78, 3, 0, 0.06%, 9, 0, 12, 388.55
1735468096, 14, 59, 78, 3, 0, 0.06%, 9, 0, 12, 380.95
1735468106, 14, 60, 78, 3, 0, 0.06%, 9, 0, 12, 334.33
1735468112, 14, 61, 78, 3, 0, 0.06%, 9, 0, 12, 329.45
1735468122, 14, 62, 78, 3, 0, 0.06%, 9, 0, 12, 329.16
1735468127, 14, 63, 78, 3, 0, 0.06%, 9, 0, 12, 378.74
1735468132, 14, 64, 78, 3, 0, 0.06%, 9, 0, 12, 382.84
1735468142, 14, 65, 78, 3, 0, 0.06%, 9, 0, 12, 344.21
1735468147, 14, 66, 78, 3, 0, 0.06%, 9, 0, 12, 389.55
1735468152, 14, 67, 78, 3, 0, 0.06%, 9, 0, 12, 333.99
1735468163, 14, 68, 78, 3, 0, 0.06%, 9, 0, 12, 394.08
1735468168, 14, 69, 78, 3, 0, 0.06%, 9, 0, 12, 360.87
1735468178, 14, 70, 78, 3, 0, 0.06%, 9, 0, 12, 336.02
1735468188, 14, 71, 78, 3, 0, 0.06%, 9, 0, 12, 368.77
1735468193, 14, 72, 78, 3, 0, 0.06%, 9, 0, 12, 391.23
1735468198, 14, 73, 78, 3, 0, 0.06%, 9, 0, 12, 337.16
1735468208, 14, 74, 78, 3, 0, 0.06%, 9, 0, 12, 337.86
1735468219, 14, 75, 78, 3, 0, 0.06%, 9, 0, 12, 385.57
1735468224, 14, 76, 78, 3, 0, 0.06%, 9, 0, 12, 359.48
1735468234, 14, 77, 78, 3, 0, 0.06%, 9, 0, 12, 355.52
1735468239, 15, 12, 78, 3, 0, 0.06%, 9, 0, 12, 316.90
1735468244, 15, 19, 78, 3, 0, 0.06%, 9, 0, 12, 298.54
1735468249, 15, 21, 78, 3, 0, 0.06%, 9, 0, 12, 329.83
1735468254, 15, 23, 78, 3, 0, 0.06%, 9, 0, 12, 295.17
1735468259, 15, 25, 78, 3, 0, 0.06%, 9, 0, 12, 345.48
1735468264, 15, 26, 78, 3, 0, 0.06%, 9, 0, 12, 308.24
1735468269, 15, 27, 78, 3, 0, 0.06%, 9, 0, 12, 355.09
1735468274, 15, 28, 78, 3, 0, 0.06%, 9, 0, 12, 344.58
1735468279, 15, 31, 78, 3, 0, 0.06%, 9, 0, 12, 325.53
1735468285, 15, 32, 78, 3, 0, 0.06%, 9, 0, 12, 318.28
1735468290, 15, 33, 78, 3, 0, 0.06%, 9, 0, 12, 314.90
1735468295, 15, 35, 78, 3, 0, 0.06%, 9, 0, 12, 357.05
1735468300, 15, 37, 78, 3, 0, 0.06%, 9, 0, 12, 321.14
1735468305, 15, 38, 78, 3, 0, 0.06%, 9, 0, 12, 369.94
1735468310, 15, 39, 78, 3, 0, 0.06%, 9, 0, 12, 337.98
1735468320, 15, 40, 78, 3, 0, 0.06%, 9, 0, 12, 323.92
1735468325, 15, 41, 78, 3, 0, 0.06%, 9, 0, 12, 342.72
1735468335, 15, 42, 78, 3, 0, 0.06%, 9, 0, 12, 351.97
1735468340, 15, 43, 78, 3, 0, 0.06%, 9, 0, 12, 378.45
1735468345, 15, 44, 78, 3, 0, 0.06%, 9, 0, 12, 356.56
1735468356, 15, 45, 78, 3, 0, 0.06%, 9, 0, 12, 351.90
1735468361, 15, 46, 78, 3, 0, 0.06%, 9, 0, 12, 320.19
1735468371, 15, 47, 78, 3, 0, 0.06%, 9, 0, 12, 359.54
1735468376, 15, 48, 78, 3, 0, 0.06%, 9, 0, 12, 364.33
1735468381, 15, 49, 78, 3, 0, 0.06%, 9, 0, 12, 325.78
1735468391, 15, 50, 78, 3, 0, 0.06%, 9, 0, 12, 365.11
1735468396, 15, 51, 78, 3, 0, 0.06%, 9, 0, 12, 316.86
1735468406, 15, 52, 78, 3, 0, 0.06%, 9, 0, 12, 357.48
1735468416, 15, 53, 78, 3, 0, 0.06%, 9, 0, 12, 345.32
1735468422, 15, 55, 78, 3, 0, 0.06%, 9, 0, 12, 384.17
1735468432, 15, 56, 78, 3, 0, 0.06%, 9, 0, 12, 332.18
1735468437, 15, 57, 78, 3, 0, 0.06%, 9, 0, 12, 365.62
1735468442, 15, 58, 78, 3, 0, 0.06%, 9, 0, 12, 379.79
1735468447, 15, 59, 78, 3, 0, 0.06%, 9, 0, 12, 406.57
1735468457, 15, 60, 78, 3, 0, 0.06%, 9, 0, 12, 329.98
1735468462, 15, 61, 78, 3, 0, 0.06%, 9, 0, 12, 328.27
1735468472, 15, 62, 78, 3, 0, 0.06%, 9, 0, 12, 349.72
1735468478, 15, 63, 78, 3, 0, 0.06%, 9, 0, 12, 384.04
1735468483, 15, 64, 78, 3, 0, 0.06%, 9, 0, 12, 378.62
1735468493, 15, 65, 78, 3, 0, 0.06%, 9, 0, 12, 363.30
1735468498, 15, 66, 78, 3, 0, 0.06%, 9, 0, 12, 386.97
1735468503, 15, 67, 78, 3, 0, 0.06%, 9, 0, 12, 324.40
1735468513, 15, 68, 78, 3, 0, 0.06%, 9, 0, 12, 389.96
1735468518, 15, 69, 78, 3, 0, 0.06%, 9, 0, 12, 346.05
1735468528, 15, 70, 78, 3, 0, 0.06%, 9, 0, 12, 345.15
1735468538, 15, 71, 78, 3, 0, 0.06%, 9, 0, 12, 375.15
1735468543, 15, 72, 78, 3, 0, 0.06%, 9, 0, 12, 349.30
1735468554, 15, 73, 78, 3, 0, 0.06%, 9, 0, 12, 363.26
1735468559, 15, 74, 78, 3, 0, 0.06%, 9, 0, 12, 324.30
1735468569, 15, 75, 78, 3, 0, 0.06%, 9, 0, 12, 405.96
1735468574, 15, 76, 78, 3, 0, 0.06%, 9, 0, 12, 338.41
1735468584, 15, 77, 78, 3, 0, 0.06%, 9, 0, 12, 382.05
1735468589, 16, 12, 78, 3, 0, 0.06%, 9, 0, 12, 330.63
1735468594, 16, 19, 78, 3, 0, 0.06%, 9, 0, 12, 310.71
1735468599, 16, 21, 78, 3, 0, 0.06%, 9, 0, 12, 318.39
1735468604, 16, 23, 78, 3, 0, 0.06%, 9, 0, 12, 305.95
1735468610, 16, 25, 78, 3, 0, 0.06%, 9, 0, 12, 358.98
1735468615, 16, 26, 78, 3, 0, 0.06%, 9, 0, 12, 303.23
1735468620, 16, 27, 78, 3, 0, 0.06%, 9, 0, 12, 337.23
1735468625, 16, 28, 78, 3, 0, 0.06%, 9, 0, 12, 332.12
1735468630, 16, 31, 78, 3, 0, 0.06%, 9, 0, 12, 322.54
1735468635, 16, 33, 78, 3, 0, 0.06%, 9, 0, 12, 347.07
1735468640, 16, 35, 78, 3, 0, 0.06%, 9, 0, 12, 373.13
1735468650, 16, 37, 78, 3, 0, 0.06%, 9, 0, 12, 316.03
1735468655, 16, 38, 78, 3, 0, 0.06%, 9, 0, 12, 360.64
1735468660, 16, 39, 78, 3, 0, 0.06%, 9, 0, 12, 336.82
1735468670, 16, 40, 78, 3, 0, 0.06%, 9, 0, 12, 308.86
1735468675, 16, 41, 78, 3, 0, 0.06%, 9, 0, 12, 346.85
1735468686, 16, 42, 78, 3, 0, 0.06%, 9, 0, 12, 332.82
1735468691, 16, 43, 78, 3, 0, 0.06%, 9, 0, 12, 367.59
1735468696, 16, 44, 78, 3, 0, 0.06%, 9, 0, 12, 346.74
1735468706, 16, 45, 78, 3, 0, 0.06%, 9, 0, 12, 353.82
1735468711, 16, 46, 78, 3, 0, 0.06%, 9, 0, 12, 347.75
1735468721, 16, 47, 78, 3, 0, 0.06%, 9, 0, 12, 335.49
1735468726, 16, 48, 78, 3, 0, 0.06%, 9, 0, 12, 368.68
1735468736, 16, 49, 78, 3, 0, 0.06%, 9, 0, 12, 309.44
1735468741, 16, 50, 78, 3, 0, 0.06%, 9, 0, 12, 362.74
1735468747, 16, 51, 78, 3, 0, 0.06%, 9, 0, 12, 342.96
1735468757, 16, 52, 78, 3, 0, 0.06%, 9, 0, 12, 356.91
1735468762, 16, 53, 78, 3, 0, 0.06%, 9, 0, 12, 318.08
1735468772, 16, 55, 78, 3, 0, 0.06%, 9, 0, 12, 379.20
1735468777, 16, 56, 78, 3, 0, 0.06%, 9, 0, 12, 383.60
1735468782, 16, 57, 78, 3, 0, 0.06%, 9, 0, 12, 341.89
1735468793, 16, 58, 78, 3, 0, 0.06%, 9, 0, 12, 348.95
1735468798, 16, 59, 78, 3, 0, 0.06%, 9, 0, 12, 389.14
1735468803, 16, 60, 78, 3, 0, 0.06%, 9, 0, 12, 324.52
1735468813, 16, 61, 78, 3, 0, 0.06%, 9, 0, 12, 313.96
1735468818, 16, 62, 78, 3, 0, 0.06%, 9, 0, 12, 301.18
1735468828, 16, 63, 78, 3, 0, 0.06%, 9, 0, 12, 366.95
1735468833, 16, 64, 78, 3, 0, 0.06%, 9, 0, 12, 387.93
1735468838, 16, 65, 78, 3, 0, 0.06%, 9, 0, 12, 355.99
1735468848, 16, 66, 78, 3, 0, 0.06%, 9, 0, 12, 361.13
1735468853, 16, 67, 78, 3, 0, 0.06%, 9, 0, 12, 377.16
1735468863, 16, 68, 78, 3, 0, 0.06%, 9, 0, 12, 388.90
1735468868, 16, 69, 78, 3, 0, 0.06%, 9, 0, 12, 367.02
1735468879, 16, 70, 78, 3, 0, 0.06%, 9, 0, 12, 359.12
1735468884, 16, 71, 78, 3, 0, 0.06%, 9, 0, 12, 310.13
1735468894, 16, 72, 78, 3, 0, 0.06%, 9, 0, 12, 371.16
1735468899, 16, 73, 78, 3, 0, 0.06%, 9, 0, 12, 378.29
1735468909, 16, 74, 78, 3, 0, 0.06%, 9, 0, 12, 386.70
1735468914, 16, 75, 78, 3, 0, 0.06%, 9, 0, 12, 313.01
1735468924, 16, 76, 78, 3, 0, 0.06%, 9, 0, 12, 370.38
1735468929, 16, 77, 78, 3, 0, 0.06%, 9, 0, 12, 350.40
1735468939, 17, 12, 78, 3, 0, 0.06%, 9, 0, 12, 303.67
1735468944, 17, 23, 78, 3, 0, 0.06%, 9, 0, 12, 293.88
1735468950, 17, 25, 78, 3, 0, 0.06%, 9, 0, 12, 320.55
1735468955, 17, 26, 78, 3, 0, 0.06%, 9, 0, 12, 304.96
1735468960, 17, 27, 78, 3, 0, 0.06%, 9, 0, 12, 327.03
1735468965, 17, 28, 78, 3, 0, 0.06%, 9, 0, 12, 331.20
1735468970, 17, 31, 78, 3, 0, 0.06%, 9, 0, 12, 312.38
1735468975, 17, 35, 78, 3, 0, 0.06%, 9, 0, 12, 310.10
1735468985, 17, 37, 78, 3, 0, 0.06%, 9, 0, 12, 336.20
1735468990, 17, 38, 78, 3, 0, 0.06%, 9, 0, 12, 383.98
1735468995, 17, 39, 78, 3, 0, 0.06%, 9, 0, 12, 329.11
1735469006, 17, 40, 78, 3, 0, 0.06%, 9, 0, 12, 316.51
1735469011, 17, 41, 78, 3, 0, 0.06%, 9, 0, 12, 338.19
1735469021, 17, 42, 78, 3, 0, 0.06%, 9, 0, 12, 348.15
1735469026, 17, 43, 78, 3, 0, 0.06%, 9, 0, 12, 384.78
1735469031, 17, 44, 78, 3, 0, 0.06%, 9, 0, 12, 348.39
1735469041, 17, 45, 78, 3, 0, 0.06%, 9, 0, 12, 340.96
1735469046, 17, 46, 78, 3, 0, 0.06%, 9, 0, 12, 331.69
1735469056, 17, 47, 78, 3, 0, 0.06%, 9, 0, 12, 337.58
1735469061, 17, 49, 78, 3, 0, 0.06%, 9, 0, 12, 315.37
1735469066, 17, 50, 78, 3, 0, 0.06%, 9, 0, 12, 305.64
1735469077, 17, 51, 78, 3, 0, 0.06%, 9, 0, 12, 335.07
1735469082, 17, 52, 78, 3, 0, 0.06%, 9, 0, 12, 326.29
1735469092, 17, 55, 78, 3, 0, 0.06%, 9, 0, 12, 379.55
1735469097, 17, 56, 78, 3, 0, 0.06%, 9, 0, 12, 335.45
1735469107, 17, 57, 78, 3, 0, 0.06%, 9, 0, 12, 345.70
1735469112, 17, 58, 78, 3, 0, 0.06%, 9, 0, 12, 361.54
1735469117, 17, 59, 78, 3, 0, 0.06%, 9, 0, 12, 384.24
1735469127, 17, 60, 78, 3, 0, 0.06%, 9, 0, 12, 329.27
1735469132, 17, 61, 78, 3, 0, 0.06%, 9, 0, 12, 321.38
1735469137, 17, 62, 78, 3, 0, 0.06%, 9, 0, 12, 356.03
1735469147, 17, 63, 78, 3, 0, 0.06%, 9, 0, 12, 383.98
1735469152, 17, 64, 78, 3, 0, 0.06%, 9, 0, 12, 381.11
1735469158, 17, 65, 78, 3, 0, 0.06%, 9, 0, 12, 342.36
1735469168, 17, 66, 78, 3, 0, 0.06%, 9, 0, 12, 377.62
1735469173, 17, 67, 78, 3, 0, 0.06%, 9, 0, 12, 358.21
1735469183, 17, 68, 78, 3, 0, 0.06%, 9, 0, 12, 390.73
1735469188, 17, 71, 78, 3, 0, 0.06%, 9, 0, 12, 361.99
1735469198, 17, 72, 78, 3, 0, 0.06%, 9, 0, 12, 366.78
1735469203, 17, 73, 78, 3, 0, 0.06%, 9, 0, 12, 348.96
1735469213, 17, 74, 78, 3, 0, 0.06%, 9, 0, 12, 385.99
1735469218, 17, 75, 78, 3, 0, 0.06%, 9, 0, 12, 319.88
1735469229, 17, 76, 78, 3, 0, 0.06%, 9, 0, 12, 375.89
1735469234, 17, 77, 78, 3, 0, 0.06%, 9, 0, 12, 344.78
1735469244, 18, 12, 78, 3, 0, 0.06%, 9, 0, 12, 311.52
1735469249, 18, 23, 78, 3, 0, 0.06%, 9, 0, 12, 304.51
1735469254, 18, 25, 78, 3, 0, 0.06%, 9, 0, 12, 332.48
1735469259, 18, 26, 78, 3, 0, 0.06%, 9, 0, 12, 306.14
1735469264, 18, 28, 78, 3, 0, 0.06%, 9, 0, 12, 340.12
1735469269, 18, 31, 78, 3, 0, 0.06%, 9, 0, 12, 329.04
1735469274, 18, 32, 78, 3, 0, 0.06%, 9, 0, 12, 344.96
1735469279, 18, 35, 78, 3, 0, 0.06%, 9, 0, 12, 381.74
1735469284, 18, 37, 78, 3, 0, 0.06%, 9, 0, 12, 323.03
1735469294, 18, 38, 78, 3, 0, 0.06%, 9, 0, 12, 354.25
1735469300, 18, 39, 78, 3, 0, 0.06%, 9, 0, 12, 315.74
1735469310, 18, 40, 78, 3, 0, 0.06%, 9, 0, 12, 317.06
1735469315, 18, 41, 78, 3, 0, 0.06%, 9, 0, 12, 349.91
1735469325, 18, 42, 78, 3, 0, 0.06%, 9, 0, 12, 344.64
1735469330, 18, 43, 78, 3, 0, 0.06%, 9, 0, 12, 359.13
1735469335, 18, 44, 78, 3, 0, 0.06%, 9, 0, 12, 306.06
1735469345, 18, 45, 78, 3, 0, 0.06%, 9, 0, 12, 353.45
1735469350, 18, 46, 78, 3, 0, 0.06%, 9, 0, 12, 315.66
1735469360, 18, 47, 78, 3, 0, 0.06%, 9, 0, 12, 370.45
1735469365, 18, 49, 78, 3, 0, 0.06%, 9, 0, 12, 321.15
1735469370, 18, 50, 78, 3, 0, 0.06%, 9, 0, 12, 313.28
1735469380, 18, 51, 78, 3, 0, 0.06%, 9, 0, 12, 325.03
1735469385, 18, 52, 78, 3, 0, 0.06%, 9, 0, 12, 348.44
1735469396, 18, 55, 78, 3, 0, 0.06%, 9, 0, 12, 382.20
1735469401, 18, 56, 78, 3, 0, 0.06%, 9, 0, 12, 376.42
1735469411, 18, 57, 78, 3, 0, 0.06%, 9, 0, 12, 345.70
1735469416, 18, 58, 78, 3, 0, 0.06%, 9, 0, 12, 365.50
1735469421, 18, 59, 78, 3, 0, 0.06%, 9, 0, 12, 400.64
1735469426, 18, 60, 78, 3, 0, 0.06%, 9, 0, 12, 327.75
1735469436, 18, 61, 78, 3, 0, 0.06%, 9, 0, 12, 332.77
1735469441, 18, 62, 78, 3, 0, 0.06%, 9, 0, 12, 333.13
1735469452, 18, 63, 78, 3, 0, 0.06%, 9, 0, 12, 356.38
1735469457, 18, 64, 78, 3, 0, 0.06%, 9, 0, 12, 379.39
1735469462, 18, 65, 78, 3, 0, 0.06%, 9, 0, 12, 346.86
1735469472, 18, 66, 78, 3, 0, 0.06%, 9, 0, 12, 350.99
1735469477, 18, 67, 78, 3, 0, 0.06%, 9, 0, 12, 361.24
1735469487, 18, 68, 78, 3, 0, 0.06%, 9, 0, 12, 371.84
1735469492, 18, 71, 78, 3, 0, 0.06%, 9, 0, 12, 361.97
1735469502, 18, 72, 78, 3, 0, 0.06%, 9, 0, 12, 368.07
1735469507, 18, 73, 78, 3, 0, 0.06%, 9, 0, 12, 353.12
1735469517, 18, 74, 78, 3, 0, 0.06%, 9, 0, 12, 386.91
1735469522, 18, 75, 78, 3, 0, 0.06%, 9, 0, 12, 333.66
1735469532, 18, 76, 78, 3, 0, 0.06%, 9, 0, 12, 384.05
1735469538, 18, 77, 78, 3, 0, 0.06%, 9, 0, 12, 332.75
1735469548, 19, 12, 78, 3, 0, 0.06%, 9, 0, 12, 323.22
1735469553, 19, 23, 78, 3, 0, 0.06%, 9, 0, 12, 299.90
1735469558, 19, 25, 78, 3, 0, 0.06%, 9, 0, 12, 331.66
1735469563, 19, 26, 78, 3, 0, 0.06%, 9, 0, 12, 291.87
1735469568, 19, 28, 78, 3, 0, 0.06%, 9, 0, 12, 331.41
1735469573, 19, 31, 78, 3, 0, 0.06%, 9, 0, 12, 334.64
1735469578, 19, 32, 78, 3, 0, 0.06%, 9, 0, 12, 347.19
1735469583, 19, 35, 78, 3, 0, 0.06%, 9, 0, 12, 379.75
1735469588, 19, 37, 78, 3, 0, 0.06%, 9, 0, 12, 340.07
1735469598, 19, 38, 78, 3, 0, 0.06%, 9, 0, 12, 351.91
1735469604, 19, 39, 78, 3, 0, 0.06%, 9, 0, 12, 318.49
1735469614, 19, 40, 78, 3, 0, 0.06%, 9, 0, 12, 306.26
1735469619, 19, 41, 78, 3, 0, 0.06%, 9, 0, 12, 359.69
1735469624, 19, 42, 78, 3, 0, 0.06%, 9, 0, 12, 326.11
1735469634, 19, 43, 78, 3, 0, 0.06%, 9, 0, 12, 347.05
1735469639, 19, 44, 78, 3, 0, 0.06%, 9, 0, 12, 371.49
1735469649, 19, 45, 78, 3, 0, 0.06%, 9, 0, 12, 335.02
1735469654, 19, 46, 78, 3, 0, 0.06%, 9, 0, 12, 355.66
1735469664, 19, 47, 78, 3, 0, 0.06%, 9, 0, 12, 343.00
1735469669, 19, 49, 78, 3, 0, 0.06%, 9, 0, 12, 298.58
1735469674, 19, 50, 78, 3, 0, 0.06%, 9, 0, 12, 320.07
1735469685, 19, 51, 78, 3, 0, 0.06%, 9, 0, 12, 339.39
1735469690, 19, 52, 78, 3, 0, 0.06%, 9, 0, 12, 345.36
1735469700, 19, 55, 78, 3, 0, 0.06%, 9, 0, 12, 366.83
1735469705, 19, 56, 78, 3, 0, 0.06%, 9, 0, 12, 394.29
1735469710, 19, 57, 78, 3, 0, 0.06%, 9, 0, 12, 368.70
1735469720, 19, 58, 78, 3, 0, 0.06%, 9, 0, 12, 382.23
1735469725, 19, 59, 78, 3, 0, 0.06%, 9, 0, 12, 359.36
1735469730, 19, 60, 78, 3, 0, 0.06%, 9, 0, 12, 332.26
1735469741, 19, 61, 78, 3, 0, 0.06%, 9, 0, 12, 326.35
1735469746, 19, 62, 78, 3, 0, 0.06%, 9, 0, 12, 384.04
1735469756, 19, 63, 78, 3, 0, 0.06%, 9, 0, 12, 347.12
1735469761, 19, 64, 78, 3, 0, 0.06%, 9, 0, 12, 368.11
1735469766, 19, 65, 79, 4, 0, 0.06%, 9, 0, 12, 395.41
1735469776, 19, 66, 79, 4, 0, 0.06%, 9, 0, 12, 360.97
1735469781, 19, 67, 79, 4, 0, 0.06%, 9, 0, 12, 393.88
1735469786, 19, 68, 79, 4, 0, 0.06%, 9, 0, 12, 349.35
1735469797, 19, 71, 79, 4, 0, 0.06%, 9, 0, 12, 379.37
1735469807, 19, 72, 79, 4, 0, 0.06%, 9, 0, 12, 347.05
1735469812, 19, 73, 79, 4, 0, 0.06%, 9, 0, 12, 380.99
1735469817, 19, 74, 79, 4, 0, 0.06%, 9, 0, 12, 332.84
1735469827, 19, 75, 79, 4, 0, 0.06%, 9, 0, 12, 357.40
1735469837, 19, 76, 79, 4, 0, 0.06%, 9, 0, 12, 362.86
1735469843, 19, 77, 79, 4, 0, 0.06%, 9, 0, 12, 342.85
1735469853, 19, 78, 80, 5, 0, 0.06%, 9, 0, 13, 368.59
1735469960, 19, 79, 80, 4, 0, 0.06%, 9, 0, 13, 400.17
1735470072, 20, 12, 80, 3, 0, 0.06%, 9, 0, 13, 302.75
1735470078, 20, 23, 80, 3, 0, 0.06%, 9, 0, 13, 289.76
1735470083, 20, 25, 80, 3, 0, 0.06%, 9, 0, 13, 321.61
1735470088, 20, 26, 80, 3, 0, 0.06%, 9, 0, 13, 301.93
1735470093, 20, 27, 80, 3, 0, 0.06%, 9, 0, 13, 327.64
1735470098, 20, 28, 80, 3, 0, 0.06%, 9, 0, 13, 351.00
1735470103, 20, 31, 80, 3, 0, 0.06%, 9, 0, 13, 314.18
1735470108, 20, 35, 80, 3, 0, 0.06%, 9, 0, 13, 322.69
1735470118, 20, 37, 80, 3, 0, 0.06%, 9, 0, 13, 313.22
1735470123, 20, 38, 80, 3, 0, 0.06%, 9, 0, 13, 392.98
1735470128, 20, 39, 80, 3, 0, 0.06%, 9, 0, 13, 349.69
1735470138, 20, 40, 80, 3, 0, 0.06%, 9, 0, 13, 334.87
1735470144, 20, 41, 80, 3, 0, 0.06%, 9, 0, 13, 360.38
1735470149, 20, 42, 80, 3, 0, 0.06%, 9, 0, 13, 332.15
1735470159, 20, 43, 80, 3, 0, 0.06%, 9, 0, 13, 366.14
1735470164, 20, 44, 80, 3, 0, 0.06%, 9, 0, 13, 322.90
1735470174, 20, 45, 80, 3, 0, 0.06%, 9, 0, 13, 341.04
1735470179, 20, 46, 80, 3, 0, 0.06%, 9, 0, 13, 328.02
1735470189, 20, 47, 80, 3, 0, 0.06%, 9, 0, 13, 346.75
1735470194, 20, 49, 80, 3, 0, 0.06%, 9, 0, 13, 315.63
1735470204, 20, 50, 80, 3, 0, 0.06%, 9, 0, 13, 353.03
1735470209, 20, 51, 80, 3, 0, 0.06%, 9, 0, 13, 321.53
1735470219, 20, 52, 80, 3, 0, 0.06%, 9, 0, 13, 334.01
1735470224, 20, 55, 80, 3, 0, 0.06%, 9, 0, 13, 347.85
1735470234, 20, 56, 80, 3, 0, 0.06%, 9, 0, 13, 347.15
1735470240, 20, 57, 80, 3, 0, 0.06%, 9, 0, 13, 350.22
1735470245, 20, 58, 80, 3, 0, 0.06%, 9, 0, 13, 384.94
1735470250, 20, 59, 80, 3, 0, 0.06%, 9, 0, 13, 393.10
1735470255, 20, 60, 80, 3, 0, 0.06%, 9, 0, 13, 353.99
1735470265, 20, 61, 80, 3, 0, 0.06%, 9, 0, 13, 328.64
1735470270, 20, 62, 80, 3, 0, 0.06%, 9, 0, 13, 303.46
1735470280, 20, 63, 80, 3, 0, 0.06%, 9, 0, 13, 371.30
1735470285, 20, 64, 80, 3, 0, 0.06%, 9, 0, 13, 381.76
1735470290, 20, 65, 80, 3, 0, 0.06%, 9, 0, 13, 344.72
1735470300, 20, 66, 80, 3, 0, 0.06%, 9, 0, 13, 370.63
1735470305, 20, 67, 80, 3, 0, 0.06%, 9, 0, 13, 308.70
1735470316, 20, 68, 80, 3, 0, 0.06%, 9, 0, 13, 400.17
1735470321, 20, 71, 80, 3, 0, 0.06%, 9, 0, 13, 317.32
1735470331, 20, 72, 80, 3, 0, 0.06%, 9, 0, 13, 378.57
1735470336, 20, 73, 80, 3, 0, 0.06%, 9, 0, 13, 330.59
1735470346, 20, 74, 80, 3, 0, 0.06%, 9, 0, 13, 398.94
1735470351, 20, 75, 80, 3, 0, 0.06%, 9, 0, 13, 360.84
1735470361, 20, 76, 80, 3, 0, 0.06%, 9, 0, 13, 374.84
1735470366, 20, 77, 80, 3, 0, 0.06%, 9, 0, 13, 349.38
1735470376, 20, 78, 80, 3, 0, 0.06%, 9, 0, 13, 396.23
1735470402, 20, 79, 80, 3, 0, 0.06%, 9, 0, 13, 416.91
1735470427, 21, 12, 80, 3, 0, 0.06%, 9, 0, 13, 311.20
1735470432, 21, 23, 80, 3, 0, 0.06%, 9, 0, 13, 308.42
1735470437, 21, 25, 80, 3, 0, 0.06%, 9, 0, 13, 333.23
1735470442, 21, 26, 80, 3, 0, 0.06%, 9, 0, 13, 303.27
1735470447, 21, 27, 80, 3, 0, 0.06%, 9, 0, 13, 327.56
1735470452, 21, 31, 80, 3, 0, 0.06%, 9, 0, 13, 328.47
1735470457, 21, 32, 80, 3, 0, 0.06%, 9, 0, 13, 318.49
1735470462, 21, 35, 80, 3, 0, 0.06%, 9, 0, 13, 349.28
1735470472, 21, 37, 80, 3, 0, 0.06%, 9, 0, 13, 306.72
1735470478, 21, 38, 80, 3, 0, 0.06%, 9, 0, 13, 383.90
1735470483, 21, 39, 80, 3, 0, 0.06%, 9, 0, 13, 318.79
1735470493, 21, 40, 80, 3, 0, 0.06%, 9, 0, 13, 311.29
1735470498, 21, 41, 80, 3, 0, 0.06%, 9, 0, 13, 348.47
1735470508, 21, 42, 80, 3, 0, 0.06%, 9, 0, 13, 364.05
1735470513, 21, 43, 80, 3, 0, 0.06%, 9, 0, 13, 368.75
1735470518, 21, 44, 80, 3, 0, 0.06%, 9, 0, 13, 332.41
1735470528, 21, 45, 80, 3, 0, 0.06%, 9, 0, 13, 342.71
1735470533, 21, 46, 80, 3, 0, 0.06%, 9, 0, 13, 353.15
1735470543, 21, 47, 80, 3, 0, 0.06%, 9, 0, 13, 359.90
1735470549, 21, 49, 80, 3, 0, 0.06%, 9, 0, 13, 317.62
1735470554, 21, 50, 80, 3, 0, 0.06%, 9, 0, 13, 312.17
1735470564, 21, 51, 80, 3, 0, 0.06%, 9, 0, 13, 327.21
1735470569, 21, 52, 80, 3, 0, 0.06%, 9, 0, 13, 334.56
1735470579, 21, 55, 80, 3, 0, 0.06%, 9, 0, 13, 361.94
1735470584, 21, 56, 80, 3, 0, 0.06%, 9, 0, 13, 381.99
1735470589, 21, 57, 80, 3, 0, 0.06%, 9, 0, 13, 329.93
1735470599, 21, 58, 80, 3, 0, 0.06%, 9, 0, 13, 347.98
1735470604, 21, 59, 80, 3, 0, 0.06%, 9, 0, 13, 392.30
1735470609, 21, 60, 80, 3, 0, 0.06%, 9, 0, 13, 335.05
1735470619, 21, 61, 80, 3, 0, 0.06%, 9, 0, 13, 318.94
1735470624, 21, 62, 80, 3, 0, 0.06%, 9, 0, 13, 301.09
1735470635, 21, 63, 80, 3, 0, 0.06%, 9, 0, 13, 384.03
1735470640, 21, 64, 80, 3, 0, 0.06%, 9, 0, 13, 400.15
1735470645, 21, 65, 80, 3, 0, 0.06%, 9, 0, 13, 367.23
1735470655, 21, 66, 80, 3, 0, 0.06%, 9, 0, 13, 348.75
1735470660, 21, 67, 80, 3, 0, 0.06%, 9, 0, 13, 400.42
1735470665, 21, 68, 80, 3, 0, 0.06%, 9, 0, 13, 362.69
1735470675, 21, 71, 80, 3, 0, 0.06%, 9, 0, 13, 353.90
1735470685, 21, 72, 80, 3, 0, 0.06%, 9, 0, 13, 373.96
1735470690, 21, 73, 80, 3, 0, 0.06%, 9, 0, 13, 391.31
1735470695, 21, 74, 80, 3, 0, 0.06%, 9, 0, 13, 355.86
1735470705, 21, 75, 80, 3, 0, 0.06%, 9, 0, 13, 370.50
1735470716, 21, 76, 80, 3, 0, 0.06%, 9, 0, 13, 347.59
1735470721, 21, 77, 80, 3, 0, 0.06%, 9, 0, 13, 336.13
1735470731, 21, 78, 80, 3, 0, 0.06%, 9, 0, 13, 430.03
1735470756, 21, 79, 80, 3, 0, 0.06%, 9, 0, 13, 417.60
1735470781, 22, 23, 80, 3, 0, 0.06%, 9, 0, 13, 322.63
1735470786, 22, 25, 80, 3, 0, 0.06%, 9, 0, 13, 307.83
1735470791, 22, 26, 80, 3, 0, 0.06%, 9, 0, 13, 298.04
1735470797, 22, 27, 80, 3, 0, 0.06%, 9, 0, 13, 366.24
1735470802, 22, 28, 80, 3, 0, 0.06%, 9, 0, 13, 352.22
1735470807, 22, 31, 80, 3, 0, 0.06%, 9, 0, 13, 336.03
1735470812, 22, 32, 80, 3, 0, 0.06%, 9, 0, 13, 336.57
1735470817, 22, 35, 80, 3, 0, 0.06%, 9, 0, 13, 363.87
1735470822, 22, 37, 80, 3, 0, 0.06%, 9, 0, 13, 332.57
1735470827, 22, 38, 80, 3, 0, 0.06%, 9, 0, 13, 336.59
1735470837, 22, 39, 80, 3, 0, 0.06%, 9, 0, 13, 324.80
1735470842, 22, 40, 80, 3, 0, 0.06%, 9, 0, 13, 324.66
1735470847, 22, 41, 80, 3, 0, 0.06%, 9, 0, 13, 312.59
1735470858, 22, 42, 80, 3, 0, 0.06%, 9, 0, 13, 353.12
1735470863, 22, 43, 80, 3, 0, 0.06%, 9, 0, 13, 336.33
1735470873, 22, 44, 80, 3, 0, 0.06%, 9, 0, 13, 337.87
1735470878, 22, 45, 80, 3, 0, 0.06%, 9, 0, 13, 328.67
1735470888, 22, 46, 80, 3, 0, 0.06%, 9, 0, 13, 348.38
1735470893, 22, 47, 80, 3, 0, 0.06%, 9, 0, 13, 370.92
1735470903, 22, 49, 80, 3, 0, 0.06%, 9, 0, 13, 296.69
1735470908, 22, 50, 80, 3, 0, 0.06%, 9, 0, 13, 371.58
1735470913, 22, 51, 80, 3, 0, 0.06%, 9, 0, 13, 316.40
1735470923, 22, 52, 80, 3, 0, 0.06%, 9, 0, 13, 359.29
1735470928, 22, 55, 80, 3, 0, 0.06%, 9, 0, 13, 329.71
1735470938, 22, 56, 80, 3, 0, 0.06%, 9, 0, 13, 352.18
1735470944, 22, 57, 80, 3, 0, 0.06%, 9, 0, 13, 373.39
1735470949, 22, 58, 80, 3, 0, 0.06%, 9, 0, 13, 370.04
1735470954, 22, 59, 80, 3, 0, 0.06%, 9, 0, 13, 347.60
1735470964, 22, 60, 80, 3, 0, 0.06%, 9, 0, 13, 352.40
1735470969, 22, 61, 80, 3, 0, 0.06%, 9, 0, 13, 336.20
1735470979, 22, 62, 80, 3, 0, 0.06%, 9, 0, 13, 374.42
1735470984, 22, 63, 80, 3, 0, 0.06%, 9, 0, 13, 406.10
1735470989, 22, 64, 80, 3, 0, 0.06%, 9, 0, 13, 348.81
1735470999, 22, 65, 80, 3, 0, 0.06%, 9, 0, 13, 381.57
1735471004, 22, 66, 80, 3, 0, 0.06%, 9, 0, 13, 413.81
1735471010, 22, 67, 80, 3, 0, 0.06%, 9, 0, 13, 364.57
1735471020, 22, 68, 80, 3, 0, 0.06%, 9, 0, 13, 390.95
1735471025, 22, 71, 80, 3, 0, 0.06%, 9, 0, 13, 352.07
1735471035, 22, 72, 80, 3, 0, 0.06%, 9, 0, 13, 363.81
1735471040, 22, 73, 80, 3, 0, 0.06%, 9, 0, 13, 352.70
1735471050, 22, 74, 80, 3, 0, 0.06%, 9, 0, 13, 376.23
1735471055, 22, 75, 80, 3, 0, 0.06%, 9, 0, 13, 331.25
1735471065, 22, 76, 80, 3, 0, 0.06%, 9, 0, 13, 362.38
1735471071, 22, 77, 80, 3, 0, 0.06%, 9, 0, 13, 325.85
1735471081, 22, 78, 80, 3, 0, 0.06%, 9, 0, 13, 422.72
1735471106, 22, 79, 80, 3, 0, 0.06%, 9, 0, 13, 419.04
1735471132, 23, 12, 80, 3, 0, 0.06%, 9, 0, 13, 311.69
1735471137, 23, 23, 80, 3, 0, 0.06%, 9, 0, 13, 286.18
1735471142, 23, 25, 80, 3, 0, 0.06%, 9, 0, 13, 320.42
1735471147, 23, 26, 80, 3, 0, 0.06%, 9, 0, 13, 313.60
1735471152, 23, 28, 80, 3, 0, 0.06%, 9, 0, 13, 351.11
1735471157, 23, 31, 80, 3, 0, 0.06%, 9, 0, 13, 346.12
1735471162, 23, 32, 80, 3, 0, 0.06%, 9, 0, 13, 352.36
1735471168, 23, 35, 80, 3, 0, 0.06%, 9, 0, 13, 369.81
1735471173, 23, 37, 80, 3, 0, 0.06%, 9, 0, 13, 335.78
1735471183, 23, 38, 80, 3, 0, 0.06%, 9, 0, 13, 351.33
1735471188, 23, 39, 80, 3, 0, 0.06%, 9, 0, 13, 321.84
1735471198, 23, 40, 80, 3, 0, 0.06%, 9, 0, 13, 299.15
1735471203, 23, 41, 80, 3, 0, 0.06%, 9, 0, 13, 355.70
1735471208, 23, 42, 80, 3, 0, 0.06%, 9, 0, 13, 331.39
1735471218, 23, 43, 80, 3, 0, 0.06%, 9, 0, 13, 364.77
1735471223, 23, 44, 80, 3, 0, 0.06%, 9, 0, 13, 346.82
1735471233, 23, 45, 80, 3, 0, 0.06%, 9, 0, 13, 346.54
1735471238, 23, 46, 80, 3, 0, 0.06%, 9, 0, 13, 364.32
1735471248, 23, 47, 80, 3, 0, 0.06%, 9, 0, 13, 328.97
1735471253, 23, 49, 80, 3, 0, 0.06%, 9, 0, 13, 308.07
1735471258, 23, 50, 80, 3, 0, 0.06%, 9, 0, 13, 327.08
1735471269, 23, 51, 80, 3, 0, 0.06%, 9, 0, 13, 318.74
1735471274, 23, 52, 80, 3, 0, 0.06%, 9, 0, 13, 339.63
1735471284, 23, 55, 80, 3, 0, 0.06%, 9, 0, 13, 356.36
1735471294, 23, 56, 80, 3, 0, 0.06%, 9, 0, 13, 347.78
1735471299, 23, 57, 80, 3, 0, 0.06%, 9, 0, 13, 360.11
1735471304, 23, 58, 80, 3, 0, 0.06%, 9, 0, 13, 378.63
1735471309, 23, 59, 80, 3, 0, 0.06%, 9, 0, 13, 365.36
1735471319, 23, 60, 80, 3, 0, 0.06%, 9, 0, 13, 348.00
1735471324, 23, 61, 80, 3, 0, 0.06%, 9, 0, 13, 329.17
1735471329, 23, 62, 80, 3, 0, 0.06%, 9, 0, 13, 353.30
1735471339, 23, 63, 80, 3, 0, 0.06%, 9, 0, 13, 373.17
1735471344, 23, 64, 80, 3, 0, 0.06%, 9, 0, 13, 405.01
1735471350, 23, 65, 80, 3, 0, 0.06%, 9, 0, 13, 344.61
1735471360, 23, 66, 80, 3, 0, 0.06%, 9, 0, 13, 374.51
1735471365, 23, 67, 80, 3, 0, 0.06%, 9, 0, 13, 385.01
1735471375, 23, 68, 80, 3, 0, 0.06%, 9, 0, 13, 359.78
1735471380, 23, 71, 80, 3, 0, 0.06%, 9, 0, 13, 401.32
1735471385, 23, 72, 80, 3, 0, 0.06%, 9, 0, 13, 367.06
1735471395, 23, 73, 80, 3, 0, 0.06%, 9, 0, 13, 398.72
1735471400, 23, 74, 80, 3, 0, 0.06%, 9, 0, 13, 359.42
1735471410, 23, 75, 80, 3, 0, 0.06%, 9, 0, 13, 341.65
1735471420, 23, 76, 80, 3, 0, 0.06%, 9, 0, 13, 358.01
1735471425, 23, 77, 80, 3, 0, 0.06%, 9, 0, 13, 341.80
1735471436, 23, 78, 80, 3, 0, 0.06%, 9, 0, 13, 416.21
1735471446, 23, 79, 80, 3, 0, 0.06%, 9, 0, 13, 325.48
1735471461, 24, 12, 80, 3, 0, 0.06%, 9, 0, 13, 320.50
1735471466, 24, 31, 80, 3, 0, 0.06%, 9, 0, 13, 313.28
1735471471, 24, 32, 80, 3, 0, 0.06%, 9, 0, 13, 337.27
1735471476, 24, 35, 80, 3, 0, 0.06%, 9, 0, 13, 369.06
1735471481, 24, 37, 80, 3, 0, 0.06%, 9, 0, 13, 329.88
1735471491, 24, 38, 80, 3, 0, 0.06%, 9, 0, 13, 336.08
1735471496, 24, 39, 80, 3, 0, 0.06%, 9, 0, 13, 327.13
1735471501, 24, 40, 80, 3, 0, 0.06%, 9, 0, 13, 324.65
1735471512, 24, 41, 80, 3, 0, 0.06%, 9, 0, 13, 336.35
1735471517, 24, 42, 80, 3, 0, 0.06%, 9, 0, 13, 392.05
1735471522, 24, 43, 80, 3, 0, 0.06%, 9, 0, 13, 340.90
1735471532, 24, 44, 80, 3, 0, 0.06%, 9, 0, 13, 350.38
1735471537, 24, 45, 80, 3, 0, 0.06%, 9, 0, 13, 365.09
1735471547, 24, 46, 80, 3, 0, 0.06%, 9, 0, 13, 349.23
1735471552, 24, 47, 80, 3, 0, 0.06%, 9, 0, 13, 368.03
1735471562, 24, 50, 80, 3, 0, 0.06%, 9, 0, 13, 358.33
1735471568, 24, 51, 80, 3, 0, 0.06%, 9, 0, 13, 343.11
1735471573, 24, 52, 80, 3, 0, 0.06%, 9, 0, 13, 331.36
1735471583, 24, 55, 80, 3, 0, 0.06%, 9, 0, 13, 368.05
1735471588, 24, 56, 80, 3, 0, 0.06%, 9, 0, 13, 316.74
1735471598, 24, 57, 80, 3, 0, 0.06%, 9, 0, 13, 353.92
1735471603, 24, 58, 80, 3, 0, 0.06%, 9, 0, 13, 363.78
1735471608, 24, 59, 80, 3, 0, 0.06%, 9, 0, 13, 385.71
1735471618, 24, 60, 80, 3, 0, 0.06%, 9, 0, 13, 329.57
1735471623, 24, 61, 80, 3, 0, 0.06%, 9, 0, 13, 319.50
1735471634, 24, 63, 80, 3, 0, 0.06%, 9, 0, 13, 365.40
1735471639, 24, 64, 80, 3, 0, 0.06%, 9, 0, 13, 362.07
1735471644, 24, 65, 80, 3, 0, 0.06%, 9, 0, 13, 389.10
1735471649, 24, 66, 80, 3, 0, 0.06%, 9, 0, 13, 323.88
1735471659, 24, 67, 80, 3, 0, 0.06%, 9, 0, 13, 394.08
1735471664, 24, 68, 80, 3, 0, 0.06%, 9, 0, 13, 365.63
1735471674, 24, 71, 80, 3, 0, 0.06%, 9, 0, 13, 402.65
1735471679, 24, 72, 80, 3, 0, 0.06%, 9, 0, 13, 341.07
1735471689, 24, 73, 80, 3, 0, 0.06%, 9, 0, 13, 397.66
1735471694, 24, 74, 80, 3, 0, 0.06%, 9, 0, 13, 345.72
1735471704, 24, 75, 80, 3, 0, 0.06%, 9, 0, 13, 346.92
1735471714, 24, 76, 80, 3, 0, 0.06%, 9, 0, 13, 350.51
1735471720, 24, 77, 80, 3, 0, 0.06%, 9, 0, 13, 332.65
1735471730, 24, 78, 80, 3, 0, 0.06%, 9, 0, 13, 411.36
1735471740, 24, 79, 80, 3, 0, 0.06%, 9, 0, 13, 344.45
1735471755, 25, 12, 80, 3, 0, 0.06%, 9, 0, 13, 308.66
