# unix_time, cycles_done, cur_path, paths_total, pending_total, pending_favs, map_size, unique_crashes, unique_hangs, max_depth, execs_per_sec
1734351730, 0, 0, 10, 10, 1, 0.00%, 0, 0, 1, 173.91
1734351735, 0, 4, 10, 10, 1, 0.00%, 0, 0, 1, 200.43
1734351740, 0, 5, 10, 9, 0, 0.00%, 0, 0, 1, 206.65
1734351745, 0, 6, 10, 8, 0, 0.00%, 0, 0, 1, 201.54
1734351755, 0, 7, 10, 7, 0, 0.00%, 0, 0, 1, 208.70
1734351760, 0, 8, 10, 6, 0, 0.00%, 0, 0, 1, 200.39
1734351771, 0, 9, 10, 5, 0, 0.00%, 0, 0, 1, 204.11
1734351776, 1, 0, 10, 4, 0, 0.00%, 0, 0, 1, 193.01
1734351786, 1, 1, 10, 3, 0, 0.00%, 0, 0, 1, 193.90
1734351796, 1, 2, 10, 2, 0, 0.00%, 0, 0, 1, 210.34
1734351806, 1, 3, 10, 1, 0, 0.00%, 0, 0, 1, 210.01
1734351816, 1, 4, 10, 0, 0, 0.00%, 0, 0, 1, 207.49
1734351826, 1, 6, 10, 0, 0, 0.00%, 0, 0, 1, 205.69
1734351831, 1, 7, 10, 0, 0, 0.00%, 0, 0, 1, 207.30
1734351837, 1, 8, 10, 0, 0, 0.00%, 0, 0, 1, 209.27
1734351842, 2, 0, 10, 0, 0, 0.00%, 0, 0, 1, 206.38
1734351847, 2, 1, 10, 0, 0, 0.00%, 0, 0, 1, 207.31
1734351852, 2, 3, 10, 0, 0, 0.00%, 0, 0, 1, 208.15
1734351857, 2, 4, 10, 0, 0, 0.00%, 0, 0, 1, 205.28
1734351862, 2, 5, 10, 0, 0, 0.00%, 0, 0, 1, 207.48
1734351867, 2, 7, 10, 0, 0, 0.00%, 0, 0, 1, 207.72
1734351872, 2, 8, 10, 0, 0, 0.00%, 0, 0, 1, 209.97
1734351877, 3, 0, 10, 0, 0, 0.00%, 0, 0, 1, 206.03
1734351882, 3, 1, 10, 0, 0, 0.00%, 0, 0, 1, 206.62
1734351887, 3, 2, 10, 0, 0, 0.00%, 0, 0, 1, 208.26
1734351892, 3, 4, 10, 0, 0, 0.00%, 0, 0, 1, 209.50
1734351897, 3, 5, 10, 0, 0, 0.00%, 0, 0, 1, 203.65
1734351902, 3, 7, 10, 0, 0, 0.00%, 0, 0, 1, 207.28
1734351907, 3, 8, 10, 0, 0, 0.00%, 0, 0, 1, 206.70
1734351913, 3, 9, 10, 0, 0, 0.00%, 0, 0, 1, 206.42
1734351918, 4, 1, 10, 0, 0, 0.00%, 0, 0, 1, 206.48
1734351923, 4, 2, 10, 0, 0, 0.00%, 0, 0, 1, 208.44
1734351928, 4, 4, 10, 0, 0, 0.00%, 0, 0, 1, 207.32
1734351933, 4, 5, 10, 0, 0, 0.00%, 0, 0, 1, 205.60
1734351938, 4, 6, 10, 0, 0, 0.00%, 0, 0, 1, 207.70
1734351943, 4, 8, 10, 0, 0, 0.00%, 0, 0, 1, 208.06
1734351948, 4, 10, 11, 1, 1, 0.05%, 1, 0, 2, 212.60
1734351969, 4, 10, 12, 2, 1, 0.05%, 2, 0, 3, 268.12
1734352060, 4, 10, 13, 3, 1, 0.05%, 2, 0, 3, 225.56
1734352070, 4, 11, 14, 3, 1, 0.05%, 2, 0, 4, 239.81
1734352080, 4, 11, 15, 4, 1, 0.05%, 2, 0, 4, 266.40
1734352086, 4, 11, 17, 6, 1, 0.05%, 3, 0, 4, 266.30
1734352116, 4, 11, 18, 7, 1, 0.05%, 4, 0, 4, 269.11
1734352126, 4, 11, 20, 9, 1, 0.06%, 6, 0, 4, 276.13
1734352166, 4, 11, 21, 10, 1, 0.06%, 6, 0, 4, 228.16
1734352181, 4, 19, 21, 9, 4, 0.06%, 6, 0, 4, 226.84
1734352187, 4, 19, 22, 10, 4, 0.06%, 6, 0, 5, 294.57
1734352233, 4, 19, 23, 11, 4, 0.06%, 6, 0, 5, 301.66
1734352253, 4, 19, 24, 12, 4, 0.06%, 6, 0, 5, 310.66
1734352268, 4, 19, 26, 14, 4, 0.06%, 6, 0, 5, 236.96
1734352288, 5, 15, 27, 14, 3, 0.06%, 6, 0, 5, 273.90
1734352299, 5, 15, 28, 15, 3, 0.06%, 6, 0, 5, 359.92
1734352319, 5, 15, 29, 16, 3, 0.06%, 6, 0, 5, 359.56
1734352385, 5, 17, 31, 17, 2, 0.06%, 6, 0, 5, 253.01
1734352405, 5, 17, 32, 18, 2, 0.06%, 6, 0, 5, 271.62
1734352411, 5, 17, 33, 19, 2, 0.06%, 6, 0, 5, 269.11
1734352421, 5, 17, 34, 20, 2, 0.06%, 6, 0, 5, 266.37
1734352456, 5, 17, 35, 21, 2, 0.06%, 7, 0, 5, 275.49
1734352492, 5, 34, 35, 20, 2, 0.06%, 7, 0, 5, 258.06
1734352497, 5, 34, 36, 21, 2, 0.06%, 7, 0, 6, 396.07
1734352502, 5, 34, 37, 22, 2, 0.06%, 8, 0, 6, 454.79
1734352507, 5, 34, 38, 23, 2, 0.06%, 8, 0, 6, 470.02
1734352532, 5, 34, 39, 24, 2, 0.06%, 8, 0, 6, 472.87
1734352537, 5, 34, 40, 25, 2, 0.06%, 8, 0, 6, 475.37
1734352542, 5, 34, 41, 26, 2, 0.06%, 8, 0, 6, 474.88
1734352573, 5, 36, 42, 26, 2, 0.06%, 9, 0, 7, 315.07
1734352578, 5, 36, 43, 27, 2, 0.06%, 9, 0, 7, 464.94
1734352594, 5, 36, 44, 28, 2, 0.06%, 9, 0, 7, 506.79
1734352614, 5, 36, 45, 29, 2, 0.06%, 9, 0, 7, 502.40
1734352629, 5, 36, 46, 30, 2, 0.06%, 9, 0, 7, 297.12
1734352644, 5, 41, 46, 29, 2, 0.06%, 9, 0, 7, 294.54
1734352650, 5, 41, 47, 30, 2, 0.06%, 9, 0, 8, 468.00
1734352665, 5, 41, 49, 32, 2, 0.06%, 9, 0, 8, 506.93
1734352675, 5, 41, 51, 34, 2, 0.06%, 9, 0, 8, 496.97
1734352680, 5, 41, 52, 35, 2, 0.06%, 9, 0, 8, 505.43
1734352706, 5, 41, 53, 36, 2, 0.06%, 9, 0, 8, 311.00
1734352721, 5, 51, 53, 35, 1, 0.06%, 9, 0, 8, 477.47
1734352726, 5, 51, 54, 36, 1, 0.06%, 9, 0, 9, 532.99
1734352751, 5, 51, 55, 37, 1, 0.06%, 9, 0, 9, 545.44
1734352761, 5, 51, 56, 38, 1, 0.06%, 9, 0, 9, 542.19
1734352772, 5, 51, 57, 39, 1, 0.06%, 9, 0, 9, 377.80
1734352787, 5, 52, 57, 38, 1, 0.06%, 9, 0, 9, 290.94
1734352915, 5, 52, 59, 40, 1, 0.06%, 9, 0, 9, 483.29
1734352920, 5, 52, 61, 42, 1, 0.06%, 9, 0, 9, 483.19
1734352931, 5, 52, 62, 43, 1, 0.06%, 9, 0, 9, 480.42
1734352951, 5, 52, 63, 44, 1, 0.06%, 9, 0, 9, 327.90
1734352956, 5, 52, 64, 45, 1, 0.06%, 9, 0, 9, 356.89
1734352961, 5, 53, 64, 44, 1, 0.06%, 9, 0, 9, 418.48
1734353007, 5, 54, 64, 43, 1, 0.06%, 9, 0, 9, 438.72
1734353042, 5, 54, 65, 44, 1, 0.06%, 9, 0, 10, 302.65
1734353053, 5, 55, 65, 43, 1, 0.06%, 9, 0, 10, 398.66
1734353114, 5, 55, 66, 44, 1, 0.06%, 9, 0, 10, 496.94
1734353124, 5, 55, 67, 45, 1, 0.06%, 9, 0, 10, 485.26
1734353180, 5, 56, 67, 44, 1, 0.06%, 9, 0, 10, 345.05
1734353237, 5, 56, 68, 45, 1, 0.06%, 9, 0, 10, 469.59
1734353303, 5, 57, 68, 44, 1, 0.06%, 9, 0, 10, 403.18
1734353375, 5, 57, 69, 45, 1, 0.06%, 9, 0, 10, 453.35
1734353395, 5, 58, 69, 44, 1, 0.06%, 9, 0, 10, 248.02
1734353544, 5, 59, 69, 43, 1, 0.06%, 9, 0, 10, 378.43
1734353734, 5, 62, 69, 42, 1, 0.06%, 9, 0, 10, 311.72
1734353795, 5, 63, 69, 41, 1, 0.06%, 9, 0, 10, 370.48
1734353907, 5, 64, 69, 40, 1, 0.06%, 9, 0, 10, 236.85
1734354706, 6, 15, 69, 39, 1, 0.06%, 9, 0, 10, 298.24
1734354711, 6, 19, 69, 39, 1, 0.06%, 9, 0, 10, 293.25
1734354716, 6, 21, 69, 39, 1, 0.06%, 9, 0, 10, 277.71
1734354751, 6, 22, 69, 38, 1, 0.06%, 9, 0, 10, 388.43
1734354782, 6, 22, 70, 39, 1, 0.06%, 9, 0, 10, 357.27
1734354792, 6, 22, 71, 40, 1, 0.06%, 9, 0, 10, 296.03
1734354797, 6, 23, 71, 39, 1, 0.06%, 9, 0, 10, 384.14
1734354832, 6, 24, 71, 38, 1, 0.06%, 9, 0, 10, 279.56
1734354878, 6, 25, 71, 37, 1, 0.06%, 9, 0, 10, 267.59
1734354913, 6, 26, 71, 36, 1, 0.06%, 9, 0, 10, 276.68
1734354954, 6, 27, 71, 35, 1, 0.06%, 9, 0, 10, 320.51
1734355005, 6, 28, 71, 34, 1, 0.06%, 9, 0, 10, 360.17
1734355030, 6, 28, 72, 35, 1, 0.06%, 9, 0, 10, 361.39
1734355040, 6, 37, 72, 34, 1, 0.06%, 9, 0, 10, 419.45
1734355081, 6, 38, 72, 33, 1, 0.06%, 9, 0, 10, 339.35
1734355193, 6, 39, 72, 32, 1, 0.06%, 9, 0, 10, 339.74
1734355229, 6, 40, 72, 31, 1, 0.06%, 9, 0, 10, 389.84
1734355285, 6, 41, 72, 30, 1, 0.06%, 9, 0, 10, 351.58
1734355290, 6, 41, 73, 31, 1, 0.06%, 9, 0, 10, 342.22
1734355295, 6, 42, 73, 31, 1, 0.06%, 9, 0, 10, 343.04
1734355331, 6, 43, 73, 30, 1, 0.06%, 9, 0, 10, 415.48
1734355366, 6, 44, 73, 29, 1, 0.06%, 9, 0, 10, 394.06
1734355423, 6, 44, 74, 30, 1, 0.06%, 9, 0, 10, 494.23
1734355444, 6, 44, 75, 31, 1, 0.06%, 9, 0, 10, 511.78
1734355474, 6, 45, 75, 30, 1, 0.06%, 9, 0, 10, 354.16
1734355550, 6, 45, 76, 31, 1, 0.06%, 9, 0, 10, 305.82
1734355555, 6, 46, 76, 30, 1, 0.06%, 9, 0, 10, 330.29
1734355606, 6, 47, 76, 29, 1, 0.06%, 9, 0, 10, 314.26
1734355657, 6, 48, 76, 28, 1, 0.06%, 9, 0, 10, 334.12
1734355718, 6, 48, 77, 29, 1, 0.06%, 9, 0, 10, 488.14
1734356111, 6, 50, 77, 28, 1, 0.06%, 9, 0, 10, 392.15
1734356269, 6, 51, 77, 27, 1, 0.06%, 9, 0, 10, 407.44
1734356279, 6, 53, 77, 27, 1, 0.06%, 9, 0, 10, 324.72
1734356294, 6, 54, 77, 27, 1, 0.06%, 9, 0, 10, 441.95
1734356304, 6, 55, 77, 27, 1, 0.06%, 9, 0, 10, 312.91
1734356320, 6, 56, 77, 27, 1, 0.06%, 9, 0, 10, 325.75
1734356335, 6, 62, 77, 27, 1, 0.06%, 9, 0, 10, 346.43
1734356350, 6, 63, 77, 27, 1, 0.06%, 9, 0, 10, 276.44
1734356365, 6, 64, 77, 27, 1, 0.06%, 9, 0, 10, 435.69
1734356396, 6, 69, 77, 27, 1, 0.06%, 9, 0, 10, 325.07
1734356513, 6, 71, 77, 26, 1, 0.06%, 9, 0, 10, 262.77
1734356518, 6, 71, 78, 27, 1, 0.06%, 9, 0, 10, 372.37
1734356863, 6, 72, 78, 26, 1, 0.06%, 9, 0, 10, 383.81
1734356980, 6, 73, 78, 25, 1, 0.06%, 9, 0, 10, 294.31
1734357087, 6, 74, 78, 24, 1, 0.06%, 9, 0, 10, 349.70
1734357189, 6, 75, 78, 23, 1, 0.06%, 9, 0, 10, 420.53
1734357312, 7, 18, 78, 22, 1, 0.06%, 9, 0, 10, 432.28
1734357337, 7, 20, 78, 21, 0, 0.06%, 9, 0, 10, 302.44
1734357388, 7, 40, 78, 20, 0, 0.06%, 9, 0, 10, 375.65
1734357398, 7, 51, 78, 20, 0, 0.06%, 9, 0, 10, 372.40
1734357403, 7, 53, 78, 20, 0, 0.06%, 9, 0, 10, 352.23
1734357409, 7, 54, 78, 20, 0, 0.06%, 9, 0, 10, 382.27
1734357414, 7, 55, 78, 20, 0, 0.06%, 9, 0, 10, 327.55
1734357424, 7, 56, 78, 20, 0, 0.06%, 9, 0, 10, 381.15
1734357429, 7, 63, 78, 20, 0, 0.06%, 9, 0, 10, 352.02
1734357439, 7, 64, 78, 20, 0, 0.06%, 9, 0, 10, 444.96
1734357465, 7, 65, 78, 20, 0, 0.06%, 9, 0, 10, 399.66
1734357516, 7, 66, 78, 19, 0, 0.06%, 9, 0, 10, 375.04
1734357577, 7, 66, 79, 20, 0, 0.06%, 9, 0, 11, 466.60
1734357643, 7, 67, 79, 19, 0, 0.06%, 9, 0, 11, 428.75
1734357730, 7, 73, 79, 18, 0, 0.06%, 9, 0, 11, 396.87
1734357745, 7, 78, 79, 18, 0, 0.06%, 9, 0, 11, 337.57
1734357771, 7, 78, 80, 19, 0, 0.06%, 9, 0, 12, 332.24
1734358260, 7, 79, 80, 18, 0, 0.06%, 9, 0, 12, 290.74
1734358789, 8, 18, 80, 17, 0, 0.06%, 9, 0, 12, 319.19
1734358794, 8, 19, 80, 17, 0, 0.06%, 9, 0, 12, 337.03
1734358799, 8, 20, 80, 17, 0, 0.06%, 9, 0, 12, 279.36
1734358804, 8, 21, 80, 17, 0, 0.06%, 9, 0, 12, 313.42
1734358809, 8, 22, 80, 17, 0, 0.06%, 9, 0, 12, 340.63
1734358814, 8, 23, 80, 17, 0, 0.06%, 9, 0, 12, 333.27
1734358819, 8, 24, 80, 17, 0, 0.06%, 9, 0, 12, 298.96
1734358824, 8, 25, 80, 17, 0, 0.06%, 9, 0, 12, 317.91
1734358829, 8, 26, 80, 17, 0, 0.06%, 9, 0, 12, 323.55
1734358839, 8, 27, 80, 17, 0, 0.06%, 9, 0, 12, 280.58
1734358850, 8, 28, 80, 17, 0, 0.06%, 9, 0, 12, 365.92
1734358860, 8, 36, 80, 17, 0, 0.06%, 9, 0, 12, 360.18
1734358865, 8, 37, 80, 17, 0, 0.06%, 9, 0, 12, 398.49
1734358880, 8, 38, 80, 17, 0, 0.06%, 9, 0, 12, 307.92
1734358890, 8, 39, 80, 17, 0, 0.06%, 9, 0, 12, 300.56
1734358901, 8, 40, 80, 17, 0, 0.06%, 9, 0, 12, 333.63
1734358906, 8, 41, 80, 17, 0, 0.06%, 9, 0, 12, 386.57
1734358911, 8, 42, 80, 17, 0, 0.06%, 9, 0, 12, 407.88
1734358921, 8, 43, 80, 17, 0, 0.06%, 9, 0, 12, 361.73
1734358931, 8, 44, 80, 17, 0, 0.06%, 9, 0, 12, 360.76
1734358936, 8, 45, 80, 17, 0, 0.06%, 9, 0, 12, 342.96
1734358992, 8, 46, 80, 17, 0, 0.06%, 9, 0, 12, 358.71
1734359008, 8, 47, 80, 17, 0, 0.06%, 9, 0, 12, 399.73
1734359018, 8, 48, 80, 17, 0, 0.06%, 9, 0, 12, 357.72
1734359455, 8, 50, 80, 17, 0, 0.06%, 9, 0, 12, 373.80
1734359471, 8, 51, 80, 17, 0, 0.06%, 9, 0, 12, 341.48
1734359476, 8, 52, 80, 17, 0, 0.06%, 9, 0, 12, 327.45
1734359491, 8, 53, 80, 17, 0, 0.06%, 9, 0, 12, 370.60
1734359496, 8, 54, 80, 17, 0, 0.06%, 9, 0, 12, 390.69
1734359501, 8, 55, 80, 17, 0, 0.06%, 9, 0, 12, 333.80
1734359511, 8, 56, 80, 17, 0, 0.06%, 9, 0, 12, 385.80
1734359516, 8, 57, 80, 17, 0, 0.06%, 9, 0, 12, 331.57
1734359531, 8, 58, 80, 17, 0, 0.06%, 9, 0, 12, 306.93
1734359546, 8, 59, 80, 17, 0, 0.06%, 9, 0, 12, 329.81
1734359561, 8, 60, 80, 17, 0, 0.06%, 9, 0, 12, 352.17
1734359664, 8, 61, 80, 16, 0, 0.06%, 9, 0, 12, 305.30
1734359827, 8, 62, 80, 15, 0, 0.06%, 9, 0, 12, 339.44
1734359920, 8, 63, 80, 15, 0, 0.06%, 9, 0, 12, 295.34
1734359930, 8, 64, 80, 15, 0, 0.06%, 9, 0, 12, 472.98
1734359956, 8, 65, 80, 15, 0, 0.06%, 9, 0, 12, 446.98
1734359966, 8, 66, 80, 15, 0, 0.06%, 9, 0, 12, 308.77
1734359981, 8, 67, 80, 15, 0, 0.06%, 9, 0, 12, 369.66
1734359996, 8, 69, 80, 15, 0, 0.06%, 9, 0, 12, 326.59
1734360006, 8, 70, 80, 15, 0, 0.06%, 9, 0, 12, 373.30
1734360128, 8, 71, 80, 14, 0, 0.06%, 9, 0, 12, 307.29
1734360143, 8, 72, 80, 14, 0, 0.06%, 9, 0, 12, 365.11
1734360159, 8, 73, 80, 14, 0, 0.06%, 9, 0, 12, 425.03
1734360169, 8, 75, 80, 14, 0, 0.06%, 9, 0, 12, 356.12
1734360184, 8, 77, 80, 14, 0, 0.06%, 9, 0, 12, 373.07
1734360291, 8, 78, 80, 13, 0, 0.06%, 9, 0, 12, 362.39
1734360316, 8, 79, 80, 13, 0, 0.06%, 9, 0, 12, 299.69
1734360337, 9, 15, 80, 13, 0, 0.06%, 9, 0, 12, 310.88
1734360342, 9, 18, 80, 13, 0, 0.06%, 9, 0, 12, 320.10
1734360347, 9, 19, 80, 13, 0, 0.06%, 9, 0, 12, 296.30
1734360352, 9, 20, 80, 13, 0, 0.06%, 9, 0, 12, 296.33
1734360357, 9, 22, 80, 13, 0, 0.06%, 9, 0, 12, 314.27
1734360362, 9, 23, 80, 13, 0, 0.06%, 9, 0, 12, 347.31
1734360367, 9, 24, 80, 13, 0, 0.06%, 9, 0, 12, 308.42
1734360372, 9, 25, 80, 13, 0, 0.06%, 9, 0, 12, 340.38
1734360377, 9, 26, 80, 13, 0, 0.06%, 9, 0, 12, 317.32
1734360382, 9, 27, 80, 13, 0, 0.06%, 9, 0, 12, 277.37
1734360387, 9, 28, 80, 13, 0, 0.06%, 9, 0, 12, 329.15
1734360393, 9, 37, 80, 13, 0, 0.06%, 9, 0, 12, 337.00
1734360398, 9, 39, 80, 13, 0, 0.06%, 9, 0, 12, 335.43
1734360403, 9, 40, 80, 13, 0, 0.06%, 9, 0, 12, 352.15
1734360408, 9, 45, 80, 13, 0, 0.06%, 9, 0, 12, 321.05
1734360413, 9, 50, 80, 13, 0, 0.06%, 9, 0, 12, 364.90
1734360423, 9, 51, 80, 13, 0, 0.06%, 9, 0, 12, 357.27
1734360428, 9, 53, 80, 13, 0, 0.06%, 9, 0, 12, 369.14
1734360433, 9, 54, 80, 13, 0, 0.06%, 9, 0, 12, 387.34
1734360438, 9, 55, 80, 13, 0, 0.06%, 9, 0, 12, 318.99
1734360448, 9, 56, 80, 13, 0, 0.06%, 9, 0, 12, 372.47
1734360453, 9, 62, 80, 13, 0, 0.06%, 9, 0, 12, 333.77
1734360463, 9, 63, 80, 13, 0, 0.06%, 9, 0, 12, 394.34
1734360468, 9, 64, 80, 13, 0, 0.06%, 9, 0, 12, 338.20
1734360499, 9, 65, 80, 13, 0, 0.06%, 9, 0, 12, 332.90
1734360504, 9, 66, 80, 13, 0, 0.06%, 9, 0, 12, 390.32
1734360509, 9, 67, 80, 13, 0, 0.06%, 9, 0, 12, 336.44
1734360519, 9, 69, 80, 13, 0, 0.06%, 9, 0, 12, 329.23
1734360529, 9, 70, 80, 13, 0, 0.06%, 9, 0, 12, 330.95
1734360540, 9, 71, 80, 13, 0, 0.06%, 9, 0, 12, 321.07
1734360555, 9, 72, 80, 13, 0, 0.06%, 9, 0, 12, 370.96
1734360570, 9, 73, 80, 13, 0, 0.06%, 9, 0, 12, 366.56
1734360575, 9, 75, 80, 13, 0, 0.06%, 9, 0, 12, 381.98
1734360590, 9, 77, 80, 13, 0, 0.06%, 9, 0, 12, 390.57
1734360667, 9, 78, 80, 13, 0, 0.06%, 9, 0, 12, 420.33
1734360687, 9, 79, 80, 13, 0, 0.06%, 9, 0, 12, 450.70
1734360708, 10, 15, 80, 13, 0, 0.06%, 9, 0, 12, 354.48
1734360713, 10, 18, 80, 13, 0, 0.06%, 9, 0, 12, 359.50
1734360718, 10, 19, 80, 13, 0, 0.06%, 9, 0, 12, 318.28
1734360723, 10, 20, 80, 13, 0, 0.06%, 9, 0, 12, 285.27
1734360728, 10, 21, 80, 13, 0, 0.06%, 9, 0, 12, 308.47
1734360733, 10, 22, 80, 13, 0, 0.06%, 9, 0, 12, 326.18
1734360738, 10, 23, 80, 13, 0, 0.06%, 9, 0, 12, 334.82
1734360743, 10, 24, 80, 13, 0, 0.06%, 9, 0, 12, 298.88
1734360748, 10, 25, 80, 13, 0, 0.06%, 9, 0, 12, 303.11
1734360753, 10, 27, 80, 13, 0, 0.06%, 9, 0, 12, 308.27
1734360764, 10, 37, 80, 13, 0, 0.06%, 9, 0, 12, 315.46
1734360769, 10, 39, 80, 13, 0, 0.06%, 9, 0, 12, 317.39
1734360774, 10, 40, 80, 13, 0, 0.06%, 9, 0, 12, 311.96
1734360779, 10, 45, 80, 13, 0, 0.06%, 9, 0, 12, 337.65
1734360784, 10, 50, 80, 13, 0, 0.06%, 9, 0, 12, 321.59
1734360794, 10, 51, 80, 13, 0, 0.06%, 9, 0, 12, 371.26
1734360799, 10, 53, 80, 13, 0, 0.06%, 9, 0, 12, 409.21
1734360805, 10, 54, 80, 13, 0, 0.06%, 9, 0, 12, 374.74
1734360815, 10, 55, 80, 13, 0, 0.06%, 9, 0, 12, 371.70
1734360820, 10, 56, 80, 13, 0, 0.06%, 9, 0, 12, 377.70
1734360830, 10, 62, 80, 13, 0, 0.06%, 9, 0, 12, 347.73
1734360835, 10, 63, 80, 13, 0, 0.06%, 9, 0, 12, 320.15
1734360845, 10, 64, 80, 13, 0, 0.06%, 9, 0, 12, 458.36
1734360871, 10, 65, 80, 13, 0, 0.06%, 9, 0, 12, 381.82
1734360876, 10, 66, 80, 13, 0, 0.06%, 9, 0, 12, 323.04
1734360886, 10, 67, 80, 13, 0, 0.06%, 9, 0, 12, 380.24
1734360891, 10, 69, 80, 13, 0, 0.06%, 9, 0, 12, 324.32
1734360896, 10, 70, 80, 13, 0, 0.06%, 9, 0, 12, 309.42
1734360911, 10, 71, 80, 13, 0, 0.06%, 9, 0, 12, 263.97
1734361241, 10, 73, 80, 13, 0, 0.06%, 9, 0, 12, 368.87
1734361246, 10, 78, 80, 13, 0, 0.06%, 9, 0, 12, 419.70
1734361267, 10, 79, 80, 13, 0, 0.06%, 9, 0, 12, 407.72
1734361292, 11, 18, 80, 13, 0, 0.06%, 9, 0, 12, 313.18
1734361297, 11, 20, 80, 13, 0, 0.06%, 9, 0, 12, 276.99
1734361303, 11, 40, 80, 13, 0, 0.06%, 9, 0, 12, 323.46
1734361308, 11, 51, 80, 13, 0, 0.06%, 9, 0, 12, 363.19
1734361313, 11, 53, 80, 13, 0, 0.06%, 9, 0, 12, 367.80
1734361318, 11, 54, 80, 13, 0, 0.06%, 9, 0, 12, 374.98
1734361323, 11, 55, 80, 13, 0, 0.06%, 9, 0, 12, 310.61
1734361333, 11, 56, 80, 13, 0, 0.06%, 9, 0, 12, 384.01
1734361338, 11, 63, 80, 13, 0, 0.06%, 9, 0, 12, 359.72
1734361348, 11, 64, 80, 13, 0, 0.06%, 9, 0, 12, 464.40
1734361374, 11, 65, 80, 13, 0, 0.06%, 9, 0, 12, 408.49
1734361379, 11, 66, 80, 13, 0, 0.06%, 9, 0, 12, 357.38
1734361389, 11, 67, 80, 13, 0, 0.06%, 9, 0, 12, 388.89
1734361399, 11, 73, 80, 13, 0, 0.06%, 9, 0, 12, 328.42
1734361404, 11, 78, 80, 13, 0, 0.06%, 9, 0, 12, 406.76
1734361419, 11, 79, 80, 13, 0, 0.06%, 9, 0, 12, 431.63
1734361434, 12, 18, 80, 13, 0, 0.06%, 9, 0, 12, 373.84
1734361440, 12, 20, 80, 13, 0, 0.06%, 9, 0, 12, 291.81
1734361445, 12, 40, 80, 13, 0, 0.06%, 9, 0, 12, 344.87
1734361450, 12, 51, 80, 13, 0, 0.06%, 9, 0, 12, 389.72
1734361455, 12, 53, 80, 13, 0, 0.06%, 9, 0, 12, 425.86
1734361460, 12, 54, 80, 13, 0, 0.06%, 9, 0, 12, 330.55
1734361470, 12, 55, 80, 13, 0, 0.06%, 9, 0, 12, 367.40
1734361475, 12, 56, 80, 13, 0, 0.06%, 9, 0, 12, 322.89
1734361485, 12, 63, 80, 13, 0, 0.06%, 9, 0, 12, 353.61
1734361495, 12, 64, 80, 13, 0, 0.06%, 9, 0, 12, 444.70
1734361521, 12, 65, 80, 13, 0, 0.06%, 9, 0, 12, 365.40
1734361526, 12, 66, 80, 13, 0, 0.06%, 9, 0, 12, 371.29
1734361536, 12, 67, 80, 13, 0, 0.06%, 9, 0, 12, 352.79
1734361541, 12, 73, 80, 13, 0, 0.06%, 9, 0, 12, 368.26
1734361551, 12, 78, 80, 13, 0, 0.06%, 9, 0, 12, 288.60
1734361567, 12, 79, 80, 13, 0, 0.06%, 9, 0, 12, 308.11
1734361582, 13, 18, 80, 13, 0, 0.06%, 9, 0, 12, 327.65
1734361587, 13, 20, 80, 13, 0, 0.06%, 9, 0, 12, 295.83
1734361592, 13, 40, 80, 13, 0, 0.06%, 9, 0, 12, 345.06
1734361597, 13, 51, 80, 13, 0, 0.06%, 9, 0, 12, 345.52
1734361602, 13, 53, 80, 13, 0, 0.06%, 9, 0, 12, 341.36
1734361607, 13, 54, 80, 13, 0, 0.06%, 9, 0, 12, 376.90
1734361612, 13, 55, 80, 13, 0, 0.06%, 9, 0, 12, 334.60
1734361622, 13, 56, 80, 13, 0, 0.06%, 9, 0, 12, 396.50
1734361628, 13, 63, 80, 13, 0, 0.06%, 9, 0, 12, 312.92
1734361638, 13, 64, 80, 13, 0, 0.06%, 9, 0, 12, 405.68
1734361663, 13, 65, 80, 13, 0, 0.06%, 9, 0, 12, 369.18
1734361673, 13, 66, 80, 13, 0, 0.06%, 9, 0, 12, 361.12
1734361678, 13, 67, 80, 13, 0, 0.06%, 9, 0, 12, 389.65
1734361688, 13, 73, 80, 13, 0, 0.06%, 9, 0, 12, 340.04
1734361694, 13, 78, 80, 13, 0, 0.06%, 9, 0, 12, 393.12
1734361709, 13, 79, 80, 13, 0, 0.06%, 9, 0, 12, 402.75
1734361724, 14, 18, 80, 13, 0, 0.06%, 9, 0, 12, 366.91
1734361729, 14, 20, 80, 13, 0, 0.06%, 9, 0, 12, 293.43
1734361734, 14, 40, 80, 13, 0, 0.06%, 9, 0, 12, 355.16
1734361740, 14, 51, 80, 13, 0, 0.06%, 9, 0, 12, 402.43
1734361745, 14, 53, 80, 13, 0, 0.06%, 9, 0, 12, 422.10
1734361750, 14, 54, 80, 13, 0, 0.06%, 9, 0, 12, 379.40
1734361760, 14, 55, 80, 13, 0, 0.06%, 9, 0, 12, 359.97
1734361765, 14, 56, 80, 13, 0, 0.06%, 9, 0, 12, 309.97
1734361775, 14, 63, 80, 13, 0, 0.06%, 9, 0, 12, 360.72
1734361785, 14, 64, 80, 13, 0, 0.06%, 9, 0, 12, 456.62
1734361811, 14, 65, 80, 13, 0, 0.06%, 9, 0, 12, 369.01
1734361816, 14, 66, 80, 13, 0, 0.06%, 9, 0, 12, 393.82
1734361821, 14, 67, 80, 13, 0, 0.06%, 9, 0, 12, 352.04
1734361831, 14, 73, 80, 13, 0, 0.06%, 9, 0, 12, 381.32
1734361837, 14, 78, 80, 13, 0, 0.06%, 9, 0, 12, 348.08
1734361852, 14, 79, 80, 13, 0, 0.06%, 9, 0, 12, 378.96
1734361867, 15, 18, 80, 13, 0, 0.06%, 9, 0, 12, 325.60
1734361872, 15, 20, 80, 13, 0, 0.06%, 9, 0, 12, 298.46
1734361883, 15, 51, 80, 13, 0, 0.06%, 9, 0, 12, 342.22
1734361893, 15, 53, 80, 13, 0, 0.06%, 9, 0, 12, 348.46
1734361898, 15, 54, 80, 13, 0, 0.06%, 9, 0, 12, 367.93
1734361903, 15, 55, 80, 13, 0, 0.06%, 9, 0, 12, 340.63
1734361913, 15, 56, 80, 13, 0, 0.06%, 9, 0, 12, 376.89
1734361918, 15, 63, 80, 13, 0, 0.06%, 9, 0, 12, 350.52
1734361928, 15, 64, 80, 13, 0, 0.06%, 9, 0, 12, 463.62
1734361953, 15, 65, 80, 13, 0, 0.06%, 9, 0, 12, 403.49
1734361959, 15, 66, 80, 13, 0, 0.06%, 9, 0, 12, 321.04
1734361969, 15, 67, 80, 13, 0, 0.06%, 9, 0, 12, 427.38
1734362025, 15, 68, 80, 13, 0, 0.06%, 9, 0, 12, 389.25
1734362187, 15, 69, 80, 12, 0, 0.06%, 9, 0, 12, 318.31
1734362192, 15, 70, 80, 12, 0, 0.06%, 9, 0, 12, 300.47
1734362197, 15, 71, 80, 12, 0, 0.06%, 9, 0, 12, 304.19
1734362208, 15, 72, 80, 12, 0, 0.06%, 9, 0, 12, 358.47
1734362294, 15, 73, 80, 12, 0, 0.06%, 9, 0, 12, 366.86
1734362366, 15, 74, 80, 12, 0, 0.06%, 9, 0, 12, 368.56
1734362438, 15, 75, 80, 12, 0, 0.06%, 9, 0, 12, 348.30
1734362525, 15, 76, 80, 12, 0, 0.06%, 9, 0, 12, 361.80
1734362657, 15, 77, 80, 11, 0, 0.06%, 9, 0, 12, 355.91
1734362667, 15, 78, 80, 11, 0, 0.06%, 9, 0, 12, 384.38
1734362682, 15, 79, 80, 11, 0, 0.06%, 9, 0, 12, 404.79
1734362698, 16, 15, 80, 11, 0, 0.06%, 9, 0, 12, 334.56
1734362703, 16, 18, 80, 11, 0, 0.06%, 9, 0, 12, 354.49
1734362708, 16, 19, 80, 11, 0, 0.06%, 9, 0, 12, 315.51
1734362713, 16, 20, 80, 11, 0, 0.06%, 9, 0, 12, 287.65
1734362718, 16, 21, 80, 11, 0, 0.06%, 9, 0, 12, 302.19
1734362723, 16, 22, 80, 11, 0, 0.06%, 9, 0, 12, 315.52
1734362728, 16, 23, 80, 11, 0, 0.06%, 9, 0, 12, 315.50
1734362733, 16, 24, 80, 11, 0, 0.06%, 9, 0, 12, 288.85
1734362738, 16, 25, 80, 11, 0, 0.06%, 9, 0, 12, 298.41
1734362743, 16, 26, 80, 11, 0, 0.06%, 9, 0, 12, 279.29
1734362748, 16, 27, 80, 11, 0, 0.06%, 9, 0, 12, 286.78
1734362753, 16, 28, 80, 11, 0, 0.06%, 9, 0, 12, 318.47
1734362759, 16, 37, 80, 11, 0, 0.06%, 9, 0, 12, 324.51
1734362764, 16, 38, 80, 11, 0, 0.06%, 9, 0, 12, 335.35
1734362769, 16, 39, 80, 11, 0, 0.06%, 9, 0, 12, 365.94
1734362779, 16, 40, 80, 11, 0, 0.06%, 9, 0, 12, 334.74
1734362784, 16, 42, 80, 11, 0, 0.06%, 9, 0, 12, 328.17
1734362789, 16, 43, 80, 11, 0, 0.06%, 9, 0, 12, 344.42
1734362794, 16, 44, 80, 11, 0, 0.06%, 9, 0, 12, 356.02
1734362799, 16, 45, 80, 11, 0, 0.06%, 9, 0, 12, 335.25
1734362804, 16, 46, 80, 11, 0, 0.06%, 9, 0, 12, 344.59
1734362814, 16, 47, 80, 11, 0, 0.06%, 9, 0, 12, 349.80
1734362819, 16, 48, 80, 11, 0, 0.06%, 9, 0, 12, 325.18
1734362829, 16, 49, 80, 11, 0, 0.06%, 9, 0, 12, 328.53
1734362906, 16, 50, 80, 10, 0, 0.06%, 9, 0, 12, 370.77
1734363032, 16, 51, 80, 10, 0, 0.06%, 9, 0, 12, 339.93
1734363038, 16, 52, 80, 10, 0, 0.06%, 9, 0, 12, 369.78
1734363048, 16, 53, 80, 10, 0, 0.06%, 9, 0, 12, 359.17
1734363053, 16, 54, 80, 10, 0, 0.06%, 9, 0, 12, 356.06
1734363058, 16, 55, 80, 10, 0, 0.06%, 9, 0, 12, 313.82
1734363068, 16, 56, 80, 10, 0, 0.06%, 9, 0, 12, 382.27
1734363073, 16, 57, 80, 10, 0, 0.06%, 9, 0, 12, 311.92
1734363083, 16, 58, 80, 10, 0, 0.06%, 9, 0, 12, 401.69
1734363088, 16, 59, 80, 10, 0, 0.06%, 9, 0, 12, 337.90
1734363098, 16, 60, 80, 10, 0, 0.06%, 9, 0, 12, 329.11
1734363114, 16, 61, 80, 10, 0, 0.06%, 9, 0, 12, 326.08
1734363129, 16, 62, 80, 10, 0, 0.06%, 9, 0, 12, 348.68
1734363134, 16, 63, 80, 10, 0, 0.06%, 9, 0, 12, 350.97
1734363144, 16, 64, 80, 10, 0, 0.06%, 9, 0, 12, 457.65
1734363170, 16, 65, 80, 10, 0, 0.06%, 9, 0, 12, 413.23
1734363175, 16, 66, 80, 10, 0, 0.06%, 9, 0, 12, 326.77
1734363185, 16, 67, 80, 10, 0, 0.06%, 9, 0, 12, 381.44
1734363191, 16, 68, 80, 10, 0, 0.06%, 9, 0, 12, 350.81
1734363206, 16, 69, 80, 10, 0, 0.06%, 9, 0, 12, 336.62
1734363211, 16, 70, 80, 10, 0, 0.06%, 9, 0, 12, 313.05
1734363216, 16, 71, 80, 10, 0, 0.06%, 9, 0, 12, 324.90
1734363226, 16, 72, 80, 10, 0, 0.06%, 9, 0, 12, 342.35
1734363236, 16, 73, 80, 10, 0, 0.06%, 9, 0, 12, 369.44
1734363241, 16, 74, 80, 10, 0, 0.06%, 9, 0, 12, 343.62
1734363256, 16, 75, 80, 10, 0, 0.06%, 9, 0, 12, 388.51
1734363262, 16, 76, 80, 10, 0, 0.06%, 9, 0, 12, 339.56
1734363277, 16, 77, 80, 10, 0, 0.06%, 9, 0, 12, 303.09
1734363282, 16, 78, 80, 10, 0, 0.06%, 9, 0, 12, 321.30
1734363297, 16, 79, 80, 10, 0, 0.06%, 9, 0, 12, 361.74
1734363317, 17, 15, 80, 10, 0, 0.06%, 9, 0, 12, 296.33
1734363322, 17, 19, 80, 10, 0, 0.06%, 9, 0, 12, 319.71
1734363328, 17, 20, 80, 10, 0, 0.06%, 9, 0, 12, 294.41
1734363333, 17, 21, 80, 10, 0, 0.06%, 9, 0, 12, 302.47
1734363338, 17, 22, 80, 10, 0, 0.06%, 9, 0, 12, 311.88
1734363343, 17, 23, 80, 10, 0, 0.06%, 9, 0, 12, 311.28
1734363348, 17, 24, 80, 10, 0, 0.06%, 9, 0, 12, 288.62
1734363353, 17, 25, 80, 10, 0, 0.06%, 9, 0, 12, 295.99
1734363358, 17, 26, 80, 10, 0, 0.06%, 9, 0, 12, 312.82
1734363363, 17, 27, 80, 10, 0, 0.06%, 9, 0, 12, 275.92
1734363368, 17, 28, 80, 10, 0, 0.06%, 9, 0, 12, 302.07
1734363373, 17, 36, 80, 10, 0, 0.06%, 9, 0, 12, 350.76
1734363378, 17, 37, 80, 10, 0, 0.06%, 9, 0, 12, 358.23
1734363383, 17, 38, 80, 10, 0, 0.06%, 9, 0, 12, 363.46
1734363388, 17, 39, 80, 10, 0, 0.06%, 9, 0, 12, 348.34
1734363393, 17, 40, 80, 10, 0, 0.06%, 9, 0, 12, 358.90
1734363398, 17, 42, 80, 10, 0, 0.06%, 9, 0, 12, 363.83
1734363403, 17, 43, 80, 10, 0, 0.06%, 9, 0, 12, 339.22
1734363408, 17, 44, 80, 10, 0, 0.06%, 9, 0, 12, 359.37
1734363414, 17, 45, 80, 10, 0, 0.06%, 9, 0, 12, 327.93
1734363419, 17, 48, 80, 10, 0, 0.06%, 9, 0, 12, 366.30
1734363434, 17, 50, 80, 10, 0, 0.06%, 9, 0, 12, 367.13
1734363439, 17, 51, 80, 10, 0, 0.06%, 9, 0, 12, 372.20
1734363449, 17, 52, 80, 10, 0, 0.06%, 9, 0, 12, 376.39
1734363454, 17, 53, 80, 10, 0, 0.06%, 9, 0, 12, 386.88
1734363464, 17, 54, 80, 10, 0, 0.06%, 9, 0, 12, 344.44
1734363469, 17, 55, 80, 10, 0, 0.06%, 9, 0, 12, 377.02
1734363474, 17, 56, 80, 10, 0, 0.06%, 9, 0, 12, 331.77
1734363485, 17, 57, 80, 10, 0, 0.06%, 9, 0, 12, 369.83
1734363490, 17, 58, 80, 10, 0, 0.06%, 9, 0, 12, 354.41
1734363500, 17, 59, 80, 10, 0, 0.06%, 9, 0, 12, 303.82
1734363510, 17, 60, 80, 10, 0, 0.06%, 9, 0, 12, 393.57
1734363515, 17, 61, 80, 10, 0, 0.06%, 9, 0, 12, 324.56
1734363525, 17, 62, 80, 10, 0, 0.06%, 9, 0, 12, 340.79
1734363530, 17, 63, 80, 10, 0, 0.06%, 9, 0, 12, 350.26
1734363541, 17, 64, 80, 10, 0, 0.06%, 9, 0, 12, 395.85
1734363566, 17, 65, 80, 10, 0, 0.06%, 9, 0, 12, 397.94
1734363576, 17, 66, 80, 10, 0, 0.06%, 9, 0, 12, 371.18
1734363581, 17, 67, 80, 10, 0, 0.06%, 9, 0, 12, 351.68
1734363591, 17, 68, 80, 10, 0, 0.06%, 9, 0, 12, 339.53
1734363597, 17, 69, 80, 10, 0, 0.06%, 9, 0, 12, 323.36
1734363607, 17, 70, 80, 10, 0, 0.06%, 9, 0, 12, 295.77
1734363612, 17, 71, 80, 10, 0, 0.06%, 9, 0, 12, 272.58
1734363622, 17, 72, 80, 10, 0, 0.06%, 9, 0, 12, 348.52
1734363627, 17, 73, 80, 10, 0, 0.06%, 9, 0, 12, 313.75
1734363637, 17, 74, 80, 10, 0, 0.06%, 9, 0, 12, 383.96
1734363642, 17, 75, 80, 10, 0, 0.06%, 9, 0, 12, 308.85
1734363652, 17, 76, 80, 10, 0, 0.06%, 9, 0, 12, 381.72
1734363662, 17, 77, 80, 10, 0, 0.06%, 9, 0, 12, 374.11
1734363673, 17, 78, 80, 10, 0, 0.06%, 9, 0, 12, 289.79
1734363688, 17, 79, 80, 10, 0, 0.06%, 9, 0, 12, 299.19
1734363703, 18, 15, 80, 10, 0, 0.06%, 9, 0, 12, 320.44
1734363708, 18, 19, 80, 10, 0, 0.06%, 9, 0, 12, 328.12
1734363713, 18, 20, 80, 10, 0, 0.06%, 9, 0, 12, 293.22
1734363718, 18, 21, 80, 10, 0, 0.06%, 9, 0, 12, 288.59
1734363723, 18, 22, 80, 10, 0, 0.06%, 9, 0, 12, 311.20
1734363728, 18, 23, 80, 10, 0, 0.06%, 9, 0, 12, 347.23
1734363733, 18, 24, 80, 10, 0, 0.06%, 9, 0, 12, 292.34
1734363739, 18, 25, 80, 10, 0, 0.06%, 9, 0, 12, 322.08
1734363744, 18, 26, 80, 10, 0, 0.06%, 9, 0, 12, 322.10
1734363749, 18, 27, 80, 10, 0, 0.06%, 9, 0, 12, 286.43
1734363754, 18, 28, 80, 10, 0, 0.06%, 9, 0, 12, 320.18
1734363759, 18, 36, 80, 10, 0, 0.06%, 9, 0, 12, 342.48
1734363764, 18, 38, 80, 10, 0, 0.06%, 9, 0, 12, 361.75
1734363775, 18, 39, 80, 10, 0, 0.06%, 9, 0, 12, 321.81
1734363780, 18, 40, 80, 10, 0, 0.06%, 9, 0, 12, 330.99
1734363785, 18, 43, 80, 10, 0, 0.06%, 9, 0, 12, 360.83
1734363790, 18, 44, 80, 10, 0, 0.06%, 9, 0, 12, 314.66
1734363795, 18, 45, 80, 10, 0, 0.06%, 9, 0, 12, 321.15
1734363805, 18, 48, 80, 10, 0, 0.06%, 9, 0, 12, 251.46
1734363815, 18, 50, 80, 10, 0, 0.06%, 9, 0, 12, 340.44
1734363825, 18, 51, 80, 10, 0, 0.06%, 9, 0, 12, 355.91
1734363830, 18, 52, 80, 10, 0, 0.06%, 9, 0, 12, 354.39
1734363841, 18, 53, 80, 10, 0, 0.06%, 9, 0, 12, 356.46
1734363846, 18, 54, 80, 10, 0, 0.06%, 9, 0, 12, 355.85
1734363851, 18, 55, 80, 10, 0, 0.06%, 9, 0, 12, 345.44
1734363861, 18, 56, 80, 10, 0, 0.06%, 9, 0, 12, 374.62
1734363866, 18, 57, 80, 10, 0, 0.06%, 9, 0, 12, 373.50
1734363876, 18, 58, 80, 10, 0, 0.06%, 9, 0, 12, 385.84
1734363881, 18, 59, 80, 10, 0, 0.06%, 9, 0, 12, 367.18
1734363891, 18, 60, 80, 10, 0, 0.06%, 9, 0, 12, 369.77
1734363902, 18, 61, 80, 10, 0, 0.06%, 9, 0, 12, 380.99
1734363907, 18, 62, 80, 10, 0, 0.06%, 9, 0, 12, 332.78
1734363917, 18, 63, 80, 10, 0, 0.06%, 9, 0, 12, 331.21
1734363927, 18, 64, 80, 10, 0, 0.06%, 9, 0, 12, 488.72
1734363952, 18, 65, 80, 10, 0, 0.06%, 9, 0, 12, 385.25
1734363957, 18, 66, 80, 10, 0, 0.06%, 9, 0, 12, 372.03
1734363968, 18, 67, 80, 10, 0, 0.06%, 9, 0, 12, 343.62
1734363973, 18, 68, 80, 10, 0, 0.06%, 9, 0, 12, 345.78
1734363983, 18, 69, 80, 10, 0, 0.06%, 9, 0, 12, 314.73
1734363988, 18, 70, 80, 10, 0, 0.06%, 9, 0, 12, 309.01
1734363993, 18, 71, 80, 10, 0, 0.06%, 9, 0, 12, 370.65
1734364003, 18, 72, 80, 10, 0, 0.06%, 9, 0, 12, 330.08
1734364013, 18, 73, 80, 10, 0, 0.06%, 9, 0, 12, 373.79
1734364018, 18, 74, 80, 10, 0, 0.06%, 9, 0, 12, 330.58
1734364028, 18, 75, 80, 10, 0, 0.06%, 9, 0, 12, 360.32
1734364033, 18, 76, 80, 10, 0, 0.06%, 9, 0, 12, 311.91
1734364043, 18, 77, 80, 10, 0, 0.06%, 9, 0, 12, 343.99
1734364048, 18, 78, 80, 10, 0, 0.06%, 9, 0, 12, 352.88
1734364064, 18, 79, 80, 10, 0, 0.06%, 9, 0, 12, 360.30
1734364079, 19, 15, 80, 10, 0, 0.06%, 9, 0, 12, 310.25
1734364084, 19, 18, 80, 10, 0, 0.06%, 9, 0, 12, 317.52
1734364089, 19, 19, 80, 10, 0, 0.06%, 9, 0, 12, 286.60
1734364094, 19, 20, 80, 10, 0, 0.06%, 9, 0, 12, 276.69
1734364100, 19, 21, 80, 10, 0, 0.06%, 9, 0, 12, 329.10
1734364105, 19, 22, 80, 10, 0, 0.06%, 9, 0, 12, 327.71
1734364110, 19, 24, 80, 10, 0, 0.06%, 9, 0, 12, 304.43
1734364120, 19, 26, 80, 10, 0, 0.06%, 9, 0, 12, 314.28
1734364125, 19, 27, 80, 10, 0, 0.06%, 9, 0, 12, 295.65
1734364130, 19, 28, 80, 10, 0, 0.06%, 9, 0, 12, 293.30
1734364135, 19, 36, 80, 10, 0, 0.06%, 9, 0, 12, 325.96
1734364140, 19, 37, 80, 10, 0, 0.06%, 9, 0, 12, 359.76
1734364145, 19, 38, 80, 10, 0, 0.06%, 9, 0, 12, 302.31
1734364150, 19, 39, 80, 10, 0, 0.06%, 9, 0, 12, 323.17
1734364155, 19, 40, 80, 10, 0, 0.06%, 9, 0, 12, 325.81
1734364160, 19, 42, 80, 10, 0, 0.06%, 9, 0, 12, 359.11
1734364165, 19, 43, 80, 10, 0, 0.06%, 9, 0, 12, 372.56
1734364170, 19, 44, 80, 10, 0, 0.06%, 9, 0, 12, 368.49
1734364176, 19, 45, 80, 10, 0, 0.06%, 9, 0, 12, 329.90
1734364181, 19, 48, 80, 10, 0, 0.06%, 9, 0, 12, 383.35
1734364196, 19, 50, 80, 10, 0, 0.06%, 9, 0, 12, 375.75
1734364201, 19, 51, 80, 10, 0, 0.06%, 9, 0, 12, 353.78
1734364211, 19, 52, 80, 10, 0, 0.06%, 9, 0, 12, 390.21
1734364216, 19, 53, 80, 10, 0, 0.06%, 9, 0, 12, 401.92
1734364226, 19, 54, 80, 10, 0, 0.06%, 9, 0, 12, 335.12
1734364231, 19, 55, 80, 10, 0, 0.06%, 9, 0, 12, 388.35
1734364236, 19, 56, 80, 10, 0, 0.06%, 9, 0, 12, 332.61
1734364247, 19, 57, 80, 10, 0, 0.06%, 9, 0, 12, 385.42
1734364252, 19, 58, 80, 10, 0, 0.06%, 9, 0, 12, 335.54
1734364262, 19, 59, 80, 10, 0, 0.06%, 9, 0, 12, 317.88
1734364272, 19, 60, 80, 10, 0, 0.06%, 9, 0, 12, 390.27
1734364277, 19, 61, 80, 10, 0, 0.06%, 9, 0, 12, 341.00
1734364287, 19, 62, 80, 10, 0, 0.06%, 9, 0, 12, 336.35
1734364297, 19, 63, 80, 10, 0, 0.06%, 9, 0, 12, 346.47
1734364307, 19, 64, 80, 10, 0, 0.06%, 9, 0, 12, 467.49
1734364333, 19, 65, 80, 10, 0, 0.06%, 9, 0, 12, 355.28
1734364338, 19, 66, 80, 10, 0, 0.06%, 9, 0, 12, 318.66
1734364348, 19, 67, 80, 10, 0, 0.06%, 9, 0, 12, 363.10
1734364353, 19, 68, 80, 10, 0, 0.06%, 9, 0, 12, 297.19
1734364364, 19, 69, 80, 10, 0, 0.06%, 9, 0, 12, 319.83
1734364369, 19, 70, 80, 10, 0, 0.06%, 9, 0, 12, 309.79
1734364374, 19, 71, 80, 10, 0, 0.06%, 9, 0, 12, 379.05
1734364384, 19, 72, 80, 10, 0, 0.06%, 9, 0, 12, 334.79
1734364394, 19, 73, 80, 10, 0, 0.06%, 9, 0, 12, 363.06
1734364399, 19, 74, 80, 10, 0, 0.06%, 9, 0, 12, 370.14
1734364404, 19, 75, 80, 10, 0, 0.06%, 9, 0, 12, 376.93
1734364414, 19, 76, 80, 10, 0, 0.06%, 9, 0, 12, 384.12
1734364424, 19, 77, 80, 10, 0, 0.06%, 9, 0, 12, 343.01
1734364429, 19, 78, 80, 10, 0, 0.06%, 9, 0, 12, 301.88
1734364445, 19, 79, 80, 10, 0, 0.06%, 9, 0, 12, 310.44
1734364460, 20, 15, 80, 10, 0, 0.06%, 9, 0, 12, 308.77
1734364465, 20, 19, 80, 10, 0, 0.06%, 9, 0, 12, 332.15
1734364475, 20, 20, 80, 10, 0, 0.06%, 9, 0, 12, 287.63
1734364480, 20, 22, 80, 10, 0, 0.06%, 9, 0, 12, 309.43
1734364486, 20, 23, 80, 10, 0, 0.06%, 9, 0, 12, 346.36
1734364491, 20, 24, 80, 10, 0, 0.06%, 9, 0, 12, 316.15
1734364496, 20, 25, 80, 10, 0, 0.06%, 9, 0, 12, 326.43
1734364501, 20, 26, 80, 10, 0, 0.06%, 9, 0, 12, 316.64
1734364506, 20, 27, 80, 10, 0, 0.06%, 9, 0, 12, 277.04
1734364511, 20, 28, 80, 10, 0, 0.06%, 9, 0, 12, 326.61
1734364516, 20, 36, 80, 10, 0, 0.06%, 9, 0, 12, 345.64
1734364521, 20, 37, 80, 10, 0, 0.06%, 9, 0, 12, 334.34
1734364526, 20, 38, 80, 10, 0, 0.06%, 9, 0, 12, 380.44
1734364531, 20, 39, 80, 10, 0, 0.06%, 9, 0, 12, 334.73
1734364536, 20, 40, 80, 10, 0, 0.06%, 9, 0, 12, 363.16
1734364541, 20, 42, 80, 10, 0, 0.06%, 9, 0, 12, 334.88
1734364546, 20, 43, 80, 10, 0, 0.06%, 9, 0, 12, 340.84
1734364551, 20, 44, 80, 10, 0, 0.06%, 9, 0, 12, 353.51
1734364557, 20, 45, 80, 10, 0, 0.06%, 9, 0, 12, 337.40
1734364562, 20, 48, 80, 10, 0, 0.06%, 9, 0, 12, 298.21
1734364572, 20, 50, 80, 10, 0, 0.06%, 9, 0, 12, 330.02
1734364582, 20, 51, 80, 10, 0, 0.06%, 9, 0, 12, 367.15
1734364587, 20, 52, 80, 10, 0, 0.06%, 9, 0, 12, 330.65
1734364597, 20, 53, 80, 10, 0, 0.06%, 9, 0, 12, 390.13
1734364602, 20, 54, 80, 10, 0, 0.06%, 9, 0, 12, 400.47
1734364607, 20, 55, 80, 10, 0, 0.06%, 9, 0, 12, 341.98
1734364618, 20, 56, 80, 10, 0, 0.06%, 9, 0, 12, 396.93
1734364623, 20, 57, 80, 10, 0, 0.06%, 9, 0, 12, 332.37
1734364633, 20, 58, 80, 10, 0, 0.06%, 9, 0, 12, 380.43
1734364643, 20, 59, 80, 10, 0, 0.06%, 9, 0, 12, 374.34
1734364653, 20, 60, 80, 10, 0, 0.06%, 9, 0, 12, 349.88
1734364658, 20, 61, 80, 10, 0, 0.06%, 9, 0, 12, 352.71
1734364668, 20, 62, 80, 10, 0, 0.06%, 9, 0, 12, 351.25
1734364673, 20, 63, 80, 10, 0, 0.06%, 9, 0, 12, 344.26
1734364684, 20, 64, 80, 10, 0, 0.06%, 9, 0, 12, 392.48
1734364709, 20, 65, 80, 10, 0, 0.06%, 9, 0, 12, 365.67
1734364719, 20, 66, 80, 10, 0, 0.06%, 9, 0, 12, 354.36
1734364724, 20, 67, 80, 10, 0, 0.06%, 9, 0, 12, 352.46
1734364735, 20, 68, 80, 10, 0, 0.06%, 9, 0, 12, 335.22
1734364740, 20, 69, 80, 10, 0, 0.06%, 9, 0, 12, 333.60
1734364745, 20, 70, 80, 10, 0, 0.06%, 9, 0, 12, 322.16
1734364755, 20, 71, 80, 10, 0, 0.06%, 9, 0, 12, 262.77
1734364765, 20, 72, 80, 10, 0, 0.06%, 9, 0, 12, 355.11
1734364770, 20, 73, 80, 10, 0, 0.06%, 9, 0, 12, 353.65
1734364780, 20, 74, 80, 10, 0, 0.06%, 9, 0, 12, 365.95
1734364786, 20, 75, 80, 10, 0, 0.06%, 9, 0, 12, 366.20
1734364796, 20, 76, 80, 10, 0, 0.06%, 9, 0, 12, 351.30
1734364801, 20, 77, 80, 10, 0, 0.06%, 9, 0, 12, 341.89
1734364806, 20, 78, 80, 10, 0, 0.06%, 9, 0, 12, 385.25
1734364821, 20, 79, 80, 10, 0, 0.06%, 9, 0, 12, 404.18
1734364837, 21, 15, 80, 10, 0, 0.06%, 9, 0, 12, 354.72
1734364842, 21, 18, 80, 10, 0, 0.06%, 9, 0, 12, 363.52
1734364847, 21, 19, 80, 10, 0, 0.06%, 9, 0, 12, 301.26
1734364852, 21, 20, 80, 10, 0, 0.06%, 9, 0, 12, 282.06
1734364857, 21, 21, 80, 10, 0, 0.06%, 9, 0, 12, 322.87
1734364862, 21, 22, 80, 10, 0, 0.06%, 9, 0, 12, 345.68
1734364867, 21, 23, 80, 10, 0, 0.06%, 9, 0, 12, 330.14
1734364872, 21, 24, 80, 10, 0, 0.06%, 9, 0, 12, 290.60
1734364877, 21, 25, 80, 10, 0, 0.06%, 9, 0, 12, 298.24
1734364882, 21, 27, 80, 10, 0, 0.06%, 9, 0, 12, 291.66
1734364892, 21, 36, 80, 10, 0, 0.06%, 9, 0, 12, 315.04
1734364898, 21, 37, 80, 10, 0, 0.06%, 9, 0, 12, 338.54
1734364903, 21, 38, 80, 10, 0, 0.06%, 9, 0, 12, 304.81
1734364908, 21, 39, 80, 10, 0, 0.06%, 9, 0, 12, 351.92
1734364913, 21, 40, 80, 10, 0, 0.06%, 9, 0, 12, 331.66
1734364918, 21, 42, 80, 10, 0, 0.06%, 9, 0, 12, 380.93
1734364923, 21, 43, 80, 10, 0, 0.06%, 9, 0, 12, 371.30
1734364928, 21, 44, 80, 10, 0, 0.06%, 9, 0, 12, 378.11
1734364933, 21, 45, 80, 10, 0, 0.06%, 9, 0, 12, 323.44
1734364938, 21, 48, 80, 10, 0, 0.06%, 9, 0, 12, 369.86
1734364954, 21, 50, 80, 10, 0, 0.06%, 9, 0, 12, 352.75
1734364959, 21, 51, 80, 10, 0, 0.06%, 9, 0, 12, 412.46
1734364964, 21, 52, 80, 10, 0, 0.06%, 9, 0, 12, 373.15
1734364974, 21, 53, 80, 10, 0, 0.06%, 9, 0, 12, 381.59
1734364979, 21, 54, 80, 10, 0, 0.06%, 9, 0, 12, 404.00
1734364989, 21, 55, 80, 10, 0, 0.06%, 9, 0, 12, 358.49
1734364994, 21, 56, 80, 10, 0, 0.06%, 9, 0, 12, 323.20
1734365004, 21, 57, 80, 10, 0, 0.06%, 9, 0, 12, 360.07
1734365009, 21, 58, 80, 10, 0, 0.06%, 9, 0, 12, 309.52
1734365019, 21, 59, 80, 10, 0, 0.06%, 9, 0, 12, 280.15
1734365030, 21, 60, 80, 10, 0, 0.06%, 9, 0, 12, 385.75
1734365035, 21, 61, 80, 10, 0, 0.06%, 9, 0, 12, 334.93
1734365045, 21, 62, 80, 10, 0, 0.06%, 9, 0, 12, 311.05
1734365055, 21, 63, 80, 10, 0, 0.06%, 9, 0, 12, 382.48
1734365065, 21, 64, 80, 10, 0, 0.06%, 9, 0, 12, 408.55
1734365091, 21, 65, 80, 10, 0, 0.06%, 9, 0, 12, 356.76
1734365096, 21, 66, 80, 10, 0, 0.06%, 9, 0, 12, 382.31
1734365101, 21, 67, 80, 10, 0, 0.06%, 9, 0, 12, 333.24
1734365111, 21, 68, 80, 10, 0, 0.06%, 9, 0, 12, 344.03
1734365116, 21, 69, 80, 10, 0, 0.06%, 9, 0, 12, 333.71
1734365127, 21, 70, 80, 10, 0, 0.06%, 9, 0, 12, 292.36
1734365132, 21, 71, 80, 10, 0, 0.06%, 9, 0, 12, 297.13
1734365142, 21, 72, 80, 10, 0, 0.06%, 9, 0, 12, 387.28
1734365147, 21, 73, 80, 10, 0, 0.06%, 9, 0, 12, 329.24
1734365157, 21, 74, 80, 10, 0, 0.06%, 9, 0, 12, 390.91
1734365162, 21, 75, 80, 10, 0, 0.06%, 9, 0, 12, 370.36
1734365172, 21, 76, 80, 10, 0, 0.06%, 9, 0, 12, 369.97
1734365177, 21, 77, 80, 10, 0, 0.06%, 9, 0, 12, 366.01
1734365182, 21, 78, 80, 10, 0, 0.06%, 9, 0, 12, 429.87
1734365198, 21, 79, 80, 10, 0, 0.06%, 9, 0, 12, 397.52
1734365213, 22, 15, 80, 10, 0, 0.06%, 9, 0, 12, 338.61
1734365218, 22, 18, 80, 10, 0, 0.06%, 9, 0, 12, 365.52
1734365223, 22, 19, 80, 10, 0, 0.06%, 9, 0, 12, 312.66
1734365228, 22, 20, 80, 10, 0, 0.06%, 9, 0, 12, 282.25
1734365233, 22, 21, 80, 10, 0, 0.06%, 9, 0, 12, 321.43
1734365238, 22, 22, 80, 10, 0, 0.06%, 9, 0, 12, 336.34
1734365243, 22, 23, 80, 10, 0, 0.06%, 9, 0, 12, 329.21
1734365249, 22, 24, 80, 10, 0, 0.06%, 9, 0, 12, 305.50
1734365254, 22, 25, 80, 10, 0, 0.06%, 9, 0, 12, 299.25
1734365259, 22, 26, 80, 10, 0, 0.06%, 9, 0, 12, 309.82
1734365264, 22, 27, 80, 10, 0, 0.06%, 9, 0, 12, 280.00
1734365269, 22, 28, 80, 10, 0, 0.06%, 9, 0, 12, 319.62
1734365274, 22, 36, 80, 10, 0, 0.06%, 9, 0, 12, 334.01
1734365279, 22, 37, 80, 10, 0, 0.06%, 9, 0, 12, 324.63
1734365284, 22, 38, 80, 10, 0, 0.06%, 9, 0, 12, 353.61
1734365289, 22, 39, 80, 10, 0, 0.06%, 9, 0, 12, 344.43
1734365294, 22, 40, 80, 10, 0, 0.06%, 9, 0, 12, 331.61
1734365299, 22, 42, 80, 10, 0, 0.06%, 9, 0, 12, 328.30
1734365305, 22, 44, 80, 10, 0, 0.06%, 9, 0, 12, 332.13
1734365310, 22, 45, 80, 10, 0, 0.06%, 9, 0, 12, 326.45
1734365320, 22, 48, 80, 10, 0, 0.06%, 9, 0, 12, 262.33
1734365330, 22, 50, 80, 10, 0, 0.06%, 9, 0, 12, 305.89
1734365340, 22, 51, 80, 10, 0, 0.06%, 9, 0, 12, 377.55
1734365346, 22, 52, 80, 10, 0, 0.06%, 9, 0, 12, 377.44
1734365356, 22, 53, 80, 10, 0, 0.06%, 9, 0, 12, 363.45
1734365361, 22, 54, 80, 10, 0, 0.06%, 9, 0, 12, 356.67
1734365366, 22, 55, 80, 10, 0, 0.06%, 9, 0, 12, 347.82
1734365376, 22, 56, 80, 10, 0, 0.06%, 9, 0, 12, 360.44
1734365381, 22, 57, 80, 10, 0, 0.06%, 9, 0, 12, 349.72
1734365386, 22, 58, 80, 10, 0, 0.06%, 9, 0, 12, 362.60
1734365396, 22, 59, 80, 10, 0, 0.06%, 9, 0, 12, 334.84
1734365406, 22, 60, 80, 10, 0, 0.06%, 9, 0, 12, 376.81
1734365416, 22, 61, 80, 10, 0, 0.06%, 9, 0, 12, 359.80
1734365421, 22, 62, 80, 10, 0, 0.06%, 9, 0, 12, 321.13
1734365431, 22, 63, 80, 10, 0, 0.06%, 9, 0, 12, 338.96
1734365442, 22, 64, 80, 10, 0, 0.06%, 9, 0, 12, 460.34
1734365467, 22, 65, 80, 10, 0, 0.06%, 9, 0, 12, 337.69
1734365472, 22, 66, 80, 10, 0, 0.06%, 9, 0, 12, 386.33
1734365477, 22, 67, 80, 10, 0, 0.06%, 9, 0, 12, 358.81
1734365487, 22, 68, 80, 10, 0, 0.06%, 9, 0, 12, 347.48
1734365492, 22, 69, 80, 10, 0, 0.06%, 9, 0, 12, 329.42
1734365502, 22, 70, 80, 10, 0, 0.06%, 9, 0, 12, 313.73
1734365508, 22, 71, 80, 10, 0, 0.06%, 9, 0, 12, 283.08
1734365518, 22, 72, 80, 10, 0, 0.06%, 9, 0, 12, 365.41
1734365523, 22, 73, 80, 10, 0, 0.06%, 9, 0, 12, 341.05
1734365533, 22, 74, 80, 10, 0, 0.06%, 9, 0, 12, 380.57
1734365538, 22, 75, 80, 10, 0, 0.06%, 9, 0, 12, 366.32
1734365548, 22, 76, 80, 10, 0, 0.06%, 9, 0, 12, 367.71
1734365553, 22, 77, 80, 10, 0, 0.06%, 9, 0, 12, 364.55
1734365558, 22, 78, 80, 10, 0, 0.06%, 9, 0, 12, 418.47
1734365573, 22, 79, 80, 10, 0, 0.06%, 9, 0, 12, 365.19
1734365589, 23, 15, 80, 10, 0, 0.06%, 9, 0, 12, 365.19
1734365594, 23, 18, 80, 10, 0, 0.06%, 9, 0, 12, 366.48
1734365599, 23, 19, 80, 10, 0, 0.06%, 9, 0, 12, 322.86
1734365604, 23, 20, 80, 10, 0, 0.06%, 9, 0, 12, 296.46
1734365609, 23, 21, 80, 10, 0, 0.06%, 9, 0, 12, 316.33
1734365614, 23, 22, 80, 10, 0, 0.06%, 9, 0, 12, 337.24
1734365619, 23, 23, 80, 10, 0, 0.06%, 9, 0, 12, 329.79
1734365624, 23, 24, 80, 10, 0, 0.06%, 9, 0, 12, 289.88
1734365629, 23, 25, 80, 10, 0, 0.06%, 9, 0, 12, 305.14
1734365634, 23, 26, 80, 10, 0, 0.06%, 9, 0, 12, 294.28
1734365639, 23, 27, 80, 10, 0, 0.06%, 9, 0, 12, 302.80
1734365644, 23, 28, 80, 10, 0, 0.06%, 9, 0, 12, 304.67
1734365649, 23, 37, 80, 10, 0, 0.06%, 9, 0, 12, 322.23
1734365655, 23, 38, 80, 10, 0, 0.06%, 9, 0, 12, 335.79
1734365660, 23, 39, 80, 10, 0, 0.06%, 9, 0, 12, 356.15
1734365665, 23, 40, 80, 10, 0, 0.06%, 9, 0, 12, 342.54
1734365670, 23, 42, 80, 10, 0, 0.06%, 9, 0, 12, 390.83
1734365675, 23, 43, 80, 10, 0, 0.06%, 9, 0, 12, 373.75
1734365680, 23, 44, 80, 10, 0, 0.06%, 9, 0, 12, 388.88
1734365685, 23, 45, 80, 10, 0, 0.06%, 9, 0, 12, 338.09
1734365690, 23, 48, 80, 10, 0, 0.06%, 9, 0, 12, 345.05
1734365700, 23, 50, 80, 10, 0, 0.06%, 9, 0, 12, 369.54
1734365711, 23, 51, 80, 10, 0, 0.06%, 9, 0, 12, 392.25
1734365716, 23, 52, 80, 10, 0, 0.06%, 9, 0, 12, 320.29
1734365726, 23, 53, 80, 10, 0, 0.06%, 9, 0, 12, 391.56
1734365731, 23, 54, 80, 10, 0, 0.06%, 9, 0, 12, 345.13
1734365741, 23, 55, 80, 10, 0, 0.06%, 9, 0, 12, 366.74
1734365746, 23, 56, 80, 10, 0, 0.06%, 9, 0, 12, 321.08
1734365756, 23, 57, 80, 10, 0, 0.06%, 9, 0, 12, 366.25
1734365761, 23, 58, 80, 10, 0, 0.06%, 9, 0, 12, 324.23
1734365772, 23, 59, 80, 10, 0, 0.06%, 9, 0, 12, 329.58
1734365782, 23, 60, 80, 10, 0, 0.06%, 9, 0, 12, 364.92
1734365787, 23, 61, 80, 10, 0, 0.06%, 9, 0, 12, 338.25
1734365797, 23, 62, 80, 10, 0, 0.06%, 9, 0, 12, 336.37
1734365807, 23, 63, 80, 10, 0, 0.06%, 9, 0, 12, 399.64
1734365812, 23, 64, 80, 10, 0, 0.06%, 9, 0, 12, 333.81
1734365843, 23, 65, 80, 10, 0, 0.06%, 9, 0, 12, 337.07
1734365848, 23, 66, 80, 10, 0, 0.06%, 9, 0, 12, 373.58
1734365853, 23, 67, 80, 10, 0, 0.06%, 9, 0, 12, 333.07
1734365863, 23, 68, 80, 10, 0, 0.06%, 9, 0, 12, 356.60
1734365868, 23, 69, 80, 10, 0, 0.06%, 9, 0, 12, 345.86
1734365878, 23, 70, 80, 10, 0, 0.06%, 9, 0, 12, 317.95
1734365883, 23, 71, 80, 10, 0, 0.06%, 9, 0, 12, 285.09
1734365894, 23, 72, 80, 10, 0, 0.06%, 9, 0, 12, 367.05
1734365899, 23, 73, 80, 10, 0, 0.06%, 9, 0, 12, 314.16
1734365909, 23, 74, 80, 10, 0, 0.06%, 9, 0, 12, 394.05
1734365914, 23, 75, 80, 10, 0, 0.06%, 9, 0, 12, 342.54
1734365924, 23, 76, 80, 10, 0, 0.06%, 9, 0, 12, 374.66
1734365929, 23, 77, 80, 10, 0, 0.06%, 9, 0, 12, 338.70
1734365934, 23, 78, 80, 10, 0, 0.06%, 9, 0, 12, 337.27
1734365949, 23, 79, 80, 10, 0, 0.06%, 9, 0, 12, 388.19
1734365964, 24, 15, 80, 10, 0, 0.06%, 9, 0, 12, 336.14
1734365970, 24, 18, 80, 10, 0, 0.06%, 9, 0, 12, 332.48
1734365975, 24, 19, 80, 10, 0, 0.06%, 9, 0, 12, 322.62
1734365980, 24, 20, 80, 10, 0, 0.06%, 9, 0, 12, 289.21
1734365985, 24, 21, 80, 10, 0, 0.06%, 9, 0, 12, 325.54
1734365990, 24, 22, 80, 10, 0, 0.06%, 9, 0, 12, 346.55
1734365995, 24, 23, 80, 10, 0, 0.06%, 9, 0, 12, 332.23
1734366000, 24, 24, 80, 10, 0, 0.06%, 9, 0, 12, 285.56
1734366006, 24, 25, 80, 10, 0, 0.06%, 9, 0, 12, 333.12
1734366011, 24, 26, 80, 10, 0, 0.06%, 9, 0, 12, 307.35
1734366016, 24, 27, 80, 10, 0, 0.06%, 9, 0, 12, 278.52
1734366021, 24, 28, 80, 10, 0, 0.06%, 9, 0, 12, 323.96
1734366026, 24, 36, 80, 10, 0, 0.06%, 9, 0, 12, 314.49
1734366031, 24, 37, 80, 10, 0, 0.06%, 9, 0, 12, 320.64
1734366036, 24, 38, 80, 10, 0, 0.06%, 9, 0, 12, 363.19
1734366041, 24, 39, 80, 10, 0, 0.06%, 9, 0, 12, 353.36
1734366046, 24, 40, 80, 10, 0, 0.06%, 9, 0, 12, 338.74
1734366051, 24, 42, 80, 10, 0, 0.06%, 9, 0, 12, 320.67
1734366056, 24, 44, 80, 10, 0, 0.06%, 9, 0, 12, 341.88
1734366066, 24, 45, 80, 10, 0, 0.06%, 9, 0, 12, 309.31
1734366071, 24, 48, 80, 10, 0, 0.06%, 9, 0, 12, 271.33
1734366082, 24, 50, 80, 10, 0, 0.06%, 9, 0, 12, 356.22
1734366092, 24, 51, 80, 10, 0, 0.06%, 9, 0, 12, 358.98
1734366097, 24, 52, 80, 10, 0, 0.06%, 9, 0, 12, 372.42
1734366102, 24, 53, 80, 10, 0, 0.06%, 9, 0, 12, 375.33
1734366112, 24, 54, 80, 10, 0, 0.06%, 9, 0, 12, 361.14
1734366117, 24, 55, 80, 10, 0, 0.06%, 9, 0, 12, 379.63
1734366122, 24, 56, 80, 10, 0, 0.06%, 9, 0, 12, 338.78
1734366132, 24, 57, 80, 10, 0, 0.06%, 9, 0, 12, 389.98
1734366137, 24, 58, 80, 10, 0, 0.06%, 9, 0, 12, 353.43
1734366147, 24, 59, 80, 10, 0, 0.06%, 9, 0, 12, 306.63
1734366158, 24, 60, 80, 10, 0, 0.06%, 9, 0, 12, 385.62
1734366163, 24, 61, 80, 10, 0, 0.06%, 9, 0, 12, 373.89
1734366173, 24, 62, 80, 10, 0, 0.06%, 9, 0, 12, 322.17
1734366183, 24, 63, 80, 10, 0, 0.06%, 9, 0, 12, 390.08
1734366188, 24, 64, 80, 10, 0, 0.06%, 9, 0, 12, 381.66
1734366219, 24, 65, 80, 10, 0, 0.06%, 9, 0, 12, 357.48
1734366224, 24, 66, 80, 10, 0, 0.06%, 9, 0, 12, 380.84
1734366229, 24, 67, 80, 10, 0, 0.06%, 9, 0, 12, 324.97
1734366239, 24, 68, 80, 10, 0, 0.06%, 9, 0, 12, 354.38
1734366244, 24, 69, 80, 10, 0, 0.06%, 9, 0, 12, 348.40
1734366254, 24, 70, 80, 10, 0, 0.06%, 9, 0, 12, 313.03
1734366259, 24, 71, 80, 10, 0, 0.06%, 9, 0, 12, 281.99
1734366269, 24, 72, 80, 10, 0, 0.06%, 9, 0, 12, 378.58
1734366274, 24, 73, 80, 10, 0, 0.06%, 9, 0, 12, 326.80
1734366285, 24, 74, 80, 10, 0, 0.06%, 9, 0, 12, 364.67
1734366290, 24, 75, 80, 10, 0, 0.06%, 9, 0, 12, 305.40
1734366300, 24, 76, 80, 10, 0, 0.06%, 9, 0, 12, 380.36
1734366305, 24, 77, 80, 10, 0, 0.06%, 9, 0, 12, 304.17
1734366315, 24, 78, 80, 10, 0, 0.06%, 9, 0, 12, 302.20
1734366330, 24, 79, 80, 10, 0, 0.06%, 9, 0, 12, 318.52
1734366346, 25, 15, 80, 10, 0, 0.06%, 9, 0, 12, 313.76
1734366351, 25, 18, 80, 10, 0, 0.06%, 9, 0, 12, 325.13
1734366356, 25, 19, 80, 10, 0, 0.06%, 9, 0, 12, 297.33
1734366361, 25, 20, 80, 10, 0, 0.06%, 9, 0, 12, 263.33
1734366366, 25, 21, 80, 10, 0, 0.06%, 9, 0, 12, 291.43
1734366371, 25, 23, 80, 10, 0, 0.06%, 9, 0, 12, 322.19
1734366376, 25, 24, 80, 10, 0, 0.06%, 9, 0, 12, 308.07
1734366381, 25, 25, 80, 10, 0, 0.06%, 9, 0, 12, 297.13
1734366386, 25, 26, 80, 10, 0, 0.06%, 9, 0, 12, 301.29
1734366391, 25, 27, 80, 10, 0, 0.06%, 9, 0, 12, 289.50
1734366396, 25, 28, 80, 10, 0, 0.06%, 9, 0, 12, 296.06
1734366401, 25, 36, 80, 10, 0, 0.06%, 9, 0, 12, 368.82
1734366406, 25, 37, 80, 10, 0, 0.06%, 9, 0, 12, 350.97
1734366411, 25, 38, 80, 10, 0, 0.06%, 9, 0, 12, 351.61
1734366416, 25, 39, 80, 10, 0, 0.06%, 9, 0, 12, 342.78
1734366421, 25, 40, 80, 10, 0, 0.06%, 9, 0, 12, 349.58
1734366427, 25, 42, 80, 10, 0, 0.06%, 9, 0, 12, 368.65
1734366432, 25, 43, 80, 10, 0, 0.06%, 9, 0, 12, 347.62
1734366437, 25, 44, 80, 10, 0, 0.06%, 9, 0, 12, 365.32
1734366442, 25, 45, 80, 10, 0, 0.06%, 9, 0, 12, 324.55
1734366447, 25, 48, 80, 10, 0, 0.06%, 9, 0, 12, 355.26
1734366462, 25, 50, 80, 10, 0, 0.06%, 9, 0, 12, 356.28
1734366467, 25, 51, 80, 10, 0, 0.06%, 9, 0, 12, 406.23
1734366472, 25, 52, 80, 10, 0, 0.06%, 9, 0, 12, 363.05
1734366482, 25, 53, 80, 10, 0, 0.06%, 9, 0, 12, 395.33
1734366487, 25, 54, 80, 10, 0, 0.06%, 9, 0, 12, 354.88
1734366497, 25, 55, 80, 10, 0, 0.06%, 9, 0, 12, 369.05
1734366502, 25, 56, 80, 10, 0, 0.06%, 9, 0, 12, 376.57
1734366513, 25, 57, 80, 10, 0, 0.06%, 9, 0, 12, 346.76
1734366518, 25, 58, 80, 10, 0, 0.06%, 9, 0, 12, 296.43
1734366528, 25, 59, 80, 10, 0, 0.06%, 9, 0, 12, 342.90
1734366538, 25, 60, 80, 10, 0, 0.06%, 9, 0, 12, 383.13
1734366543, 25, 61, 80, 10, 0, 0.06%, 9, 0, 12, 305.15
1734366553, 25, 62, 80, 10, 0, 0.06%, 9, 0, 12, 343.40
1734366563, 25, 63, 80, 10, 0, 0.06%, 9, 0, 12, 394.88
1734366568, 25, 64, 80, 10, 0, 0.06%, 9, 0, 12, 374.10
1734366594, 25, 65, 80, 10, 0, 0.06%, 9, 0, 12, 357.87
1734366604, 25, 66, 80, 10, 0, 0.06%, 9, 0, 12, 389.88
1734366609, 25, 67, 80, 10, 0, 0.06%, 9, 0, 12, 314.88
1734366619, 25, 68, 80, 10, 0, 0.06%, 9, 0, 12, 358.05
1734366624, 25, 69, 80, 10, 0, 0.06%, 9, 0, 12, 333.33
1734366634, 25, 70, 80, 10, 0, 0.06%, 9, 0, 12, 320.89
1734366639, 25, 71, 80, 10, 0, 0.06%, 9, 0, 12, 269.49
1734366650, 25, 72, 80, 10, 0, 0.06%, 9, 0, 12, 352.50
1734366655, 25, 73, 80, 10, 0, 0.06%, 9, 0, 12, 293.19
1734366665, 25, 74, 80, 10, 0, 0.06%, 9, 0, 12, 382.54
1734366670, 25, 75, 80, 10, 0, 0.06%, 9, 0, 12, 337.50
1734366680, 25, 76, 80, 10, 0, 0.06%, 9, 0, 12, 380.74
1734366685, 25, 77, 80, 10, 0, 0.06%, 9, 0, 12, 348.42
1734366690, 25, 78, 80, 10, 0, 0.06%, 9, 0, 12, 426.39
1734366706, 25, 79, 80, 10, 0, 0.06%, 9, 0, 12, 410.97
1734366721, 26, 15, 80, 10, 0, 0.06%, 9, 0, 12, 334.47
1734366726, 26, 18, 80, 10, 0, 0.06%, 9, 0, 12, 346.69
1734366731, 26, 19, 80, 10, 0, 0.06%, 9, 0, 12, 323.51
1734366736, 26, 20, 80, 10, 0, 0.06%, 9, 0, 12, 295.81
1734366741, 26, 21, 80, 10, 0, 0.06%, 9, 0, 12, 334.37
1734366746, 26, 22, 80, 10, 0, 0.06%, 9, 0, 12, 330.67
1734366751, 26, 23, 80, 10, 0, 0.06%, 9, 0, 12, 345.45
1734366756, 26, 24, 80, 10, 0, 0.06%, 9, 0, 12, 305.40
1734366762, 26, 25, 80, 10, 0, 0.06%, 9, 0, 12, 318.16
1734366767, 26, 26, 80, 10, 0, 0.06%, 9, 0, 12, 298.70
1734366772, 26, 27, 80, 10, 0, 0.06%, 9, 0, 12, 284.05
1734366777, 26, 28, 80, 10, 0, 0.06%, 9, 0, 12, 310.44
1734366782, 26, 36, 80, 10, 0, 0.06%, 9, 0, 12, 327.00
1734366787, 26, 38, 80, 10, 0, 0.06%, 9, 0, 12, 341.32
1734366797, 26, 39, 80, 10, 0, 0.06%, 9, 0, 12, 335.34
1734366802, 26, 40, 80, 10, 0, 0.06%, 9, 0, 12, 339.89
1734366807, 26, 43, 80, 10, 0, 0.06%, 9, 0, 12, 332.58
1734366812, 26, 44, 80, 10, 0, 0.06%, 9, 0, 12, 320.84
1734366817, 26, 45, 80, 10, 0, 0.06%, 9, 0, 12, 332.27
1734366822, 26, 48, 80, 10, 0, 0.06%, 9, 0, 12, 327.12
1734366838, 26, 50, 80, 10, 0, 0.06%, 9, 0, 12, 379.68
1734366848, 26, 51, 80, 10, 0, 0.06%, 9, 0, 12, 351.76
1734366853, 26, 52, 80, 10, 0, 0.06%, 9, 0, 12, 376.27
1734366858, 26, 53, 80, 10, 0, 0.06%, 9, 0, 12, 341.61
1734366868, 26, 54, 80, 10, 0, 0.06%, 9, 0, 12, 365.19
1734366873, 26, 55, 80, 10, 0, 0.06%, 9, 0, 12, 383.62
1734366878, 26, 56, 80, 10, 0, 0.06%, 9, 0, 12, 354.79
1734366888, 26, 57, 80, 10, 0, 0.06%, 9, 0, 12, 386.52
1734366893, 26, 58, 80, 10, 0, 0.06%, 9, 0, 12, 378.44
1734366903, 26, 59, 80, 10, 0, 0.06%, 9, 0, 12, 303.55
1734366913, 26, 60, 80, 10, 0, 0.06%, 9, 0, 12, 392.84
1734366918, 26, 61, 80, 10, 0, 0.06%, 9, 0, 12, 349.56
1734366929, 26, 62, 80, 10, 0, 0.06%, 9, 0, 12, 305.65
1734366939, 26, 63, 80, 10, 0, 0.06%, 9, 0, 12, 329.56
1734366949, 26, 64, 80, 10, 0, 0.06%, 9, 0, 12, 473.89
1734366975, 26, 65, 80, 10, 0, 0.06%, 9, 0, 12, 398.24
1734366980, 26, 66, 80, 10, 0, 0.06%, 9, 0, 12, 392.82
1734366985, 26, 67, 80, 10, 0, 0.06%, 9, 0, 12, 331.82
1734366995, 26, 68, 80, 10, 0, 0.06%, 9, 0, 12, 345.51
1734367000, 26, 69, 80, 10, 0, 0.06%, 9, 0, 12, 343.63
1734367010, 26, 70, 80, 10, 0, 0.06%, 9, 0, 12, 302.40
1734367015, 26, 71, 80, 10, 0, 0.06%, 9, 0, 12, 293.41
1734367025, 26, 72, 80, 10, 0, 0.06%, 9, 0, 12, 374.21
1734367030, 26, 73, 80, 10, 0, 0.06%, 9, 0, 12, 334.34
1734367040, 26, 74, 80, 10, 0, 0.06%, 9, 0, 12, 387.03
1734367046, 26, 75, 80, 10, 0, 0.06%, 9, 0, 12, 354.73
1734367056, 26, 76, 80, 10, 0, 0.06%, 9, 0, 12, 379.52
1734367066, 26, 77, 80, 10, 0, 0.06%, 9, 0, 12, 318.95
1734367071, 26, 78, 80, 10, 0, 0.06%, 9, 0, 12, 303.78
1734367086, 26, 79, 80, 10, 0, 0.06%, 9, 0, 12, 328.00
1734367101, 27, 15, 80, 10, 0, 0.06%, 9, 0, 12, 307.36
1734367106, 27, 18, 80, 10, 0, 0.06%, 9, 0, 12, 327.23
1734367112, 27, 19, 80, 10, 0, 0.06%, 9, 0, 12, 300.05
1734367117, 27, 20, 80, 10, 0, 0.06%, 9, 0, 12, 275.12
1734367122, 27, 21, 80, 10, 0, 0.06%, 9, 0, 12, 326.92
1734367127, 27, 22, 80, 10, 0, 0.06%, 9, 0, 12, 319.39
1734367132, 27, 24, 80, 10, 0, 0.06%, 9, 0, 12, 312.02
1734367137, 27, 25, 80, 10, 0, 0.06%, 9, 0, 12, 304.35
1734367142, 27, 26, 80, 10, 0, 0.06%, 9, 0, 12, 304.97
1734367147, 27, 27, 80, 10, 0, 0.06%, 9, 0, 12, 289.74
1734367152, 27, 28, 80, 10, 0, 0.06%, 9, 0, 12, 301.00
1734367157, 27, 36, 80, 10, 0, 0.06%, 9, 0, 12, 367.76
1734367162, 27, 37, 80, 10, 0, 0.06%, 9, 0, 12, 359.05
1734367167, 27, 38, 80, 10, 0, 0.06%, 9, 0, 12, 346.07
1734367172, 27, 39, 80, 10, 0, 0.06%, 9, 0, 12, 336.05
1734367177, 27, 40, 80, 10, 0, 0.06%, 9, 0, 12, 335.14
1734367182, 27, 42, 80, 10, 0, 0.06%, 9, 0, 12, 372.23
1734367187, 27, 43, 80, 10, 0, 0.06%, 9, 0, 12, 360.61
1734367193, 27, 44, 80, 10, 0, 0.06%, 9, 0, 12, 364.94
1734367198, 27, 45, 80, 10, 0, 0.06%, 9, 0, 12, 333.74
1734367203, 27, 48, 80, 10, 0, 0.06%, 9, 0, 12, 356.29
1734367218, 27, 50, 80, 10, 0, 0.06%, 9, 0, 12, 346.92
1734367223, 27, 51, 80, 10, 0, 0.06%, 9, 0, 12, 403.07
1734367228, 27, 52, 80, 10, 0, 0.06%, 9, 0, 12, 366.00
1734367238, 27, 53, 80, 10, 0, 0.06%, 9, 0, 12, 385.75
1734367243, 27, 54, 80, 10, 0, 0.06%, 9, 0, 12, 378.17
1734367249, 27, 55, 80, 10, 0, 0.06%, 9, 0, 12, 321.85
1734367259, 27, 56, 80, 10, 0, 0.06%, 9, 0, 12, 328.80
1734367269, 27, 57, 80, 10, 0, 0.06%, 9, 0, 12, 352.89
1734367274, 27, 58, 80, 10, 0, 0.06%, 9, 0, 12, 330.16
1734367284, 27, 59, 80, 10, 0, 0.06%, 9, 0, 12, 356.38
1734367294, 27, 60, 80, 10, 0, 0.06%, 9, 0, 12, 366.25
1734367300, 27, 61, 80, 10, 0, 0.06%, 9, 0, 12, 349.33
1734367310, 27, 62, 80, 10, 0, 0.06%, 9, 0, 12, 335.79
1734367315, 27, 63, 80, 10, 0, 0.06%, 9, 0, 12, 342.17
1734367325, 27, 64, 80, 10, 0, 0.06%, 9, 0, 12, 477.30
1734367351, 27, 65, 80, 10, 0, 0.06%, 9, 0, 12, 408.54
1734367356, 27, 66, 80, 10, 0, 0.06%, 9, 0, 12, 322.23
1734367366, 27, 67, 80, 10, 0, 0.06%, 9, 0, 12, 375.28
1734367371, 27, 68, 80, 10, 0, 0.06%, 9, 0, 12, 326.15
1734367381, 27, 69, 80, 10, 0, 0.06%, 9, 0, 12, 321.09
1734367386, 27, 70, 80, 10, 0, 0.06%, 9, 0, 12, 319.15
1734367391, 27, 71, 80, 10, 0, 0.06%, 9, 0, 12, 372.21
1734367401, 27, 72, 80, 10, 0, 0.06%, 9, 0, 12, 347.45
1734367412, 27, 73, 80, 10, 0, 0.06%, 9, 0, 12, 360.39
1734367417, 27, 74, 80, 10, 0, 0.06%, 9, 0, 12, 336.70
1734367427, 27, 75, 80, 10, 0, 0.06%, 9, 0, 12, 358.36
1734367432, 27, 76, 80, 10, 0, 0.06%, 9, 0, 12, 365.70
1734367442, 27, 77, 80, 10, 0, 0.06%, 9, 0, 12, 335.92
1734367447, 27, 78, 80, 10, 0, 0.06%, 9, 0, 12, 308.14
1734367462, 27, 79, 80, 10, 0, 0.06%, 9, 0, 12, 318.88
1734367478, 28, 15, 80, 10, 0, 0.06%, 9, 0, 12, 315.17
1734367483, 28, 18, 80, 10, 0, 0.06%, 9, 0, 12, 322.25
1734367488, 28, 19, 80, 10, 0, 0.06%, 9, 0, 12, 291.57
1734367493, 28, 20, 80, 10, 0, 0.06%, 9, 0, 12, 277.72
1734367498, 28, 21, 80, 10, 0, 0.06%, 9, 0, 12, 315.93
1734367503, 28, 22, 80, 10, 0, 0.06%, 9, 0, 12, 325.27
1734367508, 28, 24, 80, 10, 0, 0.06%, 9, 0, 12, 310.95
1734367513, 28, 25, 80, 10, 0, 0.06%, 9, 0, 12, 296.17
1734367518, 28, 26, 80, 10, 0, 0.06%, 9, 0, 12, 313.62
1734367523, 28, 27, 80, 10, 0, 0.06%, 9, 0, 12, 288.63
1734367528, 28, 28, 80, 10, 0, 0.06%, 9, 0, 12, 339.17
1734367533, 28, 36, 80, 10, 0, 0.06%, 9, 0, 12, 352.14
1734367538, 28, 37, 80, 10, 0, 0.06%, 9, 0, 12, 357.08
1734367543, 28, 38, 80, 10, 0, 0.06%, 9, 0, 12, 369.28
1734367548, 28, 39, 80, 10, 0, 0.06%, 9, 0, 12, 346.86
1734367554, 28, 40, 80, 10, 0, 0.06%, 9, 0, 12, 369.24
1734367559, 28, 42, 80, 10, 0, 0.06%, 9, 0, 12, 360.54
1734367564, 28, 43, 80, 10, 0, 0.06%, 9, 0, 12, 338.84
1734367569, 28, 44, 80, 10, 0, 0.06%, 9, 0, 12, 374.00
1734367574, 28, 45, 80, 10, 0, 0.06%, 9, 0, 12, 310.29
1734367579, 28, 48, 80, 10, 0, 0.06%, 9, 0, 12, 322.94
1734367589, 28, 50, 80, 10, 0, 0.06%, 9, 0, 12, 373.08
1734367599, 28, 51, 80, 10, 0, 0.06%, 9, 0, 12, 391.36
1734367604, 28, 52, 80, 10, 0, 0.06%, 9, 0, 12, 360.63
1734367614, 28, 53, 80, 10, 0, 0.06%, 9, 0, 12, 399.02
1734367619, 28, 54, 80, 10, 0, 0.06%, 9, 0, 12, 381.25
1734367629, 28, 55, 80, 10, 0, 0.06%, 9, 0, 12, 370.09
1734367634, 28, 56, 80, 10, 0, 0.06%, 9, 0, 12, 303.53
1734367645, 28, 57, 80, 10, 0, 0.06%, 9, 0, 12, 371.68
1734367650, 28, 58, 80, 10, 0, 0.06%, 9, 0, 12, 325.25
1734367660, 28, 59, 80, 10, 0, 0.06%, 9, 0, 12, 282.06
1734367670, 28, 60, 80, 10, 0, 0.06%, 9, 0, 12, 385.34
1734367675, 28, 61, 80, 10, 0, 0.06%, 9, 0, 12, 338.97
1734367685, 28, 62, 80, 10, 0, 0.06%, 9, 0, 12, 336.97
1734367695, 28, 63, 80, 10, 0, 0.06%, 9, 0, 12, 380.60
1734367700, 28, 64, 80, 10, 0, 0.06%, 9, 0, 12, 381.78
1734367731, 28, 65, 80, 10, 0, 0.06%, 9, 0, 12, 338.30
1734367736, 28, 66, 80, 10, 0, 0.06%, 9, 0, 12, 383.53
1734367741, 28, 67, 80, 10, 0, 0.06%, 9, 0, 12, 322.06
1734367751, 28, 68, 80, 10, 0, 0.06%, 9, 0, 12, 346.11
1734367761, 28, 69, 80, 10, 0, 0.06%, 9, 0, 12, 311.54
1734367766, 28, 70, 80, 10, 0, 0.06%, 9, 0, 12, 322.45
1734367771, 28, 71, 80, 10, 0, 0.06%, 9, 0, 12, 291.49
1734367782, 28, 72, 80, 10, 0, 0.06%, 9, 0, 12, 368.21
1734367787, 28, 73, 80, 10, 0, 0.06%, 9, 0, 12, 309.30
1734367797, 28, 74, 80, 10, 0, 0.06%, 9, 0, 12, 393.71
1734367802, 28, 75, 80, 10, 0, 0.06%, 9, 0, 12, 367.40
1734367812, 28, 76, 80, 10, 0, 0.06%, 9, 0, 12, 376.31
1734367817, 28, 77, 80, 10, 0, 0.06%, 9, 0, 12, 364.16
1734367822, 28, 78, 80, 10, 0, 0.06%, 9, 0, 12, 358.45
1734367837, 28, 79, 80, 10, 0, 0.06%, 9, 0, 12, 405.37
1734367853, 29, 15, 80, 10, 0, 0.06%, 9, 0, 12, 336.36
1734367858, 29, 18, 80, 10, 0, 0.06%, 9, 0, 12, 350.99
1734367863, 29, 19, 80, 10, 0, 0.06%, 9, 0, 12, 317.38
1734367868, 29, 20, 80, 10, 0, 0.06%, 9, 0, 12, 289.18
1734367873, 29, 21, 80, 10, 0, 0.06%, 9, 0, 12, 326.41
1734367878, 29, 22, 80, 10, 0, 0.06%, 9, 0, 12, 336.71
1734367883, 29, 23, 80, 10, 0, 0.06%, 9, 0, 12, 340.98
1734367888, 29, 24, 80, 10, 0, 0.06%, 9, 0, 12, 290.18
1734367893, 29, 25, 80, 10, 0, 0.06%, 9, 0, 12, 301.08
1734367898, 29, 26, 80, 10, 0, 0.06%, 9, 0, 12, 303.06
1734367904, 29, 27, 80, 10, 0, 0.06%, 9, 0, 12, 301.74
1734367909, 29, 28, 80, 10, 0, 0.06%, 9, 0, 12, 305.63
1734367914, 29, 37, 80, 10, 0, 0.06%, 9, 0, 12, 311.84
1734367919, 29, 38, 80, 10, 0, 0.06%, 9, 0, 12, 319.30
1734367929, 29, 39, 80, 10, 0, 0.06%, 9, 0, 12, 347.00
1734367934, 29, 40, 80, 10, 0, 0.06%, 9, 0, 12, 335.83
1734367939, 29, 43, 80, 10, 0, 0.06%, 9, 0, 12, 374.71
1734367944, 29, 44, 80, 10, 0, 0.06%, 9, 0, 12, 325.16
1734367949, 29, 45, 80, 10, 0, 0.06%, 9, 0, 12, 336.88
1734367954, 29, 48, 80, 10, 0, 0.06%, 9, 0, 12, 357.63
1734367970, 29, 50, 80, 10, 0, 0.06%, 9, 0, 12, 360.82
1734367980, 29, 51, 80, 10, 0, 0.06%, 9, 0, 12, 358.42
1734367985, 29, 52, 80, 10, 0, 0.06%, 9, 0, 12, 382.47
1734367995, 29, 53, 80, 10, 0, 0.06%, 9, 0, 12, 345.21
1734368000, 29, 54, 80, 10, 0, 0.06%, 9, 0, 12, 349.63
1734368005, 29, 55, 80, 10, 0, 0.06%, 9, 0, 12, 330.99
1734368015, 29, 56, 80, 10, 0, 0.06%, 9, 0, 12, 364.88
1734368020, 29, 57, 80, 10, 0, 0.06%, 9, 0, 12, 346.27
1734368030, 29, 58, 80, 10, 0, 0.06%, 9, 0, 12, 386.10
1734368035, 29, 59, 80, 10, 0, 0.06%, 9, 0, 12, 362.45
1734368046, 29, 60, 80, 10, 0, 0.06%, 9, 0, 12, 353.06
1734368056, 29, 61, 80, 10, 0, 0.06%, 9, 0, 12, 400.38
1734368061, 29, 62, 80, 10, 0, 0.06%, 9, 0, 12, 335.21
1734368071, 29, 63, 80, 10, 0, 0.06%, 9, 0, 12, 334.45
1734368081, 29, 64, 80, 10, 0, 0.06%, 9, 0, 12, 484.45
1734368107, 29, 65, 80, 10, 0, 0.06%, 9, 0, 12, 376.19
1734368112, 29, 66, 80, 10, 0, 0.06%, 9, 0, 12, 380.45
1734368117, 29, 67, 80, 10, 0, 0.06%, 9, 0, 12, 343.17
1734368127, 29, 68, 80, 10, 0, 0.06%, 9, 0, 12, 349.49
1734368137, 29, 69, 80, 10, 0, 0.06%, 9, 0, 12, 308.83
1734368142, 29, 70, 80, 10, 0, 0.06%, 9, 0, 12, 305.15
1734368147, 29, 71, 80, 10, 0, 0.06%, 9, 0, 12, 299.77
1734368158, 29, 72, 80, 10, 0, 0.06%, 9, 0, 12, 371.58
1734368168, 29, 73, 80, 10, 0, 0.06%, 9, 0, 12, 358.74
1734368173, 29, 74, 80, 10, 0, 0.06%, 9, 0, 12, 400.18
1734368178, 29, 75, 80, 10, 0, 0.06%, 9, 0, 12, 345.30
1734368188, 29, 76, 80, 10, 0, 0.06%, 9, 0, 12, 381.46
1734368193, 29, 77, 80, 10, 0, 0.06%, 9, 0, 12, 348.70
1734368203, 29, 78, 80, 10, 0, 0.06%, 9, 0, 12, 283.17
1734368219, 29, 79, 80, 10, 0, 0.06%, 9, 0, 12, 288.69
1734368234, 30, 15, 80, 10, 0, 0.06%, 9, 0, 12, 311.86
1734368239, 30, 19, 80, 10, 0, 0.06%, 9, 0, 12, 334.06
1734368244, 30, 20, 80, 10, 0, 0.06%, 9, 0, 12, 302.93
1734368249, 30, 21, 80, 10, 0, 0.06%, 9, 0, 12, 302.77
1734368254, 30, 22, 80, 10, 0, 0.06%, 9, 0, 12, 323.03
1734368259, 30, 23, 80, 10, 0, 0.06%, 9, 0, 12, 349.14
1734368264, 30, 24, 80, 10, 0, 0.06%, 9, 0, 12, 289.29
1734368269, 30, 25, 80, 10, 0, 0.06%, 9, 0, 12, 330.55
1734368274, 30, 26, 80, 10, 0, 0.06%, 9, 0, 12, 309.75
1734368279, 30, 27, 80, 10, 0, 0.06%, 9, 0, 12, 275.93
1734368284, 30, 28, 80, 10, 0, 0.06%, 9, 0, 12, 324.64
1734368289, 30, 36, 80, 10, 0, 0.06%, 9, 0, 12, 343.87
1734368294, 30, 37, 80, 10, 0, 0.06%, 9, 0, 12, 322.77
1734368299, 30, 38, 80, 10, 0, 0.06%, 9, 0, 12, 358.75
1734368305, 30, 39, 80, 10, 0, 0.06%, 9, 0, 12, 343.37
1734368310, 30, 40, 80, 10, 0, 0.06%, 9, 0, 12, 364.79
1734368315, 30, 42, 80, 10, 0, 0.06%, 9, 0, 12, 344.15
1734368320, 30, 43, 80, 10, 0, 0.06%, 9, 0, 12, 338.89
1734368325, 30, 44, 80, 10, 0, 0.06%, 9, 0, 12, 343.77
1734368330, 30, 45, 80, 10, 0, 0.06%, 9, 0, 12, 326.40
1734368335, 30, 48, 80, 10, 0, 0.06%, 9, 0, 12, 291.99
1734368345, 30, 50, 80, 10, 0, 0.06%, 9, 0, 12, 327.92
1734368355, 30, 51, 80, 10, 0, 0.06%, 9, 0, 12, 363.57
1734368360, 30, 52, 80, 10, 0, 0.06%, 9, 0, 12, 300.33
1734368370, 30, 53, 80, 10, 0, 0.06%, 9, 0, 12, 375.30
1734368375, 30, 54, 80, 10, 0, 0.06%, 9, 0, 12, 389.28
1734368381, 30, 55, 80, 10, 0, 0.06%, 9, 0, 12, 319.23
1734368391, 30, 56, 80, 10, 0, 0.06%, 9, 0, 12, 349.45
1734368401, 30, 57, 80, 10, 0, 0.06%, 9, 0, 12, 354.55
1734368406, 30, 58, 80, 10, 0, 0.06%, 9, 0, 12, 311.44
1734368416, 30, 59, 80, 10, 0, 0.06%, 9, 0, 12, 336.97
1734368426, 30, 60, 80, 10, 0, 0.06%, 9, 0, 12, 373.07
1734368431, 30, 61, 80, 10, 0, 0.06%, 9, 0, 12, 343.76
1734368441, 30, 62, 80, 10, 0, 0.06%, 9, 0, 12, 359.62
1734368446, 30, 63, 80, 10, 0, 0.06%, 9, 0, 12, 341.89
1734368457, 30, 64, 80, 10, 0, 0.06%, 9, 0, 12, 380.07
1734368482, 30, 65, 80, 10, 0, 0.06%, 9, 0, 12, 390.26
1734368492, 30, 66, 80, 10, 0, 0.06%, 9, 0, 12, 354.40
1734368497, 30, 67, 80, 10, 0, 0.06%, 9, 0, 12, 367.92
1734368507, 30, 68, 80, 10, 0, 0.06%, 9, 0, 12, 358.48
1734368513, 30, 69, 80, 10, 0, 0.06%, 9, 0, 12, 323.96
1734368518, 30, 70, 80, 10, 0, 0.06%, 9, 0, 12, 323.54
1734368528, 30, 71, 80, 10, 0, 0.06%, 9, 0, 12, 252.43
1734368538, 30, 72, 80, 10, 0, 0.06%, 9, 0, 12, 336.67
1734368543, 30, 73, 80, 10, 0, 0.06%, 9, 0, 12, 357.87
1734368553, 30, 74, 80, 10, 0, 0.06%, 9, 0, 12, 347.80
1734368558, 30, 75, 80, 10, 0, 0.06%, 9, 0, 12, 368.30
1734368568, 30, 76, 80, 10, 0, 0.06%, 9, 0, 12, 348.17
1734368573, 30, 77, 80, 10, 0, 0.06%, 9, 0, 12, 362.36
1734368578, 30, 78, 80, 10, 0, 0.06%, 9, 0, 12, 416.34
1734368594, 30, 79, 80, 10, 0, 0.06%, 9, 0, 12, 402.63
1734368609, 31, 15, 80, 10, 0, 0.06%, 9, 0, 12, 324.98
1734368614, 31, 18, 80, 10, 0, 0.06%, 9, 0, 12, 357.39
1734368619, 31, 19, 80, 10, 0, 0.06%, 9, 0, 12, 317.33
1734368624, 31, 20, 80, 10, 0, 0.06%, 9, 0, 12, 283.14
1734368629, 31, 21, 80, 10, 0, 0.06%, 9, 0, 12, 325.30
1734368634, 31, 22, 80, 10, 0, 0.06%, 9, 0, 12, 330.74
1734368639, 31, 23, 80, 10, 0, 0.06%, 9, 0, 12, 321.79
1734368644, 31, 24, 80, 10, 0, 0.06%, 9, 0, 12, 293.18
1734368649, 31, 25, 80, 10, 0, 0.06%, 9, 0, 12, 316.49
1734368654, 31, 26, 80, 10, 0, 0.06%, 9, 0, 12, 297.53
1734368660, 31, 27, 80, 10, 0, 0.06%, 9, 0, 12, 283.62
1734368665, 31, 28, 80, 10, 0, 0.06%, 9, 0, 12, 317.26
1734368670, 31, 36, 80, 10, 0, 0.06%, 9, 0, 12, 321.15
1734368675, 31, 37, 80, 10, 0, 0.06%, 9, 0, 12, 321.66
1734368680, 31, 38, 80, 10, 0, 0.06%, 9, 0, 12, 362.41
1734368685, 31, 39, 80, 10, 0, 0.06%, 9, 0, 12, 330.79
1734368690, 31, 40, 80, 10, 0, 0.06%, 9, 0, 12, 345.25
1734368695, 31, 43, 80, 10, 0, 0.06%, 9, 0, 12, 330.14
1734368700, 31, 44, 80, 10, 0, 0.06%, 9, 0, 12, 354.76
1734368705, 31, 45, 80, 10, 0, 0.06%, 9, 0, 12, 333.56
1734368710, 31, 48, 80, 10, 0, 0.06%, 9, 0, 12, 323.15
1734368725, 31, 50, 80, 10, 0, 0.06%, 9, 0, 12, 363.16
1734368736, 31, 51, 80, 10, 0, 0.06%, 9, 0, 12, 353.29
1734368741, 31, 52, 80, 10, 0, 0.06%, 9, 0, 12, 380.34
1734368751, 31, 53, 80, 10, 0, 0.06%, 9, 0, 12, 343.34
1734368756, 31, 54, 80, 10, 0, 0.06%, 9, 0, 12, 351.39
1734368761, 31, 55, 80, 10, 0, 0.06%, 9, 0, 12, 372.79
1734368771, 31, 56, 80, 10, 0, 0.06%, 9, 0, 12, 352.75
1734368776, 31, 57, 80, 10, 0, 0.06%, 9, 0, 12, 334.66
1734368786, 31, 58, 80, 10, 0, 0.06%, 9, 0, 12, 396.69
1734368791, 31, 59, 80, 10, 0, 0.06%, 9, 0, 12, 354.67
1734368801, 31, 60, 80, 10, 0, 0.06%, 9, 0, 12, 369.41
1734368812, 31, 61, 80, 10, 0, 0.06%, 9, 0, 12, 372.06
1734368817, 31, 62, 80, 10, 0, 0.06%, 9, 0, 12, 330.10
1734368827, 31, 63, 80, 10, 0, 0.06%, 9, 0, 12, 380.13
1734368832, 31, 64, 80, 10, 0, 0.06%, 9, 0, 12, 358.02
1734368862, 31, 65, 80, 10, 0, 0.06%, 9, 0, 12, 341.05
1734368868, 31, 66, 80, 10, 0, 0.06%, 9, 0, 12, 362.01
1734368878, 31, 67, 80, 10, 0, 0.06%, 9, 0, 12, 355.18
1734368883, 31, 68, 80, 10, 0, 0.06%, 9, 0, 12, 341.30
1734368893, 31, 69, 80, 10, 0, 0.06%, 9, 0, 12, 324.21
1734368898, 31, 70, 80, 10, 0, 0.06%, 9, 0, 12, 312.04
1734368903, 31, 71, 80, 10, 0, 0.06%, 9, 0, 12, 312.68
1734368913, 31, 72, 80, 10, 0, 0.06%, 9, 0, 12, 362.25
1734368923, 31, 73, 80, 10, 0, 0.06%, 9, 0, 12, 380.81
1734368929, 31, 74, 80, 10, 0, 0.06%, 9, 0, 12, 400.10
1734368934, 31, 75, 80, 10, 0, 0.06%, 9, 0, 12, 335.44
1734368944, 31, 76, 80, 10, 0, 0.06%, 9, 0, 12, 385.32
1734368949, 31, 77, 80, 10, 0, 0.06%, 9, 0, 12, 322.93
1734368959, 31, 78, 80, 10, 0, 0.06%, 9, 0, 12, 288.50
1734368974, 31, 79, 80, 10, 0, 0.06%, 9, 0, 12, 292.54
1734368989, 32, 15, 80, 10, 0, 0.06%, 9, 0, 12, 305.60
1734368995, 32, 19, 80, 10, 0, 0.06%, 9, 0, 12, 329.12
1734369000, 32, 20, 80, 10, 0, 0.06%, 9, 0, 12, 286.39
1734369005, 32, 21, 80, 10, 0, 0.06%, 9, 0, 12, 284.56
1734369010, 32, 22, 80, 10, 0, 0.06%, 9, 0, 12, 323.48
1734369015, 32, 23, 80, 10, 0, 0.06%, 9, 0, 12, 341.21
1734369020, 32, 24, 80, 10, 0, 0.06%, 9, 0, 12, 291.25
1734369025, 32, 25, 80, 10, 0, 0.06%, 9, 0, 12, 317.01
1734369030, 32, 26, 80, 10, 0, 0.06%, 9, 0, 12, 310.27
1734369035, 32, 27, 80, 10, 0, 0.06%, 9, 0, 12, 283.45
1734369040, 32, 28, 80, 10, 0, 0.06%, 9, 0, 12, 330.44
1734369045, 32, 36, 80, 10, 0, 0.06%, 9, 0, 12, 346.88
1734369050, 32, 37, 80, 10, 0, 0.06%, 9, 0, 12, 332.25
1734369055, 32, 38, 80, 10, 0, 0.06%, 9, 0, 12, 361.95
1734369060, 32, 39, 80, 10, 0, 0.06%, 9, 0, 12, 348.61
1734369066, 32, 40, 80, 10, 0, 0.06%, 9, 0, 12, 355.36
1734369071, 32, 42, 80, 10, 0, 0.06%, 9, 0, 12, 347.32
1734369076, 32, 44, 80, 10, 0, 0.06%, 9, 0, 12, 339.50
1734369086, 32, 45, 80, 10, 0, 0.06%, 9, 0, 12, 341.10
1734369091, 32, 48, 80, 10, 0, 0.06%, 9, 0, 12, 264.97
1734369101, 32, 50, 80, 10, 0, 0.06%, 9, 0, 12, 342.25
1734369111, 32, 51, 80, 10, 0, 0.06%, 9, 0, 12, 377.42
1734369116, 32, 52, 80, 10, 0, 0.06%, 9, 0, 12, 369.35
1734369121, 32, 53, 80, 10, 0, 0.06%, 9, 0, 12, 392.52
1734369132, 32, 54, 80, 10, 0, 0.06%, 9, 0, 12, 350.58
1734369137, 32, 55, 80, 10, 0, 0.06%, 9, 0, 12, 386.00
1734369147, 32, 56, 80, 10, 0, 0.06%, 9, 0, 12, 358.52
1734369152, 32, 57, 80, 10, 0, 0.06%, 9, 0, 12, 394.59
1734369157, 32, 58, 80, 10, 0, 0.06%, 9, 0, 12, 370.89
1734369167, 32, 59, 80, 10, 0, 0.06%, 9, 0, 12, 306.13
1734369177, 32, 60, 80, 10, 0, 0.06%, 9, 0, 12, 379.63
1734369182, 32, 61, 80, 10, 0, 0.06%, 9, 0, 12, 345.72
1734369193, 32, 62, 80, 10, 0, 0.06%, 9, 0, 12, 324.87
1734369203, 32, 63, 80, 10, 0, 0.06%, 9, 0, 12, 395.90
1734369208, 32, 64, 80, 10, 0, 0.06%, 9, 0, 12, 379.19
1734369233, 32, 65, 80, 10, 0, 0.06%, 9, 0, 12, 367.43
1734369244, 32, 66, 80, 10, 0, 0.06%, 9, 0, 12, 369.77
1734369249, 32, 67, 80, 10, 0, 0.06%, 9, 0, 12, 315.20
1734369259, 32, 68, 80, 10, 0, 0.06%, 9, 0, 12, 357.72
1734369264, 32, 69, 80, 10, 0, 0.06%, 9, 0, 12, 325.55
1734369274, 32, 70, 80, 10, 0, 0.06%, 9, 0, 12, 305.00
1734369279, 32, 71, 80, 10, 0, 0.06%, 9, 0, 12, 277.02
1734369290, 32, 72, 80, 10, 0, 0.06%, 9, 0, 12, 359.97
1734369295, 32, 73, 80, 10, 0, 0.06%, 9, 0, 12, 309.14
1734369305, 32, 74, 80, 10, 0, 0.06%, 9, 0, 12, 364.41
1734369310, 32, 75, 80, 10, 0, 0.06%, 9, 0, 12, 365.91
1734369320, 32, 76, 80, 10, 0, 0.06%, 9, 0, 12, 374.51
1734369325, 32, 77, 80, 10, 0, 0.06%, 9, 0, 12, 328.89
1734369330, 32, 78, 80, 10, 0, 0.06%, 9, 0, 12, 384.74
1734369346, 32, 79, 80, 10, 0, 0.06%, 9, 0, 12, 423.47
1734369361, 33, 15, 80, 10, 0, 0.06%, 9, 0, 12, 317.87
1734369366, 33, 18, 80, 10, 0, 0.06%, 9, 0, 12, 354.63
1734369371, 33, 19, 80, 10, 0, 0.06%, 9, 0, 12, 317.73
1734369376, 33, 20, 80, 10, 0, 0.06%, 9, 0, 12, 281.77
1734369381, 33, 21, 80, 10, 0, 0.06%, 9, 0, 12, 319.61
1734369386, 33, 22, 80, 10, 0, 0.06%, 9, 0, 12, 331.17
1734369391, 33, 23, 80, 10, 0, 0.06%, 9, 0, 12, 327.67
1734369396, 33, 24, 80, 10, 0, 0.06%, 9, 0, 12, 292.12
1734369401, 33, 25, 80, 10, 0, 0.06%, 9, 0, 12, 322.59
1734369406, 33, 26, 80, 10, 0, 0.06%, 9, 0, 12, 300.91
1734369411, 33, 27, 80, 10, 0, 0.06%, 9, 0, 12, 291.21
1734369416, 33, 28, 80, 10, 0, 0.06%, 9, 0, 12, 324.86
1734369421, 33, 36, 80, 10, 0, 0.06%, 9, 0, 12, 322.58
1734369426, 33, 37, 80, 10, 0, 0.06%, 9, 0, 12, 340.24
1734369432, 33, 38, 80, 10, 0, 0.06%, 9, 0, 12, 336.99
1734369437, 33, 39, 80, 10, 0, 0.06%, 9, 0, 12, 338.25
1734369442, 33, 40, 80, 10, 0, 0.06%, 9, 0, 12, 357.83
1734369447, 33, 42, 80, 10, 0, 0.06%, 9, 0, 12, 323.64
1734369452, 33, 44, 80, 10, 0, 0.06%, 9, 0, 12, 336.51
1734369457, 33, 45, 80, 10, 0, 0.06%, 9, 0, 12, 349.66
1734369467, 33, 48, 80, 10, 0, 0.06%, 9, 0, 12, 254.49
1734369477, 33, 50, 80, 10, 0, 0.06%, 9, 0, 12, 341.36
1734369487, 33, 51, 80, 10, 0, 0.06%, 9, 0, 12, 375.49
1734369493, 33, 52, 80, 10, 0, 0.06%, 9, 0, 12, 384.95
1734369503, 33, 53, 80, 10, 0, 0.06%, 9, 0, 12, 334.46
1734369508, 33, 54, 80, 10, 0, 0.06%, 9, 0, 12, 349.13
1734369513, 33, 55, 80, 10, 0, 0.06%, 9, 0, 12, 349.68
1734369523, 33, 56, 80, 10, 0, 0.06%, 9, 0, 12, 367.42
1734369528, 33, 57, 80, 10, 0, 0.06%, 9, 0, 12, 338.04
1734369538, 33, 58, 80, 10, 0, 0.06%, 9, 0, 12, 399.66
1734369543, 33, 59, 80, 10, 0, 0.06%, 9, 0, 12, 337.39
1734369553, 33, 60, 80, 10, 0, 0.06%, 9, 0, 12, 373.85
1734369564, 33, 61, 80, 10, 0, 0.06%, 9, 0, 12, 367.17
1734369569, 33, 62, 80, 10, 0, 0.06%, 9, 0, 12, 342.53
1734369579, 33, 63, 80, 10, 0, 0.06%, 9, 0, 12, 380.18
1734369589, 33, 64, 80, 10, 0, 0.06%, 9, 0, 12, 424.40
1734369615, 33, 65, 80, 10, 0, 0.06%, 9, 0, 12, 348.93
1734369620, 33, 66, 80, 10, 0, 0.06%, 9, 0, 12, 396.85
1734369625, 33, 67, 80, 10, 0, 0.06%, 9, 0, 12, 313.09
1734369635, 33, 68, 80, 10, 0, 0.06%, 9, 0, 12, 344.70
1734369645, 33, 69, 80, 10, 0, 0.06%, 9, 0, 12, 295.84
1734369650, 33, 70, 80, 10, 0, 0.06%, 9, 0, 12, 313.98
1734369655, 33, 71, 80, 10, 0, 0.06%, 9, 0, 12, 313.09
1734369665, 33, 72, 80, 10, 0, 0.06%, 9, 0, 12, 376.26
1734369670, 33, 73, 80, 10, 0, 0.06%, 9, 0, 12, 334.05
1734369681, 33, 74, 80, 10, 0, 0.06%, 9, 0, 12, 385.31
1734369691, 33, 75, 80, 10, 0, 0.06%, 9, 0, 12, 333.37
1734369696, 33, 76, 80, 10, 0, 0.06%, 9, 0, 12, 371.30
1734369706, 33, 77, 80, 10, 0, 0.06%, 9, 0, 12, 337.71
1734369711, 33, 78, 80, 10, 0, 0.06%, 9, 0, 12, 307.27
