# unix_time, cycles_done, cur_path, paths_total, pending_total, pending_favs, map_size, unique_crashes, unique_hangs, max_depth, execs_per_sec
1734807758, 0, 0, 10, 10, 1, 0.00%, 0, 0, 1, 173.16
1734807763, 0, 4, 10, 10, 1, 0.00%, 0, 0, 1, 202.60
1734807768, 0, 5, 10, 9, 0, 0.00%, 0, 0, 1, 210.40
1734807773, 0, 6, 10, 8, 0, 0.00%, 0, 0, 1, 202.78
1734807784, 0, 7, 10, 7, 0, 0.00%, 0, 0, 1, 208.98
1734807789, 0, 8, 10, 6, 0, 0.00%, 0, 0, 1, 191.63
1734807799, 0, 9, 10, 5, 0, 0.00%, 0, 0, 1, 209.31
1734807804, 1, 0, 10, 4, 0, 0.00%, 0, 0, 1, 195.85
1734807814, 1, 1, 10, 3, 0, 0.00%, 0, 0, 1, 193.36
1734807824, 1, 2, 10, 2, 0, 0.00%, 0, 0, 1, 193.01
1734807834, 1, 3, 10, 1, 0, 0.00%, 0, 0, 1, 210.02
1734807844, 1, 4, 10, 0, 0, 0.00%, 0, 0, 1, 209.70
1734807854, 1, 5, 10, 0, 0, 0.00%, 0, 0, 1, 208.20
1734807859, 1, 7, 10, 0, 0, 0.00%, 0, 0, 1, 206.68
1734807864, 1, 8, 10, 0, 0, 0.00%, 0, 0, 1, 206.75
1734807869, 2, 0, 10, 0, 0, 0.00%, 0, 0, 1, 210.35
1734807874, 2, 1, 10, 0, 0, 0.00%, 0, 0, 1, 209.18
1734807880, 2, 3, 10, 0, 0, 0.00%, 0, 0, 1, 205.07
1734807885, 2, 4, 10, 0, 0, 0.00%, 0, 0, 1, 211.32
1734807890, 2, 5, 10, 0, 0, 0.00%, 0, 0, 1, 205.03
1734807895, 2, 7, 10, 0, 0, 0.00%, 0, 0, 1, 209.33
1734807900, 2, 8, 10, 0, 0, 0.00%, 0, 0, 1, 208.47
1734807905, 3, 0, 10, 0, 0, 0.00%, 0, 0, 1, 205.05
1734807910, 3, 1, 10, 0, 0, 0.00%, 0, 0, 1, 207.21
1734807915, 3, 2, 10, 0, 0, 0.00%, 0, 0, 1, 206.04
1734807920, 3, 4, 10, 0, 0, 0.00%, 0, 0, 1, 209.45
1734807925, 3, 5, 10, 0, 0, 0.00%, 0, 0, 1, 206.57
1734807930, 3, 7, 10, 0, 0, 0.00%, 0, 0, 1, 203.88
1734807936, 3, 8, 10, 0, 0, 0.00%, 0, 0, 1, 204.49
1734807941, 3, 9, 10, 0, 0, 0.00%, 0, 0, 1, 210.13
1734807946, 4, 1, 10, 0, 0, 0.00%, 0, 0, 1, 206.40
1734807951, 4, 2, 10, 0, 0, 0.00%, 0, 0, 1, 205.57
1734807956, 4, 4, 10, 0, 0, 0.00%, 0, 0, 1, 203.99
1734807961, 4, 5, 10, 0, 0, 0.00%, 0, 0, 1, 208.62
1734807966, 4, 6, 10, 0, 0, 0.00%, 0, 0, 1, 205.34
1734807971, 4, 8, 10, 0, 0, 0.00%, 0, 0, 1, 211.09
1734807976, 4, 9, 10, 0, 0, 0.00%, 0, 0, 1, 210.11
1734807981, 5, 1, 10, 0, 0, 0.00%, 0, 0, 1, 210.40
1734807986, 5, 2, 10, 0, 0, 0.00%, 0, 0, 1, 206.26
1734807991, 5, 3, 10, 0, 0, 0.00%, 0, 0, 1, 208.96
1734807997, 5, 5, 10, 0, 0, 0.00%, 0, 0, 1, 208.79
1734808002, 5, 6, 10, 0, 0, 0.00%, 0, 0, 1, 209.20
1734808007, 5, 8, 10, 0, 0, 0.00%, 0, 0, 1, 209.56
1734808012, 5, 9, 10, 0, 0, 0.00%, 0, 0, 1, 208.52
1734808017, 6, 1, 10, 0, 0, 0.00%, 0, 0, 1, 205.86
1734808022, 6, 2, 10, 0, 0, 0.00%, 0, 0, 1, 205.60
1734808027, 6, 3, 10, 0, 0, 0.00%, 0, 0, 1, 207.83
1734808032, 6, 5, 10, 0, 0, 0.00%, 0, 0, 1, 209.66
1734808037, 6, 6, 10, 0, 0, 0.00%, 0, 0, 1, 210.09
1734808043, 6, 8, 10, 0, 0, 0.00%, 0, 0, 1, 208.24
1734808048, 6, 9, 10, 0, 0, 0.00%, 0, 0, 1, 208.44
1734808053, 7, 0, 10, 0, 0, 0.00%, 0, 0, 1, 209.44
1734808058, 7, 2, 10, 0, 0, 0.00%, 0, 0, 1, 204.84
1734808063, 7, 3, 10, 0, 0, 0.00%, 0, 0, 1, 205.04
1734808068, 7, 5, 10, 0, 0, 0.00%, 0, 0, 1, 206.72
1734808073, 7, 6, 10, 0, 0, 0.00%, 0, 0, 1, 210.66
1734808078, 7, 8, 10, 0, 0, 0.00%, 0, 0, 1, 209.30
1734808083, 7, 9, 10, 0, 0, 0.00%, 0, 0, 1, 207.82
1734808088, 8, 0, 10, 0, 0, 0.00%, 0, 0, 1, 207.28
1734808094, 8, 2, 10, 0, 0, 0.00%, 0, 0, 1, 204.85
1734808099, 8, 3, 10, 0, 0, 0.00%, 0, 0, 1, 204.86
1734808104, 8, 5, 10, 0, 0, 0.00%, 0, 0, 1, 203.06
1734808109, 8, 6, 10, 0, 0, 0.00%, 0, 0, 1, 204.94
1734808114, 8, 7, 10, 0, 0, 0.00%, 0, 0, 1, 208.11
1734808119, 8, 9, 10, 0, 0, 0.00%, 0, 0, 1, 210.21
1734808124, 9, 0, 10, 0, 0, 0.00%, 0, 0, 1, 208.24
1734808129, 9, 2, 10, 0, 0, 0.00%, 0, 0, 1, 207.03
1734808134, 9, 3, 10, 0, 0, 0.00%, 0, 0, 1, 208.14
1734808139, 9, 4, 10, 0, 0, 0.00%, 0, 0, 1, 205.43
1734808144, 9, 6, 10, 0, 0, 0.00%, 0, 0, 1, 208.91
1734808150, 9, 7, 10, 0, 0, 0.00%, 0, 0, 1, 206.03
1734808155, 9, 9, 10, 0, 0, 0.00%, 0, 0, 1, 205.56
1734808160, 10, 0, 10, 0, 0, 0.00%, 0, 0, 1, 207.01
1734808165, 10, 2, 10, 0, 0, 0.00%, 0, 0, 1, 210.41
1734808170, 10, 3, 10, 0, 0, 0.00%, 0, 0, 1, 202.69
1734808175, 10, 4, 10, 0, 0, 0.00%, 0, 0, 1, 206.81
1734808180, 10, 6, 10, 0, 0, 0.00%, 0, 0, 1, 208.11
1734808185, 10, 7, 10, 0, 0, 0.00%, 0, 0, 1, 208.50
1734808191, 10, 9, 10, 0, 0, 0.00%, 0, 0, 1, 203.55
1734808196, 11, 0, 10, 0, 0, 0.00%, 0, 0, 1, 209.80
1734808201, 11, 1, 10, 0, 0, 0.00%, 0, 0, 1, 210.82
1734808206, 11, 3, 10, 0, 0, 0.00%, 0, 0, 1, 206.27
1734808211, 11, 4, 10, 0, 0, 0.00%, 0, 0, 1, 207.38
1734808216, 11, 6, 10, 0, 0, 0.00%, 0, 0, 1, 205.65
1734808221, 11, 7, 10, 0, 0, 0.00%, 0, 0, 1, 204.40
1734808226, 11, 8, 10, 0, 0, 0.00%, 0, 0, 1, 205.93
1734808231, 12, 0, 10, 0, 0, 0.00%, 0, 0, 1, 206.58
1734808236, 12, 1, 10, 0, 0, 0.00%, 0, 0, 1, 206.02
1734808241, 12, 3, 10, 0, 0, 0.00%, 0, 0, 1, 205.77
1734808246, 12, 4, 10, 0, 0, 0.00%, 0, 0, 1, 203.72
1734808251, 12, 5, 10, 0, 0, 0.00%, 0, 0, 1, 205.94
1734808256, 12, 7, 10, 0, 0, 0.00%, 0, 0, 1, 203.50
1734808262, 12, 8, 10, 0, 0, 0.00%, 0, 0, 1, 204.89
1734808267, 13, 0, 10, 0, 0, 0.00%, 0, 0, 1, 204.00
1734808272, 13, 1, 10, 0, 0, 0.00%, 0, 0, 1, 203.95
1734808277, 13, 2, 10, 0, 0, 0.00%, 0, 0, 1, 209.18
1734808282, 13, 4, 10, 0, 0, 0.00%, 0, 0, 1, 207.10
1734808287, 13, 5, 10, 0, 0, 0.00%, 0, 0, 1, 204.16
1734808292, 13, 7, 10, 0, 0, 0.00%, 0, 0, 1, 204.78
1734808297, 13, 8, 10, 0, 0, 0.00%, 0, 0, 1, 208.03
1734808302, 13, 9, 10, 0, 0, 0.00%, 0, 0, 1, 207.86
1734808307, 14, 1, 10, 0, 0, 0.00%, 0, 0, 1, 204.14
1734808312, 14, 2, 10, 0, 0, 0.00%, 0, 0, 1, 210.04
1734808317, 14, 4, 10, 0, 0, 0.00%, 0, 0, 1, 208.91
1734808323, 14, 5, 10, 0, 0, 0.00%, 0, 0, 1, 208.97
1734808328, 14, 6, 10, 0, 0, 0.00%, 0, 0, 1, 208.64
1734808333, 14, 8, 10, 0, 0, 0.00%, 0, 0, 1, 207.44
1734808338, 14, 9, 10, 0, 0, 0.00%, 0, 0, 1, 205.02
1734808343, 15, 1, 10, 0, 0, 0.00%, 0, 0, 1, 205.12
1734808348, 15, 2, 10, 0, 0, 0.00%, 0, 0, 1, 204.76
1734808353, 15, 3, 10, 0, 0, 0.00%, 0, 0, 1, 202.52
1734808358, 15, 5, 10, 0, 0, 0.00%, 0, 0, 1, 208.35
1734808363, 15, 6, 10, 0, 0, 0.00%, 0, 0, 1, 211.97
1734808368, 15, 8, 10, 0, 0, 0.00%, 0, 0, 1, 216.81
1734808374, 15, 9, 10, 0, 0, 0.00%, 0, 0, 1, 213.36
1734808379, 16, 1, 10, 0, 0, 0.00%, 0, 0, 1, 216.37
1734808384, 16, 2, 10, 0, 0, 0.00%, 0, 0, 1, 213.34
1734808389, 16, 4, 10, 0, 0, 0.00%, 0, 0, 1, 214.41
1734808394, 16, 5, 10, 0, 0, 0.00%, 0, 0, 1, 217.16
1734808399, 16, 7, 10, 0, 0, 0.00%, 0, 0, 1, 214.97
1734808405, 16, 8, 10, 0, 0, 0.00%, 0, 0, 1, 212.18
1734808410, 17, 0, 10, 0, 0, 0.00%, 0, 0, 1, 214.73
1734808415, 17, 1, 10, 0, 0, 0.00%, 0, 0, 1, 216.21
1734808420, 17, 3, 10, 0, 0, 0.00%, 0, 0, 1, 216.21
1734808425, 17, 4, 10, 0, 0, 0.00%, 0, 0, 1, 215.22
1734808430, 17, 5, 10, 0, 0, 0.00%, 0, 0, 1, 213.18
1734808435, 17, 7, 10, 0, 0, 0.00%, 0, 0, 1, 216.61
1734808440, 17, 8, 10, 0, 0, 0.00%, 0, 0, 1, 214.45
1734808445, 18, 0, 10, 0, 0, 0.00%, 0, 0, 1, 214.58
1734808451, 18, 1, 10, 0, 0, 0.00%, 0, 0, 1, 217.16
1734808456, 18, 3, 10, 0, 0, 0.00%, 0, 0, 1, 213.10
1734808461, 18, 4, 10, 0, 0, 0.00%, 0, 0, 1, 217.73
1734808466, 18, 6, 10, 0, 0, 0.00%, 0, 0, 1, 213.85
1734808471, 18, 7, 10, 0, 0, 0.00%, 0, 0, 1, 213.57
1734808476, 18, 9, 10, 0, 0, 0.00%, 0, 0, 1, 213.42
1734808481, 19, 0, 10, 0, 0, 0.00%, 0, 0, 1, 215.65
1734808487, 19, 2, 10, 0, 0, 0.00%, 0, 0, 1, 214.29
1734808492, 19, 3, 10, 0, 0, 0.00%, 0, 0, 1, 213.62
1734808497, 19, 5, 10, 0, 0, 0.00%, 0, 0, 1, 212.75
1734808502, 19, 6, 10, 0, 0, 0.00%, 0, 0, 1, 210.26
1734808507, 19, 7, 10, 0, 0, 0.00%, 0, 0, 1, 207.42
1734808512, 19, 9, 10, 0, 0, 0.00%, 0, 0, 1, 213.88
1734808517, 20, 0, 10, 0, 0, 0.00%, 0, 0, 1, 216.44
1734808522, 20, 2, 10, 0, 0, 0.00%, 0, 0, 1, 216.20
1734808527, 20, 3, 10, 0, 0, 0.00%, 0, 0, 1, 216.03
1734808532, 20, 5, 10, 0, 0, 0.00%, 0, 0, 1, 214.07
1734808537, 20, 6, 10, 0, 0, 0.00%, 0, 0, 1, 212.42
1734808542, 20, 8, 10, 0, 0, 0.00%, 0, 0, 1, 214.14
1734808548, 20, 9, 10, 0, 0, 0.00%, 0, 0, 1, 215.54
1734808553, 21, 1, 10, 0, 0, 0.00%, 0, 0, 1, 211.76
1734808558, 21, 2, 10, 0, 0, 0.00%, 0, 0, 1, 213.82
1734808563, 21, 4, 10, 0, 0, 0.00%, 0, 0, 1, 216.84
1734808568, 21, 5, 10, 0, 0, 0.00%, 0, 0, 1, 213.75
1734808574, 21, 7, 10, 0, 0, 0.00%, 0, 0, 1, 211.16
1734808579, 21, 8, 10, 0, 0, 0.00%, 0, 0, 1, 213.21
1734808584, 21, 9, 10, 0, 0, 0.00%, 0, 0, 1, 214.91
1734808589, 22, 1, 10, 0, 0, 0.00%, 0, 0, 1, 209.81
1734808594, 22, 2, 10, 0, 0, 0.00%, 0, 0, 1, 214.66
1734808599, 22, 4, 10, 0, 0, 0.00%, 0, 0, 1, 213.99
1734808604, 22, 5, 10, 0, 0, 0.00%, 0, 0, 1, 210.11
1734808609, 22, 7, 10, 0, 0, 0.00%, 0, 0, 1, 212.95
1734808614, 22, 8, 10, 0, 0, 0.00%, 0, 0, 1, 213.74
1734808619, 23, 0, 10, 0, 0, 0.00%, 0, 0, 1, 211.01
1734808624, 23, 1, 10, 0, 0, 0.00%, 0, 0, 1, 215.10
1734808629, 23, 2, 10, 0, 0, 0.00%, 0, 0, 1, 214.32
1734808635, 23, 4, 10, 0, 0, 0.00%, 0, 0, 1, 214.87
1734808640, 23, 5, 10, 0, 0, 0.00%, 0, 0, 1, 213.49
1734808645, 23, 7, 10, 0, 0, 0.00%, 0, 0, 1, 215.69
1734808650, 23, 8, 10, 0, 0, 0.00%, 0, 0, 1, 215.90
1734808655, 24, 0, 10, 0, 0, 0.00%, 0, 0, 1, 213.52
1734808660, 24, 1, 10, 0, 0, 0.00%, 0, 0, 1, 210.36
1734808665, 24, 3, 10, 0, 0, 0.00%, 0, 0, 1, 209.98
1734808671, 24, 4, 10, 0, 0, 0.00%, 0, 0, 1, 214.39
1734808676, 24, 6, 10, 0, 0, 0.00%, 0, 0, 1, 214.48
1734808681, 24, 7, 10, 0, 0, 0.00%, 0, 0, 1, 216.37
1734808686, 24, 9, 10, 0, 0, 0.00%, 0, 0, 1, 211.57
1734808691, 25, 0, 10, 0, 0, 0.00%, 0, 0, 1, 212.39
1734808697, 25, 2, 10, 0, 0, 0.00%, 0, 0, 1, 212.86
1734808702, 25, 3, 10, 0, 0, 0.00%, 0, 0, 1, 215.90
1734808707, 25, 4, 10, 0, 0, 0.00%, 0, 0, 1, 212.85
1734808712, 25, 6, 10, 0, 0, 0.00%, 0, 0, 1, 212.86
1734808717, 25, 7, 10, 0, 0, 0.00%, 0, 0, 1, 213.86
1734808722, 25, 9, 10, 0, 0, 0.00%, 0, 0, 1, 213.10
1734808727, 26, 0, 10, 0, 0, 0.00%, 0, 0, 1, 215.94
1734808732, 26, 2, 10, 0, 0, 0.00%, 0, 0, 1, 218.43
1734808737, 26, 3, 10, 0, 0, 0.00%, 0, 0, 1, 215.49
1734808742, 26, 5, 10, 0, 0, 0.00%, 0, 0, 1, 213.22
1734808747, 26, 6, 10, 0, 0, 0.00%, 0, 0, 1, 212.44
1734808752, 26, 7, 10, 0, 0, 0.00%, 0, 0, 1, 212.07
1734808757, 26, 9, 10, 0, 0, 0.00%, 0, 0, 1, 212.76
1734808762, 27, 0, 10, 0, 0, 0.00%, 0, 0, 1, 213.10
1734808767, 27, 2, 10, 0, 0, 0.00%, 0, 0, 1, 212.67
1734808773, 27, 3, 10, 0, 0, 0.00%, 0, 0, 1, 216.59
1734808778, 27, 5, 10, 0, 0, 0.00%, 0, 0, 1, 213.90
1734808783, 27, 6, 10, 0, 0, 0.00%, 0, 0, 1, 214.60
1734808788, 27, 8, 10, 0, 0, 0.00%, 0, 0, 1, 209.85
1734808793, 27, 9, 10, 0, 0, 0.00%, 0, 0, 1, 212.05
1734808798, 28, 1, 10, 0, 0, 0.00%, 0, 0, 1, 212.37
1734808803, 28, 2, 10, 0, 0, 0.00%, 0, 0, 1, 209.28
1734808809, 28, 3, 10, 0, 0, 0.00%, 0, 0, 1, 210.31
1734808814, 28, 5, 10, 0, 0, 0.00%, 0, 0, 1, 207.35
1734808819, 28, 6, 10, 0, 0, 0.00%, 0, 0, 1, 213.96
1734808824, 28, 8, 10, 0, 0, 0.00%, 0, 0, 1, 212.83
1734808829, 28, 9, 10, 0, 0, 0.00%, 0, 0, 1, 210.86
1734808834, 29, 1, 10, 0, 0, 0.00%, 0, 0, 1, 212.42
1734808839, 29, 2, 10, 0, 0, 0.00%, 0, 0, 1, 214.26
1734808844, 29, 4, 10, 0, 0, 0.00%, 0, 0, 1, 208.92
1734808849, 29, 5, 10, 0, 0, 0.00%, 0, 0, 1, 208.79
1734808855, 29, 6, 10, 0, 0, 0.00%, 0, 0, 1, 209.99
1734808860, 29, 8, 10, 0, 0, 0.00%, 0, 0, 1, 212.93
1734808865, 29, 9, 10, 0, 0, 0.00%, 0, 0, 1, 216.34
1734808870, 30, 1, 10, 0, 0, 0.00%, 0, 0, 1, 211.74
1734808875, 30, 2, 10, 0, 0, 0.00%, 0, 0, 1, 210.87
1734808880, 30, 4, 10, 0, 0, 0.00%, 0, 0, 1, 211.47
1734808886, 30, 5, 10, 0, 0, 0.00%, 0, 0, 1, 215.56
1734808891, 30, 7, 10, 0, 0, 0.00%, 0, 0, 1, 211.77
1734808896, 30, 8, 10, 0, 0, 0.00%, 0, 0, 1, 216.64
1734808901, 31, 0, 10, 0, 0, 0.00%, 0, 0, 1, 212.07
1734808906, 31, 1, 10, 0, 0, 0.00%, 0, 0, 1, 215.39
1734808911, 31, 2, 10, 0, 0, 0.00%, 0, 0, 1, 215.28
1734808916, 31, 4, 10, 0, 0, 0.00%, 0, 0, 1, 216.84
1734808921, 31, 5, 10, 0, 0, 0.00%, 0, 0, 1, 212.62
1734808926, 31, 7, 10, 0, 0, 0.00%, 0, 0, 1, 210.73
1734808931, 31, 8, 11, 1, 0, 0.05%, 1, 0, 2, 216.96
1734808937, 31, 10, 11, 1, 1, 0.05%, 1, 0, 2, 238.14
1734808947, 31, 10, 12, 2, 1, 0.05%, 2, 0, 3, 265.02
1734809033, 31, 10, 13, 3, 1, 0.05%, 3, 0, 3, 209.50
1734809039, 31, 10, 14, 4, 1, 0.05%, 3, 0, 3, 225.86
1734809044, 31, 10, 15, 5, 1, 0.05%, 4, 0, 3, 251.25
1734809059, 31, 14, 16, 5, 3, 0.06%, 5, 0, 4, 281.18
1734809064, 31, 14, 17, 6, 3, 0.06%, 5, 0, 4, 437.13
1734809074, 31, 14, 18, 7, 3, 0.06%, 6, 0, 4, 479.76
1734809079, 31, 14, 19, 8, 3, 0.06%, 6, 0, 4, 476.68
1734809089, 31, 14, 21, 10, 3, 0.06%, 6, 0, 4, 476.47
1734809094, 31, 14, 22, 11, 3, 0.06%, 6, 0, 4, 472.16
1734809099, 31, 14, 23, 12, 3, 0.06%, 7, 0, 4, 468.28
1734809130, 31, 14, 24, 13, 3, 0.06%, 7, 0, 4, 353.19
1734809145, 31, 22, 26, 14, 5, 0.06%, 9, 0, 5, 225.52
1734809155, 31, 22, 28, 16, 5, 0.06%, 9, 0, 5, 237.18
1734809170, 31, 22, 29, 17, 5, 0.06%, 9, 0, 5, 233.96
1734809181, 31, 22, 30, 18, 5, 0.06%, 9, 0, 5, 237.46
1734809272, 31, 24, 31, 18, 5, 0.06%, 9, 0, 6, 271.74
1734809278, 31, 24, 32, 19, 5, 0.06%, 9, 0, 6, 296.66
1734809293, 31, 24, 33, 20, 5, 0.06%, 9, 0, 6, 296.40
1734809313, 31, 24, 35, 22, 5, 0.06%, 9, 0, 6, 295.59
1734809323, 31, 24, 36, 23, 5, 0.06%, 9, 0, 6, 297.10
1734809328, 31, 24, 37, 24, 5, 0.06%, 9, 0, 6, 293.35
1734809344, 31, 24, 38, 25, 5, 0.06%, 9, 0, 6, 300.03
1734809349, 31, 24, 39, 26, 5, 0.06%, 9, 0, 6, 290.58
1734809359, 31, 24, 42, 29, 5, 0.06%, 9, 0, 6, 288.03
1734809364, 31, 24, 45, 32, 5, 0.06%, 9, 0, 6, 255.47
1734809369, 31, 24, 47, 34, 5, 0.06%, 9, 0, 6, 262.63
1734809379, 31, 24, 48, 35, 5, 0.06%, 9, 0, 6, 250.06
1734809384, 32, 12, 48, 34, 4, 0.06%, 9, 0, 6, 416.30
1734809395, 32, 12, 51, 37, 4, 0.06%, 9, 0, 6, 309.84
1734809400, 32, 17, 51, 36, 3, 0.06%, 9, 0, 6, 263.35
1734809431, 32, 17, 56, 41, 3, 0.06%, 9, 0, 6, 478.09
1734809533, 32, 19, 56, 40, 3, 0.06%, 9, 0, 6, 273.45
1734809568, 32, 25, 56, 39, 3, 0.06%, 9, 0, 6, 302.47
1734809589, 32, 25, 57, 40, 3, 0.06%, 9, 0, 6, 312.11
1734809635, 32, 48, 57, 39, 2, 0.06%, 9, 0, 6, 330.00
1734809670, 32, 49, 57, 38, 2, 0.06%, 9, 0, 6, 341.34
1734809721, 32, 50, 57, 37, 2, 0.06%, 9, 0, 6, 415.22
1734809746, 32, 50, 58, 38, 2, 0.06%, 9, 0, 6, 295.48
1734809751, 32, 50, 60, 40, 2, 0.06%, 9, 0, 6, 325.59
1734809756, 33, 11, 60, 39, 2, 0.06%, 9, 0, 6, 288.55
1734809767, 33, 11, 61, 40, 2, 0.06%, 9, 0, 6, 295.79
1734809792, 33, 12, 61, 39, 1, 0.06%, 9, 0, 6, 339.23
1734809802, 33, 13, 61, 39, 1, 0.06%, 9, 0, 6, 296.64
1734809828, 33, 19, 61, 38, 1, 0.06%, 9, 0, 6, 427.78
1734809833, 33, 19, 63, 40, 1, 0.06%, 9, 0, 6, 395.96
1734809843, 33, 23, 63, 40, 1, 0.06%, 9, 0, 6, 377.32
1734809884, 33, 48, 63, 39, 1, 0.06%, 9, 0, 6, 415.98
1734809899, 33, 49, 63, 39, 1, 0.06%, 9, 0, 6, 376.57
1734809914, 33, 50, 63, 39, 1, 0.06%, 9, 0, 6, 386.37
1734809934, 33, 57, 63, 39, 1, 0.06%, 9, 0, 6, 310.98
1734810341, 33, 58, 63, 38, 1, 0.06%, 9, 0, 6, 372.40
1734810469, 33, 58, 64, 39, 1, 0.06%, 9, 0, 6, 508.80
1734810510, 33, 58, 65, 40, 1, 0.06%, 9, 0, 6, 325.23
1734810515, 33, 59, 65, 39, 1, 0.06%, 9, 0, 6, 346.67
1734810674, 33, 59, 66, 40, 1, 0.06%, 9, 0, 6, 506.47
1734810694, 33, 59, 67, 41, 1, 0.06%, 9, 0, 6, 498.74
1734810749, 33, 60, 67, 40, 1, 0.06%, 9, 0, 6, 415.22
1734810795, 33, 60, 68, 41, 1, 0.06%, 9, 0, 6, 420.52
1734810830, 33, 64, 68, 40, 1, 0.06%, 9, 0, 6, 349.96
1734810846, 33, 64, 69, 41, 1, 0.06%, 9, 0, 7, 347.76
1734810887, 33, 64, 71, 43, 1, 0.06%, 9, 0, 7, 477.03
1734811182, 33, 65, 71, 42, 1, 0.06%, 9, 0, 7, 374.88
1734811264, 33, 66, 71, 41, 1, 0.06%, 9, 0, 7, 250.39
1734811680, 33, 66, 72, 42, 1, 0.06%, 9, 0, 7, 484.65
1734811716, 33, 67, 72, 41, 1, 0.06%, 9, 0, 7, 329.52
1734811721, 33, 67, 73, 42, 1, 0.06%, 9, 0, 7, 434.75
1734811812, 34, 17, 73, 41, 1, 0.06%, 9, 0, 7, 390.28
1734811828, 34, 18, 73, 41, 1, 0.06%, 9, 0, 7, 337.37
1734811889, 34, 21, 73, 40, 1, 0.06%, 9, 0, 7, 322.81
1734811930, 34, 23, 73, 39, 0, 0.06%, 9, 0, 7, 428.87
1734811945, 34, 23, 74, 40, 0, 0.06%, 9, 0, 7, 354.57
1734811955, 34, 25, 74, 40, 0, 0.06%, 9, 0, 7, 301.84
1734811975, 34, 31, 74, 40, 0, 0.06%, 9, 0, 7, 372.96
1734812016, 34, 39, 74, 39, 0, 0.06%, 9, 0, 7, 311.90
1734812067, 34, 40, 74, 38, 0, 0.06%, 9, 0, 7, 384.70
1734812112, 34, 41, 74, 37, 0, 0.06%, 9, 0, 7, 297.73
1734812148, 34, 43, 74, 36, 0, 0.06%, 9, 0, 7, 271.33
1734812194, 34, 44, 74, 35, 0, 0.06%, 9, 0, 7, 414.61
1734812229, 34, 45, 74, 34, 0, 0.06%, 9, 0, 7, 364.60
1734812264, 34, 46, 74, 33, 0, 0.06%, 9, 0, 7, 322.03
1734812300, 34, 48, 74, 32, 0, 0.06%, 9, 0, 7, 435.98
1734812315, 34, 49, 74, 32, 0, 0.06%, 9, 0, 7, 406.90
1734812330, 34, 50, 74, 32, 0, 0.06%, 9, 0, 7, 355.87
1734812351, 34, 51, 74, 32, 0, 0.06%, 9, 0, 7, 350.59
1734812453, 34, 52, 74, 31, 0, 0.06%, 9, 0, 7, 365.98
1734812555, 34, 57, 74, 30, 0, 0.06%, 9, 0, 7, 292.70
1734812580, 34, 58, 74, 30, 0, 0.06%, 9, 0, 7, 397.49
1734812595, 34, 59, 74, 30, 0, 0.06%, 9, 0, 7, 354.31
1734812615, 34, 60, 74, 30, 0, 0.06%, 9, 0, 7, 362.81
1734812636, 34, 61, 74, 30, 0, 0.06%, 9, 0, 7, 322.33
1734812938, 34, 62, 74, 29, 0, 0.06%, 9, 0, 7, 374.20
1734813024, 34, 63, 74, 28, 0, 0.06%, 9, 0, 7, 389.73
1734813157, 34, 65, 74, 27, 0, 0.06%, 9, 0, 7, 319.87
1734813177, 34, 66, 74, 27, 0, 0.06%, 9, 0, 7, 327.29
1734813203, 34, 67, 74, 27, 0, 0.06%, 9, 0, 7, 387.64
1734813218, 34, 71, 74, 27, 0, 0.06%, 9, 0, 7, 254.70
1734813863, 34, 71, 75, 28, 0, 0.06%, 9, 0, 8, 466.57
1734813903, 34, 72, 75, 27, 0, 0.06%, 9, 0, 8, 390.39
1734813990, 34, 73, 75, 26, 0, 0.06%, 9, 0, 8, 370.42
1734814265, 34, 74, 75, 25, 0, 0.06%, 9, 0, 8, 259.74
1734815388, 35, 11, 75, 24, 0, 0.06%, 9, 0, 8, 317.60
1734815398, 35, 17, 75, 24, 0, 0.06%, 9, 0, 8, 357.44
1734815418, 35, 18, 75, 24, 0, 0.06%, 9, 0, 8, 404.40
1734815433, 35, 21, 75, 24, 0, 0.06%, 9, 0, 8, 304.61
1734815449, 35, 23, 75, 24, 0, 0.06%, 9, 0, 8, 290.34
1734815469, 35, 24, 75, 24, 0, 0.06%, 9, 0, 8, 303.06
1734815484, 35, 25, 75, 24, 0, 0.06%, 9, 0, 8, 316.65
1734815504, 35, 30, 75, 24, 0, 0.06%, 9, 0, 8, 272.88
1734815545, 35, 31, 75, 23, 0, 0.06%, 9, 0, 8, 283.81
1734815576, 35, 34, 75, 23, 0, 0.06%, 9, 0, 8, 386.77
1734815611, 35, 38, 75, 22, 0, 0.06%, 9, 0, 8, 380.16
1734815998, 35, 39, 75, 21, 0, 0.06%, 9, 0, 8, 272.39
1734816018, 35, 40, 75, 21, 0, 0.06%, 9, 0, 8, 296.87
1734816039, 35, 41, 75, 21, 0, 0.06%, 9, 0, 8, 324.10
1734816059, 35, 43, 75, 21, 0, 0.06%, 9, 0, 8, 308.69
1734816079, 35, 44, 75, 21, 0, 0.06%, 9, 0, 8, 393.89
1734816094, 35, 45, 75, 21, 0, 0.06%, 9, 0, 8, 370.32
1734816115, 35, 46, 75, 21, 0, 0.06%, 9, 0, 8, 400.29
1734816130, 35, 51, 75, 21, 0, 0.06%, 9, 0, 8, 380.37
1734816145, 35, 52, 75, 21, 0, 0.06%, 9, 0, 8, 306.08
1734816166, 35, 53, 75, 21, 0, 0.06%, 9, 0, 8, 361.62
1734816273, 35, 54, 75, 20, 0, 0.06%, 9, 0, 8, 316.00
1734816380, 35, 60, 75, 19, 0, 0.06%, 9, 0, 8, 317.09
1734816395, 35, 67, 75, 19, 0, 0.06%, 9, 0, 8, 357.71
1734816415, 35, 72, 75, 19, 0, 0.06%, 9, 0, 8, 303.84
1734816425, 35, 73, 75, 19, 0, 0.06%, 9, 0, 8, 340.68
1734816446, 36, 11, 75, 19, 0, 0.06%, 9, 0, 8, 302.30
1734816461, 36, 12, 75, 19, 0, 0.06%, 9, 0, 8, 330.90
1734816466, 36, 13, 75, 19, 0, 0.06%, 9, 0, 8, 286.62
1734816476, 36, 17, 75, 19, 0, 0.06%, 9, 0, 8, 292.19
1734816496, 36, 18, 75, 19, 0, 0.06%, 9, 0, 8, 284.11
1734816517, 36, 19, 75, 19, 0, 0.06%, 9, 0, 8, 423.84
1734816532, 36, 21, 75, 19, 0, 0.06%, 9, 0, 8, 306.43
1734816552, 36, 23, 75, 19, 0, 0.06%, 9, 0, 8, 402.85
1734816568, 36, 24, 75, 19, 0, 0.06%, 9, 0, 8, 296.19
1734816588, 36, 25, 75, 19, 0, 0.06%, 9, 0, 8, 307.90
1734816603, 36, 30, 75, 19, 0, 0.06%, 9, 0, 8, 320.25
1734816623, 36, 31, 75, 19, 0, 0.06%, 9, 0, 8, 322.44
1734816644, 36, 32, 75, 19, 0, 0.06%, 9, 0, 8, 263.51
1734817167, 36, 34, 75, 18, 0, 0.06%, 9, 0, 8, 392.82
1734817182, 36, 38, 75, 18, 0, 0.06%, 9, 0, 8, 296.42
1734817208, 36, 39, 75, 18, 0, 0.06%, 9, 0, 8, 268.73
1734817228, 36, 40, 75, 18, 0, 0.06%, 9, 0, 8, 292.54
1734817243, 36, 41, 75, 18, 0, 0.06%, 9, 0, 8, 331.40
1734817263, 36, 42, 75, 18, 0, 0.06%, 9, 0, 8, 360.05
1734817294, 36, 43, 75, 17, 0, 0.06%, 9, 0, 8, 322.14
1734817319, 36, 44, 75, 17, 0, 0.06%, 9, 0, 8, 373.62
1734817344, 36, 45, 75, 17, 0, 0.06%, 9, 0, 8, 358.93
1734817360, 36, 46, 75, 17, 0, 0.06%, 9, 0, 8, 326.55
1734817380, 36, 48, 75, 17, 0, 0.06%, 9, 0, 8, 404.73
1734817395, 36, 49, 75, 17, 0, 0.06%, 9, 0, 8, 322.27
1734817416, 36, 50, 75, 17, 0, 0.06%, 9, 0, 8, 418.69
1734817431, 36, 51, 75, 17, 0, 0.06%, 9, 0, 8, 310.93
1734817451, 36, 52, 75, 17, 0, 0.06%, 9, 0, 8, 390.51
1734817466, 36, 53, 75, 17, 0, 0.06%, 9, 0, 8, 395.83
1734817482, 36, 54, 75, 17, 0, 0.06%, 9, 0, 8, 338.73
1734817502, 36, 55, 75, 17, 0, 0.06%, 9, 0, 8, 373.72
1734817609, 36, 56, 75, 16, 0, 0.06%, 9, 0, 8, 399.44
1734817721, 36, 57, 75, 15, 0, 0.06%, 9, 0, 8, 333.86
1734817746, 36, 58, 75, 15, 0, 0.06%, 9, 0, 8, 394.00
1734817762, 36, 59, 75, 15, 0, 0.06%, 9, 0, 8, 311.54
1734817782, 36, 60, 75, 15, 0, 0.06%, 9, 0, 8, 300.79
1734817802, 36, 61, 75, 15, 0, 0.06%, 9, 0, 8, 260.81
1734817823, 36, 62, 75, 15, 0, 0.06%, 9, 0, 8, 407.47
1734817843, 36, 63, 75, 15, 0, 0.06%, 9, 0, 8, 412.86
1734817858, 36, 64, 75, 15, 0, 0.06%, 9, 0, 8, 374.33
1734817884, 36, 65, 75, 15, 0, 0.06%, 9, 0, 8, 421.28
1734817899, 36, 66, 75, 15, 0, 0.06%, 9, 0, 8, 391.84
1734817909, 36, 66, 76, 16, 0, 0.06%, 9, 0, 8, 442.95
1734817930, 36, 67, 76, 16, 0, 0.06%, 9, 0, 8, 356.15
1734817945, 36, 68, 76, 16, 0, 0.06%, 9, 0, 8, 300.41
1734818342, 36, 71, 76, 15, 0, 0.06%, 9, 0, 8, 322.35
1734818367, 36, 72, 76, 15, 0, 0.06%, 9, 0, 8, 315.11
1734818377, 36, 73, 76, 15, 0, 0.06%, 9, 0, 8, 348.29
1734818397, 36, 74, 76, 15, 0, 0.06%, 9, 0, 8, 415.73
1734818443, 36, 75, 76, 15, 0, 0.06%, 9, 0, 8, 359.24
1734818596, 36, 75, 77, 16, 0, 0.06%, 9, 0, 8, 447.12
1734818601, 36, 75, 78, 17, 0, 0.06%, 9, 0, 8, 478.95
1734818672, 36, 76, 78, 16, 0, 0.06%, 9, 0, 8, 355.11
1734818850, 36, 77, 78, 15, 0, 0.06%, 9, 0, 8, 316.19
1734819101, 37, 11, 78, 14, 0, 0.06%, 9, 0, 8, 336.54
1734819106, 37, 12, 78, 14, 0, 0.06%, 9, 0, 8, 394.42
1734819116, 37, 13, 78, 14, 0, 0.06%, 9, 0, 8, 286.35
1734819126, 37, 17, 78, 14, 0, 0.06%, 9, 0, 8, 337.56
1734819147, 37, 18, 78, 14, 0, 0.06%, 9, 0, 8, 403.80
1734819162, 37, 19, 78, 14, 0, 0.06%, 9, 0, 8, 431.63
1734819177, 37, 21, 78, 14, 0, 0.06%, 9, 0, 8, 313.42
1734819192, 37, 23, 78, 14, 0, 0.06%, 9, 0, 8, 351.22
1734819207, 37, 31, 78, 14, 0, 0.06%, 9, 0, 8, 312.71
1734819228, 37, 39, 78, 14, 0, 0.06%, 9, 0, 8, 278.14
1734819248, 37, 40, 78, 14, 0, 0.06%, 9, 0, 8, 301.54
1734819269, 37, 41, 78, 14, 0, 0.06%, 9, 0, 8, 333.71
1734819289, 37, 43, 78, 14, 0, 0.06%, 9, 0, 8, 310.53
1734819304, 37, 44, 78, 14, 0, 0.06%, 9, 0, 8, 334.62
1734819324, 37, 45, 78, 14, 0, 0.06%, 9, 0, 8, 410.05
1734819339, 37, 46, 78, 14, 0, 0.06%, 9, 0, 8, 405.43
1734819355, 37, 48, 78, 14, 0, 0.06%, 9, 0, 8, 417.01
1734819370, 37, 49, 78, 14, 0, 0.06%, 9, 0, 8, 363.99
1734819385, 37, 50, 78, 14, 0, 0.06%, 9, 0, 8, 348.78
1734819406, 37, 51, 78, 14, 0, 0.06%, 9, 0, 8, 391.35
1734819421, 37, 52, 78, 14, 0, 0.06%, 9, 0, 8, 346.94
1734819436, 37, 53, 78, 14, 0, 0.06%, 9, 0, 8, 321.02
1734819457, 37, 54, 78, 14, 0, 0.06%, 9, 0, 8, 391.23
1734819472, 37, 55, 78, 14, 0, 0.06%, 9, 0, 8, 376.15
1734819487, 37, 57, 78, 14, 0, 0.06%, 9, 0, 8, 365.22
1734819513, 37, 58, 78, 14, 0, 0.06%, 9, 0, 8, 332.54
1734819533, 37, 59, 78, 14, 0, 0.06%, 9, 0, 8, 364.33
1734819548, 37, 60, 78, 14, 0, 0.06%, 9, 0, 8, 319.78
1734819568, 37, 61, 78, 14, 0, 0.06%, 9, 0, 8, 278.90
1734819588, 37, 62, 78, 14, 0, 0.06%, 9, 0, 8, 378.24
1734819604, 37, 63, 78, 14, 0, 0.06%, 9, 0, 8, 371.37
1734819624, 37, 65, 78, 14, 0, 0.06%, 9, 0, 8, 384.40
1734819639, 37, 66, 78, 14, 0, 0.06%, 9, 0, 8, 411.70
1734819665, 37, 67, 78, 14, 0, 0.06%, 9, 0, 8, 337.04
1734819686, 37, 71, 78, 14, 0, 0.06%, 9, 0, 8, 355.40
1734819711, 37, 72, 78, 14, 0, 0.06%, 9, 0, 8, 352.66
1734819721, 37, 73, 78, 14, 0, 0.06%, 9, 0, 8, 319.46
1734819747, 37, 74, 78, 14, 0, 0.06%, 9, 0, 8, 471.23
1734819787, 37, 75, 78, 14, 0, 0.06%, 9, 0, 8, 296.66
1734819808, 37, 76, 78, 14, 0, 0.06%, 9, 0, 8, 367.14
1734819833, 37, 77, 78, 14, 0, 0.06%, 9, 0, 8, 327.74
1734819858, 38, 11, 78, 14, 0, 0.06%, 9, 0, 8, 304.07
1734819868, 38, 12, 78, 14, 0, 0.06%, 9, 0, 8, 334.85
1734819879, 38, 13, 78, 14, 0, 0.06%, 9, 0, 8, 300.26
1734819889, 38, 17, 78, 14, 0, 0.06%, 9, 0, 8, 359.74
1734819904, 38, 18, 78, 14, 0, 0.06%, 9, 0, 8, 311.58
1734819924, 38, 19, 78, 14, 0, 0.06%, 9, 0, 8, 437.24
1734819940, 38, 21, 78, 14, 0, 0.06%, 9, 0, 8, 314.37
1734819955, 38, 23, 78, 14, 0, 0.06%, 9, 0, 8, 284.45
1734819975, 38, 31, 78, 14, 0, 0.06%, 9, 0, 8, 413.06
1734819990, 38, 39, 78, 14, 0, 0.06%, 9, 0, 8, 307.41
1734820011, 38, 40, 78, 14, 0, 0.06%, 9, 0, 8, 285.57
1734820031, 38, 41, 78, 14, 0, 0.06%, 9, 0, 8, 312.79
1734820051, 38, 43, 78, 14, 0, 0.06%, 9, 0, 8, 307.65
1734820071, 38, 44, 78, 14, 0, 0.06%, 9, 0, 8, 375.38
1734820087, 38, 45, 78, 14, 0, 0.06%, 9, 0, 8, 350.25
1734820107, 38, 46, 78, 14, 0, 0.06%, 9, 0, 8, 388.93
1734820122, 38, 48, 78, 14, 0, 0.06%, 9, 0, 8, 398.56
1734820143, 38, 49, 78, 14, 0, 0.06%, 9, 0, 8, 435.98
1734820158, 38, 50, 78, 14, 0, 0.06%, 9, 0, 8, 441.97
1734820173, 38, 51, 78, 14, 0, 0.06%, 9, 0, 8, 372.91
1734820189, 38, 52, 78, 14, 0, 0.06%, 9, 0, 8, 349.87
1734820209, 38, 53, 78, 14, 0, 0.06%, 9, 0, 8, 391.71
1734820224, 38, 54, 78, 14, 0, 0.06%, 9, 0, 8, 379.15
1734820239, 38, 55, 78, 14, 0, 0.06%, 9, 0, 8, 301.91
1734820259, 38, 57, 78, 14, 0, 0.06%, 9, 0, 8, 393.49
1734820285, 38, 58, 78, 14, 0, 0.06%, 9, 0, 8, 276.08
1734820305, 38, 59, 78, 14, 0, 0.06%, 9, 0, 8, 360.17
1734820320, 38, 60, 78, 14, 0, 0.06%, 9, 0, 8, 352.72
1734820341, 38, 61, 78, 14, 0, 0.06%, 9, 0, 8, 313.94
1734820361, 38, 62, 78, 14, 0, 0.06%, 9, 0, 8, 351.59
1734820381, 38, 63, 78, 14, 0, 0.06%, 9, 0, 8, 377.21
1734820397, 38, 65, 78, 14, 0, 0.06%, 9, 0, 8, 305.78
1734820417, 38, 66, 78, 14, 0, 0.06%, 9, 0, 8, 311.34
1734820443, 38, 67, 78, 14, 0, 0.06%, 9, 0, 8, 361.91
1734820458, 38, 71, 78, 14, 0, 0.06%, 9, 0, 8, 363.85
1734820488, 38, 72, 78, 14, 0, 0.06%, 9, 0, 8, 312.00
1734820498, 38, 73, 78, 14, 0, 0.06%, 9, 0, 8, 340.88
1734820524, 38, 74, 78, 14, 0, 0.06%, 9, 0, 8, 468.92
1734820570, 38, 75, 78, 14, 0, 0.06%, 9, 0, 8, 360.41
1734820585, 38, 76, 78, 14, 0, 0.06%, 9, 0, 8, 344.83
1734820610, 38, 77, 78, 14, 0, 0.06%, 9, 0, 8, 340.02
1734820641, 39, 11, 78, 14, 0, 0.06%, 9, 0, 8, 300.49
1734820651, 39, 12, 78, 14, 0, 0.06%, 9, 0, 8, 374.53
1734820656, 39, 13, 78, 14, 0, 0.06%, 9, 0, 8, 318.98
1734820666, 39, 17, 78, 14, 0, 0.06%, 9, 0, 8, 309.11
1734820687, 39, 18, 78, 14, 0, 0.06%, 9, 0, 8, 369.15
1734820702, 39, 21, 78, 14, 0, 0.06%, 9, 0, 8, 314.13
1734820722, 39, 23, 78, 14, 0, 0.06%, 9, 0, 8, 409.86
1734820738, 39, 31, 78, 14, 0, 0.06%, 9, 0, 8, 404.32
1734820753, 39, 39, 78, 14, 0, 0.06%, 9, 0, 8, 317.53
1734820773, 39, 40, 78, 14, 0, 0.06%, 9, 0, 8, 277.97
1734820794, 39, 41, 78, 14, 0, 0.06%, 9, 0, 8, 339.22
1734820814, 39, 43, 78, 14, 0, 0.06%, 9, 0, 8, 306.23
1734820829, 39, 44, 78, 14, 0, 0.06%, 9, 0, 8, 309.40
1734820849, 39, 45, 78, 14, 0, 0.06%, 9, 0, 8, 372.51
1734820870, 39, 46, 78, 14, 0, 0.06%, 9, 0, 8, 401.34
1734820885, 39, 51, 78, 14, 0, 0.06%, 9, 0, 8, 338.52
1734820900, 39, 52, 78, 14, 0, 0.06%, 9, 0, 8, 298.52
1734820920, 39, 53, 78, 14, 0, 0.06%, 9, 0, 8, 372.86
1734820936, 39, 54, 78, 14, 0, 0.06%, 9, 0, 8, 330.42
1734820951, 39, 55, 78, 14, 0, 0.06%, 9, 0, 8, 344.75
1734820971, 39, 60, 78, 14, 0, 0.06%, 9, 0, 8, 393.06
1734820986, 39, 67, 78, 14, 0, 0.06%, 9, 0, 8, 340.45
1734821006, 39, 72, 78, 14, 0, 0.06%, 9, 0, 8, 306.82
1734821017, 39, 73, 78, 14, 0, 0.06%, 9, 0, 8, 303.42
1734821037, 40, 11, 78, 14, 0, 0.06%, 9, 0, 8, 314.44
1734821047, 40, 17, 78, 14, 0, 0.06%, 9, 0, 8, 377.48
1734821057, 40, 18, 78, 14, 0, 0.06%, 9, 0, 8, 383.23
1734821073, 40, 21, 78, 14, 0, 0.06%, 9, 0, 8, 307.61
1734821093, 40, 23, 78, 14, 0, 0.06%, 9, 0, 8, 344.22
1734821098, 40, 31, 78, 14, 0, 0.06%, 9, 0, 8, 319.98
1734821118, 40, 39, 78, 14, 0, 0.06%, 9, 0, 8, 293.18
1734821138, 40, 40, 78, 14, 0, 0.06%, 9, 0, 8, 298.43
1734821159, 40, 41, 78, 14, 0, 0.06%, 9, 0, 8, 323.85
1734821174, 40, 43, 78, 14, 0, 0.06%, 9, 0, 8, 293.26
1734821194, 40, 44, 78, 14, 0, 0.06%, 9, 0, 8, 331.49
1734821214, 40, 45, 78, 14, 0, 0.06%, 9, 0, 8, 403.93
1734821230, 40, 46, 78, 14, 0, 0.06%, 9, 0, 8, 333.07
1734821245, 40, 51, 78, 14, 0, 0.06%, 9, 0, 8, 298.90
1734821265, 40, 52, 78, 14, 0, 0.06%, 9, 0, 8, 392.81
1734821281, 40, 53, 78, 14, 0, 0.06%, 9, 0, 8, 389.62
1734821296, 40, 54, 78, 14, 0, 0.06%, 9, 0, 8, 378.76
1734821316, 40, 55, 78, 14, 0, 0.06%, 9, 0, 8, 385.29
1734821331, 40, 60, 78, 14, 0, 0.06%, 9, 0, 8, 351.80
1734821352, 40, 67, 78, 14, 0, 0.06%, 9, 0, 8, 367.24
1734821367, 40, 72, 78, 14, 0, 0.06%, 9, 0, 8, 321.80
1734821377, 40, 73, 78, 14, 0, 0.06%, 9, 0, 8, 321.70
1734821397, 41, 11, 78, 14, 0, 0.06%, 9, 0, 8, 295.66
1734821403, 41, 17, 78, 14, 0, 0.06%, 9, 0, 8, 294.24
1734821413, 41, 18, 78, 14, 0, 0.06%, 9, 0, 8, 355.25
1734821423, 41, 21, 78, 14, 0, 0.06%, 9, 0, 8, 312.82
1734821428, 41, 23, 78, 14, 0, 0.06%, 9, 0, 8, 318.32
1734821438, 41, 31, 78, 14, 0, 0.06%, 9, 0, 8, 379.47
1734821448, 41, 39, 78, 14, 0, 0.06%, 9, 0, 8, 287.41
1734821458, 41, 40, 78, 14, 0, 0.06%, 9, 0, 8, 297.94
1734821468, 41, 41, 78, 14, 0, 0.06%, 9, 0, 8, 334.03
1734821478, 41, 43, 78, 14, 0, 0.06%, 9, 0, 8, 288.76
1734821488, 41, 44, 78, 14, 0, 0.06%, 9, 0, 8, 342.17
1734821494, 41, 45, 78, 14, 0, 0.06%, 9, 0, 8, 372.30
1734821504, 41, 46, 78, 14, 0, 0.06%, 9, 0, 8, 364.01
1734821514, 41, 51, 78, 14, 0, 0.06%, 9, 0, 8, 395.21
1734821529, 41, 52, 78, 14, 0, 0.06%, 9, 0, 8, 352.66
1734821544, 41, 53, 78, 14, 0, 0.06%, 9, 0, 8, 301.85
1734821565, 41, 54, 78, 14, 0, 0.06%, 9, 0, 8, 345.54
1734821585, 41, 55, 78, 14, 0, 0.06%, 9, 0, 8, 363.09
1734821600, 41, 60, 78, 14, 0, 0.06%, 9, 0, 8, 357.48
1734821611, 41, 67, 78, 14, 0, 0.06%, 9, 0, 8, 357.96
1734821621, 41, 72, 78, 14, 0, 0.06%, 9, 0, 8, 311.27
1734821631, 41, 73, 78, 14, 0, 0.06%, 9, 0, 8, 291.08
1734821651, 42, 11, 78, 14, 0, 0.06%, 9, 0, 8, 314.84
1734821656, 42, 17, 78, 14, 0, 0.06%, 9, 0, 8, 343.67
1734821667, 42, 18, 78, 14, 0, 0.06%, 9, 0, 8, 369.28
1734821677, 42, 21, 78, 14, 0, 0.06%, 9, 0, 8, 297.31
1734821682, 42, 23, 78, 14, 0, 0.06%, 9, 0, 8, 337.98
1734821692, 42, 31, 78, 14, 0, 0.06%, 9, 0, 8, 341.27
1734821702, 42, 39, 78, 14, 0, 0.06%, 9, 0, 8, 282.99
1734821713, 42, 40, 78, 14, 0, 0.06%, 9, 0, 8, 308.74
1734821723, 42, 41, 78, 14, 0, 0.06%, 9, 0, 8, 314.11
1734821733, 42, 43, 78, 14, 0, 0.06%, 9, 0, 8, 304.71
1734821743, 42, 44, 78, 14, 0, 0.06%, 9, 0, 8, 357.72
1734821753, 42, 45, 78, 14, 0, 0.06%, 9, 0, 8, 330.53
1734821758, 42, 46, 78, 14, 0, 0.06%, 9, 0, 8, 356.31
1734821768, 42, 51, 78, 14, 0, 0.06%, 9, 0, 8, 351.65
1734821773, 42, 52, 78, 14, 0, 0.06%, 9, 0, 8, 335.06
1734821778, 42, 53, 78, 14, 0, 0.06%, 9, 0, 8, 392.82
1734821794, 42, 54, 78, 14, 0, 0.06%, 9, 0, 8, 308.94
1734821814, 42, 55, 78, 14, 0, 0.06%, 9, 0, 8, 353.33
1734821829, 42, 60, 78, 14, 0, 0.06%, 9, 0, 8, 329.45
1734821834, 42, 67, 78, 14, 0, 0.06%, 9, 0, 8, 332.71
1734821839, 42, 72, 78, 14, 0, 0.06%, 9, 0, 8, 324.23
1734821844, 42, 73, 78, 14, 0, 0.06%, 9, 0, 8, 334.11
1734821859, 43, 11, 78, 14, 0, 0.06%, 9, 0, 8, 312.48
1734821864, 43, 17, 78, 14, 0, 0.06%, 9, 0, 8, 347.24
1734821869, 43, 18, 78, 14, 0, 0.06%, 9, 0, 8, 369.82
1734821880, 43, 21, 78, 14, 0, 0.06%, 9, 0, 8, 300.68
1734821890, 43, 31, 78, 14, 0, 0.06%, 9, 0, 8, 349.23
1734821900, 43, 43, 78, 14, 0, 0.06%, 9, 0, 8, 333.36
1734821910, 43, 44, 78, 14, 0, 0.06%, 9, 0, 8, 364.72
1734821920, 43, 45, 78, 14, 0, 0.06%, 9, 0, 8, 344.39
1734821930, 43, 46, 78, 14, 0, 0.06%, 9, 0, 8, 341.60
1734821935, 43, 60, 78, 14, 0, 0.06%, 9, 0, 8, 306.50
1734821940, 43, 67, 78, 14, 0, 0.06%, 9, 0, 8, 338.25
1734821945, 43, 72, 78, 14, 0, 0.06%, 9, 0, 8, 318.46
1734821950, 43, 73, 78, 14, 0, 0.06%, 9, 0, 8, 297.99
1734821966, 44, 23, 78, 14, 0, 0.06%, 9, 0, 8, 355.60
1734821971, 44, 31, 78, 14, 0, 0.06%, 9, 0, 8, 335.55
1734821976, 44, 43, 78, 14, 0, 0.06%, 9, 0, 8, 289.11
1734821981, 44, 44, 78, 14, 0, 0.06%, 9, 0, 8, 317.15
1734821986, 44, 45, 78, 14, 0, 0.06%, 9, 0, 8, 332.30
1734821991, 44, 46, 78, 14, 0, 0.06%, 9, 0, 8, 314.66
1734821996, 44, 60, 78, 14, 0, 0.06%, 9, 0, 8, 328.83
1734822001, 44, 67, 78, 14, 0, 0.06%, 9, 0, 8, 338.73
1734822006, 44, 73, 78, 14, 0, 0.06%, 9, 0, 8, 347.23
1734822016, 45, 23, 78, 14, 0, 0.06%, 9, 0, 8, 333.87
1734822021, 45, 31, 78, 14, 0, 0.06%, 9, 0, 8, 356.00
1734822026, 45, 43, 78, 14, 0, 0.06%, 9, 0, 8, 321.42
1734822031, 45, 44, 78, 14, 0, 0.06%, 9, 0, 8, 317.60
1734822037, 45, 45, 78, 14, 0, 0.06%, 9, 0, 8, 343.28
1734822042, 45, 46, 78, 14, 0, 0.06%, 9, 0, 8, 332.41
1734822047, 45, 60, 78, 14, 0, 0.06%, 9, 0, 8, 344.21
1734822052, 45, 67, 78, 14, 0, 0.06%, 9, 0, 8, 342.56
1734822057, 45, 72, 78, 14, 0, 0.06%, 9, 0, 8, 326.13
1734822062, 45, 73, 78, 14, 0, 0.06%, 9, 0, 8, 336.37
1734822067, 46, 11, 78, 14, 0, 0.06%, 9, 0, 8, 320.31
1734822072, 46, 23, 78, 14, 0, 0.06%, 9, 0, 8, 325.99
1734822077, 46, 31, 78, 14, 0, 0.06%, 9, 0, 8, 348.65
1734822082, 46, 43, 78, 14, 0, 0.06%, 9, 0, 8, 304.33
1734822087, 46, 45, 78, 14, 0, 0.06%, 9, 0, 8, 327.11
1734822092, 46, 46, 78, 14, 0, 0.06%, 9, 0, 8, 353.98
1734822097, 46, 60, 78, 14, 0, 0.06%, 9, 0, 8, 340.89
1734822102, 46, 67, 78, 14, 0, 0.06%, 9, 0, 8, 356.92
1734822107, 46, 72, 78, 14, 0, 0.06%, 9, 0, 8, 322.04
1734822112, 46, 73, 78, 14, 0, 0.06%, 9, 0, 8, 337.94
1734822118, 47, 11, 78, 14, 0, 0.06%, 9, 0, 8, 326.80
1734822123, 47, 23, 78, 14, 0, 0.06%, 9, 0, 8, 332.92
1734822128, 47, 43, 78, 14, 0, 0.06%, 9, 0, 8, 320.96
1734822138, 47, 45, 78, 14, 0, 0.06%, 9, 0, 8, 320.80
1734822143, 47, 46, 78, 14, 0, 0.06%, 9, 0, 8, 362.14
1734822148, 47, 60, 78, 14, 0, 0.06%, 9, 0, 8, 352.10
1734822153, 47, 67, 78, 14, 0, 0.06%, 9, 0, 8, 357.17
1734822158, 47, 72, 78, 14, 0, 0.06%, 9, 0, 8, 324.77
1734822163, 47, 73, 78, 14, 0, 0.06%, 9, 0, 8, 293.76
1734822169, 48, 11, 78, 14, 0, 0.06%, 9, 0, 8, 321.54
1734822174, 48, 23, 78, 14, 0, 0.06%, 9, 0, 8, 317.07
1734822179, 48, 31, 78, 14, 0, 0.06%, 9, 0, 8, 345.97
1734822184, 48, 43, 78, 14, 0, 0.06%, 9, 0, 8, 288.70
1734822189, 48, 44, 78, 14, 0, 0.06%, 9, 0, 8, 329.93
1734822194, 48, 45, 78, 14, 0, 0.06%, 9, 0, 8, 326.74
1734822199, 48, 60, 78, 14, 0, 0.06%, 9, 0, 8, 330.79
1734822204, 48, 67, 78, 14, 0, 0.06%, 9, 0, 8, 315.76
1734822209, 48, 72, 78, 14, 0, 0.06%, 9, 0, 8, 336.01
1734822214, 48, 73, 78, 14, 0, 0.06%, 9, 0, 8, 314.72
1734822224, 49, 23, 78, 14, 0, 0.06%, 9, 0, 8, 357.25
1734822229, 49, 31, 78, 14, 0, 0.06%, 9, 0, 8, 344.17
1734822234, 49, 43, 78, 14, 0, 0.06%, 9, 0, 8, 308.64
1734822239, 49, 44, 78, 14, 0, 0.06%, 9, 0, 8, 331.99
1734822245, 49, 45, 78, 14, 0, 0.06%, 9, 0, 8, 322.14
1734822250, 49, 46, 78, 14, 0, 0.06%, 9, 0, 8, 315.01
1734822255, 49, 60, 78, 14, 0, 0.06%, 9, 0, 8, 337.98
1734822260, 49, 67, 78, 14, 0, 0.06%, 9, 0, 8, 360.80
1734822265, 49, 73, 78, 14, 0, 0.06%, 9, 0, 8, 364.58
1734822275, 50, 23, 78, 14, 0, 0.06%, 9, 0, 8, 324.08
1734822281, 50, 31, 78, 14, 0, 0.06%, 9, 0, 8, 353.60
1734822286, 50, 43, 78, 14, 0, 0.06%, 9, 0, 8, 312.94
1734822291, 50, 44, 78, 14, 0, 0.06%, 9, 0, 8, 342.34
1734822296, 50, 45, 78, 14, 0, 0.06%, 9, 0, 8, 350.31
1734822301, 50, 46, 78, 14, 0, 0.06%, 9, 0, 8, 335.87
1734822306, 50, 60, 78, 14, 0, 0.06%, 9, 0, 8, 331.85
1734822311, 50, 67, 78, 14, 0, 0.06%, 9, 0, 8, 339.27
1734822316, 50, 72, 78, 14, 0, 0.06%, 9, 0, 8, 325.31
1734822321, 50, 73, 78, 14, 0, 0.06%, 9, 0, 8, 341.11
1734822326, 51, 11, 78, 14, 0, 0.06%, 9, 0, 8, 308.20
1734822331, 51, 23, 78, 14, 0, 0.06%, 9, 0, 8, 321.50
1734822336, 51, 43, 78, 14, 0, 0.06%, 9, 0, 8, 331.93
1734822341, 51, 44, 78, 14, 0, 0.06%, 9, 0, 8, 307.93
1734822346, 51, 45, 78, 14, 0, 0.06%, 9, 0, 8, 340.35
1734822351, 51, 46, 78, 14, 0, 0.06%, 9, 0, 8, 348.90
1734822356, 51, 60, 78, 14, 0, 0.06%, 9, 0, 8, 343.54
1734822362, 51, 67, 78, 14, 0, 0.06%, 9, 0, 8, 352.00
1734822367, 51, 72, 78, 14, 0, 0.06%, 9, 0, 8, 316.74
1734822372, 51, 73, 78, 14, 0, 0.06%, 9, 0, 8, 294.24
1734822377, 52, 11, 78, 14, 0, 0.06%, 9, 0, 8, 331.12
1734822382, 52, 23, 78, 14, 0, 0.06%, 9, 0, 8, 333.06
1734822387, 52, 31, 78, 14, 0, 0.06%, 9, 0, 8, 320.36
1734822392, 52, 43, 78, 14, 0, 0.06%, 9, 0, 8, 299.48
1734822397, 52, 44, 78, 14, 0, 0.06%, 9, 0, 8, 321.78
1734822402, 52, 45, 78, 14, 0, 0.06%, 9, 0, 8, 300.85
1734822407, 52, 60, 78, 14, 0, 0.06%, 9, 0, 8, 303.89
1734822412, 52, 67, 78, 14, 0, 0.06%, 9, 0, 8, 318.49
1734822418, 52, 72, 78, 14, 0, 0.06%, 9, 0, 8, 334.97
1734822423, 52, 73, 78, 14, 0, 0.06%, 9, 0, 8, 306.81
1734822433, 53, 23, 78, 14, 0, 0.06%, 9, 0, 8, 342.83
1734822438, 53, 31, 78, 14, 0, 0.06%, 9, 0, 8, 345.17
1734822443, 53, 43, 78, 14, 0, 0.06%, 9, 0, 8, 326.28
1734822448, 53, 44, 78, 14, 0, 0.06%, 9, 0, 8, 330.15
1734822453, 53, 45, 78, 14, 0, 0.06%, 9, 0, 8, 327.36
1734822458, 53, 46, 78, 14, 0, 0.06%, 9, 0, 8, 315.88
1734822463, 53, 60, 78, 14, 0, 0.06%, 9, 0, 8, 331.69
1734822468, 53, 67, 78, 14, 0, 0.06%, 9, 0, 8, 330.21
1734822473, 53, 73, 78, 14, 0, 0.06%, 9, 0, 8, 360.53
1734822484, 54, 23, 78, 14, 0, 0.06%, 9, 0, 8, 313.01
1734822489, 54, 31, 78, 14, 0, 0.06%, 9, 0, 8, 360.99
1734822494, 54, 43, 78, 14, 0, 0.06%, 9, 0, 8, 322.55
1734822499, 54, 44, 78, 14, 0, 0.06%, 9, 0, 8, 330.10
1734822504, 54, 45, 78, 14, 0, 0.06%, 9, 0, 8, 340.44
1734822509, 54, 46, 78, 14, 0, 0.06%, 9, 0, 8, 344.38
1734822514, 54, 60, 78, 14, 0, 0.06%, 9, 0, 8, 337.90
1734822519, 54, 67, 78, 14, 0, 0.06%, 9, 0, 8, 340.12
1734822524, 54, 73, 78, 14, 0, 0.06%, 9, 0, 8, 327.05
1734822534, 55, 11, 78, 14, 0, 0.06%, 9, 0, 8, 300.59
1734822539, 55, 31, 78, 14, 0, 0.06%, 9, 0, 8, 335.15
1734822544, 55, 43, 78, 14, 0, 0.06%, 9, 0, 8, 326.01
1734822549, 55, 44, 78, 14, 0, 0.06%, 9, 0, 8, 322.92
1734822554, 55, 45, 78, 14, 0, 0.06%, 9, 0, 8, 354.75
1734822560, 55, 46, 78, 14, 0, 0.06%, 9, 0, 8, 347.17
1734822565, 55, 60, 78, 14, 0, 0.06%, 9, 0, 8, 332.83
1734822570, 55, 67, 78, 14, 0, 0.06%, 9, 0, 8, 334.67
1734822575, 55, 72, 78, 14, 0, 0.06%, 9, 0, 8, 307.79
1734822580, 55, 73, 78, 14, 0, 0.06%, 9, 0, 8, 330.32
1734822585, 56, 11, 78, 14, 0, 0.06%, 9, 0, 8, 318.29
1734822590, 56, 23, 78, 14, 0, 0.06%, 9, 0, 8, 338.52
1734822595, 56, 31, 78, 14, 0, 0.06%, 9, 0, 8, 325.17
1734822600, 56, 43, 78, 14, 0, 0.06%, 9, 0, 8, 318.68
1734822605, 56, 45, 78, 14, 0, 0.06%, 9, 0, 8, 313.80
1734822615, 56, 46, 78, 14, 0, 0.06%, 9, 0, 8, 380.38
1734822625, 56, 48, 78, 14, 0, 0.06%, 9, 0, 8, 438.35
1734822641, 56, 49, 78, 14, 0, 0.06%, 9, 0, 8, 343.35
1734822661, 56, 50, 78, 14, 0, 0.06%, 9, 0, 8, 432.22
1734822676, 56, 51, 78, 14, 0, 0.06%, 9, 0, 8, 457.87
1734822758, 56, 52, 78, 14, 0, 0.06%, 9, 0, 8, 450.68
1734822839, 56, 53, 78, 14, 0, 0.06%, 9, 0, 8, 357.24
1734822845, 56, 54, 78, 14, 0, 0.06%, 9, 0, 8, 358.52
1734822850, 56, 55, 78, 14, 0, 0.06%, 9, 0, 8, 362.59
1734822865, 56, 56, 78, 14, 0, 0.06%, 9, 0, 8, 358.52
1734822885, 56, 57, 78, 14, 0, 0.06%, 9, 0, 8, 313.87
1734822911, 56, 58, 78, 14, 0, 0.06%, 9, 0, 8, 359.31
1734822931, 56, 59, 78, 14, 0, 0.06%, 9, 0, 8, 349.44
1734822951, 56, 60, 78, 14, 0, 0.06%, 9, 0, 8, 328.13
1734822956, 56, 61, 78, 14, 0, 0.06%, 9, 0, 8, 268.00
1734822977, 56, 62, 78, 14, 0, 0.06%, 9, 0, 8, 387.06
1734822992, 56, 63, 78, 14, 0, 0.06%, 9, 0, 8, 309.99
1734823012, 56, 64, 78, 14, 0, 0.06%, 9, 0, 8, 296.09
1734823033, 56, 65, 78, 14, 0, 0.06%, 9, 0, 8, 324.14
1734823053, 56, 66, 78, 14, 0, 0.06%, 9, 0, 8, 315.83
1734823079, 56, 67, 78, 14, 0, 0.06%, 9, 0, 8, 343.34
1734823084, 56, 68, 78, 14, 0, 0.06%, 9, 0, 8, 296.90
1734823104, 56, 69, 78, 14, 0, 0.06%, 9, 0, 8, 315.16
1734823221, 56, 70, 78, 13, 0, 0.06%, 9, 0, 8, 425.98
1734823338, 56, 71, 78, 12, 0, 0.06%, 9, 0, 8, 410.46
1734823368, 56, 73, 78, 12, 0, 0.06%, 9, 0, 8, 315.46
1734823379, 56, 74, 78, 12, 0, 0.06%, 9, 0, 8, 442.76
1734823424, 56, 75, 78, 12, 0, 0.06%, 9, 0, 8, 290.04
1734823444, 56, 76, 78, 12, 0, 0.06%, 9, 0, 8, 328.05
1734823470, 56, 77, 78, 12, 0, 0.06%, 9, 0, 8, 354.95
1734823500, 57, 12, 78, 12, 0, 0.06%, 9, 0, 8, 386.05
1734823511, 57, 13, 78, 12, 0, 0.06%, 9, 0, 8, 291.42
1734823516, 57, 17, 78, 12, 0, 0.06%, 9, 0, 8, 319.68
1734823526, 57, 19, 78, 12, 0, 0.06%, 9, 0, 8, 341.92
1734823546, 57, 21, 78, 12, 0, 0.06%, 9, 0, 8, 308.43
1734823551, 57, 23, 78, 12, 0, 0.06%, 9, 0, 8, 334.31
1734823556, 57, 24, 78, 12, 0, 0.06%, 9, 0, 8, 311.33
1734823571, 57, 25, 78, 12, 0, 0.06%, 9, 0, 8, 298.10
1734823592, 57, 30, 78, 12, 0, 0.06%, 9, 0, 8, 287.97
1734823612, 57, 31, 78, 12, 0, 0.06%, 9, 0, 8, 351.00
1734823617, 57, 32, 78, 12, 0, 0.06%, 9, 0, 8, 327.72
1734823642, 57, 33, 78, 12, 0, 0.06%, 9, 0, 8, 383.31
1734823673, 57, 34, 78, 11, 0, 0.06%, 9, 0, 8, 321.01
1734823693, 57, 35, 78, 11, 0, 0.06%, 9, 0, 8, 413.57
1734823729, 57, 36, 78, 10, 0, 0.06%, 9, 0, 8, 271.44
1734823973, 57, 37, 78, 9, 0, 0.06%, 9, 0, 8, 338.36
1734824085, 57, 38, 78, 8, 0, 0.06%, 9, 0, 8, 366.88
1734824110, 57, 39, 78, 8, 0, 0.06%, 9, 0, 8, 291.62
1734824120, 57, 40, 78, 8, 0, 0.06%, 9, 0, 8, 298.59
1734824130, 57, 41, 78, 8, 0, 0.06%, 9, 0, 8, 327.28
1734824136, 57, 42, 78, 8, 0, 0.06%, 9, 0, 8, 321.51
1734824156, 57, 43, 78, 8, 0, 0.06%, 9, 0, 8, 308.66
1734824161, 57, 44, 78, 8, 0, 0.06%, 9, 0, 8, 315.38
1734824166, 57, 45, 78, 8, 0, 0.06%, 9, 0, 8, 327.39
1734824171, 57, 48, 78, 8, 0, 0.06%, 9, 0, 8, 312.86
1734824191, 57, 49, 78, 8, 0, 0.06%, 9, 0, 8, 448.75
1734824207, 57, 50, 78, 8, 0, 0.06%, 9, 0, 8, 391.84
1734824222, 57, 51, 78, 8, 0, 0.06%, 9, 0, 8, 308.74
1734824227, 57, 52, 78, 8, 0, 0.06%, 9, 0, 8, 329.10
1734824232, 57, 53, 78, 8, 0, 0.06%, 9, 0, 8, 328.80
1734824242, 57, 54, 78, 8, 0, 0.06%, 9, 0, 8, 325.59
1734824247, 57, 55, 78, 8, 0, 0.06%, 9, 0, 8, 337.30
1734824252, 57, 56, 78, 8, 0, 0.06%, 9, 0, 8, 380.64
1734824267, 57, 57, 78, 8, 0, 0.06%, 9, 0, 8, 388.07
1734824293, 57, 58, 78, 8, 0, 0.06%, 9, 0, 8, 312.24
1734824313, 57, 59, 78, 8, 0, 0.06%, 9, 0, 8, 331.55
1734824329, 57, 60, 78, 8, 0, 0.06%, 9, 0, 8, 363.57
1734824334, 57, 61, 78, 8, 0, 0.06%, 9, 0, 8, 346.17
1734824360, 57, 62, 78, 8, 0, 0.06%, 9, 0, 8, 388.45
1734824380, 57, 63, 78, 8, 0, 0.06%, 9, 0, 8, 408.48
1734824395, 57, 64, 78, 8, 0, 0.06%, 9, 0, 8, 365.09
1734824421, 57, 65, 78, 8, 0, 0.06%, 9, 0, 8, 431.99
1734824436, 57, 66, 78, 8, 0, 0.06%, 9, 0, 8, 383.16
1734824461, 57, 67, 78, 8, 0, 0.06%, 9, 0, 8, 369.38
1734824466, 57, 68, 78, 8, 0, 0.06%, 9, 0, 8, 350.05
1734824492, 57, 69, 78, 8, 0, 0.06%, 9, 0, 8, 385.87
1734824507, 57, 70, 78, 8, 0, 0.06%, 9, 0, 8, 349.87
1734824522, 57, 71, 78, 8, 0, 0.06%, 9, 0, 8, 410.81
1734824553, 57, 72, 78, 8, 0, 0.06%, 9, 0, 8, 344.45
1734824558, 57, 73, 78, 8, 0, 0.06%, 9, 0, 8, 305.32
1734824568, 57, 74, 78, 8, 0, 0.06%, 9, 0, 8, 426.43
1734824614, 57, 75, 78, 8, 0, 0.06%, 9, 0, 8, 408.10
1734824629, 57, 76, 78, 8, 0, 0.06%, 9, 0, 8, 339.69
1734824659, 57, 77, 78, 8, 0, 0.06%, 9, 0, 8, 383.46
1734824685, 58, 11, 78, 8, 0, 0.06%, 9, 0, 8, 288.56
1734824690, 58, 13, 78, 8, 0, 0.06%, 9, 0, 8, 331.54
1734824705, 58, 17, 78, 8, 0, 0.06%, 9, 0, 8, 335.43
1734824710, 58, 18, 78, 8, 0, 0.06%, 9, 0, 8, 320.46
1734824715, 58, 19, 78, 8, 0, 0.06%, 9, 0, 8, 416.15
1734824730, 58, 23, 78, 8, 0, 0.06%, 9, 0, 8, 327.86
1734824735, 58, 25, 78, 8, 0, 0.06%, 9, 0, 8, 314.76
1734824755, 58, 30, 78, 8, 0, 0.06%, 9, 0, 8, 296.68
1734824776, 58, 31, 78, 8, 0, 0.06%, 9, 0, 8, 346.64
1734824781, 58, 34, 78, 8, 0, 0.06%, 9, 0, 8, 366.66
1734824796, 58, 38, 78, 8, 0, 0.06%, 9, 0, 8, 333.40
1734824821, 58, 39, 78, 8, 0, 0.06%, 9, 0, 8, 299.87
1734824827, 58, 40, 78, 8, 0, 0.06%, 9, 0, 8, 303.46
1734824832, 58, 41, 78, 8, 0, 0.06%, 9, 0, 8, 306.80
1734824837, 58, 42, 78, 8, 0, 0.06%, 9, 0, 8, 369.43
1734824852, 58, 43, 78, 8, 0, 0.06%, 9, 0, 8, 311.05
1734824857, 58, 44, 78, 8, 0, 0.06%, 9, 0, 8, 353.78
1734824862, 58, 45, 78, 8, 0, 0.06%, 9, 0, 8, 343.71
1734824867, 58, 46, 78, 8, 0, 0.06%, 9, 0, 8, 331.27
1734824872, 58, 48, 78, 8, 0, 0.06%, 9, 0, 8, 347.53
1734824877, 58, 50, 78, 8, 0, 0.06%, 9, 0, 8, 363.32
1734824882, 58, 51, 78, 8, 0, 0.06%, 9, 0, 8, 332.64
1734824888, 58, 52, 78, 8, 0, 0.06%, 9, 0, 8, 332.32
1734824893, 58, 53, 78, 8, 0, 0.06%, 9, 0, 8, 337.56
1734824903, 58, 55, 78, 8, 0, 0.06%, 9, 0, 8, 358.06
1734824913, 58, 56, 78, 8, 0, 0.06%, 9, 0, 8, 404.52
1734824928, 58, 57, 78, 8, 0, 0.06%, 9, 0, 8, 382.44
1734824954, 58, 58, 78, 8, 0, 0.06%, 9, 0, 8, 346.54
1734824974, 58, 59, 78, 8, 0, 0.06%, 9, 0, 8, 367.04
1734824990, 58, 60, 78, 8, 0, 0.06%, 9, 0, 8, 379.12
1734824995, 58, 61, 78, 8, 0, 0.06%, 9, 0, 8, 386.32
1734825020, 58, 62, 78, 8, 0, 0.06%, 9, 0, 8, 437.79
1734825035, 58, 63, 78, 8, 0, 0.06%, 9, 0, 8, 382.16
1734825056, 58, 64, 78, 8, 0, 0.06%, 9, 0, 8, 264.03
1734825076, 58, 65, 78, 8, 0, 0.06%, 9, 0, 8, 407.00
1734825091, 58, 66, 78, 8, 0, 0.06%, 9, 0, 8, 404.03
1734825116, 58, 67, 78, 8, 0, 0.06%, 9, 0, 8, 304.78
1734825122, 58, 68, 78, 8, 0, 0.06%, 9, 0, 8, 327.24
1734825147, 58, 69, 78, 8, 0, 0.06%, 9, 0, 8, 346.82
1734825167, 58, 70, 78, 8, 0, 0.06%, 9, 0, 8, 373.39
1734825183, 58, 71, 78, 8, 0, 0.06%, 9, 0, 8, 430.44
1734825213, 58, 72, 78, 8, 0, 0.06%, 9, 0, 8, 317.73
1734825219, 58, 73, 78, 8, 0, 0.06%, 9, 0, 8, 318.89
1734825224, 58, 74, 78, 8, 0, 0.06%, 9, 0, 8, 320.54
1734825275, 58, 75, 78, 8, 0, 0.06%, 9, 0, 8, 403.22
1734825290, 58, 76, 78, 8, 0, 0.06%, 9, 0, 8, 363.53
1734825320, 58, 77, 78, 8, 0, 0.06%, 9, 0, 8, 381.26
1734825346, 59, 11, 78, 8, 0, 0.06%, 9, 0, 8, 294.61
1734825351, 59, 12, 78, 8, 0, 0.06%, 9, 0, 8, 318.35
1734825356, 59, 13, 78, 8, 0, 0.06%, 9, 0, 8, 290.95
1734825361, 59, 17, 78, 8, 0, 0.06%, 9, 0, 8, 337.19
1734825366, 59, 18, 78, 8, 0, 0.06%, 9, 0, 8, 351.46
1734825371, 59, 19, 78, 8, 0, 0.06%, 9, 0, 8, 365.85
1734825376, 59, 21, 78, 8, 0, 0.06%, 9, 0, 8, 319.21
1734825381, 59, 23, 78, 8, 0, 0.06%, 9, 0, 8, 348.52
1734825386, 59, 25, 78, 8, 0, 0.06%, 9, 0, 8, 317.70
1734825407, 59, 30, 78, 8, 0, 0.06%, 9, 0, 8, 302.23
1734825427, 59, 34, 78, 8, 0, 0.06%, 9, 0, 8, 357.38
1734825447, 59, 38, 78, 8, 0, 0.06%, 9, 0, 8, 321.48
1734825468, 59, 39, 78, 8, 0, 0.06%, 9, 0, 8, 306.29
1734825473, 59, 40, 78, 8, 0, 0.06%, 9, 0, 8, 298.71
1734825478, 59, 41, 78, 8, 0, 0.06%, 9, 0, 8, 317.40
1734825483, 59, 42, 78, 8, 0, 0.06%, 9, 0, 8, 399.08
1734825498, 59, 43, 78, 8, 0, 0.06%, 9, 0, 8, 301.69
1734825503, 59, 44, 78, 8, 0, 0.06%, 9, 0, 8, 330.96
1734825509, 59, 46, 78, 8, 0, 0.06%, 9, 0, 8, 343.02
1734825514, 59, 48, 78, 8, 0, 0.06%, 9, 0, 8, 349.41
1734825519, 59, 49, 78, 8, 0, 0.06%, 9, 0, 8, 376.49
1734825524, 59, 50, 78, 8, 0, 0.06%, 9, 0, 8, 378.53
1734825529, 59, 51, 78, 8, 0, 0.06%, 9, 0, 8, 354.03
1734825534, 59, 52, 78, 8, 0, 0.06%, 9, 0, 8, 356.94
1734825539, 59, 53, 78, 8, 0, 0.06%, 9, 0, 8, 349.28
1734825544, 59, 54, 78, 8, 0, 0.06%, 9, 0, 8, 354.48
1734825549, 59, 55, 78, 8, 0, 0.06%, 9, 0, 8, 352.17
1734825554, 59, 56, 78, 8, 0, 0.06%, 9, 0, 8, 354.06
1734825575, 59, 57, 78, 8, 0, 0.06%, 9, 0, 8, 290.99
1734825585, 59, 58, 78, 8, 0, 0.06%, 9, 0, 8, 341.59
1734825595, 59, 59, 78, 8, 0, 0.06%, 9, 0, 8, 378.99
1734825600, 59, 60, 78, 8, 0, 0.06%, 9, 0, 8, 381.01
1734825605, 59, 61, 78, 8, 0, 0.06%, 9, 0, 8, 332.39
1734825625, 59, 62, 78, 8, 0, 0.06%, 9, 0, 8, 320.62
1734825646, 59, 63, 78, 8, 0, 0.06%, 9, 0, 8, 404.52
1734825661, 59, 64, 78, 8, 0, 0.06%, 9, 0, 8, 345.10
1734825686, 59, 65, 78, 8, 0, 0.06%, 9, 0, 8, 358.60
1734825696, 59, 66, 78, 8, 0, 0.06%, 9, 0, 8, 293.67
1734825712, 59, 67, 78, 8, 0, 0.06%, 9, 0, 8, 355.75
1734825717, 59, 68, 78, 8, 0, 0.06%, 9, 0, 8, 349.47
1734825737, 59, 69, 78, 8, 0, 0.06%, 9, 0, 8, 363.52
