# unix_time, cycles_done, cur_path, paths_total, pending_total, pending_favs, map_size, unique_crashes, unique_hangs, max_depth, execs_per_sec
1735136212, 0, 0, 10, 10, 1, 0.00%, 0, 0, 1, 175.44
1735136217, 0, 2, 10, 10, 1, 0.00%, 0, 0, 1, 202.07
1735136222, 0, 3, 10, 9, 0, 0.00%, 0, 0, 1, 207.81
1735136227, 0, 4, 10, 8, 0, 0.00%, 0, 0, 1, 208.03
1735136238, 0, 5, 10, 7, 0, 0.00%, 0, 0, 1, 211.22
1735136243, 0, 6, 10, 6, 0, 0.00%, 0, 0, 1, 199.84
1735136253, 0, 7, 10, 5, 0, 0.00%, 0, 0, 1, 212.62
1735136258, 0, 8, 10, 4, 0, 0.00%, 0, 0, 1, 196.16
1735136268, 0, 9, 10, 3, 0, 0.00%, 0, 0, 1, 208.49
1735136273, 1, 0, 10, 2, 0, 0.00%, 0, 0, 1, 194.27
1735136284, 1, 1, 10, 1, 0, 0.00%, 0, 0, 1, 212.17
1735136294, 1, 2, 10, 0, 0, 0.00%, 0, 0, 1, 212.70
1735136304, 1, 4, 10, 0, 0, 0.00%, 0, 0, 1, 207.94
1735136309, 1, 5, 10, 0, 0, 0.00%, 0, 0, 1, 209.90
1735136314, 1, 6, 10, 0, 0, 0.00%, 0, 0, 1, 210.53
1735136319, 1, 8, 10, 0, 0, 0.00%, 0, 0, 1, 208.37
1735136324, 1, 9, 10, 0, 0, 0.00%, 0, 0, 1, 212.11
1735136329, 2, 1, 10, 0, 0, 0.00%, 0, 0, 1, 206.61
1735136334, 2, 2, 10, 0, 0, 0.00%, 0, 0, 1, 212.21
1735136339, 2, 3, 10, 0, 0, 0.00%, 0, 0, 1, 212.35
1735136344, 2, 5, 10, 0, 0, 0.00%, 0, 0, 1, 209.47
1735136349, 2, 6, 10, 0, 0, 0.00%, 0, 0, 1, 210.82
1735136354, 2, 8, 10, 0, 0, 0.00%, 0, 0, 1, 206.64
1735136359, 2, 9, 10, 0, 0, 0.00%, 0, 0, 1, 206.54
1735136364, 3, 0, 10, 0, 0, 0.00%, 0, 0, 1, 208.18
1735136370, 3, 2, 10, 0, 0, 0.00%, 0, 0, 1, 211.04
1735136375, 3, 3, 10, 0, 0, 0.00%, 0, 0, 1, 209.76
1735136380, 3, 5, 10, 0, 0, 0.00%, 0, 0, 1, 208.37
1735136385, 3, 6, 10, 0, 0, 0.00%, 0, 0, 1, 209.02
1735136390, 3, 8, 10, 0, 0, 0.00%, 0, 0, 1, 210.69
1735136395, 3, 9, 10, 0, 0, 0.00%, 0, 0, 1, 204.35
1735136400, 4, 0, 10, 0, 0, 0.00%, 0, 0, 1, 207.18
1735136405, 4, 2, 10, 0, 0, 0.00%, 0, 0, 1, 207.71
1735136410, 4, 3, 10, 0, 0, 0.00%, 0, 0, 1, 209.94
1735136415, 4, 5, 10, 0, 0, 0.00%, 0, 0, 1, 210.69
1735136420, 4, 6, 10, 0, 0, 0.00%, 0, 0, 1, 210.11
1735136426, 4, 8, 10, 0, 0, 0.00%, 0, 0, 1, 211.64
1735136431, 4, 9, 10, 0, 0, 0.00%, 0, 0, 1, 210.90
1735136436, 5, 0, 10, 0, 0, 0.00%, 0, 0, 1, 208.18
1735136441, 5, 2, 10, 0, 0, 0.00%, 0, 0, 1, 210.92
1735136446, 5, 3, 10, 0, 0, 0.00%, 0, 0, 1, 211.84
1735136451, 5, 5, 10, 0, 0, 0.00%, 0, 0, 1, 210.66
1735136456, 5, 6, 10, 0, 0, 0.00%, 0, 0, 1, 211.21
1735136461, 5, 7, 10, 0, 0, 0.00%, 0, 0, 1, 210.01
1735136466, 5, 9, 10, 0, 0, 0.00%, 0, 0, 1, 209.71
1735136471, 6, 0, 10, 0, 0, 0.00%, 0, 0, 1, 211.85
1735136476, 6, 2, 10, 0, 0, 0.00%, 0, 0, 1, 211.03
1735136481, 6, 3, 10, 0, 0, 0.00%, 0, 0, 1, 209.15
1735136486, 6, 5, 10, 0, 0, 0.00%, 0, 0, 1, 206.89
1735136491, 6, 6, 10, 0, 0, 0.00%, 0, 0, 1, 206.55
1735136497, 6, 7, 10, 0, 0, 0.00%, 0, 0, 1, 211.15
1735136502, 6, 9, 10, 0, 0, 0.00%, 0, 0, 1, 206.52
1735136507, 7, 0, 10, 0, 0, 0.00%, 0, 0, 1, 210.09
1735136512, 7, 2, 10, 0, 0, 0.00%, 0, 0, 1, 211.40
1735136517, 7, 3, 10, 0, 0, 0.00%, 0, 0, 1, 207.54
1735136522, 7, 4, 10, 0, 0, 0.00%, 0, 0, 1, 205.31
1735136527, 7, 6, 10, 0, 0, 0.00%, 0, 0, 1, 210.92
1735136532, 7, 7, 10, 0, 0, 0.00%, 0, 0, 1, 210.07
1735136537, 7, 9, 10, 0, 0, 0.00%, 0, 0, 1, 208.97
1735136542, 8, 0, 10, 0, 0, 0.00%, 0, 0, 1, 206.74
1735136547, 8, 2, 10, 0, 0, 0.00%, 0, 0, 1, 208.47
1735136553, 8, 3, 10, 0, 0, 0.00%, 0, 0, 1, 212.47
1735136558, 8, 4, 10, 0, 0, 0.00%, 0, 0, 1, 209.83
1735136563, 8, 6, 10, 0, 0, 0.00%, 0, 0, 1, 209.12
1735136568, 8, 7, 10, 0, 0, 0.00%, 0, 0, 1, 210.15
1735136573, 8, 9, 10, 0, 0, 0.00%, 0, 0, 1, 210.32
1735136578, 9, 0, 10, 0, 0, 0.00%, 0, 0, 1, 208.30
1735136583, 9, 1, 10, 0, 0, 0.00%, 0, 0, 1, 209.01
1735136588, 9, 3, 10, 0, 0, 0.00%, 0, 0, 1, 210.33
1735136593, 9, 4, 10, 0, 0, 0.00%, 0, 0, 1, 208.85
1735136598, 9, 6, 10, 0, 0, 0.00%, 0, 0, 1, 208.28
1735136603, 9, 7, 10, 0, 0, 0.00%, 0, 0, 1, 211.83
1735136608, 9, 9, 10, 0, 0, 0.00%, 0, 0, 1, 214.25
1735136613, 10, 0, 10, 0, 0, 0.00%, 0, 0, 1, 215.11
1735136618, 10, 1, 10, 0, 0, 0.00%, 0, 0, 1, 212.16
1735136623, 10, 3, 10, 0, 0, 0.00%, 0, 0, 1, 207.51
1735136628, 10, 4, 10, 0, 0, 0.00%, 0, 0, 1, 209.20
1735136633, 10, 6, 10, 0, 0, 0.00%, 0, 0, 1, 211.55
1735136638, 10, 7, 10, 0, 0, 0.00%, 0, 0, 1, 208.41
1735136644, 10, 9, 10, 0, 0, 0.00%, 0, 0, 1, 210.39
1735136649, 11, 0, 10, 0, 0, 0.00%, 0, 0, 1, 208.01
1735136654, 11, 1, 10, 0, 0, 0.00%, 0, 0, 1, 208.46
1735136659, 11, 3, 10, 0, 0, 0.00%, 0, 0, 1, 206.90
1735136664, 11, 4, 10, 0, 0, 0.00%, 0, 0, 1, 210.48
1735136669, 11, 6, 10, 0, 0, 0.00%, 0, 0, 1, 208.66
1735136674, 11, 7, 10, 0, 0, 0.00%, 0, 0, 1, 209.08
1735136679, 11, 8, 10, 0, 0, 0.00%, 0, 0, 1, 209.07
1735136684, 12, 0, 10, 0, 0, 0.00%, 0, 0, 1, 207.39
1735136689, 12, 1, 10, 0, 0, 0.00%, 0, 0, 1, 210.46
1735136694, 12, 3, 10, 0, 0, 0.00%, 0, 0, 1, 207.09
1735136699, 12, 4, 10, 0, 0, 0.00%, 0, 0, 1, 208.71
1735136704, 12, 5, 10, 0, 0, 0.00%, 0, 0, 1, 207.92
1735136709, 12, 7, 10, 0, 0, 0.00%, 0, 0, 1, 206.37
1735136714, 12, 8, 10, 0, 0, 0.00%, 0, 0, 1, 207.90
1735136720, 13, 0, 10, 0, 0, 0.00%, 0, 0, 1, 208.46
1735136725, 13, 1, 10, 0, 0, 0.00%, 0, 0, 1, 207.53
1735136730, 13, 2, 10, 0, 0, 0.00%, 0, 0, 1, 211.40
1735136735, 13, 4, 10, 0, 0, 0.00%, 0, 0, 1, 209.36
1735136740, 13, 5, 10, 0, 0, 0.00%, 0, 0, 1, 209.28
1735136745, 13, 7, 10, 0, 0, 0.00%, 0, 0, 1, 204.20
1735136750, 13, 8, 10, 0, 0, 0.00%, 0, 0, 1, 207.72
1735136755, 13, 9, 10, 0, 0, 0.00%, 0, 0, 1, 209.21
1735136760, 14, 1, 10, 0, 0, 0.00%, 0, 0, 1, 209.73
1735136765, 14, 2, 10, 0, 0, 0.00%, 0, 0, 1, 208.62
1735136770, 14, 4, 10, 0, 0, 0.00%, 0, 0, 1, 208.64
1735136775, 14, 5, 10, 0, 0, 0.00%, 0, 0, 1, 212.25
1735136780, 14, 7, 10, 0, 0, 0.00%, 0, 0, 1, 208.02
1735136785, 14, 8, 10, 0, 0, 0.00%, 0, 0, 1, 210.21
1735136790, 14, 9, 10, 0, 0, 0.00%, 0, 0, 1, 213.10
1735136795, 15, 1, 10, 0, 0, 0.00%, 0, 0, 1, 210.22
1735136800, 15, 2, 10, 0, 0, 0.00%, 0, 0, 1, 208.92
1735136805, 15, 4, 10, 0, 0, 0.00%, 0, 0, 1, 209.71
1735136811, 15, 5, 10, 0, 0, 0.00%, 0, 0, 1, 205.17
1735136816, 15, 7, 10, 0, 0, 0.00%, 0, 0, 1, 214.19
1735136821, 15, 8, 10, 0, 0, 0.00%, 0, 0, 1, 212.36
1735136826, 15, 9, 10, 0, 0, 0.00%, 0, 0, 1, 212.93
1735136831, 16, 1, 10, 0, 0, 0.00%, 0, 0, 1, 214.75
1735136836, 16, 2, 10, 0, 0, 0.00%, 0, 0, 1, 215.51
1735136841, 16, 4, 10, 0, 0, 0.00%, 0, 0, 1, 213.22
1735136846, 16, 5, 10, 0, 0, 0.00%, 0, 0, 1, 214.53
1735136851, 16, 7, 10, 0, 0, 0.00%, 0, 0, 1, 215.45
1735136856, 16, 8, 10, 0, 0, 0.00%, 0, 0, 1, 211.13
1735136861, 17, 0, 10, 0, 0, 0.00%, 0, 0, 1, 214.03
1735136866, 17, 1, 10, 0, 0, 0.00%, 0, 0, 1, 212.73
1735136871, 17, 2, 10, 0, 0, 0.00%, 0, 0, 1, 213.71
1735136877, 17, 4, 10, 0, 0, 0.00%, 0, 0, 1, 214.34
1735136882, 17, 5, 10, 0, 0, 0.00%, 0, 0, 1, 213.36
1735136887, 17, 7, 10, 0, 0, 0.00%, 0, 0, 1, 217.52
1735136892, 17, 8, 10, 0, 0, 0.00%, 0, 0, 1, 217.16
1735136897, 18, 0, 10, 0, 0, 0.00%, 0, 0, 1, 218.12
1735136902, 18, 1, 10, 0, 0, 0.00%, 0, 0, 1, 217.15
1735136907, 18, 3, 10, 0, 0, 0.00%, 0, 0, 1, 215.85
1735136912, 18, 4, 11, 1, 0, 0.05%, 1, 0, 2, 213.76
1735136917, 18, 10, 11, 1, 1, 0.05%, 1, 0, 2, 227.28
1735136927, 18, 10, 12, 2, 1, 0.05%, 2, 0, 3, 231.17
1735137045, 18, 11, 15, 4, 1, 0.05%, 3, 0, 4, 253.60
1735137060, 18, 11, 18, 7, 1, 0.05%, 4, 0, 4, 276.57
1735137075, 18, 11, 19, 8, 1, 0.06%, 5, 0, 4, 276.10
1735137101, 18, 11, 20, 9, 1, 0.06%, 5, 0, 4, 280.93
1735137116, 18, 11, 21, 10, 1, 0.06%, 5, 0, 4, 275.93
1735137126, 18, 11, 22, 11, 1, 0.06%, 6, 0, 4, 275.45
1735137146, 18, 21, 22, 10, 4, 0.06%, 6, 0, 4, 232.14
1735137151, 18, 21, 23, 11, 4, 0.06%, 6, 0, 5, 289.96
1735137166, 18, 21, 24, 12, 4, 0.06%, 6, 0, 5, 308.16
1735137192, 18, 21, 25, 13, 4, 0.06%, 6, 0, 5, 310.27
1735137227, 18, 21, 26, 14, 4, 0.06%, 6, 0, 5, 310.57
1735137238, 18, 21, 29, 17, 4, 0.06%, 6, 0, 5, 283.69
1735137248, 18, 27, 31, 18, 3, 0.06%, 6, 0, 6, 359.88
1735137253, 18, 27, 32, 19, 3, 0.06%, 6, 0, 6, 431.88
1735137269, 18, 27, 33, 20, 3, 0.06%, 6, 0, 6, 447.72
1735137289, 18, 27, 34, 21, 3, 0.06%, 6, 0, 6, 452.71
1735137315, 18, 27, 35, 22, 3, 0.06%, 7, 0, 6, 294.15
1735137330, 18, 34, 37, 23, 3, 0.06%, 9, 0, 7, 384.53
1735137335, 18, 34, 40, 26, 3, 0.06%, 9, 0, 7, 428.76
1735137340, 18, 34, 42, 28, 3, 0.06%, 9, 0, 7, 447.60
1735137355, 18, 34, 43, 29, 3, 0.06%, 9, 0, 7, 451.64
1735137366, 18, 34, 44, 30, 3, 0.06%, 9, 0, 7, 452.30
1735137376, 18, 34, 45, 31, 3, 0.06%, 9, 0, 7, 452.21
1735137381, 18, 34, 46, 32, 3, 0.06%, 9, 0, 7, 446.33
1735137396, 18, 34, 47, 33, 3, 0.06%, 9, 0, 7, 275.44
1735137411, 18, 36, 49, 34, 5, 0.06%, 9, 0, 7, 338.60
1735137437, 18, 36, 51, 36, 5, 0.06%, 9, 0, 8, 330.09
1735137447, 18, 36, 52, 37, 5, 0.06%, 9, 0, 8, 242.84
1735137452, 18, 42, 53, 37, 4, 0.06%, 9, 0, 8, 346.51
1735137473, 18, 42, 54, 38, 4, 0.06%, 9, 0, 8, 443.04
1735137483, 18, 42, 55, 39, 4, 0.06%, 9, 0, 8, 447.98
1735137533, 18, 42, 56, 40, 4, 0.06%, 9, 0, 8, 304.41
1735137543, 18, 43, 57, 40, 3, 0.06%, 9, 0, 8, 301.50
1735137564, 18, 43, 58, 41, 3, 0.06%, 9, 0, 8, 459.51
1735137574, 18, 43, 59, 42, 3, 0.06%, 9, 0, 8, 449.52
1735137635, 18, 44, 60, 42, 3, 0.06%, 9, 0, 8, 359.62
1735137665, 18, 44, 61, 43, 3, 0.06%, 9, 0, 8, 478.37
1735137711, 18, 53, 61, 42, 3, 0.06%, 9, 0, 8, 405.27
1735137737, 18, 53, 62, 43, 3, 0.06%, 9, 0, 9, 518.00
1735137747, 18, 53, 63, 44, 3, 0.06%, 9, 0, 9, 485.93
1735137767, 18, 53, 64, 45, 3, 0.06%, 9, 0, 9, 490.84
1735137777, 18, 53, 65, 46, 3, 0.06%, 9, 0, 9, 485.17
1735137808, 18, 57, 65, 45, 3, 0.06%, 9, 0, 9, 448.44
1735137858, 18, 58, 65, 44, 3, 0.06%, 9, 0, 9, 445.24
1735137889, 18, 58, 66, 45, 3, 0.06%, 9, 0, 9, 422.27
1735137894, 18, 58, 67, 46, 3, 0.06%, 9, 0, 9, 354.19
1735137904, 18, 59, 67, 45, 3, 0.06%, 9, 0, 9, 414.01
1735137971, 18, 60, 67, 44, 3, 0.06%, 9, 0, 9, 364.96
1735138114, 19, 16, 67, 43, 3, 0.06%, 9, 0, 9, 316.14
1735138149, 19, 16, 69, 45, 3, 0.06%, 9, 0, 9, 308.02
1735138154, 19, 18, 69, 44, 2, 0.06%, 9, 0, 9, 297.77
1735138195, 19, 27, 69, 43, 2, 0.06%, 9, 0, 9, 398.55
1735138210, 19, 29, 69, 43, 2, 0.06%, 9, 0, 9, 329.27
1735138241, 19, 29, 70, 44, 2, 0.06%, 9, 0, 9, 297.45
1735138246, 19, 35, 70, 43, 2, 0.06%, 9, 0, 9, 295.39
1735138282, 19, 36, 70, 42, 2, 0.06%, 9, 0, 9, 412.38
1735138297, 19, 40, 70, 42, 2, 0.06%, 9, 0, 9, 375.51
1735138333, 19, 42, 70, 41, 2, 0.06%, 9, 0, 9, 435.14
1735138348, 19, 53, 70, 41, 2, 0.06%, 9, 0, 9, 324.67
1735138378, 19, 54, 70, 41, 2, 0.06%, 9, 0, 9, 425.83
1735138424, 19, 55, 70, 40, 2, 0.06%, 9, 0, 9, 369.57
1735138511, 19, 56, 70, 39, 2, 0.06%, 9, 0, 9, 432.00
1735138546, 19, 56, 71, 40, 2, 0.06%, 9, 0, 9, 486.89
1735138602, 19, 57, 71, 39, 2, 0.06%, 9, 0, 9, 396.62
1735138628, 19, 58, 71, 39, 2, 0.06%, 9, 0, 9, 449.25
1735138648, 19, 59, 71, 39, 2, 0.06%, 9, 0, 9, 355.78
1735138674, 19, 60, 71, 39, 2, 0.06%, 9, 0, 9, 325.40
1735138704, 19, 65, 71, 39, 2, 0.06%, 9, 0, 9, 388.30
1735138714, 19, 65, 72, 40, 2, 0.06%, 9, 0, 10, 507.16
1735138812, 19, 67, 72, 39, 2, 0.06%, 9, 0, 10, 322.71
1735138888, 19, 71, 72, 38, 2, 0.06%, 9, 0, 10, 414.87
1735139006, 20, 36, 72, 37, 2, 0.06%, 9, 0, 10, 425.61
1735139016, 20, 40, 72, 37, 2, 0.06%, 9, 0, 10, 356.69
1735139036, 20, 44, 73, 38, 2, 0.06%, 9, 0, 10, 428.34
1735139057, 20, 46, 73, 38, 2, 0.06%, 9, 0, 10, 456.07
1735139092, 20, 49, 73, 37, 2, 0.06%, 9, 0, 10, 316.80
1735139164, 20, 50, 73, 36, 2, 0.06%, 9, 0, 10, 370.82
1735139215, 20, 51, 73, 35, 2, 0.06%, 9, 0, 10, 417.19
1735139265, 20, 52, 73, 34, 2, 0.06%, 9, 0, 10, 290.66
1735139957, 20, 57, 73, 33, 2, 0.06%, 9, 0, 10, 418.56
1735139982, 20, 58, 73, 33, 2, 0.06%, 9, 0, 10, 406.88
1735140008, 20, 59, 73, 33, 2, 0.06%, 9, 0, 10, 423.73
1735140033, 20, 65, 73, 33, 2, 0.06%, 9, 0, 10, 372.26
1735140059, 20, 67, 73, 33, 2, 0.06%, 9, 0, 10, 469.52
1735140105, 20, 67, 74, 34, 2, 0.06%, 9, 0, 10, 345.22
1735140115, 20, 68, 75, 35, 2, 0.06%, 9, 0, 10, 380.52
1735140222, 20, 69, 75, 34, 2, 0.06%, 9, 0, 10, 374.79
1735140319, 20, 70, 75, 33, 2, 0.06%, 9, 0, 10, 377.37
1735140421, 20, 71, 75, 32, 2, 0.06%, 9, 0, 10, 347.20
1735140447, 20, 72, 75, 32, 2, 0.06%, 9, 0, 10, 285.31
1735140467, 20, 72, 76, 33, 2, 0.06%, 9, 0, 10, 295.30
1735140523, 20, 73, 76, 32, 2, 0.06%, 9, 0, 10, 320.80
1735140630, 20, 75, 76, 31, 2, 0.06%, 9, 0, 10, 396.89
1735140706, 21, 18, 76, 30, 2, 0.06%, 9, 0, 10, 407.91
1735140721, 21, 31, 76, 30, 2, 0.06%, 9, 0, 10, 382.78
1735140752, 21, 43, 76, 29, 1, 0.06%, 9, 0, 10, 387.76
1735140767, 21, 57, 76, 29, 1, 0.06%, 9, 0, 10, 338.62
1735140793, 21, 58, 76, 29, 1, 0.06%, 9, 0, 10, 364.14
1735140819, 21, 59, 76, 29, 1, 0.06%, 9, 0, 10, 392.28
1735140844, 21, 65, 76, 29, 1, 0.06%, 9, 0, 10, 405.50
1735140869, 21, 71, 76, 29, 1, 0.06%, 9, 0, 10, 414.61
1735140890, 22, 18, 76, 29, 1, 0.06%, 9, 0, 10, 339.55
1735140910, 22, 31, 76, 29, 1, 0.06%, 9, 0, 10, 409.23
1735140925, 22, 43, 76, 29, 1, 0.06%, 9, 0, 10, 404.04
1735140940, 22, 57, 76, 29, 1, 0.06%, 9, 0, 10, 354.94
1735140955, 22, 58, 76, 29, 1, 0.06%, 9, 0, 10, 416.56
1735140966, 22, 59, 76, 29, 1, 0.06%, 9, 0, 10, 364.90
1735140981, 22, 65, 76, 29, 1, 0.06%, 9, 0, 10, 416.34
1735141006, 22, 71, 76, 29, 1, 0.06%, 9, 0, 10, 434.13
1735141031, 23, 18, 76, 29, 1, 0.06%, 9, 0, 10, 411.36
1735141047, 23, 31, 76, 29, 1, 0.06%, 9, 0, 10, 394.36
1735141067, 23, 43, 76, 29, 1, 0.06%, 9, 0, 10, 420.30
1735141082, 23, 57, 76, 29, 1, 0.06%, 9, 0, 10, 429.31
1735141092, 23, 58, 76, 29, 1, 0.06%, 9, 0, 10, 406.82
1735141108, 23, 59, 76, 29, 1, 0.06%, 9, 0, 10, 412.38
1735141118, 23, 65, 76, 29, 1, 0.06%, 9, 0, 10, 352.88
1735141133, 23, 71, 76, 29, 1, 0.06%, 9, 0, 10, 390.13
1735141143, 24, 18, 76, 29, 1, 0.06%, 9, 0, 10, 364.29
1735141153, 24, 31, 76, 29, 1, 0.06%, 9, 0, 10, 341.03
1735141174, 24, 43, 76, 29, 1, 0.06%, 9, 0, 10, 348.39
1735141179, 24, 57, 76, 29, 1, 0.06%, 9, 0, 10, 371.98
1735141184, 24, 58, 76, 29, 1, 0.06%, 9, 0, 10, 358.41
1735141194, 24, 59, 76, 29, 1, 0.06%, 9, 0, 10, 348.26
1735141199, 24, 65, 76, 29, 1, 0.06%, 9, 0, 10, 309.84
1735141214, 24, 71, 76, 29, 1, 0.06%, 9, 0, 10, 414.14
1735141229, 25, 18, 76, 29, 1, 0.06%, 9, 0, 10, 339.30
1735141235, 25, 31, 76, 29, 1, 0.06%, 9, 0, 10, 342.13
1735141245, 25, 43, 76, 29, 1, 0.06%, 9, 0, 10, 393.02
1735141255, 25, 57, 76, 29, 1, 0.06%, 9, 0, 10, 344.90
1735141260, 25, 58, 76, 29, 1, 0.06%, 9, 0, 10, 376.43
1735141265, 25, 59, 76, 29, 1, 0.06%, 9, 0, 10, 377.64
1735141275, 25, 65, 76, 29, 1, 0.06%, 9, 0, 10, 377.54
1735141280, 25, 71, 76, 29, 1, 0.06%, 9, 0, 10, 362.59
1735141295, 26, 18, 76, 29, 1, 0.06%, 9, 0, 10, 303.48
1735141301, 26, 31, 76, 29, 1, 0.06%, 9, 0, 10, 367.94
1735141306, 26, 43, 76, 29, 1, 0.06%, 9, 0, 10, 348.31
1735141311, 26, 57, 76, 29, 1, 0.06%, 9, 0, 10, 384.47
1735141316, 26, 58, 76, 29, 1, 0.06%, 9, 0, 10, 370.50
1735141326, 26, 59, 76, 29, 1, 0.06%, 9, 0, 10, 345.40
1735141331, 26, 65, 76, 29, 1, 0.06%, 9, 0, 10, 385.00
1735141341, 26, 71, 76, 29, 1, 0.06%, 9, 0, 10, 368.22
1735141346, 27, 18, 76, 29, 1, 0.06%, 9, 0, 10, 342.41
1735141351, 27, 31, 76, 29, 1, 0.06%, 9, 0, 10, 353.05
1735141356, 27, 43, 76, 29, 1, 0.06%, 9, 0, 10, 342.34
1735141361, 27, 57, 76, 29, 1, 0.06%, 9, 0, 10, 341.97
1735141366, 27, 58, 76, 29, 1, 0.06%, 9, 0, 10, 378.88
1735141371, 27, 59, 76, 29, 1, 0.06%, 9, 0, 10, 389.09
1735141376, 27, 65, 76, 29, 1, 0.06%, 9, 0, 10, 356.28
1735141386, 27, 71, 76, 29, 1, 0.06%, 9, 0, 10, 378.09
1735141391, 28, 18, 76, 29, 1, 0.06%, 9, 0, 10, 367.49
1735141397, 28, 31, 76, 29, 1, 0.06%, 9, 0, 10, 341.30
1735141402, 28, 43, 76, 29, 1, 0.06%, 9, 0, 10, 351.08
1735141407, 28, 57, 76, 29, 1, 0.06%, 9, 0, 10, 381.66
1735141412, 28, 58, 76, 29, 1, 0.06%, 9, 0, 10, 367.20
1735141422, 28, 59, 76, 29, 1, 0.06%, 9, 0, 10, 348.29
1735141427, 28, 65, 76, 29, 1, 0.06%, 9, 0, 10, 383.17
1735141432, 28, 71, 76, 29, 1, 0.06%, 9, 0, 10, 336.13
1735141442, 29, 18, 76, 29, 1, 0.06%, 9, 0, 10, 351.98
1735141447, 29, 31, 76, 29, 1, 0.06%, 9, 0, 10, 347.85
1735141452, 29, 57, 76, 29, 1, 0.06%, 9, 0, 10, 341.90
1735141462, 29, 58, 76, 29, 1, 0.06%, 9, 0, 10, 385.49
1735141467, 29, 59, 76, 29, 1, 0.06%, 9, 0, 10, 375.55
1735141472, 29, 65, 76, 29, 1, 0.06%, 9, 0, 10, 356.57
1735141483, 29, 71, 76, 29, 1, 0.06%, 9, 0, 10, 379.64
1735141488, 30, 18, 76, 29, 1, 0.06%, 9, 0, 10, 371.27
1735141493, 30, 31, 76, 29, 1, 0.06%, 9, 0, 10, 344.04
1735141498, 30, 43, 76, 29, 1, 0.06%, 9, 0, 10, 353.64
1735141503, 30, 57, 76, 29, 1, 0.06%, 9, 0, 10, 354.45
1735141508, 30, 58, 76, 29, 1, 0.06%, 9, 0, 10, 372.41
1735141513, 30, 59, 76, 29, 1, 0.06%, 9, 0, 10, 360.71
1735141523, 30, 65, 76, 29, 1, 0.06%, 9, 0, 10, 359.58
1735141528, 30, 71, 76, 29, 1, 0.06%, 9, 0, 10, 310.13
1735141538, 31, 18, 76, 29, 1, 0.06%, 9, 0, 10, 315.40
1735141543, 31, 43, 76, 29, 1, 0.06%, 9, 0, 10, 328.59
1735141548, 31, 57, 76, 29, 1, 0.06%, 9, 0, 10, 367.50
1735141558, 31, 58, 76, 29, 1, 0.06%, 9, 0, 10, 328.96
1735141563, 31, 59, 76, 29, 1, 0.06%, 9, 0, 10, 371.31
1735141569, 31, 65, 76, 29, 1, 0.06%, 9, 0, 10, 319.22
1735141579, 31, 71, 76, 29, 1, 0.06%, 9, 0, 10, 380.50
1735141584, 32, 18, 76, 29, 1, 0.06%, 9, 0, 10, 358.79
1735141589, 32, 31, 76, 29, 1, 0.06%, 9, 0, 10, 364.58
1735141594, 32, 43, 77, 30, 1, 0.06%, 9, 0, 10, 391.29
1735141599, 32, 57, 77, 30, 1, 0.06%, 9, 0, 10, 401.87
1735141604, 32, 58, 77, 30, 1, 0.06%, 9, 0, 10, 375.12
1735141614, 32, 59, 77, 30, 1, 0.06%, 9, 0, 10, 340.20
1735141619, 32, 65, 77, 30, 1, 0.06%, 9, 0, 10, 380.90
1735141629, 32, 71, 77, 30, 1, 0.06%, 9, 0, 10, 360.68
1735141634, 32, 76, 77, 30, 1, 0.06%, 9, 0, 10, 268.46
1735141655, 32, 76, 78, 31, 1, 0.06%, 9, 0, 10, 534.30
1735142407, 33, 14, 78, 30, 1, 0.06%, 9, 0, 10, 307.99
1735142442, 33, 16, 78, 29, 1, 0.06%, 9, 0, 10, 308.83
1735142457, 33, 19, 78, 29, 1, 0.06%, 9, 0, 10, 338.38
1735142498, 33, 24, 78, 28, 1, 0.06%, 9, 0, 10, 340.53
1735142570, 33, 26, 78, 27, 1, 0.06%, 9, 0, 10, 395.37
1735142605, 33, 27, 78, 26, 1, 0.06%, 9, 0, 10, 383.75
1735142625, 33, 28, 78, 26, 1, 0.06%, 9, 0, 10, 306.41
1735142661, 33, 29, 78, 25, 1, 0.06%, 9, 0, 10, 352.10
1735142682, 33, 30, 78, 25, 1, 0.06%, 9, 0, 10, 376.07
1735142712, 33, 31, 78, 24, 1, 0.06%, 9, 0, 10, 309.10
1735142717, 33, 32, 78, 24, 1, 0.06%, 9, 0, 10, 393.19
1735142758, 33, 33, 78, 23, 1, 0.06%, 9, 0, 10, 395.23
1735142804, 33, 35, 78, 22, 1, 0.06%, 9, 0, 10, 450.47
1735142819, 33, 36, 78, 22, 1, 0.06%, 9, 0, 10, 435.59
1735142834, 33, 40, 78, 22, 1, 0.06%, 9, 0, 10, 367.38
1735142855, 33, 42, 78, 22, 1, 0.06%, 9, 0, 10, 429.02
1735142870, 33, 44, 78, 22, 1, 0.06%, 9, 0, 10, 385.38
1735142885, 33, 46, 78, 22, 1, 0.06%, 9, 0, 10, 291.00
1735142905, 33, 49, 78, 22, 1, 0.06%, 9, 0, 10, 432.28
1735142931, 33, 50, 78, 22, 1, 0.06%, 9, 0, 10, 449.00
1735142956, 33, 51, 78, 22, 1, 0.06%, 9, 0, 10, 435.53
1735142982, 33, 52, 78, 22, 1, 0.06%, 9, 0, 10, 377.69
1735143018, 33, 53, 78, 22, 1, 0.06%, 9, 0, 10, 356.05
1735143043, 33, 54, 78, 22, 1, 0.06%, 9, 0, 10, 405.20
1735143069, 33, 55, 79, 23, 1, 0.06%, 9, 0, 10, 387.39
1735143094, 33, 56, 79, 23, 1, 0.06%, 9, 0, 10, 357.65
1735143120, 33, 60, 79, 23, 1, 0.06%, 9, 0, 10, 320.57
1735143151, 33, 61, 79, 23, 1, 0.06%, 9, 0, 10, 488.86
1735143201, 33, 62, 79, 22, 1, 0.06%, 9, 0, 10, 360.96
1735143304, 33, 63, 79, 21, 1, 0.06%, 9, 0, 10, 379.16
1735143411, 33, 64, 79, 20, 1, 0.06%, 9, 0, 10, 309.33
1735143518, 33, 65, 79, 19, 1, 0.06%, 9, 0, 10, 440.82
1735143539, 33, 67, 79, 19, 1, 0.06%, 9, 0, 10, 354.19
1735143559, 33, 68, 79, 19, 1, 0.06%, 9, 0, 10, 363.71
1735143574, 33, 69, 79, 19, 1, 0.06%, 9, 0, 10, 305.22
1735143594, 33, 70, 79, 19, 1, 0.06%, 9, 0, 10, 421.51
1735143620, 33, 71, 79, 19, 1, 0.06%, 9, 0, 10, 344.65
1735143645, 33, 72, 79, 19, 1, 0.06%, 9, 0, 10, 298.83
1735144113, 33, 73, 79, 19, 1, 0.06%, 9, 0, 10, 350.52
1735144133, 33, 74, 79, 19, 1, 0.06%, 9, 0, 10, 347.01
1735144250, 33, 75, 79, 18, 1, 0.06%, 9, 0, 10, 268.79
1735144718, 33, 76, 79, 18, 1, 0.06%, 9, 0, 10, 319.41
1735144754, 33, 77, 79, 18, 1, 0.06%, 9, 0, 10, 303.11
1735145542, 33, 78, 79, 17, 1, 0.06%, 9, 0, 10, 310.17
1735145552, 33, 78, 80, 18, 1, 0.06%, 9, 0, 10, 349.60
1735145844, 33, 79, 80, 17, 1, 0.06%, 9, 0, 10, 396.64
1735146141, 34, 14, 80, 16, 1, 0.06%, 9, 0, 10, 310.08
1735146156, 34, 27, 80, 16, 1, 0.06%, 9, 0, 10, 340.28
1735146177, 34, 29, 80, 16, 1, 0.06%, 9, 0, 10, 365.73
1735146192, 34, 30, 80, 16, 1, 0.06%, 9, 0, 10, 347.10
1735146207, 34, 31, 80, 16, 1, 0.06%, 9, 0, 10, 323.55
1735146212, 34, 32, 80, 16, 1, 0.06%, 9, 0, 10, 336.29
1735146233, 34, 33, 80, 16, 1, 0.06%, 9, 0, 10, 393.18
1735146248, 34, 36, 80, 16, 1, 0.06%, 9, 0, 10, 405.19
1735146258, 34, 40, 80, 16, 1, 0.06%, 9, 0, 10, 434.45
1735146273, 34, 44, 80, 16, 1, 0.06%, 9, 0, 10, 371.04
1735146289, 34, 46, 80, 16, 1, 0.06%, 9, 0, 10, 289.77
1735146309, 34, 49, 80, 16, 1, 0.06%, 9, 0, 10, 415.57
1735146334, 34, 50, 80, 16, 1, 0.06%, 9, 0, 10, 408.28
1735146360, 34, 51, 80, 16, 1, 0.06%, 9, 0, 10, 459.28
1735146385, 34, 52, 80, 16, 1, 0.06%, 9, 0, 10, 371.41
1735146421, 34, 60, 80, 16, 1, 0.06%, 9, 0, 10, 392.39
1735146446, 34, 67, 80, 16, 1, 0.06%, 9, 0, 10, 330.47
1735146467, 34, 68, 80, 16, 1, 0.06%, 9, 0, 10, 371.55
1735146482, 34, 69, 80, 16, 1, 0.06%, 9, 0, 10, 380.47
1735146497, 34, 72, 80, 16, 1, 0.06%, 9, 0, 10, 405.73
1735146528, 34, 73, 80, 16, 1, 0.06%, 9, 0, 10, 385.62
1735146548, 34, 74, 80, 16, 1, 0.06%, 9, 0, 10, 383.53
1735146563, 34, 75, 80, 16, 1, 0.06%, 9, 0, 10, 314.75
1735146599, 35, 14, 80, 16, 1, 0.06%, 9, 0, 10, 295.09
1735146619, 35, 27, 80, 16, 1, 0.06%, 9, 0, 10, 379.60
1735146624, 35, 29, 80, 16, 1, 0.06%, 9, 0, 10, 333.88
1735146645, 35, 30, 80, 16, 1, 0.06%, 9, 0, 10, 354.70
1735146660, 35, 31, 80, 16, 1, 0.06%, 9, 0, 10, 313.36
1735146665, 35, 32, 80, 16, 1, 0.06%, 9, 0, 10, 356.43
1735146685, 35, 33, 80, 16, 1, 0.06%, 9, 0, 10, 396.37
1735146700, 35, 36, 80, 16, 1, 0.06%, 9, 0, 10, 386.05
1735146710, 35, 40, 80, 16, 1, 0.06%, 9, 0, 10, 358.76
1735146721, 35, 44, 80, 16, 1, 0.06%, 9, 0, 10, 356.44
1735146726, 35, 46, 80, 16, 1, 0.06%, 9, 0, 10, 353.16
1735146746, 35, 49, 80, 16, 1, 0.06%, 9, 0, 10, 441.23
1735146771, 35, 50, 80, 16, 1, 0.06%, 9, 0, 10, 450.38
1735146792, 35, 51, 80, 16, 1, 0.06%, 9, 0, 10, 324.00
1735146823, 35, 52, 80, 16, 1, 0.06%, 9, 0, 10, 333.07
1735146858, 35, 60, 80, 16, 1, 0.06%, 9, 0, 10, 419.25
1735146874, 35, 67, 80, 16, 1, 0.06%, 9, 0, 10, 360.83
1735146879, 35, 68, 80, 16, 1, 0.06%, 9, 0, 10, 335.99
1735146899, 35, 69, 80, 16, 1, 0.06%, 9, 0, 10, 380.91
1735146914, 35, 72, 80, 16, 1, 0.06%, 9, 0, 10, 386.52
1735146945, 35, 73, 80, 16, 1, 0.06%, 9, 0, 10, 338.82
1735146965, 35, 74, 80, 16, 1, 0.06%, 9, 0, 10, 339.53
1735146986, 35, 75, 80, 16, 1, 0.06%, 9, 0, 10, 298.29
