# unix_time, cycles_done, cur_path, paths_total, pending_total, pending_favs, map_size, unique_crashes, unique_hangs, max_depth, execs_per_sec
1735041535, 0, 0, 10, 10, 1, 0.00%, 0, 0, 1, 160.00
1735041540, 0, 4, 10, 10, 1, 0.00%, 0, 0, 1, 205.73
1735041546, 0, 5, 10, 9, 0, 0.00%, 0, 0, 1, 213.02
1735041551, 0, 6, 10, 8, 0, 0.00%, 0, 0, 1, 202.99
1735041561, 0, 7, 10, 7, 0, 0.00%, 0, 0, 1, 214.81
1735041566, 0, 8, 10, 6, 0, 0.00%, 0, 0, 1, 207.65
1735041571, 0, 9, 10, 5, 0, 0.00%, 0, 0, 1, 210.33
1735041581, 1, 0, 10, 4, 0, 0.00%, 0, 0, 1, 211.77
1735041592, 1, 1, 10, 3, 0, 0.00%, 0, 0, 1, 213.65
1735041597, 1, 2, 10, 2, 0, 0.00%, 0, 0, 1, 201.06
1735041607, 1, 3, 10, 1, 0, 0.00%, 0, 0, 1, 196.80
1735041617, 1, 4, 10, 0, 0, 0.00%, 0, 0, 1, 192.18
1735041627, 1, 5, 10, 0, 0, 0.00%, 0, 0, 1, 212.21
1735041632, 1, 7, 10, 0, 0, 0.00%, 0, 0, 1, 210.47
1735041637, 1, 8, 10, 0, 0, 0.00%, 0, 0, 1, 211.17
1735041643, 2, 0, 10, 0, 0, 0.00%, 0, 0, 1, 214.63
1735041648, 2, 1, 10, 0, 0, 0.00%, 0, 0, 1, 214.75
1735041653, 2, 3, 10, 0, 0, 0.00%, 0, 0, 1, 209.39
1735041658, 2, 4, 10, 0, 0, 0.00%, 0, 0, 1, 213.49
1735041663, 2, 6, 10, 0, 0, 0.00%, 0, 0, 1, 211.45
1735041668, 2, 7, 10, 0, 0, 0.00%, 0, 0, 1, 210.32
1735041673, 2, 8, 10, 0, 0, 0.00%, 0, 0, 1, 211.99
1735041678, 3, 0, 10, 0, 0, 0.00%, 0, 0, 1, 210.28
1735041683, 3, 1, 10, 0, 0, 0.00%, 0, 0, 1, 216.02
1735041688, 3, 3, 10, 0, 0, 0.00%, 0, 0, 1, 207.91
1735041693, 3, 4, 10, 0, 0, 0.00%, 0, 0, 1, 207.33
1735041698, 3, 6, 10, 0, 0, 0.00%, 0, 0, 1, 208.12
1735041703, 3, 7, 10, 0, 0, 0.00%, 0, 0, 1, 212.50
1735041708, 3, 9, 10, 0, 0, 0.00%, 0, 0, 1, 211.05
1735041713, 4, 0, 10, 0, 0, 0.00%, 0, 0, 1, 212.46
1735041719, 4, 2, 10, 0, 0, 0.00%, 0, 0, 1, 211.46
1735041724, 4, 3, 10, 0, 0, 0.00%, 0, 0, 1, 213.10
1735041729, 4, 5, 10, 0, 0, 0.00%, 0, 0, 1, 211.40
1735041734, 4, 6, 10, 0, 0, 0.00%, 0, 0, 1, 212.02
1735041739, 4, 7, 10, 0, 0, 0.00%, 0, 0, 1, 212.04
1735041744, 4, 9, 10, 0, 0, 0.00%, 0, 0, 1, 214.67
1735041749, 5, 0, 10, 0, 0, 0.00%, 0, 0, 1, 213.59
1735041754, 5, 2, 10, 0, 0, 0.00%, 0, 0, 1, 212.30
1735041759, 5, 4, 10, 0, 0, 0.00%, 0, 0, 1, 212.46
1735041764, 5, 5, 10, 0, 0, 0.00%, 0, 0, 1, 211.23
1735041769, 5, 6, 10, 0, 0, 0.00%, 0, 0, 1, 211.89
1735041775, 5, 8, 10, 0, 0, 0.00%, 0, 0, 1, 211.03
1735041780, 5, 9, 10, 0, 0, 0.00%, 0, 0, 1, 211.01
1735041785, 6, 1, 10, 0, 0, 0.00%, 0, 0, 1, 209.38
1735041790, 6, 2, 10, 0, 0, 0.00%, 0, 0, 1, 211.74
1735041795, 6, 4, 10, 0, 0, 0.00%, 0, 0, 1, 215.81
1735041800, 6, 5, 10, 0, 0, 0.00%, 0, 0, 1, 210.66
1735041805, 6, 7, 10, 0, 0, 0.00%, 0, 0, 1, 213.35
1735041810, 6, 8, 10, 0, 0, 0.00%, 0, 0, 1, 213.12
1735041815, 7, 0, 10, 0, 0, 0.00%, 0, 0, 1, 211.64
1735041820, 7, 1, 10, 0, 0, 0.00%, 0, 0, 1, 211.56
1735041825, 7, 3, 10, 0, 0, 0.00%, 0, 0, 1, 214.05
1735041830, 7, 4, 10, 0, 0, 0.00%, 0, 0, 1, 213.33
1735041835, 7, 5, 10, 0, 0, 0.00%, 0, 0, 1, 212.30
1735041840, 7, 7, 10, 0, 0, 0.00%, 0, 0, 1, 216.23
1735041845, 7, 8, 10, 0, 0, 0.00%, 0, 0, 1, 207.64
1735041850, 8, 0, 10, 0, 0, 0.00%, 0, 0, 1, 210.95
1735041855, 8, 1, 10, 0, 0, 0.00%, 0, 0, 1, 215.84
1735041860, 8, 3, 10, 0, 0, 0.00%, 0, 0, 1, 216.48
1735041866, 8, 4, 10, 0, 0, 0.00%, 0, 0, 1, 210.95
1735041871, 8, 6, 10, 0, 0, 0.00%, 0, 0, 1, 211.95
1735041876, 8, 7, 10, 0, 0, 0.00%, 0, 0, 1, 210.95
1735041881, 8, 9, 10, 0, 0, 0.00%, 0, 0, 1, 212.06
1735041886, 9, 0, 10, 0, 0, 0.00%, 0, 0, 1, 211.85
1735041891, 9, 2, 10, 0, 0, 0.00%, 0, 0, 1, 213.04
1735041896, 9, 3, 10, 0, 0, 0.00%, 0, 0, 1, 210.21
1735041901, 9, 5, 10, 0, 0, 0.00%, 0, 0, 1, 211.67
1735041906, 9, 6, 10, 0, 0, 0.00%, 0, 0, 1, 213.90
1735041912, 9, 8, 10, 0, 0, 0.00%, 0, 0, 1, 211.85
1735041917, 9, 9, 10, 0, 0, 0.00%, 0, 0, 1, 211.49
1735041922, 10, 0, 10, 0, 0, 0.00%, 0, 0, 1, 212.62
1735041927, 10, 2, 10, 0, 0, 0.00%, 0, 0, 1, 212.63
1735041932, 10, 4, 10, 0, 0, 0.00%, 0, 0, 1, 212.71
1735041937, 10, 5, 11, 1, 0, 0.05%, 1, 0, 2, 213.32
1735041942, 10, 10, 13, 3, 1, 0.05%, 3, 0, 3, 216.67
1735041963, 10, 10, 14, 4, 1, 0.05%, 4, 0, 3, 223.05
1735042070, 10, 12, 16, 5, 3, 0.06%, 5, 0, 4, 239.21
1735042080, 10, 12, 18, 7, 3, 0.06%, 5, 0, 4, 283.48
1735042085, 10, 12, 19, 8, 3, 0.06%, 6, 0, 4, 279.34
1735042095, 10, 12, 20, 9, 3, 0.06%, 6, 0, 4, 277.91
1735042120, 10, 12, 21, 10, 3, 0.06%, 6, 0, 4, 281.06
1735042131, 10, 12, 23, 12, 3, 0.06%, 7, 0, 4, 276.07
1735042136, 10, 12, 24, 13, 3, 0.06%, 7, 0, 4, 276.15
1735042141, 10, 12, 25, 14, 3, 0.06%, 7, 0, 4, 277.44
1735042171, 10, 18, 26, 14, 5, 0.06%, 7, 0, 5, 261.80
1735042181, 10, 18, 27, 15, 5, 0.06%, 7, 0, 5, 277.94
1735042201, 10, 18, 28, 16, 5, 0.06%, 7, 0, 5, 280.98
1735042226, 10, 18, 29, 17, 5, 0.06%, 7, 0, 5, 276.32
1735042252, 10, 18, 30, 18, 5, 0.06%, 7, 0, 5, 268.44
1735042277, 10, 18, 35, 23, 5, 0.06%, 8, 0, 5, 255.06
1735042287, 10, 33, 36, 23, 5, 0.06%, 9, 0, 6, 306.82
1735042302, 10, 33, 37, 24, 5, 0.06%, 9, 0, 6, 372.24
1735042307, 10, 33, 40, 27, 5, 0.06%, 9, 0, 6, 334.15
1735042317, 10, 33, 41, 28, 5, 0.06%, 9, 0, 6, 325.34
1735042323, 10, 33, 42, 29, 5, 0.06%, 9, 0, 6, 326.60
1735042333, 10, 33, 44, 31, 5, 0.06%, 9, 0, 6, 315.36
1735042358, 10, 33, 45, 32, 5, 0.06%, 9, 0, 6, 326.29
1735042399, 11, 22, 45, 31, 6, 0.06%, 9, 0, 6, 401.24
1735042404, 11, 22, 46, 32, 6, 0.06%, 9, 0, 6, 473.35
1735042409, 11, 22, 47, 33, 6, 0.06%, 9, 0, 6, 490.23
1735042429, 11, 22, 48, 34, 6, 0.06%, 9, 0, 6, 490.45
1735042464, 11, 22, 49, 35, 6, 0.06%, 9, 0, 6, 467.75
1735042469, 11, 22, 50, 36, 6, 0.06%, 9, 0, 6, 345.23
1735042479, 11, 35, 50, 35, 5, 0.06%, 9, 0, 6, 352.45
1735042525, 11, 35, 51, 36, 5, 0.06%, 9, 0, 7, 340.66
1735042535, 12, 13, 51, 35, 4, 0.06%, 9, 0, 7, 430.06
1735042540, 12, 13, 52, 36, 4, 0.06%, 9, 0, 7, 461.81
1735042551, 12, 13, 53, 37, 4, 0.06%, 9, 0, 7, 484.08
1735042576, 12, 23, 53, 36, 3, 0.06%, 9, 0, 7, 391.51
1735042581, 12, 23, 54, 37, 3, 0.06%, 9, 0, 7, 408.40
1735042586, 12, 23, 55, 38, 3, 0.06%, 9, 0, 7, 423.72
1735042591, 12, 23, 56, 39, 3, 0.06%, 9, 0, 7, 424.18
1735042667, 12, 45, 56, 38, 3, 0.06%, 9, 0, 7, 372.78
1735042697, 12, 51, 56, 37, 3, 0.06%, 9, 0, 7, 398.55
1735042718, 12, 51, 57, 38, 3, 0.06%, 9, 0, 7, 481.73
1735042748, 12, 52, 57, 37, 2, 0.06%, 9, 0, 7, 418.53
1735042778, 12, 56, 57, 36, 2, 0.06%, 9, 0, 7, 271.24
1735042840, 12, 56, 58, 37, 2, 0.06%, 9, 0, 7, 544.05
1735042845, 12, 56, 59, 38, 2, 0.06%, 9, 0, 7, 503.26
1735042850, 12, 56, 60, 39, 2, 0.06%, 9, 0, 7, 491.82
1735042860, 12, 56, 61, 40, 2, 0.06%, 9, 0, 7, 490.48
1735042880, 12, 56, 63, 42, 2, 0.06%, 9, 0, 7, 489.12
1735042921, 13, 22, 63, 41, 2, 0.06%, 9, 0, 7, 435.08
1735042936, 13, 35, 63, 41, 2, 0.06%, 9, 0, 7, 323.23
1735042946, 13, 35, 64, 42, 2, 0.06%, 9, 0, 7, 307.51
1735042956, 13, 38, 64, 42, 2, 0.06%, 9, 0, 7, 343.90
1735043012, 13, 45, 64, 41, 2, 0.06%, 9, 0, 7, 396.06
1735043033, 13, 46, 64, 41, 2, 0.06%, 9, 0, 7, 215.15
1735043578, 13, 46, 65, 42, 2, 0.06%, 9, 0, 7, 504.76
1735043583, 13, 46, 66, 43, 2, 0.06%, 9, 0, 7, 494.59
1735043593, 13, 46, 67, 44, 2, 0.06%, 9, 0, 7, 500.12
1735043598, 13, 46, 68, 45, 2, 0.06%, 9, 0, 7, 497.51
1735043654, 13, 50, 68, 44, 2, 0.06%, 9, 0, 7, 446.89
1735043935, 13, 53, 68, 43, 2, 0.06%, 9, 0, 7, 366.08
1735043955, 13, 53, 69, 44, 2, 0.06%, 9, 0, 7, 435.51
1735043986, 13, 68, 70, 44, 2, 0.06%, 9, 0, 7, 302.81
1735044210, 14, 13, 70, 43, 2, 0.06%, 9, 0, 7, 350.13
1735044215, 14, 35, 70, 43, 2, 0.06%, 9, 0, 7, 327.12
1735044225, 14, 38, 70, 43, 2, 0.06%, 9, 0, 7, 337.57
1735044241, 14, 40, 70, 43, 2, 0.06%, 9, 0, 7, 363.09
1735044271, 14, 40, 71, 44, 2, 0.06%, 9, 0, 7, 320.56
1735044322, 14, 43, 71, 43, 2, 0.06%, 9, 0, 7, 350.00
1735044358, 14, 51, 71, 42, 2, 0.06%, 9, 0, 7, 426.39
1735044373, 14, 52, 71, 42, 2, 0.06%, 9, 0, 7, 441.20
1735044388, 14, 56, 71, 42, 2, 0.06%, 9, 0, 7, 384.75
1735044409, 14, 57, 71, 42, 2, 0.06%, 9, 0, 7, 388.01
1735044495, 14, 58, 71, 41, 2, 0.06%, 9, 0, 7, 399.40
1735044531, 14, 59, 71, 40, 2, 0.06%, 9, 0, 7, 451.74
1735044597, 14, 60, 71, 39, 2, 0.06%, 9, 0, 7, 302.44
1735044751, 14, 61, 71, 38, 2, 0.06%, 9, 0, 7, 421.68
1735044823, 14, 62, 71, 37, 2, 0.06%, 9, 0, 7, 399.95
1735044889, 14, 63, 71, 36, 2, 0.06%, 9, 0, 7, 300.91
1735044894, 14, 63, 73, 38, 2, 0.06%, 9, 0, 8, 371.82
1735044991, 14, 64, 73, 37, 2, 0.06%, 9, 0, 8, 370.49
1735045292, 14, 65, 73, 36, 2, 0.06%, 9, 0, 8, 258.58
1735046052, 15, 13, 73, 35, 2, 0.06%, 9, 0, 8, 335.84
1735046057, 15, 51, 73, 35, 2, 0.06%, 9, 0, 8, 389.25
1735046078, 15, 52, 73, 35, 2, 0.06%, 9, 0, 8, 431.46
1735046093, 15, 56, 73, 35, 2, 0.06%, 9, 0, 8, 397.28
1735046108, 15, 57, 73, 35, 2, 0.06%, 9, 0, 8, 317.57
1735046128, 15, 58, 73, 35, 2, 0.06%, 9, 0, 8, 419.14
1735046143, 15, 59, 73, 35, 2, 0.06%, 9, 0, 8, 329.21
1735046159, 15, 60, 73, 35, 2, 0.06%, 9, 0, 8, 391.59
1735046179, 15, 61, 73, 35, 2, 0.06%, 9, 0, 8, 365.89
1735046194, 15, 62, 73, 35, 2, 0.06%, 9, 0, 8, 310.84
1735046215, 16, 51, 73, 35, 2, 0.06%, 9, 0, 8, 351.45
1735046220, 16, 52, 73, 35, 2, 0.06%, 9, 0, 8, 384.60
1735046225, 16, 56, 73, 35, 2, 0.06%, 9, 0, 8, 386.12
1735046230, 16, 57, 73, 35, 2, 0.06%, 9, 0, 8, 359.44
1735046245, 16, 58, 73, 35, 2, 0.06%, 9, 0, 8, 379.09
1735046266, 16, 59, 73, 35, 2, 0.06%, 9, 0, 8, 435.55
1735046281, 16, 60, 73, 35, 2, 0.06%, 9, 0, 8, 294.55
1735046301, 16, 61, 73, 35, 2, 0.06%, 9, 0, 8, 444.38
1735046317, 16, 62, 73, 35, 2, 0.06%, 9, 0, 8, 431.67
1735046332, 16, 63, 73, 35, 2, 0.06%, 9, 0, 8, 316.09
1735046352, 16, 64, 73, 35, 2, 0.06%, 9, 0, 8, 282.85
1735046383, 16, 65, 73, 35, 2, 0.06%, 9, 0, 8, 481.27
1735046413, 16, 66, 73, 35, 2, 0.06%, 9, 0, 8, 357.84
1735046633, 16, 67, 73, 34, 2, 0.06%, 9, 0, 8, 308.35
1735047029, 16, 68, 73, 33, 2, 0.06%, 9, 0, 8, 340.64
1735047239, 16, 68, 74, 34, 2, 0.06%, 9, 0, 8, 364.51
1735047244, 16, 70, 74, 34, 2, 0.06%, 9, 0, 8, 366.24
1735047305, 16, 70, 75, 35, 2, 0.06%, 9, 0, 8, 500.54
1735047341, 16, 71, 75, 34, 2, 0.06%, 9, 0, 8, 398.51
1735047438, 16, 71, 76, 35, 2, 0.06%, 9, 0, 9, 389.04
1735047453, 16, 72, 76, 34, 2, 0.06%, 9, 0, 9, 351.83
1735047559, 16, 73, 76, 33, 2, 0.06%, 9, 0, 9, 311.49
1735047666, 16, 75, 76, 32, 2, 0.06%, 9, 0, 9, 389.14
1735047783, 17, 13, 76, 31, 2, 0.06%, 9, 0, 9, 351.39
1735047788, 17, 51, 76, 31, 2, 0.06%, 9, 0, 9, 362.69
1735047793, 17, 56, 76, 31, 2, 0.06%, 9, 0, 9, 356.43
1735047798, 17, 57, 76, 31, 2, 0.06%, 9, 0, 9, 376.97
1735047808, 17, 59, 76, 31, 2, 0.06%, 9, 0, 9, 345.28
1735047813, 17, 60, 76, 31, 2, 0.06%, 9, 0, 9, 362.25
1735047823, 17, 61, 76, 31, 2, 0.06%, 9, 0, 9, 378.04
1735047828, 17, 62, 76, 31, 2, 0.06%, 9, 0, 9, 372.05
1735047833, 18, 51, 76, 31, 2, 0.06%, 9, 0, 9, 367.72
1735047838, 18, 52, 76, 31, 2, 0.06%, 9, 0, 9, 351.89
1735047843, 18, 56, 76, 31, 2, 0.06%, 9, 0, 9, 345.77
1735047849, 18, 57, 76, 31, 2, 0.06%, 9, 0, 9, 333.10
1735047854, 18, 58, 76, 31, 2, 0.06%, 9, 0, 9, 347.98
1735047859, 18, 59, 76, 31, 2, 0.06%, 9, 0, 9, 351.24
1735047864, 18, 60, 76, 31, 2, 0.06%, 9, 0, 9, 371.37
1735047874, 18, 61, 76, 31, 2, 0.06%, 9, 0, 9, 376.71
1735047879, 18, 62, 76, 31, 2, 0.06%, 9, 0, 9, 370.05
1735047884, 19, 51, 76, 31, 2, 0.06%, 9, 0, 9, 364.02
1735047889, 19, 52, 76, 31, 2, 0.06%, 9, 0, 9, 352.83
1735047894, 19, 56, 76, 31, 2, 0.06%, 9, 0, 9, 364.48
1735047899, 19, 57, 76, 31, 2, 0.06%, 9, 0, 9, 369.85
1735047904, 19, 58, 76, 31, 2, 0.06%, 9, 0, 9, 372.91
1735047909, 19, 59, 76, 31, 2, 0.06%, 9, 0, 9, 386.20
1735047915, 19, 60, 76, 31, 2, 0.06%, 9, 0, 9, 364.54
1735047920, 19, 61, 76, 31, 2, 0.06%, 9, 0, 9, 361.00
1735047925, 19, 62, 76, 31, 2, 0.06%, 9, 0, 9, 361.15
1735047930, 20, 13, 76, 31, 2, 0.06%, 9, 0, 9, 375.04
1735047935, 20, 52, 76, 31, 2, 0.06%, 9, 0, 9, 346.88
1735047940, 20, 56, 76, 31, 2, 0.06%, 9, 0, 9, 328.60
1735047950, 20, 57, 76, 31, 2, 0.06%, 9, 0, 9, 347.93
1735047955, 20, 59, 76, 31, 2, 0.06%, 9, 0, 9, 353.67
1735047960, 20, 60, 76, 31, 2, 0.06%, 9, 0, 9, 351.52
1735047970, 20, 61, 76, 31, 2, 0.06%, 9, 0, 9, 393.25
1735047975, 20, 62, 76, 31, 2, 0.06%, 9, 0, 9, 386.55
1735047980, 21, 51, 76, 31, 2, 0.06%, 9, 0, 9, 362.87
1735047985, 21, 52, 76, 31, 2, 0.06%, 9, 0, 9, 371.28
1735047990, 21, 56, 76, 31, 2, 0.06%, 9, 0, 9, 359.52
1735047996, 21, 57, 76, 31, 2, 0.06%, 9, 0, 9, 324.14
1735048001, 21, 58, 76, 31, 2, 0.06%, 9, 0, 9, 380.11
1735048006, 21, 59, 76, 31, 2, 0.06%, 9, 0, 9, 368.79
1735048011, 21, 60, 76, 31, 2, 0.06%, 9, 0, 9, 336.05
1735048021, 21, 61, 76, 31, 2, 0.06%, 9, 0, 9, 353.41
1735048026, 21, 62, 76, 31, 2, 0.06%, 9, 0, 9, 367.66
1735048031, 22, 51, 76, 31, 2, 0.06%, 9, 0, 9, 365.94
1735048036, 22, 52, 76, 31, 2, 0.06%, 9, 0, 9, 357.37
1735048041, 22, 56, 76, 31, 2, 0.06%, 9, 0, 9, 369.10
1735048046, 22, 57, 76, 31, 2, 0.06%, 9, 0, 9, 376.12
1735048051, 22, 58, 76, 31, 2, 0.06%, 9, 0, 9, 371.51
1735048056, 22, 59, 76, 31, 2, 0.06%, 9, 0, 9, 383.28
1735048061, 22, 60, 76, 31, 2, 0.06%, 9, 0, 9, 340.38
1735048067, 22, 61, 76, 31, 2, 0.06%, 9, 0, 9, 333.80
1735048072, 22, 62, 76, 31, 2, 0.06%, 9, 0, 9, 327.04
1735048077, 23, 13, 76, 31, 2, 0.06%, 9, 0, 9, 375.24
1735048082, 23, 51, 76, 31, 2, 0.06%, 9, 0, 9, 365.27
1735048087, 23, 56, 76, 31, 2, 0.06%, 9, 0, 9, 337.66
1735048097, 23, 57, 76, 31, 2, 0.06%, 9, 0, 9, 348.99
1735048102, 23, 59, 76, 31, 2, 0.06%, 9, 0, 9, 356.05
1735048112, 23, 60, 76, 31, 2, 0.06%, 9, 0, 9, 379.49
1735048117, 23, 61, 76, 31, 2, 0.06%, 9, 0, 9, 381.26
1735048122, 23, 62, 76, 31, 2, 0.06%, 9, 0, 9, 368.65
1735048127, 24, 13, 76, 31, 2, 0.06%, 9, 0, 9, 335.29
1735048132, 24, 52, 76, 31, 2, 0.06%, 9, 0, 9, 353.24
1735048137, 24, 56, 76, 31, 2, 0.06%, 9, 0, 9, 318.17
1735048142, 24, 57, 76, 31, 2, 0.06%, 9, 0, 9, 353.00
1735048153, 24, 59, 76, 31, 2, 0.06%, 9, 0, 9, 339.20
1735048158, 24, 60, 76, 31, 2, 0.06%, 9, 0, 9, 375.74
1735048168, 24, 61, 76, 31, 2, 0.06%, 9, 0, 9, 362.09
1735048173, 24, 62, 76, 31, 2, 0.06%, 9, 0, 9, 382.65
1735048178, 25, 51, 76, 31, 2, 0.06%, 9, 0, 9, 376.41
1735048183, 25, 52, 76, 31, 2, 0.06%, 9, 0, 9, 360.78
1735048188, 25, 56, 76, 31, 2, 0.06%, 9, 0, 9, 386.59
1735048193, 25, 57, 76, 31, 2, 0.06%, 9, 0, 9, 378.08
1735048199, 25, 58, 76, 31, 2, 0.06%, 9, 0, 9, 385.78
1735048204, 25, 59, 76, 31, 2, 0.06%, 9, 0, 9, 372.89
1735048209, 25, 60, 76, 31, 2, 0.06%, 9, 0, 9, 328.65
1735048214, 25, 61, 76, 31, 2, 0.06%, 9, 0, 9, 353.67
1735048219, 25, 62, 76, 31, 2, 0.06%, 9, 0, 9, 350.88
1735048224, 26, 13, 76, 31, 2, 0.06%, 9, 0, 9, 377.61
1735048229, 26, 51, 76, 31, 2, 0.06%, 9, 0, 9, 357.98
1735048234, 26, 56, 76, 31, 2, 0.06%, 9, 0, 9, 353.63
1735048244, 26, 57, 76, 31, 2, 0.06%, 9, 0, 9, 359.02
1735048249, 26, 58, 76, 31, 2, 0.06%, 9, 0, 9, 328.61
1735048254, 26, 59, 76, 31, 2, 0.06%, 9, 0, 9, 348.65
1735048259, 26, 60, 76, 31, 2, 0.06%, 9, 0, 9, 384.21
1735048264, 26, 61, 76, 31, 2, 0.06%, 9, 0, 9, 386.07
1735048269, 26, 62, 76, 31, 2, 0.06%, 9, 0, 9, 395.08
1735048274, 27, 51, 76, 31, 2, 0.06%, 9, 0, 9, 371.57
1735048279, 27, 52, 76, 31, 2, 0.06%, 9, 0, 9, 388.35
1735048284, 27, 56, 76, 31, 2, 0.06%, 9, 0, 9, 368.03
1735048290, 27, 57, 76, 31, 2, 0.06%, 9, 0, 9, 331.20
1735048295, 27, 58, 76, 31, 2, 0.06%, 9, 0, 9, 399.34
1735048300, 27, 59, 76, 31, 2, 0.06%, 9, 0, 9, 397.20
1735048305, 27, 60, 76, 31, 2, 0.06%, 9, 0, 9, 322.71
1735048315, 27, 61, 76, 31, 2, 0.06%, 9, 0, 9, 342.42
1735048320, 27, 62, 76, 31, 2, 0.06%, 9, 0, 9, 355.84
1735048325, 27, 63, 76, 31, 2, 0.06%, 9, 0, 9, 447.69
1735048340, 27, 64, 76, 31, 2, 0.06%, 9, 0, 9, 326.92
1735048361, 27, 65, 76, 31, 2, 0.06%, 9, 0, 9, 294.89
1735048396, 27, 66, 76, 31, 2, 0.06%, 9, 0, 9, 360.71
1735048417, 27, 67, 76, 31, 2, 0.06%, 9, 0, 9, 290.01
1735048437, 27, 68, 76, 31, 2, 0.06%, 9, 0, 9, 344.14
1735048462, 27, 70, 76, 31, 2, 0.06%, 9, 0, 9, 446.34
1735048478, 27, 71, 76, 31, 2, 0.06%, 9, 0, 9, 441.09
1735048503, 27, 72, 76, 31, 2, 0.06%, 9, 0, 9, 437.82
1735048528, 27, 73, 76, 31, 2, 0.06%, 9, 0, 9, 381.60
1735048543, 27, 74, 77, 32, 2, 0.06%, 9, 0, 9, 372.20
1735048646, 27, 75, 77, 31, 2, 0.06%, 9, 0, 9, 421.51
1735048758, 27, 76, 77, 31, 2, 0.06%, 9, 0, 9, 392.93
1735048814, 28, 14, 77, 30, 2, 0.06%, 9, 0, 9, 324.68
1735048854, 28, 18, 77, 29, 1, 0.06%, 9, 0, 9, 312.36
1735048874, 28, 20, 77, 29, 1, 0.06%, 9, 0, 9, 411.28
1735048910, 28, 22, 77, 28, 1, 0.06%, 9, 0, 9, 349.23
1735048915, 28, 25, 77, 28, 1, 0.06%, 9, 0, 9, 301.08
1735048956, 28, 26, 77, 27, 1, 0.06%, 9, 0, 9, 451.70
1735049022, 28, 27, 77, 26, 1, 0.06%, 9, 0, 9, 391.58
1735049052, 28, 28, 77, 25, 1, 0.06%, 9, 0, 9, 431.66
1735049103, 28, 29, 77, 24, 1, 0.06%, 9, 0, 9, 378.37
1735049138, 28, 30, 77, 23, 1, 0.06%, 9, 0, 9, 349.03
1735049153, 28, 30, 78, 24, 1, 0.06%, 9, 0, 9, 404.86
1735049189, 28, 31, 78, 23, 1, 0.06%, 9, 0, 9, 297.64
1735049224, 28, 32, 78, 22, 1, 0.06%, 9, 0, 9, 411.17
1735049260, 28, 33, 78, 21, 1, 0.06%, 9, 0, 9, 395.08
1735049286, 28, 34, 78, 21, 1, 0.06%, 9, 0, 9, 358.10
1735049362, 28, 35, 78, 20, 1, 0.06%, 9, 0, 9, 316.42
1735049367, 28, 38, 78, 20, 1, 0.06%, 9, 0, 9, 342.84
1735049377, 28, 40, 78, 20, 1, 0.06%, 9, 0, 9, 301.10
1735049398, 28, 43, 78, 20, 1, 0.06%, 9, 0, 9, 288.62
1735049418, 28, 44, 78, 20, 1, 0.06%, 9, 0, 9, 472.23
1735049469, 28, 45, 78, 19, 1, 0.06%, 9, 0, 9, 385.79
1735049479, 28, 46, 78, 19, 1, 0.06%, 9, 0, 9, 311.38
1735049505, 28, 47, 78, 19, 1, 0.06%, 9, 0, 9, 280.76
1735049777, 28, 48, 78, 18, 1, 0.06%, 9, 0, 9, 434.99
1735050018, 28, 49, 78, 17, 1, 0.06%, 9, 0, 9, 271.92
1735050264, 28, 50, 78, 16, 1, 0.06%, 9, 0, 9, 376.67
1735050536, 28, 51, 78, 16, 1, 0.06%, 9, 0, 9, 329.31
1735050541, 28, 52, 78, 16, 1, 0.06%, 9, 0, 9, 333.23
1735050547, 28, 56, 78, 16, 1, 0.06%, 9, 0, 9, 381.70
1735050552, 28, 57, 78, 16, 1, 0.06%, 9, 0, 9, 362.79
1735050557, 28, 58, 78, 16, 1, 0.06%, 9, 0, 9, 336.79
1735050562, 28, 59, 78, 16, 1, 0.06%, 9, 0, 9, 345.73
1735050567, 28, 60, 78, 16, 1, 0.06%, 9, 0, 9, 393.98
1735050572, 28, 61, 78, 16, 1, 0.06%, 9, 0, 9, 385.29
1735050577, 28, 62, 78, 16, 1, 0.06%, 9, 0, 9, 374.79
1735050582, 28, 64, 78, 16, 1, 0.06%, 9, 0, 9, 374.75
1735050597, 28, 65, 78, 16, 1, 0.06%, 9, 0, 9, 449.26
1735050623, 28, 66, 78, 16, 1, 0.06%, 9, 0, 9, 287.70
1735050643, 28, 67, 78, 16, 1, 0.06%, 9, 0, 9, 335.85
1735050664, 28, 73, 78, 16, 1, 0.06%, 9, 0, 9, 387.89
1735050684, 28, 75, 78, 16, 1, 0.06%, 9, 0, 9, 386.15
1735050710, 29, 18, 78, 16, 1, 0.06%, 9, 0, 9, 325.92
1735050720, 29, 22, 78, 16, 1, 0.06%, 9, 0, 9, 344.26
1735050725, 29, 25, 78, 16, 1, 0.06%, 9, 0, 9, 343.21
1735050745, 29, 26, 78, 16, 1, 0.06%, 9, 0, 9, 372.88
1735050761, 29, 27, 78, 16, 1, 0.06%, 9, 0, 9, 372.14
1735050781, 29, 28, 78, 16, 1, 0.06%, 9, 0, 9, 306.32
1735050802, 29, 29, 78, 16, 1, 0.06%, 9, 0, 9, 404.85
1735050817, 29, 45, 78, 16, 1, 0.06%, 9, 0, 9, 348.25
1735050827, 29, 46, 78, 16, 1, 0.06%, 9, 0, 9, 325.50
1735050843, 29, 47, 78, 16, 1, 0.06%, 9, 0, 9, 451.09
1735050863, 29, 51, 78, 16, 1, 0.06%, 9, 0, 9, 366.88
1735050868, 29, 52, 78, 16, 1, 0.06%, 9, 0, 9, 368.71
1735050873, 29, 56, 78, 16, 1, 0.06%, 9, 0, 9, 362.00
1735050878, 29, 57, 78, 16, 1, 0.06%, 9, 0, 9, 328.04
1735050883, 29, 58, 78, 16, 1, 0.06%, 9, 0, 9, 359.65
1735050888, 29, 59, 78, 16, 1, 0.06%, 9, 0, 9, 347.82
1735050893, 29, 60, 78, 16, 1, 0.06%, 9, 0, 9, 347.55
1735050903, 29, 61, 78, 16, 1, 0.06%, 9, 0, 9, 383.49
1735050908, 29, 62, 78, 16, 1, 0.06%, 9, 0, 9, 368.41
1735050914, 29, 64, 78, 16, 1, 0.06%, 9, 0, 9, 272.64
1735050924, 29, 73, 78, 16, 1, 0.06%, 9, 0, 9, 397.66
1735050939, 29, 75, 78, 16, 1, 0.06%, 9, 0, 9, 325.38
1735050964, 30, 13, 78, 16, 1, 0.06%, 9, 0, 9, 374.53
1735050969, 30, 18, 78, 16, 1, 0.06%, 9, 0, 9, 331.17
1735050975, 30, 25, 78, 16, 1, 0.06%, 9, 0, 9, 311.39
1735050985, 30, 26, 78, 16, 1, 0.06%, 9, 0, 9, 302.79
1735050995, 30, 27, 78, 16, 1, 0.06%, 9, 0, 9, 374.93
1735051005, 30, 28, 78, 16, 1, 0.06%, 9, 0, 9, 306.26
1735051015, 30, 29, 78, 16, 1, 0.06%, 9, 0, 9, 349.46
1735051020, 30, 51, 78, 16, 1, 0.06%, 9, 0, 9, 358.75
1735051025, 30, 52, 78, 16, 1, 0.06%, 9, 0, 9, 364.87
1735051030, 30, 56, 78, 16, 1, 0.06%, 9, 0, 9, 378.56
1735051035, 30, 57, 78, 16, 1, 0.06%, 9, 0, 9, 373.14
1735051040, 30, 58, 78, 16, 1, 0.06%, 9, 0, 9, 390.37
1735051045, 30, 59, 78, 16, 1, 0.06%, 9, 0, 9, 385.70
1735051051, 30, 60, 78, 16, 1, 0.06%, 9, 0, 9, 305.77
1735051056, 30, 61, 78, 16, 1, 0.06%, 9, 0, 9, 350.65
1735051066, 30, 62, 78, 16, 1, 0.06%, 9, 0, 9, 347.45
1735051071, 30, 64, 78, 16, 1, 0.06%, 9, 0, 9, 274.58
1735051081, 30, 73, 78, 16, 1, 0.06%, 9, 0, 9, 325.39
1735051086, 30, 75, 78, 16, 1, 0.06%, 9, 0, 9, 355.05
1735051091, 31, 13, 78, 16, 1, 0.06%, 9, 0, 9, 350.29
1735051096, 31, 18, 78, 16, 1, 0.06%, 9, 0, 9, 309.22
1735051102, 31, 25, 78, 16, 1, 0.06%, 9, 0, 9, 319.19
1735051107, 31, 26, 78, 16, 1, 0.06%, 9, 0, 9, 356.95
1735051117, 31, 27, 78, 16, 1, 0.06%, 9, 0, 9, 373.92
1735051127, 31, 28, 78, 16, 1, 0.06%, 9, 0, 9, 310.69
1735051137, 31, 29, 78, 16, 1, 0.06%, 9, 0, 9, 351.85
1735051142, 31, 51, 78, 16, 1, 0.06%, 9, 0, 9, 353.02
1735051147, 31, 52, 78, 16, 1, 0.06%, 9, 0, 9, 338.73
1735051152, 31, 56, 78, 16, 1, 0.06%, 9, 0, 9, 349.46
1735051157, 31, 57, 78, 16, 1, 0.06%, 9, 0, 9, 372.55
1735051162, 31, 58, 78, 16, 1, 0.06%, 9, 0, 9, 368.93
1735051167, 31, 59, 78, 16, 1, 0.06%, 9, 0, 9, 377.14
1735051172, 31, 60, 78, 16, 1, 0.06%, 9, 0, 9, 363.78
1735051177, 31, 61, 78, 16, 1, 0.06%, 9, 0, 9, 372.76
1735051182, 31, 62, 78, 16, 1, 0.06%, 9, 0, 9, 395.56
1735051188, 31, 64, 78, 16, 1, 0.06%, 9, 0, 9, 384.22
1735051198, 31, 73, 78, 16, 1, 0.06%, 9, 0, 9, 340.24
1735051203, 31, 75, 78, 16, 1, 0.06%, 9, 0, 9, 311.36
1735051213, 32, 18, 78, 16, 1, 0.06%, 9, 0, 9, 329.71
1735051218, 32, 25, 78, 16, 1, 0.06%, 9, 0, 9, 322.44
1735051223, 32, 26, 78, 16, 1, 0.06%, 9, 0, 9, 316.12
1735051228, 32, 27, 78, 16, 1, 0.06%, 9, 0, 9, 328.15
1735051233, 32, 28, 78, 16, 1, 0.06%, 9, 0, 9, 313.25
1735051238, 32, 29, 78, 16, 1, 0.06%, 9, 0, 9, 310.06
1735051244, 32, 52, 78, 16, 1, 0.06%, 9, 0, 9, 368.36
1735051249, 32, 56, 78, 16, 1, 0.06%, 9, 0, 9, 309.19
1735051254, 32, 57, 78, 16, 1, 0.06%, 9, 0, 9, 342.97
1735051259, 32, 58, 78, 16, 1, 0.06%, 9, 0, 9, 352.41
1735051264, 32, 59, 78, 16, 1, 0.06%, 9, 0, 9, 338.93
1735051269, 32, 60, 78, 16, 1, 0.06%, 9, 0, 9, 382.55
1735051279, 32, 61, 78, 16, 1, 0.06%, 9, 0, 9, 367.27
1735051284, 32, 62, 78, 16, 1, 0.06%, 9, 0, 9, 361.51
1735051289, 32, 64, 78, 16, 1, 0.06%, 9, 0, 9, 295.26
1735051300, 32, 73, 78, 16, 1, 0.06%, 9, 0, 9, 344.96
1735051305, 32, 75, 78, 16, 1, 0.06%, 9, 0, 9, 376.93
1735051310, 33, 13, 78, 16, 1, 0.06%, 9, 0, 9, 346.35
1735051315, 33, 18, 78, 16, 1, 0.06%, 9, 0, 9, 318.83
1735051320, 33, 25, 78, 16, 1, 0.06%, 9, 0, 9, 307.65
1735051325, 33, 26, 78, 16, 1, 0.06%, 9, 0, 9, 316.37
1735051330, 33, 51, 78, 16, 1, 0.06%, 9, 0, 9, 322.71
1735051335, 33, 52, 78, 16, 1, 0.06%, 9, 0, 9, 368.35
1735051340, 33, 56, 78, 16, 1, 0.06%, 9, 0, 9, 329.51
1735051345, 33, 57, 78, 16, 1, 0.06%, 9, 0, 9, 344.22
1735051350, 33, 58, 78, 16, 1, 0.06%, 9, 0, 9, 380.34
1735051355, 33, 59, 78, 16, 1, 0.06%, 9, 0, 9, 364.77
1735051360, 33, 60, 78, 16, 1, 0.06%, 9, 0, 9, 337.19
1735051371, 33, 61, 78, 16, 1, 0.06%, 9, 0, 9, 362.29
1735051376, 33, 62, 78, 16, 1, 0.06%, 9, 0, 9, 340.93
1735051381, 34, 51, 78, 16, 1, 0.06%, 9, 0, 9, 360.86
1735051386, 34, 52, 78, 16, 1, 0.06%, 9, 0, 9, 368.59
1735051391, 34, 56, 78, 16, 1, 0.06%, 9, 0, 9, 372.22
1735051396, 34, 57, 78, 16, 1, 0.06%, 9, 0, 9, 372.26
1735051401, 34, 58, 78, 16, 1, 0.06%, 9, 0, 9, 371.83
1735051406, 34, 59, 78, 16, 1, 0.06%, 9, 0, 9, 362.49
1735051411, 34, 60, 78, 16, 1, 0.06%, 9, 0, 9, 346.52
1735051416, 34, 61, 78, 16, 1, 0.06%, 9, 0, 9, 368.25
1735051421, 34, 62, 78, 16, 1, 0.06%, 9, 0, 9, 344.45
1735051427, 35, 13, 78, 16, 1, 0.06%, 9, 0, 9, 366.56
1735051432, 35, 52, 78, 16, 1, 0.06%, 9, 0, 9, 365.03
1735051437, 35, 56, 78, 16, 1, 0.06%, 9, 0, 9, 325.49
1735051442, 35, 57, 78, 16, 1, 0.06%, 9, 0, 9, 326.40
1735051452, 35, 59, 78, 16, 1, 0.06%, 9, 0, 9, 358.68
1735051457, 35, 60, 78, 16, 1, 0.06%, 9, 0, 9, 410.79
1735051467, 35, 61, 78, 16, 1, 0.06%, 9, 0, 9, 365.66
1735051472, 35, 62, 78, 16, 1, 0.06%, 9, 0, 9, 379.95
1735051477, 36, 51, 78, 16, 1, 0.06%, 9, 0, 9, 381.12
1735051482, 36, 52, 78, 16, 1, 0.06%, 9, 0, 9, 367.36
1735051487, 36, 56, 78, 16, 1, 0.06%, 9, 0, 9, 372.32
1735051493, 36, 57, 78, 16, 1, 0.06%, 9, 0, 9, 372.90
1735051498, 36, 58, 78, 16, 1, 0.06%, 9, 0, 9, 390.04
1735051503, 36, 59, 78, 16, 1, 0.06%, 9, 0, 9, 385.76
1735051508, 36, 60, 78, 16, 1, 0.06%, 9, 0, 9, 308.70
1735051518, 36, 61, 78, 16, 1, 0.06%, 9, 0, 9, 335.25
1735051523, 36, 62, 78, 16, 1, 0.06%, 9, 0, 9, 374.63
1735051528, 37, 51, 78, 16, 1, 0.06%, 9, 0, 9, 365.32
1735051533, 37, 52, 78, 16, 1, 0.06%, 9, 0, 9, 339.07
1735051538, 37, 56, 78, 16, 1, 0.06%, 9, 0, 9, 374.44
1735051543, 37, 57, 78, 16, 1, 0.06%, 9, 0, 9, 375.31
1735051548, 37, 58, 78, 16, 1, 0.06%, 9, 0, 9, 353.52
1735051553, 37, 59, 78, 16, 1, 0.06%, 9, 0, 9, 356.56
1735051558, 37, 60, 78, 16, 1, 0.06%, 9, 0, 9, 294.86
1735051563, 37, 61, 78, 16, 1, 0.06%, 9, 0, 9, 356.86
1735051568, 37, 62, 78, 16, 1, 0.06%, 9, 0, 9, 357.05
1735051573, 38, 13, 78, 16, 1, 0.06%, 9, 0, 9, 366.55
1735051578, 38, 51, 78, 16, 1, 0.06%, 9, 0, 9, 342.40
1735051583, 38, 52, 78, 16, 1, 0.06%, 9, 0, 9, 351.17
1735051588, 38, 56, 78, 16, 1, 0.06%, 9, 0, 9, 382.56
1735051594, 38, 57, 78, 16, 1, 0.06%, 9, 0, 9, 364.12
1735051599, 38, 58, 78, 16, 1, 0.06%, 9, 0, 9, 342.51
1735051604, 38, 59, 78, 16, 1, 0.06%, 9, 0, 9, 346.16
1735051609, 38, 60, 78, 16, 1, 0.06%, 9, 0, 9, 379.22
1735051614, 38, 61, 78, 16, 1, 0.06%, 9, 0, 9, 359.38
1735051619, 38, 62, 78, 16, 1, 0.06%, 9, 0, 9, 369.76
1735051624, 39, 13, 78, 16, 1, 0.06%, 9, 0, 9, 370.97
1735051629, 39, 52, 78, 16, 1, 0.06%, 9, 0, 9, 363.56
1735051634, 39, 56, 78, 16, 1, 0.06%, 9, 0, 9, 311.55
1735051639, 39, 57, 78, 16, 1, 0.06%, 9, 0, 9, 356.98
1735051644, 39, 58, 78, 16, 1, 0.06%, 9, 0, 9, 353.22
1735051649, 39, 59, 78, 16, 1, 0.06%, 9, 0, 9, 363.13
1735051654, 39, 60, 78, 16, 1, 0.06%, 9, 0, 9, 360.60
1735051665, 39, 61, 78, 16, 1, 0.06%, 9, 0, 9, 364.88
1735051670, 39, 62, 78, 16, 1, 0.06%, 9, 0, 9, 366.89
1735051675, 40, 51, 78, 16, 1, 0.06%, 9, 0, 9, 354.99
1735051680, 40, 52, 78, 16, 1, 0.06%, 9, 0, 9, 354.86
1735051685, 40, 56, 78, 16, 1, 0.06%, 9, 0, 9, 364.77
1735051690, 40, 57, 78, 16, 1, 0.06%, 9, 0, 9, 393.24
1735051695, 40, 58, 78, 16, 1, 0.06%, 9, 0, 9, 364.36
1735051700, 40, 59, 78, 16, 1, 0.06%, 9, 0, 9, 363.35
1735051705, 40, 60, 78, 16, 1, 0.06%, 9, 0, 9, 322.74
1735051710, 40, 61, 78, 16, 1, 0.06%, 9, 0, 9, 347.39
1735051715, 40, 62, 78, 16, 1, 0.06%, 9, 0, 9, 343.92
1735051725, 41, 51, 78, 16, 1, 0.06%, 9, 0, 9, 372.15
1735051730, 41, 52, 78, 16, 1, 0.06%, 9, 0, 9, 338.32
1735051735, 41, 56, 78, 16, 1, 0.06%, 9, 0, 9, 360.68
1735051740, 41, 57, 78, 16, 1, 0.06%, 9, 0, 9, 390.69
1735051745, 41, 58, 78, 16, 1, 0.06%, 9, 0, 9, 358.26
1735051750, 41, 59, 78, 16, 1, 0.06%, 9, 0, 9, 386.48
1735051756, 41, 60, 78, 16, 1, 0.06%, 9, 0, 9, 386.63
1735051761, 41, 61, 78, 16, 1, 0.06%, 9, 0, 9, 378.91
1735051766, 41, 62, 78, 16, 1, 0.06%, 9, 0, 9, 387.29
1735051771, 42, 51, 78, 16, 1, 0.06%, 9, 0, 9, 357.47
1735051776, 42, 52, 78, 16, 1, 0.06%, 9, 0, 9, 392.80
1735051781, 42, 56, 78, 16, 1, 0.06%, 9, 0, 9, 333.07
1735051786, 42, 57, 78, 16, 1, 0.06%, 9, 0, 9, 337.06
1735051791, 42, 58, 78, 16, 1, 0.06%, 9, 0, 9, 364.39
1735051796, 42, 59, 78, 16, 1, 0.06%, 9, 0, 9, 349.64
1735051801, 42, 60, 78, 16, 1, 0.06%, 9, 0, 9, 359.82
1735051812, 42, 61, 78, 16, 1, 0.06%, 9, 0, 9, 341.17
1735051817, 42, 62, 78, 16, 1, 0.06%, 9, 0, 9, 361.45
1735051822, 43, 51, 78, 16, 1, 0.06%, 9, 0, 9, 361.20
1735051827, 43, 52, 78, 16, 1, 0.06%, 9, 0, 9, 356.90
1735051832, 43, 56, 78, 16, 1, 0.06%, 9, 0, 9, 360.76
1735051837, 43, 57, 78, 16, 1, 0.06%, 9, 0, 9, 385.35
1735051842, 43, 58, 78, 16, 1, 0.06%, 9, 0, 9, 366.91
1735051847, 43, 59, 78, 16, 1, 0.06%, 9, 0, 9, 371.12
1735051852, 43, 60, 78, 16, 1, 0.06%, 9, 0, 9, 292.66
1735051857, 43, 61, 78, 16, 1, 0.06%, 9, 0, 9, 366.95
1735051862, 43, 62, 78, 16, 1, 0.06%, 9, 0, 9, 354.90
1735051873, 44, 51, 78, 16, 1, 0.06%, 9, 0, 9, 355.23
1735051878, 44, 52, 78, 16, 1, 0.06%, 9, 0, 9, 340.48
1735051883, 44, 56, 78, 16, 1, 0.06%, 9, 0, 9, 380.58
1735051888, 44, 57, 78, 16, 1, 0.06%, 9, 0, 9, 392.88
1735051893, 44, 58, 78, 16, 1, 0.06%, 9, 0, 9, 357.97
1735051898, 44, 59, 78, 16, 1, 0.06%, 9, 0, 9, 360.77
1735051903, 44, 60, 78, 16, 1, 0.06%, 9, 0, 9, 382.66
1735051908, 44, 61, 78, 16, 1, 0.06%, 9, 0, 9, 389.43
1735051913, 44, 62, 78, 16, 1, 0.06%, 9, 0, 9, 381.50
1735051918, 45, 13, 78, 16, 1, 0.06%, 9, 0, 9, 353.03
1735051923, 45, 52, 78, 16, 1, 0.06%, 9, 0, 9, 384.03
1735051928, 45, 56, 78, 16, 1, 0.06%, 9, 0, 9, 333.67
1735051933, 45, 57, 78, 16, 1, 0.06%, 9, 0, 9, 329.64
1735051938, 45, 58, 78, 16, 1, 0.06%, 9, 0, 9, 364.80
1735051943, 45, 59, 78, 16, 1, 0.06%, 9, 0, 9, 330.51
1735051949, 45, 60, 78, 16, 1, 0.06%, 9, 0, 9, 384.75
1735051959, 45, 61, 78, 16, 1, 0.06%, 9, 0, 9, 356.68
1735051964, 45, 62, 78, 16, 1, 0.06%, 9, 0, 9, 373.13
1735051969, 46, 51, 78, 16, 1, 0.06%, 9, 0, 9, 379.77
1735051974, 46, 52, 78, 16, 1, 0.06%, 9, 0, 9, 368.83
1735051979, 46, 56, 78, 16, 1, 0.06%, 9, 0, 9, 367.83
1735051984, 46, 57, 78, 16, 1, 0.06%, 9, 0, 9, 358.51
1735051989, 46, 58, 78, 16, 1, 0.06%, 9, 0, 9, 379.23
1735051994, 46, 59, 78, 16, 1, 0.06%, 9, 0, 9, 376.73
1735052000, 46, 60, 78, 16, 1, 0.06%, 9, 0, 9, 325.48
1735052010, 46, 61, 78, 16, 1, 0.06%, 9, 0, 9, 359.63
1735052015, 46, 62, 78, 16, 1, 0.06%, 9, 0, 9, 361.31
1735052020, 47, 51, 78, 16, 1, 0.06%, 9, 0, 9, 372.28
1735052025, 47, 52, 78, 16, 1, 0.06%, 9, 0, 9, 341.12
1735052030, 47, 56, 78, 16, 1, 0.06%, 9, 0, 9, 365.17
1735052035, 47, 57, 78, 16, 1, 0.06%, 9, 0, 9, 389.87
1735052040, 47, 58, 78, 16, 1, 0.06%, 9, 0, 9, 364.98
1735052045, 47, 59, 78, 16, 1, 0.06%, 9, 0, 9, 389.98
1735052050, 47, 60, 78, 16, 1, 0.06%, 9, 0, 9, 361.42
1735052055, 47, 61, 78, 16, 1, 0.06%, 9, 0, 9, 367.64
1735052060, 47, 62, 78, 16, 1, 0.06%, 9, 0, 9, 344.18
1735052065, 48, 13, 78, 16, 1, 0.06%, 9, 0, 9, 367.01
1735052070, 48, 52, 78, 16, 1, 0.06%, 9, 0, 9, 349.02
1735052076, 48, 56, 78, 16, 1, 0.06%, 9, 0, 9, 336.28
1735052081, 48, 57, 78, 16, 1, 0.06%, 9, 0, 9, 349.89
1735052091, 48, 59, 78, 16, 1, 0.06%, 9, 0, 9, 356.34
1735052096, 48, 60, 78, 16, 1, 0.06%, 9, 0, 9, 336.32
1735052106, 48, 61, 78, 16, 1, 0.06%, 9, 0, 9, 384.99
1735052111, 48, 62, 78, 16, 1, 0.06%, 9, 0, 9, 361.10
1735052116, 48, 63, 78, 16, 1, 0.06%, 9, 0, 9, 404.25
1735052126, 48, 64, 78, 16, 1, 0.06%, 9, 0, 9, 265.72
1735052137, 48, 65, 78, 16, 1, 0.06%, 9, 0, 9, 377.50
1735052157, 48, 66, 78, 16, 1, 0.06%, 9, 0, 9, 362.15
1735052167, 48, 67, 78, 16, 1, 0.06%, 9, 0, 9, 366.29
1735052182, 48, 68, 78, 16, 1, 0.06%, 9, 0, 9, 308.50
1735052192, 48, 69, 78, 16, 1, 0.06%, 9, 0, 9, 296.93
