# unix_time, cycles_done, cur_path, paths_total, pending_total, pending_favs, map_size, unique_crashes, unique_hangs, max_depth, execs_per_sec
1735095535, 0, 0, 10, 10, 1, 0.00%, 0, 0, 1, 176.21
1735095540, 0, 3, 11, 11, 1, 0.05%, 1, 0, 2, 205.69
1735095551, 0, 10, 13, 12, 1, 0.05%, 3, 0, 3, 238.81
1735095566, 0, 10, 14, 13, 1, 0.05%, 4, 0, 3, 253.24
1735095576, 0, 10, 15, 14, 1, 0.06%, 5, 0, 3, 257.27
1735095586, 0, 10, 16, 15, 1, 0.06%, 6, 0, 3, 257.25
1735095621, 0, 10, 17, 16, 1, 0.06%, 6, 0, 3, 254.63
1735095636, 0, 10, 18, 17, 1, 0.06%, 6, 0, 3, 259.55
1735095646, 0, 14, 21, 19, 5, 0.06%, 7, 0, 4, 265.78
1735095652, 0, 14, 22, 20, 5, 0.06%, 8, 0, 4, 279.61
1735095657, 0, 14, 23, 21, 5, 0.06%, 8, 0, 4, 273.38
1735095677, 0, 14, 24, 22, 5, 0.06%, 9, 0, 4, 279.19
1735095712, 0, 14, 25, 23, 5, 0.06%, 9, 0, 4, 283.89
1735095763, 0, 23, 26, 23, 7, 0.06%, 9, 0, 5, 256.12
1735095768, 0, 23, 27, 24, 7, 0.06%, 9, 0, 5, 250.08
1735095794, 1, 16, 28, 23, 5, 0.06%, 9, 0, 5, 411.44
1735095804, 1, 16, 31, 26, 5, 0.06%, 9, 0, 5, 479.04
1735095814, 1, 16, 32, 27, 5, 0.06%, 9, 0, 5, 472.31
1735095824, 1, 16, 33, 28, 5, 0.06%, 9, 0, 5, 461.80
1735095829, 1, 16, 34, 29, 5, 0.06%, 9, 0, 5, 472.69
1735095854, 1, 19, 36, 30, 5, 0.06%, 9, 0, 5, 362.77
1735095900, 1, 21, 38, 31, 4, 0.06%, 9, 0, 5, 284.13
1735095941, 1, 27, 38, 30, 3, 0.06%, 9, 0, 5, 488.11
1735095946, 1, 27, 39, 31, 3, 0.06%, 9, 0, 5, 531.38
1735095971, 1, 33, 39, 30, 3, 0.06%, 9, 0, 5, 569.33
1735095976, 1, 33, 41, 32, 3, 0.06%, 9, 0, 5, 487.24
1735095991, 1, 33, 42, 33, 3, 0.06%, 9, 0, 5, 466.88
1735096027, 1, 41, 42, 32, 3, 0.06%, 9, 0, 5, 444.76
1735096037, 1, 41, 43, 33, 3, 0.06%, 9, 0, 6, 441.16
1735096048, 1, 41, 44, 34, 3, 0.06%, 9, 0, 6, 437.94
1735096058, 1, 41, 45, 35, 3, 0.06%, 9, 0, 6, 434.33
1735096088, 2, 11, 45, 34, 3, 0.06%, 9, 0, 6, 455.02
1735096093, 2, 31, 45, 33, 2, 0.06%, 9, 0, 6, 526.67
1735096099, 2, 31, 46, 34, 2, 0.06%, 9, 0, 6, 514.23
1735096114, 2, 31, 48, 36, 2, 0.06%, 9, 0, 6, 485.46
1735096164, 2, 42, 48, 35, 2, 0.06%, 9, 0, 6, 485.46
1735096180, 2, 43, 48, 34, 2, 0.06%, 9, 0, 6, 439.42
1735096190, 2, 43, 49, 35, 2, 0.06%, 9, 0, 7, 321.88
1735096200, 2, 43, 50, 36, 2, 0.06%, 9, 0, 7, 301.13
1735096220, 2, 43, 51, 37, 2, 0.06%, 9, 0, 7, 297.79
1735096297, 2, 45, 51, 36, 2, 0.06%, 9, 0, 7, 364.41
1735096312, 2, 46, 51, 35, 2, 0.06%, 9, 0, 7, 470.92
1735096322, 2, 46, 52, 36, 2, 0.06%, 9, 0, 7, 423.09
1735096327, 2, 46, 53, 37, 2, 0.06%, 9, 0, 7, 456.34
1735096358, 2, 47, 53, 36, 2, 0.06%, 9, 0, 7, 501.17
1735096378, 2, 47, 54, 37, 2, 0.06%, 9, 0, 7, 483.84
1735096389, 2, 48, 54, 36, 2, 0.06%, 9, 0, 7, 536.90
1735096404, 2, 49, 54, 35, 2, 0.06%, 9, 0, 7, 428.83
1735096491, 2, 49, 56, 37, 2, 0.06%, 9, 0, 8, 467.24
1735096501, 2, 49, 57, 38, 2, 0.06%, 9, 0, 8, 481.04
1735096517, 2, 49, 59, 40, 2, 0.06%, 9, 0, 8, 479.31
1735096522, 2, 49, 60, 41, 2, 0.06%, 9, 0, 8, 479.11
1735096527, 2, 49, 61, 42, 2, 0.06%, 9, 0, 8, 479.16
1735096553, 2, 50, 62, 42, 2, 0.06%, 9, 0, 8, 450.71
1735096563, 2, 50, 63, 43, 2, 0.06%, 9, 0, 8, 429.45
1735096609, 2, 51, 63, 42, 2, 0.06%, 9, 0, 8, 423.45
1735096655, 2, 52, 63, 41, 2, 0.06%, 9, 0, 8, 446.81
1735096660, 2, 52, 64, 42, 2, 0.06%, 9, 0, 8, 423.17
1735096680, 2, 54, 64, 41, 2, 0.06%, 9, 0, 8, 433.53
1735096752, 2, 61, 64, 40, 2, 0.06%, 9, 0, 8, 513.23
1735096772, 2, 61, 65, 41, 2, 0.06%, 9, 0, 9, 464.11
1735096798, 2, 62, 65, 40, 2, 0.06%, 9, 0, 9, 437.99
1735096803, 2, 62, 67, 42, 2, 0.06%, 9, 0, 9, 416.37
1735096808, 2, 62, 68, 43, 2, 0.06%, 9, 0, 9, 395.53
1735096813, 2, 62, 69, 44, 2, 0.06%, 9, 0, 9, 409.77
1735096818, 2, 62, 70, 45, 2, 0.06%, 9, 0, 9, 413.12
1735096868, 2, 63, 71, 45, 2, 0.06%, 9, 0, 9, 405.52
1735096955, 2, 64, 71, 44, 2, 0.06%, 9, 0, 9, 311.24
1735097032, 2, 64, 73, 46, 2, 0.06%, 9, 0, 10, 484.36
1735097521, 2, 68, 73, 45, 2, 0.06%, 9, 0, 10, 424.63
1735097541, 2, 69, 73, 44, 2, 0.06%, 9, 0, 10, 397.61
1735097556, 2, 69, 74, 45, 2, 0.06%, 9, 0, 10, 411.24
1735097582, 2, 70, 74, 44, 2, 0.06%, 9, 0, 10, 416.89
1735097673, 2, 73, 74, 43, 2, 0.06%, 9, 0, 10, 435.08
1735097699, 3, 25, 74, 42, 2, 0.06%, 9, 0, 10, 355.62
1735097714, 3, 26, 74, 41, 2, 0.06%, 9, 0, 10, 287.92
1735097724, 3, 29, 74, 40, 2, 0.06%, 9, 0, 10, 386.01
1735097734, 3, 39, 74, 39, 2, 0.06%, 9, 0, 10, 441.27
1735097755, 3, 50, 74, 38, 2, 0.06%, 9, 0, 10, 402.80
1735097760, 3, 51, 74, 38, 2, 0.06%, 9, 0, 10, 416.59
1735097765, 3, 52, 74, 38, 2, 0.06%, 9, 0, 10, 445.91
1735097775, 3, 61, 74, 38, 2, 0.06%, 9, 0, 10, 335.09
1735097780, 3, 62, 74, 38, 2, 0.06%, 9, 0, 10, 369.77
1735097785, 3, 63, 74, 38, 2, 0.06%, 9, 0, 10, 395.45
1735097871, 3, 64, 74, 38, 2, 0.06%, 9, 0, 10, 275.38
1735097881, 3, 64, 75, 39, 2, 0.06%, 9, 0, 10, 315.41
1735097886, 3, 68, 75, 39, 2, 0.06%, 9, 0, 10, 311.57
1735097892, 3, 69, 75, 39, 2, 0.06%, 9, 0, 10, 397.84
1735097902, 3, 70, 75, 39, 2, 0.06%, 9, 0, 10, 414.91
1735097907, 3, 73, 75, 39, 2, 0.06%, 9, 0, 10, 387.64
1735097912, 3, 73, 76, 40, 2, 0.06%, 9, 0, 11, 419.80
1735097917, 3, 74, 77, 41, 2, 0.06%, 9, 0, 11, 379.88
1735097958, 3, 75, 77, 40, 2, 0.06%, 9, 0, 11, 420.43
1735097978, 3, 76, 77, 39, 2, 0.06%, 9, 0, 11, 364.26
1735098024, 4, 13, 77, 37, 1, 0.06%, 9, 0, 11, 444.79
1735098029, 4, 17, 77, 36, 0, 0.06%, 9, 0, 11, 353.71
1735098034, 4, 18, 77, 35, 0, 0.06%, 9, 0, 11, 323.92
1735098044, 4, 20, 77, 34, 0, 0.06%, 9, 0, 11, 301.13
1735098055, 4, 21, 77, 33, 0, 0.06%, 9, 0, 11, 359.57
1735098060, 4, 22, 77, 33, 0, 0.06%, 9, 0, 11, 431.77
1735098070, 4, 23, 77, 32, 0, 0.06%, 9, 0, 11, 355.59
1735098075, 4, 24, 77, 32, 0, 0.06%, 9, 0, 11, 336.29
1735098085, 4, 25, 77, 31, 0, 0.06%, 9, 0, 11, 282.83
1735098090, 4, 26, 77, 31, 0, 0.06%, 9, 0, 11, 307.38
1735098100, 4, 27, 77, 31, 0, 0.06%, 9, 0, 11, 501.96
1735098105, 4, 28, 77, 31, 0, 0.06%, 9, 0, 11, 488.81
1735098116, 4, 29, 77, 30, 0, 0.06%, 9, 0, 11, 515.76
1735098126, 4, 30, 77, 30, 0, 0.06%, 9, 0, 11, 467.74
1735098136, 4, 31, 77, 29, 0, 0.06%, 9, 0, 11, 544.12
1735098141, 4, 32, 77, 29, 0, 0.06%, 9, 0, 11, 466.94
1735098182, 4, 34, 77, 28, 0, 0.06%, 9, 0, 11, 446.38
1735098192, 4, 35, 77, 27, 0, 0.06%, 9, 0, 11, 416.39
1735098213, 4, 36, 77, 26, 0, 0.06%, 9, 0, 11, 410.31
1735098223, 4, 37, 77, 25, 0, 0.06%, 9, 0, 11, 315.86
1735098238, 4, 38, 77, 24, 0, 0.06%, 9, 0, 11, 529.25
1735098249, 4, 39, 77, 23, 0, 0.06%, 9, 0, 11, 488.46
1735098264, 4, 40, 77, 23, 0, 0.06%, 9, 0, 11, 368.43
1735098279, 4, 42, 77, 22, 0, 0.06%, 9, 0, 11, 468.94
1735098284, 4, 44, 77, 22, 0, 0.06%, 9, 0, 11, 438.68
1735098310, 4, 45, 77, 21, 0, 0.06%, 9, 0, 11, 504.03
1735098320, 4, 46, 77, 21, 0, 0.06%, 9, 0, 11, 488.17
1735098336, 4, 47, 77, 21, 0, 0.06%, 9, 0, 11, 470.50
1735098351, 4, 48, 77, 21, 0, 0.06%, 9, 0, 11, 453.39
1735098356, 4, 50, 77, 21, 0, 0.06%, 9, 0, 11, 439.08
1735098371, 4, 51, 77, 21, 0, 0.06%, 9, 0, 11, 458.35
1735098417, 4, 52, 77, 21, 0, 0.06%, 9, 0, 11, 451.77
1735098432, 4, 53, 77, 21, 0, 0.06%, 9, 0, 11, 406.73
1735098540, 4, 54, 77, 20, 0, 0.06%, 9, 0, 11, 441.94
1735098545, 4, 55, 77, 20, 0, 0.06%, 9, 0, 11, 470.79
1735098622, 4, 56, 77, 19, 0, 0.06%, 9, 0, 11, 489.49
1735098698, 4, 56, 78, 20, 0, 0.06%, 9, 0, 11, 342.69
1735098724, 4, 57, 78, 19, 0, 0.06%, 9, 0, 11, 478.79
1735098801, 4, 58, 78, 18, 0, 0.06%, 9, 0, 11, 495.83
1735099001, 4, 59, 78, 17, 0, 0.06%, 9, 0, 11, 462.36
1735099139, 4, 60, 78, 16, 0, 0.06%, 9, 0, 11, 484.22
1735099216, 4, 61, 78, 15, 0, 0.06%, 9, 0, 11, 504.43
1735099231, 4, 62, 78, 15, 0, 0.06%, 9, 0, 11, 418.02
1735099363, 4, 63, 78, 15, 0, 0.06%, 9, 0, 11, 304.51
1735099368, 4, 64, 78, 15, 0, 0.06%, 9, 0, 11, 353.68
1735099964, 4, 68, 78, 15, 0, 0.06%, 9, 0, 11, 335.37
1735099969, 4, 69, 78, 15, 0, 0.06%, 9, 0, 11, 371.04
1735099974, 4, 73, 78, 15, 0, 0.06%, 9, 0, 11, 372.50
1735099979, 4, 74, 78, 15, 0, 0.06%, 9, 0, 11, 442.63
1735099995, 4, 75, 78, 15, 0, 0.06%, 9, 0, 11, 394.82
1735100000, 4, 76, 78, 15, 0, 0.06%, 9, 0, 11, 306.88
1735100010, 5, 25, 78, 15, 0, 0.06%, 9, 0, 11, 291.89
1735100015, 5, 39, 78, 15, 0, 0.06%, 9, 0, 11, 333.44
1735100020, 5, 51, 78, 15, 0, 0.06%, 9, 0, 11, 379.03
1735100025, 5, 61, 78, 15, 0, 0.06%, 9, 0, 11, 363.34
1735100030, 5, 63, 78, 15, 0, 0.06%, 9, 0, 11, 380.07
1735100035, 5, 64, 78, 15, 0, 0.06%, 9, 0, 11, 381.67
1735100045, 5, 68, 78, 15, 0, 0.06%, 9, 0, 11, 314.08
1735100051, 5, 69, 78, 15, 0, 0.06%, 9, 0, 11, 330.91
1735100056, 5, 73, 78, 15, 0, 0.06%, 9, 0, 11, 410.72
1735100061, 5, 74, 78, 15, 0, 0.06%, 9, 0, 11, 389.22
1735100076, 5, 75, 78, 15, 0, 0.06%, 9, 0, 11, 358.25
1735100081, 5, 76, 78, 15, 0, 0.06%, 9, 0, 11, 374.21
1735100091, 6, 23, 78, 15, 0, 0.06%, 9, 0, 11, 306.89
1735100096, 6, 25, 78, 15, 0, 0.06%, 9, 0, 11, 286.73
1735100102, 6, 26, 78, 15, 0, 0.06%, 9, 0, 11, 289.10
1735100107, 6, 29, 78, 15, 0, 0.06%, 9, 0, 11, 335.64
1735100112, 6, 39, 78, 15, 0, 0.06%, 9, 0, 11, 337.94
1735100117, 6, 46, 78, 15, 0, 0.06%, 9, 0, 11, 339.48
1735100122, 6, 50, 78, 15, 0, 0.06%, 9, 0, 11, 333.44
1735100127, 6, 51, 78, 15, 0, 0.06%, 9, 0, 11, 350.35
1735100132, 6, 52, 78, 15, 0, 0.06%, 9, 0, 11, 358.24
1735100137, 6, 61, 78, 15, 0, 0.06%, 9, 0, 11, 324.80
1735100142, 6, 62, 78, 15, 0, 0.06%, 9, 0, 11, 307.83
1735100153, 6, 63, 78, 15, 0, 0.06%, 9, 0, 11, 361.41
1735100158, 6, 64, 78, 15, 0, 0.06%, 9, 0, 11, 337.94
1735100173, 6, 68, 78, 15, 0, 0.06%, 9, 0, 11, 354.35
1735100183, 6, 69, 78, 15, 0, 0.06%, 9, 0, 11, 362.74
1735100193, 6, 70, 78, 15, 0, 0.06%, 9, 0, 11, 332.13
1735100198, 6, 73, 78, 15, 0, 0.06%, 9, 0, 11, 338.64
1735100209, 6, 74, 78, 15, 0, 0.06%, 9, 0, 11, 295.42
1735100219, 6, 75, 78, 15, 0, 0.06%, 9, 0, 11, 356.28
1735100229, 6, 76, 78, 15, 0, 0.06%, 9, 0, 11, 393.27
1735100244, 7, 23, 78, 15, 0, 0.06%, 9, 0, 11, 281.47
1735100249, 7, 25, 78, 15, 0, 0.06%, 9, 0, 11, 285.28
1735100254, 7, 26, 78, 15, 0, 0.06%, 9, 0, 11, 291.69
1735100259, 7, 29, 78, 15, 0, 0.06%, 9, 0, 11, 321.66
1735100264, 7, 39, 78, 15, 0, 0.06%, 9, 0, 11, 318.59
1735100269, 7, 46, 78, 15, 0, 0.06%, 9, 0, 11, 355.55
1735100274, 7, 51, 78, 15, 0, 0.06%, 9, 0, 11, 348.01
1735100279, 7, 52, 78, 15, 0, 0.06%, 9, 0, 11, 344.69
1735100284, 7, 61, 78, 15, 0, 0.06%, 9, 0, 11, 329.06
1735100295, 7, 62, 78, 15, 0, 0.06%, 9, 0, 11, 349.55
1735100305, 7, 63, 78, 15, 0, 0.06%, 9, 0, 11, 365.42
1735100310, 7, 64, 78, 15, 0, 0.06%, 9, 0, 11, 309.44
1735100325, 7, 68, 78, 15, 0, 0.06%, 9, 0, 11, 363.88
1735100335, 7, 69, 78, 15, 0, 0.06%, 9, 0, 11, 378.19
1735100340, 7, 70, 78, 15, 0, 0.06%, 9, 0, 11, 339.68
1735100350, 7, 71, 78, 15, 0, 0.06%, 9, 0, 11, 375.79
1735100452, 7, 72, 78, 14, 0, 0.06%, 9, 0, 11, 366.82
1735100554, 7, 73, 78, 13, 0, 0.06%, 9, 0, 11, 361.18
1735100686, 7, 73, 79, 14, 0, 0.06%, 9, 0, 11, 307.79
1735100691, 7, 74, 79, 14, 0, 0.06%, 9, 0, 11, 308.76
1735101057, 7, 75, 79, 14, 0, 0.06%, 9, 0, 11, 414.54
1735101133, 7, 76, 79, 14, 0, 0.06%, 9, 0, 11, 396.64
1735101500, 7, 78, 79, 14, 0, 0.06%, 9, 0, 11, 396.12
1735101572, 8, 21, 79, 13, 0, 0.06%, 9, 0, 11, 335.91
1735101577, 8, 23, 79, 13, 0, 0.06%, 9, 0, 11, 290.52
1735101582, 8, 25, 79, 13, 0, 0.06%, 9, 0, 11, 273.40
1735101587, 8, 26, 79, 13, 0, 0.06%, 9, 0, 11, 293.75
1735101592, 8, 29, 79, 13, 0, 0.06%, 9, 0, 11, 324.64
1735101597, 8, 36, 79, 13, 0, 0.06%, 9, 0, 11, 332.81
1735101602, 8, 37, 79, 13, 0, 0.06%, 9, 0, 11, 325.97
1735101607, 8, 39, 79, 13, 0, 0.06%, 9, 0, 11, 326.03
1735101612, 8, 50, 79, 13, 0, 0.06%, 9, 0, 11, 329.45
1735101617, 8, 51, 79, 13, 0, 0.06%, 9, 0, 11, 328.13
1735101622, 8, 52, 79, 13, 0, 0.06%, 9, 0, 11, 370.10
1735101627, 8, 61, 79, 13, 0, 0.06%, 9, 0, 11, 336.01
1735101637, 8, 62, 79, 13, 0, 0.06%, 9, 0, 11, 352.95
1735101642, 8, 63, 79, 13, 0, 0.06%, 9, 0, 11, 331.83
1735101647, 8, 64, 79, 13, 0, 0.06%, 9, 0, 11, 356.24
1735101668, 8, 68, 79, 13, 0, 0.06%, 9, 0, 11, 369.35
1735101673, 8, 69, 79, 13, 0, 0.06%, 9, 0, 11, 339.99
1735101683, 8, 70, 79, 13, 0, 0.06%, 9, 0, 11, 384.36
1735101688, 8, 71, 79, 13, 0, 0.06%, 9, 0, 11, 355.80
1735101703, 8, 72, 79, 13, 0, 0.06%, 9, 0, 11, 411.15
1735101714, 8, 73, 79, 13, 0, 0.06%, 9, 0, 11, 360.07
1735101724, 8, 74, 79, 13, 0, 0.06%, 9, 0, 11, 388.87
1735101739, 8, 75, 79, 13, 0, 0.06%, 9, 0, 11, 358.33
1735101749, 8, 76, 79, 13, 0, 0.06%, 9, 0, 11, 265.84
1735101760, 8, 78, 79, 13, 0, 0.06%, 9, 0, 11, 303.44
1735101775, 9, 23, 79, 13, 0, 0.06%, 9, 0, 11, 295.89
1735101780, 9, 25, 79, 13, 0, 0.06%, 9, 0, 11, 272.01
1735101785, 9, 26, 79, 13, 0, 0.06%, 9, 0, 11, 288.40
1735101790, 9, 29, 79, 13, 0, 0.06%, 9, 0, 11, 337.32
1735101796, 9, 39, 79, 13, 0, 0.06%, 9, 0, 11, 310.15
1735101801, 9, 46, 79, 13, 0, 0.06%, 9, 0, 11, 341.51
1735101806, 9, 50, 79, 13, 0, 0.06%, 9, 0, 11, 352.85
1735101811, 9, 52, 79, 13, 0, 0.06%, 9, 0, 11, 355.70
1735101816, 9, 61, 79, 13, 0, 0.06%, 9, 0, 11, 347.23
1735101826, 9, 62, 79, 13, 0, 0.06%, 9, 0, 11, 346.49
1735101836, 9, 63, 79, 13, 0, 0.06%, 9, 0, 11, 348.35
1735101841, 9, 64, 79, 13, 0, 0.06%, 9, 0, 11, 320.19
1735101856, 9, 68, 79, 13, 0, 0.06%, 9, 0, 11, 365.24
1735101861, 9, 68, 80, 14, 0, 0.07%, 10, 0, 11, 335.81
1735101866, 9, 79, 80, 14, 1, 0.07%, 10, 0, 11, 243.63
1735101942, 10, 79, 80, 13, 0, 0.07%, 10, 0, 11, 259.68
1735101978, 11, 79, 80, 13, 0, 0.07%, 10, 0, 11, 231.70
1735101993, 12, 79, 80, 13, 0, 0.07%, 10, 0, 11, 258.89
1735101998, 13, 79, 80, 13, 0, 0.07%, 10, 0, 11, 286.46
1735102008, 14, 79, 80, 13, 0, 0.07%, 10, 0, 11, 248.94
1735102018, 15, 79, 80, 13, 0, 0.07%, 10, 0, 11, 241.77
1735102023, 16, 79, 80, 13, 0, 0.07%, 10, 0, 11, 285.67
1735102034, 17, 79, 80, 13, 0, 0.07%, 10, 0, 11, 248.01
1735102044, 18, 79, 80, 13, 0, 0.07%, 10, 0, 11, 295.51
1735102049, 19, 79, 80, 13, 0, 0.07%, 10, 0, 11, 262.98
1735102059, 20, 79, 80, 13, 0, 0.07%, 10, 0, 11, 240.27
1735102064, 21, 79, 80, 13, 0, 0.07%, 10, 0, 11, 273.23
1735102074, 22, 79, 80, 13, 0, 0.07%, 10, 0, 11, 251.07
1735102085, 23, 79, 80, 13, 0, 0.07%, 10, 0, 11, 233.97
1735102090, 24, 79, 80, 13, 0, 0.07%, 10, 0, 11, 274.01
1735102100, 25, 79, 80, 13, 0, 0.07%, 10, 0, 11, 242.41
1735102110, 26, 79, 80, 13, 0, 0.07%, 10, 0, 11, 251.97
1735102115, 27, 79, 80, 13, 0, 0.07%, 10, 0, 11, 269.95
1735102125, 28, 79, 80, 13, 0, 0.07%, 10, 0, 11, 237.82
1735102135, 29, 79, 80, 13, 0, 0.07%, 10, 0, 11, 249.76
1735102140, 30, 79, 80, 13, 0, 0.07%, 10, 0, 11, 260.50
1735102151, 31, 79, 80, 13, 0, 0.07%, 10, 0, 11, 242.72
1735102156, 32, 79, 80, 13, 0, 0.07%, 10, 0, 11, 301.04
1735102166, 33, 79, 80, 13, 0, 0.07%, 10, 0, 11, 256.25
1735102176, 34, 79, 80, 13, 0, 0.07%, 10, 0, 11, 270.22
1735102181, 35, 79, 80, 13, 0, 0.07%, 10, 0, 11, 271.27
1735102191, 36, 79, 80, 13, 0, 0.07%, 10, 0, 11, 246.04
1735102201, 37, 79, 80, 13, 0, 0.07%, 10, 0, 11, 234.78
1735102206, 38, 79, 80, 13, 0, 0.07%, 10, 0, 11, 268.76
1735102217, 39, 79, 80, 13, 0, 0.07%, 10, 0, 11, 255.16
1735102227, 40, 79, 80, 13, 0, 0.07%, 10, 0, 11, 246.99
1735102232, 41, 79, 80, 13, 0, 0.07%, 10, 0, 11, 259.10
1735102242, 42, 79, 80, 13, 0, 0.07%, 10, 0, 11, 242.40
1735102252, 43, 79, 80, 13, 0, 0.07%, 10, 0, 11, 245.23
1735102257, 44, 79, 80, 13, 0, 0.07%, 10, 0, 11, 275.39
1735102262, 44, 79, 81, 14, 0, 0.09%, 11, 0, 11, 269.80
1735102267, 44, 80, 81, 14, 1, 0.09%, 11, 0, 11, 330.43
1735102349, 45, 80, 81, 13, 0, 0.09%, 11, 0, 11, 311.25
1735102384, 46, 80, 81, 13, 0, 0.09%, 11, 0, 11, 310.25
1735102425, 47, 80, 81, 13, 0, 0.09%, 11, 0, 11, 316.16
1735102465, 48, 80, 81, 13, 0, 0.09%, 11, 0, 11, 285.80
1735102501, 49, 80, 81, 13, 0, 0.09%, 11, 0, 11, 361.41
1735102541, 50, 80, 81, 13, 0, 0.09%, 11, 0, 11, 311.91
1735102582, 51, 79, 81, 13, 0, 0.09%, 11, 0, 11, 243.61
1735102587, 51, 80, 81, 13, 0, 0.09%, 11, 0, 11, 309.95
1735102622, 52, 79, 81, 13, 0, 0.09%, 11, 0, 11, 320.85
1735102632, 52, 80, 81, 13, 0, 0.09%, 11, 0, 11, 298.77
1735102668, 53, 79, 81, 13, 0, 0.09%, 11, 0, 11, 318.50
1735102679, 53, 80, 81, 13, 0, 0.09%, 11, 0, 11, 301.29
1735102719, 54, 79, 81, 13, 0, 0.09%, 11, 0, 11, 245.86
1735102724, 54, 80, 81, 13, 0, 0.09%, 11, 0, 11, 285.84
1735102729, 54, 80, 82, 14, 0, 0.09%, 12, 0, 12, 308.71
1735102765, 54, 81, 83, 15, 1, 0.12%, 13, 0, 13, 418.60
1735102790, 54, 81, 84, 16, 1, 0.12%, 13, 0, 13, 360.58
1735102795, 54, 81, 85, 17, 1, 0.12%, 13, 0, 13, 481.02
1735102805, 54, 81, 86, 18, 1, 0.13%, 14, 0, 13, 505.91
1735102831, 54, 81, 87, 19, 1, 0.13%, 15, 0, 13, 512.76
1735102856, 54, 81, 89, 21, 1, 0.13%, 16, 0, 13, 347.31
1735102881, 54, 85, 91, 22, 4, 0.13%, 17, 0, 14, 442.42
1735102927, 54, 85, 92, 23, 4, 0.13%, 17, 0, 14, 483.46
1735102948, 54, 85, 93, 24, 4, 0.13%, 17, 0, 14, 466.40
1735102988, 54, 88, 94, 24, 4, 0.13%, 18, 0, 14, 308.45
1735102998, 54, 88, 101, 31, 4, 0.14%, 19, 0, 14, 335.98
1735103004, 54, 88, 104, 34, 4, 0.14%, 20, 0, 14, 365.74
1735103014, 54, 88, 105, 35, 4, 0.14%, 20, 0, 14, 377.37
1735103106, 54, 90, 105, 34, 6, 0.14%, 20, 0, 14, 341.71
1735103121, 54, 90, 106, 35, 6, 0.14%, 20, 0, 15, 385.19
1735103197, 54, 90, 108, 37, 6, 0.14%, 20, 0, 15, 385.44
1735103217, 54, 92, 108, 36, 6, 0.14%, 20, 0, 15, 316.72
1735103293, 54, 92, 109, 37, 6, 0.14%, 20, 0, 15, 325.57
1735103298, 54, 93, 109, 36, 5, 0.14%, 20, 0, 15, 318.15
1735103374, 54, 101, 109, 35, 4, 0.14%, 20, 0, 15, 228.40
1735103385, 54, 101, 110, 36, 4, 0.14%, 21, 0, 15, 193.11
1735103400, 54, 101, 115, 41, 4, 0.16%, 25, 0, 15, 196.87
1735103436, 54, 101, 116, 42, 4, 0.16%, 25, 0, 15, 378.46
1735103446, 54, 101, 117, 43, 4, 0.16%, 25, 0, 15, 461.62
1735103456, 54, 101, 118, 44, 4, 0.16%, 25, 0, 15, 464.55
1735103522, 54, 111, 118, 43, 8, 0.16%, 25, 0, 15, 389.58
1735103558, 54, 111, 119, 44, 8, 0.16%, 25, 0, 16, 299.08
1735103573, 54, 111, 121, 46, 8, 0.16%, 25, 0, 16, 366.57
1735103583, 54, 111, 122, 47, 8, 0.16%, 25, 0, 16, 367.57
1735103670, 54, 113, 122, 46, 8, 0.16%, 25, 0, 16, 224.75
1735103700, 54, 113, 123, 47, 8, 0.16%, 25, 0, 16, 284.38
1735103705, 54, 113, 124, 48, 8, 0.16%, 25, 0, 16, 348.32
1735103731, 54, 113, 125, 49, 8, 0.16%, 25, 0, 16, 371.70
1735103766, 54, 113, 126, 50, 8, 0.16%, 25, 0, 16, 367.67
1735103812, 54, 114, 126, 49, 8, 0.16%, 25, 0, 16, 249.97
1735103848, 54, 114, 127, 50, 8, 0.16%, 25, 0, 16, 334.31
1735103858, 54, 114, 128, 51, 8, 0.16%, 25, 0, 16, 364.91
1735103884, 54, 114, 130, 53, 8, 0.16%, 25, 0, 16, 360.83
1735103899, 54, 114, 131, 54, 8, 0.16%, 25, 0, 16, 369.35
1735103955, 55, 109, 131, 53, 7, 0.16%, 25, 0, 16, 370.99
1735103991, 55, 109, 132, 54, 7, 0.16%, 25, 0, 16, 305.24
1735103996, 55, 109, 133, 55, 7, 0.16%, 25, 0, 16, 344.61
1735104001, 55, 109, 134, 56, 7, 0.16%, 25, 0, 16, 354.97
1735104098, 55, 112, 134, 55, 7, 0.16%, 25, 0, 16, 328.38
1735104133, 55, 112, 135, 56, 7, 0.16%, 25, 0, 16, 292.95
1735104143, 55, 112, 136, 57, 7, 0.16%, 25, 0, 16, 357.84
1735104189, 55, 112, 137, 58, 7, 0.16%, 25, 0, 16, 367.02
1735104220, 55, 112, 138, 59, 7, 0.16%, 25, 0, 16, 362.43
1735104245, 56, 82, 139, 59, 7, 0.16%, 26, 0, 16, 424.06
1735104326, 56, 138, 140, 59, 7, 0.16%, 26, 0, 16, 388.32
1735104352, 56, 138, 141, 60, 7, 0.16%, 26, 0, 16, 373.01
1735104418, 56, 138, 142, 61, 7, 0.16%, 26, 0, 16, 422.18
1735104438, 57, 98, 142, 60, 7, 0.16%, 26, 0, 16, 307.40
1735104463, 57, 98, 143, 61, 7, 0.16%, 26, 0, 16, 370.82
1735104550, 57, 105, 143, 60, 6, 0.16%, 26, 0, 16, 384.81
1735104560, 57, 105, 144, 61, 6, 0.16%, 26, 0, 16, 389.84
1735104631, 57, 105, 145, 62, 6, 0.16%, 26, 0, 16, 383.11
1735104666, 57, 106, 145, 61, 5, 0.16%, 26, 0, 16, 374.20
1735104768, 57, 106, 146, 62, 5, 0.16%, 26, 0, 16, 414.96
1735104778, 57, 106, 147, 63, 5, 0.16%, 26, 0, 16, 508.54
1735104783, 57, 106, 148, 64, 5, 0.16%, 26, 0, 16, 514.07
1735104788, 57, 106, 149, 65, 5, 0.16%, 26, 0, 16, 511.59
1735104848, 57, 138, 149, 64, 5, 0.16%, 26, 0, 16, 422.41
1735104879, 57, 139, 149, 64, 5, 0.16%, 26, 0, 16, 424.52
1735104904, 57, 139, 150, 65, 5, 0.16%, 26, 0, 16, 370.46
1735104991, 57, 140, 150, 64, 5, 0.16%, 26, 0, 16, 352.76
1735105016, 57, 140, 151, 65, 5, 0.16%, 26, 0, 16, 522.07
1735105083, 57, 142, 151, 64, 4, 0.16%, 26, 0, 16, 301.40
1735105108, 57, 142, 152, 65, 4, 0.16%, 26, 0, 16, 380.51
1735105164, 57, 142, 153, 66, 4, 0.16%, 26, 0, 16, 380.74
1735105204, 58, 86, 154, 66, 4, 0.16%, 27, 0, 16, 367.33
1735105219, 58, 86, 155, 67, 4, 0.16%, 27, 0, 16, 279.75
1735105270, 58, 86, 156, 68, 4, 0.16%, 27, 0, 16, 282.69
1735105296, 58, 86, 157, 69, 4, 0.16%, 27, 0, 16, 337.00
1735105311, 58, 153, 157, 68, 5, 0.16%, 27, 0, 16, 354.09
1735105382, 59, 153, 157, 67, 4, 0.16%, 27, 0, 16, 360.18
1735105388, 59, 153, 158, 68, 4, 0.16%, 27, 0, 16, 344.47
1735105398, 59, 153, 159, 69, 4, 0.16%, 27, 0, 16, 332.88
1735105418, 59, 153, 160, 70, 4, 0.16%, 27, 0, 16, 397.72
1735105428, 59, 156, 160, 70, 4, 0.16%, 27, 0, 16, 440.43
1735105469, 59, 156, 161, 71, 4, 0.16%, 27, 0, 16, 416.76
1735105499, 59, 156, 162, 72, 4, 0.16%, 27, 0, 16, 414.74
1735105534, 59, 157, 162, 71, 5, 0.16%, 27, 0, 16, 373.66
1735105539, 59, 157, 163, 72, 5, 0.16%, 27, 0, 16, 339.16
1735105611, 59, 158, 164, 72, 5, 0.16%, 27, 0, 16, 356.46
1735105682, 59, 160, 164, 71, 5, 0.16%, 27, 0, 16, 378.40
1735105708, 59, 160, 165, 72, 5, 0.16%, 27, 0, 16, 385.47
1735105713, 59, 160, 166, 73, 5, 0.16%, 27, 0, 16, 437.57
1735105733, 59, 160, 167, 74, 5, 0.16%, 27, 0, 16, 457.01
1735105759, 59, 160, 168, 75, 5, 0.16%, 27, 0, 16, 452.29
1735105804, 59, 161, 168, 74, 5, 0.16%, 27, 0, 16, 364.23
1735105885, 59, 164, 169, 74, 4, 0.16%, 27, 0, 16, 364.20
1735105971, 59, 165, 169, 73, 4, 0.16%, 27, 0, 16, 374.51
1735106012, 59, 165, 170, 74, 4, 0.16%, 27, 0, 17, 515.75
1735106017, 59, 165, 171, 75, 4, 0.16%, 27, 0, 17, 512.19
1735106022, 59, 165, 172, 76, 4, 0.16%, 27, 0, 17, 515.60
1735106038, 59, 165, 173, 77, 4, 0.16%, 27, 0, 17, 520.41
1735106083, 59, 168, 173, 76, 4, 0.16%, 27, 0, 17, 357.93
1735106088, 59, 168, 176, 79, 4, 0.18%, 29, 0, 17, 396.18
1735106093, 59, 168, 185, 88, 4, 0.18%, 29, 0, 17, 453.86
1735106185, 59, 174, 186, 88, 6, 0.18%, 29, 0, 18, 367.65
1735106190, 59, 174, 187, 89, 6, 0.18%, 30, 0, 18, 417.17
1735106220, 59, 174, 188, 90, 6, 0.18%, 30, 0, 18, 358.26
1735106271, 59, 174, 189, 91, 6, 0.18%, 30, 0, 18, 384.36
1735106327, 59, 175, 192, 93, 7, 0.20%, 33, 0, 18, 375.59
