# unix_time, cycles_done, cur_path, paths_total, pending_total, pending_favs, map_size, unique_crashes, unique_hangs, max_depth, execs_per_sec
1735352949, 0, 0, 10, 10, 1, 0.00%, 0, 0, 1, 175.44
1735352954, 0, 2, 10, 10, 1, 0.00%, 0, 0, 1, 205.33
1735352959, 0, 3, 10, 9, 0, 0.00%, 0, 0, 1, 211.64
1735352964, 0, 4, 10, 8, 0, 0.00%, 0, 0, 1, 202.47
1735352974, 0, 5, 10, 7, 0, 0.00%, 0, 0, 1, 214.30
1735352980, 0, 6, 10, 6, 0, 0.00%, 0, 0, 1, 200.61
1735352990, 0, 7, 10, 5, 0, 0.00%, 0, 0, 1, 207.87
1735352995, 0, 8, 10, 4, 0, 0.00%, 0, 0, 1, 195.96
1735353005, 0, 9, 10, 3, 0, 0.00%, 0, 0, 1, 209.10
1735353010, 1, 0, 10, 2, 0, 0.00%, 0, 0, 1, 204.66
1735353020, 1, 1, 10, 1, 0, 0.00%, 0, 0, 1, 211.01
1735353030, 1, 2, 10, 0, 0, 0.00%, 0, 0, 1, 211.60
1735353040, 1, 4, 10, 0, 0, 0.00%, 0, 0, 1, 206.45
1735353045, 1, 5, 10, 0, 0, 0.00%, 0, 0, 1, 211.73
1735353050, 1, 6, 10, 0, 0, 0.00%, 0, 0, 1, 210.19
1735353056, 1, 8, 10, 0, 0, 0.00%, 0, 0, 1, 211.98
1735353061, 1, 9, 10, 0, 0, 0.00%, 0, 0, 1, 205.80
1735353066, 2, 1, 10, 0, 0, 0.00%, 0, 0, 1, 209.33
1735353071, 2, 2, 10, 0, 0, 0.00%, 0, 0, 1, 206.29
1735353076, 2, 3, 10, 0, 0, 0.00%, 0, 0, 1, 210.09
1735353081, 2, 5, 10, 0, 0, 0.00%, 0, 0, 1, 209.90
1735353086, 2, 6, 10, 0, 0, 0.00%, 0, 0, 1, 203.69
1735353091, 2, 8, 10, 0, 0, 0.00%, 0, 0, 1, 205.02
1735353096, 2, 9, 10, 0, 0, 0.00%, 0, 0, 1, 204.48
1735353101, 3, 1, 10, 0, 0, 0.00%, 0, 0, 1, 212.93
1735353106, 3, 2, 10, 0, 0, 0.00%, 0, 0, 1, 206.50
1735353111, 3, 3, 10, 0, 0, 0.00%, 0, 0, 1, 207.57
1735353116, 3, 5, 10, 0, 0, 0.00%, 0, 0, 1, 207.23
1735353121, 3, 6, 10, 0, 0, 0.00%, 0, 0, 1, 211.21
1735353126, 3, 8, 10, 0, 0, 0.00%, 0, 0, 1, 213.30
1735353132, 3, 9, 10, 0, 0, 0.00%, 0, 0, 1, 210.45
1735353137, 4, 0, 10, 0, 0, 0.00%, 0, 0, 1, 209.20
1735353142, 4, 2, 10, 0, 0, 0.00%, 0, 0, 1, 208.84
1735353147, 4, 3, 10, 0, 0, 0.00%, 0, 0, 1, 209.15
1735353152, 4, 5, 10, 0, 0, 0.00%, 0, 0, 1, 203.89
1735353157, 4, 6, 10, 0, 0, 0.00%, 0, 0, 1, 205.61
1735353162, 4, 7, 10, 0, 0, 0.00%, 0, 0, 1, 208.43
1735353167, 4, 9, 10, 0, 0, 0.00%, 0, 0, 1, 210.38
1735353172, 5, 0, 10, 0, 0, 0.00%, 0, 0, 1, 212.03
1735353177, 5, 2, 10, 0, 0, 0.00%, 0, 0, 1, 208.46
1735353182, 5, 3, 10, 0, 0, 0.00%, 0, 0, 1, 207.78
1735353187, 5, 5, 10, 0, 0, 0.00%, 0, 0, 1, 209.80
1735353192, 5, 6, 10, 0, 0, 0.00%, 0, 0, 1, 205.46
1735353197, 5, 7, 10, 0, 0, 0.00%, 0, 0, 1, 209.11
1735353203, 5, 9, 10, 0, 0, 0.00%, 0, 0, 1, 205.96
1735353208, 6, 0, 10, 0, 0, 0.00%, 0, 0, 1, 209.67
1735353213, 6, 2, 10, 0, 0, 0.00%, 0, 0, 1, 212.61
1735353218, 6, 3, 10, 0, 0, 0.00%, 0, 0, 1, 206.89
1735353223, 6, 4, 10, 0, 0, 0.00%, 0, 0, 1, 211.47
1735353228, 6, 6, 10, 0, 0, 0.00%, 0, 0, 1, 207.27
1735353233, 6, 7, 10, 0, 0, 0.00%, 0, 0, 1, 210.95
1735353238, 6, 9, 10, 0, 0, 0.00%, 0, 0, 1, 208.68
1735353243, 7, 0, 10, 0, 0, 0.00%, 0, 0, 1, 210.53
1735353248, 7, 1, 10, 0, 0, 0.00%, 0, 0, 1, 208.47
1735353253, 7, 3, 10, 0, 0, 0.00%, 0, 0, 1, 209.30
1735353258, 7, 4, 10, 0, 0, 0.00%, 0, 0, 1, 210.51
1735353263, 7, 6, 10, 0, 0, 0.00%, 0, 0, 1, 207.84
1735353268, 7, 7, 10, 0, 0, 0.00%, 0, 0, 1, 211.02
1735353273, 7, 9, 10, 0, 0, 0.00%, 0, 0, 1, 211.41
1735353279, 8, 0, 10, 0, 0, 0.00%, 0, 0, 1, 210.20
1735353284, 8, 1, 10, 0, 0, 0.00%, 0, 0, 1, 211.34
1735353289, 8, 3, 10, 0, 0, 0.00%, 0, 0, 1, 206.95
1735353294, 8, 4, 10, 0, 0, 0.00%, 0, 0, 1, 209.96
1735353299, 8, 6, 10, 0, 0, 0.00%, 0, 0, 1, 210.87
1735353304, 8, 7, 10, 0, 0, 0.00%, 0, 0, 1, 210.95
1735353309, 8, 9, 10, 0, 0, 0.00%, 0, 0, 1, 206.85
1735353314, 9, 0, 10, 0, 0, 0.00%, 0, 0, 1, 207.38
1735353319, 9, 1, 10, 0, 0, 0.00%, 0, 0, 1, 211.42
1735353324, 9, 3, 10, 0, 0, 0.00%, 0, 0, 1, 211.41
1735353329, 9, 4, 10, 0, 0, 0.00%, 0, 0, 1, 210.34
1735353334, 9, 6, 10, 0, 0, 0.00%, 0, 0, 1, 206.10
1735353339, 9, 7, 10, 0, 0, 0.00%, 0, 0, 1, 208.78
1735353344, 9, 8, 10, 0, 0, 0.00%, 0, 0, 1, 209.86
1735353349, 10, 0, 10, 0, 0, 0.00%, 0, 0, 1, 208.72
1735353354, 10, 1, 10, 0, 0, 0.00%, 0, 0, 1, 209.49
1735353360, 10, 3, 10, 0, 0, 0.00%, 0, 0, 1, 209.75
1735353365, 10, 10, 12, 2, 1, 0.05%, 2, 0, 3, 213.68
1735353405, 10, 10, 13, 3, 1, 0.05%, 3, 0, 3, 212.83
1735353496, 10, 10, 14, 4, 1, 0.05%, 3, 0, 3, 216.90
1735353506, 10, 12, 14, 3, 2, 0.05%, 3, 0, 3, 243.23
1735353512, 10, 12, 16, 5, 2, 0.05%, 3, 0, 4, 433.06
1735353517, 10, 12, 17, 6, 2, 0.05%, 3, 0, 4, 469.36
1735353557, 10, 12, 18, 7, 2, 0.05%, 4, 0, 4, 480.47
1735353572, 10, 12, 19, 8, 2, 0.05%, 4, 0, 4, 226.22
1735353583, 10, 17, 22, 10, 2, 0.06%, 6, 0, 5, 244.75
1735353588, 10, 17, 24, 12, 2, 0.06%, 6, 0, 5, 238.26
1735353593, 10, 17, 25, 13, 2, 0.06%, 6, 0, 5, 231.85
1735353603, 10, 17, 26, 14, 2, 0.06%, 6, 0, 5, 231.57
1735353725, 10, 17, 29, 17, 2, 0.06%, 6, 0, 5, 281.89
1735353730, 10, 17, 30, 18, 2, 0.06%, 6, 0, 5, 252.33
1735353740, 10, 17, 32, 20, 2, 0.06%, 6, 0, 5, 252.43
1735353750, 10, 17, 35, 23, 2, 0.06%, 7, 0, 5, 262.06
1735353755, 10, 33, 35, 22, 5, 0.06%, 7, 0, 5, 273.12
1735353760, 10, 33, 36, 23, 5, 0.06%, 7, 0, 6, 391.66
1735353780, 10, 33, 37, 24, 5, 0.06%, 8, 0, 6, 430.23
1735353785, 10, 33, 38, 25, 5, 0.06%, 8, 0, 6, 425.19
1735353795, 10, 33, 39, 26, 5, 0.06%, 8, 0, 6, 423.04
1735353800, 10, 33, 40, 27, 5, 0.06%, 8, 0, 6, 422.30
1735353805, 10, 33, 41, 28, 5, 0.06%, 8, 0, 6, 418.86
1735353810, 10, 33, 42, 29, 5, 0.06%, 8, 0, 6, 428.70
1735353841, 10, 36, 44, 30, 5, 0.06%, 9, 0, 7, 393.16
1735353846, 10, 36, 45, 31, 5, 0.06%, 9, 0, 7, 480.07
1735353861, 10, 36, 46, 32, 5, 0.06%, 9, 0, 7, 513.03
1735353866, 10, 36, 47, 33, 5, 0.06%, 9, 0, 7, 510.28
1735353871, 10, 36, 48, 34, 5, 0.06%, 9, 0, 7, 517.69
1735353917, 10, 42, 49, 34, 5, 0.06%, 9, 0, 8, 359.14
1735353948, 10, 46, 49, 33, 4, 0.06%, 9, 0, 8, 254.08
1735353958, 10, 46, 50, 34, 4, 0.06%, 9, 0, 8, 360.74
1735353978, 10, 46, 52, 36, 4, 0.06%, 9, 0, 8, 378.71
1735354054, 10, 51, 53, 36, 4, 0.06%, 9, 0, 9, 371.65
1735354064, 10, 51, 56, 39, 4, 0.06%, 9, 0, 9, 498.65
1735354079, 10, 51, 59, 42, 4, 0.06%, 9, 0, 9, 484.77
1735354196, 11, 42, 59, 41, 4, 0.06%, 9, 0, 9, 355.97
1735354201, 11, 42, 60, 42, 4, 0.06%, 9, 0, 9, 477.67
1735354217, 11, 48, 60, 42, 4, 0.06%, 9, 0, 9, 299.20
1735354227, 11, 48, 61, 43, 4, 0.06%, 9, 0, 9, 431.31
1735354257, 11, 48, 62, 44, 4, 0.06%, 9, 0, 9, 433.42
1735354262, 11, 48, 63, 45, 4, 0.06%, 9, 0, 9, 440.15
1735354277, 11, 48, 64, 46, 4, 0.06%, 9, 0, 9, 317.89
1735354288, 11, 48, 65, 47, 4, 0.06%, 9, 0, 9, 297.84
1735354298, 11, 49, 65, 46, 4, 0.06%, 9, 0, 9, 346.65
1735354354, 11, 59, 66, 46, 4, 0.06%, 9, 0, 9, 454.26
1735354369, 11, 59, 67, 47, 4, 0.06%, 9, 0, 9, 454.79
1735354435, 11, 60, 67, 46, 4, 0.06%, 9, 0, 9, 368.44
1735354485, 12, 11, 67, 45, 4, 0.06%, 9, 0, 9, 299.98
1735354506, 12, 12, 67, 44, 3, 0.06%, 9, 0, 9, 353.04
1735354516, 12, 13, 67, 44, 3, 0.06%, 9, 0, 9, 369.68
1735354531, 12, 14, 67, 43, 3, 0.06%, 9, 0, 9, 306.51
1735354561, 12, 14, 68, 44, 3, 0.06%, 9, 0, 9, 332.68
1735354572, 12, 15, 68, 43, 3, 0.06%, 9, 0, 9, 399.85
1735354602, 12, 15, 69, 44, 3, 0.06%, 9, 0, 9, 294.90
1735354607, 12, 16, 69, 43, 3, 0.06%, 9, 0, 9, 499.92
1735354643, 12, 17, 69, 42, 3, 0.06%, 9, 0, 9, 279.78
1735354663, 12, 18, 69, 42, 3, 0.06%, 9, 0, 9, 312.26
1735354698, 12, 19, 69, 41, 3, 0.06%, 9, 0, 9, 261.02
1735354749, 12, 42, 69, 40, 2, 0.06%, 9, 0, 9, 380.82
1735354759, 12, 48, 69, 40, 2, 0.06%, 9, 0, 9, 382.45
1735354785, 12, 49, 69, 40, 2, 0.06%, 9, 0, 9, 373.25
1735354805, 12, 49, 70, 41, 2, 0.06%, 9, 0, 9, 312.11
1735354815, 12, 59, 70, 41, 2, 0.06%, 9, 0, 9, 422.00
1735354841, 12, 60, 70, 41, 2, 0.06%, 9, 0, 9, 393.28
1735354866, 12, 61, 70, 41, 2, 0.06%, 9, 0, 9, 273.06
1735354876, 12, 61, 71, 42, 2, 0.06%, 9, 0, 10, 463.83
1735355050, 12, 62, 71, 41, 2, 0.06%, 9, 0, 10, 307.39
1735355070, 12, 62, 72, 42, 2, 0.06%, 9, 0, 10, 303.97
1735355151, 12, 63, 72, 41, 2, 0.06%, 9, 0, 10, 291.70
1735355202, 12, 67, 72, 40, 2, 0.06%, 9, 0, 10, 374.65
1735355304, 12, 68, 72, 39, 2, 0.06%, 9, 0, 10, 382.25
1735355350, 12, 68, 74, 41, 2, 0.06%, 9, 0, 10, 459.03
1735355396, 12, 72, 74, 40, 2, 0.06%, 9, 0, 10, 402.28
1735355473, 13, 11, 74, 39, 2, 0.06%, 9, 0, 10, 312.64
1735355483, 13, 14, 74, 39, 2, 0.06%, 9, 0, 10, 352.59
1735355503, 13, 15, 74, 39, 2, 0.06%, 9, 0, 10, 301.24
1735355524, 13, 16, 74, 39, 2, 0.06%, 9, 0, 10, 439.76
1735355539, 13, 17, 74, 39, 2, 0.06%, 9, 0, 10, 281.59
1735355549, 13, 18, 74, 39, 2, 0.06%, 9, 0, 10, 347.03
1735355569, 13, 19, 74, 39, 2, 0.06%, 9, 0, 10, 281.34
1735355590, 13, 20, 74, 39, 2, 0.06%, 9, 0, 10, 436.90
1735355620, 13, 21, 74, 38, 1, 0.06%, 9, 0, 10, 427.53
1735355651, 13, 22, 74, 37, 0, 0.06%, 9, 0, 10, 372.22
1735355686, 13, 23, 74, 36, 0, 0.06%, 9, 0, 10, 309.49
1735355737, 13, 23, 76, 38, 0, 0.06%, 9, 0, 10, 503.69
1735356030, 13, 25, 76, 37, 0, 0.06%, 9, 0, 10, 301.16
1735356101, 13, 28, 76, 36, 0, 0.06%, 9, 0, 10, 275.57
1735356147, 13, 30, 76, 35, 0, 0.06%, 9, 0, 10, 370.52
1735356243, 13, 36, 76, 34, 0, 0.06%, 9, 0, 10, 427.87
1735356259, 13, 39, 76, 34, 0, 0.06%, 9, 0, 10, 350.74
1735356300, 13, 40, 76, 33, 0, 0.06%, 9, 0, 10, 314.95
1735356335, 13, 41, 76, 32, 0, 0.06%, 9, 0, 10, 339.44
1735356371, 13, 42, 76, 31, 0, 0.06%, 9, 0, 10, 319.86
1735356381, 13, 43, 76, 31, 0, 0.06%, 9, 0, 10, 393.76
1735356416, 13, 44, 76, 30, 0, 0.06%, 9, 0, 10, 464.94
1735356447, 13, 45, 76, 29, 0, 0.06%, 9, 0, 10, 336.68
1735356498, 13, 46, 76, 28, 0, 0.06%, 9, 0, 10, 446.87
1735356513, 13, 47, 76, 28, 0, 0.06%, 9, 0, 10, 284.56
1735356554, 13, 48, 76, 27, 0, 0.06%, 9, 0, 10, 385.03
1735356564, 13, 49, 76, 27, 0, 0.06%, 9, 0, 10, 339.76
1735356579, 13, 50, 76, 27, 0, 0.06%, 9, 0, 10, 407.70
1735356656, 13, 51, 76, 26, 0, 0.06%, 9, 0, 10, 315.63
1735356779, 13, 52, 76, 26, 0, 0.06%, 9, 0, 10, 370.19
1735356927, 13, 59, 76, 25, 0, 0.06%, 9, 0, 10, 415.17
1735356937, 13, 60, 76, 25, 0, 0.06%, 9, 0, 10, 324.81
1735356953, 13, 61, 76, 25, 0, 0.06%, 9, 0, 10, 300.79
1735356978, 13, 62, 76, 25, 0, 0.06%, 9, 0, 10, 435.79
1735357029, 13, 63, 76, 25, 0, 0.06%, 9, 0, 10, 409.32
1735357060, 13, 64, 76, 25, 0, 0.06%, 9, 0, 10, 423.12
1735357106, 13, 65, 76, 24, 0, 0.06%, 9, 0, 10, 434.06
1735357157, 13, 66, 76, 23, 0, 0.06%, 9, 0, 10, 388.11
1735357238, 13, 69, 76, 22, 0, 0.06%, 9, 0, 10, 389.26
1735357365, 13, 70, 76, 21, 0, 0.06%, 9, 0, 10, 341.15
1735357549, 13, 71, 76, 20, 0, 0.06%, 9, 0, 10, 360.52
1735357621, 13, 71, 77, 21, 0, 0.06%, 9, 0, 11, 477.57
1735357672, 13, 72, 77, 20, 0, 0.06%, 9, 0, 11, 365.65
1735357687, 13, 73, 77, 20, 0, 0.06%, 9, 0, 11, 299.14
1735357764, 13, 74, 77, 19, 0, 0.06%, 9, 0, 11, 322.71
1735357866, 13, 76, 77, 18, 0, 0.06%, 9, 0, 11, 345.09
1735357968, 14, 11, 77, 17, 0, 0.06%, 9, 0, 11, 287.70
1735357973, 14, 14, 77, 17, 0, 0.06%, 9, 0, 11, 360.61
1735357984, 14, 18, 77, 17, 0, 0.06%, 9, 0, 11, 318.55
1735357989, 14, 19, 77, 17, 0, 0.06%, 9, 0, 11, 293.28
1735358004, 14, 21, 77, 17, 0, 0.06%, 9, 0, 11, 296.26
1735358024, 14, 22, 77, 17, 0, 0.06%, 9, 0, 11, 413.17
1735358039, 14, 25, 77, 17, 0, 0.06%, 9, 0, 11, 303.84
1735358060, 14, 28, 77, 17, 0, 0.06%, 9, 0, 11, 288.05
1735358080, 14, 30, 77, 17, 0, 0.06%, 9, 0, 11, 293.23
1735358100, 14, 31, 77, 17, 0, 0.06%, 9, 0, 11, 301.58
1735358146, 14, 32, 77, 16, 0, 0.06%, 9, 0, 11, 356.78
1735358247, 14, 34, 77, 15, 0, 0.06%, 9, 0, 11, 380.93
1735358344, 14, 36, 77, 14, 0, 0.06%, 9, 0, 11, 375.37
1735358349, 14, 39, 77, 14, 0, 0.06%, 9, 0, 11, 297.10
1735358370, 14, 40, 77, 14, 0, 0.06%, 9, 0, 11, 315.82
1735358390, 14, 41, 77, 14, 0, 0.06%, 9, 0, 11, 369.16
1735358405, 14, 42, 77, 14, 0, 0.06%, 9, 0, 11, 305.68
1735358410, 14, 43, 77, 14, 0, 0.06%, 9, 0, 11, 369.27
1735358431, 14, 44, 77, 14, 0, 0.06%, 9, 0, 11, 432.87
1735358446, 14, 45, 77, 14, 0, 0.06%, 9, 0, 11, 305.02
1735358466, 14, 46, 77, 14, 0, 0.06%, 9, 0, 11, 363.94
1735358471, 14, 47, 77, 14, 0, 0.06%, 9, 0, 11, 360.45
1735358491, 14, 48, 77, 14, 0, 0.06%, 9, 0, 11, 367.54
1735358501, 14, 49, 77, 14, 0, 0.06%, 9, 0, 11, 372.28
1735358517, 14, 50, 77, 14, 0, 0.06%, 9, 0, 11, 417.65
1735358542, 14, 51, 77, 14, 0, 0.06%, 9, 0, 11, 376.58
1735358557, 14, 52, 77, 14, 0, 0.06%, 9, 0, 11, 416.37
1735358583, 14, 53, 77, 14, 0, 0.06%, 9, 0, 11, 449.16
1735358629, 14, 54, 77, 13, 0, 0.06%, 9, 0, 11, 382.64
1735358669, 14, 55, 77, 12, 0, 0.06%, 9, 0, 11, 358.22
1735358720, 14, 56, 77, 11, 0, 0.06%, 9, 0, 11, 354.53
1735358832, 14, 57, 77, 10, 0, 0.06%, 9, 0, 11, 335.42
1735358949, 14, 58, 77, 9, 0, 0.06%, 9, 0, 11, 318.38
1735359067, 14, 59, 77, 8, 0, 0.06%, 9, 0, 11, 406.31
1735359077, 14, 60, 77, 8, 0, 0.06%, 9, 0, 11, 317.95
1735359092, 14, 61, 77, 8, 0, 0.06%, 9, 0, 11, 318.48
1735359107, 14, 62, 77, 8, 0, 0.06%, 9, 0, 11, 398.53
1735359122, 14, 63, 77, 8, 0, 0.06%, 9, 0, 11, 385.87
1735359133, 14, 64, 77, 8, 0, 0.06%, 9, 0, 11, 439.38
1735359158, 14, 65, 77, 8, 0, 0.06%, 9, 0, 11, 439.30
1735359183, 14, 66, 77, 8, 0, 0.06%, 9, 0, 11, 404.39
1735359209, 14, 67, 77, 8, 0, 0.06%, 9, 0, 11, 447.81
1735359295, 14, 69, 77, 8, 0, 0.06%, 9, 0, 11, 306.31
1735359326, 14, 70, 77, 8, 0, 0.06%, 9, 0, 11, 373.53
1735359351, 14, 71, 77, 8, 0, 0.06%, 9, 0, 11, 344.39
1735359376, 14, 76, 77, 8, 0, 0.06%, 9, 0, 11, 334.80
1735359402, 15, 42, 77, 8, 0, 0.06%, 9, 0, 11, 355.72
1735359407, 15, 48, 77, 8, 0, 0.06%, 9, 0, 11, 378.43
1735359412, 15, 49, 77, 8, 0, 0.06%, 9, 0, 11, 323.24
1735359422, 15, 59, 77, 8, 0, 0.06%, 9, 0, 11, 417.55
1735359432, 15, 60, 77, 8, 0, 0.06%, 9, 0, 11, 333.25
1735359448, 15, 61, 77, 8, 0, 0.06%, 9, 0, 11, 274.26
1735359463, 15, 62, 77, 8, 0, 0.06%, 9, 0, 11, 365.86
1735359478, 15, 63, 77, 8, 0, 0.06%, 9, 0, 11, 382.63
1735359488, 15, 64, 77, 8, 0, 0.06%, 9, 0, 11, 356.37
1735359504, 15, 65, 77, 8, 0, 0.06%, 9, 0, 11, 396.40
1735359514, 15, 66, 77, 8, 0, 0.06%, 9, 0, 11, 338.99
1735359529, 15, 69, 77, 8, 0, 0.06%, 9, 0, 11, 322.75
1735359554, 15, 70, 77, 8, 0, 0.06%, 9, 0, 11, 337.46
1735359585, 15, 71, 77, 8, 0, 0.06%, 9, 0, 11, 414.96
1735359610, 15, 76, 78, 9, 0, 0.06%, 9, 0, 12, 417.56
1735359641, 15, 77, 79, 10, 0, 0.06%, 9, 0, 13, 375.54
1735359743, 15, 78, 79, 9, 0, 0.06%, 9, 0, 13, 357.88
1735359846, 16, 42, 79, 8, 0, 0.06%, 9, 0, 13, 344.23
1735359851, 16, 48, 79, 8, 0, 0.06%, 9, 0, 13, 349.60
1735359856, 16, 49, 79, 8, 0, 0.06%, 9, 0, 13, 351.35
1735359866, 16, 59, 79, 8, 0, 0.06%, 9, 0, 13, 346.10
1735359871, 16, 60, 79, 8, 0, 0.06%, 9, 0, 13, 348.98
1735359876, 16, 61, 79, 8, 0, 0.06%, 9, 0, 13, 304.09
1735359891, 16, 62, 79, 8, 0, 0.06%, 9, 0, 13, 375.32
1735359906, 16, 63, 79, 8, 0, 0.06%, 9, 0, 13, 386.10
1735359917, 16, 64, 79, 8, 0, 0.06%, 9, 0, 13, 426.42
1735359927, 16, 65, 79, 8, 0, 0.06%, 9, 0, 13, 375.92
1735359942, 16, 66, 79, 8, 0, 0.06%, 9, 0, 13, 403.36
1735359957, 16, 69, 79, 8, 0, 0.06%, 9, 0, 13, 319.31
1735359962, 16, 70, 79, 8, 0, 0.06%, 9, 0, 13, 298.78
1735359972, 16, 71, 79, 8, 0, 0.06%, 9, 0, 13, 385.83
1735359978, 16, 76, 79, 8, 0, 0.06%, 9, 0, 13, 329.38
1735359993, 16, 77, 79, 8, 0, 0.06%, 9, 0, 13, 362.03
1735360018, 16, 78, 79, 8, 0, 0.06%, 9, 0, 13, 427.58
1735360044, 17, 42, 79, 8, 0, 0.06%, 9, 0, 13, 324.33
1735360049, 17, 48, 79, 8, 0, 0.06%, 9, 0, 13, 364.19
1735360054, 17, 49, 79, 8, 0, 0.06%, 9, 0, 13, 336.83
1735360064, 17, 59, 79, 8, 0, 0.06%, 9, 0, 13, 324.54
1735360069, 17, 60, 79, 8, 0, 0.06%, 9, 0, 13, 358.46
1735360074, 17, 61, 79, 8, 0, 0.06%, 9, 0, 13, 322.89
1735360084, 17, 62, 79, 8, 0, 0.06%, 9, 0, 13, 359.07
1735360089, 17, 63, 79, 8, 0, 0.06%, 9, 0, 13, 389.84
1735360099, 17, 64, 79, 8, 0, 0.06%, 9, 0, 13, 415.92
1735360109, 17, 65, 79, 8, 0, 0.06%, 9, 0, 13, 437.81
1735360124, 17, 66, 79, 8, 0, 0.06%, 9, 0, 13, 339.92
1735360170, 17, 67, 79, 8, 0, 0.06%, 9, 0, 13, 330.55
1735360191, 17, 68, 79, 8, 0, 0.06%, 9, 0, 13, 374.18
1735360211, 17, 69, 79, 8, 0, 0.06%, 9, 0, 13, 308.25
1735360216, 17, 70, 79, 8, 0, 0.06%, 9, 0, 13, 323.34
1735360226, 17, 71, 79, 8, 0, 0.06%, 9, 0, 13, 374.34
1735360237, 17, 72, 79, 8, 0, 0.06%, 9, 0, 13, 417.75
1735360252, 17, 73, 79, 8, 0, 0.06%, 9, 0, 13, 351.70
1735360267, 17, 74, 79, 8, 0, 0.06%, 9, 0, 13, 357.16
1735360288, 17, 75, 79, 8, 0, 0.06%, 9, 0, 13, 291.84
1735360394, 17, 76, 79, 7, 0, 0.06%, 9, 0, 13, 383.27
1735360425, 17, 77, 79, 7, 0, 0.06%, 9, 0, 13, 348.37
1735360507, 17, 78, 79, 7, 0, 0.06%, 9, 0, 13, 328.49
1735360588, 18, 11, 79, 7, 0, 0.06%, 9, 0, 13, 319.36
1735360593, 18, 12, 79, 7, 0, 0.06%, 9, 0, 13, 326.75
1735360598, 18, 13, 79, 7, 0, 0.06%, 9, 0, 13, 344.91
1735360604, 18, 14, 79, 7, 0, 0.06%, 9, 0, 13, 345.49
1735360614, 18, 15, 79, 7, 0, 0.06%, 9, 0, 13, 387.11
1735360624, 18, 16, 79, 7, 0, 0.06%, 9, 0, 13, 374.72
1735360629, 18, 17, 79, 7, 0, 0.06%, 9, 0, 13, 318.35
1735360639, 18, 18, 79, 7, 0, 0.06%, 9, 0, 13, 332.44
1735360649, 18, 19, 79, 7, 0, 0.06%, 9, 0, 13, 279.59
1735360659, 18, 20, 79, 7, 0, 0.06%, 9, 0, 13, 395.77
1735360675, 18, 21, 79, 7, 0, 0.06%, 9, 0, 13, 289.75
1735360685, 18, 22, 79, 7, 0, 0.06%, 9, 0, 13, 339.17
1735360700, 18, 23, 79, 7, 0, 0.06%, 9, 0, 13, 388.23
1735360720, 18, 24, 79, 7, 0, 0.06%, 9, 0, 13, 367.81
1735360797, 18, 25, 79, 6, 0, 0.06%, 9, 0, 13, 450.79
1735360838, 18, 26, 79, 6, 0, 0.06%, 9, 0, 13, 387.57
1735360874, 18, 27, 79, 5, 0, 0.06%, 9, 0, 13, 367.67
1735360909, 18, 28, 79, 4, 0, 0.06%, 9, 0, 13, 311.12
1735360924, 18, 29, 79, 4, 0, 0.06%, 9, 0, 13, 290.06
1735361026, 18, 30, 79, 3, 0, 0.06%, 9, 0, 13, 323.19
1735361097, 18, 31, 79, 3, 0, 0.06%, 9, 0, 13, 306.50
1735361123, 18, 32, 79, 3, 0, 0.06%, 9, 0, 13, 312.65
1735361143, 18, 34, 79, 3, 0, 0.06%, 9, 0, 13, 342.15
1735361163, 18, 36, 79, 3, 0, 0.06%, 9, 0, 13, 362.45
1735361168, 18, 39, 79, 3, 0, 0.06%, 9, 0, 13, 336.19
1735361178, 18, 40, 79, 3, 0, 0.06%, 9, 0, 13, 318.94
1735361189, 18, 41, 79, 3, 0, 0.06%, 9, 0, 13, 392.89
1735361199, 18, 43, 79, 3, 0, 0.06%, 9, 0, 13, 341.01
1735361209, 18, 44, 79, 3, 0, 0.06%, 9, 0, 13, 417.24
1735361219, 18, 45, 79, 3, 0, 0.06%, 9, 0, 13, 322.07
1735361229, 18, 46, 79, 3, 0, 0.06%, 9, 0, 13, 350.28
1735361234, 18, 47, 79, 3, 0, 0.06%, 9, 0, 13, 343.28
1735361244, 18, 48, 79, 3, 0, 0.06%, 9, 0, 13, 360.36
1735361249, 18, 49, 79, 3, 0, 0.06%, 9, 0, 13, 344.43
1735361259, 18, 50, 79, 3, 0, 0.06%, 9, 0, 13, 411.62
1735361269, 18, 51, 79, 3, 0, 0.06%, 9, 0, 13, 316.16
1735361285, 18, 52, 79, 3, 0, 0.06%, 9, 0, 13, 375.27
1735361300, 18, 53, 79, 3, 0, 0.06%, 9, 0, 13, 474.10
1735361320, 18, 54, 79, 3, 0, 0.06%, 9, 0, 13, 382.58
1735361341, 18, 55, 79, 3, 0, 0.06%, 9, 0, 13, 368.89
1735361366, 18, 56, 79, 3, 0, 0.06%, 9, 0, 13, 380.34
1735361391, 18, 57, 79, 3, 0, 0.06%, 9, 0, 13, 346.53
1735361417, 18, 58, 79, 3, 0, 0.06%, 9, 0, 13, 327.67
1735361442, 18, 59, 79, 3, 0, 0.06%, 9, 0, 13, 360.84
1735361447, 18, 60, 79, 3, 0, 0.06%, 9, 0, 13, 394.10
1735361452, 18, 61, 79, 3, 0, 0.06%, 9, 0, 13, 333.03
1735361462, 18, 62, 79, 3, 0, 0.06%, 9, 0, 13, 391.25
1735361468, 18, 63, 79, 3, 0, 0.06%, 9, 0, 13, 364.01
1735361478, 18, 64, 79, 3, 0, 0.06%, 9, 0, 13, 363.05
1735361483, 18, 65, 79, 3, 0, 0.06%, 9, 0, 13, 357.95
1735361488, 18, 66, 79, 3, 0, 0.06%, 9, 0, 13, 385.77
1735361498, 18, 67, 79, 3, 0, 0.06%, 9, 0, 13, 438.25
1735361569, 18, 69, 79, 3, 0, 0.06%, 9, 0, 13, 312.84
1735361579, 18, 70, 79, 3, 0, 0.06%, 9, 0, 13, 365.50
1735361584, 18, 71, 79, 3, 0, 0.06%, 9, 0, 13, 346.32
1735361595, 18, 76, 79, 3, 0, 0.06%, 9, 0, 13, 387.85
1735361600, 18, 77, 79, 3, 0, 0.06%, 9, 0, 13, 325.54
1735361615, 18, 78, 79, 3, 0, 0.06%, 9, 0, 13, 388.79
1735361630, 19, 14, 79, 3, 0, 0.06%, 9, 0, 13, 333.53
1735361635, 19, 18, 79, 3, 0, 0.06%, 9, 0, 13, 327.27
1735361640, 19, 19, 79, 3, 0, 0.06%, 9, 0, 13, 304.34
1735361645, 19, 21, 79, 3, 0, 0.06%, 9, 0, 13, 300.03
1735361656, 19, 22, 79, 3, 0, 0.06%, 9, 0, 13, 358.29
1735361661, 19, 25, 79, 3, 0, 0.06%, 9, 0, 13, 327.02
1735361671, 19, 28, 79, 3, 0, 0.06%, 9, 0, 13, 327.77
1735361681, 19, 30, 79, 3, 0, 0.06%, 9, 0, 13, 318.42
1735361691, 19, 31, 79, 3, 0, 0.06%, 9, 0, 13, 331.00
1735361701, 19, 32, 79, 3, 0, 0.06%, 9, 0, 13, 317.02
1735361711, 19, 34, 79, 3, 0, 0.06%, 9, 0, 13, 307.08
1735361721, 19, 36, 79, 3, 0, 0.06%, 9, 0, 13, 364.00
1735361726, 19, 39, 79, 3, 0, 0.06%, 9, 0, 13, 382.25
1735361737, 19, 40, 79, 3, 0, 0.06%, 9, 0, 13, 318.36
1735361747, 19, 41, 79, 3, 0, 0.06%, 9, 0, 13, 342.07
1735361752, 19, 42, 79, 3, 0, 0.06%, 9, 0, 13, 339.59
1735361757, 19, 43, 79, 3, 0, 0.06%, 9, 0, 13, 379.83
1735361767, 19, 44, 79, 3, 0, 0.06%, 9, 0, 13, 382.31
1735361772, 19, 44, 80, 4, 0, 0.06%, 9, 0, 13, 354.29
1735361777, 19, 45, 80, 4, 0, 0.06%, 9, 0, 13, 292.54
1735361782, 19, 46, 80, 4, 0, 0.06%, 9, 0, 13, 315.50
1735361787, 19, 47, 80, 4, 0, 0.06%, 9, 0, 13, 351.30
1735361797, 19, 48, 80, 4, 0, 0.06%, 9, 0, 13, 358.64
1735361802, 19, 49, 80, 4, 0, 0.06%, 9, 0, 13, 369.36
1735361807, 19, 50, 80, 4, 0, 0.06%, 9, 0, 13, 328.21
1735361823, 19, 51, 80, 4, 0, 0.06%, 9, 0, 13, 349.92
1735361833, 19, 52, 80, 4, 0, 0.06%, 9, 0, 13, 407.39
1735361843, 19, 53, 80, 4, 0, 0.06%, 9, 0, 13, 349.50
1735361858, 19, 54, 80, 4, 0, 0.06%, 9, 0, 13, 375.42
1735361869, 19, 55, 80, 4, 0, 0.06%, 9, 0, 13, 406.54
1735361879, 19, 56, 80, 4, 0, 0.06%, 9, 0, 13, 322.22
1735361894, 19, 57, 80, 4, 0, 0.06%, 9, 0, 13, 407.40
1735361904, 19, 58, 80, 4, 0, 0.06%, 9, 0, 13, 325.68
1735361920, 19, 59, 80, 4, 0, 0.06%, 9, 0, 13, 353.92
1735361925, 19, 60, 80, 4, 0, 0.06%, 9, 0, 13, 363.52
1735361930, 19, 61, 80, 4, 0, 0.06%, 9, 0, 13, 319.18
1735361940, 19, 62, 80, 4, 0, 0.06%, 9, 0, 13, 375.93
1735361945, 19, 63, 80, 4, 0, 0.06%, 9, 0, 13, 375.85
1735361955, 19, 64, 80, 4, 0, 0.06%, 9, 0, 13, 359.10
1735361960, 19, 65, 80, 4, 0, 0.06%, 9, 0, 13, 355.94
1735361965, 19, 66, 80, 4, 0, 0.06%, 9, 0, 13, 391.53
1735361970, 19, 67, 80, 4, 0, 0.06%, 9, 0, 13, 341.18
1735361975, 19, 69, 80, 4, 0, 0.06%, 9, 0, 13, 336.95
1735361985, 19, 70, 80, 4, 0, 0.06%, 9, 0, 13, 341.78
1735361995, 19, 71, 80, 4, 0, 0.06%, 9, 0, 13, 363.73
1735362000, 19, 76, 80, 4, 0, 0.06%, 9, 0, 13, 353.17
1735362011, 19, 77, 80, 4, 0, 0.06%, 9, 0, 13, 419.44
1735362021, 19, 78, 80, 4, 0, 0.06%, 9, 0, 13, 327.26
1735362036, 20, 14, 80, 4, 0, 0.06%, 9, 0, 13, 323.30
1735362041, 20, 18, 80, 4, 0, 0.06%, 9, 0, 13, 314.69
1735362046, 20, 19, 80, 4, 0, 0.06%, 9, 0, 13, 290.38
1735362051, 20, 21, 80, 4, 0, 0.06%, 9, 0, 13, 297.76
1735362056, 20, 22, 80, 4, 0, 0.06%, 9, 0, 13, 346.94
1735362061, 20, 25, 80, 4, 0, 0.06%, 9, 0, 13, 321.83
1735362066, 20, 28, 80, 4, 0, 0.06%, 9, 0, 13, 308.80
1735362071, 20, 30, 80, 4, 0, 0.06%, 9, 0, 13, 314.30
1735362076, 20, 31, 80, 4, 0, 0.06%, 9, 0, 13, 300.82
1735362087, 20, 32, 80, 4, 0, 0.06%, 9, 0, 13, 311.80
1735362097, 20, 34, 80, 4, 0, 0.06%, 9, 0, 13, 315.84
1735362107, 20, 36, 80, 4, 0, 0.06%, 9, 0, 13, 320.29
1735362112, 20, 39, 80, 4, 0, 0.06%, 9, 0, 13, 311.10
1735362117, 20, 40, 80, 4, 0, 0.06%, 9, 0, 13, 320.43
1735362122, 20, 41, 80, 4, 0, 0.06%, 9, 0, 13, 355.12
1735362127, 20, 42, 80, 4, 0, 0.06%, 9, 0, 13, 363.22
1735362132, 20, 43, 80, 4, 0, 0.06%, 9, 0, 13, 341.87
1735362137, 20, 44, 80, 4, 0, 0.06%, 9, 0, 13, 336.19
1735362142, 20, 45, 80, 4, 0, 0.06%, 9, 0, 13, 294.49
1735362147, 20, 47, 80, 4, 0, 0.06%, 9, 0, 13, 326.81
1735362152, 20, 48, 80, 4, 0, 0.06%, 9, 0, 13, 375.18
1735362158, 20, 49, 80, 4, 0, 0.06%, 9, 0, 13, 323.48
1735362168, 20, 50, 80, 4, 0, 0.06%, 9, 0, 13, 347.93
1735362173, 20, 51, 80, 4, 0, 0.06%, 9, 0, 13, 343.60
1735362183, 20, 52, 80, 4, 0, 0.06%, 9, 0, 13, 345.82
1735362188, 20, 53, 80, 4, 0, 0.06%, 9, 0, 13, 398.01
1735362203, 20, 54, 80, 4, 0, 0.06%, 9, 0, 13, 362.45
1735362213, 20, 55, 80, 4, 0, 0.06%, 9, 0, 13, 414.67
1735362224, 20, 56, 80, 4, 0, 0.06%, 9, 0, 13, 387.61
1735362239, 20, 57, 80, 4, 0, 0.06%, 9, 0, 13, 397.51
1735362249, 20, 58, 80, 4, 0, 0.06%, 9, 0, 13, 352.80
1735362264, 20, 59, 80, 4, 0, 0.06%, 9, 0, 13, 364.11
1735362269, 20, 60, 80, 4, 0, 0.06%, 9, 0, 13, 348.69
1735362279, 20, 61, 80, 4, 0, 0.06%, 9, 0, 13, 374.76
1735362284, 20, 62, 80, 4, 0, 0.06%, 9, 0, 13, 377.43
1735362294, 20, 63, 80, 4, 0, 0.06%, 9, 0, 13, 331.86
1735362300, 20, 64, 80, 4, 0, 0.06%, 9, 0, 13, 371.15
1735362305, 20, 65, 80, 4, 0, 0.06%, 9, 0, 13, 368.82
1735362310, 20, 66, 80, 4, 0, 0.06%, 9, 0, 13, 355.50
1735362320, 20, 67, 80, 4, 0, 0.06%, 9, 0, 13, 336.42
1735362325, 20, 69, 80, 4, 0, 0.06%, 9, 0, 13, 331.25
1735362330, 20, 70, 80, 4, 0, 0.06%, 9, 0, 13, 329.96
1735362340, 20, 71, 80, 4, 0, 0.06%, 9, 0, 13, 387.00
1735362345, 20, 76, 80, 4, 0, 0.06%, 9, 0, 13, 342.76
1735362355, 20, 77, 80, 4, 0, 0.06%, 9, 0, 13, 423.34
1735362365, 20, 78, 80, 4, 0, 0.06%, 9, 0, 13, 359.07
1735362380, 21, 14, 80, 4, 0, 0.06%, 9, 0, 13, 377.32
1735362386, 21, 18, 80, 4, 0, 0.06%, 9, 0, 13, 339.81
1735362391, 21, 19, 80, 4, 0, 0.06%, 9, 0, 13, 290.63
1735362396, 21, 21, 80, 4, 0, 0.06%, 9, 0, 13, 305.67
1735362401, 21, 22, 80, 4, 0, 0.06%, 9, 0, 13, 332.82
1735362406, 21, 25, 80, 4, 0, 0.06%, 9, 0, 13, 313.44
1735362411, 21, 28, 80, 4, 0, 0.06%, 9, 0, 13, 307.67
1735362416, 21, 30, 80, 4, 0, 0.06%, 9, 0, 13, 308.07
1735362421, 21, 31, 80, 4, 0, 0.06%, 9, 0, 13, 310.40
1735362426, 21, 32, 80, 4, 0, 0.06%, 9, 0, 13, 314.79
1735362431, 21, 34, 80, 4, 0, 0.06%, 9, 0, 13, 319.54
1735362436, 21, 36, 80, 4, 0, 0.06%, 9, 0, 13, 375.63
1735362441, 21, 39, 80, 4, 0, 0.06%, 9, 0, 13, 347.52
1735362447, 21, 40, 80, 4, 0, 0.06%, 9, 0, 13, 327.55
1735362452, 21, 41, 80, 4, 0, 0.06%, 9, 0, 13, 335.96
1735362457, 21, 43, 80, 4, 0, 0.06%, 9, 0, 13, 347.92
1735362462, 21, 44, 80, 4, 0, 0.06%, 9, 0, 13, 365.57
1735362467, 21, 45, 80, 4, 0, 0.06%, 9, 0, 13, 315.01
1735362472, 21, 46, 80, 4, 0, 0.06%, 9, 0, 13, 355.24
1735362477, 21, 47, 80, 4, 0, 0.06%, 9, 0, 13, 342.66
1735362482, 21, 48, 80, 4, 0, 0.06%, 9, 0, 13, 349.09
1735362487, 21, 49, 80, 4, 0, 0.06%, 9, 0, 13, 375.79
1735362492, 21, 50, 80, 4, 0, 0.06%, 9, 0, 13, 357.96
1735362502, 21, 51, 80, 4, 0, 0.06%, 9, 0, 13, 376.48
1735362507, 21, 52, 80, 4, 0, 0.06%, 9, 0, 13, 336.31
1735362517, 21, 53, 80, 4, 0, 0.06%, 9, 0, 13, 353.82
1735362522, 21, 54, 80, 4, 0, 0.06%, 9, 0, 13, 351.84
1735362527, 21, 55, 80, 4, 0, 0.06%, 9, 0, 13, 392.07
1735362533, 21, 56, 80, 4, 0, 0.06%, 9, 0, 13, 318.04
1735362543, 21, 57, 80, 4, 0, 0.06%, 9, 0, 13, 378.31
1735362548, 21, 58, 80, 4, 0, 0.06%, 9, 0, 13, 351.29
1735362553, 21, 59, 80, 4, 0, 0.06%, 9, 0, 13, 386.69
1735362563, 21, 60, 80, 4, 0, 0.06%, 9, 0, 13, 340.15
1735362568, 21, 61, 80, 4, 0, 0.06%, 9, 0, 13, 348.78
1735362578, 21, 62, 80, 4, 0, 0.06%, 9, 0, 13, 355.42
1735362583, 21, 63, 80, 4, 0, 0.06%, 9, 0, 13, 363.01
1735362588, 21, 64, 80, 4, 0, 0.06%, 9, 0, 13, 396.64
1735362593, 21, 65, 80, 4, 0, 0.06%, 9, 0, 13, 356.73
1735362603, 21, 66, 80, 4, 0, 0.06%, 9, 0, 13, 383.73
1735362609, 21, 67, 80, 4, 0, 0.06%, 9, 0, 13, 361.45
1735362614, 21, 69, 80, 4, 0, 0.06%, 9, 0, 13, 327.17
1735362624, 21, 70, 80, 4, 0, 0.06%, 9, 0, 13, 376.39
1735362629, 21, 71, 80, 4, 0, 0.06%, 9, 0, 13, 329.06
1735362639, 21, 76, 80, 4, 0, 0.06%, 9, 0, 13, 385.56
1735362644, 21, 77, 80, 4, 0, 0.06%, 9, 0, 13, 322.27
1735362654, 21, 78, 80, 4, 0, 0.06%, 9, 0, 13, 384.10
1735362659, 22, 11, 80, 4, 0, 0.06%, 9, 0, 13, 326.76
1735362664, 22, 14, 80, 4, 0, 0.06%, 9, 0, 13, 339.89
1735362669, 22, 19, 80, 4, 0, 0.06%, 9, 0, 13, 326.44
1735362679, 22, 22, 80, 4, 0, 0.06%, 9, 0, 13, 307.09
1735362685, 22, 25, 80, 4, 0, 0.06%, 9, 0, 13, 328.95
1735362690, 22, 28, 80, 4, 0, 0.06%, 9, 0, 13, 298.71
1735362695, 22, 30, 80, 4, 0, 0.06%, 9, 0, 13, 306.73
1735362705, 22, 31, 80, 4, 0, 0.06%, 9, 0, 13, 307.79
1735362710, 22, 32, 80, 4, 0, 0.06%, 9, 0, 13, 327.53
1735362715, 22, 34, 80, 4, 0, 0.06%, 9, 0, 13, 321.51
1735362720, 22, 36, 80, 4, 0, 0.06%, 9, 0, 13, 349.39
1735362725, 22, 40, 80, 4, 0, 0.06%, 9, 0, 13, 331.39
1735362730, 22, 41, 80, 4, 0, 0.06%, 9, 0, 13, 314.25
1735362735, 22, 42, 80, 4, 0, 0.06%, 9, 0, 13, 379.84
1735362740, 22, 43, 80, 4, 0, 0.06%, 9, 0, 13, 371.49
1735362745, 22, 44, 80, 4, 0, 0.06%, 9, 0, 13, 365.33
1735362750, 22, 45, 80, 4, 0, 0.06%, 9, 0, 13, 313.52
1735362755, 22, 47, 80, 4, 0, 0.06%, 9, 0, 13, 343.25
1735362761, 22, 48, 80, 4, 0, 0.06%, 9, 0, 13, 384.11
1735362766, 22, 49, 80, 4, 0, 0.06%, 9, 0, 13, 339.27
1735362776, 22, 50, 80, 4, 0, 0.06%, 9, 0, 13, 352.07
1735362781, 22, 51, 80, 4, 0, 0.06%, 9, 0, 13, 322.97
1735362791, 22, 52, 80, 4, 0, 0.06%, 9, 0, 13, 393.16
1735362796, 22, 53, 80, 4, 0, 0.06%, 9, 0, 13, 389.43
1735362801, 22, 54, 80, 4, 0, 0.06%, 9, 0, 13, 356.83
1735362811, 22, 55, 80, 4, 0, 0.06%, 9, 0, 13, 343.66
1735362816, 22, 56, 80, 4, 0, 0.06%, 9, 0, 13, 374.12
1735362821, 22, 57, 80, 4, 0, 0.06%, 9, 0, 13, 330.52
1735362831, 22, 58, 80, 4, 0, 0.06%, 9, 0, 13, 358.17
1735362836, 22, 59, 80, 4, 0, 0.06%, 9, 0, 13, 380.24
1735362841, 22, 60, 80, 4, 0, 0.06%, 9, 0, 13, 384.55
1735362846, 22, 61, 80, 4, 0, 0.06%, 9, 0, 13, 320.74
1735362857, 22, 62, 80, 4, 0, 0.06%, 9, 0, 13, 370.98
1735362867, 22, 63, 80, 4, 0, 0.06%, 9, 0, 13, 341.80
1735362872, 22, 64, 80, 4, 0, 0.06%, 9, 0, 13, 348.86
1735362877, 22, 65, 80, 4, 0, 0.06%, 9, 0, 13, 368.57
1735362882, 22, 66, 80, 4, 0, 0.06%, 9, 0, 13, 375.26
1735362892, 22, 67, 80, 4, 0, 0.06%, 9, 0, 13, 330.18
1735362897, 22, 69, 80, 4, 0, 0.06%, 9, 0, 13, 324.36
1735362903, 22, 70, 80, 4, 0, 0.06%, 9, 0, 13, 311.22
1735362913, 22, 71, 80, 4, 0, 0.06%, 9, 0, 13, 378.42
1735362918, 22, 76, 80, 4, 0, 0.06%, 9, 0, 13, 337.16
1735362928, 22, 77, 80, 4, 0, 0.06%, 9, 0, 13, 355.59
1735362933, 22, 78, 80, 4, 0, 0.06%, 9, 0, 13, 339.66
1735362943, 23, 14, 80, 4, 0, 0.06%, 9, 0, 13, 349.44
1735362948, 23, 18, 80, 4, 0, 0.06%, 9, 0, 13, 336.61
1735362954, 23, 19, 80, 4, 0, 0.06%, 9, 0, 13, 304.00
1735362959, 23, 21, 80, 4, 0, 0.06%, 9, 0, 13, 312.09
1735362964, 23, 22, 80, 4, 0, 0.06%, 9, 0, 13, 325.27
1735362969, 23, 25, 80, 4, 0, 0.06%, 9, 0, 13, 326.88
1735362974, 23, 28, 80, 4, 0, 0.06%, 9, 0, 13, 305.32
1735362979, 23, 30, 80, 4, 0, 0.06%, 9, 0, 13, 313.89
1735362984, 23, 31, 80, 4, 0, 0.06%, 9, 0, 13, 308.31
1735362989, 23, 32, 80, 4, 0, 0.06%, 9, 0, 13, 330.08
1735362994, 23, 34, 80, 4, 0, 0.06%, 9, 0, 13, 315.31
1735362999, 23, 36, 80, 4, 0, 0.06%, 9, 0, 13, 330.76
1735363004, 23, 39, 80, 4, 0, 0.06%, 9, 0, 13, 308.03
1735363009, 23, 40, 80, 4, 0, 0.06%, 9, 0, 13, 315.27
1735363014, 23, 42, 80, 4, 0, 0.06%, 9, 0, 13, 367.71
1735363020, 23, 43, 80, 4, 0, 0.06%, 9, 0, 13, 370.57
1735363025, 23, 44, 80, 4, 0, 0.06%, 9, 0, 13, 354.62
1735363030, 23, 45, 80, 4, 0, 0.06%, 9, 0, 13, 310.80
1735363035, 23, 46, 80, 4, 0, 0.06%, 9, 0, 13, 339.55
1735363040, 23, 47, 80, 4, 0, 0.06%, 9, 0, 13, 334.68
1735363045, 23, 48, 80, 4, 0, 0.06%, 9, 0, 13, 344.79
1735363050, 23, 49, 80, 4, 0, 0.06%, 9, 0, 13, 347.07
1735363055, 23, 50, 80, 4, 0, 0.06%, 9, 0, 13, 384.43
1735363060, 23, 51, 80, 4, 0, 0.06%, 9, 0, 13, 355.64
1735363070, 23, 52, 80, 4, 0, 0.06%, 9, 0, 13, 384.42
1735363075, 23, 53, 80, 4, 0, 0.06%, 9, 0, 13, 347.27
1735363085, 23, 54, 80, 4, 0, 0.06%, 9, 0, 13, 340.33
1735363091, 23, 55, 80, 4, 0, 0.06%, 9, 0, 13, 346.44
1735363096, 23, 56, 80, 4, 0, 0.06%, 9, 0, 13, 352.02
1735363101, 23, 57, 80, 4, 0, 0.06%, 9, 0, 13, 376.81
1735363106, 23, 58, 80, 4, 0, 0.06%, 9, 0, 13, 330.21
1735363116, 23, 59, 80, 4, 0, 0.06%, 9, 0, 13, 362.04
1735363121, 23, 60, 80, 4, 0, 0.06%, 9, 0, 13, 373.94
1735363126, 23, 61, 80, 4, 0, 0.06%, 9, 0, 13, 340.05
1735363136, 23, 62, 80, 4, 0, 0.06%, 9, 0, 13, 383.02
1735363141, 23, 63, 80, 4, 0, 0.06%, 9, 0, 13, 347.00
1735363152, 23, 64, 80, 4, 0, 0.06%, 9, 0, 13, 337.35
1735363157, 23, 65, 80, 4, 0, 0.06%, 9, 0, 13, 353.75
1735363162, 23, 66, 80, 4, 0, 0.06%, 9, 0, 13, 366.68
1735363172, 23, 67, 80, 4, 0, 0.06%, 9, 0, 13, 335.05
1735363177, 23, 69, 80, 4, 0, 0.06%, 9, 0, 13, 319.45
1735363182, 23, 70, 80, 4, 0, 0.06%, 9, 0, 13, 327.99
1735363192, 23, 71, 80, 4, 0, 0.06%, 9, 0, 13, 392.62
1735363197, 23, 76, 80, 4, 0, 0.06%, 9, 0, 13, 332.07
1735363208, 23, 77, 80, 4, 0, 0.06%, 9, 0, 13, 380.06
1735363213, 23, 78, 80, 4, 0, 0.06%, 9, 0, 13, 337.28
1735363223, 24, 14, 80, 4, 0, 0.06%, 9, 0, 13, 349.42
1735363228, 24, 18, 80, 4, 0, 0.06%, 9, 0, 13, 339.24
1735363233, 24, 19, 80, 4, 0, 0.06%, 9, 0, 13, 305.66
1735363238, 24, 21, 80, 4, 0, 0.06%, 9, 0, 13, 310.61
1735363243, 24, 22, 80, 4, 0, 0.06%, 9, 0, 13, 322.19
1735363248, 24, 25, 80, 4, 0, 0.06%, 9, 0, 13, 324.11
1735363253, 24, 28, 80, 4, 0, 0.06%, 9, 0, 13, 302.63
1735363258, 24, 30, 80, 4, 0, 0.06%, 9, 0, 13, 329.16
1735363263, 24, 31, 80, 4, 0, 0.06%, 9, 0, 13, 315.49
1735363268, 24, 32, 80, 4, 0, 0.06%, 9, 0, 13, 322.47
1735363273, 24, 34, 80, 4, 0, 0.06%, 9, 0, 13, 317.91
1735363278, 24, 36, 80, 4, 0, 0.06%, 9, 0, 13, 356.20
1735363283, 24, 39, 80, 4, 0, 0.06%, 9, 0, 13, 340.37
1735363288, 24, 40, 80, 4, 0, 0.06%, 9, 0, 13, 320.46
1735363293, 24, 41, 80, 4, 0, 0.06%, 9, 0, 13, 338.62
1735363298, 24, 42, 80, 4, 0, 0.06%, 9, 0, 13, 339.61
1735363303, 24, 44, 80, 4, 0, 0.06%, 9, 0, 13, 362.77
1735363308, 24, 45, 80, 4, 0, 0.06%, 9, 0, 13, 316.61
1735363313, 24, 46, 80, 4, 0, 0.06%, 9, 0, 13, 360.52
1735363318, 24, 47, 80, 4, 0, 0.06%, 9, 0, 13, 359.50
1735363323, 24, 48, 80, 4, 0, 0.06%, 9, 0, 13, 371.27
1735363329, 24, 49, 80, 4, 0, 0.06%, 9, 0, 13, 374.96
1735363334, 24, 50, 80, 4, 0, 0.06%, 9, 0, 13, 351.60
1735363344, 24, 51, 80, 4, 0, 0.06%, 9, 0, 13, 386.49
1735363349, 24, 52, 80, 4, 0, 0.06%, 9, 0, 13, 326.22
1735363359, 24, 53, 80, 4, 0, 0.06%, 9, 0, 13, 359.85
1735363364, 24, 54, 80, 4, 0, 0.06%, 9, 0, 13, 368.75
1735363369, 24, 55, 80, 4, 0, 0.06%, 9, 0, 13, 353.86
1735363374, 24, 56, 80, 4, 0, 0.06%, 9, 0, 13, 370.74
1735363379, 24, 57, 80, 4, 0, 0.06%, 9, 0, 13, 352.14
1735363390, 24, 58, 80, 4, 0, 0.06%, 9, 0, 13, 386.53
1735363395, 24, 59, 80, 4, 0, 0.06%, 9, 0, 13, 352.83
1735363405, 24, 60, 80, 4, 0, 0.06%, 9, 0, 13, 341.08
1735363410, 24, 61, 80, 4, 0, 0.06%, 9, 0, 13, 358.70
1735363420, 24, 62, 80, 4, 0, 0.06%, 9, 0, 13, 359.82
1735363425, 24, 63, 80, 4, 0, 0.06%, 9, 0, 13, 366.20
1735363430, 24, 64, 80, 4, 0, 0.06%, 9, 0, 13, 392.36
1735363435, 24, 65, 80, 4, 0, 0.06%, 9, 0, 13, 333.14
1735363445, 24, 66, 80, 4, 0, 0.06%, 9, 0, 13, 355.27
1735363450, 24, 67, 80, 4, 0, 0.06%, 9, 0, 13, 352.18
1735363455, 24, 69, 80, 4, 0, 0.06%, 9, 0, 13, 328.91
1735363465, 24, 70, 80, 4, 0, 0.06%, 9, 0, 13, 353.17
1735363476, 24, 71, 80, 4, 0, 0.06%, 9, 0, 13, 380.89
1735363481, 24, 76, 80, 4, 0, 0.06%, 9, 0, 13, 367.54
1735363491, 24, 77, 80, 4, 0, 0.06%, 9, 0, 13, 355.72
1735363496, 24, 78, 80, 4, 0, 0.06%, 9, 0, 13, 355.89
1735363506, 25, 14, 80, 4, 0, 0.06%, 9, 0, 13, 334.26
1735363511, 25, 18, 80, 4, 0, 0.06%, 9, 0, 13, 315.36
1735363516, 25, 19, 80, 4, 0, 0.06%, 9, 0, 13, 299.56
1735363521, 25, 21, 80, 4, 0, 0.06%, 9, 0, 13, 285.29
1735363526, 25, 22, 80, 4, 0, 0.06%, 9, 0, 13, 336.68
1735363531, 25, 25, 80, 4, 0, 0.06%, 9, 0, 13, 333.79
1735363536, 25, 28, 80, 4, 0, 0.06%, 9, 0, 13, 309.29
1735363542, 25, 30, 80, 4, 0, 0.06%, 9, 0, 13, 311.81
1735363547, 25, 31, 80, 4, 0, 0.06%, 9, 0, 13, 312.48
1735363552, 25, 32, 80, 4, 0, 0.06%, 9, 0, 13, 298.29
1735363557, 25, 34, 80, 4, 0, 0.06%, 9, 0, 13, 332.23
1735363567, 25, 39, 80, 4, 0, 0.06%, 9, 0, 13, 324.26
1735363572, 25, 40, 80, 4, 0, 0.06%, 9, 0, 13, 324.88
1735363577, 25, 41, 80, 4, 0, 0.06%, 9, 0, 13, 354.13
1735363582, 25, 42, 80, 4, 0, 0.06%, 9, 0, 13, 364.13
1735363587, 25, 43, 80, 4, 0, 0.06%, 9, 0, 13, 334.35
1735363592, 25, 44, 80, 4, 0, 0.06%, 9, 0, 13, 350.25
1735363597, 25, 45, 80, 4, 0, 0.06%, 9, 0, 13, 318.51
1735363602, 25, 47, 80, 4, 0, 0.06%, 9, 0, 13, 337.32
1735363607, 25, 48, 80, 4, 0, 0.06%, 9, 0, 13, 373.08
1735363618, 25, 49, 80, 4, 0, 0.06%, 9, 0, 13, 351.24
1735363623, 25, 50, 80, 4, 0, 0.06%, 9, 0, 13, 366.34
1735363628, 25, 51, 80, 4, 0, 0.06%, 9, 0, 13, 341.63
1735363638, 25, 52, 80, 4, 0, 0.06%, 9, 0, 13, 362.89
1735363643, 25, 53, 80, 4, 0, 0.06%, 9, 0, 13, 401.71
1735363648, 25, 54, 80, 4, 0, 0.06%, 9, 0, 13, 379.83
1735363653, 25, 55, 80, 4, 0, 0.06%, 9, 0, 13, 356.62
1735363663, 25, 56, 80, 4, 0, 0.06%, 9, 0, 13, 338.25
1735363668, 25, 57, 80, 4, 0, 0.06%, 9, 0, 13, 350.54
1735363673, 25, 58, 80, 4, 0, 0.06%, 9, 0, 13, 340.65
1735363683, 25, 59, 80, 4, 0, 0.06%, 9, 0, 13, 361.54
1735363688, 25, 60, 80, 4, 0, 0.06%, 9, 0, 13, 369.77
1735363693, 25, 61, 80, 4, 0, 0.06%, 9, 0, 13, 336.14
1735363703, 25, 62, 80, 4, 0, 0.06%, 9, 0, 13, 398.62
1735363709, 25, 63, 80, 4, 0, 0.06%, 9, 0, 13, 334.80
1735363719, 25, 64, 80, 4, 0, 0.06%, 9, 0, 13, 361.36
1735363724, 25, 65, 80, 4, 0, 0.06%, 9, 0, 13, 386.95
1735363729, 25, 66, 80, 4, 0, 0.06%, 9, 0, 13, 386.30
1735363739, 25, 67, 80, 4, 0, 0.06%, 9, 0, 13, 336.64
1735363744, 25, 69, 80, 4, 0, 0.06%, 9, 0, 13, 333.25
