# unix_time, cycles_done, cur_path, paths_total, pending_total, pending_favs, map_size, unique_crashes, unique_hangs, max_depth, execs_per_sec
1734843761, 0, 0, 10, 10, 1, 0.00%, 0, 0, 1, 168.07
1734843763, 0, 2, 10, 10, 1, 0.00%, 0, 0, 1, 182.54
1734843773, 0, 3, 10, 9, 0, 0.00%, 0, 0, 1, 210.48
1734843778, 0, 4, 11, 9, 0, 0.05%, 1, 0, 2, 210.41
1734843788, 0, 10, 12, 9, 1, 0.05%, 2, 0, 3, 208.82
1734843804, 0, 11, 12, 8, 1, 0.05%, 2, 0, 3, 215.35
1734843809, 0, 11, 15, 11, 1, 0.05%, 4, 0, 4, 255.67
1734843814, 0, 11, 17, 13, 1, 0.06%, 6, 0, 4, 262.52
1734843819, 0, 11, 18, 14, 1, 0.06%, 6, 0, 4, 266.60
1734843859, 0, 11, 20, 16, 1, 0.06%, 6, 0, 4, 273.81
1734843874, 0, 11, 21, 17, 1, 0.06%, 6, 0, 4, 269.96
1734843894, 0, 13, 21, 16, 4, 0.06%, 6, 0, 4, 273.63
1734843899, 0, 13, 22, 17, 4, 0.06%, 6, 0, 5, 235.76
1734843920, 0, 13, 23, 18, 4, 0.06%, 6, 0, 5, 239.66
1734843945, 0, 13, 24, 19, 4, 0.06%, 6, 0, 5, 235.07
1734843996, 0, 13, 25, 20, 4, 0.06%, 6, 0, 5, 245.83
1734844001, 0, 15, 25, 19, 3, 0.06%, 6, 0, 5, 380.82
1734844006, 0, 16, 25, 18, 2, 0.06%, 6, 0, 5, 390.83
1734844012, 0, 16, 26, 19, 2, 0.06%, 6, 0, 5, 317.55
1734844027, 0, 16, 27, 20, 2, 0.06%, 6, 0, 5, 316.27
1734844032, 0, 16, 28, 21, 2, 0.06%, 6, 0, 5, 310.44
1734844088, 0, 22, 29, 21, 1, 0.06%, 6, 0, 6, 321.10
1734844098, 0, 22, 30, 22, 1, 0.06%, 6, 0, 6, 362.55
1734844124, 1, 18, 33, 24, 1, 0.06%, 9, 0, 6, 420.66
1734844134, 1, 31, 34, 24, 4, 0.06%, 9, 0, 6, 468.60
1734844159, 1, 32, 36, 25, 3, 0.06%, 9, 0, 6, 480.91
1734844211, 2, 30, 36, 24, 2, 0.06%, 9, 0, 6, 489.42
1734844216, 2, 30, 37, 25, 2, 0.06%, 9, 0, 6, 482.67
1734844236, 2, 33, 37, 24, 2, 0.06%, 9, 0, 6, 484.48
1734844251, 2, 33, 38, 25, 2, 0.06%, 9, 0, 7, 446.15
1734844266, 2, 36, 39, 25, 2, 0.06%, 9, 0, 7, 451.61
1734844287, 2, 36, 40, 26, 2, 0.06%, 9, 0, 7, 433.47
1734844312, 2, 36, 41, 27, 2, 0.06%, 9, 0, 7, 436.21
1734844322, 2, 37, 41, 26, 1, 0.06%, 9, 0, 7, 450.17
1734844332, 2, 37, 42, 27, 1, 0.06%, 9, 0, 8, 463.32
1734844353, 2, 41, 42, 26, 1, 0.06%, 9, 0, 8, 481.15
1734844358, 2, 41, 43, 27, 1, 0.06%, 9, 0, 9, 448.80
1734844363, 2, 41, 44, 28, 1, 0.06%, 9, 0, 9, 329.96
1734844373, 2, 41, 45, 29, 1, 0.06%, 9, 0, 9, 303.91
1734844398, 2, 41, 46, 30, 1, 0.06%, 9, 0, 9, 300.15
1734844403, 2, 41, 47, 31, 1, 0.06%, 9, 0, 9, 305.96
1734844408, 2, 41, 48, 32, 1, 0.06%, 9, 0, 9, 300.80
1734844419, 2, 42, 48, 31, 1, 0.06%, 9, 0, 9, 330.90
1734844444, 2, 42, 49, 32, 1, 0.06%, 9, 0, 10, 319.19
1734844464, 2, 42, 50, 33, 1, 0.06%, 9, 0, 10, 315.80
1734844510, 3, 34, 50, 32, 1, 0.06%, 9, 0, 10, 421.28
1734844515, 3, 34, 51, 33, 1, 0.06%, 9, 0, 10, 453.92
1734844530, 3, 35, 51, 32, 1, 0.06%, 9, 0, 10, 475.12
1734844536, 3, 35, 53, 34, 1, 0.06%, 9, 0, 10, 468.50
1734844541, 3, 35, 54, 35, 1, 0.06%, 9, 0, 10, 473.12
1734844602, 3, 36, 54, 34, 1, 0.06%, 9, 0, 10, 464.12
1734844607, 3, 38, 54, 34, 1, 0.06%, 9, 0, 10, 477.95
1734844612, 3, 38, 55, 35, 1, 0.06%, 9, 0, 10, 465.30
1734844622, 3, 38, 56, 36, 1, 0.06%, 9, 0, 10, 470.28
1734844627, 3, 38, 57, 37, 1, 0.06%, 9, 0, 10, 472.35
1734844662, 3, 38, 58, 38, 1, 0.06%, 9, 0, 10, 474.04
1734844678, 3, 39, 58, 37, 1, 0.06%, 9, 0, 10, 486.86
1734844688, 3, 40, 58, 36, 1, 0.06%, 9, 0, 10, 492.54
1734844708, 3, 41, 58, 35, 1, 0.06%, 9, 0, 10, 335.75
1734844713, 3, 50, 58, 35, 1, 0.06%, 9, 0, 10, 394.03
1734844795, 3, 50, 59, 36, 1, 0.06%, 9, 0, 10, 451.26
1734844800, 3, 50, 60, 37, 1, 0.06%, 9, 0, 10, 463.81
1734844815, 3, 50, 63, 40, 1, 0.06%, 9, 0, 10, 459.43
1734844831, 3, 50, 64, 41, 1, 0.06%, 9, 0, 10, 464.89
1734844861, 3, 51, 64, 40, 1, 0.06%, 9, 0, 10, 402.39
1734844907, 3, 51, 66, 42, 1, 0.06%, 9, 0, 10, 531.88
1734844917, 3, 51, 67, 43, 1, 0.06%, 9, 0, 10, 531.06
1734845111, 3, 52, 67, 42, 1, 0.06%, 9, 0, 10, 469.82
1734845126, 3, 53, 67, 41, 1, 0.06%, 9, 0, 10, 483.03
1734845136, 3, 54, 67, 40, 1, 0.06%, 9, 0, 10, 475.32
1734845157, 3, 55, 67, 39, 1, 0.06%, 9, 0, 10, 478.30
1734845213, 3, 56, 67, 38, 1, 0.06%, 9, 0, 10, 458.25
1734845254, 3, 57, 67, 37, 1, 0.06%, 9, 0, 10, 430.26
1734845279, 3, 57, 69, 39, 1, 0.06%, 9, 0, 10, 474.67
1734845376, 3, 60, 69, 38, 1, 0.06%, 9, 0, 10, 397.26
1734845427, 3, 63, 69, 37, 1, 0.06%, 9, 0, 10, 435.47
1734845452, 3, 67, 69, 36, 1, 0.06%, 9, 0, 10, 442.45
1734845523, 4, 31, 69, 35, 1, 0.06%, 9, 0, 10, 444.48
1734845529, 4, 41, 69, 35, 1, 0.06%, 9, 0, 10, 427.44
1734845534, 4, 42, 69, 35, 1, 0.06%, 9, 0, 10, 335.02
1734845539, 4, 43, 69, 35, 1, 0.06%, 9, 0, 10, 448.03
1734845569, 4, 44, 69, 34, 1, 0.06%, 9, 0, 10, 400.14
1734845610, 4, 44, 70, 35, 1, 0.06%, 9, 0, 10, 488.51
1734845625, 4, 45, 70, 34, 1, 0.06%, 9, 0, 10, 460.24
1734845630, 4, 45, 72, 36, 1, 0.06%, 9, 0, 10, 448.66
1734845706, 4, 46, 72, 35, 1, 0.06%, 9, 0, 10, 467.31
1734845742, 4, 47, 72, 34, 1, 0.06%, 9, 0, 10, 428.07
1734845793, 4, 47, 74, 36, 1, 0.06%, 9, 0, 10, 330.76
1734845863, 4, 48, 74, 35, 1, 0.06%, 9, 0, 10, 482.76
1734845884, 4, 49, 74, 34, 1, 0.06%, 9, 0, 10, 493.60
1734845939, 4, 51, 74, 33, 1, 0.06%, 9, 0, 10, 418.77
1734845950, 4, 53, 74, 33, 1, 0.06%, 9, 0, 10, 456.88
1734845955, 4, 55, 74, 33, 1, 0.06%, 9, 0, 10, 454.26
1734846001, 4, 56, 74, 33, 1, 0.06%, 9, 0, 10, 423.05
1734846006, 4, 57, 74, 33, 1, 0.06%, 9, 0, 10, 467.36
1734846118, 4, 58, 74, 33, 1, 0.06%, 9, 0, 10, 390.03
1734846190, 4, 59, 74, 32, 1, 0.06%, 9, 0, 10, 430.25
1734846317, 4, 60, 74, 31, 1, 0.06%, 9, 0, 10, 435.08
1734846322, 4, 61, 74, 31, 1, 0.06%, 9, 0, 10, 432.51
1734846394, 4, 63, 74, 30, 1, 0.06%, 9, 0, 10, 429.95
1734846399, 4, 64, 74, 30, 1, 0.06%, 9, 0, 10, 425.46
1734846491, 4, 69, 75, 30, 1, 0.06%, 9, 0, 11, 428.82
1734846577, 4, 70, 75, 29, 1, 0.06%, 9, 0, 11, 479.88
1734846643, 4, 71, 75, 28, 1, 0.06%, 9, 0, 11, 447.32
1734846746, 4, 72, 75, 27, 1, 0.06%, 9, 0, 11, 456.15
1734846837, 4, 73, 75, 26, 1, 0.06%, 9, 0, 11, 391.99
1734846903, 4, 74, 75, 25, 1, 0.06%, 9, 0, 11, 445.88
1734846933, 4, 74, 76, 26, 1, 0.06%, 9, 0, 12, 451.92
1734846964, 4, 75, 76, 25, 1, 0.06%, 9, 0, 12, 498.05
1734846969, 4, 75, 77, 26, 1, 0.06%, 9, 0, 13, 422.27
1734847076, 4, 76, 77, 25, 1, 0.06%, 9, 0, 13, 455.39
1734847193, 5, 13, 77, 24, 1, 0.06%, 9, 0, 13, 401.18
1734847199, 5, 14, 77, 24, 1, 0.06%, 9, 0, 13, 284.16
1734847204, 5, 16, 77, 23, 0, 0.06%, 9, 0, 13, 261.65
1734847209, 5, 21, 77, 23, 0, 0.06%, 9, 0, 13, 351.38
1734847214, 5, 23, 77, 22, 0, 0.06%, 9, 0, 13, 386.89
1734847229, 5, 24, 77, 21, 0, 0.06%, 9, 0, 13, 458.24
1734847239, 5, 25, 77, 20, 0, 0.06%, 9, 0, 13, 337.98
1734847249, 5, 26, 77, 19, 0, 0.06%, 9, 0, 13, 385.04
1734847260, 5, 27, 77, 18, 0, 0.06%, 9, 0, 13, 361.29
1734847265, 5, 28, 77, 17, 0, 0.06%, 9, 0, 13, 391.31
1734847280, 5, 29, 77, 16, 0, 0.06%, 9, 0, 13, 337.31
1734847285, 5, 30, 77, 15, 0, 0.06%, 9, 0, 13, 423.94
1734847290, 5, 38, 77, 15, 0, 0.06%, 9, 0, 13, 456.34
1734847295, 5, 40, 77, 15, 0, 0.06%, 9, 0, 13, 464.69
1734847301, 5, 50, 77, 15, 0, 0.06%, 9, 0, 13, 443.41
1734847306, 5, 51, 77, 15, 0, 0.06%, 9, 0, 13, 398.37
1734847581, 5, 55, 77, 15, 0, 0.06%, 9, 0, 13, 424.58
1734847586, 5, 56, 77, 15, 0, 0.06%, 9, 0, 13, 464.48
1734847591, 5, 57, 77, 15, 0, 0.06%, 9, 0, 13, 435.25
1734847596, 5, 67, 77, 15, 0, 0.06%, 9, 0, 13, 471.28
1734847683, 5, 68, 77, 15, 0, 0.06%, 9, 0, 13, 365.81
1734847780, 6, 16, 77, 14, 0, 0.06%, 9, 0, 13, 397.03
1734847785, 6, 25, 77, 14, 0, 0.06%, 9, 0, 13, 331.22
1734847790, 6, 26, 77, 14, 0, 0.06%, 9, 0, 13, 343.96
1734847795, 6, 27, 77, 14, 0, 0.06%, 9, 0, 13, 323.98
1734847801, 6, 30, 77, 14, 0, 0.06%, 9, 0, 13, 339.89
1734847806, 6, 36, 77, 14, 0, 0.06%, 9, 0, 13, 320.39
1734847811, 6, 39, 77, 14, 0, 0.06%, 9, 0, 13, 347.56
1734847816, 6, 40, 77, 14, 0, 0.06%, 9, 0, 13, 374.88
1734847821, 6, 54, 77, 14, 0, 0.06%, 9, 0, 13, 397.26
1734847826, 6, 55, 77, 14, 0, 0.06%, 9, 0, 13, 312.88
1734847836, 6, 56, 77, 14, 0, 0.06%, 9, 0, 13, 366.41
1734847841, 6, 57, 77, 14, 0, 0.06%, 9, 0, 13, 316.31
1734847851, 6, 67, 77, 14, 0, 0.06%, 9, 0, 13, 364.34
1734847866, 6, 68, 77, 14, 0, 0.06%, 9, 0, 13, 385.52
1734847881, 7, 16, 77, 14, 0, 0.06%, 9, 0, 13, 272.89
1734847886, 7, 25, 77, 14, 0, 0.06%, 9, 0, 13, 289.44
1734847891, 7, 26, 77, 14, 0, 0.06%, 9, 0, 13, 316.95
1734847896, 7, 30, 77, 14, 0, 0.06%, 9, 0, 13, 312.86
1734847901, 7, 36, 77, 14, 0, 0.06%, 9, 0, 13, 371.89
1734847907, 7, 38, 77, 14, 0, 0.06%, 9, 0, 13, 359.08
1734847912, 7, 39, 77, 14, 0, 0.06%, 9, 0, 13, 349.21
1734847917, 7, 40, 77, 14, 0, 0.06%, 9, 0, 13, 338.90
1734847922, 7, 54, 77, 14, 0, 0.06%, 9, 0, 13, 349.69
1734847927, 7, 55, 77, 14, 0, 0.06%, 9, 0, 13, 381.12
1734847932, 7, 56, 77, 14, 0, 0.06%, 9, 0, 13, 315.55
1734847942, 7, 57, 77, 14, 0, 0.06%, 9, 0, 13, 384.57
1734847947, 7, 67, 77, 14, 0, 0.06%, 9, 0, 13, 306.26
1734847957, 7, 68, 77, 14, 0, 0.06%, 9, 0, 13, 413.70
1734847973, 8, 16, 77, 14, 0, 0.06%, 9, 0, 13, 286.26
1734847978, 8, 26, 77, 14, 0, 0.06%, 9, 0, 13, 321.14
1734847983, 8, 27, 77, 14, 0, 0.06%, 9, 0, 13, 342.95
1734847988, 8, 30, 77, 14, 0, 0.06%, 9, 0, 13, 344.26
1734847993, 8, 36, 77, 14, 0, 0.06%, 9, 0, 13, 339.28
1734847998, 8, 38, 77, 14, 0, 0.06%, 9, 0, 13, 344.79
1734848003, 8, 39, 77, 14, 0, 0.06%, 9, 0, 13, 328.95
1734848008, 8, 54, 77, 14, 0, 0.06%, 9, 0, 13, 337.85
1734848018, 8, 55, 77, 14, 0, 0.06%, 9, 0, 13, 371.85
1734848023, 8, 56, 77, 14, 0, 0.06%, 9, 0, 13, 393.40
1734848028, 8, 57, 77, 14, 0, 0.06%, 9, 0, 13, 344.26
1734848039, 8, 67, 77, 14, 0, 0.06%, 9, 0, 13, 354.97
1734848049, 8, 68, 77, 14, 0, 0.06%, 9, 0, 13, 366.04
1734848054, 9, 16, 77, 14, 0, 0.06%, 9, 0, 13, 319.60
1734848059, 9, 25, 77, 14, 0, 0.06%, 9, 0, 13, 321.43
1734848064, 9, 26, 77, 14, 0, 0.06%, 9, 0, 13, 333.00
1734848069, 9, 27, 77, 14, 0, 0.06%, 9, 0, 13, 328.16
1734848074, 9, 36, 77, 14, 0, 0.06%, 9, 0, 13, 340.69
1734848079, 9, 38, 77, 14, 0, 0.06%, 9, 0, 13, 372.86
1734848084, 9, 39, 77, 14, 0, 0.06%, 9, 0, 13, 352.89
1734848089, 9, 40, 77, 14, 0, 0.06%, 9, 0, 13, 338.40
1734848094, 9, 54, 77, 14, 0, 0.06%, 9, 0, 13, 367.18
1734848099, 9, 55, 77, 14, 0, 0.06%, 9, 0, 13, 362.07
1734848110, 9, 56, 77, 14, 0, 0.06%, 9, 0, 13, 337.97
1734848115, 9, 57, 77, 14, 0, 0.06%, 9, 0, 13, 378.10
1734848125, 9, 67, 77, 14, 0, 0.06%, 9, 0, 13, 335.48
1734848130, 9, 68, 77, 14, 0, 0.06%, 9, 0, 13, 372.35
1734848140, 10, 16, 77, 14, 0, 0.06%, 9, 0, 13, 291.04
1734848145, 10, 26, 77, 14, 0, 0.06%, 9, 0, 13, 303.13
1734848150, 10, 27, 77, 14, 0, 0.06%, 9, 0, 13, 323.25
1734848155, 10, 30, 77, 14, 0, 0.06%, 9, 0, 13, 370.16
1734848160, 10, 36, 77, 14, 0, 0.06%, 9, 0, 13, 352.73
1734848166, 10, 38, 77, 14, 0, 0.06%, 9, 0, 13, 331.96
1734848171, 10, 40, 77, 14, 0, 0.06%, 9, 0, 13, 343.23
1734848176, 10, 54, 77, 14, 0, 0.06%, 9, 0, 13, 383.10
1734848186, 10, 55, 77, 14, 0, 0.06%, 9, 0, 13, 335.83
1734848191, 10, 56, 77, 14, 0, 0.06%, 9, 0, 13, 376.59
1734848196, 10, 57, 77, 14, 0, 0.06%, 9, 0, 13, 331.08
1734848206, 10, 67, 77, 14, 0, 0.06%, 9, 0, 13, 377.89
1734848211, 10, 68, 77, 14, 0, 0.06%, 9, 0, 13, 313.73
1734848221, 11, 16, 77, 14, 0, 0.06%, 9, 0, 13, 303.42
1734848226, 11, 25, 77, 14, 0, 0.06%, 9, 0, 13, 292.04
1734848231, 11, 26, 77, 14, 0, 0.06%, 9, 0, 13, 311.17
1734848236, 11, 27, 77, 14, 0, 0.06%, 9, 0, 13, 327.02
1734848242, 11, 36, 77, 14, 0, 0.06%, 9, 0, 13, 361.93
1734848247, 11, 38, 77, 14, 0, 0.06%, 9, 0, 13, 373.82
1734848252, 11, 39, 77, 14, 0, 0.06%, 9, 0, 13, 346.79
1734848257, 11, 40, 77, 14, 0, 0.06%, 9, 0, 13, 345.67
1734848262, 11, 54, 77, 14, 0, 0.06%, 9, 0, 13, 382.84
1734848267, 11, 55, 77, 14, 0, 0.06%, 9, 0, 13, 377.16
1734848272, 11, 56, 77, 14, 0, 0.06%, 9, 0, 13, 340.32
1734848282, 11, 57, 77, 14, 0, 0.06%, 9, 0, 13, 373.47
1734848287, 11, 67, 77, 14, 0, 0.06%, 9, 0, 13, 337.95
1734848297, 11, 68, 77, 14, 0, 0.06%, 9, 0, 13, 355.15
1734848302, 12, 16, 77, 14, 0, 0.06%, 9, 0, 13, 319.95
1734848308, 12, 25, 77, 14, 0, 0.06%, 9, 0, 13, 310.83
1734848313, 12, 26, 77, 14, 0, 0.06%, 9, 0, 13, 341.80
1734848318, 12, 27, 77, 14, 0, 0.06%, 9, 0, 13, 334.59
1734848323, 12, 30, 77, 14, 0, 0.06%, 9, 0, 13, 338.73
1734848328, 12, 36, 77, 14, 0, 0.06%, 9, 0, 13, 336.17
1734848333, 12, 38, 77, 14, 0, 0.06%, 9, 0, 13, 343.92
1734848338, 12, 40, 77, 14, 0, 0.06%, 9, 0, 13, 338.73
1734848343, 12, 54, 77, 14, 0, 0.06%, 9, 0, 13, 388.98
1734848353, 12, 55, 77, 14, 0, 0.06%, 9, 0, 13, 342.56
1734848358, 12, 56, 77, 14, 0, 0.06%, 9, 0, 13, 379.88
1734848363, 12, 57, 77, 14, 0, 0.06%, 9, 0, 13, 310.54
1734848374, 12, 67, 77, 14, 0, 0.06%, 9, 0, 13, 360.24
1734848379, 12, 68, 77, 14, 0, 0.06%, 9, 0, 13, 355.74
1734848389, 13, 16, 77, 14, 0, 0.06%, 9, 0, 13, 283.32
1734848394, 13, 25, 77, 14, 0, 0.06%, 9, 0, 13, 307.19
1734848399, 13, 27, 77, 14, 0, 0.06%, 9, 0, 13, 312.47
1734848404, 13, 30, 77, 14, 0, 0.06%, 9, 0, 13, 353.48
1734848409, 13, 36, 77, 14, 0, 0.06%, 9, 0, 13, 347.14
1734848415, 13, 38, 77, 14, 0, 0.06%, 9, 0, 13, 351.87
1734848420, 13, 39, 77, 14, 0, 0.06%, 9, 0, 13, 337.98
1734848425, 13, 40, 77, 14, 0, 0.06%, 9, 0, 13, 335.80
1734848430, 13, 54, 77, 14, 0, 0.06%, 9, 0, 13, 349.43
1734848435, 13, 55, 77, 14, 0, 0.06%, 9, 0, 13, 385.57
1734848440, 13, 56, 77, 14, 0, 0.06%, 9, 0, 13, 368.17
1734848450, 13, 57, 77, 14, 0, 0.06%, 9, 0, 13, 359.67
1734848455, 13, 67, 77, 14, 0, 0.06%, 9, 0, 13, 337.06
1734848465, 13, 68, 77, 14, 0, 0.06%, 9, 0, 13, 356.35
1734848470, 14, 16, 77, 14, 0, 0.06%, 9, 0, 13, 320.81
1734848475, 14, 25, 77, 14, 0, 0.06%, 9, 0, 13, 309.46
1734848480, 14, 26, 77, 14, 0, 0.06%, 9, 0, 13, 332.18
1734848486, 14, 27, 77, 14, 0, 0.06%, 9, 0, 13, 317.09
1734848491, 14, 30, 77, 14, 0, 0.06%, 9, 0, 13, 335.25
1734848496, 14, 36, 77, 14, 0, 0.06%, 9, 0, 13, 329.21
1734848501, 14, 39, 77, 14, 0, 0.06%, 9, 0, 13, 343.52
1734848506, 14, 40, 77, 14, 0, 0.06%, 9, 0, 13, 372.45
1734848511, 14, 54, 77, 14, 0, 0.06%, 9, 0, 13, 392.60
1734848516, 14, 55, 77, 14, 0, 0.06%, 9, 0, 13, 349.18
1734848526, 14, 56, 77, 14, 0, 0.06%, 9, 0, 13, 362.86
1734848531, 14, 57, 77, 14, 0, 0.06%, 9, 0, 13, 341.72
1734848541, 14, 67, 77, 14, 0, 0.06%, 9, 0, 13, 353.27
1734848547, 14, 68, 77, 14, 0, 0.06%, 9, 0, 13, 368.23
1734848557, 15, 36, 77, 14, 0, 0.06%, 9, 0, 13, 330.40
1734848562, 15, 38, 77, 14, 0, 0.06%, 9, 0, 13, 362.79
1734848567, 15, 39, 77, 14, 0, 0.06%, 9, 0, 13, 351.58
1734848572, 15, 40, 77, 14, 0, 0.06%, 9, 0, 13, 351.80
1734848577, 15, 54, 77, 14, 0, 0.06%, 9, 0, 13, 337.99
1734848582, 15, 55, 77, 14, 0, 0.06%, 9, 0, 13, 372.02
1734848587, 15, 56, 77, 14, 0, 0.06%, 9, 0, 13, 359.21
1734848597, 15, 57, 77, 14, 0, 0.06%, 9, 0, 13, 382.16
1734848602, 15, 67, 77, 14, 0, 0.06%, 9, 0, 13, 338.63
1734848612, 15, 68, 77, 14, 0, 0.06%, 9, 0, 13, 356.14
1734848617, 16, 30, 77, 14, 0, 0.06%, 9, 0, 13, 332.84
1734848622, 16, 36, 77, 14, 0, 0.06%, 9, 0, 13, 376.45
1734848628, 16, 38, 77, 14, 0, 0.06%, 9, 0, 13, 353.45
1734848633, 16, 39, 77, 14, 0, 0.06%, 9, 0, 13, 339.05
1734848638, 16, 40, 77, 14, 0, 0.06%, 9, 0, 13, 330.61
1734848643, 16, 54, 77, 14, 0, 0.06%, 9, 0, 13, 350.43
1734848648, 16, 55, 77, 14, 0, 0.06%, 9, 0, 13, 372.78
1734848653, 16, 56, 77, 14, 0, 0.06%, 9, 0, 13, 312.02
1734848663, 16, 57, 77, 14, 0, 0.06%, 9, 0, 13, 381.85
1734848668, 16, 67, 77, 14, 0, 0.06%, 9, 0, 13, 322.03
1734848678, 16, 68, 77, 14, 0, 0.06%, 9, 0, 13, 356.22
1734848683, 17, 30, 77, 14, 0, 0.06%, 9, 0, 13, 386.60
1734848688, 17, 36, 77, 14, 0, 0.06%, 9, 0, 13, 362.33
1734848693, 17, 37, 77, 14, 0, 0.06%, 9, 0, 13, 350.81
1734848698, 17, 38, 77, 14, 0, 0.06%, 9, 0, 13, 331.60
1734848704, 17, 40, 77, 14, 0, 0.06%, 9, 0, 13, 350.34
1734848709, 17, 41, 77, 14, 0, 0.06%, 9, 0, 13, 306.88
1734848719, 17, 42, 77, 14, 0, 0.06%, 9, 0, 13, 323.47
1734848724, 17, 43, 77, 14, 0, 0.06%, 9, 0, 13, 332.31
1734848739, 17, 44, 77, 14, 0, 0.06%, 9, 0, 13, 358.10
1734848754, 17, 45, 77, 14, 0, 0.06%, 9, 0, 13, 416.77
1734848764, 17, 46, 77, 14, 0, 0.06%, 9, 0, 13, 325.93
1734848780, 17, 47, 77, 14, 0, 0.06%, 9, 0, 13, 327.95
1734848795, 17, 48, 77, 14, 0, 0.06%, 9, 0, 13, 435.23
1734848805, 17, 49, 77, 14, 0, 0.06%, 9, 0, 13, 297.07
1734848820, 17, 50, 77, 14, 0, 0.06%, 9, 0, 13, 303.34
1734848825, 17, 51, 77, 14, 0, 0.06%, 9, 0, 13, 374.96
1734848835, 17, 52, 77, 14, 0, 0.06%, 9, 0, 13, 418.36
1734848851, 17, 53, 77, 14, 0, 0.06%, 9, 0, 13, 339.25
1734848866, 17, 54, 77, 14, 0, 0.06%, 9, 0, 13, 381.64
1734848876, 17, 55, 77, 14, 0, 0.06%, 9, 0, 13, 343.86
1734848881, 17, 56, 77, 14, 0, 0.06%, 9, 0, 13, 379.25
1734848886, 17, 57, 77, 14, 0, 0.06%, 9, 0, 13, 341.12
1734848897, 17, 58, 77, 14, 0, 0.06%, 9, 0, 13, 390.49
1734848912, 17, 59, 77, 14, 0, 0.06%, 9, 0, 13, 383.52
1734848927, 17, 60, 77, 14, 0, 0.06%, 9, 0, 13, 411.28
1734848937, 17, 61, 77, 14, 0, 0.06%, 9, 0, 13, 315.52
1734848952, 17, 62, 77, 14, 0, 0.06%, 9, 0, 13, 351.86
1734849173, 17, 63, 77, 13, 0, 0.06%, 9, 0, 13, 423.89
1734849183, 17, 64, 77, 13, 0, 0.06%, 9, 0, 13, 327.64
1734849280, 17, 65, 77, 13, 0, 0.06%, 9, 0, 13, 316.52
1734849391, 17, 66, 77, 12, 0, 0.06%, 9, 0, 13, 396.22
1734849570, 17, 67, 77, 11, 0, 0.06%, 9, 0, 13, 331.05
1734849580, 17, 68, 77, 11, 0, 0.06%, 9, 0, 13, 367.87
1734849585, 17, 69, 77, 11, 0, 0.06%, 9, 0, 13, 303.42
1734849595, 17, 70, 77, 11, 0, 0.06%, 9, 0, 13, 365.00
1734849600, 17, 71, 77, 11, 0, 0.06%, 9, 0, 13, 389.59
1734849605, 17, 72, 77, 11, 0, 0.06%, 9, 0, 13, 340.99
1734849615, 17, 73, 77, 11, 0, 0.06%, 9, 0, 13, 384.71
1734849681, 17, 74, 77, 11, 0, 0.06%, 9, 0, 13, 341.74
1734849758, 17, 75, 77, 11, 0, 0.06%, 9, 0, 13, 360.30
1734849916, 17, 76, 77, 11, 0, 0.06%, 9, 0, 13, 360.23
1734850070, 18, 13, 77, 11, 0, 0.06%, 9, 0, 13, 319.37
1734850080, 18, 16, 77, 11, 0, 0.06%, 9, 0, 13, 288.41
1734850085, 18, 22, 77, 11, 0, 0.06%, 9, 0, 13, 312.23
1734850090, 18, 23, 77, 11, 0, 0.06%, 9, 0, 13, 348.05
1734850095, 18, 24, 77, 11, 0, 0.06%, 9, 0, 13, 345.37
1734850100, 18, 25, 77, 11, 0, 0.06%, 9, 0, 13, 319.12
1734850105, 18, 26, 77, 11, 0, 0.06%, 9, 0, 13, 323.08
1734850110, 18, 27, 77, 11, 0, 0.06%, 9, 0, 13, 324.28
1734850115, 18, 28, 77, 11, 0, 0.06%, 9, 0, 13, 294.48
1734850121, 18, 29, 77, 11, 0, 0.06%, 9, 0, 13, 324.72
1734850126, 18, 30, 77, 11, 0, 0.06%, 9, 0, 13, 340.50
1734850131, 18, 31, 77, 11, 0, 0.06%, 9, 0, 13, 330.24
1734850136, 18, 33, 77, 11, 0, 0.06%, 9, 0, 13, 351.69
1734850141, 18, 34, 77, 11, 0, 0.06%, 9, 0, 13, 359.36
1734850146, 18, 35, 77, 11, 0, 0.06%, 9, 0, 13, 358.63
1734850151, 18, 36, 77, 11, 0, 0.06%, 9, 0, 13, 343.74
1734850156, 18, 37, 77, 11, 0, 0.06%, 9, 0, 13, 333.62
1734850161, 18, 38, 77, 11, 0, 0.06%, 9, 0, 13, 329.67
1734850166, 18, 40, 77, 11, 0, 0.06%, 9, 0, 13, 345.34
1734850171, 18, 41, 77, 11, 0, 0.06%, 9, 0, 13, 323.71
1734850181, 18, 42, 77, 11, 0, 0.06%, 9, 0, 13, 310.32
1734850186, 18, 43, 77, 11, 0, 0.06%, 9, 0, 13, 308.71
1734850197, 18, 44, 77, 11, 0, 0.06%, 9, 0, 13, 353.60
1734850202, 18, 45, 77, 11, 0, 0.06%, 9, 0, 13, 387.40
1734850207, 18, 46, 77, 11, 0, 0.06%, 9, 0, 13, 335.99
1734850217, 18, 47, 77, 11, 0, 0.06%, 9, 0, 13, 339.88
1734850227, 18, 48, 77, 11, 0, 0.06%, 9, 0, 13, 332.34
1734850232, 18, 49, 77, 11, 0, 0.06%, 9, 0, 13, 336.35
1734850237, 18, 50, 77, 11, 0, 0.06%, 9, 0, 13, 306.03
1734850242, 18, 51, 77, 11, 0, 0.06%, 9, 0, 13, 376.14
1734850253, 18, 52, 77, 11, 0, 0.06%, 9, 0, 13, 344.87
1734850258, 18, 53, 77, 11, 0, 0.06%, 9, 0, 13, 333.48
1734850263, 18, 54, 77, 11, 0, 0.06%, 9, 0, 13, 364.53
1734850268, 18, 55, 77, 11, 0, 0.06%, 9, 0, 13, 385.62
1734850273, 18, 56, 77, 11, 0, 0.06%, 9, 0, 13, 349.39
1734850283, 18, 57, 77, 11, 0, 0.06%, 9, 0, 13, 374.17
1734850288, 18, 58, 77, 11, 0, 0.06%, 9, 0, 13, 339.97
1734850303, 18, 59, 77, 11, 0, 0.06%, 9, 0, 13, 348.43
1734850318, 18, 60, 77, 11, 0, 0.06%, 9, 0, 13, 371.85
1734850323, 18, 61, 77, 11, 0, 0.06%, 9, 0, 13, 324.85
1734850338, 18, 62, 77, 11, 0, 0.06%, 9, 0, 13, 313.18
1734850354, 18, 63, 77, 11, 0, 0.06%, 9, 0, 13, 347.65
1734850364, 18, 64, 77, 11, 0, 0.06%, 9, 0, 13, 384.74
1734850374, 18, 65, 77, 11, 0, 0.06%, 9, 0, 13, 307.12
1734850476, 18, 66, 77, 11, 0, 0.06%, 9, 0, 13, 329.39
1734850491, 18, 67, 77, 11, 0, 0.06%, 9, 0, 13, 375.70
1734850496, 18, 68, 77, 11, 0, 0.06%, 9, 0, 13, 326.18
1734850507, 18, 69, 77, 11, 0, 0.06%, 9, 0, 13, 387.46
1734850512, 18, 70, 77, 11, 0, 0.06%, 9, 0, 13, 326.67
1734850522, 18, 71, 77, 11, 0, 0.06%, 9, 0, 13, 358.24
1734850527, 18, 72, 77, 11, 0, 0.06%, 9, 0, 13, 301.23
1734850537, 18, 73, 77, 11, 0, 0.06%, 9, 0, 13, 349.43
1734850542, 18, 74, 77, 11, 0, 0.06%, 9, 0, 13, 330.51
1734850552, 18, 75, 77, 11, 0, 0.06%, 9, 0, 13, 368.78
1734850557, 18, 76, 77, 11, 0, 0.06%, 9, 0, 13, 363.58
1734850567, 19, 13, 77, 11, 0, 0.06%, 9, 0, 13, 313.03
1734850572, 19, 16, 77, 11, 0, 0.06%, 9, 0, 13, 286.16
1734850577, 19, 21, 77, 11, 0, 0.06%, 9, 0, 13, 319.77
1734850582, 19, 22, 77, 11, 0, 0.06%, 9, 0, 13, 340.94
1734850588, 19, 23, 77, 11, 0, 0.06%, 9, 0, 13, 324.72
1734850593, 19, 24, 77, 11, 0, 0.06%, 9, 0, 13, 339.41
1734850598, 19, 25, 77, 11, 0, 0.06%, 9, 0, 13, 318.17
1734850603, 19, 26, 77, 11, 0, 0.06%, 9, 0, 13, 328.89
1734850608, 19, 27, 77, 11, 0, 0.06%, 9, 0, 13, 316.63
1734850613, 19, 28, 77, 11, 0, 0.06%, 9, 0, 13, 286.45
1734850618, 19, 29, 77, 11, 0, 0.06%, 9, 0, 13, 331.84
1734850623, 19, 31, 77, 11, 0, 0.06%, 9, 0, 13, 326.65
1734850628, 19, 33, 77, 11, 0, 0.06%, 9, 0, 13, 357.19
1734850633, 19, 77, 78, 12, 1, 0.07%, 10, 0, 13, 276.56
1734850684, 20, 77, 78, 11, 0, 0.07%, 10, 0, 13, 272.63
1734850709, 21, 77, 78, 11, 0, 0.07%, 10, 0, 13, 251.53
1734850729, 22, 77, 78, 11, 0, 0.07%, 10, 0, 13, 266.88
1734850750, 23, 77, 78, 11, 0, 0.07%, 10, 0, 13, 285.77
1734850760, 24, 77, 78, 11, 0, 0.07%, 10, 0, 13, 291.67
1734850775, 25, 77, 78, 11, 0, 0.07%, 10, 0, 13, 252.33
1734850785, 26, 77, 78, 11, 0, 0.07%, 10, 0, 13, 269.93
1734850790, 27, 77, 78, 11, 0, 0.07%, 10, 0, 13, 250.05
1734850795, 28, 77, 78, 11, 0, 0.07%, 10, 0, 13, 252.49
1734850800, 29, 77, 78, 11, 0, 0.07%, 10, 0, 13, 266.09
1734850806, 30, 77, 78, 11, 0, 0.07%, 10, 0, 13, 264.95
1734850811, 31, 77, 78, 11, 0, 0.07%, 10, 0, 13, 269.30
1734850821, 32, 77, 78, 11, 0, 0.07%, 10, 0, 13, 256.51
1734850826, 33, 77, 78, 11, 0, 0.07%, 10, 0, 13, 258.95
1734850831, 34, 77, 78, 11, 0, 0.07%, 10, 0, 13, 250.43
1734850836, 35, 77, 78, 11, 0, 0.07%, 10, 0, 13, 255.91
1734850841, 36, 77, 78, 11, 0, 0.07%, 10, 0, 13, 263.76
1734850846, 37, 77, 78, 11, 0, 0.07%, 10, 0, 13, 281.34
1734850851, 38, 77, 78, 11, 0, 0.07%, 10, 0, 13, 261.13
1734850861, 39, 77, 78, 11, 0, 0.07%, 10, 0, 13, 278.90
1734850867, 40, 77, 78, 11, 0, 0.07%, 10, 0, 13, 256.22
1734850872, 41, 77, 78, 11, 0, 0.07%, 10, 0, 13, 272.67
1734850877, 42, 77, 78, 11, 0, 0.07%, 10, 0, 13, 275.09
1734850882, 43, 77, 78, 11, 0, 0.07%, 10, 0, 13, 251.57
1734850887, 44, 77, 78, 11, 0, 0.07%, 10, 0, 13, 244.62
1734850892, 45, 77, 78, 11, 0, 0.07%, 10, 0, 13, 262.48
1734850897, 46, 77, 78, 11, 0, 0.07%, 10, 0, 13, 265.87
1734850907, 47, 77, 78, 11, 0, 0.07%, 10, 0, 13, 284.34
1734850912, 48, 77, 78, 11, 0, 0.07%, 10, 0, 13, 262.23
1734850917, 49, 77, 78, 11, 0, 0.07%, 10, 0, 13, 263.71
1734850922, 50, 77, 78, 11, 0, 0.07%, 10, 0, 13, 261.49
1734850927, 51, 77, 78, 11, 0, 0.07%, 10, 0, 13, 260.81
1734850932, 52, 77, 78, 11, 0, 0.07%, 10, 0, 13, 255.07
1734850937, 53, 77, 78, 11, 0, 0.07%, 10, 0, 13, 255.51
1734850943, 54, 77, 78, 11, 0, 0.07%, 10, 0, 13, 256.18
1734850953, 55, 77, 79, 12, 0, 0.08%, 11, 0, 13, 260.51
1734850958, 55, 78, 79, 12, 1, 0.08%, 11, 0, 13, 284.92
1734850963, 55, 78, 80, 13, 1, 0.08%, 11, 0, 13, 288.14
1734850973, 55, 78, 81, 14, 1, 0.08%, 11, 0, 13, 285.40
1734851064, 55, 79, 81, 13, 0, 0.08%, 11, 0, 13, 320.44
1734851125, 55, 80, 81, 12, 0, 0.08%, 11, 0, 13, 367.82
1734851130, 55, 80, 83, 14, 0, 0.08%, 12, 0, 13, 433.08
1734851181, 55, 80, 84, 15, 0, 0.09%, 13, 0, 13, 358.27
1734851196, 55, 83, 84, 14, 2, 0.09%, 13, 0, 13, 322.44
1734851278, 56, 81, 86, 15, 1, 0.11%, 15, 0, 13, 334.99
1734851283, 56, 81, 87, 16, 1, 0.11%, 15, 0, 13, 319.86
1734851324, 56, 81, 88, 17, 1, 0.11%, 15, 0, 13, 337.95
1734851344, 56, 81, 89, 18, 1, 0.12%, 16, 0, 13, 326.58
1734851375, 56, 88, 91, 19, 3, 0.12%, 17, 0, 13, 408.24
1734851467, 56, 89, 91, 18, 3, 0.12%, 17, 0, 13, 470.05
1734851482, 56, 89, 92, 19, 3, 0.12%, 17, 0, 13, 486.30
1734851513, 56, 89, 93, 20, 3, 0.12%, 17, 0, 13, 479.15
1734851553, 57, 85, 93, 19, 2, 0.12%, 17, 0, 13, 381.13
1734851614, 58, 85, 93, 18, 1, 0.12%, 17, 0, 13, 372.27
1734851639, 59, 85, 93, 18, 1, 0.12%, 17, 0, 13, 350.58
1734851670, 60, 85, 93, 18, 1, 0.12%, 17, 0, 13, 395.52
1734851690, 61, 85, 93, 18, 1, 0.12%, 17, 0, 13, 296.20
1734851700, 61, 85, 94, 19, 1, 0.12%, 17, 0, 13, 416.14
1734851726, 61, 93, 94, 19, 1, 0.12%, 17, 0, 13, 358.29
1734851731, 61, 93, 96, 21, 1, 0.12%, 17, 0, 13, 465.29
1734851751, 61, 93, 97, 22, 1, 0.12%, 17, 0, 13, 420.83
1734851817, 61, 94, 97, 21, 1, 0.12%, 17, 0, 13, 403.29
1734851838, 61, 94, 98, 22, 1, 0.12%, 17, 0, 14, 465.05
1734851928, 61, 95, 98, 21, 1, 0.12%, 17, 0, 14, 442.37
1734851990, 61, 97, 98, 20, 1, 0.12%, 17, 0, 14, 391.92
1734851995, 61, 97, 101, 23, 1, 0.12%, 17, 0, 15, 420.70
1734852040, 61, 97, 102, 24, 1, 0.12%, 17, 0, 15, 407.90
1734852111, 61, 98, 102, 23, 1, 0.12%, 17, 0, 15, 421.91
1734852188, 61, 99, 103, 23, 1, 0.12%, 17, 0, 16, 374.60
1734852208, 61, 99, 104, 24, 1, 0.12%, 17, 0, 16, 432.67
1734852289, 61, 99, 105, 25, 1, 0.12%, 18, 0, 16, 350.37
1734852299, 61, 104, 105, 24, 2, 0.12%, 18, 0, 16, 363.58
1734852370, 61, 104, 106, 25, 2, 0.13%, 19, 0, 17, 340.17
1734852380, 61, 105, 106, 24, 2, 0.13%, 19, 0, 17, 353.16
1734852461, 62, 88, 106, 23, 1, 0.13%, 19, 0, 17, 385.10
1734852492, 62, 89, 106, 23, 1, 0.13%, 19, 0, 17, 367.83
1734852528, 62, 90, 106, 23, 1, 0.13%, 19, 0, 17, 458.33
1734852589, 62, 91, 106, 22, 1, 0.13%, 19, 0, 17, 432.99
1734852625, 62, 91, 107, 23, 1, 0.13%, 19, 0, 17, 517.02
1734852691, 62, 92, 107, 22, 1, 0.13%, 19, 0, 17, 463.83
1734852701, 62, 92, 108, 23, 1, 0.13%, 19, 0, 17, 524.47
1734852737, 62, 92, 109, 24, 1, 0.13%, 19, 0, 17, 529.15
1734852778, 62, 98, 109, 23, 1, 0.13%, 19, 0, 17, 360.18
1734852809, 62, 99, 109, 23, 1, 0.13%, 19, 0, 17, 415.06
1734852844, 62, 102, 110, 24, 1, 0.13%, 19, 0, 17, 375.64
1734852916, 62, 103, 110, 23, 1, 0.13%, 19, 0, 17, 249.24
1734852951, 62, 103, 113, 26, 1, 0.15%, 22, 0, 17, 212.60
1734852956, 62, 103, 114, 27, 1, 0.15%, 22, 0, 17, 360.62
1734852997, 62, 103, 119, 32, 1, 0.15%, 22, 0, 17, 408.14
1734853013, 62, 103, 122, 35, 1, 0.15%, 22, 0, 17, 369.19
1734853018, 62, 103, 135, 48, 1, 0.15%, 22, 0, 17, 346.10
1734853376, 62, 103, 136, 49, 1, 0.15%, 23, 0, 17, 468.72
1734853417, 62, 103, 137, 50, 1, 0.15%, 23, 0, 17, 403.70
1734853437, 62, 135, 137, 49, 3, 0.15%, 23, 0, 17, 341.12
1734853442, 62, 135, 139, 51, 3, 0.16%, 25, 0, 18, 324.90
1734853508, 62, 137, 139, 50, 4, 0.16%, 25, 0, 18, 345.38
1734853544, 62, 137, 140, 51, 4, 0.16%, 25, 0, 19, 418.49
1734853620, 62, 138, 140, 50, 3, 0.16%, 25, 0, 19, 356.60
1734853686, 63, 112, 140, 49, 2, 0.16%, 25, 0, 19, 374.74
1734854087, 63, 112, 141, 50, 2, 0.16%, 25, 0, 19, 489.27
1734854148, 63, 137, 141, 49, 1, 0.16%, 25, 0, 19, 385.57
1734854179, 63, 138, 141, 49, 1, 0.16%, 25, 0, 19, 372.91
1734854214, 64, 138, 141, 49, 1, 0.16%, 25, 0, 19, 374.51
1734854245, 64, 139, 141, 49, 1, 0.16%, 25, 0, 19, 325.01
1734854250, 64, 139, 142, 50, 1, 0.16%, 25, 0, 20, 362.10
1734854265, 64, 139, 143, 51, 1, 0.16%, 25, 0, 20, 431.64
1734854275, 64, 139, 144, 52, 1, 0.16%, 25, 0, 20, 416.31
1734854367, 65, 138, 144, 51, 1, 0.16%, 25, 0, 20, 373.70
1734854372, 65, 138, 145, 52, 1, 0.16%, 25, 0, 20, 413.42
1734854413, 65, 144, 145, 52, 1, 0.16%, 25, 0, 20, 350.95
1734854458, 65, 144, 147, 54, 1, 0.16%, 25, 0, 20, 463.04
1734854504, 65, 144, 148, 55, 1, 0.16%, 25, 0, 20, 467.00
1734854550, 65, 145, 148, 54, 1, 0.16%, 25, 0, 20, 359.60
1734854596, 65, 145, 149, 55, 1, 0.16%, 25, 0, 21, 468.05
1734854601, 65, 145, 150, 56, 1, 0.16%, 25, 0, 21, 468.22
1734854606, 65, 145, 151, 57, 1, 0.16%, 25, 0, 21, 466.67
1734854693, 66, 137, 151, 56, 1, 0.16%, 25, 0, 21, 371.08
1734854723, 66, 139, 151, 56, 1, 0.16%, 25, 0, 21, 333.63
1734854759, 66, 141, 151, 56, 1, 0.16%, 25, 0, 21, 387.85
1734854764, 66, 141, 152, 57, 1, 0.16%, 25, 0, 21, 319.30
1734854877, 66, 142, 152, 56, 1, 0.16%, 25, 0, 21, 429.68
1734854897, 66, 142, 153, 57, 1, 0.16%, 25, 0, 21, 419.71
1734854999, 66, 143, 153, 56, 1, 0.16%, 25, 0, 21, 389.88
1734855116, 66, 144, 153, 55, 1, 0.16%, 25, 0, 21, 357.78
1734855151, 66, 145, 153, 55, 1, 0.16%, 25, 0, 21, 391.72
1734855182, 66, 146, 153, 55, 1, 0.16%, 25, 0, 21, 348.62
1734855202, 66, 146, 154, 56, 1, 0.16%, 25, 0, 21, 404.33
1734855294, 66, 146, 155, 57, 1, 0.16%, 25, 0, 21, 470.68
1734855319, 66, 146, 156, 58, 1, 0.16%, 25, 0, 21, 473.60
1734855364, 66, 147, 156, 57, 1, 0.16%, 25, 0, 21, 344.33
1734855467, 67, 105, 156, 56, 1, 0.16%, 25, 0, 21, 453.61
1734855508, 68, 105, 156, 56, 1, 0.16%, 25, 0, 21, 321.62
1734855543, 68, 112, 156, 56, 1, 0.16%, 25, 0, 21, 325.42
1734855584, 68, 113, 156, 56, 1, 0.16%, 25, 0, 21, 304.07
1734855843, 68, 136, 156, 55, 1, 0.16%, 25, 0, 21, 368.76
1734855920, 68, 137, 156, 54, 1, 0.16%, 25, 0, 21, 319.03
1734855955, 68, 138, 156, 54, 1, 0.16%, 25, 0, 21, 389.54
1734855986, 68, 139, 156, 54, 1, 0.16%, 25, 0, 21, 317.91
1734856016, 68, 141, 156, 54, 1, 0.16%, 25, 0, 21, 365.21
1734856047, 68, 142, 156, 54, 1, 0.16%, 25, 0, 21, 358.53
1734856082, 68, 143, 156, 54, 1, 0.16%, 25, 0, 21, 360.04
1734856113, 68, 144, 156, 54, 1, 0.16%, 25, 0, 21, 386.93
1734856149, 68, 145, 156, 54, 1, 0.16%, 25, 0, 21, 381.10
1734856179, 68, 146, 156, 54, 1, 0.16%, 25, 0, 21, 319.56
1734856210, 68, 147, 156, 54, 1, 0.16%, 25, 0, 21, 384.12
1734856241, 68, 148, 156, 54, 1, 0.16%, 25, 0, 21, 424.66
1734856322, 68, 149, 156, 53, 1, 0.16%, 25, 0, 21, 277.73
1734856663, 68, 149, 157, 54, 1, 0.16%, 25, 0, 22, 472.20
1734856668, 68, 149, 158, 55, 1, 0.16%, 25, 0, 22, 478.45
1734856678, 68, 149, 159, 56, 1, 0.16%, 25, 0, 22, 480.88
1734856683, 68, 149, 160, 57, 1, 0.16%, 25, 0, 22, 476.70
1734856749, 68, 151, 160, 56, 1, 0.16%, 25, 0, 22, 302.11
1734856826, 68, 151, 161, 57, 1, 0.16%, 25, 0, 22, 476.48
1734856907, 68, 152, 161, 56, 1, 0.16%, 25, 0, 22, 422.52
1734857030, 68, 160, 161, 55, 1, 0.16%, 25, 0, 22, 386.18
1734857172, 69, 105, 161, 54, 1, 0.16%, 25, 0, 22, 371.08
1734857203, 69, 105, 162, 55, 1, 0.17%, 26, 0, 22, 434.81
1734857208, 69, 161, 162, 55, 2, 0.17%, 26, 0, 22, 326.36
1734857218, 69, 161, 163, 56, 2, 0.17%, 27, 0, 22, 337.46
1734857243, 69, 161, 166, 59, 2, 0.17%, 28, 0, 22, 326.30
1734857248, 69, 161, 171, 64, 2, 0.17%, 28, 0, 22, 331.50
1734857253, 69, 161, 172, 65, 2, 0.17%, 28, 0, 22, 333.12
1734857274, 69, 161, 173, 66, 2, 0.17%, 28, 0, 22, 344.67
1734857289, 69, 161, 175, 68, 2, 0.17%, 28, 0, 22, 330.44
1734857294, 69, 161, 176, 69, 2, 0.17%, 28, 0, 22, 335.33
1734857340, 69, 161, 177, 70, 2, 0.17%, 28, 0, 22, 333.88
1734857345, 69, 161, 178, 71, 2, 0.17%, 28, 0, 22, 401.19
1734857350, 69, 161, 185, 78, 2, 0.17%, 29, 0, 22, 398.03
1734857355, 69, 161, 186, 79, 2, 0.17%, 29, 0, 22, 355.32
1734857365, 69, 162, 186, 78, 3, 0.17%, 29, 0, 22, 319.40
1734857411, 69, 162, 187, 79, 3, 0.17%, 29, 0, 22, 332.89
1734857523, 69, 163, 187, 78, 2, 0.17%, 29, 0, 22, 315.27
1734857615, 69, 163, 188, 79, 2, 0.17%, 29, 0, 22, 342.64
1734857630, 69, 178, 188, 78, 2, 0.17%, 29, 0, 22, 425.07
1734857671, 69, 178, 189, 79, 2, 0.17%, 29, 0, 22, 334.97
1734857676, 69, 178, 190, 80, 2, 0.17%, 30, 0, 22, 331.33
1734857691, 69, 178, 191, 81, 2, 0.17%, 30, 0, 22, 332.41
1734857788, 69, 189, 191, 80, 3, 0.17%, 30, 0, 22, 303.32
1734857824, 69, 189, 192, 81, 3, 0.17%, 30, 0, 22, 326.61
1734857849, 69, 189, 193, 82, 3, 0.17%, 30, 0, 22, 330.57
1734857931, 69, 189, 194, 83, 3, 0.17%, 30, 0, 22, 438.98
1734857941, 69, 191, 194, 82, 2, 0.17%, 30, 0, 22, 343.59
1734858017, 69, 191, 195, 83, 2, 0.17%, 30, 0, 22, 311.07
1734858022, 69, 191, 196, 84, 2, 0.17%, 30, 0, 22, 302.61
1734858027, 69, 191, 197, 85, 2, 0.17%, 30, 0, 22, 296.48
1734858033, 69, 191, 198, 86, 2, 0.17%, 30, 0, 22, 303.35
1734858119, 69, 191, 199, 87, 2, 0.17%, 30, 0, 22, 300.60
1734858139, 70, 162, 199, 86, 2, 0.17%, 30, 0, 22, 343.80
1734858185, 70, 186, 199, 86, 2, 0.17%, 30, 0, 22, 300.89
1734858226, 70, 186, 200, 87, 2, 0.17%, 30, 0, 22, 334.03
1734858271, 70, 186, 201, 88, 2, 0.17%, 30, 0, 22, 325.45
1734858343, 70, 189, 201, 87, 2, 0.17%, 30, 0, 22, 365.50
1734858383, 70, 189, 202, 88, 2, 0.17%, 30, 0, 22, 400.33
1734858388, 70, 191, 202, 88, 2, 0.17%, 30, 0, 22, 383.98
1734858440, 70, 192, 202, 88, 2, 0.17%, 30, 0, 22, 252.76
1734858501, 70, 192, 203, 89, 2, 0.17%, 30, 0, 22, 307.01
1734858557, 70, 192, 204, 90, 2, 0.17%, 30, 0, 22, 301.57
1734858623, 70, 199, 206, 91, 2, 0.17%, 30, 0, 22, 269.48
1734858744, 71, 137, 206, 90, 2, 0.17%, 30, 0, 22, 383.11
1734858775, 71, 139, 206, 90, 2, 0.17%, 30, 0, 22, 378.04
1734858811, 71, 141, 206, 90, 2, 0.17%, 30, 0, 22, 301.81
1734858841, 71, 142, 206, 90, 2, 0.17%, 30, 0, 22, 357.38
1734858877, 71, 143, 206, 90, 2, 0.17%, 30, 0, 22, 337.58
1734858907, 71, 151, 206, 90, 2, 0.17%, 30, 0, 22, 345.08
1734858938, 71, 152, 206, 90, 2, 0.17%, 30, 0, 22, 397.68
1734858968, 71, 160, 206, 90, 2, 0.17%, 30, 0, 22, 420.79
1734859004, 72, 137, 206, 90, 2, 0.17%, 30, 0, 22, 395.33
1734859035, 72, 139, 206, 90, 2, 0.17%, 30, 0, 22, 384.82
1734859060, 72, 141, 206, 90, 2, 0.17%, 30, 0, 22, 400.00
1734859091, 72, 142, 206, 90, 2, 0.17%, 30, 0, 22, 450.68
1734859127, 72, 143, 206, 90, 2, 0.17%, 30, 0, 22, 417.81
1734859157, 72, 151, 206, 90, 2, 0.17%, 30, 0, 22, 410.84
1734859188, 72, 152, 206, 90, 2, 0.17%, 30, 0, 22, 339.56
1734859218, 72, 160, 206, 90, 2, 0.17%, 30, 0, 22, 359.56
1734859228, 72, 160, 207, 91, 2, 0.17%, 30, 0, 23, 473.39
1734859259, 72, 206, 207, 91, 2, 0.17%, 30, 0, 23, 389.98
1734859452, 73, 137, 207, 90, 2, 0.17%, 30, 0, 23, 366.37
1734859482, 73, 139, 207, 90, 2, 0.17%, 30, 0, 23, 335.59
1734859518, 73, 141, 207, 90, 2, 0.17%, 30, 0, 23, 386.62
1734859548, 73, 142, 207, 90, 2, 0.17%, 30, 0, 23, 318.44
1734859579, 73, 143, 207, 90, 2, 0.17%, 30, 0, 23, 363.11
1734859615, 73, 151, 207, 90, 2, 0.17%, 30, 0, 23, 401.64
1734859645, 73, 152, 207, 90, 2, 0.17%, 30, 0, 23, 307.32
1734859676, 73, 160, 207, 90, 2, 0.17%, 30, 0, 23, 392.28
1734859706, 73, 206, 207, 90, 2, 0.17%, 30, 0, 23, 454.39
1734859742, 74, 137, 207, 90, 2, 0.17%, 30, 0, 23, 387.64
1734859767, 74, 139, 207, 90, 2, 0.17%, 30, 0, 23, 370.40
1734859803, 74, 141, 207, 90, 2, 0.17%, 30, 0, 23, 396.35
1734859833, 74, 142, 207, 90, 2, 0.17%, 30, 0, 23, 367.45
1734859864, 74, 143, 207, 90, 2, 0.17%, 30, 0, 23, 390.45
1734859894, 74, 151, 207, 90, 2, 0.17%, 30, 0, 23, 359.22
1734859930, 74, 152, 207, 90, 2, 0.17%, 30, 0, 23, 317.33
1734859960, 74, 160, 207, 90, 2, 0.17%, 30, 0, 23, 314.93
1734859991, 74, 206, 207, 90, 2, 0.17%, 30, 0, 23, 389.97
1734860011, 74, 206, 208, 91, 2, 0.17%, 30, 0, 24, 424.26
1734860026, 74, 207, 208, 91, 2, 0.17%, 30, 0, 24, 249.03
1734861247, 74, 207, 209, 92, 2, 0.17%, 30, 0, 25, 477.04
1734861328, 74, 208, 209, 91, 2, 0.17%, 30, 0, 25, 243.02
