# unix_time, cycles_done, cur_path, paths_total, pending_total, pending_favs, map_size, unique_crashes, unique_hangs, max_depth, execs_per_sec
1735536564, 0, 0, 10, 10, 1, 0.00%, 0, 0, 1, 175.82
1735536569, 0, 2, 10, 10, 1, 0.00%, 0, 0, 1, 201.74
1735536575, 0, 3, 10, 9, 0, 0.00%, 0, 0, 1, 208.79
1735536580, 0, 4, 10, 8, 0, 0.00%, 0, 0, 1, 205.42
1735536590, 0, 5, 10, 7, 0, 0.00%, 0, 0, 1, 210.06
1735536595, 0, 6, 10, 6, 0, 0.00%, 0, 0, 1, 198.47
1735536605, 0, 7, 10, 5, 0, 0.00%, 0, 0, 1, 213.76
1735536610, 0, 8, 10, 4, 0, 0.00%, 0, 0, 1, 202.02
1735536616, 0, 9, 10, 3, 0, 0.00%, 0, 0, 1, 210.43
1735536626, 1, 0, 10, 2, 0, 0.00%, 0, 0, 1, 214.38
1735536636, 1, 1, 10, 1, 0, 0.00%, 0, 0, 1, 212.69
1735536646, 1, 2, 10, 0, 0, 0.00%, 0, 0, 1, 214.10
1735536656, 1, 4, 10, 0, 0, 0.00%, 0, 0, 1, 210.54
1735536662, 1, 5, 10, 0, 0, 0.00%, 0, 0, 1, 214.64
1735536667, 1, 7, 10, 0, 0, 0.00%, 0, 0, 1, 208.45
1735536672, 1, 8, 10, 0, 0, 0.00%, 0, 0, 1, 209.25
1735536677, 2, 0, 10, 0, 0, 0.00%, 0, 0, 1, 211.67
1735536682, 2, 1, 10, 0, 0, 0.00%, 0, 0, 1, 209.67
1735536687, 2, 3, 10, 0, 0, 0.00%, 0, 0, 1, 210.04
1735536692, 2, 4, 10, 0, 0, 0.00%, 0, 0, 1, 209.97
1735536697, 2, 5, 10, 0, 0, 0.00%, 0, 0, 1, 208.28
1735536702, 2, 7, 10, 0, 0, 0.00%, 0, 0, 1, 211.90
1735536708, 2, 8, 10, 0, 0, 0.00%, 0, 0, 1, 209.92
1735536713, 3, 0, 10, 0, 0, 0.00%, 0, 0, 1, 210.88
1735536718, 3, 1, 10, 0, 0, 0.00%, 0, 0, 1, 212.87
1735536723, 3, 3, 10, 0, 0, 0.00%, 0, 0, 1, 208.06
1735536728, 3, 4, 10, 0, 0, 0.00%, 0, 0, 1, 212.52
1735536733, 3, 5, 10, 0, 0, 0.00%, 0, 0, 1, 207.53
1735536738, 3, 7, 10, 0, 0, 0.00%, 0, 0, 1, 211.51
1735536743, 3, 8, 10, 0, 0, 0.00%, 0, 0, 1, 211.81
1735536748, 4, 0, 10, 0, 0, 0.00%, 0, 0, 1, 212.00
1735536753, 4, 1, 10, 0, 0, 0.00%, 0, 0, 1, 210.41
1735536758, 4, 3, 10, 0, 0, 0.00%, 0, 0, 1, 211.59
1735536764, 4, 4, 10, 0, 0, 0.00%, 0, 0, 1, 209.31
1735536769, 4, 5, 10, 0, 0, 0.00%, 0, 0, 1, 212.50
1735536774, 4, 7, 10, 0, 0, 0.00%, 0, 0, 1, 212.29
1735536779, 4, 8, 10, 0, 0, 0.00%, 0, 0, 1, 211.02
1735536784, 5, 0, 10, 0, 0, 0.00%, 0, 0, 1, 211.30
1735536789, 5, 1, 10, 0, 0, 0.00%, 0, 0, 1, 207.85
1735536794, 5, 3, 10, 0, 0, 0.00%, 0, 0, 1, 210.10
1735536799, 5, 4, 10, 0, 0, 0.00%, 0, 0, 1, 213.12
1735536804, 5, 6, 10, 0, 0, 0.00%, 0, 0, 1, 212.37
1735536809, 5, 7, 10, 0, 0, 0.00%, 0, 0, 1, 208.77
1735536814, 5, 8, 10, 0, 0, 0.00%, 0, 0, 1, 210.98
1735536819, 6, 0, 10, 0, 0, 0.00%, 0, 0, 1, 210.66
1735536825, 6, 1, 10, 0, 0, 0.00%, 0, 0, 1, 209.76
1735536830, 6, 3, 10, 0, 0, 0.00%, 0, 0, 1, 209.49
1735536835, 6, 4, 10, 0, 0, 0.00%, 0, 0, 1, 210.54
1735536840, 6, 6, 10, 0, 0, 0.00%, 0, 0, 1, 211.27
1735536845, 6, 7, 10, 0, 0, 0.00%, 0, 0, 1, 209.87
1735536850, 6, 8, 10, 0, 0, 0.00%, 0, 0, 1, 212.59
1735536855, 7, 0, 10, 0, 0, 0.00%, 0, 0, 1, 210.66
1735536860, 7, 1, 10, 0, 0, 0.00%, 0, 0, 1, 209.57
1735536865, 7, 3, 10, 0, 0, 0.00%, 0, 0, 1, 208.50
1735536870, 7, 4, 10, 0, 0, 0.00%, 0, 0, 1, 208.43
1735536875, 7, 6, 10, 0, 0, 0.00%, 0, 0, 1, 209.34
1735536880, 7, 7, 10, 0, 0, 0.00%, 0, 0, 1, 208.83
1735536886, 7, 8, 10, 0, 0, 0.00%, 0, 0, 1, 210.75
1735536891, 8, 0, 10, 0, 0, 0.00%, 0, 0, 1, 209.86
1735536896, 8, 1, 10, 0, 0, 0.00%, 0, 0, 1, 209.36
1735536901, 8, 3, 10, 0, 0, 0.00%, 0, 0, 1, 210.11
1735536906, 8, 4, 10, 0, 0, 0.00%, 0, 0, 1, 214.10
1735536911, 8, 6, 10, 0, 0, 0.00%, 0, 0, 1, 211.95
1735536916, 8, 7, 10, 0, 0, 0.00%, 0, 0, 1, 212.03
1735536921, 8, 8, 10, 0, 0, 0.00%, 0, 0, 1, 211.61
1735536927, 9, 0, 10, 0, 0, 0.00%, 0, 0, 1, 209.80
1735536932, 9, 1, 10, 0, 0, 0.00%, 0, 0, 1, 214.16
1735536937, 9, 3, 10, 0, 0, 0.00%, 0, 0, 1, 213.12
1735536942, 9, 4, 10, 0, 0, 0.00%, 0, 0, 1, 209.75
1735536947, 9, 6, 10, 0, 0, 0.00%, 0, 0, 1, 208.41
1735536952, 9, 7, 10, 0, 0, 0.00%, 0, 0, 1, 211.50
1735536957, 9, 9, 10, 0, 0, 0.00%, 0, 0, 1, 212.86
1735536962, 10, 0, 10, 0, 0, 0.00%, 0, 0, 1, 210.99
1735536967, 10, 1, 10, 0, 0, 0.00%, 0, 0, 1, 214.72
1735536972, 10, 3, 10, 0, 0, 0.00%, 0, 0, 1, 214.62
1735536978, 10, 4, 10, 0, 0, 0.00%, 0, 0, 1, 212.39
1735536983, 10, 6, 10, 0, 0, 0.00%, 0, 0, 1, 211.86
1735536988, 10, 7, 10, 0, 0, 0.00%, 0, 0, 1, 209.34
1735536993, 10, 9, 10, 0, 0, 0.00%, 0, 0, 1, 210.08
1735536998, 11, 0, 10, 0, 0, 0.00%, 0, 0, 1, 210.24
1735537003, 11, 2, 10, 0, 0, 0.00%, 0, 0, 1, 208.78
1735537008, 11, 3, 10, 0, 0, 0.00%, 0, 0, 1, 214.48
1735537014, 11, 5, 10, 0, 0, 0.00%, 0, 0, 1, 210.45
1735537019, 11, 6, 10, 0, 0, 0.00%, 0, 0, 1, 211.12
1735537024, 11, 7, 10, 0, 0, 0.00%, 0, 0, 1, 209.04
1735537029, 11, 9, 10, 0, 0, 0.00%, 0, 0, 1, 210.10
1735537034, 12, 0, 10, 0, 0, 0.00%, 0, 0, 1, 210.61
1735537039, 12, 2, 10, 0, 0, 0.00%, 0, 0, 1, 210.51
1735537044, 12, 3, 10, 0, 0, 0.00%, 0, 0, 1, 213.08
1735537050, 12, 5, 10, 0, 0, 0.00%, 0, 0, 1, 213.73
1735537055, 12, 6, 10, 0, 0, 0.00%, 0, 0, 1, 210.64
1735537060, 12, 8, 10, 0, 0, 0.00%, 0, 0, 1, 210.88
1735537065, 12, 9, 10, 0, 0, 0.00%, 0, 0, 1, 212.06
1735537070, 13, 0, 10, 0, 0, 0.00%, 0, 0, 1, 211.76
1735537075, 13, 2, 10, 0, 0, 0.00%, 0, 0, 1, 208.69
1735537080, 13, 3, 10, 0, 0, 0.00%, 0, 0, 1, 209.60
1735537085, 13, 5, 10, 0, 0, 0.00%, 0, 0, 1, 212.16
1735537090, 13, 6, 10, 0, 0, 0.00%, 0, 0, 1, 213.56
1735537095, 13, 8, 10, 0, 0, 0.00%, 0, 0, 1, 210.47
1735537100, 13, 9, 10, 0, 0, 0.00%, 0, 0, 1, 209.17
1735537105, 14, 0, 10, 0, 0, 0.00%, 0, 0, 1, 206.69
1735537111, 14, 2, 10, 0, 0, 0.00%, 0, 0, 1, 209.25
1735537116, 14, 3, 10, 0, 0, 0.00%, 0, 0, 1, 211.58
1735537121, 14, 5, 10, 0, 0, 0.00%, 0, 0, 1, 210.34
1735537126, 14, 6, 10, 0, 0, 0.00%, 0, 0, 1, 209.04
1735537131, 14, 8, 10, 0, 0, 0.00%, 0, 0, 1, 208.94
1735537136, 14, 9, 10, 0, 0, 0.00%, 0, 0, 1, 211.05
1735537141, 15, 0, 10, 0, 0, 0.00%, 0, 0, 1, 213.59
1735537146, 15, 2, 10, 0, 0, 0.00%, 0, 0, 1, 209.55
1735537151, 15, 3, 10, 0, 0, 0.00%, 0, 0, 1, 210.20
1735537157, 15, 5, 10, 0, 0, 0.00%, 0, 0, 1, 212.86
1735537162, 15, 6, 10, 0, 0, 0.00%, 0, 0, 1, 209.95
1735537167, 15, 8, 10, 0, 0, 0.00%, 0, 0, 1, 215.93
1735537172, 15, 9, 10, 0, 0, 0.00%, 0, 0, 1, 222.07
1735537177, 16, 1, 10, 0, 0, 0.00%, 0, 0, 1, 219.42
1735537182, 16, 2, 10, 0, 0, 0.00%, 0, 0, 1, 215.10
1735537187, 16, 4, 10, 0, 0, 0.00%, 0, 0, 1, 216.74
1735537193, 16, 5, 10, 0, 0, 0.00%, 0, 0, 1, 219.35
1735537198, 16, 7, 10, 0, 0, 0.00%, 0, 0, 1, 217.64
1735537203, 16, 8, 10, 0, 0, 0.00%, 0, 0, 1, 215.82
1735537208, 17, 0, 10, 0, 0, 0.00%, 0, 0, 1, 219.36
1735537213, 17, 1, 10, 0, 0, 0.00%, 0, 0, 1, 218.09
1735537218, 17, 3, 10, 0, 0, 0.00%, 0, 0, 1, 215.40
1735537223, 17, 4, 10, 0, 0, 0.00%, 0, 0, 1, 220.68
1735537228, 17, 6, 10, 0, 0, 0.00%, 0, 0, 1, 216.00
1735537233, 17, 7, 10, 0, 0, 0.00%, 0, 0, 1, 214.69
1735537239, 17, 8, 10, 0, 0, 0.00%, 0, 0, 1, 216.27
1735537244, 18, 0, 10, 0, 0, 0.00%, 0, 0, 1, 218.96
1735537249, 18, 1, 10, 0, 0, 0.00%, 0, 0, 1, 218.57
1735537254, 18, 3, 10, 0, 0, 0.00%, 0, 0, 1, 218.72
1735537259, 18, 4, 10, 0, 0, 0.00%, 0, 0, 1, 217.60
1735537264, 18, 6, 10, 0, 0, 0.00%, 0, 0, 1, 214.21
1735537269, 18, 7, 10, 0, 0, 0.00%, 0, 0, 1, 214.94
1735537274, 18, 9, 10, 0, 0, 0.00%, 0, 0, 1, 216.50
1735537279, 19, 0, 10, 0, 0, 0.00%, 0, 0, 1, 217.86
1735537284, 19, 2, 10, 0, 0, 0.00%, 0, 0, 1, 218.81
1735537289, 19, 3, 10, 0, 0, 0.00%, 0, 0, 1, 217.82
1735537294, 19, 10, 11, 1, 1, 0.05%, 1, 0, 2, 223.75
1735537305, 19, 10, 12, 2, 1, 0.05%, 2, 0, 3, 264.15
1735537412, 19, 11, 12, 1, 1, 0.05%, 2, 0, 3, 227.80
1735537417, 19, 11, 15, 4, 1, 0.05%, 3, 0, 4, 263.43
1735537422, 19, 11, 16, 5, 1, 0.05%, 4, 0, 4, 270.81
1735537438, 19, 11, 18, 7, 1, 0.06%, 6, 0, 4, 275.33
1735537448, 19, 11, 19, 8, 1, 0.06%, 6, 0, 4, 269.98
1735537453, 19, 11, 20, 9, 1, 0.06%, 6, 0, 4, 270.07
1735537458, 19, 11, 22, 11, 1, 0.06%, 6, 0, 4, 270.02
1735537509, 19, 11, 23, 12, 1, 0.06%, 7, 0, 4, 240.25
1735537524, 19, 22, 24, 12, 5, 0.06%, 8, 0, 5, 248.21
1735537530, 19, 22, 26, 14, 5, 0.06%, 8, 0, 5, 426.14
1735537555, 19, 22, 27, 15, 5, 0.06%, 8, 0, 5, 487.46
1735537575, 19, 22, 29, 17, 5, 0.06%, 8, 0, 5, 484.28
1735537600, 20, 15, 31, 18, 5, 0.06%, 8, 0, 5, 228.50
1735537616, 20, 15, 32, 19, 5, 0.06%, 8, 0, 5, 238.19
1735537683, 20, 15, 33, 20, 5, 0.06%, 8, 0, 5, 234.58
1735537693, 20, 15, 34, 21, 5, 0.06%, 8, 0, 5, 232.11
1735537703, 20, 15, 35, 22, 5, 0.06%, 8, 0, 5, 243.09
1735537719, 20, 15, 37, 24, 5, 0.06%, 8, 0, 5, 242.35
1735537724, 20, 15, 38, 25, 5, 0.06%, 8, 0, 5, 275.97
1735537729, 20, 17, 38, 24, 4, 0.06%, 8, 0, 5, 358.14
1735537769, 20, 17, 42, 28, 4, 0.06%, 9, 0, 5, 300.00
1735537779, 20, 38, 43, 28, 4, 0.06%, 9, 0, 6, 300.26
1735537795, 20, 38, 45, 30, 4, 0.06%, 9, 0, 6, 513.54
1735537805, 20, 38, 46, 31, 4, 0.06%, 9, 0, 6, 534.47
1735537861, 21, 16, 46, 30, 4, 0.06%, 9, 0, 6, 333.81
1735537896, 21, 25, 46, 29, 3, 0.06%, 9, 0, 6, 439.36
1735537947, 21, 25, 47, 30, 3, 0.06%, 9, 0, 6, 340.21
1735537958, 21, 28, 47, 29, 3, 0.06%, 9, 0, 6, 321.80
1735538003, 21, 35, 47, 28, 3, 0.06%, 9, 0, 6, 293.36
1735538039, 21, 35, 48, 29, 3, 0.06%, 9, 0, 6, 332.44
1735538049, 21, 38, 48, 28, 3, 0.06%, 9, 0, 6, 455.97
1735538074, 21, 39, 48, 28, 3, 0.06%, 9, 0, 6, 326.31
1735538120, 21, 42, 48, 27, 2, 0.06%, 9, 0, 6, 310.14
1735538136, 21, 42, 49, 28, 2, 0.06%, 9, 0, 7, 476.32
1735538166, 21, 42, 50, 29, 2, 0.06%, 9, 0, 7, 493.89
1735538176, 21, 42, 51, 30, 2, 0.06%, 9, 0, 7, 488.53
1735538186, 21, 42, 55, 34, 2, 0.06%, 9, 0, 7, 360.64
1735538201, 21, 43, 55, 33, 2, 0.06%, 9, 0, 7, 423.33
1735538232, 21, 43, 57, 35, 2, 0.06%, 9, 0, 7, 348.66
1735538237, 21, 44, 57, 34, 1, 0.06%, 9, 0, 7, 323.93
1735538540, 21, 44, 59, 36, 1, 0.06%, 9, 0, 7, 517.87
1735538545, 21, 44, 60, 37, 1, 0.06%, 9, 0, 7, 513.67
1735538560, 21, 44, 61, 38, 1, 0.06%, 9, 0, 7, 517.38
1735538596, 21, 46, 62, 38, 1, 0.06%, 9, 0, 7, 372.97
1735538688, 21, 50, 62, 37, 1, 0.06%, 9, 0, 7, 386.04
1735538749, 21, 50, 63, 38, 1, 0.06%, 9, 0, 8, 395.06
1735538759, 21, 51, 63, 37, 1, 0.06%, 9, 0, 8, 397.39
1735538820, 21, 52, 63, 36, 1, 0.06%, 9, 0, 8, 308.23
1735538835, 21, 52, 64, 37, 1, 0.06%, 9, 0, 8, 337.73
1735538885, 21, 53, 64, 36, 1, 0.06%, 9, 0, 8, 327.96
1735538921, 21, 54, 64, 35, 1, 0.06%, 9, 0, 8, 349.64
1735538972, 21, 55, 64, 34, 1, 0.06%, 9, 0, 8, 366.83
1735539023, 21, 55, 65, 35, 1, 0.06%, 9, 0, 8, 510.81
1735539341, 21, 57, 65, 34, 1, 0.06%, 9, 0, 8, 305.79
1735539839, 21, 57, 66, 35, 1, 0.06%, 9, 0, 8, 493.51
1735539875, 21, 58, 66, 34, 1, 0.06%, 9, 0, 8, 353.26
1735540224, 21, 58, 67, 35, 1, 0.06%, 9, 0, 8, 524.17
1735540249, 21, 62, 67, 34, 1, 0.06%, 9, 0, 8, 287.58
1735540531, 21, 63, 67, 33, 1, 0.06%, 9, 0, 8, 350.16
1735540536, 21, 63, 68, 34, 1, 0.06%, 9, 0, 9, 402.98
1735540659, 21, 64, 68, 33, 1, 0.06%, 9, 0, 9, 310.53
1735540761, 21, 65, 68, 32, 1, 0.06%, 9, 0, 9, 269.85
1735541269, 21, 65, 69, 33, 1, 0.06%, 9, 0, 9, 325.70
1735541335, 21, 66, 69, 32, 1, 0.06%, 9, 0, 9, 364.85
1735542049, 21, 67, 69, 31, 1, 0.06%, 9, 0, 9, 446.13
1735542181, 22, 16, 69, 30, 1, 0.06%, 9, 0, 9, 341.94
1735542196, 22, 34, 69, 30, 1, 0.06%, 9, 0, 9, 293.39
1735542232, 22, 50, 69, 29, 1, 0.06%, 9, 0, 9, 380.72
1735542247, 22, 51, 69, 29, 1, 0.06%, 9, 0, 9, 300.66
1735542268, 22, 52, 69, 29, 1, 0.06%, 9, 0, 9, 346.82
1735542283, 22, 53, 69, 29, 1, 0.06%, 9, 0, 9, 331.51
1735542303, 22, 54, 69, 29, 1, 0.06%, 9, 0, 9, 382.95
1735542318, 22, 62, 69, 29, 1, 0.06%, 9, 0, 9, 303.48
1735542349, 22, 63, 69, 29, 1, 0.06%, 9, 0, 9, 350.21
1735542375, 22, 67, 69, 29, 1, 0.06%, 9, 0, 9, 360.70
1735542405, 23, 16, 69, 29, 1, 0.06%, 9, 0, 9, 330.36
1735542425, 23, 34, 69, 29, 1, 0.06%, 9, 0, 9, 368.69
1735542440, 23, 50, 69, 29, 1, 0.06%, 9, 0, 9, 352.03
1735542456, 23, 51, 69, 29, 1, 0.06%, 9, 0, 9, 308.47
1735542476, 23, 52, 69, 29, 1, 0.06%, 9, 0, 9, 354.84
1735542496, 23, 53, 69, 29, 1, 0.06%, 9, 0, 9, 415.12
1735542511, 23, 54, 69, 29, 1, 0.06%, 9, 0, 9, 373.77
1735542527, 23, 62, 69, 29, 1, 0.06%, 9, 0, 9, 379.91
1735542557, 23, 63, 69, 29, 1, 0.06%, 9, 0, 9, 348.57
1735542588, 23, 67, 69, 29, 1, 0.06%, 9, 0, 9, 357.95
1735542613, 24, 16, 69, 29, 1, 0.06%, 9, 0, 9, 313.71
1735542633, 24, 34, 69, 29, 1, 0.06%, 9, 0, 9, 353.77
1735542649, 24, 37, 69, 29, 1, 0.06%, 9, 0, 9, 325.48
1735542669, 24, 37, 70, 30, 1, 0.06%, 9, 0, 9, 493.64
1735542694, 24, 37, 71, 31, 1, 0.06%, 9, 0, 9, 354.50
1735542699, 24, 39, 71, 30, 1, 0.06%, 9, 0, 9, 302.19
1735542720, 24, 40, 71, 30, 1, 0.06%, 9, 0, 9, 332.38
1735542765, 24, 41, 71, 29, 1, 0.06%, 9, 0, 9, 438.09
1735542801, 24, 44, 71, 28, 1, 0.06%, 9, 0, 9, 374.61
1735543119, 24, 46, 71, 28, 1, 0.06%, 9, 0, 9, 430.62
1735543206, 24, 47, 71, 28, 1, 0.06%, 9, 0, 9, 347.97
1735543594, 24, 50, 71, 27, 1, 0.06%, 9, 0, 9, 341.84
1735543615, 24, 51, 71, 27, 1, 0.06%, 9, 0, 9, 346.67
1735543635, 24, 52, 71, 27, 1, 0.06%, 9, 0, 9, 341.23
1735543650, 24, 53, 71, 27, 1, 0.06%, 9, 0, 9, 309.70
1735543670, 24, 54, 71, 27, 1, 0.06%, 9, 0, 9, 383.17
1735543686, 24, 55, 71, 27, 1, 0.06%, 9, 0, 9, 360.04
1735543711, 24, 56, 71, 27, 1, 0.06%, 9, 0, 9, 396.33
1735544007, 24, 57, 71, 26, 1, 0.06%, 9, 0, 9, 328.76
1735544038, 24, 58, 71, 26, 1, 0.06%, 9, 0, 9, 273.08
1735544058, 24, 59, 71, 26, 1, 0.06%, 9, 0, 9, 334.77
1735544376, 24, 59, 72, 27, 1, 0.06%, 9, 0, 9, 422.80
1735544407, 24, 60, 72, 26, 1, 0.06%, 9, 0, 9, 297.82
1735544719, 24, 61, 72, 25, 1, 0.06%, 9, 0, 9, 363.94
1735544796, 24, 61, 73, 26, 1, 0.06%, 9, 0, 9, 441.82
1735544837, 24, 62, 73, 25, 1, 0.06%, 9, 0, 9, 316.72
1735544867, 24, 63, 73, 25, 1, 0.06%, 9, 0, 9, 360.60
1735544893, 24, 67, 73, 25, 1, 0.06%, 9, 0, 9, 322.46
1735544923, 25, 16, 73, 25, 1, 0.06%, 9, 0, 9, 333.44
1735544933, 25, 34, 73, 25, 1, 0.06%, 9, 0, 9, 363.60
1735544949, 25, 50, 73, 25, 1, 0.06%, 9, 0, 9, 275.76
1735544964, 25, 51, 73, 25, 1, 0.06%, 9, 0, 9, 400.43
1735544974, 25, 51, 74, 26, 1, 0.06%, 9, 0, 9, 307.81
1735544984, 25, 52, 74, 26, 1, 0.06%, 9, 0, 9, 319.86
1735545004, 25, 53, 74, 26, 1, 0.06%, 9, 0, 9, 363.02
1735545020, 25, 54, 74, 26, 1, 0.06%, 9, 0, 9, 329.85
1735545030, 25, 54, 75, 27, 1, 0.06%, 9, 0, 9, 325.28
1735545040, 25, 62, 75, 27, 1, 0.06%, 9, 0, 9, 311.51
1735545070, 25, 63, 75, 27, 1, 0.06%, 9, 0, 9, 337.95
1735545096, 25, 67, 75, 27, 1, 0.06%, 9, 0, 9, 350.19
1735545121, 25, 73, 75, 27, 1, 0.06%, 9, 0, 9, 292.04
1735545731, 25, 74, 75, 26, 1, 0.06%, 9, 0, 9, 353.98
1735546343, 26, 14, 75, 25, 1, 0.06%, 9, 0, 9, 296.69
1735546389, 26, 16, 75, 24, 1, 0.06%, 9, 0, 9, 319.07
1735546399, 26, 22, 75, 24, 1, 0.06%, 9, 0, 9, 413.82
1735546415, 26, 24, 75, 24, 1, 0.06%, 9, 0, 9, 323.68
1735546460, 26, 25, 75, 23, 1, 0.06%, 9, 0, 9, 421.55
1735546516, 26, 26, 75, 23, 1, 0.06%, 9, 0, 9, 450.56
1735546546, 26, 27, 75, 22, 1, 0.06%, 9, 0, 9, 454.43
1735546587, 26, 34, 75, 21, 1, 0.06%, 9, 0, 9, 353.98
1735546602, 26, 37, 75, 21, 1, 0.06%, 9, 0, 9, 400.28
1735546617, 26, 44, 75, 21, 1, 0.06%, 9, 0, 9, 379.13
1735546638, 26, 46, 75, 21, 1, 0.06%, 9, 0, 9, 373.64
1735546658, 26, 50, 75, 21, 1, 0.06%, 9, 0, 9, 373.39
1735546663, 26, 51, 75, 21, 1, 0.06%, 9, 0, 9, 313.28
1735546673, 26, 52, 75, 21, 1, 0.06%, 9, 0, 9, 333.94
1735546684, 26, 53, 75, 21, 1, 0.06%, 9, 0, 9, 401.80
1735546694, 26, 54, 75, 21, 1, 0.06%, 9, 0, 9, 347.41
1735546704, 26, 57, 75, 21, 1, 0.06%, 9, 0, 9, 305.15
1735546729, 26, 58, 75, 21, 1, 0.06%, 9, 0, 9, 292.13
1735546750, 26, 59, 75, 21, 1, 0.06%, 9, 0, 9, 292.81
1735546765, 26, 60, 75, 21, 1, 0.06%, 9, 0, 9, 424.25
1735546791, 26, 61, 75, 21, 1, 0.06%, 9, 0, 9, 425.07
1735546806, 26, 62, 75, 21, 1, 0.06%, 9, 0, 9, 278.89
1735546821, 26, 63, 75, 21, 1, 0.06%, 9, 0, 9, 297.69
1735546836, 26, 65, 75, 21, 1, 0.06%, 9, 0, 9, 425.34
1735546867, 26, 66, 75, 21, 1, 0.06%, 9, 0, 9, 408.49
1735546903, 26, 67, 75, 21, 1, 0.06%, 9, 0, 9, 331.75
1735546918, 26, 68, 75, 21, 1, 0.06%, 9, 0, 9, 260.95
