# unix_time, cycles_done, cur_path, paths_total, pending_total, pending_favs, map_size, unique_crashes, unique_hangs, max_depth, execs_per_sec
1735052335, 0, 0, 10, 10, 1, 0.00%, 0, 0, 1, 175.82
1735052340, 0, 3, 10, 10, 1, 0.00%, 0, 0, 1, 203.87
1735052345, 0, 4, 10, 9, 0, 0.00%, 0, 0, 1, 209.27
1735052350, 0, 5, 10, 8, 0, 0.00%, 0, 0, 1, 207.20
1735052361, 0, 6, 10, 7, 0, 0.00%, 0, 0, 1, 209.31
1735052366, 0, 7, 10, 6, 0, 0.00%, 0, 0, 1, 197.22
1735052376, 0, 8, 10, 5, 0, 0.00%, 0, 0, 1, 215.78
1735052381, 0, 9, 10, 4, 0, 0.00%, 0, 0, 1, 211.60
1735052386, 1, 0, 10, 3, 0, 0.00%, 0, 0, 1, 208.65
1735052397, 1, 1, 10, 2, 0, 0.00%, 0, 0, 1, 203.65
1735052407, 1, 2, 10, 1, 0, 0.00%, 0, 0, 1, 193.44
1735052417, 1, 3, 10, 0, 0, 0.00%, 0, 0, 1, 195.08
1735052427, 1, 4, 10, 0, 0, 0.00%, 0, 0, 1, 210.67
1735052432, 1, 6, 10, 0, 0, 0.00%, 0, 0, 1, 205.19
1735052437, 1, 7, 10, 0, 0, 0.00%, 0, 0, 1, 214.56
1735052442, 1, 8, 10, 0, 0, 0.00%, 0, 0, 1, 211.07
1735052448, 2, 0, 10, 0, 0, 0.00%, 0, 0, 1, 211.24
1735052453, 2, 1, 10, 0, 0, 0.00%, 0, 0, 1, 208.06
1735052458, 2, 3, 10, 0, 0, 0.00%, 0, 0, 1, 206.43
1735052463, 2, 4, 10, 0, 0, 0.00%, 0, 0, 1, 207.15
1735052468, 2, 6, 10, 0, 0, 0.00%, 0, 0, 1, 206.22
1735052473, 2, 7, 10, 0, 0, 0.00%, 0, 0, 1, 208.50
1735052478, 2, 8, 10, 0, 0, 0.00%, 0, 0, 1, 211.68
1735052483, 3, 0, 10, 0, 0, 0.00%, 0, 0, 1, 209.13
1735052488, 3, 1, 10, 0, 0, 0.00%, 0, 0, 1, 209.21
1735052493, 3, 3, 10, 0, 0, 0.00%, 0, 0, 1, 209.64
1735052499, 3, 4, 10, 0, 0, 0.00%, 0, 0, 1, 209.84
1735052504, 3, 6, 10, 0, 0, 0.00%, 0, 0, 1, 212.44
1735052509, 3, 7, 10, 0, 0, 0.00%, 0, 0, 1, 208.62
1735052514, 3, 8, 10, 0, 0, 0.00%, 0, 0, 1, 209.76
1735052519, 4, 0, 10, 0, 0, 0.00%, 0, 0, 1, 209.10
1735052524, 4, 1, 10, 0, 0, 0.00%, 0, 0, 1, 207.63
1735052529, 4, 3, 10, 0, 0, 0.00%, 0, 0, 1, 212.55
1735052534, 4, 4, 10, 0, 0, 0.00%, 0, 0, 1, 212.62
1735052539, 4, 6, 10, 0, 0, 0.00%, 0, 0, 1, 211.78
1735052544, 4, 7, 10, 0, 0, 0.00%, 0, 0, 1, 211.59
1735052549, 4, 8, 10, 0, 0, 0.00%, 0, 0, 1, 208.99
1735052554, 5, 0, 10, 0, 0, 0.00%, 0, 0, 1, 207.51
1735052560, 5, 1, 10, 0, 0, 0.00%, 0, 0, 1, 208.23
1735052565, 5, 3, 10, 0, 0, 0.00%, 0, 0, 1, 209.10
1735052570, 5, 4, 10, 0, 0, 0.00%, 0, 0, 1, 210.89
1735052575, 5, 6, 10, 0, 0, 0.00%, 0, 0, 1, 210.42
1735052580, 5, 7, 10, 0, 0, 0.00%, 0, 0, 1, 206.81
1735052585, 5, 8, 10, 0, 0, 0.00%, 0, 0, 1, 209.19
1735052590, 6, 0, 10, 0, 0, 0.00%, 0, 0, 1, 209.42
1735052595, 6, 1, 10, 0, 0, 0.00%, 0, 0, 1, 212.01
1735052600, 6, 3, 10, 0, 0, 0.00%, 0, 0, 1, 209.43
1735052605, 6, 4, 10, 0, 0, 0.00%, 0, 0, 1, 207.58
1735052610, 6, 6, 10, 0, 0, 0.00%, 0, 0, 1, 208.71
1735052615, 6, 7, 10, 0, 0, 0.00%, 0, 0, 1, 208.04
1735052621, 6, 8, 10, 0, 0, 0.00%, 0, 0, 1, 211.14
1735052626, 7, 0, 10, 0, 0, 0.00%, 0, 0, 1, 212.74
1735052631, 7, 1, 10, 0, 0, 0.00%, 0, 0, 1, 207.40
1735052636, 7, 3, 10, 0, 0, 0.00%, 0, 0, 1, 204.88
1735052641, 7, 4, 10, 0, 0, 0.00%, 0, 0, 1, 211.65
1735052646, 7, 6, 10, 0, 0, 0.00%, 0, 0, 1, 210.24
1735052652, 7, 7, 10, 0, 0, 0.00%, 0, 0, 1, 211.94
1735052657, 7, 8, 10, 0, 0, 0.00%, 0, 0, 1, 213.18
1735052662, 8, 0, 10, 0, 0, 0.00%, 0, 0, 1, 212.83
1735052667, 8, 1, 10, 0, 0, 0.00%, 0, 0, 1, 209.45
1735052672, 8, 3, 10, 0, 0, 0.00%, 0, 0, 1, 209.79
1735052677, 8, 4, 10, 0, 0, 0.00%, 0, 0, 1, 209.64
1735052682, 8, 6, 10, 0, 0, 0.00%, 0, 0, 1, 205.31
1735052687, 8, 7, 10, 0, 0, 0.00%, 0, 0, 1, 212.31
1735052692, 8, 8, 10, 0, 0, 0.00%, 0, 0, 1, 208.11
1735052697, 9, 0, 10, 0, 0, 0.00%, 0, 0, 1, 211.36
1735052702, 9, 1, 10, 0, 0, 0.00%, 0, 0, 1, 207.92
1735052707, 9, 3, 10, 0, 0, 0.00%, 0, 0, 1, 214.10
1735052712, 9, 4, 10, 0, 0, 0.00%, 0, 0, 1, 209.77
1735052718, 9, 6, 10, 0, 0, 0.00%, 0, 0, 1, 211.93
1735052723, 9, 7, 10, 0, 0, 0.00%, 0, 0, 1, 210.62
1735052728, 9, 8, 10, 0, 0, 0.00%, 0, 0, 1, 207.59
1735052733, 10, 0, 10, 0, 0, 0.00%, 0, 0, 1, 207.77
1735052738, 10, 1, 10, 0, 0, 0.00%, 0, 0, 1, 212.22
1735052743, 10, 3, 10, 0, 0, 0.00%, 0, 0, 1, 209.70
1735052748, 10, 4, 10, 0, 0, 0.00%, 0, 0, 1, 208.98
1735052753, 10, 6, 10, 0, 0, 0.00%, 0, 0, 1, 208.86
1735052758, 10, 7, 10, 0, 0, 0.00%, 0, 0, 1, 212.54
1735052763, 10, 8, 10, 0, 0, 0.00%, 0, 0, 1, 211.94
1735052769, 11, 0, 10, 0, 0, 0.00%, 0, 0, 1, 211.84
1735052774, 11, 1, 10, 0, 0, 0.00%, 0, 0, 1, 210.23
1735052779, 11, 3, 10, 0, 0, 0.00%, 0, 0, 1, 213.48
1735052784, 11, 4, 10, 0, 0, 0.00%, 0, 0, 1, 212.93
1735052789, 11, 6, 10, 0, 0, 0.00%, 0, 0, 1, 211.31
1735052794, 11, 7, 10, 0, 0, 0.00%, 0, 0, 1, 210.49
1735052799, 11, 9, 10, 0, 0, 0.00%, 0, 0, 1, 211.47
1735052804, 12, 0, 10, 0, 0, 0.00%, 0, 0, 1, 212.63
1735052809, 12, 1, 10, 0, 0, 0.00%, 0, 0, 1, 210.13
1735052815, 12, 3, 10, 0, 0, 0.00%, 0, 0, 1, 213.48
1735052820, 12, 4, 10, 0, 0, 0.00%, 0, 0, 1, 215.36
1735052825, 12, 6, 10, 0, 0, 0.00%, 0, 0, 1, 211.85
1735052830, 12, 7, 10, 0, 0, 0.00%, 0, 0, 1, 210.76
1735052835, 12, 9, 10, 0, 0, 0.00%, 0, 0, 1, 211.83
1735052840, 13, 0, 10, 0, 0, 0.00%, 0, 0, 1, 213.64
1735052845, 13, 2, 10, 0, 0, 0.00%, 0, 0, 1, 211.81
1735052850, 13, 3, 10, 0, 0, 0.00%, 0, 0, 1, 212.45
1735052855, 13, 4, 10, 0, 0, 0.00%, 0, 0, 1, 212.79
1735052860, 13, 6, 10, 0, 0, 0.00%, 0, 0, 1, 209.38
1735052866, 13, 7, 10, 0, 0, 0.00%, 0, 0, 1, 212.66
1735052871, 13, 9, 10, 0, 0, 0.00%, 0, 0, 1, 210.69
1735052876, 14, 0, 10, 0, 0, 0.00%, 0, 0, 1, 212.42
1735052881, 14, 2, 10, 0, 0, 0.00%, 0, 0, 1, 212.07
1735052886, 14, 3, 10, 0, 0, 0.00%, 0, 0, 1, 212.10
1735052891, 14, 5, 10, 0, 0, 0.00%, 0, 0, 1, 211.19
1735052897, 14, 6, 10, 0, 0, 0.00%, 0, 0, 1, 211.89
1735052902, 14, 8, 10, 0, 0, 0.00%, 0, 0, 1, 212.83
1735052907, 14, 9, 10, 0, 0, 0.00%, 0, 0, 1, 209.52
1735052912, 15, 0, 10, 0, 0, 0.00%, 0, 0, 1, 212.09
1735052917, 15, 2, 10, 0, 0, 0.00%, 0, 0, 1, 211.08
1735052922, 15, 3, 10, 0, 0, 0.00%, 0, 0, 1, 213.73
1735052927, 15, 5, 10, 0, 0, 0.00%, 0, 0, 1, 214.88
1735052932, 15, 6, 10, 0, 0, 0.00%, 0, 0, 1, 214.53
1735052937, 15, 8, 10, 0, 0, 0.00%, 0, 0, 1, 211.57
1735052942, 15, 9, 10, 0, 0, 0.00%, 0, 0, 1, 216.35
1735052947, 16, 1, 10, 0, 0, 0.00%, 0, 0, 1, 222.14
1735052952, 16, 2, 10, 0, 0, 0.00%, 0, 0, 1, 216.18
1735052957, 16, 4, 10, 0, 0, 0.00%, 0, 0, 1, 213.80
1735052962, 16, 5, 10, 0, 0, 0.00%, 0, 0, 1, 216.10
1735052968, 16, 7, 10, 0, 0, 0.00%, 0, 0, 1, 216.13
1735052973, 16, 8, 10, 0, 0, 0.00%, 0, 0, 1, 220.31
1735052978, 17, 0, 10, 0, 0, 0.00%, 0, 0, 1, 213.63
1735052983, 17, 1, 10, 0, 0, 0.00%, 0, 0, 1, 215.76
1735052988, 17, 2, 10, 0, 0, 0.00%, 0, 0, 1, 216.23
1735052993, 17, 4, 10, 0, 0, 0.00%, 0, 0, 1, 218.08
1735052998, 17, 5, 10, 0, 0, 0.00%, 0, 0, 1, 220.02
1735053003, 17, 7, 10, 0, 0, 0.00%, 0, 0, 1, 217.44
1735053008, 17, 8, 10, 0, 0, 0.00%, 0, 0, 1, 216.19
1735053014, 18, 0, 10, 0, 0, 0.00%, 0, 0, 1, 220.44
1735053019, 18, 1, 10, 0, 0, 0.00%, 0, 0, 1, 216.62
1735053024, 18, 3, 10, 0, 0, 0.00%, 0, 0, 1, 219.48
1735053029, 18, 4, 10, 0, 0, 0.00%, 0, 0, 1, 217.97
1735053034, 18, 6, 10, 0, 0, 0.00%, 0, 0, 1, 219.83
1735053039, 18, 7, 10, 0, 0, 0.00%, 0, 0, 1, 218.43
1735053044, 18, 9, 10, 0, 0, 0.00%, 0, 0, 1, 217.96
1735053049, 19, 0, 10, 0, 0, 0.00%, 0, 0, 1, 220.85
1735053055, 19, 2, 10, 0, 0, 0.00%, 0, 0, 1, 222.47
1735053060, 19, 3, 10, 0, 0, 0.00%, 0, 0, 1, 218.51
1735053065, 19, 5, 10, 0, 0, 0.00%, 0, 0, 1, 217.56
1735053070, 19, 6, 10, 0, 0, 0.00%, 0, 0, 1, 216.06
1735053075, 19, 8, 10, 0, 0, 0.00%, 0, 0, 1, 214.59
1735053080, 19, 9, 10, 0, 0, 0.00%, 0, 0, 1, 218.18
1735053085, 20, 1, 10, 0, 0, 0.00%, 0, 0, 1, 216.96
1735053091, 20, 2, 10, 0, 0, 0.00%, 0, 0, 1, 217.22
1735053096, 20, 10, 11, 1, 1, 0.05%, 1, 0, 2, 251.82
1735053101, 20, 10, 12, 2, 1, 0.05%, 2, 0, 3, 268.16
1735053187, 20, 10, 14, 4, 1, 0.05%, 3, 0, 3, 222.99
1735053213, 20, 12, 17, 6, 1, 0.06%, 5, 0, 4, 221.39
1735053218, 20, 12, 18, 7, 1, 0.06%, 5, 0, 4, 228.22
1735053254, 20, 12, 19, 8, 1, 0.06%, 6, 0, 4, 235.23
1735053259, 20, 12, 20, 9, 1, 0.06%, 6, 0, 4, 236.40
1735053264, 20, 12, 21, 10, 1, 0.06%, 6, 0, 4, 239.39
1735053269, 20, 12, 22, 11, 1, 0.06%, 6, 0, 4, 239.01
1735053300, 20, 12, 23, 12, 1, 0.06%, 6, 0, 4, 242.77
1735053326, 20, 12, 26, 15, 1, 0.06%, 6, 0, 4, 285.60
1735053331, 20, 12, 27, 16, 1, 0.06%, 6, 0, 4, 242.57
1735053336, 20, 12, 29, 18, 1, 0.06%, 6, 0, 4, 217.31
1735053341, 20, 12, 30, 19, 1, 0.06%, 6, 0, 4, 277.23
1735053346, 20, 18, 33, 21, 3, 0.06%, 7, 0, 5, 321.32
1735053356, 20, 18, 35, 23, 3, 0.06%, 7, 0, 5, 504.66
1735053371, 20, 18, 36, 24, 3, 0.06%, 7, 0, 5, 518.91
1735053387, 20, 18, 37, 25, 3, 0.06%, 7, 0, 5, 520.04
1735053397, 20, 18, 40, 28, 3, 0.06%, 7, 0, 5, 427.07
1735053407, 20, 18, 41, 29, 3, 0.06%, 7, 0, 5, 266.34
1735053422, 20, 30, 41, 28, 3, 0.06%, 7, 0, 5, 348.41
1735053427, 20, 30, 43, 30, 3, 0.06%, 7, 0, 6, 465.48
1735053468, 20, 30, 44, 31, 3, 0.06%, 7, 0, 6, 506.37
1735053483, 20, 30, 45, 32, 3, 0.06%, 7, 0, 6, 268.19
1735053493, 20, 33, 45, 31, 2, 0.06%, 7, 0, 6, 380.48
1735053498, 20, 33, 47, 33, 2, 0.06%, 7, 0, 6, 466.39
1735053534, 20, 33, 48, 34, 2, 0.06%, 7, 0, 6, 425.96
1735053590, 20, 33, 49, 35, 2, 0.06%, 7, 0, 6, 250.30
1735053605, 20, 41, 49, 34, 2, 0.06%, 7, 0, 6, 351.86
1735053611, 20, 41, 50, 35, 2, 0.06%, 7, 0, 7, 427.72
1735053621, 20, 41, 51, 36, 2, 0.06%, 7, 0, 7, 445.95
1735053631, 20, 41, 52, 37, 2, 0.06%, 7, 0, 7, 448.85
1735053646, 20, 41, 53, 38, 2, 0.06%, 7, 0, 7, 453.71
1735053656, 20, 41, 54, 39, 2, 0.06%, 7, 0, 7, 450.32
1735053671, 20, 41, 55, 40, 2, 0.06%, 7, 0, 7, 444.99
1735053697, 20, 47, 55, 39, 2, 0.06%, 7, 0, 7, 390.80
1735053743, 20, 47, 56, 40, 2, 0.06%, 7, 0, 7, 451.99
1735053758, 20, 47, 57, 41, 2, 0.06%, 7, 0, 7, 446.75
1735053819, 20, 49, 57, 40, 2, 0.06%, 7, 0, 7, 482.16
1735053824, 20, 49, 58, 41, 2, 0.06%, 7, 0, 8, 501.95
1735053865, 20, 49, 59, 42, 2, 0.06%, 7, 0, 8, 293.25
1735053870, 20, 50, 59, 41, 2, 0.06%, 7, 0, 8, 451.97
1735053906, 20, 51, 59, 40, 2, 0.06%, 7, 0, 8, 377.27
1735053942, 20, 52, 59, 39, 2, 0.06%, 7, 0, 8, 380.10
1735054003, 20, 53, 59, 38, 2, 0.06%, 7, 0, 8, 429.76
1735054065, 20, 53, 61, 40, 2, 0.06%, 7, 0, 8, 463.02
1735054075, 20, 53, 62, 41, 2, 0.06%, 7, 0, 8, 474.07
1735054090, 20, 53, 63, 42, 2, 0.06%, 7, 0, 8, 462.60
1735054111, 20, 53, 64, 43, 2, 0.06%, 7, 0, 8, 469.78
1735054146, 20, 54, 64, 42, 2, 0.06%, 7, 0, 8, 402.00
1735054182, 20, 55, 64, 41, 2, 0.06%, 7, 0, 8, 370.16
1735054233, 20, 55, 65, 42, 2, 0.06%, 7, 0, 8, 490.40
1735054248, 20, 55, 66, 43, 2, 0.06%, 7, 0, 8, 492.52
1735054553, 20, 57, 66, 42, 2, 0.06%, 7, 0, 8, 291.46
1735054604, 20, 58, 66, 41, 2, 0.06%, 7, 0, 8, 361.17
1735054666, 20, 58, 67, 42, 2, 0.06%, 7, 0, 9, 463.19
1735054671, 20, 58, 68, 43, 2, 0.06%, 7, 0, 9, 479.61
1735054702, 20, 58, 69, 44, 2, 0.06%, 7, 0, 9, 474.05
1735054732, 20, 59, 69, 43, 2, 0.06%, 7, 0, 9, 433.68
1735054829, 20, 60, 69, 42, 2, 0.06%, 7, 0, 9, 335.77
1735055266, 20, 61, 69, 41, 2, 0.06%, 7, 0, 9, 450.19
1735055383, 20, 62, 69, 40, 2, 0.06%, 7, 0, 9, 401.16
1735055475, 20, 63, 69, 39, 2, 0.06%, 7, 0, 9, 476.62
1735055608, 20, 66, 69, 38, 2, 0.06%, 7, 0, 9, 373.32
1735055669, 20, 67, 69, 37, 2, 0.06%, 7, 0, 9, 388.47
1735055679, 20, 67, 70, 38, 2, 0.06%, 7, 0, 10, 316.56
1735055695, 20, 67, 71, 39, 2, 0.06%, 7, 0, 10, 311.28
1735055740, 20, 67, 72, 40, 2, 0.06%, 7, 0, 10, 309.74
1735055771, 20, 68, 72, 39, 2, 0.06%, 7, 0, 10, 387.51
1735055826, 20, 69, 72, 38, 2, 0.06%, 7, 0, 10, 412.84
1735055892, 20, 70, 72, 37, 2, 0.06%, 7, 0, 10, 360.67
1735055953, 20, 71, 72, 36, 2, 0.06%, 7, 0, 10, 386.08
1735055958, 20, 71, 73, 37, 2, 0.06%, 7, 0, 11, 335.87
1735056080, 20, 72, 73, 36, 2, 0.06%, 7, 0, 11, 315.32
1735056213, 21, 12, 73, 35, 2, 0.06%, 7, 0, 11, 278.53
1735056223, 21, 14, 73, 35, 2, 0.06%, 7, 0, 11, 239.34
1735056268, 21, 16, 73, 34, 1, 0.06%, 7, 0, 11, 272.54
1735056309, 21, 22, 73, 33, 0, 0.06%, 7, 0, 11, 416.87
1735056360, 21, 27, 73, 32, 0, 0.06%, 7, 0, 11, 310.68
1735056395, 21, 27, 74, 33, 0, 0.06%, 7, 0, 11, 276.78
1735056411, 21, 28, 74, 32, 0, 0.06%, 7, 0, 11, 377.83
1735056487, 21, 33, 74, 31, 0, 0.06%, 7, 0, 11, 337.82
1735056502, 21, 42, 74, 31, 0, 0.06%, 7, 0, 11, 339.13
1735056788, 21, 47, 74, 30, 0, 0.06%, 7, 0, 11, 415.73
1735056803, 21, 48, 74, 30, 0, 0.06%, 7, 0, 11, 400.08
1735056849, 21, 49, 74, 29, 0, 0.06%, 7, 0, 11, 318.00
1735056869, 21, 50, 74, 29, 0, 0.06%, 7, 0, 11, 314.49
1735056884, 21, 51, 74, 29, 0, 0.06%, 7, 0, 11, 302.58
1735056904, 21, 52, 74, 29, 0, 0.06%, 7, 0, 11, 274.37
1735056929, 21, 53, 74, 29, 0, 0.06%, 7, 0, 11, 422.09
1735056945, 21, 54, 74, 29, 0, 0.06%, 7, 0, 11, 293.71
1735056965, 21, 55, 74, 29, 0, 0.06%, 7, 0, 11, 338.48
1735057367, 21, 56, 74, 29, 0, 0.06%, 7, 0, 11, 397.08
1735057479, 21, 57, 74, 28, 0, 0.06%, 7, 0, 11, 453.26
1735057499, 21, 58, 74, 28, 0, 0.06%, 7, 0, 11, 334.67
1735057525, 21, 59, 74, 28, 0, 0.06%, 7, 0, 11, 302.53
1735057550, 21, 60, 74, 28, 0, 0.06%, 7, 0, 11, 383.81
1735057581, 21, 61, 74, 28, 0, 0.06%, 7, 0, 11, 346.04
1735057606, 21, 62, 74, 28, 0, 0.06%, 7, 0, 11, 410.40
1735057631, 21, 63, 74, 28, 0, 0.06%, 7, 0, 11, 395.10
1735057657, 21, 64, 74, 28, 0, 0.06%, 7, 0, 11, 376.02
1735057774, 21, 65, 74, 27, 0, 0.06%, 7, 0, 11, 324.25
1735057974, 21, 66, 74, 26, 0, 0.06%, 7, 0, 11, 315.16
1735058061, 21, 67, 74, 26, 0, 0.06%, 7, 0, 11, 460.86
1735058179, 21, 68, 74, 26, 0, 0.06%, 7, 0, 11, 416.14
1735058266, 21, 69, 74, 26, 0, 0.06%, 7, 0, 11, 425.30
1735058353, 21, 70, 74, 26, 0, 0.06%, 7, 0, 11, 441.17
1735058435, 21, 71, 74, 26, 0, 0.06%, 7, 0, 11, 374.96
1735058634, 21, 72, 74, 26, 0, 0.06%, 7, 0, 11, 413.56
1735058829, 21, 73, 74, 26, 0, 0.06%, 7, 0, 11, 380.14
1735058834, 21, 73, 75, 27, 0, 0.06%, 7, 0, 11, 442.81
1735058945, 21, 74, 75, 26, 0, 0.06%, 7, 0, 11, 304.02
1735059062, 22, 11, 75, 25, 0, 0.06%, 7, 0, 11, 346.31
1735059082, 22, 12, 75, 24, 0, 0.06%, 7, 0, 11, 271.00
1735059098, 22, 13, 75, 24, 0, 0.06%, 7, 0, 11, 296.10
1735059118, 22, 14, 75, 23, 0, 0.06%, 7, 0, 11, 244.71
1735059143, 22, 15, 75, 23, 0, 0.06%, 7, 0, 11, 323.00
1735059179, 22, 16, 75, 22, 0, 0.06%, 7, 0, 11, 307.80
1735059199, 22, 17, 75, 22, 0, 0.06%, 7, 0, 11, 354.67
1735059230, 22, 18, 75, 21, 0, 0.06%, 7, 0, 11, 324.34
1735059255, 22, 19, 75, 21, 0, 0.06%, 7, 0, 11, 338.01
1735059875, 22, 20, 75, 20, 0, 0.06%, 7, 0, 11, 381.27
1735059947, 22, 21, 75, 19, 0, 0.06%, 7, 0, 11, 317.63
1735060297, 22, 22, 75, 18, 0, 0.06%, 7, 0, 11, 461.09
1735060327, 22, 23, 75, 18, 0, 0.06%, 7, 0, 11, 323.57
1735060363, 22, 24, 75, 17, 0, 0.06%, 7, 0, 11, 313.64
1735060429, 22, 25, 75, 16, 0, 0.06%, 7, 0, 11, 353.69
1735060465, 22, 26, 75, 15, 0, 0.06%, 7, 0, 11, 370.17
1735060495, 22, 27, 75, 14, 0, 0.06%, 7, 0, 11, 355.61
1735060521, 22, 28, 75, 14, 0, 0.06%, 7, 0, 11, 422.29
1735060577, 22, 30, 75, 14, 0, 0.06%, 7, 0, 11, 346.88
1735060597, 22, 31, 75, 14, 0, 0.06%, 7, 0, 11, 340.16
1735060632, 22, 32, 75, 13, 0, 0.06%, 7, 0, 11, 312.62
1735060663, 22, 33, 75, 12, 0, 0.06%, 7, 0, 11, 325.50
1735060724, 22, 34, 75, 12, 0, 0.06%, 7, 0, 11, 355.08
1735060759, 22, 35, 75, 11, 0, 0.06%, 7, 0, 11, 449.51
1735060790, 22, 36, 75, 10, 0, 0.06%, 7, 0, 11, 394.95
1735060820, 22, 37, 75, 9, 0, 0.06%, 7, 0, 11, 370.08
1735061095, 22, 38, 75, 8, 0, 0.06%, 7, 0, 11, 277.34
1735061889, 22, 41, 75, 7, 0, 0.06%, 7, 0, 11, 424.24
1735061904, 22, 42, 75, 7, 0, 0.06%, 7, 0, 11, 293.62
1735062179, 22, 43, 75, 7, 0, 0.06%, 7, 0, 11, 361.11
1735062215, 22, 44, 75, 6, 0, 0.06%, 7, 0, 11, 337.96
1735062342, 22, 47, 75, 5, 0, 0.06%, 7, 0, 11, 401.33
1735062357, 22, 48, 75, 5, 0, 0.06%, 7, 0, 11, 309.17
1735062377, 22, 49, 75, 5, 0, 0.06%, 7, 0, 11, 385.76
1735062393, 22, 50, 75, 5, 0, 0.06%, 7, 0, 11, 383.05
1735062408, 22, 51, 75, 5, 0, 0.06%, 7, 0, 11, 314.06
1735062428, 22, 52, 75, 5, 0, 0.06%, 7, 0, 11, 399.35
1735062444, 22, 53, 75, 5, 0, 0.06%, 7, 0, 11, 331.26
1735062464, 22, 54, 75, 5, 0, 0.06%, 7, 0, 11, 457.95
1735062479, 22, 55, 75, 5, 0, 0.06%, 7, 0, 11, 301.23
1735062500, 22, 56, 75, 5, 0, 0.06%, 7, 0, 11, 330.29
1735062520, 22, 57, 75, 5, 0, 0.06%, 7, 0, 11, 437.57
1735062545, 22, 58, 75, 5, 0, 0.06%, 7, 0, 11, 426.49
1735062566, 22, 59, 75, 5, 0, 0.06%, 7, 0, 11, 379.29
1735062596, 22, 60, 75, 5, 0, 0.06%, 7, 0, 11, 317.53
1735062627, 22, 61, 75, 5, 0, 0.06%, 7, 0, 11, 337.80
1735062652, 22, 62, 75, 5, 0, 0.06%, 7, 0, 11, 316.09
1735062678, 22, 63, 75, 5, 0, 0.06%, 7, 0, 11, 366.94
1735062703, 22, 64, 75, 5, 0, 0.06%, 7, 0, 11, 360.36
1735062728, 22, 65, 75, 5, 0, 0.06%, 7, 0, 11, 310.90
1735062754, 22, 66, 75, 5, 0, 0.06%, 7, 0, 11, 323.54
1735062780, 22, 67, 75, 5, 0, 0.06%, 7, 0, 11, 395.24
1735062805, 22, 68, 75, 5, 0, 0.06%, 7, 0, 11, 306.00
1735062831, 22, 69, 75, 5, 0, 0.06%, 7, 0, 11, 374.01
1735062857, 22, 70, 75, 5, 0, 0.06%, 7, 0, 11, 426.19
1735062877, 22, 71, 75, 5, 0, 0.06%, 7, 0, 11, 404.68
1735062907, 22, 72, 75, 5, 0, 0.06%, 7, 0, 11, 405.55
1735062933, 22, 73, 75, 5, 0, 0.06%, 7, 0, 11, 352.25
1735063040, 22, 74, 75, 5, 0, 0.06%, 7, 0, 11, 452.83
