# unix_time, cycles_done, cur_path, paths_total, pending_total, pending_favs, map_size, unique_crashes, unique_hangs, max_depth, execs_per_sec
1733633187, 0, 0, 10, 10, 1, 0.00%, 0, 0, 1, 171.67
1733633192, 0, 3, 10, 10, 1, 0.00%, 0, 0, 1, 204.87
1733633198, 0, 4, 10, 9, 0, 0.00%, 0, 0, 1, 210.18
1733633203, 0, 5, 10, 8, 0, 0.00%, 0, 0, 1, 199.06
1733633213, 0, 6, 10, 7, 0, 0.00%, 0, 0, 1, 210.05
1733633218, 0, 7, 10, 6, 0, 0.00%, 0, 0, 1, 196.07
1733633228, 0, 8, 10, 5, 0, 0.00%, 0, 0, 1, 209.74
1733633233, 0, 9, 10, 4, 0, 0.00%, 0, 0, 1, 192.84
1733633244, 1, 0, 10, 3, 0, 0.00%, 0, 0, 1, 209.69
1733633249, 1, 1, 10, 2, 0, 0.00%, 0, 0, 1, 208.05
1733633259, 1, 2, 10, 1, 0, 0.00%, 0, 0, 1, 198.74
1733633269, 1, 3, 10, 0, 0, 0.00%, 0, 0, 1, 198.63
1733633279, 1, 4, 10, 0, 0, 0.00%, 0, 0, 1, 207.66
1733633284, 1, 5, 10, 0, 0, 0.00%, 0, 0, 1, 205.11
1733633289, 1, 7, 10, 0, 0, 0.00%, 0, 0, 1, 206.25
1733633294, 1, 8, 10, 0, 0, 0.00%, 0, 0, 1, 207.83
1733633299, 1, 10, 11, 1, 1, 0.05%, 1, 0, 2, 243.71
1733633335, 2, 10, 11, 0, 0, 0.05%, 1, 0, 2, 224.83
1733633345, 3, 10, 11, 0, 0, 0.05%, 1, 0, 2, 227.31
1733633350, 3, 10, 12, 1, 0, 0.05%, 2, 0, 3, 248.62
1733633360, 3, 11, 13, 2, 1, 0.05%, 2, 0, 4, 256.68
1733633365, 3, 11, 15, 4, 1, 0.05%, 3, 0, 4, 263.91
1733633370, 3, 11, 16, 5, 1, 0.05%, 3, 0, 4, 266.62
1733633375, 3, 11, 17, 6, 1, 0.05%, 3, 0, 4, 265.67
1733633390, 3, 11, 19, 8, 1, 0.06%, 5, 0, 4, 267.22
1733633395, 3, 11, 20, 9, 1, 0.06%, 6, 0, 4, 266.29
1733633446, 3, 11, 21, 10, 1, 0.06%, 7, 0, 4, 265.91
1733633451, 3, 11, 22, 11, 1, 0.06%, 7, 0, 4, 234.28
1733633461, 3, 19, 24, 12, 5, 0.06%, 7, 0, 5, 371.15
1733633487, 3, 19, 25, 13, 5, 0.06%, 8, 0, 5, 445.17
1733633517, 3, 19, 28, 16, 5, 0.06%, 8, 0, 5, 302.42
1733633533, 3, 24, 29, 16, 5, 0.06%, 9, 0, 6, 404.48
1733633538, 3, 24, 31, 18, 5, 0.06%, 9, 0, 6, 440.32
1733633558, 3, 24, 32, 19, 5, 0.06%, 9, 0, 6, 445.62
1733633584, 3, 24, 33, 20, 5, 0.06%, 9, 0, 6, 450.22
1733633599, 4, 18, 33, 19, 6, 0.06%, 9, 0, 6, 269.75
1733633604, 4, 18, 34, 20, 6, 0.06%, 9, 0, 6, 250.02
1733633619, 4, 18, 35, 21, 6, 0.06%, 9, 0, 6, 237.36
1733633624, 4, 18, 36, 22, 6, 0.06%, 9, 0, 6, 240.59
1733633649, 4, 18, 37, 23, 6, 0.06%, 9, 0, 6, 234.34
1733633721, 4, 20, 39, 24, 6, 0.06%, 9, 0, 6, 265.41
1733633731, 4, 20, 40, 25, 6, 0.06%, 9, 0, 6, 277.50
1733633777, 4, 20, 41, 26, 6, 0.06%, 9, 0, 6, 262.33
1733633792, 4, 20, 43, 28, 6, 0.06%, 9, 0, 6, 268.20
1733633817, 4, 20, 44, 29, 6, 0.06%, 9, 0, 6, 252.91
1733633822, 4, 28, 45, 29, 5, 0.06%, 9, 0, 7, 392.02
1733633838, 4, 28, 46, 30, 5, 0.06%, 9, 0, 7, 452.21
1733633858, 4, 28, 47, 31, 5, 0.07%, 10, 0, 7, 463.99
1733633863, 4, 28, 48, 32, 5, 0.07%, 10, 0, 7, 455.10
1733633893, 4, 28, 49, 33, 5, 0.07%, 10, 0, 7, 362.35
1733633903, 4, 46, 50, 33, 6, 0.07%, 10, 0, 8, 211.86
1733633919, 4, 46, 51, 34, 6, 0.07%, 10, 0, 8, 193.58
1733634083, 4, 46, 52, 35, 6, 0.07%, 10, 0, 8, 261.27
1733634088, 4, 50, 54, 36, 5, 0.07%, 10, 0, 9, 241.97
1733634093, 4, 50, 55, 37, 5, 0.07%, 10, 0, 9, 230.62
1733634118, 4, 50, 56, 38, 5, 0.07%, 10, 0, 9, 220.24
1733634200, 4, 50, 57, 39, 5, 0.07%, 10, 0, 9, 234.32
1733634215, 4, 53, 57, 38, 4, 0.07%, 10, 0, 9, 243.79
1733634225, 4, 53, 60, 41, 4, 0.07%, 10, 0, 10, 381.47
1733634530, 4, 53, 61, 42, 4, 0.07%, 10, 0, 10, 354.85
1733634612, 5, 24, 61, 41, 4, 0.07%, 10, 0, 10, 331.99
1733634622, 5, 24, 62, 42, 4, 0.07%, 10, 0, 10, 274.31
1733634627, 5, 25, 62, 42, 4, 0.07%, 10, 0, 10, 311.52
1733634647, 5, 26, 62, 41, 4, 0.07%, 10, 0, 10, 312.00
1733634678, 5, 28, 64, 42, 4, 0.07%, 10, 0, 10, 310.81
1733634688, 5, 29, 64, 42, 4, 0.07%, 10, 0, 10, 361.14
1733634693, 5, 29, 65, 43, 4, 0.07%, 10, 0, 10, 403.28
1733634713, 5, 30, 65, 42, 3, 0.07%, 10, 0, 10, 299.15
1733634734, 5, 31, 65, 41, 3, 0.07%, 10, 0, 10, 406.33
1733634754, 5, 32, 65, 40, 3, 0.07%, 10, 0, 10, 480.11
1733634775, 5, 33, 65, 39, 3, 0.07%, 10, 0, 10, 314.65
1733634825, 5, 44, 66, 39, 3, 0.07%, 10, 0, 10, 383.44
1733634876, 5, 45, 66, 38, 2, 0.07%, 10, 0, 10, 419.97
1733634932, 5, 47, 66, 37, 2, 0.07%, 10, 0, 10, 365.72
1733634948, 5, 47, 67, 38, 2, 0.07%, 10, 0, 10, 478.70
1733634988, 5, 48, 67, 37, 2, 0.07%, 10, 0, 10, 359.39
1733635024, 5, 51, 67, 36, 2, 0.07%, 10, 0, 10, 369.64
1733635075, 5, 61, 67, 35, 2, 0.07%, 10, 0, 10, 335.35
1733635347, 5, 62, 67, 34, 2, 0.07%, 10, 0, 10, 478.29
1733635378, 5, 63, 67, 33, 2, 0.07%, 10, 0, 10, 367.40
1733635413, 5, 65, 67, 32, 2, 0.07%, 10, 0, 10, 364.16
1733635506, 5, 65, 68, 33, 2, 0.07%, 10, 0, 10, 479.68
1733635542, 5, 65, 69, 34, 2, 0.07%, 10, 0, 10, 312.49
1733635562, 6, 18, 69, 33, 2, 0.07%, 10, 0, 10, 260.00
1733635572, 6, 19, 69, 33, 2, 0.07%, 10, 0, 10, 344.25
1733635583, 6, 22, 69, 33, 2, 0.07%, 10, 0, 10, 451.98
1733635593, 6, 22, 70, 34, 2, 0.07%, 10, 0, 10, 367.47
1733635598, 6, 33, 70, 33, 2, 0.07%, 10, 0, 10, 307.38
1733635603, 6, 34, 70, 33, 2, 0.07%, 10, 0, 10, 367.10
1733635623, 6, 34, 71, 34, 2, 0.07%, 10, 0, 10, 477.70
1733635628, 6, 34, 72, 35, 2, 0.07%, 10, 0, 10, 480.47
1733635684, 6, 34, 73, 36, 2, 0.07%, 10, 0, 10, 291.04
1733635689, 6, 35, 73, 35, 2, 0.07%, 10, 0, 10, 429.12
1733635719, 6, 36, 73, 34, 1, 0.07%, 10, 0, 10, 326.12
1733635770, 6, 43, 73, 33, 1, 0.07%, 10, 0, 10, 317.74
1733635806, 6, 44, 73, 32, 1, 0.07%, 10, 0, 10, 333.59
1733635811, 6, 45, 73, 32, 1, 0.07%, 10, 0, 10, 351.40
1733635842, 6, 47, 73, 32, 1, 0.07%, 10, 0, 10, 383.86
1733635847, 6, 51, 73, 32, 1, 0.07%, 10, 0, 10, 383.35
1733635857, 6, 62, 73, 32, 1, 0.07%, 10, 0, 10, 352.82
1733635862, 6, 63, 73, 32, 1, 0.07%, 10, 0, 10, 332.84
1733635872, 6, 65, 73, 32, 1, 0.07%, 10, 0, 10, 331.91
1733635887, 6, 67, 73, 32, 1, 0.07%, 10, 0, 10, 368.80
1733635953, 6, 67, 74, 33, 1, 0.07%, 10, 0, 10, 474.21
1733636009, 6, 68, 74, 32, 1, 0.07%, 10, 0, 10, 283.62
1733636214, 6, 69, 75, 32, 1, 0.07%, 10, 0, 10, 337.73
1733636296, 6, 72, 75, 31, 1, 0.07%, 10, 0, 10, 305.41
1733636306, 6, 72, 76, 32, 1, 0.07%, 10, 0, 10, 499.32
1733636347, 6, 72, 77, 33, 1, 0.07%, 10, 0, 10, 487.10
1733636372, 6, 73, 77, 32, 1, 0.07%, 10, 0, 10, 307.78
1733636383, 6, 73, 78, 33, 1, 0.07%, 10, 0, 11, 446.10
1733636526, 6, 74, 78, 32, 1, 0.07%, 10, 0, 11, 275.72
1733636618, 6, 75, 78, 31, 1, 0.07%, 10, 0, 11, 414.14
1733636694, 6, 76, 78, 30, 1, 0.07%, 10, 0, 11, 381.07
1733636771, 6, 77, 78, 29, 1, 0.07%, 10, 0, 11, 426.68
1733636925, 7, 20, 78, 28, 1, 0.07%, 10, 0, 11, 296.49
1733636935, 7, 37, 78, 28, 1, 0.07%, 10, 0, 11, 259.69
1733636981, 7, 38, 78, 27, 1, 0.07%, 10, 0, 11, 304.76
1733637022, 7, 39, 78, 26, 1, 0.07%, 10, 0, 11, 333.62
1733637063, 7, 40, 78, 25, 1, 0.07%, 10, 0, 11, 383.17
1733637098, 7, 41, 78, 24, 1, 0.07%, 10, 0, 11, 318.50
1733637149, 7, 41, 79, 25, 1, 0.07%, 10, 0, 11, 482.37
1733637454, 7, 44, 79, 24, 1, 0.07%, 10, 0, 11, 316.18
1733637459, 7, 45, 79, 24, 1, 0.07%, 10, 0, 11, 301.87
1733637464, 7, 47, 79, 24, 1, 0.07%, 10, 0, 11, 293.14
1733637469, 7, 51, 79, 24, 1, 0.07%, 10, 0, 11, 315.12
1733637479, 7, 62, 79, 24, 1, 0.07%, 10, 0, 11, 307.74
1733637484, 7, 63, 79, 24, 1, 0.07%, 10, 0, 11, 318.79
1733637489, 7, 65, 79, 24, 1, 0.07%, 10, 0, 11, 363.98
1733637494, 7, 67, 79, 24, 1, 0.07%, 10, 0, 11, 342.64
1733637510, 7, 68, 79, 24, 1, 0.07%, 10, 0, 11, 278.54
1733637525, 7, 69, 79, 24, 1, 0.07%, 10, 0, 11, 354.52
1733637535, 7, 70, 79, 24, 1, 0.07%, 10, 0, 11, 396.97
1733637571, 7, 71, 79, 23, 1, 0.07%, 10, 0, 11, 423.32
1733637606, 7, 72, 79, 22, 1, 0.07%, 10, 0, 11, 358.96
1733637617, 7, 73, 79, 22, 1, 0.07%, 10, 0, 11, 352.60
1733637632, 7, 74, 79, 22, 1, 0.07%, 10, 0, 11, 408.70
1733637642, 7, 75, 79, 22, 1, 0.07%, 10, 0, 11, 449.75
1733637693, 7, 76, 79, 22, 1, 0.07%, 10, 0, 11, 302.71
1733637750, 7, 77, 79, 22, 1, 0.07%, 10, 0, 11, 350.07
1733637868, 8, 18, 79, 22, 1, 0.07%, 10, 0, 11, 269.71
1733637878, 8, 19, 79, 22, 1, 0.07%, 10, 0, 11, 355.08
1733637888, 8, 22, 79, 22, 1, 0.07%, 10, 0, 11, 419.49
1733637903, 8, 23, 79, 22, 1, 0.07%, 10, 0, 11, 359.01
1733637918, 8, 25, 79, 21, 1, 0.07%, 10, 0, 11, 307.14
1733637929, 8, 26, 79, 21, 1, 0.07%, 10, 0, 11, 333.80
1733637939, 8, 27, 79, 21, 1, 0.07%, 10, 0, 11, 379.18
1733637954, 8, 28, 79, 20, 1, 0.07%, 10, 0, 11, 329.13
1733637964, 8, 31, 79, 20, 1, 0.07%, 10, 0, 11, 369.00
1733637975, 8, 33, 79, 20, 1, 0.07%, 10, 0, 11, 283.00
1733637980, 8, 34, 79, 20, 1, 0.07%, 10, 0, 11, 273.76
1733637985, 8, 35, 79, 20, 1, 0.07%, 10, 0, 11, 348.68
1733637990, 8, 36, 79, 20, 1, 0.07%, 10, 0, 11, 320.74
1733637995, 8, 43, 79, 20, 1, 0.07%, 10, 0, 11, 329.55
1733638005, 8, 45, 79, 20, 1, 0.07%, 10, 0, 11, 314.62
1733638010, 8, 47, 79, 20, 1, 0.07%, 10, 0, 11, 331.11
1733638015, 8, 51, 79, 20, 1, 0.07%, 10, 0, 11, 343.96
1733638025, 8, 62, 79, 20, 1, 0.07%, 10, 0, 11, 328.85
1733638030, 8, 65, 79, 20, 1, 0.07%, 10, 0, 11, 322.49
1733638041, 8, 67, 79, 20, 1, 0.07%, 10, 0, 11, 367.74
1733638051, 8, 68, 79, 20, 1, 0.07%, 10, 0, 11, 381.99
1733638061, 8, 69, 79, 20, 1, 0.07%, 10, 0, 11, 352.14
1733638071, 8, 70, 79, 20, 1, 0.07%, 10, 0, 11, 332.84
1733638076, 8, 71, 79, 20, 1, 0.07%, 10, 0, 11, 372.39
1733638086, 8, 72, 79, 20, 1, 0.07%, 10, 0, 11, 419.31
1733638143, 8, 73, 79, 20, 1, 0.07%, 10, 0, 11, 409.03
1733638261, 8, 74, 79, 20, 1, 0.07%, 10, 0, 11, 406.33
1733638323, 8, 75, 79, 20, 1, 0.07%, 10, 0, 11, 400.12
1733638333, 8, 76, 79, 20, 1, 0.07%, 10, 0, 11, 376.90
1733638343, 8, 77, 79, 20, 1, 0.07%, 10, 0, 11, 412.39
1733638456, 9, 18, 79, 20, 1, 0.07%, 10, 0, 11, 282.23
1733638462, 9, 19, 79, 20, 1, 0.07%, 10, 0, 11, 334.16
1733638467, 9, 22, 79, 20, 1, 0.07%, 10, 0, 11, 404.37
1733638477, 9, 23, 79, 20, 1, 0.07%, 10, 0, 11, 344.75
1733638487, 9, 25, 79, 20, 1, 0.07%, 10, 0, 11, 340.96
1733638492, 9, 26, 79, 20, 1, 0.07%, 10, 0, 11, 303.30
1733638502, 9, 27, 79, 20, 1, 0.07%, 10, 0, 11, 341.00
1733638512, 9, 28, 79, 20, 1, 0.07%, 10, 0, 11, 327.95
1733638518, 9, 31, 79, 20, 1, 0.07%, 10, 0, 11, 366.65
1733638528, 9, 33, 79, 20, 1, 0.07%, 10, 0, 11, 292.49
1733638533, 9, 34, 79, 20, 1, 0.07%, 10, 0, 11, 325.74
1733638538, 9, 35, 79, 20, 1, 0.07%, 10, 0, 11, 307.93
1733638543, 9, 36, 79, 20, 1, 0.07%, 10, 0, 11, 284.91
1733638548, 9, 44, 79, 20, 1, 0.07%, 10, 0, 11, 296.79
1733638553, 9, 45, 79, 20, 1, 0.07%, 10, 0, 11, 303.36
1733638558, 9, 47, 79, 20, 1, 0.07%, 10, 0, 11, 323.33
1733638563, 9, 51, 79, 20, 1, 0.07%, 10, 0, 11, 341.83
1733638573, 9, 62, 79, 20, 1, 0.07%, 10, 0, 11, 307.76
1733638578, 9, 65, 79, 20, 1, 0.07%, 10, 0, 11, 349.85
1733638588, 9, 67, 79, 20, 1, 0.07%, 10, 0, 11, 318.66
1733638599, 9, 68, 79, 20, 1, 0.07%, 10, 0, 11, 345.98
1733638609, 9, 69, 79, 20, 1, 0.07%, 10, 0, 11, 358.59
1733638614, 9, 70, 79, 20, 1, 0.07%, 10, 0, 11, 349.09
1733638619, 9, 71, 79, 20, 1, 0.07%, 10, 0, 11, 331.28
1733638629, 9, 72, 79, 20, 1, 0.07%, 10, 0, 11, 315.80
1733638634, 9, 73, 79, 20, 1, 0.07%, 10, 0, 11, 317.13
1733638747, 9, 74, 79, 20, 1, 0.07%, 10, 0, 11, 328.20
1733638752, 9, 77, 79, 20, 1, 0.07%, 10, 0, 11, 388.37
1733638763, 9, 78, 79, 20, 1, 0.07%, 10, 0, 11, 378.42
1733638864, 10, 17, 79, 19, 1, 0.07%, 10, 0, 11, 307.21
1733638889, 10, 18, 79, 18, 0, 0.07%, 10, 0, 11, 260.58
1733638895, 10, 19, 79, 18, 0, 0.07%, 10, 0, 11, 301.27
1733638900, 10, 20, 79, 18, 0, 0.07%, 10, 0, 11, 284.71
1733638905, 10, 21, 79, 18, 0, 0.07%, 10, 0, 11, 328.98
1733638930, 10, 22, 79, 17, 0, 0.07%, 10, 0, 11, 309.99
1733638936, 10, 23, 79, 17, 0, 0.07%, 10, 0, 11, 318.22
1733638941, 10, 24, 79, 17, 0, 0.07%, 10, 0, 11, 306.91
1733638951, 10, 25, 79, 17, 0, 0.07%, 10, 0, 11, 341.32
1733638956, 10, 26, 79, 17, 0, 0.07%, 10, 0, 11, 327.56
1733638961, 10, 27, 79, 17, 0, 0.07%, 10, 0, 11, 380.86
1733638971, 10, 28, 79, 17, 0, 0.07%, 10, 0, 11, 300.47
1733638976, 10, 29, 79, 17, 0, 0.07%, 10, 0, 11, 321.00
1733638981, 10, 30, 79, 17, 0, 0.07%, 10, 0, 11, 337.53
1733638992, 10, 31, 79, 17, 0, 0.07%, 10, 0, 11, 328.25
1733638997, 10, 32, 79, 17, 0, 0.07%, 10, 0, 11, 384.01
1733639007, 10, 33, 79, 17, 0, 0.07%, 10, 0, 11, 282.50
1733639012, 10, 34, 79, 17, 0, 0.07%, 10, 0, 11, 309.02
1733639017, 10, 35, 79, 17, 0, 0.07%, 10, 0, 11, 319.79
1733639022, 10, 36, 79, 17, 0, 0.07%, 10, 0, 11, 298.06
1733639027, 10, 37, 79, 17, 0, 0.07%, 10, 0, 11, 290.10
1733639032, 10, 38, 79, 17, 0, 0.07%, 10, 0, 11, 301.45
1733639037, 10, 39, 79, 17, 0, 0.07%, 10, 0, 11, 295.97
1733639043, 10, 40, 79, 17, 0, 0.07%, 10, 0, 11, 296.07
1733639048, 10, 41, 79, 17, 0, 0.07%, 10, 0, 11, 312.69
1733639053, 10, 42, 79, 17, 0, 0.07%, 10, 0, 11, 379.37
1733639124, 10, 43, 79, 16, 0, 0.07%, 10, 0, 11, 320.85
1733639129, 10, 44, 79, 16, 0, 0.07%, 10, 0, 11, 314.56
1733639134, 10, 45, 79, 16, 0, 0.07%, 10, 0, 11, 318.73
1733639140, 10, 46, 79, 16, 0, 0.07%, 10, 0, 11, 267.90
1733639145, 10, 47, 79, 16, 0, 0.07%, 10, 0, 11, 299.21
1733639150, 10, 49, 79, 16, 0, 0.07%, 10, 0, 11, 305.24
1733639231, 10, 51, 79, 15, 0, 0.07%, 10, 0, 11, 310.10
1733639241, 10, 52, 79, 15, 0, 0.07%, 10, 0, 11, 339.13
1733639297, 10, 53, 79, 14, 0, 0.07%, 10, 0, 11, 236.13
1733639312, 10, 57, 79, 14, 0, 0.07%, 10, 0, 11, 365.46
1733639398, 10, 58, 79, 13, 0, 0.07%, 10, 0, 11, 334.67
1733639490, 10, 59, 79, 12, 0, 0.07%, 10, 0, 11, 358.99
1733639561, 10, 59, 80, 13, 0, 0.08%, 11, 0, 11, 282.68
1733639581, 10, 79, 80, 12, 1, 0.08%, 11, 0, 11, 426.09
1733639591, 10, 79, 81, 13, 1, 0.08%, 11, 0, 12, 507.41
1733639606, 10, 79, 82, 14, 1, 0.08%, 11, 0, 12, 521.57
1733639647, 10, 80, 82, 13, 0, 0.08%, 11, 0, 12, 355.52
1733639698, 10, 81, 83, 13, 0, 0.08%, 12, 0, 13, 331.86
1733639749, 10, 82, 83, 12, 1, 0.08%, 12, 0, 13, 408.83
1733639754, 10, 82, 84, 13, 1, 0.08%, 12, 0, 14, 495.86
1733639785, 10, 82, 85, 14, 1, 0.08%, 12, 0, 14, 518.17
1733639815, 10, 83, 85, 13, 0, 0.08%, 12, 0, 14, 366.43
1733639826, 10, 83, 86, 14, 0, 0.08%, 12, 0, 15, 536.28
1733639841, 10, 83, 87, 15, 0, 0.08%, 13, 0, 15, 540.56
1733639846, 10, 83, 88, 16, 0, 0.08%, 13, 0, 15, 536.19
1733639866, 10, 83, 89, 17, 0, 0.08%, 13, 0, 15, 543.41
1733639877, 10, 83, 90, 18, 0, 0.08%, 13, 0, 15, 539.26
1733639907, 10, 86, 91, 18, 1, 0.09%, 14, 0, 16, 296.33
1733639923, 10, 86, 94, 21, 1, 0.09%, 14, 0, 16, 452.30
1733639933, 10, 86, 95, 22, 1, 0.09%, 14, 0, 16, 489.79
1733639953, 10, 86, 96, 23, 1, 0.09%, 14, 0, 16, 485.66
1733639958, 10, 86, 97, 24, 1, 0.11%, 15, 0, 16, 482.38
1733640014, 10, 96, 97, 23, 2, 0.11%, 15, 0, 16, 254.35
1733640029, 10, 96, 99, 25, 2, 0.11%, 16, 0, 17, 460.26
1733640045, 10, 96, 100, 26, 2, 0.11%, 16, 0, 17, 481.32
1733640050, 10, 96, 102, 28, 2, 0.11%, 17, 0, 17, 474.38
1733640060, 10, 96, 103, 29, 2, 0.11%, 17, 0, 17, 479.86
1733640111, 10, 97, 103, 28, 3, 0.11%, 17, 0, 17, 278.71
1733640142, 10, 97, 104, 29, 3, 0.11%, 17, 0, 18, 325.24
1733640157, 10, 97, 105, 30, 3, 0.11%, 17, 0, 18, 319.03
1733640198, 10, 97, 106, 31, 3, 0.11%, 17, 0, 18, 329.26
1733640229, 10, 97, 107, 32, 3, 0.11%, 17, 0, 18, 363.69
1733640249, 10, 101, 108, 32, 2, 0.11%, 18, 0, 18, 336.39
1733640254, 10, 101, 109, 33, 2, 0.11%, 18, 0, 18, 281.38
1733640280, 10, 101, 110, 34, 2, 0.11%, 18, 0, 18, 509.44
1733640285, 10, 101, 111, 35, 2, 0.11%, 18, 0, 18, 512.65
1733640290, 10, 101, 112, 36, 2, 0.11%, 18, 0, 18, 510.99
1733640295, 10, 101, 114, 38, 2, 0.12%, 19, 0, 18, 498.02
1733640325, 10, 101, 115, 39, 2, 0.12%, 19, 0, 18, 505.81
1733640356, 10, 113, 116, 39, 3, 0.12%, 19, 0, 19, 224.49
1733640361, 10, 113, 122, 45, 3, 0.12%, 20, 0, 19, 283.80
1733640366, 10, 113, 124, 47, 3, 0.12%, 20, 0, 19, 325.13
1733640376, 10, 113, 125, 48, 3, 0.12%, 21, 0, 19, 350.39
1733640407, 10, 113, 126, 49, 3, 0.12%, 21, 0, 19, 338.59
1733640432, 10, 113, 127, 50, 3, 0.13%, 22, 0, 19, 342.71
1733640478, 10, 113, 129, 52, 3, 0.13%, 22, 0, 19, 320.90
1733640483, 10, 126, 130, 52, 5, 0.13%, 23, 0, 20, 211.71
1733640509, 10, 126, 131, 53, 5, 0.13%, 23, 0, 20, 145.21
1733640524, 10, 126, 133, 55, 5, 0.13%, 23, 0, 20, 313.45
1733640535, 10, 126, 134, 56, 5, 0.13%, 23, 0, 20, 331.20
1733640545, 10, 126, 135, 57, 5, 0.13%, 23, 0, 20, 335.33
1733640575, 10, 126, 136, 58, 5, 0.13%, 23, 0, 20, 332.68
1733640591, 10, 126, 137, 59, 5, 0.13%, 23, 0, 20, 318.77
1733640601, 10, 126, 138, 60, 5, 0.13%, 23, 0, 20, 287.25
1733640647, 10, 129, 138, 59, 6, 0.13%, 23, 0, 20, 305.94
1733640653, 10, 129, 139, 60, 6, 0.13%, 24, 0, 21, 178.69
1733640689, 10, 129, 140, 61, 6, 0.13%, 24, 0, 21, 269.58
1733640709, 10, 129, 141, 62, 6, 0.13%, 24, 0, 21, 333.44
1733640714, 10, 129, 142, 63, 6, 0.13%, 24, 0, 21, 333.30
1733640729, 10, 129, 143, 64, 6, 0.13%, 24, 0, 21, 325.56
1733640801, 10, 129, 144, 65, 6, 0.13%, 24, 0, 21, 336.92
1733640806, 10, 129, 146, 67, 6, 0.14%, 26, 0, 21, 294.59
1733640816, 10, 144, 146, 66, 7, 0.14%, 26, 0, 21, 183.49
1733640925, 10, 144, 147, 67, 7, 0.14%, 26, 0, 22, 145.40
1733641433, 10, 144, 148, 68, 7, 0.14%, 26, 0, 22, 292.84
1733641438, 10, 144, 149, 69, 7, 0.14%, 26, 0, 22, 300.01
1733641448, 10, 144, 150, 70, 7, 0.14%, 26, 0, 22, 301.94
1733641473, 10, 144, 151, 71, 7, 0.14%, 26, 0, 22, 308.35
1733641509, 10, 144, 152, 72, 7, 0.14%, 26, 0, 22, 301.17
1733641559, 11, 107, 152, 71, 6, 0.14%, 26, 0, 22, 308.34
1733641631, 11, 121, 153, 71, 5, 0.15%, 27, 0, 22, 234.95
1733641646, 11, 121, 154, 72, 5, 0.15%, 27, 0, 22, 330.98
1733641651, 11, 121, 155, 73, 5, 0.15%, 27, 0, 22, 346.24
1733641692, 11, 121, 156, 74, 5, 0.15%, 27, 0, 22, 348.17
1733641712, 11, 121, 157, 75, 5, 0.15%, 27, 0, 22, 354.07
1733641757, 11, 152, 157, 74, 5, 0.15%, 27, 0, 22, 285.36
1733641763, 11, 152, 160, 77, 5, 0.16%, 28, 0, 22, 225.62
1733641773, 11, 152, 162, 79, 5, 0.16%, 29, 0, 22, 330.93
1733641778, 11, 152, 164, 81, 5, 0.17%, 30, 0, 22, 364.90
1733641783, 11, 152, 166, 83, 5, 0.17%, 30, 0, 22, 383.70
1733641788, 11, 152, 167, 84, 5, 0.17%, 30, 0, 22, 387.28
1733641879, 11, 152, 168, 85, 5, 0.17%, 30, 0, 22, 331.69
1733641884, 11, 163, 170, 86, 7, 0.18%, 31, 0, 22, 307.68
1733641889, 11, 163, 171, 87, 7, 0.18%, 31, 0, 22, 249.16
1733641899, 11, 163, 175, 91, 7, 0.18%, 31, 0, 22, 388.54
1733641920, 11, 163, 177, 93, 7, 0.18%, 32, 0, 22, 493.49
1733641940, 11, 163, 178, 94, 7, 0.18%, 32, 0, 22, 499.30
1733641990, 11, 163, 180, 96, 7, 0.18%, 32, 0, 22, 299.55
1733641996, 11, 168, 180, 95, 10, 0.18%, 32, 0, 22, 298.15
1733642006, 11, 168, 182, 97, 10, 0.19%, 34, 0, 23, 369.26
1733642071, 11, 180, 182, 96, 11, 0.19%, 34, 0, 23, 327.30
1733642087, 11, 180, 183, 97, 11, 0.19%, 34, 0, 24, 424.14
1733642102, 11, 180, 184, 98, 11, 0.19%, 34, 0, 24, 501.66
1733642112, 11, 180, 185, 99, 11, 0.19%, 34, 0, 24, 494.56
1733642173, 11, 181, 185, 98, 10, 0.19%, 34, 0, 24, 411.66
1733642249, 12, 175, 185, 97, 9, 0.19%, 34, 0, 24, 273.29
1733642270, 12, 175, 188, 100, 9, 0.19%, 34, 0, 24, 373.00
1733642361, 13, 159, 188, 99, 7, 0.19%, 34, 0, 24, 375.63
1733642412, 13, 159, 189, 100, 7, 0.19%, 34, 0, 24, 385.80
1733642417, 13, 159, 190, 101, 7, 0.19%, 34, 0, 24, 384.27
1733642483, 14, 138, 190, 100, 6, 0.19%, 34, 0, 24, 255.10
1733642529, 14, 138, 191, 101, 6, 0.19%, 34, 0, 24, 332.48
1733642549, 14, 138, 192, 102, 6, 0.19%, 34, 0, 24, 338.96
1733642647, 14, 145, 193, 102, 6, 0.19%, 34, 0, 24, 314.54
1733643667, 14, 145, 194, 103, 6, 0.19%, 34, 0, 24, 295.58
1733643677, 14, 145, 195, 104, 6, 0.19%, 34, 0, 24, 303.03
1733643784, 14, 145, 196, 105, 6, 0.19%, 34, 0, 24, 377.03
1733643789, 14, 145, 197, 106, 6, 0.19%, 34, 0, 24, 410.58
1733643795, 14, 158, 198, 106, 6, 0.19%, 34, 0, 24, 358.97
1733643871, 14, 180, 199, 106, 6, 0.19%, 35, 0, 24, 432.58
1733643897, 14, 180, 200, 107, 6, 0.19%, 35, 0, 24, 386.33
1733643902, 14, 198, 200, 107, 7, 0.19%, 35, 0, 24, 363.41
1733643922, 14, 198, 201, 108, 7, 0.19%, 35, 0, 25, 476.59
1733643927, 14, 198, 202, 109, 7, 0.19%, 35, 0, 25, 491.84
1733644008, 14, 200, 202, 108, 7, 0.19%, 35, 0, 25, 324.14
1733644019, 14, 200, 203, 109, 7, 0.19%, 35, 0, 26, 371.03
1733644029, 14, 200, 204, 110, 7, 0.19%, 35, 0, 26, 470.29
1733644064, 14, 200, 205, 111, 7, 0.19%, 35, 0, 26, 497.75
1733644115, 15, 181, 205, 110, 6, 0.19%, 35, 0, 26, 252.99
1733644125, 15, 181, 206, 111, 6, 0.19%, 35, 0, 26, 354.78
1733644166, 15, 182, 206, 111, 6, 0.19%, 35, 0, 26, 369.66
1733644242, 15, 185, 206, 110, 6, 0.19%, 35, 0, 26, 284.29
1733644263, 15, 185, 207, 111, 6, 0.19%, 35, 0, 26, 384.41
1733644273, 15, 185, 208, 112, 6, 0.19%, 35, 0, 26, 398.65
1733644298, 15, 185, 209, 113, 6, 0.19%, 35, 0, 26, 388.88
1733644339, 15, 185, 210, 114, 6, 0.19%, 35, 0, 26, 366.21
1733644354, 15, 185, 211, 115, 6, 0.19%, 35, 0, 26, 358.77
1733644364, 15, 188, 211, 114, 7, 0.19%, 35, 0, 26, 324.77
1733644385, 15, 188, 212, 115, 7, 0.19%, 35, 0, 26, 382.34
1733644487, 15, 196, 212, 114, 7, 0.19%, 35, 0, 26, 315.58
1733644497, 15, 196, 213, 115, 7, 0.20%, 36, 0, 26, 339.97
1733644562, 15, 212, 213, 114, 8, 0.20%, 36, 0, 26, 340.05
1733644573, 15, 212, 215, 116, 8, 0.20%, 37, 0, 26, 211.17
1733644578, 15, 212, 216, 117, 8, 0.20%, 37, 0, 26, 362.76
1733644593, 15, 212, 218, 119, 8, 0.20%, 37, 0, 26, 455.11
1733644613, 15, 212, 219, 120, 8, 0.20%, 37, 0, 26, 456.50
1733644618, 15, 212, 220, 121, 8, 0.20%, 37, 0, 26, 462.64
1733644674, 15, 213, 220, 120, 8, 0.20%, 37, 0, 26, 336.50
1733644700, 15, 213, 221, 121, 8, 0.20%, 37, 0, 26, 431.22
1733644790, 15, 214, 221, 120, 8, 0.20%, 37, 0, 26, 339.66
1733644871, 15, 215, 221, 119, 8, 0.20%, 37, 0, 26, 278.02
1733644947, 16, 181, 221, 118, 7, 0.20%, 37, 0, 26, 325.36
1733644973, 16, 198, 221, 118, 7, 0.20%, 37, 0, 26, 408.25
1733644998, 16, 198, 222, 119, 7, 0.20%, 37, 0, 26, 387.55
1733645003, 16, 200, 222, 119, 7, 0.20%, 37, 0, 26, 423.69
1733645034, 16, 201, 222, 119, 7, 0.20%, 37, 0, 26, 308.95
1733645064, 16, 201, 223, 120, 7, 0.20%, 37, 0, 26, 490.26
1733645074, 16, 201, 224, 121, 7, 0.20%, 37, 0, 26, 500.93
1733645150, 16, 205, 224, 120, 7, 0.20%, 37, 0, 26, 247.20
1733645201, 16, 205, 226, 122, 7, 0.20%, 37, 0, 26, 373.95
1733645302, 16, 206, 226, 121, 7, 0.20%, 37, 0, 26, 296.32
1733645348, 16, 206, 227, 122, 7, 0.20%, 37, 0, 26, 387.92
1733645429, 16, 211, 227, 121, 7, 0.20%, 37, 0, 26, 287.05
1733645465, 16, 211, 228, 122, 7, 0.20%, 37, 0, 26, 380.14
1733645547, 16, 211, 229, 123, 7, 0.20%, 37, 0, 26, 344.90
1733645552, 16, 212, 229, 122, 7, 0.20%, 37, 0, 26, 313.49
1733645582, 16, 212, 231, 124, 7, 0.20%, 37, 0, 26, 379.68
1733645598, 16, 213, 231, 124, 7, 0.20%, 37, 0, 26, 351.16
1733645628, 16, 214, 231, 124, 7, 0.20%, 37, 0, 26, 380.29
1733645664, 16, 215, 231, 124, 7, 0.20%, 37, 0, 26, 404.15
1733645694, 16, 220, 231, 124, 7, 0.20%, 37, 0, 26, 336.01
1733645709, 16, 220, 232, 125, 7, 0.20%, 37, 0, 26, 395.39
1733645735, 16, 220, 234, 127, 7, 0.20%, 37, 0, 26, 489.59
1733645740, 16, 220, 235, 128, 7, 0.20%, 37, 0, 26, 490.07
1733645817, 16, 221, 235, 127, 7, 0.20%, 37, 0, 26, 303.06
1733645898, 16, 222, 235, 126, 7, 0.20%, 37, 0, 26, 285.71
1733645984, 16, 223, 235, 125, 7, 0.20%, 37, 0, 26, 368.48
1733646066, 16, 223, 236, 126, 7, 0.20%, 37, 0, 27, 507.61
1733646086, 16, 223, 237, 127, 7, 0.20%, 37, 0, 27, 510.30
1733646126, 16, 231, 237, 126, 7, 0.20%, 37, 0, 27, 288.90
1733646218, 17, 138, 237, 125, 7, 0.20%, 37, 0, 27, 229.58
1733646254, 17, 150, 237, 125, 7, 0.20%, 37, 0, 27, 270.77
1733647204, 17, 159, 237, 124, 6, 0.20%, 37, 0, 27, 320.86
1733647240, 17, 160, 237, 124, 6, 0.20%, 37, 0, 27, 327.24
1733647321, 17, 162, 237, 123, 6, 0.20%, 37, 0, 27, 282.23
1733647398, 17, 180, 237, 122, 6, 0.20%, 37, 0, 27, 420.67
1733647419, 17, 181, 237, 122, 6, 0.20%, 37, 0, 27, 344.77
1733647449, 17, 182, 237, 122, 6, 0.20%, 37, 0, 27, 443.21
1733647480, 17, 183, 237, 122, 6, 0.20%, 37, 0, 27, 306.23
1733647551, 17, 184, 237, 121, 6, 0.20%, 37, 0, 27, 333.08
1733647597, 17, 184, 238, 122, 6, 0.20%, 37, 0, 27, 470.22
1733647662, 17, 184, 239, 123, 6, 0.20%, 37, 0, 27, 464.72
1733647678, 17, 188, 239, 122, 6, 0.20%, 37, 0, 27, 385.07
1733647713, 17, 189, 239, 122, 6, 0.20%, 37, 0, 27, 337.39
1733647795, 17, 198, 239, 121, 6, 0.20%, 37, 0, 27, 317.34
1733647841, 17, 199, 239, 121, 6, 0.20%, 37, 0, 27, 314.99
1733647866, 17, 199, 240, 122, 6, 0.20%, 37, 0, 27, 496.63
1733647918, 17, 200, 240, 121, 6, 0.20%, 37, 0, 27, 349.11
1733647963, 17, 201, 240, 121, 6, 0.20%, 37, 0, 27, 375.10
1733647994, 17, 202, 240, 121, 6, 0.20%, 37, 0, 27, 341.94
1733648070, 17, 203, 240, 120, 6, 0.20%, 37, 0, 27, 328.24
1733648156, 17, 204, 240, 119, 6, 0.20%, 37, 0, 27, 293.48
1733648385, 17, 205, 240, 118, 6, 0.20%, 37, 0, 27, 398.36
1733648712, 17, 212, 240, 118, 6, 0.20%, 37, 0, 27, 346.26
1733648742, 17, 213, 240, 118, 6, 0.20%, 37, 0, 27, 372.81
1733648778, 17, 214, 240, 118, 6, 0.20%, 37, 0, 27, 404.53
1733648804, 17, 215, 240, 118, 6, 0.20%, 37, 0, 27, 352.86
1733648839, 17, 216, 240, 118, 6, 0.20%, 37, 0, 27, 306.19
1733648921, 17, 220, 240, 117, 6, 0.20%, 37, 0, 27, 326.96
1733648952, 17, 224, 240, 117, 6, 0.20%, 37, 0, 27, 318.04
1733649038, 17, 225, 240, 116, 6, 0.20%, 37, 0, 27, 255.54
1733649104, 17, 225, 241, 117, 6, 0.20%, 37, 0, 27, 359.38
1733649110, 17, 225, 242, 118, 6, 0.20%, 37, 0, 27, 364.04
1733649206, 17, 231, 242, 117, 6, 0.20%, 37, 0, 27, 350.72
1733649237, 17, 232, 242, 117, 6, 0.20%, 37, 0, 27, 333.08
1733649323, 17, 233, 242, 116, 6, 0.20%, 37, 0, 27, 347.64
1733649389, 17, 233, 244, 118, 6, 0.20%, 37, 0, 27, 498.98
1733649399, 17, 233, 245, 119, 6, 0.20%, 37, 0, 27, 507.00
1733649470, 17, 234, 245, 118, 6, 0.20%, 37, 0, 27, 349.82
1733649527, 17, 234, 246, 119, 6, 0.20%, 37, 0, 27, 487.45
1733649608, 17, 242, 246, 118, 6, 0.20%, 37, 0, 27, 357.24
1733649690, 17, 242, 247, 119, 6, 0.20%, 37, 0, 28, 466.54
1733649771, 17, 243, 247, 118, 6, 0.20%, 37, 0, 28, 340.50
1733649863, 17, 243, 248, 119, 6, 0.20%, 37, 0, 28, 504.59
1733649868, 17, 243, 249, 120, 6, 0.20%, 37, 0, 28, 507.06
1733649944, 17, 244, 249, 119, 6, 0.20%, 37, 0, 28, 315.11
1733650052, 17, 244, 250, 120, 6, 0.20%, 37, 0, 28, 512.99
1733650092, 17, 244, 251, 121, 6, 0.20%, 37, 0, 28, 511.17
1733650123, 17, 245, 251, 120, 6, 0.20%, 37, 0, 28, 259.43
1733650215, 17, 245, 252, 121, 6, 0.20%, 37, 0, 28, 479.17
1733650296, 17, 246, 252, 120, 6, 0.20%, 37, 0, 28, 352.67
1733650443, 17, 246, 253, 121, 6, 0.20%, 37, 0, 29, 368.89
1733650454, 17, 246, 254, 122, 6, 0.20%, 37, 0, 29, 380.64
1733650464, 17, 247, 254, 121, 6, 0.20%, 37, 0, 29, 382.70
1733650617, 17, 247, 255, 122, 6, 0.20%, 37, 0, 29, 514.02
1733650663, 17, 247, 256, 123, 6, 0.20%, 37, 0, 29, 319.20
1733650678, 17, 248, 256, 122, 6, 0.20%, 37, 0, 29, 339.68
1733650877, 17, 249, 256, 121, 6, 0.20%, 37, 0, 29, 352.05
1733651029, 17, 249, 257, 122, 6, 0.20%, 37, 0, 29, 515.34
1733651055, 17, 249, 258, 123, 6, 0.20%, 37, 0, 29, 514.36
1733651065, 17, 249, 259, 124, 6, 0.20%, 37, 0, 29, 505.48
1733651085, 17, 251, 259, 123, 6, 0.20%, 37, 0, 29, 291.38
