# unix_time, cycles_done, cur_path, paths_total, pending_total, pending_favs, map_size, unique_crashes, unique_hangs, max_depth, execs_per_sec
1733507187, 0, 0, 10, 10, 1, 0.00%, 0, 0, 1, 172.79
1733507192, 0, 4, 10, 10, 1, 0.00%, 0, 0, 1, 202.87
1733507197, 0, 5, 10, 9, 0, 0.00%, 0, 0, 1, 208.67
1733507202, 0, 6, 10, 8, 0, 0.00%, 0, 0, 1, 204.93
1733507213, 0, 7, 10, 7, 0, 0.00%, 0, 0, 1, 206.64
1733507218, 0, 8, 10, 6, 0, 0.00%, 0, 0, 1, 198.53
1733507228, 0, 9, 10, 5, 0, 0.00%, 0, 0, 1, 208.31
1733507233, 1, 0, 10, 4, 0, 0.00%, 0, 0, 1, 193.09
1733507244, 1, 1, 10, 3, 0, 0.00%, 0, 0, 1, 205.18
1733507254, 1, 2, 10, 2, 0, 0.00%, 0, 0, 1, 209.03
1733507264, 1, 3, 10, 1, 0, 0.00%, 0, 0, 1, 206.73
1733507274, 1, 4, 10, 0, 0, 0.00%, 0, 0, 1, 211.20
1733507284, 1, 5, 10, 0, 0, 0.00%, 0, 0, 1, 204.01
1733507289, 1, 7, 10, 0, 0, 0.00%, 0, 0, 1, 206.55
1733507294, 1, 8, 10, 0, 0, 0.00%, 0, 0, 1, 208.47
1733507299, 2, 0, 10, 0, 0, 0.00%, 0, 0, 1, 209.56
1733507305, 2, 1, 10, 0, 0, 0.00%, 0, 0, 1, 209.29
1733507310, 2, 3, 10, 0, 0, 0.00%, 0, 0, 1, 206.03
1733507315, 2, 4, 10, 0, 0, 0.00%, 0, 0, 1, 204.14
1733507320, 2, 5, 10, 0, 0, 0.00%, 0, 0, 1, 204.98
1733507325, 2, 7, 11, 1, 0, 0.05%, 1, 0, 2, 207.66
1733507330, 2, 10, 12, 2, 1, 0.05%, 2, 0, 3, 209.24
1733507341, 2, 10, 13, 3, 1, 0.05%, 3, 0, 3, 209.51
1733507401, 2, 11, 13, 2, 2, 0.05%, 3, 0, 3, 212.10
1733507406, 2, 11, 16, 5, 2, 0.05%, 4, 0, 4, 254.43
1733507412, 2, 11, 17, 6, 2, 0.06%, 5, 0, 4, 262.18
1733507417, 2, 11, 19, 8, 2, 0.06%, 5, 0, 4, 265.95
1733507432, 2, 11, 20, 9, 2, 0.06%, 5, 0, 4, 268.47
1733507437, 2, 11, 21, 10, 2, 0.06%, 6, 0, 4, 273.14
1733507488, 2, 11, 22, 11, 2, 0.06%, 6, 0, 4, 271.79
1733507503, 2, 16, 23, 11, 4, 0.06%, 6, 0, 5, 221.86
1733507543, 2, 20, 24, 11, 4, 0.06%, 6, 0, 5, 259.39
1733507548, 2, 20, 26, 13, 4, 0.06%, 6, 0, 5, 264.04
1733507574, 2, 20, 27, 14, 4, 0.06%, 6, 0, 5, 266.14
1733507640, 2, 20, 28, 15, 4, 0.06%, 6, 0, 5, 224.33
1733507645, 3, 13, 30, 16, 3, 0.06%, 7, 0, 5, 306.50
1733507675, 3, 13, 31, 17, 3, 0.06%, 8, 0, 5, 479.83
1733507680, 3, 13, 32, 18, 3, 0.06%, 8, 0, 5, 468.22
1733507701, 3, 13, 33, 19, 3, 0.06%, 8, 0, 5, 303.11
1733507711, 3, 29, 35, 20, 4, 0.06%, 9, 0, 6, 262.52
1733507731, 3, 29, 36, 21, 4, 0.06%, 9, 0, 6, 229.48
1733507737, 3, 29, 37, 22, 4, 0.06%, 9, 0, 6, 226.95
1733507772, 3, 29, 38, 23, 4, 0.06%, 9, 0, 6, 231.05
1733507808, 3, 29, 39, 24, 4, 0.06%, 9, 0, 6, 241.51
1733507823, 3, 29, 40, 25, 4, 0.06%, 9, 0, 6, 247.79
1733507828, 3, 30, 40, 24, 4, 0.06%, 9, 0, 6, 311.64
1733507833, 3, 30, 41, 25, 4, 0.06%, 9, 0, 6, 452.96
1733507864, 3, 33, 41, 24, 3, 0.06%, 9, 0, 6, 274.84
1733507869, 3, 33, 42, 25, 3, 0.06%, 9, 0, 7, 245.13
1733507905, 3, 33, 43, 26, 3, 0.06%, 9, 0, 7, 238.10
1733507971, 3, 33, 46, 29, 3, 0.06%, 9, 0, 7, 266.80
1733507982, 3, 42, 46, 28, 2, 0.06%, 9, 0, 7, 372.23
1733508012, 3, 42, 51, 33, 2, 0.06%, 9, 0, 8, 475.91
1733508028, 3, 42, 53, 35, 2, 0.06%, 9, 0, 8, 484.63
1733508144, 4, 29, 53, 34, 2, 0.06%, 9, 0, 8, 259.88
1733508154, 4, 29, 56, 37, 2, 0.06%, 9, 0, 8, 268.39
1733508159, 4, 30, 57, 38, 2, 0.06%, 9, 0, 8, 357.60
1733508169, 4, 34, 57, 38, 2, 0.06%, 9, 0, 8, 303.26
1733508179, 4, 34, 58, 39, 2, 0.06%, 9, 0, 8, 270.13
1733508210, 4, 40, 58, 38, 2, 0.06%, 9, 0, 8, 363.20
1733508225, 5, 30, 58, 37, 2, 0.06%, 9, 0, 8, 335.28
1733508235, 5, 40, 59, 38, 2, 0.06%, 9, 0, 8, 356.53
1733508245, 5, 58, 59, 38, 2, 0.06%, 9, 0, 8, 331.21
1733508291, 5, 58, 61, 40, 2, 0.06%, 9, 0, 8, 351.07
1733508307, 5, 59, 61, 39, 2, 0.06%, 9, 0, 8, 370.23
1733508312, 5, 59, 62, 40, 2, 0.06%, 9, 0, 8, 485.38
1733508363, 6, 16, 62, 39, 2, 0.06%, 9, 0, 8, 278.26
1733508373, 6, 22, 62, 39, 2, 0.06%, 9, 0, 8, 287.72
1733508394, 6, 26, 62, 38, 1, 0.06%, 9, 0, 8, 446.57
1733508419, 6, 27, 62, 37, 1, 0.06%, 9, 0, 8, 305.12
1733508439, 6, 29, 62, 36, 1, 0.06%, 9, 0, 8, 272.46
1733508450, 6, 34, 62, 36, 1, 0.06%, 9, 0, 8, 308.86
1733508460, 6, 35, 62, 36, 1, 0.06%, 9, 0, 8, 310.77
1733508485, 6, 36, 62, 35, 1, 0.06%, 9, 0, 8, 325.28
1733508511, 6, 37, 63, 35, 1, 0.06%, 9, 0, 8, 308.72
1733508526, 6, 37, 64, 36, 1, 0.06%, 9, 0, 8, 487.26
1733508541, 6, 38, 64, 35, 1, 0.06%, 9, 0, 8, 366.13
1733508567, 6, 38, 66, 37, 1, 0.06%, 9, 0, 8, 479.58
1733508668, 6, 40, 67, 37, 1, 0.06%, 9, 0, 8, 319.24
1733508674, 6, 58, 67, 37, 1, 0.06%, 9, 0, 8, 369.97
1733508684, 6, 59, 67, 37, 1, 0.06%, 9, 0, 8, 428.78
1733508740, 6, 60, 67, 37, 1, 0.06%, 9, 0, 8, 419.24
1733508807, 6, 60, 69, 39, 1, 0.06%, 9, 0, 8, 333.89
1733508817, 6, 61, 69, 38, 1, 0.06%, 9, 0, 8, 409.63
1733508909, 6, 62, 69, 37, 1, 0.06%, 9, 0, 8, 323.25
1733509021, 6, 66, 69, 36, 1, 0.06%, 9, 0, 8, 421.15
1733509129, 6, 66, 70, 37, 1, 0.06%, 9, 0, 8, 289.08
1733509135, 6, 67, 70, 36, 1, 0.06%, 9, 0, 8, 413.64
1733509212, 6, 67, 71, 37, 1, 0.06%, 9, 0, 9, 296.61
1733509263, 6, 68, 71, 36, 1, 0.06%, 9, 0, 9, 430.35
1733509391, 6, 69, 71, 35, 1, 0.06%, 9, 0, 9, 389.53
1733509611, 7, 12, 71, 34, 1, 0.06%, 9, 0, 9, 270.46
1733509621, 7, 16, 71, 33, 1, 0.06%, 9, 0, 9, 278.20
1733509626, 7, 18, 71, 33, 1, 0.06%, 9, 0, 9, 296.14
1733509647, 7, 20, 71, 32, 0, 0.06%, 9, 0, 9, 303.26
1733509657, 7, 21, 71, 32, 0, 0.06%, 9, 0, 9, 428.85
1733509682, 7, 22, 71, 31, 0, 0.06%, 9, 0, 9, 312.41
1733509693, 7, 23, 71, 31, 0, 0.06%, 9, 0, 9, 363.68
1733509698, 7, 23, 72, 32, 0, 0.06%, 9, 0, 9, 377.81
1733509718, 7, 24, 72, 31, 0, 0.06%, 9, 0, 9, 377.80
1733509738, 7, 26, 72, 30, 0, 0.06%, 9, 0, 9, 316.17
1733509748, 7, 27, 72, 30, 0, 0.06%, 9, 0, 9, 336.18
1733509753, 7, 32, 72, 30, 0, 0.06%, 9, 0, 9, 302.04
1733509779, 7, 34, 72, 29, 0, 0.06%, 9, 0, 9, 265.04
1733509789, 7, 38, 72, 29, 0, 0.06%, 9, 0, 9, 305.22
1733509906, 7, 39, 72, 29, 0, 0.06%, 9, 0, 9, 290.39
1733509911, 7, 39, 74, 31, 0, 0.06%, 9, 0, 9, 390.44
1733510273, 7, 40, 74, 30, 0, 0.06%, 9, 0, 9, 335.69
1733510278, 7, 41, 74, 30, 0, 0.06%, 9, 0, 9, 357.51
1733510303, 7, 42, 74, 29, 0, 0.06%, 9, 0, 9, 321.56
1733510471, 7, 57, 74, 29, 0, 0.06%, 9, 0, 9, 305.07
1733510511, 7, 58, 74, 28, 0, 0.06%, 9, 0, 9, 315.77
1733510516, 7, 59, 74, 28, 0, 0.06%, 9, 0, 9, 349.77
1733510522, 7, 60, 74, 28, 0, 0.06%, 9, 0, 9, 325.52
1733510532, 7, 61, 74, 28, 0, 0.06%, 9, 0, 9, 381.59
1733510547, 7, 62, 74, 28, 0, 0.06%, 9, 0, 9, 395.16
1733510557, 7, 66, 74, 28, 0, 0.06%, 9, 0, 9, 382.05
1733510567, 7, 67, 74, 28, 0, 0.06%, 9, 0, 9, 391.37
1733510583, 7, 68, 74, 28, 0, 0.06%, 9, 0, 9, 416.44
1733510593, 7, 69, 74, 28, 0, 0.06%, 9, 0, 9, 363.65
1733510608, 7, 70, 74, 28, 0, 0.06%, 9, 0, 9, 310.62
1733510736, 8, 30, 74, 27, 0, 0.06%, 9, 0, 9, 398.27
1733510741, 8, 40, 74, 27, 0, 0.06%, 9, 0, 9, 359.21
1733510746, 8, 58, 74, 27, 0, 0.06%, 9, 0, 9, 356.88
1733510751, 8, 59, 74, 27, 0, 0.06%, 9, 0, 9, 369.25
1733510756, 8, 60, 74, 27, 0, 0.06%, 9, 0, 9, 380.92
1733510761, 8, 61, 74, 27, 0, 0.06%, 9, 0, 9, 397.04
1733510767, 8, 62, 74, 27, 0, 0.06%, 9, 0, 9, 359.84
1733510777, 8, 66, 74, 27, 0, 0.06%, 9, 0, 9, 336.43
1733510787, 8, 67, 74, 27, 0, 0.06%, 9, 0, 9, 312.51
1733510802, 8, 68, 74, 27, 0, 0.06%, 9, 0, 9, 371.11
1733510817, 8, 69, 74, 27, 0, 0.06%, 9, 0, 9, 352.71
1733510832, 8, 70, 74, 27, 0, 0.06%, 9, 0, 9, 333.14
1733510848, 9, 30, 74, 27, 0, 0.06%, 9, 0, 9, 333.80
1733510853, 9, 58, 74, 27, 0, 0.06%, 9, 0, 9, 321.04
1733510858, 9, 59, 74, 27, 0, 0.06%, 9, 0, 9, 321.55
1733510863, 9, 60, 74, 27, 0, 0.06%, 9, 0, 9, 353.68
1733510868, 9, 61, 74, 27, 0, 0.06%, 9, 0, 9, 392.73
1733510878, 9, 62, 74, 27, 0, 0.06%, 9, 0, 9, 375.53
1733510883, 9, 66, 74, 27, 0, 0.06%, 9, 0, 9, 308.63
1733510888, 9, 67, 74, 27, 0, 0.06%, 9, 0, 9, 338.34
1733510899, 9, 68, 74, 27, 0, 0.06%, 9, 0, 9, 362.64
1733510909, 9, 69, 74, 27, 0, 0.06%, 9, 0, 9, 357.17
1733510914, 9, 70, 74, 27, 0, 0.06%, 9, 0, 9, 396.32
1733510929, 10, 30, 74, 27, 0, 0.06%, 9, 0, 9, 369.93
1733510934, 10, 40, 74, 27, 0, 0.06%, 9, 0, 9, 350.40
1733510939, 10, 58, 74, 27, 0, 0.06%, 9, 0, 9, 357.30
1733510944, 10, 59, 74, 27, 0, 0.06%, 9, 0, 9, 354.55
1733510949, 10, 60, 74, 27, 0, 0.06%, 9, 0, 9, 378.73
1733510954, 10, 61, 74, 27, 0, 0.06%, 9, 0, 9, 395.50
1733510964, 10, 62, 74, 27, 0, 0.06%, 9, 0, 9, 362.48
1733510970, 10, 66, 74, 27, 0, 0.06%, 9, 0, 9, 352.90
1733510975, 10, 67, 74, 27, 0, 0.06%, 9, 0, 9, 384.44
1733510980, 10, 68, 74, 27, 0, 0.06%, 9, 0, 9, 359.70
1733510990, 10, 69, 74, 27, 0, 0.06%, 9, 0, 9, 290.13
1733511000, 10, 70, 74, 27, 0, 0.06%, 9, 0, 9, 385.08
1733511005, 10, 71, 74, 27, 0, 0.06%, 9, 0, 9, 328.16
1733511072, 10, 71, 76, 29, 0, 0.06%, 9, 0, 9, 504.43
1733511473, 11, 12, 76, 28, 0, 0.06%, 9, 0, 9, 302.64
1733511478, 11, 16, 76, 28, 0, 0.06%, 9, 0, 9, 284.61
1733511483, 11, 18, 76, 28, 0, 0.06%, 9, 0, 9, 293.78
1733511488, 11, 22, 76, 28, 0, 0.06%, 9, 0, 9, 278.28
1733511493, 11, 26, 76, 28, 0, 0.06%, 9, 0, 9, 320.60
1733511498, 11, 27, 76, 28, 0, 0.06%, 9, 0, 9, 344.73
1733511503, 11, 29, 76, 28, 0, 0.06%, 9, 0, 9, 295.77
1733511508, 11, 30, 76, 28, 0, 0.06%, 9, 0, 9, 348.38
1733511513, 11, 32, 76, 28, 0, 0.06%, 9, 0, 9, 374.19
1733511524, 11, 33, 76, 28, 0, 0.06%, 9, 0, 9, 272.88
1733511534, 11, 34, 76, 28, 0, 0.06%, 9, 0, 9, 327.74
1733511544, 11, 35, 76, 28, 0, 0.06%, 9, 0, 9, 277.71
1733511554, 11, 36, 76, 28, 0, 0.06%, 9, 0, 9, 285.18
1733511565, 11, 37, 76, 28, 0, 0.06%, 9, 0, 9, 365.46
1733511575, 11, 38, 76, 28, 0, 0.06%, 9, 0, 9, 343.00
1733511585, 11, 40, 76, 28, 0, 0.06%, 9, 0, 9, 335.53
1733511590, 11, 41, 76, 28, 0, 0.06%, 9, 0, 9, 336.08
1733511595, 11, 42, 76, 28, 0, 0.06%, 9, 0, 9, 314.63
1733511610, 11, 43, 76, 28, 0, 0.06%, 9, 0, 9, 447.49
1733511661, 11, 44, 76, 27, 0, 0.06%, 9, 0, 9, 373.99
1733511681, 11, 45, 76, 26, 0, 0.06%, 9, 0, 9, 320.10
1733511701, 11, 46, 76, 25, 0, 0.06%, 9, 0, 9, 382.97
1733511793, 11, 47, 76, 24, 0, 0.06%, 9, 0, 9, 302.69
1733511894, 11, 48, 76, 23, 0, 0.06%, 9, 0, 9, 386.62
1733511991, 11, 53, 76, 22, 0, 0.06%, 9, 0, 9, 453.27
1733512027, 11, 54, 76, 21, 0, 0.06%, 9, 0, 9, 386.17
1733512067, 11, 55, 76, 20, 0, 0.06%, 9, 0, 9, 401.84
1733512149, 11, 56, 76, 19, 0, 0.06%, 9, 0, 9, 363.90
1733512180, 11, 57, 76, 18, 0, 0.06%, 9, 0, 9, 335.26
1733512190, 11, 58, 76, 18, 0, 0.06%, 9, 0, 9, 366.99
1733512195, 11, 59, 76, 18, 0, 0.06%, 9, 0, 9, 361.16
1733512200, 11, 60, 76, 18, 0, 0.06%, 9, 0, 9, 345.14
1733512205, 11, 61, 76, 18, 0, 0.06%, 9, 0, 9, 380.08
1733512210, 11, 62, 76, 18, 0, 0.06%, 9, 0, 9, 318.64
1733512220, 11, 63, 76, 18, 0, 0.06%, 9, 0, 9, 446.09
1733512277, 11, 64, 76, 17, 0, 0.06%, 9, 0, 9, 312.65
1733512388, 11, 65, 76, 16, 0, 0.06%, 9, 0, 9, 367.21
1733512500, 11, 66, 76, 15, 0, 0.06%, 9, 0, 9, 342.98
1733512505, 11, 67, 76, 15, 0, 0.06%, 9, 0, 9, 380.39
1733512510, 11, 68, 76, 15, 0, 0.06%, 9, 0, 9, 353.06
1733512520, 11, 69, 76, 15, 0, 0.06%, 9, 0, 9, 360.39
1733512530, 11, 70, 76, 15, 0, 0.06%, 9, 0, 9, 377.92
1733512536, 12, 16, 76, 15, 0, 0.06%, 9, 0, 9, 317.51
1733512541, 12, 22, 76, 15, 0, 0.06%, 9, 0, 9, 284.90
1733512546, 12, 26, 76, 15, 0, 0.06%, 9, 0, 9, 321.62
1733512551, 12, 27, 76, 15, 0, 0.06%, 9, 0, 9, 346.63
1733512556, 12, 30, 76, 15, 0, 0.06%, 9, 0, 9, 342.51
1733512561, 12, 32, 76, 15, 0, 0.06%, 9, 0, 9, 370.74
1733512571, 12, 34, 76, 15, 0, 0.06%, 9, 0, 9, 289.87
1733512576, 12, 38, 76, 15, 0, 0.06%, 9, 0, 9, 325.91
1733512582, 12, 40, 76, 15, 0, 0.06%, 9, 0, 9, 337.88
1733512587, 12, 57, 76, 15, 0, 0.06%, 9, 0, 9, 304.62
1733512592, 12, 58, 76, 15, 0, 0.06%, 9, 0, 9, 333.94
1733512597, 12, 59, 76, 15, 0, 0.06%, 9, 0, 9, 359.71
1733512602, 12, 60, 76, 15, 0, 0.06%, 9, 0, 9, 379.20
1733512607, 12, 61, 76, 15, 0, 0.06%, 9, 0, 9, 409.50
1733512612, 12, 62, 76, 15, 0, 0.06%, 9, 0, 9, 357.80
1733512622, 12, 64, 76, 15, 0, 0.06%, 9, 0, 9, 361.64
1733512632, 12, 65, 76, 15, 0, 0.06%, 9, 0, 9, 357.14
1733512637, 12, 66, 76, 15, 0, 0.06%, 9, 0, 9, 356.22
1733512647, 12, 67, 76, 15, 0, 0.06%, 9, 0, 9, 357.44
1733512653, 12, 68, 76, 15, 0, 0.06%, 9, 0, 9, 301.01
1733512663, 12, 69, 76, 15, 0, 0.06%, 9, 0, 9, 315.84
1733512673, 12, 70, 76, 15, 0, 0.06%, 9, 0, 9, 390.58
1733512678, 13, 16, 76, 15, 0, 0.06%, 9, 0, 9, 331.26
1733512683, 13, 22, 76, 15, 0, 0.06%, 9, 0, 9, 326.50
1733512688, 13, 26, 76, 15, 0, 0.06%, 9, 0, 9, 356.22
1733512693, 13, 27, 76, 15, 0, 0.06%, 9, 0, 9, 329.12
1733512698, 13, 30, 76, 15, 0, 0.06%, 9, 0, 9, 339.04
1733512703, 13, 32, 76, 15, 0, 0.06%, 9, 0, 9, 354.66
1733512708, 13, 34, 76, 15, 0, 0.06%, 9, 0, 9, 298.03
1733512713, 13, 38, 76, 15, 0, 0.06%, 9, 0, 9, 328.71
1733512719, 13, 40, 76, 15, 0, 0.06%, 9, 0, 9, 341.47
1733512724, 13, 57, 76, 15, 0, 0.06%, 9, 0, 9, 313.00
1733512729, 13, 58, 76, 15, 0, 0.06%, 9, 0, 9, 341.24
1733512734, 13, 59, 76, 15, 0, 0.06%, 9, 0, 9, 371.10
1733512739, 13, 60, 76, 15, 0, 0.06%, 9, 0, 9, 372.37
1733512744, 13, 61, 76, 15, 0, 0.06%, 9, 0, 9, 375.91
1733512749, 13, 62, 76, 15, 0, 0.06%, 9, 0, 9, 312.34
1733512754, 13, 64, 76, 15, 0, 0.06%, 9, 0, 9, 338.19
1733512765, 13, 65, 76, 15, 0, 0.06%, 9, 0, 9, 326.55
1733512775, 13, 66, 76, 15, 0, 0.06%, 9, 0, 9, 359.46
1733512780, 13, 67, 76, 15, 0, 0.06%, 9, 0, 9, 324.71
1733512790, 13, 68, 76, 15, 0, 0.06%, 9, 0, 9, 392.91
1733512795, 13, 69, 76, 15, 0, 0.06%, 9, 0, 9, 378.89
1733512805, 13, 70, 76, 15, 0, 0.06%, 9, 0, 9, 323.17
1733512815, 14, 16, 76, 15, 0, 0.06%, 9, 0, 9, 305.89
1733512820, 14, 22, 76, 15, 0, 0.06%, 9, 0, 9, 321.40
1733512825, 14, 27, 76, 15, 0, 0.06%, 9, 0, 9, 317.61
1733512830, 14, 30, 76, 15, 0, 0.06%, 9, 0, 9, 317.88
1733512835, 14, 32, 76, 15, 0, 0.06%, 9, 0, 9, 367.50
1733512841, 14, 34, 76, 15, 0, 0.06%, 9, 0, 9, 299.22
1733512846, 14, 38, 76, 15, 0, 0.06%, 9, 0, 9, 304.08
1733512851, 14, 40, 76, 15, 0, 0.06%, 9, 0, 9, 344.97
1733512856, 14, 57, 76, 15, 0, 0.06%, 9, 0, 9, 314.35
1733512861, 14, 58, 76, 15, 0, 0.06%, 9, 0, 9, 336.55
1733512866, 14, 59, 76, 15, 0, 0.06%, 9, 0, 9, 350.10
1733512871, 14, 60, 76, 15, 0, 0.06%, 9, 0, 9, 339.46
1733512876, 14, 61, 76, 15, 0, 0.06%, 9, 0, 9, 344.08
1733512886, 14, 62, 76, 15, 0, 0.06%, 9, 0, 9, 362.03
1733512891, 14, 64, 76, 15, 0, 0.06%, 9, 0, 9, 351.06
1733512896, 14, 66, 76, 15, 0, 0.06%, 9, 0, 9, 345.86
1733512901, 14, 67, 76, 15, 0, 0.06%, 9, 0, 9, 305.96
1733512912, 14, 68, 76, 15, 0, 0.06%, 9, 0, 9, 384.85
1733512917, 14, 69, 76, 15, 0, 0.06%, 9, 0, 9, 382.72
1733512927, 14, 70, 76, 15, 0, 0.06%, 9, 0, 9, 325.48
1733512937, 15, 30, 76, 15, 0, 0.06%, 9, 0, 9, 347.46
1733512942, 15, 58, 76, 15, 0, 0.06%, 9, 0, 9, 346.63
1733512947, 15, 59, 76, 15, 0, 0.06%, 9, 0, 9, 345.00
1733512952, 15, 60, 76, 15, 0, 0.06%, 9, 0, 9, 360.85
1733512957, 15, 61, 76, 15, 0, 0.06%, 9, 0, 9, 365.59
1733512967, 15, 62, 76, 15, 0, 0.06%, 9, 0, 9, 382.74
1733512973, 15, 66, 76, 15, 0, 0.06%, 9, 0, 9, 369.05
1733512978, 15, 67, 76, 15, 0, 0.06%, 9, 0, 9, 325.38
1733512988, 15, 68, 76, 15, 0, 0.06%, 9, 0, 9, 384.91
1733512993, 15, 69, 76, 15, 0, 0.06%, 9, 0, 9, 358.92
1733513003, 15, 70, 76, 15, 0, 0.06%, 9, 0, 9, 335.74
1733513013, 16, 30, 76, 15, 0, 0.06%, 9, 0, 9, 337.10
1733513018, 16, 40, 76, 15, 0, 0.06%, 9, 0, 9, 319.80
1733513023, 16, 59, 76, 15, 0, 0.06%, 9, 0, 9, 353.05
1733513033, 16, 60, 76, 15, 0, 0.06%, 9, 0, 9, 349.32
1733513038, 16, 61, 76, 15, 0, 0.06%, 9, 0, 9, 357.14
1733513043, 16, 62, 76, 15, 0, 0.06%, 9, 0, 9, 333.76
1733513049, 16, 66, 76, 15, 0, 0.06%, 9, 0, 9, 333.54
1733513054, 16, 67, 76, 15, 0, 0.06%, 9, 0, 9, 341.53
1733513064, 16, 68, 76, 15, 0, 0.06%, 9, 0, 9, 323.44
1733513074, 16, 69, 76, 15, 0, 0.06%, 9, 0, 9, 385.26
1733513084, 16, 70, 76, 15, 0, 0.06%, 9, 0, 9, 357.82
1733513089, 17, 30, 76, 15, 0, 0.06%, 9, 0, 9, 362.25
1733513094, 17, 40, 76, 15, 0, 0.06%, 9, 0, 9, 326.03
1733513099, 17, 58, 76, 15, 0, 0.06%, 9, 0, 9, 338.26
1733513104, 17, 59, 76, 15, 0, 0.06%, 9, 0, 9, 350.08
1733513110, 17, 60, 76, 15, 0, 0.06%, 9, 0, 9, 361.75
1733513115, 17, 61, 76, 15, 0, 0.06%, 9, 0, 9, 403.92
1733513120, 17, 62, 76, 15, 0, 0.06%, 9, 0, 9, 341.00
1733513125, 17, 66, 76, 15, 0, 0.06%, 9, 0, 9, 355.91
1733513135, 17, 67, 76, 15, 0, 0.06%, 9, 0, 9, 365.29
1733513140, 17, 68, 76, 15, 0, 0.06%, 9, 0, 9, 303.37
1733513150, 17, 69, 76, 15, 0, 0.06%, 9, 0, 9, 344.79
1733513161, 17, 70, 76, 15, 0, 0.06%, 9, 0, 9, 365.66
1733513166, 18, 30, 76, 15, 0, 0.06%, 9, 0, 9, 363.22
1733513171, 18, 40, 76, 15, 0, 0.06%, 9, 0, 9, 342.85
1733513176, 18, 58, 76, 15, 0, 0.06%, 9, 0, 9, 348.36
1733513181, 18, 59, 76, 15, 0, 0.06%, 9, 0, 9, 363.15
1733513186, 18, 60, 77, 16, 0, 0.06%, 9, 0, 9, 405.82
1733513191, 18, 61, 77, 16, 0, 0.06%, 9, 0, 9, 403.03
1733513196, 18, 62, 77, 16, 0, 0.06%, 9, 0, 9, 372.39
1733513206, 18, 66, 77, 16, 0, 0.06%, 9, 0, 9, 361.75
1733513211, 18, 67, 77, 16, 0, 0.06%, 9, 0, 9, 394.98
1733513217, 18, 68, 77, 16, 0, 0.06%, 9, 0, 9, 316.73
1733513227, 18, 69, 77, 16, 0, 0.06%, 9, 0, 9, 295.07
1733513237, 18, 70, 77, 16, 0, 0.06%, 9, 0, 9, 387.92
1733513242, 18, 76, 78, 17, 0, 0.06%, 9, 0, 9, 318.90
1733513354, 18, 77, 78, 16, 0, 0.06%, 9, 0, 9, 372.16
1733513462, 19, 30, 78, 15, 0, 0.06%, 9, 0, 9, 352.64
1733513467, 19, 40, 78, 15, 0, 0.06%, 9, 0, 9, 353.43
1733513472, 19, 58, 78, 15, 0, 0.06%, 9, 0, 9, 361.96
1733513477, 19, 59, 78, 15, 0, 0.06%, 9, 0, 9, 339.35
1733513482, 19, 60, 78, 15, 0, 0.06%, 9, 0, 9, 352.88
1733513487, 19, 61, 78, 15, 0, 0.06%, 9, 0, 9, 375.19
1733513492, 19, 62, 78, 15, 0, 0.06%, 9, 0, 9, 328.19
1733513497, 19, 66, 78, 15, 0, 0.06%, 9, 0, 9, 342.94
1733513508, 19, 67, 78, 15, 0, 0.06%, 9, 0, 9, 387.71
1733513513, 19, 68, 78, 15, 0, 0.06%, 9, 0, 9, 336.59
1733513523, 19, 69, 78, 15, 0, 0.06%, 9, 0, 9, 362.77
1733513533, 19, 70, 78, 15, 0, 0.06%, 9, 0, 9, 372.13
1733513538, 19, 76, 78, 15, 0, 0.06%, 9, 0, 9, 339.51
1733513564, 19, 77, 78, 15, 0, 0.06%, 9, 0, 9, 273.20
1733513589, 20, 30, 78, 15, 0, 0.06%, 9, 0, 9, 393.00
1733513594, 20, 40, 78, 15, 0, 0.06%, 9, 0, 9, 355.37
1733513599, 20, 58, 78, 15, 0, 0.06%, 9, 0, 9, 361.30
1733513604, 20, 59, 78, 15, 0, 0.06%, 9, 0, 9, 363.56
1733513609, 20, 60, 78, 15, 0, 0.06%, 9, 0, 9, 369.97
1733513614, 20, 61, 78, 15, 0, 0.06%, 9, 0, 9, 413.65
1733513619, 20, 62, 78, 15, 0, 0.06%, 9, 0, 9, 361.87
1733513629, 20, 66, 78, 15, 0, 0.06%, 9, 0, 9, 342.99
1733513635, 20, 67, 78, 15, 0, 0.06%, 9, 0, 9, 384.41
1733513640, 20, 68, 78, 15, 0, 0.06%, 9, 0, 9, 351.87
1733513650, 20, 69, 78, 15, 0, 0.06%, 9, 0, 9, 298.85
1733513660, 20, 70, 78, 15, 0, 0.06%, 9, 0, 9, 377.23
1733513665, 20, 76, 78, 15, 0, 0.06%, 9, 0, 9, 356.43
1733513696, 20, 77, 78, 15, 0, 0.06%, 9, 0, 9, 398.89
1733513721, 21, 12, 78, 15, 0, 0.06%, 9, 0, 9, 315.52
1733513726, 21, 13, 78, 15, 0, 0.06%, 9, 0, 9, 289.22
1733513736, 21, 14, 78, 15, 0, 0.06%, 9, 0, 9, 402.95
1733513757, 21, 15, 78, 14, 0, 0.06%, 9, 0, 9, 332.03
1733513777, 21, 16, 78, 13, 0, 0.06%, 9, 0, 9, 279.81
1733513782, 21, 17, 78, 13, 0, 0.06%, 9, 0, 9, 350.46
1733513797, 21, 18, 78, 12, 0, 0.06%, 9, 0, 9, 313.90
1733513803, 21, 19, 78, 12, 0, 0.06%, 9, 0, 9, 330.71
1733513823, 21, 20, 78, 11, 0, 0.06%, 9, 0, 9, 346.24
1733513828, 21, 21, 78, 11, 0, 0.06%, 9, 0, 9, 440.19
1733513843, 21, 22, 78, 11, 0, 0.06%, 9, 0, 9, 327.87
1733513849, 21, 23, 78, 11, 0, 0.06%, 9, 0, 9, 333.74
1733513859, 21, 24, 78, 11, 0, 0.06%, 9, 0, 9, 390.33
1733513874, 21, 25, 78, 11, 0, 0.06%, 9, 0, 9, 384.33
1733513890, 21, 26, 78, 10, 0, 0.06%, 9, 0, 9, 474.00
1733513900, 21, 27, 78, 10, 0, 0.06%, 9, 0, 9, 316.12
1733513910, 21, 29, 78, 10, 0, 0.06%, 9, 0, 9, 286.45
1733513915, 21, 30, 78, 10, 0, 0.06%, 9, 0, 9, 337.19
1733513920, 21, 31, 78, 10, 0, 0.06%, 9, 0, 9, 323.96
1733513941, 21, 32, 78, 9, 0, 0.06%, 9, 0, 9, 444.00
1733513951, 21, 33, 78, 9, 0, 0.06%, 9, 0, 9, 293.14
1733513961, 21, 34, 78, 9, 0, 0.06%, 9, 0, 9, 284.36
1733513966, 21, 35, 78, 9, 0, 0.06%, 9, 0, 9, 275.66
1733513976, 21, 36, 78, 9, 0, 0.06%, 9, 0, 9, 288.70
1733513986, 21, 37, 78, 9, 0, 0.06%, 9, 0, 9, 319.17
1733513997, 21, 38, 78, 9, 0, 0.06%, 9, 0, 9, 328.86
1733514002, 21, 39, 78, 9, 0, 0.06%, 9, 0, 9, 388.57
1733514379, 21, 40, 78, 9, 0, 0.06%, 9, 0, 9, 313.56
1733514384, 21, 41, 78, 9, 0, 0.06%, 9, 0, 9, 308.74
1733514394, 21, 42, 78, 9, 0, 0.06%, 9, 0, 9, 352.14
1733514399, 21, 43, 78, 9, 0, 0.06%, 9, 0, 9, 354.52
1733514450, 21, 44, 78, 9, 0, 0.06%, 9, 0, 9, 386.03
1733514465, 21, 45, 78, 9, 0, 0.06%, 9, 0, 9, 336.35
1733514476, 21, 46, 78, 9, 0, 0.06%, 9, 0, 9, 342.48
1733514563, 21, 47, 78, 9, 0, 0.06%, 9, 0, 9, 332.82
1733514654, 21, 48, 78, 9, 0, 0.06%, 9, 0, 9, 287.80
1733514745, 21, 49, 78, 9, 0, 0.06%, 9, 0, 9, 338.70
1733514852, 21, 50, 78, 8, 0, 0.06%, 9, 0, 9, 377.39
1733514954, 21, 51, 78, 7, 0, 0.06%, 9, 0, 9, 278.27
1733515137, 21, 53, 78, 6, 0, 0.06%, 9, 0, 9, 339.42
1733515142, 21, 54, 78, 6, 0, 0.06%, 9, 0, 9, 356.11
1733515147, 21, 55, 78, 6, 0, 0.06%, 9, 0, 9, 344.66
1733515152, 21, 56, 78, 6, 0, 0.06%, 9, 0, 9, 336.36
1733515157, 21, 57, 78, 6, 0, 0.06%, 9, 0, 9, 307.35
1733515162, 21, 58, 78, 6, 0, 0.06%, 9, 0, 9, 319.72
1733515167, 21, 59, 78, 6, 0, 0.06%, 9, 0, 9, 354.89
1733515172, 21, 60, 78, 6, 0, 0.06%, 9, 0, 9, 355.86
1733515177, 21, 61, 78, 6, 0, 0.06%, 9, 0, 9, 393.72
1733515182, 21, 62, 78, 6, 0, 0.06%, 9, 0, 9, 371.12
1733515187, 21, 63, 78, 6, 0, 0.06%, 9, 0, 9, 369.23
1733515197, 21, 64, 78, 6, 0, 0.06%, 9, 0, 9, 376.87
1733515279, 21, 65, 78, 6, 0, 0.06%, 9, 0, 9, 317.46
1733515365, 21, 66, 78, 6, 0, 0.06%, 9, 0, 9, 332.37
1733515370, 21, 67, 78, 6, 0, 0.06%, 9, 0, 9, 386.84
1733515376, 21, 68, 78, 6, 0, 0.06%, 9, 0, 9, 347.67
1733515386, 21, 69, 78, 6, 0, 0.06%, 9, 0, 9, 301.40
1733515396, 21, 70, 78, 6, 0, 0.06%, 9, 0, 9, 388.94
1733515401, 21, 76, 78, 6, 0, 0.06%, 9, 0, 9, 307.93
1733515431, 21, 77, 78, 6, 0, 0.06%, 9, 0, 9, 434.67
1733515457, 22, 16, 78, 6, 0, 0.06%, 9, 0, 9, 262.53
1733515462, 22, 22, 78, 6, 0, 0.06%, 9, 0, 9, 314.36
1733515467, 22, 26, 78, 6, 0, 0.06%, 9, 0, 9, 327.99
1733515472, 22, 27, 78, 6, 0, 0.06%, 9, 0, 9, 315.68
1733515477, 22, 29, 78, 6, 0, 0.06%, 9, 0, 9, 279.48
1733515482, 22, 30, 78, 6, 0, 0.06%, 9, 0, 9, 336.17
1733515487, 22, 32, 78, 6, 0, 0.06%, 9, 0, 9, 342.45
1733515492, 22, 34, 78, 6, 0, 0.06%, 9, 0, 9, 298.04
1733515497, 22, 35, 78, 6, 0, 0.06%, 9, 0, 9, 277.79
1733515502, 22, 36, 78, 6, 0, 0.06%, 9, 0, 9, 284.85
1733515507, 22, 37, 78, 6, 0, 0.06%, 9, 0, 9, 317.88
1733515512, 22, 38, 78, 6, 0, 0.06%, 9, 0, 9, 322.30
1733515518, 22, 40, 78, 6, 0, 0.06%, 9, 0, 9, 347.40
1733515523, 22, 53, 78, 6, 0, 0.06%, 9, 0, 9, 334.07
1733515528, 22, 54, 78, 6, 0, 0.06%, 9, 0, 9, 338.36
1733515533, 22, 55, 78, 6, 0, 0.06%, 9, 0, 9, 337.95
1733515538, 22, 56, 78, 6, 0, 0.06%, 9, 0, 9, 346.33
1733515543, 22, 57, 78, 6, 0, 0.06%, 9, 0, 9, 316.25
1733515548, 22, 58, 78, 6, 0, 0.06%, 9, 0, 9, 336.39
1733515553, 22, 59, 78, 6, 0, 0.06%, 9, 0, 9, 371.17
1733515558, 22, 60, 78, 6, 0, 0.06%, 9, 0, 9, 359.76
1733515563, 22, 61, 78, 6, 0, 0.06%, 9, 0, 9, 370.59
1733515568, 22, 62, 78, 6, 0, 0.06%, 9, 0, 9, 358.85
1733515573, 22, 63, 78, 6, 0, 0.06%, 9, 0, 9, 383.45
1733515583, 22, 64, 78, 6, 0, 0.06%, 9, 0, 9, 347.34
1733515588, 22, 65, 78, 6, 0, 0.06%, 9, 0, 9, 330.35
1733515593, 22, 66, 78, 6, 0, 0.06%, 9, 0, 9, 314.76
1733515599, 22, 67, 78, 6, 0, 0.06%, 9, 0, 9, 348.30
1733515609, 22, 68, 78, 6, 0, 0.06%, 9, 0, 9, 337.64
1733515619, 22, 69, 78, 6, 0, 0.06%, 9, 0, 9, 370.41
1733515629, 22, 70, 78, 6, 0, 0.06%, 9, 0, 9, 358.99
1733515634, 22, 76, 78, 6, 0, 0.06%, 9, 0, 9, 359.35
1733515650, 22, 77, 78, 6, 0, 0.06%, 9, 0, 9, 429.90
1733515665, 23, 16, 78, 6, 0, 0.06%, 9, 0, 9, 283.08
1733515670, 23, 26, 78, 6, 0, 0.06%, 9, 0, 9, 306.15
1733515675, 23, 27, 78, 6, 0, 0.06%, 9, 0, 9, 343.76
1733515680, 23, 30, 78, 6, 0, 0.06%, 9, 0, 9, 353.29
1733515685, 23, 32, 78, 6, 0, 0.06%, 9, 0, 9, 347.18
1733515690, 23, 34, 78, 6, 0, 0.06%, 9, 0, 9, 282.55
1733515695, 23, 38, 78, 6, 0, 0.06%, 9, 0, 9, 317.45
1733515700, 23, 40, 78, 6, 0, 0.06%, 9, 0, 9, 357.70
1733515705, 23, 57, 78, 6, 0, 0.06%, 9, 0, 9, 316.10
1733515710, 23, 58, 78, 6, 0, 0.06%, 9, 0, 9, 356.64
1733515715, 23, 59, 78, 6, 0, 0.06%, 9, 0, 9, 377.66
1733515721, 23, 60, 78, 6, 0, 0.06%, 9, 0, 9, 388.01
1733515726, 23, 61, 78, 6, 0, 0.06%, 9, 0, 9, 362.23
1733515736, 23, 62, 78, 6, 0, 0.06%, 9, 0, 9, 356.24
1733515741, 23, 64, 78, 6, 0, 0.06%, 9, 0, 9, 347.22
1733515746, 23, 65, 78, 6, 0, 0.06%, 9, 0, 9, 352.03
1733515751, 23, 66, 78, 6, 0, 0.06%, 9, 0, 9, 352.12
1733515756, 23, 67, 78, 6, 0, 0.06%, 9, 0, 9, 324.20
1733515766, 23, 68, 78, 6, 0, 0.06%, 9, 0, 9, 356.67
1733515776, 23, 69, 78, 6, 0, 0.06%, 9, 0, 9, 403.32
1733515781, 23, 70, 78, 6, 0, 0.06%, 9, 0, 9, 354.47
1733515791, 23, 76, 78, 6, 0, 0.06%, 9, 0, 9, 399.45
1733515807, 23, 77, 78, 6, 0, 0.06%, 9, 0, 9, 425.22
1733515817, 24, 16, 78, 6, 0, 0.06%, 9, 0, 9, 290.45
1733515822, 24, 22, 78, 6, 0, 0.06%, 9, 0, 9, 320.39
1733515827, 24, 26, 78, 6, 0, 0.06%, 9, 0, 9, 332.87
1733515832, 24, 27, 78, 6, 0, 0.06%, 9, 0, 9, 318.48
1733515837, 24, 30, 78, 6, 0, 0.06%, 9, 0, 9, 328.44
1733515842, 24, 32, 78, 6, 0, 0.06%, 9, 0, 9, 329.99
1733515847, 24, 34, 78, 6, 0, 0.06%, 9, 0, 9, 290.88
1733515852, 24, 38, 78, 6, 0, 0.06%, 9, 0, 9, 326.19
1733515858, 24, 40, 78, 6, 0, 0.06%, 9, 0, 9, 321.08
1733515863, 24, 57, 78, 6, 0, 0.06%, 9, 0, 9, 303.68
1733515868, 24, 58, 78, 6, 0, 0.06%, 9, 0, 9, 326.91
1733515873, 24, 59, 78, 6, 0, 0.06%, 9, 0, 9, 342.93
1733515878, 24, 60, 78, 6, 0, 0.06%, 9, 0, 9, 355.64
1733515883, 24, 61, 78, 6, 0, 0.06%, 9, 0, 9, 402.53
1733515888, 24, 62, 78, 6, 0, 0.06%, 9, 0, 9, 325.10
1733515893, 24, 64, 78, 6, 0, 0.06%, 9, 0, 9, 330.51
1733515903, 24, 65, 78, 6, 0, 0.06%, 9, 0, 9, 329.20
1733515908, 24, 66, 78, 6, 0, 0.06%, 9, 0, 9, 356.38
1733515913, 24, 67, 78, 6, 0, 0.06%, 9, 0, 9, 393.21
1733515918, 24, 68, 78, 6, 0, 0.06%, 9, 0, 9, 342.35
1733515929, 24, 69, 78, 6, 0, 0.06%, 9, 0, 9, 317.35
1733515939, 24, 70, 78, 6, 0, 0.06%, 9, 0, 9, 365.98
1733515949, 24, 76, 78, 6, 0, 0.06%, 9, 0, 9, 388.33
1733515954, 24, 77, 78, 6, 0, 0.06%, 9, 0, 9, 378.11
1733515964, 25, 16, 78, 6, 0, 0.06%, 9, 0, 9, 285.88
1733515969, 25, 22, 78, 6, 0, 0.06%, 9, 0, 9, 310.90
1733515974, 25, 27, 78, 6, 0, 0.06%, 9, 0, 9, 315.47
1733515979, 25, 30, 78, 6, 0, 0.06%, 9, 0, 9, 330.91
1733515984, 25, 32, 78, 6, 0, 0.06%, 9, 0, 9, 357.67
1733515989, 25, 34, 78, 6, 0, 0.06%, 9, 0, 9, 294.60
1733515995, 25, 38, 78, 6, 0, 0.06%, 9, 0, 9, 305.49
1733516000, 25, 40, 78, 6, 0, 0.06%, 9, 0, 9, 339.47
1733516005, 25, 57, 78, 6, 0, 0.06%, 9, 0, 9, 303.50
1733516010, 25, 58, 78, 6, 0, 0.06%, 9, 0, 9, 312.17
1733516015, 25, 59, 78, 6, 0, 0.06%, 9, 0, 9, 329.49
1733516020, 25, 60, 78, 6, 0, 0.06%, 9, 0, 9, 320.75
1733516025, 25, 61, 78, 6, 0, 0.06%, 9, 0, 9, 349.33
1733516035, 25, 62, 78, 6, 0, 0.06%, 9, 0, 9, 367.47
1733516040, 25, 64, 78, 6, 0, 0.06%, 9, 0, 9, 357.93
1733516045, 25, 65, 78, 6, 0, 0.06%, 9, 0, 9, 337.19
1733516051, 25, 66, 78, 6, 0, 0.06%, 9, 0, 9, 326.09
1733516056, 25, 67, 78, 6, 0, 0.06%, 9, 0, 9, 371.50
1733516066, 25, 68, 78, 6, 0, 0.06%, 9, 0, 9, 344.30
1733516076, 25, 69, 78, 6, 0, 0.06%, 9, 0, 9, 374.00
1733516086, 25, 70, 78, 6, 0, 0.06%, 9, 0, 9, 362.84
1733516091, 25, 76, 78, 6, 0, 0.06%, 9, 0, 9, 303.94
1733516101, 25, 77, 78, 6, 0, 0.06%, 9, 0, 9, 380.71
1733516106, 26, 16, 78, 6, 0, 0.06%, 9, 0, 9, 304.90
1733516111, 26, 22, 78, 6, 0, 0.06%, 9, 0, 9, 299.60
1733516116, 26, 26, 78, 6, 0, 0.06%, 9, 0, 9, 337.99
1733516121, 26, 27, 78, 6, 0, 0.06%, 9, 0, 9, 334.14
1733516127, 26, 30, 78, 6, 0, 0.06%, 9, 0, 9, 346.29
1733516132, 26, 32, 78, 6, 0, 0.06%, 9, 0, 9, 331.52
1733516137, 26, 34, 78, 6, 0, 0.06%, 9, 0, 9, 303.64
1733516142, 26, 38, 78, 6, 0, 0.06%, 9, 0, 9, 336.84
1733516147, 26, 40, 78, 6, 0, 0.06%, 9, 0, 9, 339.66
1733516152, 26, 57, 78, 6, 0, 0.06%, 9, 0, 9, 299.95
1733516157, 26, 58, 78, 6, 0, 0.06%, 9, 0, 9, 345.86
1733516162, 26, 59, 78, 6, 0, 0.06%, 9, 0, 9, 360.06
1733516167, 26, 60, 78, 6, 0, 0.06%, 9, 0, 9, 378.34
1733516172, 26, 61, 78, 6, 0, 0.06%, 9, 0, 9, 391.32
1733516177, 26, 62, 78, 6, 0, 0.06%, 9, 0, 9, 342.44
1733516183, 26, 64, 78, 6, 0, 0.06%, 9, 0, 9, 347.94
1733516193, 26, 65, 78, 6, 0, 0.06%, 9, 0, 9, 328.25
1733516198, 26, 66, 78, 6, 0, 0.06%, 9, 0, 9, 357.99
1733516203, 26, 67, 78, 6, 0, 0.06%, 9, 0, 9, 396.10
1733516208, 26, 68, 78, 6, 0, 0.06%, 9, 0, 9, 332.12
1733516218, 26, 69, 78, 6, 0, 0.06%, 9, 0, 9, 305.01
1733516228, 26, 70, 78, 6, 0, 0.06%, 9, 0, 9, 387.71
1733516238, 26, 76, 78, 6, 0, 0.06%, 9, 0, 9, 350.40
1733516244, 26, 77, 78, 6, 0, 0.06%, 9, 0, 9, 398.00
1733516249, 27, 16, 78, 6, 0, 0.06%, 9, 0, 9, 341.17
1733516254, 27, 22, 78, 6, 0, 0.06%, 9, 0, 9, 302.86
1733516259, 27, 26, 78, 6, 0, 0.06%, 9, 0, 9, 311.54
1733516264, 27, 27, 78, 6, 0, 0.06%, 9, 0, 9, 333.44
1733516269, 27, 30, 78, 6, 0, 0.06%, 9, 0, 9, 354.51
1733516274, 27, 32, 78, 6, 0, 0.06%, 9, 0, 9, 335.77
1733516279, 27, 34, 78, 6, 0, 0.06%, 9, 0, 9, 288.47
1733516284, 27, 38, 78, 6, 0, 0.06%, 9, 0, 9, 319.49
1733516289, 27, 40, 78, 6, 0, 0.06%, 9, 0, 9, 357.64
1733516294, 27, 57, 78, 6, 0, 0.06%, 9, 0, 9, 307.28
1733516299, 27, 58, 78, 6, 0, 0.06%, 9, 0, 9, 362.14
1733516304, 27, 59, 78, 6, 0, 0.06%, 9, 0, 9, 389.30
1733516309, 27, 60, 78, 6, 0, 0.06%, 9, 0, 9, 345.28
1733516315, 27, 61, 78, 6, 0, 0.06%, 9, 0, 9, 322.62
1733516325, 27, 62, 78, 6, 0, 0.06%, 9, 0, 9, 362.23
1733516330, 27, 64, 78, 6, 0, 0.06%, 9, 0, 9, 357.46
1733516335, 27, 65, 78, 6, 0, 0.06%, 9, 0, 9, 352.64
1733516340, 27, 66, 78, 6, 0, 0.06%, 9, 0, 9, 381.45
1733516345, 27, 67, 78, 6, 0, 0.06%, 9, 0, 9, 361.26
1733516355, 27, 68, 78, 6, 0, 0.06%, 9, 0, 9, 392.97
1733516360, 27, 69, 78, 6, 0, 0.06%, 9, 0, 9, 335.23
1733516370, 27, 70, 78, 6, 0, 0.06%, 9, 0, 9, 325.88
1733516381, 27, 76, 78, 6, 0, 0.06%, 9, 0, 9, 361.59
1733516386, 27, 77, 78, 6, 0, 0.06%, 9, 0, 9, 350.15
1733516396, 28, 16, 78, 6, 0, 0.06%, 9, 0, 9, 278.22
1733516401, 28, 22, 78, 6, 0, 0.06%, 9, 0, 9, 290.90
1733516406, 28, 26, 78, 6, 0, 0.06%, 9, 0, 9, 311.85
1733516411, 28, 30, 78, 6, 0, 0.06%, 9, 0, 9, 333.33
1733516416, 28, 32, 78, 6, 0, 0.06%, 9, 0, 9, 352.29
1733516421, 28, 34, 78, 6, 0, 0.06%, 9, 0, 9, 295.18
1733516426, 28, 38, 78, 6, 0, 0.06%, 9, 0, 9, 290.21
1733516431, 28, 40, 78, 6, 0, 0.06%, 9, 0, 9, 347.73
1733516436, 28, 57, 78, 6, 0, 0.06%, 9, 0, 9, 316.32
1733516441, 28, 58, 78, 6, 0, 0.06%, 9, 0, 9, 369.26
1733516447, 28, 59, 78, 6, 0, 0.06%, 9, 0, 9, 333.62
1733516452, 28, 60, 78, 6, 0, 0.06%, 9, 0, 9, 345.54
1733516457, 28, 61, 78, 6, 0, 0.06%, 9, 0, 9, 314.14
1733516467, 28, 62, 78, 6, 0, 0.06%, 9, 0, 9, 362.25
1733516472, 28, 64, 78, 6, 0, 0.06%, 9, 0, 9, 357.94
1733516477, 28, 65, 78, 6, 0, 0.06%, 9, 0, 9, 339.08
1733516482, 28, 66, 78, 6, 0, 0.06%, 9, 0, 9, 319.11
1733516487, 28, 67, 78, 6, 0, 0.06%, 9, 0, 9, 356.80
1733516497, 28, 68, 78, 6, 0, 0.06%, 9, 0, 9, 328.21
1733516507, 28, 69, 78, 6, 0, 0.06%, 9, 0, 9, 333.05
1733516518, 28, 70, 78, 6, 0, 0.06%, 9, 0, 9, 385.17
1733516523, 28, 76, 78, 6, 0, 0.06%, 9, 0, 9, 354.12
1733516533, 28, 77, 78, 6, 0, 0.06%, 9, 0, 9, 361.88
1733516538, 29, 16, 78, 6, 0, 0.06%, 9, 0, 9, 285.05
1733516543, 29, 22, 78, 6, 0, 0.06%, 9, 0, 9, 321.08
1733516548, 29, 26, 78, 6, 0, 0.06%, 9, 0, 9, 344.42
1733516553, 29, 27, 78, 6, 0, 0.06%, 9, 0, 9, 336.37
1733516558, 29, 30, 78, 6, 0, 0.06%, 9, 0, 9, 350.36
1733516563, 29, 32, 78, 6, 0, 0.06%, 9, 0, 9, 315.01
1733516568, 29, 34, 78, 6, 0, 0.06%, 9, 0, 9, 289.17
1733516573, 29, 38, 78, 6, 0, 0.06%, 9, 0, 9, 317.34
1733516578, 29, 40, 78, 6, 0, 0.06%, 9, 0, 9, 336.92
1733516583, 29, 57, 78, 6, 0, 0.06%, 9, 0, 9, 314.40
1733516589, 29, 58, 78, 6, 0, 0.06%, 9, 0, 9, 353.23
1733516594, 29, 59, 78, 6, 0, 0.06%, 9, 0, 9, 377.08
1733516599, 29, 60, 78, 6, 0, 0.06%, 9, 0, 9, 360.16
1733516604, 29, 61, 78, 6, 0, 0.06%, 9, 0, 9, 341.29
1733516614, 29, 62, 78, 6, 0, 0.06%, 9, 0, 9, 340.72
1733516619, 29, 64, 78, 6, 0, 0.06%, 9, 0, 9, 339.81
1733516624, 29, 65, 78, 6, 0, 0.06%, 9, 0, 9, 343.05
1733516629, 29, 66, 78, 6, 0, 0.06%, 9, 0, 9, 313.70
1733516639, 29, 67, 78, 6, 0, 0.06%, 9, 0, 9, 352.24
1733516644, 29, 68, 78, 6, 0, 0.06%, 9, 0, 9, 326.97
1733516654, 29, 69, 78, 6, 0, 0.06%, 9, 0, 9, 351.43
1733516665, 29, 70, 78, 6, 0, 0.06%, 9, 0, 9, 385.18
1733516670, 29, 76, 78, 6, 0, 0.06%, 9, 0, 9, 341.81
1733516680, 29, 77, 78, 6, 0, 0.06%, 9, 0, 9, 385.83
1733516685, 30, 16, 78, 6, 0, 0.06%, 9, 0, 9, 306.63
1733516690, 30, 22, 78, 6, 0, 0.06%, 9, 0, 9, 325.90
1733516695, 30, 26, 78, 6, 0, 0.06%, 9, 0, 9, 331.29
1733516700, 30, 27, 78, 6, 0, 0.06%, 9, 0, 9, 328.82
1733516705, 30, 30, 78, 6, 0, 0.06%, 9, 0, 9, 332.65
1733516710, 30, 32, 78, 6, 0, 0.06%, 9, 0, 9, 316.25
1733516715, 30, 34, 78, 6, 0, 0.06%, 9, 0, 9, 278.62
1733516720, 30, 38, 78, 6, 0, 0.06%, 9, 0, 9, 325.76
1733516725, 30, 40, 78, 6, 0, 0.06%, 9, 0, 9, 348.58
1733516730, 30, 57, 78, 6, 0, 0.06%, 9, 0, 9, 302.38
1733516736, 30, 58, 78, 6, 0, 0.06%, 9, 0, 9, 350.85
1733516741, 30, 59, 78, 6, 0, 0.06%, 9, 0, 9, 364.58
1733516746, 30, 60, 78, 6, 0, 0.06%, 9, 0, 9, 339.75
1733516751, 30, 61, 78, 6, 0, 0.06%, 9, 0, 9, 328.63
1733516761, 30, 62, 78, 6, 0, 0.06%, 9, 0, 9, 356.16
1733516766, 30, 64, 78, 6, 0, 0.06%, 9, 0, 9, 351.74
1733516771, 30, 65, 78, 6, 0, 0.06%, 9, 0, 9, 363.09
1733516776, 30, 66, 78, 6, 0, 0.06%, 9, 0, 9, 361.75
1733516781, 30, 67, 78, 6, 0, 0.06%, 9, 0, 9, 325.46
1733516792, 30, 68, 78, 6, 0, 0.06%, 9, 0, 9, 380.35
1733516797, 30, 69, 78, 6, 0, 0.06%, 9, 0, 9, 400.26
1733516807, 30, 70, 78, 6, 0, 0.06%, 9, 0, 9, 318.26
1733516817, 30, 76, 78, 6, 0, 0.06%, 9, 0, 9, 374.43
1733516822, 30, 77, 78, 6, 0, 0.06%, 9, 0, 9, 318.75
1733516832, 31, 16, 78, 6, 0, 0.06%, 9, 0, 9, 271.14
1733516837, 31, 22, 78, 6, 0, 0.06%, 9, 0, 9, 316.62
1733516842, 31, 26, 78, 6, 0, 0.06%, 9, 0, 9, 338.75
1733516848, 31, 27, 78, 6, 0, 0.06%, 9, 0, 9, 324.14
1733516853, 31, 30, 78, 6, 0, 0.06%, 9, 0, 9, 409.80
1733516858, 31, 32, 78, 6, 0, 0.06%, 9, 0, 9, 348.99
1733516863, 31, 34, 78, 6, 0, 0.06%, 9, 0, 9, 305.48
1733516868, 31, 38, 78, 6, 0, 0.06%, 9, 0, 9, 329.09
1733516873, 31, 40, 78, 6, 0, 0.06%, 9, 0, 9, 338.29
1733516878, 31, 57, 78, 6, 0, 0.06%, 9, 0, 9, 310.22
1733516883, 31, 58, 78, 6, 0, 0.06%, 9, 0, 9, 354.56
1733516888, 31, 59, 78, 6, 0, 0.06%, 9, 0, 9, 373.61
1733516893, 31, 60, 78, 6, 0, 0.06%, 9, 0, 9, 361.36
1733516898, 31, 61, 78, 6, 0, 0.06%, 9, 0, 9, 338.41
1733516908, 31, 62, 78, 6, 0, 0.06%, 9, 0, 9, 348.50
1733516913, 31, 64, 78, 6, 0, 0.06%, 9, 0, 9, 348.19
1733516918, 31, 65, 78, 6, 0, 0.06%, 9, 0, 9, 362.44
1733516923, 31, 66, 78, 6, 0, 0.06%, 9, 0, 9, 349.44
1733516928, 31, 67, 78, 6, 0, 0.06%, 9, 0, 9, 319.73
1733516939, 31, 68, 78, 6, 0, 0.06%, 9, 0, 9, 389.96
1733516944, 31, 69, 78, 6, 0, 0.06%, 9, 0, 9, 344.14
1733516954, 31, 70, 78, 6, 0, 0.06%, 9, 0, 9, 351.28
1733516964, 31, 76, 78, 6, 0, 0.06%, 9, 0, 9, 398.79
1733516969, 31, 77, 78, 6, 0, 0.06%, 9, 0, 9, 350.31
1733516979, 32, 16, 78, 6, 0, 0.06%, 9, 0, 9, 276.74
1733516984, 32, 22, 78, 6, 0, 0.06%, 9, 0, 9, 298.98
1733516989, 32, 26, 78, 6, 0, 0.06%, 9, 0, 9, 317.64
1733516994, 32, 27, 78, 6, 0, 0.06%, 9, 0, 9, 318.96
1733516999, 32, 32, 78, 6, 0, 0.06%, 9, 0, 9, 343.86
1733517004, 32, 34, 78, 6, 0, 0.06%, 9, 0, 9, 303.70
1733517010, 32, 38, 78, 6, 0, 0.06%, 9, 0, 9, 302.65
1733517020, 32, 57, 78, 6, 0, 0.06%, 9, 0, 9, 319.43
1733517025, 32, 58, 78, 6, 0, 0.06%, 9, 0, 9, 307.37
1733517030, 32, 59, 78, 6, 0, 0.06%, 9, 0, 9, 351.07
1733517035, 32, 60, 78, 6, 0, 0.06%, 9, 0, 9, 351.65
1733517045, 32, 61, 78, 6, 0, 0.06%, 9, 0, 9, 351.18
1733517050, 32, 62, 78, 6, 0, 0.06%, 9, 0, 9, 366.60
1733517055, 32, 64, 78, 6, 0, 0.06%, 9, 0, 9, 350.05
1733517060, 32, 65, 78, 6, 0, 0.06%, 9, 0, 9, 311.00
1733517065, 32, 66, 78, 6, 0, 0.06%, 9, 0, 9, 343.29
1733517075, 32, 67, 78, 6, 0, 0.06%, 9, 0, 9, 357.66
1733517080, 32, 68, 78, 6, 0, 0.06%, 9, 0, 9, 302.54
1733517091, 32, 69, 78, 6, 0, 0.06%, 9, 0, 9, 342.17
1733517101, 32, 70, 78, 6, 0, 0.06%, 9, 0, 9, 373.60
1733517106, 32, 76, 78, 6, 0, 0.06%, 9, 0, 9, 315.47
1733517116, 32, 77, 78, 6, 0, 0.06%, 9, 0, 9, 388.95
1733517121, 33, 16, 78, 6, 0, 0.06%, 9, 0, 9, 318.95
1733517126, 33, 22, 78, 6, 0, 0.06%, 9, 0, 9, 296.22
1733517131, 33, 26, 78, 6, 0, 0.06%, 9, 0, 9, 324.14
1733517136, 33, 27, 78, 6, 0, 0.06%, 9, 0, 9, 333.21
1733517141, 33, 30, 78, 6, 0, 0.06%, 9, 0, 9, 349.75
1733517146, 33, 32, 78, 6, 0, 0.06%, 9, 0, 9, 338.02
1733517151, 33, 34, 78, 6, 0, 0.06%, 9, 0, 9, 303.01
1733517156, 33, 38, 78, 6, 0, 0.06%, 9, 0, 9, 316.54
1733517162, 33, 40, 78, 6, 0, 0.06%, 9, 0, 9, 358.54
1733517167, 33, 57, 78, 6, 0, 0.06%, 9, 0, 9, 306.91
1733517172, 33, 58, 78, 6, 0, 0.06%, 9, 0, 9, 364.44
1733517177, 33, 59, 78, 6, 0, 0.06%, 9, 0, 9, 372.14
1733517182, 33, 60, 78, 6, 0, 0.06%, 9, 0, 9, 369.14
1733517187, 33, 61, 78, 6, 0, 0.06%, 9, 0, 9, 361.81
1733517197, 33, 62, 78, 6, 0, 0.06%, 9, 0, 9, 346.29
1733517202, 33, 64, 78, 6, 0, 0.06%, 9, 0, 9, 340.50
1733517207, 33, 65, 78, 6, 0, 0.06%, 9, 0, 9, 346.78
1733517212, 33, 66, 78, 6, 0, 0.06%, 9, 0, 9, 361.22
1733517217, 33, 67, 78, 6, 0, 0.06%, 9, 0, 9, 311.76
1733517227, 33, 68, 78, 6, 0, 0.06%, 9, 0, 9, 389.67
1733517233, 33, 69, 78, 6, 0, 0.06%, 9, 0, 9, 383.02
1733517243, 33, 70, 78, 6, 0, 0.06%, 9, 0, 9, 330.86
1733517253, 33, 76, 78, 6, 0, 0.06%, 9, 0, 9, 366.97
1733517258, 33, 77, 78, 6, 0, 0.06%, 9, 0, 9, 355.12
1733517268, 34, 16, 78, 6, 0, 0.06%, 9, 0, 9, 291.30
1733517273, 34, 22, 78, 6, 0, 0.06%, 9, 0, 9, 298.30
1733517279, 34, 26, 78, 6, 0, 0.06%, 9, 0, 9, 300.14
1733517284, 34, 30, 78, 6, 0, 0.06%, 9, 0, 9, 333.17
1733517289, 34, 32, 78, 6, 0, 0.06%, 9, 0, 9, 354.94
1733517294, 34, 34, 78, 6, 0, 0.06%, 9, 0, 9, 302.00
1733517299, 34, 38, 78, 6, 0, 0.06%, 9, 0, 9, 298.65
1733517304, 34, 40, 78, 6, 0, 0.06%, 9, 0, 9, 315.22
1733517309, 34, 57, 78, 6, 0, 0.06%, 9, 0, 9, 328.40
1733517314, 34, 58, 78, 6, 0, 0.06%, 9, 0, 9, 337.03
1733517319, 34, 59, 78, 6, 0, 0.06%, 9, 0, 9, 359.97
1733517324, 34, 60, 78, 6, 0, 0.06%, 9, 0, 9, 361.14
1733517329, 34, 61, 78, 6, 0, 0.06%, 9, 0, 9, 316.73
1733517339, 34, 62, 78, 6, 0, 0.06%, 9, 0, 9, 373.25
1733517344, 34, 64, 78, 6, 0, 0.06%, 9, 0, 9, 372.86
1733517349, 34, 65, 78, 6, 0, 0.06%, 9, 0, 9, 348.00
1733517354, 34, 66, 78, 6, 0, 0.06%, 9, 0, 9, 349.32
1733517360, 34, 67, 78, 6, 0, 0.06%, 9, 0, 9, 319.32
1733517370, 34, 68, 78, 6, 0, 0.06%, 9, 0, 9, 385.02
1733517375, 34, 69, 78, 6, 0, 0.06%, 9, 0, 9, 372.04
1733517385, 34, 70, 78, 6, 0, 0.06%, 9, 0, 9, 335.98
1733517395, 34, 76, 78, 6, 0, 0.06%, 9, 0, 9, 391.59
1733517400, 34, 77, 78, 6, 0, 0.06%, 9, 0, 9, 337.37
1733517410, 35, 16, 78, 6, 0, 0.06%, 9, 0, 9, 285.46
1733517415, 35, 22, 78, 6, 0, 0.06%, 9, 0, 9, 298.65
1733517420, 35, 26, 78, 6, 0, 0.06%, 9, 0, 9, 311.28
1733517426, 35, 27, 78, 6, 0, 0.06%, 9, 0, 9, 307.16
1733517431, 35, 32, 78, 6, 0, 0.06%, 9, 0, 9, 355.93
1733517436, 35, 34, 78, 6, 0, 0.06%, 9, 0, 9, 303.06
1733517441, 35, 38, 78, 6, 0, 0.06%, 9, 0, 9, 322.65
1733517446, 35, 40, 78, 6, 0, 0.06%, 9, 0, 9, 365.35
1733517451, 35, 57, 78, 6, 0, 0.06%, 9, 0, 9, 314.55
1733517456, 35, 58, 78, 6, 0, 0.06%, 9, 0, 9, 356.25
1733517461, 35, 59, 78, 6, 0, 0.06%, 9, 0, 9, 356.13
1733517466, 35, 60, 78, 6, 0, 0.06%, 9, 0, 9, 342.83
1733517471, 35, 61, 78, 6, 0, 0.06%, 9, 0, 9, 323.96
1733517481, 35, 62, 78, 6, 0, 0.06%, 9, 0, 9, 366.46
1733517486, 35, 64, 78, 6, 0, 0.06%, 9, 0, 9, 348.60
1733517491, 35, 65, 78, 6, 0, 0.06%, 9, 0, 9, 366.49
1733517497, 35, 66, 78, 6, 0, 0.06%, 9, 0, 9, 329.89
1733517502, 35, 67, 78, 6, 0, 0.06%, 9, 0, 9, 329.67
1733517512, 35, 68, 78, 6, 0, 0.06%, 9, 0, 9, 363.36
1733517517, 35, 69, 78, 6, 0, 0.06%, 9, 0, 9, 374.36
1733517527, 35, 70, 78, 6, 0, 0.06%, 9, 0, 9, 341.45
1733517537, 35, 76, 78, 6, 0, 0.06%, 9, 0, 9, 395.62
1733517542, 35, 77, 78, 6, 0, 0.06%, 9, 0, 9, 361.34
1733517552, 36, 16, 78, 6, 0, 0.06%, 9, 0, 9, 294.65
1733517557, 36, 22, 78, 6, 0, 0.06%, 9, 0, 9, 287.92
1733517563, 36, 26, 78, 6, 0, 0.06%, 9, 0, 9, 297.48
1733517568, 36, 27, 78, 6, 0, 0.06%, 9, 0, 9, 300.85
1733517573, 36, 32, 78, 6, 0, 0.06%, 9, 0, 9, 312.22
1733517578, 36, 34, 78, 6, 0, 0.06%, 9, 0, 9, 303.75
1733517583, 36, 38, 78, 6, 0, 0.06%, 9, 0, 9, 314.47
1733517593, 36, 40, 78, 6, 0, 0.06%, 9, 0, 9, 324.31
1733517598, 36, 57, 78, 6, 0, 0.06%, 9, 0, 9, 294.62
1733517603, 36, 59, 78, 6, 0, 0.06%, 9, 0, 9, 347.62
1733517608, 36, 60, 78, 6, 0, 0.06%, 9, 0, 9, 379.51
1733517618, 36, 61, 78, 6, 0, 0.06%, 9, 0, 9, 367.01
1733517623, 36, 62, 78, 6, 0, 0.06%, 9, 0, 9, 334.54
1733517628, 36, 64, 78, 6, 0, 0.06%, 9, 0, 9, 318.21
1733517633, 36, 65, 78, 6, 0, 0.06%, 9, 0, 9, 322.16
1733517644, 36, 66, 78, 6, 0, 0.06%, 9, 0, 9, 359.94
1733517649, 36, 67, 78, 6, 0, 0.06%, 9, 0, 9, 375.15
1733517654, 36, 68, 78, 6, 0, 0.06%, 9, 0, 9, 310.85
1733517664, 36, 69, 78, 6, 0, 0.06%, 9, 0, 9, 344.28
1733517674, 36, 70, 78, 6, 0, 0.06%, 9, 0, 9, 386.29
1733517679, 36, 76, 78, 6, 0, 0.06%, 9, 0, 9, 322.23
1733517689, 36, 77, 78, 6, 0, 0.06%, 9, 0, 9, 365.40
1733517694, 37, 16, 78, 6, 0, 0.06%, 9, 0, 9, 305.56
1733517699, 37, 22, 78, 6, 0, 0.06%, 9, 0, 9, 310.28
1733517705, 37, 26, 78, 6, 0, 0.06%, 9, 0, 9, 335.33
1733517710, 37, 27, 78, 6, 0, 0.06%, 9, 0, 9, 334.36
1733517715, 37, 30, 78, 6, 0, 0.06%, 9, 0, 9, 344.63
1733517720, 37, 32, 78, 6, 0, 0.06%, 9, 0, 9, 345.82
1733517725, 37, 34, 78, 6, 0, 0.06%, 9, 0, 9, 292.27
1733517730, 37, 38, 78, 6, 0, 0.06%, 9, 0, 9, 314.45
1733517735, 37, 40, 78, 6, 0, 0.06%, 9, 0, 9, 356.77
1733517740, 37, 57, 78, 6, 0, 0.06%, 9, 0, 9, 309.61
1733517745, 37, 58, 78, 6, 0, 0.06%, 9, 0, 9, 367.32
1733517750, 37, 59, 78, 6, 0, 0.06%, 9, 0, 9, 375.86
1733517755, 37, 60, 78, 6, 0, 0.06%, 9, 0, 9, 357.02
1733517760, 37, 61, 78, 6, 0, 0.06%, 9, 0, 9, 377.28
1733517770, 37, 62, 78, 6, 0, 0.06%, 9, 0, 9, 363.71
1733517775, 37, 64, 78, 6, 0, 0.06%, 9, 0, 9, 354.23
1733517780, 37, 65, 78, 6, 0, 0.06%, 9, 0, 9, 356.83
1733517785, 37, 66, 78, 6, 0, 0.06%, 9, 0, 9, 371.43
1733517790, 37, 67, 78, 6, 0, 0.06%, 9, 0, 9, 354.02
1733517801, 37, 68, 78, 6, 0, 0.06%, 9, 0, 9, 389.19
1733517806, 37, 69, 78, 6, 0, 0.06%, 9, 0, 9, 337.33
1733517816, 37, 70, 78, 6, 0, 0.06%, 9, 0, 9, 385.20
1733517821, 37, 76, 78, 6, 0, 0.06%, 9, 0, 9, 380.82
1733517831, 37, 77, 78, 6, 0, 0.06%, 9, 0, 9, 396.68
1733517836, 38, 16, 78, 6, 0, 0.06%, 9, 0, 9, 322.63
1733517841, 38, 22, 78, 6, 0, 0.06%, 9, 0, 9, 315.32
1733517846, 38, 26, 78, 6, 0, 0.06%, 9, 0, 9, 321.39
1733517851, 38, 27, 78, 6, 0, 0.06%, 9, 0, 9, 343.06
1733517857, 38, 30, 78, 6, 0, 0.06%, 9, 0, 9, 340.34
1733517862, 38, 32, 78, 6, 0, 0.06%, 9, 0, 9, 327.29
1733517867, 38, 34, 78, 6, 0, 0.06%, 9, 0, 9, 300.60
1733517872, 38, 38, 78, 6, 0, 0.06%, 9, 0, 9, 332.93
1733517877, 38, 40, 78, 6, 0, 0.06%, 9, 0, 9, 345.63
1733517882, 38, 57, 78, 6, 0, 0.06%, 9, 0, 9, 307.99
1733517887, 38, 58, 78, 6, 0, 0.06%, 9, 0, 9, 348.01
1733517892, 38, 59, 78, 6, 0, 0.06%, 9, 0, 9, 375.50
1733517897, 38, 60, 78, 6, 0, 0.06%, 9, 0, 9, 386.65
1733517902, 38, 61, 78, 6, 0, 0.06%, 9, 0, 9, 387.40
1733517913, 38, 62, 78, 6, 0, 0.06%, 9, 0, 9, 331.87
1733517918, 38, 64, 78, 6, 0, 0.06%, 9, 0, 9, 333.78
1733517923, 38, 65, 78, 6, 0, 0.06%, 9, 0, 9, 334.62
1733517928, 38, 66, 78, 6, 0, 0.06%, 9, 0, 9, 363.67
1733517933, 38, 67, 78, 6, 0, 0.06%, 9, 0, 9, 343.07
1733517943, 38, 68, 78, 6, 0, 0.06%, 9, 0, 9, 377.26
1733517948, 38, 69, 78, 6, 0, 0.06%, 9, 0, 9, 357.78
1733517959, 38, 70, 78, 6, 0, 0.06%, 9, 0, 9, 317.33
1733517969, 38, 76, 78, 6, 0, 0.06%, 9, 0, 9, 398.07
1733517974, 38, 77, 78, 6, 0, 0.06%, 9, 0, 9, 334.24
1733517984, 39, 16, 78, 6, 0, 0.06%, 9, 0, 9, 291.58
1733517989, 39, 22, 78, 6, 0, 0.06%, 9, 0, 9, 302.52
1733517994, 39, 26, 78, 6, 0, 0.06%, 9, 0, 9, 303.80
1733517999, 39, 27, 78, 6, 0, 0.06%, 9, 0, 9, 298.78
1733518004, 39, 32, 78, 6, 0, 0.06%, 9, 0, 9, 340.03
1733518010, 39, 34, 78, 6, 0, 0.06%, 9, 0, 9, 295.52
1733518015, 39, 38, 78, 6, 0, 0.06%, 9, 0, 9, 293.95
1733518025, 39, 57, 78, 6, 0, 0.06%, 9, 0, 9, 322.63
1733518030, 39, 58, 78, 6, 0, 0.06%, 9, 0, 9, 311.08
1733518035, 39, 59, 78, 6, 0, 0.06%, 9, 0, 9, 324.92
1733518040, 39, 60, 78, 6, 0, 0.06%, 9, 0, 9, 329.09
1733518050, 39, 61, 78, 6, 0, 0.06%, 9, 0, 9, 346.57
1733518055, 39, 62, 78, 6, 0, 0.06%, 9, 0, 9, 349.42
1733518060, 39, 64, 78, 6, 0, 0.06%, 9, 0, 9, 341.17
1733518065, 39, 65, 78, 6, 0, 0.06%, 9, 0, 9, 314.35
1733518070, 39, 66, 78, 6, 0, 0.06%, 9, 0, 9, 344.32
1733518081, 39, 67, 78, 6, 0, 0.06%, 9, 0, 9, 361.44
1733518086, 39, 68, 78, 6, 0, 0.06%, 9, 0, 9, 303.22
1733518096, 39, 69, 78, 6, 0, 0.06%, 9, 0, 9, 295.99
1733518106, 39, 70, 78, 6, 0, 0.06%, 9, 0, 9, 385.66
1733518111, 39, 76, 78, 6, 0, 0.06%, 9, 0, 9, 340.66
1733518121, 39, 77, 78, 6, 0, 0.06%, 9, 0, 9, 399.51
1733518126, 40, 16, 78, 6, 0, 0.06%, 9, 0, 9, 305.55
1733518132, 40, 22, 78, 6, 0, 0.06%, 9, 0, 9, 281.27
1733518137, 40, 26, 78, 6, 0, 0.06%, 9, 0, 9, 324.21
1733518142, 40, 27, 78, 6, 0, 0.06%, 9, 0, 9, 331.87
1733518147, 40, 30, 78, 6, 0, 0.06%, 9, 0, 9, 355.00
1733518152, 40, 32, 78, 6, 0, 0.06%, 9, 0, 9, 333.30
1733518157, 40, 34, 78, 6, 0, 0.06%, 9, 0, 9, 302.05
1733518162, 40, 38, 78, 6, 0, 0.06%, 9, 0, 9, 330.66
1733518167, 40, 40, 78, 6, 0, 0.06%, 9, 0, 9, 373.93
1733518172, 40, 57, 78, 6, 0, 0.06%, 9, 0, 9, 316.49
1733518177, 40, 58, 78, 6, 0, 0.06%, 9, 0, 9, 352.29
1733518182, 40, 59, 78, 6, 0, 0.06%, 9, 0, 9, 365.74
1733518188, 40, 60, 78, 6, 0, 0.06%, 9, 0, 9, 387.23
1733518193, 40, 61, 78, 6, 0, 0.06%, 9, 0, 9, 405.24
1733518203, 40, 62, 78, 6, 0, 0.06%, 9, 0, 9, 323.53
1733518208, 40, 64, 78, 6, 0, 0.06%, 9, 0, 9, 339.67
1733518213, 40, 65, 78, 6, 0, 0.06%, 9, 0, 9, 353.94
1733518218, 40, 66, 78, 6, 0, 0.06%, 9, 0, 9, 371.65
1733518223, 40, 67, 78, 6, 0, 0.06%, 9, 0, 9, 304.33
1733518233, 40, 68, 78, 6, 0, 0.06%, 9, 0, 9, 386.25
1733518238, 40, 69, 78, 6, 0, 0.06%, 9, 0, 9, 359.17
1733518249, 40, 70, 78, 6, 0, 0.06%, 9, 0, 9, 336.29
1733518259, 40, 76, 78, 6, 0, 0.06%, 9, 0, 9, 399.18
1733518264, 40, 77, 78, 6, 0, 0.06%, 9, 0, 9, 346.37
1733518274, 41, 16, 78, 6, 0, 0.06%, 9, 0, 9, 295.60
1733518279, 41, 22, 78, 6, 0, 0.06%, 9, 0, 9, 298.65
1733518284, 41, 26, 78, 6, 0, 0.06%, 9, 0, 9, 300.78
1733518289, 41, 30, 78, 6, 0, 0.06%, 9, 0, 9, 323.04
1733518294, 41, 40, 78, 6, 0, 0.06%, 9, 0, 9, 311.35
1733518299, 41, 59, 78, 6, 0, 0.06%, 9, 0, 9, 341.70
1733518309, 41, 60, 78, 6, 0, 0.06%, 9, 0, 9, 357.16
1733518314, 41, 61, 78, 6, 0, 0.06%, 9, 0, 9, 368.65
1733518319, 41, 62, 78, 6, 0, 0.06%, 9, 0, 9, 370.15
1733518324, 41, 66, 78, 6, 0, 0.06%, 9, 0, 9, 340.92
1733518330, 41, 67, 78, 6, 0, 0.06%, 9, 0, 9, 344.78
1733518340, 41, 68, 78, 6, 0, 0.06%, 9, 0, 9, 359.63
1733518350, 41, 69, 78, 6, 0, 0.06%, 9, 0, 9, 393.38
1733518355, 41, 70, 78, 6, 0, 0.06%, 9, 0, 9, 351.04
1733518365, 41, 76, 78, 6, 0, 0.06%, 9, 0, 9, 410.50
1733518370, 41, 77, 78, 6, 0, 0.06%, 9, 0, 9, 343.25
1733518380, 42, 30, 78, 6, 0, 0.06%, 9, 0, 9, 350.20
1733518385, 42, 40, 78, 6, 0, 0.06%, 9, 0, 9, 317.38
1733518390, 42, 59, 78, 6, 0, 0.06%, 9, 0, 9, 362.60
1733518395, 42, 60, 78, 6, 0, 0.06%, 9, 0, 9, 369.54
1733518406, 42, 61, 78, 6, 0, 0.06%, 9, 0, 9, 357.97
1733518411, 42, 62, 78, 6, 0, 0.06%, 9, 0, 9, 358.02
1733518416, 42, 66, 78, 6, 0, 0.06%, 9, 0, 9, 330.76
1733518421, 42, 67, 78, 6, 0, 0.06%, 9, 0, 9, 349.31
1733518431, 42, 68, 78, 6, 0, 0.06%, 9, 0, 9, 381.77
1733518436, 42, 69, 78, 6, 0, 0.06%, 9, 0, 9, 347.94
1733518446, 42, 70, 78, 6, 0, 0.06%, 9, 0, 9, 352.51
1733518456, 42, 76, 78, 6, 0, 0.06%, 9, 0, 9, 403.88
1733518462, 42, 77, 78, 6, 0, 0.06%, 9, 0, 9, 344.52
1733518472, 43, 30, 78, 6, 0, 0.06%, 9, 0, 9, 344.89
1733518477, 43, 58, 78, 6, 0, 0.06%, 9, 0, 9, 335.63
1733518482, 43, 59, 78, 6, 0, 0.06%, 9, 0, 9, 325.97
1733518487, 43, 60, 78, 6, 0, 0.06%, 9, 0, 9, 336.66
1733518497, 43, 61, 78, 6, 0, 0.06%, 9, 0, 9, 371.01
1733518502, 43, 62, 78, 6, 0, 0.06%, 9, 0, 9, 361.52
1733518507, 43, 66, 78, 6, 0, 0.06%, 9, 0, 9, 341.90
1733518512, 43, 67, 78, 6, 0, 0.06%, 9, 0, 9, 341.09
1733518523, 43, 68, 78, 6, 0, 0.06%, 9, 0, 9, 378.09
1733518528, 43, 69, 78, 6, 0, 0.06%, 9, 0, 9, 349.13
1733518538, 43, 70, 78, 6, 0, 0.06%, 9, 0, 9, 345.65
1733518548, 43, 76, 78, 6, 0, 0.06%, 9, 0, 9, 411.29
1733518553, 43, 77, 78, 6, 0, 0.06%, 9, 0, 9, 350.17
1733518563, 44, 30, 78, 6, 0, 0.06%, 9, 0, 9, 333.36
1733518568, 44, 40, 78, 6, 0, 0.06%, 9, 0, 9, 327.23
1733518573, 44, 58, 78, 6, 0, 0.06%, 9, 0, 9, 351.94
1733518578, 44, 59, 78, 6, 0, 0.06%, 9, 0, 9, 348.56
1733518583, 44, 60, 78, 6, 0, 0.06%, 9, 0, 9, 341.72
1733518588, 44, 61, 78, 6, 0, 0.06%, 9, 0, 9, 364.95
1733518593, 44, 62, 78, 6, 0, 0.06%, 9, 0, 9, 298.51
1733518599, 44, 66, 78, 6, 0, 0.06%, 9, 0, 9, 344.23
1733518609, 44, 67, 78, 6, 0, 0.06%, 9, 0, 9, 365.28
1733518614, 44, 68, 78, 6, 0, 0.06%, 9, 0, 9, 293.53
1733518624, 44, 69, 78, 6, 0, 0.06%, 9, 0, 9, 345.03
1733518634, 44, 70, 78, 6, 0, 0.06%, 9, 0, 9, 372.56
1733518639, 44, 76, 78, 6, 0, 0.06%, 9, 0, 9, 300.35
1733518650, 44, 77, 78, 6, 0, 0.06%, 9, 0, 9, 382.64
1733518655, 45, 30, 78, 6, 0, 0.06%, 9, 0, 9, 361.13
1733518660, 45, 40, 78, 6, 0, 0.06%, 9, 0, 9, 340.41
1733518665, 45, 58, 78, 6, 0, 0.06%, 9, 0, 9, 355.32
1733518670, 45, 59, 78, 6, 0, 0.06%, 9, 0, 9, 374.97
1733518675, 45, 60, 78, 6, 0, 0.06%, 9, 0, 9, 335.07
1733518680, 45, 61, 78, 6, 0, 0.06%, 9, 0, 9, 388.09
1733518685, 45, 62, 78, 6, 0, 0.06%, 9, 0, 9, 312.18
1733518690, 45, 66, 78, 6, 0, 0.06%, 9, 0, 9, 357.43
1733518701, 45, 67, 78, 6, 0, 0.06%, 9, 0, 9, 366.68
1733518706, 45, 68, 78, 6, 0, 0.06%, 9, 0, 9, 336.17
1733518716, 45, 69, 78, 6, 0, 0.06%, 9, 0, 9, 330.77
1733518726, 45, 70, 78, 6, 0, 0.06%, 9, 0, 9, 379.45
1733518731, 45, 71, 78, 6, 0, 0.06%, 9, 0, 9, 367.42
1733519179, 45, 72, 78, 6, 0, 0.06%, 9, 0, 9, 340.26
1733519281, 45, 73, 78, 5, 0, 0.06%, 9, 0, 9, 365.00
1733519383, 45, 74, 78, 4, 0, 0.06%, 9, 0, 9, 358.76
1733519494, 45, 75, 78, 3, 0, 0.06%, 9, 0, 9, 335.64
1733519606, 45, 76, 78, 2, 0, 0.06%, 9, 0, 9, 300.23
1733519616, 45, 77, 78, 2, 0, 0.06%, 9, 0, 9, 378.45
1733519621, 46, 12, 78, 2, 0, 0.06%, 9, 0, 9, 329.21
1733519626, 46, 16, 78, 2, 0, 0.06%, 9, 0, 9, 285.38
1733519632, 46, 18, 78, 2, 0, 0.06%, 9, 0, 9, 298.73
1733519637, 46, 21, 78, 2, 0, 0.06%, 9, 0, 9, 318.84
1733519642, 46, 22, 78, 2, 0, 0.06%, 9, 0, 9, 329.06
1733519647, 46, 23, 78, 2, 0, 0.06%, 9, 0, 9, 333.59
1733519652, 46, 24, 78, 2, 0, 0.06%, 9, 0, 9, 326.75
1733519657, 46, 25, 78, 2, 0, 0.06%, 9, 0, 9, 337.99
1733519662, 46, 26, 78, 2, 0, 0.06%, 9, 0, 9, 340.00
1733519667, 46, 27, 78, 2, 0, 0.06%, 9, 0, 9, 331.94
1733519672, 46, 29, 78, 2, 0, 0.06%, 9, 0, 9, 289.75
1733519678, 46, 30, 78, 2, 0, 0.06%, 9, 0, 9, 328.87
1733519683, 46, 32, 78, 2, 0, 0.06%, 9, 0, 9, 324.10
1733519688, 46, 33, 78, 2, 0, 0.06%, 9, 0, 9, 293.93
1733519693, 46, 34, 78, 2, 0, 0.06%, 9, 0, 9, 288.73
1733519698, 46, 35, 78, 2, 0, 0.06%, 9, 0, 9, 290.50
1733519703, 46, 36, 78, 2, 0, 0.06%, 9, 0, 9, 286.17
1733519708, 46, 37, 78, 2, 0, 0.06%, 9, 0, 9, 320.48
1733519713, 46, 38, 78, 2, 0, 0.06%, 9, 0, 9, 332.35
1733519718, 46, 39, 78, 2, 0, 0.06%, 9, 0, 9, 343.72
1733519733, 46, 40, 78, 2, 0, 0.06%, 9, 0, 9, 346.72
1733519738, 46, 41, 78, 2, 0, 0.06%, 9, 0, 9, 304.09
1733519743, 46, 42, 78, 2, 0, 0.06%, 9, 0, 9, 358.97
1733519749, 46, 43, 78, 2, 0, 0.06%, 9, 0, 9, 365.09
1733519759, 46, 44, 78, 2, 0, 0.06%, 9, 0, 9, 354.42
1733519764, 46, 45, 78, 2, 0, 0.06%, 9, 0, 9, 333.15
1733519774, 46, 46, 78, 2, 0, 0.06%, 9, 0, 9, 403.40
1733519784, 46, 47, 78, 2, 0, 0.06%, 9, 0, 9, 340.77
1733519799, 46, 48, 78, 2, 0, 0.06%, 9, 0, 9, 399.31
1733519809, 46, 49, 78, 2, 0, 0.06%, 9, 0, 9, 360.97
1733519901, 46, 50, 78, 2, 0, 0.06%, 9, 0, 9, 337.56
1733519992, 46, 51, 78, 2, 0, 0.06%, 9, 0, 9, 301.09
1733520160, 46, 52, 78, 2, 0, 0.06%, 9, 0, 9, 416.50
1733520343, 46, 53, 78, 1, 0, 0.06%, 9, 0, 9, 441.53
1733520353, 46, 54, 79, 2, 0, 0.06%, 9, 0, 9, 369.86
1733520359, 46, 55, 79, 2, 0, 0.06%, 9, 0, 9, 323.53
1733520364, 46, 56, 79, 2, 0, 0.06%, 9, 0, 9, 378.51
1733520369, 46, 57, 79, 2, 0, 0.06%, 9, 0, 9, 397.41
1733520379, 46, 58, 79, 2, 0, 0.06%, 9, 0, 9, 366.05
1733520384, 46, 59, 79, 2, 0, 0.06%, 9, 0, 9, 368.89
1733520389, 46, 60, 79, 2, 0, 0.06%, 9, 0, 9, 381.14
1733520394, 46, 61, 79, 2, 0, 0.06%, 9, 0, 9, 394.03
1733520399, 46, 62, 79, 2, 0, 0.06%, 9, 0, 9, 353.64
1733520409, 46, 63, 79, 2, 0, 0.06%, 9, 0, 9, 329.35
1733520414, 46, 64, 79, 2, 0, 0.06%, 9, 0, 9, 330.03
1733520419, 46, 65, 79, 2, 0, 0.06%, 9, 0, 9, 339.10
1733520424, 46, 66, 79, 2, 0, 0.06%, 9, 0, 9, 371.69
1733520429, 46, 67, 79, 2, 0, 0.06%, 9, 0, 9, 335.31
1733520440, 46, 68, 79, 2, 0, 0.06%, 9, 0, 9, 384.38
1733520445, 46, 69, 79, 2, 0, 0.06%, 9, 0, 9, 373.27
1733520455, 46, 70, 79, 2, 0, 0.06%, 9, 0, 9, 316.98
1733520465, 46, 71, 79, 2, 0, 0.06%, 9, 0, 9, 294.07
1733520480, 46, 72, 79, 2, 0, 0.06%, 9, 0, 9, 372.83
1733520491, 46, 73, 79, 2, 0, 0.06%, 9, 0, 9, 352.84
1733520501, 46, 74, 79, 2, 0, 0.06%, 9, 0, 9, 373.09
1733520516, 46, 75, 79, 2, 0, 0.06%, 9, 0, 9, 303.89
1733520536, 46, 76, 79, 2, 0, 0.06%, 9, 0, 9, 356.34
1733520541, 46, 77, 79, 2, 0, 0.06%, 9, 0, 9, 363.96
1733520551, 46, 78, 80, 3, 0, 0.06%, 9, 0, 9, 375.38
1733520639, 46, 79, 80, 2, 0, 0.06%, 9, 0, 9, 317.07
1733520746, 47, 12, 80, 1, 0, 0.06%, 9, 0, 9, 346.88
1733520751, 47, 16, 80, 1, 0, 0.06%, 9, 0, 9, 292.01
1733520756, 47, 18, 80, 1, 0, 0.06%, 9, 0, 9, 302.65
1733520761, 47, 21, 80, 1, 0, 0.06%, 9, 0, 9, 290.64
1733520766, 47, 22, 80, 1, 0, 0.06%, 9, 0, 9, 325.38
1733520771, 47, 23, 80, 1, 0, 0.06%, 9, 0, 9, 333.76
1733520777, 47, 24, 80, 1, 0, 0.06%, 9, 0, 9, 320.46
1733520782, 47, 25, 80, 1, 0, 0.06%, 9, 0, 9, 302.51
1733520787, 47, 26, 80, 1, 0, 0.06%, 9, 0, 9, 310.33
1733520792, 47, 27, 80, 1, 0, 0.06%, 9, 0, 9, 308.21
1733520797, 47, 30, 80, 1, 0, 0.06%, 9, 0, 9, 301.72
1733520802, 47, 32, 80, 1, 0, 0.06%, 9, 0, 9, 356.09
1733520807, 47, 34, 80, 1, 0, 0.06%, 9, 0, 9, 297.91
1733520812, 47, 35, 80, 1, 0, 0.06%, 9, 0, 9, 282.70
1733520817, 47, 36, 80, 1, 0, 0.06%, 9, 0, 9, 300.06
1733520823, 47, 37, 80, 1, 0, 0.06%, 9, 0, 9, 338.98
1733520828, 47, 38, 80, 1, 0, 0.06%, 9, 0, 9, 334.27
1733520833, 47, 39, 80, 1, 0, 0.06%, 9, 0, 9, 382.45
1733520843, 47, 40, 80, 1, 0, 0.06%, 9, 0, 9, 346.93
1733520848, 47, 42, 80, 1, 0, 0.06%, 9, 0, 9, 325.48
1733520858, 47, 44, 80, 1, 0, 0.06%, 9, 0, 9, 339.18
1733520863, 47, 45, 80, 1, 0, 0.06%, 9, 0, 9, 368.28
1733520868, 47, 46, 80, 1, 0, 0.06%, 9, 0, 9, 363.91
1733520879, 47, 47, 80, 1, 0, 0.06%, 9, 0, 9, 334.49
1733520884, 47, 48, 80, 1, 0, 0.06%, 9, 0, 9, 359.90
1733520894, 47, 49, 80, 1, 0, 0.06%, 9, 0, 9, 393.06
1733520904, 47, 50, 80, 1, 0, 0.06%, 9, 0, 9, 346.81
1733520919, 47, 51, 80, 1, 0, 0.06%, 9, 0, 9, 362.97
1733520934, 47, 52, 80, 1, 0, 0.06%, 9, 0, 9, 374.72
1733520944, 47, 53, 80, 1, 0, 0.06%, 9, 0, 9, 343.98
1733520949, 47, 54, 80, 1, 0, 0.06%, 9, 0, 9, 362.97
1733520955, 47, 55, 80, 1, 0, 0.06%, 9, 0, 9, 358.08
1733520960, 47, 56, 80, 1, 0, 0.06%, 9, 0, 9, 378.01
1733520965, 47, 57, 80, 1, 0, 0.06%, 9, 0, 9, 318.59
1733520970, 47, 58, 80, 1, 0, 0.06%, 9, 0, 9, 358.01
1733520975, 47, 59, 80, 1, 0, 0.06%, 9, 0, 9, 361.15
1733520980, 47, 60, 80, 1, 0, 0.06%, 9, 0, 9, 365.05
1733520985, 47, 61, 80, 1, 0, 0.06%, 9, 0, 9, 389.24
1733520990, 47, 62, 80, 1, 0, 0.06%, 9, 0, 9, 334.98
1733521000, 47, 63, 80, 1, 0, 0.06%, 9, 0, 9, 328.50
1733521005, 47, 64, 80, 1, 0, 0.06%, 9, 0, 9, 357.37
1733521010, 47, 65, 80, 1, 0, 0.06%, 9, 0, 9, 334.75
1733521015, 47, 66, 80, 1, 0, 0.06%, 9, 0, 9, 361.35
1733521020, 47, 67, 80, 1, 0, 0.06%, 9, 0, 9, 364.68
1733521030, 47, 68, 80, 1, 0, 0.06%, 9, 0, 9, 391.03
1733521036, 47, 69, 80, 1, 0, 0.06%, 9, 0, 9, 330.53
1733521046, 47, 70, 80, 1, 0, 0.06%, 9, 0, 9, 340.99
1733521056, 47, 71, 80, 1, 0, 0.06%, 9, 0, 9, 277.64
1733521071, 47, 72, 80, 1, 0, 0.06%, 9, 0, 9, 352.39
1733521081, 47, 73, 80, 1, 0, 0.06%, 9, 0, 9, 365.99
1733521091, 47, 74, 80, 1, 0, 0.06%, 9, 0, 9, 361.76
1733521096, 47, 75, 80, 1, 0, 0.06%, 9, 0, 9, 309.76
1733521106, 47, 76, 80, 1, 0, 0.06%, 9, 0, 9, 297.28
1733521117, 47, 77, 80, 1, 0, 0.06%, 9, 0, 9, 374.78
1733521122, 47, 78, 80, 1, 0, 0.06%, 9, 0, 9, 305.71
1733521142, 47, 79, 80, 1, 0, 0.06%, 9, 0, 9, 371.89
1733521167, 48, 12, 80, 1, 0, 0.06%, 9, 0, 9, 323.11
1733521172, 48, 16, 80, 1, 0, 0.06%, 9, 0, 9, 296.89
1733521177, 48, 18, 80, 1, 0, 0.06%, 9, 0, 9, 314.99
1733521183, 48, 21, 80, 1, 0, 0.06%, 9, 0, 9, 297.05
1733521188, 48, 22, 80, 1, 0, 0.06%, 9, 0, 9, 333.74
1733521193, 48, 23, 80, 1, 0, 0.06%, 9, 0, 9, 334.41
1733521198, 48, 24, 80, 1, 0, 0.06%, 9, 0, 9, 319.26
1733521203, 48, 25, 80, 1, 0, 0.06%, 9, 0, 9, 314.81
1733521208, 48, 27, 80, 1, 0, 0.06%, 9, 0, 9, 312.44
1733521213, 48, 29, 80, 1, 0, 0.06%, 9, 0, 9, 293.11
1733521218, 48, 30, 80, 1, 0, 0.06%, 9, 0, 9, 291.43
1733521223, 48, 32, 80, 1, 0, 0.06%, 9, 0, 9, 346.26
1733521228, 48, 34, 80, 1, 0, 0.06%, 9, 0, 9, 308.06
1733521233, 48, 35, 80, 1, 0, 0.06%, 9, 0, 9, 286.07
1733521238, 48, 36, 80, 1, 0, 0.06%, 9, 0, 9, 295.40
1733521244, 48, 37, 80, 1, 0, 0.06%, 9, 0, 9, 342.76
1733521249, 48, 38, 80, 1, 0, 0.06%, 9, 0, 9, 338.79
1733521254, 48, 39, 80, 1, 0, 0.06%, 9, 0, 9, 386.35
1733521264, 48, 40, 80, 1, 0, 0.06%, 9, 0, 9, 334.13
1733521269, 48, 42, 80, 1, 0, 0.06%, 9, 0, 9, 325.28
1733521279, 48, 44, 80, 1, 0, 0.06%, 9, 0, 9, 359.43
1733521284, 48, 45, 80, 1, 0, 0.06%, 9, 0, 9, 363.56
1733521289, 48, 46, 80, 1, 0, 0.06%, 9, 0, 9, 379.82
1733521294, 48, 47, 80, 1, 0, 0.06%, 9, 0, 9, 333.41
1733521304, 48, 48, 80, 1, 0, 0.06%, 9, 0, 9, 355.12
1733521310, 48, 49, 80, 1, 0, 0.06%, 9, 0, 9, 341.45
1733521320, 48, 50, 80, 1, 0, 0.06%, 9, 0, 9, 341.55
1733521325, 48, 51, 80, 1, 0, 0.06%, 9, 0, 9, 310.72
1733521335, 48, 52, 80, 1, 0, 0.06%, 9, 0, 9, 355.61
1733521350, 48, 53, 80, 1, 0, 0.06%, 9, 0, 9, 328.32
1733521355, 48, 54, 80, 1, 0, 0.06%, 9, 0, 9, 346.85
1733521360, 48, 55, 80, 1, 0, 0.06%, 9, 0, 9, 343.32
1733521365, 48, 57, 80, 1, 0, 0.06%, 9, 0, 9, 327.18
1733521370, 48, 58, 80, 1, 0, 0.06%, 9, 0, 9, 323.48
1733521375, 48, 59, 80, 1, 0, 0.06%, 9, 0, 9, 339.01
1733521385, 48, 60, 80, 1, 0, 0.06%, 9, 0, 9, 354.61
1733521391, 48, 61, 80, 1, 0, 0.06%, 9, 0, 9, 374.17
1733521396, 48, 62, 80, 1, 0, 0.06%, 9, 0, 9, 335.27
1733521401, 48, 63, 80, 1, 0, 0.06%, 9, 0, 9, 346.27
1733521406, 48, 64, 80, 1, 0, 0.06%, 9, 0, 9, 306.21
1733521411, 48, 65, 80, 1, 0, 0.06%, 9, 0, 9, 332.22
1733521416, 48, 66, 80, 1, 0, 0.06%, 9, 0, 9, 360.25
1733521426, 48, 67, 80, 1, 0, 0.06%, 9, 0, 9, 370.52
1733521431, 48, 68, 80, 1, 0, 0.06%, 9, 0, 9, 320.83
1733521441, 48, 69, 80, 1, 0, 0.06%, 9, 0, 9, 308.63
1733521452, 48, 70, 80, 1, 0, 0.06%, 9, 0, 9, 386.64
1733521457, 48, 71, 80, 1, 0, 0.06%, 9, 0, 9, 330.80
1733521467, 48, 72, 80, 1, 0, 0.06%, 9, 0, 9, 321.92
1733521477, 48, 73, 80, 1, 0, 0.06%, 9, 0, 9, 328.06
1733521487, 48, 74, 80, 1, 0, 0.06%, 9, 0, 9, 305.68
1733521497, 48, 75, 80, 1, 0, 0.06%, 9, 0, 9, 352.31
1733521507, 48, 76, 80, 1, 0, 0.06%, 9, 0, 9, 388.85
1733521512, 48, 77, 80, 1, 0, 0.06%, 9, 0, 9, 340.97
1733521523, 48, 78, 80, 1, 0, 0.06%, 9, 0, 9, 409.87
1733521538, 48, 79, 80, 1, 0, 0.06%, 9, 0, 9, 300.52
1733521568, 49, 16, 80, 1, 0, 0.06%, 9, 0, 9, 289.57
1733521574, 49, 18, 80, 1, 0, 0.06%, 9, 0, 9, 281.94
1733521579, 49, 20, 80, 1, 0, 0.06%, 9, 0, 9, 299.60
1733521584, 49, 21, 80, 1, 0, 0.06%, 9, 0, 9, 336.62
1733521589, 49, 22, 80, 1, 0, 0.06%, 9, 0, 9, 323.11
1733521594, 49, 23, 80, 1, 0, 0.06%, 9, 0, 9, 323.86
1733521599, 49, 24, 80, 1, 0, 0.06%, 9, 0, 9, 311.68
1733521604, 49, 25, 80, 1, 0, 0.06%, 9, 0, 9, 312.95
1733521609, 49, 27, 80, 1, 0, 0.06%, 9, 0, 9, 329.47
1733521614, 49, 29, 80, 1, 0, 0.06%, 9, 0, 9, 293.94
1733521620, 49, 30, 80, 1, 0, 0.06%, 9, 0, 9, 325.26
1733521625, 49, 32, 80, 1, 0, 0.06%, 9, 0, 9, 332.01
1733521630, 49, 34, 80, 1, 0, 0.06%, 9, 0, 9, 290.36
1733521635, 49, 35, 80, 1, 0, 0.06%, 9, 0, 9, 276.57
1733521640, 49, 36, 80, 1, 0, 0.06%, 9, 0, 9, 292.73
1733521645, 49, 37, 80, 1, 0, 0.06%, 9, 0, 9, 340.25
1733521650, 49, 38, 80, 1, 0, 0.06%, 9, 0, 9, 327.25
1733521655, 49, 39, 80, 1, 0, 0.06%, 9, 0, 9, 382.86
1733521671, 49, 42, 80, 1, 0, 0.06%, 9, 0, 9, 339.96
1733521681, 49, 43, 80, 1, 0, 0.06%, 9, 0, 9, 308.24
1733521686, 49, 45, 80, 1, 0, 0.06%, 9, 0, 9, 309.22
1733521691, 49, 46, 80, 1, 0, 0.06%, 9, 0, 9, 355.96
1733521701, 49, 47, 80, 1, 0, 0.06%, 9, 0, 9, 331.43
1733521706, 49, 48, 80, 1, 0, 0.06%, 9, 0, 9, 332.07
1733521716, 49, 49, 80, 1, 0, 0.06%, 9, 0, 9, 323.12
1733521721, 49, 50, 80, 1, 0, 0.06%, 9, 0, 9, 327.93
1733521731, 49, 51, 80, 1, 0, 0.06%, 9, 0, 9, 367.78
1733521737, 49, 52, 80, 1, 0, 0.06%, 9, 0, 9, 342.19
1733521747, 49, 54, 80, 1, 0, 0.06%, 9, 0, 9, 351.56
1733521752, 49, 55, 80, 1, 0, 0.06%, 9, 0, 9, 326.58
1733521757, 49, 56, 80, 1, 0, 0.06%, 9, 0, 9, 378.18
1733521762, 49, 57, 80, 1, 0, 0.06%, 9, 0, 9, 321.90
1733521767, 49, 58, 80, 1, 0, 0.06%, 9, 0, 9, 357.89
1733521772, 49, 59, 80, 1, 0, 0.06%, 9, 0, 9, 343.57
1733521777, 49, 60, 80, 1, 0, 0.06%, 9, 0, 9, 363.46
1733521782, 49, 61, 80, 1, 0, 0.06%, 9, 0, 9, 316.14
1733521792, 49, 62, 80, 1, 0, 0.06%, 9, 0, 9, 359.83
1733521797, 49, 63, 80, 1, 0, 0.06%, 9, 0, 9, 359.00
1733521803, 49, 64, 80, 1, 0, 0.06%, 9, 0, 9, 357.15
1733521808, 49, 65, 80, 1, 0, 0.06%, 9, 0, 9, 373.41
1733521813, 49, 66, 80, 1, 0, 0.06%, 9, 0, 9, 326.87
1733521818, 49, 67, 80, 1, 0, 0.06%, 9, 0, 9, 333.84
1733521828, 49, 68, 80, 1, 0, 0.06%, 9, 0, 9, 384.04
1733521833, 49, 69, 80, 1, 0, 0.06%, 9, 0, 9, 391.76
1733521843, 49, 70, 80, 1, 0, 0.06%, 9, 0, 9, 326.32
1733521853, 49, 71, 80, 1, 0, 0.06%, 9, 0, 9, 305.34
1733521863, 49, 72, 80, 1, 0, 0.06%, 9, 0, 9, 355.93
1733521868, 49, 73, 80, 1, 0, 0.06%, 9, 0, 9, 348.06
1733521874, 49, 74, 80, 1, 0, 0.06%, 9, 0, 9, 362.49
1733521879, 49, 75, 80, 1, 0, 0.06%, 9, 0, 9, 356.97
1733521884, 49, 76, 80, 1, 0, 0.06%, 9, 0, 9, 339.66
1733521894, 49, 77, 80, 1, 0, 0.06%, 9, 0, 9, 357.87
1733521899, 49, 78, 80, 1, 0, 0.06%, 9, 0, 9, 395.59
1733521919, 49, 79, 80, 1, 0, 0.06%, 9, 0, 9, 398.21
1733521944, 50, 16, 80, 1, 0, 0.06%, 9, 0, 9, 292.06
1733521949, 50, 18, 80, 1, 0, 0.06%, 9, 0, 9, 298.80
1733521955, 50, 20, 80, 1, 0, 0.06%, 9, 0, 9, 295.99
1733521960, 50, 21, 80, 1, 0, 0.06%, 9, 0, 9, 341.46
1733521965, 50, 22, 80, 1, 0, 0.06%, 9, 0, 9, 328.57
1733521970, 50, 23, 80, 1, 0, 0.06%, 9, 0, 9, 324.78
1733521975, 50, 24, 80, 1, 0, 0.06%, 9, 0, 9, 311.24
1733521980, 50, 25, 80, 1, 0, 0.06%, 9, 0, 9, 305.71
1733521985, 50, 27, 80, 1, 0, 0.06%, 9, 0, 9, 313.06
1733521990, 50, 29, 80, 1, 0, 0.06%, 9, 0, 9, 305.40
1733521995, 50, 30, 80, 1, 0, 0.06%, 9, 0, 9, 352.80
1733522000, 50, 32, 80, 1, 0, 0.06%, 9, 0, 9, 351.52
1733522005, 50, 34, 80, 1, 0, 0.06%, 9, 0, 9, 305.38
1733522010, 50, 35, 80, 1, 0, 0.06%, 9, 0, 9, 275.88
1733522016, 50, 36, 80, 1, 0, 0.06%, 9, 0, 9, 286.67
1733522021, 50, 37, 80, 1, 0, 0.06%, 9, 0, 9, 330.20
1733522026, 50, 38, 80, 1, 0, 0.06%, 9, 0, 9, 318.23
1733522031, 50, 39, 80, 1, 0, 0.06%, 9, 0, 9, 386.08
1733522041, 50, 40, 80, 1, 0, 0.06%, 9, 0, 9, 364.83
1733522046, 50, 42, 80, 1, 0, 0.06%, 9, 0, 9, 326.35
1733522056, 50, 43, 80, 1, 0, 0.06%, 9, 0, 9, 319.15
1733522061, 50, 45, 80, 1, 0, 0.06%, 9, 0, 9, 331.91
1733522066, 50, 46, 80, 1, 0, 0.06%, 9, 0, 9, 339.95
1733522076, 50, 47, 80, 1, 0, 0.06%, 9, 0, 9, 329.49
1733522081, 50, 48, 80, 1, 0, 0.06%, 9, 0, 9, 371.39
1733522087, 50, 49, 80, 1, 0, 0.06%, 9, 0, 9, 313.11
1733522097, 50, 50, 80, 1, 0, 0.06%, 9, 0, 9, 361.42
1733522102, 50, 51, 80, 1, 0, 0.06%, 9, 0, 9, 300.23
1733522112, 50, 52, 80, 1, 0, 0.06%, 9, 0, 9, 359.07
1733522117, 50, 53, 80, 1, 0, 0.06%, 9, 0, 9, 339.98
1733522122, 50, 54, 80, 1, 0, 0.06%, 9, 0, 9, 345.29
1733522127, 50, 55, 80, 1, 0, 0.06%, 9, 0, 9, 347.35
1733522132, 50, 56, 80, 1, 0, 0.06%, 9, 0, 9, 382.03
1733522137, 50, 57, 80, 1, 0, 0.06%, 9, 0, 9, 316.31
1733522142, 50, 58, 80, 1, 0, 0.06%, 9, 0, 9, 367.51
1733522147, 50, 59, 80, 1, 0, 0.06%, 9, 0, 9, 360.93
1733522152, 50, 60, 80, 1, 0, 0.06%, 9, 0, 9, 349.92
1733522157, 50, 61, 80, 1, 0, 0.06%, 9, 0, 9, 315.30
1733522168, 50, 62, 80, 1, 0, 0.06%, 9, 0, 9, 356.03
1733522173, 50, 63, 80, 1, 0, 0.06%, 9, 0, 9, 359.29
1733522178, 50, 64, 80, 1, 0, 0.06%, 9, 0, 9, 357.57
1733522183, 50, 65, 80, 1, 0, 0.06%, 9, 0, 9, 341.24
1733522188, 50, 66, 80, 1, 0, 0.06%, 9, 0, 9, 305.78
1733522193, 50, 67, 80, 1, 0, 0.06%, 9, 0, 9, 348.75
1733522203, 50, 68, 80, 1, 0, 0.06%, 9, 0, 9, 383.86
1733522213, 50, 69, 80, 1, 0, 0.06%, 9, 0, 9, 377.17
1733522224, 50, 70, 80, 1, 0, 0.06%, 9, 0, 9, 377.55
1733522229, 50, 71, 80, 1, 0, 0.06%, 9, 0, 9, 374.17
1733522239, 50, 72, 80, 1, 0, 0.06%, 9, 0, 9, 321.26
1733522244, 50, 73, 80, 1, 0, 0.06%, 9, 0, 9, 320.38
1733522249, 50, 74, 80, 1, 0, 0.06%, 9, 0, 9, 314.64
1733522254, 50, 75, 80, 1, 0, 0.06%, 9, 0, 9, 330.06
1733522259, 50, 76, 80, 1, 0, 0.06%, 9, 0, 9, 328.37
1733522269, 50, 77, 80, 1, 0, 0.06%, 9, 0, 9, 373.87
1733522279, 50, 78, 80, 1, 0, 0.06%, 9, 0, 9, 444.57
1733522294, 50, 79, 80, 1, 0, 0.06%, 9, 0, 9, 412.33
1733522320, 51, 16, 80, 1, 0, 0.06%, 9, 0, 9, 289.70
1733522325, 51, 18, 80, 1, 0, 0.06%, 9, 0, 9, 282.34
1733522330, 51, 20, 80, 1, 0, 0.06%, 9, 0, 9, 304.20
1733522335, 51, 21, 80, 1, 0, 0.06%, 9, 0, 9, 325.79
1733522340, 51, 22, 80, 1, 0, 0.06%, 9, 0, 9, 312.77
1733522345, 51, 23, 80, 1, 0, 0.06%, 9, 0, 9, 320.88
1733522350, 51, 25, 80, 1, 0, 0.06%, 9, 0, 9, 328.00
1733522355, 51, 26, 80, 1, 0, 0.06%, 9, 0, 9, 329.97
1733522360, 51, 27, 80, 1, 0, 0.06%, 9, 0, 9, 324.15
1733522365, 51, 29, 80, 1, 0, 0.06%, 9, 0, 9, 294.79
1733522370, 51, 30, 80, 1, 0, 0.06%, 9, 0, 9, 326.18
1733522376, 51, 32, 80, 1, 0, 0.06%, 9, 0, 9, 335.65
1733522381, 51, 34, 80, 1, 0, 0.06%, 9, 0, 9, 295.09
1733522386, 51, 35, 80, 1, 0, 0.06%, 9, 0, 9, 277.40
1733522391, 51, 36, 80, 1, 0, 0.06%, 9, 0, 9, 278.74
1733522396, 51, 37, 80, 1, 0, 0.06%, 9, 0, 9, 313.15
1733522401, 51, 38, 80, 1, 0, 0.06%, 9, 0, 9, 325.84
1733522406, 51, 39, 80, 1, 0, 0.06%, 9, 0, 9, 378.16
1733522416, 51, 40, 80, 1, 0, 0.06%, 9, 0, 9, 358.30
1733522421, 51, 42, 80, 1, 0, 0.06%, 9, 0, 9, 318.60
1733522431, 51, 43, 80, 1, 0, 0.06%, 9, 0, 9, 343.14
1733522436, 51, 45, 80, 1, 0, 0.06%, 9, 0, 9, 351.06
1733522441, 51, 46, 80, 1, 0, 0.06%, 9, 0, 9, 334.81
1733522451, 51, 47, 80, 1, 0, 0.06%, 9, 0, 9, 356.98
1733522456, 51, 48, 80, 1, 0, 0.06%, 9, 0, 9, 329.62
1733522466, 51, 49, 80, 1, 0, 0.06%, 9, 0, 9, 358.57
1733522472, 51, 50, 80, 1, 0, 0.06%, 9, 0, 9, 372.96
1733522477, 51, 51, 80, 1, 0, 0.06%, 9, 0, 9, 351.40
1733522487, 51, 52, 80, 1, 0, 0.06%, 9, 0, 9, 320.78
1733522497, 51, 53, 80, 1, 0, 0.06%, 9, 0, 9, 350.56
1733522502, 51, 55, 80, 1, 0, 0.06%, 9, 0, 9, 364.11
1733522513, 51, 57, 80, 1, 0, 0.06%, 9, 0, 9, 316.72
1733522518, 51, 58, 80, 1, 0, 0.06%, 9, 0, 9, 318.93
1733522523, 51, 59, 80, 1, 0, 0.06%, 9, 0, 9, 319.06
1733522528, 51, 60, 80, 1, 0, 0.06%, 9, 0, 9, 338.83
1733522533, 51, 61, 80, 1, 0, 0.06%, 9, 0, 9, 369.96
1733522543, 51, 62, 80, 1, 0, 0.06%, 9, 0, 9, 380.86
1733522548, 51, 63, 80, 1, 0, 0.06%, 9, 0, 9, 384.18
1733522553, 51, 64, 80, 1, 0, 0.06%, 9, 0, 9, 371.15
1733522558, 51, 65, 80, 1, 0, 0.06%, 9, 0, 9, 368.52
1733522563, 51, 66, 80, 1, 0, 0.06%, 9, 0, 9, 308.05
1733522568, 51, 67, 80, 1, 0, 0.06%, 9, 0, 9, 343.72
1733522578, 51, 68, 80, 1, 0, 0.06%, 9, 0, 9, 390.34
1733522583, 51, 69, 80, 1, 0, 0.06%, 9, 0, 9, 348.77
1733522594, 51, 70, 80, 1, 0, 0.06%, 9, 0, 9, 337.17
1733522604, 51, 71, 80, 1, 0, 0.06%, 9, 0, 9, 337.24
1733522614, 51, 72, 80, 1, 0, 0.06%, 9, 0, 9, 352.71
1733522619, 51, 73, 80, 1, 0, 0.06%, 9, 0, 9, 344.60
1733522624, 51, 74, 80, 1, 0, 0.06%, 9, 0, 9, 341.77
1733522629, 51, 75, 80, 1, 0, 0.06%, 9, 0, 9, 305.66
1733522634, 51, 76, 80, 1, 0, 0.06%, 9, 0, 9, 329.10
1733522644, 51, 77, 80, 1, 0, 0.06%, 9, 0, 9, 391.00
1733522654, 51, 78, 80, 1, 0, 0.06%, 9, 0, 9, 450.53
1733522670, 51, 79, 80, 1, 0, 0.06%, 9, 0, 9, 331.04
1733522695, 52, 12, 80, 1, 0, 0.06%, 9, 0, 9, 302.75
1733522700, 52, 16, 80, 1, 0, 0.06%, 9, 0, 9, 288.12
1733522706, 52, 18, 80, 1, 0, 0.06%, 9, 0, 9, 284.42
1733522711, 52, 20, 80, 1, 0, 0.06%, 9, 0, 9, 287.86
1733522716, 52, 22, 80, 1, 0, 0.06%, 9, 0, 9, 310.35
1733522721, 52, 23, 80, 1, 0, 0.06%, 9, 0, 9, 315.98
1733522726, 52, 24, 80, 1, 0, 0.06%, 9, 0, 9, 334.86
1733522731, 52, 25, 80, 1, 0, 0.06%, 9, 0, 9, 346.48
1733522736, 52, 26, 80, 1, 0, 0.06%, 9, 0, 9, 329.31
1733522741, 52, 27, 80, 1, 0, 0.06%, 9, 0, 9, 321.37
1733522746, 52, 29, 80, 1, 0, 0.06%, 9, 0, 9, 297.14
1733522751, 52, 30, 80, 1, 0, 0.06%, 9, 0, 9, 324.09
1733522756, 52, 32, 80, 1, 0, 0.06%, 9, 0, 9, 325.00
1733522761, 52, 34, 80, 1, 0, 0.06%, 9, 0, 9, 293.58
1733522766, 52, 35, 80, 1, 0, 0.06%, 9, 0, 9, 277.86
1733522771, 52, 36, 80, 1, 0, 0.06%, 9, 0, 9, 280.81
1733522777, 52, 37, 80, 1, 0, 0.06%, 9, 0, 9, 314.08
1733522782, 52, 38, 80, 1, 0, 0.06%, 9, 0, 9, 315.53
1733522787, 52, 39, 80, 1, 0, 0.06%, 9, 0, 9, 304.48
1733522797, 52, 40, 80, 1, 0, 0.06%, 9, 0, 9, 335.47
1733522802, 52, 42, 80, 1, 0, 0.06%, 9, 0, 9, 359.24
1733522807, 52, 43, 80, 1, 0, 0.06%, 9, 0, 9, 345.33
1733522812, 52, 44, 80, 1, 0, 0.06%, 9, 0, 9, 333.17
1733522817, 52, 46, 80, 1, 0, 0.06%, 9, 0, 9, 334.85
1733522827, 52, 47, 80, 1, 0, 0.06%, 9, 0, 9, 361.59
1733522832, 52, 48, 80, 1, 0, 0.06%, 9, 0, 9, 371.22
1733522838, 52, 49, 80, 1, 0, 0.06%, 9, 0, 9, 314.91
1733522848, 52, 50, 80, 1, 0, 0.06%, 9, 0, 9, 364.82
1733522853, 52, 51, 80, 1, 0, 0.06%, 9, 0, 9, 320.66
1733522863, 52, 52, 80, 1, 0, 0.06%, 9, 0, 9, 363.85
1733522868, 52, 53, 80, 1, 0, 0.06%, 9, 0, 9, 386.25
1733522873, 52, 54, 80, 1, 0, 0.06%, 9, 0, 9, 359.89
1733522878, 52, 55, 80, 1, 0, 0.06%, 9, 0, 9, 352.12
1733522883, 52, 56, 80, 1, 0, 0.06%, 9, 0, 9, 368.54
1733522888, 52, 57, 80, 1, 0, 0.06%, 9, 0, 9, 313.84
1733522893, 52, 58, 80, 1, 0, 0.06%, 9, 0, 9, 349.83
1733522898, 52, 59, 80, 1, 0, 0.06%, 9, 0, 9, 371.44
1733522903, 52, 60, 80, 1, 0, 0.06%, 9, 0, 9, 367.14
1733522908, 52, 61, 80, 1, 0, 0.06%, 9, 0, 9, 382.90
1733522919, 52, 62, 80, 1, 0, 0.06%, 9, 0, 9, 343.54
1733522924, 52, 63, 80, 1, 0, 0.06%, 9, 0, 9, 366.30
1733522929, 52, 64, 80, 1, 0, 0.06%, 9, 0, 9, 355.72
1733522934, 52, 65, 80, 1, 0, 0.06%, 9, 0, 9, 362.42
1733522939, 52, 66, 80, 1, 0, 0.06%, 9, 0, 9, 370.70
1733522944, 52, 67, 80, 1, 0, 0.06%, 9, 0, 9, 380.28
1733522954, 52, 68, 80, 1, 0, 0.06%, 9, 0, 9, 338.91
1733522959, 52, 69, 80, 1, 0, 0.06%, 9, 0, 9, 325.27
1733522969, 52, 70, 80, 1, 0, 0.06%, 9, 0, 9, 308.07
1733522980, 52, 71, 80, 1, 0, 0.06%, 9, 0, 9, 302.06
1733522990, 52, 72, 80, 1, 0, 0.06%, 9, 0, 9, 356.86
1733522995, 52, 73, 80, 1, 0, 0.06%, 9, 0, 9, 343.00
1733523000, 52, 74, 80, 1, 0, 0.06%, 9, 0, 9, 331.60
1733523005, 52, 75, 80, 1, 0, 0.06%, 9, 0, 9, 324.12
1733523010, 52, 76, 80, 1, 0, 0.06%, 9, 0, 9, 321.18
1733523020, 52, 77, 80, 1, 0, 0.06%, 9, 0, 9, 377.42
1733523025, 52, 78, 80, 1, 0, 0.06%, 9, 0, 9, 370.58
1733523045, 52, 79, 80, 1, 0, 0.06%, 9, 0, 9, 421.69
1733523066, 53, 12, 80, 1, 0, 0.06%, 9, 0, 9, 372.62
1733523071, 53, 16, 80, 1, 0, 0.06%, 9, 0, 9, 303.35
1733523076, 53, 18, 80, 1, 0, 0.06%, 9, 0, 9, 295.17
1733523081, 53, 20, 80, 1, 0, 0.06%, 9, 0, 9, 290.24
1733523086, 53, 22, 80, 1, 0, 0.06%, 9, 0, 9, 312.60
1733523091, 53, 23, 80, 1, 0, 0.06%, 9, 0, 9, 326.61
1733523096, 53, 24, 80, 1, 0, 0.06%, 9, 0, 9, 343.34
1733523101, 53, 25, 80, 1, 0, 0.06%, 9, 0, 9, 329.06
1733523106, 53, 26, 80, 1, 0, 0.06%, 9, 0, 9, 319.62
1733523111, 53, 27, 80, 1, 0, 0.06%, 9, 0, 9, 319.02
1733523116, 53, 29, 80, 1, 0, 0.06%, 9, 0, 9, 289.04
1733523122, 53, 32, 80, 1, 0, 0.06%, 9, 0, 9, 321.17
1733523127, 53, 34, 80, 1, 0, 0.06%, 9, 0, 9, 307.78
1733523132, 53, 35, 80, 1, 0, 0.06%, 9, 0, 9, 304.43
1733523137, 53, 36, 80, 1, 0, 0.06%, 9, 0, 9, 279.11
1733523142, 53, 37, 80, 1, 0, 0.06%, 9, 0, 9, 284.74
1733523147, 53, 38, 80, 1, 0, 0.06%, 9, 0, 9, 329.65
1733523157, 53, 39, 80, 1, 0, 0.06%, 9, 0, 9, 275.17
1733523167, 53, 40, 80, 1, 0, 0.06%, 9, 0, 9, 341.47
1733523172, 53, 42, 80, 1, 0, 0.06%, 9, 0, 9, 365.30
1733523177, 53, 43, 80, 1, 0, 0.06%, 9, 0, 9, 351.74
1733523182, 53, 44, 80, 1, 0, 0.06%, 9, 0, 9, 346.62
1733523187, 53, 45, 80, 1, 0, 0.06%, 9, 0, 9, 335.68
1733523192, 53, 46, 80, 1, 0, 0.06%, 9, 0, 9, 345.75
1733523197, 53, 47, 80, 1, 0, 0.06%, 9, 0, 9, 349.42
1733523207, 53, 48, 80, 1, 0, 0.06%, 9, 0, 9, 321.31
1733523213, 53, 49, 80, 1, 0, 0.06%, 9, 0, 9, 336.35
1733523223, 53, 50, 80, 1, 0, 0.06%, 9, 0, 9, 338.97
1733523228, 53, 51, 80, 1, 0, 0.06%, 9, 0, 9, 337.68
1733523238, 53, 52, 80, 1, 0, 0.06%, 9, 0, 9, 372.02
1733523243, 53, 53, 80, 1, 0, 0.06%, 9, 0, 9, 373.00
1733523248, 53, 54, 80, 1, 0, 0.06%, 9, 0, 9, 370.80
1733523253, 53, 55, 80, 1, 0, 0.06%, 9, 0, 9, 366.86
1733523258, 53, 56, 80, 1, 0, 0.06%, 9, 0, 9, 364.28
1733523263, 53, 57, 80, 1, 0, 0.06%, 9, 0, 9, 313.38
1733523268, 53, 58, 80, 1, 0, 0.06%, 9, 0, 9, 350.10
1733523273, 53, 59, 80, 1, 0, 0.06%, 9, 0, 9, 365.28
1733523278, 53, 60, 80, 1, 0, 0.06%, 9, 0, 9, 368.56
1733523284, 53, 61, 80, 1, 0, 0.06%, 9, 0, 9, 367.17
1733523294, 53, 62, 80, 1, 0, 0.06%, 9, 0, 9, 332.66
1733523299, 53, 63, 80, 1, 0, 0.06%, 9, 0, 9, 342.72
1733523304, 53, 64, 80, 1, 0, 0.06%, 9, 0, 9, 353.50
1733523309, 53, 65, 80, 1, 0, 0.06%, 9, 0, 9, 336.81
1733523314, 53, 66, 80, 1, 0, 0.06%, 9, 0, 9, 351.72
1733523319, 53, 67, 80, 1, 0, 0.06%, 9, 0, 9, 309.71
1733523329, 53, 68, 80, 1, 0, 0.06%, 9, 0, 9, 386.95
1733523334, 53, 69, 80, 1, 0, 0.06%, 9, 0, 9, 395.51
1733523345, 53, 70, 80, 1, 0, 0.06%, 9, 0, 9, 331.26
1733523355, 53, 71, 80, 1, 0, 0.06%, 9, 0, 9, 288.55
1733523365, 53, 72, 80, 1, 0, 0.06%, 9, 0, 9, 339.27
1733523370, 53, 73, 80, 1, 0, 0.06%, 9, 0, 9, 345.56
1733523375, 53, 74, 80, 1, 0, 0.06%, 9, 0, 9, 354.52
1733523380, 53, 75, 80, 1, 0, 0.06%, 9, 0, 9, 351.67
1733523385, 53, 76, 80, 1, 0, 0.06%, 9, 0, 9, 384.88
1733523390, 53, 77, 80, 1, 0, 0.06%, 9, 0, 9, 324.98
1733523400, 53, 78, 80, 1, 0, 0.06%, 9, 0, 9, 416.88
1733523421, 53, 79, 80, 1, 0, 0.06%, 9, 0, 9, 434.24
1733523441, 54, 12, 80, 1, 0, 0.06%, 9, 0, 9, 340.16
1733523446, 54, 16, 80, 1, 0, 0.06%, 9, 0, 9, 289.22
1733523451, 54, 18, 80, 1, 0, 0.06%, 9, 0, 9, 293.77
1733523456, 54, 20, 80, 1, 0, 0.06%, 9, 0, 9, 304.73
1733523461, 54, 21, 80, 1, 0, 0.06%, 9, 0, 9, 331.54
1733523467, 54, 23, 80, 1, 0, 0.06%, 9, 0, 9, 320.44
1733523472, 54, 24, 80, 1, 0, 0.06%, 9, 0, 9, 350.04
1733523477, 54, 25, 80, 1, 0, 0.06%, 9, 0, 9, 341.80
1733523482, 54, 26, 80, 1, 0, 0.06%, 9, 0, 9, 339.08
1733523487, 54, 27, 80, 1, 0, 0.06%, 9, 0, 9, 307.09
1733523492, 54, 29, 80, 1, 0, 0.06%, 9, 0, 9, 291.27
1733523497, 54, 30, 80, 1, 0, 0.06%, 9, 0, 9, 309.28
1733523502, 54, 32, 80, 1, 0, 0.06%, 9, 0, 9, 312.93
1733523507, 54, 34, 80, 1, 0, 0.06%, 9, 0, 9, 303.67
1733523512, 54, 35, 80, 1, 0, 0.06%, 9, 0, 9, 274.46
1733523517, 54, 36, 80, 1, 0, 0.06%, 9, 0, 9, 281.14
1733523523, 54, 38, 80, 1, 0, 0.06%, 9, 0, 9, 334.10
1733523533, 54, 39, 80, 1, 0, 0.06%, 9, 0, 9, 284.38
1733523543, 54, 40, 80, 1, 0, 0.06%, 9, 0, 9, 330.57
1733523548, 54, 42, 80, 1, 0, 0.06%, 9, 0, 9, 369.71
1733523553, 54, 43, 80, 1, 0, 0.06%, 9, 0, 9, 360.50
1733523558, 54, 44, 80, 1, 0, 0.06%, 9, 0, 9, 345.10
1733523563, 54, 45, 80, 1, 0, 0.06%, 9, 0, 9, 318.83
1733523568, 54, 46, 80, 1, 0, 0.06%, 9, 0, 9, 346.41
1733523573, 54, 47, 80, 1, 0, 0.06%, 9, 0, 9, 335.70
1733523583, 54, 48, 80, 1, 0, 0.06%, 9, 0, 9, 340.03
1733523588, 54, 49, 80, 1, 0, 0.06%, 9, 0, 9, 355.36
1733523594, 54, 50, 80, 1, 0, 0.06%, 9, 0, 9, 306.58
1733523604, 54, 51, 80, 1, 0, 0.06%, 9, 0, 9, 348.33
1733523614, 54, 52, 80, 1, 0, 0.06%, 9, 0, 9, 352.78
1733523619, 54, 53, 80, 1, 0, 0.06%, 9, 0, 9, 351.77
1733523624, 54, 54, 80, 1, 0, 0.06%, 9, 0, 9, 354.40
1733523629, 54, 55, 80, 1, 0, 0.06%, 9, 0, 9, 375.64
1733523634, 54, 56, 80, 1, 0, 0.06%, 9, 0, 9, 356.70
1733523639, 54, 57, 80, 1, 0, 0.06%, 9, 0, 9, 307.02
1733523644, 54, 58, 80, 1, 0, 0.06%, 9, 0, 9, 330.89
1733523649, 54, 59, 80, 1, 0, 0.06%, 9, 0, 9, 360.89
1733523654, 54, 60, 80, 1, 0, 0.06%, 9, 0, 9, 365.64
1733523659, 54, 61, 80, 1, 0, 0.06%, 9, 0, 9, 399.60
1733523664, 54, 62, 80, 1, 0, 0.06%, 9, 0, 9, 360.50
1733523675, 54, 63, 80, 1, 0, 0.06%, 9, 0, 9, 337.06
1733523680, 54, 64, 80, 1, 0, 0.06%, 9, 0, 9, 328.54
1733523685, 54, 65, 80, 1, 0, 0.06%, 9, 0, 9, 350.81
1733523690, 54, 66, 80, 1, 0, 0.06%, 9, 0, 9, 358.15
1733523695, 54, 67, 80, 1, 0, 0.06%, 9, 0, 9, 376.46
1733523705, 54, 68, 80, 1, 0, 0.06%, 9, 0, 9, 346.70
1733523710, 54, 69, 80, 1, 0, 0.06%, 9, 0, 9, 330.53
1733523720, 54, 70, 80, 1, 0, 0.06%, 9, 0, 9, 354.99
1733523731, 54, 71, 80, 1, 0, 0.06%, 9, 0, 9, 275.32
1733523741, 54, 72, 80, 1, 0, 0.06%, 9, 0, 9, 328.64
1733523746, 54, 73, 80, 1, 0, 0.06%, 9, 0, 9, 345.44
1733523751, 54, 74, 80, 1, 0, 0.06%, 9, 0, 9, 355.92
1733523756, 54, 75, 80, 1, 0, 0.06%, 9, 0, 9, 368.81
1733523761, 54, 76, 80, 1, 0, 0.06%, 9, 0, 9, 359.04
1733523771, 54, 77, 80, 1, 0, 0.06%, 9, 0, 9, 360.67
1733523776, 54, 78, 80, 1, 0, 0.06%, 9, 0, 9, 401.91
1733523791, 54, 79, 80, 1, 0, 0.06%, 9, 0, 9, 303.78
1733523822, 55, 16, 80, 1, 0, 0.06%, 9, 0, 9, 288.60
1733523827, 55, 18, 80, 1, 0, 0.06%, 9, 0, 9, 286.58
1733523832, 55, 20, 80, 1, 0, 0.06%, 9, 0, 9, 285.58
1733523837, 55, 21, 80, 1, 0, 0.06%, 9, 0, 9, 327.22
1733523842, 55, 22, 80, 1, 0, 0.06%, 9, 0, 9, 296.81
1733523848, 55, 23, 80, 1, 0, 0.06%, 9, 0, 9, 296.17
1733523853, 55, 25, 80, 1, 0, 0.06%, 9, 0, 9, 339.07
1733523858, 55, 26, 80, 1, 0, 0.06%, 9, 0, 9, 357.06
1733523863, 55, 27, 80, 1, 0, 0.06%, 9, 0, 9, 342.47
1733523868, 55, 29, 80, 1, 0, 0.06%, 9, 0, 9, 290.93
1733523873, 55, 30, 80, 1, 0, 0.06%, 9, 0, 9, 342.45
1733523878, 55, 32, 80, 1, 0, 0.06%, 9, 0, 9, 325.88
1733523883, 55, 34, 80, 1, 0, 0.06%, 9, 0, 9, 303.19
1733523888, 55, 35, 80, 1, 0, 0.06%, 9, 0, 9, 288.83
1733523893, 55, 36, 80, 1, 0, 0.06%, 9, 0, 9, 302.88
1733523898, 55, 37, 80, 1, 0, 0.06%, 9, 0, 9, 325.92
1733523903, 55, 38, 80, 1, 0, 0.06%, 9, 0, 9, 321.08
1733523908, 55, 39, 80, 1, 0, 0.06%, 9, 0, 9, 319.66
1733523919, 55, 40, 80, 1, 0, 0.06%, 9, 0, 9, 350.29
1733523924, 55, 42, 80, 1, 0, 0.06%, 9, 0, 9, 347.52
1733523929, 55, 43, 80, 1, 0, 0.06%, 9, 0, 9, 335.04
1733523934, 55, 44, 80, 1, 0, 0.06%, 9, 0, 9, 337.96
1733523939, 55, 45, 80, 1, 0, 0.06%, 9, 0, 9, 327.85
1733523944, 55, 46, 80, 1, 0, 0.06%, 9, 0, 9, 359.72
1733523949, 55, 47, 80, 1, 0, 0.06%, 9, 0, 9, 308.19
1733523959, 55, 48, 80, 1, 0, 0.06%, 9, 0, 9, 358.18
1733523964, 55, 49, 80, 1, 0, 0.06%, 9, 0, 9, 325.56
1733523975, 55, 50, 80, 1, 0, 0.06%, 9, 0, 9, 337.38
1733523980, 55, 51, 80, 1, 0, 0.06%, 9, 0, 9, 291.29
1733523990, 55, 52, 80, 1, 0, 0.06%, 9, 0, 9, 377.27
1733523995, 55, 53, 80, 1, 0, 0.06%, 9, 0, 9, 291.27
1733524000, 55, 54, 80, 1, 0, 0.06%, 9, 0, 9, 364.46
1733524005, 55, 55, 80, 1, 0, 0.06%, 9, 0, 9, 340.68
1733524010, 55, 56, 80, 1, 0, 0.06%, 9, 0, 9, 383.91
1733524015, 55, 57, 80, 1, 0, 0.06%, 9, 0, 9, 322.48
1733524021, 55, 58, 80, 1, 0, 0.06%, 9, 0, 9, 357.98
1733524026, 55, 59, 80, 1, 0, 0.06%, 9, 0, 9, 373.52
1733524031, 55, 60, 80, 1, 0, 0.06%, 9, 0, 9, 384.59
1733524036, 55, 61, 80, 1, 0, 0.06%, 9, 0, 9, 394.20
1733524041, 55, 62, 80, 1, 0, 0.06%, 9, 0, 9, 375.80
1733524051, 55, 63, 80, 1, 0, 0.06%, 9, 0, 9, 350.59
1733524056, 55, 64, 80, 1, 0, 0.06%, 9, 0, 9, 352.62
1733524061, 55, 65, 80, 1, 0, 0.06%, 9, 0, 9, 324.05
1733524066, 55, 66, 80, 1, 0, 0.06%, 9, 0, 9, 358.36
1733524071, 55, 67, 80, 1, 0, 0.06%, 9, 0, 9, 392.91
1733524076, 55, 68, 80, 1, 0, 0.06%, 9, 0, 9, 362.06
1733524087, 55, 69, 80, 1, 0, 0.06%, 9, 0, 9, 296.14
1733524097, 55, 70, 80, 1, 0, 0.06%, 9, 0, 9, 377.51
1733524107, 55, 71, 80, 1, 0, 0.06%, 9, 0, 9, 260.48
1733524112, 55, 72, 80, 1, 0, 0.06%, 9, 0, 9, 362.85
1733524122, 55, 73, 80, 1, 0, 0.06%, 9, 0, 9, 333.54
1733524127, 55, 74, 80, 1, 0, 0.06%, 9, 0, 9, 331.45
1733524132, 55, 75, 80, 1, 0, 0.06%, 9, 0, 9, 350.41
1733524137, 55, 76, 80, 1, 0, 0.06%, 9, 0, 9, 397.64
1733524142, 55, 77, 80, 1, 0, 0.06%, 9, 0, 9, 343.96
1733524153, 55, 78, 80, 1, 0, 0.06%, 9, 0, 9, 463.95
1733524168, 55, 79, 80, 1, 0, 0.06%, 9, 0, 9, 378.23
1733524193, 56, 16, 80, 1, 0, 0.06%, 9, 0, 9, 280.14
1733524198, 56, 18, 80, 1, 0, 0.06%, 9, 0, 9, 285.40
1733524204, 56, 20, 80, 1, 0, 0.06%, 9, 0, 9, 296.48
1733524209, 56, 21, 80, 1, 0, 0.06%, 9, 0, 9, 314.52
1733524214, 56, 22, 80, 1, 0, 0.06%, 9, 0, 9, 328.75
1733524219, 56, 23, 80, 1, 0, 0.06%, 9, 0, 9, 310.62
1733524224, 56, 24, 80, 1, 0, 0.06%, 9, 0, 9, 306.96
1733524229, 56, 26, 80, 1, 0, 0.06%, 9, 0, 9, 295.80
1733524234, 56, 27, 80, 1, 0, 0.06%, 9, 0, 9, 331.04
1733524239, 56, 29, 80, 1, 0, 0.06%, 9, 0, 9, 306.47
1733524244, 56, 30, 80, 1, 0, 0.06%, 9, 0, 9, 350.52
1733524249, 56, 32, 80, 1, 0, 0.06%, 9, 0, 9, 344.30
1733524254, 56, 34, 80, 1, 0, 0.06%, 9, 0, 9, 287.61
1733524259, 56, 35, 80, 1, 0, 0.06%, 9, 0, 9, 277.81
1733524265, 56, 36, 80, 1, 0, 0.06%, 9, 0, 9, 292.28
1733524270, 56, 37, 80, 1, 0, 0.06%, 9, 0, 9, 324.82
1733524275, 56, 38, 80, 1, 0, 0.06%, 9, 0, 9, 332.15
1733524280, 56, 39, 80, 1, 0, 0.06%, 9, 0, 9, 325.12
1733524290, 56, 40, 80, 1, 0, 0.06%, 9, 0, 9, 366.21
1733524295, 56, 42, 80, 1, 0, 0.06%, 9, 0, 9, 355.56
1733524300, 56, 43, 80, 1, 0, 0.06%, 9, 0, 9, 322.43
1733524306, 56, 44, 80, 1, 0, 0.06%, 9, 0, 9, 355.37
1733524311, 56, 45, 80, 1, 0, 0.06%, 9, 0, 9, 323.18
1733524316, 56, 46, 80, 1, 0, 0.06%, 9, 0, 9, 365.18
1733524321, 56, 47, 80, 1, 0, 0.06%, 9, 0, 9, 311.60
1733524331, 56, 48, 80, 1, 0, 0.06%, 9, 0, 9, 355.58
1733524336, 56, 49, 80, 1, 0, 0.06%, 9, 0, 9, 360.01
1733524341, 56, 50, 80, 1, 0, 0.06%, 9, 0, 9, 346.91
1733524351, 56, 51, 80, 1, 0, 0.06%, 9, 0, 9, 363.88
1733524361, 56, 52, 80, 1, 0, 0.06%, 9, 0, 9, 353.62
1733524366, 56, 57, 80, 1, 0, 0.06%, 9, 0, 9, 307.13
1733524371, 56, 58, 80, 1, 0, 0.06%, 9, 0, 9, 343.34
1733524377, 56, 59, 80, 1, 0, 0.06%, 9, 0, 9, 338.67
1733524382, 56, 60, 80, 1, 0, 0.06%, 9, 0, 9, 324.03
1733524387, 56, 61, 80, 1, 0, 0.06%, 9, 0, 9, 337.36
1733524397, 56, 62, 80, 1, 0, 0.06%, 9, 0, 9, 372.79
1733524402, 56, 64, 80, 1, 0, 0.06%, 9, 0, 9, 360.55
1733524407, 56, 65, 80, 1, 0, 0.06%, 9, 0, 9, 354.05
1733524412, 56, 66, 80, 1, 0, 0.06%, 9, 0, 9, 337.50
1733524417, 56, 67, 80, 1, 0, 0.06%, 9, 0, 9, 330.97
1733524427, 56, 68, 80, 1, 0, 0.06%, 9, 0, 9, 366.38
1733524437, 56, 69, 80, 1, 0, 0.06%, 9, 0, 9, 396.47
1733524442, 56, 70, 80, 1, 0, 0.06%, 9, 0, 9, 374.14
1733524452, 56, 71, 80, 1, 0, 0.06%, 9, 0, 9, 329.19
1733524463, 56, 72, 80, 1, 0, 0.06%, 9, 0, 9, 362.79
1733524468, 56, 73, 80, 1, 0, 0.06%, 9, 0, 9, 336.11
1733524473, 56, 74, 80, 1, 0, 0.06%, 9, 0, 9, 324.94
1733524478, 56, 75, 80, 1, 0, 0.06%, 9, 0, 9, 314.35
1733524483, 56, 76, 80, 1, 0, 0.06%, 9, 0, 9, 343.72
1733524493, 56, 77, 80, 1, 0, 0.06%, 9, 0, 9, 390.69
1733524498, 57, 12, 80, 1, 0, 0.06%, 9, 0, 9, 324.64
1733524503, 57, 16, 80, 1, 0, 0.06%, 9, 0, 9, 284.73
1733524508, 57, 18, 80, 1, 0, 0.06%, 9, 0, 9, 295.85
1733524513, 57, 20, 80, 1, 0, 0.06%, 9, 0, 9, 297.55
1733524519, 57, 22, 80, 1, 0, 0.06%, 9, 0, 9, 345.38
1733524524, 57, 23, 80, 1, 0, 0.06%, 9, 0, 9, 338.29
1733524529, 57, 24, 80, 1, 0, 0.06%, 9, 0, 9, 332.65
1733524534, 57, 25, 80, 1, 0, 0.06%, 9, 0, 9, 325.45
1733524539, 57, 26, 80, 1, 0, 0.06%, 9, 0, 9, 317.40
1733524544, 57, 27, 80, 1, 0, 0.06%, 9, 0, 9, 308.08
1733524549, 57, 32, 80, 1, 0, 0.06%, 9, 0, 9, 326.11
1733524554, 57, 34, 80, 1, 0, 0.06%, 9, 0, 9, 303.47
1733524564, 57, 38, 80, 1, 0, 0.06%, 9, 0, 9, 319.99
1733524570, 57, 39, 80, 1, 0, 0.06%, 9, 0, 9, 280.44
1733524580, 57, 40, 80, 1, 0, 0.06%, 9, 0, 9, 317.87
1733524585, 57, 42, 80, 1, 0, 0.06%, 9, 0, 9, 357.21
1733524590, 57, 43, 80, 1, 0, 0.06%, 9, 0, 9, 339.44
1733524595, 57, 44, 80, 1, 0, 0.06%, 9, 0, 9, 318.10
1733524600, 57, 45, 80, 1, 0, 0.06%, 9, 0, 9, 310.70
1733524605, 57, 46, 80, 1, 0, 0.06%, 9, 0, 9, 352.43
1733524610, 57, 47, 80, 1, 0, 0.06%, 9, 0, 9, 380.88
1733524615, 57, 48, 80, 1, 0, 0.06%, 9, 0, 9, 310.78
1733524621, 57, 49, 80, 1, 0, 0.06%, 9, 0, 9, 358.24
1733524631, 57, 50, 80, 1, 0, 0.06%, 9, 0, 9, 366.95
1733524636, 57, 51, 80, 1, 0, 0.06%, 9, 0, 9, 337.36
1733524646, 57, 52, 80, 1, 0, 0.06%, 9, 0, 9, 330.68
1733524656, 57, 57, 80, 1, 0, 0.06%, 9, 0, 9, 305.45
1733524661, 57, 58, 80, 1, 0, 0.06%, 9, 0, 9, 328.86
1733524666, 57, 59, 80, 1, 0, 0.06%, 9, 0, 9, 356.74
1733524671, 57, 60, 80, 1, 0, 0.06%, 9, 0, 9, 343.40
1733524676, 57, 61, 80, 1, 0, 0.06%, 9, 0, 9, 370.61
1733524682, 57, 62, 80, 1, 0, 0.06%, 9, 0, 9, 327.57
1733524687, 57, 64, 80, 1, 0, 0.06%, 9, 0, 9, 320.21
1733524697, 57, 65, 80, 1, 0, 0.06%, 9, 0, 9, 321.29
1733524702, 57, 66, 80, 1, 0, 0.06%, 9, 0, 9, 346.69
1733524707, 57, 67, 80, 1, 0, 0.06%, 9, 0, 9, 390.54
1733524712, 57, 68, 80, 1, 0, 0.06%, 9, 0, 9, 352.05
1733524722, 57, 69, 80, 1, 0, 0.06%, 9, 0, 9, 295.60
1733524732, 57, 70, 80, 1, 0, 0.06%, 9, 0, 9, 399.35
1733524737, 57, 71, 80, 1, 0, 0.06%, 9, 0, 9, 358.93
1733524747, 57, 72, 80, 1, 0, 0.06%, 9, 0, 9, 340.82
1733524753, 57, 73, 80, 1, 0, 0.06%, 9, 0, 9, 355.55
1733524763, 57, 74, 80, 1, 0, 0.06%, 9, 0, 9, 323.43
1733524768, 57, 75, 80, 1, 0, 0.06%, 9, 0, 9, 339.94
1733524773, 57, 76, 80, 1, 0, 0.06%, 9, 0, 9, 374.66
1733524778, 57, 77, 80, 1, 0, 0.06%, 9, 0, 9, 327.42
1733524788, 58, 16, 80, 1, 0, 0.06%, 9, 0, 9, 284.08
1733524793, 58, 18, 80, 1, 0, 0.06%, 9, 0, 9, 286.64
1733524798, 58, 20, 80, 1, 0, 0.06%, 9, 0, 9, 288.26
1733524803, 58, 21, 80, 1, 0, 0.06%, 9, 0, 9, 344.79
1733524808, 58, 22, 80, 1, 0, 0.06%, 9, 0, 9, 319.24
1733524813, 58, 23, 80, 1, 0, 0.06%, 9, 0, 9, 304.19
1733524818, 58, 24, 80, 1, 0, 0.06%, 9, 0, 9, 311.57
1733524823, 58, 27, 80, 1, 0, 0.06%, 9, 0, 9, 321.80
1733524828, 58, 30, 80, 1, 0, 0.06%, 9, 0, 9, 334.58
1733524833, 58, 32, 80, 1, 0, 0.06%, 9, 0, 9, 349.00
1733524838, 58, 34, 80, 1, 0, 0.06%, 9, 0, 9, 303.06
1733524844, 58, 38, 80, 1, 0, 0.06%, 9, 0, 9, 281.73
1733524854, 58, 42, 80, 1, 0, 0.06%, 9, 0, 9, 349.08
1733524864, 58, 43, 80, 1, 0, 0.06%, 9, 0, 9, 328.78
1733524869, 58, 45, 80, 1, 0, 0.06%, 9, 0, 9, 332.94
1733524874, 58, 46, 80, 1, 0, 0.06%, 9, 0, 9, 311.31
1733524879, 58, 47, 80, 1, 0, 0.06%, 9, 0, 9, 350.22
1733524889, 58, 48, 80, 1, 0, 0.06%, 9, 0, 9, 367.47
1733524894, 58, 49, 80, 1, 0, 0.06%, 9, 0, 9, 359.70
1733524899, 58, 50, 80, 1, 0, 0.06%, 9, 0, 9, 349.87
1733524909, 58, 51, 80, 1, 0, 0.06%, 9, 0, 9, 369.19
1733524920, 58, 52, 80, 1, 0, 0.06%, 9, 0, 9, 355.15
1733524925, 58, 57, 80, 1, 0, 0.06%, 9, 0, 9, 324.36
1733524930, 58, 58, 80, 1, 0, 0.06%, 9, 0, 9, 347.63
1733524935, 58, 59, 80, 1, 0, 0.06%, 9, 0, 9, 374.53
1733524940, 58, 60, 80, 1, 0, 0.06%, 9, 0, 9, 384.53
1733524945, 58, 61, 80, 1, 0, 0.06%, 9, 0, 9, 357.60
1733524950, 58, 62, 80, 1, 0, 0.06%, 9, 0, 9, 386.05
1733524960, 58, 64, 80, 1, 0, 0.06%, 9, 0, 9, 339.67
1733524965, 58, 65, 80, 1, 0, 0.06%, 9, 0, 9, 353.38
1733524971, 58, 66, 80, 1, 0, 0.06%, 9, 0, 9, 371.51
1733524976, 58, 67, 80, 1, 0, 0.06%, 9, 0, 9, 356.03
1733524986, 58, 68, 80, 1, 0, 0.06%, 9, 0, 9, 386.38
1733524991, 58, 69, 80, 1, 0, 0.06%, 9, 0, 9, 349.77
1733525001, 58, 70, 80, 1, 0, 0.06%, 9, 0, 9, 298.15
1733525011, 58, 76, 80, 1, 0, 0.06%, 9, 0, 9, 392.06
1733525016, 58, 77, 80, 1, 0, 0.06%, 9, 0, 9, 310.97
1733525026, 59, 16, 80, 1, 0, 0.06%, 9, 0, 9, 296.29
1733525031, 59, 18, 80, 1, 0, 0.06%, 9, 0, 9, 288.68
1733525037, 59, 22, 80, 1, 0, 0.06%, 9, 0, 9, 312.43
1733525042, 59, 26, 80, 1, 0, 0.06%, 9, 0, 9, 331.31
1733525047, 59, 27, 80, 1, 0, 0.06%, 9, 0, 9, 321.82
1733525052, 59, 30, 80, 1, 0, 0.06%, 9, 0, 9, 323.47
1733525057, 59, 32, 80, 1, 0, 0.06%, 9, 0, 9, 310.61
1733525062, 59, 34, 80, 1, 0, 0.06%, 9, 0, 9, 284.50
1733525067, 59, 38, 80, 1, 0, 0.06%, 9, 0, 9, 325.97
1733525072, 59, 40, 80, 1, 0, 0.06%, 9, 0, 9, 333.86
1733525077, 59, 42, 80, 1, 0, 0.06%, 9, 0, 9, 362.98
1733525082, 59, 43, 80, 1, 0, 0.06%, 9, 0, 9, 332.27
1733525087, 59, 44, 80, 1, 0, 0.06%, 9, 0, 9, 321.31
1733525092, 59, 46, 80, 1, 0, 0.06%, 9, 0, 9, 323.12
1733525102, 59, 47, 80, 1, 0, 0.06%, 9, 0, 9, 368.19
1733525107, 59, 48, 80, 1, 0, 0.06%, 9, 0, 9, 352.89
1733525117, 59, 49, 80, 1, 0, 0.06%, 9, 0, 9, 323.95
1733525122, 59, 50, 80, 1, 0, 0.06%, 9, 0, 9, 376.78
1733525127, 59, 51, 80, 1, 0, 0.06%, 9, 0, 9, 364.75
1733525138, 59, 52, 80, 1, 0, 0.06%, 9, 0, 9, 345.12
1733525148, 59, 57, 80, 1, 0, 0.06%, 9, 0, 9, 310.17
1733525153, 59, 58, 80, 1, 0, 0.06%, 9, 0, 9, 344.31
1733525158, 59, 59, 80, 1, 0, 0.06%, 9, 0, 9, 352.44
1733525163, 59, 60, 80, 1, 0, 0.06%, 9, 0, 9, 351.84
1733525168, 59, 61, 80, 1, 0, 0.06%, 9, 0, 9, 385.07
1733525173, 59, 62, 80, 1, 0, 0.06%, 9, 0, 9, 372.22
1733525178, 59, 64, 80, 1, 0, 0.06%, 9, 0, 9, 370.72
