# unix_time, cycles_done, cur_path, paths_total, pending_total, pending_favs, map_size, unique_crashes, unique_hangs, max_depth, execs_per_sec
1735493364, 0, 0, 10, 10, 1, 0.00%, 0, 0, 1, 176.60
1735493370, 0, 4, 10, 10, 1, 0.00%, 0, 0, 1, 202.80
1735493375, 0, 5, 10, 9, 0, 0.00%, 0, 0, 1, 212.16
1735493380, 0, 6, 10, 8, 0, 0.00%, 0, 0, 1, 201.07
1735493390, 0, 7, 10, 7, 0, 0.00%, 0, 0, 1, 211.31
1735493395, 0, 8, 10, 6, 0, 0.00%, 0, 0, 1, 196.65
1735493406, 0, 9, 10, 5, 0, 0.00%, 0, 0, 1, 212.92
1735493411, 1, 0, 10, 4, 0, 0.00%, 0, 0, 1, 211.92
1735493421, 1, 1, 10, 3, 0, 0.00%, 0, 0, 1, 213.92
1735493431, 1, 2, 10, 2, 0, 0.00%, 0, 0, 1, 211.64
1735493437, 1, 3, 10, 1, 0, 0.00%, 0, 0, 1, 209.54
1735493447, 1, 4, 10, 0, 0, 0.00%, 0, 0, 1, 202.31
1735493452, 1, 4, 11, 1, 0, 0.05%, 1, 0, 2, 210.56
1735493462, 1, 10, 12, 2, 1, 0.05%, 2, 0, 3, 215.71
1735493503, 1, 11, 13, 2, 1, 0.05%, 2, 0, 4, 236.24
1735493508, 1, 11, 14, 3, 1, 0.05%, 2, 0, 4, 273.75
1735493513, 1, 11, 15, 4, 1, 0.05%, 3, 0, 4, 278.99
1735493518, 1, 11, 16, 5, 1, 0.05%, 4, 0, 4, 274.74
1735493523, 1, 11, 17, 6, 1, 0.05%, 4, 0, 4, 279.73
1735493534, 1, 11, 18, 7, 1, 0.06%, 5, 0, 4, 276.81
1735493554, 1, 11, 19, 8, 1, 0.06%, 6, 0, 4, 271.43
1735493559, 1, 11, 20, 9, 1, 0.06%, 6, 0, 4, 280.03
1735493564, 1, 11, 21, 10, 1, 0.06%, 6, 0, 4, 274.85
1735493590, 1, 11, 22, 11, 1, 0.06%, 7, 0, 4, 271.68
1735493595, 1, 11, 24, 13, 1, 0.06%, 8, 0, 4, 252.21
1735493605, 1, 14, 27, 15, 6, 0.06%, 8, 0, 5, 336.53
1735493610, 1, 14, 28, 16, 6, 0.06%, 8, 0, 5, 396.50
1735493651, 1, 23, 28, 15, 5, 0.06%, 8, 0, 5, 252.02
1735493656, 1, 23, 29, 16, 5, 0.06%, 8, 0, 5, 237.19
1735493681, 1, 23, 30, 17, 5, 0.06%, 8, 0, 5, 230.12
1735493707, 1, 23, 31, 18, 5, 0.06%, 8, 0, 5, 229.32
1735493722, 1, 23, 32, 19, 5, 0.06%, 8, 0, 5, 230.94
1735493768, 1, 29, 33, 19, 4, 0.06%, 8, 0, 5, 270.85
1735493773, 1, 29, 34, 20, 4, 0.06%, 9, 0, 6, 421.84
1735493778, 1, 29, 36, 22, 4, 0.06%, 9, 0, 6, 369.95
1735493870, 1, 33, 36, 21, 5, 0.06%, 9, 0, 6, 411.88
1735493880, 1, 33, 37, 22, 5, 0.06%, 9, 0, 7, 330.67
1735493926, 2, 15, 39, 23, 4, 0.06%, 9, 0, 7, 298.07
1735493936, 2, 15, 40, 24, 4, 0.06%, 9, 0, 7, 305.27
1735493951, 2, 15, 41, 25, 4, 0.06%, 9, 0, 7, 307.48
1735493971, 2, 15, 42, 26, 4, 0.06%, 9, 0, 7, 302.26
1735494011, 2, 18, 43, 26, 3, 0.06%, 9, 0, 7, 279.51
1735494017, 2, 18, 44, 27, 3, 0.06%, 9, 0, 7, 302.94
1735494027, 2, 18, 45, 28, 3, 0.06%, 9, 0, 7, 304.15
1735494047, 2, 18, 47, 30, 3, 0.06%, 9, 0, 7, 307.49
1735494052, 2, 18, 48, 31, 3, 0.06%, 9, 0, 7, 305.27
1735494077, 2, 18, 49, 32, 3, 0.06%, 9, 0, 7, 303.46
1735494103, 2, 21, 49, 31, 2, 0.06%, 9, 0, 7, 350.86
1735494118, 2, 33, 49, 30, 1, 0.06%, 9, 0, 7, 300.15
1735494123, 2, 33, 51, 32, 1, 0.06%, 9, 0, 7, 300.69
1735494128, 2, 34, 51, 32, 2, 0.06%, 9, 0, 7, 406.21
1735494158, 2, 36, 51, 31, 2, 0.06%, 9, 0, 7, 430.12
1735494168, 2, 36, 52, 32, 2, 0.06%, 9, 0, 8, 357.16
1735494173, 2, 36, 53, 33, 2, 0.06%, 9, 0, 8, 327.95
1735494199, 2, 36, 54, 34, 2, 0.06%, 9, 0, 8, 323.13
1735494275, 3, 21, 54, 33, 2, 0.06%, 9, 0, 8, 327.88
1735494280, 3, 22, 54, 33, 2, 0.06%, 9, 0, 8, 405.17
1735494295, 3, 24, 54, 32, 2, 0.06%, 9, 0, 8, 369.88
1735494300, 3, 24, 55, 33, 2, 0.06%, 9, 0, 8, 457.49
1735494321, 3, 25, 55, 32, 2, 0.06%, 9, 0, 8, 335.11
1735494331, 3, 25, 56, 33, 2, 0.06%, 9, 0, 8, 425.66
1735494341, 3, 25, 57, 34, 2, 0.06%, 9, 0, 8, 428.03
1735494366, 3, 25, 59, 36, 2, 0.06%, 9, 0, 8, 314.01
1735494371, 3, 29, 59, 35, 2, 0.06%, 9, 0, 8, 306.09
1735494376, 3, 33, 59, 35, 2, 0.06%, 9, 0, 8, 295.39
1735494381, 3, 34, 59, 35, 2, 0.06%, 9, 0, 8, 288.03
1735494387, 3, 36, 59, 35, 2, 0.06%, 9, 0, 8, 301.42
1735494392, 3, 49, 59, 35, 2, 0.06%, 9, 0, 8, 312.83
1735494673, 3, 50, 59, 34, 2, 0.06%, 9, 0, 8, 395.59
1735494688, 3, 54, 59, 33, 1, 0.06%, 9, 0, 8, 294.73
1735494698, 3, 54, 61, 35, 1, 0.06%, 9, 0, 8, 514.14
1735494719, 3, 55, 61, 34, 1, 0.06%, 9, 0, 8, 310.76
1735494749, 3, 55, 65, 38, 1, 0.06%, 9, 0, 8, 488.43
1735494837, 3, 59, 65, 37, 1, 0.06%, 9, 0, 8, 369.26
1735494847, 3, 59, 66, 38, 1, 0.06%, 9, 0, 8, 491.81
1735494867, 3, 60, 66, 37, 1, 0.06%, 9, 0, 8, 306.15
1735495165, 3, 65, 66, 36, 1, 0.06%, 9, 0, 8, 386.29
1735495170, 3, 65, 67, 37, 1, 0.06%, 9, 0, 8, 397.34
1735495237, 3, 66, 67, 36, 1, 0.06%, 9, 0, 8, 379.61
1735495314, 4, 17, 67, 35, 1, 0.06%, 9, 0, 8, 452.25
1735495329, 4, 21, 67, 34, 0, 0.06%, 9, 0, 8, 309.02
1735495334, 4, 22, 67, 34, 0, 0.06%, 9, 0, 8, 305.30
1735495339, 4, 29, 67, 34, 0, 0.06%, 9, 0, 8, 323.43
1735495345, 4, 30, 67, 34, 0, 0.06%, 9, 0, 8, 322.16
1735495370, 4, 33, 67, 33, 0, 0.06%, 9, 0, 8, 309.40
1735495375, 4, 34, 67, 33, 0, 0.06%, 9, 0, 8, 315.29
1735495380, 4, 36, 67, 33, 0, 0.06%, 9, 0, 8, 291.67
1735495390, 4, 49, 67, 33, 0, 0.06%, 9, 0, 8, 260.73
1735495401, 4, 49, 68, 34, 0, 0.06%, 9, 0, 8, 341.22
1735495406, 4, 50, 68, 34, 0, 0.06%, 9, 0, 8, 502.54
1735495416, 4, 51, 68, 34, 0, 0.06%, 9, 0, 8, 385.78
1735495457, 4, 52, 68, 33, 0, 0.06%, 9, 0, 8, 335.60
1735495497, 4, 54, 68, 32, 0, 0.06%, 9, 0, 8, 370.53
1735495507, 4, 55, 68, 32, 0, 0.06%, 9, 0, 8, 380.08
1735495512, 4, 55, 69, 33, 0, 0.06%, 9, 0, 8, 334.79
1735495517, 4, 56, 69, 33, 0, 0.06%, 9, 0, 8, 308.64
1735496094, 4, 57, 69, 32, 0, 0.06%, 9, 0, 8, 468.51
1735496125, 4, 57, 70, 33, 0, 0.06%, 9, 0, 8, 491.65
1735496242, 4, 57, 71, 34, 0, 0.06%, 9, 0, 8, 365.35
1735496247, 4, 59, 71, 33, 0, 0.06%, 9, 0, 8, 394.67
1735496253, 4, 59, 72, 34, 0, 0.06%, 9, 0, 8, 337.23
1735496258, 4, 60, 72, 34, 0, 0.06%, 9, 0, 8, 308.23
1735496273, 4, 65, 72, 34, 0, 0.06%, 9, 0, 8, 389.60
1735496278, 4, 66, 72, 34, 0, 0.06%, 9, 0, 8, 363.16
1735496293, 4, 67, 72, 34, 0, 0.06%, 9, 0, 8, 399.92
1735496298, 4, 67, 73, 35, 0, 0.06%, 9, 0, 9, 495.48
1735496384, 4, 71, 73, 34, 0, 0.06%, 9, 0, 9, 394.17
1735496487, 4, 71, 75, 36, 0, 0.06%, 9, 0, 9, 265.00
1735496522, 4, 72, 75, 35, 0, 0.06%, 9, 0, 9, 391.91
1735496615, 4, 73, 75, 34, 0, 0.06%, 9, 0, 9, 392.72
1735496768, 4, 74, 75, 33, 0, 0.06%, 9, 0, 9, 290.14
1735496927, 5, 15, 75, 32, 0, 0.06%, 9, 0, 9, 336.41
1735496932, 5, 17, 75, 32, 0, 0.06%, 9, 0, 9, 341.13
1735496937, 5, 21, 75, 32, 0, 0.06%, 9, 0, 9, 313.54
1735496942, 5, 23, 75, 32, 0, 0.06%, 9, 0, 9, 305.84
1735496947, 5, 24, 75, 32, 0, 0.06%, 9, 0, 9, 305.76
1735496952, 5, 28, 75, 32, 0, 0.06%, 9, 0, 9, 347.27
1735496973, 5, 29, 75, 31, 0, 0.06%, 9, 0, 9, 315.58
1735496978, 5, 30, 75, 31, 0, 0.06%, 9, 0, 9, 284.24
1735496983, 5, 31, 75, 31, 0, 0.06%, 9, 0, 9, 465.46
1735497003, 5, 32, 75, 30, 0, 0.06%, 9, 0, 9, 407.79
1735497023, 5, 33, 75, 29, 0, 0.06%, 9, 0, 9, 358.97
1735497028, 5, 34, 75, 29, 0, 0.06%, 9, 0, 9, 323.77
1735497034, 5, 35, 75, 29, 0, 0.06%, 9, 0, 9, 340.84
1735497059, 5, 36, 75, 28, 0, 0.06%, 9, 0, 9, 321.05
1735497064, 5, 37, 75, 28, 0, 0.06%, 9, 0, 9, 296.31
1735497089, 5, 38, 75, 27, 0, 0.06%, 9, 0, 9, 297.96
1735497110, 5, 39, 75, 26, 0, 0.06%, 9, 0, 9, 453.71
1735497130, 5, 40, 75, 25, 0, 0.06%, 9, 0, 9, 395.77
1735497150, 5, 41, 75, 24, 0, 0.06%, 9, 0, 9, 384.26
1735497201, 5, 49, 75, 23, 0, 0.06%, 9, 0, 9, 359.30
1735497216, 5, 51, 75, 23, 0, 0.06%, 9, 0, 9, 346.56
1735497231, 5, 52, 75, 23, 0, 0.06%, 9, 0, 9, 306.94
1735497247, 5, 53, 75, 23, 0, 0.06%, 9, 0, 9, 282.18
1735497607, 5, 53, 76, 24, 0, 0.06%, 9, 0, 9, 376.78
1735497643, 5, 54, 76, 23, 0, 0.06%, 9, 0, 9, 385.43
1735497653, 5, 59, 76, 23, 0, 0.06%, 9, 0, 9, 366.42
1735497658, 5, 60, 76, 23, 0, 0.06%, 9, 0, 9, 414.77
1735497674, 5, 65, 76, 23, 0, 0.06%, 9, 0, 9, 406.01
1735497684, 5, 66, 76, 23, 0, 0.06%, 9, 0, 9, 424.69
1735497694, 5, 67, 76, 23, 0, 0.06%, 9, 0, 9, 362.93
1735497704, 5, 71, 76, 23, 0, 0.06%, 9, 0, 9, 328.62
1735497874, 5, 72, 76, 23, 0, 0.06%, 9, 0, 9, 329.35
1735497884, 5, 73, 76, 23, 0, 0.06%, 9, 0, 9, 324.84
1735498060, 5, 74, 76, 23, 0, 0.06%, 9, 0, 9, 299.36
1735498230, 5, 74, 77, 24, 0, 0.06%, 9, 0, 9, 308.21
1735498235, 5, 75, 77, 24, 0, 0.06%, 9, 0, 9, 415.26
1735498240, 5, 75, 78, 25, 0, 0.06%, 9, 0, 10, 448.10
1735498357, 5, 77, 78, 24, 0, 0.06%, 9, 0, 10, 381.95
1735498464, 6, 14, 78, 23, 0, 0.06%, 9, 0, 10, 377.38
1735498469, 6, 15, 78, 23, 0, 0.06%, 9, 0, 10, 297.58
1735498474, 6, 17, 78, 23, 0, 0.06%, 9, 0, 10, 349.49
1735498479, 6, 20, 78, 23, 0, 0.06%, 9, 0, 10, 304.24
1735498500, 6, 21, 78, 22, 0, 0.06%, 9, 0, 10, 331.77
1735498505, 6, 22, 78, 22, 0, 0.06%, 9, 0, 10, 339.15
1735498510, 6, 23, 78, 22, 0, 0.06%, 9, 0, 10, 279.34
1735498515, 6, 24, 78, 22, 0, 0.06%, 9, 0, 10, 318.63
1735498520, 6, 25, 78, 22, 0, 0.06%, 9, 0, 10, 318.17
1735498525, 6, 26, 78, 22, 0, 0.06%, 9, 0, 10, 316.24
1735498540, 6, 27, 78, 21, 0, 0.06%, 9, 0, 10, 306.47
1735498566, 6, 28, 78, 20, 0, 0.06%, 9, 0, 10, 346.77
1735498571, 6, 29, 78, 20, 0, 0.06%, 9, 0, 10, 310.53
1735498577, 6, 30, 78, 20, 0, 0.06%, 9, 0, 10, 303.46
1735498582, 6, 31, 78, 20, 0, 0.06%, 9, 0, 10, 320.35
1735498587, 6, 32, 78, 20, 0, 0.06%, 9, 0, 10, 328.42
1735498592, 6, 34, 78, 20, 0, 0.06%, 9, 0, 10, 326.82
1735498597, 6, 35, 78, 20, 0, 0.06%, 9, 0, 10, 309.91
1735498602, 6, 36, 78, 20, 0, 0.06%, 9, 0, 10, 293.93
1735498607, 6, 37, 78, 20, 0, 0.06%, 9, 0, 10, 324.27
1735498622, 6, 38, 78, 20, 0, 0.06%, 9, 0, 10, 331.98
1735498627, 6, 39, 78, 20, 0, 0.06%, 9, 0, 10, 359.24
1735498638, 6, 40, 78, 20, 0, 0.06%, 9, 0, 10, 368.27
1735498648, 6, 41, 78, 20, 0, 0.06%, 9, 0, 10, 342.52
1735498658, 6, 49, 78, 20, 0, 0.06%, 9, 0, 10, 287.90
1735498668, 6, 50, 78, 20, 0, 0.06%, 9, 0, 10, 375.67
1735498673, 6, 51, 78, 20, 0, 0.06%, 9, 0, 10, 308.52
1735498678, 6, 52, 78, 20, 0, 0.06%, 9, 0, 10, 305.04
1735498688, 6, 53, 78, 20, 0, 0.06%, 9, 0, 10, 303.56
1735498709, 6, 54, 78, 20, 0, 0.06%, 9, 0, 10, 349.53
1735498714, 6, 55, 78, 20, 0, 0.06%, 9, 0, 10, 378.87
1735498719, 6, 56, 78, 20, 0, 0.06%, 9, 0, 10, 374.34
1735499314, 6, 57, 78, 20, 0, 0.06%, 9, 0, 10, 316.59
1735499325, 6, 58, 78, 20, 0, 0.06%, 9, 0, 10, 364.82
1735499421, 6, 59, 78, 19, 0, 0.06%, 9, 0, 10, 318.94
1735499426, 6, 60, 78, 19, 0, 0.06%, 9, 0, 10, 386.03
1735499436, 6, 65, 78, 19, 0, 0.06%, 9, 0, 10, 326.39
1735499441, 6, 66, 78, 19, 0, 0.06%, 9, 0, 10, 343.16
1735499452, 6, 67, 78, 19, 0, 0.06%, 9, 0, 10, 392.63
1735499457, 6, 68, 78, 19, 0, 0.06%, 9, 0, 10, 320.30
1735499594, 6, 69, 78, 18, 0, 0.06%, 9, 0, 10, 403.99
1735499707, 6, 71, 78, 17, 0, 0.06%, 9, 0, 10, 271.63
1735499717, 6, 72, 78, 17, 0, 0.06%, 9, 0, 10, 332.33
1735499722, 6, 73, 78, 17, 0, 0.06%, 9, 0, 10, 307.49
1735499732, 6, 74, 78, 17, 0, 0.06%, 9, 0, 10, 299.62
1735499742, 6, 75, 78, 17, 0, 0.06%, 9, 0, 10, 331.91
1735499757, 6, 77, 78, 17, 0, 0.06%, 9, 0, 10, 380.56
1735499773, 7, 21, 78, 17, 0, 0.06%, 9, 0, 10, 358.38
1735499778, 7, 22, 78, 17, 0, 0.06%, 9, 0, 10, 330.95
1735499783, 7, 24, 78, 17, 0, 0.06%, 9, 0, 10, 361.24
1735499788, 7, 29, 78, 17, 0, 0.06%, 9, 0, 10, 327.76
1735499793, 7, 30, 78, 17, 0, 0.06%, 9, 0, 10, 293.79
1735499798, 7, 32, 78, 17, 0, 0.06%, 9, 0, 10, 345.80
1735499803, 7, 33, 78, 17, 0, 0.06%, 9, 0, 10, 328.25
1735499808, 7, 34, 78, 17, 0, 0.06%, 9, 0, 10, 300.33
1735499813, 7, 35, 78, 17, 0, 0.06%, 9, 0, 10, 291.13
1735499818, 7, 36, 78, 17, 0, 0.06%, 9, 0, 10, 313.09
1735499823, 7, 49, 78, 17, 0, 0.06%, 9, 0, 10, 300.46
1735499833, 7, 50, 78, 17, 0, 0.06%, 9, 0, 10, 389.67
1735499838, 7, 51, 78, 17, 0, 0.06%, 9, 0, 10, 326.72
1735499843, 7, 52, 78, 17, 0, 0.06%, 9, 0, 10, 326.69
1735499853, 7, 53, 78, 17, 0, 0.06%, 9, 0, 10, 309.36
1735499863, 7, 54, 78, 17, 0, 0.06%, 9, 0, 10, 355.48
1735499868, 7, 59, 78, 17, 0, 0.06%, 9, 0, 10, 370.13
1735499873, 7, 60, 78, 17, 0, 0.06%, 9, 0, 10, 386.89
1735499884, 7, 65, 78, 17, 0, 0.06%, 9, 0, 10, 354.09
1735499889, 7, 66, 78, 17, 0, 0.06%, 9, 0, 10, 339.08
1735499899, 7, 67, 78, 17, 0, 0.06%, 9, 0, 10, 372.47
1735499904, 7, 71, 78, 17, 0, 0.06%, 9, 0, 10, 373.95
1735499914, 7, 72, 78, 17, 0, 0.06%, 9, 0, 10, 384.92
1735499919, 7, 73, 78, 17, 0, 0.06%, 9, 0, 10, 384.04
1735499929, 7, 74, 78, 17, 0, 0.06%, 9, 0, 10, 360.77
1735499939, 7, 75, 78, 17, 0, 0.06%, 9, 0, 10, 331.69
1735499949, 7, 77, 78, 17, 0, 0.06%, 9, 0, 10, 385.75
1735499955, 8, 21, 78, 17, 0, 0.06%, 9, 0, 10, 314.78
1735499960, 8, 22, 78, 17, 0, 0.06%, 9, 0, 10, 341.47
1735499965, 8, 24, 78, 17, 0, 0.06%, 9, 0, 10, 366.53
1735499970, 8, 33, 78, 17, 0, 0.06%, 9, 0, 10, 318.91
1735499975, 8, 34, 78, 17, 0, 0.06%, 9, 0, 10, 313.74
1735499980, 8, 36, 78, 17, 0, 0.06%, 9, 0, 10, 310.50
1735499985, 8, 49, 78, 17, 0, 0.06%, 9, 0, 10, 332.76
1735499995, 8, 50, 78, 17, 0, 0.06%, 9, 0, 10, 392.33
1735500000, 8, 51, 78, 17, 0, 0.06%, 9, 0, 10, 313.53
1735500010, 8, 52, 78, 17, 0, 0.06%, 9, 0, 10, 322.30
1735500016, 8, 53, 78, 17, 0, 0.06%, 9, 0, 10, 358.03
1735500031, 8, 54, 78, 17, 0, 0.06%, 9, 0, 10, 319.14
1735500036, 8, 59, 78, 17, 0, 0.06%, 9, 0, 10, 324.92
1735500041, 8, 60, 78, 17, 0, 0.06%, 9, 0, 10, 263.24
1735500051, 8, 65, 78, 17, 0, 0.06%, 9, 0, 10, 343.05
1735500057, 8, 66, 78, 17, 0, 0.06%, 9, 0, 10, 365.24
1735500062, 8, 67, 78, 17, 0, 0.06%, 9, 0, 10, 391.72
1735500067, 8, 71, 78, 17, 0, 0.06%, 9, 0, 10, 339.83
1735500077, 8, 72, 78, 17, 0, 0.06%, 9, 0, 10, 368.89
1735500082, 8, 73, 78, 17, 0, 0.06%, 9, 0, 10, 408.45
1735500092, 8, 74, 78, 17, 0, 0.06%, 9, 0, 10, 361.00
1735500102, 9, 21, 78, 17, 0, 0.06%, 9, 0, 10, 352.92
1735500107, 9, 22, 78, 17, 0, 0.06%, 9, 0, 10, 351.90
1735500113, 9, 24, 78, 17, 0, 0.06%, 9, 0, 10, 346.22
1735500118, 9, 54, 78, 17, 0, 0.06%, 9, 0, 10, 354.94
1735500123, 9, 59, 78, 17, 0, 0.06%, 9, 0, 10, 350.29
1735500128, 9, 60, 78, 17, 0, 0.06%, 9, 0, 10, 293.27
1735500138, 9, 65, 78, 17, 0, 0.06%, 9, 0, 10, 355.67
1735500143, 9, 66, 78, 17, 0, 0.06%, 9, 0, 10, 392.77
1735500148, 9, 67, 78, 17, 0, 0.06%, 9, 0, 10, 337.94
1735500158, 9, 71, 78, 17, 0, 0.06%, 9, 0, 10, 315.50
1735500163, 9, 72, 78, 17, 0, 0.06%, 9, 0, 10, 312.00
1735500174, 9, 73, 78, 17, 0, 0.06%, 9, 0, 10, 303.09
1735500184, 9, 74, 78, 17, 0, 0.06%, 9, 0, 10, 304.14
1735500194, 10, 21, 78, 17, 0, 0.06%, 9, 0, 10, 319.62
1735500199, 10, 22, 78, 17, 0, 0.06%, 9, 0, 10, 322.29
1735500204, 10, 24, 78, 17, 0, 0.06%, 9, 0, 10, 358.53
1735500209, 10, 59, 78, 17, 0, 0.06%, 9, 0, 10, 352.26
1735500214, 10, 60, 78, 17, 0, 0.06%, 9, 0, 10, 385.00
1735500224, 10, 65, 78, 17, 0, 0.06%, 9, 0, 10, 334.75
1735500229, 10, 66, 78, 17, 0, 0.06%, 9, 0, 10, 351.30
1735500240, 10, 67, 78, 17, 0, 0.06%, 9, 0, 10, 380.27
1735500245, 10, 71, 78, 17, 0, 0.06%, 9, 0, 10, 320.17
1735500255, 10, 72, 78, 17, 0, 0.06%, 9, 0, 10, 354.39
1735500260, 10, 73, 78, 17, 0, 0.06%, 9, 0, 10, 323.78
1735500270, 10, 74, 78, 17, 0, 0.06%, 9, 0, 10, 300.51
1735500280, 11, 21, 79, 18, 0, 0.06%, 9, 0, 10, 319.75
1735500285, 11, 22, 79, 18, 0, 0.06%, 9, 0, 10, 334.29
1735500290, 11, 24, 79, 18, 0, 0.06%, 9, 0, 10, 354.38
1735500295, 11, 59, 79, 18, 0, 0.06%, 9, 0, 10, 339.98
1735500301, 11, 60, 79, 18, 0, 0.06%, 9, 0, 10, 413.18
1735500311, 11, 65, 79, 18, 0, 0.06%, 9, 0, 10, 341.72
1735500316, 11, 66, 79, 18, 0, 0.06%, 9, 0, 10, 345.84
1735500326, 11, 67, 79, 18, 0, 0.06%, 9, 0, 10, 366.71
1735500331, 11, 71, 79, 18, 0, 0.06%, 9, 0, 10, 329.40
1735500341, 11, 72, 79, 18, 0, 0.06%, 9, 0, 10, 380.92
1735500346, 11, 73, 79, 18, 0, 0.06%, 9, 0, 10, 327.79
1735500356, 11, 74, 79, 18, 0, 0.06%, 9, 0, 10, 304.77
1735500367, 11, 78, 79, 18, 0, 0.06%, 9, 0, 10, 316.26
1735500597, 12, 17, 79, 17, 0, 0.06%, 9, 0, 10, 309.49
1735500602, 12, 21, 79, 17, 0, 0.06%, 9, 0, 10, 334.25
1735500607, 12, 22, 79, 17, 0, 0.06%, 9, 0, 10, 354.39
1735500612, 12, 23, 79, 17, 0, 0.06%, 9, 0, 10, 293.77
1735500617, 12, 24, 79, 17, 0, 0.06%, 9, 0, 10, 344.67
1735500622, 12, 28, 79, 17, 0, 0.06%, 9, 0, 10, 349.23
1735500627, 12, 29, 79, 17, 0, 0.06%, 9, 0, 10, 315.43
1735500632, 12, 30, 79, 17, 0, 0.06%, 9, 0, 10, 298.26
1735500637, 12, 31, 79, 17, 0, 0.06%, 9, 0, 10, 332.62
1735500642, 12, 32, 79, 17, 0, 0.06%, 9, 0, 10, 347.44
1735500647, 12, 33, 79, 17, 0, 0.06%, 9, 0, 10, 322.07
1735500653, 12, 34, 79, 17, 0, 0.06%, 9, 0, 10, 311.79
1735500658, 12, 35, 79, 17, 0, 0.06%, 9, 0, 10, 315.36
1735500663, 12, 36, 79, 17, 0, 0.06%, 9, 0, 10, 323.60
1735500668, 12, 37, 79, 17, 0, 0.06%, 9, 0, 10, 313.35
1735500673, 12, 39, 79, 17, 0, 0.06%, 9, 0, 10, 303.67
1735500678, 12, 40, 79, 17, 0, 0.06%, 9, 0, 10, 362.51
1735500683, 12, 41, 79, 17, 0, 0.06%, 9, 0, 10, 358.48
1735500688, 12, 49, 79, 17, 0, 0.06%, 9, 0, 10, 372.87
1735500698, 12, 50, 79, 17, 0, 0.06%, 9, 0, 10, 372.46
1735500703, 12, 51, 79, 17, 0, 0.06%, 9, 0, 10, 323.94
1735500713, 12, 52, 79, 17, 0, 0.06%, 9, 0, 10, 323.44
1735500719, 12, 53, 79, 17, 0, 0.06%, 9, 0, 10, 377.50
1735500734, 12, 54, 79, 17, 0, 0.06%, 9, 0, 10, 361.14
1735500739, 12, 57, 79, 17, 0, 0.06%, 9, 0, 10, 396.49
1735500749, 12, 58, 79, 17, 0, 0.06%, 9, 0, 10, 317.78
1735500759, 12, 59, 79, 17, 0, 0.06%, 9, 0, 10, 324.82
1735500764, 12, 60, 79, 17, 0, 0.06%, 9, 0, 10, 266.09
1735500775, 12, 65, 79, 17, 0, 0.06%, 9, 0, 10, 360.11
1735500780, 12, 66, 79, 17, 0, 0.06%, 9, 0, 10, 371.07
1735500785, 12, 67, 79, 17, 0, 0.06%, 9, 0, 10, 416.19
1735500790, 12, 68, 79, 17, 0, 0.06%, 9, 0, 10, 366.57
1735500800, 12, 69, 79, 17, 0, 0.06%, 9, 0, 10, 351.10
1735500805, 12, 70, 79, 17, 0, 0.06%, 9, 0, 10, 404.31
1735500999, 12, 71, 79, 16, 0, 0.06%, 9, 0, 10, 298.03
1735501009, 12, 72, 79, 16, 0, 0.06%, 9, 0, 10, 391.20
1735501015, 12, 73, 79, 16, 0, 0.06%, 9, 0, 10, 324.58
1735501025, 12, 74, 79, 16, 0, 0.06%, 9, 0, 10, 318.50
1735501035, 12, 75, 79, 16, 0, 0.06%, 9, 0, 10, 356.79
1735501045, 12, 77, 79, 16, 0, 0.06%, 9, 0, 10, 358.36
1735501050, 12, 78, 79, 16, 0, 0.06%, 9, 0, 10, 307.54
1735501070, 13, 15, 79, 16, 0, 0.06%, 9, 0, 10, 310.64
1735501076, 13, 17, 79, 16, 0, 0.06%, 9, 0, 10, 347.78
1735501081, 13, 21, 79, 16, 0, 0.06%, 9, 0, 10, 333.15
1735501086, 13, 22, 79, 16, 0, 0.06%, 9, 0, 10, 326.63
1735501091, 13, 23, 79, 16, 0, 0.06%, 9, 0, 10, 288.98
1735501096, 13, 28, 79, 16, 0, 0.06%, 9, 0, 10, 331.70
1735501101, 13, 29, 79, 16, 0, 0.06%, 9, 0, 10, 322.37
1735501106, 13, 30, 79, 16, 0, 0.06%, 9, 0, 10, 310.27
1735501111, 13, 31, 79, 16, 0, 0.06%, 9, 0, 10, 335.67
1735501116, 13, 32, 79, 16, 0, 0.06%, 9, 0, 10, 367.24
1735501121, 13, 33, 79, 16, 0, 0.06%, 9, 0, 10, 354.07
1735501126, 13, 34, 79, 16, 0, 0.06%, 9, 0, 10, 310.20
1735501131, 13, 35, 79, 16, 0, 0.06%, 9, 0, 10, 304.15
1735501136, 13, 36, 79, 16, 0, 0.06%, 9, 0, 10, 322.66
1735501141, 13, 37, 79, 16, 0, 0.06%, 9, 0, 10, 283.25
1735501147, 13, 38, 79, 16, 0, 0.06%, 9, 0, 10, 307.34
1735501152, 13, 39, 79, 16, 0, 0.06%, 9, 0, 10, 313.82
1735501157, 13, 40, 79, 16, 0, 0.06%, 9, 0, 10, 323.40
1735501162, 13, 41, 79, 16, 0, 0.06%, 9, 0, 10, 324.70
1735501167, 13, 49, 79, 16, 0, 0.06%, 9, 0, 10, 273.50
1735501177, 13, 50, 79, 16, 0, 0.06%, 9, 0, 10, 361.75
1735501182, 13, 51, 79, 16, 0, 0.06%, 9, 0, 10, 311.71
1735501187, 13, 52, 79, 16, 0, 0.06%, 9, 0, 10, 334.10
1735501192, 13, 53, 79, 16, 0, 0.06%, 9, 0, 10, 338.86
1735501208, 13, 54, 79, 16, 0, 0.06%, 9, 0, 10, 361.74
1735501213, 13, 57, 79, 16, 0, 0.06%, 9, 0, 10, 358.16
1735501218, 13, 58, 79, 16, 0, 0.06%, 9, 0, 10, 323.21
1735501228, 13, 59, 79, 16, 0, 0.06%, 9, 0, 10, 365.96
1735501233, 13, 60, 79, 16, 0, 0.06%, 9, 0, 10, 347.63
1735501243, 13, 65, 79, 16, 0, 0.06%, 9, 0, 10, 374.20
1735501248, 13, 66, 79, 16, 0, 0.06%, 9, 0, 10, 374.48
1735501258, 13, 67, 79, 16, 0, 0.06%, 9, 0, 10, 359.96
1735501263, 13, 68, 79, 16, 0, 0.06%, 9, 0, 10, 312.74
1735501273, 13, 69, 79, 16, 0, 0.06%, 9, 0, 10, 325.27
1735501279, 13, 70, 79, 16, 0, 0.06%, 9, 0, 10, 348.46
1735501284, 13, 71, 79, 16, 0, 0.06%, 9, 0, 10, 300.19
1735501289, 13, 72, 79, 16, 0, 0.06%, 9, 0, 10, 346.24
1735501299, 13, 73, 79, 16, 0, 0.06%, 9, 0, 10, 290.77
1735501309, 13, 74, 79, 16, 0, 0.06%, 9, 0, 10, 295.97
1735501319, 13, 75, 79, 16, 0, 0.06%, 9, 0, 10, 346.01
1735501329, 13, 77, 79, 16, 0, 0.06%, 9, 0, 10, 348.43
1735501335, 13, 78, 79, 16, 0, 0.06%, 9, 0, 10, 298.77
1735501350, 14, 17, 79, 16, 0, 0.06%, 9, 0, 10, 326.36
1735501355, 14, 21, 79, 16, 0, 0.06%, 9, 0, 10, 354.67
1735501360, 14, 22, 79, 16, 0, 0.06%, 9, 0, 10, 345.70
1735501365, 14, 23, 79, 16, 0, 0.06%, 9, 0, 10, 299.96
1735501370, 14, 24, 79, 16, 0, 0.06%, 9, 0, 10, 342.60
1735501375, 14, 28, 79, 16, 0, 0.06%, 9, 0, 10, 309.60
1735501380, 14, 29, 79, 16, 0, 0.06%, 9, 0, 10, 320.97
1735501385, 14, 30, 79, 16, 0, 0.06%, 9, 0, 10, 302.28
1735501390, 14, 32, 79, 16, 0, 0.06%, 9, 0, 10, 324.22
1735501396, 14, 33, 79, 16, 0, 0.06%, 9, 0, 10, 340.08
1735501401, 14, 34, 79, 16, 0, 0.06%, 9, 0, 10, 316.82
1735501406, 14, 35, 79, 16, 0, 0.06%, 9, 0, 10, 303.27
1735501411, 14, 36, 79, 16, 0, 0.06%, 9, 0, 10, 323.54
1735501416, 14, 37, 79, 16, 0, 0.06%, 9, 0, 10, 289.30
1735501421, 14, 38, 79, 16, 0, 0.06%, 9, 0, 10, 333.83
1735501426, 14, 39, 79, 16, 0, 0.06%, 9, 0, 10, 353.05
1735501431, 14, 40, 79, 16, 0, 0.06%, 9, 0, 10, 311.51
1735501436, 14, 41, 79, 16, 0, 0.06%, 9, 0, 10, 348.95
1735501441, 14, 49, 79, 16, 0, 0.06%, 9, 0, 10, 304.13
1735501451, 14, 50, 79, 16, 0, 0.06%, 9, 0, 10, 383.77
1735501457, 14, 51, 79, 16, 0, 0.06%, 9, 0, 10, 318.30
1735501462, 14, 52, 79, 16, 0, 0.06%, 9, 0, 10, 311.27
1735501472, 14, 53, 79, 16, 0, 0.06%, 9, 0, 10, 277.07
1735501482, 14, 54, 79, 16, 0, 0.06%, 9, 0, 10, 379.86
1735501487, 14, 57, 79, 16, 0, 0.06%, 9, 0, 10, 329.18
1735501492, 14, 58, 79, 16, 0, 0.06%, 9, 0, 10, 324.19
1735501497, 14, 59, 79, 16, 0, 0.06%, 9, 0, 10, 328.59
1735501502, 14, 60, 79, 16, 0, 0.06%, 9, 0, 10, 363.72
1735501513, 14, 65, 79, 16, 0, 0.06%, 9, 0, 10, 347.70
1735501518, 14, 66, 79, 16, 0, 0.06%, 9, 0, 10, 361.37
1735501528, 14, 67, 79, 16, 0, 0.06%, 9, 0, 10, 401.84
1735501533, 14, 68, 79, 16, 0, 0.06%, 9, 0, 10, 331.16
1735501538, 14, 69, 79, 16, 0, 0.06%, 9, 0, 10, 341.05
1735501543, 14, 70, 79, 16, 0, 0.06%, 9, 0, 10, 325.69
1735501553, 14, 71, 79, 16, 0, 0.06%, 9, 0, 10, 345.14
1735501558, 14, 72, 79, 16, 0, 0.06%, 9, 0, 10, 327.23
1735501568, 14, 73, 79, 16, 0, 0.06%, 9, 0, 10, 348.58
1735501579, 14, 74, 79, 16, 0, 0.06%, 9, 0, 10, 312.85
1735501589, 14, 75, 79, 16, 0, 0.06%, 9, 0, 10, 351.42
1735501594, 14, 77, 79, 16, 0, 0.06%, 9, 0, 10, 331.35
1735501604, 14, 78, 79, 16, 0, 0.06%, 9, 0, 10, 350.13
1735501614, 15, 15, 79, 16, 0, 0.06%, 9, 0, 10, 312.25
1735501619, 15, 17, 79, 16, 0, 0.06%, 9, 0, 10, 335.82
1735501624, 15, 21, 79, 16, 0, 0.06%, 9, 0, 10, 315.69
1735501629, 15, 22, 79, 16, 0, 0.06%, 9, 0, 10, 340.22
1735501635, 15, 23, 79, 16, 0, 0.06%, 9, 0, 10, 290.06
1735501640, 15, 24, 79, 16, 0, 0.06%, 9, 0, 10, 325.51
1735501645, 15, 28, 79, 16, 0, 0.06%, 9, 0, 10, 329.27
1735501650, 15, 30, 79, 16, 0, 0.06%, 9, 0, 10, 320.28
1735501655, 15, 31, 79, 16, 0, 0.06%, 9, 0, 10, 327.17
1735501660, 15, 32, 79, 16, 0, 0.06%, 9, 0, 10, 380.76
1735501665, 15, 33, 79, 16, 0, 0.06%, 9, 0, 10, 335.07
1735501671, 15, 34, 79, 16, 0, 0.06%, 9, 0, 10, 312.26
1735501676, 15, 35, 79, 16, 0, 0.06%, 9, 0, 10, 305.02
1735501681, 15, 36, 79, 16, 0, 0.06%, 9, 0, 10, 317.65
1735501686, 15, 37, 79, 16, 0, 0.06%, 9, 0, 10, 304.31
1735501691, 15, 38, 79, 16, 0, 0.06%, 9, 0, 10, 316.12
1735501696, 15, 39, 79, 16, 0, 0.06%, 9, 0, 10, 326.57
1735501701, 15, 41, 79, 16, 0, 0.06%, 9, 0, 10, 346.22
1735501706, 15, 49, 79, 16, 0, 0.06%, 9, 0, 10, 313.51
1735501722, 15, 50, 79, 16, 0, 0.06%, 9, 0, 10, 346.66
1735501727, 15, 51, 79, 16, 0, 0.06%, 9, 0, 10, 325.79
1735501732, 15, 52, 79, 16, 0, 0.06%, 9, 0, 10, 322.36
1735501737, 15, 53, 79, 16, 0, 0.06%, 9, 0, 10, 336.62
1735501752, 15, 54, 79, 16, 0, 0.06%, 9, 0, 10, 360.64
1735501757, 15, 57, 79, 16, 0, 0.06%, 9, 0, 10, 356.96
1735501762, 15, 58, 79, 16, 0, 0.06%, 9, 0, 10, 333.68
1735501767, 15, 59, 79, 16, 0, 0.06%, 9, 0, 10, 371.20
1735501773, 15, 60, 79, 16, 0, 0.06%, 9, 0, 10, 369.56
1735501783, 15, 65, 79, 16, 0, 0.06%, 9, 0, 10, 356.77
1735501788, 15, 66, 79, 16, 0, 0.06%, 9, 0, 10, 391.18
1735501798, 15, 67, 79, 16, 0, 0.06%, 9, 0, 10, 369.00
1735501803, 15, 68, 79, 16, 0, 0.06%, 9, 0, 10, 335.88
1735501808, 15, 69, 79, 16, 0, 0.06%, 9, 0, 10, 324.16
1735501813, 15, 70, 79, 16, 0, 0.06%, 9, 0, 10, 344.70
1735501823, 15, 71, 79, 16, 0, 0.06%, 9, 0, 10, 340.34
1735501828, 15, 72, 79, 16, 0, 0.06%, 9, 0, 10, 324.86
1735501839, 15, 73, 79, 16, 0, 0.06%, 9, 0, 10, 335.59
1735501849, 15, 74, 79, 16, 0, 0.06%, 9, 0, 10, 345.69
1735501859, 15, 75, 79, 16, 0, 0.06%, 9, 0, 10, 338.43
1735501864, 15, 77, 79, 16, 0, 0.06%, 9, 0, 10, 336.87
1735501874, 15, 78, 79, 16, 0, 0.06%, 9, 0, 10, 320.54
1735501884, 16, 15, 79, 16, 0, 0.06%, 9, 0, 10, 303.25
1735501889, 16, 17, 79, 16, 0, 0.06%, 9, 0, 10, 345.60
1735501894, 16, 21, 79, 16, 0, 0.06%, 9, 0, 10, 336.48
1735501899, 16, 22, 79, 16, 0, 0.06%, 9, 0, 10, 340.39
1735501904, 16, 23, 79, 16, 0, 0.06%, 9, 0, 10, 293.60
1735501909, 16, 24, 79, 16, 0, 0.06%, 9, 0, 10, 326.08
1735501915, 16, 28, 79, 16, 0, 0.06%, 9, 0, 10, 322.75
1735501920, 16, 29, 79, 16, 0, 0.06%, 9, 0, 10, 310.21
1735501925, 16, 30, 79, 16, 0, 0.06%, 9, 0, 10, 297.55
1735501930, 16, 31, 79, 16, 0, 0.06%, 9, 0, 10, 339.18
1735501935, 16, 33, 79, 16, 0, 0.06%, 9, 0, 10, 336.28
1735501940, 16, 34, 79, 16, 0, 0.06%, 9, 0, 10, 314.92
1735501945, 16, 35, 79, 16, 0, 0.06%, 9, 0, 10, 305.96
1735501950, 16, 36, 79, 16, 0, 0.06%, 9, 0, 10, 308.57
1735501955, 16, 37, 79, 16, 0, 0.06%, 9, 0, 10, 292.63
1735501960, 16, 38, 79, 16, 0, 0.06%, 9, 0, 10, 305.25
1735501965, 16, 39, 79, 16, 0, 0.06%, 9, 0, 10, 320.95
1735501970, 16, 40, 79, 16, 0, 0.06%, 9, 0, 10, 347.24
1735501975, 16, 41, 79, 16, 0, 0.06%, 9, 0, 10, 346.51
1735501981, 16, 49, 79, 16, 0, 0.06%, 9, 0, 10, 353.01
1735501991, 16, 50, 79, 16, 0, 0.06%, 9, 0, 10, 401.15
1735501996, 16, 51, 79, 16, 0, 0.06%, 9, 0, 10, 332.26
1735502006, 16, 52, 79, 16, 0, 0.06%, 9, 0, 10, 327.09
1735502011, 16, 53, 79, 16, 0, 0.06%, 9, 0, 10, 326.83
1735502026, 16, 54, 79, 16, 0, 0.06%, 9, 0, 10, 322.55
1735502031, 16, 57, 79, 16, 0, 0.06%, 9, 0, 10, 347.56
1735502036, 16, 58, 79, 16, 0, 0.06%, 9, 0, 10, 310.33
1735502041, 16, 59, 79, 16, 0, 0.06%, 9, 0, 10, 354.36
1735502047, 16, 60, 79, 16, 0, 0.06%, 9, 0, 10, 300.70
1735502057, 16, 65, 79, 16, 0, 0.06%, 9, 0, 10, 376.66
1735502062, 16, 66, 79, 16, 0, 0.06%, 9, 0, 10, 392.60
1735502067, 16, 67, 79, 16, 0, 0.06%, 9, 0, 10, 326.87
1735502077, 16, 68, 79, 16, 0, 0.06%, 9, 0, 10, 361.29
1735502082, 16, 69, 79, 16, 0, 0.06%, 9, 0, 10, 349.88
1735502087, 16, 70, 79, 16, 0, 0.06%, 9, 0, 10, 341.92
1735502092, 16, 71, 79, 16, 0, 0.06%, 9, 0, 10, 358.64
1735502102, 16, 72, 79, 16, 0, 0.06%, 9, 0, 10, 413.38
1735502107, 16, 73, 79, 16, 0, 0.06%, 9, 0, 10, 374.68
1735502118, 16, 74, 79, 16, 0, 0.06%, 9, 0, 10, 343.61
1735502128, 16, 75, 79, 16, 0, 0.06%, 9, 0, 10, 331.83
1735502138, 16, 77, 79, 16, 0, 0.06%, 9, 0, 10, 363.90
1735502143, 16, 78, 79, 16, 0, 0.06%, 9, 0, 10, 365.40
1735502153, 17, 15, 79, 16, 0, 0.06%, 9, 0, 10, 319.20
1735502158, 17, 17, 79, 16, 0, 0.06%, 9, 0, 10, 348.96
1735502163, 17, 21, 79, 16, 0, 0.06%, 9, 0, 10, 314.84
1735502168, 17, 23, 79, 16, 0, 0.06%, 9, 0, 10, 313.61
1735502173, 17, 24, 79, 16, 0, 0.06%, 9, 0, 10, 309.66
1735502179, 17, 28, 79, 16, 0, 0.06%, 9, 0, 10, 352.13
1735502184, 17, 29, 79, 16, 0, 0.06%, 9, 0, 10, 313.87
1735502189, 17, 30, 79, 16, 0, 0.06%, 9, 0, 10, 282.30
1735502194, 17, 31, 79, 16, 0, 0.06%, 9, 0, 10, 351.27
1735502199, 17, 32, 79, 16, 0, 0.06%, 9, 0, 10, 361.24
1735502204, 17, 33, 79, 16, 0, 0.06%, 9, 0, 10, 331.58
1735502209, 17, 34, 79, 16, 0, 0.06%, 9, 0, 10, 293.00
1735502214, 17, 35, 79, 16, 0, 0.06%, 9, 0, 10, 291.56
1735502219, 17, 36, 79, 16, 0, 0.06%, 9, 0, 10, 309.48
1735502224, 17, 37, 79, 16, 0, 0.06%, 9, 0, 10, 288.20
1735502230, 17, 38, 79, 16, 0, 0.06%, 9, 0, 10, 300.94
1735502235, 17, 39, 79, 16, 0, 0.06%, 9, 0, 10, 317.85
1735502240, 17, 40, 79, 16, 0, 0.06%, 9, 0, 10, 319.34
1735502245, 17, 41, 79, 16, 0, 0.06%, 9, 0, 10, 327.53
1735502250, 17, 49, 79, 16, 0, 0.06%, 9, 0, 10, 276.80
1735502260, 17, 50, 79, 16, 0, 0.06%, 9, 0, 10, 359.05
1735502265, 17, 51, 79, 16, 0, 0.06%, 9, 0, 10, 334.55
1735502270, 17, 52, 79, 16, 0, 0.06%, 9, 0, 10, 336.27
1735502276, 17, 53, 79, 16, 0, 0.06%, 9, 0, 10, 369.23
1735502291, 17, 54, 79, 16, 0, 0.06%, 9, 0, 10, 374.11
1735502296, 17, 57, 79, 16, 0, 0.06%, 9, 0, 10, 374.09
1735502301, 17, 58, 79, 16, 0, 0.06%, 9, 0, 10, 319.61
1735502306, 17, 59, 79, 16, 0, 0.06%, 9, 0, 10, 348.32
1735502311, 17, 60, 79, 16, 0, 0.06%, 9, 0, 10, 391.49
1735502321, 17, 65, 79, 16, 0, 0.06%, 9, 0, 10, 363.11
1735502326, 17, 66, 79, 16, 0, 0.06%, 9, 0, 10, 361.97
1735502336, 17, 67, 79, 16, 0, 0.06%, 9, 0, 10, 380.68
1735502342, 17, 68, 79, 16, 0, 0.06%, 9, 0, 10, 293.69
1735502347, 17, 69, 79, 16, 0, 0.06%, 9, 0, 10, 342.57
1735502357, 17, 70, 79, 16, 0, 0.06%, 9, 0, 10, 343.38
1735502362, 17, 71, 79, 16, 0, 0.06%, 9, 0, 10, 281.78
1735502372, 17, 72, 79, 16, 0, 0.06%, 9, 0, 10, 391.39
1735502377, 17, 73, 79, 16, 0, 0.06%, 9, 0, 10, 295.30
1735502387, 17, 74, 79, 16, 0, 0.06%, 9, 0, 10, 294.93
1735502398, 17, 75, 79, 16, 0, 0.06%, 9, 0, 10, 350.71
1735502403, 17, 77, 79, 16, 0, 0.06%, 9, 0, 10, 325.60
1735502413, 17, 78, 79, 16, 0, 0.06%, 9, 0, 10, 295.13
1735502423, 18, 17, 79, 16, 0, 0.06%, 9, 0, 10, 292.00
1735502428, 18, 21, 79, 16, 0, 0.06%, 9, 0, 10, 352.90
1735502433, 18, 22, 79, 16, 0, 0.06%, 9, 0, 10, 346.05
1735502439, 18, 23, 79, 16, 0, 0.06%, 9, 0, 10, 285.45
1735502444, 18, 24, 79, 16, 0, 0.06%, 9, 0, 10, 329.76
1735502449, 18, 28, 79, 16, 0, 0.06%, 9, 0, 10, 340.28
1735502454, 18, 29, 79, 16, 0, 0.06%, 9, 0, 10, 314.67
1735502459, 18, 30, 79, 16, 0, 0.06%, 9, 0, 10, 305.46
1735502464, 18, 31, 79, 16, 0, 0.06%, 9, 0, 10, 336.63
1735502469, 18, 33, 79, 16, 0, 0.06%, 9, 0, 10, 330.00
1735502474, 18, 34, 79, 16, 0, 0.06%, 9, 0, 10, 329.21
1735502479, 18, 35, 79, 16, 0, 0.06%, 9, 0, 10, 302.48
1735502484, 18, 36, 79, 16, 0, 0.06%, 9, 0, 10, 320.02
1735502489, 18, 37, 79, 16, 0, 0.06%, 9, 0, 10, 309.05
1735502494, 18, 38, 79, 16, 0, 0.06%, 9, 0, 10, 324.13
1735502499, 18, 39, 79, 16, 0, 0.06%, 9, 0, 10, 343.48
1735502504, 18, 40, 79, 16, 0, 0.06%, 9, 0, 10, 357.56
1735502509, 18, 41, 79, 16, 0, 0.06%, 9, 0, 10, 347.43
1735502514, 18, 49, 79, 16, 0, 0.06%, 9, 0, 10, 326.39
1735502524, 18, 50, 79, 16, 0, 0.06%, 9, 0, 10, 388.61
1735502529, 18, 51, 79, 16, 0, 0.06%, 9, 0, 10, 336.71
1735502535, 18, 52, 79, 16, 0, 0.06%, 9, 0, 10, 337.83
1735502545, 18, 53, 79, 16, 0, 0.06%, 9, 0, 10, 300.13
1735502555, 18, 54, 79, 16, 0, 0.06%, 9, 0, 10, 356.02
1735502560, 18, 57, 79, 16, 0, 0.06%, 9, 0, 10, 327.23
1735502565, 18, 58, 79, 16, 0, 0.06%, 9, 0, 10, 346.27
1735502575, 18, 60, 79, 16, 0, 0.06%, 9, 0, 10, 370.03
1735502585, 18, 65, 79, 16, 0, 0.06%, 9, 0, 10, 355.05
1735502590, 18, 66, 79, 16, 0, 0.06%, 9, 0, 10, 376.26
1735502600, 18, 67, 79, 16, 0, 0.06%, 9, 0, 10, 408.84
1735502606, 18, 68, 79, 16, 0, 0.06%, 9, 0, 10, 340.22
1735502616, 18, 69, 79, 16, 0, 0.06%, 9, 0, 10, 334.29
1735502621, 18, 70, 79, 16, 0, 0.06%, 9, 0, 10, 351.77
1735502626, 18, 71, 79, 16, 0, 0.06%, 9, 0, 10, 293.70
1735502636, 18, 72, 79, 16, 0, 0.06%, 9, 0, 10, 385.91
1735502641, 18, 73, 79, 16, 0, 0.06%, 9, 0, 10, 320.38
1735502651, 18, 74, 79, 16, 0, 0.06%, 9, 0, 10, 342.18
1735502661, 18, 75, 79, 16, 0, 0.06%, 9, 0, 10, 341.69
1735502666, 18, 77, 79, 16, 0, 0.06%, 9, 0, 10, 332.18
1735502676, 18, 78, 79, 16, 0, 0.06%, 9, 0, 10, 334.18
1735502681, 19, 15, 79, 16, 0, 0.06%, 9, 0, 10, 332.37
1735502686, 19, 17, 79, 16, 0, 0.06%, 9, 0, 10, 369.18
1735502692, 19, 21, 79, 16, 0, 0.06%, 9, 0, 10, 332.79
1735502697, 19, 22, 79, 16, 0, 0.06%, 9, 0, 10, 333.79
1735502702, 19, 23, 79, 16, 0, 0.06%, 9, 0, 10, 296.71
1735502707, 19, 24, 79, 16, 0, 0.06%, 9, 0, 10, 313.51
1735502712, 19, 29, 79, 16, 0, 0.06%, 9, 0, 10, 328.20
1735502717, 19, 30, 79, 16, 0, 0.06%, 9, 0, 10, 326.45
1735502722, 19, 31, 79, 16, 0, 0.06%, 9, 0, 10, 342.15
1735502727, 19, 32, 79, 16, 0, 0.06%, 9, 0, 10, 375.34
1735502732, 19, 33, 79, 16, 0, 0.06%, 9, 0, 10, 323.74
1735502737, 19, 34, 79, 16, 0, 0.06%, 9, 0, 10, 307.25
1735502742, 19, 35, 79, 16, 0, 0.06%, 9, 0, 10, 326.33
1735502747, 19, 36, 79, 16, 0, 0.06%, 9, 0, 10, 305.17
1735502752, 19, 37, 79, 16, 0, 0.06%, 9, 0, 10, 289.05
1735502758, 19, 38, 79, 16, 0, 0.06%, 9, 0, 10, 317.42
1735502763, 19, 39, 79, 16, 0, 0.06%, 9, 0, 10, 338.05
1735502768, 19, 40, 79, 16, 0, 0.06%, 9, 0, 10, 324.05
1735502773, 19, 41, 79, 16, 0, 0.06%, 9, 0, 10, 344.53
1735502778, 19, 49, 79, 16, 0, 0.06%, 9, 0, 10, 268.70
1735502788, 19, 50, 79, 16, 0, 0.06%, 9, 0, 10, 345.04
1735502793, 19, 51, 79, 16, 0, 0.06%, 9, 0, 10, 319.48
1735502798, 19, 52, 79, 16, 0, 0.06%, 9, 0, 10, 313.28
1735502803, 19, 53, 79, 16, 0, 0.06%, 9, 0, 10, 344.21
1735502819, 19, 54, 79, 16, 0, 0.06%, 9, 0, 10, 377.86
1735502824, 19, 57, 79, 16, 0, 0.06%, 9, 0, 10, 343.83
1735502829, 19, 58, 79, 16, 0, 0.06%, 9, 0, 10, 316.16
1735502834, 19, 59, 79, 16, 0, 0.06%, 9, 0, 10, 314.54
1735502839, 19, 60, 79, 16, 0, 0.06%, 9, 0, 10, 368.06
1735502849, 19, 65, 79, 16, 0, 0.06%, 9, 0, 10, 345.22
1735502854, 19, 66, 79, 16, 0, 0.06%, 9, 0, 10, 349.41
1735502864, 19, 67, 79, 16, 0, 0.06%, 9, 0, 10, 377.10
1735502869, 19, 68, 79, 16, 0, 0.06%, 9, 0, 10, 375.71
1735502879, 19, 69, 79, 16, 0, 0.06%, 9, 0, 10, 337.88
1735502884, 19, 70, 79, 16, 0, 0.06%, 9, 0, 10, 350.65
1735502889, 19, 71, 79, 16, 0, 0.06%, 9, 0, 10, 340.95
1735502899, 19, 72, 79, 16, 0, 0.06%, 9, 0, 10, 389.13
1735502904, 19, 73, 79, 16, 0, 0.06%, 9, 0, 10, 367.17
1735502915, 19, 74, 79, 16, 0, 0.06%, 9, 0, 10, 361.58
1735502925, 19, 75, 79, 16, 0, 0.06%, 9, 0, 10, 311.74
1735502935, 19, 77, 79, 16, 0, 0.06%, 9, 0, 10, 376.25
1735502940, 19, 78, 79, 16, 0, 0.06%, 9, 0, 10, 387.81
1735502950, 20, 15, 79, 16, 0, 0.06%, 9, 0, 10, 318.88
1735502955, 20, 17, 79, 16, 0, 0.06%, 9, 0, 10, 354.03
1735502960, 20, 21, 79, 16, 0, 0.06%, 9, 0, 10, 320.83
1735502965, 20, 22, 79, 16, 0, 0.06%, 9, 0, 10, 324.79
1735502970, 20, 23, 79, 16, 0, 0.06%, 9, 0, 10, 286.18
1735502975, 20, 28, 79, 16, 0, 0.06%, 9, 0, 10, 344.06
1735502981, 20, 29, 79, 16, 0, 0.06%, 9, 0, 10, 327.35
1735502986, 20, 30, 79, 16, 0, 0.06%, 9, 0, 10, 313.09
1735502991, 20, 31, 79, 16, 0, 0.06%, 9, 0, 10, 348.70
1735502996, 20, 32, 79, 16, 0, 0.06%, 9, 0, 10, 356.20
1735503001, 20, 33, 79, 16, 0, 0.06%, 9, 0, 10, 343.26
1735503006, 20, 34, 79, 16, 0, 0.06%, 9, 0, 10, 309.84
1735503011, 20, 35, 79, 16, 0, 0.06%, 9, 0, 10, 319.30
1735503016, 20, 36, 79, 16, 0, 0.06%, 9, 0, 10, 325.37
1735503021, 20, 37, 79, 16, 0, 0.06%, 9, 0, 10, 296.34
1735503026, 20, 38, 79, 16, 0, 0.06%, 9, 0, 10, 326.83
1735503032, 20, 40, 79, 16, 0, 0.06%, 9, 0, 10, 332.21
1735503037, 20, 41, 79, 16, 0, 0.06%, 9, 0, 10, 318.98
1735503042, 20, 49, 79, 16, 0, 0.06%, 9, 0, 10, 361.75
1735503057, 20, 51, 79, 16, 0, 0.06%, 9, 0, 10, 367.98
1735503067, 20, 52, 79, 16, 0, 0.06%, 9, 0, 10, 330.36
1735503072, 20, 53, 79, 16, 0, 0.06%, 9, 0, 10, 387.70
1735503087, 20, 57, 79, 16, 0, 0.06%, 9, 0, 10, 374.28
1735503098, 20, 58, 79, 16, 0, 0.06%, 9, 0, 10, 318.85
1735503103, 20, 59, 79, 16, 0, 0.06%, 9, 0, 10, 335.31
1735503108, 20, 60, 79, 16, 0, 0.06%, 9, 0, 10, 284.20
1735503118, 20, 65, 79, 16, 0, 0.06%, 9, 0, 10, 353.86
1735503123, 20, 66, 79, 16, 0, 0.06%, 9, 0, 10, 368.37
1735503128, 20, 67, 79, 16, 0, 0.06%, 9, 0, 10, 303.61
1735503138, 20, 68, 79, 16, 0, 0.06%, 9, 0, 10, 370.31
1735503143, 20, 69, 79, 16, 0, 0.06%, 9, 0, 10, 358.51
1735503149, 20, 70, 79, 16, 0, 0.06%, 9, 0, 10, 299.30
1735503154, 20, 71, 79, 16, 0, 0.06%, 9, 0, 10, 380.07
1735503164, 20, 72, 79, 16, 0, 0.06%, 9, 0, 10, 411.45
1735503169, 20, 73, 79, 16, 0, 0.06%, 9, 0, 10, 338.32
1735503179, 20, 74, 79, 16, 0, 0.06%, 9, 0, 10, 356.97
1735503189, 20, 75, 79, 16, 0, 0.06%, 9, 0, 10, 331.58
1735503200, 20, 77, 79, 16, 0, 0.06%, 9, 0, 10, 352.96
1735503210, 20, 78, 79, 16, 0, 0.06%, 9, 0, 10, 370.28
1735503215, 21, 15, 79, 16, 0, 0.06%, 9, 0, 10, 320.47
1735503220, 21, 17, 79, 16, 0, 0.06%, 9, 0, 10, 349.27
1735503225, 21, 21, 79, 16, 0, 0.06%, 9, 0, 10, 337.07
1735503230, 21, 23, 79, 16, 0, 0.06%, 9, 0, 10, 331.83
1735503235, 21, 24, 79, 16, 0, 0.06%, 9, 0, 10, 289.93
1735503240, 21, 28, 79, 16, 0, 0.06%, 9, 0, 10, 358.07
1735503245, 21, 29, 79, 16, 0, 0.06%, 9, 0, 10, 325.24
1735503250, 21, 30, 79, 16, 0, 0.06%, 9, 0, 10, 302.94
1735503255, 21, 31, 79, 16, 0, 0.06%, 9, 0, 10, 357.65
1735503260, 21, 32, 79, 16, 0, 0.06%, 9, 0, 10, 347.14
1735503265, 21, 33, 79, 16, 0, 0.06%, 9, 0, 10, 316.97
1735503271, 21, 34, 79, 16, 0, 0.06%, 9, 0, 10, 325.38
1735503276, 21, 35, 79, 16, 0, 0.06%, 9, 0, 10, 302.78
1735503281, 21, 36, 79, 16, 0, 0.06%, 9, 0, 10, 328.03
1735503286, 21, 37, 79, 16, 0, 0.06%, 9, 0, 10, 282.66
1735503291, 21, 38, 79, 16, 0, 0.06%, 9, 0, 10, 333.30
1735503296, 21, 40, 79, 16, 0, 0.06%, 9, 0, 10, 347.70
1735503301, 21, 41, 79, 16, 0, 0.06%, 9, 0, 10, 337.36
1735503306, 21, 49, 79, 16, 0, 0.06%, 9, 0, 10, 413.98
1735503316, 21, 50, 79, 16, 0, 0.06%, 9, 0, 10, 358.89
1735503321, 21, 51, 79, 16, 0, 0.06%, 9, 0, 10, 344.33
1735503332, 21, 52, 79, 16, 0, 0.06%, 9, 0, 10, 323.70
1735503337, 21, 53, 79, 16, 0, 0.06%, 9, 0, 10, 365.99
1735503352, 21, 57, 79, 16, 0, 0.06%, 9, 0, 10, 389.60
1735503362, 21, 58, 79, 16, 0, 0.06%, 9, 0, 10, 309.52
1735503367, 21, 59, 79, 16, 0, 0.06%, 9, 0, 10, 344.81
1735503372, 21, 60, 79, 16, 0, 0.06%, 9, 0, 10, 281.41
1735503383, 21, 65, 79, 16, 0, 0.06%, 9, 0, 10, 360.61
1735503388, 21, 66, 79, 16, 0, 0.06%, 9, 0, 10, 394.97
1735503393, 21, 67, 79, 16, 0, 0.06%, 9, 0, 10, 383.00
1735503403, 21, 68, 79, 16, 0, 0.06%, 9, 0, 10, 349.52
1735503408, 21, 69, 79, 16, 0, 0.06%, 9, 0, 10, 353.52
1735503413, 21, 70, 79, 16, 0, 0.06%, 9, 0, 10, 338.89
1735503418, 21, 71, 79, 16, 0, 0.06%, 9, 0, 10, 373.33
1735503428, 21, 72, 79, 16, 0, 0.06%, 9, 0, 10, 393.42
1735503433, 21, 73, 79, 16, 0, 0.06%, 9, 0, 10, 353.60
1735503444, 21, 74, 79, 16, 0, 0.06%, 9, 0, 10, 349.11
1735503454, 21, 75, 79, 16, 0, 0.06%, 9, 0, 10, 326.27
1735503464, 21, 77, 79, 16, 0, 0.06%, 9, 0, 10, 362.62
1735503469, 21, 78, 79, 16, 0, 0.06%, 9, 0, 10, 318.26
1735503479, 22, 17, 79, 16, 0, 0.06%, 9, 0, 10, 311.77
1735503484, 22, 21, 79, 16, 0, 0.06%, 9, 0, 10, 360.58
1735503489, 22, 22, 79, 16, 0, 0.06%, 9, 0, 10, 359.67
1735503494, 22, 23, 79, 16, 0, 0.06%, 9, 0, 10, 295.04
1735503499, 22, 24, 79, 16, 0, 0.06%, 9, 0, 10, 351.17
1735503504, 22, 28, 79, 16, 0, 0.06%, 9, 0, 10, 331.73
1735503509, 22, 29, 79, 16, 0, 0.06%, 9, 0, 10, 318.96
1735503514, 22, 30, 79, 16, 0, 0.06%, 9, 0, 10, 294.31
1735503520, 22, 31, 79, 16, 0, 0.06%, 9, 0, 10, 343.33
1735503525, 22, 33, 79, 16, 0, 0.06%, 9, 0, 10, 327.73
1735503530, 22, 34, 79, 16, 0, 0.06%, 9, 0, 10, 318.48
1735503535, 22, 35, 79, 16, 0, 0.06%, 9, 0, 10, 308.67
1735503540, 22, 36, 79, 16, 0, 0.06%, 9, 0, 10, 311.08
1735503545, 22, 37, 79, 16, 0, 0.06%, 9, 0, 10, 295.16
1735503550, 22, 38, 79, 16, 0, 0.06%, 9, 0, 10, 337.51
1735503555, 22, 39, 79, 16, 0, 0.06%, 9, 0, 10, 339.12
1735503560, 22, 40, 79, 16, 0, 0.06%, 9, 0, 10, 336.62
1735503565, 22, 41, 79, 16, 0, 0.06%, 9, 0, 10, 344.05
1735503570, 22, 49, 79, 16, 0, 0.06%, 9, 0, 10, 318.04
1735503581, 22, 50, 79, 16, 0, 0.06%, 9, 0, 10, 391.76
1735503586, 22, 51, 79, 16, 0, 0.06%, 9, 0, 10, 331.60
1735503591, 22, 52, 79, 16, 0, 0.06%, 9, 0, 10, 337.19
1735503601, 22, 53, 79, 16, 0, 0.06%, 9, 0, 10, 280.11
1735503611, 22, 54, 79, 16, 0, 0.06%, 9, 0, 10, 340.32
1735503616, 22, 57, 79, 16, 0, 0.06%, 9, 0, 10, 320.35
1735503621, 22, 58, 79, 16, 0, 0.06%, 9, 0, 10, 348.12
1735503631, 22, 59, 79, 16, 0, 0.06%, 9, 0, 10, 333.23
1735503637, 22, 60, 79, 16, 0, 0.06%, 9, 0, 10, 261.68
1735503647, 22, 66, 79, 16, 0, 0.06%, 9, 0, 10, 379.31
1735503657, 22, 67, 79, 16, 0, 0.06%, 9, 0, 10, 403.12
1735503662, 22, 68, 79, 16, 0, 0.06%, 9, 0, 10, 369.91
1735503672, 22, 69, 79, 16, 0, 0.06%, 9, 0, 10, 337.94
1735503677, 22, 70, 79, 16, 0, 0.06%, 9, 0, 10, 354.70
1735503682, 22, 71, 79, 16, 0, 0.06%, 9, 0, 10, 305.70
1735503692, 22, 72, 79, 16, 0, 0.06%, 9, 0, 10, 383.94
1735503697, 22, 73, 79, 16, 0, 0.06%, 9, 0, 10, 325.22
1735503707, 22, 74, 79, 16, 0, 0.06%, 9, 0, 10, 323.18
1735503717, 22, 75, 79, 16, 0, 0.06%, 9, 0, 10, 347.02
1735503727, 22, 77, 79, 16, 0, 0.06%, 9, 0, 10, 365.39
1735503732, 22, 78, 79, 16, 0, 0.06%, 9, 0, 10, 310.64
1735503742, 23, 15, 79, 16, 0, 0.06%, 9, 0, 10, 297.50
1735503748, 23, 21, 79, 16, 0, 0.06%, 9, 0, 10, 318.38
1735503753, 23, 22, 79, 16, 0, 0.06%, 9, 0, 10, 329.47
1735503758, 23, 24, 79, 16, 0, 0.06%, 9, 0, 10, 363.40
1735503763, 23, 29, 79, 16, 0, 0.06%, 9, 0, 10, 322.22
1735503768, 23, 30, 79, 16, 0, 0.06%, 9, 0, 10, 295.00
1735503773, 23, 32, 79, 16, 0, 0.06%, 9, 0, 10, 347.85
1735503778, 23, 33, 79, 16, 0, 0.06%, 9, 0, 10, 334.95
1735503783, 23, 34, 79, 16, 0, 0.06%, 9, 0, 10, 312.27
1735503788, 23, 35, 79, 16, 0, 0.06%, 9, 0, 10, 296.60
1735503793, 23, 36, 79, 16, 0, 0.06%, 9, 0, 10, 304.33
1735503798, 23, 37, 79, 16, 0, 0.06%, 9, 0, 10, 278.57
1735503803, 23, 38, 79, 16, 0, 0.06%, 9, 0, 10, 326.27
1735503808, 23, 39, 79, 16, 0, 0.06%, 9, 0, 10, 318.20
1735503813, 23, 40, 79, 16, 0, 0.06%, 9, 0, 10, 343.25
1735503818, 23, 41, 79, 16, 0, 0.06%, 9, 0, 10, 310.19
1735503823, 23, 49, 79, 16, 0, 0.06%, 9, 0, 10, 272.76
1735503834, 23, 50, 79, 16, 0, 0.06%, 9, 0, 10, 357.93
1735503839, 23, 51, 79, 16, 0, 0.06%, 9, 0, 10, 328.39
1735503844, 23, 52, 79, 16, 0, 0.06%, 9, 0, 10, 323.42
1735503849, 23, 53, 79, 16, 0, 0.06%, 9, 0, 10, 346.97
1735503864, 23, 54, 79, 16, 0, 0.06%, 9, 0, 10, 379.62
1735503869, 23, 57, 79, 16, 0, 0.06%, 9, 0, 10, 368.46
1735503874, 23, 58, 79, 16, 0, 0.06%, 9, 0, 10, 341.37
1735503879, 23, 59, 79, 16, 0, 0.06%, 9, 0, 10, 324.14
1735503885, 23, 60, 79, 16, 0, 0.06%, 9, 0, 10, 387.36
1735503895, 23, 65, 79, 16, 0, 0.06%, 9, 0, 10, 356.95
1735503900, 23, 66, 79, 16, 0, 0.06%, 9, 0, 10, 328.30
1735503910, 23, 67, 79, 16, 0, 0.06%, 9, 0, 10, 394.48
1735503915, 23, 68, 79, 16, 0, 0.06%, 9, 0, 10, 357.87
1735503920, 23, 69, 79, 16, 0, 0.06%, 9, 0, 10, 332.79
1735503925, 23, 70, 79, 16, 0, 0.06%, 9, 0, 10, 321.64
1735503935, 23, 71, 79, 16, 0, 0.06%, 9, 0, 10, 344.32
1735503940, 23, 72, 79, 16, 0, 0.06%, 9, 0, 10, 341.79
1735503951, 23, 73, 79, 16, 0, 0.06%, 9, 0, 10, 358.77
1735503961, 23, 74, 79, 16, 0, 0.06%, 9, 0, 10, 363.57
1735503966, 23, 75, 79, 16, 0, 0.06%, 9, 0, 10, 375.78
1735503976, 23, 77, 79, 16, 0, 0.06%, 9, 0, 10, 386.68
1735503981, 23, 78, 79, 16, 0, 0.06%, 9, 0, 10, 354.79
1735503991, 24, 15, 79, 16, 0, 0.06%, 9, 0, 10, 327.38
1735503996, 24, 17, 79, 16, 0, 0.06%, 9, 0, 10, 332.43
1735504001, 24, 22, 79, 16, 0, 0.06%, 9, 0, 10, 326.50
1735504006, 24, 24, 79, 16, 0, 0.06%, 9, 0, 10, 363.28
1735504011, 24, 29, 79, 16, 0, 0.06%, 9, 0, 10, 319.89
1735504016, 24, 30, 79, 16, 0, 0.06%, 9, 0, 10, 290.69
1735504022, 24, 32, 79, 16, 0, 0.06%, 9, 0, 10, 359.27
1735504027, 24, 33, 79, 16, 0, 0.06%, 9, 0, 10, 316.07
1735504032, 24, 34, 79, 16, 0, 0.06%, 9, 0, 10, 295.76
1735504037, 24, 35, 79, 16, 0, 0.06%, 9, 0, 10, 296.46
1735504042, 24, 36, 79, 16, 0, 0.06%, 9, 0, 10, 322.56
1735504047, 24, 37, 79, 16, 0, 0.06%, 9, 0, 10, 293.51
1735504052, 24, 38, 79, 16, 0, 0.06%, 9, 0, 10, 318.68
1735504057, 24, 39, 79, 16, 0, 0.06%, 9, 0, 10, 329.06
1735504062, 24, 40, 79, 16, 0, 0.06%, 9, 0, 10, 313.95
1735504067, 24, 41, 79, 16, 0, 0.06%, 9, 0, 10, 312.71
1735504073, 24, 49, 79, 16, 0, 0.06%, 9, 0, 10, 284.14
1735504083, 24, 50, 79, 16, 0, 0.06%, 9, 0, 10, 365.18
1735504088, 24, 51, 79, 16, 0, 0.06%, 9, 0, 10, 308.91
1735504093, 24, 52, 79, 16, 0, 0.06%, 9, 0, 10, 342.18
1735504103, 24, 53, 79, 16, 0, 0.06%, 9, 0, 10, 271.50
1735504113, 24, 54, 79, 16, 0, 0.06%, 9, 0, 10, 379.74
1735504118, 24, 57, 79, 16, 0, 0.06%, 9, 0, 10, 308.78
1735504123, 24, 58, 79, 16, 0, 0.06%, 9, 0, 10, 337.41
1735504128, 24, 59, 79, 16, 0, 0.06%, 9, 0, 10, 342.03
1735504133, 24, 60, 79, 16, 0, 0.06%, 9, 0, 10, 393.87
1735504143, 24, 65, 79, 16, 0, 0.06%, 9, 0, 10, 336.88
1735504148, 24, 66, 79, 16, 0, 0.06%, 9, 0, 10, 348.05
1735504159, 24, 67, 79, 16, 0, 0.06%, 9, 0, 10, 370.68
