# unix_time, cycles_done, cur_path, paths_total, pending_total, pending_favs, map_size, unique_crashes, unique_hangs, max_depth, execs_per_sec
1735212208, 0, 0, 10, 10, 1, 0.00%, 0, 0, 1, 161.29
1735212213, 0, 3, 10, 10, 1, 0.00%, 0, 0, 1, 198.87
1735212218, 0, 4, 10, 9, 0, 0.00%, 0, 0, 1, 210.13
1735212223, 0, 5, 10, 8, 0, 0.00%, 0, 0, 1, 202.60
1735212233, 0, 6, 10, 7, 0, 0.00%, 0, 0, 1, 210.59
1735212238, 0, 7, 10, 6, 0, 0.00%, 0, 0, 1, 196.38
1735212249, 0, 8, 10, 5, 0, 0.00%, 0, 0, 1, 210.70
1735212254, 0, 9, 10, 4, 0, 0.00%, 0, 0, 1, 195.40
1735212264, 1, 0, 10, 3, 0, 0.00%, 0, 0, 1, 210.54
1735212269, 1, 1, 10, 2, 0, 0.00%, 0, 0, 1, 194.23
1735212279, 1, 2, 10, 1, 0, 0.00%, 0, 0, 1, 191.28
1735212289, 1, 3, 10, 0, 0, 0.00%, 0, 0, 1, 210.55
1735212299, 1, 4, 10, 0, 0, 0.00%, 0, 0, 1, 212.90
1735212304, 1, 6, 10, 0, 0, 0.00%, 0, 0, 1, 205.59
1735212309, 1, 7, 10, 0, 0, 0.00%, 0, 0, 1, 208.34
1735212314, 1, 9, 10, 0, 0, 0.00%, 0, 0, 1, 207.91
1735212319, 2, 0, 10, 0, 0, 0.00%, 0, 0, 1, 206.03
1735212325, 2, 2, 10, 0, 0, 0.00%, 0, 0, 1, 206.65
1735212330, 2, 3, 10, 0, 0, 0.00%, 0, 0, 1, 209.12
1735212335, 2, 4, 10, 0, 0, 0.00%, 0, 0, 1, 206.49
1735212340, 2, 6, 10, 0, 0, 0.00%, 0, 0, 1, 208.56
1735212345, 2, 7, 10, 0, 0, 0.00%, 0, 0, 1, 207.32
1735212350, 2, 9, 10, 0, 0, 0.00%, 0, 0, 1, 208.81
1735212355, 3, 0, 10, 0, 0, 0.00%, 0, 0, 1, 211.10
1735212360, 3, 2, 10, 0, 0, 0.00%, 0, 0, 1, 207.01
1735212365, 3, 3, 10, 0, 0, 0.00%, 0, 0, 1, 212.86
1735212370, 3, 5, 10, 0, 0, 0.00%, 0, 0, 1, 208.45
1735212375, 3, 6, 10, 0, 0, 0.00%, 0, 0, 1, 211.03
1735212380, 3, 7, 11, 1, 0, 0.05%, 1, 0, 2, 209.04
1735212385, 3, 10, 12, 2, 1, 0.05%, 2, 0, 3, 209.71
1735212390, 3, 10, 13, 3, 1, 0.05%, 3, 0, 3, 212.48
1735212410, 3, 10, 14, 4, 1, 0.05%, 4, 0, 3, 215.21
1735212512, 3, 12, 14, 3, 3, 0.05%, 4, 0, 3, 235.25
1735212517, 3, 12, 16, 5, 3, 0.06%, 5, 0, 4, 265.90
1735212527, 3, 12, 17, 6, 3, 0.06%, 5, 0, 4, 281.73
1735212537, 3, 12, 19, 8, 3, 0.06%, 6, 0, 4, 277.24
1735212567, 3, 12, 20, 9, 3, 0.06%, 6, 0, 4, 276.97
1735212593, 3, 12, 21, 10, 3, 0.06%, 6, 0, 4, 273.81
1735212598, 3, 12, 22, 11, 3, 0.06%, 6, 0, 4, 278.63
1735212613, 3, 18, 22, 10, 4, 0.06%, 6, 0, 4, 262.31
1735212618, 3, 18, 24, 12, 4, 0.06%, 6, 0, 5, 274.84
1735212623, 3, 18, 26, 14, 4, 0.06%, 6, 0, 5, 276.67
1735212664, 3, 18, 28, 16, 4, 0.06%, 7, 0, 5, 272.04
1735212700, 3, 18, 29, 17, 4, 0.06%, 7, 0, 5, 265.69
1735212710, 3, 27, 30, 17, 3, 0.06%, 8, 0, 6, 318.96
1735212715, 3, 27, 31, 18, 3, 0.06%, 8, 0, 6, 457.05
1735212725, 3, 27, 33, 20, 3, 0.06%, 8, 0, 6, 492.83
1735212756, 3, 27, 34, 21, 3, 0.06%, 8, 0, 6, 492.73
1735212766, 3, 27, 35, 22, 3, 0.06%, 8, 0, 6, 302.64
1735212771, 3, 29, 35, 21, 3, 0.06%, 8, 0, 6, 285.51
1735212776, 3, 29, 37, 23, 3, 0.06%, 8, 0, 7, 451.19
1735212786, 3, 29, 38, 24, 3, 0.06%, 8, 0, 7, 493.15
1735212791, 3, 29, 39, 25, 3, 0.06%, 8, 0, 7, 493.60
1735212796, 3, 29, 40, 26, 3, 0.06%, 8, 0, 7, 499.20
1735212832, 3, 29, 41, 27, 3, 0.06%, 8, 0, 7, 275.51
1735212837, 3, 38, 42, 27, 2, 0.06%, 9, 0, 8, 379.00
1735212843, 3, 38, 43, 28, 2, 0.06%, 9, 0, 8, 397.30
1735212894, 3, 38, 44, 29, 2, 0.06%, 9, 0, 8, 409.24
1735212909, 3, 41, 44, 28, 2, 0.06%, 9, 0, 8, 305.12
1735212914, 3, 41, 45, 29, 2, 0.06%, 9, 0, 9, 258.37
1735212924, 3, 41, 46, 30, 2, 0.06%, 9, 0, 9, 252.07
1735212959, 3, 41, 47, 31, 2, 0.06%, 9, 0, 9, 243.59
1735212969, 3, 41, 48, 32, 2, 0.06%, 9, 0, 9, 249.47
1735213020, 4, 11, 48, 31, 1, 0.06%, 9, 0, 9, 261.37
1735213025, 4, 11, 49, 32, 1, 0.06%, 9, 0, 9, 270.33
1735213041, 4, 27, 50, 32, 0, 0.06%, 9, 0, 9, 326.07
1735213051, 4, 30, 50, 32, 0, 0.06%, 9, 0, 9, 389.76
1735213066, 4, 31, 50, 31, 0, 0.06%, 9, 0, 9, 377.38
1735213087, 4, 32, 50, 30, 0, 0.06%, 9, 0, 9, 301.81
1735213097, 4, 32, 51, 31, 0, 0.06%, 9, 0, 9, 440.06
1735213102, 4, 32, 52, 32, 0, 0.06%, 9, 0, 9, 448.12
1735213122, 4, 32, 53, 33, 0, 0.06%, 9, 0, 9, 440.87
1735213127, 4, 32, 54, 34, 0, 0.06%, 9, 0, 9, 452.79
1735213172, 4, 41, 55, 34, 0, 0.06%, 9, 0, 9, 268.77
1735213177, 4, 41, 56, 35, 0, 0.06%, 9, 0, 9, 259.31
1735213193, 4, 41, 57, 36, 0, 0.06%, 9, 0, 9, 277.39
1735213203, 4, 44, 57, 36, 0, 0.06%, 9, 0, 9, 294.42
1735213243, 4, 45, 57, 35, 0, 0.06%, 9, 0, 9, 435.15
1735213269, 4, 46, 57, 34, 0, 0.06%, 9, 0, 9, 440.28
1735213325, 4, 49, 57, 33, 0, 0.06%, 9, 0, 9, 335.73
1735213341, 4, 49, 58, 34, 0, 0.06%, 9, 0, 9, 482.25
1735213346, 4, 49, 59, 35, 0, 0.06%, 9, 0, 9, 485.88
1735213412, 4, 50, 59, 34, 0, 0.06%, 9, 0, 9, 326.77
1735213432, 4, 50, 60, 35, 0, 0.06%, 9, 0, 9, 430.32
1735213448, 4, 51, 60, 34, 0, 0.06%, 9, 0, 9, 406.64
1735213473, 4, 51, 62, 36, 0, 0.06%, 9, 0, 9, 345.54
1735213483, 4, 52, 62, 35, 0, 0.06%, 9, 0, 9, 338.53
1735213620, 4, 52, 63, 36, 0, 0.06%, 9, 0, 9, 520.29
1735213630, 4, 52, 64, 37, 0, 0.06%, 9, 0, 9, 500.32
1735213696, 5, 11, 64, 36, 0, 0.06%, 9, 0, 9, 289.32
1735213701, 5, 13, 64, 36, 0, 0.06%, 9, 0, 9, 316.55
1735213712, 5, 33, 64, 35, 0, 0.06%, 9, 0, 9, 429.06
1735213727, 5, 33, 65, 36, 0, 0.06%, 9, 0, 9, 367.12
1735213732, 5, 34, 65, 35, 0, 0.06%, 9, 0, 9, 390.54
1735213752, 5, 35, 65, 34, 0, 0.06%, 9, 0, 9, 455.35
1735213768, 5, 36, 65, 33, 0, 0.06%, 9, 0, 9, 414.56
1735213788, 5, 37, 65, 32, 0, 0.06%, 9, 0, 9, 399.94
1735213803, 5, 38, 65, 31, 0, 0.06%, 9, 0, 9, 384.01
1735213813, 5, 39, 65, 31, 0, 0.06%, 9, 0, 9, 358.51
1735213839, 5, 40, 65, 30, 0, 0.06%, 9, 0, 9, 390.48
1735213854, 5, 41, 65, 29, 0, 0.06%, 9, 0, 9, 276.11
1735213870, 5, 42, 65, 29, 0, 0.06%, 9, 0, 9, 315.26
1735213911, 5, 42, 66, 30, 0, 0.06%, 9, 0, 9, 439.77
1735213926, 5, 42, 67, 31, 0, 0.06%, 9, 0, 9, 477.83
1735213967, 5, 44, 67, 30, 0, 0.06%, 9, 0, 9, 287.90
1735213982, 5, 45, 67, 30, 0, 0.06%, 9, 0, 9, 293.95
1735213997, 5, 46, 67, 30, 0, 0.06%, 9, 0, 9, 397.47
1735214007, 5, 47, 67, 30, 0, 0.06%, 9, 0, 9, 324.96
1735214038, 5, 48, 67, 29, 0, 0.06%, 9, 0, 9, 354.85
1735214109, 5, 48, 68, 30, 0, 0.06%, 9, 0, 9, 426.75
1735214114, 5, 48, 69, 31, 0, 0.06%, 9, 0, 9, 432.65
1735214180, 5, 49, 69, 30, 0, 0.06%, 9, 0, 9, 346.69
1735214185, 5, 50, 69, 30, 0, 0.06%, 9, 0, 9, 335.78
1735214195, 5, 51, 69, 30, 0, 0.06%, 9, 0, 9, 486.90
1735214206, 5, 52, 69, 30, 0, 0.06%, 9, 0, 9, 412.68
1735214332, 5, 54, 69, 30, 0, 0.06%, 9, 0, 9, 404.62
1735214435, 5, 54, 70, 31, 0, 0.06%, 9, 0, 10, 393.62
1735214455, 5, 55, 70, 30, 0, 0.06%, 9, 0, 10, 336.44
1735214537, 5, 56, 70, 29, 0, 0.06%, 9, 0, 10, 379.91
1735214588, 5, 57, 70, 28, 0, 0.06%, 9, 0, 10, 452.63
1735214639, 5, 58, 70, 27, 0, 0.06%, 9, 0, 10, 333.08
1735214711, 5, 59, 70, 26, 0, 0.06%, 9, 0, 10, 315.78
1735215033, 5, 60, 70, 25, 0, 0.06%, 9, 0, 10, 384.26
1735215084, 5, 61, 70, 24, 0, 0.06%, 9, 0, 10, 290.30
1735215104, 5, 61, 71, 25, 0, 0.06%, 9, 0, 10, 284.93
1735215439, 5, 67, 71, 24, 0, 0.06%, 9, 0, 10, 319.42
1735215535, 5, 69, 71, 23, 0, 0.06%, 9, 0, 10, 481.45
1735215591, 6, 41, 71, 22, 0, 0.06%, 9, 0, 10, 275.17
1735215596, 6, 44, 71, 22, 0, 0.06%, 9, 0, 10, 279.90
1735215616, 6, 45, 71, 22, 0, 0.06%, 9, 0, 10, 373.69
1735215626, 6, 46, 71, 22, 0, 0.06%, 9, 0, 10, 325.94
1735215642, 6, 47, 71, 22, 0, 0.06%, 9, 0, 10, 419.43
1735215652, 6, 54, 71, 22, 0, 0.06%, 9, 0, 10, 330.44
1735215662, 6, 55, 71, 22, 0, 0.06%, 9, 0, 10, 334.80
1735215672, 6, 56, 71, 22, 0, 0.06%, 9, 0, 10, 326.09
1735215677, 6, 69, 71, 22, 0, 0.06%, 9, 0, 10, 409.95
1735215687, 7, 41, 71, 22, 0, 0.06%, 9, 0, 10, 309.09
1735215697, 7, 44, 71, 22, 0, 0.06%, 9, 0, 10, 279.05
1735215707, 7, 45, 71, 22, 0, 0.06%, 9, 0, 10, 333.78
1735215712, 7, 46, 71, 22, 0, 0.06%, 9, 0, 10, 353.71
1735215718, 7, 47, 71, 22, 0, 0.06%, 9, 0, 10, 376.41
1735215733, 7, 54, 71, 22, 0, 0.06%, 9, 0, 10, 371.70
1735215738, 7, 55, 71, 22, 0, 0.06%, 9, 0, 10, 361.55
1735215748, 7, 56, 71, 22, 0, 0.06%, 9, 0, 10, 347.54
1735215753, 7, 69, 71, 22, 0, 0.06%, 9, 0, 10, 380.93
1735215758, 8, 41, 71, 22, 0, 0.06%, 9, 0, 10, 311.48
1735215769, 8, 44, 71, 22, 0, 0.06%, 9, 0, 10, 289.58
1735215774, 8, 45, 71, 22, 0, 0.06%, 9, 0, 10, 351.88
1735215784, 8, 46, 71, 22, 0, 0.06%, 9, 0, 10, 322.33
1735215789, 8, 47, 71, 22, 0, 0.06%, 9, 0, 10, 357.78
1735215794, 8, 54, 71, 22, 0, 0.06%, 9, 0, 10, 310.37
1735215805, 8, 55, 71, 22, 0, 0.06%, 9, 0, 10, 326.59
1735215815, 8, 56, 71, 22, 0, 0.06%, 9, 0, 10, 322.17
1735215820, 8, 69, 71, 22, 0, 0.06%, 9, 0, 10, 356.41
1735215825, 9, 41, 71, 22, 0, 0.06%, 9, 0, 10, 291.27
1735215835, 9, 44, 71, 22, 0, 0.06%, 9, 0, 10, 276.17
1735215840, 9, 45, 71, 22, 0, 0.06%, 9, 0, 10, 336.47
1735215850, 9, 46, 71, 22, 0, 0.06%, 9, 0, 10, 348.15
1735215856, 9, 47, 71, 22, 0, 0.06%, 9, 0, 10, 365.65
1735215861, 9, 54, 71, 22, 0, 0.06%, 9, 0, 10, 302.95
1735215871, 9, 55, 71, 22, 0, 0.06%, 9, 0, 10, 316.97
1735215876, 9, 56, 71, 22, 0, 0.06%, 9, 0, 10, 345.15
1735215886, 9, 69, 71, 22, 0, 0.06%, 9, 0, 10, 322.17
1735215891, 10, 41, 71, 22, 0, 0.06%, 9, 0, 10, 283.47
1735215902, 10, 44, 71, 22, 0, 0.06%, 9, 0, 10, 274.82
1735215907, 10, 45, 71, 22, 0, 0.06%, 9, 0, 10, 344.41
1735215917, 10, 46, 71, 22, 0, 0.06%, 9, 0, 10, 346.75
1735215922, 10, 47, 71, 22, 0, 0.06%, 9, 0, 10, 375.69
1735215927, 10, 54, 71, 22, 0, 0.06%, 9, 0, 10, 307.16
1735215937, 10, 55, 71, 22, 0, 0.06%, 9, 0, 10, 322.26
1735215942, 10, 56, 71, 22, 0, 0.06%, 9, 0, 10, 293.30
1735215953, 10, 69, 71, 22, 0, 0.06%, 9, 0, 10, 326.77
1735215958, 11, 41, 71, 22, 0, 0.06%, 9, 0, 10, 285.92
1735215968, 11, 44, 71, 22, 0, 0.06%, 9, 0, 10, 270.81
1735215973, 11, 45, 71, 22, 0, 0.06%, 9, 0, 10, 306.89
1735215983, 11, 46, 72, 23, 0, 0.06%, 9, 0, 10, 343.32
1735215988, 11, 47, 72, 23, 0, 0.06%, 9, 0, 10, 378.10
1735215993, 11, 54, 72, 23, 0, 0.06%, 9, 0, 10, 335.80
1735216003, 11, 55, 72, 23, 0, 0.06%, 9, 0, 10, 314.66
1735216013, 11, 56, 72, 23, 0, 0.06%, 9, 0, 10, 325.67
1735216018, 11, 57, 72, 23, 0, 0.06%, 9, 0, 10, 301.76
1735216023, 11, 58, 72, 23, 0, 0.06%, 9, 0, 10, 372.34
1735216064, 11, 59, 72, 23, 0, 0.06%, 9, 0, 10, 267.37
1735216074, 11, 60, 72, 23, 0, 0.06%, 9, 0, 10, 355.22
1735216095, 11, 61, 72, 23, 0, 0.06%, 9, 0, 10, 268.58
1735216405, 11, 62, 72, 23, 0, 0.06%, 9, 0, 10, 368.40
1735216579, 11, 63, 72, 22, 0, 0.06%, 9, 0, 10, 390.60
1735216666, 11, 64, 72, 21, 0, 0.06%, 9, 0, 10, 318.59
1735216860, 11, 67, 72, 20, 0, 0.06%, 9, 0, 10, 439.45
1735216921, 11, 68, 72, 20, 0, 0.06%, 9, 0, 10, 354.71
1735217013, 11, 69, 72, 19, 0, 0.06%, 9, 0, 10, 366.37
1735217018, 11, 71, 72, 19, 0, 0.06%, 9, 0, 10, 303.19
1735217863, 12, 41, 72, 18, 0, 0.06%, 9, 0, 10, 251.29
1735217868, 12, 44, 72, 18, 0, 0.06%, 9, 0, 10, 274.02
1735217879, 12, 45, 72, 18, 0, 0.06%, 9, 0, 10, 335.08
1735217884, 12, 46, 72, 18, 0, 0.06%, 9, 0, 10, 314.09
1735217894, 12, 47, 72, 18, 0, 0.06%, 9, 0, 10, 333.95
1735217899, 12, 54, 72, 18, 0, 0.06%, 9, 0, 10, 323.79
1735217909, 12, 55, 72, 18, 0, 0.06%, 9, 0, 10, 315.42
1735217914, 12, 56, 72, 18, 0, 0.06%, 9, 0, 10, 379.11
1735217924, 12, 69, 72, 18, 0, 0.06%, 9, 0, 10, 353.35
1735217929, 13, 41, 72, 18, 0, 0.06%, 9, 0, 10, 289.79
1735217935, 13, 44, 72, 18, 0, 0.06%, 9, 0, 10, 293.74
1735217945, 13, 45, 72, 18, 0, 0.06%, 9, 0, 10, 328.18
1735217950, 13, 46, 72, 18, 0, 0.06%, 9, 0, 10, 336.60
1735217960, 13, 47, 72, 18, 0, 0.06%, 9, 0, 10, 312.44
1735217965, 13, 54, 72, 18, 0, 0.06%, 9, 0, 10, 332.43
1735217975, 13, 55, 72, 18, 0, 0.06%, 9, 0, 10, 322.82
1735217980, 13, 56, 72, 18, 0, 0.06%, 9, 0, 10, 362.68
1735217990, 13, 69, 72, 18, 0, 0.06%, 9, 0, 10, 318.80
1735217995, 14, 41, 72, 18, 0, 0.06%, 9, 0, 10, 288.81
1735218000, 14, 44, 72, 18, 0, 0.06%, 9, 0, 10, 280.40
1735218011, 14, 45, 72, 18, 0, 0.06%, 9, 0, 10, 344.48
1735218016, 14, 46, 72, 18, 0, 0.06%, 9, 0, 10, 330.28
1735218026, 14, 47, 72, 18, 0, 0.06%, 9, 0, 10, 330.38
1735218031, 14, 54, 72, 18, 0, 0.06%, 9, 0, 10, 355.67
1735218041, 14, 55, 72, 18, 0, 0.06%, 9, 0, 10, 318.27
1735218047, 14, 56, 72, 18, 0, 0.06%, 9, 0, 10, 367.56
1735218052, 14, 69, 72, 18, 0, 0.06%, 9, 0, 10, 324.46
1735218062, 15, 41, 72, 18, 0, 0.06%, 9, 0, 10, 287.48
1735218067, 15, 44, 72, 18, 0, 0.06%, 9, 0, 10, 259.19
1735218077, 15, 45, 72, 18, 0, 0.06%, 9, 0, 10, 353.90
1735218082, 15, 46, 72, 18, 0, 0.06%, 9, 0, 10, 348.84
1735218092, 15, 47, 72, 18, 0, 0.06%, 9, 0, 10, 325.14
1735218097, 15, 54, 72, 18, 0, 0.06%, 9, 0, 10, 366.22
1735218107, 15, 55, 72, 18, 0, 0.06%, 9, 0, 10, 314.42
1735218112, 15, 56, 72, 18, 0, 0.06%, 9, 0, 10, 373.25
1735218117, 15, 69, 72, 18, 0, 0.06%, 9, 0, 10, 345.52
1735218128, 16, 41, 72, 18, 0, 0.06%, 9, 0, 10, 281.93
1735218133, 16, 44, 72, 18, 0, 0.06%, 9, 0, 10, 277.90
1735218143, 16, 45, 72, 18, 0, 0.06%, 9, 0, 10, 337.18
1735218148, 16, 46, 72, 18, 0, 0.06%, 9, 0, 10, 357.75
1735218158, 16, 47, 72, 18, 0, 0.06%, 9, 0, 10, 336.34
1735218163, 16, 54, 72, 18, 0, 0.06%, 9, 0, 10, 372.09
1735218168, 16, 55, 72, 18, 0, 0.06%, 9, 0, 10, 332.09
1735218178, 16, 56, 72, 18, 0, 0.06%, 9, 0, 10, 352.14
1735218183, 16, 69, 72, 18, 0, 0.06%, 9, 0, 10, 378.67
1735218189, 17, 41, 72, 18, 0, 0.06%, 9, 0, 10, 315.82
1735218199, 17, 44, 72, 18, 0, 0.06%, 9, 0, 10, 280.93
1735218209, 17, 45, 72, 18, 0, 0.06%, 9, 0, 10, 315.71
1735218214, 17, 46, 72, 18, 0, 0.06%, 9, 0, 10, 354.58
1735218219, 17, 47, 72, 18, 0, 0.06%, 9, 0, 10, 329.67
1735218229, 17, 54, 72, 18, 0, 0.06%, 9, 0, 10, 362.40
1735218234, 17, 55, 72, 18, 0, 0.06%, 9, 0, 10, 323.98
1735218244, 17, 56, 72, 18, 0, 0.06%, 9, 0, 10, 345.60
1735218249, 17, 69, 72, 18, 0, 0.06%, 9, 0, 10, 367.49
1735218254, 18, 41, 72, 18, 0, 0.06%, 9, 0, 10, 325.94
1735218264, 18, 44, 72, 18, 0, 0.06%, 9, 0, 10, 283.21
1735218275, 18, 45, 72, 18, 0, 0.06%, 9, 0, 10, 322.09
1735218280, 18, 46, 72, 18, 0, 0.06%, 9, 0, 10, 342.18
1735218285, 18, 47, 72, 18, 0, 0.06%, 9, 0, 10, 343.19
1735218295, 18, 54, 72, 18, 0, 0.06%, 9, 0, 10, 359.63
1735218300, 18, 55, 72, 18, 0, 0.06%, 9, 0, 10, 309.16
1735218310, 18, 56, 72, 18, 0, 0.06%, 9, 0, 10, 342.40
1735218315, 18, 69, 72, 18, 0, 0.06%, 9, 0, 10, 392.67
1735218320, 19, 41, 72, 18, 0, 0.06%, 9, 0, 10, 330.55
1735218331, 19, 44, 72, 18, 0, 0.06%, 9, 0, 10, 286.20
1735218336, 19, 45, 72, 18, 0, 0.06%, 9, 0, 10, 295.33
1735218346, 19, 46, 72, 18, 0, 0.06%, 9, 0, 10, 341.17
1735218351, 19, 47, 72, 18, 0, 0.06%, 9, 0, 10, 312.94
1735218361, 19, 54, 72, 18, 0, 0.06%, 9, 0, 10, 388.25
1735218366, 19, 55, 72, 18, 0, 0.06%, 9, 0, 10, 326.27
1735218376, 19, 56, 72, 18, 0, 0.06%, 9, 0, 10, 336.31
1735218381, 19, 69, 72, 18, 0, 0.06%, 9, 0, 10, 369.25
1735218391, 20, 41, 72, 18, 0, 0.06%, 9, 0, 10, 277.59
1735218396, 20, 44, 72, 18, 0, 0.06%, 9, 0, 10, 285.17
1735218407, 20, 45, 72, 18, 0, 0.06%, 9, 0, 10, 314.77
1735218412, 20, 46, 72, 18, 0, 0.06%, 9, 0, 10, 367.70
1735218422, 20, 47, 72, 18, 0, 0.06%, 9, 0, 10, 304.18
1735218427, 20, 54, 72, 18, 0, 0.06%, 9, 0, 10, 388.31
1735218432, 20, 55, 72, 18, 0, 0.06%, 9, 0, 10, 350.88
1735218442, 20, 56, 72, 18, 0, 0.06%, 9, 0, 10, 349.75
1735218447, 20, 69, 72, 18, 0, 0.06%, 9, 0, 10, 371.13
1735218452, 21, 41, 72, 18, 0, 0.06%, 9, 0, 10, 316.74
1735218463, 21, 44, 72, 18, 0, 0.06%, 9, 0, 10, 281.62
1735218473, 21, 45, 72, 18, 0, 0.06%, 9, 0, 10, 322.19
1735218478, 21, 46, 72, 18, 0, 0.06%, 9, 0, 10, 354.73
1735218483, 21, 47, 72, 18, 0, 0.06%, 9, 0, 10, 373.37
1735218488, 21, 54, 72, 18, 0, 0.06%, 9, 0, 10, 354.15
1735218498, 21, 55, 72, 18, 0, 0.06%, 9, 0, 10, 319.33
1735218508, 21, 56, 72, 18, 0, 0.06%, 9, 0, 10, 325.82
1735218513, 21, 69, 72, 18, 0, 0.06%, 9, 0, 10, 341.29
1735218518, 22, 41, 72, 18, 0, 0.06%, 9, 0, 10, 293.41
1735218528, 22, 44, 72, 18, 0, 0.06%, 9, 0, 10, 270.06
1735218533, 22, 45, 72, 18, 0, 0.06%, 9, 0, 10, 287.55
1735218544, 22, 46, 72, 18, 0, 0.06%, 9, 0, 10, 347.96
1735218549, 22, 47, 72, 18, 0, 0.06%, 9, 0, 10, 383.29
1735218554, 22, 54, 72, 18, 0, 0.06%, 9, 0, 10, 348.67
1735218564, 22, 55, 72, 18, 0, 0.06%, 9, 0, 10, 323.35
1735218574, 22, 56, 72, 18, 0, 0.06%, 9, 0, 10, 342.32
1735218579, 22, 69, 72, 18, 0, 0.06%, 9, 0, 10, 355.11
1735218584, 23, 41, 72, 18, 0, 0.06%, 9, 0, 10, 291.88
1735218595, 23, 44, 72, 18, 0, 0.06%, 9, 0, 10, 265.33
1735218600, 23, 45, 72, 18, 0, 0.06%, 9, 0, 10, 338.69
1735218610, 23, 46, 72, 18, 0, 0.06%, 9, 0, 10, 338.46
1735218615, 23, 47, 72, 18, 0, 0.06%, 9, 0, 10, 375.93
1735218620, 23, 54, 72, 18, 0, 0.06%, 9, 0, 10, 311.13
1735218630, 23, 55, 72, 18, 0, 0.06%, 9, 0, 10, 320.86
1735218640, 23, 56, 72, 18, 0, 0.06%, 9, 0, 10, 317.01
1735218645, 23, 69, 72, 18, 0, 0.06%, 9, 0, 10, 360.15
1735218650, 24, 41, 72, 18, 0, 0.06%, 9, 0, 10, 302.08
1735218660, 24, 44, 72, 18, 0, 0.06%, 9, 0, 10, 273.73
1735218666, 24, 45, 72, 18, 0, 0.06%, 9, 0, 10, 334.30
1735218676, 24, 46, 72, 18, 0, 0.06%, 9, 0, 10, 332.69
1735218681, 24, 47, 72, 18, 0, 0.06%, 9, 0, 10, 346.97
1735218686, 24, 54, 72, 18, 0, 0.06%, 9, 0, 10, 301.84
1735218696, 24, 55, 72, 18, 0, 0.06%, 9, 0, 10, 324.77
1735218701, 24, 56, 72, 18, 0, 0.06%, 9, 0, 10, 310.61
1735218711, 24, 69, 72, 18, 0, 0.06%, 9, 0, 10, 321.39
1735218716, 25, 41, 72, 18, 0, 0.06%, 9, 0, 10, 291.64
1735218726, 25, 44, 72, 18, 0, 0.06%, 9, 0, 10, 264.64
1735218731, 25, 45, 72, 18, 0, 0.06%, 9, 0, 10, 310.07
1735218742, 25, 46, 72, 18, 0, 0.06%, 9, 0, 10, 330.00
1735218747, 25, 47, 72, 18, 0, 0.06%, 9, 0, 10, 367.88
1735218752, 25, 48, 72, 18, 0, 0.06%, 9, 0, 10, 296.72
1735218757, 25, 49, 72, 18, 0, 0.06%, 9, 0, 10, 325.06
1735218762, 25, 50, 72, 18, 0, 0.06%, 9, 0, 10, 344.52
1735218767, 25, 51, 72, 18, 0, 0.06%, 9, 0, 10, 347.09
1735218772, 25, 52, 72, 18, 0, 0.06%, 9, 0, 10, 339.88
1735218782, 25, 53, 72, 18, 0, 0.06%, 9, 0, 10, 437.49
1735218828, 25, 54, 72, 17, 0, 0.06%, 9, 0, 10, 284.73
1735218838, 25, 55, 72, 17, 0, 0.06%, 9, 0, 10, 324.09
1735218843, 25, 56, 72, 17, 0, 0.06%, 9, 0, 10, 343.94
1735218853, 25, 57, 72, 17, 0, 0.06%, 9, 0, 10, 320.78
1735218858, 25, 58, 72, 17, 0, 0.06%, 9, 0, 10, 327.56
1735218863, 25, 59, 72, 17, 0, 0.06%, 9, 0, 10, 274.03
1735218874, 25, 60, 72, 17, 0, 0.06%, 9, 0, 10, 356.04
1735218884, 25, 61, 72, 17, 0, 0.06%, 9, 0, 10, 273.15
1735218894, 25, 62, 72, 17, 0, 0.06%, 9, 0, 10, 328.14
1735218904, 25, 63, 72, 17, 0, 0.06%, 9, 0, 10, 354.91
1735218915, 25, 64, 72, 17, 0, 0.06%, 9, 0, 10, 353.59
1735219079, 25, 67, 72, 17, 0, 0.06%, 9, 0, 10, 349.61
1735219084, 25, 68, 72, 17, 0, 0.06%, 9, 0, 10, 352.19
1735219094, 25, 69, 72, 17, 0, 0.06%, 9, 0, 10, 362.58
1735219099, 25, 70, 72, 17, 0, 0.06%, 9, 0, 10, 284.06
1735219469, 25, 71, 72, 16, 0, 0.06%, 9, 0, 10, 368.92
1735219811, 26, 11, 72, 16, 0, 0.06%, 9, 0, 10, 292.41
1735219816, 26, 13, 72, 16, 0, 0.06%, 9, 0, 10, 335.66
1735219821, 26, 27, 72, 16, 0, 0.06%, 9, 0, 10, 419.31
1735219831, 26, 29, 72, 16, 0, 0.06%, 9, 0, 10, 385.44
1735219841, 26, 30, 72, 16, 0, 0.06%, 9, 0, 10, 378.45
1735219846, 26, 31, 72, 16, 0, 0.06%, 9, 0, 10, 293.15
1735219857, 26, 32, 72, 16, 0, 0.06%, 9, 0, 10, 383.17
1735219867, 26, 33, 72, 16, 0, 0.06%, 9, 0, 10, 401.59
1735219882, 26, 34, 72, 16, 0, 0.06%, 9, 0, 10, 314.11
1735219897, 26, 35, 72, 16, 0, 0.06%, 9, 0, 10, 459.44
1735219908, 26, 36, 72, 16, 0, 0.06%, 9, 0, 10, 431.09
1735219923, 26, 37, 72, 16, 0, 0.06%, 9, 0, 10, 430.43
1735219933, 26, 39, 72, 16, 0, 0.06%, 9, 0, 10, 442.34
1735219948, 26, 40, 72, 16, 0, 0.06%, 9, 0, 10, 370.39
1735219963, 26, 41, 72, 16, 0, 0.06%, 9, 0, 10, 280.68
1735219969, 26, 44, 72, 16, 0, 0.06%, 9, 0, 10, 282.14
1735219979, 26, 45, 72, 16, 0, 0.06%, 9, 0, 10, 304.20
1735219984, 26, 46, 72, 16, 0, 0.06%, 9, 0, 10, 364.68
1735219989, 26, 47, 72, 16, 0, 0.06%, 9, 0, 10, 307.41
1735219999, 26, 48, 72, 16, 0, 0.06%, 9, 0, 10, 329.54
1735220004, 26, 49, 72, 16, 0, 0.06%, 9, 0, 10, 329.97
1735220009, 26, 50, 72, 16, 0, 0.06%, 9, 0, 10, 313.36
1735220015, 26, 52, 72, 16, 0, 0.06%, 9, 0, 10, 378.05
1735220025, 26, 53, 72, 16, 0, 0.06%, 9, 0, 10, 436.01
1735220040, 26, 54, 72, 16, 0, 0.06%, 9, 0, 10, 367.59
1735220045, 26, 55, 72, 16, 0, 0.06%, 9, 0, 10, 338.46
1735220055, 26, 56, 73, 17, 0, 0.06%, 9, 0, 10, 383.71
1735220060, 26, 57, 73, 17, 0, 0.06%, 9, 0, 10, 364.94
1735220065, 26, 58, 73, 17, 0, 0.06%, 9, 0, 10, 386.26
1735220070, 26, 59, 73, 17, 0, 0.06%, 9, 0, 10, 400.77
1735220367, 26, 60, 73, 17, 0, 0.06%, 9, 0, 10, 294.94
1735220387, 26, 61, 73, 17, 0, 0.06%, 9, 0, 10, 273.09
1735220701, 26, 67, 73, 17, 0, 0.06%, 9, 0, 10, 333.65
1735220706, 26, 68, 73, 17, 0, 0.06%, 9, 0, 10, 356.82
1735220711, 26, 69, 73, 17, 0, 0.06%, 9, 0, 10, 356.81
1735220716, 26, 72, 73, 17, 0, 0.06%, 9, 0, 10, 317.08
1735220737, 26, 72, 74, 18, 0, 0.06%, 9, 0, 11, 308.31
1735221147, 26, 73, 74, 17, 0, 0.06%, 9, 0, 11, 370.58
1735221574, 27, 13, 74, 16, 0, 0.06%, 9, 0, 11, 332.85
1735221579, 27, 33, 74, 16, 0, 0.06%, 9, 0, 11, 351.58
1735221589, 27, 36, 74, 16, 0, 0.06%, 9, 0, 11, 371.96
1735221599, 27, 40, 74, 16, 0, 0.06%, 9, 0, 11, 336.41
1735221604, 27, 41, 74, 16, 0, 0.06%, 9, 0, 11, 302.90
1735221615, 27, 44, 74, 16, 0, 0.06%, 9, 0, 11, 280.85
1735221625, 27, 45, 74, 16, 0, 0.06%, 9, 0, 11, 319.31
1735221630, 27, 46, 74, 16, 0, 0.06%, 9, 0, 11, 351.40
1735221635, 27, 47, 74, 16, 0, 0.06%, 9, 0, 11, 381.15
1735221640, 27, 48, 74, 16, 0, 0.06%, 9, 0, 11, 315.65
1735221650, 27, 54, 74, 16, 0, 0.06%, 9, 0, 11, 356.33
1735221655, 27, 55, 74, 16, 0, 0.06%, 9, 0, 11, 321.79
1735221665, 27, 56, 74, 16, 0, 0.06%, 9, 0, 11, 337.54
1735221670, 27, 67, 74, 16, 0, 0.06%, 9, 0, 11, 332.88
1735221675, 27, 68, 74, 16, 0, 0.06%, 9, 0, 11, 343.37
1735221680, 27, 69, 74, 16, 0, 0.06%, 9, 0, 11, 369.28
1735221686, 27, 72, 74, 16, 0, 0.06%, 9, 0, 11, 364.61
1735221716, 27, 73, 74, 16, 0, 0.06%, 9, 0, 11, 428.49
1735221752, 28, 11, 74, 16, 0, 0.06%, 9, 0, 11, 297.45
1735221757, 28, 33, 74, 16, 0, 0.06%, 9, 0, 11, 330.60
1735221762, 28, 36, 74, 16, 0, 0.06%, 9, 0, 11, 335.70
1735221767, 28, 40, 74, 16, 0, 0.06%, 9, 0, 11, 323.95
1735221772, 28, 41, 74, 16, 0, 0.06%, 9, 0, 11, 278.87
1735221782, 28, 44, 74, 16, 0, 0.06%, 9, 0, 11, 268.59
1735221787, 28, 45, 74, 16, 0, 0.06%, 9, 0, 11, 352.58
1735221792, 28, 46, 74, 16, 0, 0.06%, 9, 0, 11, 303.68
1735221802, 28, 47, 74, 16, 0, 0.06%, 9, 0, 11, 349.62
1735221807, 28, 48, 74, 16, 0, 0.06%, 9, 0, 11, 333.33
1735221812, 28, 54, 74, 16, 0, 0.06%, 9, 0, 11, 313.74
1735221823, 28, 55, 74, 16, 0, 0.06%, 9, 0, 11, 328.02
1735221828, 28, 56, 74, 16, 0, 0.06%, 9, 0, 11, 320.35
1735221838, 28, 67, 74, 16, 0, 0.06%, 9, 0, 11, 328.18
1735221843, 28, 68, 74, 16, 0, 0.06%, 9, 0, 11, 330.15
1735221848, 28, 69, 74, 16, 0, 0.06%, 9, 0, 11, 354.49
1735221853, 28, 72, 74, 16, 0, 0.06%, 9, 0, 11, 370.82
1735221889, 28, 73, 74, 16, 0, 0.06%, 9, 0, 11, 309.47
1735221920, 29, 11, 74, 16, 0, 0.06%, 9, 0, 11, 292.22
1735221925, 29, 33, 74, 16, 0, 0.06%, 9, 0, 11, 351.35
1735221930, 29, 36, 74, 16, 0, 0.06%, 9, 0, 11, 340.62
1735221935, 29, 40, 74, 16, 0, 0.06%, 9, 0, 11, 343.29
1735221940, 29, 48, 74, 16, 0, 0.06%, 9, 0, 11, 350.10
1735221945, 29, 67, 74, 16, 0, 0.06%, 9, 0, 11, 337.68
1735221950, 29, 68, 74, 16, 0, 0.06%, 9, 0, 11, 339.44
1735221955, 30, 11, 74, 16, 0, 0.06%, 9, 0, 11, 307.13
1735221960, 30, 33, 74, 16, 0, 0.06%, 9, 0, 11, 352.01
1735221965, 30, 36, 74, 16, 0, 0.06%, 9, 0, 11, 345.95
1735221970, 30, 40, 74, 16, 0, 0.06%, 9, 0, 11, 345.02
1735221975, 30, 48, 74, 16, 0, 0.06%, 9, 0, 11, 343.92
1735221981, 30, 67, 74, 16, 0, 0.06%, 9, 0, 11, 353.16
1735221986, 30, 68, 74, 16, 0, 0.06%, 9, 0, 11, 352.11
1735221991, 31, 11, 74, 16, 0, 0.06%, 9, 0, 11, 313.50
1735221996, 31, 33, 74, 16, 0, 0.06%, 9, 0, 11, 336.54
1735222001, 31, 36, 74, 16, 0, 0.06%, 9, 0, 11, 331.75
1735222006, 31, 40, 74, 16, 0, 0.06%, 9, 0, 11, 330.23
1735222011, 31, 48, 74, 16, 0, 0.06%, 9, 0, 11, 334.96
1735222016, 31, 67, 74, 16, 0, 0.06%, 9, 0, 11, 336.62
1735222021, 31, 68, 74, 16, 0, 0.06%, 9, 0, 11, 347.06
1735222026, 32, 11, 74, 16, 0, 0.06%, 9, 0, 11, 300.41
1735222031, 32, 33, 74, 16, 0, 0.06%, 9, 0, 11, 347.34
1735222036, 32, 36, 74, 16, 0, 0.06%, 9, 0, 11, 341.77
1735222041, 32, 40, 74, 16, 0, 0.06%, 9, 0, 11, 331.75
1735222046, 32, 48, 74, 16, 0, 0.06%, 9, 0, 11, 324.82
1735222051, 32, 67, 74, 16, 0, 0.06%, 9, 0, 11, 336.51
1735222056, 32, 68, 74, 16, 0, 0.06%, 9, 0, 11, 339.87
1735222061, 33, 11, 74, 16, 0, 0.06%, 9, 0, 11, 311.21
1735222067, 33, 33, 74, 16, 0, 0.06%, 9, 0, 11, 339.56
1735222072, 33, 36, 74, 16, 0, 0.06%, 9, 0, 11, 325.56
1735222077, 33, 40, 74, 16, 0, 0.06%, 9, 0, 11, 310.77
1735222082, 33, 48, 74, 16, 0, 0.06%, 9, 0, 11, 335.45
1735222087, 33, 67, 74, 16, 0, 0.06%, 9, 0, 11, 346.73
1735222092, 33, 68, 74, 16, 0, 0.06%, 9, 0, 11, 315.96
1735222097, 34, 11, 74, 16, 0, 0.06%, 9, 0, 11, 313.89
1735222102, 34, 33, 74, 16, 0, 0.06%, 9, 0, 11, 352.43
1735222107, 34, 36, 74, 16, 0, 0.06%, 9, 0, 11, 339.18
1735222112, 34, 40, 74, 16, 0, 0.06%, 9, 0, 11, 350.29
1735222117, 34, 48, 74, 16, 0, 0.06%, 9, 0, 11, 339.76
1735222122, 34, 67, 74, 16, 0, 0.06%, 9, 0, 11, 352.02
1735222127, 34, 68, 74, 16, 0, 0.06%, 9, 0, 11, 357.33
1735222132, 35, 11, 74, 16, 0, 0.06%, 9, 0, 11, 296.85
1735222137, 35, 33, 74, 16, 0, 0.06%, 9, 0, 11, 336.65
1735222142, 35, 36, 74, 16, 0, 0.06%, 9, 0, 11, 335.42
1735222147, 35, 40, 74, 16, 0, 0.06%, 9, 0, 11, 342.48
1735222152, 35, 48, 74, 16, 0, 0.06%, 9, 0, 11, 342.08
1735222157, 35, 67, 74, 16, 0, 0.06%, 9, 0, 11, 342.76
1735222163, 35, 68, 74, 16, 0, 0.06%, 9, 0, 11, 340.41
1735222168, 36, 11, 74, 16, 0, 0.06%, 9, 0, 11, 291.78
1735222173, 36, 33, 74, 16, 0, 0.06%, 9, 0, 11, 346.26
1735222178, 36, 36, 74, 16, 0, 0.06%, 9, 0, 11, 335.57
1735222183, 36, 40, 74, 16, 0, 0.06%, 9, 0, 11, 340.81
1735222188, 36, 48, 75, 17, 0, 0.06%, 9, 0, 11, 330.62
1735222193, 36, 67, 75, 17, 0, 0.06%, 9, 0, 11, 337.75
1735222198, 36, 68, 75, 17, 0, 0.06%, 9, 0, 11, 352.24
1735222203, 36, 74, 75, 17, 0, 0.06%, 9, 0, 11, 257.19
1735222233, 36, 74, 76, 18, 0, 0.06%, 9, 0, 11, 396.14
1735222905, 36, 75, 76, 17, 0, 0.06%, 9, 0, 11, 332.88
