# unix_time, cycles_done, cur_path, paths_total, pending_total, pending_favs, map_size, unique_crashes, unique_hangs, max_depth, execs_per_sec
1734315730, 0, 0, 10, 10, 1, 0.00%, 0, 0, 1, 174.29
1734315735, 0, 2, 10, 10, 1, 0.00%, 0, 0, 1, 201.70
1734315740, 0, 3, 10, 9, 0, 0.00%, 0, 0, 1, 209.47
1734315745, 0, 4, 10, 8, 0, 0.00%, 0, 0, 1, 204.44
1734315755, 0, 5, 10, 7, 0, 0.00%, 0, 0, 1, 210.53
1734315760, 0, 6, 10, 6, 0, 0.00%, 0, 0, 1, 199.02
1734315770, 0, 7, 10, 5, 0, 0.00%, 0, 0, 1, 208.62
1734315775, 0, 8, 10, 4, 0, 0.00%, 0, 0, 1, 196.90
1734315786, 0, 9, 10, 3, 0, 0.00%, 0, 0, 1, 211.38
1734315791, 1, 0, 10, 2, 0, 0.00%, 0, 0, 1, 195.27
1734315801, 1, 1, 10, 1, 0, 0.00%, 0, 0, 1, 205.56
1734315811, 1, 2, 10, 0, 0, 0.00%, 0, 0, 1, 215.16
1734315821, 1, 3, 10, 0, 0, 0.00%, 0, 0, 1, 212.67
1734315826, 1, 5, 10, 0, 0, 0.00%, 0, 0, 1, 209.05
1734315831, 1, 6, 10, 0, 0, 0.00%, 0, 0, 1, 211.44
1734315836, 1, 8, 10, 0, 0, 0.00%, 0, 0, 1, 205.68
1734315841, 1, 9, 10, 0, 0, 0.00%, 0, 0, 1, 206.90
1734315847, 2, 1, 10, 0, 0, 0.00%, 0, 0, 1, 204.94
1734315852, 2, 2, 10, 0, 0, 0.00%, 0, 0, 1, 208.98
1734315857, 2, 3, 10, 0, 0, 0.00%, 0, 0, 1, 207.68
1734315862, 2, 5, 10, 0, 0, 0.00%, 0, 0, 1, 206.86
1734315867, 2, 6, 10, 0, 0, 0.00%, 0, 0, 1, 204.79
1734315872, 2, 8, 10, 0, 0, 0.00%, 0, 0, 1, 210.39
1734315877, 2, 9, 10, 0, 0, 0.00%, 0, 0, 1, 211.93
1734315882, 3, 0, 10, 0, 0, 0.00%, 0, 0, 1, 208.90
1734315887, 3, 2, 10, 0, 0, 0.00%, 0, 0, 1, 206.87
1734315892, 3, 3, 10, 0, 0, 0.00%, 0, 0, 1, 207.36
1734315897, 3, 5, 10, 0, 0, 0.00%, 0, 0, 1, 208.47
1734315902, 3, 6, 10, 0, 0, 0.00%, 0, 0, 1, 208.52
1734315907, 3, 7, 10, 0, 0, 0.00%, 0, 0, 1, 208.77
1734315912, 3, 9, 10, 0, 0, 0.00%, 0, 0, 1, 206.78
1734315917, 4, 0, 10, 0, 0, 0.00%, 0, 0, 1, 210.55
1734315922, 4, 2, 10, 0, 0, 0.00%, 0, 0, 1, 213.81
1734315927, 4, 3, 10, 0, 0, 0.00%, 0, 0, 1, 212.29
1734315932, 4, 4, 10, 0, 0, 0.00%, 0, 0, 1, 206.49
1734315937, 4, 6, 10, 0, 0, 0.00%, 0, 0, 1, 211.64
1734315942, 4, 7, 10, 0, 0, 0.00%, 0, 0, 1, 207.11
1734315948, 4, 9, 10, 0, 0, 0.00%, 0, 0, 1, 210.15
1734315953, 5, 0, 10, 0, 0, 0.00%, 0, 0, 1, 211.19
1734315958, 5, 2, 10, 0, 0, 0.00%, 0, 0, 1, 212.21
1734315963, 5, 3, 10, 0, 0, 0.00%, 0, 0, 1, 210.16
1734315968, 5, 5, 10, 0, 0, 0.00%, 0, 0, 1, 208.99
1734315973, 5, 6, 10, 0, 0, 0.00%, 0, 0, 1, 208.02
1734315978, 5, 7, 10, 0, 0, 0.00%, 0, 0, 1, 206.69
1734315983, 5, 9, 10, 0, 0, 0.00%, 0, 0, 1, 208.19
1734315988, 6, 0, 10, 0, 0, 0.00%, 0, 0, 1, 211.44
1734315993, 6, 2, 10, 0, 0, 0.00%, 0, 0, 1, 209.53
1734315998, 6, 3, 10, 0, 0, 0.00%, 0, 0, 1, 206.29
1734316004, 6, 4, 10, 0, 0, 0.00%, 0, 0, 1, 208.64
1734316009, 6, 6, 10, 0, 0, 0.00%, 0, 0, 1, 204.19
1734316014, 6, 7, 10, 0, 0, 0.00%, 0, 0, 1, 212.32
1734316019, 6, 9, 10, 0, 0, 0.00%, 0, 0, 1, 210.92
1734316024, 7, 0, 10, 0, 0, 0.00%, 0, 0, 1, 210.82
1734316029, 7, 2, 10, 0, 0, 0.00%, 0, 0, 1, 207.53
1734316034, 7, 3, 10, 0, 0, 0.00%, 0, 0, 1, 207.99
1734316039, 7, 4, 10, 0, 0, 0.00%, 0, 0, 1, 209.69
1734316044, 7, 6, 10, 0, 0, 0.00%, 0, 0, 1, 207.89
1734316049, 7, 7, 10, 0, 0, 0.00%, 0, 0, 1, 209.66
1734316055, 7, 9, 10, 0, 0, 0.00%, 0, 0, 1, 211.17
1734316060, 8, 0, 10, 0, 0, 0.00%, 0, 0, 1, 210.65
1734316065, 8, 2, 10, 0, 0, 0.00%, 0, 0, 1, 209.38
1734316070, 8, 3, 10, 0, 0, 0.00%, 0, 0, 1, 211.57
1734316075, 8, 4, 10, 0, 0, 0.00%, 0, 0, 1, 210.15
1734316080, 8, 6, 10, 0, 0, 0.00%, 0, 0, 1, 209.10
1734316085, 8, 7, 10, 0, 0, 0.00%, 0, 0, 1, 209.09
1734316090, 8, 9, 10, 0, 0, 0.00%, 0, 0, 1, 207.14
1734316095, 9, 0, 10, 0, 0, 0.00%, 0, 0, 1, 206.41
1734316100, 9, 1, 10, 0, 0, 0.00%, 0, 0, 1, 206.79
1734316105, 9, 3, 10, 0, 0, 0.00%, 0, 0, 1, 209.33
1734316110, 9, 4, 10, 0, 0, 0.00%, 0, 0, 1, 210.68
1734316115, 9, 6, 10, 0, 0, 0.00%, 0, 0, 1, 208.43
1734316120, 9, 7, 10, 0, 0, 0.00%, 0, 0, 1, 208.11
1734316126, 9, 8, 10, 0, 0, 0.00%, 0, 0, 1, 209.65
1734316131, 10, 0, 10, 0, 0, 0.00%, 0, 0, 1, 209.58
1734316136, 10, 1, 10, 0, 0, 0.00%, 0, 0, 1, 209.67
1734316141, 10, 3, 10, 0, 0, 0.00%, 0, 0, 1, 207.34
1734316146, 10, 4, 10, 0, 0, 0.00%, 0, 0, 1, 203.68
1734316151, 10, 5, 10, 0, 0, 0.00%, 0, 0, 1, 208.49
1734316156, 10, 7, 10, 0, 0, 0.00%, 0, 0, 1, 210.01
1734316161, 10, 8, 10, 0, 0, 0.00%, 0, 0, 1, 207.68
1734316166, 11, 0, 10, 0, 0, 0.00%, 0, 0, 1, 208.26
1734316171, 11, 1, 10, 0, 0, 0.00%, 0, 0, 1, 208.66
1734316176, 11, 2, 10, 0, 0, 0.00%, 0, 0, 1, 208.44
1734316181, 11, 4, 10, 0, 0, 0.00%, 0, 0, 1, 206.74
1734316186, 11, 5, 10, 0, 0, 0.00%, 0, 0, 1, 206.20
1734316191, 11, 7, 10, 0, 0, 0.00%, 0, 0, 1, 206.93
1734316196, 11, 8, 10, 0, 0, 0.00%, 0, 0, 1, 209.39
1734316201, 11, 9, 10, 0, 0, 0.00%, 0, 0, 1, 211.06
1734316206, 12, 1, 10, 0, 0, 0.00%, 0, 0, 1, 207.88
1734316211, 12, 2, 10, 0, 0, 0.00%, 0, 0, 1, 207.32
1734316216, 12, 4, 10, 0, 0, 0.00%, 0, 0, 1, 207.62
1734316221, 12, 5, 10, 0, 0, 0.00%, 0, 0, 1, 211.86
1734316227, 12, 7, 10, 0, 0, 0.00%, 0, 0, 1, 213.53
1734316232, 12, 8, 10, 0, 0, 0.00%, 0, 0, 1, 210.49
1734316237, 12, 9, 10, 0, 0, 0.00%, 0, 0, 1, 209.79
1734316242, 13, 1, 10, 0, 0, 0.00%, 0, 0, 1, 210.45
1734316247, 13, 2, 10, 0, 0, 0.00%, 0, 0, 1, 209.12
1734316252, 13, 4, 10, 0, 0, 0.00%, 0, 0, 1, 211.25
1734316257, 13, 5, 10, 0, 0, 0.00%, 0, 0, 1, 207.82
1734316262, 13, 7, 10, 0, 0, 0.00%, 0, 0, 1, 204.56
1734316267, 13, 8, 10, 0, 0, 0.00%, 0, 0, 1, 207.24
1734316272, 13, 9, 10, 0, 0, 0.00%, 0, 0, 1, 208.61
1734316277, 14, 1, 10, 0, 0, 0.00%, 0, 0, 1, 212.47
1734316282, 14, 2, 10, 0, 0, 0.00%, 0, 0, 1, 207.74
1734316287, 14, 4, 10, 0, 0, 0.00%, 0, 0, 1, 209.26
1734316292, 14, 5, 10, 0, 0, 0.00%, 0, 0, 1, 211.73
1734316297, 14, 6, 10, 0, 0, 0.00%, 0, 0, 1, 207.24
1734316302, 14, 8, 10, 0, 0, 0.00%, 0, 0, 1, 208.54
1734316307, 14, 9, 10, 0, 0, 0.00%, 0, 0, 1, 209.22
1734316313, 15, 1, 10, 0, 0, 0.00%, 0, 0, 1, 206.82
1734316318, 15, 2, 10, 0, 0, 0.00%, 0, 0, 1, 209.51
1734316323, 15, 3, 10, 0, 0, 0.00%, 0, 0, 1, 212.42
1734316328, 15, 5, 10, 0, 0, 0.00%, 0, 0, 1, 208.05
1734316333, 15, 6, 10, 0, 0, 0.00%, 0, 0, 1, 212.24
1734316338, 15, 8, 10, 0, 0, 0.00%, 0, 0, 1, 215.84
1734316343, 15, 9, 10, 0, 0, 0.00%, 0, 0, 1, 214.48
1734316348, 16, 1, 10, 0, 0, 0.00%, 0, 0, 1, 214.42
1734316353, 16, 2, 10, 0, 0, 0.00%, 0, 0, 1, 216.92
1734316358, 16, 4, 10, 0, 0, 0.00%, 0, 0, 1, 214.93
1734316363, 16, 5, 10, 0, 0, 0.00%, 0, 0, 1, 215.25
1734316368, 16, 7, 10, 0, 0, 0.00%, 0, 0, 1, 214.37
1734316373, 16, 8, 10, 0, 0, 0.00%, 0, 0, 1, 215.61
1734316378, 16, 9, 10, 0, 0, 0.00%, 0, 0, 1, 218.20
1734316384, 17, 1, 10, 0, 0, 0.00%, 0, 0, 1, 219.50
1734316389, 17, 2, 10, 0, 0, 0.00%, 0, 0, 1, 216.07
1734316394, 17, 4, 10, 0, 0, 0.00%, 0, 0, 1, 212.67
1734316399, 17, 5, 10, 0, 0, 0.00%, 0, 0, 1, 212.18
1734316404, 17, 7, 10, 0, 0, 0.00%, 0, 0, 1, 215.73
1734316409, 17, 8, 10, 0, 0, 0.00%, 0, 0, 1, 211.92
1734316414, 18, 0, 10, 0, 0, 0.00%, 0, 0, 1, 213.38
1734316419, 18, 1, 10, 0, 0, 0.00%, 0, 0, 1, 211.65
1734316424, 18, 2, 10, 0, 0, 0.00%, 0, 0, 1, 217.89
1734316429, 18, 4, 10, 0, 0, 0.00%, 0, 0, 1, 210.36
1734316434, 18, 5, 10, 0, 0, 0.00%, 0, 0, 1, 214.49
1734316439, 18, 7, 10, 0, 0, 0.00%, 0, 0, 1, 210.57
1734316444, 18, 8, 10, 0, 0, 0.00%, 0, 0, 1, 211.22
1734316449, 19, 0, 10, 0, 0, 0.00%, 0, 0, 1, 215.97
1734316454, 19, 1, 10, 0, 0, 0.00%, 0, 0, 1, 214.16
1734316459, 19, 3, 10, 0, 0, 0.00%, 0, 0, 1, 216.30
1734316464, 19, 4, 10, 0, 0, 0.00%, 0, 0, 1, 212.40
1734316469, 19, 5, 10, 0, 0, 0.00%, 0, 0, 1, 216.25
1734316474, 19, 7, 10, 0, 0, 0.00%, 0, 0, 1, 211.30
1734316479, 19, 8, 10, 0, 0, 0.00%, 0, 0, 1, 213.43
1734316484, 20, 0, 10, 0, 0, 0.00%, 0, 0, 1, 213.36
1734316489, 20, 1, 10, 0, 0, 0.00%, 0, 0, 1, 213.00
1734316495, 20, 3, 10, 0, 0, 0.00%, 0, 0, 1, 214.30
1734316500, 20, 4, 10, 0, 0, 0.00%, 0, 0, 1, 217.50
1734316505, 20, 6, 10, 0, 0, 0.00%, 0, 0, 1, 217.01
1734316510, 20, 7, 10, 0, 0, 0.00%, 0, 0, 1, 214.97
1734316515, 20, 9, 10, 0, 0, 0.00%, 0, 0, 1, 211.07
1734316520, 21, 0, 10, 0, 0, 0.00%, 0, 0, 1, 215.14
1734316526, 21, 1, 11, 1, 0, 0.05%, 1, 0, 2, 215.30
1734316531, 21, 10, 11, 1, 1, 0.05%, 1, 0, 2, 253.54
1734316546, 21, 10, 12, 2, 1, 0.05%, 2, 0, 3, 267.68
1734316622, 21, 10, 13, 3, 1, 0.05%, 3, 0, 3, 220.42
1734316647, 21, 12, 13, 2, 2, 0.05%, 3, 0, 3, 288.16
1734316652, 21, 12, 15, 4, 2, 0.05%, 3, 0, 4, 438.93
1734316662, 21, 12, 16, 5, 2, 0.05%, 4, 0, 4, 471.46
1734316693, 21, 12, 18, 7, 2, 0.06%, 5, 0, 4, 478.81
1734316724, 21, 15, 18, 6, 3, 0.06%, 5, 0, 4, 235.31
1734316729, 21, 15, 20, 8, 3, 0.06%, 5, 0, 5, 433.31
1734316734, 21, 15, 21, 9, 3, 0.06%, 6, 0, 5, 479.53
1734316755, 21, 15, 22, 10, 3, 0.06%, 6, 0, 5, 492.68
1734316780, 21, 15, 24, 12, 3, 0.06%, 6, 0, 5, 482.96
1734316785, 21, 15, 25, 13, 3, 0.06%, 6, 0, 5, 493.78
1734316816, 21, 17, 29, 16, 5, 0.06%, 8, 0, 5, 336.46
1734316821, 21, 17, 32, 19, 5, 0.06%, 9, 0, 5, 288.45
1734316836, 21, 17, 34, 21, 5, 0.06%, 9, 0, 5, 268.10
1734316846, 21, 17, 35, 22, 5, 0.06%, 9, 0, 5, 268.89
1734316856, 21, 17, 36, 23, 5, 0.06%, 9, 0, 5, 264.19
1734316882, 21, 17, 37, 24, 5, 0.06%, 9, 0, 5, 268.77
1734316917, 21, 17, 38, 25, 5, 0.06%, 9, 0, 5, 281.95
1734316923, 21, 17, 40, 27, 5, 0.06%, 9, 0, 5, 309.25
1734316928, 21, 17, 43, 30, 5, 0.06%, 9, 0, 5, 298.29
1734316933, 21, 28, 43, 29, 5, 0.06%, 9, 0, 5, 373.87
1734316938, 21, 28, 44, 30, 5, 0.06%, 9, 0, 6, 486.27
1734316953, 21, 28, 45, 31, 5, 0.06%, 9, 0, 6, 513.83
1734316958, 21, 28, 46, 32, 5, 0.06%, 9, 0, 6, 519.01
1734316963, 21, 28, 49, 35, 5, 0.06%, 9, 0, 6, 505.12
1734316968, 21, 28, 50, 36, 5, 0.06%, 9, 0, 6, 516.40
1734316973, 21, 28, 51, 37, 5, 0.06%, 9, 0, 6, 515.10
1734316983, 21, 28, 53, 39, 5, 0.06%, 9, 0, 6, 508.78
1734317003, 21, 28, 55, 41, 5, 0.06%, 9, 0, 6, 364.55
1734317008, 21, 29, 55, 40, 4, 0.06%, 9, 0, 6, 322.33
1734317018, 21, 29, 56, 41, 4, 0.06%, 9, 0, 6, 302.51
1734317029, 21, 29, 57, 42, 4, 0.06%, 9, 0, 6, 292.78
1734317034, 21, 29, 58, 43, 4, 0.06%, 9, 0, 6, 291.48
1734317049, 21, 29, 59, 44, 4, 0.06%, 9, 0, 6, 298.54
1734317126, 21, 29, 60, 45, 4, 0.06%, 9, 0, 6, 326.66
1734317136, 21, 40, 60, 44, 3, 0.06%, 9, 0, 6, 348.72
1734317141, 21, 40, 61, 45, 3, 0.06%, 9, 0, 6, 315.18
1734317151, 21, 40, 62, 46, 3, 0.06%, 9, 0, 6, 422.96
1734317232, 21, 44, 62, 45, 3, 0.06%, 9, 0, 6, 370.48
1734317252, 21, 44, 63, 46, 3, 0.06%, 9, 0, 7, 488.52
1734317278, 21, 44, 64, 47, 3, 0.06%, 9, 0, 7, 486.13
1734317329, 21, 51, 65, 47, 2, 0.06%, 9, 0, 7, 427.04
1734317339, 21, 51, 66, 48, 2, 0.06%, 9, 0, 7, 509.98
1734317374, 21, 52, 66, 47, 2, 0.06%, 9, 0, 7, 310.94
1734317379, 21, 52, 67, 48, 2, 0.06%, 9, 0, 7, 386.50
1734317441, 21, 52, 68, 49, 2, 0.06%, 9, 0, 7, 397.80
1734317456, 21, 52, 69, 50, 2, 0.06%, 9, 0, 7, 485.94
1734317492, 21, 56, 69, 49, 2, 0.06%, 9, 0, 7, 311.56
1734317528, 21, 59, 69, 48, 1, 0.06%, 9, 0, 7, 391.13
1734317625, 21, 60, 69, 47, 1, 0.06%, 9, 0, 7, 406.72
1734317671, 21, 62, 69, 46, 1, 0.06%, 9, 0, 7, 392.59
1734317696, 21, 62, 70, 47, 1, 0.06%, 9, 0, 8, 450.92
1734317742, 21, 63, 70, 46, 1, 0.06%, 9, 0, 8, 460.81
1734317808, 21, 64, 70, 45, 1, 0.06%, 9, 0, 8, 331.19
1734317869, 21, 64, 71, 46, 1, 0.06%, 9, 0, 8, 443.74
1734317914, 21, 70, 71, 45, 1, 0.06%, 9, 0, 8, 376.17
1734317920, 21, 70, 72, 46, 1, 0.06%, 9, 0, 9, 486.21
1734318026, 22, 20, 72, 45, 1, 0.06%, 9, 0, 9, 304.25
1734318067, 22, 22, 72, 44, 0, 0.06%, 9, 0, 9, 332.66
1734318163, 22, 30, 72, 43, 0, 0.06%, 9, 0, 9, 345.15
1734318209, 22, 31, 72, 42, 0, 0.06%, 9, 0, 9, 286.46
1734318235, 22, 31, 74, 44, 0, 0.06%, 9, 0, 9, 499.85
1734318331, 22, 40, 74, 43, 0, 0.06%, 9, 0, 9, 410.25
1734318346, 22, 41, 74, 43, 0, 0.06%, 9, 0, 9, 318.21
1734318387, 22, 42, 74, 42, 0, 0.06%, 9, 0, 9, 296.04
1734318418, 22, 60, 74, 41, 0, 0.06%, 9, 0, 9, 428.13
1734318448, 22, 61, 74, 41, 0, 0.06%, 9, 0, 9, 369.64
1734318489, 22, 61, 75, 42, 0, 0.06%, 9, 0, 9, 370.40
1734318504, 22, 61, 76, 43, 0, 0.06%, 9, 0, 9, 433.41
1734318575, 22, 62, 76, 42, 0, 0.06%, 9, 0, 9, 413.32
1734318621, 22, 63, 76, 42, 0, 0.06%, 9, 0, 9, 427.77
1734318636, 22, 64, 76, 42, 0, 0.06%, 9, 0, 9, 438.18
1734318651, 22, 65, 76, 42, 0, 0.06%, 9, 0, 9, 416.73
1734318718, 22, 65, 77, 43, 0, 0.06%, 9, 0, 9, 508.19
1734318749, 22, 66, 77, 42, 0, 0.06%, 9, 0, 9, 429.52
1734318851, 22, 67, 77, 41, 0, 0.06%, 9, 0, 9, 406.45
1734318954, 22, 68, 77, 40, 0, 0.06%, 9, 0, 9, 419.91
1734319061, 22, 69, 77, 39, 0, 0.06%, 9, 0, 9, 422.37
1734319157, 22, 70, 77, 38, 0, 0.06%, 9, 0, 9, 303.28
1734319183, 22, 71, 77, 38, 0, 0.06%, 9, 0, 9, 385.82
1734319300, 22, 72, 77, 37, 0, 0.06%, 9, 0, 9, 330.14
1734319416, 22, 74, 77, 36, 0, 0.06%, 9, 0, 9, 375.01
1734319539, 22, 75, 77, 35, 0, 0.06%, 9, 0, 9, 399.35
1734319651, 22, 76, 78, 35, 0, 0.06%, 9, 0, 9, 374.01
1734319748, 22, 77, 78, 34, 0, 0.06%, 9, 0, 9, 356.84
1734319871, 23, 11, 78, 33, 0, 0.06%, 9, 0, 9, 313.52
1734319891, 23, 15, 78, 32, 0, 0.06%, 9, 0, 9, 430.37
1734319901, 23, 17, 78, 32, 0, 0.06%, 9, 0, 9, 355.64
1734319922, 23, 18, 78, 32, 0, 0.06%, 9, 0, 9, 385.55
1734319952, 23, 19, 78, 31, 0, 0.06%, 9, 0, 9, 404.68
1734319988, 23, 20, 78, 30, 0, 0.06%, 9, 0, 9, 408.46
1734320008, 23, 21, 78, 30, 0, 0.06%, 9, 0, 9, 454.78
1734320038, 23, 22, 78, 29, 0, 0.06%, 9, 0, 9, 443.94
1734320125, 23, 23, 78, 29, 0, 0.06%, 9, 0, 9, 404.66
1734320160, 23, 25, 78, 28, 0, 0.06%, 9, 0, 9, 321.81
1734320263, 23, 28, 78, 27, 0, 0.06%, 9, 0, 9, 459.79
1734320278, 23, 29, 78, 27, 0, 0.06%, 9, 0, 9, 308.63
1734320298, 23, 30, 78, 27, 0, 0.06%, 9, 0, 9, 277.92
1734320319, 23, 31, 78, 27, 0, 0.06%, 9, 0, 9, 390.11
1734320334, 23, 32, 78, 27, 0, 0.06%, 9, 0, 9, 347.84
1734320369, 23, 33, 78, 26, 0, 0.06%, 9, 0, 9, 333.70
1734320522, 23, 34, 78, 25, 0, 0.06%, 9, 0, 9, 419.75
1734320558, 23, 35, 78, 24, 0, 0.06%, 9, 0, 9, 297.67
1734320756, 23, 36, 78, 23, 0, 0.06%, 9, 0, 9, 302.87
1734320792, 23, 40, 78, 22, 0, 0.06%, 9, 0, 9, 350.09
1734320812, 23, 41, 78, 22, 0, 0.06%, 9, 0, 9, 395.16
1734320828, 23, 42, 78, 22, 0, 0.06%, 9, 0, 9, 311.50
1734320843, 23, 43, 78, 22, 0, 0.06%, 9, 0, 9, 397.15
1734320884, 23, 44, 78, 21, 0, 0.06%, 9, 0, 9, 370.77
1734320899, 23, 45, 78, 21, 0, 0.06%, 9, 0, 9, 321.63
1734320955, 23, 46, 78, 20, 0, 0.06%, 9, 0, 9, 324.79
1734321026, 23, 47, 78, 19, 0, 0.06%, 9, 0, 9, 355.82
1734321098, 23, 48, 78, 18, 0, 0.06%, 9, 0, 9, 392.73
1734321164, 23, 49, 78, 17, 0, 0.06%, 9, 0, 9, 313.41
1734321170, 23, 49, 79, 18, 0, 0.06%, 9, 0, 9, 414.13
1734321277, 23, 51, 79, 17, 0, 0.06%, 9, 0, 9, 408.17
1734321292, 23, 52, 79, 17, 0, 0.06%, 9, 0, 9, 312.01
1734321313, 23, 55, 79, 17, 0, 0.06%, 9, 0, 9, 348.19
1734321348, 23, 56, 79, 16, 0, 0.06%, 9, 0, 9, 337.73
1734321368, 23, 57, 79, 16, 0, 0.06%, 9, 0, 9, 479.91
1734321409, 23, 58, 79, 15, 0, 0.06%, 9, 0, 9, 361.77
1734321521, 23, 60, 79, 14, 0, 0.06%, 9, 0, 9, 397.00
1734321536, 23, 61, 79, 14, 0, 0.06%, 9, 0, 9, 334.11
1734321557, 23, 62, 79, 14, 0, 0.06%, 9, 0, 9, 442.89
1734321572, 23, 63, 79, 14, 0, 0.06%, 9, 0, 9, 405.54
1734321587, 23, 64, 79, 14, 0, 0.06%, 9, 0, 9, 347.60
1734321607, 23, 65, 79, 14, 0, 0.06%, 9, 0, 9, 448.89
1734321623, 23, 66, 79, 14, 0, 0.06%, 9, 0, 9, 398.07
1734321638, 23, 67, 79, 14, 0, 0.06%, 9, 0, 9, 338.57
1734321658, 23, 68, 79, 14, 0, 0.06%, 9, 0, 9, 300.89
1734321678, 23, 69, 79, 14, 0, 0.06%, 9, 0, 9, 431.66
1734321704, 23, 70, 79, 14, 0, 0.06%, 9, 0, 9, 464.50
1734321800, 23, 71, 79, 14, 0, 0.06%, 9, 0, 9, 453.60
1734321897, 23, 74, 79, 14, 0, 0.06%, 9, 0, 9, 316.94
1734321917, 23, 75, 79, 14, 0, 0.06%, 9, 0, 9, 403.77
1734321932, 24, 20, 79, 14, 0, 0.06%, 9, 0, 9, 331.36
1734321952, 24, 29, 79, 14, 0, 0.06%, 9, 0, 9, 320.05
1734321968, 24, 36, 79, 14, 0, 0.06%, 9, 0, 9, 340.89
1734321988, 24, 40, 79, 14, 0, 0.06%, 9, 0, 9, 390.09
1734322003, 24, 41, 79, 14, 0, 0.06%, 9, 0, 9, 378.25
1734322023, 24, 42, 79, 14, 0, 0.06%, 9, 0, 9, 311.32
1734322039, 24, 60, 79, 14, 0, 0.06%, 9, 0, 9, 385.90
1734322054, 24, 61, 79, 14, 0, 0.06%, 9, 0, 9, 353.70
1734322074, 24, 74, 79, 14, 0, 0.06%, 9, 0, 9, 383.60
1734322089, 24, 75, 79, 14, 0, 0.06%, 9, 0, 9, 332.86
1734322110, 25, 20, 79, 14, 0, 0.06%, 9, 0, 9, 301.31
1734322130, 25, 40, 79, 14, 0, 0.06%, 9, 0, 9, 403.17
1734322145, 25, 41, 79, 14, 0, 0.06%, 9, 0, 9, 381.94
1734322161, 25, 42, 79, 14, 0, 0.06%, 9, 0, 9, 307.64
1734322176, 25, 60, 79, 14, 0, 0.06%, 9, 0, 9, 340.86
1734322196, 25, 61, 79, 14, 0, 0.06%, 9, 0, 9, 403.74
1734322212, 25, 74, 79, 14, 0, 0.06%, 9, 0, 9, 342.28
1734322232, 25, 75, 79, 14, 0, 0.06%, 9, 0, 9, 387.11
1734322247, 26, 20, 79, 14, 0, 0.06%, 9, 0, 9, 297.75
1734322267, 26, 40, 79, 14, 0, 0.06%, 9, 0, 9, 357.37
1734322277, 26, 41, 79, 14, 0, 0.06%, 9, 0, 9, 377.98
1734322293, 26, 42, 79, 14, 0, 0.06%, 9, 0, 9, 299.90
1734322308, 26, 60, 79, 14, 0, 0.06%, 9, 0, 9, 362.74
1734322318, 26, 61, 79, 14, 0, 0.06%, 9, 0, 9, 407.68
1734322333, 26, 74, 79, 14, 0, 0.06%, 9, 0, 9, 358.23
1734322354, 26, 75, 79, 14, 0, 0.06%, 9, 0, 9, 382.97
1734322369, 27, 20, 79, 14, 0, 0.06%, 9, 0, 9, 316.62
1734322379, 27, 40, 79, 14, 0, 0.06%, 9, 0, 9, 342.59
1734322384, 27, 41, 79, 14, 0, 0.06%, 9, 0, 9, 350.01
1734322394, 27, 42, 79, 14, 0, 0.06%, 9, 0, 9, 300.67
1734322399, 27, 60, 79, 14, 0, 0.06%, 9, 0, 9, 329.18
1734322404, 27, 61, 79, 14, 0, 0.06%, 9, 0, 9, 368.81
1734322414, 27, 74, 79, 14, 0, 0.06%, 9, 0, 9, 387.58
1734322424, 27, 75, 79, 14, 0, 0.06%, 9, 0, 9, 372.03
1734322435, 28, 20, 79, 14, 0, 0.06%, 9, 0, 9, 310.94
1734322440, 28, 41, 79, 14, 0, 0.06%, 9, 0, 9, 322.21
1734322445, 28, 42, 79, 14, 0, 0.06%, 9, 0, 9, 332.22
1734322450, 28, 60, 79, 14, 0, 0.06%, 9, 0, 9, 359.61
1734322455, 28, 61, 79, 14, 0, 0.06%, 9, 0, 9, 354.93
1734322460, 28, 74, 79, 14, 0, 0.06%, 9, 0, 9, 373.63
1734322470, 28, 75, 79, 14, 0, 0.06%, 9, 0, 9, 388.79
1734322480, 29, 20, 79, 14, 0, 0.06%, 9, 0, 9, 315.25
1734322485, 29, 40, 79, 14, 0, 0.06%, 9, 0, 9, 324.46
1734322490, 29, 42, 79, 14, 0, 0.06%, 9, 0, 9, 337.61
1734322495, 29, 60, 79, 14, 0, 0.06%, 9, 0, 9, 348.87
1734322501, 29, 61, 79, 14, 0, 0.06%, 9, 0, 9, 332.34
1734322506, 29, 74, 79, 14, 0, 0.06%, 9, 0, 9, 356.61
1734322511, 29, 75, 79, 14, 0, 0.06%, 9, 0, 9, 363.44
1734322516, 30, 20, 79, 14, 0, 0.06%, 9, 0, 9, 309.77
1734322521, 30, 40, 79, 14, 0, 0.06%, 9, 0, 9, 328.58
1734322526, 30, 41, 79, 14, 0, 0.06%, 9, 0, 9, 339.91
1734322531, 30, 42, 79, 14, 0, 0.06%, 9, 0, 9, 299.58
1734322536, 30, 60, 79, 14, 0, 0.06%, 9, 0, 9, 330.04
1734322541, 30, 74, 79, 14, 0, 0.06%, 9, 0, 9, 328.18
1734322551, 30, 75, 79, 14, 0, 0.06%, 9, 0, 9, 359.94
1734322556, 31, 20, 79, 14, 0, 0.06%, 9, 0, 9, 308.63
1734322561, 31, 40, 79, 14, 0, 0.06%, 9, 0, 9, 306.11
1734322566, 31, 42, 79, 14, 0, 0.06%, 9, 0, 9, 321.35
1734322571, 31, 60, 79, 14, 0, 0.06%, 9, 0, 9, 346.31
1734322576, 31, 61, 79, 14, 0, 0.06%, 9, 0, 9, 355.82
1734322581, 31, 74, 79, 14, 0, 0.06%, 9, 0, 9, 361.17
1734322587, 31, 75, 79, 14, 0, 0.06%, 9, 0, 9, 361.31
1734322592, 31, 76, 79, 14, 0, 0.06%, 9, 0, 9, 308.39
1734322709, 31, 77, 79, 14, 0, 0.06%, 9, 0, 9, 383.03
1734322827, 31, 78, 79, 14, 0, 0.06%, 9, 0, 9, 449.73
1734322935, 32, 11, 79, 13, 0, 0.06%, 9, 0, 9, 356.36
1734322945, 32, 12, 79, 13, 0, 0.06%, 9, 0, 9, 397.08
1734322955, 32, 13, 79, 13, 0, 0.06%, 9, 0, 9, 307.53
1734322996, 32, 15, 79, 12, 0, 0.06%, 9, 0, 9, 286.72
1734323016, 32, 17, 79, 12, 0, 0.06%, 9, 0, 9, 312.43
1734323031, 32, 18, 79, 12, 0, 0.06%, 9, 0, 9, 365.37
1734323046, 32, 19, 79, 12, 0, 0.06%, 9, 0, 9, 315.28
1734323067, 32, 21, 79, 12, 0, 0.06%, 9, 0, 9, 336.30
1734323087, 32, 22, 79, 12, 0, 0.06%, 9, 0, 9, 377.00
1734323103, 32, 23, 79, 12, 0, 0.06%, 9, 0, 9, 406.67
1734323128, 32, 24, 79, 12, 0, 0.06%, 9, 0, 9, 434.37
1734323261, 32, 25, 79, 11, 0, 0.06%, 9, 0, 9, 412.55
1734323276, 32, 28, 79, 11, 0, 0.06%, 9, 0, 9, 288.76
1734323291, 32, 29, 79, 11, 0, 0.06%, 9, 0, 9, 376.93
1734323311, 32, 30, 79, 11, 0, 0.06%, 9, 0, 9, 291.99
1734323332, 32, 31, 79, 11, 0, 0.06%, 9, 0, 9, 294.32
1734323352, 32, 32, 79, 11, 0, 0.06%, 9, 0, 9, 399.56
1734323368, 32, 33, 79, 11, 0, 0.06%, 9, 0, 9, 349.84
1734323383, 32, 34, 79, 11, 0, 0.06%, 9, 0, 9, 356.83
1734323403, 32, 35, 79, 11, 0, 0.06%, 9, 0, 9, 376.23
1734323418, 32, 36, 79, 11, 0, 0.06%, 9, 0, 9, 414.02
1734323438, 32, 37, 79, 11, 0, 0.06%, 9, 0, 9, 333.96
1734323474, 32, 38, 79, 10, 0, 0.06%, 9, 0, 9, 342.33
1734323504, 32, 39, 79, 9, 0, 0.06%, 9, 0, 9, 342.71
1734323575, 32, 40, 79, 8, 0, 0.06%, 9, 0, 9, 342.96
1734323580, 32, 41, 79, 8, 0, 0.06%, 9, 0, 9, 339.92
1734323586, 32, 43, 79, 8, 0, 0.06%, 9, 0, 9, 317.55
1734323606, 32, 44, 79, 8, 0, 0.06%, 9, 0, 9, 428.36
1734323621, 32, 45, 79, 8, 0, 0.06%, 9, 0, 9, 418.99
1734323636, 32, 46, 79, 8, 0, 0.06%, 9, 0, 9, 352.38
1734323651, 32, 47, 79, 8, 0, 0.06%, 9, 0, 9, 353.04
1734323672, 32, 48, 79, 8, 0, 0.06%, 9, 0, 9, 411.90
1734323687, 32, 49, 79, 8, 0, 0.06%, 9, 0, 9, 332.94
1734323707, 32, 50, 79, 8, 0, 0.06%, 9, 0, 9, 412.11
1734323936, 32, 51, 79, 7, 0, 0.06%, 9, 0, 9, 360.47
1734323956, 32, 52, 79, 7, 0, 0.06%, 9, 0, 9, 397.02
1734323971, 32, 55, 79, 7, 0, 0.06%, 9, 0, 9, 408.58
1734323986, 32, 56, 79, 7, 0, 0.06%, 9, 0, 9, 345.89
1734324007, 32, 57, 79, 7, 0, 0.06%, 9, 0, 9, 366.59
1734324022, 32, 58, 79, 7, 0, 0.06%, 9, 0, 9, 320.57
1734324042, 32, 59, 79, 7, 0, 0.06%, 9, 0, 9, 405.58
1734324057, 32, 60, 79, 7, 0, 0.06%, 9, 0, 9, 351.56
1734324062, 32, 61, 79, 7, 0, 0.06%, 9, 0, 9, 370.19
1734324067, 32, 62, 79, 7, 0, 0.06%, 9, 0, 9, 383.72
1734324083, 32, 63, 79, 7, 0, 0.06%, 9, 0, 9, 334.87
1734324103, 32, 64, 79, 7, 0, 0.06%, 9, 0, 9, 426.69
1734324118, 32, 65, 79, 7, 0, 0.06%, 9, 0, 9, 434.66
1734324134, 32, 66, 79, 7, 0, 0.06%, 9, 0, 9, 314.97
1734324154, 32, 67, 79, 7, 0, 0.06%, 9, 0, 9, 406.69
1734324169, 32, 68, 79, 7, 0, 0.06%, 9, 0, 9, 317.81
1734324189, 32, 69, 79, 7, 0, 0.06%, 9, 0, 9, 414.50
1734324215, 32, 70, 79, 7, 0, 0.06%, 9, 0, 9, 433.04
1734324235, 32, 71, 79, 7, 0, 0.06%, 9, 0, 9, 366.62
1734324266, 32, 72, 79, 7, 0, 0.06%, 9, 0, 9, 396.86
1734324276, 32, 72, 80, 8, 0, 0.06%, 9, 0, 9, 319.28
1734324281, 32, 73, 80, 8, 0, 0.06%, 9, 0, 9, 375.09
1734324398, 32, 74, 80, 7, 0, 0.06%, 9, 0, 9, 351.23
1734324403, 32, 75, 80, 7, 0, 0.06%, 9, 0, 9, 348.93
1734324408, 32, 76, 80, 7, 0, 0.06%, 9, 0, 9, 341.24
1734324433, 32, 77, 80, 7, 0, 0.06%, 9, 0, 9, 317.10
1734324459, 32, 78, 80, 7, 0, 0.06%, 9, 0, 9, 330.44
1734324479, 32, 79, 81, 8, 0, 0.06%, 9, 0, 9, 356.90
1734324591, 32, 80, 81, 7, 0, 0.06%, 9, 0, 9, 338.59
1734324729, 33, 11, 81, 6, 0, 0.06%, 9, 0, 9, 285.79
1734324739, 33, 17, 81, 6, 0, 0.06%, 9, 0, 9, 307.24
1734324759, 33, 20, 81, 6, 0, 0.06%, 9, 0, 9, 318.76
1734324764, 33, 22, 81, 6, 0, 0.06%, 9, 0, 9, 392.13
1734324780, 33, 25, 81, 6, 0, 0.06%, 9, 0, 9, 405.77
1734324800, 33, 28, 81, 6, 0, 0.06%, 9, 0, 9, 456.97
1734324815, 33, 29, 81, 6, 0, 0.06%, 9, 0, 9, 305.40
1734324830, 33, 30, 81, 6, 0, 0.06%, 9, 0, 9, 288.26
1734324851, 33, 31, 81, 6, 0, 0.06%, 9, 0, 9, 335.28
1734324871, 33, 32, 81, 6, 0, 0.06%, 9, 0, 9, 345.77
1734324891, 33, 33, 81, 6, 0, 0.06%, 9, 0, 9, 374.39
1734324906, 33, 34, 81, 6, 0, 0.06%, 9, 0, 9, 360.69
1734324927, 33, 35, 81, 6, 0, 0.06%, 9, 0, 9, 395.63
1734324942, 33, 36, 81, 6, 0, 0.06%, 9, 0, 9, 358.32
1734324962, 33, 37, 81, 6, 0, 0.06%, 9, 0, 9, 408.63
1734324978, 33, 40, 81, 6, 0, 0.06%, 9, 0, 9, 320.28
1734324983, 33, 41, 81, 6, 0, 0.06%, 9, 0, 9, 322.61
1734324988, 33, 43, 81, 6, 0, 0.06%, 9, 0, 9, 308.42
1734325003, 33, 44, 81, 6, 0, 0.06%, 9, 0, 9, 391.10
1734325023, 33, 45, 81, 6, 0, 0.06%, 9, 0, 9, 448.76
1734325038, 33, 46, 81, 6, 0, 0.06%, 9, 0, 9, 382.13
1734325054, 33, 47, 81, 6, 0, 0.06%, 9, 0, 9, 341.03
1734325074, 33, 48, 81, 6, 0, 0.06%, 9, 0, 9, 371.51
1734325089, 33, 49, 81, 6, 0, 0.06%, 9, 0, 9, 335.10
1734325109, 33, 50, 81, 6, 0, 0.06%, 9, 0, 9, 361.33
1734325125, 33, 51, 81, 6, 0, 0.06%, 9, 0, 9, 367.41
1734325145, 33, 52, 81, 6, 0, 0.06%, 9, 0, 9, 436.39
1734325160, 33, 55, 81, 6, 0, 0.06%, 9, 0, 9, 412.77
1734325175, 33, 56, 81, 6, 0, 0.06%, 9, 0, 9, 327.69
1734325195, 33, 57, 81, 6, 0, 0.06%, 9, 0, 9, 375.94
1734325211, 33, 58, 81, 6, 0, 0.06%, 9, 0, 9, 338.38
1734325231, 33, 59, 81, 6, 0, 0.06%, 9, 0, 9, 400.67
1734325246, 33, 60, 81, 6, 0, 0.06%, 9, 0, 9, 341.01
1734325251, 33, 61, 81, 6, 0, 0.06%, 9, 0, 9, 344.64
1734325257, 33, 62, 81, 6, 0, 0.06%, 9, 0, 9, 390.24
1734325272, 33, 63, 81, 6, 0, 0.06%, 9, 0, 9, 400.74
1734325292, 33, 64, 81, 6, 0, 0.06%, 9, 0, 9, 411.74
1734325307, 33, 65, 81, 6, 0, 0.06%, 9, 0, 9, 390.39
1734325328, 33, 66, 81, 6, 0, 0.06%, 9, 0, 9, 408.90
1734325343, 33, 67, 81, 6, 0, 0.06%, 9, 0, 9, 391.98
1734325358, 33, 68, 81, 6, 0, 0.06%, 9, 0, 9, 342.57
1734325374, 33, 69, 81, 6, 0, 0.06%, 9, 0, 9, 407.11
1734325399, 33, 70, 81, 6, 0, 0.06%, 9, 0, 9, 366.38
1734325425, 33, 71, 81, 6, 0, 0.06%, 9, 0, 9, 354.43
1734325450, 33, 72, 81, 6, 0, 0.06%, 9, 0, 9, 394.56
1734325470, 33, 73, 81, 6, 0, 0.06%, 9, 0, 9, 377.03
1734325486, 33, 74, 81, 6, 0, 0.06%, 9, 0, 9, 316.12
1734325491, 33, 75, 81, 6, 0, 0.06%, 9, 0, 9, 335.35
1734325496, 33, 76, 81, 6, 0, 0.06%, 9, 0, 9, 360.43
1734325521, 33, 77, 81, 6, 0, 0.06%, 9, 0, 9, 306.31
1734325547, 33, 78, 81, 6, 0, 0.06%, 9, 0, 9, 326.75
1734325567, 33, 79, 81, 6, 0, 0.06%, 9, 0, 9, 420.72
1734325669, 33, 80, 81, 6, 0, 0.06%, 9, 0, 9, 464.83
1734325776, 34, 20, 81, 6, 0, 0.06%, 9, 0, 9, 339.09
1734325781, 34, 25, 81, 6, 0, 0.06%, 9, 0, 9, 338.86
1734325801, 34, 28, 81, 6, 0, 0.06%, 9, 0, 9, 446.22
1734325816, 34, 29, 81, 6, 0, 0.06%, 9, 0, 9, 319.77
1734325821, 34, 36, 81, 6, 0, 0.06%, 9, 0, 9, 325.58
1734325842, 34, 40, 81, 6, 0, 0.06%, 9, 0, 9, 319.49
1734325847, 34, 42, 81, 6, 0, 0.06%, 9, 0, 9, 332.84
1734325852, 34, 43, 81, 6, 0, 0.06%, 9, 0, 9, 384.32
1734325867, 34, 44, 81, 6, 0, 0.06%, 9, 0, 9, 347.87
1734325882, 34, 45, 81, 6, 0, 0.06%, 9, 0, 9, 376.06
1734325903, 34, 46, 81, 6, 0, 0.06%, 9, 0, 9, 447.96
1734325918, 34, 47, 81, 6, 0, 0.06%, 9, 0, 9, 366.87
1734325933, 34, 48, 81, 6, 0, 0.06%, 9, 0, 9, 362.96
1734325953, 34, 49, 81, 6, 0, 0.06%, 9, 0, 9, 464.84
1734325969, 34, 50, 81, 6, 0, 0.06%, 9, 0, 9, 311.98
1734325989, 34, 51, 81, 6, 0, 0.06%, 9, 0, 9, 459.54
1734326004, 34, 52, 81, 6, 0, 0.06%, 9, 0, 9, 435.57
1734326020, 34, 55, 81, 6, 0, 0.06%, 9, 0, 9, 377.76
1734326040, 34, 56, 81, 6, 0, 0.06%, 9, 0, 9, 390.58
1734326055, 34, 57, 81, 6, 0, 0.06%, 9, 0, 9, 366.79
1734326076, 34, 58, 81, 6, 0, 0.06%, 9, 0, 9, 392.12
1734326091, 34, 59, 81, 6, 0, 0.06%, 9, 0, 9, 324.86
1734326111, 34, 60, 81, 6, 0, 0.06%, 9, 0, 9, 315.51
1734326116, 34, 61, 81, 6, 0, 0.06%, 9, 0, 9, 331.33
1734326121, 34, 62, 81, 6, 0, 0.06%, 9, 0, 9, 353.02
1734326126, 34, 63, 81, 6, 0, 0.06%, 9, 0, 9, 356.45
1734326136, 34, 64, 81, 6, 0, 0.06%, 9, 0, 9, 369.30
1734326147, 34, 65, 81, 6, 0, 0.06%, 9, 0, 9, 421.60
1734326162, 34, 66, 81, 6, 0, 0.06%, 9, 0, 9, 346.45
1734326177, 34, 67, 81, 6, 0, 0.06%, 9, 0, 9, 420.84
1734326197, 34, 68, 81, 6, 0, 0.06%, 9, 0, 9, 421.80
1734326213, 34, 69, 81, 6, 0, 0.06%, 9, 0, 9, 291.35
1734326239, 34, 70, 81, 6, 0, 0.06%, 9, 0, 9, 341.56
1734326254, 34, 71, 81, 6, 0, 0.06%, 9, 0, 9, 401.16
1734326279, 34, 74, 81, 6, 0, 0.06%, 9, 0, 9, 346.83
1734326284, 34, 75, 81, 6, 0, 0.06%, 9, 0, 9, 356.64
1734326289, 34, 76, 81, 6, 0, 0.06%, 9, 0, 9, 412.17
1734326315, 34, 79, 81, 6, 0, 0.06%, 9, 0, 9, 409.47
1734326330, 34, 80, 81, 6, 0, 0.06%, 9, 0, 9, 351.45
1734326355, 35, 20, 81, 6, 0, 0.06%, 9, 0, 9, 361.05
1734326360, 35, 25, 81, 6, 0, 0.06%, 9, 0, 9, 354.59
1734326381, 35, 29, 81, 6, 0, 0.06%, 9, 0, 9, 330.16
1734326386, 35, 36, 81, 6, 0, 0.06%, 9, 0, 9, 344.18
1734326391, 35, 40, 81, 6, 0, 0.06%, 9, 0, 9, 337.13
1734326396, 35, 41, 81, 6, 0, 0.06%, 9, 0, 9, 375.01
1734326401, 35, 42, 81, 6, 0, 0.06%, 9, 0, 9, 311.82
1734326406, 35, 44, 81, 6, 0, 0.06%, 9, 0, 9, 384.25
1734326416, 35, 51, 81, 6, 0, 0.06%, 9, 0, 9, 398.98
1734326421, 35, 52, 81, 6, 0, 0.06%, 9, 0, 9, 356.06
1734326431, 35, 55, 81, 6, 0, 0.06%, 9, 0, 9, 378.51
1734326447, 35, 56, 81, 6, 0, 0.06%, 9, 0, 9, 337.88
1734326457, 35, 57, 81, 6, 0, 0.06%, 9, 0, 9, 357.62
1734326477, 35, 58, 81, 6, 0, 0.06%, 9, 0, 9, 376.95
1734326492, 35, 60, 81, 6, 0, 0.06%, 9, 0, 9, 353.64
1734326497, 35, 61, 81, 6, 0, 0.06%, 9, 0, 9, 356.99
1734326502, 35, 62, 81, 6, 0, 0.06%, 9, 0, 9, 369.49
1734326507, 35, 63, 81, 6, 0, 0.06%, 9, 0, 9, 374.39
1734326512, 35, 64, 81, 6, 0, 0.06%, 9, 0, 9, 362.94
1734326518, 35, 65, 81, 6, 0, 0.06%, 9, 0, 9, 376.42
1734326528, 35, 66, 81, 6, 0, 0.06%, 9, 0, 9, 397.52
1734326538, 35, 67, 81, 6, 0, 0.06%, 9, 0, 9, 410.71
1734326548, 35, 68, 81, 6, 0, 0.06%, 9, 0, 9, 397.56
1734326558, 35, 69, 81, 6, 0, 0.06%, 9, 0, 9, 425.10
1734326568, 35, 70, 81, 6, 0, 0.06%, 9, 0, 9, 338.09
1734326578, 35, 71, 81, 6, 0, 0.06%, 9, 0, 9, 434.31
1734326593, 35, 74, 81, 6, 0, 0.06%, 9, 0, 9, 341.78
1734326598, 35, 75, 81, 6, 0, 0.06%, 9, 0, 9, 351.96
1734326603, 35, 76, 81, 6, 0, 0.06%, 9, 0, 9, 415.82
1734326613, 35, 79, 81, 6, 0, 0.06%, 9, 0, 9, 312.08
1734326634, 35, 80, 81, 6, 0, 0.06%, 9, 0, 9, 379.07
1734326659, 36, 20, 81, 6, 0, 0.06%, 9, 0, 9, 291.73
1734326664, 36, 25, 81, 6, 0, 0.06%, 9, 0, 9, 342.51
1734326675, 36, 29, 81, 6, 0, 0.06%, 9, 0, 9, 329.22
1734326680, 36, 36, 81, 6, 0, 0.06%, 9, 0, 9, 323.46
1734326685, 36, 40, 81, 6, 0, 0.06%, 9, 0, 9, 327.98
1734326690, 36, 42, 81, 6, 0, 0.06%, 9, 0, 9, 338.87
1734326695, 36, 44, 81, 6, 0, 0.06%, 9, 0, 9, 370.82
1734326700, 36, 51, 81, 6, 0, 0.06%, 9, 0, 9, 382.36
1734326705, 36, 52, 81, 6, 0, 0.06%, 9, 0, 9, 384.62
1734326710, 36, 55, 81, 6, 0, 0.06%, 9, 0, 9, 403.59
1734326721, 36, 57, 81, 6, 0, 0.06%, 9, 0, 9, 311.89
1734326731, 36, 58, 81, 6, 0, 0.06%, 9, 0, 9, 346.58
1734326741, 36, 60, 81, 6, 0, 0.06%, 9, 0, 9, 341.88
1734326746, 36, 61, 81, 6, 0, 0.06%, 9, 0, 9, 350.05
1734326751, 36, 62, 81, 6, 0, 0.06%, 9, 0, 9, 366.07
1734326756, 36, 63, 81, 6, 0, 0.06%, 9, 0, 9, 386.41
1734326761, 36, 64, 81, 6, 0, 0.06%, 9, 0, 9, 381.12
1734326766, 36, 65, 81, 6, 0, 0.06%, 9, 0, 9, 379.20
1734326771, 36, 66, 81, 6, 0, 0.06%, 9, 0, 9, 368.15
1734326776, 36, 67, 81, 6, 0, 0.06%, 9, 0, 9, 323.71
1734326781, 36, 68, 81, 6, 0, 0.06%, 9, 0, 9, 352.92
1734326786, 36, 69, 81, 6, 0, 0.06%, 9, 0, 9, 364.09
1734326797, 36, 70, 81, 6, 0, 0.06%, 9, 0, 9, 378.75
1734326802, 36, 71, 81, 6, 0, 0.06%, 9, 0, 9, 328.80
1734326812, 36, 74, 81, 6, 0, 0.06%, 9, 0, 9, 343.61
1734326817, 36, 75, 81, 6, 0, 0.06%, 9, 0, 9, 356.46
1734326822, 36, 76, 81, 6, 0, 0.06%, 9, 0, 9, 399.84
1734326832, 36, 79, 81, 6, 0, 0.06%, 9, 0, 9, 382.52
1734326852, 36, 80, 81, 6, 0, 0.06%, 9, 0, 9, 381.59
1734326878, 37, 20, 81, 6, 0, 0.06%, 9, 0, 9, 295.78
1734326883, 37, 25, 81, 6, 0, 0.06%, 9, 0, 9, 294.56
1734326888, 37, 29, 81, 6, 0, 0.06%, 9, 0, 9, 338.78
1734326893, 37, 36, 81, 6, 0, 0.06%, 9, 0, 9, 328.72
1734326898, 37, 40, 81, 6, 0, 0.06%, 9, 0, 9, 346.29
1734326903, 37, 41, 81, 6, 0, 0.06%, 9, 0, 9, 350.18
1734326908, 37, 42, 81, 6, 0, 0.06%, 9, 0, 9, 316.74
1734326913, 37, 44, 81, 6, 0, 0.06%, 9, 0, 9, 334.42
1734326918, 37, 51, 81, 6, 0, 0.06%, 9, 0, 9, 375.13
1734326923, 37, 52, 81, 6, 0, 0.06%, 9, 0, 9, 379.62
1734326928, 37, 55, 81, 6, 0, 0.06%, 9, 0, 9, 325.86
1734326933, 37, 57, 81, 6, 0, 0.06%, 9, 0, 9, 336.69
1734326939, 37, 58, 81, 6, 0, 0.06%, 9, 0, 9, 346.95
1734326944, 37, 60, 81, 6, 0, 0.06%, 9, 0, 9, 373.84
1734326949, 37, 61, 81, 6, 0, 0.06%, 9, 0, 9, 352.88
1734326954, 37, 62, 81, 6, 0, 0.06%, 9, 0, 9, 371.58
1734326959, 37, 63, 81, 6, 0, 0.06%, 9, 0, 9, 382.92
1734326964, 37, 64, 81, 6, 0, 0.06%, 9, 0, 9, 385.75
1734326969, 37, 65, 81, 6, 0, 0.06%, 9, 0, 9, 371.10
1734326974, 37, 66, 81, 6, 0, 0.06%, 9, 0, 9, 335.27
1734326979, 37, 67, 81, 6, 0, 0.06%, 9, 0, 9, 346.33
1734326984, 37, 68, 81, 6, 0, 0.06%, 9, 0, 9, 374.56
1734326994, 37, 69, 81, 6, 0, 0.06%, 9, 0, 9, 362.23
1734326999, 37, 70, 81, 6, 0, 0.06%, 9, 0, 9, 391.99
1734327004, 37, 71, 81, 6, 0, 0.06%, 9, 0, 9, 364.86
1734327015, 37, 74, 81, 6, 0, 0.06%, 9, 0, 9, 349.86
1734327020, 37, 75, 81, 6, 0, 0.06%, 9, 0, 9, 355.61
1734327025, 37, 76, 81, 6, 0, 0.06%, 9, 0, 9, 407.89
1734327030, 37, 79, 81, 6, 0, 0.06%, 9, 0, 9, 345.80
1734327050, 37, 80, 81, 6, 0, 0.06%, 9, 0, 9, 393.53
1734327071, 38, 20, 81, 6, 0, 0.06%, 9, 0, 9, 350.34
1734327076, 38, 25, 81, 6, 0, 0.06%, 9, 0, 9, 352.17
1734327086, 38, 29, 81, 6, 0, 0.06%, 9, 0, 9, 332.33
1734327091, 38, 40, 81, 6, 0, 0.06%, 9, 0, 9, 335.65
1734327096, 38, 41, 81, 6, 0, 0.06%, 9, 0, 9, 341.52
1734327101, 38, 42, 81, 6, 0, 0.06%, 9, 0, 9, 326.47
1734327106, 38, 44, 81, 6, 0, 0.06%, 9, 0, 9, 363.98
1734327111, 38, 51, 81, 6, 0, 0.06%, 9, 0, 9, 373.22
1734327116, 38, 52, 81, 6, 0, 0.06%, 9, 0, 9, 362.43
1734327121, 38, 55, 81, 6, 0, 0.06%, 9, 0, 9, 349.42
1734327126, 38, 56, 81, 6, 0, 0.06%, 9, 0, 9, 327.62
1734327131, 38, 58, 81, 6, 0, 0.06%, 9, 0, 9, 341.70
1734327136, 38, 60, 81, 6, 0, 0.06%, 9, 0, 9, 340.88
1734327141, 38, 61, 81, 6, 0, 0.06%, 9, 0, 9, 327.94
1734327146, 38, 62, 81, 6, 0, 0.06%, 9, 0, 9, 351.40
1734327151, 38, 63, 81, 6, 0, 0.06%, 9, 0, 9, 356.55
1734327157, 38, 64, 81, 6, 0, 0.06%, 9, 0, 9, 345.80
1734327162, 38, 65, 81, 6, 0, 0.06%, 9, 0, 9, 342.08
1734327167, 38, 66, 81, 6, 0, 0.06%, 9, 0, 9, 370.68
1734327177, 38, 67, 81, 6, 0, 0.06%, 9, 0, 9, 355.14
1734327182, 38, 68, 81, 6, 0, 0.06%, 9, 0, 9, 374.31
1734327187, 38, 69, 81, 6, 0, 0.06%, 9, 0, 9, 406.30
1734327192, 38, 70, 81, 6, 0, 0.06%, 9, 0, 9, 337.24
1734327202, 38, 71, 81, 6, 0, 0.06%, 9, 0, 9, 373.30
1734327207, 38, 74, 81, 6, 0, 0.06%, 9, 0, 9, 368.44
1734327212, 38, 75, 81, 6, 0, 0.06%, 9, 0, 9, 355.57
1734327218, 38, 76, 81, 6, 0, 0.06%, 9, 0, 9, 311.62
1734327228, 38, 79, 81, 6, 0, 0.06%, 9, 0, 9, 394.26
1734327243, 38, 80, 81, 6, 0, 0.06%, 9, 0, 9, 374.87
1734327268, 39, 20, 81, 6, 0, 0.06%, 9, 0, 9, 310.75
1734327273, 39, 25, 81, 6, 0, 0.06%, 9, 0, 9, 325.58
1734327278, 39, 29, 81, 6, 0, 0.06%, 9, 0, 9, 364.42
1734327283, 39, 36, 81, 6, 0, 0.06%, 9, 0, 9, 334.84
1734327289, 39, 40, 81, 6, 0, 0.06%, 9, 0, 9, 365.46
1734327294, 39, 41, 81, 6, 0, 0.06%, 9, 0, 9, 356.95
1734327299, 39, 42, 81, 6, 0, 0.06%, 9, 0, 9, 311.18
1734327304, 39, 44, 81, 6, 0, 0.06%, 9, 0, 9, 355.88
1734327309, 39, 51, 81, 6, 0, 0.06%, 9, 0, 9, 373.39
1734327314, 39, 52, 81, 6, 0, 0.06%, 9, 0, 9, 365.87
1734327319, 39, 60, 81, 6, 0, 0.06%, 9, 0, 9, 329.93
1734327324, 39, 61, 81, 6, 0, 0.06%, 9, 0, 9, 324.61
1734327329, 39, 62, 81, 6, 0, 0.06%, 9, 0, 9, 355.22
1734327334, 39, 63, 81, 6, 0, 0.06%, 9, 0, 9, 347.37
1734327339, 39, 64, 81, 6, 0, 0.06%, 9, 0, 9, 358.85
1734327344, 39, 65, 81, 6, 0, 0.06%, 9, 0, 9, 350.86
1734327349, 39, 66, 81, 6, 0, 0.06%, 9, 0, 9, 376.31
1734327354, 39, 67, 81, 6, 0, 0.06%, 9, 0, 9, 389.00
1734327360, 39, 68, 81, 6, 0, 0.06%, 9, 0, 9, 326.64
1734327365, 39, 69, 81, 6, 0, 0.06%, 9, 0, 9, 341.37
1734327375, 39, 70, 81, 6, 0, 0.06%, 9, 0, 9, 375.55
1734327380, 39, 71, 81, 6, 0, 0.06%, 9, 0, 9, 357.61
1734327390, 39, 74, 81, 6, 0, 0.06%, 9, 0, 9, 350.49
1734327395, 39, 75, 81, 6, 0, 0.06%, 9, 0, 9, 346.36
1734327400, 39, 76, 81, 6, 0, 0.06%, 9, 0, 9, 405.83
1734327405, 40, 20, 81, 6, 0, 0.06%, 9, 0, 9, 352.28
1734327410, 40, 25, 81, 6, 0, 0.06%, 9, 0, 9, 327.43
1734327420, 40, 41, 81, 6, 0, 0.06%, 9, 0, 9, 319.03
1734327425, 40, 42, 81, 6, 0, 0.06%, 9, 0, 9, 322.01
1734327430, 40, 44, 81, 6, 0, 0.06%, 9, 0, 9, 356.65
1734327435, 40, 51, 81, 6, 0, 0.06%, 9, 0, 9, 387.69
1734327441, 40, 52, 81, 6, 0, 0.06%, 9, 0, 9, 389.32
1734327446, 40, 60, 81, 6, 0, 0.06%, 9, 0, 9, 359.48
1734327451, 40, 61, 81, 6, 0, 0.06%, 9, 0, 9, 355.21
1734327456, 40, 62, 81, 6, 0, 0.06%, 9, 0, 9, 372.52
1734327461, 40, 63, 81, 6, 0, 0.06%, 9, 0, 9, 355.87
1734327466, 40, 64, 81, 6, 0, 0.06%, 9, 0, 9, 373.55
1734327471, 40, 65, 81, 6, 0, 0.06%, 9, 0, 9, 393.96
1734327476, 40, 66, 81, 6, 0, 0.06%, 9, 0, 9, 394.64
1734327481, 40, 67, 81, 6, 0, 0.06%, 9, 0, 9, 370.41
1734327486, 40, 68, 81, 6, 0, 0.06%, 9, 0, 9, 314.76
1734327491, 40, 69, 81, 6, 0, 0.06%, 9, 0, 9, 351.60
1734327501, 40, 70, 81, 6, 0, 0.06%, 9, 0, 9, 391.33
1734327506, 40, 71, 81, 6, 0, 0.06%, 9, 0, 9, 323.84
1734327517, 40, 74, 81, 6, 0, 0.06%, 9, 0, 9, 341.77
1734327522, 40, 75, 81, 6, 0, 0.06%, 9, 0, 9, 352.62
1734327527, 40, 76, 81, 6, 0, 0.06%, 9, 0, 9, 391.40
1734327532, 41, 20, 81, 6, 0, 0.06%, 9, 0, 9, 351.00
1734327537, 41, 25, 81, 6, 0, 0.06%, 9, 0, 9, 339.57
1734327547, 41, 41, 81, 6, 0, 0.06%, 9, 0, 9, 346.41
1734327552, 41, 42, 81, 6, 0, 0.06%, 9, 0, 9, 336.57
1734327557, 41, 44, 81, 6, 0, 0.06%, 9, 0, 9, 353.70
1734327562, 41, 51, 81, 6, 0, 0.06%, 9, 0, 9, 370.37
1734327567, 41, 52, 81, 6, 0, 0.06%, 9, 0, 9, 391.16
1734327572, 41, 60, 81, 6, 0, 0.06%, 9, 0, 9, 353.92
1734327577, 41, 61, 81, 6, 0, 0.06%, 9, 0, 9, 337.98
1734327582, 41, 62, 81, 6, 0, 0.06%, 9, 0, 9, 364.38
1734327588, 41, 63, 81, 6, 0, 0.06%, 9, 0, 9, 361.83
1734327593, 41, 64, 81, 6, 0, 0.06%, 9, 0, 9, 375.04
1734327598, 41, 65, 81, 6, 0, 0.06%, 9, 0, 9, 385.41
1734327603, 41, 66, 81, 6, 0, 0.06%, 9, 0, 9, 358.35
1734327608, 41, 67, 81, 6, 0, 0.06%, 9, 0, 9, 345.07
1734327613, 41, 68, 81, 6, 0, 0.06%, 9, 0, 9, 345.51
1734327618, 41, 69, 81, 6, 0, 0.06%, 9, 0, 9, 364.82
1734327628, 41, 70, 81, 6, 0, 0.06%, 9, 0, 9, 391.44
1734327633, 41, 71, 81, 6, 0, 0.06%, 9, 0, 9, 343.88
1734327644, 41, 74, 81, 6, 0, 0.06%, 9, 0, 9, 358.15
1734327649, 41, 75, 81, 6, 0, 0.06%, 9, 0, 9, 364.68
1734327654, 41, 76, 81, 6, 0, 0.06%, 9, 0, 9, 389.05
1734327664, 42, 25, 81, 6, 0, 0.06%, 9, 0, 9, 309.72
1734327674, 42, 40, 81, 6, 0, 0.06%, 9, 0, 9, 339.14
1734327679, 42, 41, 81, 6, 0, 0.06%, 9, 0, 9, 264.71
1734327684, 42, 44, 81, 6, 0, 0.06%, 9, 0, 9, 282.48
1734327689, 42, 51, 81, 6, 0, 0.06%, 9, 0, 9, 324.51
1734327694, 42, 52, 81, 6, 0, 0.06%, 9, 0, 9, 341.93
1734327704, 42, 61, 81, 6, 0, 0.06%, 9, 0, 9, 335.10
1734327709, 42, 62, 81, 6, 0, 0.06%, 9, 0, 9, 331.98
1734327715, 42, 63, 81, 6, 0, 0.06%, 9, 0, 9, 348.68
1734327720, 42, 64, 81, 6, 0, 0.06%, 9, 0, 9, 368.23
1734327725, 42, 65, 81, 6, 0, 0.06%, 9, 0, 9, 341.30
1734327730, 42, 66, 81, 6, 0, 0.06%, 9, 0, 9, 361.76
1734327735, 42, 67, 81, 6, 0, 0.06%, 9, 0, 9, 399.92
1734327745, 42, 68, 81, 6, 0, 0.06%, 9, 0, 9, 364.80
1734327750, 42, 69, 81, 6, 0, 0.06%, 9, 0, 9, 388.01
1734327755, 42, 70, 81, 6, 0, 0.06%, 9, 0, 9, 375.81
1734327765, 42, 71, 81, 6, 0, 0.06%, 9, 0, 9, 386.25
1734327770, 42, 74, 81, 6, 0, 0.06%, 9, 0, 9, 368.34
1734327776, 42, 75, 81, 6, 0, 0.06%, 9, 0, 9, 357.10
1734327781, 42, 76, 81, 6, 0, 0.06%, 9, 0, 9, 384.86
1734327786, 43, 20, 81, 6, 0, 0.06%, 9, 0, 9, 354.80
1734327791, 43, 25, 81, 6, 0, 0.06%, 9, 0, 9, 347.98
1734327801, 43, 41, 81, 6, 0, 0.06%, 9, 0, 9, 361.58
1734327806, 43, 42, 81, 6, 0, 0.06%, 9, 0, 9, 325.78
1734327811, 43, 44, 81, 6, 0, 0.06%, 9, 0, 9, 348.05
1734327816, 43, 51, 81, 6, 0, 0.06%, 9, 0, 9, 378.06
1734327821, 43, 52, 81, 6, 0, 0.06%, 9, 0, 9, 380.55
1734327827, 43, 60, 81, 6, 0, 0.06%, 9, 0, 9, 364.14
1734327832, 43, 61, 81, 6, 0, 0.06%, 9, 0, 9, 350.38
1734327837, 43, 62, 81, 6, 0, 0.06%, 9, 0, 9, 356.62
1734327842, 43, 63, 81, 6, 0, 0.06%, 9, 0, 9, 371.42
1734327847, 43, 64, 81, 6, 0, 0.06%, 9, 0, 9, 372.21
1734327852, 43, 65, 81, 6, 0, 0.06%, 9, 0, 9, 381.92
1734327857, 43, 66, 81, 6, 0, 0.06%, 9, 0, 9, 380.98
1734327862, 43, 67, 81, 6, 0, 0.06%, 9, 0, 9, 356.00
1734327867, 43, 68, 81, 6, 0, 0.06%, 9, 0, 9, 321.76
1734327872, 43, 69, 81, 6, 0, 0.06%, 9, 0, 9, 345.16
1734327882, 43, 70, 81, 6, 0, 0.06%, 9, 0, 9, 372.72
1734327887, 43, 71, 81, 6, 0, 0.06%, 9, 0, 9, 339.14
1734327898, 43, 74, 81, 6, 0, 0.06%, 9, 0, 9, 319.16
1734327903, 43, 75, 81, 6, 0, 0.06%, 9, 0, 9, 351.72
1734327908, 43, 76, 81, 6, 0, 0.06%, 9, 0, 9, 384.60
1734327913, 44, 20, 81, 6, 0, 0.06%, 9, 0, 9, 343.91
1734327918, 44, 25, 81, 6, 0, 0.06%, 9, 0, 9, 322.15
1734327928, 44, 40, 81, 6, 0, 0.06%, 9, 0, 9, 325.15
1734327933, 44, 42, 81, 6, 0, 0.06%, 9, 0, 9, 332.15
1734327938, 44, 44, 81, 6, 0, 0.06%, 9, 0, 9, 350.98
1734327943, 44, 51, 81, 6, 0, 0.06%, 9, 0, 9, 360.90
1734327948, 44, 52, 81, 6, 0, 0.06%, 9, 0, 9, 333.37
1734327953, 44, 60, 81, 6, 0, 0.06%, 9, 0, 9, 354.37
1734327958, 44, 61, 81, 6, 0, 0.06%, 9, 0, 9, 327.14
1734327963, 44, 62, 81, 6, 0, 0.06%, 9, 0, 9, 325.01
1734327968, 44, 63, 81, 6, 0, 0.06%, 9, 0, 9, 354.01
1734327974, 44, 64, 81, 6, 0, 0.06%, 9, 0, 9, 357.08
1734327979, 44, 65, 81, 6, 0, 0.06%, 9, 0, 9, 339.06
1734327984, 44, 66, 81, 6, 0, 0.06%, 9, 0, 9, 362.55
1734327994, 44, 67, 81, 6, 0, 0.06%, 9, 0, 9, 393.90
1734327999, 44, 68, 81, 6, 0, 0.06%, 9, 0, 9, 355.13
1734328004, 44, 69, 81, 6, 0, 0.06%, 9, 0, 9, 378.79
1734328009, 44, 70, 81, 6, 0, 0.06%, 9, 0, 9, 367.36
1734328019, 44, 71, 81, 6, 0, 0.06%, 9, 0, 9, 362.97
1734328024, 44, 74, 81, 6, 0, 0.06%, 9, 0, 9, 369.19
1734328029, 44, 75, 81, 6, 0, 0.06%, 9, 0, 9, 355.59
1734328034, 44, 76, 81, 6, 0, 0.06%, 9, 0, 9, 328.45
1734328045, 45, 20, 81, 6, 0, 0.06%, 9, 0, 9, 311.02
1734328050, 45, 25, 81, 6, 0, 0.06%, 9, 0, 9, 372.02
1734328055, 45, 40, 81, 6, 0, 0.06%, 9, 0, 9, 354.14
1734328060, 45, 41, 81, 6, 0, 0.06%, 9, 0, 9, 331.49
1734328065, 45, 42, 81, 6, 0, 0.06%, 9, 0, 9, 310.92
1734328070, 45, 51, 81, 6, 0, 0.06%, 9, 0, 9, 360.73
1734328075, 45, 52, 81, 6, 0, 0.06%, 9, 0, 9, 364.36
1734328085, 45, 61, 81, 6, 0, 0.06%, 9, 0, 9, 326.17
1734328090, 45, 62, 81, 6, 0, 0.06%, 9, 0, 9, 321.32
1734328095, 45, 63, 81, 6, 0, 0.06%, 9, 0, 9, 342.46
1734328100, 45, 64, 81, 6, 0, 0.06%, 9, 0, 9, 350.97
1734328105, 45, 65, 81, 6, 0, 0.06%, 9, 0, 9, 381.94
1734328115, 45, 66, 81, 6, 0, 0.06%, 9, 0, 9, 352.69
1734328120, 45, 67, 81, 6, 0, 0.06%, 9, 0, 9, 370.66
1734328126, 45, 68, 81, 6, 0, 0.06%, 9, 0, 9, 382.68
1734328131, 45, 69, 81, 6, 0, 0.06%, 9, 0, 9, 388.41
1734328136, 45, 70, 81, 6, 0, 0.06%, 9, 0, 9, 373.93
1734328146, 45, 71, 81, 6, 0, 0.06%, 9, 0, 9, 400.38
1734328151, 45, 74, 81, 6, 0, 0.06%, 9, 0, 9, 349.82
1734328156, 45, 75, 81, 6, 0, 0.06%, 9, 0, 9, 325.13
1734328161, 45, 76, 81, 6, 0, 0.06%, 9, 0, 9, 359.08
1734328171, 46, 20, 81, 6, 0, 0.06%, 9, 0, 9, 328.94
1734328176, 46, 25, 81, 6, 0, 0.06%, 9, 0, 9, 381.10
1734328181, 46, 40, 81, 6, 0, 0.06%, 9, 0, 9, 346.97
1734328186, 46, 41, 81, 6, 0, 0.06%, 9, 0, 9, 356.13
1734328191, 46, 42, 81, 6, 0, 0.06%, 9, 0, 9, 302.08
1734328197, 46, 51, 81, 6, 0, 0.06%, 9, 0, 9, 353.50
1734328202, 46, 52, 81, 6, 0, 0.06%, 9, 0, 9, 353.84
1734328207, 46, 60, 81, 6, 0, 0.06%, 9, 0, 9, 375.37
1734328212, 46, 61, 81, 6, 0, 0.06%, 9, 0, 9, 325.56
1734328217, 46, 62, 81, 6, 0, 0.06%, 9, 0, 9, 322.70
1734328222, 46, 63, 81, 6, 0, 0.06%, 9, 0, 9, 351.41
1734328227, 46, 64, 81, 6, 0, 0.06%, 9, 0, 9, 336.03
1734328232, 46, 65, 81, 6, 0, 0.06%, 9, 0, 9, 353.37
1734328237, 46, 66, 81, 6, 0, 0.06%, 9, 0, 9, 373.90
1734328247, 46, 74, 81, 6, 0, 0.06%, 9, 0, 9, 336.36
1734328253, 46, 75, 81, 6, 0, 0.06%, 9, 0, 9, 350.44
1734328258, 47, 20, 81, 6, 0, 0.06%, 9, 0, 9, 337.80
1734328263, 47, 40, 81, 6, 0, 0.06%, 9, 0, 9, 328.21
1734328268, 47, 42, 81, 6, 0, 0.06%, 9, 0, 9, 327.31
1734328273, 47, 60, 81, 6, 0, 0.06%, 9, 0, 9, 346.77
1734328278, 47, 61, 81, 6, 0, 0.06%, 9, 0, 9, 360.30
1734328283, 47, 74, 81, 6, 0, 0.06%, 9, 0, 9, 348.88
1734328288, 47, 75, 81, 6, 0, 0.06%, 9, 0, 9, 329.44
1734328293, 48, 20, 81, 6, 0, 0.06%, 9, 0, 9, 330.71
1734328298, 48, 40, 81, 6, 0, 0.06%, 9, 0, 9, 356.06
1734328303, 48, 41, 81, 6, 0, 0.06%, 9, 0, 9, 351.30
1734328308, 48, 42, 81, 6, 0, 0.06%, 9, 0, 9, 332.99
1734328313, 48, 60, 81, 6, 0, 0.06%, 9, 0, 9, 323.18
1734328318, 48, 61, 81, 6, 0, 0.06%, 9, 0, 9, 354.53
1734328324, 48, 74, 81, 6, 0, 0.06%, 9, 0, 9, 348.13
1734328329, 48, 75, 81, 6, 0, 0.06%, 9, 0, 9, 345.90
1734328334, 49, 20, 81, 6, 0, 0.06%, 9, 0, 9, 329.85
1734328339, 49, 41, 81, 6, 0, 0.06%, 9, 0, 9, 344.29
1734328344, 49, 42, 81, 6, 0, 0.06%, 9, 0, 9, 337.23
1734328349, 49, 60, 81, 6, 0, 0.06%, 9, 0, 9, 341.39
1734328354, 49, 61, 81, 6, 0, 0.06%, 9, 0, 9, 328.44
1734328359, 49, 74, 81, 6, 0, 0.06%, 9, 0, 9, 347.52
1734328364, 49, 75, 81, 6, 0, 0.06%, 9, 0, 9, 365.23
1734328369, 50, 20, 81, 6, 0, 0.06%, 9, 0, 9, 321.77
1734328374, 50, 40, 81, 6, 0, 0.06%, 9, 0, 9, 341.05
1734328379, 50, 41, 81, 6, 0, 0.06%, 9, 0, 9, 345.14
1734328384, 50, 60, 81, 6, 0, 0.06%, 9, 0, 9, 300.28
1734328389, 50, 61, 81, 6, 0, 0.06%, 9, 0, 9, 312.42
1734328395, 50, 74, 81, 6, 0, 0.06%, 9, 0, 9, 324.16
1734328400, 50, 75, 81, 6, 0, 0.06%, 9, 0, 9, 332.46
1734328410, 51, 20, 81, 6, 0, 0.06%, 9, 0, 9, 312.18
1734328415, 51, 41, 81, 6, 0, 0.06%, 9, 0, 9, 354.27
1734328420, 51, 42, 81, 6, 0, 0.06%, 9, 0, 9, 333.02
1734328425, 51, 60, 81, 6, 0, 0.06%, 9, 0, 9, 338.34
1734328430, 51, 61, 81, 6, 0, 0.06%, 9, 0, 9, 337.95
1734328435, 51, 74, 81, 6, 0, 0.06%, 9, 0, 9, 353.24
1734328440, 51, 75, 81, 6, 0, 0.06%, 9, 0, 9, 358.11
1734328445, 52, 20, 81, 6, 0, 0.06%, 9, 0, 9, 322.34
1734328450, 52, 40, 81, 6, 0, 0.06%, 9, 0, 9, 327.68
1734328455, 52, 41, 81, 6, 0, 0.06%, 9, 0, 9, 325.63
1734328460, 52, 42, 81, 6, 0, 0.06%, 9, 0, 9, 299.83
1734328465, 52, 61, 81, 6, 0, 0.06%, 9, 0, 9, 323.70
1734328471, 52, 74, 81, 6, 0, 0.06%, 9, 0, 9, 334.17
1734328476, 52, 75, 81, 6, 0, 0.06%, 9, 0, 9, 361.50
1734328486, 53, 20, 81, 6, 0, 0.06%, 9, 0, 9, 305.88
1734328491, 53, 41, 81, 6, 0, 0.06%, 9, 0, 9, 341.24
1734328496, 53, 42, 81, 6, 0, 0.06%, 9, 0, 9, 333.32
1734328501, 53, 60, 81, 6, 0, 0.06%, 9, 0, 9, 348.48
1734328506, 53, 61, 81, 6, 0, 0.06%, 9, 0, 9, 352.04
1734328511, 53, 74, 81, 6, 0, 0.06%, 9, 0, 9, 356.37
1734328516, 53, 75, 81, 6, 0, 0.06%, 9, 0, 9, 345.55
1734328521, 54, 20, 81, 6, 0, 0.06%, 9, 0, 9, 330.47
1734328526, 54, 40, 81, 6, 0, 0.06%, 9, 0, 9, 333.43
1734328531, 54, 41, 81, 6, 0, 0.06%, 9, 0, 9, 334.52
1734328537, 54, 42, 81, 6, 0, 0.06%, 9, 0, 9, 312.70
1734328542, 54, 61, 81, 6, 0, 0.06%, 9, 0, 9, 348.27
1734328547, 54, 74, 81, 6, 0, 0.06%, 9, 0, 9, 329.81
1734328552, 54, 75, 81, 6, 0, 0.06%, 9, 0, 9, 348.11
1734328562, 55, 20, 81, 6, 0, 0.06%, 9, 0, 9, 285.14
1734328567, 55, 41, 81, 6, 0, 0.06%, 9, 0, 9, 326.90
1734328572, 55, 42, 81, 6, 0, 0.06%, 9, 0, 9, 341.02
1734328577, 55, 60, 81, 6, 0, 0.06%, 9, 0, 9, 327.75
1734328583, 55, 61, 81, 6, 0, 0.06%, 9, 0, 9, 325.85
1734328588, 55, 74, 81, 6, 0, 0.06%, 9, 0, 9, 351.84
1734328593, 55, 75, 81, 6, 0, 0.06%, 9, 0, 9, 357.58
1734328598, 56, 20, 81, 6, 0, 0.06%, 9, 0, 9, 330.99
1734328603, 56, 40, 81, 6, 0, 0.06%, 9, 0, 9, 336.01
1734328608, 56, 41, 81, 6, 0, 0.06%, 9, 0, 9, 327.99
1734328613, 56, 60, 81, 6, 0, 0.06%, 9, 0, 9, 327.58
1734328618, 56, 61, 81, 6, 0, 0.06%, 9, 0, 9, 329.14
1734328623, 56, 74, 81, 6, 0, 0.06%, 9, 0, 9, 331.09
1734328628, 56, 75, 81, 6, 0, 0.06%, 9, 0, 9, 321.48
1734328639, 57, 40, 81, 6, 0, 0.06%, 9, 0, 9, 325.30
1734328644, 57, 41, 81, 6, 0, 0.06%, 9, 0, 9, 352.84
1734328649, 57, 42, 81, 6, 0, 0.06%, 9, 0, 9, 332.45
1734328654, 57, 60, 81, 6, 0, 0.06%, 9, 0, 9, 340.33
1734328659, 57, 61, 81, 6, 0, 0.06%, 9, 0, 9, 339.04
1734328664, 57, 74, 81, 6, 0, 0.06%, 9, 0, 9, 350.55
1734328669, 57, 75, 81, 6, 0, 0.06%, 9, 0, 9, 359.24
1734328674, 58, 20, 81, 6, 0, 0.06%, 9, 0, 9, 312.37
1734328679, 58, 40, 81, 6, 0, 0.06%, 9, 0, 9, 324.25
1734328684, 58, 41, 81, 6, 0, 0.06%, 9, 0, 9, 322.18
1734328689, 58, 60, 81, 6, 0, 0.06%, 9, 0, 9, 330.01
1734328694, 58, 61, 81, 6, 0, 0.06%, 9, 0, 9, 370.36
1734328699, 58, 74, 81, 6, 0, 0.06%, 9, 0, 9, 356.07
1734328704, 58, 75, 81, 6, 0, 0.06%, 9, 0, 9, 345.95
1734328709, 59, 20, 81, 6, 0, 0.06%, 9, 0, 9, 318.86
1734328714, 59, 40, 81, 6, 0, 0.06%, 9, 0, 9, 311.29
1734328719, 59, 41, 81, 6, 0, 0.06%, 9, 0, 9, 354.21
1734328724, 59, 42, 81, 6, 0, 0.06%, 9, 0, 9, 313.19
1734328730, 59, 60, 81, 6, 0, 0.06%, 9, 0, 9, 328.35
1734328735, 59, 61, 81, 6, 0, 0.06%, 9, 0, 9, 352.89
1734328740, 59, 74, 81, 6, 0, 0.06%, 9, 0, 9, 357.32
1734328745, 59, 75, 81, 6, 0, 0.06%, 9, 0, 9, 346.25
1734328750, 60, 20, 81, 6, 0, 0.06%, 9, 0, 9, 307.39
1734328755, 60, 40, 81, 6, 0, 0.06%, 9, 0, 9, 330.88
1734328760, 60, 41, 81, 6, 0, 0.06%, 9, 0, 9, 335.46
1734328765, 60, 60, 81, 6, 0, 0.06%, 9, 0, 9, 338.30
1734328770, 60, 61, 81, 6, 0, 0.06%, 9, 0, 9, 358.90
1734328775, 60, 74, 81, 6, 0, 0.06%, 9, 0, 9, 359.99
1734328780, 60, 75, 81, 6, 0, 0.06%, 9, 0, 9, 355.75
1734328785, 61, 20, 81, 6, 0, 0.06%, 9, 0, 9, 328.21
1734328790, 61, 40, 81, 6, 0, 0.06%, 9, 0, 9, 350.03
1734328795, 61, 41, 81, 6, 0, 0.06%, 9, 0, 9, 334.11
1734328800, 61, 42, 81, 6, 0, 0.06%, 9, 0, 9, 315.65
1734328806, 61, 60, 81, 6, 0, 0.06%, 9, 0, 9, 324.92
1734328811, 61, 61, 81, 6, 0, 0.06%, 9, 0, 9, 313.45
1734328816, 61, 74, 81, 6, 0, 0.06%, 9, 0, 9, 338.99
1734328821, 61, 75, 81, 6, 0, 0.06%, 9, 0, 9, 330.43
1734328826, 62, 20, 81, 6, 0, 0.06%, 9, 0, 9, 321.24
1734328831, 62, 40, 81, 6, 0, 0.06%, 9, 0, 9, 321.77
1734328836, 62, 42, 81, 6, 0, 0.06%, 9, 0, 9, 330.28
1734328841, 62, 60, 81, 6, 0, 0.06%, 9, 0, 9, 338.59
1734328846, 62, 61, 81, 6, 0, 0.06%, 9, 0, 9, 362.42
1734328851, 62, 74, 81, 6, 0, 0.06%, 9, 0, 9, 333.60
1734328856, 62, 75, 81, 6, 0, 0.06%, 9, 0, 9, 345.99
1734328861, 63, 20, 81, 6, 0, 0.06%, 9, 0, 9, 321.31
1734328866, 63, 40, 81, 6, 0, 0.06%, 9, 0, 9, 348.58
1734328871, 63, 41, 81, 6, 0, 0.06%, 9, 0, 9, 344.60
1734328877, 63, 42, 81, 6, 0, 0.06%, 9, 0, 9, 318.88
1734328882, 63, 60, 81, 6, 0, 0.06%, 9, 0, 9, 323.83
1734328887, 63, 61, 81, 6, 0, 0.06%, 9, 0, 9, 323.54
1734328892, 63, 74, 81, 6, 0, 0.06%, 9, 0, 9, 335.65
1734328897, 63, 75, 81, 6, 0, 0.06%, 9, 0, 9, 354.96
1734328902, 64, 20, 81, 6, 0, 0.06%, 9, 0, 9, 314.47
1734328907, 64, 40, 81, 6, 0, 0.06%, 9, 0, 9, 323.11
1734328912, 64, 41, 81, 6, 0, 0.06%, 9, 0, 9, 332.85
1734328917, 64, 60, 81, 6, 0, 0.06%, 9, 0, 9, 327.22
1734328922, 64, 61, 81, 6, 0, 0.06%, 9, 0, 9, 352.16
1734328927, 64, 74, 81, 6, 0, 0.06%, 9, 0, 9, 349.65
1734328933, 64, 75, 81, 6, 0, 0.06%, 9, 0, 9, 316.49
1734328938, 65, 20, 81, 6, 0, 0.06%, 9, 0, 9, 332.79
1734328943, 65, 40, 81, 6, 0, 0.06%, 9, 0, 9, 332.69
1734328948, 65, 41, 81, 6, 0, 0.06%, 9, 0, 9, 345.08
1734328953, 65, 42, 81, 6, 0, 0.06%, 9, 0, 9, 310.70
1734328958, 65, 60, 81, 6, 0, 0.06%, 9, 0, 9, 327.07
1734328963, 65, 61, 81, 6, 0, 0.06%, 9, 0, 9, 326.40
1734328968, 65, 74, 81, 6, 0, 0.06%, 9, 0, 9, 351.72
1734328973, 65, 75, 81, 6, 0, 0.06%, 9, 0, 9, 342.04
1734328978, 66, 20, 81, 6, 0, 0.06%, 9, 0, 9, 321.31
1734328983, 66, 40, 81, 6, 0, 0.06%, 9, 0, 9, 325.01
1734328989, 66, 41, 81, 6, 0, 0.06%, 9, 0, 9, 329.59
1734328994, 66, 60, 81, 6, 0, 0.06%, 9, 0, 9, 296.34
1734328999, 66, 61, 81, 6, 0, 0.06%, 9, 0, 9, 321.41
1734329004, 66, 74, 81, 6, 0, 0.06%, 9, 0, 9, 325.62
1734329014, 66, 75, 81, 6, 0, 0.06%, 9, 0, 9, 332.06
1734329019, 67, 20, 81, 6, 0, 0.06%, 9, 0, 9, 328.44
1734329024, 67, 40, 81, 6, 0, 0.06%, 9, 0, 9, 323.19
1734329029, 67, 42, 81, 6, 0, 0.06%, 9, 0, 9, 327.32
1734329034, 67, 60, 81, 6, 0, 0.06%, 9, 0, 9, 342.51
1734329039, 67, 61, 81, 6, 0, 0.06%, 9, 0, 9, 344.10
1734329044, 67, 74, 81, 6, 0, 0.06%, 9, 0, 9, 349.35
1734329049, 67, 75, 81, 6, 0, 0.06%, 9, 0, 9, 338.89
1734329054, 68, 20, 81, 6, 0, 0.06%, 9, 0, 9, 321.22
1734329059, 68, 40, 81, 6, 0, 0.06%, 9, 0, 9, 347.42
1734329064, 68, 41, 81, 6, 0, 0.06%, 9, 0, 9, 346.01
1734329069, 68, 42, 81, 6, 0, 0.06%, 9, 0, 9, 315.47
1734329074, 68, 60, 81, 6, 0, 0.06%, 9, 0, 9, 317.29
1734329079, 68, 61, 81, 6, 0, 0.06%, 9, 0, 9, 336.33
1734329084, 68, 74, 81, 6, 0, 0.06%, 9, 0, 9, 332.26
1734329089, 68, 75, 81, 6, 0, 0.06%, 9, 0, 9, 331.78
1734329094, 69, 20, 81, 6, 0, 0.06%, 9, 0, 9, 318.95
1734329099, 69, 40, 81, 6, 0, 0.06%, 9, 0, 9, 334.75
1734329104, 69, 41, 81, 6, 0, 0.06%, 9, 0, 9, 327.15
1734329110, 69, 60, 81, 6, 0, 0.06%, 9, 0, 9, 332.11
1734329115, 69, 61, 81, 6, 0, 0.06%, 9, 0, 9, 324.63
1734329120, 69, 74, 81, 6, 0, 0.06%, 9, 0, 9, 326.26
1734329125, 69, 75, 81, 6, 0, 0.06%, 9, 0, 9, 332.86
1734329130, 70, 20, 81, 6, 0, 0.06%, 9, 0, 9, 331.22
1734329135, 70, 40, 81, 6, 0, 0.06%, 9, 0, 9, 338.42
1734329140, 70, 41, 81, 6, 0, 0.06%, 9, 0, 9, 359.05
1734329145, 70, 42, 81, 6, 0, 0.06%, 9, 0, 9, 320.81
1734329150, 70, 60, 81, 6, 0, 0.06%, 9, 0, 9, 341.93
1734329155, 70, 61, 81, 6, 0, 0.06%, 9, 0, 9, 354.42
1734329160, 70, 74, 81, 6, 0, 0.06%, 9, 0, 9, 347.74
1734329165, 70, 75, 81, 6, 0, 0.06%, 9, 0, 9, 349.05
1734329170, 71, 20, 81, 6, 0, 0.06%, 9, 0, 9, 319.03
1734329175, 71, 40, 81, 6, 0, 0.06%, 9, 0, 9, 327.15
1734329180, 71, 41, 81, 6, 0, 0.06%, 9, 0, 9, 318.14
1734329186, 71, 60, 81, 6, 0, 0.06%, 9, 0, 9, 333.96
1734329191, 71, 61, 81, 6, 0, 0.06%, 9, 0, 9, 348.58
1734329196, 71, 74, 81, 6, 0, 0.06%, 9, 0, 9, 330.56
1734329201, 71, 75, 81, 6, 0, 0.06%, 9, 0, 9, 328.45
1734329206, 72, 20, 81, 6, 0, 0.06%, 9, 0, 9, 324.92
1734329211, 72, 40, 81, 6, 0, 0.06%, 9, 0, 9, 323.32
1734329216, 72, 41, 81, 6, 0, 0.06%, 9, 0, 9, 361.99
1734329221, 72, 42, 81, 6, 0, 0.06%, 9, 0, 9, 323.31
1734329226, 72, 60, 81, 6, 0, 0.06%, 9, 0, 9, 336.62
1734329231, 72, 61, 81, 6, 0, 0.06%, 9, 0, 9, 334.04
1734329236, 72, 74, 81, 6, 0, 0.06%, 9, 0, 9, 342.91
1734329241, 72, 75, 81, 6, 0, 0.06%, 9, 0, 9, 349.24
1734329246, 73, 20, 81, 6, 0, 0.06%, 9, 0, 9, 314.82
1734329251, 73, 40, 81, 6, 0, 0.06%, 9, 0, 9, 330.64
1734329257, 73, 41, 81, 6, 0, 0.06%, 9, 0, 9, 319.80
1734329262, 73, 60, 81, 6, 0, 0.06%, 9, 0, 9, 330.89
1734329267, 73, 61, 81, 6, 0, 0.06%, 9, 0, 9, 333.53
1734329272, 73, 74, 81, 6, 0, 0.06%, 9, 0, 9, 335.81
1734329277, 73, 75, 81, 6, 0, 0.06%, 9, 0, 9, 326.07
1734329282, 74, 20, 81, 6, 0, 0.06%, 9, 0, 9, 305.66
1734329287, 74, 40, 81, 6, 0, 0.06%, 9, 0, 9, 320.98
1734329292, 74, 41, 81, 6, 0, 0.06%, 9, 0, 9, 339.21
1734329297, 74, 42, 81, 6, 0, 0.06%, 9, 0, 9, 322.96
1734329302, 74, 60, 81, 6, 0, 0.06%, 9, 0, 9, 350.96
1734329307, 74, 61, 81, 6, 0, 0.06%, 9, 0, 9, 344.97
1734329312, 74, 74, 81, 6, 0, 0.06%, 9, 0, 9, 363.49
1734329317, 74, 75, 81, 6, 0, 0.06%, 9, 0, 9, 350.36
1734329322, 75, 20, 81, 6, 0, 0.06%, 9, 0, 9, 316.86
1734329328, 75, 40, 81, 6, 0, 0.06%, 9, 0, 9, 325.93
1734329333, 75, 42, 81, 6, 0, 0.06%, 9, 0, 9, 332.78
1734329338, 75, 60, 81, 6, 0, 0.06%, 9, 0, 9, 354.87
1734329343, 75, 61, 81, 6, 0, 0.06%, 9, 0, 9, 355.34
1734329348, 75, 74, 81, 6, 0, 0.06%, 9, 0, 9, 355.96
1734329353, 75, 75, 81, 6, 0, 0.06%, 9, 0, 9, 337.69
1734329358, 76, 20, 81, 6, 0, 0.06%, 9, 0, 9, 324.51
1734329363, 76, 40, 81, 6, 0, 0.06%, 9, 0, 9, 362.77
1734329368, 76, 41, 81, 6, 0, 0.06%, 9, 0, 9, 350.04
1734329373, 76, 42, 81, 6, 0, 0.06%, 9, 0, 9, 314.36
1734329378, 76, 60, 81, 6, 0, 0.06%, 9, 0, 9, 326.56
1734329383, 76, 61, 81, 6, 0, 0.06%, 9, 0, 9, 348.99
1734329388, 76, 74, 81, 6, 0, 0.06%, 9, 0, 9, 361.46
1734329393, 76, 75, 81, 6, 0, 0.06%, 9, 0, 9, 354.04
1734329399, 77, 20, 81, 6, 0, 0.06%, 9, 0, 9, 322.26
1734329404, 77, 41, 81, 6, 0, 0.06%, 9, 0, 9, 336.94
1734329409, 77, 42, 81, 6, 0, 0.06%, 9, 0, 9, 318.71
1734329414, 77, 60, 81, 6, 0, 0.06%, 9, 0, 9, 325.49
1734329419, 77, 61, 81, 6, 0, 0.06%, 9, 0, 9, 348.11
1734329424, 77, 74, 81, 6, 0, 0.06%, 9, 0, 9, 356.90
1734329429, 77, 75, 81, 6, 0, 0.06%, 9, 0, 9, 344.61
1734329434, 78, 20, 81, 6, 0, 0.06%, 9, 0, 9, 343.33
1734329439, 78, 40, 81, 6, 0, 0.06%, 9, 0, 9, 344.71
1734329444, 78, 41, 81, 6, 0, 0.06%, 9, 0, 9, 317.69
1734329449, 78, 42, 81, 6, 0, 0.06%, 9, 0, 9, 304.43
1734329454, 78, 61, 81, 6, 0, 0.06%, 9, 0, 9, 341.90
1734329459, 78, 62, 81, 6, 0, 0.06%, 9, 0, 9, 336.56
1734329465, 78, 63, 81, 6, 0, 0.06%, 9, 0, 9, 356.67
1734329521, 78, 64, 81, 6, 0, 0.06%, 9, 0, 9, 338.98
1734329593, 78, 65, 81, 6, 0, 0.06%, 9, 0, 9, 335.92
1734329690, 78, 66, 81, 6, 0, 0.06%, 9, 0, 9, 376.58
1734329793, 78, 67, 81, 6, 0, 0.06%, 9, 0, 9, 394.73
1734329890, 78, 68, 81, 6, 0, 0.06%, 9, 0, 9, 330.62
1734329993, 78, 69, 81, 6, 0, 0.06%, 9, 0, 9, 444.23
1734330059, 78, 70, 81, 6, 0, 0.06%, 9, 0, 9, 361.88
1734330145, 78, 71, 81, 6, 0, 0.06%, 9, 0, 9, 310.40
1734330231, 78, 72, 81, 6, 0, 0.06%, 9, 0, 9, 365.43
1734330252, 78, 73, 81, 6, 0, 0.06%, 9, 0, 9, 382.91
1734330267, 78, 74, 81, 6, 0, 0.06%, 9, 0, 9, 340.17
1734330272, 78, 75, 81, 6, 0, 0.06%, 9, 0, 9, 344.49
1734330277, 78, 76, 81, 6, 0, 0.06%, 9, 0, 9, 374.84
1734330282, 78, 77, 81, 6, 0, 0.06%, 9, 0, 9, 337.92
1734330308, 78, 78, 81, 6, 0, 0.06%, 9, 0, 9, 353.51
1734330395, 78, 79, 81, 6, 0, 0.06%, 9, 0, 9, 368.63
1734330497, 78, 80, 81, 6, 0, 0.06%, 9, 0, 9, 450.44
1734330603, 79, 11, 81, 6, 0, 0.06%, 9, 0, 9, 309.86
1734330614, 79, 15, 81, 6, 0, 0.06%, 9, 0, 9, 434.75
1734330629, 79, 17, 81, 6, 0, 0.06%, 9, 0, 9, 308.82
1734330644, 79, 18, 81, 6, 0, 0.06%, 9, 0, 9, 353.54
1734330664, 79, 19, 81, 6, 0, 0.06%, 9, 0, 9, 440.86
1734330679, 79, 20, 81, 6, 0, 0.06%, 9, 0, 9, 341.99
1734330684, 79, 21, 81, 6, 0, 0.06%, 9, 0, 9, 428.19
1734330700, 79, 22, 81, 6, 0, 0.06%, 9, 0, 9, 380.04
1734330715, 79, 23, 81, 6, 0, 0.06%, 9, 0, 9, 370.98
1734330730, 79, 25, 81, 6, 0, 0.06%, 9, 0, 9, 309.90
1734330740, 79, 28, 81, 6, 0, 0.06%, 9, 0, 9, 410.57
1734330745, 79, 29, 81, 6, 0, 0.06%, 9, 0, 9, 335.62
1734330750, 79, 30, 81, 6, 0, 0.06%, 9, 0, 9, 303.84
1734330776, 79, 31, 81, 6, 0, 0.06%, 9, 0, 9, 380.09
1734330791, 79, 32, 81, 6, 0, 0.06%, 9, 0, 9, 376.43
1734330806, 79, 33, 81, 6, 0, 0.06%, 9, 0, 9, 302.96
1734330827, 79, 34, 81, 6, 0, 0.06%, 9, 0, 9, 380.15
1734330842, 79, 35, 81, 6, 0, 0.06%, 9, 0, 9, 368.38
1734330862, 79, 36, 81, 6, 0, 0.06%, 9, 0, 9, 317.31
1734330867, 79, 37, 81, 6, 0, 0.06%, 9, 0, 9, 369.64
1734330888, 79, 38, 81, 6, 0, 0.06%, 9, 0, 9, 342.74
1734330908, 79, 39, 81, 6, 0, 0.06%, 9, 0, 9, 374.15
1734330923, 79, 40, 81, 6, 0, 0.06%, 9, 0, 9, 374.01
1734330928, 79, 41, 81, 6, 0, 0.06%, 9, 0, 9, 355.71
1734330933, 79, 42, 81, 6, 0, 0.06%, 9, 0, 9, 319.52
1734330939, 79, 43, 81, 6, 0, 0.06%, 9, 0, 9, 435.54
1734330954, 79, 44, 81, 6, 0, 0.06%, 9, 0, 9, 336.08
1734330959, 79, 45, 81, 6, 0, 0.06%, 9, 0, 9, 402.29
1734330974, 79, 46, 81, 6, 0, 0.06%, 9, 0, 9, 330.29
1734330994, 79, 47, 81, 6, 0, 0.06%, 9, 0, 9, 443.95
1734331010, 79, 48, 81, 6, 0, 0.06%, 9, 0, 9, 412.72
1734331025, 79, 49, 81, 6, 0, 0.06%, 9, 0, 9, 450.93
1734331040, 79, 50, 81, 6, 0, 0.06%, 9, 0, 9, 325.43
1734331060, 79, 51, 81, 6, 0, 0.06%, 9, 0, 9, 375.64
1734331065, 79, 52, 81, 6, 0, 0.06%, 9, 0, 9, 384.80
1734331070, 79, 55, 81, 6, 0, 0.06%, 9, 0, 9, 363.39
1734331075, 79, 56, 81, 6, 0, 0.06%, 9, 0, 9, 329.04
1734331080, 79, 57, 81, 6, 0, 0.06%, 9, 0, 9, 332.92
1734331085, 79, 58, 81, 6, 0, 0.06%, 9, 0, 9, 347.44
1734331091, 79, 59, 81, 6, 0, 0.06%, 9, 0, 9, 408.75
1734331106, 79, 60, 81, 6, 0, 0.06%, 9, 0, 9, 371.95
1734331111, 79, 61, 81, 6, 0, 0.06%, 9, 0, 9, 355.22
1734331116, 79, 62, 81, 6, 0, 0.06%, 9, 0, 9, 370.65
1734331121, 79, 63, 81, 6, 0, 0.06%, 9, 0, 9, 387.53
1734331126, 79, 64, 81, 6, 0, 0.06%, 9, 0, 9, 370.75
1734331131, 79, 65, 81, 6, 0, 0.06%, 9, 0, 9, 395.46
1734331136, 79, 66, 81, 6, 0, 0.06%, 9, 0, 9, 374.77
1734331141, 79, 67, 81, 6, 0, 0.06%, 9, 0, 9, 319.00
1734331146, 79, 68, 81, 6, 0, 0.06%, 9, 0, 9, 359.19
1734331151, 79, 69, 81, 6, 0, 0.06%, 9, 0, 9, 374.21
1734331161, 79, 70, 81, 6, 0, 0.06%, 9, 0, 9, 396.53
1734331166, 79, 71, 81, 6, 0, 0.06%, 9, 0, 9, 344.34
1734331176, 79, 72, 81, 6, 0, 0.06%, 9, 0, 9, 389.14
1734331192, 79, 73, 81, 6, 0, 0.06%, 9, 0, 9, 297.01
1734331212, 79, 74, 81, 6, 0, 0.06%, 9, 0, 9, 353.27
1734331217, 79, 75, 81, 6, 0, 0.06%, 9, 0, 9, 366.25
1734331222, 79, 76, 81, 6, 0, 0.06%, 9, 0, 9, 364.41
1734331232, 79, 77, 81, 6, 0, 0.06%, 9, 0, 9, 415.94
1734331243, 79, 78, 81, 6, 0, 0.06%, 9, 0, 9, 339.02
1734331263, 79, 79, 81, 6, 0, 0.06%, 9, 0, 9, 360.76
1734331268, 79, 80, 81, 6, 0, 0.06%, 9, 0, 9, 370.71
1734331273, 80, 11, 81, 6, 0, 0.06%, 9, 0, 9, 327.03
1734331283, 80, 17, 81, 6, 0, 0.06%, 9, 0, 9, 304.71
1734331293, 80, 20, 81, 6, 0, 0.06%, 9, 0, 9, 308.54
1734331298, 80, 22, 81, 6, 0, 0.06%, 9, 0, 9, 354.87
1734331309, 80, 23, 81, 6, 0, 0.06%, 9, 0, 9, 402.19
1734331324, 80, 25, 81, 6, 0, 0.06%, 9, 0, 9, 368.08
1734331329, 80, 28, 81, 6, 0, 0.06%, 9, 0, 9, 388.45
1734331334, 80, 29, 81, 6, 0, 0.06%, 9, 0, 9, 341.76
1734331339, 80, 30, 81, 6, 0, 0.06%, 9, 0, 9, 289.17
1734331349, 80, 31, 81, 6, 0, 0.06%, 9, 0, 9, 363.34
1734331359, 80, 32, 81, 6, 0, 0.06%, 9, 0, 9, 355.87
1734331379, 80, 33, 81, 6, 0, 0.06%, 9, 0, 9, 376.54
1734331395, 80, 34, 81, 6, 0, 0.06%, 9, 0, 9, 379.10
1734331410, 80, 35, 81, 6, 0, 0.06%, 9, 0, 9, 301.99
1734331425, 80, 36, 81, 6, 0, 0.06%, 9, 0, 9, 366.38
1734331430, 80, 37, 81, 6, 0, 0.06%, 9, 0, 9, 342.43
1734331451, 80, 38, 81, 6, 0, 0.06%, 9, 0, 9, 363.16
1734331466, 80, 39, 81, 6, 0, 0.06%, 9, 0, 9, 312.56
1734331486, 80, 40, 81, 6, 0, 0.06%, 9, 0, 9, 333.10
1734331491, 80, 42, 81, 6, 0, 0.06%, 9, 0, 9, 310.10
1734331496, 80, 43, 81, 6, 0, 0.06%, 9, 0, 9, 341.66
1734331506, 80, 44, 81, 6, 0, 0.06%, 9, 0, 9, 358.12
1734331511, 80, 45, 81, 6, 0, 0.06%, 9, 0, 9, 382.98
1734331521, 80, 46, 81, 6, 0, 0.06%, 9, 0, 9, 389.65
1734331526, 80, 47, 81, 6, 0, 0.06%, 9, 0, 9, 385.41
1734331537, 80, 48, 81, 6, 0, 0.06%, 9, 0, 9, 370.73
1734331547, 80, 49, 81, 6, 0, 0.06%, 9, 0, 9, 396.79
1734331557, 80, 50, 81, 6, 0, 0.06%, 9, 0, 9, 280.16
1734331577, 80, 51, 81, 6, 0, 0.06%, 9, 0, 9, 364.11
1734331582, 80, 52, 81, 6, 0, 0.06%, 9, 0, 9, 361.83
1734331588, 80, 55, 81, 6, 0, 0.06%, 9, 0, 9, 339.42
1734331593, 80, 56, 81, 6, 0, 0.06%, 9, 0, 9, 321.37
1734331598, 80, 58, 81, 6, 0, 0.06%, 9, 0, 9, 330.81
1734331608, 80, 59, 81, 6, 0, 0.06%, 9, 0, 9, 397.78
1734331613, 80, 60, 81, 6, 0, 0.06%, 9, 0, 9, 366.95
1734331618, 80, 61, 81, 6, 0, 0.06%, 9, 0, 9, 358.99
1734331623, 80, 62, 81, 6, 0, 0.06%, 9, 0, 9, 368.12
1734331628, 80, 63, 81, 6, 0, 0.06%, 9, 0, 9, 371.89
1734331633, 80, 64, 81, 6, 0, 0.06%, 9, 0, 9, 374.06
1734331638, 80, 65, 81, 6, 0, 0.06%, 9, 0, 9, 366.66
1734331643, 80, 66, 81, 6, 0, 0.06%, 9, 0, 9, 328.11
1734331648, 80, 67, 81, 6, 0, 0.06%, 9, 0, 9, 367.89
1734331659, 80, 68, 81, 6, 0, 0.06%, 9, 0, 9, 355.14
1734331664, 80, 69, 81, 6, 0, 0.06%, 9, 0, 9, 391.56
1734331669, 80, 70, 81, 6, 0, 0.06%, 9, 0, 9, 386.62
1734331674, 80, 71, 81, 6, 0, 0.06%, 9, 0, 9, 395.09
1734331684, 80, 72, 81, 6, 0, 0.06%, 9, 0, 9, 362.28
1734331694, 80, 73, 81, 6, 0, 0.06%, 9, 0, 9, 373.38
1734331709, 80, 74, 81, 6, 0, 0.06%, 9, 0, 9, 308.44
1734331715, 80, 75, 81, 6, 0, 0.06%, 9, 0, 9, 342.32
1734331720, 80, 76, 81, 6, 0, 0.06%, 9, 0, 9, 378.79
1734331730, 80, 77, 81, 6, 0, 0.06%, 9, 0, 9, 394.26
1734331745, 80, 78, 81, 6, 0, 0.06%, 9, 0, 9, 405.55
1734331750, 80, 79, 81, 6, 0, 0.06%, 9, 0, 9, 365.80
1734331760, 80, 80, 81, 6, 0, 0.06%, 9, 0, 9, 354.97
1734331766, 81, 11, 81, 6, 0, 0.06%, 9, 0, 9, 312.56
1734331771, 81, 17, 81, 6, 0, 0.06%, 9, 0, 9, 328.30
1734331776, 81, 20, 81, 6, 0, 0.06%, 9, 0, 9, 313.72
1734331781, 81, 22, 81, 6, 0, 0.06%, 9, 0, 9, 326.79
1734331786, 81, 23, 81, 6, 0, 0.06%, 9, 0, 9, 414.00
1734331801, 81, 25, 81, 6, 0, 0.06%, 9, 0, 9, 368.80
1734331806, 81, 28, 81, 6, 0, 0.06%, 9, 0, 9, 397.23
1734331811, 81, 29, 81, 6, 0, 0.06%, 9, 0, 9, 329.91
1734331816, 81, 30, 81, 6, 0, 0.06%, 9, 0, 9, 307.97
1734331821, 81, 31, 81, 6, 0, 0.06%, 9, 0, 9, 354.28
1734331826, 81, 32, 81, 6, 0, 0.06%, 9, 0, 9, 355.46
1734331832, 81, 33, 81, 6, 0, 0.06%, 9, 0, 9, 315.35
1734331847, 81, 34, 81, 6, 0, 0.06%, 9, 0, 9, 346.07
1734331852, 81, 35, 81, 6, 0, 0.06%, 9, 0, 9, 327.38
1734331862, 81, 36, 81, 6, 0, 0.06%, 9, 0, 9, 341.42
1734331867, 81, 37, 81, 6, 0, 0.06%, 9, 0, 9, 365.75
1734331882, 81, 38, 81, 6, 0, 0.06%, 9, 0, 9, 326.88
1734331903, 81, 39, 81, 6, 0, 0.06%, 9, 0, 9, 372.90
1734331923, 81, 40, 81, 6, 0, 0.06%, 9, 0, 9, 299.75
1734331928, 81, 41, 81, 6, 0, 0.06%, 9, 0, 9, 316.54
1734331933, 81, 43, 81, 6, 0, 0.06%, 9, 0, 9, 351.80
1734331938, 81, 44, 81, 6, 0, 0.06%, 9, 0, 9, 366.26
1734331943, 81, 45, 81, 6, 0, 0.06%, 9, 0, 9, 381.20
1734331948, 81, 46, 81, 6, 0, 0.06%, 9, 0, 9, 390.77
1734331954, 81, 47, 81, 6, 0, 0.06%, 9, 0, 9, 379.08
1734331959, 81, 48, 81, 6, 0, 0.06%, 9, 0, 9, 378.44
1734331964, 81, 49, 81, 6, 0, 0.06%, 9, 0, 9, 385.29
1734331969, 81, 50, 81, 6, 0, 0.06%, 9, 0, 9, 353.33
1734331979, 81, 51, 81, 6, 0, 0.06%, 9, 0, 9, 351.26
1734331984, 81, 52, 81, 6, 0, 0.06%, 9, 0, 9, 370.63
1734331994, 81, 55, 81, 6, 0, 0.06%, 9, 0, 9, 327.56
1734331999, 81, 57, 81, 6, 0, 0.06%, 9, 0, 9, 314.42
1734332004, 81, 58, 81, 6, 0, 0.06%, 9, 0, 9, 335.83
1734332009, 81, 59, 81, 6, 0, 0.06%, 9, 0, 9, 336.64
1734332014, 81, 60, 81, 6, 0, 0.06%, 9, 0, 9, 354.16
1734332019, 81, 61, 81, 6, 0, 0.06%, 9, 0, 9, 348.16
1734332024, 81, 62, 81, 6, 0, 0.06%, 9, 0, 9, 357.54
1734332029, 81, 63, 81, 6, 0, 0.06%, 9, 0, 9, 341.76
1734332035, 81, 64, 81, 6, 0, 0.06%, 9, 0, 9, 352.54
1734332040, 81, 65, 81, 6, 0, 0.06%, 9, 0, 9, 328.78
1734332045, 81, 66, 81, 6, 0, 0.06%, 9, 0, 9, 368.09
1734332055, 81, 67, 81, 6, 0, 0.06%, 9, 0, 9, 371.24
1734332060, 81, 68, 81, 6, 0, 0.06%, 9, 0, 9, 353.92
1734332065, 81, 69, 81, 6, 0, 0.06%, 9, 0, 9, 388.35
1734332070, 81, 70, 81, 6, 0, 0.06%, 9, 0, 9, 385.43
1734332080, 81, 71, 81, 6, 0, 0.06%, 9, 0, 9, 379.96
1734332085, 81, 72, 81, 6, 0, 0.06%, 9, 0, 9, 371.42
1734332096, 81, 73, 81, 6, 0, 0.06%, 9, 0, 9, 366.02
1734332101, 81, 74, 81, 6, 0, 0.06%, 9, 0, 9, 318.69
1734332106, 81, 75, 81, 6, 0, 0.06%, 9, 0, 9, 346.22
1734332116, 81, 76, 81, 6, 0, 0.06%, 9, 0, 9, 370.01
1734332121, 81, 77, 81, 6, 0, 0.06%, 9, 0, 9, 352.85
1734332131, 81, 78, 81, 6, 0, 0.06%, 9, 0, 9, 398.44
1734332136, 81, 79, 81, 6, 0, 0.06%, 9, 0, 9, 371.90
1734332146, 81, 80, 81, 6, 0, 0.06%, 9, 0, 9, 342.52
1734332151, 82, 11, 81, 6, 0, 0.06%, 9, 0, 9, 314.23
1734332156, 82, 20, 81, 6, 0, 0.06%, 9, 0, 9, 315.97
1734332161, 82, 22, 81, 6, 0, 0.06%, 9, 0, 9, 304.25
1734332166, 82, 23, 81, 6, 0, 0.06%, 9, 0, 9, 367.50
1734332176, 82, 25, 81, 6, 0, 0.06%, 9, 0, 9, 383.50
1734332181, 82, 28, 81, 6, 0, 0.06%, 9, 0, 9, 382.98
1734332187, 82, 29, 81, 6, 0, 0.06%, 9, 0, 9, 316.96
1734332192, 82, 30, 81, 6, 0, 0.06%, 9, 0, 9, 309.97
1734332197, 82, 31, 81, 6, 0, 0.06%, 9, 0, 9, 322.20
1734332202, 82, 32, 81, 6, 0, 0.06%, 9, 0, 9, 332.16
1734332207, 82, 33, 81, 6, 0, 0.06%, 9, 0, 9, 352.59
1734332212, 82, 34, 81, 6, 0, 0.06%, 9, 0, 9, 324.57
1734332217, 82, 35, 81, 6, 0, 0.06%, 9, 0, 9, 358.01
1734332222, 82, 36, 81, 6, 0, 0.06%, 9, 0, 9, 345.84
1734332227, 82, 37, 81, 6, 0, 0.06%, 9, 0, 9, 376.27
1734332237, 82, 38, 81, 6, 0, 0.06%, 9, 0, 9, 368.48
1734332253, 82, 39, 81, 6, 0, 0.06%, 9, 0, 9, 305.44
1734332273, 82, 40, 81, 6, 0, 0.06%, 9, 0, 9, 305.09
1734332278, 82, 41, 81, 6, 0, 0.06%, 9, 0, 9, 319.76
1734332283, 82, 43, 81, 6, 0, 0.06%, 9, 0, 9, 315.19
1734332288, 82, 44, 81, 6, 0, 0.06%, 9, 0, 9, 354.52
1734332293, 82, 45, 81, 6, 0, 0.06%, 9, 0, 9, 368.98
1734332298, 82, 46, 81, 6, 0, 0.06%, 9, 0, 9, 381.53
1734332303, 82, 47, 81, 6, 0, 0.06%, 9, 0, 9, 388.08
1734332308, 82, 48, 81, 6, 0, 0.06%, 9, 0, 9, 390.30
1734332314, 82, 49, 81, 6, 0, 0.06%, 9, 0, 9, 375.25
1734332319, 82, 50, 81, 6, 0, 0.06%, 9, 0, 9, 377.15
1734332329, 82, 51, 81, 6, 0, 0.06%, 9, 0, 9, 388.39
1734332334, 82, 52, 81, 6, 0, 0.06%, 9, 0, 9, 397.72
1734332339, 82, 55, 81, 6, 0, 0.06%, 9, 0, 9, 358.54
1734332344, 82, 56, 81, 6, 0, 0.06%, 9, 0, 9, 326.93
1734332349, 82, 57, 81, 6, 0, 0.06%, 9, 0, 9, 322.56
1734332354, 82, 58, 81, 6, 0, 0.06%, 9, 0, 9, 333.84
1734332359, 82, 59, 81, 6, 0, 0.06%, 9, 0, 9, 364.53
1734332364, 82, 60, 81, 6, 0, 0.06%, 9, 0, 9, 332.84
1734332369, 82, 61, 81, 6, 0, 0.06%, 9, 0, 9, 350.57
1734332374, 82, 63, 81, 6, 0, 0.06%, 9, 0, 9, 355.22
1734332379, 82, 64, 81, 6, 0, 0.06%, 9, 0, 9, 353.19
1734332389, 82, 65, 81, 6, 0, 0.06%, 9, 0, 9, 362.02
1734332394, 82, 66, 81, 6, 0, 0.06%, 9, 0, 9, 373.54
1734332399, 82, 67, 81, 6, 0, 0.06%, 9, 0, 9, 378.81
1734332405, 82, 68, 81, 6, 0, 0.06%, 9, 0, 9, 384.81
1734332410, 82, 69, 81, 6, 0, 0.06%, 9, 0, 9, 390.98
1734332415, 82, 70, 81, 6, 0, 0.06%, 9, 0, 9, 355.23
1734332425, 82, 71, 81, 6, 0, 0.06%, 9, 0, 9, 374.04
1734332430, 82, 72, 81, 6, 0, 0.06%, 9, 0, 9, 369.65
1734332435, 82, 73, 81, 6, 0, 0.06%, 9, 0, 9, 348.03
1734332445, 82, 74, 81, 6, 0, 0.06%, 9, 0, 9, 359.79
1734332450, 82, 75, 81, 6, 0, 0.06%, 9, 0, 9, 335.01
1734332455, 82, 76, 81, 6, 0, 0.06%, 9, 0, 9, 341.82
1734332465, 82, 77, 81, 6, 0, 0.06%, 9, 0, 9, 394.60
1734332471, 82, 78, 81, 6, 0, 0.06%, 9, 0, 9, 352.99
1734332481, 82, 79, 81, 6, 0, 0.06%, 9, 0, 9, 314.73
1734332486, 82, 80, 81, 6, 0, 0.06%, 9, 0, 9, 355.27
1734332496, 83, 17, 81, 6, 0, 0.06%, 9, 0, 9, 310.60
1734332501, 83, 20, 81, 6, 0, 0.06%, 9, 0, 9, 302.53
1734332506, 83, 22, 81, 6, 0, 0.06%, 9, 0, 9, 303.95
1734332511, 83, 23, 81, 6, 0, 0.06%, 9, 0, 9, 365.93
1734332517, 83, 25, 81, 6, 0, 0.06%, 9, 0, 9, 314.24
1734332522, 83, 28, 81, 6, 0, 0.06%, 9, 0, 9, 358.76
1734332527, 83, 29, 81, 6, 0, 0.06%, 9, 0, 9, 334.65
1734332532, 83, 30, 81, 6, 0, 0.06%, 9, 0, 9, 298.66
1734332537, 83, 31, 81, 6, 0, 0.06%, 9, 0, 9, 308.19
1734332542, 83, 32, 81, 6, 0, 0.06%, 9, 0, 9, 364.75
1734332547, 83, 33, 81, 6, 0, 0.06%, 9, 0, 9, 349.35
1734332552, 83, 34, 81, 6, 0, 0.06%, 9, 0, 9, 363.91
1734332557, 83, 35, 81, 6, 0, 0.06%, 9, 0, 9, 360.90
1734332562, 83, 36, 81, 6, 0, 0.06%, 9, 0, 9, 344.28
1734332567, 83, 37, 81, 6, 0, 0.06%, 9, 0, 9, 330.50
1734332573, 83, 38, 81, 6, 0, 0.06%, 9, 0, 9, 341.43
1734332583, 83, 39, 81, 6, 0, 0.06%, 9, 0, 9, 333.53
1734332588, 83, 40, 81, 6, 0, 0.06%, 9, 0, 9, 370.44
1734332593, 83, 41, 81, 6, 0, 0.06%, 9, 0, 9, 350.15
1734332598, 83, 42, 81, 6, 0, 0.06%, 9, 0, 9, 315.07
1734332603, 83, 43, 81, 6, 0, 0.06%, 9, 0, 9, 361.84
1734332608, 83, 44, 81, 6, 0, 0.06%, 9, 0, 9, 351.94
1734332613, 83, 46, 81, 6, 0, 0.06%, 9, 0, 9, 375.48
1734332618, 83, 47, 81, 6, 0, 0.06%, 9, 0, 9, 368.72
1734332623, 83, 48, 81, 6, 0, 0.06%, 9, 0, 9, 352.34
1734332634, 83, 49, 81, 6, 0, 0.06%, 9, 0, 9, 366.70
1734332639, 83, 50, 81, 6, 0, 0.06%, 9, 0, 9, 357.17
1734332644, 83, 51, 81, 6, 0, 0.06%, 9, 0, 9, 379.21
1734332649, 83, 52, 81, 6, 0, 0.06%, 9, 0, 9, 336.60
1734332654, 83, 55, 81, 6, 0, 0.06%, 9, 0, 9, 346.36
1734332659, 83, 56, 81, 6, 0, 0.06%, 9, 0, 9, 350.33
1734332664, 83, 57, 81, 6, 0, 0.06%, 9, 0, 9, 353.21
1734332669, 83, 58, 81, 6, 0, 0.06%, 9, 0, 9, 360.69
1734332674, 83, 59, 81, 6, 0, 0.06%, 9, 0, 9, 358.69
1734332679, 83, 60, 81, 6, 0, 0.06%, 9, 0, 9, 378.24
1734332684, 83, 61, 81, 6, 0, 0.06%, 9, 0, 9, 366.92
1734332689, 83, 62, 81, 6, 0, 0.06%, 9, 0, 9, 377.17
1734332694, 83, 63, 81, 6, 0, 0.06%, 9, 0, 9, 391.25
1734332700, 83, 64, 81, 6, 0, 0.06%, 9, 0, 9, 395.87
1734332705, 83, 65, 81, 6, 0, 0.06%, 9, 0, 9, 387.44
1734332710, 83, 66, 81, 6, 0, 0.06%, 9, 0, 9, 394.93
1734332715, 83, 67, 81, 6, 0, 0.06%, 9, 0, 9, 377.30
1734332720, 83, 68, 81, 6, 0, 0.06%, 9, 0, 9, 331.66
1734332725, 83, 69, 81, 6, 0, 0.06%, 9, 0, 9, 347.94
1734332735, 83, 70, 81, 6, 0, 0.06%, 9, 0, 9, 380.67
1734332740, 83, 71, 81, 6, 0, 0.06%, 9, 0, 9, 360.19
1734332750, 83, 72, 81, 6, 0, 0.06%, 9, 0, 9, 358.35
1734332755, 83, 73, 81, 6, 0, 0.06%, 9, 0, 9, 349.83
1734332761, 83, 74, 81, 6, 0, 0.06%, 9, 0, 9, 331.77
1734332766, 83, 75, 81, 6, 0, 0.06%, 9, 0, 9, 368.39
1734332771, 83, 76, 81, 6, 0, 0.06%, 9, 0, 9, 387.63
1734332776, 83, 77, 81, 6, 0, 0.06%, 9, 0, 9, 336.93
1734332786, 83, 78, 81, 6, 0, 0.06%, 9, 0, 9, 379.09
1734332791, 83, 79, 81, 6, 0, 0.06%, 9, 0, 9, 355.26
1734332796, 83, 80, 81, 6, 0, 0.06%, 9, 0, 9, 362.00
1734332801, 84, 11, 81, 6, 0, 0.06%, 9, 0, 9, 336.21
1734332806, 84, 17, 81, 6, 0, 0.06%, 9, 0, 9, 310.15
1734332811, 84, 20, 81, 6, 0, 0.06%, 9, 0, 9, 311.28
1734332816, 84, 22, 81, 6, 0, 0.06%, 9, 0, 9, 336.18
1734332821, 84, 23, 81, 6, 0, 0.06%, 9, 0, 9, 340.01
1734332827, 84, 25, 81, 6, 0, 0.06%, 9, 0, 9, 353.97
1734332832, 84, 28, 81, 6, 0, 0.06%, 9, 0, 9, 368.51
1734332837, 84, 29, 81, 6, 0, 0.06%, 9, 0, 9, 335.37
1734332842, 84, 30, 81, 6, 0, 0.06%, 9, 0, 9, 280.60
1734332847, 84, 31, 81, 6, 0, 0.06%, 9, 0, 9, 335.93
1734332852, 84, 32, 81, 6, 0, 0.06%, 9, 0, 9, 339.70
1734332857, 84, 33, 81, 6, 0, 0.06%, 9, 0, 9, 356.18
1734332862, 84, 34, 81, 6, 0, 0.06%, 9, 0, 9, 355.04
1734332867, 84, 35, 81, 6, 0, 0.06%, 9, 0, 9, 350.95
1734332872, 84, 36, 81, 6, 0, 0.06%, 9, 0, 9, 342.08
1734332877, 84, 37, 81, 6, 0, 0.06%, 9, 0, 9, 342.48
1734332882, 84, 39, 81, 6, 0, 0.06%, 9, 0, 9, 340.20
1734332887, 84, 40, 81, 6, 0, 0.06%, 9, 0, 9, 342.52
1734332893, 84, 41, 81, 6, 0, 0.06%, 9, 0, 9, 318.43
1734332898, 84, 42, 81, 6, 0, 0.06%, 9, 0, 9, 307.73
1734332903, 84, 43, 81, 6, 0, 0.06%, 9, 0, 9, 359.66
1734332908, 84, 44, 81, 6, 0, 0.06%, 9, 0, 9, 354.50
1734332913, 84, 45, 81, 6, 0, 0.06%, 9, 0, 9, 362.17
1734332918, 84, 46, 81, 6, 0, 0.06%, 9, 0, 9, 369.31
1734332923, 84, 47, 81, 6, 0, 0.06%, 9, 0, 9, 378.45
1734332928, 84, 48, 81, 6, 0, 0.06%, 9, 0, 9, 368.12
1734332933, 84, 49, 81, 6, 0, 0.06%, 9, 0, 9, 385.32
1734332938, 84, 50, 81, 6, 0, 0.06%, 9, 0, 9, 334.75
1734332949, 84, 51, 81, 6, 0, 0.06%, 9, 0, 9, 363.21
1734332954, 84, 52, 81, 6, 0, 0.06%, 9, 0, 9, 368.09
1734332959, 84, 55, 81, 6, 0, 0.06%, 9, 0, 9, 315.80
1734332964, 84, 57, 81, 6, 0, 0.06%, 9, 0, 9, 321.37
1734332969, 84, 58, 81, 6, 0, 0.06%, 9, 0, 9, 321.05
1734332974, 84, 59, 81, 6, 0, 0.06%, 9, 0, 9, 344.07
1734332979, 84, 60, 81, 6, 0, 0.06%, 9, 0, 9, 349.78
1734332984, 84, 61, 81, 6, 0, 0.06%, 9, 0, 9, 322.31
1734332989, 84, 62, 81, 6, 0, 0.06%, 9, 0, 9, 318.49
1734332994, 84, 63, 81, 6, 0, 0.06%, 9, 0, 9, 354.13
1734333000, 84, 64, 81, 6, 0, 0.06%, 9, 0, 9, 324.80
1734333005, 84, 65, 81, 6, 0, 0.06%, 9, 0, 9, 349.49
1734333015, 84, 66, 81, 6, 0, 0.06%, 9, 0, 9, 380.15
1734333020, 84, 67, 81, 6, 0, 0.06%, 9, 0, 9, 362.62
1734333025, 84, 68, 81, 6, 0, 0.06%, 9, 0, 9, 381.77
1734333030, 84, 69, 81, 6, 0, 0.06%, 9, 0, 9, 399.07
1734333035, 84, 70, 81, 6, 0, 0.06%, 9, 0, 9, 315.45
1734333045, 84, 71, 81, 6, 0, 0.06%, 9, 0, 9, 396.14
1734333050, 84, 72, 81, 6, 0, 0.06%, 9, 0, 9, 351.05
1734333055, 84, 73, 81, 6, 0, 0.06%, 9, 0, 9, 356.81
1734333065, 84, 74, 81, 6, 0, 0.06%, 9, 0, 9, 335.47
1734333071, 84, 75, 81, 6, 0, 0.06%, 9, 0, 9, 357.72
1734333076, 84, 76, 81, 6, 0, 0.06%, 9, 0, 9, 395.30
1734333081, 84, 77, 81, 6, 0, 0.06%, 9, 0, 9, 393.62
1734333091, 84, 78, 81, 6, 0, 0.06%, 9, 0, 9, 361.08
1734333096, 84, 79, 81, 6, 0, 0.06%, 9, 0, 9, 358.70
1734333101, 84, 80, 81, 6, 0, 0.06%, 9, 0, 9, 379.27
1734333106, 85, 11, 81, 6, 0, 0.06%, 9, 0, 9, 325.36
1734333111, 85, 17, 81, 6, 0, 0.06%, 9, 0, 9, 315.73
1734333116, 85, 20, 81, 6, 0, 0.06%, 9, 0, 9, 309.66
1734333121, 85, 22, 81, 6, 0, 0.06%, 9, 0, 9, 339.12
1734333126, 85, 25, 81, 6, 0, 0.06%, 9, 0, 9, 363.00
1734333136, 85, 28, 81, 6, 0, 0.06%, 9, 0, 9, 352.89
1734333141, 85, 30, 81, 6, 0, 0.06%, 9, 0, 9, 301.79
1734333146, 85, 31, 81, 6, 0, 0.06%, 9, 0, 9, 303.76
1734333152, 85, 32, 81, 6, 0, 0.06%, 9, 0, 9, 328.90
1734333157, 85, 33, 81, 6, 0, 0.06%, 9, 0, 9, 321.07
1734333162, 85, 34, 81, 6, 0, 0.06%, 9, 0, 9, 339.52
1734333167, 85, 35, 81, 6, 0, 0.06%, 9, 0, 9, 334.45
1734333172, 85, 36, 81, 6, 0, 0.06%, 9, 0, 9, 366.81
1734333177, 85, 37, 81, 6, 0, 0.06%, 9, 0, 9, 366.54
1734333182, 85, 38, 81, 6, 0, 0.06%, 9, 0, 9, 350.25
1734333187, 85, 39, 81, 6, 0, 0.06%, 9, 0, 9, 334.98
1734333192, 85, 40, 81, 6, 0, 0.06%, 9, 0, 9, 334.80
1734333197, 85, 41, 81, 6, 0, 0.06%, 9, 0, 9, 336.46
1734333202, 85, 42, 81, 6, 0, 0.06%, 9, 0, 9, 296.46
1734333207, 85, 44, 81, 6, 0, 0.06%, 9, 0, 9, 337.02
1734333212, 85, 45, 81, 6, 0, 0.06%, 9, 0, 9, 373.46
1734333217, 85, 46, 81, 6, 0, 0.06%, 9, 0, 9, 346.93
1734333222, 85, 47, 81, 6, 0, 0.06%, 9, 0, 9, 328.43
1734333227, 85, 48, 81, 6, 0, 0.06%, 9, 0, 9, 335.40
1734333232, 85, 49, 81, 6, 0, 0.06%, 9, 0, 9, 359.43
1734333243, 85, 50, 81, 6, 0, 0.06%, 9, 0, 9, 360.29
1734333248, 85, 51, 81, 6, 0, 0.06%, 9, 0, 9, 411.99
1734333253, 85, 52, 81, 6, 0, 0.06%, 9, 0, 9, 379.92
1734333258, 85, 55, 81, 6, 0, 0.06%, 9, 0, 9, 384.27
1734333263, 85, 56, 81, 6, 0, 0.06%, 9, 0, 9, 324.35
1734333268, 85, 57, 81, 6, 0, 0.06%, 9, 0, 9, 334.98
1734333273, 85, 58, 81, 6, 0, 0.06%, 9, 0, 9, 334.05
1734333278, 85, 59, 81, 6, 0, 0.06%, 9, 0, 9, 376.07
1734333283, 85, 60, 81, 6, 0, 0.06%, 9, 0, 9, 376.87
1734333288, 85, 61, 81, 6, 0, 0.06%, 9, 0, 9, 339.35
1734333293, 85, 62, 81, 6, 0, 0.06%, 9, 0, 9, 353.98
1734333298, 85, 63, 81, 6, 0, 0.06%, 9, 0, 9, 372.31
1734333303, 85, 64, 81, 6, 0, 0.06%, 9, 0, 9, 373.60
1734333309, 85, 65, 81, 6, 0, 0.06%, 9, 0, 9, 374.40
1734333314, 85, 66, 81, 6, 0, 0.06%, 9, 0, 9, 379.07
1734333319, 85, 67, 81, 6, 0, 0.06%, 9, 0, 9, 372.16
1734333324, 85, 68, 81, 6, 0, 0.06%, 9, 0, 9, 342.67
1734333329, 85, 69, 81, 6, 0, 0.06%, 9, 0, 9, 355.90
1734333339, 85, 70, 81, 6, 0, 0.06%, 9, 0, 9, 396.77
1734333344, 85, 71, 81, 6, 0, 0.06%, 9, 0, 9, 399.34
1734333349, 85, 72, 81, 6, 0, 0.06%, 9, 0, 9, 371.09
1734333359, 85, 74, 81, 6, 0, 0.06%, 9, 0, 9, 357.57
1734333369, 85, 75, 81, 6, 0, 0.06%, 9, 0, 9, 354.35
1734333374, 85, 76, 81, 6, 0, 0.06%, 9, 0, 9, 380.92
1734333380, 85, 77, 81, 6, 0, 0.06%, 9, 0, 9, 349.93
1734333390, 85, 78, 81, 6, 0, 0.06%, 9, 0, 9, 354.67
1734333395, 85, 79, 81, 6, 0, 0.06%, 9, 0, 9, 339.00
1734333400, 85, 80, 81, 6, 0, 0.06%, 9, 0, 9, 371.36
1734333405, 86, 11, 81, 6, 0, 0.06%, 9, 0, 9, 335.65
1734333410, 86, 17, 81, 6, 0, 0.06%, 9, 0, 9, 310.20
1734333415, 86, 20, 81, 6, 0, 0.06%, 9, 0, 9, 310.56
1734333420, 86, 22, 81, 6, 0, 0.06%, 9, 0, 9, 329.81
1734333425, 86, 23, 81, 6, 0, 0.06%, 9, 0, 9, 335.91
1734333430, 86, 25, 81, 6, 0, 0.06%, 9, 0, 9, 374.75
1734333435, 86, 28, 81, 6, 0, 0.06%, 9, 0, 9, 384.94
1734333440, 86, 30, 81, 6, 0, 0.06%, 9, 0, 9, 326.52
1734333445, 86, 31, 81, 6, 0, 0.06%, 9, 0, 9, 312.83
1734333455, 86, 33, 81, 6, 0, 0.06%, 9, 0, 9, 330.33
1734333460, 86, 34, 81, 6, 0, 0.06%, 9, 0, 9, 358.43
1734333466, 86, 35, 81, 6, 0, 0.06%, 9, 0, 9, 320.56
1734333471, 86, 36, 81, 6, 0, 0.06%, 9, 0, 9, 349.55
1734333476, 86, 37, 81, 6, 0, 0.06%, 9, 0, 9, 350.30
1734333481, 86, 38, 81, 6, 0, 0.06%, 9, 0, 9, 338.93
1734333486, 86, 39, 81, 6, 0, 0.06%, 9, 0, 9, 345.49
1734333491, 86, 40, 81, 6, 0, 0.06%, 9, 0, 9, 349.36
1734333496, 86, 41, 81, 6, 0, 0.06%, 9, 0, 9, 340.88
1734333501, 86, 43, 81, 6, 0, 0.06%, 9, 0, 9, 309.53
1734333506, 86, 44, 81, 6, 0, 0.06%, 9, 0, 9, 323.28
1734333512, 86, 45, 81, 6, 0, 0.06%, 9, 0, 9, 361.99
1734333517, 86, 46, 81, 6, 0, 0.06%, 9, 0, 9, 369.02
1734333522, 86, 47, 81, 6, 0, 0.06%, 9, 0, 9, 374.71
1734333527, 86, 48, 81, 6, 0, 0.06%, 9, 0, 9, 349.05
1734333532, 86, 49, 81, 6, 0, 0.06%, 9, 0, 9, 329.16
1734333537, 86, 50, 81, 6, 0, 0.06%, 9, 0, 9, 385.96
1734333547, 86, 51, 81, 6, 0, 0.06%, 9, 0, 9, 392.76
1734333552, 86, 52, 81, 6, 0, 0.06%, 9, 0, 9, 356.32
1734333557, 86, 55, 81, 6, 0, 0.06%, 9, 0, 9, 372.37
1734333562, 86, 56, 81, 6, 0, 0.06%, 9, 0, 9, 332.60
1734333567, 86, 57, 81, 6, 0, 0.06%, 9, 0, 9, 338.36
1734333572, 86, 58, 81, 6, 0, 0.06%, 9, 0, 9, 339.25
1734333578, 86, 59, 81, 6, 0, 0.06%, 9, 0, 9, 353.90
1734333583, 86, 60, 81, 6, 0, 0.06%, 9, 0, 9, 343.31
1734333588, 86, 61, 81, 6, 0, 0.06%, 9, 0, 9, 341.56
1734333593, 86, 62, 81, 6, 0, 0.06%, 9, 0, 9, 339.37
1734333598, 86, 63, 81, 6, 0, 0.06%, 9, 0, 9, 342.56
1734333603, 86, 64, 81, 6, 0, 0.06%, 9, 0, 9, 384.50
1734333608, 86, 65, 81, 6, 0, 0.06%, 9, 0, 9, 381.61
1734333613, 86, 66, 81, 6, 0, 0.06%, 9, 0, 9, 370.47
1734333618, 86, 67, 81, 6, 0, 0.06%, 9, 0, 9, 361.85
1734333623, 86, 68, 81, 6, 0, 0.06%, 9, 0, 9, 336.79
1734333628, 86, 69, 81, 6, 0, 0.06%, 9, 0, 9, 364.36
1734333638, 86, 70, 81, 6, 0, 0.06%, 9, 0, 9, 385.97
1734333643, 86, 71, 81, 6, 0, 0.06%, 9, 0, 9, 351.05
1734333654, 86, 72, 81, 6, 0, 0.06%, 9, 0, 9, 344.65
1734333659, 86, 73, 81, 6, 0, 0.06%, 9, 0, 9, 356.64
1734333664, 86, 74, 81, 6, 0, 0.06%, 9, 0, 9, 359.52
1734333669, 86, 75, 81, 6, 0, 0.06%, 9, 0, 9, 362.97
1734333674, 86, 76, 81, 6, 0, 0.06%, 9, 0, 9, 351.64
1734333684, 86, 77, 81, 6, 0, 0.06%, 9, 0, 9, 383.34
1734333689, 86, 78, 81, 6, 0, 0.06%, 9, 0, 9, 369.53
1734333694, 86, 79, 81, 6, 0, 0.06%, 9, 0, 9, 372.62
1734333699, 86, 80, 81, 6, 0, 0.06%, 9, 0, 9, 351.17
1734333709, 87, 17, 81, 6, 0, 0.06%, 9, 0, 9, 308.65
1734333715, 87, 20, 81, 6, 0, 0.06%, 9, 0, 9, 307.32
1734333720, 87, 22, 81, 6, 0, 0.06%, 9, 0, 9, 347.37
1734333725, 87, 23, 81, 6, 0, 0.06%, 9, 0, 9, 359.42
