# unix_time, cycles_done, cur_path, paths_total, pending_total, pending_favs, map_size, unique_crashes, unique_hangs, max_depth, execs_per_sec
1735009135, 0, 0, 10, 10, 1, 0.00%, 0, 0, 1, 173.91
1735009141, 0, 3, 10, 10, 1, 0.00%, 0, 0, 1, 204.71
1735009146, 0, 4, 10, 9, 0, 0.00%, 0, 0, 1, 208.15
1735009151, 0, 5, 10, 8, 0, 0.00%, 0, 0, 1, 204.07
1735009161, 0, 6, 10, 7, 0, 0.00%, 0, 0, 1, 213.91
1735009166, 0, 7, 10, 6, 0, 0.00%, 0, 0, 1, 198.47
1735009177, 0, 8, 10, 5, 0, 0.00%, 0, 0, 1, 212.88
1735009182, 0, 9, 10, 4, 0, 0.00%, 0, 0, 1, 212.35
1735009187, 1, 0, 10, 3, 0, 0.00%, 0, 0, 1, 209.33
1735009197, 1, 1, 10, 2, 0, 0.00%, 0, 0, 1, 205.00
1735009207, 1, 2, 10, 1, 0, 0.00%, 0, 0, 1, 195.48
1735009218, 1, 3, 10, 0, 0, 0.00%, 0, 0, 1, 212.55
1735009228, 1, 4, 10, 0, 0, 0.00%, 0, 0, 1, 211.85
1735009233, 1, 6, 10, 0, 0, 0.00%, 0, 0, 1, 208.63
1735009238, 1, 7, 10, 0, 0, 0.00%, 0, 0, 1, 212.58
1735009243, 1, 9, 10, 0, 0, 0.00%, 0, 0, 1, 211.00
1735009248, 2, 0, 10, 0, 0, 0.00%, 0, 0, 1, 212.50
1735009254, 2, 2, 10, 0, 0, 0.00%, 0, 0, 1, 208.49
1735009259, 2, 3, 10, 0, 0, 0.00%, 0, 0, 1, 211.85
1735009264, 2, 4, 10, 0, 0, 0.00%, 0, 0, 1, 210.89
1735009269, 2, 6, 10, 0, 0, 0.00%, 0, 0, 1, 209.76
1735009274, 2, 7, 10, 0, 0, 0.00%, 0, 0, 1, 209.34
1735009279, 2, 9, 10, 0, 0, 0.00%, 0, 0, 1, 211.08
1735009284, 3, 0, 10, 0, 0, 0.00%, 0, 0, 1, 211.27
1735009289, 3, 2, 10, 0, 0, 0.00%, 0, 0, 1, 208.74
1735009294, 3, 3, 10, 0, 0, 0.00%, 0, 0, 1, 210.11
1735009299, 3, 4, 10, 0, 0, 0.00%, 0, 0, 1, 211.60
1735009304, 3, 6, 10, 0, 0, 0.00%, 0, 0, 1, 207.92
1735009309, 3, 7, 10, 0, 0, 0.00%, 0, 0, 1, 213.38
1735009314, 3, 9, 10, 0, 0, 0.00%, 0, 0, 1, 213.06
1735009320, 4, 0, 10, 0, 0, 0.00%, 0, 0, 1, 209.75
1735009325, 4, 2, 10, 0, 0, 0.00%, 0, 0, 1, 211.69
1735009330, 4, 3, 10, 0, 0, 0.00%, 0, 0, 1, 213.83
1735009335, 4, 5, 10, 0, 0, 0.00%, 0, 0, 1, 211.22
1735009340, 4, 6, 10, 0, 0, 0.00%, 0, 0, 1, 211.62
1735009345, 4, 7, 10, 0, 0, 0.00%, 0, 0, 1, 211.69
1735009350, 4, 9, 10, 0, 0, 0.00%, 0, 0, 1, 211.62
1735009356, 5, 0, 10, 0, 0, 0.00%, 0, 0, 1, 207.91
1735009361, 5, 2, 10, 0, 0, 0.00%, 0, 0, 1, 208.28
1735009366, 5, 3, 10, 0, 0, 0.00%, 0, 0, 1, 213.44
1735009371, 5, 5, 10, 0, 0, 0.00%, 0, 0, 1, 209.28
1735009376, 5, 6, 10, 0, 0, 0.00%, 0, 0, 1, 209.21
1735009381, 5, 7, 10, 0, 0, 0.00%, 0, 0, 1, 211.73
1735009386, 5, 9, 10, 0, 0, 0.00%, 0, 0, 1, 206.80
1735009391, 6, 0, 10, 0, 0, 0.00%, 0, 0, 1, 210.39
1735009396, 6, 2, 10, 0, 0, 0.00%, 0, 0, 1, 210.26
1735009401, 6, 3, 10, 0, 0, 0.00%, 0, 0, 1, 208.05
1735009407, 6, 5, 10, 0, 0, 0.00%, 0, 0, 1, 207.58
1735009412, 6, 6, 10, 0, 0, 0.00%, 0, 0, 1, 208.51
1735009417, 6, 7, 10, 0, 0, 0.00%, 0, 0, 1, 211.27
1735009422, 6, 9, 10, 0, 0, 0.00%, 0, 0, 1, 211.53
1735009427, 7, 0, 10, 0, 0, 0.00%, 0, 0, 1, 214.27
1735009432, 7, 2, 10, 0, 0, 0.00%, 0, 0, 1, 214.68
1735009437, 7, 3, 10, 0, 0, 0.00%, 0, 0, 1, 212.98
1735009442, 7, 5, 10, 0, 0, 0.00%, 0, 0, 1, 211.22
1735009447, 7, 6, 10, 0, 0, 0.00%, 0, 0, 1, 210.49
1735009453, 7, 8, 10, 0, 0, 0.00%, 0, 0, 1, 213.75
1735009458, 7, 9, 10, 0, 0, 0.00%, 0, 0, 1, 213.24
1735009463, 8, 1, 10, 0, 0, 0.00%, 0, 0, 1, 211.65
1735009468, 8, 2, 10, 0, 0, 0.00%, 0, 0, 1, 211.86
1735009473, 8, 3, 10, 0, 0, 0.00%, 0, 0, 1, 211.91
1735009478, 8, 4, 11, 1, 0, 0.05%, 1, 0, 2, 214.98
1735009483, 8, 10, 11, 1, 1, 0.05%, 1, 0, 2, 233.18
1735009504, 8, 10, 12, 2, 1, 0.05%, 2, 0, 3, 238.94
1735009544, 8, 10, 13, 3, 1, 0.05%, 3, 0, 3, 233.31
1735009605, 8, 12, 15, 4, 2, 0.05%, 4, 0, 4, 256.11
1735009621, 8, 12, 16, 5, 2, 0.05%, 4, 0, 4, 283.01
1735009626, 8, 12, 17, 6, 2, 0.06%, 5, 0, 4, 280.27
1735009651, 8, 12, 18, 7, 2, 0.06%, 5, 0, 4, 279.55
1735009666, 8, 12, 19, 8, 2, 0.06%, 6, 0, 4, 277.48
1735009686, 8, 12, 20, 9, 2, 0.06%, 6, 0, 4, 271.54
1735009692, 8, 12, 21, 10, 2, 0.06%, 6, 0, 4, 247.39
1735009707, 8, 18, 21, 9, 4, 0.06%, 6, 0, 4, 349.48
1735009717, 8, 18, 22, 10, 4, 0.06%, 6, 0, 5, 469.85
1735009722, 8, 18, 23, 11, 4, 0.06%, 7, 0, 5, 473.80
1735009737, 8, 18, 25, 13, 4, 0.06%, 7, 0, 5, 476.28
1735009758, 8, 18, 27, 15, 4, 0.06%, 7, 0, 5, 407.56
1735009778, 8, 22, 28, 15, 4, 0.06%, 8, 0, 6, 352.77
1735009783, 8, 22, 30, 17, 4, 0.06%, 8, 0, 6, 465.14
1735009788, 8, 22, 31, 18, 4, 0.06%, 8, 0, 6, 496.55
1735009804, 8, 22, 32, 19, 4, 0.06%, 8, 0, 6, 501.44
1735009809, 8, 22, 33, 20, 4, 0.06%, 8, 0, 6, 503.51
1735009829, 8, 22, 34, 21, 4, 0.06%, 8, 0, 6, 401.10
1735009834, 8, 22, 37, 24, 4, 0.06%, 8, 0, 6, 302.30
1735009849, 8, 27, 37, 23, 4, 0.06%, 8, 0, 6, 376.22
1735009854, 8, 27, 38, 24, 4, 0.06%, 8, 0, 7, 469.20
1735009864, 8, 27, 39, 25, 4, 0.06%, 8, 0, 7, 494.81
1735009900, 8, 27, 41, 27, 4, 0.06%, 8, 0, 7, 373.02
1735009920, 8, 38, 44, 29, 3, 0.06%, 8, 0, 8, 405.75
1735009930, 8, 38, 45, 30, 3, 0.06%, 8, 0, 8, 422.56
1735009935, 8, 38, 46, 31, 3, 0.06%, 8, 0, 8, 447.19
1735009946, 8, 38, 47, 32, 3, 0.06%, 8, 0, 8, 447.97
1735009951, 8, 38, 48, 33, 3, 0.06%, 8, 0, 8, 439.70
1735009996, 8, 38, 49, 34, 3, 0.06%, 8, 0, 8, 302.30
1735010001, 8, 38, 50, 35, 3, 0.06%, 8, 0, 8, 341.98
1735010007, 9, 16, 50, 34, 3, 0.06%, 8, 0, 8, 285.61
1735010032, 9, 16, 51, 35, 3, 0.06%, 8, 0, 8, 249.63
1735010083, 9, 21, 51, 34, 2, 0.06%, 8, 0, 8, 308.81
1735010093, 9, 21, 52, 35, 2, 0.06%, 9, 0, 8, 418.56
1735010138, 9, 51, 52, 34, 3, 0.06%, 9, 0, 8, 307.74
1735010149, 9, 51, 53, 35, 3, 0.06%, 9, 0, 8, 505.37
1735010185, 9, 51, 54, 36, 3, 0.06%, 9, 0, 8, 301.99
1735010190, 9, 52, 54, 35, 2, 0.06%, 9, 0, 8, 433.80
1735010195, 9, 52, 55, 36, 2, 0.06%, 9, 0, 8, 452.73
1735010225, 9, 52, 56, 37, 2, 0.06%, 9, 0, 8, 343.20
1735010241, 9, 54, 56, 36, 2, 0.06%, 9, 0, 8, 405.03
1735010246, 9, 54, 57, 37, 2, 0.06%, 9, 0, 9, 433.89
1735010251, 9, 54, 58, 38, 2, 0.06%, 9, 0, 9, 437.40
1735010261, 9, 54, 59, 39, 2, 0.06%, 9, 0, 9, 442.14
1735010316, 10, 22, 59, 38, 2, 0.06%, 9, 0, 9, 366.45
1735010332, 10, 28, 59, 38, 2, 0.06%, 9, 0, 9, 338.58
1735010367, 10, 28, 60, 39, 2, 0.06%, 9, 0, 9, 459.97
1735010408, 10, 34, 60, 38, 2, 0.06%, 9, 0, 9, 267.88
1735010444, 10, 51, 60, 37, 2, 0.06%, 9, 0, 9, 339.30
1735010454, 10, 51, 61, 38, 2, 0.06%, 9, 0, 9, 305.86
1735010464, 10, 52, 61, 38, 2, 0.06%, 9, 0, 9, 333.57
1735010484, 10, 54, 61, 38, 2, 0.06%, 9, 0, 9, 373.94
1735010515, 10, 55, 61, 38, 2, 0.06%, 9, 0, 9, 505.27
1735010566, 10, 56, 61, 37, 2, 0.06%, 9, 0, 9, 376.59
1735010617, 10, 57, 61, 36, 2, 0.06%, 9, 0, 9, 361.77
1735010652, 10, 57, 62, 37, 2, 0.06%, 9, 0, 10, 453.56
1735010718, 10, 58, 62, 36, 2, 0.06%, 9, 0, 10, 420.58
1735010769, 10, 60, 62, 35, 2, 0.06%, 9, 0, 10, 325.32
1735010805, 10, 61, 63, 35, 2, 0.06%, 9, 0, 11, 379.29
1735010861, 10, 61, 64, 36, 2, 0.06%, 9, 0, 11, 485.49
1735010891, 10, 61, 65, 37, 2, 0.06%, 9, 0, 11, 488.27
1735010927, 11, 13, 65, 36, 2, 0.06%, 9, 0, 11, 290.17
1735010967, 11, 16, 65, 35, 1, 0.06%, 9, 0, 11, 277.28
1735010992, 11, 19, 65, 35, 1, 0.06%, 9, 0, 11, 400.28
1735011033, 11, 21, 65, 34, 1, 0.06%, 9, 0, 11, 372.80
1735011053, 11, 23, 65, 34, 1, 0.06%, 9, 0, 11, 304.49
1735011064, 11, 23, 66, 35, 1, 0.06%, 9, 0, 11, 417.03
1735011109, 11, 25, 66, 34, 0, 0.06%, 9, 0, 11, 242.67
1735011145, 11, 25, 67, 35, 0, 0.06%, 9, 0, 11, 293.53
1735011150, 11, 27, 67, 34, 0, 0.06%, 9, 0, 11, 307.38
1735011171, 11, 28, 67, 34, 0, 0.06%, 9, 0, 11, 416.73
1735011186, 11, 29, 67, 34, 0, 0.06%, 9, 0, 11, 364.70
1735011247, 11, 30, 67, 33, 0, 0.06%, 9, 0, 11, 332.04
1735011282, 11, 31, 67, 32, 0, 0.06%, 9, 0, 11, 292.01
1735011675, 11, 31, 68, 33, 0, 0.06%, 9, 0, 11, 492.18
1735011710, 11, 34, 68, 32, 0, 0.06%, 9, 0, 11, 389.74
1735011725, 11, 35, 69, 33, 0, 0.06%, 9, 0, 11, 306.20
1735011771, 11, 36, 69, 32, 0, 0.06%, 9, 0, 11, 358.84
1735011806, 11, 37, 69, 31, 0, 0.06%, 9, 0, 11, 470.36
1735011832, 11, 38, 69, 30, 0, 0.06%, 9, 0, 11, 409.94
1735011858, 11, 41, 69, 30, 0, 0.06%, 9, 0, 11, 447.92
1735011908, 11, 42, 69, 29, 0, 0.06%, 9, 0, 11, 478.61
1735011949, 11, 51, 69, 28, 0, 0.06%, 9, 0, 11, 376.52
1735011954, 11, 52, 69, 28, 0, 0.06%, 9, 0, 11, 353.82
1735011964, 11, 54, 69, 28, 0, 0.06%, 9, 0, 11, 429.01
1735011974, 11, 55, 69, 28, 0, 0.06%, 9, 0, 11, 368.28
1735012000, 11, 56, 69, 28, 0, 0.06%, 9, 0, 11, 462.60
1735012020, 11, 57, 69, 28, 0, 0.06%, 9, 0, 11, 315.54
1735012046, 11, 58, 69, 28, 0, 0.06%, 9, 0, 11, 439.52
1735012071, 11, 60, 69, 28, 0, 0.06%, 9, 0, 11, 450.67
1735012087, 11, 61, 69, 28, 0, 0.06%, 9, 0, 11, 420.49
1735012112, 11, 62, 69, 28, 0, 0.06%, 9, 0, 11, 411.39
1735012199, 11, 63, 69, 27, 0, 0.06%, 9, 0, 11, 399.59
1735012290, 11, 64, 69, 26, 0, 0.06%, 9, 0, 11, 321.44
1735012525, 11, 65, 69, 25, 0, 0.06%, 9, 0, 11, 365.35
1735012601, 11, 65, 70, 26, 0, 0.06%, 9, 0, 11, 414.19
1735012606, 11, 65, 71, 27, 0, 0.06%, 9, 0, 11, 413.57
1735012677, 11, 66, 71, 26, 0, 0.06%, 9, 0, 11, 464.52
1735012688, 11, 66, 72, 27, 0, 0.06%, 9, 0, 11, 482.09
1735012779, 11, 67, 72, 26, 0, 0.06%, 9, 0, 11, 325.46
1735012805, 11, 67, 73, 27, 0, 0.06%, 9, 0, 11, 404.38
1735013176, 12, 37, 73, 26, 0, 0.06%, 9, 0, 11, 354.24
1735013196, 12, 38, 73, 26, 0, 0.06%, 9, 0, 11, 342.88
1735013201, 12, 41, 73, 26, 0, 0.06%, 9, 0, 11, 466.88
1735013221, 12, 42, 73, 26, 0, 0.06%, 9, 0, 11, 356.47
1735013247, 12, 43, 73, 26, 0, 0.06%, 9, 0, 11, 321.16
1735013292, 12, 51, 73, 25, 0, 0.06%, 9, 0, 11, 357.30
1735013297, 12, 52, 73, 25, 0, 0.06%, 9, 0, 11, 344.67
1735013303, 12, 54, 73, 25, 0, 0.06%, 9, 0, 11, 368.93
1735013308, 12, 55, 73, 25, 0, 0.06%, 9, 0, 11, 444.95
1735013318, 12, 56, 73, 25, 0, 0.06%, 9, 0, 11, 390.23
1735013333, 12, 57, 73, 25, 0, 0.06%, 9, 0, 11, 415.69
1735013343, 12, 58, 73, 25, 0, 0.06%, 9, 0, 11, 407.95
1735013353, 12, 60, 73, 25, 0, 0.06%, 9, 0, 11, 359.96
1735013358, 12, 60, 74, 26, 0, 0.06%, 9, 0, 11, 371.07
1735013363, 12, 61, 74, 26, 0, 0.06%, 9, 0, 11, 378.46
1735013378, 12, 62, 74, 26, 0, 0.06%, 9, 0, 11, 423.65
1735013399, 12, 63, 74, 26, 0, 0.06%, 9, 0, 11, 370.36
1735013424, 12, 64, 74, 26, 0, 0.06%, 9, 0, 11, 335.78
1735013449, 12, 73, 74, 26, 0, 0.06%, 9, 0, 11, 344.51
1735013566, 13, 11, 74, 25, 0, 0.06%, 9, 0, 11, 326.72
1735013582, 13, 11, 75, 26, 0, 0.06%, 9, 0, 11, 306.66
1735013587, 13, 13, 75, 25, 0, 0.06%, 9, 0, 11, 314.52
1735013607, 13, 16, 75, 25, 0, 0.06%, 9, 0, 11, 293.54
1735013612, 13, 19, 75, 25, 0, 0.06%, 9, 0, 11, 394.58
1735013627, 13, 21, 75, 25, 0, 0.06%, 9, 0, 11, 348.58
1735013632, 13, 22, 75, 25, 0, 0.06%, 9, 0, 11, 362.91
1735013638, 13, 23, 75, 25, 0, 0.06%, 9, 0, 11, 413.46
1735013653, 13, 25, 75, 25, 0, 0.06%, 9, 0, 11, 354.69
1735013668, 13, 26, 75, 25, 0, 0.06%, 9, 0, 11, 333.16
1735013714, 13, 27, 75, 24, 0, 0.06%, 9, 0, 11, 345.67
1735013719, 13, 28, 75, 24, 0, 0.06%, 9, 0, 11, 358.24
1735013724, 13, 29, 75, 24, 0, 0.06%, 9, 0, 11, 349.30
1735013745, 13, 30, 75, 24, 0, 0.06%, 9, 0, 11, 400.32
1735013760, 13, 31, 75, 24, 0, 0.06%, 9, 0, 11, 288.52
1735013780, 13, 32, 75, 24, 0, 0.06%, 9, 0, 11, 323.58
1735013816, 13, 33, 75, 23, 0, 0.06%, 9, 0, 11, 405.82
1735013847, 13, 34, 75, 22, 0, 0.06%, 9, 0, 11, 367.27
1735013852, 13, 35, 75, 22, 0, 0.06%, 9, 0, 11, 329.91
1735013872, 13, 36, 75, 22, 0, 0.06%, 9, 0, 11, 374.44
1735013888, 13, 37, 75, 22, 0, 0.06%, 9, 0, 11, 346.96
1735013893, 13, 38, 75, 22, 0, 0.06%, 9, 0, 11, 377.61
1735013898, 13, 40, 75, 22, 0, 0.06%, 9, 0, 11, 382.61
1735013939, 13, 41, 75, 21, 0, 0.06%, 9, 0, 11, 376.60
1735013944, 13, 42, 75, 21, 0, 0.06%, 9, 0, 11, 399.16
1735013949, 13, 43, 75, 21, 0, 0.06%, 9, 0, 11, 339.39
1735013975, 13, 44, 75, 21, 0, 0.06%, 9, 0, 11, 361.38
1735014025, 13, 45, 75, 20, 0, 0.06%, 9, 0, 11, 458.39
1735014102, 13, 46, 75, 19, 0, 0.06%, 9, 0, 11, 392.64
1735014153, 13, 47, 75, 18, 0, 0.06%, 9, 0, 11, 405.43
1735014224, 13, 48, 75, 17, 0, 0.06%, 9, 0, 11, 385.76
1735014311, 13, 48, 76, 18, 0, 0.06%, 9, 0, 11, 468.67
1735014361, 13, 49, 76, 17, 0, 0.06%, 9, 0, 11, 379.56
1735014412, 13, 50, 76, 16, 0, 0.06%, 9, 0, 11, 454.67
1735014550, 13, 52, 76, 15, 0, 0.06%, 9, 0, 11, 330.13
1735014555, 13, 54, 76, 15, 0, 0.06%, 9, 0, 11, 361.89
1735014565, 13, 55, 76, 15, 0, 0.06%, 9, 0, 11, 344.23
1735014571, 13, 56, 76, 15, 0, 0.06%, 9, 0, 11, 374.22
1735014576, 13, 57, 76, 15, 0, 0.06%, 9, 0, 11, 389.50
1735014581, 13, 58, 76, 15, 0, 0.06%, 9, 0, 11, 358.82
1735014591, 13, 59, 76, 15, 0, 0.06%, 9, 0, 11, 399.53
1735014678, 13, 60, 76, 14, 0, 0.06%, 9, 0, 11, 409.58
1735014688, 13, 61, 76, 14, 0, 0.06%, 9, 0, 11, 423.59
1735014698, 13, 62, 76, 14, 0, 0.06%, 9, 0, 11, 311.35
1735014713, 13, 63, 76, 14, 0, 0.06%, 9, 0, 11, 422.61
1735014728, 13, 64, 76, 14, 0, 0.06%, 9, 0, 11, 368.61
1735014744, 13, 73, 76, 14, 0, 0.06%, 9, 0, 11, 393.67
1735014769, 14, 51, 76, 14, 0, 0.06%, 9, 0, 11, 352.14
1735014774, 14, 52, 76, 14, 0, 0.06%, 9, 0, 11, 343.15
1735014779, 14, 54, 76, 14, 0, 0.06%, 9, 0, 11, 352.25
1735014784, 14, 55, 76, 14, 0, 0.06%, 9, 0, 11, 388.23
1735014789, 14, 56, 76, 14, 0, 0.06%, 9, 0, 11, 409.34
1735014794, 14, 57, 76, 14, 0, 0.06%, 9, 0, 11, 349.34
1735014804, 14, 58, 76, 14, 0, 0.06%, 9, 0, 11, 355.77
1735014809, 14, 60, 76, 14, 0, 0.06%, 9, 0, 11, 362.92
1735014815, 14, 61, 76, 14, 0, 0.06%, 9, 0, 11, 378.14
1735014820, 14, 62, 76, 14, 0, 0.06%, 9, 0, 11, 340.57
1735014835, 14, 63, 76, 14, 0, 0.06%, 9, 0, 11, 405.96
1735014845, 14, 64, 76, 14, 0, 0.06%, 9, 0, 11, 373.11
1735014865, 14, 73, 76, 14, 0, 0.06%, 9, 0, 11, 418.47
1735014891, 15, 51, 76, 14, 0, 0.06%, 9, 0, 11, 337.42
1735014896, 15, 54, 76, 14, 0, 0.06%, 9, 0, 11, 333.64
1735014906, 15, 55, 76, 14, 0, 0.06%, 9, 0, 11, 341.00
1735014911, 15, 56, 76, 14, 0, 0.06%, 9, 0, 11, 372.33
1735014916, 15, 57, 76, 14, 0, 0.06%, 9, 0, 11, 382.98
1735014921, 15, 58, 76, 14, 0, 0.06%, 9, 0, 11, 343.94
1735014931, 15, 60, 76, 14, 0, 0.06%, 9, 0, 11, 349.45
1735014936, 15, 61, 76, 14, 0, 0.06%, 9, 0, 11, 360.13
1735014941, 15, 62, 76, 14, 0, 0.06%, 9, 0, 11, 392.66
1735014946, 15, 63, 76, 14, 0, 0.06%, 9, 0, 11, 339.62
1735014957, 15, 64, 76, 14, 0, 0.06%, 9, 0, 11, 348.26
1735014967, 15, 73, 76, 14, 0, 0.06%, 9, 0, 11, 358.65
1735014972, 16, 51, 76, 14, 0, 0.06%, 9, 0, 11, 375.26
1735014977, 16, 52, 76, 14, 0, 0.06%, 9, 0, 11, 350.25
1735014982, 16, 54, 76, 14, 0, 0.06%, 9, 0, 11, 369.25
1735014987, 16, 55, 76, 14, 0, 0.06%, 9, 0, 11, 379.82
1735014992, 16, 56, 76, 14, 0, 0.06%, 9, 0, 11, 324.59
1735015002, 16, 57, 76, 14, 0, 0.06%, 9, 0, 11, 353.82
1735015007, 16, 58, 76, 14, 0, 0.06%, 9, 0, 11, 381.87
1735015012, 16, 60, 76, 14, 0, 0.06%, 9, 0, 11, 376.03
1735015018, 16, 61, 76, 14, 0, 0.06%, 9, 0, 11, 380.43
1735015023, 16, 62, 76, 14, 0, 0.06%, 9, 0, 11, 355.91
1735015033, 16, 63, 76, 14, 0, 0.06%, 9, 0, 11, 391.49
1735015038, 16, 64, 76, 14, 0, 0.06%, 9, 0, 11, 378.87
1735015048, 16, 73, 76, 14, 0, 0.06%, 9, 0, 11, 349.03
1735015058, 17, 51, 76, 14, 0, 0.06%, 9, 0, 11, 328.02
1735015063, 17, 54, 76, 14, 0, 0.06%, 9, 0, 11, 355.68
1735015073, 17, 55, 76, 14, 0, 0.06%, 9, 0, 11, 353.61
1735015079, 17, 56, 76, 14, 0, 0.06%, 9, 0, 11, 376.12
1735015084, 17, 57, 76, 14, 0, 0.06%, 9, 0, 11, 393.74
1735015089, 17, 58, 76, 14, 0, 0.06%, 9, 0, 11, 386.07
1735015094, 17, 58, 77, 15, 0, 0.06%, 9, 0, 11, 335.56
1735015099, 17, 61, 77, 15, 0, 0.06%, 9, 0, 11, 341.95
1735015109, 17, 62, 77, 15, 0, 0.06%, 9, 0, 11, 384.90
1735015114, 17, 63, 77, 15, 0, 0.06%, 9, 0, 11, 328.99
1735015125, 17, 64, 77, 15, 0, 0.06%, 9, 0, 11, 374.54
1735015135, 17, 73, 77, 15, 0, 0.06%, 9, 0, 11, 367.41
1735015140, 17, 76, 77, 15, 0, 0.06%, 9, 0, 11, 355.10
1735015150, 17, 76, 78, 16, 0, 0.06%, 9, 0, 11, 509.11
1735015237, 17, 77, 78, 15, 0, 0.06%, 9, 0, 11, 396.34
1735015329, 18, 11, 78, 14, 0, 0.06%, 9, 0, 11, 322.91
1735015339, 18, 13, 78, 14, 0, 0.06%, 9, 0, 11, 304.87
1735015344, 18, 16, 78, 14, 0, 0.06%, 9, 0, 11, 292.75
1735015349, 18, 19, 78, 14, 0, 0.06%, 9, 0, 11, 333.14
1735015354, 18, 22, 78, 14, 0, 0.06%, 9, 0, 11, 344.95
1735015359, 18, 23, 78, 14, 0, 0.06%, 9, 0, 11, 339.20
1735015364, 18, 25, 78, 14, 0, 0.06%, 9, 0, 11, 345.31
1735015369, 18, 26, 78, 14, 0, 0.06%, 9, 0, 11, 298.43
1735015390, 18, 27, 78, 14, 0, 0.06%, 9, 0, 11, 345.50
1735015395, 18, 28, 78, 14, 0, 0.06%, 9, 0, 11, 341.59
1735015400, 18, 29, 78, 14, 0, 0.06%, 9, 0, 11, 357.08
1735015405, 18, 31, 78, 14, 0, 0.06%, 9, 0, 11, 372.08
1735015420, 18, 32, 78, 14, 0, 0.06%, 9, 0, 11, 446.33
1735015435, 18, 33, 78, 14, 0, 0.06%, 9, 0, 11, 462.56
1735015451, 18, 34, 78, 14, 0, 0.06%, 9, 0, 11, 344.15
1735015456, 18, 35, 78, 14, 0, 0.06%, 9, 0, 11, 304.46
1735015461, 18, 36, 78, 14, 0, 0.06%, 9, 0, 11, 315.62
1735015466, 18, 38, 78, 14, 0, 0.06%, 9, 0, 11, 344.89
1735015471, 18, 40, 78, 14, 0, 0.06%, 9, 0, 11, 327.98
1735015491, 18, 41, 78, 14, 0, 0.06%, 9, 0, 11, 377.10
1735015496, 18, 42, 78, 14, 0, 0.06%, 9, 0, 11, 410.34
1735015501, 18, 43, 78, 14, 0, 0.06%, 9, 0, 11, 329.54
1735015511, 18, 44, 78, 14, 0, 0.06%, 9, 0, 11, 438.74
1735015532, 18, 45, 78, 14, 0, 0.06%, 9, 0, 11, 335.30
1735015557, 18, 46, 78, 14, 0, 0.06%, 9, 0, 11, 435.68
1735015582, 18, 47, 78, 14, 0, 0.06%, 9, 0, 11, 432.05
1735015608, 18, 48, 78, 14, 0, 0.06%, 9, 0, 11, 422.04
1735015633, 18, 49, 78, 14, 0, 0.06%, 9, 0, 11, 443.69
1735015659, 18, 50, 78, 14, 0, 0.06%, 9, 0, 11, 388.50
1735015674, 18, 51, 78, 14, 0, 0.06%, 9, 0, 11, 361.02
1735015679, 18, 52, 78, 14, 0, 0.06%, 9, 0, 11, 351.35
1735015684, 18, 53, 78, 14, 0, 0.06%, 9, 0, 11, 377.52
1735015843, 18, 54, 78, 13, 0, 0.06%, 9, 0, 11, 336.48
1735015848, 18, 55, 78, 13, 0, 0.06%, 9, 0, 11, 376.38
1735015853, 18, 56, 78, 13, 0, 0.06%, 9, 0, 11, 396.57
1735015858, 18, 57, 78, 13, 0, 0.06%, 9, 0, 11, 318.03
1735015868, 18, 58, 78, 13, 0, 0.06%, 9, 0, 11, 360.27
1735015873, 18, 59, 78, 13, 0, 0.06%, 9, 0, 11, 391.77
1735015893, 18, 61, 78, 13, 0, 0.06%, 9, 0, 11, 327.34
1735015903, 18, 62, 78, 13, 0, 0.06%, 9, 0, 11, 395.58
1735015908, 18, 63, 78, 13, 0, 0.06%, 9, 0, 11, 367.57
1735015918, 18, 64, 78, 13, 0, 0.06%, 9, 0, 11, 392.86
1735015924, 18, 65, 78, 13, 0, 0.06%, 9, 0, 11, 394.40
1735015944, 18, 66, 78, 13, 0, 0.06%, 9, 0, 11, 310.60
1735016091, 18, 67, 78, 13, 0, 0.06%, 9, 0, 11, 356.45
1735016117, 18, 68, 78, 13, 0, 0.06%, 9, 0, 11, 393.95
1735016219, 18, 69, 78, 12, 0, 0.06%, 9, 0, 11, 369.18
1735016321, 18, 70, 78, 11, 0, 0.06%, 9, 0, 11, 365.99
1735016417, 18, 71, 78, 10, 0, 0.06%, 9, 0, 11, 425.02
1735016524, 18, 72, 78, 9, 0, 0.06%, 9, 0, 11, 337.85
1735016946, 18, 73, 78, 8, 0, 0.06%, 9, 0, 11, 364.80
1735016951, 18, 75, 78, 8, 0, 0.06%, 9, 0, 11, 383.23
1735017078, 18, 76, 78, 7, 0, 0.06%, 9, 0, 11, 429.85
1735017103, 18, 77, 78, 7, 0, 0.06%, 9, 0, 11, 405.22
1735017129, 19, 27, 78, 7, 0, 0.06%, 9, 0, 11, 382.88
1735017134, 19, 28, 78, 7, 0, 0.06%, 9, 0, 11, 352.79
1735017139, 19, 29, 78, 7, 0, 0.06%, 9, 0, 11, 336.03
1735017144, 19, 30, 78, 7, 0, 0.06%, 9, 0, 11, 369.80
1735017150, 19, 31, 78, 7, 0, 0.06%, 9, 0, 11, 376.82
1735017160, 19, 32, 78, 7, 0, 0.06%, 9, 0, 11, 363.44
1735017165, 19, 33, 78, 7, 0, 0.06%, 9, 0, 11, 370.35
1735017170, 19, 37, 78, 7, 0, 0.06%, 9, 0, 11, 363.94
1735017175, 19, 38, 78, 7, 0, 0.06%, 9, 0, 11, 353.20
1735017180, 19, 40, 78, 7, 0, 0.06%, 9, 0, 11, 321.66
1735017185, 19, 41, 78, 7, 0, 0.06%, 9, 0, 11, 362.44
1735017190, 19, 42, 78, 7, 0, 0.06%, 9, 0, 11, 390.00
1735017195, 19, 43, 78, 7, 0, 0.06%, 9, 0, 11, 362.79
1735017205, 19, 44, 78, 7, 0, 0.06%, 9, 0, 11, 340.22
1735017210, 19, 45, 78, 7, 0, 0.06%, 9, 0, 11, 359.14
1735017216, 19, 46, 78, 7, 0, 0.06%, 9, 0, 11, 376.90
1735017221, 19, 47, 78, 7, 0, 0.06%, 9, 0, 11, 345.62
1735017231, 19, 49, 78, 7, 0, 0.06%, 9, 0, 11, 364.01
1735017236, 19, 51, 78, 7, 0, 0.06%, 9, 0, 11, 346.08
1735017241, 19, 52, 78, 7, 0, 0.06%, 9, 0, 11, 325.29
1735017246, 19, 54, 78, 7, 0, 0.06%, 9, 0, 11, 352.84
1735017251, 19, 55, 78, 7, 0, 0.06%, 9, 0, 11, 349.65
1735017256, 19, 56, 78, 7, 0, 0.06%, 9, 0, 11, 390.25
1735017261, 19, 57, 78, 7, 0, 0.06%, 9, 0, 11, 370.54
1735017271, 19, 58, 78, 7, 0, 0.06%, 9, 0, 11, 362.37
1735017276, 19, 59, 78, 7, 0, 0.06%, 9, 0, 11, 394.38
1735017287, 19, 61, 78, 7, 0, 0.06%, 9, 0, 11, 352.49
1735017297, 19, 62, 78, 7, 0, 0.06%, 9, 0, 11, 381.12
1735017302, 19, 63, 78, 7, 0, 0.06%, 9, 0, 11, 307.26
1735017312, 19, 64, 78, 7, 0, 0.06%, 9, 0, 11, 281.26
1735017322, 19, 67, 78, 7, 0, 0.06%, 9, 0, 11, 344.23
1735017337, 19, 72, 78, 7, 0, 0.06%, 9, 0, 11, 389.08
1735017368, 19, 73, 78, 7, 0, 0.06%, 9, 0, 11, 407.25
1735017378, 19, 76, 78, 7, 0, 0.06%, 9, 0, 11, 458.00
1735017403, 19, 77, 78, 7, 0, 0.06%, 9, 0, 11, 425.23
1735017429, 20, 28, 78, 7, 0, 0.06%, 9, 0, 11, 320.29
1735017434, 20, 29, 78, 7, 0, 0.06%, 9, 0, 11, 310.15
1735017444, 20, 31, 78, 7, 0, 0.06%, 9, 0, 11, 378.04
1735017459, 20, 32, 78, 7, 0, 0.06%, 9, 0, 11, 337.88
1735017464, 20, 33, 78, 7, 0, 0.06%, 9, 0, 11, 349.05
1735017470, 20, 47, 78, 7, 0, 0.06%, 9, 0, 11, 311.54
1735017480, 20, 49, 78, 7, 0, 0.06%, 9, 0, 11, 363.50
1735017485, 20, 51, 78, 7, 0, 0.06%, 9, 0, 11, 352.10
1735017490, 20, 52, 78, 7, 0, 0.06%, 9, 0, 11, 329.87
1735017495, 20, 54, 78, 7, 0, 0.06%, 9, 0, 11, 352.90
1735017500, 20, 55, 78, 7, 0, 0.06%, 9, 0, 11, 382.24
1735017505, 20, 56, 78, 7, 0, 0.06%, 9, 0, 11, 370.30
1735017515, 20, 57, 78, 7, 0, 0.06%, 9, 0, 11, 349.31
1735017520, 20, 58, 78, 7, 0, 0.06%, 9, 0, 11, 358.79
1735017525, 20, 59, 78, 7, 0, 0.06%, 9, 0, 11, 325.42
1735017535, 20, 60, 78, 7, 0, 0.06%, 9, 0, 11, 357.28
1735017540, 20, 61, 78, 7, 0, 0.06%, 9, 0, 11, 389.12
1735017546, 20, 62, 78, 7, 0, 0.06%, 9, 0, 11, 339.82
1735017556, 20, 63, 78, 7, 0, 0.06%, 9, 0, 11, 369.64
1735017561, 20, 64, 78, 7, 0, 0.06%, 9, 0, 11, 330.69
1735017571, 20, 67, 78, 7, 0, 0.06%, 9, 0, 11, 398.84
1735017586, 20, 72, 78, 7, 0, 0.06%, 9, 0, 11, 425.40
1735017607, 20, 73, 78, 7, 0, 0.06%, 9, 0, 11, 415.34
1735017612, 20, 76, 78, 7, 0, 0.06%, 9, 0, 11, 333.02
1735017637, 20, 77, 78, 7, 0, 0.06%, 9, 0, 11, 317.79
1735017662, 21, 22, 78, 7, 0, 0.06%, 9, 0, 11, 369.12
1735017668, 21, 28, 78, 7, 0, 0.06%, 9, 0, 11, 350.25
1735017673, 21, 29, 78, 7, 0, 0.06%, 9, 0, 11, 336.00
1735017678, 21, 30, 78, 7, 0, 0.06%, 9, 0, 11, 345.76
1735017683, 21, 31, 78, 7, 0, 0.06%, 9, 0, 11, 348.68
1735017693, 21, 32, 78, 7, 0, 0.06%, 9, 0, 11, 341.22
1735017698, 21, 33, 78, 7, 0, 0.06%, 9, 0, 11, 396.37
1735017703, 21, 40, 78, 7, 0, 0.06%, 9, 0, 11, 331.79
1735017708, 21, 47, 78, 7, 0, 0.06%, 9, 0, 11, 391.84
1735017713, 21, 49, 78, 7, 0, 0.06%, 9, 0, 11, 363.70
1735017723, 21, 52, 78, 7, 0, 0.06%, 9, 0, 11, 342.23
1735017728, 21, 54, 78, 7, 0, 0.06%, 9, 0, 11, 368.06
1735017739, 21, 55, 78, 7, 0, 0.06%, 9, 0, 11, 362.75
1735017744, 21, 56, 78, 7, 0, 0.06%, 9, 0, 11, 355.04
1735017749, 21, 57, 78, 7, 0, 0.06%, 9, 0, 11, 384.63
1735017754, 21, 58, 78, 7, 0, 0.06%, 9, 0, 11, 312.61
1735017764, 21, 59, 78, 7, 0, 0.06%, 9, 0, 11, 338.44
1735017769, 21, 60, 78, 7, 0, 0.06%, 9, 0, 11, 317.25
1735017774, 21, 61, 78, 7, 0, 0.06%, 9, 0, 11, 345.50
1735017779, 21, 62, 78, 7, 0, 0.06%, 9, 0, 11, 343.77
1735017789, 21, 63, 78, 7, 0, 0.06%, 9, 0, 11, 347.13
1735017794, 21, 64, 78, 7, 0, 0.06%, 9, 0, 11, 342.87
1735017805, 21, 67, 78, 7, 0, 0.06%, 9, 0, 11, 436.50
1735017820, 21, 72, 78, 7, 0, 0.06%, 9, 0, 11, 361.29
1735017840, 21, 73, 78, 7, 0, 0.06%, 9, 0, 11, 321.85
1735017850, 21, 76, 78, 7, 0, 0.06%, 9, 0, 11, 390.43
1735017860, 21, 77, 78, 7, 0, 0.06%, 9, 0, 11, 324.16
1735017876, 22, 22, 78, 7, 0, 0.06%, 9, 0, 11, 339.34
1735017881, 22, 28, 78, 7, 0, 0.06%, 9, 0, 11, 356.33
1735017886, 22, 29, 78, 7, 0, 0.06%, 9, 0, 11, 344.11
1735017891, 22, 30, 78, 7, 0, 0.06%, 9, 0, 11, 338.31
1735017896, 22, 31, 78, 7, 0, 0.06%, 9, 0, 11, 299.55
1735017906, 22, 32, 78, 7, 0, 0.06%, 9, 0, 11, 375.92
1735017911, 22, 33, 78, 7, 0, 0.06%, 9, 0, 11, 370.59
1735017916, 22, 40, 78, 7, 0, 0.06%, 9, 0, 11, 318.93
1735017921, 22, 47, 78, 7, 0, 0.06%, 9, 0, 11, 372.61
1735017926, 22, 49, 78, 7, 0, 0.06%, 9, 0, 11, 393.46
1735017931, 22, 51, 78, 7, 0, 0.06%, 9, 0, 11, 353.06
1735017936, 22, 52, 78, 7, 0, 0.06%, 9, 0, 11, 369.52
1735017941, 22, 54, 78, 7, 0, 0.06%, 9, 0, 11, 375.87
1735017946, 22, 55, 78, 7, 0, 0.06%, 9, 0, 11, 333.23
1735017957, 22, 56, 78, 7, 0, 0.06%, 9, 0, 11, 356.59
1735017962, 22, 57, 78, 7, 0, 0.06%, 9, 0, 11, 366.62
1735017967, 22, 58, 78, 7, 0, 0.06%, 9, 0, 11, 364.99
1735017977, 22, 59, 78, 7, 0, 0.06%, 9, 0, 11, 326.72
1735017982, 22, 61, 78, 7, 0, 0.06%, 9, 0, 11, 347.57
1735017992, 22, 62, 78, 7, 0, 0.06%, 9, 0, 11, 405.26
1735017997, 22, 63, 78, 7, 0, 0.06%, 9, 0, 11, 364.70
1735018007, 22, 64, 78, 7, 0, 0.06%, 9, 0, 11, 381.20
1735018017, 22, 67, 78, 7, 0, 0.06%, 9, 0, 11, 291.53
1735018027, 22, 72, 78, 7, 0, 0.06%, 9, 0, 11, 397.09
1735018047, 22, 73, 78, 7, 0, 0.06%, 9, 0, 11, 371.63
1735018058, 22, 76, 78, 7, 0, 0.06%, 9, 0, 11, 354.16
1735018063, 22, 77, 78, 7, 0, 0.06%, 9, 0, 11, 392.61
1735018073, 23, 28, 78, 7, 0, 0.06%, 9, 0, 11, 326.85
1735018078, 23, 29, 78, 7, 0, 0.06%, 9, 0, 11, 331.73
1735018083, 23, 30, 78, 7, 0, 0.06%, 9, 0, 11, 368.03
1735018088, 23, 31, 78, 7, 0, 0.06%, 9, 0, 11, 403.84
1735018103, 23, 33, 78, 7, 0, 0.06%, 9, 0, 11, 368.60
1735018108, 23, 40, 78, 7, 0, 0.06%, 9, 0, 11, 322.32
1735018113, 23, 47, 78, 7, 0, 0.06%, 9, 0, 11, 302.76
1735018123, 23, 49, 78, 7, 0, 0.06%, 9, 0, 11, 350.89
1735018129, 23, 51, 78, 7, 0, 0.06%, 9, 0, 11, 331.45
1735018134, 23, 52, 78, 7, 0, 0.06%, 9, 0, 11, 333.41
1735018139, 23, 54, 78, 7, 0, 0.06%, 9, 0, 11, 329.96
1735018144, 23, 55, 78, 7, 0, 0.06%, 9, 0, 11, 343.85
1735018149, 23, 56, 78, 7, 0, 0.06%, 9, 0, 11, 396.65
1735018154, 23, 57, 78, 7, 0, 0.06%, 9, 0, 11, 338.63
1735018164, 23, 58, 78, 7, 0, 0.06%, 9, 0, 11, 353.30
1735018169, 23, 60, 78, 7, 0, 0.06%, 9, 0, 11, 360.02
1735018174, 23, 61, 78, 7, 0, 0.06%, 9, 0, 11, 387.58
1735018179, 23, 62, 78, 7, 0, 0.06%, 9, 0, 11, 308.82
1735018190, 23, 63, 78, 7, 0, 0.06%, 9, 0, 11, 376.01
1735018195, 23, 64, 78, 7, 0, 0.06%, 9, 0, 11, 371.05
1735018205, 23, 73, 78, 7, 0, 0.06%, 9, 0, 11, 318.68
1735018215, 23, 76, 78, 7, 0, 0.06%, 9, 0, 11, 376.96
1735018220, 23, 77, 78, 7, 0, 0.06%, 9, 0, 11, 343.07
1735018230, 24, 51, 78, 7, 0, 0.06%, 9, 0, 11, 317.68
1735018235, 24, 54, 78, 7, 0, 0.06%, 9, 0, 11, 316.30
1735018245, 24, 55, 78, 7, 0, 0.06%, 9, 0, 11, 371.92
1735018250, 24, 56, 78, 7, 0, 0.06%, 9, 0, 11, 372.74
1735018255, 24, 57, 78, 7, 0, 0.06%, 9, 0, 11, 362.13
1735018266, 24, 58, 78, 7, 0, 0.06%, 9, 0, 11, 337.13
1735018271, 24, 60, 78, 7, 0, 0.06%, 9, 0, 11, 342.40
1735018276, 24, 61, 78, 7, 0, 0.06%, 9, 0, 11, 368.59
1735018281, 24, 62, 78, 7, 0, 0.06%, 9, 0, 11, 363.10
1735018291, 24, 63, 78, 7, 0, 0.06%, 9, 0, 11, 355.91
1735018296, 24, 64, 78, 7, 0, 0.06%, 9, 0, 11, 329.19
1735018306, 24, 73, 78, 7, 0, 0.06%, 9, 0, 11, 367.51
1735018316, 24, 76, 78, 7, 0, 0.06%, 9, 0, 11, 349.27
1735018321, 24, 77, 78, 7, 0, 0.06%, 9, 0, 11, 358.42
1735018331, 25, 52, 78, 7, 0, 0.06%, 9, 0, 11, 343.27
1735018336, 25, 54, 78, 7, 0, 0.06%, 9, 0, 11, 361.62
1735018342, 25, 55, 78, 7, 0, 0.06%, 9, 0, 11, 352.69
1735018352, 25, 56, 78, 7, 0, 0.06%, 9, 0, 11, 353.37
1735018357, 25, 57, 78, 7, 0, 0.06%, 9, 0, 11, 381.79
1735018362, 25, 58, 78, 7, 0, 0.06%, 9, 0, 11, 387.18
1735018372, 25, 61, 78, 7, 0, 0.06%, 9, 0, 11, 347.14
1735018382, 25, 62, 78, 7, 0, 0.06%, 9, 0, 11, 388.86
1735018387, 25, 63, 78, 7, 0, 0.06%, 9, 0, 11, 339.92
1735018397, 25, 64, 78, 7, 0, 0.06%, 9, 0, 11, 334.23
1735018407, 25, 73, 78, 7, 0, 0.06%, 9, 0, 11, 364.65
1735018412, 25, 76, 78, 7, 0, 0.06%, 9, 0, 11, 310.45
1735018423, 25, 77, 78, 7, 0, 0.06%, 9, 0, 11, 357.81
1735018428, 26, 51, 78, 7, 0, 0.06%, 9, 0, 11, 361.23
1735018433, 26, 52, 78, 7, 0, 0.06%, 9, 0, 11, 358.42
1735018438, 26, 54, 78, 7, 0, 0.06%, 9, 0, 11, 363.21
1735018443, 26, 55, 78, 7, 0, 0.06%, 9, 0, 11, 381.05
1735018448, 26, 56, 78, 7, 0, 0.06%, 9, 0, 11, 406.99
1735018453, 26, 57, 78, 7, 0, 0.06%, 9, 0, 11, 330.49
1735018463, 26, 58, 78, 7, 0, 0.06%, 9, 0, 11, 360.74
1735018468, 26, 60, 78, 7, 0, 0.06%, 9, 0, 11, 359.53
1735018474, 26, 61, 78, 7, 0, 0.06%, 9, 0, 11, 398.51
1735018479, 26, 62, 78, 7, 0, 0.06%, 9, 0, 11, 331.19
1735018489, 26, 63, 78, 7, 0, 0.06%, 9, 0, 11, 379.71
1735018494, 26, 64, 78, 7, 0, 0.06%, 9, 0, 11, 338.87
1735018504, 26, 73, 78, 7, 0, 0.06%, 9, 0, 11, 363.96
1735018514, 26, 76, 78, 7, 0, 0.06%, 9, 0, 11, 394.86
1735018519, 26, 77, 78, 7, 0, 0.06%, 9, 0, 11, 357.84
1735018529, 27, 51, 78, 7, 0, 0.06%, 9, 0, 11, 328.97
1735018535, 27, 54, 78, 7, 0, 0.06%, 9, 0, 11, 359.92
1735018545, 27, 55, 78, 7, 0, 0.06%, 9, 0, 11, 339.05
1735018550, 27, 56, 78, 7, 0, 0.06%, 9, 0, 11, 336.47
1735018555, 27, 57, 78, 7, 0, 0.06%, 9, 0, 11, 398.41
1735018560, 27, 58, 78, 7, 0, 0.06%, 9, 0, 11, 404.39
1735018570, 27, 61, 78, 7, 0, 0.06%, 9, 0, 11, 330.19
1735018580, 27, 62, 78, 7, 0, 0.06%, 9, 0, 11, 372.22
1735018585, 27, 63, 78, 7, 0, 0.06%, 9, 0, 11, 309.60
1735018596, 27, 64, 78, 7, 0, 0.06%, 9, 0, 11, 317.89
1735018606, 27, 73, 78, 7, 0, 0.06%, 9, 0, 11, 397.16
1735018611, 27, 76, 78, 7, 0, 0.06%, 9, 0, 11, 341.76
1735018621, 27, 77, 78, 7, 0, 0.06%, 9, 0, 11, 357.32
1735018626, 28, 51, 78, 7, 0, 0.06%, 9, 0, 11, 361.32
1735018631, 28, 52, 78, 7, 0, 0.06%, 9, 0, 11, 352.78
1735018636, 28, 54, 78, 7, 0, 0.06%, 9, 0, 11, 359.66
1735018641, 28, 55, 78, 7, 0, 0.06%, 9, 0, 11, 369.56
1735018646, 28, 56, 78, 7, 0, 0.06%, 9, 0, 11, 385.14
1735018656, 28, 57, 78, 7, 0, 0.06%, 9, 0, 11, 349.20
1735018661, 28, 58, 78, 7, 0, 0.06%, 9, 0, 11, 370.41
1735018667, 28, 60, 78, 7, 0, 0.06%, 9, 0, 11, 377.32
1735018672, 28, 61, 78, 7, 0, 0.06%, 9, 0, 11, 393.03
1735018677, 28, 62, 78, 7, 0, 0.06%, 9, 0, 11, 357.57
1735018687, 28, 63, 78, 7, 0, 0.06%, 9, 0, 11, 372.66
1735018692, 28, 64, 78, 7, 0, 0.06%, 9, 0, 11, 366.79
1735018702, 28, 73, 78, 7, 0, 0.06%, 9, 0, 11, 405.37
1735018712, 28, 76, 78, 7, 0, 0.06%, 9, 0, 11, 357.23
1735018717, 28, 77, 78, 7, 0, 0.06%, 9, 0, 11, 380.42
1735018722, 29, 51, 78, 7, 0, 0.06%, 9, 0, 11, 370.86
1735018727, 29, 52, 78, 7, 0, 0.06%, 9, 0, 11, 356.59
1735018732, 29, 54, 78, 7, 0, 0.06%, 9, 0, 11, 379.93
1735018737, 29, 55, 78, 7, 0, 0.06%, 9, 0, 11, 320.52
1735018747, 29, 56, 78, 7, 0, 0.06%, 9, 0, 11, 335.80
1735018752, 29, 57, 78, 7, 0, 0.06%, 9, 0, 11, 370.02
1735018758, 29, 58, 78, 7, 0, 0.06%, 9, 0, 11, 354.53
1735018768, 29, 60, 78, 7, 0, 0.06%, 9, 0, 11, 321.16
1735018773, 29, 61, 78, 7, 0, 0.06%, 9, 0, 11, 385.88
1735018778, 29, 62, 78, 7, 0, 0.06%, 9, 0, 11, 401.85
1735018783, 29, 63, 78, 7, 0, 0.06%, 9, 0, 11, 336.23
1735018793, 29, 64, 78, 7, 0, 0.06%, 9, 0, 11, 300.02
1735018803, 29, 73, 78, 7, 0, 0.06%, 9, 0, 11, 400.01
1735018808, 29, 76, 78, 7, 0, 0.06%, 9, 0, 11, 337.15
1735018818, 29, 77, 78, 7, 0, 0.06%, 9, 0, 11, 383.53
1735018823, 30, 51, 78, 7, 0, 0.06%, 9, 0, 11, 368.51
1735018829, 30, 52, 78, 7, 0, 0.06%, 9, 0, 11, 353.42
1735018834, 30, 54, 78, 7, 0, 0.06%, 9, 0, 11, 364.34
1735018839, 30, 55, 78, 7, 0, 0.06%, 9, 0, 11, 346.54
1735018849, 30, 56, 78, 7, 0, 0.06%, 9, 0, 11, 342.08
1735018854, 30, 57, 78, 7, 0, 0.06%, 9, 0, 11, 352.81
1735018859, 30, 58, 78, 7, 0, 0.06%, 9, 0, 11, 359.58
1735018869, 30, 61, 78, 7, 0, 0.06%, 9, 0, 11, 332.77
1735018879, 30, 62, 78, 7, 0, 0.06%, 9, 0, 11, 383.47
1735018884, 30, 63, 78, 7, 0, 0.06%, 9, 0, 11, 332.77
1735018895, 30, 64, 78, 7, 0, 0.06%, 9, 0, 11, 323.42
1735018905, 30, 73, 78, 7, 0, 0.06%, 9, 0, 11, 373.15
1735018910, 30, 76, 78, 7, 0, 0.06%, 9, 0, 11, 320.01
1735018920, 30, 77, 78, 7, 0, 0.06%, 9, 0, 11, 361.51
1735018925, 31, 51, 78, 7, 0, 0.06%, 9, 0, 11, 354.02
1735018930, 31, 52, 78, 7, 0, 0.06%, 9, 0, 11, 341.97
1735018935, 31, 54, 78, 7, 0, 0.06%, 9, 0, 11, 359.02
1735018940, 31, 55, 78, 7, 0, 0.06%, 9, 0, 11, 379.38
1735018946, 31, 56, 78, 7, 0, 0.06%, 9, 0, 11, 375.57
1735018951, 31, 57, 78, 7, 0, 0.06%, 9, 0, 11, 341.24
1735018961, 31, 58, 78, 7, 0, 0.06%, 9, 0, 11, 362.18
1735018966, 31, 60, 78, 7, 0, 0.06%, 9, 0, 11, 354.87
1735018971, 31, 61, 78, 7, 0, 0.06%, 9, 0, 11, 368.87
1735018976, 31, 62, 78, 7, 0, 0.06%, 9, 0, 11, 357.04
1735018986, 31, 63, 78, 7, 0, 0.06%, 9, 0, 11, 364.40
1735018991, 31, 64, 78, 7, 0, 0.06%, 9, 0, 11, 329.19
1735019002, 31, 73, 78, 7, 0, 0.06%, 9, 0, 11, 353.88
1735019012, 31, 76, 78, 7, 0, 0.06%, 9, 0, 11, 389.06
1735019017, 31, 77, 78, 7, 0, 0.06%, 9, 0, 11, 397.21
1735019022, 32, 11, 78, 7, 0, 0.06%, 9, 0, 11, 331.71
1735019027, 32, 13, 78, 7, 0, 0.06%, 9, 0, 11, 320.37
1735019032, 32, 16, 78, 7, 0, 0.06%, 9, 0, 11, 291.74
1735019037, 32, 19, 78, 7, 0, 0.06%, 9, 0, 11, 309.81
1735019042, 32, 21, 78, 7, 0, 0.06%, 9, 0, 11, 327.53
1735019047, 32, 23, 78, 7, 0, 0.06%, 9, 0, 11, 331.19
1735019052, 32, 25, 78, 7, 0, 0.06%, 9, 0, 11, 355.42
1735019057, 32, 26, 78, 7, 0, 0.06%, 9, 0, 11, 296.92
1735019063, 32, 27, 78, 7, 0, 0.06%, 9, 0, 11, 347.07
1735019068, 32, 28, 78, 7, 0, 0.06%, 9, 0, 11, 336.47
1735019073, 32, 29, 78, 7, 0, 0.06%, 9, 0, 11, 338.60
1735019078, 32, 30, 78, 7, 0, 0.06%, 9, 0, 11, 352.60
1735019083, 32, 31, 78, 7, 0, 0.06%, 9, 0, 11, 344.26
1735019093, 32, 32, 78, 7, 0, 0.06%, 9, 0, 11, 397.41
1735019098, 32, 33, 78, 7, 0, 0.06%, 9, 0, 11, 381.80
1735019103, 32, 34, 78, 7, 0, 0.06%, 9, 0, 11, 344.44
1735019108, 32, 35, 78, 7, 0, 0.06%, 9, 0, 11, 322.10
1735019113, 32, 36, 78, 7, 0, 0.06%, 9, 0, 11, 317.83
1735019118, 32, 37, 78, 7, 0, 0.06%, 9, 0, 11, 313.21
1735019123, 32, 38, 78, 7, 0, 0.06%, 9, 0, 11, 336.21
1735019128, 32, 40, 78, 7, 0, 0.06%, 9, 0, 11, 320.45
1735019133, 32, 41, 78, 7, 0, 0.06%, 9, 0, 11, 346.57
1735019138, 32, 42, 78, 7, 0, 0.06%, 9, 0, 11, 347.76
1735019143, 32, 43, 78, 7, 0, 0.06%, 9, 0, 11, 362.34
1735019149, 32, 44, 78, 7, 0, 0.06%, 9, 0, 11, 386.83
1735019154, 32, 45, 78, 7, 0, 0.06%, 9, 0, 11, 349.67
1735019164, 32, 46, 78, 7, 0, 0.06%, 9, 0, 11, 359.52
1735019169, 32, 47, 78, 7, 0, 0.06%, 9, 0, 11, 379.74
1735019174, 32, 48, 78, 7, 0, 0.06%, 9, 0, 11, 355.51
1735019184, 32, 49, 78, 7, 0, 0.06%, 9, 0, 11, 338.93
1735019189, 32, 50, 78, 7, 0, 0.06%, 9, 0, 11, 327.92
1735019199, 32, 51, 78, 7, 0, 0.06%, 9, 0, 11, 350.98
1735019204, 32, 52, 78, 7, 0, 0.06%, 9, 0, 11, 337.03
1735019209, 32, 53, 78, 7, 0, 0.06%, 9, 0, 11, 340.01
1735019230, 32, 54, 78, 7, 0, 0.06%, 9, 0, 11, 354.80
1735019235, 32, 55, 78, 7, 0, 0.06%, 9, 0, 11, 382.89
1735019240, 32, 56, 78, 7, 0, 0.06%, 9, 0, 11, 344.28
1735019250, 32, 57, 78, 7, 0, 0.06%, 9, 0, 11, 372.72
1735019255, 32, 58, 78, 7, 0, 0.06%, 9, 0, 11, 365.68
1735019260, 32, 59, 78, 7, 0, 0.06%, 9, 0, 11, 326.31
1735019265, 32, 60, 78, 7, 0, 0.06%, 9, 0, 11, 371.33
1735019270, 32, 61, 78, 7, 0, 0.06%, 9, 0, 11, 335.13
1735019280, 32, 62, 78, 7, 0, 0.06%, 9, 0, 11, 383.57
1735019285, 32, 63, 78, 7, 0, 0.06%, 9, 0, 11, 364.69
1735019295, 32, 64, 78, 7, 0, 0.06%, 9, 0, 11, 360.04
1735019305, 32, 65, 78, 7, 0, 0.06%, 9, 0, 11, 368.09
1735019316, 32, 66, 78, 7, 0, 0.06%, 9, 0, 11, 377.24
1735019326, 32, 67, 78, 7, 0, 0.06%, 9, 0, 11, 309.47
1735019336, 32, 68, 78, 7, 0, 0.06%, 9, 0, 11, 354.11
1735019356, 32, 69, 78, 7, 0, 0.06%, 9, 0, 11, 378.78
1735019372, 32, 70, 78, 7, 0, 0.06%, 9, 0, 11, 320.99
1735019392, 32, 71, 78, 7, 0, 0.06%, 9, 0, 11, 365.85
1735019412, 32, 72, 78, 7, 0, 0.06%, 9, 0, 11, 270.79
1735019422, 32, 73, 78, 7, 0, 0.06%, 9, 0, 11, 317.59
1735019433, 32, 75, 78, 7, 0, 0.06%, 9, 0, 11, 396.79
1735019524, 32, 76, 78, 7, 0, 0.06%, 9, 0, 11, 348.27
1735019535, 32, 77, 78, 7, 0, 0.06%, 9, 0, 11, 373.94
1735019540, 33, 13, 78, 7, 0, 0.06%, 9, 0, 11, 316.95
1735019545, 33, 16, 78, 7, 0, 0.06%, 9, 0, 11, 298.92
1735019550, 33, 19, 78, 7, 0, 0.06%, 9, 0, 11, 336.58
1735019555, 33, 21, 78, 7, 0, 0.06%, 9, 0, 11, 325.03
1735019560, 33, 22, 78, 7, 0, 0.06%, 9, 0, 11, 346.97
1735019565, 33, 23, 78, 7, 0, 0.06%, 9, 0, 11, 331.08
1735019570, 33, 25, 78, 7, 0, 0.06%, 9, 0, 11, 348.56
1735019575, 33, 26, 78, 7, 0, 0.06%, 9, 0, 11, 303.89
1735019581, 33, 28, 78, 7, 0, 0.06%, 9, 0, 11, 346.94
1735019586, 33, 29, 78, 7, 0, 0.06%, 9, 0, 11, 330.92
1735019591, 33, 30, 78, 7, 0, 0.06%, 9, 0, 11, 347.90
1735019596, 33, 31, 78, 7, 0, 0.06%, 9, 0, 11, 423.49
1735019611, 33, 32, 78, 7, 0, 0.06%, 9, 0, 11, 333.38
1735019616, 33, 34, 78, 7, 0, 0.06%, 9, 0, 11, 352.85
1735019621, 33, 35, 78, 7, 0, 0.06%, 9, 0, 11, 311.90
1735019626, 33, 36, 78, 7, 0, 0.06%, 9, 0, 11, 331.92
1735019631, 33, 37, 78, 7, 0, 0.06%, 9, 0, 11, 335.91
1735019636, 33, 38, 78, 7, 0, 0.06%, 9, 0, 11, 357.17
1735019641, 33, 40, 78, 7, 0, 0.06%, 9, 0, 11, 309.64
1735019646, 33, 41, 78, 7, 0, 0.06%, 9, 0, 11, 349.40
1735019651, 33, 42, 78, 7, 0, 0.06%, 9, 0, 11, 377.59
1735019656, 33, 43, 78, 7, 0, 0.06%, 9, 0, 11, 400.53
1735019662, 33, 44, 78, 7, 0, 0.06%, 9, 0, 11, 328.36
1735019672, 33, 45, 78, 7, 0, 0.06%, 9, 0, 11, 365.95
1735019677, 33, 46, 78, 7, 0, 0.06%, 9, 0, 11, 384.81
1735019682, 33, 47, 78, 7, 0, 0.06%, 9, 0, 11, 342.38
1735019692, 33, 48, 78, 7, 0, 0.06%, 9, 0, 11, 360.47
1735019697, 33, 49, 78, 7, 0, 0.06%, 9, 0, 11, 362.74
1735019702, 33, 50, 78, 7, 0, 0.06%, 9, 0, 11, 347.86
1735019712, 33, 52, 78, 7, 0, 0.06%, 9, 0, 11, 338.44
1735019717, 33, 53, 78, 7, 0, 0.06%, 9, 0, 11, 352.36
1735019727, 33, 54, 78, 7, 0, 0.06%, 9, 0, 11, 350.07
1735019737, 33, 55, 78, 7, 0, 0.06%, 9, 0, 11, 371.33
1735019743, 33, 56, 78, 7, 0, 0.06%, 9, 0, 11, 358.44
1735019748, 33, 57, 78, 7, 0, 0.06%, 9, 0, 11, 389.68
1735019753, 33, 58, 78, 7, 0, 0.06%, 9, 0, 11, 347.66
1735019763, 33, 59, 78, 7, 0, 0.06%, 9, 0, 11, 340.92
1735019768, 33, 60, 78, 7, 0, 0.06%, 9, 0, 11, 334.92
1735019773, 33, 61, 78, 7, 0, 0.06%, 9, 0, 11, 338.55
1735019778, 33, 62, 78, 7, 0, 0.06%, 9, 0, 11, 393.88
1735019783, 33, 63, 78, 7, 0, 0.06%, 9, 0, 11, 339.86
1735019793, 33, 64, 78, 7, 0, 0.06%, 9, 0, 11, 292.91
1735019803, 33, 65, 78, 7, 0, 0.06%, 9, 0, 11, 382.35
1735019814, 33, 66, 78, 7, 0, 0.06%, 9, 0, 11, 348.77
