# unix_time, cycles_done, cur_path, paths_total, pending_total, pending_favs, map_size, unique_crashes, unique_hangs, max_depth, execs_per_sec
1734297730, 0, 0, 10, 10, 1, 0.00%, 0, 0, 1, 171.67
1734297735, 0, 4, 10, 10, 1, 0.00%, 0, 0, 1, 198.65
1734297740, 0, 5, 10, 9, 0, 0.00%, 0, 0, 1, 205.72
1734297745, 0, 6, 10, 8, 0, 0.00%, 0, 0, 1, 204.68
1734297755, 0, 7, 10, 7, 0, 0.00%, 0, 0, 1, 207.23
1734297760, 0, 8, 10, 6, 0, 0.00%, 0, 0, 1, 196.56
1734297771, 0, 9, 10, 5, 0, 0.00%, 0, 0, 1, 208.85
1734297776, 1, 0, 10, 4, 0, 0.00%, 0, 0, 1, 195.93
1734297786, 1, 1, 10, 3, 0, 0.00%, 0, 0, 1, 193.15
1734297796, 1, 2, 10, 2, 0, 0.00%, 0, 0, 1, 200.75
1734297806, 1, 3, 10, 1, 0, 0.00%, 0, 0, 1, 208.16
1734297817, 1, 4, 10, 0, 0, 0.00%, 0, 0, 1, 207.68
1734297827, 1, 5, 10, 0, 0, 0.00%, 0, 0, 1, 203.71
1734297832, 1, 7, 10, 0, 0, 0.00%, 0, 0, 1, 209.78
1734297837, 1, 8, 10, 0, 0, 0.00%, 0, 0, 1, 207.51
1734297842, 2, 0, 10, 0, 0, 0.00%, 0, 0, 1, 208.66
1734297847, 2, 1, 10, 0, 0, 0.00%, 0, 0, 1, 206.37
1734297852, 2, 3, 10, 0, 0, 0.00%, 0, 0, 1, 206.11
1734297857, 2, 4, 10, 0, 0, 0.00%, 0, 0, 1, 203.12
1734297862, 2, 5, 10, 0, 0, 0.00%, 0, 0, 1, 208.17
1734297867, 2, 7, 10, 0, 0, 0.00%, 0, 0, 1, 206.53
1734297873, 2, 8, 10, 0, 0, 0.00%, 0, 0, 1, 207.38
1734297878, 3, 0, 10, 0, 0, 0.00%, 0, 0, 1, 204.85
1734297883, 3, 1, 10, 0, 0, 0.00%, 0, 0, 1, 208.81
1734297888, 3, 2, 10, 0, 0, 0.00%, 0, 0, 1, 208.28
1734297893, 3, 4, 10, 0, 0, 0.00%, 0, 0, 1, 208.96
1734297898, 3, 5, 10, 0, 0, 0.00%, 0, 0, 1, 206.10
1734297903, 3, 7, 10, 0, 0, 0.00%, 0, 0, 1, 208.80
1734297908, 3, 8, 10, 0, 0, 0.00%, 0, 0, 1, 209.22
1734297913, 3, 9, 10, 0, 0, 0.00%, 0, 0, 1, 207.74
1734297918, 4, 1, 10, 0, 0, 0.00%, 0, 0, 1, 199.30
1734297924, 4, 2, 10, 0, 0, 0.00%, 0, 0, 1, 207.94
1734297929, 4, 4, 10, 0, 0, 0.00%, 0, 0, 1, 208.79
1734297934, 4, 5, 10, 0, 0, 0.00%, 0, 0, 1, 208.31
1734297939, 4, 7, 10, 0, 0, 0.00%, 0, 0, 1, 205.80
1734297944, 4, 8, 10, 0, 0, 0.00%, 0, 0, 1, 205.61
1734297949, 4, 9, 10, 0, 0, 0.00%, 0, 0, 1, 206.44
1734297955, 5, 1, 10, 0, 0, 0.00%, 0, 0, 1, 205.59
1734297960, 5, 2, 10, 0, 0, 0.00%, 0, 0, 1, 204.25
1734297965, 5, 4, 10, 0, 0, 0.00%, 0, 0, 1, 206.07
1734297970, 5, 5, 10, 0, 0, 0.00%, 0, 0, 1, 208.27
1734297975, 5, 6, 10, 0, 0, 0.00%, 0, 0, 1, 205.30
1734297980, 5, 8, 10, 0, 0, 0.00%, 0, 0, 1, 206.67
1734297985, 5, 9, 10, 0, 0, 0.00%, 0, 0, 1, 206.30
1734297990, 6, 1, 10, 0, 0, 0.00%, 0, 0, 1, 208.56
1734297995, 6, 2, 10, 0, 0, 0.00%, 0, 0, 1, 208.78
1734298000, 6, 3, 11, 1, 0, 0.05%, 1, 0, 2, 210.59
1734298006, 6, 10, 11, 1, 1, 0.05%, 1, 0, 2, 245.40
1734298076, 7, 10, 11, 0, 0, 0.05%, 1, 0, 2, 235.94
1734298081, 7, 10, 12, 1, 0, 0.05%, 2, 0, 3, 265.16
1734298097, 7, 10, 13, 2, 0, 0.05%, 2, 0, 3, 231.08
1734298102, 7, 11, 15, 4, 1, 0.05%, 3, 0, 4, 247.08
1734298112, 7, 11, 17, 6, 1, 0.05%, 4, 0, 4, 273.04
1734298117, 7, 11, 18, 7, 1, 0.05%, 4, 0, 4, 272.00
1734298133, 7, 11, 19, 8, 1, 0.06%, 5, 0, 4, 272.73
1734298138, 7, 11, 20, 9, 1, 0.06%, 6, 0, 4, 277.60
1734298209, 7, 18, 20, 8, 4, 0.06%, 6, 0, 4, 215.23
1734298219, 7, 18, 21, 9, 4, 0.06%, 6, 0, 5, 246.76
1734298240, 7, 18, 22, 10, 4, 0.06%, 6, 0, 5, 236.82
1734298270, 7, 18, 23, 11, 4, 0.06%, 6, 0, 5, 238.55
1734298352, 7, 18, 24, 12, 4, 0.06%, 6, 0, 5, 229.52
1734298388, 7, 24, 26, 13, 4, 0.06%, 8, 0, 6, 222.76
1734298393, 7, 24, 27, 14, 4, 0.06%, 8, 0, 6, 358.52
1734298434, 7, 24, 28, 15, 4, 0.06%, 8, 0, 6, 411.28
1734298444, 7, 24, 29, 16, 4, 0.06%, 8, 0, 6, 417.01
1734298474, 7, 24, 30, 17, 4, 0.06%, 9, 0, 6, 246.61
1734298480, 7, 29, 32, 18, 6, 0.06%, 9, 0, 7, 338.98
1734298485, 7, 29, 33, 19, 6, 0.06%, 9, 0, 7, 403.08
1734298495, 7, 29, 34, 20, 6, 0.06%, 9, 0, 7, 412.25
1734298515, 7, 29, 35, 21, 6, 0.06%, 9, 0, 7, 399.42
1734298530, 7, 29, 36, 22, 6, 0.06%, 9, 0, 7, 412.36
1734298540, 7, 29, 37, 23, 6, 0.06%, 9, 0, 7, 312.20
1734298545, 7, 29, 39, 25, 6, 0.06%, 9, 0, 7, 260.31
1734298566, 8, 14, 42, 27, 5, 0.06%, 9, 0, 7, 284.86
1734298571, 8, 14, 43, 28, 5, 0.06%, 9, 0, 7, 269.35
1734298606, 8, 14, 44, 29, 5, 0.06%, 9, 0, 7, 271.43
1734298621, 8, 14, 45, 30, 5, 0.06%, 9, 0, 7, 272.58
1734298672, 8, 16, 45, 29, 4, 0.06%, 9, 0, 7, 292.19
1734298713, 8, 16, 47, 31, 4, 0.06%, 9, 0, 7, 300.18
1734298718, 8, 16, 48, 32, 4, 0.06%, 9, 0, 7, 280.36
1734298723, 8, 19, 48, 31, 3, 0.06%, 9, 0, 7, 272.62
1734298759, 8, 19, 49, 32, 3, 0.06%, 9, 0, 7, 273.11
1734298769, 8, 20, 49, 31, 2, 0.06%, 9, 0, 7, 300.44
1734298774, 8, 20, 50, 32, 2, 0.06%, 9, 0, 7, 269.51
1734298834, 8, 20, 55, 37, 2, 0.06%, 9, 0, 7, 275.96
1734298840, 8, 20, 56, 38, 2, 0.06%, 9, 0, 7, 266.76
1734298850, 8, 21, 56, 37, 2, 0.06%, 9, 0, 7, 333.20
1734298891, 8, 21, 58, 39, 2, 0.06%, 9, 0, 7, 304.13
1734298896, 8, 21, 59, 40, 2, 0.06%, 9, 0, 7, 310.38
1734298901, 8, 22, 59, 39, 2, 0.06%, 9, 0, 7, 421.68
1734298921, 8, 22, 60, 40, 2, 0.06%, 9, 0, 7, 320.63
1734298926, 8, 22, 61, 41, 2, 0.06%, 9, 0, 7, 298.12
1734298931, 8, 23, 61, 40, 2, 0.06%, 9, 0, 7, 299.97
1734298936, 8, 23, 62, 41, 2, 0.06%, 9, 0, 7, 368.75
1734299064, 8, 24, 62, 40, 2, 0.06%, 9, 0, 7, 333.35
1734299069, 8, 25, 62, 40, 2, 0.06%, 9, 0, 7, 295.20
1734299104, 8, 26, 62, 39, 1, 0.06%, 9, 0, 7, 284.63
1734299114, 8, 26, 63, 40, 1, 0.06%, 9, 0, 7, 388.56
1734299165, 8, 29, 63, 39, 0, 0.06%, 9, 0, 7, 322.70
1734299175, 8, 30, 63, 39, 0, 0.06%, 9, 0, 7, 350.71
1734299210, 8, 31, 63, 38, 0, 0.06%, 9, 0, 7, 375.64
1734299215, 8, 31, 64, 39, 0, 0.06%, 9, 0, 8, 439.03
1734299225, 8, 31, 65, 40, 0, 0.06%, 9, 0, 8, 464.03
1734299235, 8, 31, 66, 41, 0, 0.06%, 9, 0, 8, 465.41
1734299296, 8, 32, 66, 40, 0, 0.06%, 9, 0, 8, 318.64
1734299363, 8, 32, 67, 41, 0, 0.06%, 9, 0, 8, 506.13
1734299632, 8, 32, 68, 42, 0, 0.06%, 9, 0, 8, 298.60
1734299643, 8, 35, 68, 41, 0, 0.06%, 9, 0, 8, 393.47
1734299663, 8, 35, 69, 42, 0, 0.06%, 9, 0, 8, 463.24
1734299698, 8, 36, 69, 41, 0, 0.06%, 9, 0, 8, 384.82
1734299734, 8, 56, 69, 40, 0, 0.06%, 9, 0, 8, 325.59
1734299770, 8, 57, 69, 39, 0, 0.06%, 9, 0, 8, 330.92
1734299821, 8, 58, 69, 38, 0, 0.06%, 9, 0, 8, 300.70
1734299851, 8, 58, 70, 39, 0, 0.06%, 9, 0, 8, 337.99
1734299861, 8, 62, 70, 38, 0, 0.06%, 9, 0, 8, 414.85
1734300112, 8, 68, 70, 37, 0, 0.06%, 9, 0, 8, 395.30
1734300199, 8, 69, 70, 36, 0, 0.06%, 9, 0, 8, 388.99
1734300265, 9, 14, 70, 35, 0, 0.06%, 9, 0, 8, 314.27
1734300275, 9, 16, 70, 35, 0, 0.06%, 9, 0, 8, 288.75
1734300285, 9, 24, 70, 35, 0, 0.06%, 9, 0, 8, 299.42
1734300295, 9, 26, 70, 35, 0, 0.06%, 9, 0, 8, 334.78
1734300306, 9, 27, 70, 35, 0, 0.06%, 9, 0, 8, 392.27
1734300341, 9, 28, 70, 34, 0, 0.06%, 9, 0, 8, 407.46
1734300397, 9, 35, 70, 33, 0, 0.06%, 9, 0, 8, 345.31
1734300402, 9, 36, 70, 33, 0, 0.06%, 9, 0, 8, 356.74
1734300407, 9, 36, 71, 34, 0, 0.06%, 9, 0, 8, 349.14
1734300412, 9, 37, 71, 34, 0, 0.06%, 9, 0, 8, 305.32
1734300448, 9, 38, 71, 33, 0, 0.06%, 9, 0, 8, 307.10
1734300484, 9, 40, 71, 32, 0, 0.06%, 9, 0, 8, 339.38
1734300519, 9, 41, 71, 31, 0, 0.06%, 9, 0, 8, 305.32
1734300901, 9, 56, 71, 30, 0, 0.06%, 9, 0, 8, 415.17
1734300917, 9, 57, 71, 30, 0, 0.06%, 9, 0, 8, 416.74
1734300932, 9, 58, 71, 30, 0, 0.06%, 9, 0, 8, 368.99
1734300947, 9, 62, 71, 30, 0, 0.06%, 9, 0, 8, 350.34
1734300973, 9, 69, 71, 30, 0, 0.06%, 9, 0, 8, 326.04
1734300978, 9, 69, 72, 31, 0, 0.06%, 9, 0, 8, 340.42
1734300998, 9, 71, 73, 32, 0, 0.06%, 9, 0, 9, 351.88
1734301110, 9, 72, 73, 31, 0, 0.06%, 9, 0, 9, 385.52
1734301218, 10, 24, 73, 30, 0, 0.06%, 9, 0, 9, 288.46
1734301228, 10, 26, 73, 30, 0, 0.06%, 9, 0, 9, 311.90
1734301238, 10, 27, 73, 30, 0, 0.06%, 9, 0, 9, 349.12
1734301248, 10, 28, 73, 30, 0, 0.06%, 9, 0, 9, 403.51
1734301259, 10, 34, 73, 30, 0, 0.06%, 9, 0, 9, 491.74
1734301294, 10, 35, 73, 29, 0, 0.06%, 9, 0, 9, 348.56
1734301299, 10, 36, 73, 29, 0, 0.06%, 9, 0, 9, 392.42
1734301310, 10, 37, 73, 29, 0, 0.06%, 9, 0, 9, 333.61
1734301315, 10, 38, 73, 29, 0, 0.06%, 9, 0, 9, 318.07
1734301325, 10, 47, 73, 29, 0, 0.06%, 9, 0, 9, 367.79
1734301396, 10, 48, 73, 28, 0, 0.06%, 9, 0, 9, 366.74
1734301483, 10, 49, 73, 27, 0, 0.06%, 9, 0, 9, 403.18
1734301513, 10, 55, 73, 26, 0, 0.06%, 9, 0, 9, 289.90
1734301732, 10, 57, 73, 25, 0, 0.06%, 9, 0, 9, 331.10
1734301737, 10, 58, 73, 25, 0, 0.06%, 9, 0, 9, 327.82
1734301742, 10, 62, 73, 25, 0, 0.06%, 9, 0, 9, 377.45
1734301752, 10, 68, 73, 25, 0, 0.06%, 9, 0, 9, 354.77
1734301782, 10, 69, 73, 25, 0, 0.06%, 9, 0, 9, 307.11
1734301787, 10, 70, 73, 25, 0, 0.06%, 9, 0, 9, 294.16
1734301803, 10, 70, 74, 26, 0, 0.06%, 9, 0, 9, 463.82
1734302327, 10, 71, 74, 25, 0, 0.06%, 9, 0, 9, 310.23
1734302358, 10, 72, 74, 25, 0, 0.06%, 9, 0, 9, 340.99
1734302383, 11, 24, 74, 25, 0, 0.06%, 9, 0, 9, 346.98
1734302388, 11, 26, 74, 25, 0, 0.06%, 9, 0, 9, 353.47
1734302398, 11, 27, 74, 25, 0, 0.06%, 9, 0, 9, 345.93
1734302403, 11, 28, 74, 25, 0, 0.06%, 9, 0, 9, 313.32
1734302413, 11, 56, 74, 25, 0, 0.06%, 9, 0, 9, 365.88
1734302418, 11, 57, 74, 25, 0, 0.06%, 9, 0, 9, 371.49
1734302423, 11, 58, 74, 25, 0, 0.06%, 9, 0, 9, 346.18
1734302428, 11, 62, 74, 25, 0, 0.06%, 9, 0, 9, 292.40
1734302438, 11, 69, 74, 25, 0, 0.06%, 9, 0, 9, 321.43
1734302444, 11, 71, 74, 25, 0, 0.06%, 9, 0, 9, 333.68
1734302459, 11, 72, 74, 25, 0, 0.06%, 9, 0, 9, 333.50
1734302474, 12, 26, 74, 25, 0, 0.06%, 9, 0, 9, 326.48
1734302479, 12, 27, 74, 25, 0, 0.06%, 9, 0, 9, 323.88
1734302489, 12, 28, 74, 25, 0, 0.06%, 9, 0, 9, 351.53
1734302499, 12, 56, 74, 25, 0, 0.06%, 9, 0, 9, 344.49
1734302504, 12, 57, 74, 25, 0, 0.06%, 9, 0, 9, 347.30
1734302509, 12, 58, 74, 25, 0, 0.06%, 9, 0, 9, 326.06
1734302514, 12, 62, 74, 25, 0, 0.06%, 9, 0, 9, 270.09
1734302524, 12, 69, 74, 25, 0, 0.06%, 9, 0, 9, 343.41
1734302529, 12, 71, 74, 25, 0, 0.06%, 9, 0, 9, 342.97
1734302534, 12, 72, 74, 25, 0, 0.06%, 9, 0, 9, 314.43
1734302545, 13, 24, 74, 25, 0, 0.06%, 9, 0, 9, 327.96
1734302550, 13, 26, 74, 25, 0, 0.06%, 9, 0, 9, 310.36
1734302555, 13, 27, 74, 25, 0, 0.06%, 9, 0, 9, 296.67
1734302560, 13, 56, 74, 25, 0, 0.06%, 9, 0, 9, 323.55
1734302565, 13, 57, 74, 25, 0, 0.06%, 9, 0, 9, 339.06
1734302570, 13, 58, 74, 25, 0, 0.06%, 9, 0, 9, 369.53
1734302575, 13, 62, 74, 25, 0, 0.06%, 9, 0, 9, 380.93
1734302585, 13, 69, 74, 25, 0, 0.06%, 9, 0, 9, 350.93
1734302590, 13, 71, 74, 25, 0, 0.06%, 9, 0, 9, 332.36
1734302601, 13, 72, 74, 25, 0, 0.06%, 9, 0, 9, 338.88
1734302606, 14, 24, 74, 25, 0, 0.06%, 9, 0, 9, 352.50
1734302611, 14, 26, 74, 25, 0, 0.06%, 9, 0, 9, 332.59
1734302616, 14, 27, 74, 25, 0, 0.06%, 9, 0, 9, 344.38
1734302621, 14, 28, 74, 25, 0, 0.06%, 9, 0, 9, 368.98
1734302626, 14, 56, 74, 25, 0, 0.06%, 9, 0, 9, 347.51
1734302631, 14, 57, 74, 25, 0, 0.06%, 9, 0, 9, 351.33
1734302636, 14, 58, 74, 25, 0, 0.06%, 9, 0, 9, 328.31
1734302641, 14, 62, 74, 25, 0, 0.06%, 9, 0, 9, 276.15
1734302651, 14, 69, 74, 25, 0, 0.06%, 9, 0, 9, 329.59
1734302656, 14, 71, 74, 25, 0, 0.06%, 9, 0, 9, 335.31
1734302661, 14, 72, 74, 25, 0, 0.06%, 9, 0, 9, 341.71
1734302671, 15, 24, 74, 25, 0, 0.06%, 9, 0, 9, 339.05
1734302676, 15, 26, 74, 25, 0, 0.06%, 9, 0, 9, 315.57
1734302681, 15, 27, 74, 25, 0, 0.06%, 9, 0, 9, 328.55
1734302686, 15, 28, 74, 25, 0, 0.06%, 9, 0, 9, 361.07
1734302691, 15, 56, 74, 25, 0, 0.06%, 9, 0, 9, 342.52
1734302697, 15, 57, 74, 25, 0, 0.06%, 9, 0, 9, 349.73
1734302702, 15, 58, 74, 25, 0, 0.06%, 9, 0, 9, 320.76
1734302707, 15, 62, 74, 25, 0, 0.06%, 9, 0, 9, 262.17
1734302712, 15, 62, 75, 26, 0, 0.06%, 9, 0, 9, 397.79
1734302717, 15, 69, 75, 26, 0, 0.06%, 9, 0, 9, 346.02
1734302722, 15, 71, 75, 26, 0, 0.06%, 9, 0, 9, 353.27
1734302727, 15, 72, 75, 26, 0, 0.06%, 9, 0, 9, 325.96
1734302737, 15, 74, 75, 26, 0, 0.06%, 9, 0, 9, 325.72
1734302844, 15, 74, 76, 27, 0, 0.06%, 9, 0, 9, 498.06
1734302988, 15, 75, 76, 26, 0, 0.06%, 9, 0, 9, 451.76
1734303234, 16, 16, 76, 25, 0, 0.06%, 9, 0, 9, 296.20
1734303244, 16, 18, 76, 25, 0, 0.06%, 9, 0, 9, 281.73
1734303254, 16, 19, 76, 25, 0, 0.06%, 9, 0, 9, 285.69
1734303264, 16, 20, 76, 25, 0, 0.06%, 9, 0, 9, 294.98
1734303274, 16, 21, 76, 25, 0, 0.06%, 9, 0, 9, 307.35
1734303284, 16, 22, 76, 25, 0, 0.06%, 9, 0, 9, 339.39
1734303294, 16, 23, 76, 25, 0, 0.06%, 9, 0, 9, 330.97
1734303305, 16, 24, 76, 25, 0, 0.06%, 9, 0, 9, 319.55
1734303310, 16, 26, 76, 25, 0, 0.06%, 9, 0, 9, 312.02
1734303315, 16, 27, 76, 25, 0, 0.06%, 9, 0, 9, 466.78
1734303320, 16, 28, 76, 25, 0, 0.06%, 9, 0, 9, 370.96
1734303325, 16, 32, 76, 25, 0, 0.06%, 9, 0, 9, 355.46
1734303340, 16, 33, 76, 25, 0, 0.06%, 9, 0, 9, 257.58
1734303952, 16, 34, 76, 24, 0, 0.06%, 9, 0, 9, 398.15
1734303962, 16, 35, 76, 24, 0, 0.06%, 9, 0, 9, 368.85
1734303967, 16, 36, 76, 24, 0, 0.06%, 9, 0, 9, 369.86
1734303977, 16, 37, 76, 24, 0, 0.06%, 9, 0, 9, 351.63
1734303987, 16, 38, 76, 24, 0, 0.06%, 9, 0, 9, 321.79
1734303992, 16, 47, 76, 24, 0, 0.06%, 9, 0, 9, 311.06
1734304013, 16, 48, 76, 24, 0, 0.06%, 9, 0, 9, 361.79
1734304028, 16, 49, 76, 24, 0, 0.06%, 9, 0, 9, 347.79
1734304048, 16, 55, 76, 24, 0, 0.06%, 9, 0, 9, 303.73
1734304069, 16, 56, 76, 24, 0, 0.06%, 9, 0, 9, 384.24
1734304079, 16, 57, 76, 24, 0, 0.06%, 9, 0, 9, 450.19
1734304104, 16, 58, 76, 24, 0, 0.06%, 9, 0, 9, 419.71
1734304114, 16, 59, 76, 24, 0, 0.06%, 9, 0, 9, 414.00
1734304150, 16, 60, 76, 23, 0, 0.06%, 9, 0, 9, 353.62
1734304252, 16, 62, 76, 22, 0, 0.06%, 9, 0, 9, 328.52
1734304262, 16, 68, 76, 22, 0, 0.06%, 9, 0, 9, 356.70
1734304272, 16, 69, 76, 22, 0, 0.06%, 9, 0, 9, 332.27
1734304277, 16, 70, 76, 22, 0, 0.06%, 9, 0, 9, 344.40
1734304313, 16, 71, 76, 22, 0, 0.06%, 9, 0, 9, 310.44
1734304318, 16, 72, 76, 22, 0, 0.06%, 9, 0, 9, 316.78
1734304328, 16, 73, 76, 22, 0, 0.06%, 9, 0, 9, 255.32
1734304880, 16, 74, 76, 21, 0, 0.06%, 9, 0, 9, 265.61
1734304905, 16, 75, 76, 21, 0, 0.06%, 9, 0, 9, 384.67
1734304936, 17, 24, 76, 21, 0, 0.06%, 9, 0, 9, 317.05
1734304941, 17, 26, 76, 21, 0, 0.06%, 9, 0, 9, 295.99
1734304946, 17, 27, 76, 21, 0, 0.06%, 9, 0, 9, 332.38
1734304951, 17, 28, 76, 21, 0, 0.06%, 9, 0, 9, 352.22
1734304956, 17, 57, 76, 21, 0, 0.06%, 9, 0, 9, 316.58
1734304961, 17, 58, 76, 21, 0, 0.06%, 9, 0, 9, 369.19
1734304966, 17, 62, 76, 21, 0, 0.06%, 9, 0, 9, 385.51
1734304977, 17, 69, 76, 21, 0, 0.06%, 9, 0, 9, 331.83
1734304982, 17, 71, 76, 21, 0, 0.06%, 9, 0, 9, 306.99
1734304992, 17, 72, 76, 21, 0, 0.06%, 9, 0, 9, 340.30
1734304997, 17, 74, 76, 21, 0, 0.06%, 9, 0, 9, 395.86
1734305028, 17, 75, 76, 21, 0, 0.06%, 9, 0, 9, 298.54
1734305053, 18, 24, 76, 21, 0, 0.06%, 9, 0, 9, 375.82
1734305058, 18, 26, 76, 21, 0, 0.06%, 9, 0, 9, 342.57
1734305063, 18, 27, 76, 21, 0, 0.06%, 9, 0, 9, 357.23
1734305068, 18, 28, 76, 21, 0, 0.06%, 9, 0, 9, 372.71
1734305073, 18, 56, 76, 21, 0, 0.06%, 9, 0, 9, 354.61
1734305078, 18, 57, 76, 21, 0, 0.06%, 9, 0, 9, 342.41
1734305083, 18, 58, 76, 21, 0, 0.06%, 9, 0, 9, 312.37
1734305089, 18, 62, 76, 21, 0, 0.06%, 9, 0, 9, 255.22
1734305099, 18, 69, 76, 21, 0, 0.06%, 9, 0, 9, 328.19
1734305104, 18, 71, 76, 21, 0, 0.06%, 9, 0, 9, 310.82
1734305109, 18, 72, 76, 21, 0, 0.06%, 9, 0, 9, 293.76
1734305120, 18, 74, 76, 21, 0, 0.06%, 9, 0, 9, 299.28
1734305135, 18, 75, 76, 21, 0, 0.06%, 9, 0, 9, 391.07
1734305155, 19, 26, 76, 21, 0, 0.06%, 9, 0, 9, 329.23
1734305160, 19, 27, 76, 21, 0, 0.06%, 9, 0, 9, 319.96
1734305165, 19, 28, 76, 21, 0, 0.06%, 9, 0, 9, 391.92
1734305171, 19, 56, 76, 21, 0, 0.06%, 9, 0, 9, 358.08
1734305176, 19, 57, 76, 21, 0, 0.06%, 9, 0, 9, 366.63
1734305181, 19, 58, 76, 21, 0, 0.06%, 9, 0, 9, 365.95
1734305186, 19, 62, 76, 21, 0, 0.06%, 9, 0, 9, 277.65
1734305196, 19, 69, 76, 21, 0, 0.06%, 9, 0, 9, 341.60
1734305201, 19, 71, 76, 21, 0, 0.06%, 9, 0, 9, 332.88
1734305206, 19, 72, 76, 21, 0, 0.06%, 9, 0, 9, 338.20
1734305216, 19, 74, 76, 21, 0, 0.06%, 9, 0, 9, 268.13
1734305232, 19, 75, 76, 21, 0, 0.06%, 9, 0, 9, 332.40
1734305247, 20, 24, 76, 21, 0, 0.06%, 9, 0, 9, 378.02
1734305252, 20, 26, 76, 21, 0, 0.06%, 9, 0, 9, 342.05
1734305257, 20, 27, 76, 21, 0, 0.06%, 9, 0, 9, 364.63
1734305262, 20, 28, 76, 21, 0, 0.06%, 9, 0, 9, 375.72
1734305267, 20, 56, 76, 21, 0, 0.06%, 9, 0, 9, 347.22
1734305273, 20, 57, 76, 21, 0, 0.06%, 9, 0, 9, 351.01
1734305278, 20, 58, 76, 21, 0, 0.06%, 9, 0, 9, 355.97
1734305283, 20, 62, 76, 21, 0, 0.06%, 9, 0, 9, 304.01
1734305293, 20, 69, 76, 21, 0, 0.06%, 9, 0, 9, 361.36
1734305298, 20, 71, 76, 21, 0, 0.06%, 9, 0, 9, 342.41
1734305308, 20, 72, 76, 21, 0, 0.06%, 9, 0, 9, 302.83
1734305313, 20, 74, 76, 21, 0, 0.06%, 9, 0, 9, 366.97
1734305333, 20, 75, 76, 21, 0, 0.06%, 9, 0, 9, 269.06
1734305349, 21, 24, 76, 21, 0, 0.06%, 9, 0, 9, 353.68
1734305354, 21, 26, 76, 21, 0, 0.06%, 9, 0, 9, 349.94
1734305359, 21, 27, 76, 21, 0, 0.06%, 9, 0, 9, 333.66
1734305364, 21, 28, 76, 21, 0, 0.06%, 9, 0, 9, 358.82
1734305369, 21, 56, 76, 21, 0, 0.06%, 10, 0, 9, 334.86
1734305374, 21, 58, 76, 21, 0, 0.06%, 10, 0, 9, 357.26
1734305379, 21, 62, 76, 21, 0, 0.06%, 10, 0, 9, 396.66
1734305390, 21, 69, 76, 21, 0, 0.06%, 10, 0, 9, 340.08
1734305395, 21, 71, 76, 21, 0, 0.06%, 10, 0, 9, 330.61
1734305405, 21, 72, 76, 21, 0, 0.06%, 10, 0, 9, 335.26
1734305415, 21, 74, 76, 21, 0, 0.06%, 10, 0, 9, 300.58
1734305425, 21, 75, 76, 21, 0, 0.06%, 10, 0, 9, 299.80
1734305435, 22, 24, 76, 21, 0, 0.06%, 10, 0, 9, 348.07
1734305441, 22, 26, 76, 21, 0, 0.06%, 10, 0, 9, 328.77
1734305446, 22, 27, 76, 21, 0, 0.06%, 10, 0, 9, 353.40
1734305451, 22, 28, 76, 21, 0, 0.06%, 10, 0, 9, 345.54
1734305456, 22, 56, 76, 21, 0, 0.06%, 10, 0, 9, 328.61
1734305461, 22, 57, 76, 21, 0, 0.06%, 10, 0, 9, 343.00
1734305466, 22, 58, 76, 21, 0, 0.06%, 10, 0, 9, 347.53
1734305471, 22, 62, 76, 21, 0, 0.06%, 10, 0, 9, 273.07
1734305481, 22, 69, 76, 21, 0, 0.06%, 10, 0, 9, 338.66
1734305486, 22, 71, 76, 21, 0, 0.06%, 10, 0, 9, 346.45
1734305491, 22, 72, 76, 21, 0, 0.06%, 10, 0, 9, 320.17
1734305501, 22, 74, 76, 21, 0, 0.06%, 10, 0, 9, 316.32
1734305511, 22, 75, 76, 21, 0, 0.06%, 10, 0, 9, 400.76
1734305526, 23, 26, 76, 21, 0, 0.06%, 10, 0, 9, 325.78
1734305531, 23, 27, 76, 21, 0, 0.06%, 10, 0, 9, 347.13
1734305536, 23, 28, 76, 21, 0, 0.06%, 10, 0, 9, 382.67
1734305541, 23, 56, 76, 21, 0, 0.06%, 10, 0, 9, 363.13
1734305546, 23, 57, 76, 21, 0, 0.06%, 10, 0, 9, 362.71
1734305552, 23, 58, 76, 21, 0, 0.06%, 10, 0, 9, 356.49
1734305557, 23, 62, 76, 21, 0, 0.06%, 10, 0, 9, 294.25
1734305567, 23, 69, 76, 21, 0, 0.06%, 10, 0, 9, 342.70
1734305572, 23, 71, 76, 21, 0, 0.06%, 10, 0, 9, 342.44
1734305577, 23, 72, 76, 21, 0, 0.06%, 10, 0, 9, 325.11
1734305587, 23, 74, 76, 21, 0, 0.06%, 10, 0, 9, 330.79
1734305597, 23, 75, 76, 21, 0, 0.06%, 10, 0, 9, 398.05
1734305608, 24, 24, 76, 21, 0, 0.06%, 10, 0, 9, 364.17
1734305613, 24, 26, 76, 21, 0, 0.06%, 10, 0, 9, 352.95
1734305618, 24, 27, 76, 21, 0, 0.06%, 10, 0, 9, 354.20
1734305623, 24, 28, 76, 21, 0, 0.06%, 10, 0, 9, 363.73
1734305628, 24, 56, 76, 21, 0, 0.06%, 10, 0, 9, 347.52
1734305633, 24, 57, 76, 21, 0, 0.06%, 10, 0, 9, 338.20
1734305638, 24, 58, 76, 21, 0, 0.06%, 10, 0, 9, 337.87
1734305643, 24, 62, 76, 21, 0, 0.06%, 10, 0, 9, 268.96
1734305653, 24, 69, 76, 21, 0, 0.06%, 10, 0, 9, 344.29
1734305658, 24, 71, 76, 21, 0, 0.06%, 10, 0, 9, 325.71
1734305663, 24, 72, 76, 21, 0, 0.06%, 10, 0, 9, 305.53
1734305674, 24, 74, 76, 21, 0, 0.06%, 10, 0, 9, 325.07
1734305684, 24, 75, 76, 21, 0, 0.06%, 10, 0, 9, 336.40
1734305699, 25, 26, 76, 21, 0, 0.06%, 10, 0, 9, 331.75
1734305704, 25, 27, 76, 21, 0, 0.06%, 10, 0, 9, 310.65
1734305709, 25, 28, 76, 21, 0, 0.06%, 10, 0, 9, 322.95
1734305714, 25, 56, 76, 21, 0, 0.06%, 10, 0, 9, 347.14
1734305719, 25, 57, 76, 21, 0, 0.06%, 10, 0, 9, 356.28
1734305724, 25, 58, 76, 21, 0, 0.06%, 10, 0, 9, 363.68
1734305730, 25, 62, 76, 21, 0, 0.06%, 10, 0, 9, 345.78
1734305740, 25, 69, 76, 21, 0, 0.06%, 10, 0, 9, 355.43
1734305745, 25, 71, 76, 21, 0, 0.06%, 10, 0, 9, 339.22
1734305755, 25, 72, 76, 21, 0, 0.06%, 10, 0, 9, 332.41
1734305760, 25, 74, 76, 21, 0, 0.06%, 10, 0, 9, 370.83
1734305775, 25, 75, 76, 21, 0, 0.06%, 10, 0, 9, 303.74
1734305786, 26, 24, 76, 21, 0, 0.06%, 10, 0, 9, 304.90
1734305791, 26, 26, 76, 21, 0, 0.06%, 10, 0, 9, 299.49
1734305796, 26, 27, 76, 21, 0, 0.06%, 10, 0, 9, 323.20
1734305801, 26, 28, 76, 21, 0, 0.06%, 10, 0, 9, 329.03
1734305806, 26, 57, 76, 21, 0, 0.06%, 10, 0, 9, 319.65
1734305811, 26, 58, 76, 21, 0, 0.06%, 10, 0, 9, 369.87
1734305816, 26, 59, 76, 21, 0, 0.06%, 10, 0, 9, 392.08
1734305836, 26, 60, 76, 21, 0, 0.06%, 10, 0, 9, 390.63
1734305851, 26, 61, 76, 21, 0, 0.06%, 10, 0, 9, 343.10
1734305943, 26, 62, 76, 20, 0, 0.06%, 10, 0, 9, 345.03
1734306168, 26, 66, 76, 20, 0, 0.06%, 10, 0, 9, 338.73
1734306357, 26, 67, 76, 19, 0, 0.06%, 10, 0, 9, 347.00
1734306423, 26, 68, 76, 18, 0, 0.06%, 10, 0, 9, 355.19
1734306428, 26, 69, 76, 18, 0, 0.06%, 10, 0, 9, 355.21
1734306469, 26, 70, 76, 18, 0, 0.06%, 10, 0, 9, 295.83
1734306489, 26, 71, 76, 18, 0, 0.06%, 10, 0, 9, 362.32
1734306556, 26, 72, 76, 18, 0, 0.06%, 10, 0, 9, 420.29
1734306617, 26, 73, 76, 18, 0, 0.06%, 10, 0, 9, 366.13
1734306648, 26, 74, 76, 18, 0, 0.06%, 10, 0, 9, 366.16
1734306853, 26, 75, 76, 18, 0, 0.06%, 10, 0, 9, 355.28
1734307063, 27, 12, 76, 18, 0, 0.06%, 10, 0, 9, 329.13
1734307089, 27, 13, 76, 17, 0, 0.06%, 10, 0, 9, 296.53
1734307129, 27, 14, 76, 16, 0, 0.06%, 10, 0, 9, 322.85
1734307140, 27, 15, 76, 16, 0, 0.06%, 10, 0, 9, 358.61
1734307175, 27, 16, 76, 15, 0, 0.06%, 10, 0, 9, 303.04
1734307180, 27, 17, 76, 15, 0, 0.06%, 10, 0, 9, 377.56
1734307216, 27, 18, 76, 14, 0, 0.06%, 10, 0, 9, 307.92
1734307231, 27, 19, 76, 14, 0, 0.06%, 10, 0, 9, 305.45
1734307241, 27, 20, 76, 14, 0, 0.06%, 10, 0, 9, 282.91
1734307252, 27, 21, 76, 14, 0, 0.06%, 10, 0, 9, 267.45
1734307262, 27, 22, 76, 14, 0, 0.06%, 10, 0, 9, 333.05
1734307272, 27, 23, 76, 14, 0, 0.06%, 10, 0, 9, 311.44
1734307369, 27, 24, 76, 14, 0, 0.06%, 10, 0, 9, 296.73
1734307374, 27, 25, 76, 14, 0, 0.06%, 10, 0, 9, 288.95
1734307389, 27, 26, 76, 14, 0, 0.06%, 10, 0, 9, 296.28
1734307394, 27, 28, 76, 14, 0, 0.06%, 10, 0, 9, 339.69
1734307399, 27, 32, 76, 14, 0, 0.06%, 10, 0, 9, 352.13
1734307415, 27, 33, 76, 14, 0, 0.06%, 10, 0, 9, 399.70
1734307435, 27, 34, 76, 14, 0, 0.06%, 10, 0, 9, 365.98
1734307440, 27, 35, 76, 14, 0, 0.06%, 10, 0, 9, 343.36
1734307445, 27, 36, 76, 14, 0, 0.06%, 10, 0, 9, 352.66
1734307450, 27, 37, 76, 14, 0, 0.06%, 10, 0, 9, 350.76
1734307460, 27, 38, 76, 14, 0, 0.06%, 10, 0, 9, 323.27
1734307470, 27, 40, 76, 14, 0, 0.06%, 10, 0, 9, 391.80
1734307486, 27, 41, 76, 14, 0, 0.06%, 10, 0, 9, 309.82
1734307511, 27, 42, 76, 14, 0, 0.06%, 10, 0, 9, 456.99
1734307547, 27, 43, 76, 13, 0, 0.06%, 10, 0, 9, 279.14
1734307756, 27, 47, 76, 12, 0, 0.06%, 10, 0, 9, 344.73
1734307761, 27, 48, 76, 12, 0, 0.06%, 10, 0, 9, 344.26
1734307766, 27, 49, 76, 12, 0, 0.06%, 10, 0, 9, 345.32
1734307771, 27, 50, 76, 12, 0, 0.06%, 10, 0, 9, 367.70
1734307801, 27, 51, 76, 11, 0, 0.06%, 10, 0, 9, 307.18
1734307908, 27, 52, 76, 10, 0, 0.06%, 10, 0, 9, 403.02
1734307943, 27, 53, 76, 9, 0, 0.06%, 10, 0, 9, 342.94
1734308245, 27, 55, 76, 8, 0, 0.06%, 10, 0, 9, 314.21
1734308250, 27, 56, 76, 8, 0, 0.06%, 10, 0, 9, 328.56
1734308255, 27, 57, 76, 8, 0, 0.06%, 10, 0, 9, 350.07
1734308260, 27, 58, 76, 8, 0, 0.06%, 10, 0, 9, 372.25
1734308266, 27, 62, 76, 8, 0, 0.06%, 10, 0, 9, 361.41
1734308276, 27, 68, 76, 8, 0, 0.06%, 10, 0, 9, 377.60
1734308281, 27, 69, 76, 8, 0, 0.06%, 10, 0, 9, 315.35
1734308286, 27, 70, 76, 8, 0, 0.06%, 10, 0, 9, 390.58
1734308301, 27, 71, 76, 8, 0, 0.06%, 10, 0, 9, 337.19
1734308311, 27, 72, 76, 8, 0, 0.06%, 10, 0, 9, 334.76
1734308316, 27, 73, 76, 8, 0, 0.06%, 10, 0, 9, 353.23
1734308342, 27, 74, 76, 8, 0, 0.06%, 10, 0, 9, 257.67
1734308352, 27, 75, 76, 8, 0, 0.06%, 10, 0, 9, 331.03
1734308362, 28, 16, 76, 8, 0, 0.06%, 10, 0, 9, 337.25
1734308367, 28, 24, 76, 8, 0, 0.06%, 10, 0, 9, 330.56
1734308372, 28, 26, 76, 8, 0, 0.06%, 10, 0, 9, 315.35
1734308378, 28, 27, 76, 8, 0, 0.06%, 10, 0, 9, 349.02
1734308383, 28, 28, 76, 8, 0, 0.06%, 10, 0, 9, 355.28
1734308388, 28, 35, 76, 8, 0, 0.06%, 10, 0, 9, 359.91
1734308393, 28, 36, 76, 8, 0, 0.06%, 10, 0, 9, 329.18
1734308398, 28, 37, 76, 8, 0, 0.06%, 10, 0, 9, 322.62
1734308403, 28, 38, 76, 8, 0, 0.06%, 10, 0, 9, 307.98
1734308408, 28, 47, 76, 8, 0, 0.06%, 10, 0, 9, 299.58
1734308413, 28, 57, 76, 8, 0, 0.06%, 10, 0, 9, 336.22
1734308418, 28, 58, 76, 8, 0, 0.06%, 10, 0, 9, 338.50
1734308423, 28, 62, 76, 8, 0, 0.06%, 10, 0, 9, 403.00
1734308433, 28, 68, 76, 8, 0, 0.06%, 10, 0, 9, 338.63
1734308443, 28, 69, 76, 8, 0, 0.06%, 10, 0, 9, 329.24
1734308449, 28, 70, 76, 8, 0, 0.06%, 10, 0, 9, 300.22
1734308464, 28, 71, 76, 8, 0, 0.06%, 10, 0, 9, 327.69
1734308469, 28, 72, 76, 8, 0, 0.06%, 10, 0, 9, 334.30
1734308479, 28, 73, 76, 8, 0, 0.06%, 10, 0, 9, 306.58
1734308499, 28, 74, 76, 8, 0, 0.06%, 10, 0, 9, 324.07
1734308514, 28, 75, 76, 8, 0, 0.06%, 10, 0, 9, 289.97
1734308525, 29, 16, 76, 8, 0, 0.06%, 10, 0, 9, 304.82
1734308530, 29, 24, 76, 8, 0, 0.06%, 10, 0, 9, 310.12
1734308535, 29, 26, 76, 8, 0, 0.06%, 10, 0, 9, 303.10
1734308540, 29, 27, 76, 8, 0, 0.06%, 10, 0, 9, 340.81
1734308545, 29, 28, 76, 8, 0, 0.06%, 10, 0, 9, 347.90
1734308550, 29, 35, 76, 8, 0, 0.06%, 10, 0, 9, 313.55
1734308555, 29, 37, 76, 8, 0, 0.06%, 10, 0, 9, 327.15
1734308560, 29, 38, 76, 8, 0, 0.06%, 10, 0, 9, 340.10
1734308565, 29, 47, 76, 8, 0, 0.06%, 10, 0, 9, 331.18
1734308570, 29, 56, 76, 8, 0, 0.06%, 10, 0, 9, 370.26
1734308575, 29, 57, 76, 8, 0, 0.06%, 10, 0, 9, 374.57
1734308580, 29, 58, 76, 8, 0, 0.06%, 10, 0, 9, 361.23
1734308585, 29, 62, 76, 8, 0, 0.06%, 10, 0, 9, 336.90
1734308596, 29, 68, 76, 8, 0, 0.06%, 10, 0, 9, 373.48
1734308606, 29, 69, 76, 8, 0, 0.06%, 10, 0, 9, 328.59
1734308611, 29, 70, 76, 8, 0, 0.06%, 10, 0, 9, 293.17
1734308626, 29, 71, 76, 8, 0, 0.06%, 10, 0, 9, 337.28
1734308631, 29, 72, 76, 8, 0, 0.06%, 10, 0, 9, 333.76
1734308641, 29, 73, 76, 8, 0, 0.06%, 10, 0, 9, 318.63
1734308656, 29, 74, 76, 8, 0, 0.06%, 10, 0, 9, 275.54
1734308666, 29, 75, 76, 8, 0, 0.06%, 10, 0, 9, 338.39
1734308677, 30, 16, 76, 8, 0, 0.06%, 10, 0, 9, 330.30
1734308682, 30, 24, 76, 8, 0, 0.06%, 10, 0, 9, 355.84
1734308687, 30, 26, 76, 8, 0, 0.06%, 10, 0, 9, 337.27
1734308692, 30, 27, 76, 8, 0, 0.06%, 10, 0, 9, 340.09
1734308697, 30, 28, 76, 8, 0, 0.06%, 10, 0, 9, 357.65
1734308702, 30, 35, 76, 8, 0, 0.06%, 10, 0, 9, 329.10
1734308707, 30, 36, 76, 8, 0, 0.06%, 10, 0, 9, 312.00
1734308712, 30, 38, 76, 8, 0, 0.06%, 10, 0, 9, 334.90
1734308717, 30, 47, 76, 8, 0, 0.06%, 10, 0, 9, 290.76
1734308723, 30, 56, 76, 8, 0, 0.06%, 10, 0, 9, 301.69
1734308728, 30, 57, 76, 8, 0, 0.06%, 10, 0, 9, 351.55
1734308733, 30, 58, 76, 8, 0, 0.06%, 10, 0, 9, 389.27
1734308738, 30, 62, 76, 8, 0, 0.06%, 10, 0, 9, 343.69
1734308748, 30, 68, 76, 8, 0, 0.06%, 10, 0, 9, 395.62
1734308753, 30, 69, 76, 8, 0, 0.06%, 10, 0, 9, 328.52
1734308758, 30, 70, 76, 8, 0, 0.06%, 10, 0, 9, 336.85
1734308773, 30, 71, 76, 8, 0, 0.06%, 10, 0, 9, 315.89
1734308783, 30, 72, 76, 8, 0, 0.06%, 10, 0, 9, 337.62
1734308789, 30, 73, 76, 8, 0, 0.06%, 10, 0, 9, 342.90
1734308804, 30, 74, 76, 8, 0, 0.06%, 10, 0, 9, 388.64
1734308819, 30, 75, 76, 8, 0, 0.06%, 10, 0, 9, 271.61
1734308829, 31, 16, 76, 8, 0, 0.06%, 10, 0, 9, 329.37
1734308835, 31, 24, 76, 8, 0, 0.06%, 10, 0, 9, 326.07
1734308840, 31, 26, 76, 8, 0, 0.06%, 10, 0, 9, 301.33
1734308845, 31, 27, 76, 8, 0, 0.06%, 10, 0, 9, 326.06
1734308850, 31, 35, 76, 8, 0, 0.06%, 10, 0, 9, 360.20
1734308855, 31, 36, 76, 8, 0, 0.06%, 10, 0, 9, 336.14
1734308860, 31, 37, 76, 8, 0, 0.06%, 10, 0, 9, 338.12
1734308865, 31, 38, 76, 8, 0, 0.06%, 10, 0, 9, 331.20
1734308870, 31, 47, 76, 8, 0, 0.06%, 10, 0, 9, 338.53
1734308875, 31, 56, 76, 8, 0, 0.06%, 10, 0, 9, 360.73
1734308880, 31, 57, 76, 8, 0, 0.06%, 10, 0, 9, 360.43
1734308885, 31, 58, 76, 8, 0, 0.06%, 10, 0, 9, 350.81
1734308890, 31, 62, 76, 8, 0, 0.06%, 10, 0, 9, 332.62
1734308900, 31, 68, 76, 8, 0, 0.06%, 10, 0, 9, 385.70
1734308905, 31, 69, 76, 8, 0, 0.06%, 10, 0, 9, 322.87
1734308910, 31, 70, 76, 8, 0, 0.06%, 10, 0, 9, 317.69
1734308925, 31, 71, 76, 8, 0, 0.06%, 10, 0, 9, 331.60
1734308936, 31, 72, 76, 8, 0, 0.06%, 10, 0, 9, 355.53
1734308941, 31, 73, 76, 8, 0, 0.06%, 10, 0, 9, 390.77
1734308956, 31, 74, 76, 8, 0, 0.06%, 10, 0, 9, 364.26
1734308966, 31, 75, 76, 8, 0, 0.06%, 10, 0, 9, 381.69
1734308982, 32, 16, 76, 8, 0, 0.06%, 10, 0, 9, 337.89
1734308987, 32, 24, 76, 8, 0, 0.06%, 10, 0, 9, 320.38
1734308992, 32, 27, 76, 8, 0, 0.06%, 10, 0, 9, 323.21
1734308997, 32, 28, 76, 8, 0, 0.06%, 10, 0, 9, 351.96
1734309002, 32, 35, 76, 8, 0, 0.06%, 10, 0, 9, 374.76
1734309007, 32, 36, 76, 8, 0, 0.06%, 10, 0, 9, 348.88
1734309012, 32, 37, 76, 8, 0, 0.06%, 10, 0, 9, 317.62
1734309017, 32, 38, 76, 8, 0, 0.06%, 10, 0, 9, 329.98
1734309022, 32, 47, 76, 8, 0, 0.06%, 10, 0, 9, 345.47
1734309027, 32, 57, 76, 8, 0, 0.06%, 10, 0, 9, 343.74
1734309032, 32, 58, 76, 8, 0, 0.06%, 10, 0, 9, 367.32
1734309037, 32, 62, 76, 8, 0, 0.06%, 10, 0, 9, 404.94
1734309048, 32, 68, 76, 8, 0, 0.06%, 10, 0, 9, 348.95
1734309058, 32, 69, 76, 8, 0, 0.06%, 10, 0, 9, 316.03
1734309063, 32, 70, 76, 8, 0, 0.06%, 10, 0, 9, 305.79
1734309078, 32, 71, 76, 8, 0, 0.06%, 10, 0, 9, 332.91
1734309083, 32, 72, 76, 8, 0, 0.06%, 10, 0, 9, 323.25
1734309093, 32, 73, 76, 8, 0, 0.06%, 10, 0, 9, 320.65
1734309109, 32, 74, 76, 8, 0, 0.06%, 10, 0, 9, 285.41
1734309119, 32, 75, 76, 8, 0, 0.06%, 10, 0, 9, 349.90
1734309129, 33, 16, 76, 8, 0, 0.06%, 10, 0, 9, 336.11
1734309134, 33, 24, 76, 8, 0, 0.06%, 10, 0, 9, 315.23
1734309139, 33, 26, 76, 8, 0, 0.06%, 10, 0, 9, 327.67
1734309144, 33, 27, 76, 8, 0, 0.06%, 10, 0, 9, 340.06
1734309149, 33, 28, 76, 8, 0, 0.06%, 10, 0, 9, 373.31
1734309154, 33, 35, 76, 8, 0, 0.06%, 10, 0, 9, 357.69
1734309159, 33, 36, 76, 8, 0, 0.06%, 10, 0, 9, 333.35
1734309164, 33, 37, 76, 8, 0, 0.06%, 10, 0, 9, 313.83
1734309169, 33, 38, 76, 8, 0, 0.06%, 10, 0, 9, 295.91
1734309174, 33, 47, 76, 8, 0, 0.06%, 10, 0, 9, 321.07
1734309179, 33, 56, 76, 8, 0, 0.06%, 10, 0, 9, 335.90
1734309185, 33, 57, 76, 8, 0, 0.06%, 10, 0, 9, 337.67
1734309190, 33, 62, 76, 8, 0, 0.06%, 10, 0, 9, 353.91
1734309200, 33, 68, 76, 8, 0, 0.06%, 10, 0, 9, 361.04
1734309210, 33, 69, 76, 8, 0, 0.06%, 10, 0, 9, 317.06
1734309215, 33, 70, 76, 8, 0, 0.06%, 10, 0, 9, 327.61
1734309226, 33, 71, 76, 8, 0, 0.06%, 10, 0, 9, 351.27
1734309236, 33, 72, 76, 8, 0, 0.06%, 10, 0, 9, 329.99
1734309246, 33, 73, 76, 8, 0, 0.06%, 10, 0, 9, 285.70
1734309261, 33, 74, 76, 8, 0, 0.06%, 10, 0, 9, 299.84
1734309272, 33, 75, 76, 8, 0, 0.06%, 10, 0, 9, 292.72
1734309282, 34, 24, 76, 8, 0, 0.06%, 10, 0, 9, 352.31
1734309287, 34, 26, 76, 8, 0, 0.06%, 10, 0, 9, 323.47
1734309292, 34, 27, 76, 8, 0, 0.06%, 10, 0, 9, 332.08
1734309297, 34, 28, 76, 8, 0, 0.06%, 10, 0, 9, 341.42
1734309302, 34, 56, 76, 8, 0, 0.06%, 10, 0, 9, 346.76
1734309307, 34, 57, 76, 8, 0, 0.06%, 10, 0, 9, 324.19
1734309312, 34, 62, 76, 8, 0, 0.06%, 10, 0, 9, 394.61
1734309322, 34, 69, 76, 8, 0, 0.06%, 10, 0, 9, 343.12
1734309332, 34, 71, 76, 8, 0, 0.06%, 10, 0, 9, 318.15
1734309337, 34, 72, 76, 8, 0, 0.06%, 10, 0, 9, 339.14
1734309348, 34, 74, 76, 8, 0, 0.06%, 10, 0, 9, 282.56
1734309358, 34, 75, 76, 8, 0, 0.06%, 10, 0, 9, 355.59
1734309368, 35, 24, 76, 8, 0, 0.06%, 10, 0, 9, 332.61
1734309373, 35, 26, 76, 8, 0, 0.06%, 10, 0, 9, 347.75
1734309378, 35, 27, 76, 8, 0, 0.06%, 10, 0, 9, 345.43
1734309384, 35, 28, 76, 8, 0, 0.06%, 10, 0, 9, 347.16
1734309389, 35, 56, 76, 8, 0, 0.06%, 10, 0, 9, 344.26
1734309394, 35, 57, 76, 8, 0, 0.06%, 10, 0, 9, 356.85
1734309399, 35, 58, 76, 8, 0, 0.06%, 10, 0, 9, 339.50
1734309404, 35, 62, 76, 8, 0, 0.06%, 10, 0, 9, 284.91
1734309414, 35, 69, 76, 8, 0, 0.06%, 10, 0, 9, 311.84
1734309419, 35, 71, 76, 8, 0, 0.06%, 10, 0, 9, 332.92
1734309424, 35, 72, 76, 8, 0, 0.06%, 10, 0, 9, 319.70
1734309435, 35, 74, 76, 8, 0, 0.06%, 10, 0, 9, 337.34
1734309445, 35, 75, 76, 8, 0, 0.06%, 10, 0, 9, 326.82
1734309460, 36, 24, 76, 8, 0, 0.06%, 10, 0, 9, 321.28
1734309465, 36, 26, 76, 8, 0, 0.06%, 10, 0, 9, 330.24
1734309470, 36, 28, 76, 8, 0, 0.06%, 10, 0, 9, 325.37
1734309475, 36, 56, 76, 8, 0, 0.06%, 10, 0, 9, 345.07
1734309480, 36, 57, 76, 8, 0, 0.06%, 10, 0, 9, 367.75
1734309486, 36, 58, 76, 8, 0, 0.06%, 10, 0, 9, 370.20
1734309491, 36, 62, 76, 8, 0, 0.06%, 10, 0, 9, 356.54
1734309501, 36, 69, 76, 8, 0, 0.06%, 10, 0, 9, 325.33
1734309506, 36, 71, 76, 8, 0, 0.06%, 10, 0, 9, 343.57
1734309516, 36, 72, 76, 8, 0, 0.06%, 10, 0, 9, 338.60
1734309521, 36, 74, 76, 8, 0, 0.06%, 10, 0, 9, 396.26
1734309536, 36, 75, 76, 8, 0, 0.06%, 10, 0, 9, 276.83
1734309546, 37, 24, 76, 8, 0, 0.06%, 10, 0, 9, 336.80
1734309552, 37, 26, 76, 8, 0, 0.06%, 10, 0, 9, 306.80
1734309557, 37, 27, 76, 8, 0, 0.06%, 10, 0, 9, 330.90
1734309562, 37, 28, 76, 8, 0, 0.06%, 10, 0, 9, 352.18
1734309567, 37, 57, 76, 8, 0, 0.06%, 10, 0, 9, 344.61
1734309572, 37, 58, 76, 8, 0, 0.06%, 10, 0, 9, 374.29
1734309577, 37, 62, 76, 8, 0, 0.06%, 10, 0, 9, 383.41
1734309587, 37, 69, 76, 8, 0, 0.06%, 10, 0, 9, 337.76
1734309592, 37, 71, 76, 8, 0, 0.06%, 10, 0, 9, 336.05
1734309602, 37, 72, 76, 8, 0, 0.06%, 10, 0, 9, 349.05
1734309607, 37, 74, 76, 8, 0, 0.06%, 10, 0, 9, 347.30
1734309623, 37, 75, 76, 8, 0, 0.06%, 10, 0, 9, 289.37
1734309633, 38, 24, 76, 8, 0, 0.06%, 10, 0, 9, 344.77
1734309638, 38, 26, 76, 8, 0, 0.06%, 10, 0, 9, 337.13
1734309643, 38, 27, 76, 8, 0, 0.06%, 10, 0, 9, 352.50
1734309648, 38, 28, 76, 8, 0, 0.06%, 10, 0, 9, 344.68
1734309653, 38, 56, 76, 8, 0, 0.06%, 10, 0, 9, 348.55
1734309658, 38, 58, 76, 8, 0, 0.06%, 10, 0, 9, 347.79
1734309663, 38, 62, 76, 8, 0, 0.06%, 10, 0, 9, 391.10
1734309673, 38, 69, 76, 8, 0, 0.06%, 10, 0, 9, 343.73
1734309678, 38, 71, 76, 8, 0, 0.06%, 10, 0, 9, 332.00
1734309688, 38, 72, 76, 8, 0, 0.06%, 10, 0, 9, 334.69
1734309699, 38, 74, 76, 8, 0, 0.06%, 10, 0, 9, 274.39
1734309709, 38, 75, 76, 8, 0, 0.06%, 10, 0, 9, 319.64
1734309719, 39, 24, 76, 8, 0, 0.06%, 10, 0, 9, 353.43
1734309724, 39, 26, 76, 8, 0, 0.06%, 10, 0, 9, 329.38
1734309729, 39, 27, 76, 8, 0, 0.06%, 10, 0, 9, 353.46
1734309734, 39, 28, 76, 8, 0, 0.06%, 10, 0, 9, 368.16
1734309739, 39, 56, 76, 8, 0, 0.06%, 10, 0, 9, 350.20
1734309744, 39, 57, 76, 8, 0, 0.06%, 10, 0, 9, 339.75
1734309749, 39, 62, 76, 8, 0, 0.06%, 10, 0, 9, 351.85
1734309759, 39, 69, 76, 8, 0, 0.06%, 10, 0, 9, 345.89
1734309770, 39, 71, 76, 8, 0, 0.06%, 10, 0, 9, 330.63
1734309775, 39, 72, 76, 8, 0, 0.06%, 10, 0, 9, 323.69
1734309785, 39, 74, 76, 8, 0, 0.06%, 10, 0, 9, 272.72
1734309795, 39, 75, 76, 8, 0, 0.06%, 10, 0, 9, 340.71
1734309805, 40, 24, 76, 8, 0, 0.06%, 10, 0, 9, 369.59
1734309810, 40, 26, 76, 8, 0, 0.06%, 10, 0, 9, 347.87
1734309815, 40, 27, 76, 8, 0, 0.06%, 10, 0, 9, 353.48
1734309820, 40, 28, 76, 8, 0, 0.06%, 10, 0, 9, 353.51
1734309825, 40, 56, 76, 8, 0, 0.06%, 10, 0, 9, 352.52
1734309830, 40, 57, 76, 8, 0, 0.06%, 10, 0, 9, 351.01
1734309835, 40, 58, 76, 8, 0, 0.06%, 10, 0, 9, 334.86
1734309841, 40, 62, 76, 8, 0, 0.06%, 10, 0, 9, 291.07
1734309851, 40, 69, 76, 8, 0, 0.06%, 10, 0, 9, 328.37
1734309856, 40, 71, 76, 8, 0, 0.06%, 10, 0, 9, 334.14
1734309866, 40, 72, 76, 8, 0, 0.06%, 10, 0, 9, 321.71
1734309871, 40, 74, 76, 8, 0, 0.06%, 10, 0, 9, 357.24
1734309881, 40, 75, 76, 8, 0, 0.06%, 10, 0, 9, 392.84
1734309896, 41, 24, 76, 8, 0, 0.06%, 10, 0, 9, 312.42
1734309901, 41, 26, 76, 8, 0, 0.06%, 10, 0, 9, 303.94
1734309906, 41, 27, 76, 8, 0, 0.06%, 10, 0, 9, 318.54
1734309912, 41, 56, 76, 8, 0, 0.06%, 10, 0, 9, 334.19
1734309917, 41, 57, 76, 8, 0, 0.06%, 10, 0, 9, 323.96
1734309922, 41, 58, 76, 8, 0, 0.06%, 10, 0, 9, 356.44
1734309927, 41, 62, 76, 8, 0, 0.06%, 10, 0, 9, 386.20
1734309937, 41, 69, 76, 8, 0, 0.06%, 10, 0, 9, 332.56
1734309942, 41, 71, 76, 8, 0, 0.06%, 10, 0, 9, 316.45
1734309952, 41, 72, 76, 8, 0, 0.06%, 10, 0, 9, 325.23
1734309962, 41, 74, 76, 8, 0, 0.06%, 10, 0, 9, 260.70
1734309973, 41, 75, 76, 8, 0, 0.06%, 10, 0, 9, 312.55
1734309983, 42, 24, 77, 9, 0, 0.07%, 11, 0, 9, 361.32
1734309988, 42, 76, 77, 9, 1, 0.07%, 11, 0, 9, 311.85
1734310049, 43, 76, 77, 8, 0, 0.07%, 11, 0, 9, 225.52
1734310069, 44, 76, 77, 8, 0, 0.07%, 11, 0, 9, 276.30
1734310094, 45, 76, 77, 8, 0, 0.07%, 11, 0, 9, 247.38
1734310120, 46, 76, 77, 8, 0, 0.07%, 11, 0, 9, 231.25
1734310140, 47, 76, 77, 8, 0, 0.07%, 11, 0, 9, 247.67
1734310166, 48, 76, 77, 8, 0, 0.07%, 11, 0, 9, 239.44
1734310191, 49, 76, 77, 8, 0, 0.07%, 11, 0, 9, 231.84
1734310211, 50, 76, 77, 8, 0, 0.07%, 11, 0, 9, 260.47
1734310237, 51, 76, 77, 8, 0, 0.07%, 11, 0, 9, 247.18
1734310262, 52, 76, 77, 8, 0, 0.07%, 11, 0, 9, 241.50
1734310272, 53, 76, 77, 8, 0, 0.07%, 11, 0, 9, 237.07
1734310282, 54, 76, 77, 8, 0, 0.07%, 11, 0, 9, 268.63
1734310287, 54, 76, 78, 9, 0, 0.09%, 12, 0, 9, 249.40
1734310293, 54, 77, 78, 9, 1, 0.09%, 12, 0, 9, 251.33
1734310358, 55, 77, 78, 8, 0, 0.09%, 12, 0, 9, 272.45
1734310389, 56, 77, 78, 8, 0, 0.09%, 12, 0, 9, 274.81
1734310419, 57, 77, 78, 8, 0, 0.09%, 12, 0, 9, 268.55
1734310455, 58, 77, 78, 8, 0, 0.09%, 12, 0, 9, 267.88
1734310485, 59, 76, 78, 8, 0, 0.09%, 12, 0, 9, 252.40
1734310490, 59, 77, 78, 8, 0, 0.09%, 12, 0, 9, 265.26
1734310521, 60, 76, 78, 8, 0, 0.09%, 12, 0, 9, 275.06
1734310526, 60, 77, 78, 8, 0, 0.09%, 12, 0, 9, 275.30
1734310556, 61, 76, 78, 8, 0, 0.09%, 12, 0, 9, 293.29
1734310561, 61, 77, 78, 8, 0, 0.09%, 12, 0, 9, 267.33
1734310596, 62, 76, 78, 8, 0, 0.09%, 12, 0, 9, 252.77
1734310601, 62, 77, 78, 8, 0, 0.09%, 12, 0, 9, 259.29
1734310632, 63, 76, 78, 8, 0, 0.09%, 12, 0, 9, 271.43
1734310637, 63, 77, 78, 8, 0, 0.09%, 12, 0, 9, 260.41
1734310668, 64, 76, 78, 8, 0, 0.09%, 12, 0, 9, 277.85
1734310673, 64, 77, 78, 8, 0, 0.09%, 12, 0, 9, 278.93
1734310703, 65, 76, 78, 8, 0, 0.09%, 12, 0, 9, 241.72
1734310708, 65, 77, 78, 8, 0, 0.09%, 12, 0, 9, 271.66
1734310739, 66, 76, 78, 8, 0, 0.09%, 12, 0, 9, 280.91
1734310744, 66, 77, 78, 8, 0, 0.09%, 12, 0, 9, 265.35
1734310774, 67, 76, 78, 8, 0, 0.09%, 12, 0, 9, 319.23
1734310785, 68, 76, 78, 8, 0, 0.09%, 12, 0, 9, 275.11
1734310790, 69, 76, 78, 8, 0, 0.09%, 12, 0, 9, 257.53
1734310795, 70, 76, 78, 8, 0, 0.09%, 12, 0, 9, 239.25
1734310800, 71, 76, 78, 8, 0, 0.09%, 12, 0, 9, 239.98
1734310805, 72, 76, 78, 8, 0, 0.09%, 12, 0, 9, 241.84
1734310810, 72, 77, 78, 8, 0, 0.09%, 12, 0, 9, 265.11
1734310825, 73, 76, 78, 8, 0, 0.09%, 12, 0, 9, 300.59
1734310835, 73, 77, 78, 8, 0, 0.09%, 12, 0, 9, 269.49
1734310851, 74, 76, 78, 8, 0, 0.09%, 12, 0, 9, 276.38
1734310856, 74, 77, 78, 8, 0, 0.09%, 12, 0, 9, 278.98
1734310861, 75, 76, 78, 8, 0, 0.09%, 12, 0, 9, 272.52
1734310871, 75, 77, 78, 8, 0, 0.09%, 12, 0, 9, 265.78
1734310876, 76, 76, 78, 8, 0, 0.09%, 12, 0, 9, 258.81
1734310881, 76, 77, 78, 8, 0, 0.09%, 12, 0, 9, 278.65
1734310892, 77, 76, 78, 8, 0, 0.09%, 12, 0, 9, 267.20
1734310897, 77, 77, 78, 8, 0, 0.09%, 12, 0, 9, 271.29
1734310902, 78, 76, 78, 8, 0, 0.09%, 12, 0, 9, 274.59
1734310912, 78, 77, 78, 8, 0, 0.09%, 12, 0, 9, 277.65
1734310917, 79, 76, 78, 8, 0, 0.09%, 12, 0, 9, 258.59
1734310922, 79, 77, 78, 8, 0, 0.09%, 12, 0, 9, 282.61
1734310932, 80, 76, 78, 8, 0, 0.09%, 12, 0, 9, 247.83
1734310937, 80, 77, 78, 8, 0, 0.09%, 12, 0, 9, 274.05
1734310947, 81, 76, 78, 8, 0, 0.09%, 12, 0, 9, 258.50
1734310953, 81, 77, 78, 8, 0, 0.09%, 12, 0, 9, 267.35
1734310958, 82, 76, 78, 8, 0, 0.09%, 12, 0, 9, 274.79
1734310963, 82, 77, 78, 8, 0, 0.09%, 12, 0, 9, 273.71
1734310973, 83, 76, 78, 8, 0, 0.09%, 12, 0, 9, 240.14
1734310978, 83, 77, 78, 8, 0, 0.09%, 12, 0, 9, 269.33
1734310988, 84, 76, 78, 8, 0, 0.09%, 12, 0, 9, 258.39
1734310993, 84, 77, 78, 8, 0, 0.09%, 12, 0, 9, 265.96
1734311003, 85, 76, 78, 8, 0, 0.09%, 12, 0, 9, 234.05
1734311009, 85, 77, 78, 8, 0, 0.09%, 12, 0, 9, 281.52
1734311014, 86, 76, 78, 8, 0, 0.09%, 12, 0, 9, 275.12
1734311019, 86, 77, 78, 8, 0, 0.09%, 12, 0, 9, 273.06
1734311029, 87, 76, 78, 8, 0, 0.09%, 12, 0, 9, 260.27
1734311034, 87, 77, 78, 8, 0, 0.09%, 12, 0, 9, 272.02
1734311044, 88, 76, 78, 8, 0, 0.09%, 12, 0, 9, 264.43
1734311049, 88, 77, 78, 8, 0, 0.09%, 12, 0, 9, 257.27
1734311054, 89, 76, 78, 8, 0, 0.09%, 12, 0, 9, 286.68
1734311065, 89, 77, 78, 8, 0, 0.09%, 12, 0, 9, 304.12
1734311070, 90, 76, 78, 8, 0, 0.09%, 12, 0, 9, 247.91
1734311075, 90, 77, 78, 8, 0, 0.09%, 12, 0, 9, 275.34
1734311085, 91, 76, 78, 8, 0, 0.09%, 12, 0, 9, 250.75
1734311090, 91, 77, 78, 8, 0, 0.09%, 12, 0, 9, 264.83
1734311100, 92, 76, 78, 8, 0, 0.09%, 12, 0, 9, 263.22
1734311105, 92, 77, 78, 8, 0, 0.09%, 12, 0, 9, 283.87
1734311110, 93, 76, 78, 8, 0, 0.09%, 12, 0, 9, 270.58
1734311116, 93, 77, 78, 8, 0, 0.09%, 12, 0, 9, 256.42
1734311126, 94, 76, 78, 8, 0, 0.09%, 12, 0, 9, 262.30
1734311131, 94, 77, 78, 8, 0, 0.09%, 12, 0, 9, 273.94
1734311141, 95, 76, 78, 8, 0, 0.09%, 12, 0, 9, 263.28
1734311146, 95, 77, 78, 8, 0, 0.09%, 12, 0, 9, 290.15
1734311151, 96, 76, 78, 8, 0, 0.09%, 12, 0, 9, 265.99
1734311161, 96, 77, 78, 8, 0, 0.09%, 12, 0, 9, 263.92
1734311166, 97, 76, 78, 8, 0, 0.09%, 12, 0, 9, 257.69
1734311171, 97, 77, 78, 8, 0, 0.09%, 12, 0, 9, 266.65
1734311182, 98, 76, 78, 8, 0, 0.09%, 12, 0, 9, 270.99
1734311187, 98, 77, 78, 8, 0, 0.09%, 12, 0, 9, 268.52
1734311197, 99, 76, 78, 8, 0, 0.09%, 12, 0, 9, 277.61
1734311202, 99, 77, 78, 8, 0, 0.09%, 12, 0, 9, 272.78
1734311207, 100, 76, 78, 8, 0, 0.09%, 12, 0, 9, 258.77
1734311212, 100, 77, 78, 8, 0, 0.09%, 12, 0, 9, 266.48
1734311223, 101, 76, 78, 8, 0, 0.09%, 12, 0, 9, 240.25
1734311228, 101, 77, 78, 8, 0, 0.09%, 12, 0, 9, 270.05
1734311238, 102, 76, 78, 8, 0, 0.09%, 12, 0, 9, 256.88
1734311243, 102, 77, 78, 8, 0, 0.09%, 12, 0, 9, 268.55
1734311253, 103, 76, 78, 8, 0, 0.09%, 12, 0, 9, 250.46
1734311258, 103, 77, 78, 8, 0, 0.09%, 12, 0, 9, 270.81
1734311263, 104, 76, 78, 8, 0, 0.09%, 12, 0, 9, 262.80
1734311273, 104, 77, 78, 8, 0, 0.09%, 12, 0, 9, 292.13
1734311278, 105, 76, 78, 8, 0, 0.09%, 12, 0, 9, 253.71
1734311283, 105, 77, 78, 8, 0, 0.09%, 12, 0, 9, 255.38
1734311293, 106, 76, 78, 8, 0, 0.09%, 12, 0, 9, 262.73
1734311298, 106, 77, 78, 8, 0, 0.09%, 12, 0, 9, 265.75
1734311309, 107, 76, 78, 8, 0, 0.09%, 12, 0, 9, 248.85
1734311314, 107, 77, 78, 8, 0, 0.09%, 12, 0, 9, 271.56
1734311319, 108, 76, 78, 8, 0, 0.09%, 12, 0, 9, 282.74
1734311329, 108, 77, 78, 8, 0, 0.09%, 12, 0, 9, 301.36
1734311334, 109, 76, 78, 8, 0, 0.09%, 12, 0, 9, 252.23
1734311339, 109, 77, 78, 8, 0, 0.09%, 12, 0, 9, 275.56
1734311350, 110, 76, 78, 8, 0, 0.09%, 12, 0, 9, 260.11
1734311355, 110, 77, 78, 8, 0, 0.09%, 12, 0, 9, 283.96
1734311360, 111, 76, 78, 8, 0, 0.09%, 12, 0, 9, 279.08
1734311365, 111, 77, 78, 8, 0, 0.09%, 12, 0, 9, 281.07
1734311375, 112, 76, 78, 8, 0, 0.09%, 12, 0, 9, 266.06
1734311380, 112, 77, 78, 8, 0, 0.09%, 12, 0, 9, 273.01
1734311385, 113, 76, 78, 8, 0, 0.09%, 12, 0, 9, 287.89
1734311395, 113, 77, 78, 8, 0, 0.09%, 12, 0, 9, 274.08
1734311401, 114, 76, 78, 8, 0, 0.09%, 12, 0, 9, 262.53
1734311406, 114, 77, 78, 8, 0, 0.09%, 12, 0, 9, 268.20
1734311416, 115, 76, 78, 8, 0, 0.09%, 12, 0, 9, 244.03
1734311421, 115, 77, 78, 8, 0, 0.09%, 12, 0, 9, 258.02
1734311431, 116, 76, 78, 8, 0, 0.09%, 12, 0, 9, 241.55
1734311436, 116, 77, 78, 8, 0, 0.09%, 12, 0, 9, 260.74
1734311446, 117, 76, 78, 8, 0, 0.09%, 12, 0, 9, 249.05
1734311451, 117, 77, 78, 8, 0, 0.09%, 12, 0, 9, 268.70
1734311456, 118, 76, 78, 8, 0, 0.09%, 12, 0, 9, 283.28
1734311466, 118, 77, 78, 8, 0, 0.09%, 12, 0, 9, 263.56
1734311471, 119, 76, 78, 8, 0, 0.09%, 12, 0, 9, 249.00
1734311477, 119, 77, 78, 8, 0, 0.09%, 12, 0, 9, 276.69
1734311487, 120, 76, 78, 8, 0, 0.09%, 12, 0, 9, 250.07
1734311492, 120, 77, 78, 8, 0, 0.09%, 12, 0, 9, 261.28
1734311502, 121, 76, 78, 8, 0, 0.09%, 12, 0, 9, 255.86
1734311507, 121, 77, 78, 8, 0, 0.09%, 12, 0, 9, 283.43
1734311512, 122, 76, 78, 8, 0, 0.09%, 12, 0, 9, 272.41
1734311522, 122, 77, 78, 8, 0, 0.09%, 12, 0, 9, 279.16
1734311527, 123, 76, 78, 8, 0, 0.09%, 12, 0, 9, 256.85
1734311532, 123, 77, 78, 8, 0, 0.09%, 12, 0, 9, 268.23
1734311543, 124, 76, 78, 8, 0, 0.09%, 12, 0, 9, 246.60
1734311548, 124, 77, 78, 8, 0, 0.09%, 12, 0, 9, 269.91
1734311558, 125, 76, 78, 8, 0, 0.09%, 12, 0, 9, 251.30
1734311563, 125, 77, 78, 8, 0, 0.09%, 12, 0, 9, 272.42
1734311568, 126, 76, 78, 8, 0, 0.09%, 12, 0, 9, 262.90
1734311573, 127, 76, 78, 8, 0, 0.09%, 12, 0, 9, 273.45
1734311583, 128, 76, 78, 8, 0, 0.09%, 12, 0, 9, 257.38
1734311588, 129, 76, 78, 8, 0, 0.09%, 12, 0, 9, 256.33
1734311593, 130, 76, 78, 8, 0, 0.09%, 12, 0, 9, 237.08
1734311598, 131, 76, 78, 8, 0, 0.09%, 12, 0, 9, 242.62
1734311604, 132, 76, 78, 8, 0, 0.09%, 12, 0, 9, 250.82
1734311614, 133, 76, 78, 8, 0, 0.09%, 12, 0, 9, 258.97
1734311619, 134, 76, 78, 8, 0, 0.09%, 12, 0, 9, 250.92
1734311624, 135, 76, 78, 8, 0, 0.09%, 12, 0, 9, 237.21
1734311629, 136, 76, 78, 8, 0, 0.09%, 12, 0, 9, 241.51
1734311634, 137, 76, 78, 8, 0, 0.09%, 12, 0, 9, 249.99
1734311639, 138, 76, 78, 8, 0, 0.09%, 12, 0, 9, 249.43
1734311649, 139, 76, 78, 8, 0, 0.09%, 12, 0, 9, 234.56
1734311654, 139, 77, 78, 8, 0, 0.09%, 12, 0, 9, 270.88
1734311660, 140, 76, 78, 8, 0, 0.09%, 12, 0, 9, 272.57
1734311670, 140, 77, 78, 8, 0, 0.09%, 12, 0, 9, 266.11
1734311675, 141, 76, 78, 8, 0, 0.09%, 12, 0, 9, 253.56
1734311680, 141, 77, 78, 8, 0, 0.09%, 12, 0, 9, 274.98
1734311690, 142, 76, 78, 8, 0, 0.09%, 12, 0, 9, 262.52
1734311695, 142, 77, 78, 8, 0, 0.09%, 12, 0, 9, 268.81
1734311705, 143, 76, 78, 8, 0, 0.09%, 12, 0, 9, 277.83
1734311710, 143, 77, 78, 8, 0, 0.09%, 12, 0, 9, 269.90
1734311715, 144, 76, 78, 8, 0, 0.09%, 12, 0, 9, 254.55
1734311720, 144, 77, 78, 8, 0, 0.09%, 12, 0, 9, 260.43
1734311730, 145, 76, 78, 8, 0, 0.09%, 12, 0, 9, 254.56
1734311736, 145, 77, 78, 8, 0, 0.09%, 12, 0, 9, 275.61
1734311746, 146, 76, 78, 8, 0, 0.09%, 12, 0, 9, 270.90
1734311751, 146, 77, 78, 8, 0, 0.09%, 12, 0, 9, 262.35
1734311756, 147, 76, 78, 8, 0, 0.09%, 12, 0, 9, 282.72
1734311766, 147, 77, 78, 8, 0, 0.09%, 12, 0, 9, 293.90
1734311771, 148, 76, 78, 8, 0, 0.09%, 12, 0, 9, 256.87
1734311776, 148, 77, 78, 8, 0, 0.09%, 12, 0, 9, 272.23
1734311786, 149, 76, 78, 8, 0, 0.09%, 12, 0, 9, 246.30
1734311791, 149, 77, 78, 8, 0, 0.09%, 12, 0, 9, 270.51
1734311796, 150, 76, 78, 8, 0, 0.09%, 12, 0, 9, 294.82
1734311807, 150, 77, 78, 8, 0, 0.09%, 12, 0, 9, 300.01
1734311812, 151, 76, 78, 8, 0, 0.09%, 12, 0, 9, 258.50
1734311817, 151, 77, 78, 8, 0, 0.09%, 12, 0, 9, 267.60
1734311827, 152, 76, 78, 8, 0, 0.09%, 12, 0, 9, 250.63
1734311832, 152, 77, 78, 8, 0, 0.09%, 12, 0, 9, 275.37
1734311842, 153, 76, 78, 8, 0, 0.09%, 12, 0, 9, 279.80
1734311847, 153, 77, 78, 8, 0, 0.09%, 12, 0, 9, 285.81
1734311852, 154, 76, 78, 8, 0, 0.09%, 12, 0, 9, 266.68
1734311857, 154, 77, 78, 8, 0, 0.09%, 12, 0, 9, 275.65
1734311867, 155, 76, 78, 8, 0, 0.09%, 12, 0, 9, 252.11
1734311872, 155, 77, 78, 8, 0, 0.09%, 12, 0, 9, 280.55
1734311883, 156, 76, 78, 8, 0, 0.09%, 12, 0, 9, 274.36
1734311888, 156, 77, 78, 8, 0, 0.09%, 12, 0, 9, 269.73
1734311893, 157, 76, 79, 9, 0, 0.09%, 12, 0, 9, 263.55
1734311903, 157, 77, 79, 9, 0, 0.09%, 12, 0, 9, 273.04
1734311908, 157, 78, 79, 9, 0, 0.09%, 12, 0, 9, 291.19
1734311964, 158, 76, 79, 8, 0, 0.09%, 12, 0, 9, 257.08
1734311969, 158, 77, 79, 8, 0, 0.09%, 12, 0, 9, 281.53
1734311974, 158, 78, 81, 10, 0, 0.09%, 13, 0, 9, 315.33
1734311994, 158, 80, 81, 10, 1, 0.09%, 13, 0, 9, 430.72
1734311999, 158, 80, 84, 13, 1, 0.11%, 14, 0, 9, 461.97
1734312004, 158, 80, 85, 14, 1, 0.11%, 15, 0, 9, 473.92
1734312020, 158, 80, 87, 16, 1, 0.11%, 16, 0, 9, 466.17
1734312025, 158, 80, 89, 18, 1, 0.11%, 16, 0, 9, 471.44
1734312030, 158, 80, 90, 19, 1, 0.11%, 16, 0, 9, 479.18
1734312065, 158, 81, 90, 18, 3, 0.11%, 16, 0, 9, 391.22
1734312070, 158, 81, 91, 19, 3, 0.11%, 16, 0, 10, 410.07
1734312167, 158, 84, 92, 19, 2, 0.11%, 16, 0, 10, 260.10
1734312172, 158, 84, 94, 21, 2, 0.11%, 16, 0, 10, 416.85
1734312177, 158, 84, 96, 23, 2, 0.11%, 16, 0, 10, 477.83
1734312208, 158, 84, 97, 24, 2, 0.12%, 16, 0, 10, 492.47
1734312213, 158, 84, 97, 24, 2, 0.12%, 17, 0, 10, 496.21
1734312228, 158, 84, 100, 27, 2, 0.12%, 17, 0, 10, 328.52
1734312239, 158, 85, 101, 27, 2, 0.12%, 18, 0, 10, 346.85
1734312244, 158, 85, 102, 28, 2, 0.12%, 19, 0, 10, 452.85
1734312336, 158, 100, 103, 28, 3, 0.12%, 19, 0, 11, 417.17
1734312367, 158, 100, 104, 29, 3, 0.12%, 19, 0, 11, 530.78
1734312387, 158, 100, 105, 30, 3, 0.12%, 19, 0, 11, 529.83
1734312422, 158, 101, 105, 29, 3, 0.12%, 19, 0, 11, 320.04
1734312427, 158, 101, 106, 30, 3, 0.12%, 19, 0, 11, 405.09
1734312453, 158, 101, 107, 31, 3, 0.12%, 19, 0, 11, 429.03
1734312458, 158, 101, 109, 33, 3, 0.12%, 19, 0, 11, 425.37
1734312489, 158, 101, 110, 34, 3, 0.12%, 19, 0, 11, 431.67
1734312524, 159, 96, 110, 33, 2, 0.12%, 19, 0, 11, 302.44
1734312529, 159, 96, 115, 38, 2, 0.13%, 24, 0, 11, 193.65
1734312545, 159, 96, 117, 40, 2, 0.13%, 24, 0, 11, 390.84
1734312550, 159, 96, 118, 41, 2, 0.13%, 24, 0, 11, 420.10
1734312560, 159, 96, 119, 42, 2, 0.13%, 24, 0, 11, 428.63
1734312570, 159, 96, 120, 43, 2, 0.13%, 24, 0, 11, 435.32
1734312621, 159, 110, 121, 43, 6, 0.13%, 24, 0, 12, 210.89
1734312642, 159, 110, 122, 44, 6, 0.13%, 24, 0, 12, 436.22
1734312703, 159, 111, 122, 43, 6, 0.13%, 24, 0, 12, 256.96
1734312708, 159, 111, 123, 44, 6, 0.13%, 24, 0, 12, 177.96
1734312733, 159, 111, 124, 45, 6, 0.13%, 24, 0, 12, 420.08
1734312794, 159, 112, 124, 44, 6, 0.13%, 24, 0, 12, 223.83
1734312799, 159, 112, 125, 45, 6, 0.13%, 24, 0, 12, 167.45
1734312855, 159, 113, 125, 44, 5, 0.13%, 24, 0, 12, 292.31
1734312917, 159, 114, 125, 43, 4, 0.13%, 24, 0, 12, 320.42
1734312922, 159, 114, 126, 44, 4, 0.13%, 24, 0, 12, 197.18
1734312937, 159, 114, 127, 45, 4, 0.13%, 24, 0, 12, 402.65
1734312983, 159, 114, 128, 46, 4, 0.13%, 24, 0, 12, 431.21
1734313009, 160, 100, 128, 45, 4, 0.13%, 24, 0, 12, 378.32
1734313034, 160, 102, 128, 45, 4, 0.13%, 24, 0, 12, 448.07
1734313075, 160, 103, 129, 45, 3, 0.14%, 24, 0, 12, 315.22
1734313080, 160, 103, 135, 51, 3, 0.15%, 26, 0, 12, 410.13
1734313085, 160, 103, 147, 63, 3, 0.15%, 26, 0, 12, 489.86
1734313101, 160, 103, 148, 64, 3, 0.15%, 26, 0, 12, 530.03
1734313106, 160, 103, 149, 65, 3, 0.15%, 26, 0, 12, 530.93
1734313167, 160, 128, 149, 64, 5, 0.15%, 26, 0, 12, 400.72
1734313172, 160, 128, 150, 65, 5, 0.15%, 27, 0, 13, 419.44
1734313193, 160, 128, 151, 66, 5, 0.15%, 27, 0, 13, 524.51
1734313203, 160, 128, 152, 67, 5, 0.15%, 28, 0, 13, 520.84
1734313223, 160, 128, 153, 68, 5, 0.15%, 28, 0, 13, 523.76
1734313269, 160, 151, 155, 69, 6, 0.16%, 30, 0, 14, 425.27
1734313325, 160, 153, 155, 68, 7, 0.16%, 30, 0, 14, 364.08
1734313330, 160, 153, 156, 69, 7, 0.16%, 30, 0, 15, 452.48
1734313417, 160, 154, 156, 68, 6, 0.16%, 30, 0, 15, 351.23
1734313478, 161, 130, 156, 67, 5, 0.16%, 30, 0, 15, 364.99
1734313503, 161, 130, 157, 68, 5, 0.16%, 30, 0, 15, 530.21
1734313554, 161, 154, 157, 67, 5, 0.16%, 30, 0, 15, 474.88
1734313564, 161, 154, 158, 68, 5, 0.16%, 30, 0, 15, 363.19
1734313574, 161, 154, 159, 69, 5, 0.16%, 30, 0, 15, 292.43
1734313585, 161, 156, 159, 69, 5, 0.16%, 30, 0, 15, 336.69
1734313600, 161, 156, 160, 70, 5, 0.16%, 30, 0, 15, 525.25
1734313640, 161, 156, 161, 71, 5, 0.16%, 30, 0, 15, 479.27
1734313661, 162, 154, 163, 72, 5, 0.16%, 30, 0, 15, 424.64
1734313696, 163, 154, 163, 72, 5, 0.16%, 30, 0, 15, 478.26
1734313716, 163, 154, 164, 73, 5, 0.16%, 30, 0, 15, 308.44
1734313727, 164, 154, 164, 73, 5, 0.16%, 30, 0, 15, 376.11
1734313762, 165, 154, 164, 73, 5, 0.16%, 30, 0, 15, 469.89
1734313793, 166, 154, 164, 73, 5, 0.16%, 30, 0, 15, 430.34
1734313823, 166, 155, 164, 73, 5, 0.16%, 30, 0, 15, 272.15
1734313894, 166, 155, 165, 74, 5, 0.16%, 30, 0, 16, 234.67
1734314385, 166, 155, 166, 75, 5, 0.16%, 30, 0, 16, 485.54
1734314456, 166, 156, 166, 74, 5, 0.16%, 30, 0, 16, 464.34
1734314466, 166, 156, 167, 75, 5, 0.16%, 30, 0, 16, 523.53
1734314492, 166, 157, 167, 75, 5, 0.16%, 30, 0, 16, 365.69
1734314502, 166, 157, 168, 76, 5, 0.16%, 30, 0, 16, 533.79
1734314517, 166, 157, 169, 77, 5, 0.16%, 30, 0, 16, 524.58
1734314588, 166, 158, 169, 76, 5, 0.16%, 30, 0, 16, 301.03
1734314609, 166, 158, 170, 77, 5, 0.16%, 30, 0, 16, 499.27
1734314619, 166, 158, 171, 78, 5, 0.16%, 30, 0, 16, 512.33
1734314695, 166, 159, 171, 77, 5, 0.16%, 30, 0, 16, 463.19
1734314757, 167, 154, 171, 76, 4, 0.16%, 30, 0, 16, 463.20
1734314787, 168, 154, 171, 76, 4, 0.16%, 30, 0, 16, 475.97
1734314817, 169, 154, 171, 76, 4, 0.16%, 30, 0, 16, 457.53
1734314847, 170, 154, 171, 76, 4, 0.16%, 30, 0, 16, 459.76
1734314878, 171, 154, 171, 76, 4, 0.16%, 30, 0, 16, 452.81
1734314908, 172, 154, 171, 76, 4, 0.16%, 30, 0, 16, 429.25
1734314939, 173, 154, 171, 76, 4, 0.16%, 30, 0, 16, 469.28
1734314969, 174, 154, 171, 76, 4, 0.16%, 30, 0, 16, 452.75
1734314974, 174, 154, 172, 77, 4, 0.16%, 30, 0, 16, 498.78
1734315010, 174, 156, 172, 77, 4, 0.16%, 30, 0, 16, 487.90
1734315031, 174, 157, 172, 77, 4, 0.16%, 30, 0, 16, 441.91
1734315056, 174, 157, 174, 79, 4, 0.16%, 30, 0, 16, 304.73
1734315061, 174, 158, 174, 79, 4, 0.16%, 30, 0, 16, 340.20
1734315097, 174, 159, 174, 79, 4, 0.16%, 30, 0, 16, 461.99
1734315127, 174, 160, 174, 79, 4, 0.16%, 30, 0, 16, 424.25
1734315188, 174, 161, 174, 78, 4, 0.16%, 30, 0, 16, 323.64
1734315219, 174, 161, 175, 79, 4, 0.16%, 30, 0, 16, 533.32
1734315280, 174, 162, 175, 78, 4, 0.16%, 30, 0, 16, 332.34
1734315311, 174, 162, 176, 79, 4, 0.16%, 30, 0, 16, 511.78
1734315382, 174, 162, 177, 80, 4, 0.16%, 30, 0, 16, 308.86
1734315388, 174, 166, 177, 79, 4, 0.16%, 30, 0, 16, 411.75
1734315453, 174, 171, 177, 78, 4, 0.16%, 30, 0, 16, 299.62
1734315479, 174, 171, 178, 79, 4, 0.16%, 30, 0, 16, 507.71
1734315489, 174, 171, 179, 80, 4, 0.16%, 30, 0, 16, 510.44
1734315565, 174, 172, 179, 79, 4, 0.16%, 30, 0, 16, 223.51
1734315688, 174, 176, 179, 78, 4, 0.16%, 30, 0, 16, 408.72
1734315693, 174, 176, 180, 79, 4, 0.16%, 30, 0, 16, 494.48
