# unix_time, cycles_done, cur_path, paths_total, pending_total, pending_favs, map_size, unique_crashes, unique_hangs, max_depth, execs_per_sec
1735547364, 0, 0, 10, 10, 1, 0.00%, 0, 0, 1, 175.44
1735547369, 0, 2, 10, 10, 1, 0.00%, 0, 0, 1, 202.97
1735547375, 0, 3, 10, 9, 0, 0.00%, 0, 0, 1, 211.60
1735547380, 0, 4, 10, 8, 0, 0.00%, 0, 0, 1, 204.66
1735547390, 0, 5, 10, 7, 0, 0.00%, 0, 0, 1, 211.38
1735547395, 0, 6, 10, 6, 0, 0.00%, 0, 0, 1, 197.75
1735547405, 0, 7, 10, 5, 0, 0.00%, 0, 0, 1, 214.21
1735547410, 0, 8, 10, 4, 0, 0.00%, 0, 0, 1, 209.26
1735547415, 0, 9, 10, 3, 0, 0.00%, 0, 0, 1, 207.87
1735547426, 1, 0, 10, 2, 0, 0.00%, 0, 0, 1, 212.13
1735547436, 1, 1, 10, 1, 0, 0.00%, 0, 0, 1, 214.00
1735547446, 1, 2, 10, 0, 0, 0.00%, 0, 0, 1, 212.87
1735547451, 1, 3, 10, 0, 0, 0.00%, 0, 0, 1, 212.79
1735547456, 1, 4, 10, 0, 0, 0.00%, 0, 0, 1, 214.31
1735547462, 1, 5, 10, 0, 0, 0.00%, 0, 0, 1, 214.30
1735547467, 1, 7, 10, 0, 0, 0.00%, 0, 0, 1, 208.58
1735547472, 1, 8, 10, 0, 0, 0.00%, 0, 0, 1, 211.70
1735547477, 2, 0, 10, 0, 0, 0.00%, 0, 0, 1, 210.53
1735547482, 2, 1, 10, 0, 0, 0.00%, 0, 0, 1, 211.14
1735547487, 2, 3, 10, 0, 0, 0.00%, 0, 0, 1, 209.02
1735547492, 2, 4, 10, 0, 0, 0.00%, 0, 0, 1, 213.22
1735547497, 2, 5, 10, 0, 0, 0.00%, 0, 0, 1, 207.80
1735547502, 2, 7, 10, 0, 0, 0.00%, 0, 0, 1, 208.39
1735547507, 2, 8, 10, 0, 0, 0.00%, 0, 0, 1, 212.55
1735547512, 3, 0, 10, 0, 0, 0.00%, 0, 0, 1, 210.66
1735547518, 3, 1, 10, 0, 0, 0.00%, 0, 0, 1, 211.22
1735547523, 3, 3, 10, 0, 0, 0.00%, 0, 0, 1, 208.12
1735547528, 3, 4, 10, 0, 0, 0.00%, 0, 0, 1, 213.54
1735547533, 3, 6, 10, 0, 0, 0.00%, 0, 0, 1, 210.05
1735547538, 3, 7, 10, 0, 0, 0.00%, 0, 0, 1, 210.90
1735547543, 3, 8, 10, 0, 0, 0.00%, 0, 0, 1, 212.53
1735547548, 4, 0, 10, 0, 0, 0.00%, 0, 0, 1, 210.51
1735547553, 4, 1, 10, 0, 0, 0.00%, 0, 0, 1, 209.48
1735547559, 4, 3, 10, 0, 0, 0.00%, 0, 0, 1, 210.42
1735547564, 4, 4, 10, 0, 0, 0.00%, 0, 0, 1, 212.47
1735547569, 4, 6, 10, 0, 0, 0.00%, 0, 0, 1, 210.14
1735547574, 4, 7, 10, 0, 0, 0.00%, 0, 0, 1, 210.53
1735547579, 4, 9, 10, 0, 0, 0.00%, 0, 0, 1, 211.02
1735547584, 5, 0, 10, 0, 0, 0.00%, 0, 0, 1, 210.95
1735547589, 5, 1, 10, 0, 0, 0.00%, 0, 0, 1, 210.11
1735547594, 5, 3, 10, 0, 0, 0.00%, 0, 0, 1, 207.73
1735547599, 5, 4, 10, 0, 0, 0.00%, 0, 0, 1, 213.10
1735547604, 5, 6, 10, 0, 0, 0.00%, 0, 0, 1, 213.90
1735547609, 5, 7, 10, 0, 0, 0.00%, 0, 0, 1, 209.98
1735547614, 5, 8, 10, 0, 0, 0.00%, 0, 0, 1, 208.28
1735547619, 6, 0, 10, 0, 0, 0.00%, 0, 0, 1, 208.70
1735547625, 6, 1, 10, 0, 0, 0.00%, 0, 0, 1, 209.12
1735547630, 6, 3, 10, 0, 0, 0.00%, 0, 0, 1, 212.91
1735547635, 6, 4, 10, 0, 0, 0.00%, 0, 0, 1, 215.18
1735547640, 6, 6, 10, 0, 0, 0.00%, 0, 0, 1, 207.45
1735547645, 6, 7, 10, 0, 0, 0.00%, 0, 0, 1, 210.98
1735547650, 6, 8, 10, 0, 0, 0.00%, 0, 0, 1, 212.81
1735547655, 7, 0, 10, 0, 0, 0.00%, 0, 0, 1, 210.53
1735547660, 7, 1, 10, 0, 0, 0.00%, 0, 0, 1, 210.66
1735547665, 7, 3, 10, 0, 0, 0.00%, 0, 0, 1, 208.36
1735547670, 7, 4, 10, 0, 0, 0.00%, 0, 0, 1, 212.88
1735547676, 7, 6, 10, 0, 0, 0.00%, 0, 0, 1, 211.77
1735547681, 7, 7, 10, 0, 0, 0.00%, 0, 0, 1, 210.53
1735547686, 7, 8, 10, 0, 0, 0.00%, 0, 0, 1, 210.44
1735547691, 8, 0, 10, 0, 0, 0.00%, 0, 0, 1, 209.59
1735547696, 8, 1, 10, 0, 0, 0.00%, 0, 0, 1, 207.79
1735547701, 8, 3, 10, 0, 0, 0.00%, 0, 0, 1, 207.76
1735547706, 8, 4, 10, 0, 0, 0.00%, 0, 0, 1, 207.96
1735547711, 8, 6, 10, 0, 0, 0.00%, 0, 0, 1, 206.85
1735547716, 8, 7, 10, 0, 0, 0.00%, 0, 0, 1, 208.85
1735547721, 8, 8, 10, 0, 0, 0.00%, 0, 0, 1, 210.49
1735547726, 9, 0, 10, 0, 0, 0.00%, 0, 0, 1, 209.63
1735547732, 9, 1, 10, 0, 0, 0.00%, 0, 0, 1, 211.22
1735547737, 9, 3, 10, 0, 0, 0.00%, 0, 0, 1, 213.33
1735547742, 9, 4, 10, 0, 0, 0.00%, 0, 0, 1, 214.07
1735547747, 9, 6, 10, 0, 0, 0.00%, 0, 0, 1, 213.08
1735547752, 9, 7, 10, 0, 0, 0.00%, 0, 0, 1, 210.40
1735547757, 9, 9, 10, 0, 0, 0.00%, 0, 0, 1, 208.87
1735547762, 10, 0, 10, 0, 0, 0.00%, 0, 0, 1, 209.68
1735547767, 10, 1, 10, 0, 0, 0.00%, 0, 0, 1, 213.49
1735547773, 10, 3, 10, 0, 0, 0.00%, 0, 0, 1, 209.11
1735547778, 10, 4, 10, 0, 0, 0.00%, 0, 0, 1, 213.78
1735547783, 10, 6, 10, 0, 0, 0.00%, 0, 0, 1, 208.19
1735547788, 10, 7, 10, 0, 0, 0.00%, 0, 0, 1, 210.32
1735547793, 10, 9, 10, 0, 0, 0.00%, 0, 0, 1, 210.53
1735547798, 11, 0, 10, 0, 0, 0.00%, 0, 0, 1, 211.21
1735547803, 11, 2, 10, 0, 0, 0.00%, 0, 0, 1, 207.90
1735547808, 11, 3, 10, 0, 0, 0.00%, 0, 0, 1, 210.23
1735547814, 11, 4, 10, 0, 0, 0.00%, 0, 0, 1, 209.05
1735547819, 11, 6, 10, 0, 0, 0.00%, 0, 0, 1, 209.24
1735547824, 11, 7, 10, 0, 0, 0.00%, 0, 0, 1, 210.29
1735547829, 11, 9, 10, 0, 0, 0.00%, 0, 0, 1, 209.21
1735547834, 12, 0, 10, 0, 0, 0.00%, 0, 0, 1, 214.97
1735547839, 12, 2, 10, 0, 0, 0.00%, 0, 0, 1, 210.63
1735547844, 12, 3, 10, 0, 0, 0.00%, 0, 0, 1, 211.73
1735547849, 12, 5, 10, 0, 0, 0.00%, 0, 0, 1, 209.85
1735547854, 12, 6, 10, 0, 0, 0.00%, 0, 0, 1, 211.05
1735547859, 12, 7, 10, 0, 0, 0.00%, 0, 0, 1, 211.93
1735547865, 12, 9, 10, 0, 0, 0.00%, 0, 0, 1, 209.69
1735547870, 13, 0, 10, 0, 0, 0.00%, 0, 0, 1, 214.03
1735547875, 13, 2, 10, 0, 0, 0.00%, 0, 0, 1, 208.32
1735547880, 13, 3, 10, 0, 0, 0.00%, 0, 0, 1, 211.95
1735547885, 13, 5, 10, 0, 0, 0.00%, 0, 0, 1, 211.92
1735547890, 13, 6, 10, 0, 0, 0.00%, 0, 0, 1, 215.07
1735547895, 13, 7, 10, 0, 0, 0.00%, 0, 0, 1, 214.13
1735547900, 13, 9, 10, 0, 0, 0.00%, 0, 0, 1, 215.28
1735547906, 14, 0, 10, 0, 0, 0.00%, 0, 0, 1, 213.47
1735547911, 14, 2, 10, 0, 0, 0.00%, 0, 0, 1, 205.68
1735547916, 14, 10, 11, 1, 1, 0.05%, 1, 0, 2, 236.67
1735547926, 14, 10, 12, 2, 1, 0.05%, 2, 0, 3, 271.38
1735548033, 14, 11, 15, 4, 1, 0.05%, 3, 0, 4, 249.08
1735548043, 14, 11, 18, 7, 1, 0.05%, 4, 0, 4, 273.39
1735548053, 14, 11, 20, 9, 1, 0.06%, 6, 0, 4, 270.61
1735548058, 14, 11, 21, 10, 1, 0.06%, 6, 0, 4, 267.58
1735548083, 14, 11, 22, 11, 1, 0.06%, 7, 0, 4, 275.71
1735548088, 14, 11, 23, 12, 1, 0.06%, 7, 0, 4, 272.55
1735548134, 14, 18, 24, 12, 4, 0.06%, 7, 0, 5, 234.91
1735548144, 14, 18, 25, 13, 4, 0.06%, 7, 0, 5, 271.54
1735548159, 14, 18, 26, 14, 4, 0.06%, 7, 0, 5, 276.73
1735548169, 14, 18, 27, 15, 4, 0.06%, 7, 0, 5, 274.40
1735548174, 14, 18, 28, 16, 4, 0.06%, 7, 0, 5, 272.20
1735548179, 14, 18, 29, 17, 4, 0.06%, 7, 0, 5, 274.23
1735548240, 14, 18, 30, 18, 4, 0.06%, 7, 0, 5, 271.23
1735548245, 14, 19, 30, 17, 3, 0.06%, 7, 0, 5, 280.84
1735548251, 14, 19, 32, 19, 3, 0.06%, 7, 0, 5, 302.47
1735548256, 14, 19, 33, 20, 3, 0.06%, 7, 0, 5, 314.18
1735548291, 14, 19, 35, 22, 3, 0.06%, 7, 0, 5, 318.26
1735548311, 14, 19, 36, 23, 3, 0.06%, 7, 0, 5, 318.29
1735548331, 14, 19, 37, 24, 3, 0.06%, 8, 0, 5, 307.07
1735548347, 14, 36, 38, 24, 3, 0.06%, 8, 0, 6, 379.19
1735548352, 14, 36, 39, 25, 3, 0.06%, 9, 0, 6, 436.07
1735548372, 14, 36, 42, 28, 3, 0.06%, 9, 0, 6, 484.79
1735548449, 14, 36, 43, 29, 3, 0.06%, 9, 0, 6, 283.75
1735548455, 14, 36, 45, 31, 3, 0.06%, 9, 0, 6, 411.59
1735548460, 14, 36, 46, 32, 3, 0.06%, 9, 0, 6, 432.64
1735548510, 14, 36, 47, 33, 3, 0.06%, 9, 0, 6, 332.63
1735548515, 14, 36, 48, 34, 3, 0.06%, 9, 0, 6, 370.32
1735548530, 14, 38, 48, 33, 3, 0.06%, 9, 0, 6, 377.75
1735548536, 14, 38, 49, 34, 3, 0.06%, 9, 0, 7, 446.39
1735548664, 15, 21, 49, 33, 2, 0.06%, 9, 0, 7, 292.31
1735548669, 15, 21, 51, 35, 2, 0.06%, 9, 0, 7, 405.24
1735548684, 15, 21, 52, 36, 2, 0.06%, 9, 0, 7, 454.79
1735548694, 15, 21, 53, 37, 2, 0.06%, 9, 0, 7, 460.67
1735548755, 15, 35, 53, 36, 1, 0.06%, 9, 0, 7, 342.43
1735548786, 15, 35, 55, 38, 1, 0.06%, 9, 0, 7, 493.82
1735548801, 15, 35, 56, 39, 1, 0.06%, 9, 0, 7, 492.16
1735548914, 15, 35, 57, 40, 1, 0.06%, 9, 0, 7, 383.66
1735548919, 15, 43, 57, 39, 1, 0.06%, 9, 0, 7, 452.95
1735549001, 15, 43, 58, 40, 1, 0.06%, 9, 0, 7, 264.32
1735549016, 15, 43, 60, 42, 1, 0.06%, 9, 0, 7, 511.74
1735549072, 15, 43, 61, 43, 1, 0.06%, 9, 0, 7, 348.49
1735549077, 15, 49, 61, 42, 1, 0.06%, 9, 0, 7, 326.53
1735549088, 15, 49, 63, 44, 1, 0.06%, 9, 0, 7, 490.95
1735549158, 15, 50, 63, 43, 2, 0.06%, 9, 0, 7, 391.24
1735549163, 15, 50, 64, 44, 2, 0.06%, 9, 0, 7, 487.96
1735549230, 15, 51, 64, 43, 2, 0.06%, 9, 0, 7, 334.13
1735549276, 15, 52, 64, 42, 2, 0.06%, 9, 0, 7, 241.36
1735549810, 15, 53, 64, 41, 2, 0.06%, 9, 0, 7, 311.21
1735549866, 15, 57, 64, 40, 2, 0.06%, 9, 0, 7, 410.62
1735549973, 15, 57, 65, 41, 2, 0.06%, 9, 0, 8, 363.84
1735549983, 16, 38, 65, 40, 2, 0.06%, 9, 0, 8, 423.35
1735549999, 16, 48, 65, 40, 2, 0.06%, 9, 0, 8, 473.60
1735550136, 16, 49, 65, 39, 2, 0.06%, 9, 0, 8, 353.14
1735550157, 16, 50, 65, 39, 2, 0.06%, 9, 0, 8, 401.30
1735550208, 16, 51, 65, 39, 2, 0.06%, 9, 0, 8, 314.46
1735550233, 16, 52, 65, 39, 2, 0.06%, 9, 0, 8, 414.43
1735550741, 16, 53, 65, 39, 2, 0.06%, 9, 0, 8, 328.38
1735550761, 16, 54, 65, 39, 2, 0.06%, 9, 0, 8, 325.62
1735550817, 16, 55, 65, 38, 2, 0.06%, 9, 0, 8, 323.77
1735550944, 17, 38, 65, 37, 2, 0.06%, 9, 0, 8, 380.15
1735550959, 17, 48, 65, 37, 2, 0.06%, 9, 0, 8, 357.96
1735550980, 18, 38, 65, 37, 2, 0.06%, 9, 0, 8, 397.27
1735550990, 18, 48, 65, 37, 2, 0.06%, 9, 0, 8, 414.73
1735551000, 18, 48, 66, 38, 2, 0.06%, 9, 0, 8, 333.57
1735551005, 18, 65, 66, 38, 3, 0.06%, 9, 0, 8, 337.07
1735551015, 18, 65, 68, 40, 3, 0.06%, 9, 0, 9, 472.79
1735551020, 18, 65, 69, 41, 3, 0.06%, 9, 0, 9, 475.83
1735551081, 18, 66, 69, 40, 2, 0.06%, 9, 0, 9, 356.55
1735551132, 18, 67, 69, 39, 2, 0.06%, 9, 0, 9, 320.49
1735551193, 18, 67, 70, 40, 2, 0.06%, 9, 0, 10, 436.59
1735551208, 18, 68, 70, 39, 2, 0.06%, 9, 0, 10, 335.13
1735551280, 18, 68, 71, 40, 2, 0.06%, 9, 0, 10, 445.33
1735551285, 18, 68, 72, 41, 2, 0.06%, 9, 0, 10, 471.65
1735551346, 18, 69, 72, 40, 2, 0.06%, 9, 0, 10, 254.55
1735551351, 18, 69, 73, 41, 2, 0.06%, 9, 0, 11, 340.66
1735552485, 18, 70, 73, 40, 2, 0.06%, 9, 0, 11, 369.94
1735552587, 18, 71, 73, 39, 2, 0.06%, 9, 0, 11, 368.81
1735552690, 18, 72, 73, 38, 2, 0.06%, 9, 0, 11, 234.86
1735553866, 19, 17, 73, 37, 2, 0.06%, 9, 0, 11, 347.66
1735553906, 19, 18, 73, 36, 1, 0.06%, 9, 0, 11, 304.24
1735553927, 19, 19, 73, 36, 1, 0.06%, 9, 0, 11, 310.37
1735553942, 19, 20, 73, 36, 1, 0.06%, 9, 0, 11, 316.29
1735553982, 19, 23, 73, 35, 1, 0.06%, 9, 0, 11, 272.27
1735554028, 19, 24, 73, 34, 1, 0.06%, 9, 0, 11, 391.64
1735554171, 19, 30, 73, 33, 1, 0.06%, 9, 0, 11, 287.95
1735554217, 19, 31, 73, 32, 1, 0.06%, 9, 0, 11, 295.71
1735554258, 19, 32, 73, 31, 1, 0.06%, 9, 0, 11, 322.60
1735554338, 19, 32, 74, 32, 1, 0.06%, 9, 0, 11, 434.00
1735554369, 19, 33, 74, 31, 1, 0.06%, 9, 0, 11, 306.53
1735554783, 19, 35, 74, 30, 1, 0.06%, 9, 0, 11, 389.66
1735554808, 19, 45, 74, 30, 1, 0.06%, 9, 0, 11, 410.65
1735554987, 19, 47, 74, 29, 1, 0.06%, 9, 0, 11, 410.56
1735555063, 19, 48, 74, 28, 1, 0.06%, 9, 0, 11, 376.96
1735555186, 19, 49, 74, 28, 1, 0.06%, 9, 0, 11, 443.23
1735555201, 19, 50, 74, 28, 1, 0.06%, 9, 0, 11, 395.73
1735555247, 19, 50, 75, 29, 1, 0.06%, 9, 0, 11, 316.37
1735555268, 19, 51, 75, 29, 1, 0.06%, 9, 0, 11, 317.69
1735555283, 19, 52, 75, 29, 1, 0.06%, 9, 0, 11, 377.35
1735555313, 19, 53, 75, 29, 1, 0.06%, 9, 0, 11, 278.63
1735555334, 19, 54, 75, 29, 1, 0.06%, 9, 0, 11, 289.81
1735555354, 19, 55, 75, 29, 1, 0.06%, 9, 0, 11, 307.86
1735555375, 19, 56, 75, 29, 1, 0.06%, 9, 0, 11, 340.71
1735555435, 19, 57, 75, 28, 1, 0.06%, 9, 0, 11, 362.01
1735555533, 19, 58, 75, 28, 1, 0.06%, 9, 0, 11, 457.89
1735555645, 19, 59, 75, 27, 1, 0.06%, 9, 0, 11, 329.84
1735555665, 19, 59, 76, 28, 1, 0.06%, 9, 0, 11, 442.44
1735555706, 19, 63, 76, 27, 1, 0.06%, 9, 0, 11, 352.38
1735555741, 19, 64, 76, 26, 1, 0.06%, 9, 0, 11, 303.89
1735555802, 19, 65, 76, 25, 1, 0.06%, 9, 0, 11, 416.82
1735555822, 19, 66, 76, 25, 1, 0.06%, 9, 0, 11, 356.27
1735555848, 19, 67, 76, 25, 1, 0.06%, 9, 0, 11, 382.66
1735555873, 19, 68, 76, 25, 1, 0.06%, 9, 0, 11, 333.30
1735555898, 19, 69, 76, 25, 1, 0.06%, 9, 0, 11, 444.40
1735555944, 19, 70, 76, 25, 1, 0.06%, 9, 0, 11, 341.15
1735555970, 19, 71, 76, 25, 1, 0.06%, 9, 0, 11, 364.69
1735555995, 19, 72, 76, 25, 1, 0.06%, 9, 0, 11, 407.62
1735556041, 19, 73, 76, 25, 1, 0.06%, 9, 0, 11, 311.24
1735556046, 19, 73, 77, 26, 1, 0.06%, 9, 0, 11, 429.58
1735556148, 19, 74, 77, 25, 1, 0.06%, 9, 0, 11, 357.46
1735556168, 19, 74, 78, 26, 1, 0.06%, 9, 0, 11, 436.49
1735556270, 19, 75, 78, 25, 1, 0.06%, 9, 0, 11, 428.75
1735556331, 19, 76, 78, 24, 1, 0.06%, 9, 0, 11, 389.97
1735556432, 19, 77, 78, 23, 1, 0.06%, 9, 0, 11, 389.74
1735556554, 20, 17, 78, 22, 1, 0.06%, 9, 0, 11, 315.75
1735556574, 20, 18, 78, 22, 1, 0.06%, 9, 0, 11, 320.40
1735556594, 20, 19, 78, 22, 1, 0.06%, 9, 0, 11, 278.39
1735556615, 20, 20, 78, 22, 1, 0.06%, 9, 0, 11, 378.58
1735556630, 20, 30, 78, 22, 1, 0.06%, 9, 0, 11, 286.32
1735556650, 20, 31, 78, 22, 1, 0.06%, 9, 0, 11, 271.30
1735556671, 20, 32, 78, 22, 1, 0.06%, 9, 0, 11, 362.76
1735556691, 20, 33, 78, 22, 1, 0.06%, 9, 0, 11, 265.17
1735556712, 20, 35, 78, 22, 1, 0.06%, 9, 0, 11, 341.67
1735556737, 20, 38, 78, 22, 1, 0.06%, 9, 0, 11, 381.54
1735556747, 20, 45, 78, 22, 1, 0.06%, 9, 0, 11, 388.10
1735556762, 20, 47, 78, 22, 1, 0.06%, 9, 0, 11, 380.67
1735556783, 20, 48, 78, 22, 1, 0.06%, 9, 0, 11, 320.64
1735556793, 20, 50, 78, 22, 1, 0.06%, 9, 0, 11, 329.94
1735556803, 20, 53, 78, 22, 1, 0.06%, 9, 0, 11, 318.97
1735556818, 20, 54, 78, 22, 1, 0.06%, 9, 0, 11, 340.01
1735556838, 20, 55, 78, 22, 1, 0.06%, 9, 0, 11, 326.46
1735556859, 20, 56, 78, 22, 1, 0.06%, 9, 0, 11, 348.27
1735556879, 20, 63, 78, 22, 1, 0.06%, 9, 0, 11, 345.37
1735556900, 20, 65, 78, 22, 1, 0.06%, 9, 0, 11, 425.82
1735556925, 20, 66, 78, 22, 1, 0.06%, 9, 0, 11, 434.77
1735556945, 20, 67, 78, 22, 1, 0.06%, 9, 0, 11, 347.50
1735556971, 20, 68, 78, 22, 1, 0.06%, 9, 0, 11, 307.44
1735556996, 20, 69, 78, 22, 1, 0.06%, 9, 0, 11, 502.74
1735557042, 20, 70, 78, 22, 1, 0.06%, 9, 0, 11, 445.56
1735557062, 20, 71, 78, 22, 1, 0.06%, 9, 0, 11, 350.10
1735557087, 20, 72, 78, 22, 1, 0.06%, 9, 0, 11, 513.85
1735557133, 20, 74, 78, 22, 1, 0.06%, 9, 0, 11, 363.24
1735557153, 20, 77, 78, 22, 1, 0.06%, 9, 0, 11, 342.65
1735557169, 21, 17, 78, 22, 1, 0.06%, 9, 0, 11, 312.64
1735557184, 21, 20, 78, 22, 1, 0.06%, 9, 0, 11, 327.93
1735557204, 21, 35, 78, 22, 1, 0.06%, 9, 0, 11, 323.78
1735557219, 21, 38, 78, 22, 1, 0.06%, 9, 0, 11, 372.52
1735557224, 21, 45, 78, 22, 1, 0.06%, 9, 0, 11, 312.65
1735557245, 21, 47, 78, 22, 1, 0.06%, 9, 0, 11, 282.46
1735557265, 21, 48, 78, 22, 1, 0.06%, 9, 0, 11, 362.30
1735557270, 21, 50, 78, 22, 1, 0.06%, 9, 0, 11, 345.96
1735557280, 21, 53, 78, 22, 1, 0.06%, 9, 0, 11, 344.23
1735557291, 21, 54, 78, 22, 1, 0.06%, 9, 0, 11, 348.07
1735557306, 21, 55, 78, 22, 1, 0.06%, 9, 0, 11, 297.40
1735557316, 21, 56, 78, 22, 1, 0.06%, 9, 0, 11, 326.91
1735557336, 21, 63, 78, 22, 1, 0.06%, 9, 0, 11, 335.01
1735557357, 21, 65, 78, 22, 1, 0.06%, 9, 0, 11, 431.17
1735557382, 21, 66, 78, 22, 1, 0.06%, 9, 0, 11, 434.03
1735557402, 21, 67, 78, 22, 1, 0.06%, 9, 0, 11, 313.29
1735557427, 21, 68, 78, 22, 1, 0.06%, 9, 0, 11, 314.58
1735557453, 21, 69, 78, 22, 1, 0.06%, 9, 0, 11, 419.21
1735557499, 21, 74, 78, 22, 1, 0.06%, 9, 0, 11, 370.65
1735557519, 21, 77, 78, 22, 1, 0.06%, 9, 0, 11, 323.64
1735557540, 22, 17, 78, 22, 1, 0.06%, 9, 0, 11, 327.27
1735557550, 22, 20, 78, 22, 1, 0.06%, 9, 0, 11, 324.96
1735557555, 22, 35, 78, 22, 1, 0.06%, 9, 0, 11, 366.27
1735557570, 22, 45, 78, 22, 1, 0.06%, 9, 0, 11, 340.35
1735557580, 22, 47, 78, 22, 1, 0.06%, 9, 0, 11, 362.60
1735557595, 22, 50, 78, 22, 1, 0.06%, 9, 0, 11, 355.23
1735557605, 22, 53, 78, 22, 1, 0.06%, 9, 0, 11, 359.44
1735557616, 22, 54, 78, 22, 1, 0.06%, 9, 0, 11, 324.06
1735557626, 22, 55, 78, 22, 1, 0.06%, 9, 0, 11, 402.35
1735557641, 22, 56, 78, 22, 1, 0.06%, 9, 0, 11, 321.02
1735557651, 22, 63, 78, 22, 1, 0.06%, 9, 0, 11, 368.16
1735557661, 22, 74, 78, 22, 1, 0.06%, 9, 0, 11, 339.46
1735557677, 22, 77, 78, 22, 1, 0.06%, 9, 0, 11, 356.55
1735557692, 23, 17, 78, 22, 1, 0.06%, 9, 0, 11, 324.13
1735557702, 23, 20, 78, 22, 1, 0.06%, 9, 0, 11, 328.46
1735557712, 23, 35, 78, 22, 1, 0.06%, 9, 0, 11, 257.04
1735557722, 23, 45, 78, 22, 1, 0.06%, 9, 0, 11, 378.85
1735557732, 23, 47, 78, 22, 1, 0.06%, 9, 0, 11, 279.77
1735557743, 23, 50, 78, 22, 1, 0.06%, 9, 0, 11, 341.02
1735557748, 23, 53, 78, 22, 1, 0.06%, 9, 0, 11, 372.36
1735557758, 23, 54, 78, 22, 1, 0.06%, 9, 0, 11, 312.34
1735557768, 23, 55, 78, 22, 1, 0.06%, 9, 0, 11, 331.82
1735557783, 23, 56, 78, 22, 1, 0.06%, 9, 0, 11, 314.33
1735557793, 23, 63, 78, 22, 1, 0.06%, 9, 0, 11, 338.03
1735557803, 23, 74, 78, 22, 1, 0.06%, 9, 0, 11, 336.06
1735557813, 23, 77, 78, 22, 1, 0.06%, 9, 0, 11, 326.55
1735557823, 24, 17, 78, 22, 1, 0.06%, 9, 0, 11, 320.49
1735557828, 24, 18, 78, 22, 1, 0.06%, 9, 0, 11, 323.72
1735557834, 24, 19, 78, 22, 1, 0.06%, 9, 0, 11, 327.55
1735557844, 24, 20, 78, 22, 1, 0.06%, 9, 0, 11, 328.27
1735557849, 24, 21, 78, 22, 1, 0.06%, 9, 0, 11, 332.84
1735557869, 24, 23, 78, 22, 1, 0.06%, 9, 0, 11, 274.36
1735557889, 24, 24, 78, 22, 1, 0.06%, 9, 0, 11, 377.04
1735557904, 24, 25, 78, 22, 1, 0.06%, 9, 0, 11, 334.21
