# unix_time, cycles_done, cur_path, paths_total, pending_total, pending_favs, map_size, unique_crashes, unique_hangs, max_depth, execs_per_sec
1735385349, 0, 0, 10, 10, 1, 0.00%, 0, 0, 1, 176.60
1735385354, 0, 2, 10, 10, 1, 0.00%, 0, 0, 1, 205.72
1735385359, 0, 3, 10, 9, 0, 0.00%, 0, 0, 1, 208.83
1735385364, 0, 4, 10, 8, 0, 0.00%, 0, 0, 1, 201.03
1735385375, 0, 5, 10, 7, 0, 0.00%, 0, 0, 1, 215.98
1735385380, 0, 6, 10, 6, 0, 0.00%, 0, 0, 1, 198.50
1735385390, 0, 7, 10, 5, 0, 0.00%, 0, 0, 1, 209.48
1735385396, 0, 8, 10, 4, 0, 0.00%, 0, 0, 1, 215.32
1735385401, 0, 9, 10, 3, 0, 0.00%, 0, 0, 1, 204.71
1735385411, 1, 0, 10, 2, 0, 0.00%, 0, 0, 1, 209.56
1735385421, 1, 1, 10, 1, 0, 0.00%, 0, 0, 1, 208.99
1735385431, 1, 2, 10, 0, 0, 0.00%, 0, 0, 1, 208.97
1735385436, 1, 3, 10, 0, 0, 0.00%, 0, 0, 1, 211.04
1735385441, 1, 4, 10, 0, 0, 0.00%, 0, 0, 1, 210.31
1735385447, 1, 5, 10, 0, 0, 0.00%, 0, 0, 1, 208.87
1735385452, 1, 7, 10, 0, 0, 0.00%, 0, 0, 1, 207.24
1735385457, 1, 8, 10, 0, 0, 0.00%, 0, 0, 1, 210.90
1735385462, 1, 10, 11, 1, 1, 0.05%, 1, 0, 2, 219.19
1735385502, 2, 10, 11, 0, 0, 0.05%, 1, 0, 2, 218.36
1735385512, 3, 10, 11, 0, 0, 0.05%, 1, 0, 2, 221.27
1735385523, 4, 10, 11, 0, 0, 0.05%, 1, 0, 2, 218.36
1735385533, 5, 10, 11, 0, 0, 0.05%, 1, 0, 2, 219.11
1735385543, 6, 10, 11, 0, 0, 0.05%, 1, 0, 2, 224.84
1735385554, 7, 10, 11, 0, 0, 0.05%, 1, 0, 2, 226.96
1735385564, 8, 10, 11, 0, 0, 0.05%, 1, 0, 2, 223.06
1735385574, 9, 10, 11, 0, 0, 0.05%, 1, 0, 2, 221.60
1735385584, 10, 10, 11, 0, 0, 0.05%, 1, 0, 2, 220.54
1735385594, 11, 10, 11, 0, 0, 0.05%, 1, 0, 2, 223.55
1735385604, 12, 10, 12, 1, 0, 0.05%, 2, 0, 3, 234.90
1735385615, 12, 11, 12, 1, 1, 0.05%, 2, 0, 3, 364.56
1735385625, 12, 11, 14, 3, 1, 0.05%, 3, 0, 4, 463.21
1735385630, 12, 11, 15, 4, 1, 0.05%, 3, 0, 4, 474.87
1735385660, 12, 11, 16, 5, 1, 0.05%, 4, 0, 4, 481.42
1735385686, 12, 13, 18, 6, 2, 0.06%, 5, 0, 5, 245.85
1735385691, 12, 13, 21, 9, 2, 0.06%, 6, 0, 5, 265.60
1735385696, 12, 13, 22, 10, 2, 0.06%, 6, 0, 5, 273.36
1735385742, 12, 13, 24, 12, 2, 0.06%, 7, 0, 5, 274.40
1735385757, 12, 13, 25, 13, 2, 0.06%, 8, 0, 5, 275.12
1735385828, 12, 23, 27, 14, 5, 0.06%, 8, 0, 6, 375.61
1735385838, 12, 23, 28, 15, 5, 0.06%, 8, 0, 6, 474.72
1735385899, 12, 24, 28, 14, 4, 0.06%, 8, 0, 6, 234.86
1735385905, 12, 24, 29, 15, 4, 0.06%, 8, 0, 6, 268.43
1735385920, 12, 24, 30, 16, 4, 0.06%, 8, 0, 6, 283.43
1735385930, 12, 24, 31, 17, 4, 0.06%, 8, 0, 6, 280.07
1735385935, 12, 24, 32, 18, 4, 0.06%, 8, 0, 6, 283.38
1735385955, 12, 24, 33, 19, 4, 0.06%, 8, 0, 6, 274.04
1735385981, 12, 24, 34, 20, 4, 0.06%, 8, 0, 6, 276.01
1735385991, 12, 24, 35, 21, 4, 0.06%, 8, 0, 6, 240.93
1735385996, 12, 24, 40, 26, 4, 0.06%, 8, 0, 6, 268.39
1735386001, 12, 24, 41, 27, 4, 0.06%, 8, 0, 6, 261.56
1735386011, 12, 31, 43, 28, 3, 0.06%, 8, 0, 7, 394.64
1735386027, 12, 31, 44, 29, 3, 0.06%, 8, 0, 7, 446.13
1735386032, 12, 31, 45, 30, 3, 0.06%, 9, 0, 7, 440.48
1735386037, 12, 31, 46, 31, 3, 0.06%, 9, 0, 7, 439.33
1735386047, 12, 31, 47, 32, 3, 0.06%, 9, 0, 7, 443.17
1735386088, 12, 44, 48, 32, 4, 0.06%, 9, 0, 8, 381.56
1735386104, 12, 44, 49, 33, 4, 0.06%, 9, 0, 8, 488.91
1735386119, 12, 44, 50, 34, 4, 0.06%, 9, 0, 8, 486.47
1735386165, 12, 44, 51, 35, 4, 0.06%, 9, 0, 8, 276.83
1735386170, 12, 44, 52, 36, 4, 0.06%, 9, 0, 8, 273.89
1735386175, 12, 49, 52, 35, 3, 0.06%, 9, 0, 8, 292.88
1735386180, 12, 49, 53, 36, 3, 0.06%, 9, 0, 9, 268.70
1735386266, 12, 49, 54, 37, 3, 0.06%, 9, 0, 9, 265.83
1735386271, 12, 49, 57, 40, 3, 0.06%, 9, 0, 9, 286.22
1735386291, 12, 49, 58, 41, 3, 0.06%, 9, 0, 9, 262.36
1735386296, 13, 15, 58, 40, 3, 0.06%, 9, 0, 9, 276.05
1735386302, 13, 15, 59, 41, 3, 0.06%, 9, 0, 9, 307.59
1735386362, 13, 23, 59, 40, 2, 0.06%, 9, 0, 9, 386.08
1735386367, 13, 23, 60, 41, 2, 0.06%, 9, 0, 9, 315.05
1735386377, 13, 23, 61, 42, 2, 0.06%, 9, 0, 9, 292.10
1735386383, 13, 25, 61, 42, 2, 0.06%, 9, 0, 9, 396.13
1735386398, 13, 25, 62, 43, 2, 0.06%, 9, 0, 9, 451.40
1735386433, 13, 44, 62, 42, 2, 0.06%, 9, 0, 9, 423.32
1735386438, 13, 44, 63, 43, 2, 0.06%, 9, 0, 9, 328.70
1735386453, 13, 47, 63, 43, 2, 0.06%, 9, 0, 9, 298.08
1735386524, 13, 48, 63, 42, 2, 0.06%, 9, 0, 9, 395.78
1735386580, 13, 48, 64, 43, 2, 0.06%, 9, 0, 9, 370.73
1735386596, 13, 59, 64, 42, 2, 0.06%, 9, 0, 9, 477.02
1735386611, 13, 59, 65, 43, 2, 0.06%, 9, 0, 9, 512.45
1735386647, 13, 60, 65, 42, 2, 0.06%, 9, 0, 9, 453.61
1735386682, 13, 61, 65, 41, 2, 0.06%, 9, 0, 9, 416.47
1735386713, 13, 64, 65, 40, 2, 0.06%, 9, 0, 9, 373.03
1735386764, 14, 17, 65, 39, 2, 0.06%, 9, 0, 9, 296.99
1735386804, 14, 20, 65, 38, 1, 0.06%, 9, 0, 9, 415.51
1735386825, 14, 20, 66, 39, 1, 0.06%, 9, 0, 9, 335.58
1735386835, 14, 23, 66, 38, 0, 0.06%, 9, 0, 9, 381.65
1735386855, 14, 25, 66, 38, 0, 0.06%, 9, 0, 9, 414.22
1735386870, 14, 26, 66, 38, 0, 0.06%, 9, 0, 9, 389.28
1735386906, 14, 27, 66, 37, 0, 0.06%, 9, 0, 9, 277.51
1735386942, 14, 39, 66, 36, 0, 0.06%, 9, 0, 9, 376.68
1735387003, 14, 44, 66, 35, 0, 0.06%, 9, 0, 9, 427.66
1735387013, 14, 44, 67, 36, 0, 0.06%, 9, 0, 9, 346.84
1735387018, 14, 47, 67, 36, 0, 0.06%, 9, 0, 9, 300.01
1735387049, 14, 49, 67, 36, 0, 0.06%, 9, 0, 9, 264.74
1735387084, 14, 52, 67, 36, 0, 0.06%, 9, 0, 9, 416.17
1735387130, 14, 53, 67, 35, 0, 0.06%, 9, 0, 9, 313.77
1735387197, 14, 53, 69, 37, 0, 0.06%, 9, 0, 10, 487.32
1735387258, 14, 54, 69, 36, 0, 0.06%, 9, 0, 10, 311.73
1735387385, 14, 59, 69, 35, 0, 0.06%, 9, 0, 10, 370.91
1735387405, 14, 60, 69, 35, 0, 0.06%, 9, 0, 10, 312.76
1735387431, 14, 61, 69, 35, 0, 0.06%, 9, 0, 10, 356.93
1735387446, 14, 63, 69, 35, 0, 0.06%, 9, 0, 10, 313.82
1735387837, 14, 64, 69, 34, 0, 0.06%, 9, 0, 10, 433.25
1735387852, 14, 65, 69, 34, 0, 0.06%, 9, 0, 10, 320.29
1735388123, 14, 66, 69, 33, 0, 0.06%, 9, 0, 10, 360.17
1735388226, 15, 15, 69, 32, 0, 0.06%, 9, 0, 10, 294.03
1735388246, 15, 17, 69, 32, 0, 0.06%, 9, 0, 10, 304.94
1735388266, 15, 22, 69, 32, 0, 0.06%, 9, 0, 10, 382.92
1735388292, 15, 22, 70, 33, 0, 0.06%, 9, 0, 10, 329.89
1735388297, 15, 23, 70, 32, 0, 0.06%, 9, 0, 10, 338.14
1735388302, 15, 25, 70, 32, 0, 0.06%, 9, 0, 10, 343.66
1735388322, 15, 26, 70, 32, 0, 0.06%, 9, 0, 10, 426.61
1735388337, 15, 27, 70, 32, 0, 0.06%, 9, 0, 10, 329.93
1735388358, 15, 31, 70, 32, 0, 0.06%, 9, 0, 10, 418.39
1735388373, 15, 34, 70, 32, 0, 0.06%, 9, 0, 10, 297.43
1735388408, 15, 37, 70, 31, 0, 0.06%, 9, 0, 10, 354.08
1735388444, 15, 38, 70, 30, 0, 0.06%, 9, 0, 10, 314.73
1735388479, 15, 39, 70, 29, 0, 0.06%, 9, 0, 10, 439.86
1735388495, 15, 40, 70, 29, 0, 0.06%, 9, 0, 10, 466.15
1735388525, 15, 41, 70, 28, 0, 0.06%, 9, 0, 10, 361.56
1735388556, 15, 42, 70, 27, 0, 0.06%, 9, 0, 10, 305.28
1735388591, 15, 44, 70, 26, 0, 0.06%, 9, 0, 10, 321.27
1735388596, 15, 47, 70, 26, 0, 0.06%, 9, 0, 10, 299.41
1735388632, 15, 48, 70, 26, 0, 0.06%, 9, 0, 10, 439.76
1735388657, 15, 51, 70, 26, 0, 0.06%, 9, 0, 10, 449.15
1735388703, 15, 58, 70, 25, 0, 0.06%, 9, 0, 10, 322.64
1735388708, 15, 58, 71, 26, 0, 0.06%, 9, 0, 10, 407.52
1735389162, 15, 59, 71, 25, 0, 0.06%, 9, 0, 10, 398.08
1735389177, 15, 60, 71, 25, 0, 0.06%, 9, 0, 10, 305.18
1735389197, 15, 61, 71, 25, 0, 0.06%, 9, 0, 10, 438.54
1735389213, 15, 63, 71, 25, 0, 0.06%, 9, 0, 10, 332.76
1735389243, 15, 64, 71, 25, 0, 0.06%, 9, 0, 10, 317.37
1735389264, 15, 65, 71, 25, 0, 0.06%, 9, 0, 10, 273.75
1735389284, 15, 66, 71, 25, 0, 0.06%, 9, 0, 10, 356.54
1735389310, 16, 23, 71, 25, 0, 0.06%, 9, 0, 10, 279.16
1735389315, 16, 25, 71, 25, 0, 0.06%, 9, 0, 10, 370.31
1735389320, 16, 26, 71, 25, 0, 0.06%, 9, 0, 10, 381.03
1735389340, 16, 27, 71, 25, 0, 0.06%, 9, 0, 10, 412.40
1735389356, 16, 39, 71, 25, 0, 0.06%, 9, 0, 10, 432.55
1735389371, 16, 40, 71, 25, 0, 0.06%, 9, 0, 10, 436.19
1735389386, 16, 44, 71, 25, 0, 0.06%, 9, 0, 10, 345.93
1735389391, 16, 47, 71, 25, 0, 0.06%, 9, 0, 10, 297.79
1735389401, 16, 48, 71, 25, 0, 0.06%, 9, 0, 10, 438.10
1735389407, 16, 48, 72, 26, 0, 0.06%, 9, 0, 10, 415.71
1735389422, 16, 59, 72, 26, 0, 0.06%, 9, 0, 10, 355.10
1735389432, 16, 60, 72, 26, 0, 0.06%, 9, 0, 10, 402.97
1735389442, 16, 61, 72, 26, 0, 0.06%, 9, 0, 10, 374.29
1735389452, 16, 64, 72, 26, 0, 0.06%, 9, 0, 10, 326.02
1735389457, 16, 65, 72, 26, 0, 0.06%, 9, 0, 10, 368.64
1735389483, 17, 23, 72, 26, 0, 0.06%, 9, 0, 10, 321.64
1735389488, 17, 25, 72, 26, 0, 0.06%, 9, 0, 10, 331.61
1735389493, 17, 26, 72, 26, 0, 0.06%, 9, 0, 10, 312.21
1735389498, 17, 27, 72, 26, 0, 0.06%, 9, 0, 10, 310.09
1735389503, 17, 40, 72, 26, 0, 0.06%, 9, 0, 10, 345.10
1735389523, 17, 60, 72, 26, 0, 0.06%, 9, 0, 10, 348.62
1735389528, 17, 61, 72, 26, 0, 0.06%, 9, 0, 10, 366.43
1735389533, 17, 64, 72, 26, 0, 0.06%, 9, 0, 10, 362.50
1735389538, 17, 65, 72, 26, 0, 0.06%, 9, 0, 10, 391.38
1735389553, 18, 23, 72, 26, 0, 0.06%, 9, 0, 10, 363.19
1735389558, 18, 25, 72, 26, 0, 0.06%, 9, 0, 10, 348.36
1735389563, 18, 26, 72, 26, 0, 0.06%, 9, 0, 10, 337.18
1735389568, 18, 39, 72, 26, 0, 0.06%, 9, 0, 10, 348.17
1735389574, 18, 40, 73, 27, 0, 0.06%, 9, 0, 10, 347.22
1735389579, 18, 59, 73, 27, 0, 0.06%, 9, 0, 10, 388.90
1735389584, 18, 60, 73, 27, 0, 0.06%, 9, 0, 10, 379.97
1735389589, 18, 61, 73, 27, 0, 0.06%, 9, 0, 10, 351.35
1735389594, 18, 64, 73, 27, 0, 0.06%, 9, 0, 10, 350.57
1735389599, 18, 65, 73, 27, 0, 0.06%, 9, 0, 10, 278.10
1735389614, 18, 72, 74, 28, 0, 0.06%, 9, 0, 10, 390.37
1735389747, 18, 73, 74, 27, 0, 0.06%, 9, 0, 10, 400.49
1735389885, 19, 17, 74, 26, 0, 0.06%, 9, 0, 10, 318.55
1735389900, 19, 20, 74, 26, 0, 0.06%, 9, 0, 10, 359.41
1735389921, 19, 22, 74, 26, 0, 0.06%, 9, 0, 10, 391.18
1735389936, 19, 23, 74, 26, 0, 0.06%, 9, 0, 10, 347.04
1735389941, 19, 25, 74, 26, 0, 0.06%, 9, 0, 10, 334.57
1735389946, 19, 26, 74, 26, 0, 0.06%, 9, 0, 10, 352.12
1735389951, 19, 27, 74, 26, 0, 0.06%, 9, 0, 10, 346.11
1735389957, 19, 31, 74, 26, 0, 0.06%, 9, 0, 10, 424.71
1735389967, 19, 39, 74, 26, 0, 0.06%, 9, 0, 10, 364.64
1735389972, 19, 40, 74, 26, 0, 0.06%, 9, 0, 10, 379.35
1735389977, 19, 41, 74, 26, 0, 0.06%, 9, 0, 10, 364.54
1735389992, 19, 42, 74, 26, 0, 0.06%, 9, 0, 10, 318.84
1735390012, 19, 43, 74, 26, 0, 0.06%, 9, 0, 10, 388.29
1735390150, 19, 44, 74, 25, 0, 0.06%, 9, 0, 10, 374.10
1735390155, 19, 47, 74, 25, 0, 0.06%, 9, 0, 10, 309.24
1735390165, 19, 48, 74, 25, 0, 0.06%, 9, 0, 10, 320.70
1735390170, 19, 49, 74, 25, 0, 0.06%, 9, 0, 10, 288.49
1735390201, 19, 51, 74, 25, 0, 0.06%, 9, 0, 10, 428.33
1735390226, 19, 52, 74, 25, 0, 0.06%, 9, 0, 10, 410.23
1735390252, 19, 53, 74, 25, 0, 0.06%, 9, 0, 10, 375.13
1735390277, 19, 54, 74, 25, 0, 0.06%, 9, 0, 10, 333.89
1735390302, 19, 55, 74, 25, 0, 0.06%, 9, 0, 10, 309.17
1735390420, 19, 56, 74, 24, 0, 0.06%, 9, 0, 10, 377.60
1735390547, 19, 59, 74, 23, 0, 0.06%, 9, 0, 10, 335.18
1735390552, 19, 61, 74, 23, 0, 0.06%, 9, 0, 10, 352.90
1735390557, 19, 63, 74, 23, 0, 0.06%, 9, 0, 10, 415.67
1735390593, 19, 64, 74, 23, 0, 0.06%, 9, 0, 10, 355.19
1735390598, 19, 65, 74, 23, 0, 0.06%, 9, 0, 10, 298.05
1735390608, 19, 66, 74, 23, 0, 0.06%, 9, 0, 10, 406.09
1735390634, 19, 71, 75, 24, 0, 0.06%, 9, 0, 10, 370.84
1735390808, 19, 72, 75, 23, 0, 0.06%, 9, 0, 10, 373.51
1735390828, 19, 73, 75, 23, 0, 0.06%, 9, 0, 10, 282.70
1735390849, 19, 74, 75, 23, 0, 0.06%, 9, 0, 10, 309.61
1735391029, 20, 23, 75, 22, 0, 0.06%, 9, 0, 10, 414.13
1735391034, 20, 25, 75, 22, 0, 0.06%, 9, 0, 10, 362.99
1735391039, 20, 26, 75, 22, 0, 0.06%, 9, 0, 10, 339.83
1735391044, 20, 27, 75, 22, 0, 0.06%, 9, 0, 10, 346.09
1735391049, 20, 39, 75, 22, 0, 0.06%, 9, 0, 10, 351.32
1735391054, 20, 44, 75, 22, 0, 0.06%, 9, 0, 10, 328.22
1735391059, 20, 47, 75, 22, 0, 0.06%, 9, 0, 10, 322.07
1735391070, 20, 48, 75, 22, 0, 0.06%, 9, 0, 10, 361.13
1735391075, 20, 51, 75, 22, 0, 0.06%, 9, 0, 10, 432.17
1735391100, 20, 59, 75, 22, 0, 0.06%, 9, 0, 10, 338.65
1735391105, 20, 61, 75, 22, 0, 0.06%, 9, 0, 10, 345.53
1735391110, 20, 63, 75, 22, 0, 0.06%, 9, 0, 10, 402.35
1735391131, 20, 64, 75, 22, 0, 0.06%, 9, 0, 10, 362.45
1735391136, 20, 65, 75, 22, 0, 0.06%, 9, 0, 10, 378.00
1735391146, 20, 66, 75, 22, 0, 0.06%, 9, 0, 10, 356.07
1735391161, 20, 71, 75, 22, 0, 0.06%, 9, 0, 10, 374.14
1735391182, 20, 72, 75, 22, 0, 0.06%, 9, 0, 10, 344.79
1735391202, 20, 73, 75, 22, 0, 0.06%, 9, 0, 10, 337.09
1735391222, 20, 74, 75, 22, 0, 0.06%, 9, 0, 10, 340.06
1735391252, 21, 25, 75, 22, 0, 0.06%, 9, 0, 10, 357.58
1735391257, 21, 26, 75, 22, 0, 0.06%, 9, 0, 10, 378.94
1735391263, 21, 27, 75, 22, 0, 0.06%, 9, 0, 10, 369.84
1735391268, 21, 39, 75, 22, 0, 0.06%, 9, 0, 10, 390.89
1735391273, 21, 40, 75, 22, 0, 0.06%, 9, 0, 10, 361.49
1735391278, 21, 44, 75, 22, 0, 0.06%, 9, 0, 10, 317.36
1735391283, 21, 47, 75, 22, 0, 0.06%, 9, 0, 10, 290.69
1735391288, 21, 48, 75, 22, 0, 0.06%, 9, 0, 10, 350.13
1735391293, 21, 51, 75, 22, 0, 0.06%, 9, 0, 10, 356.48
1735391303, 21, 59, 75, 22, 0, 0.06%, 9, 0, 10, 320.21
1735391308, 21, 61, 75, 22, 0, 0.06%, 9, 0, 10, 368.10
1735391313, 21, 63, 75, 22, 0, 0.06%, 9, 0, 10, 409.11
1735391329, 21, 64, 75, 22, 0, 0.06%, 9, 0, 10, 361.77
1735391334, 21, 65, 75, 22, 0, 0.06%, 9, 0, 10, 289.74
1735391344, 21, 66, 75, 22, 0, 0.06%, 9, 0, 10, 400.31
1735391411, 21, 67, 75, 22, 0, 0.06%, 9, 0, 10, 333.95
1735391508, 21, 68, 75, 21, 0, 0.06%, 9, 0, 10, 360.10
1735391610, 21, 71, 75, 20, 0, 0.06%, 9, 0, 10, 416.39
1735391744, 21, 72, 75, 20, 0, 0.06%, 9, 0, 10, 366.71
1735391764, 21, 73, 75, 20, 0, 0.06%, 9, 0, 10, 375.90
1735391784, 21, 74, 75, 20, 0, 0.06%, 9, 0, 10, 420.96
1735391938, 22, 17, 75, 20, 0, 0.06%, 9, 0, 10, 324.69
1735391943, 22, 20, 75, 20, 0, 0.06%, 9, 0, 10, 417.31
1735391959, 22, 22, 75, 20, 0, 0.06%, 9, 0, 10, 336.25
1735391974, 22, 23, 75, 20, 0, 0.06%, 9, 0, 10, 353.96
1735391979, 22, 25, 75, 20, 0, 0.06%, 9, 0, 10, 359.82
1735391984, 22, 26, 75, 20, 0, 0.06%, 9, 0, 10, 358.71
1735391989, 22, 27, 75, 20, 0, 0.06%, 9, 0, 10, 325.16
1735391994, 22, 31, 75, 20, 0, 0.06%, 9, 0, 10, 326.47
1735391999, 22, 39, 75, 20, 0, 0.06%, 9, 0, 10, 358.34
1735392004, 22, 41, 75, 20, 0, 0.06%, 9, 0, 10, 338.02
1735392019, 22, 42, 75, 20, 0, 0.06%, 9, 0, 10, 287.69
1735392040, 22, 43, 75, 20, 0, 0.06%, 9, 0, 10, 352.61
1735392055, 22, 44, 75, 20, 0, 0.06%, 9, 0, 10, 344.20
1735392060, 22, 45, 75, 20, 0, 0.06%, 9, 0, 10, 378.70
1735392096, 22, 47, 75, 19, 0, 0.06%, 9, 0, 10, 291.95
1735392101, 22, 48, 75, 19, 0, 0.06%, 9, 0, 10, 298.78
1735392111, 22, 49, 75, 19, 0, 0.06%, 9, 0, 10, 299.17
1735392116, 22, 50, 75, 19, 0, 0.06%, 9, 0, 10, 328.80
1735392309, 22, 51, 75, 18, 0, 0.06%, 9, 0, 10, 381.13
1735392315, 22, 52, 75, 18, 0, 0.06%, 9, 0, 10, 360.53
1735392340, 22, 53, 75, 18, 0, 0.06%, 9, 0, 10, 341.92
1735392366, 22, 54, 75, 18, 0, 0.06%, 9, 0, 10, 342.15
1735392396, 22, 55, 75, 18, 0, 0.06%, 9, 0, 10, 328.72
1735392422, 22, 56, 75, 18, 0, 0.06%, 9, 0, 10, 333.74
1735392452, 22, 57, 75, 18, 0, 0.06%, 9, 0, 10, 379.80
1735392564, 22, 59, 75, 17, 0, 0.06%, 9, 0, 10, 339.32
1735392569, 22, 60, 75, 17, 0, 0.06%, 9, 0, 10, 352.69
1735392574, 22, 62, 75, 17, 0, 0.06%, 9, 0, 10, 324.89
1735392691, 22, 63, 75, 16, 0, 0.06%, 9, 0, 10, 398.67
1735392706, 22, 64, 75, 16, 0, 0.06%, 9, 0, 10, 357.90
1735392711, 22, 65, 75, 16, 0, 0.06%, 9, 0, 10, 305.56
1735392716, 22, 65, 76, 17, 0, 0.06%, 9, 0, 10, 418.91
1735392721, 22, 66, 76, 17, 0, 0.06%, 9, 0, 10, 360.07
1735392732, 22, 71, 76, 17, 0, 0.06%, 9, 0, 10, 420.86
1735392757, 22, 72, 76, 17, 0, 0.06%, 9, 0, 10, 345.69
1735392767, 22, 73, 76, 17, 0, 0.06%, 9, 0, 10, 360.22
1735392777, 22, 74, 76, 17, 0, 0.06%, 9, 0, 10, 310.02
1735392803, 22, 75, 76, 17, 0, 0.06%, 9, 0, 10, 375.57
1735392808, 22, 75, 77, 18, 0, 0.06%, 9, 0, 10, 484.73
1735392879, 22, 76, 77, 17, 0, 0.06%, 9, 0, 10, 379.51
1735392966, 23, 23, 77, 16, 0, 0.06%, 9, 0, 10, 352.51
1735392971, 23, 25, 77, 16, 0, 0.06%, 9, 0, 10, 332.06
1735392976, 23, 27, 77, 16, 0, 0.06%, 9, 0, 10, 355.93
1735392981, 23, 39, 77, 16, 0, 0.06%, 9, 0, 10, 375.78
1735392986, 23, 40, 77, 16, 0, 0.06%, 9, 0, 10, 364.40
1735392991, 23, 44, 77, 16, 0, 0.06%, 9, 0, 10, 355.38
1735392996, 23, 47, 77, 16, 0, 0.06%, 9, 0, 10, 307.30
1735393001, 23, 48, 77, 16, 0, 0.06%, 9, 0, 10, 285.04
1735393011, 23, 51, 77, 16, 0, 0.06%, 9, 0, 10, 349.50
1735393017, 23, 59, 77, 16, 0, 0.06%, 9, 0, 10, 366.03
1735393022, 23, 60, 77, 16, 0, 0.06%, 9, 0, 10, 345.22
1735393027, 23, 63, 77, 16, 0, 0.06%, 9, 0, 10, 353.88
1735393042, 23, 64, 77, 16, 0, 0.06%, 9, 0, 10, 346.95
1735393047, 23, 65, 77, 16, 0, 0.06%, 9, 0, 10, 399.17
1735393057, 23, 66, 77, 16, 0, 0.06%, 9, 0, 10, 350.16
1735393067, 23, 71, 77, 16, 0, 0.06%, 9, 0, 10, 402.64
1735393072, 23, 72, 77, 16, 0, 0.06%, 9, 0, 10, 365.19
1735393082, 23, 73, 77, 16, 0, 0.06%, 9, 0, 10, 341.85
1735393098, 23, 74, 77, 16, 0, 0.06%, 9, 0, 10, 388.21
1735393113, 23, 75, 77, 16, 0, 0.06%, 9, 0, 10, 434.86
1735393128, 23, 76, 77, 16, 0, 0.06%, 9, 0, 10, 402.58
1735393154, 24, 23, 77, 16, 0, 0.06%, 9, 0, 10, 344.21
1735393159, 24, 25, 77, 16, 0, 0.06%, 9, 0, 10, 345.85
1735393164, 24, 27, 77, 16, 0, 0.06%, 9, 0, 10, 336.79
1735393169, 24, 39, 77, 16, 0, 0.06%, 9, 0, 10, 360.77
1735393174, 24, 40, 77, 16, 0, 0.06%, 9, 0, 10, 396.39
1735393179, 24, 44, 77, 16, 0, 0.06%, 9, 0, 10, 365.79
1735393184, 24, 47, 77, 16, 0, 0.06%, 9, 0, 10, 306.05
1735393189, 24, 48, 77, 16, 0, 0.06%, 9, 0, 10, 288.01
1735393199, 24, 51, 77, 16, 0, 0.06%, 9, 0, 10, 350.09
1735393204, 24, 59, 78, 17, 0, 0.06%, 9, 0, 10, 357.52
1735393209, 24, 60, 78, 17, 0, 0.06%, 9, 0, 10, 355.39
1735393214, 24, 61, 78, 17, 0, 0.06%, 9, 0, 10, 330.65
1735393219, 24, 63, 78, 17, 0, 0.06%, 9, 0, 10, 267.75
1735393229, 24, 64, 78, 17, 0, 0.06%, 9, 0, 10, 392.76
1735393235, 24, 65, 78, 17, 0, 0.06%, 9, 0, 10, 381.07
1735393245, 24, 66, 78, 17, 0, 0.06%, 9, 0, 10, 370.22
1735393255, 24, 71, 78, 17, 0, 0.06%, 9, 0, 10, 387.44
1735393265, 24, 72, 78, 17, 0, 0.06%, 9, 0, 10, 339.34
1735393270, 24, 73, 78, 17, 0, 0.06%, 9, 0, 10, 342.90
1735393275, 24, 74, 78, 17, 0, 0.06%, 9, 0, 10, 314.94
1735393290, 24, 75, 78, 17, 0, 0.06%, 9, 0, 10, 348.51
1735393310, 24, 76, 78, 17, 0, 0.06%, 9, 0, 10, 392.70
1735393336, 24, 77, 79, 18, 0, 0.06%, 9, 0, 10, 378.02
1735393438, 24, 78, 79, 17, 0, 0.06%, 9, 0, 10, 348.32
1735393560, 25, 23, 79, 16, 0, 0.06%, 9, 0, 10, 325.60
1735393565, 25, 26, 79, 16, 0, 0.06%, 9, 0, 10, 317.45
1735393570, 25, 27, 79, 16, 0, 0.06%, 9, 0, 10, 369.77
1735393575, 25, 39, 79, 16, 0, 0.06%, 9, 0, 10, 387.98
1735393580, 25, 40, 79, 16, 0, 0.06%, 9, 0, 10, 362.04
1735393585, 25, 44, 79, 16, 0, 0.06%, 9, 0, 10, 354.88
1735393590, 25, 47, 79, 16, 0, 0.06%, 9, 0, 10, 308.83
1735393595, 25, 48, 79, 16, 0, 0.06%, 9, 0, 10, 332.55
1735393606, 25, 51, 79, 16, 0, 0.06%, 9, 0, 10, 349.09
1735393611, 25, 59, 79, 16, 0, 0.06%, 9, 0, 10, 348.46
1735393616, 25, 60, 79, 16, 0, 0.06%, 9, 0, 10, 322.44
1735393621, 25, 63, 79, 16, 0, 0.06%, 9, 0, 10, 375.55
1735393636, 25, 64, 79, 16, 0, 0.06%, 9, 0, 10, 383.70
1735393641, 25, 65, 79, 16, 0, 0.06%, 9, 0, 10, 344.56
1735393652, 25, 66, 79, 16, 0, 0.06%, 9, 0, 10, 352.13
1735393662, 25, 71, 79, 16, 0, 0.06%, 9, 0, 10, 400.81
1735393667, 25, 72, 79, 16, 0, 0.06%, 9, 0, 10, 350.76
1735393677, 25, 73, 79, 16, 0, 0.06%, 9, 0, 10, 344.51
1735393682, 25, 74, 79, 16, 0, 0.06%, 9, 0, 10, 336.28
1735393697, 25, 75, 79, 16, 0, 0.06%, 9, 0, 10, 407.91
1735393717, 25, 76, 79, 16, 0, 0.06%, 9, 0, 10, 442.36
1735393743, 25, 77, 79, 16, 0, 0.06%, 9, 0, 10, 406.95
1735393758, 25, 78, 79, 16, 0, 0.06%, 9, 0, 10, 396.74
1735393783, 26, 25, 79, 16, 0, 0.06%, 9, 0, 10, 388.26
1735393788, 26, 26, 79, 16, 0, 0.06%, 9, 0, 10, 371.34
1735393793, 26, 27, 79, 16, 0, 0.06%, 9, 0, 10, 362.75
1735393799, 26, 39, 79, 16, 0, 0.06%, 9, 0, 10, 343.06
1735393804, 26, 44, 79, 16, 0, 0.06%, 9, 0, 10, 340.63
1735393809, 26, 47, 79, 16, 0, 0.06%, 9, 0, 10, 318.80
1735393819, 26, 48, 79, 16, 0, 0.06%, 9, 0, 10, 359.03
1735393824, 26, 51, 79, 16, 0, 0.06%, 9, 0, 10, 385.71
1735393829, 26, 59, 79, 16, 0, 0.06%, 9, 0, 10, 335.87
1735393834, 26, 60, 79, 16, 0, 0.06%, 9, 0, 10, 379.00
1735393839, 26, 61, 79, 16, 0, 0.06%, 9, 0, 10, 369.65
1735393844, 26, 63, 79, 16, 0, 0.06%, 9, 0, 10, 331.40
1735393860, 26, 64, 79, 16, 0, 0.06%, 9, 0, 10, 354.84
1735393865, 26, 65, 79, 16, 0, 0.06%, 9, 0, 10, 267.03
1735393875, 26, 66, 79, 16, 0, 0.06%, 9, 0, 10, 377.08
1735393880, 26, 71, 79, 16, 0, 0.06%, 9, 0, 10, 317.12
1735393890, 26, 72, 79, 16, 0, 0.06%, 9, 0, 10, 356.69
1735393895, 26, 73, 79, 16, 0, 0.06%, 9, 0, 10, 333.76
1735393900, 26, 74, 79, 16, 0, 0.06%, 9, 0, 10, 359.96
1735393910, 26, 75, 79, 16, 0, 0.06%, 9, 0, 10, 383.43
1735393931, 26, 76, 79, 16, 0, 0.06%, 9, 0, 10, 435.43
1735393951, 26, 77, 79, 16, 0, 0.06%, 9, 0, 10, 345.86
1735393972, 26, 78, 79, 16, 0, 0.06%, 9, 0, 10, 403.24
1735393997, 27, 23, 79, 16, 0, 0.06%, 9, 0, 10, 333.95
1735394002, 27, 25, 79, 16, 0, 0.06%, 9, 0, 10, 354.03
1735394007, 27, 26, 79, 16, 0, 0.06%, 9, 0, 10, 341.97
1735394012, 27, 39, 79, 16, 0, 0.06%, 9, 0, 10, 332.58
1735394017, 27, 40, 79, 16, 0, 0.06%, 9, 0, 10, 381.81
1735394022, 27, 44, 79, 16, 0, 0.06%, 9, 0, 10, 381.59
1735394027, 27, 47, 79, 16, 0, 0.06%, 9, 0, 10, 310.10
1735394032, 27, 48, 79, 16, 0, 0.06%, 9, 0, 10, 306.76
1735394043, 27, 51, 79, 16, 0, 0.06%, 9, 0, 10, 348.17
1735394048, 27, 59, 79, 16, 0, 0.06%, 9, 0, 10, 340.39
1735394053, 27, 60, 79, 16, 0, 0.06%, 9, 0, 10, 346.73
1735394058, 27, 61, 79, 16, 0, 0.06%, 9, 0, 10, 341.53
1735394063, 27, 63, 79, 16, 0, 0.06%, 9, 0, 10, 271.41
1735394073, 27, 64, 79, 16, 0, 0.06%, 9, 0, 10, 360.70
1735394078, 27, 65, 79, 16, 0, 0.06%, 9, 0, 10, 399.20
1735394088, 27, 66, 79, 16, 0, 0.06%, 9, 0, 10, 336.09
1735394099, 27, 72, 79, 16, 0, 0.06%, 9, 0, 10, 347.77
1735394104, 27, 73, 79, 16, 0, 0.06%, 9, 0, 10, 358.67
1735394109, 27, 74, 79, 16, 0, 0.06%, 9, 0, 10, 345.53
1735394119, 27, 75, 79, 16, 0, 0.06%, 9, 0, 10, 379.31
1735394129, 27, 76, 79, 16, 0, 0.06%, 9, 0, 10, 413.24
1735394144, 27, 77, 79, 16, 0, 0.06%, 9, 0, 10, 411.11
1735394159, 27, 78, 79, 16, 0, 0.06%, 9, 0, 10, 383.00
1735394190, 28, 13, 79, 16, 0, 0.06%, 9, 0, 10, 298.15
1735394205, 28, 15, 79, 16, 0, 0.06%, 9, 0, 10, 311.66
1735394225, 28, 16, 79, 16, 0, 0.06%, 9, 0, 10, 342.21
1735394271, 28, 17, 79, 15, 0, 0.06%, 9, 0, 10, 327.84
1735394276, 28, 18, 79, 15, 0, 0.06%, 9, 0, 10, 309.81
1735394322, 28, 19, 79, 14, 0, 0.06%, 9, 0, 10, 440.21
1735394358, 28, 20, 79, 13, 0, 0.06%, 9, 0, 10, 351.07
1735394363, 28, 21, 79, 13, 0, 0.06%, 9, 0, 10, 399.68
1735394408, 28, 22, 79, 12, 0, 0.06%, 9, 0, 10, 338.35
1735394418, 28, 23, 79, 12, 0, 0.06%, 9, 0, 10, 352.36
1735394423, 28, 24, 79, 12, 0, 0.06%, 9, 0, 10, 398.84
1735394438, 28, 25, 79, 12, 0, 0.06%, 9, 0, 10, 350.02
1735394444, 28, 27, 79, 12, 0, 0.06%, 9, 0, 10, 352.62
1735394449, 28, 28, 79, 12, 0, 0.06%, 9, 0, 10, 368.47
1735394484, 28, 29, 79, 11, 0, 0.06%, 9, 0, 10, 402.21
1735394515, 28, 30, 79, 10, 0, 0.06%, 9, 0, 10, 411.20
1735394556, 28, 31, 79, 9, 0, 0.06%, 9, 0, 10, 461.36
1735394566, 28, 32, 79, 9, 0, 0.06%, 9, 0, 10, 373.21
1735394632, 28, 33, 79, 8, 0, 0.06%, 9, 0, 10, 440.09
1735395062, 28, 34, 79, 7, 0, 0.06%, 9, 0, 10, 363.35
1735395077, 28, 37, 79, 7, 0, 0.06%, 9, 0, 10, 339.82
1735395097, 28, 38, 79, 7, 0, 0.06%, 9, 0, 10, 377.15
1735395113, 28, 39, 79, 7, 0, 0.06%, 9, 0, 10, 366.45
1735395118, 28, 40, 79, 7, 0, 0.06%, 9, 0, 10, 352.07
1735395123, 28, 41, 79, 7, 0, 0.06%, 9, 0, 10, 319.83
1735395128, 28, 43, 79, 7, 0, 0.06%, 9, 0, 10, 339.50
1735395148, 28, 44, 79, 7, 0, 0.06%, 9, 0, 10, 347.33
1735395153, 28, 45, 79, 7, 0, 0.06%, 9, 0, 10, 420.33
1735395169, 28, 47, 79, 7, 0, 0.06%, 9, 0, 10, 284.21
1735395174, 28, 48, 79, 7, 0, 0.06%, 9, 0, 10, 335.19
1735395184, 28, 49, 79, 7, 0, 0.06%, 9, 0, 10, 313.74
1735395189, 28, 50, 79, 7, 0, 0.06%, 9, 0, 10, 307.95
1735395214, 28, 51, 79, 7, 0, 0.06%, 9, 0, 10, 380.62
1735395219, 28, 52, 79, 7, 0, 0.06%, 9, 0, 10, 384.65
1735395224, 28, 53, 79, 7, 0, 0.06%, 9, 0, 10, 346.77
1735395235, 28, 54, 79, 7, 0, 0.06%, 9, 0, 10, 327.44
1735395240, 28, 55, 79, 7, 0, 0.06%, 9, 0, 10, 321.42
1735395270, 28, 56, 79, 7, 0, 0.06%, 9, 0, 10, 340.65
1735395295, 28, 57, 79, 7, 0, 0.06%, 9, 0, 10, 329.24
1735395321, 28, 58, 79, 7, 0, 0.06%, 9, 0, 10, 370.50
1735395346, 28, 59, 79, 7, 0, 0.06%, 9, 0, 10, 381.81
1735395352, 28, 60, 79, 7, 0, 0.06%, 9, 0, 10, 379.63
1735395357, 28, 61, 79, 7, 0, 0.06%, 9, 0, 10, 361.07
1735395362, 28, 62, 79, 7, 0, 0.06%, 9, 0, 10, 409.56
1735395387, 28, 63, 79, 7, 0, 0.06%, 9, 0, 10, 305.10
1735395742, 28, 64, 79, 7, 0, 0.06%, 9, 0, 10, 335.07
1735395747, 28, 65, 79, 7, 0, 0.06%, 9, 0, 10, 295.88
1735395757, 28, 66, 79, 7, 0, 0.06%, 9, 0, 10, 394.22
1735395762, 28, 67, 79, 7, 0, 0.06%, 9, 0, 10, 375.84
1735395788, 28, 68, 79, 7, 0, 0.06%, 9, 0, 10, 304.64
1735395813, 28, 69, 79, 7, 0, 0.06%, 9, 0, 10, 278.16
