# unix_time, cycles_done, cur_path, paths_total, pending_total, pending_favs, map_size, unique_crashes, unique_hangs, max_depth, execs_per_sec
1735482564, 0, 0, 10, 10, 1, 0.00%, 0, 0, 1, 175.82
1735482569, 0, 4, 10, 10, 1, 0.00%, 0, 0, 1, 202.86
1735482575, 0, 5, 10, 9, 0, 0.00%, 0, 0, 1, 210.95
1735482580, 0, 6, 10, 8, 0, 0.00%, 0, 0, 1, 202.72
1735482590, 0, 7, 10, 7, 0, 0.00%, 0, 0, 1, 218.49
1735482595, 0, 8, 10, 6, 0, 0.00%, 0, 0, 1, 198.57
1735482605, 0, 9, 10, 5, 0, 0.00%, 0, 0, 1, 211.91
1735482611, 1, 0, 10, 4, 0, 0.00%, 0, 0, 1, 211.12
1735482621, 1, 1, 10, 3, 0, 0.00%, 0, 0, 1, 211.48
1735482631, 1, 2, 10, 2, 0, 0.00%, 0, 0, 1, 208.62
1735482641, 1, 3, 10, 1, 0, 0.00%, 0, 0, 1, 210.05
1735482651, 1, 4, 10, 0, 0, 0.00%, 0, 0, 1, 209.10
1735482657, 1, 5, 10, 0, 0, 0.00%, 0, 0, 1, 206.23
1735482662, 1, 6, 10, 0, 0, 0.00%, 0, 0, 1, 213.07
1735482667, 1, 8, 10, 0, 0, 0.00%, 0, 0, 1, 210.31
1735482672, 1, 9, 10, 0, 0, 0.00%, 0, 0, 1, 209.34
1735482677, 2, 0, 10, 0, 0, 0.00%, 0, 0, 1, 205.98
1735482682, 2, 2, 10, 0, 0, 0.00%, 0, 0, 1, 210.44
1735482687, 2, 3, 10, 0, 0, 0.00%, 0, 0, 1, 207.76
1735482692, 2, 5, 10, 0, 0, 0.00%, 0, 0, 1, 207.66
1735482697, 2, 6, 10, 0, 0, 0.00%, 0, 0, 1, 211.15
1735482703, 2, 8, 10, 0, 0, 0.00%, 0, 0, 1, 213.35
1735482708, 2, 9, 10, 0, 0, 0.00%, 0, 0, 1, 211.86
1735482713, 3, 0, 10, 0, 0, 0.00%, 0, 0, 1, 210.78
1735482718, 3, 2, 10, 0, 0, 0.00%, 0, 0, 1, 205.24
1735482723, 3, 3, 10, 0, 0, 0.00%, 0, 0, 1, 207.91
1735482728, 3, 5, 10, 0, 0, 0.00%, 0, 0, 1, 212.73
1735482733, 3, 6, 10, 0, 0, 0.00%, 0, 0, 1, 212.55
1735482738, 3, 8, 10, 0, 0, 0.00%, 0, 0, 1, 209.37
1735482744, 3, 9, 10, 0, 0, 0.00%, 0, 0, 1, 208.56
1735482749, 4, 0, 10, 0, 0, 0.00%, 0, 0, 1, 206.83
1735482754, 4, 2, 10, 0, 0, 0.00%, 0, 0, 1, 208.81
1735482759, 4, 3, 10, 0, 0, 0.00%, 0, 0, 1, 208.50
1735482764, 4, 5, 10, 0, 0, 0.00%, 0, 0, 1, 211.38
1735482769, 4, 6, 10, 0, 0, 0.00%, 0, 0, 1, 209.11
1735482774, 4, 8, 10, 0, 0, 0.00%, 0, 0, 1, 209.36
1735482779, 4, 9, 10, 0, 0, 0.00%, 0, 0, 1, 208.33
1735482785, 5, 0, 10, 0, 0, 0.00%, 0, 0, 1, 208.38
1735482790, 5, 2, 10, 0, 0, 0.00%, 0, 0, 1, 209.26
1735482795, 5, 3, 10, 0, 0, 0.00%, 0, 0, 1, 210.73
1735482800, 5, 5, 10, 0, 0, 0.00%, 0, 0, 1, 208.78
1735482805, 5, 6, 10, 0, 0, 0.00%, 0, 0, 1, 208.73
1735482810, 5, 7, 10, 0, 0, 0.00%, 0, 0, 1, 208.18
1735482815, 5, 9, 10, 0, 0, 0.00%, 0, 0, 1, 213.20
1735482820, 6, 0, 10, 0, 0, 0.00%, 0, 0, 1, 208.45
1735482825, 6, 2, 10, 0, 0, 0.00%, 0, 0, 1, 207.78
1735482830, 6, 3, 10, 0, 0, 0.00%, 0, 0, 1, 208.96
1735482835, 6, 5, 10, 0, 0, 0.00%, 0, 0, 1, 205.77
1735482840, 6, 6, 10, 0, 0, 0.00%, 0, 0, 1, 209.10
1735482845, 6, 7, 10, 0, 0, 0.00%, 0, 0, 1, 210.93
1735482850, 6, 9, 10, 0, 0, 0.00%, 0, 0, 1, 208.40
1735482856, 7, 0, 10, 0, 0, 0.00%, 0, 0, 1, 206.64
1735482861, 7, 2, 10, 0, 0, 0.00%, 0, 0, 1, 209.20
1735482866, 7, 3, 10, 0, 0, 0.00%, 0, 0, 1, 210.43
1735482871, 7, 5, 10, 0, 0, 0.00%, 0, 0, 1, 210.95
1735482876, 7, 6, 10, 0, 0, 0.00%, 0, 0, 1, 208.15
1735482881, 7, 7, 10, 0, 0, 0.00%, 0, 0, 1, 212.27
1735482887, 7, 9, 10, 0, 0, 0.00%, 0, 0, 1, 209.06
1735482892, 8, 0, 10, 0, 0, 0.00%, 0, 0, 1, 209.03
1735482897, 8, 2, 10, 0, 0, 0.00%, 0, 0, 1, 205.53
1735482902, 8, 3, 10, 0, 0, 0.00%, 0, 0, 1, 206.99
1735482907, 8, 5, 10, 0, 0, 0.00%, 0, 0, 1, 209.69
1735482912, 8, 6, 10, 0, 0, 0.00%, 0, 0, 1, 212.29
1735482917, 8, 7, 10, 0, 0, 0.00%, 0, 0, 1, 210.61
1735482922, 8, 9, 10, 0, 0, 0.00%, 0, 0, 1, 208.67
1735482927, 9, 0, 10, 0, 0, 0.00%, 0, 0, 1, 210.02
1735482932, 9, 2, 10, 0, 0, 0.00%, 0, 0, 1, 208.90
1735482937, 9, 3, 10, 0, 0, 0.00%, 0, 0, 1, 210.50
1735482943, 9, 5, 10, 0, 0, 0.00%, 0, 0, 1, 211.16
1735482948, 9, 6, 10, 0, 0, 0.00%, 0, 0, 1, 210.92
1735482953, 9, 8, 10, 0, 0, 0.00%, 0, 0, 1, 206.78
1735482958, 9, 9, 10, 0, 0, 0.00%, 0, 0, 1, 208.68
1735482963, 10, 0, 10, 0, 0, 0.00%, 0, 0, 1, 208.99
1735482969, 10, 2, 10, 0, 0, 0.00%, 0, 0, 1, 212.52
1735482974, 10, 3, 10, 0, 0, 0.00%, 0, 0, 1, 212.22
1735482979, 10, 5, 10, 0, 0, 0.00%, 0, 0, 1, 212.20
1735482984, 10, 6, 10, 0, 0, 0.00%, 0, 0, 1, 209.51
1735482989, 10, 8, 10, 0, 0, 0.00%, 0, 0, 1, 209.63
1735482994, 10, 9, 10, 0, 0, 0.00%, 0, 0, 1, 209.37
1735482999, 11, 0, 10, 0, 0, 0.00%, 0, 0, 1, 208.66
1735483004, 11, 2, 10, 0, 0, 0.00%, 0, 0, 1, 208.61
1735483009, 11, 3, 10, 0, 0, 0.00%, 0, 0, 1, 207.03
1735483015, 11, 5, 10, 0, 0, 0.00%, 0, 0, 1, 208.61
1735483020, 11, 6, 10, 0, 0, 0.00%, 0, 0, 1, 206.95
1735483025, 11, 8, 10, 0, 0, 0.00%, 0, 0, 1, 206.03
1735483030, 11, 10, 11, 1, 1, 0.05%, 1, 0, 2, 231.91
1735483055, 11, 10, 12, 2, 1, 0.05%, 2, 0, 3, 274.38
1735483126, 11, 10, 13, 3, 1, 0.05%, 3, 0, 3, 205.84
1735483151, 11, 11, 14, 3, 2, 0.05%, 4, 0, 4, 245.80
1735483156, 11, 11, 18, 7, 2, 0.05%, 4, 0, 4, 267.30
1735483172, 11, 11, 19, 8, 2, 0.06%, 5, 0, 4, 273.52
1735483177, 11, 11, 20, 9, 2, 0.06%, 6, 0, 4, 272.71
1735483197, 11, 11, 21, 10, 2, 0.06%, 6, 0, 4, 272.95
1735483258, 11, 18, 22, 10, 4, 0.06%, 6, 0, 5, 254.40
1735483269, 11, 18, 23, 11, 4, 0.06%, 6, 0, 5, 269.36
1735483279, 11, 18, 24, 12, 4, 0.06%, 6, 0, 5, 267.02
1735483309, 11, 18, 25, 13, 4, 0.06%, 6, 0, 5, 269.59
1735483320, 11, 18, 26, 14, 4, 0.06%, 6, 0, 5, 269.34
1735483335, 11, 18, 27, 15, 4, 0.06%, 6, 0, 5, 268.89
1735483340, 11, 18, 28, 16, 4, 0.06%, 6, 0, 5, 273.86
1735483366, 11, 28, 30, 17, 4, 0.06%, 7, 0, 5, 253.50
1735483371, 11, 28, 32, 19, 4, 0.06%, 7, 0, 6, 430.78
1735483376, 11, 28, 33, 20, 4, 0.06%, 8, 0, 6, 471.96
1735483391, 11, 28, 34, 21, 4, 0.06%, 8, 0, 6, 483.89
1735483401, 11, 28, 35, 22, 4, 0.06%, 8, 0, 6, 484.33
1735483411, 11, 28, 36, 23, 4, 0.06%, 8, 0, 6, 483.41
1735483422, 11, 28, 39, 26, 4, 0.06%, 8, 0, 6, 299.27
1735483442, 11, 32, 41, 27, 4, 0.06%, 9, 0, 7, 359.58
1735483452, 11, 32, 42, 28, 4, 0.06%, 9, 0, 7, 478.77
1735483458, 11, 32, 43, 29, 4, 0.06%, 9, 0, 7, 480.12
1735483463, 11, 32, 44, 30, 4, 0.06%, 9, 0, 7, 486.11
1735483468, 11, 32, 45, 31, 4, 0.06%, 9, 0, 7, 480.91
1735483494, 11, 32, 48, 34, 4, 0.06%, 9, 0, 7, 377.42
1735483499, 11, 32, 51, 37, 4, 0.06%, 9, 0, 7, 307.19
1735483509, 11, 32, 53, 39, 4, 0.06%, 9, 0, 7, 310.43
1735483519, 11, 34, 53, 38, 4, 0.06%, 9, 0, 7, 443.11
1735483524, 11, 34, 54, 39, 4, 0.06%, 9, 0, 7, 519.35
1735483539, 11, 34, 55, 40, 4, 0.06%, 9, 0, 7, 521.24
1735483585, 11, 34, 56, 41, 4, 0.06%, 9, 0, 7, 387.33
1735483595, 11, 39, 57, 41, 4, 0.06%, 9, 0, 8, 418.47
1735483641, 11, 41, 57, 40, 3, 0.06%, 9, 0, 8, 332.33
1735483682, 11, 50, 57, 39, 3, 0.06%, 9, 0, 8, 264.27
1735483687, 11, 50, 60, 42, 3, 0.06%, 9, 0, 8, 384.44
1735483982, 11, 53, 60, 41, 3, 0.06%, 9, 0, 8, 416.23
1735484028, 11, 53, 62, 43, 3, 0.06%, 9, 0, 8, 327.96
1735484038, 11, 56, 62, 42, 3, 0.06%, 9, 0, 8, 446.03
1735484043, 11, 56, 63, 43, 3, 0.06%, 9, 0, 9, 473.39
1735484058, 11, 56, 64, 44, 3, 0.06%, 9, 0, 9, 471.36
1735484063, 11, 56, 65, 45, 3, 0.06%, 9, 0, 9, 485.22
1735484109, 11, 60, 65, 44, 3, 0.06%, 9, 0, 9, 359.11
1735484159, 11, 61, 65, 43, 3, 0.06%, 9, 0, 9, 243.76
1735484185, 11, 61, 66, 44, 3, 0.06%, 9, 0, 9, 365.46
1735484576, 11, 62, 66, 43, 3, 0.06%, 9, 0, 9, 310.65
1735484591, 11, 62, 67, 44, 3, 0.06%, 9, 0, 10, 482.84
1735484652, 11, 63, 67, 43, 3, 0.06%, 9, 0, 10, 493.76
1735484698, 11, 64, 67, 42, 3, 0.06%, 9, 0, 10, 349.90
1735484770, 11, 64, 68, 43, 3, 0.06%, 9, 0, 10, 485.40
1735484785, 11, 64, 69, 44, 3, 0.06%, 9, 0, 10, 486.09
1735484790, 11, 64, 70, 45, 3, 0.06%, 9, 0, 10, 478.03
1735484831, 12, 19, 70, 44, 3, 0.06%, 9, 0, 10, 300.24
1735484866, 12, 39, 70, 43, 2, 0.06%, 9, 0, 10, 326.25
1735484887, 12, 41, 70, 43, 2, 0.06%, 9, 0, 10, 380.07
1735484902, 12, 45, 70, 43, 2, 0.06%, 9, 0, 10, 382.19
1735484938, 12, 46, 70, 42, 2, 0.06%, 9, 0, 10, 356.02
1735484963, 12, 46, 71, 43, 2, 0.06%, 9, 0, 10, 327.41
1735484969, 12, 46, 72, 44, 2, 0.06%, 9, 0, 10, 329.97
1735484974, 12, 47, 72, 43, 2, 0.06%, 9, 0, 10, 293.22
1735485019, 12, 56, 72, 42, 2, 0.06%, 9, 0, 10, 314.30
1735485045, 12, 62, 72, 42, 2, 0.06%, 9, 0, 10, 311.99
1735485075, 12, 63, 72, 42, 2, 0.06%, 9, 0, 10, 428.75
1735485101, 12, 64, 72, 42, 2, 0.06%, 9, 0, 10, 421.90
1735485116, 12, 64, 73, 43, 2, 0.06%, 9, 0, 10, 331.47
1735485126, 12, 66, 73, 43, 2, 0.06%, 9, 0, 10, 342.00
1735485198, 12, 67, 73, 42, 2, 0.06%, 9, 0, 10, 397.59
1735485203, 12, 67, 74, 43, 2, 0.06%, 9, 0, 11, 481.57
1735485305, 12, 68, 74, 42, 2, 0.06%, 9, 0, 11, 419.49
1735485396, 12, 69, 74, 41, 2, 0.06%, 9, 0, 11, 341.68
1735485478, 12, 69, 75, 42, 2, 0.06%, 9, 0, 11, 484.80
1735485519, 12, 70, 75, 41, 2, 0.06%, 9, 0, 11, 276.37
1735485524, 12, 70, 76, 42, 2, 0.06%, 9, 0, 11, 392.59
1735485935, 12, 73, 76, 41, 2, 0.06%, 9, 0, 11, 307.85
1735486042, 12, 74, 76, 40, 2, 0.06%, 9, 0, 11, 376.11
1735486068, 12, 74, 77, 41, 2, 0.06%, 9, 0, 12, 442.22
1735486139, 12, 76, 77, 40, 2, 0.06%, 9, 0, 12, 439.49
1735486159, 12, 76, 78, 41, 2, 0.06%, 9, 0, 13, 525.38
1735486225, 12, 77, 78, 40, 2, 0.06%, 9, 0, 13, 322.73
1735486318, 13, 13, 78, 39, 2, 0.06%, 9, 0, 13, 316.61
1735486364, 13, 29, 78, 38, 1, 0.06%, 9, 0, 13, 439.82
1735486405, 13, 34, 78, 37, 1, 0.06%, 9, 0, 13, 398.27
1735486420, 13, 36, 78, 37, 1, 0.06%, 9, 0, 13, 444.15
1735486450, 13, 37, 78, 36, 1, 0.06%, 9, 0, 13, 436.06
1735486481, 13, 38, 78, 35, 1, 0.06%, 9, 0, 13, 347.36
1735486517, 13, 39, 78, 34, 1, 0.06%, 9, 0, 13, 346.00
1735486522, 13, 53, 78, 34, 1, 0.06%, 9, 0, 13, 391.91
1735486568, 13, 54, 78, 34, 1, 0.06%, 9, 0, 13, 503.16
1735486603, 13, 55, 78, 33, 1, 0.06%, 9, 0, 13, 342.08
1735487034, 13, 56, 78, 32, 1, 0.06%, 9, 0, 13, 451.33
1735487044, 13, 60, 78, 32, 1, 0.06%, 9, 0, 13, 355.72
1735487069, 13, 61, 78, 32, 1, 0.06%, 9, 0, 13, 397.11
1735487100, 13, 62, 78, 32, 1, 0.06%, 9, 0, 13, 388.38
1735487115, 13, 63, 78, 32, 1, 0.06%, 9, 0, 13, 388.91
1735487125, 13, 64, 78, 32, 1, 0.06%, 9, 0, 13, 343.03
1735487141, 13, 65, 78, 32, 1, 0.06%, 9, 0, 13, 302.22
1735487582, 13, 66, 78, 31, 1, 0.06%, 9, 0, 13, 359.78
1735487608, 13, 67, 78, 31, 1, 0.06%, 9, 0, 13, 352.92
1735487633, 13, 68, 78, 31, 1, 0.06%, 9, 0, 13, 386.99
1735487658, 13, 69, 78, 31, 1, 0.06%, 9, 0, 13, 322.51
1735487684, 13, 73, 78, 31, 1, 0.06%, 9, 0, 13, 361.26
1735487709, 13, 74, 78, 31, 1, 0.06%, 9, 0, 13, 464.35
1735487760, 13, 76, 78, 31, 1, 0.06%, 9, 0, 13, 443.92
1735487826, 13, 77, 78, 31, 1, 0.06%, 9, 0, 13, 410.41
1735487898, 14, 39, 78, 31, 1, 0.06%, 9, 0, 13, 346.06
1735487903, 14, 56, 78, 31, 1, 0.06%, 9, 0, 13, 332.19
1735487918, 14, 62, 78, 31, 1, 0.06%, 9, 0, 13, 414.45
1735487928, 14, 63, 78, 31, 1, 0.06%, 9, 0, 13, 369.07
1735487943, 14, 64, 78, 31, 1, 0.06%, 9, 0, 13, 389.69
1735487953, 14, 66, 78, 31, 1, 0.06%, 9, 0, 13, 361.51
1735487968, 14, 67, 78, 31, 1, 0.06%, 9, 0, 13, 334.99
1735487984, 14, 68, 78, 31, 1, 0.06%, 9, 0, 13, 394.65
1735487999, 14, 69, 78, 31, 1, 0.06%, 9, 0, 13, 380.26
1735488009, 14, 73, 78, 31, 1, 0.06%, 9, 0, 13, 296.79
1735488035, 14, 74, 78, 31, 1, 0.06%, 9, 0, 13, 377.77
1735488060, 14, 76, 78, 31, 1, 0.06%, 9, 0, 13, 330.05
1735488086, 14, 77, 78, 31, 1, 0.06%, 9, 0, 13, 343.36
1735488111, 15, 12, 78, 31, 1, 0.06%, 9, 0, 13, 305.00
1735488131, 15, 13, 78, 30, 0, 0.06%, 9, 0, 13, 268.55
1735488151, 15, 18, 78, 30, 0, 0.06%, 9, 0, 13, 306.03
1735488166, 15, 19, 78, 30, 0, 0.06%, 9, 0, 13, 287.65
1735488182, 15, 19, 79, 31, 0, 0.06%, 9, 0, 13, 295.50
1735488187, 15, 19, 80, 32, 0, 0.06%, 9, 0, 13, 305.30
1735488192, 15, 21, 80, 32, 0, 0.06%, 9, 0, 13, 272.00
1735488237, 15, 22, 80, 31, 0, 0.06%, 9, 0, 13, 383.11
1735488375, 15, 28, 80, 30, 0, 0.06%, 9, 0, 13, 428.05
1735488390, 15, 29, 80, 30, 0, 0.06%, 9, 0, 13, 315.50
1735488411, 15, 30, 80, 30, 0, 0.06%, 9, 0, 13, 298.27
1735488456, 15, 31, 80, 29, 0, 0.06%, 9, 0, 13, 390.57
1735488492, 15, 33, 80, 28, 0, 0.06%, 9, 0, 13, 313.23
1735488717, 15, 34, 80, 27, 0, 0.06%, 9, 0, 13, 304.50
1735488727, 15, 36, 80, 27, 0, 0.06%, 9, 0, 13, 397.41
1735488742, 15, 37, 80, 27, 0, 0.06%, 9, 0, 13, 404.06
1735488762, 15, 38, 80, 27, 0, 0.06%, 9, 0, 13, 431.06
1735488778, 15, 39, 80, 27, 0, 0.06%, 9, 0, 13, 384.58
1735488788, 15, 41, 80, 27, 0, 0.06%, 9, 0, 13, 358.48
1735488793, 15, 45, 80, 27, 0, 0.06%, 9, 0, 13, 345.15
1735488813, 15, 46, 80, 27, 0, 0.06%, 9, 0, 13, 375.88
1735488828, 15, 47, 80, 27, 0, 0.06%, 9, 0, 13, 283.21
1735488848, 15, 48, 80, 27, 0, 0.06%, 9, 0, 13, 322.07
1735488919, 15, 51, 80, 26, 0, 0.06%, 9, 0, 13, 329.39
1735488955, 15, 53, 80, 25, 0, 0.06%, 9, 0, 13, 381.65
1735488960, 15, 54, 80, 25, 0, 0.06%, 9, 0, 13, 376.47
1735488980, 15, 56, 80, 25, 0, 0.06%, 9, 0, 13, 395.80
1735488991, 15, 60, 80, 25, 0, 0.06%, 9, 0, 13, 426.26
1735489001, 15, 61, 80, 25, 0, 0.06%, 9, 0, 13, 376.38
1735489022, 15, 62, 80, 25, 0, 0.06%, 9, 0, 13, 438.77
1735489032, 15, 63, 80, 25, 0, 0.06%, 9, 0, 13, 341.01
1735489047, 15, 64, 80, 25, 0, 0.06%, 9, 0, 13, 365.13
1735489062, 15, 65, 80, 25, 0, 0.06%, 9, 0, 13, 301.36
1735489093, 15, 66, 80, 25, 0, 0.06%, 9, 0, 13, 418.32
1735489103, 15, 67, 80, 25, 0, 0.06%, 9, 0, 13, 309.85
1735489118, 15, 68, 80, 25, 0, 0.06%, 9, 0, 13, 412.22
1735489133, 15, 69, 80, 25, 0, 0.06%, 9, 0, 13, 411.22
1735489143, 15, 70, 80, 25, 0, 0.06%, 9, 0, 13, 359.28
1735489174, 15, 72, 80, 25, 0, 0.06%, 9, 0, 13, 316.58
1735489265, 15, 73, 80, 24, 0, 0.06%, 9, 0, 13, 356.86
1735489270, 15, 74, 80, 24, 0, 0.06%, 9, 0, 13, 386.46
1735489281, 15, 75, 80, 24, 0, 0.06%, 9, 0, 13, 355.33
1735489709, 15, 76, 80, 23, 0, 0.06%, 9, 0, 13, 311.77
1735489719, 15, 77, 80, 23, 0, 0.06%, 9, 0, 13, 384.43
1735489724, 16, 13, 80, 23, 0, 0.06%, 9, 0, 13, 318.70
1735489734, 16, 29, 80, 23, 0, 0.06%, 9, 0, 13, 356.90
1735489745, 16, 34, 80, 23, 0, 0.06%, 9, 0, 13, 382.71
1735489755, 16, 36, 80, 23, 0, 0.06%, 9, 0, 13, 371.18
1735489760, 16, 37, 80, 23, 0, 0.06%, 9, 0, 13, 401.46
1735489770, 16, 38, 80, 23, 0, 0.06%, 9, 0, 13, 377.86
1735489775, 16, 39, 80, 23, 0, 0.06%, 9, 0, 13, 329.49
1735489780, 16, 53, 80, 23, 0, 0.06%, 9, 0, 13, 375.34
1735489790, 16, 54, 80, 23, 0, 0.06%, 9, 0, 13, 379.11
1735489801, 16, 56, 80, 23, 0, 0.06%, 9, 0, 13, 349.55
1735489806, 16, 60, 80, 23, 0, 0.06%, 9, 0, 13, 404.36
1735489816, 16, 61, 80, 23, 0, 0.06%, 9, 0, 13, 343.90
1735489836, 16, 62, 80, 23, 0, 0.06%, 9, 0, 13, 425.84
1735489841, 16, 63, 80, 23, 0, 0.06%, 9, 0, 13, 391.06
1735489851, 16, 64, 80, 23, 0, 0.06%, 9, 0, 13, 401.20
1735489856, 16, 65, 80, 23, 0, 0.06%, 9, 0, 13, 362.70
1735489877, 16, 66, 80, 23, 0, 0.06%, 9, 0, 13, 447.71
1735489887, 16, 67, 80, 23, 0, 0.06%, 9, 0, 13, 311.42
1735489902, 16, 68, 80, 23, 0, 0.06%, 9, 0, 13, 430.65
1735489917, 16, 69, 80, 23, 0, 0.06%, 9, 0, 13, 403.13
1735489928, 16, 73, 80, 23, 0, 0.06%, 9, 0, 13, 369.06
1735489938, 16, 74, 80, 23, 0, 0.06%, 9, 0, 13, 360.90
1735489943, 16, 76, 80, 23, 0, 0.06%, 9, 0, 13, 392.91
1735489948, 16, 77, 80, 23, 0, 0.06%, 9, 0, 13, 351.62
1735489958, 17, 13, 80, 23, 0, 0.06%, 9, 0, 13, 310.27
1735489968, 17, 29, 80, 23, 0, 0.06%, 9, 0, 13, 358.35
1735489978, 17, 34, 80, 23, 0, 0.06%, 9, 0, 13, 349.53
1735489983, 17, 36, 80, 23, 0, 0.06%, 9, 0, 13, 355.22
1735489993, 17, 37, 80, 23, 0, 0.06%, 9, 0, 13, 397.59
1735489998, 17, 38, 80, 23, 0, 0.06%, 9, 0, 13, 343.94
1735490009, 17, 39, 80, 23, 0, 0.06%, 9, 0, 13, 342.66
1735490014, 17, 53, 80, 23, 0, 0.06%, 9, 0, 13, 400.06
1735490024, 17, 54, 80, 23, 0, 0.06%, 9, 0, 13, 340.99
1735490029, 17, 56, 80, 23, 0, 0.06%, 9, 0, 13, 400.71
1735490039, 17, 60, 80, 23, 0, 0.06%, 9, 0, 13, 382.97
1735490049, 17, 61, 80, 23, 0, 0.06%, 9, 0, 13, 371.38
1735490070, 17, 62, 80, 23, 0, 0.06%, 9, 0, 13, 372.79
1735490075, 17, 63, 80, 23, 0, 0.06%, 9, 0, 13, 384.69
1735490080, 17, 64, 80, 23, 0, 0.06%, 9, 0, 13, 343.04
1735490090, 17, 65, 80, 23, 0, 0.06%, 9, 0, 13, 341.14
1735490110, 17, 66, 80, 23, 0, 0.06%, 9, 0, 13, 385.78
1735490115, 17, 67, 80, 23, 0, 0.06%, 9, 0, 13, 362.25
1735490126, 17, 68, 80, 23, 0, 0.06%, 9, 0, 13, 354.84
1735490131, 17, 69, 80, 23, 0, 0.06%, 9, 0, 13, 373.33
1735490141, 17, 73, 80, 23, 0, 0.06%, 9, 0, 13, 388.55
1735490146, 17, 74, 80, 23, 0, 0.06%, 9, 0, 13, 411.79
1735490151, 17, 76, 80, 23, 0, 0.06%, 9, 0, 13, 389.92
1735490161, 17, 77, 80, 23, 0, 0.06%, 9, 0, 13, 349.06
1735490166, 18, 13, 80, 23, 0, 0.06%, 9, 0, 13, 306.18
1735490176, 18, 29, 80, 23, 0, 0.06%, 9, 0, 13, 361.53
1735490186, 18, 34, 80, 23, 0, 0.06%, 9, 0, 13, 350.82
1735490191, 18, 36, 80, 23, 0, 0.06%, 9, 0, 13, 384.66
1735490196, 18, 37, 80, 23, 0, 0.06%, 9, 0, 13, 404.06
1735490207, 18, 38, 80, 23, 0, 0.06%, 9, 0, 13, 377.80
1735490212, 18, 39, 80, 23, 0, 0.06%, 9, 0, 13, 350.35
1735490217, 18, 53, 80, 23, 0, 0.06%, 9, 0, 13, 369.98
1735490222, 18, 54, 80, 23, 0, 0.06%, 9, 0, 13, 415.53
1735490232, 18, 56, 80, 23, 0, 0.06%, 9, 0, 13, 353.29
1735490237, 18, 60, 80, 23, 0, 0.06%, 9, 0, 13, 363.72
1735490242, 18, 61, 80, 23, 0, 0.06%, 9, 0, 13, 391.30
1735490257, 18, 62, 80, 23, 0, 0.06%, 9, 0, 13, 365.97
1735490263, 18, 63, 80, 23, 0, 0.06%, 9, 0, 13, 406.84
1735490268, 18, 64, 80, 23, 0, 0.06%, 9, 0, 13, 346.02
1735490278, 18, 65, 80, 23, 0, 0.06%, 9, 0, 13, 325.04
1735490298, 18, 66, 80, 23, 0, 0.06%, 9, 0, 13, 366.25
1735490303, 18, 67, 80, 23, 0, 0.06%, 9, 0, 13, 352.23
1735490313, 18, 68, 80, 23, 0, 0.06%, 9, 0, 13, 337.83
1735490318, 18, 69, 80, 23, 0, 0.06%, 9, 0, 13, 386.13
1735490328, 18, 73, 80, 23, 0, 0.06%, 9, 0, 13, 376.39
1735490333, 18, 74, 80, 23, 0, 0.06%, 9, 0, 13, 404.45
1735490338, 18, 76, 80, 23, 0, 0.06%, 9, 0, 13, 389.49
1735490343, 18, 77, 80, 23, 0, 0.06%, 9, 0, 13, 377.69
1735490353, 19, 13, 80, 23, 0, 0.06%, 9, 0, 13, 304.17
1735490359, 19, 29, 80, 23, 0, 0.06%, 9, 0, 13, 328.59
1735490364, 19, 34, 80, 23, 0, 0.06%, 9, 0, 13, 341.00
1735490369, 19, 37, 80, 23, 0, 0.06%, 9, 0, 13, 333.40
1735490374, 19, 38, 80, 23, 0, 0.06%, 9, 0, 13, 369.96
1735490379, 19, 39, 80, 23, 0, 0.06%, 9, 0, 13, 364.77
1735490384, 19, 53, 80, 23, 0, 0.06%, 9, 0, 13, 379.77
1735490389, 19, 54, 80, 23, 0, 0.06%, 9, 0, 13, 380.11
1735490394, 19, 56, 80, 23, 0, 0.06%, 9, 0, 13, 392.61
1735490399, 19, 60, 80, 23, 0, 0.06%, 9, 0, 13, 390.68
1735490404, 19, 61, 80, 23, 0, 0.06%, 9, 0, 13, 376.06
1735490420, 19, 62, 80, 23, 0, 0.06%, 9, 0, 13, 343.55
1735490425, 19, 63, 80, 23, 0, 0.06%, 9, 0, 13, 365.13
1735490430, 19, 64, 80, 23, 0, 0.06%, 9, 0, 13, 359.12
1735490440, 19, 65, 80, 23, 0, 0.06%, 9, 0, 13, 300.83
1735490455, 19, 66, 80, 23, 0, 0.06%, 9, 0, 13, 338.79
1735490460, 19, 67, 80, 23, 0, 0.06%, 9, 0, 13, 390.17
1735490465, 19, 68, 80, 23, 0, 0.06%, 9, 0, 13, 340.76
1735490476, 19, 69, 80, 23, 0, 0.06%, 9, 0, 13, 383.42
1735490481, 19, 73, 80, 23, 0, 0.06%, 9, 0, 13, 333.54
1735490491, 19, 74, 80, 23, 0, 0.06%, 9, 0, 13, 371.99
1735490496, 19, 76, 80, 23, 0, 0.06%, 9, 0, 13, 363.06
1735490501, 19, 77, 80, 23, 0, 0.06%, 9, 0, 13, 368.21
1735490511, 20, 13, 80, 23, 0, 0.06%, 9, 0, 13, 304.82
1735490516, 20, 29, 80, 23, 0, 0.06%, 9, 0, 13, 337.63
1735490522, 20, 34, 80, 23, 0, 0.06%, 9, 0, 13, 349.68
1735490527, 20, 37, 80, 23, 0, 0.06%, 9, 0, 13, 371.79
1735490532, 20, 38, 80, 23, 0, 0.06%, 9, 0, 13, 382.25
1735490537, 20, 39, 80, 23, 0, 0.06%, 9, 0, 13, 367.01
1735490542, 20, 53, 80, 23, 0, 0.06%, 9, 0, 13, 366.63
1735490547, 20, 54, 80, 23, 0, 0.06%, 9, 0, 13, 358.55
1735490552, 20, 56, 80, 23, 0, 0.06%, 9, 0, 13, 357.09
1735490557, 20, 60, 80, 23, 0, 0.06%, 9, 0, 13, 362.04
1735490562, 20, 61, 80, 23, 0, 0.06%, 9, 0, 13, 413.58
1735490578, 20, 62, 80, 23, 0, 0.06%, 9, 0, 13, 372.79
1735490583, 20, 63, 80, 23, 0, 0.06%, 9, 0, 13, 397.61
1735490588, 20, 64, 80, 23, 0, 0.06%, 9, 0, 13, 329.15
1735490598, 20, 65, 80, 23, 0, 0.06%, 9, 0, 13, 309.88
1735490613, 20, 66, 80, 23, 0, 0.06%, 9, 0, 13, 346.48
1735490618, 20, 67, 80, 23, 0, 0.06%, 9, 0, 13, 398.47
1735490623, 20, 68, 80, 23, 0, 0.06%, 9, 0, 13, 341.02
1735490633, 20, 69, 80, 23, 0, 0.06%, 9, 0, 13, 361.57
1735490639, 20, 73, 80, 23, 0, 0.06%, 9, 0, 13, 372.48
1735490649, 20, 74, 80, 23, 0, 0.06%, 9, 0, 13, 364.44
1735490654, 20, 76, 80, 23, 0, 0.06%, 9, 0, 13, 392.58
1735490659, 20, 77, 80, 23, 0, 0.06%, 9, 0, 13, 330.71
1735490669, 21, 13, 80, 23, 0, 0.06%, 9, 0, 13, 289.38
1735490674, 21, 29, 80, 23, 0, 0.06%, 9, 0, 13, 338.40
1735490679, 21, 34, 80, 23, 0, 0.06%, 9, 0, 13, 359.69
1735490684, 21, 37, 80, 23, 0, 0.06%, 9, 0, 13, 337.26
1735490689, 21, 38, 80, 23, 0, 0.06%, 9, 0, 13, 369.15
1735490694, 21, 39, 80, 23, 0, 0.06%, 9, 0, 13, 371.60
1735490699, 21, 53, 80, 23, 0, 0.06%, 9, 0, 13, 378.42
1735490704, 21, 54, 80, 23, 0, 0.06%, 9, 0, 13, 365.18
1735490709, 21, 56, 80, 23, 0, 0.06%, 9, 0, 13, 385.44
1735490714, 21, 60, 80, 23, 0, 0.06%, 9, 0, 13, 370.04
1735490719, 21, 61, 80, 23, 0, 0.06%, 9, 0, 13, 399.22
1735490735, 21, 62, 80, 23, 0, 0.06%, 9, 0, 13, 384.23
1735490740, 21, 63, 80, 23, 0, 0.06%, 9, 0, 13, 379.92
1735490750, 21, 64, 80, 23, 0, 0.06%, 9, 0, 13, 361.07
1735490755, 21, 65, 80, 23, 0, 0.06%, 9, 0, 13, 364.78
1735490770, 21, 66, 80, 23, 0, 0.06%, 9, 0, 13, 359.74
1735490775, 21, 67, 80, 23, 0, 0.06%, 9, 0, 13, 368.98
1735490785, 21, 68, 80, 23, 0, 0.06%, 9, 0, 13, 361.10
1735490791, 21, 69, 80, 23, 0, 0.06%, 9, 0, 13, 399.03
1735490796, 21, 73, 80, 23, 0, 0.06%, 9, 0, 13, 353.33
1735490806, 21, 74, 80, 23, 0, 0.06%, 9, 0, 13, 382.97
1735490811, 21, 76, 80, 23, 0, 0.06%, 9, 0, 13, 356.23
1735490821, 21, 77, 80, 23, 0, 0.06%, 9, 0, 13, 378.82
1735490826, 22, 13, 80, 23, 0, 0.06%, 9, 0, 13, 328.06
1735490831, 22, 29, 80, 23, 0, 0.06%, 9, 0, 13, 356.04
1735490836, 22, 34, 80, 23, 0, 0.06%, 9, 0, 13, 345.25
1735490841, 22, 37, 80, 23, 0, 0.06%, 9, 0, 13, 346.93
1735490846, 22, 38, 80, 23, 0, 0.06%, 9, 0, 13, 356.37
1735490851, 22, 39, 80, 23, 0, 0.06%, 9, 0, 13, 364.63
1735490856, 22, 53, 80, 23, 0, 0.06%, 9, 0, 13, 366.33
1735490861, 22, 54, 80, 23, 0, 0.06%, 9, 0, 13, 350.47
1735490866, 22, 56, 80, 23, 0, 0.06%, 9, 0, 13, 364.25
1735490871, 22, 60, 80, 23, 0, 0.06%, 9, 0, 13, 376.64
1735490876, 22, 61, 80, 23, 0, 0.06%, 9, 0, 13, 385.03
1735490892, 22, 62, 80, 23, 0, 0.06%, 9, 0, 13, 390.09
1735490897, 22, 63, 80, 23, 0, 0.06%, 9, 0, 13, 374.95
1735490907, 22, 64, 80, 23, 0, 0.06%, 9, 0, 13, 367.27
1735490912, 22, 65, 80, 23, 0, 0.06%, 9, 0, 13, 375.89
1735490928, 22, 66, 80, 23, 0, 0.06%, 9, 0, 13, 364.71
1735490933, 22, 67, 80, 23, 0, 0.06%, 9, 0, 13, 309.32
1735490943, 22, 68, 80, 23, 0, 0.06%, 9, 0, 13, 365.13
1735490948, 22, 69, 80, 23, 0, 0.06%, 9, 0, 13, 344.99
1735490958, 22, 73, 80, 23, 0, 0.06%, 9, 0, 13, 367.60
1735490963, 22, 74, 80, 23, 0, 0.06%, 9, 0, 13, 414.05
1735490968, 22, 76, 80, 23, 0, 0.06%, 9, 0, 13, 351.96
1735490978, 22, 77, 80, 23, 0, 0.06%, 9, 0, 13, 363.07
1735490983, 23, 13, 80, 23, 0, 0.06%, 9, 0, 13, 310.47
1735490988, 23, 29, 80, 23, 0, 0.06%, 9, 0, 13, 358.92
1735490993, 23, 34, 80, 23, 0, 0.06%, 9, 0, 13, 366.21
1735490998, 23, 36, 80, 23, 0, 0.06%, 9, 0, 13, 359.15
1735491003, 23, 37, 80, 23, 0, 0.06%, 9, 0, 13, 338.21
1735491008, 23, 39, 80, 23, 0, 0.06%, 9, 0, 13, 348.63
1735491014, 23, 53, 80, 23, 0, 0.06%, 9, 0, 13, 367.40
1735491019, 23, 54, 80, 23, 0, 0.06%, 9, 0, 13, 372.31
1735491024, 23, 56, 80, 23, 0, 0.06%, 9, 0, 13, 372.94
1735491029, 23, 60, 80, 23, 0, 0.06%, 9, 0, 13, 404.05
1735491034, 23, 61, 80, 23, 0, 0.06%, 9, 0, 13, 356.40
1735491049, 23, 62, 80, 23, 0, 0.06%, 9, 0, 13, 393.00
1735491054, 23, 63, 80, 23, 0, 0.06%, 9, 0, 13, 329.39
1735491064, 23, 64, 80, 23, 0, 0.06%, 9, 0, 13, 385.38
1735491069, 23, 65, 80, 23, 0, 0.06%, 9, 0, 13, 401.23
1735491085, 23, 66, 80, 23, 0, 0.06%, 9, 0, 13, 360.39
1735491090, 23, 67, 80, 23, 0, 0.06%, 9, 0, 13, 351.99
1735491100, 23, 68, 80, 23, 0, 0.06%, 9, 0, 13, 394.65
1735491105, 23, 69, 80, 23, 0, 0.06%, 9, 0, 13, 367.47
1735491115, 23, 73, 80, 23, 0, 0.06%, 9, 0, 13, 381.10
1735491120, 23, 74, 80, 23, 0, 0.06%, 9, 0, 13, 406.15
1735491125, 23, 76, 80, 23, 0, 0.06%, 9, 0, 13, 326.99
1735491135, 23, 77, 80, 23, 0, 0.06%, 9, 0, 13, 379.06
1735491140, 24, 13, 80, 23, 0, 0.06%, 9, 0, 13, 308.61
1735491145, 24, 29, 80, 23, 0, 0.06%, 9, 0, 13, 339.15
1735491150, 24, 34, 80, 23, 0, 0.06%, 9, 0, 13, 346.48
1735491155, 24, 36, 80, 23, 0, 0.06%, 9, 0, 13, 351.83
1735491160, 24, 38, 80, 23, 0, 0.06%, 9, 0, 13, 343.77
1735491165, 24, 39, 80, 23, 0, 0.06%, 9, 0, 13, 375.08
1735491170, 24, 53, 80, 23, 0, 0.06%, 9, 0, 13, 376.86
1735491175, 24, 54, 80, 23, 0, 0.06%, 9, 0, 13, 362.40
1735491180, 24, 56, 80, 23, 0, 0.06%, 9, 0, 13, 362.37
1735491186, 24, 60, 80, 23, 0, 0.06%, 9, 0, 13, 383.00
1735491191, 24, 61, 80, 23, 0, 0.06%, 9, 0, 13, 344.41
1735491206, 24, 62, 80, 23, 0, 0.06%, 9, 0, 13, 375.97
1735491216, 24, 63, 80, 23, 0, 0.06%, 9, 0, 13, 335.77
1735491221, 24, 64, 80, 23, 0, 0.06%, 9, 0, 13, 376.82
1735491226, 24, 65, 80, 23, 0, 0.06%, 9, 0, 13, 426.55
1735491242, 24, 66, 80, 23, 0, 0.06%, 9, 0, 13, 390.25
1735491247, 24, 67, 80, 23, 0, 0.06%, 9, 0, 13, 360.68
1735491257, 24, 68, 80, 23, 0, 0.06%, 9, 0, 13, 389.58
1735491262, 24, 69, 80, 23, 0, 0.06%, 9, 0, 13, 349.64
1735491272, 24, 73, 80, 23, 0, 0.06%, 9, 0, 13, 387.79
1735491277, 24, 74, 80, 23, 0, 0.06%, 9, 0, 13, 413.33
1735491282, 24, 76, 80, 23, 0, 0.06%, 9, 0, 13, 358.13
1735491292, 24, 77, 80, 23, 0, 0.06%, 9, 0, 13, 407.58
1735491297, 25, 39, 80, 23, 0, 0.06%, 9, 0, 13, 375.16
1735491302, 25, 56, 80, 23, 0, 0.06%, 9, 0, 13, 375.09
1735491307, 25, 62, 80, 23, 0, 0.06%, 9, 0, 13, 384.09
1735491312, 25, 63, 80, 23, 0, 0.06%, 9, 0, 13, 368.92
1735491318, 25, 64, 80, 23, 0, 0.06%, 9, 0, 13, 354.35
1735491328, 25, 66, 80, 23, 0, 0.06%, 9, 0, 13, 383.66
1735491333, 25, 67, 80, 23, 0, 0.06%, 9, 0, 13, 320.75
1735491343, 25, 68, 80, 23, 0, 0.06%, 9, 0, 13, 370.65
1735491348, 25, 69, 80, 23, 0, 0.06%, 9, 0, 13, 323.72
1735491358, 25, 73, 80, 23, 0, 0.06%, 9, 0, 13, 394.32
1735491363, 25, 74, 80, 23, 0, 0.06%, 9, 0, 13, 372.45
1735491373, 25, 76, 80, 23, 0, 0.06%, 9, 0, 13, 356.18
1735491378, 25, 77, 80, 23, 0, 0.06%, 9, 0, 13, 398.74
1735491383, 26, 39, 80, 23, 0, 0.06%, 9, 0, 13, 357.90
1735491388, 26, 56, 80, 23, 0, 0.06%, 9, 0, 13, 377.70
1735491394, 26, 62, 80, 23, 0, 0.06%, 9, 0, 13, 322.75
1735491404, 26, 63, 80, 23, 0, 0.06%, 9, 0, 13, 392.82
1735491409, 26, 64, 80, 23, 0, 0.06%, 9, 0, 13, 396.19
1735491414, 26, 66, 80, 23, 0, 0.06%, 9, 0, 13, 382.75
1735491424, 26, 67, 80, 23, 0, 0.06%, 9, 0, 13, 376.41
1735491429, 26, 68, 80, 23, 0, 0.06%, 9, 0, 13, 405.34
1735491439, 26, 69, 80, 23, 0, 0.06%, 9, 0, 13, 356.26
1735491444, 26, 73, 80, 23, 0, 0.06%, 9, 0, 13, 404.24
1735491449, 26, 74, 80, 23, 0, 0.06%, 9, 0, 13, 313.91
1735491459, 26, 76, 80, 23, 0, 0.06%, 9, 0, 13, 368.50
1735491464, 26, 77, 80, 23, 0, 0.06%, 9, 0, 13, 345.53
1735491475, 27, 56, 80, 23, 0, 0.06%, 9, 0, 13, 345.12
1735491485, 27, 62, 80, 23, 0, 0.06%, 9, 0, 13, 341.45
1735491490, 27, 63, 80, 23, 0, 0.06%, 9, 0, 13, 365.48
1735491495, 27, 64, 80, 23, 0, 0.06%, 9, 0, 13, 348.06
1735491505, 27, 66, 80, 23, 0, 0.06%, 9, 0, 13, 349.96
1735491510, 27, 67, 80, 23, 0, 0.06%, 9, 0, 13, 333.26
1735491520, 27, 68, 80, 23, 0, 0.06%, 9, 0, 13, 354.59
1735491525, 27, 69, 80, 23, 0, 0.06%, 9, 0, 13, 398.89
1735491530, 27, 73, 80, 23, 0, 0.06%, 9, 0, 13, 374.60
1735491540, 27, 74, 80, 23, 0, 0.06%, 9, 0, 13, 411.70
1735491545, 27, 76, 80, 23, 0, 0.06%, 9, 0, 13, 413.96
1735491550, 27, 77, 80, 23, 0, 0.06%, 9, 0, 13, 360.21
1735491561, 28, 39, 80, 23, 0, 0.06%, 9, 0, 13, 331.02
1735491566, 28, 56, 80, 23, 0, 0.06%, 9, 0, 13, 338.95
1735491571, 28, 62, 80, 23, 0, 0.06%, 9, 0, 13, 363.68
1735491576, 28, 63, 80, 23, 0, 0.06%, 9, 0, 13, 361.08
1735491586, 28, 64, 80, 23, 0, 0.06%, 9, 0, 13, 365.87
1735491591, 28, 66, 80, 23, 0, 0.06%, 9, 0, 13, 389.62
1735491596, 28, 67, 80, 23, 0, 0.06%, 9, 0, 13, 310.48
1735491606, 28, 68, 80, 23, 0, 0.06%, 9, 0, 13, 388.01
1735491611, 28, 69, 80, 23, 0, 0.06%, 9, 0, 13, 339.53
1735491622, 28, 73, 80, 23, 0, 0.06%, 9, 0, 13, 354.02
1735491627, 28, 74, 80, 23, 0, 0.06%, 9, 0, 13, 365.38
1735491637, 28, 76, 80, 23, 0, 0.06%, 9, 0, 13, 360.64
1735491642, 28, 77, 80, 23, 0, 0.06%, 9, 0, 13, 402.61
1735491647, 29, 39, 80, 23, 0, 0.06%, 9, 0, 13, 396.88
1735491652, 29, 56, 80, 23, 0, 0.06%, 9, 0, 13, 389.81
1735491657, 29, 62, 80, 23, 0, 0.06%, 9, 0, 13, 371.00
1735491667, 29, 63, 80, 23, 0, 0.06%, 9, 0, 13, 329.43
1735491672, 29, 64, 80, 23, 0, 0.06%, 9, 0, 13, 384.87
1735491677, 29, 66, 80, 23, 0, 0.06%, 9, 0, 13, 380.99
1735491687, 29, 67, 80, 23, 0, 0.06%, 9, 0, 13, 369.36
1735491692, 29, 68, 80, 23, 0, 0.06%, 9, 0, 13, 401.23
1735491698, 29, 69, 80, 23, 0, 0.06%, 9, 0, 13, 358.43
1735491708, 29, 73, 80, 23, 0, 0.06%, 9, 0, 13, 396.13
1735491713, 29, 74, 80, 23, 0, 0.06%, 9, 0, 13, 340.34
1735491723, 29, 76, 80, 23, 0, 0.06%, 9, 0, 13, 374.48
1735491728, 29, 77, 80, 23, 0, 0.06%, 9, 0, 13, 343.98
1735491738, 30, 56, 80, 23, 0, 0.06%, 9, 0, 13, 410.75
1735491748, 30, 62, 80, 23, 0, 0.06%, 9, 0, 13, 350.60
1735491753, 30, 63, 80, 23, 0, 0.06%, 9, 0, 13, 337.10
1735491758, 30, 64, 80, 23, 0, 0.06%, 9, 0, 13, 359.09
1735491768, 30, 66, 80, 23, 0, 0.06%, 9, 0, 13, 341.55
1735491774, 30, 67, 80, 23, 0, 0.06%, 9, 0, 13, 398.72
1735491779, 30, 68, 80, 23, 0, 0.06%, 9, 0, 13, 354.86
1735491789, 30, 69, 80, 23, 0, 0.06%, 9, 0, 13, 368.37
1735491794, 30, 73, 80, 23, 0, 0.06%, 9, 0, 13, 365.44
1735491804, 30, 74, 80, 23, 0, 0.06%, 9, 0, 13, 342.93
1735491809, 30, 76, 80, 23, 0, 0.06%, 9, 0, 13, 365.35
1735491819, 30, 77, 80, 23, 0, 0.06%, 9, 0, 13, 372.51
1735491824, 31, 39, 80, 23, 0, 0.06%, 9, 0, 13, 328.25
1735491829, 31, 56, 80, 23, 0, 0.06%, 9, 0, 13, 332.68
1735491834, 31, 62, 80, 23, 0, 0.06%, 9, 0, 13, 373.87
1735491839, 31, 63, 80, 23, 0, 0.06%, 9, 0, 13, 374.69
1735491850, 31, 64, 80, 23, 0, 0.06%, 9, 0, 13, 359.40
1735491855, 31, 66, 80, 23, 0, 0.06%, 9, 0, 13, 375.91
1735491865, 31, 67, 80, 23, 0, 0.06%, 9, 0, 13, 374.28
1735491870, 31, 68, 80, 23, 0, 0.06%, 9, 0, 13, 395.69
1735491875, 31, 69, 80, 23, 0, 0.06%, 9, 0, 13, 355.27
1735491885, 31, 73, 80, 23, 0, 0.06%, 9, 0, 13, 386.38
1735491890, 31, 74, 80, 23, 0, 0.06%, 9, 0, 13, 384.22
1735491900, 31, 76, 80, 23, 0, 0.06%, 9, 0, 13, 357.53
1735491905, 31, 77, 80, 23, 0, 0.06%, 9, 0, 13, 380.39
1735491910, 32, 39, 80, 23, 0, 0.06%, 9, 0, 13, 378.74
1735491915, 32, 56, 80, 23, 0, 0.06%, 9, 0, 13, 406.20
1735491920, 32, 62, 80, 23, 0, 0.06%, 9, 0, 13, 309.96
1735491930, 32, 63, 80, 23, 0, 0.06%, 9, 0, 13, 357.99
1735491936, 32, 64, 80, 23, 0, 0.06%, 9, 0, 13, 392.90
1735491941, 32, 66, 80, 23, 0, 0.06%, 9, 0, 13, 335.25
1735491951, 32, 67, 80, 23, 0, 0.06%, 9, 0, 13, 381.92
1735491956, 32, 68, 80, 23, 0, 0.06%, 9, 0, 13, 366.94
1735491966, 32, 69, 80, 23, 0, 0.06%, 9, 0, 13, 375.58
1735491971, 32, 73, 80, 23, 0, 0.06%, 9, 0, 13, 394.53
1735491976, 32, 74, 80, 23, 0, 0.06%, 9, 0, 13, 333.46
1735491986, 32, 76, 80, 23, 0, 0.06%, 9, 0, 13, 362.93
1735491991, 32, 77, 80, 23, 0, 0.06%, 9, 0, 13, 324.84
1735492001, 33, 56, 80, 23, 0, 0.06%, 9, 0, 13, 346.63
1735492012, 33, 62, 80, 23, 0, 0.06%, 9, 0, 13, 361.52
1735492017, 33, 63, 80, 23, 0, 0.06%, 9, 0, 13, 382.33
1735492022, 33, 64, 80, 23, 0, 0.06%, 9, 0, 13, 407.60
1735492027, 33, 66, 80, 23, 0, 0.06%, 9, 0, 13, 347.57
1735492037, 33, 67, 80, 23, 0, 0.06%, 9, 0, 13, 371.41
1735492042, 33, 68, 80, 23, 0, 0.06%, 9, 0, 13, 401.65
1735492047, 33, 69, 80, 23, 0, 0.06%, 9, 0, 13, 361.35
1735492057, 33, 73, 80, 23, 0, 0.06%, 9, 0, 13, 403.18
1735492062, 33, 74, 80, 23, 0, 0.06%, 9, 0, 13, 340.71
1735492072, 33, 76, 80, 23, 0, 0.06%, 9, 0, 13, 391.30
1735492077, 33, 77, 80, 23, 0, 0.06%, 9, 0, 13, 389.90
1735492088, 34, 56, 80, 23, 0, 0.06%, 9, 0, 13, 385.93
1735492098, 34, 62, 80, 23, 0, 0.06%, 9, 0, 13, 360.64
1735492103, 34, 63, 80, 23, 0, 0.06%, 9, 0, 13, 359.35
1735492108, 34, 64, 80, 23, 0, 0.06%, 9, 0, 13, 382.77
1735492113, 34, 66, 80, 23, 0, 0.06%, 9, 0, 13, 361.25
1735492123, 34, 67, 80, 23, 0, 0.06%, 9, 0, 13, 377.80
1735492128, 34, 68, 80, 23, 0, 0.06%, 9, 0, 13, 345.02
1735492138, 34, 69, 80, 23, 0, 0.06%, 9, 0, 13, 342.45
1735492143, 34, 73, 80, 23, 0, 0.06%, 9, 0, 13, 374.06
1735492153, 34, 74, 80, 23, 0, 0.06%, 9, 0, 13, 351.98
1735492158, 34, 76, 80, 23, 0, 0.06%, 9, 0, 13, 403.40
1735492163, 34, 77, 80, 23, 0, 0.06%, 9, 0, 13, 323.05
1735492174, 35, 39, 80, 23, 0, 0.06%, 9, 0, 13, 342.28
1735492179, 35, 56, 80, 23, 0, 0.06%, 9, 0, 13, 370.97
1735492184, 35, 62, 80, 23, 0, 0.06%, 9, 0, 13, 354.61
1735492189, 35, 63, 80, 23, 0, 0.06%, 9, 0, 13, 393.09
1735492194, 35, 64, 80, 23, 0, 0.06%, 9, 0, 13, 383.54
1735492204, 35, 66, 80, 23, 0, 0.06%, 9, 0, 13, 367.40
1735492209, 35, 67, 80, 23, 0, 0.06%, 9, 0, 13, 395.62
1735492214, 35, 68, 80, 23, 0, 0.06%, 9, 0, 13, 348.05
1735492225, 35, 69, 80, 23, 0, 0.06%, 9, 0, 13, 426.80
1735492286, 35, 70, 80, 23, 0, 0.06%, 9, 0, 13, 262.76
1735492685, 35, 72, 80, 23, 0, 0.06%, 9, 0, 13, 413.75
1735492710, 35, 73, 80, 23, 0, 0.06%, 9, 0, 13, 324.14
1735492782, 35, 74, 80, 23, 0, 0.06%, 9, 0, 13, 349.38
1735492787, 35, 75, 80, 23, 0, 0.06%, 9, 0, 13, 338.57
1735492817, 35, 76, 80, 23, 0, 0.06%, 9, 0, 13, 316.80
1735492827, 35, 77, 80, 23, 0, 0.06%, 9, 0, 13, 380.42
1735492832, 36, 13, 80, 23, 0, 0.06%, 9, 0, 13, 321.29
1735492837, 36, 19, 80, 23, 0, 0.06%, 9, 0, 13, 300.38
1735492847, 36, 28, 80, 23, 0, 0.06%, 9, 0, 13, 376.69
1735492858, 36, 29, 80, 23, 0, 0.06%, 9, 0, 13, 359.05
1735492863, 36, 30, 80, 23, 0, 0.06%, 9, 0, 13, 300.99
1735492883, 36, 31, 80, 23, 0, 0.06%, 9, 0, 13, 437.65
1735492898, 36, 33, 80, 23, 0, 0.06%, 9, 0, 13, 284.65
1735492918, 36, 34, 80, 23, 0, 0.06%, 9, 0, 13, 433.55
1735492928, 36, 35, 80, 23, 0, 0.06%, 9, 0, 13, 425.43
1735492959, 36, 36, 80, 22, 0, 0.06%, 9, 0, 13, 407.25
1735492969, 36, 37, 80, 22, 0, 0.06%, 9, 0, 13, 428.98
1735492979, 36, 38, 80, 22, 0, 0.06%, 9, 0, 13, 374.62
1735492990, 36, 41, 80, 22, 0, 0.06%, 9, 0, 13, 365.25
1735493000, 36, 45, 80, 22, 0, 0.06%, 9, 0, 13, 373.75
1735493010, 36, 46, 80, 22, 0, 0.06%, 9, 0, 13, 344.55
1735493015, 36, 47, 80, 22, 0, 0.06%, 9, 0, 13, 308.66
1735493025, 36, 48, 80, 22, 0, 0.06%, 9, 0, 13, 310.39
1735493046, 36, 51, 80, 22, 0, 0.06%, 9, 0, 13, 389.12
1735493061, 36, 53, 80, 22, 0, 0.06%, 9, 0, 13, 360.02
1735493066, 36, 54, 80, 22, 0, 0.06%, 9, 0, 13, 472.45
1735493076, 36, 55, 80, 22, 0, 0.06%, 9, 0, 13, 430.76
1735493102, 36, 56, 80, 22, 0, 0.06%, 9, 0, 13, 405.24
1735493107, 36, 60, 80, 22, 0, 0.06%, 9, 0, 13, 361.73
1735493122, 36, 61, 80, 22, 0, 0.06%, 9, 0, 13, 315.95
