# unix_time, cycles_done, cur_path, paths_total, pending_total, pending_favs, map_size, unique_crashes, unique_hangs, max_depth, execs_per_sec
1735147012, 0, 0, 10, 10, 1, 0.00%, 0, 0, 1, 170.94
1735147017, 0, 3, 10, 10, 1, 0.00%, 0, 0, 1, 201.87
1735147023, 0, 4, 10, 9, 0, 0.00%, 0, 0, 1, 208.32
1735147028, 0, 5, 10, 8, 0, 0.00%, 0, 0, 1, 201.75
1735147038, 0, 6, 10, 7, 0, 0.00%, 0, 0, 1, 212.98
1735147043, 0, 7, 10, 6, 0, 0.00%, 0, 0, 1, 200.89
1735147053, 0, 8, 10, 5, 0, 0.00%, 0, 0, 1, 211.67
1735147058, 0, 9, 10, 4, 0, 0.00%, 0, 0, 1, 197.00
1735147068, 1, 0, 10, 3, 0, 0.00%, 0, 0, 1, 210.85
1735147073, 1, 1, 10, 2, 0, 0.00%, 0, 0, 1, 210.85
1735147083, 1, 2, 10, 1, 0, 0.00%, 0, 0, 1, 202.72
1735147094, 1, 3, 10, 0, 0, 0.00%, 0, 0, 1, 196.95
1735147104, 1, 4, 11, 1, 0, 0.05%, 1, 0, 2, 211.94
1735147109, 1, 10, 11, 1, 1, 0.05%, 1, 0, 2, 253.86
1735147145, 2, 10, 11, 0, 0, 0.05%, 1, 0, 2, 236.24
1735147156, 3, 10, 11, 0, 0, 0.05%, 1, 0, 2, 241.73
1735147166, 4, 10, 11, 0, 0, 0.05%, 1, 0, 2, 243.83
1735147176, 5, 10, 11, 0, 0, 0.05%, 1, 0, 2, 242.14
1735147186, 6, 10, 12, 1, 0, 0.05%, 2, 0, 3, 258.17
1735147196, 6, 11, 13, 2, 1, 0.05%, 2, 0, 4, 235.83
1735147201, 6, 11, 14, 3, 1, 0.05%, 3, 0, 4, 266.51
1735147221, 6, 11, 18, 7, 1, 0.05%, 4, 0, 4, 270.31
1735147237, 6, 11, 19, 8, 1, 0.06%, 5, 0, 4, 276.92
1735147247, 6, 11, 20, 9, 1, 0.06%, 5, 0, 4, 274.24
1735147282, 6, 11, 21, 10, 1, 0.06%, 5, 0, 4, 279.41
1735147313, 6, 18, 23, 11, 3, 0.06%, 6, 0, 5, 219.18
1735147374, 6, 18, 24, 12, 3, 0.06%, 6, 0, 5, 226.35
1735147384, 6, 18, 25, 13, 3, 0.06%, 6, 0, 5, 238.79
1735147394, 6, 18, 26, 14, 3, 0.06%, 7, 0, 5, 229.64
1735147399, 6, 25, 29, 16, 4, 0.06%, 9, 0, 6, 268.48
1735147419, 6, 25, 30, 17, 4, 0.06%, 9, 0, 6, 232.74
1735147430, 6, 25, 31, 18, 4, 0.06%, 9, 0, 6, 238.96
1735147471, 6, 25, 32, 19, 4, 0.06%, 9, 0, 6, 228.55
1735147531, 6, 26, 32, 18, 4, 0.06%, 9, 0, 6, 268.05
1735147542, 6, 26, 33, 19, 4, 0.06%, 9, 0, 7, 240.32
1735147562, 6, 26, 34, 20, 4, 0.06%, 9, 0, 7, 243.48
1735147593, 6, 26, 35, 21, 4, 0.06%, 9, 0, 7, 244.42
1735147634, 6, 26, 36, 22, 4, 0.06%, 9, 0, 7, 235.64
1735147639, 6, 26, 37, 23, 4, 0.06%, 9, 0, 7, 254.88
1735147659, 7, 21, 38, 23, 4, 0.06%, 9, 0, 7, 241.76
1735147680, 7, 21, 39, 24, 4, 0.06%, 9, 0, 7, 234.46
1735147695, 7, 21, 40, 25, 4, 0.06%, 9, 0, 7, 236.97
1735147705, 7, 21, 42, 27, 4, 0.06%, 9, 0, 7, 232.54
1735147777, 7, 21, 43, 28, 4, 0.06%, 9, 0, 7, 253.26
1735147787, 7, 28, 43, 27, 3, 0.06%, 9, 0, 7, 278.17
1735147792, 7, 28, 44, 28, 3, 0.06%, 9, 0, 7, 257.35
1735147802, 7, 28, 45, 29, 3, 0.06%, 9, 0, 7, 244.55
1735147832, 7, 28, 46, 30, 3, 0.06%, 9, 0, 7, 249.46
1735147858, 7, 28, 47, 31, 3, 0.06%, 9, 0, 7, 251.78
1735147904, 7, 28, 48, 32, 3, 0.06%, 9, 0, 7, 277.62
1735147914, 7, 35, 48, 31, 2, 0.06%, 9, 0, 7, 336.67
1735147920, 7, 35, 49, 32, 2, 0.06%, 9, 0, 8, 413.37
1735147925, 7, 35, 50, 33, 2, 0.06%, 9, 0, 8, 429.99
1735147935, 7, 35, 51, 34, 2, 0.06%, 9, 0, 8, 433.78
1735147940, 7, 35, 52, 35, 2, 0.06%, 9, 0, 8, 429.68
1735147955, 7, 35, 53, 36, 2, 0.06%, 9, 0, 8, 431.64
1735148011, 7, 42, 53, 35, 2, 0.06%, 9, 0, 8, 366.34
1735148041, 7, 42, 54, 36, 2, 0.06%, 9, 0, 8, 290.53
1735148047, 7, 43, 54, 35, 2, 0.06%, 9, 0, 8, 337.28
1735148082, 7, 47, 54, 34, 2, 0.06%, 9, 0, 8, 403.51
1735148143, 7, 47, 55, 35, 2, 0.06%, 9, 0, 8, 507.30
1735148153, 7, 47, 56, 36, 2, 0.06%, 9, 0, 8, 472.41
1735148158, 7, 47, 57, 37, 2, 0.06%, 9, 0, 8, 464.14
1735148174, 7, 47, 58, 38, 2, 0.06%, 9, 0, 8, 458.30
1735148194, 7, 47, 59, 39, 2, 0.06%, 9, 0, 8, 465.63
1735148199, 7, 47, 60, 40, 2, 0.06%, 9, 0, 8, 465.11
1735148225, 7, 48, 60, 39, 2, 0.06%, 9, 0, 8, 292.29
1735148311, 7, 54, 60, 38, 2, 0.06%, 9, 0, 8, 301.07
1735148326, 7, 54, 62, 40, 2, 0.06%, 9, 0, 9, 475.95
1735148352, 7, 54, 63, 41, 2, 0.06%, 9, 0, 9, 481.07
1735148357, 7, 54, 64, 42, 2, 0.06%, 9, 0, 9, 475.23
1735148387, 7, 55, 64, 41, 2, 0.06%, 9, 0, 9, 395.68
1735148408, 7, 55, 65, 42, 2, 0.06%, 9, 0, 9, 492.42
1735148474, 7, 56, 65, 41, 2, 0.06%, 9, 0, 9, 331.53
1735148561, 7, 57, 65, 40, 2, 0.06%, 9, 0, 9, 390.12
1735148627, 7, 57, 66, 41, 2, 0.06%, 9, 0, 9, 463.94
1735148673, 7, 58, 66, 40, 2, 0.06%, 9, 0, 9, 369.21
1735148759, 8, 15, 66, 39, 2, 0.06%, 9, 0, 9, 325.50
1735148770, 8, 15, 67, 40, 2, 0.06%, 9, 0, 9, 300.20
1735148825, 8, 18, 67, 39, 1, 0.06%, 9, 0, 9, 287.30
1735148840, 8, 21, 67, 39, 1, 0.06%, 9, 0, 9, 269.69
1735148851, 8, 22, 67, 39, 1, 0.06%, 9, 0, 9, 352.66
1735148886, 8, 37, 67, 38, 1, 0.06%, 9, 0, 9, 376.80
1735148917, 8, 38, 67, 37, 1, 0.06%, 9, 0, 9, 324.19
1735148962, 8, 42, 67, 36, 1, 0.06%, 9, 0, 9, 309.94
1735148968, 8, 48, 67, 36, 1, 0.06%, 9, 0, 9, 296.77
1735148983, 8, 50, 67, 36, 1, 0.06%, 9, 0, 9, 308.48
1735149034, 8, 50, 68, 37, 1, 0.06%, 9, 0, 9, 320.08
1735149039, 8, 51, 68, 36, 1, 0.06%, 9, 0, 9, 375.37
1735149065, 8, 51, 70, 38, 1, 0.06%, 9, 0, 9, 487.41
1735149187, 8, 52, 70, 37, 1, 0.06%, 9, 0, 9, 383.52
1735149248, 8, 53, 70, 36, 1, 0.06%, 9, 0, 9, 403.30
1735149284, 8, 54, 70, 35, 1, 0.06%, 9, 0, 9, 392.63
1735149294, 8, 55, 70, 35, 1, 0.06%, 9, 0, 9, 351.92
1735149309, 8, 56, 70, 35, 1, 0.06%, 9, 0, 9, 399.93
1735149324, 8, 57, 70, 35, 1, 0.06%, 9, 0, 9, 414.25
1735149335, 8, 58, 70, 35, 1, 0.06%, 9, 0, 9, 316.27
1735149350, 8, 59, 70, 35, 1, 0.06%, 9, 0, 9, 368.13
1735149421, 8, 60, 70, 34, 1, 0.06%, 9, 0, 9, 407.66
1735149483, 8, 60, 71, 35, 1, 0.06%, 9, 0, 10, 381.74
1735149504, 8, 60, 72, 36, 1, 0.06%, 9, 0, 10, 479.69
1735149554, 8, 61, 72, 35, 1, 0.06%, 9, 0, 10, 403.67
1735149758, 9, 21, 72, 34, 1, 0.06%, 9, 0, 10, 298.31
1735149768, 9, 37, 72, 34, 1, 0.06%, 9, 0, 10, 329.20
1735149778, 9, 38, 72, 34, 1, 0.06%, 9, 0, 10, 288.61
1735149788, 9, 39, 72, 34, 1, 0.06%, 9, 0, 10, 375.28
1735149809, 9, 39, 74, 36, 1, 0.06%, 9, 0, 10, 364.62
1735149814, 9, 39, 75, 37, 1, 0.06%, 9, 0, 10, 338.76
1735149824, 9, 40, 75, 36, 1, 0.06%, 9, 0, 10, 391.26
1735149865, 9, 41, 75, 35, 1, 0.06%, 9, 0, 10, 471.52
1735149910, 9, 42, 75, 34, 1, 0.06%, 9, 0, 10, 296.33
1735149920, 9, 43, 75, 34, 1, 0.06%, 9, 0, 10, 376.97
1735149931, 9, 44, 75, 34, 1, 0.06%, 9, 0, 10, 478.18
1735149966, 9, 45, 75, 33, 1, 0.06%, 9, 0, 10, 336.08
1735150012, 9, 46, 75, 32, 1, 0.06%, 9, 0, 10, 367.11
1735150217, 9, 47, 75, 31, 1, 0.06%, 9, 0, 10, 401.91
1735150227, 9, 48, 75, 31, 1, 0.06%, 9, 0, 10, 409.26
1735150284, 9, 49, 75, 31, 1, 0.06%, 9, 0, 10, 437.57
1735150330, 9, 49, 76, 32, 1, 0.06%, 9, 0, 10, 435.32
1735150390, 9, 50, 76, 31, 1, 0.06%, 9, 0, 10, 431.93
1735150411, 9, 51, 76, 31, 1, 0.06%, 9, 0, 10, 367.70
1735150426, 9, 52, 76, 31, 1, 0.06%, 9, 0, 10, 440.41
1735150446, 9, 53, 76, 31, 1, 0.06%, 9, 0, 10, 395.35
1735150457, 9, 54, 76, 31, 1, 0.06%, 9, 0, 10, 403.82
1735150467, 9, 55, 76, 31, 1, 0.06%, 9, 0, 10, 334.61
1735150482, 9, 56, 76, 31, 1, 0.06%, 9, 0, 10, 371.89
1735150497, 9, 57, 76, 31, 1, 0.06%, 9, 0, 10, 405.51
1735150507, 9, 58, 76, 31, 1, 0.06%, 9, 0, 10, 282.95
1735150523, 9, 59, 76, 31, 1, 0.06%, 9, 0, 10, 397.62
1735150533, 9, 60, 76, 31, 1, 0.06%, 9, 0, 10, 374.03
1735150548, 9, 61, 76, 31, 1, 0.06%, 9, 0, 10, 348.54
1735150563, 9, 62, 76, 31, 1, 0.06%, 9, 0, 10, 411.72
1735150645, 9, 63, 76, 30, 1, 0.06%, 9, 0, 10, 400.61
1735150838, 9, 63, 77, 31, 1, 0.06%, 9, 0, 10, 487.03
1735150854, 9, 63, 78, 32, 1, 0.06%, 9, 0, 10, 492.72
1735150899, 9, 64, 78, 31, 1, 0.06%, 9, 0, 10, 432.55
1735150986, 9, 65, 78, 30, 1, 0.06%, 9, 0, 10, 313.12
1735151124, 9, 66, 78, 29, 1, 0.06%, 9, 0, 10, 370.42
1735151216, 9, 67, 78, 28, 1, 0.06%, 9, 0, 10, 345.74
1735151266, 9, 68, 78, 27, 1, 0.06%, 9, 0, 10, 310.02
1735151394, 9, 74, 78, 26, 1, 0.06%, 9, 0, 10, 383.88
1735151511, 10, 21, 78, 25, 1, 0.06%, 9, 0, 10, 271.62
1735151516, 10, 37, 78, 25, 1, 0.06%, 9, 0, 10, 341.65
1735151526, 10, 38, 78, 25, 1, 0.06%, 9, 0, 10, 300.48
1735151536, 10, 39, 78, 25, 1, 0.06%, 9, 0, 10, 336.08
1735151547, 10, 40, 78, 25, 1, 0.06%, 9, 0, 10, 309.29
1735151552, 10, 41, 78, 25, 1, 0.06%, 9, 0, 10, 313.40
1735151562, 10, 42, 78, 25, 1, 0.06%, 9, 0, 10, 334.08
1735151572, 10, 43, 78, 25, 1, 0.06%, 9, 0, 10, 361.56
1735151582, 10, 44, 78, 25, 1, 0.06%, 9, 0, 10, 377.96
1735151587, 10, 45, 78, 25, 1, 0.06%, 9, 0, 10, 338.33
1735151597, 10, 46, 78, 25, 1, 0.06%, 9, 0, 10, 358.85
1735151613, 10, 47, 78, 25, 1, 0.06%, 9, 0, 10, 367.02
1735151623, 10, 48, 78, 25, 1, 0.06%, 9, 0, 10, 399.01
1735151679, 10, 49, 78, 25, 1, 0.06%, 9, 0, 10, 362.36
1735151735, 10, 50, 78, 25, 1, 0.06%, 9, 0, 10, 423.16
1735151750, 10, 51, 78, 25, 1, 0.06%, 9, 0, 10, 306.22
1735151878, 10, 52, 78, 25, 1, 0.06%, 9, 0, 10, 391.83
1735151889, 10, 53, 78, 25, 1, 0.06%, 9, 0, 10, 323.27
1735151899, 10, 54, 78, 25, 1, 0.06%, 9, 0, 10, 398.00
1735151914, 10, 55, 78, 25, 1, 0.06%, 9, 0, 10, 397.41
1735151924, 10, 56, 78, 25, 1, 0.06%, 9, 0, 10, 346.82
1735151939, 10, 57, 78, 25, 1, 0.06%, 9, 0, 10, 391.40
1735151954, 10, 58, 78, 25, 1, 0.06%, 9, 0, 10, 420.52
1735151964, 10, 59, 78, 25, 1, 0.06%, 9, 0, 10, 378.84
1735151979, 10, 60, 78, 25, 1, 0.06%, 9, 0, 10, 418.69
1735151990, 10, 61, 78, 25, 1, 0.06%, 9, 0, 10, 370.40
1735152010, 10, 62, 78, 25, 1, 0.06%, 9, 0, 10, 401.81
1735152020, 10, 63, 78, 25, 1, 0.06%, 9, 0, 10, 314.97
1735152035, 10, 64, 78, 25, 1, 0.06%, 9, 0, 10, 329.15
1735152051, 10, 65, 78, 25, 1, 0.06%, 9, 0, 10, 377.88
1735152066, 10, 66, 78, 25, 1, 0.06%, 9, 0, 10, 385.10
1735152081, 10, 67, 78, 25, 1, 0.06%, 9, 0, 10, 312.65
1735152117, 10, 68, 78, 25, 1, 0.06%, 9, 0, 10, 347.57
1735152142, 10, 69, 78, 25, 1, 0.06%, 9, 0, 10, 305.30
1735152260, 10, 69, 79, 26, 1, 0.06%, 9, 0, 10, 352.62
1735152270, 10, 70, 79, 25, 1, 0.06%, 9, 0, 10, 399.50
1735152377, 10, 71, 79, 24, 1, 0.06%, 9, 0, 10, 409.88
1735152485, 10, 72, 79, 23, 1, 0.06%, 9, 0, 10, 319.50
1735152638, 10, 73, 79, 22, 1, 0.06%, 9, 0, 10, 377.18
1735152725, 10, 74, 79, 21, 1, 0.06%, 9, 0, 10, 319.72
1735152787, 10, 75, 80, 22, 1, 0.06%, 9, 0, 10, 368.91
1735152914, 10, 76, 80, 21, 1, 0.06%, 9, 0, 10, 346.80
1735153027, 10, 77, 80, 20, 1, 0.06%, 9, 0, 10, 401.65
1735153135, 10, 78, 81, 20, 1, 0.06%, 9, 0, 11, 377.23
1735153277, 10, 80, 81, 19, 1, 0.06%, 9, 0, 11, 361.33
1735153415, 11, 13, 81, 18, 1, 0.06%, 9, 0, 11, 298.10
1735153451, 11, 23, 81, 17, 1, 0.06%, 9, 0, 11, 299.54
1735153501, 11, 24, 81, 16, 1, 0.06%, 9, 0, 11, 364.36
1735153536, 11, 25, 81, 15, 1, 0.06%, 9, 0, 11, 286.55
1735153552, 11, 28, 81, 15, 1, 0.06%, 9, 0, 11, 278.73
1735153562, 11, 29, 81, 15, 1, 0.06%, 9, 0, 11, 334.70
1735153607, 11, 30, 81, 14, 1, 0.06%, 9, 0, 11, 372.90
1735153643, 11, 43, 81, 13, 1, 0.06%, 9, 0, 11, 360.13
1735153653, 11, 44, 81, 13, 1, 0.06%, 9, 0, 11, 393.52
1735153663, 11, 45, 81, 13, 1, 0.06%, 9, 0, 11, 293.11
1735153673, 11, 46, 81, 13, 1, 0.06%, 9, 0, 11, 336.48
1735153683, 11, 47, 81, 13, 1, 0.06%, 9, 0, 11, 313.34
1735153694, 11, 53, 81, 13, 1, 0.06%, 9, 0, 11, 408.97
1735153704, 11, 54, 81, 13, 1, 0.06%, 9, 0, 11, 360.35
1735153709, 11, 55, 81, 13, 1, 0.06%, 9, 0, 11, 363.44
1735153719, 11, 56, 81, 13, 1, 0.06%, 9, 0, 11, 365.23
1735153724, 11, 57, 81, 13, 1, 0.06%, 9, 0, 11, 375.02
1735153734, 11, 58, 81, 13, 1, 0.06%, 9, 0, 11, 372.46
1735153739, 11, 59, 81, 13, 1, 0.06%, 9, 0, 11, 429.30
1735153754, 11, 60, 81, 13, 1, 0.06%, 9, 0, 11, 414.85
1735153765, 11, 61, 81, 13, 1, 0.06%, 9, 0, 11, 359.27
1735153785, 11, 62, 81, 13, 1, 0.06%, 9, 0, 11, 415.23
1735153795, 11, 63, 81, 13, 1, 0.06%, 9, 0, 11, 339.58
1735153810, 11, 64, 81, 13, 1, 0.06%, 9, 0, 11, 347.83
1735153825, 11, 65, 81, 13, 1, 0.06%, 9, 0, 11, 360.73
1735153841, 11, 70, 81, 13, 1, 0.06%, 9, 0, 11, 428.36
1735153866, 11, 71, 81, 13, 1, 0.06%, 9, 0, 11, 376.42
1735153891, 11, 72, 81, 13, 1, 0.06%, 9, 0, 11, 314.45
1735153912, 11, 73, 81, 13, 1, 0.06%, 9, 0, 11, 363.52
1735153927, 11, 74, 81, 13, 1, 0.06%, 9, 0, 11, 373.13
1735153937, 11, 75, 81, 13, 1, 0.06%, 9, 0, 11, 323.45
1735154044, 11, 76, 81, 13, 1, 0.06%, 9, 0, 11, 313.01
1735154070, 11, 77, 81, 13, 1, 0.06%, 9, 0, 11, 354.21
1735154100, 11, 78, 81, 13, 1, 0.06%, 9, 0, 11, 350.30
1735154208, 11, 79, 81, 13, 1, 0.06%, 9, 0, 11, 398.50
1735154336, 11, 80, 81, 12, 1, 0.06%, 9, 0, 11, 352.86
1735154442, 12, 13, 81, 12, 1, 0.06%, 9, 0, 11, 332.77
1735154452, 12, 15, 81, 12, 1, 0.06%, 9, 0, 11, 289.29
1735154462, 12, 16, 81, 12, 1, 0.06%, 9, 0, 11, 336.54
1735154498, 12, 18, 81, 11, 1, 0.06%, 9, 0, 11, 263.16
1735154508, 12, 21, 81, 11, 1, 0.06%, 9, 0, 11, 288.87
1735154513, 12, 22, 81, 11, 1, 0.06%, 9, 0, 11, 334.79
1735154523, 12, 23, 81, 11, 1, 0.06%, 9, 0, 11, 279.31
1735154533, 12, 24, 81, 11, 1, 0.06%, 9, 0, 11, 364.77
1735154544, 12, 25, 81, 11, 1, 0.06%, 9, 0, 11, 278.76
1735154554, 12, 28, 81, 11, 1, 0.06%, 9, 0, 11, 276.94
1735154564, 12, 29, 81, 11, 1, 0.06%, 9, 0, 11, 290.02
1735154574, 12, 30, 81, 11, 1, 0.06%, 9, 0, 11, 359.88
1735154579, 12, 35, 81, 11, 1, 0.06%, 9, 0, 11, 333.38
1735154589, 12, 36, 81, 11, 1, 0.06%, 9, 0, 11, 388.16
1735154625, 12, 37, 81, 10, 1, 0.06%, 9, 0, 11, 330.98
1735154635, 12, 38, 81, 10, 1, 0.06%, 9, 0, 11, 293.81
1735154646, 12, 39, 81, 10, 1, 0.06%, 9, 0, 11, 322.99
1735154651, 12, 40, 81, 10, 1, 0.06%, 9, 0, 11, 333.90
1735154661, 12, 41, 81, 10, 1, 0.06%, 9, 0, 11, 295.85
1735154671, 12, 42, 81, 10, 1, 0.06%, 9, 0, 11, 317.21
1735154676, 12, 43, 81, 10, 1, 0.06%, 9, 0, 11, 327.58
1735154681, 12, 44, 81, 10, 1, 0.06%, 9, 0, 11, 387.56
1735154691, 12, 45, 81, 10, 1, 0.06%, 9, 0, 11, 306.73
1735154701, 12, 46, 81, 10, 1, 0.06%, 9, 0, 11, 352.62
1735154711, 12, 47, 81, 10, 1, 0.06%, 9, 0, 11, 350.67
1735154716, 12, 48, 81, 10, 1, 0.06%, 9, 0, 11, 326.73
1735154727, 12, 49, 81, 10, 1, 0.06%, 9, 0, 11, 389.75
1735154737, 12, 50, 81, 10, 1, 0.06%, 9, 0, 11, 365.11
1735154752, 12, 51, 81, 10, 1, 0.06%, 9, 0, 11, 344.89
1735154767, 12, 52, 81, 10, 1, 0.06%, 9, 0, 11, 383.84
1735154783, 12, 54, 81, 10, 1, 0.06%, 9, 0, 11, 352.54
1735154793, 12, 55, 81, 10, 1, 0.06%, 9, 0, 11, 365.88
1735154798, 12, 56, 81, 10, 1, 0.06%, 9, 0, 11, 370.45
1735154808, 12, 57, 81, 10, 1, 0.06%, 9, 0, 11, 343.86
1735154813, 12, 58, 81, 10, 1, 0.06%, 9, 0, 11, 372.94
1735154818, 12, 59, 81, 10, 1, 0.06%, 9, 0, 11, 328.81
1735154828, 12, 60, 81, 10, 1, 0.06%, 9, 0, 11, 384.97
1735154833, 12, 61, 81, 10, 1, 0.06%, 9, 0, 11, 364.54
1735154843, 12, 62, 81, 10, 1, 0.06%, 9, 0, 11, 345.03
1735154859, 12, 63, 81, 10, 1, 0.06%, 9, 0, 11, 290.23
1735154874, 12, 64, 81, 10, 1, 0.06%, 9, 0, 11, 384.23
1735154889, 12, 65, 81, 10, 1, 0.06%, 9, 0, 11, 386.39
1735154904, 12, 66, 81, 10, 1, 0.06%, 9, 0, 11, 329.22
1735154909, 12, 67, 81, 10, 1, 0.06%, 9, 0, 11, 372.25
1735154914, 12, 68, 81, 10, 1, 0.06%, 9, 0, 11, 336.45
1735154924, 12, 69, 81, 10, 1, 0.06%, 9, 0, 11, 373.21
1735154950, 12, 70, 81, 10, 1, 0.06%, 9, 0, 11, 281.75
1735154960, 12, 71, 81, 10, 1, 0.06%, 9, 0, 11, 387.89
1735154965, 12, 72, 81, 10, 1, 0.06%, 9, 0, 11, 342.60
1735154980, 12, 73, 81, 10, 1, 0.06%, 9, 0, 11, 366.32
1735154985, 12, 74, 81, 10, 1, 0.06%, 9, 0, 11, 349.82
1735154990, 12, 75, 81, 10, 1, 0.06%, 9, 0, 11, 349.91
1735155005, 12, 76, 81, 10, 1, 0.06%, 9, 0, 11, 317.15
1735155020, 12, 77, 81, 10, 1, 0.06%, 9, 0, 11, 375.17
1735155036, 12, 78, 81, 10, 1, 0.06%, 9, 0, 11, 401.55
1735155046, 12, 79, 81, 10, 1, 0.06%, 9, 0, 11, 336.38
1735155071, 12, 80, 81, 10, 1, 0.06%, 9, 0, 11, 304.82
1735155087, 13, 13, 81, 10, 1, 0.06%, 9, 0, 11, 305.47
1735155097, 13, 15, 81, 10, 1, 0.06%, 9, 0, 11, 293.14
1735155107, 13, 16, 81, 10, 1, 0.06%, 9, 0, 11, 343.51
1735155117, 13, 18, 81, 10, 1, 0.06%, 9, 0, 11, 292.85
1735155122, 13, 21, 81, 10, 1, 0.06%, 9, 0, 11, 280.48
1735155127, 13, 22, 81, 10, 1, 0.06%, 9, 0, 11, 335.70
1735155137, 13, 23, 81, 10, 1, 0.06%, 9, 0, 11, 269.43
1735155148, 13, 24, 81, 10, 1, 0.06%, 9, 0, 11, 358.67
1735155153, 13, 25, 81, 10, 1, 0.06%, 9, 0, 11, 317.56
1735155158, 13, 28, 81, 10, 1, 0.06%, 9, 0, 11, 290.93
1735155163, 13, 29, 81, 10, 1, 0.06%, 9, 0, 11, 291.49
1735155173, 13, 30, 81, 10, 1, 0.06%, 9, 0, 11, 330.15
1735155183, 13, 35, 81, 10, 1, 0.06%, 9, 0, 11, 386.39
1735155193, 13, 36, 81, 10, 1, 0.06%, 9, 0, 11, 354.68
1735155198, 13, 37, 81, 10, 1, 0.06%, 9, 0, 11, 339.97
1735155204, 13, 38, 81, 10, 1, 0.06%, 9, 0, 11, 315.56
1735155209, 13, 39, 81, 10, 1, 0.06%, 9, 0, 11, 326.30
1735155219, 13, 40, 81, 10, 1, 0.06%, 9, 0, 11, 352.39
1735155229, 13, 41, 81, 10, 1, 0.06%, 9, 0, 11, 307.43
1735155239, 13, 42, 81, 10, 1, 0.06%, 9, 0, 11, 322.15
1735155244, 13, 43, 81, 10, 1, 0.06%, 9, 0, 11, 323.58
1735155249, 13, 44, 81, 10, 1, 0.06%, 9, 0, 11, 320.32
1735155254, 13, 45, 81, 10, 1, 0.06%, 9, 0, 11, 296.72
1735155259, 13, 46, 81, 10, 1, 0.06%, 9, 0, 11, 331.85
1735155264, 13, 47, 81, 10, 1, 0.06%, 9, 0, 11, 313.55
1735155269, 13, 48, 81, 10, 1, 0.06%, 9, 0, 11, 342.06
1735155279, 13, 49, 81, 10, 1, 0.06%, 9, 0, 11, 363.09
1735155295, 13, 50, 81, 10, 1, 0.06%, 9, 0, 11, 337.24
1735155300, 13, 51, 81, 10, 1, 0.06%, 9, 0, 11, 355.24
1735155305, 13, 52, 81, 10, 1, 0.06%, 9, 0, 11, 347.41
1735155315, 13, 53, 81, 10, 1, 0.06%, 9, 0, 11, 339.79
1735155320, 13, 54, 81, 10, 1, 0.06%, 9, 0, 11, 355.63
1735155325, 13, 55, 81, 10, 1, 0.06%, 9, 0, 11, 376.72
1735155330, 13, 56, 81, 10, 1, 0.06%, 9, 0, 11, 323.91
1735155340, 13, 57, 81, 10, 1, 0.06%, 9, 0, 11, 367.45
1735155345, 13, 58, 81, 10, 1, 0.06%, 9, 0, 11, 381.32
1735155355, 13, 59, 81, 10, 1, 0.06%, 9, 0, 11, 353.79
1735155360, 13, 60, 81, 10, 1, 0.06%, 9, 0, 11, 396.03
1735155365, 13, 61, 81, 10, 1, 0.06%, 9, 0, 11, 383.13
1735155376, 13, 62, 81, 10, 1, 0.06%, 9, 0, 11, 338.80
1735155386, 13, 63, 81, 10, 1, 0.06%, 9, 0, 11, 311.56
1735155396, 13, 64, 81, 10, 1, 0.06%, 9, 0, 11, 379.56
1735155401, 13, 65, 81, 10, 1, 0.06%, 9, 0, 11, 363.06
1735155411, 13, 67, 81, 10, 1, 0.06%, 9, 0, 11, 350.43
1735155421, 13, 68, 81, 10, 1, 0.06%, 9, 0, 11, 337.15
1735155426, 13, 69, 81, 10, 1, 0.06%, 9, 0, 11, 332.36
1735155436, 13, 70, 81, 10, 1, 0.06%, 9, 0, 11, 353.40
1735155441, 13, 71, 81, 10, 1, 0.06%, 9, 0, 11, 377.53
1735155452, 13, 72, 81, 10, 1, 0.06%, 9, 0, 11, 353.26
1735155457, 13, 73, 81, 10, 1, 0.06%, 9, 0, 11, 347.45
1735155462, 13, 74, 81, 10, 1, 0.06%, 9, 0, 11, 342.83
1735155467, 13, 76, 81, 10, 1, 0.06%, 9, 0, 11, 327.35
1735155477, 13, 77, 81, 10, 1, 0.06%, 9, 0, 11, 381.03
1735155482, 13, 78, 81, 10, 1, 0.06%, 9, 0, 11, 334.46
1735155497, 13, 80, 81, 10, 1, 0.06%, 9, 0, 11, 361.39
1735155512, 14, 13, 81, 10, 1, 0.06%, 9, 0, 11, 311.15
1735155518, 14, 18, 81, 10, 1, 0.06%, 9, 0, 11, 278.87
1735155523, 14, 21, 81, 10, 1, 0.06%, 9, 0, 11, 269.60
1735155528, 14, 22, 81, 10, 1, 0.06%, 9, 0, 11, 303.97
1735155533, 14, 23, 81, 10, 1, 0.06%, 9, 0, 11, 287.61
1735155538, 14, 24, 81, 10, 1, 0.06%, 9, 0, 11, 315.90
1735155543, 14, 28, 81, 10, 1, 0.06%, 9, 0, 11, 301.37
1735155553, 14, 29, 81, 10, 1, 0.06%, 9, 0, 11, 279.28
1735155558, 14, 30, 81, 10, 1, 0.06%, 9, 0, 11, 324.23
1735155563, 14, 38, 81, 10, 1, 0.06%, 9, 0, 11, 307.39
1735155573, 14, 39, 81, 10, 1, 0.06%, 9, 0, 11, 302.42
1735155578, 14, 41, 81, 10, 1, 0.06%, 9, 0, 11, 302.59
1735155583, 14, 42, 81, 10, 1, 0.06%, 9, 0, 11, 320.92
1735155588, 14, 43, 81, 10, 1, 0.06%, 9, 0, 11, 331.93
1735155593, 14, 44, 81, 10, 1, 0.06%, 9, 0, 11, 371.42
1735155598, 14, 45, 81, 10, 1, 0.06%, 9, 0, 11, 300.71
1735155603, 14, 46, 81, 10, 1, 0.06%, 9, 0, 11, 314.75
1735155614, 14, 47, 81, 10, 1, 0.06%, 9, 0, 11, 359.71
1735155619, 14, 48, 81, 10, 1, 0.06%, 9, 0, 11, 326.28
1735155624, 14, 50, 81, 10, 1, 0.06%, 9, 0, 11, 332.54
1735155634, 14, 51, 81, 10, 1, 0.06%, 9, 0, 11, 372.81
1735155644, 14, 52, 81, 10, 1, 0.06%, 9, 0, 11, 325.46
1735155649, 14, 53, 81, 10, 1, 0.06%, 9, 0, 11, 350.24
1735155654, 14, 54, 81, 10, 1, 0.06%, 9, 0, 11, 343.58
1735155659, 14, 55, 81, 10, 1, 0.06%, 9, 0, 11, 389.20
1735155664, 14, 56, 81, 10, 1, 0.06%, 9, 0, 11, 331.11
1735155674, 14, 57, 81, 10, 1, 0.06%, 9, 0, 11, 367.04
1735155679, 14, 58, 81, 10, 1, 0.06%, 9, 0, 11, 369.51
1735155690, 14, 59, 81, 10, 1, 0.06%, 9, 0, 11, 337.80
1735155695, 14, 60, 81, 10, 1, 0.06%, 9, 0, 11, 385.82
1735155700, 14, 61, 81, 10, 1, 0.06%, 9, 0, 11, 374.77
1735155710, 14, 62, 81, 10, 1, 0.06%, 9, 0, 11, 359.03
1735155720, 14, 63, 81, 10, 1, 0.06%, 9, 0, 11, 307.20
1735155730, 14, 64, 81, 10, 1, 0.06%, 9, 0, 11, 377.57
1735155735, 14, 65, 81, 10, 1, 0.06%, 9, 0, 11, 348.98
1735155745, 14, 67, 81, 10, 1, 0.06%, 9, 0, 11, 373.88
1735155751, 14, 68, 81, 10, 1, 0.06%, 9, 0, 11, 322.33
1735155761, 14, 69, 81, 10, 1, 0.06%, 9, 0, 11, 365.98
1735155766, 14, 70, 81, 10, 1, 0.06%, 9, 0, 11, 353.89
1735155776, 14, 71, 81, 10, 1, 0.06%, 9, 0, 11, 402.17
1735155781, 14, 72, 81, 10, 1, 0.06%, 9, 0, 11, 357.58
1735155791, 14, 73, 81, 10, 1, 0.06%, 9, 0, 11, 360.38
1735155796, 14, 74, 81, 10, 1, 0.06%, 9, 0, 11, 351.81
1735155801, 14, 76, 81, 10, 1, 0.06%, 9, 0, 11, 378.00
1735155806, 14, 77, 81, 10, 1, 0.06%, 9, 0, 11, 367.17
1735155816, 14, 78, 81, 10, 1, 0.06%, 9, 0, 11, 371.30
1735155821, 14, 80, 81, 10, 1, 0.06%, 9, 0, 11, 349.26
1735155831, 15, 13, 81, 10, 1, 0.06%, 9, 0, 11, 335.50
1735155837, 15, 18, 81, 10, 1, 0.06%, 9, 0, 11, 294.25
1735155842, 15, 21, 81, 10, 1, 0.06%, 9, 0, 11, 298.33
1735155847, 15, 22, 81, 10, 1, 0.06%, 9, 0, 11, 312.28
1735155852, 15, 23, 81, 10, 1, 0.06%, 9, 0, 11, 300.44
1735155857, 15, 25, 81, 10, 1, 0.06%, 9, 0, 11, 311.62
1735155862, 15, 28, 81, 10, 1, 0.06%, 9, 0, 11, 284.00
1735155867, 15, 29, 81, 10, 1, 0.06%, 9, 0, 11, 290.85
1735155872, 15, 30, 81, 10, 1, 0.06%, 9, 0, 11, 301.94
1735155877, 15, 37, 81, 10, 1, 0.06%, 9, 0, 11, 340.16
1735155882, 15, 38, 81, 10, 1, 0.06%, 9, 0, 11, 309.63
1735155887, 15, 39, 81, 10, 1, 0.06%, 9, 0, 11, 313.72
1735155892, 15, 40, 81, 10, 1, 0.06%, 9, 0, 11, 335.34
1735155897, 15, 41, 81, 10, 1, 0.06%, 9, 0, 11, 318.71
1735155902, 15, 42, 81, 10, 1, 0.06%, 9, 0, 11, 332.19
1735155908, 15, 43, 81, 10, 1, 0.06%, 9, 0, 11, 315.61
1735155913, 15, 44, 81, 10, 1, 0.06%, 9, 0, 11, 339.14
1735155918, 15, 45, 81, 10, 1, 0.06%, 9, 0, 11, 307.79
1735155923, 15, 46, 81, 10, 1, 0.06%, 9, 0, 11, 279.55
1735155928, 15, 47, 81, 10, 1, 0.06%, 9, 0, 11, 358.74
1735155938, 15, 48, 81, 10, 1, 0.06%, 9, 0, 11, 323.48
1735155943, 15, 50, 81, 10, 1, 0.06%, 9, 0, 11, 349.88
1735155953, 15, 51, 81, 10, 1, 0.06%, 9, 0, 11, 353.77
1735155958, 15, 52, 81, 10, 1, 0.06%, 9, 0, 11, 336.61
1735155969, 15, 53, 81, 10, 1, 0.06%, 9, 0, 11, 319.92
1735155974, 15, 54, 81, 10, 1, 0.06%, 9, 0, 11, 366.61
1735155979, 15, 55, 81, 10, 1, 0.06%, 9, 0, 11, 375.60
1735155984, 15, 56, 81, 10, 1, 0.06%, 9, 0, 11, 340.21
1735155994, 15, 57, 81, 10, 1, 0.06%, 9, 0, 11, 354.05
1735155999, 15, 58, 81, 10, 1, 0.06%, 9, 0, 11, 388.19
1735156004, 15, 59, 81, 10, 1, 0.06%, 9, 0, 11, 352.69
1735156014, 15, 60, 81, 10, 1, 0.06%, 9, 0, 11, 376.86
1735156019, 15, 61, 81, 10, 1, 0.06%, 9, 0, 11, 389.99
1735156029, 15, 62, 81, 10, 1, 0.06%, 9, 0, 11, 349.23
1735156039, 15, 63, 81, 10, 1, 0.06%, 9, 0, 11, 367.13
1735156050, 15, 64, 81, 10, 1, 0.06%, 9, 0, 11, 377.90
1735156055, 15, 65, 81, 10, 1, 0.06%, 9, 0, 11, 336.80
1735156065, 15, 67, 81, 10, 1, 0.06%, 9, 0, 11, 366.83
1735156070, 15, 68, 81, 10, 1, 0.06%, 9, 0, 11, 328.32
1735156080, 15, 69, 81, 10, 1, 0.06%, 9, 0, 11, 360.68
1735156085, 15, 70, 81, 10, 1, 0.06%, 9, 0, 11, 331.67
1735156095, 15, 71, 81, 10, 1, 0.06%, 9, 0, 11, 378.85
1735156100, 15, 72, 81, 10, 1, 0.06%, 9, 0, 11, 327.51
1735156111, 15, 73, 81, 10, 1, 0.06%, 9, 0, 11, 321.73
1735156116, 15, 74, 81, 10, 1, 0.06%, 9, 0, 11, 343.36
1735156121, 15, 76, 81, 10, 1, 0.06%, 9, 0, 11, 385.19
1735156126, 15, 77, 81, 10, 1, 0.06%, 9, 0, 11, 345.60
1735156136, 15, 78, 81, 10, 1, 0.06%, 9, 0, 11, 364.26
1735156141, 15, 80, 81, 10, 1, 0.06%, 9, 0, 11, 339.80
1735156151, 16, 13, 81, 10, 1, 0.06%, 9, 0, 11, 322.29
1735156156, 16, 18, 81, 10, 1, 0.06%, 9, 0, 11, 277.90
1735156161, 16, 21, 81, 10, 1, 0.06%, 9, 0, 11, 277.21
1735156166, 16, 22, 81, 10, 1, 0.06%, 9, 0, 11, 309.08
1735156172, 16, 23, 81, 10, 1, 0.06%, 9, 0, 11, 283.16
1735156177, 16, 24, 81, 10, 1, 0.06%, 9, 0, 11, 311.65
1735156182, 16, 25, 81, 10, 1, 0.06%, 9, 0, 11, 292.32
1735156187, 16, 29, 81, 10, 1, 0.06%, 9, 0, 11, 285.44
1735156192, 16, 30, 81, 10, 1, 0.06%, 9, 0, 11, 299.15
1735156197, 16, 37, 81, 10, 1, 0.06%, 9, 0, 11, 329.12
1735156202, 16, 38, 81, 10, 1, 0.06%, 9, 0, 11, 307.90
1735156207, 16, 39, 81, 10, 1, 0.06%, 9, 0, 11, 283.53
1735156212, 16, 40, 81, 10, 1, 0.06%, 9, 0, 11, 306.28
1735156217, 16, 41, 81, 10, 1, 0.06%, 9, 0, 11, 311.97
1735156222, 16, 42, 81, 10, 1, 0.06%, 9, 0, 11, 336.77
1735156227, 16, 43, 81, 10, 1, 0.06%, 9, 0, 11, 341.69
1735156232, 16, 44, 81, 10, 1, 0.06%, 9, 0, 11, 353.34
1735156237, 16, 45, 81, 10, 1, 0.06%, 9, 0, 11, 295.69
1735156242, 16, 46, 81, 10, 1, 0.06%, 9, 0, 11, 271.65
1735156252, 16, 47, 81, 10, 1, 0.06%, 9, 0, 11, 337.29
1735156257, 16, 48, 81, 10, 1, 0.06%, 9, 0, 11, 315.01
1735156263, 16, 50, 81, 10, 1, 0.06%, 9, 0, 11, 343.23
1735156273, 16, 51, 81, 10, 1, 0.06%, 9, 0, 11, 345.49
1735156278, 16, 52, 81, 10, 1, 0.06%, 9, 0, 11, 375.53
1735156283, 16, 53, 81, 10, 1, 0.06%, 9, 0, 11, 322.11
1735156288, 16, 54, 81, 10, 1, 0.06%, 9, 0, 11, 366.10
1735156298, 16, 55, 81, 10, 1, 0.06%, 9, 0, 11, 339.30
1735156303, 16, 56, 81, 10, 1, 0.06%, 9, 0, 11, 379.15
1735156313, 16, 57, 81, 10, 1, 0.06%, 9, 0, 11, 356.57
1735156319, 16, 58, 81, 10, 1, 0.06%, 9, 0, 11, 383.79
1735156324, 16, 59, 81, 10, 1, 0.06%, 9, 0, 11, 364.14
1735156334, 16, 60, 81, 10, 1, 0.06%, 9, 0, 11, 365.21
1735156339, 16, 61, 81, 10, 1, 0.06%, 9, 0, 11, 331.55
1735156349, 16, 62, 81, 10, 1, 0.06%, 9, 0, 11, 381.13
1735156354, 16, 63, 81, 10, 1, 0.06%, 9, 0, 11, 369.40
1735156364, 16, 64, 81, 10, 1, 0.06%, 9, 0, 11, 364.53
1735156374, 16, 65, 81, 10, 1, 0.06%, 9, 0, 11, 383.77
1735156379, 16, 67, 81, 10, 1, 0.06%, 9, 0, 11, 372.21
1735156390, 16, 68, 81, 10, 1, 0.06%, 9, 0, 11, 335.28
1735156395, 16, 69, 81, 10, 1, 0.06%, 9, 0, 11, 355.76
1735156405, 16, 70, 81, 10, 1, 0.06%, 9, 0, 11, 398.38
1735156410, 16, 71, 81, 10, 1, 0.06%, 9, 0, 11, 350.26
1735156420, 16, 72, 81, 10, 1, 0.06%, 9, 0, 11, 335.90
1735156425, 16, 73, 81, 10, 1, 0.06%, 9, 0, 11, 333.35
1735156430, 16, 74, 81, 10, 1, 0.06%, 9, 0, 11, 360.25
1735156440, 16, 76, 81, 10, 1, 0.06%, 9, 0, 11, 369.22
1735156445, 16, 77, 81, 10, 1, 0.06%, 9, 0, 11, 388.34
1735156451, 16, 78, 81, 10, 1, 0.06%, 9, 0, 11, 343.04
1735156461, 16, 80, 81, 10, 1, 0.06%, 9, 0, 11, 356.67
1735156466, 17, 13, 81, 10, 1, 0.06%, 9, 0, 11, 353.15
1735156471, 17, 18, 81, 10, 1, 0.06%, 9, 0, 11, 303.31
1735156476, 17, 21, 81, 10, 1, 0.06%, 9, 0, 11, 299.18
1735156481, 17, 22, 81, 10, 1, 0.06%, 9, 0, 11, 311.23
1735156486, 17, 23, 81, 10, 1, 0.06%, 9, 0, 11, 293.51
1735156491, 17, 24, 81, 10, 1, 0.06%, 9, 0, 11, 313.57
1735156496, 17, 25, 81, 10, 1, 0.06%, 9, 0, 11, 301.21
1735156501, 17, 28, 81, 10, 1, 0.06%, 9, 0, 11, 283.87
1735156507, 17, 29, 81, 10, 1, 0.06%, 9, 0, 11, 278.95
1735156512, 17, 30, 81, 10, 1, 0.06%, 9, 0, 11, 296.90
1735156517, 17, 37, 81, 10, 1, 0.06%, 9, 0, 11, 346.29
1735156522, 17, 38, 81, 10, 1, 0.06%, 9, 0, 11, 303.99
1735156527, 17, 39, 81, 10, 1, 0.06%, 9, 0, 11, 327.00
1735156532, 17, 40, 81, 10, 1, 0.06%, 9, 0, 11, 332.01
1735156537, 17, 41, 81, 10, 1, 0.06%, 9, 0, 11, 308.50
1735156542, 17, 42, 81, 10, 1, 0.06%, 9, 0, 11, 339.86
1735156547, 17, 43, 81, 10, 1, 0.06%, 9, 0, 11, 324.86
1735156552, 17, 44, 81, 10, 1, 0.06%, 9, 0, 11, 341.74
1735156557, 17, 45, 81, 10, 1, 0.06%, 9, 0, 11, 304.54
1735156563, 17, 46, 81, 10, 1, 0.06%, 9, 0, 11, 338.96
1735156568, 17, 47, 81, 10, 1, 0.06%, 9, 0, 11, 309.27
1735156578, 17, 48, 81, 10, 1, 0.06%, 9, 0, 11, 303.61
1735156583, 17, 50, 81, 10, 1, 0.06%, 9, 0, 11, 372.10
1735156588, 17, 51, 81, 10, 1, 0.06%, 9, 0, 11, 333.76
1735156598, 17, 52, 81, 10, 1, 0.06%, 9, 0, 11, 345.25
1735156603, 17, 53, 81, 10, 1, 0.06%, 9, 0, 11, 356.80
1735156608, 17, 54, 81, 10, 1, 0.06%, 9, 0, 11, 399.35
1735156613, 17, 55, 81, 10, 1, 0.06%, 9, 0, 11, 335.90
1735156623, 17, 56, 81, 10, 1, 0.06%, 9, 0, 11, 379.65
1735156628, 17, 57, 81, 10, 1, 0.06%, 9, 0, 11, 327.13
1735156638, 17, 58, 81, 10, 1, 0.06%, 9, 0, 11, 365.94
1735156643, 17, 59, 81, 10, 1, 0.06%, 9, 0, 11, 401.52
1735156648, 17, 60, 81, 10, 1, 0.06%, 9, 0, 11, 332.06
1735156658, 17, 61, 81, 10, 1, 0.06%, 9, 0, 11, 320.16
1735156668, 17, 62, 81, 10, 1, 0.06%, 9, 0, 11, 404.29
1735156679, 17, 63, 81, 10, 1, 0.06%, 9, 0, 11, 356.64
1735156689, 17, 64, 81, 10, 1, 0.06%, 9, 0, 11, 340.20
1735156694, 17, 65, 81, 10, 1, 0.06%, 9, 0, 11, 319.78
1735156704, 17, 67, 81, 10, 1, 0.06%, 9, 0, 11, 358.35
1735156709, 17, 68, 81, 10, 1, 0.06%, 9, 0, 11, 327.84
1735156719, 17, 69, 81, 10, 1, 0.06%, 9, 0, 11, 360.01
1735156724, 17, 70, 81, 10, 1, 0.06%, 9, 0, 11, 325.07
1735156734, 17, 71, 81, 10, 1, 0.06%, 9, 0, 11, 394.57
1735156740, 17, 72, 81, 10, 1, 0.06%, 9, 0, 11, 379.73
1735156750, 17, 73, 81, 10, 1, 0.06%, 9, 0, 11, 367.76
1735156755, 17, 74, 81, 10, 1, 0.06%, 9, 0, 11, 352.39
1735156760, 17, 76, 81, 10, 1, 0.06%, 9, 0, 11, 357.45
1735156770, 17, 77, 81, 10, 1, 0.06%, 9, 0, 11, 369.85
1735156775, 17, 78, 81, 10, 1, 0.06%, 9, 0, 11, 362.22
1735156785, 17, 80, 81, 10, 1, 0.06%, 9, 0, 11, 360.43
1735156790, 18, 13, 81, 10, 1, 0.06%, 9, 0, 11, 340.49
1735156795, 18, 18, 81, 10, 1, 0.06%, 9, 0, 11, 291.89
1735156800, 18, 21, 81, 10, 1, 0.06%, 9, 0, 11, 275.08
1735156805, 18, 22, 81, 10, 1, 0.06%, 9, 0, 11, 308.35
1735156810, 18, 23, 81, 10, 1, 0.06%, 9, 0, 11, 278.35
1735156815, 18, 24, 81, 10, 1, 0.06%, 9, 0, 11, 323.12
1735156820, 18, 25, 81, 10, 1, 0.06%, 9, 0, 11, 274.55
1735156826, 18, 28, 81, 10, 1, 0.06%, 9, 0, 11, 274.04
1735156831, 18, 29, 81, 10, 1, 0.06%, 9, 0, 11, 277.38
1735156836, 18, 30, 81, 10, 1, 0.06%, 9, 0, 11, 327.49
1735156841, 18, 37, 81, 10, 1, 0.06%, 9, 0, 11, 314.79
1735156846, 18, 38, 81, 10, 1, 0.06%, 9, 0, 11, 304.37
1735156851, 18, 39, 81, 10, 1, 0.06%, 9, 0, 11, 312.32
1735156856, 18, 40, 81, 10, 1, 0.06%, 9, 0, 11, 329.24
1735156861, 18, 41, 81, 10, 1, 0.06%, 9, 0, 11, 313.98
1735156866, 18, 43, 81, 10, 1, 0.06%, 9, 0, 11, 308.19
1735156871, 18, 44, 81, 10, 1, 0.06%, 9, 0, 11, 322.74
1735156876, 18, 45, 81, 10, 1, 0.06%, 9, 0, 11, 307.36
1735156882, 18, 46, 81, 10, 1, 0.06%, 9, 0, 11, 342.05
1735156892, 18, 47, 81, 10, 1, 0.06%, 9, 0, 11, 360.89
1735156897, 18, 48, 81, 10, 1, 0.06%, 9, 0, 11, 347.46
1735156902, 18, 50, 81, 10, 1, 0.06%, 9, 0, 11, 339.85
1735156912, 18, 51, 81, 10, 1, 0.06%, 9, 0, 11, 370.50
1735156917, 18, 52, 81, 10, 1, 0.06%, 9, 0, 11, 302.20
1735156927, 18, 53, 81, 10, 1, 0.06%, 9, 0, 11, 337.79
1735156932, 18, 54, 81, 10, 1, 0.06%, 9, 0, 11, 360.14
1735156937, 18, 55, 81, 10, 1, 0.06%, 9, 0, 11, 383.89
1735156942, 18, 56, 81, 10, 1, 0.06%, 9, 0, 11, 343.98
1735156953, 18, 57, 81, 10, 1, 0.06%, 9, 0, 11, 377.48
1735156958, 18, 58, 81, 10, 1, 0.06%, 9, 0, 11, 354.36
1735156968, 18, 59, 81, 10, 1, 0.06%, 9, 0, 11, 349.47
1735156973, 18, 60, 81, 10, 1, 0.06%, 9, 0, 11, 379.25
1735156978, 18, 61, 81, 10, 1, 0.06%, 9, 0, 11, 378.21
1735156993, 18, 62, 81, 10, 1, 0.06%, 9, 0, 11, 364.53
1735156998, 18, 63, 81, 10, 1, 0.06%, 9, 0, 11, 299.81
1735157008, 18, 64, 81, 10, 1, 0.06%, 9, 0, 11, 394.43
1735157013, 18, 65, 81, 10, 1, 0.06%, 9, 0, 11, 339.94
1735157023, 18, 67, 81, 10, 1, 0.06%, 9, 0, 11, 370.16
1735157033, 18, 68, 81, 10, 1, 0.06%, 9, 0, 11, 343.96
1735157039, 18, 69, 81, 10, 1, 0.06%, 9, 0, 11, 360.33
1735157044, 18, 70, 81, 10, 1, 0.06%, 9, 0, 11, 347.71
1735157054, 18, 71, 81, 10, 1, 0.06%, 9, 0, 11, 402.02
1735157059, 18, 72, 81, 10, 1, 0.06%, 9, 0, 11, 369.23
1735157069, 18, 73, 81, 10, 1, 0.06%, 9, 0, 11, 369.06
1735157074, 18, 74, 81, 10, 1, 0.06%, 9, 0, 11, 325.45
1735157079, 18, 76, 81, 10, 1, 0.06%, 9, 0, 11, 309.92
1735157089, 18, 77, 81, 10, 1, 0.06%, 9, 0, 11, 385.94
1735157094, 18, 78, 81, 10, 1, 0.06%, 9, 0, 11, 320.15
1735157105, 18, 80, 81, 10, 1, 0.06%, 9, 0, 11, 362.93
1735157110, 19, 13, 81, 10, 1, 0.06%, 9, 0, 11, 345.74
1735157115, 19, 18, 81, 10, 1, 0.06%, 9, 0, 11, 294.27
1735157120, 19, 21, 81, 10, 1, 0.06%, 9, 0, 11, 272.12
1735157125, 19, 22, 81, 10, 1, 0.06%, 9, 0, 11, 298.82
1735157130, 19, 23, 81, 10, 1, 0.06%, 9, 0, 11, 294.03
1735157135, 19, 24, 81, 10, 1, 0.06%, 9, 0, 11, 351.06
1735157140, 19, 25, 81, 10, 1, 0.06%, 9, 0, 11, 301.98
1735157145, 19, 28, 81, 10, 1, 0.06%, 9, 0, 11, 277.37
1735157151, 19, 29, 81, 10, 1, 0.06%, 9, 0, 11, 279.29
1735157156, 19, 30, 81, 10, 1, 0.06%, 9, 0, 11, 339.13
1735157161, 19, 37, 81, 10, 1, 0.06%, 9, 0, 11, 341.52
1735157166, 19, 38, 81, 10, 1, 0.06%, 9, 0, 11, 307.46
1735157171, 19, 39, 81, 10, 1, 0.06%, 9, 0, 11, 315.80
1735157176, 19, 40, 81, 10, 1, 0.06%, 9, 0, 11, 312.94
1735157181, 19, 41, 81, 10, 1, 0.06%, 9, 0, 11, 308.60
1735157186, 19, 42, 81, 10, 1, 0.06%, 9, 0, 11, 321.37
1735157192, 19, 44, 81, 10, 1, 0.06%, 9, 0, 11, 337.84
1735157197, 19, 45, 81, 10, 1, 0.06%, 9, 0, 11, 311.11
1735157202, 19, 46, 81, 10, 1, 0.06%, 9, 0, 11, 327.36
1735157212, 19, 47, 81, 10, 1, 0.06%, 9, 0, 11, 356.29
1735157217, 19, 48, 81, 10, 1, 0.06%, 9, 0, 11, 325.52
1735157227, 19, 50, 81, 10, 1, 0.06%, 9, 0, 11, 327.34
1735157232, 19, 51, 81, 10, 1, 0.06%, 9, 0, 11, 350.17
1735157237, 19, 52, 81, 10, 1, 0.06%, 9, 0, 11, 339.18
1735157247, 19, 53, 81, 10, 1, 0.06%, 9, 0, 11, 344.17
1735157252, 19, 54, 81, 10, 1, 0.06%, 9, 0, 11, 337.25
1735157257, 19, 55, 81, 10, 1, 0.06%, 9, 0, 11, 361.77
1735157268, 19, 56, 81, 10, 1, 0.06%, 9, 0, 11, 352.63
1735157273, 19, 57, 81, 10, 1, 0.06%, 9, 0, 11, 379.98
1735157278, 19, 58, 81, 10, 1, 0.06%, 9, 0, 11, 320.48
1735157288, 19, 59, 81, 10, 1, 0.06%, 9, 0, 11, 374.84
1735157293, 19, 60, 81, 10, 1, 0.06%, 9, 0, 11, 324.44
1735157303, 19, 61, 81, 10, 1, 0.06%, 9, 0, 11, 323.49
1735157313, 19, 62, 81, 10, 1, 0.06%, 9, 0, 11, 375.20
1735157318, 19, 63, 81, 10, 1, 0.06%, 9, 0, 11, 334.71
1735157328, 19, 64, 81, 10, 1, 0.06%, 9, 0, 11, 341.78
1735157338, 19, 65, 81, 10, 1, 0.06%, 9, 0, 11, 368.08
1735157343, 19, 67, 81, 10, 1, 0.06%, 9, 0, 11, 349.92
1735157354, 19, 68, 81, 10, 1, 0.06%, 9, 0, 11, 348.68
1735157359, 19, 69, 81, 10, 1, 0.06%, 9, 0, 11, 361.27
1735157369, 19, 70, 81, 10, 1, 0.06%, 9, 0, 11, 382.17
1735157374, 19, 71, 81, 10, 1, 0.06%, 9, 0, 11, 346.70
1735157384, 19, 72, 81, 10, 1, 0.06%, 9, 0, 11, 355.95
1735157389, 19, 73, 81, 10, 1, 0.06%, 9, 0, 11, 333.07
1735157394, 19, 74, 81, 10, 1, 0.06%, 9, 0, 11, 325.31
1735157399, 19, 76, 81, 10, 1, 0.06%, 9, 0, 11, 340.71
1735157409, 19, 77, 81, 10, 1, 0.06%, 9, 0, 11, 375.98
1735157414, 19, 78, 81, 10, 1, 0.06%, 9, 0, 11, 351.53
1735157424, 19, 80, 81, 10, 1, 0.06%, 9, 0, 11, 367.44
1735157429, 20, 13, 81, 10, 1, 0.06%, 9, 0, 11, 301.89
1735157434, 20, 18, 81, 10, 1, 0.06%, 9, 0, 11, 301.65
1735157439, 20, 21, 81, 10, 1, 0.06%, 9, 0, 11, 289.78
1735157449, 20, 23, 81, 10, 1, 0.06%, 9, 0, 11, 299.34
1735157460, 20, 25, 81, 10, 1, 0.06%, 9, 0, 11, 315.41
1735157465, 20, 28, 81, 10, 1, 0.06%, 9, 0, 11, 282.40
1735157470, 20, 29, 81, 10, 1, 0.06%, 9, 0, 11, 287.29
1735157475, 20, 30, 81, 10, 1, 0.06%, 9, 0, 11, 310.45
1735157480, 20, 37, 81, 10, 1, 0.06%, 9, 0, 11, 344.39
1735157485, 20, 38, 81, 10, 1, 0.06%, 9, 0, 11, 311.87
1735157490, 20, 39, 81, 10, 1, 0.06%, 9, 0, 11, 338.71
1735157495, 20, 40, 81, 10, 1, 0.06%, 9, 0, 11, 341.72
1735157500, 20, 41, 81, 10, 1, 0.06%, 9, 0, 11, 307.74
1735157505, 20, 42, 81, 10, 1, 0.06%, 9, 0, 11, 322.80
1735157510, 20, 43, 81, 10, 1, 0.06%, 9, 0, 11, 321.09
1735157515, 20, 44, 81, 10, 1, 0.06%, 9, 0, 11, 330.52
1735157520, 20, 45, 81, 10, 1, 0.06%, 9, 0, 11, 290.86
1735157525, 20, 46, 81, 10, 1, 0.06%, 9, 0, 11, 327.87
1735157531, 20, 47, 81, 10, 1, 0.06%, 9, 0, 11, 335.74
1735157536, 20, 48, 81, 10, 1, 0.06%, 9, 0, 11, 334.45
1735157546, 20, 50, 81, 10, 1, 0.06%, 9, 0, 11, 346.35
1735157551, 20, 51, 81, 10, 1, 0.06%, 9, 0, 11, 302.53
1735157561, 20, 52, 81, 10, 1, 0.06%, 9, 0, 11, 354.86
1735157566, 20, 53, 81, 10, 1, 0.06%, 9, 0, 11, 362.87
1735157572, 20, 54, 81, 10, 1, 0.06%, 9, 0, 11, 389.67
1735157577, 20, 55, 81, 10, 1, 0.06%, 9, 0, 11, 324.31
1735157587, 20, 56, 81, 10, 1, 0.06%, 9, 0, 11, 369.46
1735157592, 20, 57, 81, 10, 1, 0.06%, 9, 0, 11, 374.83
1735157602, 20, 58, 81, 10, 1, 0.06%, 9, 0, 11, 361.62
1735157607, 20, 59, 81, 10, 1, 0.06%, 9, 0, 11, 385.45
1735157612, 20, 60, 81, 10, 1, 0.06%, 9, 0, 11, 329.68
1735157622, 20, 61, 81, 10, 1, 0.06%, 9, 0, 11, 306.04
1735157633, 20, 62, 81, 10, 1, 0.06%, 9, 0, 11, 385.14
1735157643, 20, 63, 81, 10, 1, 0.06%, 9, 0, 11, 379.44
1735157653, 20, 64, 81, 10, 1, 0.06%, 9, 0, 11, 368.04
1735157658, 20, 65, 81, 10, 1, 0.06%, 9, 0, 11, 348.73
1735157668, 20, 67, 81, 10, 1, 0.06%, 9, 0, 11, 352.00
1735157673, 20, 68, 81, 10, 1, 0.06%, 9, 0, 11, 354.22
1735157683, 20, 69, 81, 10, 1, 0.06%, 9, 0, 11, 348.97
1735157688, 20, 70, 81, 10, 1, 0.06%, 9, 0, 11, 327.12
1735157698, 20, 71, 81, 10, 1, 0.06%, 9, 0, 11, 383.86
1735157704, 20, 72, 81, 10, 1, 0.06%, 9, 0, 11, 333.46
1735157714, 20, 73, 81, 10, 1, 0.06%, 9, 0, 11, 343.79
1735157719, 20, 74, 81, 10, 1, 0.06%, 9, 0, 11, 347.07
1735157724, 20, 76, 81, 10, 1, 0.06%, 9, 0, 11, 377.78
1735157729, 20, 77, 81, 10, 1, 0.06%, 9, 0, 11, 337.76
1735157739, 20, 78, 81, 10, 1, 0.06%, 9, 0, 11, 375.04
1735157744, 20, 80, 81, 10, 1, 0.06%, 9, 0, 11, 368.73
1735157754, 21, 13, 81, 10, 1, 0.06%, 9, 0, 11, 327.18
1735157759, 21, 18, 81, 10, 1, 0.06%, 9, 0, 11, 287.03
1735157764, 21, 21, 81, 10, 1, 0.06%, 9, 0, 11, 281.08
1735157769, 21, 22, 81, 10, 1, 0.06%, 9, 0, 11, 293.25
1735157775, 21, 23, 81, 10, 1, 0.06%, 9, 0, 11, 294.23
1735157780, 21, 24, 81, 10, 1, 0.06%, 9, 0, 11, 316.35
1735157785, 21, 25, 81, 10, 1, 0.06%, 9, 0, 11, 297.64
1735157790, 21, 28, 81, 10, 1, 0.06%, 9, 0, 11, 282.25
1735157795, 21, 29, 81, 10, 1, 0.06%, 9, 0, 11, 292.67
1735157800, 21, 37, 81, 10, 1, 0.06%, 9, 0, 11, 334.50
1735157805, 21, 38, 81, 10, 1, 0.06%, 9, 0, 11, 318.65
