# unix_time, cycles_done, cur_path, paths_total, pending_total, pending_favs, map_size, unique_crashes, unique_hangs, max_depth, execs_per_sec
1734122579, 0, 0, 10, 10, 1, 0.00%, 0, 0, 1, 174.29
1734122584, 0, 2, 10, 10, 1, 0.00%, 0, 0, 1, 200.12
1734122589, 0, 3, 10, 9, 0, 0.00%, 0, 0, 1, 206.89
1734122594, 0, 4, 10, 8, 0, 0.00%, 0, 0, 1, 206.72
1734122604, 0, 5, 10, 7, 0, 0.00%, 0, 0, 1, 212.05
1734122609, 0, 6, 10, 6, 0, 0.00%, 0, 0, 1, 199.62
1734122620, 0, 7, 10, 5, 0, 0.00%, 0, 0, 1, 213.67
1734122625, 0, 8, 10, 4, 0, 0.00%, 0, 0, 1, 195.54
1734122635, 0, 9, 10, 3, 0, 0.00%, 0, 0, 1, 211.43
1734122640, 1, 0, 10, 2, 0, 0.00%, 0, 0, 1, 211.25
1734122650, 1, 1, 10, 1, 0, 0.00%, 0, 0, 1, 210.95
1734122661, 1, 2, 10, 0, 0, 0.00%, 0, 0, 1, 210.83
1734122671, 1, 4, 10, 0, 0, 0.00%, 0, 0, 1, 207.03
1734122676, 1, 5, 10, 0, 0, 0.00%, 0, 0, 1, 206.33
1734122681, 1, 6, 10, 0, 0, 0.00%, 0, 0, 1, 212.07
1734122686, 1, 8, 10, 0, 0, 0.00%, 0, 0, 1, 208.32
1734122691, 1, 9, 10, 0, 0, 0.00%, 0, 0, 1, 208.54
1734122696, 2, 1, 10, 0, 0, 0.00%, 0, 0, 1, 206.01
1734122701, 2, 2, 10, 0, 0, 0.00%, 0, 0, 1, 207.01
1734122706, 2, 3, 10, 0, 0, 0.00%, 0, 0, 1, 208.88
1734122711, 2, 5, 10, 0, 0, 0.00%, 0, 0, 1, 206.02
1734122716, 2, 6, 10, 0, 0, 0.00%, 0, 0, 1, 209.42
1734122721, 2, 8, 10, 0, 0, 0.00%, 0, 0, 1, 206.69
1734122726, 2, 9, 10, 0, 0, 0.00%, 0, 0, 1, 210.85
1734122731, 3, 0, 10, 0, 0, 0.00%, 0, 0, 1, 209.61
1734122736, 3, 2, 10, 0, 0, 0.00%, 0, 0, 1, 208.38
1734122742, 3, 3, 10, 0, 0, 0.00%, 0, 0, 1, 210.70
1734122747, 3, 5, 10, 0, 0, 0.00%, 0, 0, 1, 208.43
1734122752, 3, 6, 10, 0, 0, 0.00%, 0, 0, 1, 211.81
1734122757, 3, 8, 10, 0, 0, 0.00%, 0, 0, 1, 209.65
1734122762, 3, 9, 10, 0, 0, 0.00%, 0, 0, 1, 206.04
1734122767, 4, 0, 10, 0, 0, 0.00%, 0, 0, 1, 209.03
1734122772, 4, 2, 10, 0, 0, 0.00%, 0, 0, 1, 209.42
1734122777, 4, 3, 10, 0, 0, 0.00%, 0, 0, 1, 208.42
1734122782, 4, 5, 10, 0, 0, 0.00%, 0, 0, 1, 207.91
1734122787, 4, 6, 10, 0, 0, 0.00%, 0, 0, 1, 203.24
1734122792, 4, 8, 10, 0, 0, 0.00%, 0, 0, 1, 209.42
1734122797, 4, 9, 10, 0, 0, 0.00%, 0, 0, 1, 206.85
1734122802, 5, 0, 10, 0, 0, 0.00%, 0, 0, 1, 205.63
1734122807, 5, 2, 10, 0, 0, 0.00%, 0, 0, 1, 212.28
1734122813, 5, 3, 10, 0, 0, 0.00%, 0, 0, 1, 206.80
1734122818, 5, 4, 10, 0, 0, 0.00%, 0, 0, 1, 208.71
1734122823, 5, 6, 10, 0, 0, 0.00%, 0, 0, 1, 209.85
1734122828, 5, 7, 10, 0, 0, 0.00%, 0, 0, 1, 211.13
1734122833, 5, 9, 10, 0, 0, 0.00%, 0, 0, 1, 210.82
1734122838, 6, 0, 10, 0, 0, 0.00%, 0, 0, 1, 209.56
1734122843, 6, 2, 10, 0, 0, 0.00%, 0, 0, 1, 208.31
1734122848, 6, 3, 10, 0, 0, 0.00%, 0, 0, 1, 208.09
1734122853, 6, 4, 10, 0, 0, 0.00%, 0, 0, 1, 211.99
1734122858, 6, 6, 10, 0, 0, 0.00%, 0, 0, 1, 207.41
1734122863, 6, 7, 10, 0, 0, 0.00%, 0, 0, 1, 208.90
1734122868, 6, 9, 10, 0, 0, 0.00%, 0, 0, 1, 207.73
1734122873, 7, 0, 10, 0, 0, 0.00%, 0, 0, 1, 207.89
1734122878, 7, 1, 10, 0, 0, 0.00%, 0, 0, 1, 206.71
1734122884, 7, 3, 10, 0, 0, 0.00%, 0, 0, 1, 209.35
1734122889, 7, 4, 10, 0, 0, 0.00%, 0, 0, 1, 210.57
1734122894, 7, 6, 10, 0, 0, 0.00%, 0, 0, 1, 208.55
1734122899, 7, 7, 10, 0, 0, 0.00%, 0, 0, 1, 207.76
1734122904, 7, 9, 10, 0, 0, 0.00%, 0, 0, 1, 209.95
1734122909, 8, 0, 10, 0, 0, 0.00%, 0, 0, 1, 208.74
1734122914, 8, 1, 10, 0, 0, 0.00%, 0, 0, 1, 207.43
1734122919, 8, 3, 10, 0, 0, 0.00%, 0, 0, 1, 208.80
1734122924, 8, 4, 10, 0, 0, 0.00%, 0, 0, 1, 208.29
1734122929, 8, 6, 10, 0, 0, 0.00%, 0, 0, 1, 210.25
1734122934, 8, 7, 10, 0, 0, 0.00%, 0, 0, 1, 208.02
1734122939, 8, 8, 10, 0, 0, 0.00%, 0, 0, 1, 208.10
1734122944, 9, 0, 10, 0, 0, 0.00%, 0, 0, 1, 206.32
1734122949, 9, 1, 10, 0, 0, 0.00%, 0, 0, 1, 209.30
1734122954, 9, 3, 10, 0, 0, 0.00%, 0, 0, 1, 209.27
1734122959, 9, 4, 10, 0, 0, 0.00%, 0, 0, 1, 207.91
1734122965, 9, 5, 10, 0, 0, 0.00%, 0, 0, 1, 209.16
1734122970, 9, 7, 10, 0, 0, 0.00%, 0, 0, 1, 209.24
1734122975, 9, 8, 10, 0, 0, 0.00%, 0, 0, 1, 208.87
1734122980, 10, 0, 10, 0, 0, 0.00%, 0, 0, 1, 208.78
1734122985, 10, 1, 10, 0, 0, 0.00%, 0, 0, 1, 210.40
1734122990, 10, 3, 10, 0, 0, 0.00%, 0, 0, 1, 208.34
1734122995, 10, 4, 10, 0, 0, 0.00%, 0, 0, 1, 211.34
1734123000, 10, 5, 10, 0, 0, 0.00%, 0, 0, 1, 211.23
1734123005, 10, 7, 10, 0, 0, 0.00%, 0, 0, 1, 214.01
1734123010, 10, 8, 10, 0, 0, 0.00%, 0, 0, 1, 206.97
1734123015, 11, 0, 10, 0, 0, 0.00%, 0, 0, 1, 206.22
1734123020, 11, 1, 10, 0, 0, 0.00%, 0, 0, 1, 208.31
1734123025, 11, 2, 10, 0, 0, 0.00%, 0, 0, 1, 210.32
1734123030, 11, 4, 10, 0, 0, 0.00%, 0, 0, 1, 205.93
1734123035, 11, 5, 10, 0, 0, 0.00%, 0, 0, 1, 207.46
1734123040, 11, 7, 10, 0, 0, 0.00%, 0, 0, 1, 206.87
1734123045, 11, 8, 11, 1, 0, 0.05%, 1, 0, 2, 210.59
1734123050, 11, 10, 12, 2, 1, 0.05%, 2, 0, 3, 236.32
1734123061, 11, 10, 13, 3, 1, 0.05%, 3, 0, 3, 231.22
1734123081, 11, 10, 14, 4, 1, 0.05%, 3, 0, 3, 232.01
1734123178, 11, 12, 15, 4, 2, 0.05%, 3, 0, 4, 388.74
1734123193, 11, 12, 16, 5, 2, 0.05%, 4, 0, 4, 487.78
1734123198, 11, 12, 17, 6, 2, 0.06%, 5, 0, 4, 481.39
1734123208, 11, 12, 18, 7, 2, 0.06%, 5, 0, 4, 489.51
1734123219, 11, 12, 19, 8, 2, 0.06%, 5, 0, 4, 488.96
1734123244, 11, 12, 20, 9, 2, 0.06%, 6, 0, 4, 240.05
1734123249, 11, 19, 20, 8, 3, 0.06%, 6, 0, 4, 232.13
1734123254, 11, 19, 21, 9, 3, 0.06%, 6, 0, 5, 260.69
1734123264, 11, 19, 23, 11, 3, 0.06%, 6, 0, 5, 290.65
1734123269, 11, 19, 24, 12, 3, 0.06%, 7, 0, 5, 307.12
1734123290, 11, 19, 25, 13, 3, 0.06%, 7, 0, 5, 307.86
1734123300, 11, 19, 26, 14, 3, 0.06%, 7, 0, 5, 305.90
1734123305, 11, 19, 27, 15, 3, 0.06%, 7, 0, 5, 300.38
1734123320, 11, 19, 28, 16, 3, 0.06%, 7, 0, 5, 304.48
1734123341, 11, 19, 29, 17, 3, 0.06%, 7, 0, 5, 305.36
1734123386, 11, 19, 31, 19, 3, 0.06%, 8, 0, 5, 250.02
1734123396, 11, 23, 31, 18, 5, 0.06%, 8, 0, 5, 266.50
1734123401, 11, 23, 32, 19, 5, 0.06%, 8, 0, 6, 272.07
1734123406, 11, 23, 33, 20, 5, 0.06%, 8, 0, 6, 258.70
1734123432, 11, 23, 34, 21, 5, 0.06%, 8, 0, 6, 253.54
1734123442, 11, 23, 35, 22, 5, 0.06%, 8, 0, 6, 254.50
1734123518, 11, 29, 36, 22, 4, 0.06%, 9, 0, 6, 251.37
1734123523, 11, 29, 37, 23, 4, 0.06%, 9, 0, 6, 363.59
1734123569, 11, 29, 38, 24, 4, 0.06%, 9, 0, 6, 424.71
1734123599, 11, 29, 39, 25, 4, 0.06%, 9, 0, 6, 279.23
1734123604, 12, 15, 40, 25, 4, 0.06%, 9, 0, 6, 273.04
1734123609, 12, 15, 41, 26, 4, 0.06%, 9, 0, 6, 269.18
1734123614, 12, 15, 42, 27, 4, 0.06%, 9, 0, 6, 270.32
1734123629, 12, 15, 43, 28, 4, 0.06%, 9, 0, 6, 263.62
1734123654, 12, 15, 44, 29, 4, 0.06%, 9, 0, 6, 275.00
1734123700, 12, 15, 45, 30, 4, 0.06%, 9, 0, 6, 271.83
1734123735, 12, 16, 45, 29, 3, 0.06%, 9, 0, 6, 231.38
1734123740, 12, 16, 46, 30, 3, 0.06%, 9, 0, 6, 258.43
1734123745, 12, 16, 47, 31, 3, 0.06%, 9, 0, 6, 267.62
1734123750, 12, 16, 49, 33, 3, 0.06%, 9, 0, 6, 272.25
1734123867, 12, 16, 50, 34, 3, 0.06%, 9, 0, 6, 276.83
1734123872, 12, 35, 50, 33, 2, 0.06%, 9, 0, 6, 248.35
1734123877, 12, 35, 51, 34, 2, 0.06%, 9, 0, 7, 357.35
1734123908, 12, 35, 52, 35, 2, 0.06%, 9, 0, 7, 421.27
1734123929, 12, 35, 53, 36, 2, 0.06%, 9, 0, 7, 413.49
1734123959, 12, 35, 55, 38, 2, 0.06%, 9, 0, 7, 269.93
1734123969, 12, 35, 56, 39, 2, 0.06%, 9, 0, 7, 264.12
1734123974, 12, 38, 56, 38, 1, 0.06%, 9, 0, 7, 491.44
1734123979, 12, 38, 57, 39, 1, 0.06%, 9, 0, 7, 501.66
1734124020, 12, 38, 58, 40, 1, 0.06%, 9, 0, 7, 337.08
1734124025, 12, 56, 59, 40, 1, 0.06%, 9, 0, 7, 354.95
1734124081, 12, 57, 59, 39, 1, 0.06%, 9, 0, 7, 346.56
1734124172, 12, 58, 59, 38, 1, 0.06%, 9, 0, 7, 335.39
1734124224, 12, 58, 60, 39, 1, 0.06%, 9, 0, 8, 483.80
1734124229, 12, 58, 61, 40, 1, 0.06%, 9, 0, 8, 488.72
1734124234, 12, 58, 62, 41, 1, 0.06%, 9, 0, 8, 489.38
1734124239, 12, 58, 63, 42, 1, 0.06%, 9, 0, 8, 491.57
1734124254, 12, 58, 64, 43, 1, 0.06%, 9, 0, 8, 486.25
1734124265, 12, 58, 65, 44, 1, 0.06%, 9, 0, 8, 474.47
1734124280, 12, 58, 66, 45, 1, 0.06%, 9, 0, 8, 473.15
1734124305, 12, 59, 66, 44, 1, 0.06%, 9, 0, 8, 328.80
1734124407, 12, 60, 66, 43, 1, 0.06%, 9, 0, 8, 344.43
1734124484, 12, 60, 67, 44, 1, 0.06%, 9, 0, 9, 488.23
1734124530, 12, 61, 67, 43, 1, 0.06%, 9, 0, 9, 380.11
1734124622, 12, 62, 67, 42, 1, 0.06%, 9, 0, 9, 402.97
1734124725, 12, 63, 67, 41, 1, 0.06%, 9, 0, 9, 387.36
1734124878, 12, 64, 67, 40, 1, 0.06%, 9, 0, 9, 387.78
1734125001, 12, 65, 67, 39, 1, 0.06%, 9, 0, 9, 365.51
1734125149, 13, 10, 67, 38, 1, 0.06%, 9, 0, 9, 310.37
1734125159, 13, 13, 67, 38, 1, 0.06%, 9, 0, 9, 389.68
1734125174, 13, 15, 67, 37, 1, 0.06%, 9, 0, 9, 308.65
1734125195, 13, 17, 67, 37, 1, 0.06%, 9, 0, 9, 378.52
1734125231, 13, 18, 67, 36, 1, 0.06%, 9, 0, 9, 350.36
1734125261, 13, 18, 68, 37, 1, 0.06%, 9, 0, 9, 340.31
1734125266, 13, 19, 68, 36, 1, 0.06%, 9, 0, 9, 341.14
1734125287, 13, 20, 68, 36, 1, 0.06%, 9, 0, 9, 418.42
1734125317, 13, 21, 68, 35, 0, 0.06%, 9, 0, 9, 417.05
1734125393, 13, 22, 68, 34, 0, 0.06%, 9, 0, 9, 415.88
1734125434, 13, 23, 68, 33, 0, 0.06%, 9, 0, 9, 301.00
1734125454, 13, 25, 68, 33, 0, 0.06%, 9, 0, 9, 278.40
1734125490, 13, 26, 68, 32, 0, 0.06%, 9, 0, 9, 322.55
1734125495, 13, 26, 70, 34, 0, 0.06%, 9, 0, 9, 343.14
1734125617, 13, 28, 70, 33, 0, 0.06%, 9, 0, 9, 356.03
1734125652, 13, 29, 70, 32, 0, 0.06%, 9, 0, 9, 349.15
1734125668, 13, 31, 70, 32, 0, 0.06%, 9, 0, 9, 320.41
1734125683, 13, 31, 71, 33, 0, 0.06%, 9, 0, 9, 479.67
1734125719, 13, 32, 71, 32, 0, 0.06%, 9, 0, 9, 313.20
1734125749, 13, 33, 71, 31, 0, 0.06%, 9, 0, 9, 261.40
1734126128, 13, 35, 71, 30, 0, 0.06%, 9, 0, 9, 364.02
1734126148, 13, 36, 71, 30, 0, 0.06%, 9, 0, 9, 292.09
1734126194, 13, 37, 71, 29, 0, 0.06%, 9, 0, 9, 453.11
1734126225, 13, 39, 71, 28, 0, 0.06%, 9, 0, 9, 286.97
1734126270, 13, 40, 71, 27, 0, 0.06%, 9, 0, 9, 392.97
1734126316, 13, 40, 72, 28, 0, 0.06%, 9, 0, 9, 427.74
1734126356, 13, 41, 72, 27, 0, 0.06%, 9, 0, 9, 383.93
1734126392, 13, 42, 72, 26, 0, 0.06%, 9, 0, 9, 379.36
1734126433, 13, 42, 73, 27, 0, 0.06%, 9, 0, 9, 519.45
1734126671, 13, 44, 73, 26, 0, 0.06%, 9, 0, 9, 442.44
1734126696, 13, 44, 74, 27, 0, 0.06%, 9, 0, 9, 440.73
1734126732, 13, 45, 74, 26, 0, 0.06%, 9, 0, 9, 330.55
1734126763, 13, 45, 75, 27, 0, 0.06%, 9, 0, 9, 321.90
1734126768, 13, 46, 75, 26, 0, 0.06%, 9, 0, 9, 332.54
1734126813, 13, 47, 75, 25, 0, 0.06%, 9, 0, 9, 297.67
1734126849, 13, 48, 75, 24, 0, 0.06%, 9, 0, 9, 308.38
1734126920, 13, 49, 75, 23, 0, 0.06%, 9, 0, 9, 444.53
1734126976, 13, 50, 75, 22, 0, 0.06%, 9, 0, 9, 386.86
1734127006, 13, 51, 75, 21, 0, 0.06%, 9, 0, 9, 275.46
1734127226, 13, 52, 75, 20, 0, 0.06%, 9, 0, 9, 336.16
1734127671, 13, 53, 75, 19, 0, 0.06%, 9, 0, 9, 350.22
1734127706, 13, 54, 75, 18, 0, 0.06%, 9, 0, 9, 391.59
1734127915, 13, 55, 75, 17, 0, 0.06%, 9, 0, 9, 271.59
1734127971, 13, 55, 77, 19, 0, 0.06%, 9, 0, 9, 489.04
1734128323, 13, 56, 77, 18, 0, 0.06%, 9, 0, 9, 448.83
1734128338, 13, 57, 77, 18, 0, 0.06%, 9, 0, 9, 428.34
1734128404, 13, 58, 77, 18, 0, 0.06%, 9, 0, 9, 316.16
1734128481, 13, 59, 77, 18, 0, 0.06%, 9, 0, 9, 424.36
1734128574, 13, 60, 77, 18, 0, 0.06%, 9, 0, 9, 472.88
1734128645, 13, 60, 78, 19, 0, 0.06%, 9, 0, 9, 368.88
1734128650, 13, 61, 78, 19, 0, 0.06%, 9, 0, 9, 385.07
1734128732, 13, 62, 78, 19, 0, 0.06%, 9, 0, 9, 337.87
1734128794, 13, 62, 79, 20, 0, 0.06%, 9, 0, 9, 378.45
1734128819, 13, 62, 80, 21, 0, 0.06%, 9, 0, 9, 329.71
1734128824, 13, 63, 80, 21, 0, 0.06%, 9, 0, 9, 348.47
1734128962, 13, 64, 80, 21, 0, 0.06%, 9, 0, 9, 462.00
1734129065, 13, 65, 80, 21, 0, 0.06%, 9, 0, 9, 383.64
1734129188, 13, 66, 80, 21, 0, 0.06%, 9, 0, 9, 413.33
1734129347, 13, 68, 80, 20, 0, 0.06%, 9, 0, 9, 328.86
1734129443, 13, 69, 80, 19, 0, 0.06%, 9, 0, 9, 361.22
1734129540, 13, 71, 80, 18, 0, 0.06%, 9, 0, 9, 350.73
1734129642, 13, 73, 80, 17, 0, 0.06%, 9, 0, 9, 306.97
1734130365, 14, 10, 80, 16, 0, 0.06%, 9, 0, 9, 302.06
1734130371, 14, 13, 80, 16, 0, 0.06%, 9, 0, 9, 350.16
1734130376, 14, 17, 80, 16, 0, 0.06%, 9, 0, 9, 361.95
1734130396, 14, 18, 80, 16, 0, 0.06%, 9, 0, 9, 393.33
1734130411, 14, 26, 80, 16, 0, 0.06%, 9, 0, 9, 373.07
1734130427, 14, 28, 80, 16, 0, 0.06%, 9, 0, 9, 302.73
1734130447, 14, 57, 80, 16, 0, 0.06%, 9, 0, 9, 393.70
1734130462, 14, 68, 80, 16, 0, 0.06%, 9, 0, 9, 322.26
1734130482, 14, 69, 80, 16, 0, 0.06%, 9, 0, 9, 378.22
1734130503, 15, 13, 80, 16, 0, 0.06%, 9, 0, 9, 329.99
1734130508, 15, 17, 80, 16, 0, 0.06%, 9, 0, 9, 342.55
1734130518, 15, 18, 80, 16, 0, 0.06%, 9, 0, 9, 387.76
1734130528, 15, 26, 80, 16, 0, 0.06%, 9, 0, 9, 386.44
1734130538, 15, 28, 80, 16, 0, 0.06%, 9, 0, 9, 368.52
1734130543, 15, 57, 80, 16, 0, 0.06%, 9, 0, 9, 341.82
1734130548, 15, 68, 80, 16, 0, 0.06%, 9, 0, 9, 350.35
1734130569, 15, 69, 80, 16, 0, 0.06%, 9, 0, 9, 367.11
1734130589, 16, 10, 80, 16, 0, 0.06%, 9, 0, 9, 306.16
1734130594, 16, 17, 80, 16, 0, 0.06%, 9, 0, 9, 338.64
1734130604, 16, 18, 80, 16, 0, 0.06%, 9, 0, 9, 365.43
1734130614, 16, 26, 80, 16, 0, 0.06%, 9, 0, 9, 368.27
1734130625, 16, 28, 80, 16, 0, 0.06%, 9, 0, 9, 376.80
1734130630, 16, 57, 80, 16, 0, 0.06%, 9, 0, 9, 331.87
1734130635, 16, 68, 80, 16, 0, 0.06%, 9, 0, 9, 346.71
1734130645, 16, 69, 80, 16, 0, 0.06%, 9, 0, 9, 335.08
1734130655, 17, 10, 80, 16, 0, 0.06%, 9, 0, 9, 312.30
1734130660, 17, 12, 80, 16, 0, 0.06%, 9, 0, 9, 325.47
1734130665, 17, 13, 80, 16, 0, 0.06%, 9, 0, 9, 332.00
1734130670, 17, 14, 80, 16, 0, 0.06%, 9, 0, 9, 312.85
1734130716, 17, 16, 80, 15, 0, 0.06%, 9, 0, 9, 312.78
1734130736, 17, 17, 80, 15, 0, 0.06%, 9, 0, 9, 427.54
1734130751, 17, 18, 80, 15, 0, 0.06%, 9, 0, 9, 397.57
1734130761, 17, 19, 80, 15, 0, 0.06%, 9, 0, 9, 379.62
1734130771, 17, 20, 80, 15, 0, 0.06%, 9, 0, 9, 435.66
1734130787, 17, 21, 80, 15, 0, 0.06%, 9, 0, 9, 326.32
1734130807, 17, 22, 80, 15, 0, 0.06%, 9, 0, 9, 445.76
1734130822, 17, 23, 80, 15, 0, 0.06%, 9, 0, 9, 288.24
1734130833, 17, 25, 80, 15, 0, 0.06%, 9, 0, 9, 423.11
1734130848, 17, 26, 80, 15, 0, 0.06%, 9, 0, 9, 299.49
1734130949, 17, 28, 80, 15, 0, 0.06%, 9, 0, 9, 374.91
1734130965, 17, 29, 80, 15, 0, 0.06%, 9, 0, 9, 369.79
1734130975, 17, 30, 80, 15, 0, 0.06%, 9, 0, 9, 432.06
1734131010, 17, 31, 80, 14, 0, 0.06%, 9, 0, 9, 413.86
1734131026, 17, 32, 80, 14, 0, 0.06%, 9, 0, 9, 407.98
1734131041, 17, 33, 80, 14, 0, 0.06%, 9, 0, 9, 364.51
1734131066, 17, 34, 80, 14, 0, 0.06%, 9, 0, 9, 452.37
1734131102, 17, 35, 80, 13, 0, 0.06%, 9, 0, 9, 356.98
1734131112, 17, 36, 80, 13, 0, 0.06%, 9, 0, 9, 274.97
1734131132, 17, 37, 80, 13, 0, 0.06%, 9, 0, 9, 404.59
1734131153, 17, 38, 80, 13, 0, 0.06%, 9, 0, 9, 436.42
1734131168, 17, 44, 80, 13, 0, 0.06%, 9, 0, 9, 390.98
1734131183, 17, 45, 80, 13, 0, 0.06%, 9, 0, 9, 284.99
1734131203, 17, 46, 80, 13, 0, 0.06%, 9, 0, 9, 290.84
1734131224, 17, 47, 80, 13, 0, 0.06%, 9, 0, 9, 357.52
1734131244, 17, 48, 80, 13, 0, 0.06%, 9, 0, 9, 386.19
1734131260, 17, 49, 80, 13, 0, 0.06%, 9, 0, 9, 341.83
1734131275, 17, 50, 80, 13, 0, 0.06%, 9, 0, 9, 376.92
1734131295, 17, 51, 80, 13, 0, 0.06%, 9, 0, 9, 266.84
1734131490, 17, 52, 80, 13, 0, 0.06%, 9, 0, 9, 373.87
1734131915, 17, 53, 80, 13, 0, 0.06%, 9, 0, 9, 449.36
1734131930, 17, 54, 80, 13, 0, 0.06%, 9, 0, 9, 401.78
1734131956, 17, 55, 80, 13, 0, 0.06%, 9, 0, 9, 260.75
1734131976, 17, 56, 80, 13, 0, 0.06%, 9, 0, 9, 387.15
1734131991, 17, 57, 80, 13, 0, 0.06%, 9, 0, 9, 383.05
1734131996, 17, 58, 80, 13, 0, 0.06%, 9, 0, 9, 380.48
1734132017, 17, 59, 80, 13, 0, 0.06%, 9, 0, 9, 424.97
1734132042, 17, 60, 80, 13, 0, 0.06%, 9, 0, 9, 440.28
1734132067, 17, 61, 80, 13, 0, 0.06%, 9, 0, 9, 426.36
1734132087, 17, 62, 80, 13, 0, 0.06%, 9, 0, 9, 338.82
1734132113, 17, 63, 80, 13, 0, 0.06%, 9, 0, 9, 339.10
1734132138, 17, 64, 80, 13, 0, 0.06%, 9, 0, 9, 370.05
1734132164, 17, 65, 80, 13, 0, 0.06%, 9, 0, 9, 322.32
1734132189, 17, 66, 80, 13, 0, 0.06%, 9, 0, 9, 344.80
1734132219, 17, 67, 80, 13, 0, 0.06%, 9, 0, 9, 312.45
1734132435, 17, 68, 80, 12, 0, 0.06%, 9, 0, 9, 338.80
1734132440, 17, 69, 80, 12, 0, 0.06%, 9, 0, 9, 333.18
1734132445, 17, 70, 80, 12, 0, 0.06%, 9, 0, 9, 297.09
1734132897, 17, 73, 80, 11, 0, 0.06%, 9, 0, 9, 404.54
1734132928, 17, 74, 80, 11, 0, 0.06%, 9, 0, 9, 266.57
1734133678, 17, 77, 80, 10, 0, 0.06%, 9, 0, 9, 406.71
1734134161, 17, 78, 80, 9, 0, 0.06%, 9, 0, 9, 405.71
1734134284, 17, 79, 80, 8, 0, 0.06%, 9, 0, 9, 370.03
1734134493, 18, 13, 80, 7, 0, 0.06%, 9, 0, 9, 322.51
1734134499, 18, 17, 80, 7, 0, 0.06%, 9, 0, 9, 345.60
1734134504, 18, 18, 80, 7, 0, 0.06%, 9, 0, 9, 319.41
1734134509, 18, 23, 80, 7, 0, 0.06%, 9, 0, 9, 287.49
1734134519, 18, 26, 80, 7, 0, 0.06%, 9, 0, 9, 346.78
1734134524, 18, 28, 80, 7, 0, 0.06%, 9, 0, 9, 318.97
1734134529, 18, 31, 80, 7, 0, 0.06%, 9, 0, 9, 331.91
1734134534, 18, 32, 80, 7, 0, 0.06%, 9, 0, 9, 388.93
1734134544, 18, 33, 80, 7, 0, 0.06%, 9, 0, 9, 348.20
1734134559, 18, 34, 80, 7, 0, 0.06%, 9, 0, 9, 418.22
1734134575, 18, 38, 80, 7, 0, 0.06%, 9, 0, 9, 315.27
1734134585, 18, 56, 80, 7, 0, 0.06%, 9, 0, 9, 371.61
1734134590, 18, 57, 80, 7, 0, 0.06%, 9, 0, 9, 378.80
1734134595, 18, 58, 80, 7, 0, 0.06%, 9, 0, 9, 384.63
1734134600, 18, 59, 80, 7, 0, 0.06%, 9, 0, 9, 386.80
1734134611, 18, 60, 80, 7, 0, 0.06%, 9, 0, 9, 357.26
1734134616, 18, 61, 80, 7, 0, 0.06%, 9, 0, 9, 406.66
1734134621, 18, 62, 80, 7, 0, 0.06%, 9, 0, 9, 323.22
1734134631, 18, 63, 80, 7, 0, 0.06%, 9, 0, 9, 404.02
1734134636, 18, 64, 80, 7, 0, 0.06%, 9, 0, 9, 346.75
1734134646, 18, 65, 80, 7, 0, 0.06%, 9, 0, 9, 388.23
1734134651, 18, 66, 80, 7, 0, 0.06%, 9, 0, 9, 383.21
1734134677, 18, 68, 80, 7, 0, 0.06%, 9, 0, 9, 369.30
1734134687, 18, 69, 80, 7, 0, 0.06%, 9, 0, 9, 333.56
1734134692, 18, 70, 80, 7, 0, 0.06%, 9, 0, 9, 291.70
1734134717, 18, 77, 80, 7, 0, 0.06%, 9, 0, 9, 271.86
1734134748, 18, 78, 80, 7, 0, 0.06%, 9, 0, 9, 356.91
1734134773, 18, 79, 80, 7, 0, 0.06%, 9, 0, 9, 341.98
1734134799, 19, 10, 80, 7, 0, 0.06%, 9, 0, 9, 320.30
1734134804, 19, 17, 80, 7, 0, 0.06%, 9, 0, 9, 339.26
1734134809, 19, 18, 80, 7, 0, 0.06%, 9, 0, 9, 322.99
1734134814, 19, 23, 80, 7, 0, 0.06%, 9, 0, 9, 288.87
1734134824, 19, 26, 80, 7, 0, 0.06%, 9, 0, 9, 340.10
1734134829, 19, 28, 80, 7, 0, 0.06%, 9, 0, 9, 320.43
1734134834, 19, 31, 80, 7, 0, 0.06%, 9, 0, 9, 371.30
1734134839, 19, 32, 80, 7, 0, 0.06%, 9, 0, 9, 340.65
1734134849, 19, 33, 80, 7, 0, 0.06%, 9, 0, 9, 392.14
1734134864, 19, 57, 80, 7, 0, 0.06%, 9, 0, 9, 329.57
1734134874, 19, 68, 80, 7, 0, 0.06%, 9, 0, 9, 336.48
1734134880, 19, 69, 80, 7, 0, 0.06%, 9, 0, 9, 332.71
1734134885, 20, 13, 80, 7, 0, 0.06%, 9, 0, 9, 320.75
1734134890, 20, 17, 80, 7, 0, 0.06%, 9, 0, 9, 322.41
1734134895, 20, 18, 80, 7, 0, 0.06%, 9, 0, 9, 318.58
1734134900, 20, 26, 80, 7, 0, 0.06%, 9, 0, 9, 329.76
1734134905, 20, 28, 80, 7, 0, 0.06%, 9, 0, 9, 332.65
1734134910, 20, 57, 80, 7, 0, 0.06%, 9, 0, 9, 327.79
1734134915, 20, 68, 80, 7, 0, 0.06%, 9, 0, 9, 333.81
1734134920, 20, 69, 80, 7, 0, 0.06%, 9, 0, 9, 335.32
1734134925, 21, 13, 80, 7, 0, 0.06%, 9, 0, 9, 330.45
1734134930, 21, 17, 80, 7, 0, 0.06%, 9, 0, 9, 338.30
1734134935, 21, 18, 80, 7, 0, 0.06%, 9, 0, 9, 321.85
1734134940, 21, 26, 80, 7, 0, 0.06%, 9, 0, 9, 328.19
1734134945, 21, 28, 80, 7, 0, 0.06%, 9, 0, 9, 308.67
1734134950, 21, 57, 80, 7, 0, 0.06%, 9, 0, 9, 331.06
1734134955, 21, 68, 80, 7, 0, 0.06%, 9, 0, 9, 336.75
1734134960, 21, 69, 80, 7, 0, 0.06%, 9, 0, 9, 347.73
1734134965, 22, 13, 80, 7, 0, 0.06%, 9, 0, 9, 339.31
1734134971, 22, 17, 80, 7, 0, 0.06%, 9, 0, 9, 334.21
1734134976, 22, 18, 80, 7, 0, 0.06%, 9, 0, 9, 330.38
1734134981, 22, 26, 80, 7, 0, 0.06%, 9, 0, 9, 341.86
1734134986, 22, 28, 80, 7, 0, 0.06%, 9, 0, 9, 316.05
1734134991, 22, 57, 80, 7, 0, 0.06%, 9, 0, 9, 340.08
1734134996, 22, 68, 80, 7, 0, 0.06%, 9, 0, 9, 360.54
1734135001, 22, 69, 80, 7, 0, 0.06%, 9, 0, 9, 353.24
1734135006, 23, 13, 80, 7, 0, 0.06%, 9, 0, 9, 329.10
1734135011, 23, 18, 80, 7, 0, 0.06%, 9, 0, 9, 351.48
1734135016, 23, 26, 80, 7, 0, 0.06%, 9, 0, 9, 320.03
1734135021, 23, 28, 80, 7, 0, 0.06%, 9, 0, 9, 345.79
1734135026, 23, 57, 80, 7, 0, 0.06%, 9, 0, 9, 315.76
1734135031, 23, 68, 80, 7, 0, 0.06%, 9, 0, 9, 324.58
1734135036, 23, 69, 80, 7, 0, 0.06%, 9, 0, 9, 344.20
1734135047, 24, 13, 80, 7, 0, 0.06%, 9, 0, 9, 320.72
1734135052, 24, 18, 80, 7, 0, 0.06%, 9, 0, 9, 324.41
1734135057, 24, 26, 80, 7, 0, 0.06%, 9, 0, 9, 323.93
1734135067, 24, 57, 80, 7, 0, 0.06%, 9, 0, 9, 326.30
1734135072, 24, 68, 80, 7, 0, 0.06%, 9, 0, 9, 339.68
1734135082, 24, 69, 80, 7, 0, 0.06%, 9, 0, 9, 338.60
1734135087, 25, 13, 80, 7, 0, 0.06%, 9, 0, 9, 318.51
1734135092, 25, 18, 80, 7, 0, 0.06%, 9, 0, 9, 320.97
1734135097, 25, 26, 80, 7, 0, 0.06%, 9, 0, 9, 325.14
1734135107, 25, 28, 80, 7, 0, 0.06%, 9, 0, 9, 322.57
1734135112, 25, 57, 80, 7, 0, 0.06%, 9, 0, 9, 320.82
1734135117, 25, 68, 80, 7, 0, 0.06%, 9, 0, 9, 327.20
1734135122, 25, 69, 80, 7, 0, 0.06%, 9, 0, 9, 332.59
1734135127, 26, 13, 80, 7, 0, 0.06%, 9, 0, 9, 330.07
1734135132, 26, 17, 80, 7, 0, 0.06%, 9, 0, 9, 333.17
1734135137, 26, 18, 80, 7, 0, 0.06%, 9, 0, 9, 321.19
1734135143, 26, 26, 80, 7, 0, 0.06%, 9, 0, 9, 321.34
1734135148, 26, 28, 80, 7, 0, 0.06%, 9, 0, 9, 314.38
1734135153, 26, 57, 80, 7, 0, 0.06%, 9, 0, 9, 350.82
1734135158, 26, 68, 80, 7, 0, 0.06%, 9, 0, 9, 330.97
1734135163, 26, 69, 80, 7, 0, 0.06%, 9, 0, 9, 334.82
1734135168, 27, 13, 80, 7, 0, 0.06%, 9, 0, 9, 334.67
1734135173, 27, 17, 80, 7, 0, 0.06%, 9, 0, 9, 326.82
1734135178, 27, 18, 80, 7, 0, 0.06%, 9, 0, 9, 318.95
1734135183, 27, 26, 80, 7, 0, 0.06%, 9, 0, 9, 325.66
1734135188, 27, 28, 80, 7, 0, 0.06%, 9, 0, 9, 334.69
1734135193, 27, 57, 80, 7, 0, 0.06%, 9, 0, 9, 358.05
1734135198, 27, 68, 80, 7, 0, 0.06%, 9, 0, 9, 356.09
1734135203, 27, 69, 80, 7, 0, 0.06%, 9, 0, 9, 350.64
1734135208, 28, 13, 80, 7, 0, 0.06%, 9, 0, 9, 334.61
1734135213, 28, 17, 80, 7, 0, 0.06%, 9, 0, 9, 323.53
1734135219, 28, 18, 80, 7, 0, 0.06%, 9, 0, 9, 321.31
1734135224, 28, 26, 80, 7, 0, 0.06%, 9, 0, 9, 326.39
1734135229, 28, 28, 80, 7, 0, 0.06%, 9, 0, 9, 337.27
1734135234, 28, 57, 80, 7, 0, 0.06%, 9, 0, 9, 326.45
1734135239, 28, 68, 80, 7, 0, 0.06%, 9, 0, 9, 334.88
1734135244, 28, 69, 80, 7, 0, 0.06%, 9, 0, 9, 336.99
1734135249, 29, 13, 80, 7, 0, 0.06%, 9, 0, 9, 317.76
1734135254, 29, 17, 80, 7, 0, 0.06%, 9, 0, 9, 323.06
1734135259, 29, 18, 80, 7, 0, 0.06%, 9, 0, 9, 318.54
1734135264, 29, 26, 80, 7, 0, 0.06%, 9, 0, 9, 334.19
1734135269, 29, 28, 80, 7, 0, 0.06%, 9, 0, 9, 328.06
1734135274, 29, 57, 80, 7, 0, 0.06%, 9, 0, 9, 342.59
1734135279, 29, 68, 80, 7, 0, 0.06%, 9, 0, 9, 330.13
1734135284, 29, 69, 80, 7, 0, 0.06%, 9, 0, 9, 345.36
1734135290, 30, 13, 80, 7, 0, 0.06%, 9, 0, 9, 328.35
1734135295, 30, 17, 80, 7, 0, 0.06%, 9, 0, 9, 348.38
1734135300, 30, 18, 80, 7, 0, 0.06%, 9, 0, 9, 323.27
1734135305, 30, 26, 80, 7, 0, 0.06%, 9, 0, 9, 334.99
1734135310, 30, 28, 80, 7, 0, 0.06%, 9, 0, 9, 321.82
1734135315, 30, 57, 80, 7, 0, 0.06%, 9, 0, 9, 356.32
1734135320, 30, 68, 80, 7, 0, 0.06%, 9, 0, 9, 345.35
1734135325, 30, 69, 80, 7, 0, 0.06%, 9, 0, 9, 355.56
1734135330, 31, 13, 80, 7, 0, 0.06%, 9, 0, 9, 336.57
1734135335, 31, 17, 80, 7, 0, 0.06%, 9, 0, 9, 323.64
1734135340, 31, 26, 80, 7, 0, 0.06%, 9, 0, 9, 354.56
1734135350, 31, 28, 80, 7, 0, 0.06%, 9, 0, 9, 343.80
1734135355, 31, 57, 80, 7, 0, 0.06%, 9, 0, 9, 344.36
1734135360, 31, 68, 80, 7, 0, 0.06%, 9, 0, 9, 338.71
1734135366, 31, 69, 80, 7, 0, 0.06%, 9, 0, 9, 345.20
1734135371, 32, 13, 80, 7, 0, 0.06%, 9, 0, 9, 332.89
1734135376, 32, 18, 80, 7, 0, 0.06%, 9, 0, 9, 339.37
1734135381, 32, 26, 80, 7, 0, 0.06%, 9, 0, 9, 342.04
1734135391, 32, 57, 80, 7, 0, 0.06%, 9, 0, 9, 317.53
1734135396, 32, 68, 80, 7, 0, 0.06%, 9, 0, 9, 342.10
1734135406, 32, 69, 80, 7, 0, 0.06%, 9, 0, 9, 317.63
1734135411, 33, 13, 80, 7, 0, 0.06%, 9, 0, 9, 304.33
1734135416, 33, 17, 80, 7, 0, 0.06%, 9, 0, 9, 320.76
1734135421, 33, 26, 80, 7, 0, 0.06%, 9, 0, 9, 311.12
1734135432, 33, 28, 80, 7, 0, 0.06%, 9, 0, 9, 340.06
1734135437, 33, 57, 80, 7, 0, 0.06%, 9, 0, 9, 355.73
1734135442, 33, 68, 80, 7, 0, 0.06%, 9, 0, 9, 337.59
1734135447, 33, 69, 80, 7, 0, 0.06%, 9, 0, 9, 341.01
1734135452, 34, 13, 80, 7, 0, 0.06%, 9, 0, 9, 340.05
1734135457, 34, 17, 80, 7, 0, 0.06%, 9, 0, 9, 326.69
1734135462, 34, 26, 80, 7, 0, 0.06%, 9, 0, 9, 338.17
1734135472, 34, 28, 80, 7, 0, 0.06%, 9, 0, 9, 328.40
1734135477, 34, 57, 80, 7, 0, 0.06%, 9, 0, 9, 335.80
1734135482, 34, 68, 80, 7, 0, 0.06%, 9, 0, 9, 340.88
1734135487, 34, 69, 80, 7, 0, 0.06%, 9, 0, 9, 341.92
1734135492, 35, 13, 80, 7, 0, 0.06%, 9, 0, 9, 336.30
1734135497, 35, 18, 80, 7, 0, 0.06%, 9, 0, 9, 310.44
1734135502, 35, 26, 80, 7, 0, 0.06%, 9, 0, 9, 310.80
1734135513, 35, 57, 80, 7, 0, 0.06%, 9, 0, 9, 323.61
1734135518, 35, 68, 80, 7, 0, 0.06%, 9, 0, 9, 356.09
1734135523, 35, 69, 80, 7, 0, 0.06%, 9, 0, 9, 357.50
1734135533, 36, 13, 80, 7, 0, 0.06%, 9, 0, 9, 319.36
1734135538, 36, 18, 80, 7, 0, 0.06%, 9, 0, 9, 330.69
1734135543, 36, 26, 80, 7, 0, 0.06%, 9, 0, 9, 314.27
1734135553, 36, 57, 80, 7, 0, 0.06%, 9, 0, 9, 336.99
1734135558, 36, 68, 80, 7, 0, 0.06%, 9, 0, 9, 327.73
1734135568, 36, 69, 80, 7, 0, 0.06%, 9, 0, 9, 331.25
1734135573, 37, 13, 80, 7, 0, 0.06%, 9, 0, 9, 317.45
1734135578, 37, 18, 80, 7, 0, 0.06%, 9, 0, 9, 315.18
1734135584, 37, 26, 80, 7, 0, 0.06%, 9, 0, 9, 326.81
1734135594, 37, 57, 80, 7, 0, 0.06%, 9, 0, 9, 335.88
1734135604, 37, 68, 80, 7, 0, 0.06%, 9, 0, 9, 335.51
1734135609, 37, 69, 80, 7, 0, 0.06%, 9, 0, 9, 342.39
1734135614, 38, 13, 80, 7, 0, 0.06%, 9, 0, 9, 324.87
1734135619, 38, 18, 80, 7, 0, 0.06%, 9, 0, 9, 347.41
1734135624, 38, 26, 80, 7, 0, 0.06%, 9, 0, 9, 328.77
1734135629, 38, 28, 80, 7, 0, 0.06%, 9, 0, 9, 367.16
1734135634, 38, 57, 80, 7, 0, 0.06%, 9, 0, 9, 373.28
1734135640, 38, 68, 80, 7, 0, 0.06%, 9, 0, 9, 347.93
1734135645, 38, 69, 80, 7, 0, 0.06%, 9, 0, 9, 325.61
1734135650, 39, 10, 80, 7, 0, 0.06%, 9, 0, 9, 325.31
1734135655, 39, 17, 80, 7, 0, 0.06%, 9, 0, 9, 346.78
1734135660, 39, 18, 80, 7, 0, 0.06%, 9, 0, 9, 337.33
1734135665, 39, 26, 80, 7, 0, 0.06%, 9, 0, 9, 341.87
1734135670, 39, 28, 80, 7, 0, 0.06%, 9, 0, 9, 356.47
1734135675, 39, 57, 80, 7, 0, 0.06%, 9, 0, 9, 345.85
1734135680, 39, 68, 80, 7, 0, 0.06%, 9, 0, 9, 343.46
1734135685, 39, 69, 80, 7, 0, 0.06%, 9, 0, 9, 348.03
1734135690, 40, 10, 80, 7, 0, 0.06%, 9, 0, 9, 321.44
1734135695, 40, 17, 80, 7, 0, 0.06%, 9, 0, 9, 344.07
1734135700, 40, 18, 80, 7, 0, 0.06%, 9, 0, 9, 353.18
1734135705, 40, 26, 80, 7, 0, 0.06%, 9, 0, 9, 353.16
1734135710, 40, 28, 80, 7, 0, 0.06%, 9, 0, 9, 355.99
1734135716, 40, 57, 80, 7, 0, 0.06%, 9, 0, 9, 347.34
1734135721, 40, 68, 80, 7, 0, 0.06%, 9, 0, 9, 316.73
1734135726, 40, 69, 80, 7, 0, 0.06%, 9, 0, 9, 325.49
1734135736, 41, 17, 80, 7, 0, 0.06%, 9, 0, 9, 334.68
1734135741, 41, 18, 80, 7, 0, 0.06%, 9, 0, 9, 337.59
1734135746, 41, 26, 80, 7, 0, 0.06%, 9, 0, 9, 323.66
1734135751, 41, 28, 80, 7, 0, 0.06%, 9, 0, 9, 350.65
1734135756, 41, 57, 80, 7, 0, 0.06%, 9, 0, 9, 343.58
1734135761, 41, 68, 80, 7, 0, 0.06%, 9, 0, 9, 320.52
1734135766, 41, 69, 80, 7, 0, 0.06%, 9, 0, 9, 333.33
1734135771, 42, 10, 80, 7, 0, 0.06%, 9, 0, 9, 345.86
1734135776, 42, 17, 80, 7, 0, 0.06%, 9, 0, 9, 353.93
1734135781, 42, 18, 80, 7, 0, 0.06%, 9, 0, 9, 352.62
1734135786, 42, 26, 80, 7, 0, 0.06%, 9, 0, 9, 327.85
1734135791, 42, 28, 80, 7, 0, 0.06%, 9, 0, 9, 363.28
1734135796, 42, 57, 80, 7, 0, 0.06%, 9, 0, 9, 345.02
1734135802, 42, 68, 80, 7, 0, 0.06%, 9, 0, 9, 336.84
1734135807, 42, 69, 80, 7, 0, 0.06%, 9, 0, 9, 320.13
1734135812, 43, 10, 80, 7, 0, 0.06%, 9, 0, 9, 324.73
1734135817, 43, 17, 80, 7, 0, 0.06%, 9, 0, 9, 344.60
1734135822, 43, 18, 80, 7, 0, 0.06%, 9, 0, 9, 351.06
1734135827, 43, 26, 80, 7, 0, 0.06%, 9, 0, 9, 344.58
1734135832, 43, 28, 80, 7, 0, 0.06%, 9, 0, 9, 367.97
1734135837, 43, 57, 80, 7, 0, 0.06%, 9, 0, 9, 360.80
1734135842, 43, 68, 80, 7, 0, 0.06%, 9, 0, 9, 335.48
1734135847, 43, 69, 80, 7, 0, 0.06%, 9, 0, 9, 339.13
1734135852, 44, 10, 80, 7, 0, 0.06%, 9, 0, 9, 319.05
1734135857, 44, 17, 80, 7, 0, 0.06%, 9, 0, 9, 349.25
1734135863, 44, 18, 80, 7, 0, 0.06%, 9, 0, 9, 335.84
1734135868, 44, 26, 80, 7, 0, 0.06%, 9, 0, 9, 361.11
1734135873, 44, 28, 80, 7, 0, 0.06%, 9, 0, 9, 358.86
1734135878, 44, 57, 80, 7, 0, 0.06%, 9, 0, 9, 362.20
1734135883, 44, 68, 80, 7, 0, 0.06%, 9, 0, 9, 359.94
1734135888, 44, 69, 80, 7, 0, 0.06%, 9, 0, 9, 368.22
1734135893, 45, 10, 80, 7, 0, 0.06%, 9, 0, 9, 313.81
1734135898, 45, 17, 80, 7, 0, 0.06%, 9, 0, 9, 336.15
1734135903, 45, 18, 80, 7, 0, 0.06%, 9, 0, 9, 333.89
1734135908, 45, 26, 80, 7, 0, 0.06%, 9, 0, 9, 355.28
1734135913, 45, 28, 80, 7, 0, 0.06%, 9, 0, 9, 335.45
1734135918, 45, 57, 80, 7, 0, 0.06%, 9, 0, 9, 363.93
1734135923, 45, 68, 80, 7, 0, 0.06%, 9, 0, 9, 368.62
1734135928, 45, 69, 80, 7, 0, 0.06%, 9, 0, 9, 368.90
1734135933, 46, 10, 80, 7, 0, 0.06%, 9, 0, 9, 314.49
1734135938, 46, 17, 80, 7, 0, 0.06%, 9, 0, 9, 336.58
1734135943, 46, 18, 80, 7, 0, 0.06%, 9, 0, 9, 331.82
1734135948, 46, 26, 80, 7, 0, 0.06%, 9, 0, 9, 338.91
1734135954, 46, 28, 80, 7, 0, 0.06%, 9, 0, 9, 346.72
1734135959, 46, 57, 80, 7, 0, 0.06%, 9, 0, 9, 362.94
1734135964, 46, 68, 80, 7, 0, 0.06%, 9, 0, 9, 358.14
1734135969, 46, 69, 80, 7, 0, 0.06%, 9, 0, 9, 356.44
1734135974, 47, 10, 80, 7, 0, 0.06%, 9, 0, 9, 302.17
1734135979, 47, 17, 80, 7, 0, 0.06%, 9, 0, 9, 342.77
1734135984, 47, 18, 80, 7, 0, 0.06%, 9, 0, 9, 329.30
1734135989, 47, 26, 80, 7, 0, 0.06%, 9, 0, 9, 354.57
1734135994, 47, 28, 80, 7, 0, 0.06%, 9, 0, 9, 341.34
1734135999, 47, 57, 80, 7, 0, 0.06%, 9, 0, 9, 351.97
1734136004, 47, 68, 80, 7, 0, 0.06%, 9, 0, 9, 346.89
1734136009, 47, 69, 80, 7, 0, 0.06%, 9, 0, 9, 353.01
1734136014, 48, 13, 80, 7, 0, 0.06%, 9, 0, 9, 325.29
1734136020, 48, 17, 80, 7, 0, 0.06%, 9, 0, 9, 333.53
1734136025, 48, 18, 80, 7, 0, 0.06%, 9, 0, 9, 313.24
1734136030, 48, 26, 80, 7, 0, 0.06%, 9, 0, 9, 356.87
1734136035, 48, 28, 80, 7, 0, 0.06%, 9, 0, 9, 339.59
1734136040, 48, 57, 80, 7, 0, 0.06%, 9, 0, 9, 344.16
1734136045, 48, 68, 80, 7, 0, 0.06%, 9, 0, 9, 350.46
1734136050, 48, 69, 80, 7, 0, 0.06%, 9, 0, 9, 359.22
1734136055, 49, 13, 80, 7, 0, 0.06%, 9, 0, 9, 316.59
1734136060, 49, 17, 80, 7, 0, 0.06%, 9, 0, 9, 340.12
1734136065, 49, 18, 80, 7, 0, 0.06%, 9, 0, 9, 325.00
1734136070, 49, 26, 80, 7, 0, 0.06%, 9, 0, 9, 336.22
1734136075, 49, 28, 80, 7, 0, 0.06%, 9, 0, 9, 324.22
1734136080, 49, 57, 80, 7, 0, 0.06%, 9, 0, 9, 335.60
1734136085, 49, 68, 80, 7, 0, 0.06%, 9, 0, 9, 347.49
1734136091, 49, 69, 80, 7, 0, 0.06%, 9, 0, 9, 344.48
1734136096, 50, 13, 80, 7, 0, 0.06%, 9, 0, 9, 337.61
1734136101, 50, 17, 80, 7, 0, 0.06%, 9, 0, 9, 329.87
1734136106, 50, 18, 80, 7, 0, 0.06%, 9, 0, 9, 338.55
1734136111, 50, 26, 80, 7, 0, 0.06%, 9, 0, 9, 353.20
1734136116, 50, 28, 80, 7, 0, 0.06%, 9, 0, 9, 333.34
1734136121, 50, 57, 80, 7, 0, 0.06%, 9, 0, 9, 344.31
1734136126, 50, 68, 80, 7, 0, 0.06%, 9, 0, 9, 324.13
1734136131, 50, 69, 80, 7, 0, 0.06%, 9, 0, 9, 343.18
1734136136, 51, 13, 80, 7, 0, 0.06%, 9, 0, 9, 336.15
1734136141, 51, 17, 80, 7, 0, 0.06%, 9, 0, 9, 323.36
1734136147, 51, 18, 80, 7, 0, 0.06%, 9, 0, 9, 320.70
1734136152, 51, 26, 80, 7, 0, 0.06%, 9, 0, 9, 338.03
1734136157, 51, 28, 80, 7, 0, 0.06%, 9, 0, 9, 329.68
1734136162, 51, 57, 80, 7, 0, 0.06%, 9, 0, 9, 335.80
1734136167, 51, 68, 80, 7, 0, 0.06%, 9, 0, 9, 347.10
1734136172, 51, 69, 80, 7, 0, 0.06%, 9, 0, 9, 339.01
1734136177, 52, 13, 80, 7, 0, 0.06%, 9, 0, 9, 318.31
1734136182, 52, 17, 80, 7, 0, 0.06%, 9, 0, 9, 320.92
1734136187, 52, 18, 80, 7, 0, 0.06%, 9, 0, 9, 339.96
1734136192, 52, 26, 80, 7, 0, 0.06%, 9, 0, 9, 337.50
1734136197, 52, 28, 80, 7, 0, 0.06%, 9, 0, 9, 348.82
1734136202, 52, 57, 80, 7, 0, 0.06%, 9, 0, 9, 347.59
1734136207, 52, 68, 80, 7, 0, 0.06%, 9, 0, 9, 322.31
1734136212, 52, 69, 80, 7, 0, 0.06%, 9, 0, 9, 327.14
1734136217, 53, 13, 80, 7, 0, 0.06%, 9, 0, 9, 316.27
1734136222, 53, 17, 80, 7, 0, 0.06%, 9, 0, 9, 338.10
1734136227, 53, 26, 80, 7, 0, 0.06%, 9, 0, 9, 347.84
1734136238, 53, 57, 80, 7, 0, 0.06%, 9, 0, 9, 333.28
1734136243, 53, 68, 80, 7, 0, 0.06%, 9, 0, 9, 333.98
1734136253, 53, 69, 80, 7, 0, 0.06%, 9, 0, 9, 340.89
1734136258, 54, 13, 80, 7, 0, 0.06%, 9, 0, 9, 326.49
1734136263, 54, 18, 80, 7, 0, 0.06%, 9, 0, 9, 352.46
1734136268, 54, 26, 80, 7, 0, 0.06%, 9, 0, 9, 320.13
1734136278, 54, 57, 80, 7, 0, 0.06%, 9, 0, 9, 329.17
1734136283, 54, 68, 80, 7, 0, 0.06%, 9, 0, 9, 362.34
1734136288, 54, 69, 80, 7, 0, 0.06%, 9, 0, 9, 358.77
1734136299, 54, 70, 80, 7, 0, 0.06%, 9, 0, 9, 282.31
1734136319, 54, 71, 80, 7, 0, 0.06%, 9, 0, 9, 350.59
1734136339, 54, 72, 80, 7, 0, 0.06%, 9, 0, 9, 381.65
1734136451, 54, 73, 80, 6, 0, 0.06%, 9, 0, 9, 398.12
1734136476, 54, 74, 80, 6, 0, 0.06%, 9, 0, 9, 370.35
1734136507, 54, 75, 80, 6, 0, 0.06%, 9, 0, 9, 386.07
1734136634, 54, 76, 80, 5, 0, 0.06%, 9, 0, 9, 295.54
1734136767, 54, 77, 80, 4, 0, 0.06%, 9, 0, 9, 418.71
1734136803, 54, 78, 80, 4, 0, 0.06%, 9, 0, 9, 443.02
1734136828, 54, 79, 80, 4, 0, 0.06%, 9, 0, 9, 389.03
1734136853, 55, 12, 80, 4, 0, 0.06%, 9, 0, 9, 325.97
1734136858, 55, 13, 80, 4, 0, 0.06%, 9, 0, 9, 344.75
1734136863, 55, 14, 80, 4, 0, 0.06%, 9, 0, 9, 297.66
1734136884, 55, 15, 80, 4, 0, 0.06%, 9, 0, 9, 285.70
1734136894, 55, 16, 80, 4, 0, 0.06%, 9, 0, 9, 288.08
1734136904, 55, 17, 80, 4, 0, 0.06%, 9, 0, 9, 323.91
1734136909, 55, 19, 80, 4, 0, 0.06%, 9, 0, 9, 338.48
1734136920, 55, 20, 80, 4, 0, 0.06%, 9, 0, 9, 397.97
1734136930, 55, 21, 80, 4, 0, 0.06%, 9, 0, 9, 310.59
1734136940, 55, 22, 80, 4, 0, 0.06%, 9, 0, 9, 344.59
1734136945, 55, 23, 80, 4, 0, 0.06%, 9, 0, 9, 327.15
1734136955, 55, 25, 80, 4, 0, 0.06%, 9, 0, 9, 336.84
1734136961, 55, 26, 80, 4, 0, 0.06%, 9, 0, 9, 294.26
1734136966, 55, 28, 80, 4, 0, 0.06%, 9, 0, 9, 331.51
1734136971, 55, 29, 80, 4, 0, 0.06%, 9, 0, 9, 351.61
1734136981, 55, 30, 80, 4, 0, 0.06%, 9, 0, 9, 364.85
1734136996, 55, 31, 80, 4, 0, 0.06%, 9, 0, 9, 312.38
1734137007, 55, 32, 80, 4, 0, 0.06%, 9, 0, 9, 386.52
1734137017, 55, 33, 80, 4, 0, 0.06%, 9, 0, 9, 322.55
1734137032, 55, 34, 80, 4, 0, 0.06%, 9, 0, 9, 438.44
1734137043, 55, 35, 80, 4, 0, 0.06%, 9, 0, 9, 338.41
1734137048, 55, 36, 80, 4, 0, 0.06%, 9, 0, 9, 299.46
1734137058, 55, 37, 80, 4, 0, 0.06%, 9, 0, 9, 347.12
1734137068, 55, 38, 80, 4, 0, 0.06%, 9, 0, 9, 393.73
1734137078, 55, 39, 80, 4, 0, 0.06%, 9, 0, 9, 281.92
1734137098, 55, 40, 80, 4, 0, 0.06%, 9, 0, 9, 398.14
1734137114, 55, 41, 80, 4, 0, 0.06%, 9, 0, 9, 404.61
1734137129, 55, 42, 80, 4, 0, 0.06%, 9, 0, 9, 349.71
1734137154, 55, 43, 80, 4, 0, 0.06%, 9, 0, 9, 285.28
1734137200, 55, 44, 80, 3, 0, 0.06%, 9, 0, 9, 393.47
1734137215, 55, 45, 80, 3, 0, 0.06%, 9, 0, 9, 359.35
1734137230, 55, 46, 80, 3, 0, 0.06%, 9, 0, 9, 301.29
1734137251, 55, 47, 80, 3, 0, 0.06%, 9, 0, 9, 373.25
1734137266, 55, 48, 80, 3, 0, 0.06%, 9, 0, 9, 368.22
1734137286, 55, 49, 80, 3, 0, 0.06%, 9, 0, 9, 459.10
1734137302, 55, 50, 80, 3, 0, 0.06%, 9, 0, 9, 403.52
1734137317, 55, 51, 80, 3, 0, 0.06%, 9, 0, 9, 361.39
1734137337, 55, 52, 80, 3, 0, 0.06%, 9, 0, 9, 348.99
1734137368, 55, 53, 80, 3, 0, 0.06%, 9, 0, 9, 434.88
1734137383, 55, 54, 80, 3, 0, 0.06%, 9, 0, 9, 342.55
1734137404, 55, 55, 80, 3, 0, 0.06%, 9, 0, 9, 359.13
1734137429, 55, 56, 80, 3, 0, 0.06%, 9, 0, 9, 340.04
1734137434, 55, 57, 80, 3, 0, 0.06%, 9, 0, 9, 346.53
1734137439, 55, 58, 80, 3, 0, 0.06%, 9, 0, 9, 356.71
1734137444, 55, 59, 80, 3, 0, 0.06%, 9, 0, 9, 390.27
1734137449, 55, 60, 80, 3, 0, 0.06%, 9, 0, 9, 351.31
1734137459, 55, 61, 80, 3, 0, 0.06%, 9, 0, 9, 384.28
1734137464, 55, 62, 80, 3, 0, 0.06%, 9, 0, 9, 306.63
1734137475, 55, 63, 80, 3, 0, 0.06%, 9, 0, 9, 375.70
1734137480, 55, 64, 80, 3, 0, 0.06%, 9, 0, 9, 349.68
1734137490, 55, 65, 80, 3, 0, 0.06%, 9, 0, 9, 295.10
1734137500, 55, 66, 80, 3, 0, 0.06%, 9, 0, 9, 399.06
1734137505, 55, 67, 80, 3, 0, 0.06%, 9, 0, 9, 421.18
1734137715, 55, 68, 80, 3, 0, 0.06%, 9, 0, 9, 423.33
1734137791, 55, 69, 80, 3, 0, 0.06%, 9, 0, 9, 412.24
1734137868, 55, 70, 80, 3, 0, 0.06%, 9, 0, 9, 294.83
1734137883, 55, 71, 80, 3, 0, 0.06%, 9, 0, 9, 377.46
1734137898, 55, 72, 80, 3, 0, 0.06%, 9, 0, 9, 297.74
1734137919, 55, 73, 80, 3, 0, 0.06%, 9, 0, 9, 364.51
1734137939, 55, 74, 80, 3, 0, 0.06%, 9, 0, 9, 316.08
1734137965, 55, 75, 80, 3, 0, 0.06%, 9, 0, 9, 310.01
1734137995, 55, 76, 80, 3, 0, 0.06%, 9, 0, 9, 364.28
1734138021, 55, 77, 80, 3, 0, 0.06%, 9, 0, 9, 346.36
1734138041, 55, 78, 80, 3, 0, 0.06%, 9, 0, 9, 374.50
1734138056, 55, 79, 80, 3, 0, 0.06%, 9, 0, 9, 424.26
1734138067, 56, 10, 80, 3, 0, 0.06%, 9, 0, 9, 342.67
1734138072, 56, 12, 80, 3, 0, 0.06%, 9, 0, 9, 346.17
1734138077, 56, 14, 80, 3, 0, 0.06%, 9, 0, 9, 300.38
1734138087, 56, 15, 80, 3, 0, 0.06%, 9, 0, 9, 287.16
1734138097, 56, 16, 80, 3, 0, 0.06%, 9, 0, 9, 301.69
1734138107, 56, 17, 80, 3, 0, 0.06%, 9, 0, 9, 318.25
1734138113, 56, 19, 80, 3, 0, 0.06%, 9, 0, 9, 320.02
1734138123, 56, 20, 80, 3, 0, 0.06%, 9, 0, 9, 345.55
1734138133, 56, 21, 80, 3, 0, 0.06%, 9, 0, 9, 331.95
1734138143, 56, 22, 80, 3, 0, 0.06%, 9, 0, 9, 369.78
1734138153, 56, 23, 80, 3, 0, 0.06%, 9, 0, 9, 302.10
1734138158, 56, 25, 80, 3, 0, 0.06%, 9, 0, 9, 357.92
1734138163, 56, 26, 80, 3, 0, 0.06%, 9, 0, 9, 314.88
1734138168, 56, 28, 80, 3, 0, 0.06%, 9, 0, 9, 335.37
1734138173, 56, 29, 80, 3, 0, 0.06%, 9, 0, 9, 325.45
1734138183, 56, 30, 80, 3, 0, 0.06%, 9, 0, 9, 333.02
1734138193, 56, 31, 80, 3, 0, 0.06%, 9, 0, 9, 344.06
1734138198, 56, 32, 80, 3, 0, 0.06%, 9, 0, 9, 322.31
1734138203, 56, 33, 80, 3, 0, 0.06%, 9, 0, 9, 316.55
1734138213, 56, 34, 80, 3, 0, 0.06%, 9, 0, 9, 393.38
1734138224, 56, 35, 80, 3, 0, 0.06%, 9, 0, 9, 373.68
1734138234, 56, 36, 80, 3, 0, 0.06%, 9, 0, 9, 277.02
1734138244, 56, 37, 80, 3, 0, 0.06%, 9, 0, 9, 374.09
1734138249, 56, 38, 80, 3, 0, 0.06%, 9, 0, 9, 340.19
1734138259, 56, 39, 80, 3, 0, 0.06%, 9, 0, 9, 289.80
1734138280, 56, 40, 80, 3, 0, 0.06%, 9, 0, 9, 371.99
1734138300, 56, 41, 80, 3, 0, 0.06%, 9, 0, 9, 354.73
1734138315, 56, 42, 80, 3, 0, 0.06%, 9, 0, 9, 305.85
1734138341, 56, 43, 80, 3, 0, 0.06%, 9, 0, 9, 289.59
1734138361, 56, 44, 80, 3, 0, 0.06%, 9, 0, 9, 341.64
1734138366, 56, 45, 80, 3, 0, 0.06%, 9, 0, 9, 335.76
1734138371, 56, 47, 80, 3, 0, 0.06%, 9, 0, 9, 324.10
1734138376, 56, 48, 80, 3, 0, 0.06%, 9, 0, 9, 314.50
1734138381, 56, 49, 80, 3, 0, 0.06%, 9, 0, 9, 362.75
1734138386, 56, 50, 80, 3, 0, 0.06%, 9, 0, 9, 366.39
1734138392, 56, 51, 80, 3, 0, 0.06%, 9, 0, 9, 336.90
1734138402, 56, 52, 80, 3, 0, 0.06%, 9, 0, 9, 370.72
1734138417, 56, 53, 80, 3, 0, 0.06%, 9, 0, 9, 347.64
1734138422, 56, 54, 80, 3, 0, 0.06%, 9, 0, 9, 382.50
1734138427, 56, 55, 80, 3, 0, 0.06%, 9, 0, 9, 383.41
1734138437, 56, 56, 80, 3, 0, 0.06%, 9, 0, 9, 373.88
1734138442, 56, 57, 80, 3, 0, 0.06%, 9, 0, 9, 368.84
1734138447, 56, 58, 80, 3, 0, 0.06%, 9, 0, 9, 337.40
1734138452, 56, 59, 80, 3, 0, 0.06%, 9, 0, 9, 319.12
1734138463, 56, 60, 80, 3, 0, 0.06%, 9, 0, 9, 364.94
1734138468, 56, 61, 80, 3, 0, 0.06%, 9, 0, 9, 378.27
1734138478, 56, 62, 80, 3, 0, 0.06%, 9, 0, 9, 368.44
1734138483, 56, 63, 80, 3, 0, 0.06%, 9, 0, 9, 346.58
1734138493, 56, 64, 80, 3, 0, 0.06%, 9, 0, 9, 380.70
1734138498, 56, 65, 80, 3, 0, 0.06%, 9, 0, 9, 337.86
1734138508, 56, 66, 80, 3, 0, 0.06%, 9, 0, 9, 372.01
1734138518, 56, 67, 80, 3, 0, 0.06%, 9, 0, 9, 301.72
1734138544, 56, 68, 80, 3, 0, 0.06%, 9, 0, 9, 335.77
1734138549, 56, 69, 80, 3, 0, 0.06%, 9, 0, 9, 365.04
1734138554, 56, 70, 80, 3, 0, 0.06%, 9, 0, 9, 345.36
1734138564, 56, 71, 80, 3, 0, 0.06%, 9, 0, 9, 322.82
1734138574, 56, 72, 80, 3, 0, 0.06%, 9, 0, 9, 308.66
1734138595, 56, 73, 80, 3, 0, 0.06%, 9, 0, 9, 372.25
1734138610, 56, 74, 80, 3, 0, 0.06%, 9, 0, 9, 355.99
1734138630, 56, 75, 80, 3, 0, 0.06%, 9, 0, 9, 409.18
1734138656, 56, 76, 80, 3, 0, 0.06%, 9, 0, 9, 421.07
1734138681, 56, 77, 80, 3, 0, 0.06%, 9, 0, 9, 335.19
1734138696, 56, 78, 80, 3, 0, 0.06%, 9, 0, 9, 396.47
1734138702, 56, 79, 80, 3, 0, 0.06%, 9, 0, 9, 321.56
1734138712, 57, 13, 80, 3, 0, 0.06%, 9, 0, 9, 322.72
1734138717, 57, 15, 80, 3, 0, 0.06%, 9, 0, 9, 301.02
1734138727, 57, 16, 80, 3, 0, 0.06%, 9, 0, 9, 300.06
1734138737, 57, 17, 80, 3, 0, 0.06%, 9, 0, 9, 313.36
1734138742, 57, 23, 80, 3, 0, 0.06%, 9, 0, 9, 297.09
1734138747, 57, 26, 80, 3, 0, 0.06%, 9, 0, 9, 345.62
1734138757, 57, 29, 80, 3, 0, 0.06%, 9, 0, 9, 319.89
1734138762, 57, 31, 80, 3, 0, 0.06%, 9, 0, 9, 349.71
1734138768, 57, 32, 80, 3, 0, 0.06%, 9, 0, 9, 360.65
1734138773, 57, 33, 80, 3, 0, 0.06%, 9, 0, 9, 377.41
1734138788, 57, 34, 80, 3, 0, 0.06%, 9, 0, 9, 360.45
1734138793, 57, 35, 80, 3, 0, 0.06%, 9, 0, 9, 339.94
1734138798, 57, 36, 80, 3, 0, 0.06%, 9, 0, 9, 286.59
1734138809, 57, 37, 80, 3, 0, 0.06%, 9, 0, 9, 273.89
1734138819, 57, 38, 80, 3, 0, 0.06%, 9, 0, 9, 365.02
1734138824, 57, 39, 80, 3, 0, 0.06%, 9, 0, 9, 281.34
1734138829, 57, 40, 80, 3, 0, 0.06%, 9, 0, 9, 320.43
1734138834, 57, 41, 80, 3, 0, 0.06%, 9, 0, 9, 345.97
1734138839, 57, 42, 80, 3, 0, 0.06%, 9, 0, 9, 348.54
1734138844, 57, 43, 80, 3, 0, 0.06%, 9, 0, 9, 294.09
1734138869, 57, 45, 80, 3, 0, 0.06%, 9, 0, 9, 317.84
1734138874, 57, 46, 80, 3, 0, 0.06%, 9, 0, 9, 303.44
1734138880, 57, 47, 80, 3, 0, 0.06%, 9, 0, 9, 311.03
1734138885, 57, 48, 80, 3, 0, 0.06%, 9, 0, 9, 330.65
1734138890, 57, 49, 80, 3, 0, 0.06%, 9, 0, 9, 370.32
1734138895, 57, 50, 80, 3, 0, 0.06%, 9, 0, 9, 354.07
1734138900, 57, 51, 80, 3, 0, 0.06%, 9, 0, 9, 299.76
1734138910, 57, 52, 80, 3, 0, 0.06%, 9, 0, 9, 313.78
1734138921, 57, 53, 80, 3, 0, 0.06%, 9, 0, 9, 404.20
1734138926, 57, 54, 80, 3, 0, 0.06%, 9, 0, 9, 364.77
1734138936, 57, 55, 80, 3, 0, 0.06%, 9, 0, 9, 287.96
1734138946, 57, 56, 80, 3, 0, 0.06%, 9, 0, 9, 345.98
1734138951, 57, 57, 80, 3, 0, 0.06%, 9, 0, 9, 351.22
1734138956, 57, 58, 80, 3, 0, 0.06%, 9, 0, 9, 345.83
1734138961, 57, 59, 80, 3, 0, 0.06%, 9, 0, 9, 373.91
1734138966, 57, 60, 80, 3, 0, 0.06%, 9, 0, 9, 308.87
1734138976, 57, 61, 80, 3, 0, 0.06%, 9, 0, 9, 369.52
1734138982, 57, 62, 80, 3, 0, 0.06%, 9, 0, 9, 385.05
1734138992, 57, 63, 80, 3, 0, 0.06%, 9, 0, 9, 383.16
1734138997, 57, 64, 80, 3, 0, 0.06%, 9, 0, 9, 342.51
1734139007, 57, 65, 80, 3, 0, 0.06%, 9, 0, 9, 391.74
1734139012, 57, 66, 80, 3, 0, 0.06%, 9, 0, 9, 358.82
1734139022, 57, 67, 80, 3, 0, 0.06%, 9, 0, 9, 405.39
1734139043, 57, 68, 80, 3, 0, 0.06%, 9, 0, 9, 336.21
1734139048, 57, 69, 80, 3, 0, 0.06%, 9, 0, 9, 341.41
1734139053, 57, 70, 80, 3, 0, 0.06%, 9, 0, 9, 349.07
1734139063, 57, 71, 80, 3, 0, 0.06%, 9, 0, 9, 349.08
1734139068, 57, 72, 80, 3, 0, 0.06%, 9, 0, 9, 342.47
1734139078, 57, 73, 80, 3, 0, 0.06%, 9, 0, 9, 314.11
1734139094, 57, 74, 80, 3, 0, 0.06%, 9, 0, 9, 366.76
1734139109, 57, 75, 80, 3, 0, 0.06%, 9, 0, 9, 334.99
1734139124, 57, 76, 80, 3, 0, 0.06%, 9, 0, 9, 384.81
1734139139, 57, 77, 80, 3, 0, 0.06%, 9, 0, 9, 313.63
1734139155, 57, 78, 80, 3, 0, 0.06%, 9, 0, 9, 358.46
1734139160, 57, 79, 80, 3, 0, 0.06%, 9, 0, 9, 313.86
1734139170, 58, 13, 80, 3, 0, 0.06%, 9, 0, 9, 336.60
1734139175, 58, 15, 80, 3, 0, 0.06%, 9, 0, 9, 301.79
1734139180, 58, 16, 80, 3, 0, 0.06%, 9, 0, 9, 309.21
1734139185, 58, 17, 80, 3, 0, 0.06%, 9, 0, 9, 323.19
1734139190, 58, 23, 80, 3, 0, 0.06%, 9, 0, 9, 333.52
1734139195, 58, 26, 80, 3, 0, 0.06%, 9, 0, 9, 323.99
1734139205, 58, 29, 80, 3, 0, 0.06%, 9, 0, 9, 331.98
1734139210, 58, 31, 80, 3, 0, 0.06%, 9, 0, 9, 331.97
1734139215, 58, 32, 80, 3, 0, 0.06%, 9, 0, 9, 366.12
1734139220, 58, 33, 80, 3, 0, 0.06%, 9, 0, 9, 417.33
1734139236, 58, 35, 80, 3, 0, 0.06%, 9, 0, 9, 375.59
1734139241, 58, 36, 80, 3, 0, 0.06%, 9, 0, 9, 298.61
1734139246, 58, 37, 80, 3, 0, 0.06%, 9, 0, 9, 325.89
1734139251, 58, 38, 80, 3, 0, 0.06%, 9, 0, 9, 365.01
1734139256, 58, 39, 80, 3, 0, 0.06%, 9, 0, 9, 301.22
1734139261, 58, 40, 80, 3, 0, 0.06%, 9, 0, 9, 347.03
1734139266, 58, 41, 80, 3, 0, 0.06%, 9, 0, 9, 336.57
1734139271, 58, 42, 80, 3, 0, 0.06%, 9, 0, 9, 293.83
1734139281, 58, 43, 80, 3, 0, 0.06%, 9, 0, 9, 299.67
1734139287, 58, 45, 80, 3, 0, 0.06%, 9, 0, 9, 322.47
1734139292, 58, 46, 80, 3, 0, 0.06%, 9, 0, 9, 301.15
1734139297, 58, 47, 80, 3, 0, 0.06%, 9, 0, 9, 313.68
1734139302, 58, 48, 80, 3, 0, 0.06%, 9, 0, 9, 327.77
1734139307, 58, 49, 80, 3, 0, 0.06%, 9, 0, 9, 329.64
1734139312, 58, 50, 80, 3, 0, 0.06%, 9, 0, 9, 360.75
1734139317, 58, 51, 80, 3, 0, 0.06%, 9, 0, 9, 326.77
1734139327, 58, 52, 80, 3, 0, 0.06%, 9, 0, 9, 360.34
1734139342, 58, 53, 80, 3, 0, 0.06%, 9, 0, 9, 350.98
1734139347, 58, 54, 80, 3, 0, 0.06%, 9, 0, 9, 390.14
1734139352, 58, 55, 80, 3, 0, 0.06%, 9, 0, 9, 351.06
1734139363, 58, 56, 80, 3, 0, 0.06%, 9, 0, 9, 380.21
1734139368, 58, 57, 80, 3, 0, 0.06%, 9, 0, 9, 349.86
1734139373, 58, 58, 80, 3, 0, 0.06%, 9, 0, 9, 354.82
1734139378, 58, 59, 80, 3, 0, 0.06%, 9, 0, 9, 389.43
1734139388, 58, 60, 80, 3, 0, 0.06%, 9, 0, 9, 343.98
1734139393, 58, 61, 80, 3, 0, 0.06%, 9, 0, 9, 399.87
1734139398, 58, 62, 80, 3, 0, 0.06%, 9, 0, 9, 340.05
1734139408, 58, 63, 80, 3, 0, 0.06%, 9, 0, 9, 359.10
1734139418, 58, 64, 80, 3, 0, 0.06%, 9, 0, 9, 372.54
1734139423, 58, 65, 80, 3, 0, 0.06%, 9, 0, 9, 313.00
1734139434, 58, 66, 80, 3, 0, 0.06%, 9, 0, 9, 392.39
1734139444, 58, 67, 80, 3, 0, 0.06%, 9, 0, 9, 287.84
1734139454, 58, 68, 80, 3, 0, 0.06%, 9, 0, 9, 351.86
1734139464, 58, 69, 80, 3, 0, 0.06%, 9, 0, 9, 327.28
1734139469, 58, 70, 80, 3, 0, 0.06%, 9, 0, 9, 307.88
1734139479, 58, 71, 80, 3, 0, 0.06%, 9, 0, 9, 340.37
1734139484, 58, 72, 80, 3, 0, 0.06%, 9, 0, 9, 359.50
1734139490, 58, 73, 80, 3, 0, 0.06%, 9, 0, 9, 415.65
1734139505, 58, 74, 80, 3, 0, 0.06%, 9, 0, 9, 439.98
1734139520, 58, 75, 80, 3, 0, 0.06%, 9, 0, 9, 361.29
1734139525, 58, 76, 80, 3, 0, 0.06%, 9, 0, 9, 352.73
1734139535, 58, 77, 80, 3, 0, 0.06%, 9, 0, 9, 361.50
1734139551, 58, 78, 80, 3, 0, 0.06%, 9, 0, 9, 392.78
1734139556, 58, 79, 80, 3, 0, 0.06%, 9, 0, 9, 352.31
1734139566, 59, 10, 80, 3, 0, 0.06%, 9, 0, 9, 336.42
1734139571, 59, 15, 80, 3, 0, 0.06%, 9, 0, 9, 314.88
1734139576, 59, 16, 80, 3, 0, 0.06%, 9, 0, 9, 292.91
1734139581, 59, 17, 80, 3, 0, 0.06%, 9, 0, 9, 324.59
1734139586, 59, 18, 80, 3, 0, 0.06%, 9, 0, 9, 336.85
1734139591, 59, 23, 80, 3, 0, 0.06%, 9, 0, 9, 288.14
1734139596, 59, 26, 80, 3, 0, 0.06%, 9, 0, 9, 322.93
1734139601, 59, 28, 80, 3, 0, 0.06%, 9, 0, 9, 327.44
1734139606, 59, 29, 80, 3, 0, 0.06%, 9, 0, 9, 324.81
1734139611, 59, 31, 80, 3, 0, 0.06%, 9, 0, 9, 334.96
1734139616, 59, 33, 80, 3, 0, 0.06%, 9, 0, 9, 387.41
1734139631, 59, 34, 80, 3, 0, 0.06%, 9, 0, 9, 362.53
1734139637, 59, 36, 80, 3, 0, 0.06%, 9, 0, 9, 308.18
1734139642, 59, 37, 80, 3, 0, 0.06%, 9, 0, 9, 330.01
1734139647, 59, 39, 80, 3, 0, 0.06%, 9, 0, 9, 337.14
1734139652, 59, 40, 80, 3, 0, 0.06%, 9, 0, 9, 303.81
1734139657, 59, 41, 80, 3, 0, 0.06%, 9, 0, 9, 325.99
1734139662, 59, 42, 80, 3, 0, 0.06%, 9, 0, 9, 352.99
1734139672, 59, 43, 80, 3, 0, 0.06%, 9, 0, 9, 305.35
1734139677, 59, 44, 80, 3, 0, 0.06%, 9, 0, 9, 330.24
1734139682, 59, 45, 80, 3, 0, 0.06%, 9, 0, 9, 321.65
1734139687, 59, 46, 80, 3, 0, 0.06%, 9, 0, 9, 303.65
1734139692, 59, 47, 80, 3, 0, 0.06%, 9, 0, 9, 306.76
1734139697, 59, 48, 80, 3, 0, 0.06%, 9, 0, 9, 321.38
1734139702, 59, 49, 80, 3, 0, 0.06%, 9, 0, 9, 335.33
1734139708, 59, 54, 80, 3, 0, 0.06%, 9, 0, 9, 391.40
1734139718, 59, 56, 80, 3, 0, 0.06%, 9, 0, 9, 362.98
1734139723, 59, 57, 80, 3, 0, 0.06%, 9, 0, 9, 376.53
1734139728, 59, 58, 80, 3, 0, 0.06%, 9, 0, 9, 372.50
1734139733, 59, 59, 80, 3, 0, 0.06%, 9, 0, 9, 407.03
1734139738, 59, 60, 80, 3, 0, 0.06%, 9, 0, 9, 332.17
1734139748, 59, 61, 80, 3, 0, 0.06%, 9, 0, 9, 382.90
1734139753, 59, 62, 80, 3, 0, 0.06%, 9, 0, 9, 344.99
1734139763, 59, 63, 80, 3, 0, 0.06%, 9, 0, 9, 377.88
1734139769, 59, 64, 80, 3, 0, 0.06%, 9, 0, 9, 327.40
1734139779, 59, 65, 80, 3, 0, 0.06%, 9, 0, 9, 338.30
1734139789, 59, 66, 80, 3, 0, 0.06%, 9, 0, 9, 405.67
1734139794, 59, 67, 80, 3, 0, 0.06%, 9, 0, 9, 386.20
1734139809, 59, 68, 80, 3, 0, 0.06%, 9, 0, 9, 347.86
1734139814, 59, 69, 80, 3, 0, 0.06%, 9, 0, 9, 326.53
1734139819, 59, 70, 80, 3, 0, 0.06%, 9, 0, 9, 397.29
1734139835, 59, 71, 80, 3, 0, 0.06%, 9, 0, 9, 351.49
1734139840, 59, 72, 80, 3, 0, 0.06%, 9, 0, 9, 330.66
1734139845, 59, 73, 80, 3, 0, 0.06%, 9, 0, 9, 359.72
1734139860, 59, 74, 80, 3, 0, 0.06%, 9, 0, 9, 355.51
1734139875, 59, 77, 80, 3, 0, 0.06%, 9, 0, 9, 302.31
1734139885, 59, 78, 80, 3, 0, 0.06%, 9, 0, 9, 352.22
1734139895, 59, 79, 80, 3, 0, 0.06%, 9, 0, 9, 354.53
1734139905, 60, 13, 80, 3, 0, 0.06%, 9, 0, 9, 324.85
1734139910, 60, 16, 80, 3, 0, 0.06%, 9, 0, 9, 316.75
1734139916, 60, 17, 80, 3, 0, 0.06%, 9, 0, 9, 351.95
1734139921, 60, 18, 80, 3, 0, 0.06%, 9, 0, 9, 348.06
1734139926, 60, 23, 80, 3, 0, 0.06%, 9, 0, 9, 293.80
1734139931, 60, 26, 80, 3, 0, 0.06%, 9, 0, 9, 348.97
1734139936, 60, 28, 80, 3, 0, 0.06%, 9, 0, 9, 355.64
1734139941, 60, 29, 80, 3, 0, 0.06%, 9, 0, 9, 341.17
1734139946, 60, 31, 80, 3, 0, 0.06%, 9, 0, 9, 325.72
1734139951, 60, 32, 80, 3, 0, 0.06%, 9, 0, 9, 355.47
1734139956, 60, 33, 80, 3, 0, 0.06%, 9, 0, 9, 289.90
1734139966, 60, 34, 80, 3, 0, 0.06%, 9, 0, 9, 368.23
1734139972, 60, 36, 80, 3, 0, 0.06%, 9, 0, 9, 304.85
1734139977, 60, 37, 80, 3, 0, 0.06%, 9, 0, 9, 336.78
1734139982, 60, 38, 80, 3, 0, 0.06%, 9, 0, 9, 353.80
1734139987, 60, 39, 80, 3, 0, 0.06%, 9, 0, 9, 300.48
1734139992, 60, 40, 80, 3, 0, 0.06%, 9, 0, 9, 325.37
1734139997, 60, 41, 80, 3, 0, 0.06%, 9, 0, 9, 332.49
1734140002, 60, 42, 80, 3, 0, 0.06%, 9, 0, 9, 352.09
1734140007, 60, 43, 80, 3, 0, 0.06%, 9, 0, 9, 309.81
1734140012, 60, 44, 80, 3, 0, 0.06%, 9, 0, 9, 352.17
1734140017, 60, 45, 80, 3, 0, 0.06%, 9, 0, 9, 324.03
1734140022, 60, 46, 80, 3, 0, 0.06%, 9, 0, 9, 302.57
1734140027, 60, 47, 80, 3, 0, 0.06%, 9, 0, 9, 312.24
1734140032, 60, 48, 80, 3, 0, 0.06%, 9, 0, 9, 330.26
1734140037, 60, 53, 80, 3, 0, 0.06%, 9, 0, 9, 369.64
1734140042, 60, 54, 80, 3, 0, 0.06%, 9, 0, 9, 363.63
1734140052, 60, 56, 80, 3, 0, 0.06%, 9, 0, 9, 378.33
1734140057, 60, 57, 80, 3, 0, 0.06%, 9, 0, 9, 365.93
1734140063, 60, 58, 80, 3, 0, 0.06%, 9, 0, 9, 351.55
1734140068, 60, 59, 80, 3, 0, 0.06%, 9, 0, 9, 398.48
1734140073, 60, 60, 80, 3, 0, 0.06%, 9, 0, 9, 328.31
1734140083, 60, 61, 80, 3, 0, 0.06%, 9, 0, 9, 384.84
1734140088, 60, 62, 80, 3, 0, 0.06%, 9, 0, 9, 393.79
1734140098, 60, 63, 80, 3, 0, 0.06%, 9, 0, 9, 368.65
1734140103, 60, 64, 80, 3, 0, 0.06%, 9, 0, 9, 326.57
1734140113, 60, 65, 80, 3, 0, 0.06%, 9, 0, 9, 391.03
1734140118, 60, 66, 80, 3, 0, 0.06%, 9, 0, 9, 327.91
1734140128, 60, 67, 80, 3, 0, 0.06%, 9, 0, 9, 436.78
1734140144, 60, 68, 80, 3, 0, 0.06%, 9, 0, 9, 365.42
1734140149, 60, 69, 80, 3, 0, 0.06%, 9, 0, 9, 330.89
1734140154, 60, 70, 80, 3, 0, 0.06%, 9, 0, 9, 384.37
1734140169, 60, 71, 80, 3, 0, 0.06%, 9, 0, 9, 350.13
1734140174, 60, 72, 80, 3, 0, 0.06%, 9, 0, 9, 348.84
1734140179, 60, 73, 80, 3, 0, 0.06%, 9, 0, 9, 353.25
1734140194, 60, 74, 80, 3, 0, 0.06%, 9, 0, 9, 345.26
1734140210, 60, 77, 80, 3, 0, 0.06%, 9, 0, 9, 293.40
1734140225, 60, 78, 80, 3, 0, 0.06%, 9, 0, 9, 357.77
1734140230, 60, 79, 80, 3, 0, 0.06%, 9, 0, 9, 304.90
1734140240, 61, 13, 80, 3, 0, 0.06%, 9, 0, 9, 295.47
1734140245, 61, 15, 80, 3, 0, 0.06%, 9, 0, 9, 314.24
1734140250, 61, 16, 80, 3, 0, 0.06%, 9, 0, 9, 325.49
1734140255, 61, 18, 80, 3, 0, 0.06%, 9, 0, 9, 353.09
1734140260, 61, 23, 80, 3, 0, 0.06%, 9, 0, 9, 314.94
1734140266, 61, 26, 80, 3, 0, 0.06%, 9, 0, 9, 296.27
1734140271, 61, 28, 80, 3, 0, 0.06%, 9, 0, 9, 324.51
1734140276, 61, 29, 80, 3, 0, 0.06%, 9, 0, 9, 321.50
1734140281, 61, 31, 80, 3, 0, 0.06%, 9, 0, 9, 357.65
1734140286, 61, 32, 80, 3, 0, 0.06%, 9, 0, 9, 356.35
1734140291, 61, 33, 80, 3, 0, 0.06%, 9, 0, 9, 361.01
1734140306, 61, 36, 80, 3, 0, 0.06%, 9, 0, 9, 333.87
1734140311, 61, 37, 80, 3, 0, 0.06%, 9, 0, 9, 344.19
1734140316, 61, 38, 80, 3, 0, 0.06%, 9, 0, 9, 387.05
1734140321, 61, 39, 80, 3, 0, 0.06%, 9, 0, 9, 314.78
1734140326, 61, 40, 80, 3, 0, 0.06%, 9, 0, 9, 323.91
1734140331, 61, 41, 80, 3, 0, 0.06%, 9, 0, 9, 321.59
1734140336, 61, 42, 80, 3, 0, 0.06%, 9, 0, 9, 341.26
1734140341, 61, 43, 80, 3, 0, 0.06%, 9, 0, 9, 305.48
1734140346, 61, 44, 80, 3, 0, 0.06%, 9, 0, 9, 288.39
1734140352, 61, 45, 80, 3, 0, 0.06%, 9, 0, 9, 335.03
1734140357, 61, 46, 80, 3, 0, 0.06%, 9, 0, 9, 310.31
1734140362, 61, 47, 80, 3, 0, 0.06%, 9, 0, 9, 337.78
1734140367, 61, 48, 80, 3, 0, 0.06%, 9, 0, 9, 345.07
1734140372, 61, 49, 80, 3, 0, 0.06%, 9, 0, 9, 360.40
1734140377, 61, 53, 80, 3, 0, 0.06%, 9, 0, 9, 353.31
1734140382, 61, 54, 80, 3, 0, 0.06%, 9, 0, 9, 293.34
1734140387, 61, 56, 80, 3, 0, 0.06%, 9, 0, 9, 358.62
1734140392, 61, 57, 80, 3, 0, 0.06%, 9, 0, 9, 336.21
1734140397, 61, 58, 80, 3, 0, 0.06%, 9, 0, 9, 348.42
1734140402, 61, 59, 80, 3, 0, 0.06%, 9, 0, 9, 359.13
1734140412, 61, 60, 80, 3, 0, 0.06%, 9, 0, 9, 397.56
1734140418, 61, 61, 80, 3, 0, 0.06%, 9, 0, 9, 337.98
1734140428, 61, 62, 80, 3, 0, 0.06%, 9, 0, 9, 386.34
1734140433, 61, 63, 80, 3, 0, 0.06%, 9, 0, 9, 335.03
1734140443, 61, 64, 80, 3, 0, 0.06%, 9, 0, 9, 388.60
1734140453, 61, 65, 80, 3, 0, 0.06%, 9, 0, 9, 365.23
1734140458, 61, 66, 80, 3, 0, 0.06%, 9, 0, 9, 325.30
1734140468, 61, 67, 80, 3, 0, 0.06%, 9, 0, 9, 338.67
1734140484, 61, 68, 80, 3, 0, 0.06%, 9, 0, 9, 332.91
1734140489, 61, 69, 80, 3, 0, 0.06%, 9, 0, 9, 340.74
1734140494, 61, 70, 80, 3, 0, 0.06%, 9, 0, 9, 315.56
1734140504, 61, 71, 80, 3, 0, 0.06%, 9, 0, 9, 387.47
1734140509, 61, 72, 80, 3, 0, 0.06%, 9, 0, 9, 364.60
1734140514, 61, 73, 80, 3, 0, 0.06%, 9, 0, 9, 366.53
1734140529, 61, 74, 80, 3, 0, 0.06%, 9, 0, 9, 428.40
1734140544, 61, 77, 80, 3, 0, 0.06%, 9, 0, 9, 408.98
1734140559, 61, 78, 80, 3, 0, 0.06%, 9, 0, 9, 399.06
1734140565, 61, 79, 80, 3, 0, 0.06%, 9, 0, 9, 363.15
