# unix_time, cycles_done, cur_path, paths_total, pending_total, pending_favs, map_size, unique_crashes, unique_hangs, max_depth, execs_per_sec
1734488135, 0, 0, 10, 10, 1, 0.00%, 0, 0, 1, 173.54
1734488140, 0, 2, 10, 10, 1, 0.00%, 0, 0, 1, 202.51
1734488145, 0, 3, 10, 9, 0, 0.00%, 0, 0, 1, 208.59
1734488151, 0, 4, 10, 8, 0, 0.00%, 0, 0, 1, 206.70
1734488161, 0, 5, 10, 7, 0, 0.00%, 0, 0, 1, 212.81
1734488166, 0, 6, 10, 6, 0, 0.00%, 0, 0, 1, 202.48
1734488176, 0, 7, 10, 5, 0, 0.00%, 0, 0, 1, 211.16
1734488181, 0, 8, 10, 4, 0, 0.00%, 0, 0, 1, 196.13
1734488191, 0, 9, 10, 3, 0, 0.00%, 0, 0, 1, 210.69
1734488196, 1, 0, 10, 2, 0, 0.00%, 0, 0, 1, 192.25
1734488206, 1, 1, 10, 1, 0, 0.00%, 0, 0, 1, 212.09
1734488216, 1, 2, 10, 0, 0, 0.00%, 0, 0, 1, 212.35
1734488226, 1, 4, 10, 0, 0, 0.00%, 0, 0, 1, 214.86
1734488231, 1, 5, 10, 0, 0, 0.00%, 0, 0, 1, 208.10
1734488236, 1, 6, 10, 0, 0, 0.00%, 0, 0, 1, 211.79
1734488242, 1, 8, 10, 0, 0, 0.00%, 0, 0, 1, 211.50
1734488247, 1, 9, 10, 0, 0, 0.00%, 0, 0, 1, 209.50
1734488252, 2, 1, 10, 0, 0, 0.00%, 0, 0, 1, 210.50
1734488257, 2, 2, 10, 0, 0, 0.00%, 0, 0, 1, 210.89
1734488262, 2, 3, 10, 0, 0, 0.00%, 0, 0, 1, 205.51
1734488267, 2, 5, 10, 0, 0, 0.00%, 0, 0, 1, 206.55
1734488272, 2, 6, 11, 1, 0, 0.05%, 1, 0, 2, 209.34
1734488277, 2, 10, 11, 1, 1, 0.05%, 1, 0, 2, 240.13
1734488297, 2, 10, 12, 2, 1, 0.05%, 2, 0, 3, 272.00
1734488302, 2, 10, 13, 3, 1, 0.05%, 3, 0, 3, 270.99
1734488378, 2, 10, 14, 4, 1, 0.05%, 3, 0, 3, 212.53
1734488383, 2, 15, 18, 7, 3, 0.06%, 5, 0, 4, 230.64
1734488389, 2, 15, 24, 13, 3, 0.06%, 6, 0, 4, 261.79
1734488399, 2, 15, 25, 14, 3, 0.06%, 6, 0, 4, 269.65
1734488490, 2, 15, 26, 15, 3, 0.06%, 7, 0, 4, 275.32
1734488510, 2, 25, 26, 14, 5, 0.06%, 7, 0, 4, 408.78
1734488515, 2, 25, 27, 15, 5, 0.06%, 7, 0, 5, 459.85
1734488520, 2, 25, 28, 16, 5, 0.06%, 8, 0, 5, 475.50
1734488531, 2, 25, 29, 17, 5, 0.06%, 9, 0, 5, 475.22
1734488541, 2, 25, 30, 18, 5, 0.06%, 9, 0, 5, 482.50
1734488551, 2, 25, 31, 19, 5, 0.06%, 9, 0, 5, 483.86
1734488556, 2, 25, 32, 20, 5, 0.06%, 9, 0, 5, 477.15
1734488571, 2, 27, 33, 20, 5, 0.06%, 9, 0, 5, 277.10
1734488581, 2, 27, 35, 22, 5, 0.06%, 9, 0, 6, 501.65
1734488597, 2, 27, 36, 23, 5, 0.06%, 9, 0, 6, 486.81
1734488612, 2, 27, 38, 25, 5, 0.06%, 9, 0, 6, 485.74
1734488632, 2, 27, 39, 26, 5, 0.06%, 9, 0, 6, 338.65
1734488642, 2, 28, 39, 25, 4, 0.06%, 9, 0, 6, 385.38
1734488647, 2, 28, 41, 27, 4, 0.06%, 9, 0, 6, 468.73
1734488657, 2, 28, 42, 28, 4, 0.06%, 9, 0, 6, 478.03
1734488704, 2, 29, 42, 27, 3, 0.06%, 9, 0, 6, 390.19
1734488714, 2, 29, 43, 28, 3, 0.06%, 9, 0, 6, 470.78
1734488719, 2, 29, 44, 29, 3, 0.06%, 9, 0, 6, 475.80
1734488724, 2, 29, 45, 30, 3, 0.06%, 9, 0, 6, 475.93
1734488729, 2, 29, 46, 31, 3, 0.06%, 9, 0, 6, 472.25
1734488744, 2, 29, 47, 32, 3, 0.06%, 9, 0, 6, 475.28
1734488770, 2, 40, 50, 34, 3, 0.06%, 9, 0, 7, 421.00
1734488780, 2, 40, 51, 35, 3, 0.06%, 9, 0, 7, 429.97
1734488790, 2, 40, 52, 36, 3, 0.06%, 9, 0, 7, 452.98
1734488820, 2, 42, 52, 35, 3, 0.06%, 9, 0, 7, 421.44
1734488856, 2, 47, 52, 34, 3, 0.06%, 9, 0, 7, 413.91
1734488866, 2, 47, 53, 35, 3, 0.06%, 9, 0, 7, 481.65
1734488876, 2, 47, 54, 36, 3, 0.06%, 9, 0, 7, 482.32
1734488897, 2, 47, 55, 37, 3, 0.06%, 9, 0, 7, 471.73
1734488922, 2, 48, 55, 36, 3, 0.06%, 9, 0, 7, 320.41
1734488942, 2, 52, 55, 35, 3, 0.06%, 9, 0, 7, 293.41
1734488947, 2, 52, 61, 41, 3, 0.06%, 9, 0, 8, 390.67
1734489369, 3, 17, 61, 40, 3, 0.06%, 9, 0, 8, 302.99
1734489390, 3, 28, 61, 39, 2, 0.06%, 9, 0, 8, 383.41
1734489400, 3, 39, 61, 39, 2, 0.06%, 9, 0, 8, 422.80
1734489415, 3, 40, 61, 38, 2, 0.06%, 9, 0, 8, 428.54
1734489436, 3, 41, 61, 38, 2, 0.06%, 9, 0, 8, 344.67
1734489451, 3, 43, 61, 37, 2, 0.06%, 9, 0, 8, 328.42
1734489466, 3, 43, 62, 38, 2, 0.06%, 9, 0, 8, 529.70
1734489481, 3, 48, 62, 37, 2, 0.06%, 9, 0, 8, 379.34
1734489492, 3, 49, 62, 37, 2, 0.06%, 9, 0, 8, 410.16
1734489497, 3, 49, 63, 38, 2, 0.06%, 9, 0, 8, 448.33
1734489517, 3, 50, 63, 37, 2, 0.06%, 9, 0, 8, 374.56
1734489568, 3, 51, 63, 36, 2, 0.06%, 9, 0, 8, 299.52
1734489614, 3, 51, 65, 38, 2, 0.06%, 9, 0, 8, 531.72
1734489849, 3, 51, 66, 39, 2, 0.06%, 9, 0, 8, 330.74
1734489854, 3, 52, 66, 38, 2, 0.06%, 9, 0, 8, 351.02
1734489874, 3, 53, 66, 38, 2, 0.06%, 9, 0, 8, 355.22
1734489935, 3, 53, 68, 40, 2, 0.06%, 9, 0, 8, 484.93
1734490292, 3, 61, 68, 39, 2, 0.06%, 9, 0, 8, 383.33
1734490353, 3, 61, 71, 42, 2, 0.06%, 9, 0, 8, 485.23
1734490358, 3, 61, 72, 43, 2, 0.06%, 9, 0, 8, 487.03
1734490419, 3, 62, 72, 42, 2, 0.06%, 9, 0, 8, 460.06
1734490434, 3, 62, 73, 43, 2, 0.06%, 9, 0, 9, 381.18
1734490444, 3, 63, 73, 42, 2, 0.06%, 9, 0, 9, 377.02
1734490535, 3, 64, 73, 41, 2, 0.06%, 9, 0, 9, 299.99
1734490633, 3, 65, 73, 40, 2, 0.06%, 9, 0, 9, 329.62
1734490658, 3, 66, 73, 39, 2, 0.06%, 9, 0, 9, 321.75
1734490755, 3, 67, 73, 38, 2, 0.06%, 9, 0, 9, 379.62
1734490847, 3, 68, 74, 38, 2, 0.06%, 9, 0, 9, 314.73
1734490929, 3, 69, 74, 37, 2, 0.06%, 9, 0, 9, 381.17
1734491058, 3, 70, 74, 36, 2, 0.06%, 9, 0, 9, 347.64
1734491139, 3, 71, 74, 35, 2, 0.06%, 9, 0, 9, 392.12
1734491216, 3, 72, 74, 34, 2, 0.06%, 9, 0, 9, 376.60
1734491262, 3, 73, 74, 33, 2, 0.06%, 9, 0, 9, 370.16
1734491340, 4, 11, 74, 32, 2, 0.06%, 9, 0, 9, 344.34
1734491350, 4, 13, 74, 31, 2, 0.06%, 9, 0, 9, 276.57
1734491365, 4, 14, 74, 30, 2, 0.06%, 9, 0, 9, 282.01
1734491375, 4, 16, 74, 29, 2, 0.06%, 9, 0, 9, 272.80
1734491391, 4, 17, 74, 28, 2, 0.06%, 9, 0, 9, 298.18
1734491396, 4, 28, 74, 28, 2, 0.06%, 9, 0, 9, 317.07
1734491401, 4, 29, 74, 28, 2, 0.06%, 9, 0, 9, 310.58
1734491411, 4, 39, 74, 28, 2, 0.06%, 9, 0, 9, 354.22
1734491421, 4, 40, 74, 28, 2, 0.06%, 9, 0, 9, 327.06
1734491426, 4, 41, 74, 28, 2, 0.06%, 9, 0, 9, 280.69
1734491437, 4, 42, 74, 28, 2, 0.06%, 9, 0, 9, 327.04
1734491447, 4, 43, 74, 28, 2, 0.06%, 9, 0, 9, 350.09
1734491457, 4, 44, 74, 28, 2, 0.06%, 9, 0, 9, 439.07
1734491477, 4, 45, 74, 27, 2, 0.06%, 9, 0, 9, 334.22
1734491497, 4, 48, 74, 26, 2, 0.06%, 9, 0, 9, 318.25
1734491502, 4, 49, 74, 26, 2, 0.06%, 9, 0, 9, 385.24
1734491518, 4, 50, 74, 26, 2, 0.06%, 9, 0, 9, 444.10
1734491558, 4, 51, 74, 26, 2, 0.06%, 9, 0, 9, 321.44
1734491839, 4, 52, 74, 26, 2, 0.06%, 9, 0, 9, 337.25
1734492261, 4, 53, 74, 26, 2, 0.06%, 9, 0, 9, 255.86
1734492276, 4, 54, 74, 26, 2, 0.06%, 9, 0, 9, 426.19
1734492322, 4, 55, 74, 25, 2, 0.06%, 9, 0, 9, 338.19
1734492404, 4, 56, 74, 24, 2, 0.06%, 9, 0, 9, 377.60
1734492480, 4, 57, 74, 23, 2, 0.06%, 9, 0, 9, 338.70
1734492562, 4, 58, 74, 22, 2, 0.06%, 9, 0, 9, 363.27
1734492648, 4, 61, 74, 21, 2, 0.06%, 9, 0, 9, 361.52
1734492658, 4, 62, 74, 21, 2, 0.06%, 9, 0, 9, 301.48
1734492673, 4, 63, 74, 21, 2, 0.06%, 9, 0, 9, 364.06
1734492759, 4, 64, 74, 21, 2, 0.06%, 9, 0, 9, 421.91
1734492846, 4, 65, 74, 21, 2, 0.06%, 9, 0, 9, 462.62
1734492866, 4, 66, 74, 21, 2, 0.06%, 9, 0, 9, 406.74
1734492876, 4, 67, 74, 21, 2, 0.06%, 9, 0, 9, 344.45
1734492891, 4, 68, 74, 21, 2, 0.06%, 9, 0, 9, 336.33
1734492907, 4, 69, 74, 21, 2, 0.06%, 9, 0, 9, 355.20
1734492922, 4, 70, 74, 21, 2, 0.06%, 9, 0, 9, 411.71
1734492937, 4, 71, 74, 21, 2, 0.06%, 9, 0, 9, 433.94
1734492947, 4, 72, 74, 21, 2, 0.06%, 9, 0, 9, 308.76
1734493071, 4, 73, 74, 21, 2, 0.06%, 9, 0, 9, 299.91
1734493086, 5, 15, 74, 21, 2, 0.06%, 9, 0, 9, 303.71
1734493091, 5, 17, 74, 21, 2, 0.06%, 9, 0, 9, 300.89
1734493096, 5, 18, 74, 21, 2, 0.06%, 9, 0, 9, 302.46
1734493116, 5, 19, 74, 20, 2, 0.06%, 9, 0, 9, 323.10
1734493137, 5, 20, 74, 19, 2, 0.06%, 9, 0, 9, 275.53
1734493162, 5, 21, 74, 18, 2, 0.06%, 9, 0, 9, 407.69
1734493183, 5, 22, 74, 17, 2, 0.06%, 9, 0, 9, 284.73
1734493208, 5, 23, 74, 16, 2, 0.06%, 9, 0, 9, 444.50
1734493229, 5, 24, 74, 15, 2, 0.06%, 9, 0, 9, 295.16
1734493249, 5, 25, 74, 14, 1, 0.06%, 9, 0, 9, 298.46
1734493259, 5, 27, 74, 14, 1, 0.06%, 9, 0, 9, 310.35
1734493269, 5, 28, 74, 14, 1, 0.06%, 9, 0, 9, 306.98
1734493274, 5, 30, 74, 14, 1, 0.06%, 9, 0, 9, 301.92
1734493294, 5, 31, 74, 13, 0, 0.06%, 9, 0, 9, 317.07
1734493315, 5, 32, 74, 12, 0, 0.06%, 9, 0, 9, 278.03
1734493340, 5, 33, 74, 11, 0, 0.06%, 9, 0, 9, 292.56
1734493361, 5, 35, 74, 10, 0, 0.06%, 9, 0, 9, 315.56
1734493371, 5, 35, 75, 11, 0, 0.06%, 9, 0, 9, 307.77
1734493396, 5, 36, 75, 10, 0, 0.06%, 9, 0, 9, 328.16
1734493417, 5, 37, 75, 9, 0, 0.06%, 9, 0, 9, 303.78
1734493437, 5, 38, 75, 8, 0, 0.06%, 9, 0, 9, 329.41
1734493457, 5, 39, 75, 7, 0, 0.06%, 9, 0, 9, 346.92
1734493462, 5, 40, 75, 7, 0, 0.06%, 9, 0, 9, 353.68
1734493468, 5, 41, 75, 7, 0, 0.06%, 9, 0, 9, 327.87
1734493473, 5, 43, 75, 7, 0, 0.06%, 9, 0, 9, 319.39
1734493478, 5, 46, 75, 7, 0, 0.06%, 9, 0, 9, 391.87
1734493493, 5, 47, 75, 6, 0, 0.06%, 9, 0, 9, 319.31
1734493503, 5, 48, 75, 6, 0, 0.06%, 9, 0, 9, 313.38
1734493508, 5, 49, 75, 6, 0, 0.06%, 9, 0, 9, 311.83
1734493513, 5, 50, 75, 6, 0, 0.06%, 9, 0, 9, 305.79
1734493518, 5, 51, 75, 6, 0, 0.06%, 9, 0, 9, 346.86
1734493523, 5, 52, 75, 6, 0, 0.06%, 9, 0, 9, 393.34
1734493539, 5, 53, 75, 6, 0, 0.06%, 9, 0, 9, 297.70
1734493549, 5, 54, 75, 6, 0, 0.06%, 9, 0, 9, 360.69
1734493559, 5, 61, 75, 6, 0, 0.06%, 9, 0, 9, 361.56
1734493569, 5, 62, 75, 6, 0, 0.06%, 9, 0, 9, 309.24
1734493584, 5, 63, 75, 6, 0, 0.06%, 9, 0, 9, 352.86
1734493599, 5, 64, 75, 6, 0, 0.06%, 9, 0, 9, 390.29
1734493610, 5, 65, 75, 6, 0, 0.06%, 9, 0, 9, 317.20
1734493625, 5, 66, 75, 6, 0, 0.06%, 9, 0, 9, 388.67
1734493640, 5, 67, 75, 6, 0, 0.06%, 9, 0, 9, 385.61
1734493655, 5, 68, 75, 6, 0, 0.06%, 9, 0, 9, 426.56
1734493665, 5, 69, 75, 6, 0, 0.06%, 9, 0, 9, 365.28
1734493681, 5, 70, 75, 6, 0, 0.06%, 9, 0, 9, 312.70
1734493696, 5, 71, 75, 6, 0, 0.06%, 9, 0, 9, 332.41
1734493711, 5, 72, 75, 6, 0, 0.06%, 9, 0, 9, 341.12
1734493726, 5, 73, 75, 6, 0, 0.06%, 9, 0, 9, 382.97
1734493742, 5, 74, 75, 6, 0, 0.06%, 9, 0, 9, 333.07
1734493757, 5, 74, 77, 8, 0, 0.06%, 9, 0, 9, 306.15
1734493762, 5, 74, 78, 9, 0, 0.06%, 9, 0, 9, 304.73
1734493863, 6, 17, 78, 8, 0, 0.06%, 9, 0, 9, 313.86
1734493868, 6, 28, 78, 8, 0, 0.06%, 9, 0, 9, 336.61
1734493873, 6, 40, 78, 8, 0, 0.06%, 9, 0, 9, 349.10
1734493878, 6, 41, 78, 8, 0, 0.06%, 9, 0, 9, 343.51
1734493883, 6, 43, 78, 8, 0, 0.06%, 9, 0, 9, 346.19
1734493888, 6, 48, 78, 8, 0, 0.06%, 9, 0, 9, 333.58
1734493893, 6, 49, 78, 8, 0, 0.06%, 9, 0, 9, 330.04
1734493899, 6, 50, 78, 8, 0, 0.06%, 9, 0, 9, 331.29
1734493904, 6, 51, 78, 8, 0, 0.06%, 9, 0, 9, 277.77
1734493914, 6, 61, 78, 8, 0, 0.06%, 9, 0, 9, 362.73
1734493919, 6, 62, 78, 8, 0, 0.06%, 9, 0, 9, 302.80
1734493924, 6, 63, 78, 8, 0, 0.06%, 9, 0, 9, 353.77
1734493934, 6, 64, 78, 8, 0, 0.06%, 9, 0, 9, 326.09
1734493939, 6, 65, 78, 8, 0, 0.06%, 9, 0, 9, 361.33
1734493944, 6, 68, 78, 8, 0, 0.06%, 9, 0, 9, 317.02
1734493954, 6, 69, 78, 8, 0, 0.06%, 9, 0, 9, 389.98
1734493964, 6, 70, 78, 8, 0, 0.06%, 9, 0, 9, 345.86
1734493969, 6, 71, 78, 8, 0, 0.06%, 9, 0, 9, 382.22
1734493979, 6, 72, 78, 8, 0, 0.06%, 9, 0, 9, 366.25
1734493984, 6, 73, 78, 8, 0, 0.06%, 9, 0, 9, 326.38
1734493994, 7, 17, 78, 8, 0, 0.06%, 9, 0, 9, 300.66
1734494000, 7, 28, 78, 8, 0, 0.06%, 9, 0, 9, 312.71
1734494005, 7, 39, 78, 8, 0, 0.06%, 9, 0, 9, 297.32
1734494010, 7, 41, 78, 8, 0, 0.06%, 9, 0, 9, 326.47
1734494015, 7, 43, 78, 8, 0, 0.06%, 9, 0, 9, 353.60
1734494020, 7, 48, 78, 8, 0, 0.06%, 9, 0, 9, 330.16
1734494025, 7, 49, 78, 8, 0, 0.06%, 9, 0, 9, 336.52
1734494030, 7, 50, 78, 8, 0, 0.06%, 9, 0, 9, 323.72
1734494035, 7, 51, 78, 8, 0, 0.06%, 9, 0, 9, 294.71
1734494045, 7, 61, 78, 8, 0, 0.06%, 9, 0, 9, 364.00
1734494050, 7, 62, 78, 8, 0, 0.06%, 9, 0, 9, 325.93
1734494056, 7, 63, 78, 8, 0, 0.06%, 9, 0, 9, 328.94
1734494066, 7, 64, 78, 8, 0, 0.06%, 9, 0, 9, 346.13
1734494071, 7, 65, 78, 8, 0, 0.06%, 9, 0, 9, 383.11
1734494081, 7, 68, 78, 8, 0, 0.06%, 9, 0, 9, 385.57
1734494086, 7, 69, 78, 8, 0, 0.06%, 9, 0, 9, 356.15
1734494096, 7, 70, 78, 8, 0, 0.06%, 9, 0, 9, 386.18
1734494101, 7, 71, 78, 8, 0, 0.06%, 9, 0, 9, 384.75
1734494112, 7, 72, 78, 8, 0, 0.06%, 9, 0, 9, 365.12
1734494117, 7, 73, 78, 8, 0, 0.06%, 9, 0, 9, 325.38
1734494127, 8, 17, 78, 8, 0, 0.06%, 9, 0, 9, 305.06
1734494132, 8, 28, 78, 8, 0, 0.06%, 9, 0, 9, 322.98
1734494137, 8, 40, 78, 8, 0, 0.06%, 9, 0, 9, 307.56
1734494142, 8, 41, 78, 8, 0, 0.06%, 9, 0, 9, 339.74
1734494147, 8, 43, 78, 8, 0, 0.06%, 9, 0, 9, 358.94
1734494152, 8, 48, 78, 8, 0, 0.06%, 9, 0, 9, 321.24
1734494157, 8, 49, 78, 8, 0, 0.06%, 9, 0, 9, 336.26
1734494162, 8, 50, 78, 8, 0, 0.06%, 9, 0, 9, 348.02
1734494167, 8, 51, 78, 8, 0, 0.06%, 9, 0, 9, 283.43
1734494178, 8, 61, 78, 8, 0, 0.06%, 9, 0, 9, 369.81
1734494183, 8, 62, 78, 8, 0, 0.06%, 9, 0, 9, 309.72
1734494188, 8, 63, 78, 8, 0, 0.06%, 9, 0, 9, 363.85
1734494193, 8, 64, 78, 8, 0, 0.06%, 9, 0, 9, 318.99
1734494203, 8, 65, 78, 8, 0, 0.06%, 9, 0, 9, 371.27
1734494208, 8, 68, 78, 8, 0, 0.06%, 9, 0, 9, 316.67
1734494218, 8, 69, 78, 8, 0, 0.06%, 9, 0, 9, 389.21
1734494228, 8, 70, 78, 8, 0, 0.06%, 9, 0, 9, 362.04
1734494233, 8, 71, 78, 8, 0, 0.06%, 9, 0, 9, 394.91
1734494243, 8, 72, 78, 8, 0, 0.06%, 9, 0, 9, 369.48
1734494248, 8, 73, 78, 8, 0, 0.06%, 9, 0, 9, 325.23
1734494258, 9, 17, 78, 8, 0, 0.06%, 9, 0, 9, 305.22
1734494264, 9, 39, 78, 8, 0, 0.06%, 9, 0, 9, 368.90
1734494269, 9, 40, 78, 8, 0, 0.06%, 9, 0, 9, 362.00
1734494274, 9, 41, 78, 8, 0, 0.06%, 9, 0, 9, 335.60
1734494279, 9, 43, 78, 8, 0, 0.06%, 9, 0, 9, 346.75
1734494284, 9, 48, 78, 8, 0, 0.06%, 9, 0, 9, 310.25
1734494289, 9, 49, 78, 8, 0, 0.06%, 9, 0, 9, 316.24
1734494294, 9, 50, 78, 8, 0, 0.06%, 9, 0, 9, 342.27
1734494299, 9, 51, 78, 8, 0, 0.06%, 9, 0, 9, 280.16
1734494309, 9, 61, 78, 8, 0, 0.06%, 9, 0, 9, 354.67
1734494314, 9, 62, 78, 8, 0, 0.06%, 9, 0, 9, 319.79
1734494319, 9, 63, 78, 8, 0, 0.06%, 9, 0, 9, 355.56
1734494324, 9, 64, 78, 8, 0, 0.06%, 9, 0, 9, 334.08
1734494334, 9, 65, 78, 8, 0, 0.06%, 9, 0, 9, 345.10
1734494340, 9, 68, 78, 8, 0, 0.06%, 9, 0, 9, 304.00
1734494350, 9, 69, 78, 8, 0, 0.06%, 9, 0, 9, 384.94
1734494355, 9, 70, 78, 8, 0, 0.06%, 9, 0, 9, 349.24
1734494365, 9, 71, 78, 8, 0, 0.06%, 9, 0, 9, 387.96
1734494370, 9, 72, 78, 8, 0, 0.06%, 9, 0, 9, 378.23
1734494380, 9, 73, 78, 8, 0, 0.06%, 9, 0, 9, 322.01
1734494390, 10, 17, 78, 8, 0, 0.06%, 9, 0, 9, 309.31
1734494395, 10, 28, 78, 8, 0, 0.06%, 9, 0, 9, 300.71
1734494400, 10, 39, 78, 8, 0, 0.06%, 9, 0, 9, 302.57
1734494406, 10, 41, 78, 8, 0, 0.06%, 9, 0, 9, 339.07
1734494411, 10, 43, 78, 8, 0, 0.06%, 9, 0, 9, 350.00
1734494416, 10, 48, 78, 8, 0, 0.06%, 9, 0, 9, 328.48
1734494421, 10, 49, 78, 8, 0, 0.06%, 9, 0, 9, 347.33
1734494426, 10, 50, 78, 8, 0, 0.06%, 9, 0, 9, 344.44
1734494431, 10, 51, 78, 8, 0, 0.06%, 9, 0, 9, 301.63
1734494441, 10, 61, 78, 8, 0, 0.06%, 9, 0, 9, 349.38
1734494446, 10, 62, 78, 8, 0, 0.06%, 9, 0, 9, 310.36
1734494451, 10, 63, 78, 8, 0, 0.06%, 9, 0, 9, 319.80
1734494461, 10, 64, 78, 8, 0, 0.06%, 9, 0, 9, 373.53
1734494466, 10, 65, 78, 8, 0, 0.06%, 9, 0, 9, 390.84
1734494471, 10, 68, 78, 8, 0, 0.06%, 9, 0, 9, 343.58
1734494481, 10, 69, 78, 8, 0, 0.06%, 9, 0, 9, 348.81
1734494492, 10, 70, 78, 8, 0, 0.06%, 9, 0, 9, 356.75
1734494497, 10, 71, 78, 8, 0, 0.06%, 9, 0, 9, 334.29
1734494507, 10, 72, 78, 8, 0, 0.06%, 9, 0, 9, 377.19
1734494512, 10, 73, 78, 8, 0, 0.06%, 9, 0, 9, 345.77
1734494522, 11, 17, 78, 8, 0, 0.06%, 9, 0, 9, 296.30
1734494527, 11, 28, 78, 8, 0, 0.06%, 9, 0, 9, 322.06
1734494532, 11, 40, 78, 8, 0, 0.06%, 9, 0, 9, 324.84
1734494537, 11, 41, 78, 8, 0, 0.06%, 9, 0, 9, 345.57
1734494542, 11, 43, 78, 8, 0, 0.06%, 9, 0, 9, 332.21
1734494547, 11, 48, 78, 8, 0, 0.06%, 9, 0, 9, 319.72
1734494552, 11, 49, 78, 8, 0, 0.06%, 9, 0, 9, 340.58
1734494557, 11, 50, 78, 8, 0, 0.06%, 9, 0, 9, 352.35
1734494562, 11, 51, 78, 8, 0, 0.06%, 9, 0, 9, 336.38
1734494572, 11, 61, 78, 8, 0, 0.06%, 9, 0, 9, 362.17
1734494577, 11, 62, 78, 8, 0, 0.06%, 9, 0, 9, 306.38
1734494582, 11, 63, 78, 8, 0, 0.06%, 9, 0, 9, 308.03
1734494593, 11, 64, 78, 8, 0, 0.06%, 9, 0, 9, 356.51
1734494598, 11, 65, 78, 8, 0, 0.06%, 9, 0, 9, 318.03
1734494608, 11, 68, 78, 8, 0, 0.06%, 9, 0, 9, 368.87
1734494613, 11, 69, 78, 8, 0, 0.06%, 9, 0, 9, 327.69
1734494623, 11, 70, 78, 8, 0, 0.06%, 9, 0, 9, 375.75
1734494628, 11, 71, 78, 8, 0, 0.06%, 9, 0, 9, 318.53
1734494638, 11, 72, 78, 8, 0, 0.06%, 9, 0, 9, 385.12
1734494643, 11, 73, 78, 8, 0, 0.06%, 9, 0, 9, 347.93
1734494654, 12, 17, 78, 8, 0, 0.06%, 9, 0, 9, 315.64
1734494659, 12, 28, 78, 8, 0, 0.06%, 9, 0, 9, 316.48
1734494664, 12, 40, 78, 8, 0, 0.06%, 9, 0, 9, 307.77
1734494669, 12, 41, 78, 8, 0, 0.06%, 9, 0, 9, 328.61
1734494674, 12, 43, 78, 8, 0, 0.06%, 9, 0, 9, 353.02
1734494679, 12, 48, 78, 8, 0, 0.06%, 9, 0, 9, 314.71
1734494684, 12, 49, 78, 8, 0, 0.06%, 9, 0, 9, 321.07
1734494689, 12, 50, 78, 8, 0, 0.06%, 9, 0, 9, 341.75
1734494694, 12, 51, 78, 8, 0, 0.06%, 9, 0, 9, 278.40
1734494704, 12, 61, 78, 8, 0, 0.06%, 9, 0, 9, 325.08
1734494709, 12, 62, 78, 8, 0, 0.06%, 9, 0, 9, 303.91
1734494714, 12, 63, 78, 8, 0, 0.06%, 9, 0, 9, 295.12
1734494725, 12, 64, 78, 8, 0, 0.06%, 9, 0, 9, 349.96
1734494730, 12, 65, 78, 8, 0, 0.06%, 9, 0, 9, 379.72
1734494740, 12, 68, 78, 8, 0, 0.06%, 9, 0, 9, 349.25
1734494745, 12, 69, 78, 8, 0, 0.06%, 9, 0, 9, 319.64
1734494755, 12, 72, 78, 8, 0, 0.06%, 9, 0, 9, 388.44
1734494760, 13, 17, 78, 8, 0, 0.06%, 9, 0, 9, 317.16
1734494765, 13, 40, 78, 8, 0, 0.06%, 9, 0, 9, 336.44
1734494770, 13, 41, 78, 8, 0, 0.06%, 9, 0, 9, 359.88
1734494775, 13, 43, 78, 8, 0, 0.06%, 9, 0, 9, 356.29
1734494780, 13, 48, 78, 8, 0, 0.06%, 9, 0, 9, 321.93
1734494785, 13, 49, 78, 8, 0, 0.06%, 9, 0, 9, 324.51
1734494790, 13, 50, 78, 8, 0, 0.06%, 9, 0, 9, 323.84
1734494795, 13, 51, 78, 8, 0, 0.06%, 9, 0, 9, 291.84
1734494800, 13, 62, 78, 8, 0, 0.06%, 9, 0, 9, 345.09
1734494811, 13, 63, 78, 8, 0, 0.06%, 9, 0, 9, 351.50
1734494816, 13, 64, 78, 8, 0, 0.06%, 9, 0, 9, 329.14
1734494826, 13, 65, 78, 8, 0, 0.06%, 9, 0, 9, 348.02
1734494831, 13, 72, 78, 8, 0, 0.06%, 9, 0, 9, 329.60
1734494841, 14, 17, 78, 8, 0, 0.06%, 9, 0, 9, 309.13
1734494846, 14, 40, 78, 8, 0, 0.06%, 9, 0, 9, 337.03
1734494851, 14, 41, 78, 8, 0, 0.06%, 9, 0, 9, 315.50
1734494856, 14, 43, 78, 8, 0, 0.06%, 9, 0, 9, 329.10
1734494861, 14, 48, 78, 8, 0, 0.06%, 9, 0, 9, 312.08
1734494866, 14, 50, 78, 8, 0, 0.06%, 9, 0, 9, 326.84
1734494872, 14, 51, 78, 8, 0, 0.06%, 9, 0, 9, 393.68
1734494882, 14, 62, 78, 8, 0, 0.06%, 9, 0, 9, 321.89
1734494887, 14, 63, 78, 8, 0, 0.06%, 9, 0, 9, 326.25
1734494897, 14, 64, 78, 8, 0, 0.06%, 9, 0, 9, 337.96
1734494907, 14, 65, 78, 8, 0, 0.06%, 9, 0, 9, 336.01
1734494912, 14, 72, 78, 8, 0, 0.06%, 9, 0, 9, 370.42
1734494922, 15, 17, 78, 8, 0, 0.06%, 9, 0, 9, 303.62
1734494927, 15, 40, 78, 8, 0, 0.06%, 9, 0, 9, 309.88
1734494932, 15, 43, 78, 8, 0, 0.06%, 9, 0, 9, 305.65
1734494937, 15, 48, 78, 8, 0, 0.06%, 9, 0, 9, 333.65
1734494942, 15, 49, 78, 8, 0, 0.06%, 9, 0, 9, 335.13
1734494947, 15, 50, 78, 8, 0, 0.06%, 9, 0, 9, 337.07
1734494952, 15, 51, 78, 8, 0, 0.06%, 9, 0, 9, 313.61
1734494963, 15, 62, 78, 8, 0, 0.06%, 9, 0, 9, 310.14
1734494968, 15, 63, 78, 8, 0, 0.06%, 9, 0, 9, 336.49
1734494978, 15, 64, 78, 8, 0, 0.06%, 9, 0, 9, 346.04
1734494983, 15, 65, 78, 8, 0, 0.06%, 9, 0, 9, 380.94
1734494988, 15, 72, 78, 8, 0, 0.06%, 9, 0, 9, 372.08
1734494998, 16, 17, 78, 8, 0, 0.06%, 9, 0, 9, 322.74
1734495003, 16, 40, 78, 8, 0, 0.06%, 9, 0, 9, 329.53
1734495008, 16, 41, 78, 8, 0, 0.06%, 9, 0, 9, 325.33
1734495014, 16, 43, 78, 8, 0, 0.06%, 9, 0, 9, 315.36
1734495019, 16, 49, 78, 8, 0, 0.06%, 9, 0, 9, 314.96
1734495024, 16, 50, 78, 8, 0, 0.06%, 9, 0, 9, 340.00
1734495029, 16, 51, 78, 8, 0, 0.06%, 9, 0, 9, 371.92
1734495039, 16, 62, 78, 8, 0, 0.06%, 9, 0, 9, 314.52
1734495044, 16, 63, 78, 8, 0, 0.06%, 9, 0, 9, 289.81
1734495054, 16, 64, 78, 8, 0, 0.06%, 9, 0, 9, 348.77
1734495059, 16, 65, 78, 8, 0, 0.06%, 9, 0, 9, 334.39
1734495070, 16, 66, 78, 8, 0, 0.06%, 9, 0, 9, 440.60
1734495151, 16, 67, 78, 8, 0, 0.06%, 9, 0, 9, 461.82
1734495228, 16, 68, 78, 8, 0, 0.06%, 9, 0, 9, 331.52
1734495300, 16, 69, 78, 8, 0, 0.06%, 9, 0, 9, 386.39
1734495418, 16, 70, 78, 8, 0, 0.06%, 9, 0, 9, 393.60
1734495485, 16, 71, 78, 8, 0, 0.06%, 9, 0, 9, 439.50
1734495547, 16, 72, 78, 8, 0, 0.06%, 9, 0, 9, 340.51
1734495670, 16, 73, 78, 8, 0, 0.06%, 9, 0, 9, 396.92
1734495737, 16, 74, 78, 8, 0, 0.06%, 9, 0, 9, 419.00
1734495773, 16, 75, 78, 8, 0, 0.06%, 9, 0, 9, 335.14
1734495834, 16, 76, 78, 7, 0, 0.06%, 9, 0, 9, 361.90
1734495900, 16, 77, 78, 6, 0, 0.06%, 9, 0, 9, 430.66
1734495915, 16, 77, 79, 7, 0, 0.06%, 9, 0, 9, 485.21
1734496022, 16, 78, 79, 6, 0, 0.06%, 9, 0, 9, 419.90
1734496149, 17, 11, 79, 5, 0, 0.06%, 9, 0, 9, 296.85
1734496154, 17, 12, 79, 5, 0, 0.06%, 9, 0, 9, 292.26
1734496164, 17, 13, 79, 4, 0, 0.06%, 9, 0, 9, 276.36
1734496169, 17, 14, 79, 4, 0, 0.06%, 9, 0, 9, 286.94
1734496175, 17, 16, 79, 4, 0, 0.06%, 9, 0, 9, 304.58
1734496185, 17, 17, 79, 4, 0, 0.06%, 9, 0, 9, 308.47
1734496190, 17, 18, 79, 4, 0, 0.06%, 9, 0, 9, 340.35
1734496200, 17, 19, 79, 4, 0, 0.06%, 9, 0, 9, 338.43
1734496210, 17, 20, 79, 4, 0, 0.06%, 9, 0, 9, 279.77
1734496221, 17, 21, 79, 4, 0, 0.06%, 9, 0, 9, 361.10
1734496231, 17, 22, 79, 4, 0, 0.06%, 9, 0, 9, 320.92
1734496241, 17, 23, 79, 4, 0, 0.06%, 9, 0, 9, 295.80
1734496251, 17, 24, 79, 4, 0, 0.06%, 9, 0, 9, 369.17
1734496261, 17, 25, 79, 4, 0, 0.06%, 9, 0, 9, 298.08
1734496266, 17, 26, 79, 4, 0, 0.06%, 9, 0, 9, 378.06
1734496281, 17, 27, 79, 3, 0, 0.06%, 9, 0, 9, 391.60
1734496297, 17, 29, 79, 3, 0, 0.06%, 9, 0, 9, 378.38
1734496307, 17, 30, 79, 3, 0, 0.06%, 9, 0, 9, 430.99
1734496317, 17, 31, 79, 3, 0, 0.06%, 9, 0, 9, 507.71
1734496332, 17, 32, 79, 3, 0, 0.06%, 9, 0, 9, 302.86
1734496348, 17, 33, 79, 3, 0, 0.06%, 9, 0, 9, 434.61
1734496363, 17, 34, 79, 3, 0, 0.06%, 9, 0, 9, 314.78
1734496383, 17, 35, 79, 2, 0, 0.06%, 9, 0, 9, 519.36
1734496393, 17, 36, 79, 2, 0, 0.06%, 9, 0, 9, 391.38
1734496414, 17, 37, 79, 2, 0, 0.06%, 9, 0, 9, 493.71
1734496429, 17, 38, 79, 2, 0, 0.06%, 9, 0, 9, 478.15
1734496439, 17, 39, 79, 2, 0, 0.06%, 9, 0, 9, 328.22
1734496444, 17, 40, 79, 2, 0, 0.06%, 9, 0, 9, 330.24
1734496450, 17, 42, 79, 2, 0, 0.06%, 9, 0, 9, 320.69
1734496460, 17, 43, 79, 2, 0, 0.06%, 9, 0, 9, 457.65
1734496470, 17, 44, 79, 2, 0, 0.06%, 9, 0, 9, 480.11
1734496485, 17, 45, 79, 2, 0, 0.06%, 9, 0, 9, 386.18
1734496495, 17, 46, 79, 2, 0, 0.06%, 9, 0, 9, 341.55
1734496506, 17, 47, 79, 2, 0, 0.06%, 9, 0, 9, 307.42
1734496526, 17, 48, 79, 2, 0, 0.06%, 9, 0, 9, 310.66
1734496532, 17, 50, 79, 2, 0, 0.06%, 9, 0, 9, 328.84
1734496537, 17, 51, 79, 2, 0, 0.06%, 9, 0, 9, 311.38
1734496547, 17, 52, 79, 2, 0, 0.06%, 9, 0, 9, 417.06
1734496994, 17, 53, 79, 2, 0, 0.06%, 9, 0, 9, 380.95
1734497433, 17, 54, 79, 2, 0, 0.06%, 9, 0, 9, 327.95
1734497438, 17, 55, 79, 2, 0, 0.06%, 9, 0, 9, 336.28
1734497453, 17, 56, 79, 2, 0, 0.06%, 9, 0, 9, 319.74
1734497468, 17, 57, 79, 2, 0, 0.06%, 9, 0, 9, 352.85
1734497483, 17, 58, 79, 2, 0, 0.06%, 9, 0, 9, 402.15
1734497493, 17, 59, 79, 2, 0, 0.06%, 9, 0, 9, 315.87
1734497585, 17, 60, 79, 1, 0, 0.06%, 9, 0, 9, 375.00
1734497733, 17, 61, 79, 0, 0, 0.06%, 9, 0, 9, 361.14
1734497738, 17, 62, 79, 0, 0, 0.06%, 9, 0, 9, 318.60
1734497743, 17, 63, 79, 0, 0, 0.06%, 9, 0, 9, 315.00
1734497753, 17, 64, 79, 0, 0, 0.06%, 9, 0, 9, 351.66
1734497758, 17, 65, 79, 0, 0, 0.06%, 9, 0, 9, 332.94
1734497768, 17, 66, 79, 0, 0, 0.06%, 9, 0, 9, 362.22
1734497773, 17, 67, 79, 0, 0, 0.06%, 9, 0, 9, 364.05
1734497779, 17, 68, 79, 0, 0, 0.06%, 9, 0, 9, 362.88
1734497789, 17, 69, 79, 0, 0, 0.06%, 9, 0, 9, 330.37
1734497799, 17, 70, 79, 0, 0, 0.06%, 9, 0, 9, 368.91
1734497804, 17, 71, 79, 0, 0, 0.06%, 9, 0, 9, 359.25
1734497814, 17, 72, 79, 0, 0, 0.06%, 9, 0, 9, 370.58
1734497820, 17, 73, 79, 0, 0, 0.06%, 9, 0, 9, 356.55
1734497830, 17, 74, 79, 0, 0, 0.06%, 9, 0, 9, 331.02
1734497835, 17, 75, 79, 0, 0, 0.06%, 9, 0, 9, 322.79
1734497850, 17, 76, 79, 0, 0, 0.06%, 9, 0, 9, 307.28
1734497866, 17, 77, 79, 0, 0, 0.06%, 9, 0, 9, 322.03
1734497926, 17, 78, 79, 0, 0, 0.06%, 9, 0, 9, 386.89
1734497947, 18, 11, 79, 0, 0, 0.06%, 9, 0, 9, 346.22
1734497952, 18, 14, 79, 0, 0, 0.06%, 9, 0, 9, 313.56
1734497957, 18, 16, 79, 0, 0, 0.06%, 9, 0, 9, 282.18
1734497962, 18, 17, 79, 0, 0, 0.06%, 9, 0, 9, 289.16
1734497967, 18, 18, 79, 0, 0, 0.06%, 9, 0, 9, 311.84
1734497972, 18, 20, 79, 0, 0, 0.06%, 9, 0, 9, 305.26
1734497982, 18, 21, 79, 0, 0, 0.06%, 9, 0, 9, 290.67
1734497988, 18, 22, 79, 0, 0, 0.06%, 9, 0, 9, 292.54
1734497993, 18, 24, 79, 0, 0, 0.06%, 9, 0, 9, 307.93
1734497998, 18, 25, 79, 0, 0, 0.06%, 9, 0, 9, 293.47
1734498003, 18, 27, 79, 0, 0, 0.06%, 9, 0, 9, 288.28
1734498013, 18, 29, 79, 0, 0, 0.06%, 9, 0, 9, 311.63
1734498018, 18, 30, 79, 0, 0, 0.06%, 9, 0, 9, 295.88
1734498023, 18, 31, 79, 0, 0, 0.06%, 9, 0, 9, 293.55
1734498028, 18, 32, 79, 0, 0, 0.06%, 9, 0, 9, 289.58
1734498033, 18, 33, 79, 0, 0, 0.06%, 9, 0, 9, 298.56
1734498038, 18, 35, 79, 0, 0, 0.06%, 9, 0, 9, 313.56
1734498043, 18, 36, 79, 0, 0, 0.06%, 9, 0, 9, 319.12
1734498048, 18, 37, 79, 0, 0, 0.06%, 9, 0, 9, 296.26
1734498053, 18, 38, 79, 0, 0, 0.06%, 9, 0, 9, 299.02
1734498058, 18, 39, 79, 0, 0, 0.06%, 9, 0, 9, 302.68
1734498064, 18, 40, 79, 0, 0, 0.06%, 9, 0, 9, 333.32
1734498069, 18, 41, 79, 0, 0, 0.06%, 9, 0, 9, 318.42
1734498074, 18, 42, 79, 0, 0, 0.06%, 9, 0, 9, 301.07
1734498079, 18, 43, 79, 0, 0, 0.06%, 9, 0, 9, 316.12
1734498084, 18, 44, 79, 0, 0, 0.06%, 9, 0, 9, 373.51
1734498089, 18, 45, 79, 0, 0, 0.06%, 9, 0, 9, 328.80
1734498094, 18, 46, 79, 0, 0, 0.06%, 9, 0, 9, 337.28
1734498099, 18, 47, 79, 0, 0, 0.06%, 9, 0, 9, 311.85
1734498104, 18, 48, 79, 0, 0, 0.06%, 9, 0, 9, 320.93
1734498109, 18, 49, 79, 0, 0, 0.06%, 9, 0, 9, 320.19
1734498114, 18, 50, 79, 0, 0, 0.06%, 9, 0, 9, 327.43
1734498119, 18, 51, 79, 0, 0, 0.06%, 9, 0, 9, 339.25
1734498124, 18, 52, 79, 0, 0, 0.06%, 9, 0, 9, 387.14
1734498140, 18, 53, 79, 0, 0, 0.06%, 9, 0, 9, 316.77
1734498150, 18, 54, 79, 0, 0, 0.06%, 9, 0, 9, 355.98
1734498155, 18, 55, 79, 0, 0, 0.06%, 9, 0, 9, 338.28
1734498165, 18, 56, 79, 0, 0, 0.06%, 9, 0, 9, 341.45
1734498170, 18, 57, 79, 0, 0, 0.06%, 9, 0, 9, 332.86
1734498180, 18, 58, 79, 0, 0, 0.06%, 9, 0, 9, 354.02
1734498185, 18, 59, 79, 0, 0, 0.06%, 9, 0, 9, 344.04
1734498200, 18, 60, 79, 0, 0, 0.06%, 9, 0, 9, 327.20
1734498215, 18, 61, 79, 0, 0, 0.06%, 9, 0, 9, 351.66
1734498221, 18, 62, 79, 0, 0, 0.06%, 9, 0, 9, 311.72
1734498226, 18, 63, 79, 0, 0, 0.06%, 9, 0, 9, 304.01
1734498236, 18, 64, 79, 0, 0, 0.06%, 9, 0, 9, 364.10
1734498241, 18, 65, 79, 0, 0, 0.06%, 9, 0, 9, 316.89
1734498251, 18, 66, 79, 0, 0, 0.06%, 9, 0, 9, 365.78
1734498256, 18, 67, 79, 0, 0, 0.06%, 9, 0, 9, 329.65
1734498266, 18, 68, 79, 0, 0, 0.06%, 9, 0, 9, 394.77
1734498271, 18, 69, 79, 0, 0, 0.06%, 9, 0, 9, 326.59
1734498281, 18, 70, 79, 0, 0, 0.06%, 9, 0, 9, 390.53
1734498286, 18, 71, 79, 0, 0, 0.06%, 9, 0, 9, 314.98
1734498297, 18, 72, 79, 0, 0, 0.06%, 9, 0, 9, 376.03
1734498302, 18, 73, 79, 0, 0, 0.06%, 9, 0, 9, 333.28
1734498312, 18, 74, 79, 0, 0, 0.06%, 9, 0, 9, 321.08
1734498317, 18, 75, 79, 0, 0, 0.06%, 9, 0, 9, 308.47
1734498327, 18, 76, 79, 0, 0, 0.06%, 9, 0, 9, 299.82
1734498337, 18, 77, 79, 0, 0, 0.06%, 9, 0, 9, 359.35
1734498342, 18, 78, 79, 0, 0, 0.06%, 9, 0, 9, 363.02
1734498373, 19, 13, 79, 0, 0, 0.06%, 9, 0, 9, 280.03
1734498378, 19, 15, 79, 0, 0, 0.06%, 9, 0, 9, 296.30
1734498383, 19, 17, 79, 0, 0, 0.06%, 9, 0, 9, 285.82
1734498388, 19, 18, 79, 0, 0, 0.06%, 9, 0, 9, 330.00
1734498393, 19, 19, 79, 0, 0, 0.06%, 9, 0, 9, 330.60
1734498398, 19, 20, 79, 0, 0, 0.06%, 9, 0, 9, 287.53
1734498403, 19, 21, 79, 0, 0, 0.06%, 9, 0, 9, 315.53
1734498408, 19, 22, 79, 0, 0, 0.06%, 9, 0, 9, 273.85
1734498413, 19, 23, 79, 0, 0, 0.06%, 9, 0, 9, 310.25
1734498418, 19, 24, 79, 0, 0, 0.06%, 9, 0, 9, 290.11
1734498423, 19, 25, 79, 0, 0, 0.06%, 9, 0, 9, 284.47
1734498428, 19, 27, 79, 0, 0, 0.06%, 9, 0, 9, 300.49
1734498433, 19, 28, 79, 0, 0, 0.06%, 9, 0, 9, 332.77
1734498438, 19, 29, 79, 0, 0, 0.06%, 9, 0, 9, 321.67
1734498443, 19, 30, 79, 0, 0, 0.06%, 9, 0, 9, 299.09
1734498449, 19, 31, 79, 0, 0, 0.06%, 9, 0, 9, 297.37
1734498454, 19, 32, 79, 0, 0, 0.06%, 9, 0, 9, 282.79
1734498459, 19, 33, 79, 0, 0, 0.06%, 9, 0, 9, 291.25
1734498464, 19, 35, 79, 0, 0, 0.06%, 9, 0, 9, 309.78
1734498469, 19, 36, 79, 0, 0, 0.06%, 9, 0, 9, 296.15
1734498474, 19, 37, 79, 0, 0, 0.06%, 9, 0, 9, 295.22
1734498479, 19, 38, 79, 0, 0, 0.06%, 9, 0, 9, 311.63
1734498484, 19, 39, 79, 0, 0, 0.06%, 9, 0, 9, 332.20
1734498490, 19, 40, 79, 0, 0, 0.06%, 9, 0, 9, 336.35
1734498495, 19, 41, 79, 0, 0, 0.06%, 9, 0, 9, 301.48
1734498500, 19, 46, 79, 0, 0, 0.06%, 9, 0, 9, 351.68
1734498505, 19, 47, 79, 0, 0, 0.06%, 9, 0, 9, 318.42
1734498510, 19, 48, 79, 0, 0, 0.06%, 9, 0, 9, 317.54
1734498515, 19, 49, 79, 0, 0, 0.06%, 9, 0, 9, 346.46
1734498520, 19, 50, 79, 0, 0, 0.06%, 9, 0, 9, 354.83
1734498525, 19, 51, 79, 0, 0, 0.06%, 9, 0, 9, 315.08
1734498536, 19, 52, 79, 0, 0, 0.06%, 9, 0, 9, 299.09
1734498546, 19, 53, 79, 0, 0, 0.06%, 9, 0, 9, 395.79
1734498561, 19, 54, 79, 0, 0, 0.06%, 9, 0, 9, 334.91
1734498566, 19, 61, 79, 0, 0, 0.06%, 9, 0, 9, 346.48
1734498571, 19, 62, 79, 0, 0, 0.06%, 9, 0, 9, 297.02
1734498576, 19, 63, 79, 0, 0, 0.06%, 9, 0, 9, 328.88
1734498586, 19, 64, 79, 0, 0, 0.06%, 9, 0, 9, 351.55
1734498591, 19, 65, 79, 0, 0, 0.06%, 9, 0, 9, 351.91
1734498601, 19, 66, 79, 0, 0, 0.06%, 9, 0, 9, 360.79
1734498607, 19, 67, 79, 0, 0, 0.06%, 9, 0, 9, 343.31
1734498617, 19, 68, 79, 0, 0, 0.06%, 9, 0, 9, 365.69
1734498622, 19, 69, 79, 0, 0, 0.06%, 9, 0, 9, 310.83
1734498632, 19, 70, 79, 0, 0, 0.06%, 9, 0, 9, 388.09
1734498637, 19, 71, 79, 0, 0, 0.06%, 9, 0, 9, 347.01
1734498647, 19, 72, 79, 0, 0, 0.06%, 9, 0, 9, 377.27
1734498657, 19, 73, 79, 0, 0, 0.06%, 9, 0, 9, 357.65
1734498662, 19, 74, 79, 0, 0, 0.06%, 9, 0, 9, 326.11
1734498667, 19, 75, 79, 0, 0, 0.06%, 9, 0, 9, 323.56
1734498677, 19, 76, 79, 0, 0, 0.06%, 9, 0, 9, 318.21
1734498682, 19, 77, 79, 0, 0, 0.06%, 9, 0, 9, 299.73
1734498692, 19, 78, 79, 0, 0, 0.06%, 9, 0, 9, 346.70
1734498718, 20, 15, 79, 0, 0, 0.06%, 9, 0, 9, 299.75
1734498723, 20, 17, 79, 0, 0, 0.06%, 9, 0, 9, 295.46
1734498728, 20, 18, 79, 0, 0, 0.06%, 9, 0, 9, 318.19
1734498733, 20, 19, 79, 0, 0, 0.06%, 9, 0, 9, 300.05
1734498738, 20, 20, 79, 0, 0, 0.06%, 9, 0, 9, 283.98
1734498743, 20, 21, 79, 0, 0, 0.06%, 9, 0, 9, 310.89
1734498748, 20, 22, 79, 0, 0, 0.06%, 9, 0, 9, 280.16
1734498753, 20, 23, 79, 0, 0, 0.06%, 9, 0, 9, 325.56
1734498759, 20, 24, 79, 0, 0, 0.06%, 9, 0, 9, 300.12
1734498764, 20, 27, 79, 0, 0, 0.06%, 9, 0, 9, 302.83
1734498769, 20, 28, 79, 0, 0, 0.06%, 9, 0, 9, 331.56
1734498774, 20, 30, 79, 0, 0, 0.06%, 9, 0, 9, 306.61
1734498779, 20, 31, 79, 0, 0, 0.06%, 9, 0, 9, 312.22
1734498784, 20, 32, 79, 0, 0, 0.06%, 9, 0, 9, 274.98
1734498789, 20, 33, 79, 0, 0, 0.06%, 9, 0, 9, 275.43
1734498794, 20, 35, 79, 0, 0, 0.06%, 9, 0, 9, 293.98
1734498799, 20, 36, 79, 0, 0, 0.06%, 9, 0, 9, 311.57
1734498804, 20, 37, 79, 0, 0, 0.06%, 9, 0, 9, 298.30
1734498809, 20, 38, 79, 0, 0, 0.06%, 9, 0, 9, 310.95
1734498815, 20, 39, 79, 0, 0, 0.06%, 9, 0, 9, 345.68
1734498820, 20, 40, 79, 0, 0, 0.06%, 9, 0, 9, 357.68
1734498825, 20, 41, 79, 0, 0, 0.06%, 9, 0, 9, 327.15
1734498830, 20, 43, 79, 0, 0, 0.06%, 9, 0, 9, 339.66
1734498835, 20, 46, 79, 0, 0, 0.06%, 9, 0, 9, 331.33
1734498840, 20, 47, 79, 0, 0, 0.06%, 9, 0, 9, 309.76
1734498845, 20, 48, 79, 0, 0, 0.06%, 9, 0, 9, 311.82
1734498850, 20, 49, 79, 0, 0, 0.06%, 9, 0, 9, 330.67
1734498855, 20, 50, 79, 0, 0, 0.06%, 9, 0, 9, 317.79
1734498860, 20, 51, 79, 0, 0, 0.06%, 9, 0, 9, 355.91
1734498865, 20, 61, 79, 0, 0, 0.06%, 9, 0, 9, 324.85
1734498870, 20, 62, 79, 0, 0, 0.06%, 9, 0, 9, 322.21
1734498880, 20, 63, 79, 0, 0, 0.06%, 9, 0, 9, 350.11
1734498885, 20, 64, 79, 0, 0, 0.06%, 9, 0, 9, 327.67
1734498896, 20, 65, 79, 0, 0, 0.06%, 9, 0, 9, 332.29
1734498901, 20, 68, 79, 0, 0, 0.06%, 9, 0, 9, 394.04
1734498906, 20, 69, 79, 0, 0, 0.06%, 9, 0, 9, 343.61
1734498916, 20, 70, 79, 0, 0, 0.06%, 9, 0, 9, 357.72
1734498926, 20, 71, 79, 0, 0, 0.06%, 9, 0, 9, 363.18
1734498931, 20, 72, 79, 0, 0, 0.06%, 9, 0, 9, 341.13
1734498941, 20, 73, 79, 0, 0, 0.06%, 9, 0, 9, 373.13
1734498946, 21, 17, 79, 0, 0, 0.06%, 9, 0, 9, 321.14
1734498951, 21, 28, 79, 0, 0, 0.06%, 9, 0, 9, 336.16
1734498957, 21, 39, 79, 0, 0, 0.06%, 9, 0, 9, 336.52
1734498962, 21, 40, 79, 0, 0, 0.06%, 9, 0, 9, 328.84
1734498967, 21, 41, 79, 0, 0, 0.06%, 9, 0, 9, 313.29
1734498972, 21, 43, 79, 0, 0, 0.06%, 9, 0, 9, 323.30
1734498977, 21, 48, 79, 0, 0, 0.06%, 9, 0, 9, 307.88
1734498982, 21, 50, 79, 0, 0, 0.06%, 9, 0, 9, 330.76
1734498987, 21, 51, 79, 0, 0, 0.06%, 9, 0, 9, 373.34
1734498997, 21, 61, 79, 0, 0, 0.06%, 9, 0, 9, 358.52
1734499002, 21, 62, 79, 0, 0, 0.06%, 9, 0, 9, 315.03
1734499012, 21, 63, 79, 0, 0, 0.06%, 9, 0, 9, 330.14
1734499017, 21, 64, 79, 0, 0, 0.06%, 9, 0, 9, 292.58
1734499027, 21, 65, 79, 0, 0, 0.06%, 9, 0, 9, 352.67
1734499032, 21, 68, 79, 0, 0, 0.06%, 9, 0, 9, 346.05
1734499043, 21, 69, 79, 0, 0, 0.06%, 9, 0, 9, 388.75
1734499048, 21, 70, 79, 0, 0, 0.06%, 9, 0, 9, 333.39
1734499058, 21, 71, 79, 0, 0, 0.06%, 9, 0, 9, 400.53
1734499063, 21, 72, 79, 0, 0, 0.06%, 9, 0, 9, 306.18
1734499073, 21, 73, 79, 0, 0, 0.06%, 9, 0, 9, 352.39
1734499083, 22, 17, 79, 0, 0, 0.06%, 9, 0, 9, 307.61
1734499088, 22, 39, 79, 0, 0, 0.06%, 9, 0, 9, 356.68
1734499093, 22, 40, 79, 0, 0, 0.06%, 9, 0, 9, 357.94
1734499098, 22, 41, 79, 0, 0, 0.06%, 9, 0, 9, 332.64
1734499103, 22, 43, 79, 0, 0, 0.06%, 9, 0, 9, 344.24
1734499108, 22, 48, 79, 0, 0, 0.06%, 9, 0, 9, 317.46
1734499113, 22, 49, 79, 0, 0, 0.06%, 9, 0, 9, 323.74
1734499118, 22, 50, 79, 0, 0, 0.06%, 9, 0, 9, 328.25
1734499123, 22, 51, 79, 0, 0, 0.06%, 9, 0, 9, 359.50
1734499129, 22, 61, 79, 0, 0, 0.06%, 9, 0, 9, 324.38
1734499134, 22, 62, 79, 0, 0, 0.06%, 9, 0, 9, 323.01
1734499144, 22, 63, 79, 0, 0, 0.06%, 9, 0, 9, 359.35
1734499149, 22, 64, 79, 0, 0, 0.06%, 9, 0, 9, 318.05
1734499159, 22, 65, 79, 0, 0, 0.06%, 9, 0, 9, 352.36
1734499164, 22, 68, 79, 0, 0, 0.06%, 9, 0, 9, 322.86
1734499174, 22, 69, 79, 0, 0, 0.06%, 9, 0, 9, 393.57
1734499179, 22, 70, 79, 0, 0, 0.06%, 9, 0, 9, 367.87
1734499190, 22, 71, 79, 0, 0, 0.06%, 9, 0, 9, 364.00
1734499195, 22, 72, 79, 0, 0, 0.06%, 9, 0, 9, 322.35
1734499205, 22, 73, 79, 0, 0, 0.06%, 9, 0, 9, 401.06
1734499210, 23, 17, 79, 0, 0, 0.06%, 9, 0, 9, 321.33
1734499215, 23, 28, 79, 0, 0, 0.06%, 9, 0, 9, 334.61
1734499220, 23, 39, 79, 0, 0, 0.06%, 9, 0, 9, 360.98
1734499225, 23, 40, 79, 0, 0, 0.06%, 9, 0, 9, 343.90
1734499230, 23, 41, 79, 0, 0, 0.06%, 9, 0, 9, 331.72
1734499235, 23, 43, 79, 0, 0, 0.06%, 9, 0, 9, 334.69
1734499240, 23, 48, 79, 0, 0, 0.06%, 9, 0, 9, 297.03
1734499245, 23, 49, 79, 0, 0, 0.06%, 9, 0, 9, 320.73
1734499250, 23, 50, 79, 0, 0, 0.06%, 9, 0, 9, 326.90
1734499255, 23, 51, 79, 0, 0, 0.06%, 9, 0, 9, 367.84
1734499260, 23, 61, 79, 0, 0, 0.06%, 9, 0, 9, 334.95
1734499265, 23, 62, 79, 0, 0, 0.06%, 9, 0, 9, 330.77
1734499275, 23, 63, 79, 0, 0, 0.06%, 9, 0, 9, 359.23
1734499280, 23, 64, 79, 0, 0, 0.06%, 9, 0, 9, 329.50
1734499291, 23, 65, 79, 0, 0, 0.06%, 9, 0, 9, 339.84
1734499296, 23, 68, 79, 0, 0, 0.06%, 9, 0, 9, 344.46
1734499306, 23, 69, 79, 0, 0, 0.06%, 9, 0, 9, 379.99
1734499311, 23, 70, 79, 0, 0, 0.06%, 9, 0, 9, 327.46
1734499321, 23, 71, 79, 0, 0, 0.06%, 9, 0, 9, 400.46
1734499326, 23, 72, 79, 0, 0, 0.06%, 9, 0, 9, 369.65
1734499336, 23, 73, 79, 0, 0, 0.06%, 9, 0, 9, 351.64
1734499346, 24, 17, 79, 0, 0, 0.06%, 9, 0, 9, 313.72
1734499352, 24, 39, 79, 0, 0, 0.06%, 9, 0, 9, 330.54
1734499357, 24, 40, 79, 0, 0, 0.06%, 9, 0, 9, 343.62
1734499362, 24, 41, 79, 0, 0, 0.06%, 9, 0, 9, 332.24
1734499367, 24, 43, 79, 0, 0, 0.06%, 9, 0, 9, 335.75
1734499372, 24, 48, 79, 0, 0, 0.06%, 9, 0, 9, 323.34
1734499377, 24, 49, 79, 0, 0, 0.06%, 9, 0, 9, 328.80
1734499382, 24, 50, 79, 0, 0, 0.06%, 9, 0, 9, 336.93
1734499387, 24, 51, 79, 0, 0, 0.06%, 9, 0, 9, 294.67
1734499397, 24, 61, 79, 0, 0, 0.06%, 9, 0, 9, 355.91
1734499403, 24, 62, 79, 0, 0, 0.06%, 9, 0, 9, 313.64
1734499408, 24, 63, 79, 0, 0, 0.06%, 9, 0, 9, 355.55
1734499418, 24, 64, 79, 0, 0, 0.06%, 9, 0, 9, 325.32
1734499423, 24, 65, 79, 0, 0, 0.06%, 9, 0, 9, 365.15
1734499433, 24, 68, 79, 0, 0, 0.06%, 9, 0, 9, 356.38
1734499438, 24, 69, 79, 0, 0, 0.06%, 9, 0, 9, 325.95
1734499448, 24, 70, 79, 0, 0, 0.06%, 9, 0, 9, 365.68
1734499453, 24, 71, 79, 0, 0, 0.06%, 9, 0, 9, 331.94
1734499463, 24, 72, 79, 0, 0, 0.06%, 9, 0, 9, 385.41
1734499468, 24, 73, 79, 0, 0, 0.06%, 9, 0, 9, 350.04
1734499479, 25, 17, 79, 0, 0, 0.06%, 9, 0, 9, 288.76
1734499484, 25, 28, 79, 0, 0, 0.06%, 9, 0, 9, 320.36
1734499489, 25, 39, 79, 0, 0, 0.06%, 9, 0, 9, 331.35
1734499494, 25, 40, 79, 0, 0, 0.06%, 9, 0, 9, 328.32
1734499499, 25, 41, 79, 0, 0, 0.06%, 9, 0, 9, 307.82
1734499504, 25, 48, 79, 0, 0, 0.06%, 9, 0, 9, 316.91
1734499509, 25, 49, 79, 0, 0, 0.06%, 9, 0, 9, 295.14
1734499514, 25, 50, 79, 0, 0, 0.06%, 9, 0, 9, 328.41
1734499519, 25, 51, 79, 0, 0, 0.06%, 9, 0, 9, 380.48
1734499529, 25, 61, 79, 0, 0, 0.06%, 9, 0, 9, 371.09
1734499534, 25, 62, 79, 0, 0, 0.06%, 9, 0, 9, 312.11
1734499544, 25, 63, 79, 0, 0, 0.06%, 9, 0, 9, 338.71
1734499549, 25, 64, 79, 0, 0, 0.06%, 9, 0, 9, 371.46
1734499554, 25, 65, 79, 0, 0, 0.06%, 9, 0, 9, 325.38
1734499565, 25, 68, 79, 0, 0, 0.06%, 9, 0, 9, 350.26
1734499570, 25, 69, 79, 0, 0, 0.06%, 9, 0, 9, 307.83
1734499580, 25, 70, 79, 0, 0, 0.06%, 9, 0, 9, 389.16
1734499585, 25, 71, 79, 0, 0, 0.06%, 9, 0, 9, 335.68
1734499595, 25, 72, 79, 0, 0, 0.06%, 9, 0, 9, 371.31
1734499605, 25, 73, 79, 0, 0, 0.06%, 9, 0, 9, 363.32
1734499610, 26, 17, 79, 0, 0, 0.06%, 9, 0, 9, 296.57
1734499615, 26, 28, 79, 0, 0, 0.06%, 9, 0, 9, 333.77
1734499620, 26, 39, 79, 0, 0, 0.06%, 9, 0, 9, 325.60
1734499625, 26, 41, 79, 0, 0, 0.06%, 9, 0, 9, 333.45
1734499630, 26, 43, 79, 0, 0, 0.06%, 9, 0, 9, 335.11
1734499636, 26, 48, 79, 0, 0, 0.06%, 9, 0, 9, 336.09
1734499641, 26, 49, 79, 0, 0, 0.06%, 9, 0, 9, 336.56
1734499646, 26, 50, 79, 0, 0, 0.06%, 9, 0, 9, 333.95
1734499651, 26, 51, 79, 0, 0, 0.06%, 9, 0, 9, 307.44
1734499661, 26, 61, 79, 0, 0, 0.06%, 9, 0, 9, 349.03
1734499666, 26, 62, 79, 0, 0, 0.06%, 9, 0, 9, 315.26
1734499671, 26, 63, 79, 0, 0, 0.06%, 9, 0, 9, 303.01
1734499681, 26, 64, 79, 0, 0, 0.06%, 9, 0, 9, 360.93
1734499687, 26, 65, 79, 0, 0, 0.06%, 9, 0, 9, 304.50
1734499697, 26, 68, 79, 0, 0, 0.06%, 9, 0, 9, 373.40
1734499702, 26, 69, 79, 0, 0, 0.06%, 9, 0, 9, 331.83
1734499712, 26, 70, 79, 0, 0, 0.06%, 9, 0, 9, 402.31
1734499717, 26, 71, 79, 0, 0, 0.06%, 9, 0, 9, 335.68
1734499727, 26, 72, 79, 0, 0, 0.06%, 9, 0, 9, 391.25
1734499738, 26, 73, 79, 0, 0, 0.06%, 9, 0, 9, 352.95
1734499743, 27, 17, 79, 0, 0, 0.06%, 9, 0, 9, 318.62
1734499748, 27, 28, 79, 0, 0, 0.06%, 9, 0, 9, 321.41
1734499753, 27, 39, 79, 0, 0, 0.06%, 9, 0, 9, 325.44
1734499758, 27, 40, 79, 0, 0, 0.06%, 9, 0, 9, 319.84
1734499763, 27, 41, 79, 0, 0, 0.06%, 9, 0, 9, 303.01
1734499768, 27, 43, 79, 0, 0, 0.06%, 9, 0, 9, 304.94
1734499773, 27, 48, 79, 0, 0, 0.06%, 9, 0, 9, 288.44
1734499778, 27, 50, 79, 0, 0, 0.06%, 9, 0, 9, 317.97
1734499783, 27, 51, 79, 0, 0, 0.06%, 9, 0, 9, 383.47
1734499793, 27, 61, 79, 0, 0, 0.06%, 9, 0, 9, 362.10
1734499798, 27, 62, 79, 0, 0, 0.06%, 9, 0, 9, 297.19
1734499808, 27, 63, 79, 0, 0, 0.06%, 9, 0, 9, 323.23
1734499814, 27, 64, 79, 0, 0, 0.06%, 9, 0, 9, 373.15
1734499824, 27, 65, 79, 0, 0, 0.06%, 9, 0, 9, 333.17
1734499829, 27, 68, 79, 0, 0, 0.06%, 9, 0, 9, 380.34
1734499834, 27, 69, 79, 0, 0, 0.06%, 9, 0, 9, 347.71
1734499844, 27, 70, 79, 0, 0, 0.06%, 9, 0, 9, 364.76
1734499854, 27, 71, 79, 0, 0, 0.06%, 9, 0, 9, 386.29
1734499859, 27, 72, 79, 0, 0, 0.06%, 9, 0, 9, 323.32
1734499869, 27, 73, 79, 0, 0, 0.06%, 9, 0, 9, 373.45
1734499874, 28, 17, 79, 0, 0, 0.06%, 9, 0, 9, 338.92
1734499879, 28, 28, 79, 0, 0, 0.06%, 9, 0, 9, 348.14
1734499884, 28, 39, 79, 0, 0, 0.06%, 9, 0, 9, 366.03
1734499889, 28, 40, 79, 0, 0, 0.06%, 9, 0, 9, 352.73
1734499895, 28, 41, 79, 0, 0, 0.06%, 9, 0, 9, 331.89
1734499900, 28, 43, 79, 0, 0, 0.06%, 9, 0, 9, 343.22
1734499905, 28, 49, 79, 0, 0, 0.06%, 9, 0, 9, 306.41
1734499910, 28, 50, 79, 0, 0, 0.06%, 9, 0, 9, 350.90
1734499915, 28, 51, 79, 0, 0, 0.06%, 9, 0, 9, 354.96
1734499925, 28, 61, 79, 0, 0, 0.06%, 9, 0, 9, 358.83
1734499930, 28, 62, 79, 0, 0, 0.06%, 9, 0, 9, 322.38
1734499940, 28, 63, 79, 0, 0, 0.06%, 9, 0, 9, 335.60
1734499945, 28, 64, 79, 0, 0, 0.06%, 9, 0, 9, 354.20
1734499950, 28, 65, 79, 0, 0, 0.06%, 9, 0, 9, 345.94
1734499961, 28, 68, 79, 0, 0, 0.06%, 9, 0, 9, 375.34
1734499966, 28, 69, 79, 0, 0, 0.06%, 9, 0, 9, 324.44
1734499976, 28, 70, 79, 0, 0, 0.06%, 9, 0, 9, 380.57
1734499981, 28, 71, 79, 0, 0, 0.06%, 9, 0, 9, 316.72
1734499991, 28, 72, 79, 0, 0, 0.06%, 9, 0, 9, 389.46
1734499996, 28, 73, 79, 0, 0, 0.06%, 9, 0, 9, 345.30
1734500006, 29, 17, 79, 0, 0, 0.06%, 9, 0, 9, 293.90
1734500011, 29, 28, 79, 0, 0, 0.06%, 9, 0, 9, 337.23
1734500017, 29, 39, 79, 0, 0, 0.06%, 9, 0, 9, 338.94
1734500022, 29, 41, 79, 0, 0, 0.06%, 9, 0, 9, 336.97
1734500027, 29, 43, 79, 0, 0, 0.06%, 9, 0, 9, 354.95
1734500032, 29, 48, 79, 0, 0, 0.06%, 9, 0, 9, 343.95
1734500037, 29, 49, 79, 0, 0, 0.06%, 9, 0, 9, 347.88
1734500042, 29, 50, 79, 0, 0, 0.06%, 9, 0, 9, 343.27
1734500047, 29, 51, 79, 0, 0, 0.06%, 9, 0, 9, 302.25
1734500057, 29, 61, 79, 0, 0, 0.06%, 9, 0, 9, 338.64
1734500062, 29, 62, 79, 0, 0, 0.06%, 9, 0, 9, 311.76
1734500067, 29, 63, 79, 0, 0, 0.06%, 9, 0, 9, 331.21
1734500078, 29, 64, 79, 0, 0, 0.06%, 9, 0, 9, 337.20
1734500083, 29, 65, 79, 0, 0, 0.06%, 9, 0, 9, 364.89
1734500088, 29, 68, 79, 0, 0, 0.06%, 9, 0, 9, 318.25
1734500098, 29, 69, 79, 0, 0, 0.06%, 9, 0, 9, 376.23
1734500103, 29, 70, 79, 0, 0, 0.06%, 9, 0, 9, 384.97
1734500113, 29, 71, 79, 0, 0, 0.06%, 9, 0, 9, 387.48
1734500123, 29, 72, 79, 0, 0, 0.06%, 9, 0, 9, 351.59
1734500128, 29, 73, 79, 0, 0, 0.06%, 9, 0, 9, 330.14
1734500139, 30, 17, 79, 0, 0, 0.06%, 9, 0, 9, 299.23
1734500144, 30, 28, 79, 0, 0, 0.06%, 9, 0, 9, 310.13
1734500149, 30, 40, 79, 0, 0, 0.06%, 9, 0, 9, 313.50
1734500154, 30, 41, 79, 0, 0, 0.06%, 9, 0, 9, 318.59
1734500159, 30, 43, 79, 0, 0, 0.06%, 9, 0, 9, 313.68
1734500164, 30, 48, 79, 0, 0, 0.06%, 9, 0, 9, 346.30
1734500169, 30, 49, 79, 0, 0, 0.06%, 9, 0, 9, 340.43
1734500174, 30, 50, 79, 0, 0, 0.06%, 9, 0, 9, 352.04
1734500179, 30, 51, 79, 0, 0, 0.06%, 9, 0, 9, 289.65
1734500189, 30, 61, 79, 0, 0, 0.06%, 9, 0, 9, 340.42
1734500194, 30, 62, 79, 0, 0, 0.06%, 9, 0, 9, 320.26
1734500199, 30, 63, 79, 0, 0, 0.06%, 9, 0, 9, 349.21
1734500209, 30, 64, 79, 0, 0, 0.06%, 9, 0, 9, 360.89
1734500214, 30, 65, 79, 0, 0, 0.06%, 9, 0, 9, 373.96
1734500219, 30, 68, 79, 0, 0, 0.06%, 9, 0, 9, 308.62
1734500230, 30, 69, 79, 0, 0, 0.06%, 9, 0, 9, 377.03
1734500235, 30, 69, 80, 1, 0, 0.06%, 9, 0, 9, 359.46
1734500240, 30, 70, 80, 1, 0, 0.06%, 9, 0, 9, 385.91
1734500245, 30, 71, 80, 1, 0, 0.06%, 9, 0, 9, 375.80
1734500255, 30, 72, 80, 1, 0, 0.06%, 9, 0, 9, 372.63
1734500260, 30, 73, 80, 1, 0, 0.06%, 9, 0, 9, 327.21
1734500270, 30, 79, 81, 2, 0, 0.06%, 9, 0, 10, 425.21
1734500373, 30, 80, 81, 1, 0, 0.06%, 9, 0, 10, 432.56
1734500480, 31, 17, 81, 0, 0, 0.06%, 9, 0, 10, 301.85
1734500485, 31, 28, 81, 0, 0, 0.06%, 9, 0, 10, 333.76
1734500490, 31, 39, 81, 0, 0, 0.06%, 9, 0, 10, 332.05
1734500495, 31, 40, 81, 0, 0, 0.06%, 9, 0, 10, 332.28
1734500500, 31, 41, 81, 0, 0, 0.06%, 9, 0, 10, 310.02
1734500505, 31, 48, 81, 0, 0, 0.06%, 9, 0, 10, 342.95
1734500510, 31, 49, 81, 0, 0, 0.06%, 9, 0, 10, 358.51
1734500515, 31, 50, 81, 0, 0, 0.06%, 9, 0, 10, 358.24
1734500520, 31, 51, 81, 0, 0, 0.06%, 9, 0, 10, 319.05
1734500530, 31, 61, 81, 0, 0, 0.06%, 9, 0, 10, 355.18
1734500535, 31, 62, 81, 0, 0, 0.06%, 9, 0, 10, 316.49
1734500540, 31, 63, 81, 0, 0, 0.06%, 9, 0, 10, 295.27
1734500551, 31, 64, 81, 0, 0, 0.06%, 9, 0, 10, 264.37
1734500561, 31, 65, 81, 0, 0, 0.06%, 9, 0, 10, 325.22
1734500566, 31, 68, 81, 0, 0, 0.06%, 9, 0, 10, 334.31
1734500576, 31, 69, 81, 0, 0, 0.06%, 9, 0, 10, 375.42
1734500581, 31, 70, 81, 0, 0, 0.06%, 9, 0, 10, 325.81
1734500591, 31, 71, 81, 0, 0, 0.06%, 9, 0, 10, 400.85
1734500596, 31, 72, 81, 0, 0, 0.06%, 9, 0, 10, 350.20
1734500606, 31, 73, 81, 0, 0, 0.06%, 9, 0, 10, 314.49
1734500616, 31, 79, 81, 0, 0, 0.06%, 9, 0, 10, 436.25
1734500642, 31, 80, 81, 0, 0, 0.06%, 9, 0, 10, 422.38
1734500662, 32, 17, 81, 0, 0, 0.06%, 9, 0, 10, 349.27
1734500672, 32, 39, 81, 0, 0, 0.06%, 9, 0, 10, 305.81
1734500677, 32, 40, 81, 0, 0, 0.06%, 9, 0, 10, 348.42
1734500682, 32, 41, 81, 0, 0, 0.06%, 9, 0, 10, 335.23
1734500688, 32, 43, 81, 0, 0, 0.06%, 9, 0, 10, 344.93
1734500693, 32, 48, 81, 0, 0, 0.06%, 9, 0, 10, 304.43
1734500698, 32, 49, 81, 0, 0, 0.06%, 9, 0, 10, 316.42
1734500703, 32, 50, 81, 0, 0, 0.06%, 9, 0, 10, 331.28
1734500708, 32, 51, 81, 0, 0, 0.06%, 9, 0, 10, 309.24
1734500713, 32, 61, 81, 0, 0, 0.06%, 9, 0, 10, 338.65
1734500718, 32, 62, 81, 0, 0, 0.06%, 9, 0, 10, 346.84
1734500728, 32, 63, 81, 0, 0, 0.06%, 9, 0, 10, 365.51
1734500733, 32, 64, 81, 0, 0, 0.06%, 9, 0, 10, 319.89
1734500743, 32, 65, 81, 0, 0, 0.06%, 9, 0, 10, 332.16
1734500748, 32, 68, 81, 0, 0, 0.06%, 9, 0, 10, 323.93
1734500758, 32, 69, 81, 0, 0, 0.06%, 9, 0, 10, 391.25
1734500764, 32, 70, 81, 0, 0, 0.06%, 9, 0, 10, 327.18
1734500774, 32, 71, 81, 0, 0, 0.06%, 9, 0, 10, 381.87
1734500779, 32, 72, 81, 0, 0, 0.06%, 9, 0, 10, 324.68
1734500789, 32, 73, 81, 0, 0, 0.06%, 9, 0, 10, 380.84
1734500799, 32, 79, 81, 0, 0, 0.06%, 9, 0, 10, 441.13
1734500824, 32, 80, 81, 0, 0, 0.06%, 9, 0, 10, 417.86
1734500850, 33, 17, 81, 0, 0, 0.06%, 9, 0, 10, 303.55
1734500855, 33, 28, 81, 0, 0, 0.06%, 9, 0, 10, 335.46
1734500860, 33, 40, 81, 0, 0, 0.06%, 9, 0, 10, 325.90
1734500865, 33, 41, 81, 0, 0, 0.06%, 9, 0, 10, 330.91
1734500870, 33, 43, 81, 0, 0, 0.06%, 9, 0, 10, 361.70
1734500875, 33, 48, 81, 0, 0, 0.06%, 9, 0, 10, 336.31
1734500880, 33, 49, 81, 0, 0, 0.06%, 9, 0, 10, 338.95
1734500885, 33, 50, 81, 0, 0, 0.06%, 9, 0, 10, 330.66
1734500890, 33, 51, 81, 0, 0, 0.06%, 9, 0, 10, 347.46
1734500895, 33, 61, 81, 0, 0, 0.06%, 9, 0, 10, 330.26
1734500900, 33, 62, 81, 0, 0, 0.06%, 9, 0, 10, 330.29
1734500911, 33, 63, 81, 0, 0, 0.06%, 9, 0, 10, 359.59
1734500916, 33, 64, 81, 0, 0, 0.06%, 9, 0, 10, 323.84
1734500926, 33, 65, 81, 0, 0, 0.06%, 9, 0, 10, 352.82
1734500931, 33, 68, 81, 0, 0, 0.06%, 9, 0, 10, 344.09
1734500941, 33, 69, 81, 0, 0, 0.06%, 9, 0, 10, 391.72
1734500946, 33, 70, 81, 0, 0, 0.06%, 9, 0, 10, 336.76
1734500956, 33, 71, 81, 0, 0, 0.06%, 9, 0, 10, 399.90
1734500961, 33, 72, 81, 0, 0, 0.06%, 9, 0, 10, 352.37
1734500972, 33, 73, 81, 0, 0, 0.06%, 9, 0, 10, 344.55
1734500982, 33, 79, 81, 0, 0, 0.06%, 9, 0, 10, 411.59
1734501007, 33, 80, 81, 0, 0, 0.06%, 9, 0, 10, 368.21
1734501033, 34, 17, 81, 0, 0, 0.06%, 9, 0, 10, 310.02
1734501038, 34, 28, 81, 0, 0, 0.06%, 9, 0, 10, 342.85
1734501043, 34, 39, 81, 0, 0, 0.06%, 9, 0, 10, 350.74
1734501048, 34, 40, 81, 0, 0, 0.06%, 9, 0, 10, 324.79
1734501053, 34, 41, 81, 0, 0, 0.06%, 9, 0, 10, 307.88
1734501058, 34, 43, 81, 0, 0, 0.06%, 9, 0, 10, 320.33
1734501063, 34, 48, 81, 0, 0, 0.06%, 9, 0, 10, 319.73
1734501068, 34, 49, 81, 0, 0, 0.06%, 9, 0, 10, 314.56
1734501073, 34, 50, 81, 0, 0, 0.06%, 9, 0, 10, 307.70
1734501078, 34, 51, 81, 0, 0, 0.06%, 9, 0, 10, 326.00
1734501083, 34, 61, 81, 0, 0, 0.06%, 9, 0, 10, 338.31
1734501088, 34, 62, 81, 0, 0, 0.06%, 9, 0, 10, 357.55
1734501099, 34, 63, 81, 0, 0, 0.06%, 9, 0, 10, 339.80
1734501104, 34, 64, 81, 0, 0, 0.06%, 9, 0, 10, 312.78
1734501114, 34, 65, 81, 0, 0, 0.06%, 9, 0, 10, 339.70
1734501119, 34, 68, 81, 0, 0, 0.06%, 9, 0, 10, 359.27
1734501129, 34, 69, 81, 0, 0, 0.06%, 9, 0, 10, 396.98
1734501134, 34, 70, 81, 0, 0, 0.06%, 9, 0, 10, 335.65
1734501144, 34, 71, 81, 0, 0, 0.06%, 9, 0, 10, 384.65
1734501149, 34, 72, 81, 0, 0, 0.06%, 9, 0, 10, 317.40
1734501159, 34, 73, 81, 0, 0, 0.06%, 9, 0, 10, 397.25
1734501164, 34, 79, 81, 0, 0, 0.06%, 9, 0, 10, 323.07
1734501190, 34, 80, 81, 0, 0, 0.06%, 9, 0, 10, 351.76
1734501220, 35, 17, 81, 0, 0, 0.06%, 9, 0, 10, 290.95
1734501225, 35, 39, 81, 0, 0, 0.06%, 9, 0, 10, 320.43
1734501231, 35, 40, 81, 0, 0, 0.06%, 9, 0, 10, 357.88
1734501236, 35, 41, 81, 0, 0, 0.06%, 9, 0, 10, 347.19
1734501241, 35, 43, 81, 0, 0, 0.06%, 9, 0, 10, 355.12
1734501246, 35, 48, 81, 0, 0, 0.06%, 9, 0, 10, 308.98
1734501251, 35, 49, 81, 0, 0, 0.06%, 9, 0, 10, 312.45
1734501256, 35, 50, 81, 0, 0, 0.06%, 9, 0, 10, 328.21
1734501261, 35, 51, 81, 0, 0, 0.06%, 9, 0, 10, 363.25
1734501266, 35, 61, 81, 0, 0, 0.06%, 9, 0, 10, 302.78
1734501271, 35, 62, 81, 0, 0, 0.06%, 9, 0, 10, 315.28
1734501281, 35, 63, 81, 0, 0, 0.06%, 9, 0, 10, 332.62
1734501286, 35, 64, 81, 0, 0, 0.06%, 9, 0, 10, 335.95
1734501296, 35, 65, 81, 0, 0, 0.06%, 9, 0, 10, 358.97
1734501301, 35, 68, 81, 0, 0, 0.06%, 9, 0, 10, 311.87
1734501312, 35, 69, 81, 0, 0, 0.06%, 9, 0, 10, 397.83
1734501317, 35, 70, 81, 0, 0, 0.06%, 9, 0, 10, 351.71
1734501327, 35, 71, 81, 0, 0, 0.06%, 9, 0, 10, 382.82
1734501332, 35, 72, 81, 0, 0, 0.06%, 9, 0, 10, 344.14
1734501342, 35, 73, 81, 0, 0, 0.06%, 9, 0, 10, 336.69
1734501352, 35, 79, 81, 0, 0, 0.06%, 9, 0, 10, 402.04
1734501377, 35, 80, 81, 0, 0, 0.06%, 9, 0, 10, 431.54
1734501402, 36, 17, 81, 0, 0, 0.06%, 9, 0, 10, 328.95
1734501407, 36, 39, 81, 0, 0, 0.06%, 9, 0, 10, 342.10
1734501413, 36, 40, 81, 0, 0, 0.06%, 9, 0, 10, 363.02
1734501418, 36, 41, 81, 0, 0, 0.06%, 9, 0, 10, 328.91
1734501423, 36, 43, 81, 0, 0, 0.06%, 9, 0, 10, 332.35
1734501428, 36, 48, 81, 0, 0, 0.06%, 9, 0, 10, 324.60
1734501433, 36, 49, 81, 0, 0, 0.06%, 9, 0, 10, 331.56
1734501438, 36, 50, 81, 0, 0, 0.06%, 9, 0, 10, 343.69
1734501443, 36, 51, 81, 0, 0, 0.06%, 9, 0, 10, 359.82
1734501448, 36, 61, 81, 0, 0, 0.06%, 9, 0, 10, 307.99
1734501453, 36, 62, 81, 0, 0, 0.06%, 9, 0, 10, 331.50
1734501463, 36, 63, 81, 0, 0, 0.06%, 9, 0, 10, 358.79
1734501468, 36, 64, 81, 0, 0, 0.06%, 9, 0, 10, 314.67
1734501478, 36, 65, 81, 0, 0, 0.06%, 9, 0, 10, 357.88
1734501483, 36, 68, 81, 0, 0, 0.06%, 9, 0, 10, 354.40
1734501494, 36, 69, 81, 0, 0, 0.06%, 9, 0, 10, 391.50
1734501499, 36, 70, 81, 0, 0, 0.06%, 9, 0, 10, 350.36
1734501509, 36, 71, 81, 0, 0, 0.06%, 9, 0, 10, 402.13
1734501514, 36, 72, 81, 0, 0, 0.06%, 9, 0, 10, 358.09
1734501524, 36, 73, 81, 0, 0, 0.06%, 9, 0, 10, 351.40
1734501534, 36, 79, 81, 0, 0, 0.06%, 9, 0, 10, 431.41
1734501559, 36, 80, 81, 0, 0, 0.06%, 9, 0, 10, 408.17
1734501585, 37, 17, 81, 0, 0, 0.06%, 9, 0, 10, 332.49
1734501590, 37, 28, 81, 0, 0, 0.06%, 9, 0, 10, 315.87
1734501595, 37, 39, 81, 0, 0, 0.06%, 9, 0, 10, 305.66
1734501600, 37, 40, 81, 0, 0, 0.06%, 9, 0, 10, 316.64
1734501605, 37, 43, 81, 0, 0, 0.06%, 9, 0, 10, 303.02
1734501610, 37, 48, 81, 0, 0, 0.06%, 9, 0, 10, 332.22
1734501615, 37, 49, 81, 0, 0, 0.06%, 9, 0, 10, 336.16
1734501620, 37, 50, 81, 0, 0, 0.06%, 9, 0, 10, 352.84
1734501625, 37, 51, 81, 0, 0, 0.06%, 9, 0, 10, 331.67
1734501636, 37, 61, 81, 0, 0, 0.06%, 9, 0, 10, 350.50
1734501641, 37, 62, 81, 0, 0, 0.06%, 9, 0, 10, 306.90
1734501646, 37, 63, 81, 0, 0, 0.06%, 9, 0, 10, 311.19
1734501656, 37, 64, 81, 0, 0, 0.06%, 9, 0, 10, 349.81
1734501666, 37, 65, 81, 0, 0, 0.06%, 9, 0, 10, 292.62
1734501671, 37, 68, 81, 0, 0, 0.06%, 9, 0, 10, 378.99
1734501676, 37, 69, 81, 0, 0, 0.06%, 9, 0, 10, 356.48
1734501687, 37, 70, 81, 0, 0, 0.06%, 9, 0, 10, 353.97
1734501697, 37, 71, 81, 0, 0, 0.06%, 9, 0, 10, 379.17
1734501702, 37, 72, 81, 0, 0, 0.06%, 9, 0, 10, 296.63
1734501712, 37, 73, 81, 0, 0, 0.06%, 9, 0, 10, 388.85
1734501717, 37, 79, 81, 0, 0, 0.06%, 9, 0, 10, 312.59
1734501732, 37, 80, 81, 0, 0, 0.06%, 9, 0, 10, 367.43
1734501747, 38, 17, 81, 0, 0, 0.06%, 9, 0, 10, 305.79
1734501753, 38, 28, 81, 0, 0, 0.06%, 9, 0, 10, 313.62
1734501758, 38, 40, 81, 0, 0, 0.06%, 9, 0, 10, 341.53
1734501763, 38, 41, 81, 0, 0, 0.06%, 9, 0, 10, 342.10
1734501768, 38, 43, 81, 0, 0, 0.06%, 9, 0, 10, 358.94
1734501773, 38, 48, 81, 0, 0, 0.06%, 9, 0, 10, 333.60
1734501778, 38, 49, 81, 0, 0, 0.06%, 9, 0, 10, 332.63
1734501783, 38, 50, 81, 0, 0, 0.06%, 9, 0, 10, 317.80
1734501788, 38, 51, 81, 0, 0, 0.06%, 9, 0, 10, 333.43
1734501793, 38, 61, 81, 0, 0, 0.06%, 9, 0, 10, 327.74
1734501799, 38, 62, 81, 0, 0, 0.06%, 9, 0, 10, 315.87
1734501809, 38, 63, 81, 0, 0, 0.06%, 9, 0, 10, 351.70
1734501814, 38, 64, 81, 0, 0, 0.06%, 9, 0, 10, 315.04
1734501824, 38, 65, 81, 0, 0, 0.06%, 9, 0, 10, 340.51
1734501829, 38, 68, 81, 0, 0, 0.06%, 9, 0, 10, 354.09
1734501839, 38, 69, 81, 0, 0, 0.06%, 9, 0, 10, 376.53
1734501844, 38, 70, 81, 0, 0, 0.06%, 9, 0, 10, 342.52
1734501855, 38, 71, 81, 0, 0, 0.06%, 9, 0, 10, 365.27
1734501860, 38, 72, 81, 0, 0, 0.06%, 9, 0, 10, 319.81
1734501870, 38, 73, 81, 0, 0, 0.06%, 9, 0, 10, 372.53
1734501875, 38, 79, 81, 0, 0, 0.06%, 9, 0, 10, 345.20
1734501890, 38, 80, 81, 0, 0, 0.06%, 9, 0, 10, 400.53
1734501905, 39, 17, 81, 0, 0, 0.06%, 9, 0, 10, 319.11
1734501911, 39, 39, 81, 0, 0, 0.06%, 9, 0, 10, 365.59
1734501916, 39, 40, 81, 0, 0, 0.06%, 9, 0, 10, 354.82
1734501921, 39, 41, 81, 0, 0, 0.06%, 9, 0, 10, 330.41
1734501926, 39, 43, 81, 0, 0, 0.06%, 9, 0, 10, 351.80
1734501931, 39, 48, 81, 0, 0, 0.06%, 9, 0, 10, 316.69
1734501936, 39, 49, 81, 0, 0, 0.06%, 9, 0, 10, 324.18
1734501941, 39, 50, 81, 0, 0, 0.06%, 9, 0, 10, 341.72
1734501946, 39, 51, 81, 0, 0, 0.06%, 9, 0, 10, 342.68
1734501951, 39, 61, 81, 0, 0, 0.06%, 9, 0, 10, 324.90
1734501956, 39, 62, 81, 0, 0, 0.06%, 9, 0, 10, 352.14
1734501966, 39, 63, 81, 0, 0, 0.06%, 9, 0, 10, 365.11
1734501971, 39, 64, 81, 0, 0, 0.06%, 9, 0, 10, 338.28
1734501981, 39, 65, 81, 0, 0, 0.06%, 9, 0, 10, 360.86
1734501986, 39, 68, 81, 0, 0, 0.06%, 9, 0, 10, 302.90
1734501997, 39, 69, 81, 0, 0, 0.06%, 9, 0, 10, 371.76
1734502002, 39, 70, 81, 0, 0, 0.06%, 9, 0, 10, 364.39
1734502012, 39, 71, 81, 0, 0, 0.06%, 9, 0, 10, 396.37
1734502017, 39, 72, 81, 0, 0, 0.06%, 9, 0, 10, 337.91
1734502027, 39, 73, 81, 0, 0, 0.06%, 9, 0, 10, 407.51
1734502032, 39, 79, 81, 0, 0, 0.06%, 9, 0, 10, 351.15
1734502042, 39, 80, 81, 0, 0, 0.06%, 9, 0, 10, 393.33
1734502047, 40, 17, 81, 0, 0, 0.06%, 9, 0, 10, 339.32
1734502052, 40, 28, 81, 0, 0, 0.06%, 9, 0, 10, 351.74
1734502057, 40, 39, 81, 0, 0, 0.06%, 9, 0, 10, 347.93
1734502063, 40, 40, 81, 0, 0, 0.06%, 9, 0, 10, 340.57
1734502068, 40, 41, 81, 0, 0, 0.06%, 9, 0, 10, 329.38
1734502073, 40, 43, 81, 0, 0, 0.06%, 9, 0, 10, 333.67
1734502078, 40, 48, 81, 0, 0, 0.06%, 9, 0, 10, 322.13
1734502083, 40, 49, 81, 0, 0, 0.06%, 9, 0, 10, 323.05
1734502088, 40, 51, 81, 0, 0, 0.06%, 9, 0, 10, 395.30
1734502098, 40, 61, 81, 0, 0, 0.06%, 9, 0, 10, 376.71
1734502103, 40, 62, 81, 0, 0, 0.06%, 9, 0, 10, 317.06
1734502113, 40, 63, 81, 0, 0, 0.06%, 9, 0, 10, 313.47
1734502118, 40, 64, 81, 0, 0, 0.06%, 9, 0, 10, 295.23
1734502128, 40, 65, 81, 0, 0, 0.06%, 9, 0, 10, 340.81
1734502133, 40, 68, 81, 0, 0, 0.06%, 9, 0, 10, 346.75
1734502143, 40, 69, 81, 0, 0, 0.06%, 9, 0, 10, 386.27
1734502148, 40, 70, 81, 0, 0, 0.06%, 9, 0, 10, 314.47
1734502159, 40, 71, 81, 0, 0, 0.06%, 9, 0, 10, 402.55
1734502164, 40, 72, 81, 0, 0, 0.06%, 9, 0, 10, 362.73
1734502174, 40, 73, 81, 0, 0, 0.06%, 9, 0, 10, 340.88
1734502184, 40, 79, 81, 0, 0, 0.06%, 9, 0, 10, 360.26
1734502189, 40, 80, 81, 0, 0, 0.06%, 9, 0, 10, 347.00
1734502199, 41, 17, 81, 0, 0, 0.06%, 9, 0, 10, 318.39
1734502204, 41, 39, 81, 0, 0, 0.06%, 9, 0, 10, 343.70
1734502209, 41, 40, 81, 0, 0, 0.06%, 9, 0, 10, 362.33
1734502215, 41, 41, 81, 0, 0, 0.06%, 9, 0, 10, 323.53
1734502220, 41, 43, 81, 0, 0, 0.06%, 9, 0, 10, 357.00
1734502225, 41, 48, 81, 0, 0, 0.06%, 9, 0, 10, 324.94
1734502230, 41, 49, 81, 0, 0, 0.06%, 9, 0, 10, 326.44
1734502235, 41, 50, 81, 0, 0, 0.06%, 9, 0, 10, 328.36
1734502240, 41, 51, 81, 0, 0, 0.06%, 9, 0, 10, 342.96
1734502245, 41, 61, 81, 0, 0, 0.06%, 9, 0, 10, 310.78
1734502250, 41, 62, 81, 0, 0, 0.06%, 9, 0, 10, 337.82
1734502260, 41, 63, 81, 0, 0, 0.06%, 9, 0, 10, 352.28
1734502265, 41, 64, 81, 0, 0, 0.06%, 9, 0, 10, 313.25
1734502275, 41, 65, 81, 0, 0, 0.06%, 9, 0, 10, 345.54
1734502280, 41, 68, 81, 0, 0, 0.06%, 9, 0, 10, 308.26
1734502290, 41, 69, 81, 0, 0, 0.06%, 9, 0, 10, 405.33
1734502295, 41, 70, 81, 0, 0, 0.06%, 9, 0, 10, 343.54
1734502306, 41, 71, 81, 0, 0, 0.06%, 9, 0, 10, 378.67
1734502311, 41, 72, 81, 0, 0, 0.06%, 9, 0, 10, 347.48
1734502321, 41, 73, 81, 0, 0, 0.06%, 9, 0, 10, 346.58
1734502331, 41, 79, 81, 0, 0, 0.06%, 9, 0, 10, 358.70
1734502336, 41, 80, 81, 0, 0, 0.06%, 9, 0, 10, 348.96
1734502346, 42, 17, 81, 0, 0, 0.06%, 9, 0, 10, 315.43
1734502351, 42, 39, 81, 0, 0, 0.06%, 9, 0, 10, 332.94
1734502356, 42, 40, 81, 0, 0, 0.06%, 9, 0, 10, 365.01
1734502361, 42, 41, 81, 0, 0, 0.06%, 9, 0, 10, 337.52
1734502366, 42, 43, 81, 0, 0, 0.06%, 9, 0, 10, 345.19
1734502371, 42, 48, 81, 0, 0, 0.06%, 9, 0, 10, 318.54
1734502376, 42, 49, 81, 0, 0, 0.06%, 9, 0, 10, 315.60
1734502382, 42, 50, 81, 0, 0, 0.06%, 9, 0, 10, 332.79
1734502387, 42, 51, 81, 0, 0, 0.06%, 9, 0, 10, 322.55
1734502392, 42, 61, 81, 0, 0, 0.06%, 9, 0, 10, 336.39
1734502397, 42, 62, 81, 0, 0, 0.06%, 9, 0, 10, 339.48
1734502407, 42, 63, 81, 0, 0, 0.06%, 9, 0, 10, 355.70
1734502412, 42, 64, 81, 0, 0, 0.06%, 9, 0, 10, 330.24
1734502422, 42, 65, 81, 0, 0, 0.06%, 9, 0, 10, 347.45
1734502427, 42, 68, 81, 0, 0, 0.06%, 9, 0, 10, 328.94
1734502438, 42, 69, 81, 0, 0, 0.06%, 9, 0, 10, 397.84
1734502443, 42, 70, 81, 0, 0, 0.06%, 9, 0, 10, 344.59
1734502453, 42, 71, 81, 0, 0, 0.06%, 9, 0, 10, 384.34
1734502458, 42, 72, 81, 0, 0, 0.06%, 9, 0, 10, 361.23
1734502468, 42, 73, 81, 0, 0, 0.06%, 9, 0, 10, 349.24
1734502478, 42, 79, 81, 0, 0, 0.06%, 9, 0, 10, 356.21
1734502483, 42, 80, 81, 0, 0, 0.06%, 9, 0, 10, 353.24
1734502493, 43, 17, 81, 0, 0, 0.06%, 9, 0, 10, 306.38
1734502498, 43, 39, 81, 0, 0, 0.06%, 9, 0, 10, 330.80
1734502503, 43, 40, 81, 0, 0, 0.06%, 9, 0, 10, 360.38
1734502508, 43, 41, 81, 0, 0, 0.06%, 9, 0, 10, 349.54
1734502514, 43, 43, 81, 0, 0, 0.06%, 9, 0, 10, 351.93
1734502519, 43, 48, 81, 0, 0, 0.06%, 9, 0, 10, 319.04
1734502524, 43, 49, 81, 0, 0, 0.06%, 9, 0, 10, 330.12
1734502529, 43, 50, 81, 0, 0, 0.06%, 9, 0, 10, 325.80
1734502534, 43, 51, 81, 0, 0, 0.06%, 9, 0, 10, 318.62
1734502539, 43, 62, 81, 0, 0, 0.06%, 9, 0, 10, 320.78
1734502549, 43, 63, 81, 0, 0, 0.06%, 9, 0, 10, 365.53
1734502554, 43, 64, 81, 0, 0, 0.06%, 9, 0, 10, 317.33
1734502564, 43, 65, 81, 0, 0, 0.06%, 9, 0, 10, 348.69
1734502569, 43, 72, 81, 0, 0, 0.06%, 9, 0, 10, 302.19
1734502580, 44, 17, 81, 0, 0, 0.06%, 9, 0, 10, 301.62
1734502585, 44, 40, 81, 0, 0, 0.06%, 9, 0, 10, 330.73
1734502590, 44, 41, 81, 0, 0, 0.06%, 9, 0, 10, 324.55
1734502595, 44, 48, 81, 0, 0, 0.06%, 9, 0, 10, 304.41
1734502600, 44, 49, 81, 0, 0, 0.06%, 9, 0, 10, 333.51
1734502605, 44, 50, 81, 0, 0, 0.06%, 9, 0, 10, 344.32
1734502610, 44, 51, 81, 0, 0, 0.06%, 9, 0, 10, 362.68
1734502620, 44, 62, 81, 0, 0, 0.06%, 9, 0, 10, 324.88
1734502625, 44, 63, 81, 0, 0, 0.06%, 9, 0, 10, 297.27
1734502636, 44, 64, 81, 0, 0, 0.06%, 9, 0, 10, 356.18
1734502641, 44, 65, 81, 0, 0, 0.06%, 9, 0, 10, 350.62
1734502651, 44, 72, 81, 0, 0, 0.06%, 9, 0, 10, 363.11
1734502656, 45, 17, 81, 0, 0, 0.06%, 9, 0, 10, 310.46
1734502661, 45, 40, 81, 0, 0, 0.06%, 9, 0, 10, 333.95
1734502666, 45, 41, 81, 0, 0, 0.06%, 9, 0, 10, 327.68
1734502671, 45, 43, 81, 0, 0, 0.06%, 9, 0, 10, 352.50
1734502676, 45, 48, 81, 0, 0, 0.06%, 9, 0, 10, 322.88
1734502681, 45, 49, 81, 0, 0, 0.06%, 9, 0, 10, 320.24
1734502686, 45, 50, 81, 0, 0, 0.06%, 9, 0, 10, 335.03
1734502692, 45, 51, 81, 0, 0, 0.06%, 9, 0, 10, 279.79
1734502697, 45, 62, 81, 0, 0, 0.06%, 9, 0, 10, 342.80
1734502707, 45, 63, 81, 0, 0, 0.06%, 9, 0, 10, 356.04
1734502712, 45, 64, 81, 0, 0, 0.06%, 9, 0, 10, 335.21
1734502722, 45, 65, 81, 0, 0, 0.06%, 9, 0, 10, 367.78
1734502727, 45, 72, 81, 0, 0, 0.06%, 9, 0, 10, 313.45
1734502737, 46, 17, 81, 0, 0, 0.06%, 9, 0, 10, 295.64
1734502743, 46, 40, 81, 0, 0, 0.06%, 9, 0, 10, 323.69
1734502748, 46, 41, 81, 0, 0, 0.06%, 9, 0, 10, 310.07
1734502753, 46, 43, 81, 0, 0, 0.06%, 9, 0, 10, 329.77
1734502758, 46, 48, 81, 0, 0, 0.06%, 9, 0, 10, 303.00
1734502763, 46, 50, 81, 0, 0, 0.06%, 9, 0, 10, 334.77
1734502768, 46, 51, 81, 0, 0, 0.06%, 9, 0, 10, 402.77
1734502778, 46, 62, 81, 0, 0, 0.06%, 9, 0, 10, 317.44
1734502783, 46, 63, 81, 0, 0, 0.06%, 9, 0, 10, 309.74
1734502794, 46, 64, 81, 0, 0, 0.06%, 9, 0, 10, 349.25
1734502804, 46, 65, 81, 0, 0, 0.06%, 9, 0, 10, 327.60
1734502809, 46, 72, 81, 0, 0, 0.06%, 9, 0, 10, 348.56
1734502819, 47, 17, 81, 0, 0, 0.06%, 9, 0, 10, 296.42
1734502824, 47, 40, 81, 0, 0, 0.06%, 9, 0, 10, 313.72
1734502829, 47, 41, 81, 0, 0, 0.06%, 9, 0, 10, 312.57
1734502834, 47, 48, 81, 0, 0, 0.06%, 9, 0, 10, 347.80
1734502839, 47, 49, 81, 0, 0, 0.06%, 9, 0, 10, 349.84
1734502844, 47, 50, 81, 0, 0, 0.06%, 9, 0, 10, 353.04
1734502849, 47, 51, 81, 0, 0, 0.06%, 9, 0, 10, 327.83
1734502859, 47, 62, 81, 0, 0, 0.06%, 9, 0, 10, 320.46
1734502865, 47, 63, 81, 0, 0, 0.06%, 9, 0, 10, 353.21
1734502870, 47, 64, 81, 0, 0, 0.06%, 9, 0, 10, 349.86
1734502880, 47, 65, 81, 0, 0, 0.06%, 9, 0, 10, 380.85
1734502885, 47, 72, 81, 0, 0, 0.06%, 9, 0, 10, 315.21
1734502895, 48, 17, 81, 0, 0, 0.06%, 9, 0, 10, 310.94
1734502900, 48, 40, 81, 0, 0, 0.06%, 9, 0, 10, 320.36
1734502905, 48, 41, 81, 0, 0, 0.06%, 9, 0, 10, 315.82
1734502910, 48, 43, 81, 0, 0, 0.06%, 9, 0, 10, 324.24
1734502915, 48, 48, 81, 0, 0, 0.06%, 9, 0, 10, 298.76
1734502920, 48, 50, 81, 0, 0, 0.06%, 9, 0, 10, 312.57
1734502925, 48, 51, 81, 0, 0, 0.06%, 9, 0, 10, 378.75
1734502936, 48, 62, 81, 0, 0, 0.06%, 9, 0, 10, 324.36
1734502941, 48, 63, 81, 0, 0, 0.06%, 9, 0, 10, 309.84
1734502951, 48, 64, 81, 0, 0, 0.06%, 9, 0, 10, 365.20
1734502961, 48, 65, 81, 0, 0, 0.06%, 9, 0, 10, 327.19
1734502966, 48, 72, 81, 0, 0, 0.06%, 9, 0, 10, 382.03
1734502971, 49, 17, 81, 0, 0, 0.06%, 9, 0, 10, 359.37
1734502976, 49, 40, 81, 0, 0, 0.06%, 9, 0, 10, 346.99
1734502981, 49, 41, 81, 0, 0, 0.06%, 9, 0, 10, 338.26
1734502986, 49, 43, 81, 0, 0, 0.06%, 9, 0, 10, 341.76
1734502991, 49, 48, 81, 0, 0, 0.06%, 9, 0, 10, 315.81
1734502996, 49, 49, 81, 0, 0, 0.06%, 9, 0, 10, 322.93
1734503001, 49, 50, 81, 0, 0, 0.06%, 9, 0, 10, 319.57
1734503007, 49, 51, 81, 0, 0, 0.06%, 9, 0, 10, 274.91
1734503012, 49, 62, 81, 0, 0, 0.06%, 9, 0, 10, 338.85
1734503022, 49, 63, 81, 0, 0, 0.06%, 9, 0, 10, 364.40
1734503027, 49, 64, 81, 0, 0, 0.06%, 9, 0, 10, 325.52
1734503037, 49, 65, 81, 0, 0, 0.06%, 9, 0, 10, 340.68
1734503042, 49, 72, 81, 0, 0, 0.06%, 9, 0, 10, 298.18
1734503052, 50, 17, 81, 0, 0, 0.06%, 9, 0, 10, 312.92
1734503057, 50, 40, 81, 0, 0, 0.06%, 9, 0, 10, 309.23
1734503062, 50, 41, 81, 0, 0, 0.06%, 9, 0, 10, 323.07
1734503067, 50, 43, 81, 0, 0, 0.06%, 9, 0, 10, 339.21
1734503072, 50, 49, 81, 0, 0, 0.06%, 9, 0, 10, 313.81
1734503077, 50, 50, 81, 0, 0, 0.06%, 9, 0, 10, 323.11
1734503082, 50, 51, 81, 0, 0, 0.06%, 9, 0, 10, 385.01
1734503093, 50, 62, 81, 0, 0, 0.06%, 9, 0, 10, 313.56
1734503098, 50, 63, 81, 0, 0, 0.06%, 9, 0, 10, 315.23
1734503108, 50, 64, 81, 0, 0, 0.06%, 9, 0, 10, 346.21
1734503118, 50, 65, 81, 0, 0, 0.06%, 9, 0, 10, 338.60
1734503123, 50, 72, 81, 0, 0, 0.06%, 9, 0, 10, 374.41
1734503133, 51, 40, 81, 0, 0, 0.06%, 9, 0, 10, 304.84
1734503138, 51, 41, 81, 0, 0, 0.06%, 9, 0, 10, 328.28
1734503143, 51, 43, 81, 0, 0, 0.06%, 9, 0, 10, 359.66
1734503148, 51, 48, 81, 0, 0, 0.06%, 9, 0, 10, 341.89
1734503153, 51, 49, 81, 0, 0, 0.06%, 9, 0, 10, 319.35
1734503158, 51, 50, 81, 0, 0, 0.06%, 9, 0, 10, 351.06
1734503164, 51, 51, 81, 0, 0, 0.06%, 9, 0, 10, 330.33
1734503169, 51, 62, 81, 0, 0, 0.06%, 9, 0, 10, 317.19
1734503179, 51, 63, 81, 0, 0, 0.06%, 9, 0, 10, 364.97
1734503184, 51, 64, 81, 0, 0, 0.06%, 9, 0, 10, 318.29
1734503194, 51, 65, 81, 0, 0, 0.06%, 9, 0, 10, 355.75
1734503199, 51, 72, 81, 0, 0, 0.06%, 9, 0, 10, 314.07
1734503209, 52, 17, 81, 0, 0, 0.06%, 9, 0, 10, 304.29
1734503214, 52, 40, 81, 0, 0, 0.06%, 9, 0, 10, 319.96
1734503219, 52, 41, 81, 0, 0, 0.06%, 9, 0, 10, 306.93
1734503224, 52, 43, 81, 0, 0, 0.06%, 9, 0, 10, 337.02
1734503229, 52, 48, 81, 0, 0, 0.06%, 9, 0, 10, 299.95
1734503234, 52, 50, 81, 0, 0, 0.06%, 9, 0, 10, 321.08
1734503239, 52, 51, 81, 0, 0, 0.06%, 9, 0, 10, 353.54
1734503250, 52, 62, 81, 0, 0, 0.06%, 9, 0, 10, 321.32
1734503260, 52, 63, 81, 0, 0, 0.06%, 9, 0, 10, 347.14
1734503265, 52, 64, 81, 0, 0, 0.06%, 9, 0, 10, 327.20
1734503275, 52, 65, 81, 0, 0, 0.06%, 9, 0, 10, 327.97
1734503280, 52, 72, 81, 0, 0, 0.06%, 9, 0, 10, 294.71
1734503290, 53, 17, 81, 0, 0, 0.06%, 9, 0, 10, 303.38
1734503295, 53, 40, 81, 0, 0, 0.06%, 9, 0, 10, 323.29
1734503300, 53, 41, 81, 0, 0, 0.06%, 9, 0, 10, 317.33
1734503305, 53, 43, 81, 0, 0, 0.06%, 9, 0, 10, 321.20
1734503310, 53, 49, 81, 0, 0, 0.06%, 9, 0, 10, 331.25
1734503315, 53, 50, 81, 0, 0, 0.06%, 9, 0, 10, 328.38
1734503320, 53, 51, 81, 0, 0, 0.06%, 9, 0, 10, 373.66
1734503330, 53, 62, 81, 0, 0, 0.06%, 9, 0, 10, 325.11
1734503335, 53, 63, 81, 0, 0, 0.06%, 9, 0, 10, 324.80
1734503346, 53, 64, 81, 0, 0, 0.06%, 9, 0, 10, 347.64
1734503351, 53, 65, 81, 0, 0, 0.06%, 9, 0, 10, 366.16
1734503361, 53, 72, 81, 0, 0, 0.06%, 9, 0, 10, 379.81
1734503366, 54, 17, 81, 0, 0, 0.06%, 9, 0, 10, 338.35
1734503371, 54, 40, 81, 0, 0, 0.06%, 9, 0, 10, 318.15
1734503376, 54, 41, 81, 0, 0, 0.06%, 9, 0, 10, 344.92
1734503381, 54, 43, 81, 0, 0, 0.06%, 9, 0, 10, 352.10
1734503386, 54, 48, 81, 0, 0, 0.06%, 9, 0, 10, 327.12
1734503391, 54, 49, 81, 0, 0, 0.06%, 9, 0, 10, 334.78
1734503397, 54, 50, 81, 0, 0, 0.06%, 9, 0, 10, 347.23
1734503402, 54, 51, 81, 0, 0, 0.06%, 9, 0, 10, 321.24
1734503407, 54, 62, 81, 0, 0, 0.06%, 9, 0, 10, 327.26
1734503417, 54, 63, 81, 0, 0, 0.06%, 9, 0, 10, 356.63
1734503422, 54, 64, 81, 0, 0, 0.06%, 9, 0, 10, 339.18
1734503432, 54, 65, 81, 0, 0, 0.06%, 9, 0, 10, 344.79
1734503437, 54, 72, 81, 0, 0, 0.06%, 9, 0, 10, 362.86
1734503447, 55, 17, 81, 0, 0, 0.06%, 9, 0, 10, 312.13
1734503452, 55, 41, 81, 0, 0, 0.06%, 9, 0, 10, 325.02
1734503457, 55, 43, 81, 0, 0, 0.06%, 9, 0, 10, 305.24
1734503462, 55, 48, 81, 0, 0, 0.06%, 9, 0, 10, 325.51
1734503467, 55, 49, 81, 0, 0, 0.06%, 9, 0, 10, 322.61
1734503472, 55, 50, 81, 0, 0, 0.06%, 9, 0, 10, 332.47
1734503478, 55, 51, 81, 0, 0, 0.06%, 9, 0, 10, 348.89
1734503488, 55, 62, 81, 0, 0, 0.06%, 9, 0, 10, 315.79
1734503493, 55, 63, 81, 0, 0, 0.06%, 9, 0, 10, 318.67
1734503503, 55, 64, 81, 0, 0, 0.06%, 9, 0, 10, 357.80
1734503508, 55, 65, 81, 0, 0, 0.06%, 9, 0, 10, 364.79
1734503518, 55, 72, 81, 0, 0, 0.06%, 9, 0, 10, 360.36
1734503523, 56, 17, 81, 0, 0, 0.06%, 9, 0, 10, 318.32
1734503528, 56, 40, 81, 0, 0, 0.06%, 9, 0, 10, 347.79
1734503533, 56, 41, 81, 0, 0, 0.06%, 9, 0, 10, 334.65
1734503538, 56, 43, 81, 0, 0, 0.06%, 9, 0, 10, 338.12
1734503543, 56, 48, 81, 0, 0, 0.06%, 9, 0, 10, 304.16
1734503548, 56, 49, 81, 0, 0, 0.06%, 9, 0, 10, 327.24
1734503553, 56, 50, 81, 0, 0, 0.06%, 9, 0, 10, 320.21
1734503559, 56, 51, 81, 0, 0, 0.06%, 9, 0, 10, 353.86
1734503564, 56, 62, 81, 0, 0, 0.06%, 9, 0, 10, 328.44
1734503574, 56, 63, 81, 0, 0, 0.06%, 9, 0, 10, 348.49
1734503579, 56, 64, 81, 0, 0, 0.06%, 9, 0, 10, 349.99
1734503589, 56, 65, 81, 0, 0, 0.06%, 9, 0, 10, 333.40
1734503594, 56, 72, 81, 0, 0, 0.06%, 9, 0, 10, 360.71
1734503599, 57, 17, 81, 0, 0, 0.06%, 9, 0, 10, 368.47
1734503604, 57, 40, 81, 0, 0, 0.06%, 9, 0, 10, 326.47
1734503609, 57, 41, 81, 0, 0, 0.06%, 9, 0, 10, 320.16
1734503614, 57, 43, 81, 0, 0, 0.06%, 9, 0, 10, 336.00
1734503619, 57, 48, 81, 0, 0, 0.06%, 9, 0, 10, 344.15
1734503625, 57, 49, 81, 0, 0, 0.06%, 9, 0, 10, 332.10
1734503630, 57, 50, 81, 0, 0, 0.06%, 9, 0, 10, 344.47
1734503635, 57, 51, 81, 0, 0, 0.06%, 9, 0, 10, 300.19
1734503645, 57, 62, 81, 0, 0, 0.06%, 9, 0, 10, 310.71
1734503650, 57, 63, 81, 0, 0, 0.06%, 9, 0, 10, 326.76
1734503660, 57, 64, 81, 0, 0, 0.06%, 9, 0, 10, 351.76
1734503665, 57, 65, 81, 0, 0, 0.06%, 9, 0, 10, 377.41
1734503675, 57, 72, 81, 0, 0, 0.06%, 9, 0, 10, 366.23
1734503680, 58, 17, 81, 0, 0, 0.06%, 9, 0, 10, 310.05
1734503685, 58, 40, 81, 0, 0, 0.06%, 9, 0, 10, 346.30
1734503691, 58, 41, 81, 0, 0, 0.06%, 9, 0, 10, 324.72
1734503696, 58, 43, 81, 0, 0, 0.06%, 9, 0, 10, 337.72
1734503701, 58, 48, 81, 0, 0, 0.06%, 9, 0, 10, 307.54
1734503706, 58, 49, 81, 0, 0, 0.06%, 9, 0, 10, 318.38
1734503711, 58, 50, 81, 0, 0, 0.06%, 9, 0, 10, 322.58
1734503716, 58, 51, 81, 0, 0, 0.06%, 9, 0, 10, 364.65
1734503721, 58, 62, 81, 0, 0, 0.06%, 9, 0, 10, 320.05
1734503731, 58, 63, 81, 0, 0, 0.06%, 9, 0, 10, 346.64
1734503736, 58, 64, 81, 0, 0, 0.06%, 9, 0, 10, 330.49
1734503746, 58, 65, 81, 0, 0, 0.06%, 9, 0, 10, 336.51
1734503751, 58, 72, 81, 0, 0, 0.06%, 9, 0, 10, 335.53
1734503761, 59, 17, 81, 0, 0, 0.06%, 9, 0, 10, 322.64
1734503766, 59, 41, 81, 0, 0, 0.06%, 9, 0, 10, 318.69
1734503771, 59, 43, 81, 0, 0, 0.06%, 9, 0, 10, 323.24
1734503777, 59, 48, 81, 0, 0, 0.06%, 9, 0, 10, 341.11
1734503782, 59, 49, 81, 0, 0, 0.06%, 9, 0, 10, 333.38
1734503787, 59, 50, 81, 0, 0, 0.06%, 9, 0, 10, 345.76
1734503792, 59, 51, 81, 0, 0, 0.06%, 9, 0, 10, 313.74
1734503802, 59, 62, 81, 0, 0, 0.06%, 9, 0, 10, 301.94
1734503807, 59, 63, 81, 0, 0, 0.06%, 9, 0, 10, 326.13
1734503817, 59, 64, 81, 0, 0, 0.06%, 9, 0, 10, 340.11
1734503822, 59, 65, 81, 0, 0, 0.06%, 9, 0, 10, 371.86
1734503827, 59, 72, 81, 0, 0, 0.06%, 9, 0, 10, 367.98
1734503837, 60, 17, 81, 0, 0, 0.06%, 9, 0, 10, 323.02
1734503842, 60, 40, 81, 0, 0, 0.06%, 9, 0, 10, 343.46
1734503848, 60, 41, 81, 0, 0, 0.06%, 9, 0, 10, 329.52
1734503853, 60, 43, 81, 0, 0, 0.06%, 9, 0, 10, 326.52
1734503858, 60, 48, 81, 0, 0, 0.06%, 9, 0, 10, 300.92
1734503863, 60, 49, 81, 0, 0, 0.06%, 9, 0, 10, 323.86
1734503868, 60, 50, 81, 0, 0, 0.06%, 9, 0, 10, 318.31
1734503873, 60, 51, 81, 0, 0, 0.06%, 9, 0, 10, 342.93
1734503878, 60, 62, 81, 0, 0, 0.06%, 9, 0, 10, 347.46
1734503888, 60, 63, 81, 0, 0, 0.06%, 9, 0, 10, 353.67
1734503893, 60, 64, 81, 0, 0, 0.06%, 9, 0, 10, 334.33
1734503903, 60, 65, 81, 0, 0, 0.06%, 9, 0, 10, 329.53
1734503908, 60, 72, 81, 0, 0, 0.06%, 9, 0, 10, 360.36
1734503918, 61, 17, 81, 0, 0, 0.06%, 9, 0, 10, 291.83
1734503923, 61, 40, 81, 0, 0, 0.06%, 9, 0, 10, 306.10
1734503928, 61, 41, 81, 0, 0, 0.06%, 9, 0, 10, 289.41
1734503933, 61, 48, 81, 0, 0, 0.06%, 9, 0, 10, 338.20
1734503938, 61, 49, 81, 0, 0, 0.06%, 9, 0, 10, 340.31
1734503944, 61, 50, 81, 0, 0, 0.06%, 9, 0, 10, 344.47
1734503949, 61, 51, 81, 0, 0, 0.06%, 9, 0, 10, 349.20
1734503959, 61, 52, 81, 0, 0, 0.06%, 9, 0, 10, 346.74
1734504416, 61, 53, 81, 0, 0, 0.06%, 9, 0, 10, 286.37
1734504870, 61, 54, 81, 0, 0, 0.06%, 9, 0, 10, 324.46
1734504911, 61, 55, 81, 0, 0, 0.06%, 9, 0, 10, 331.66
1734504978, 61, 56, 81, 0, 0, 0.06%, 9, 0, 10, 328.34
1734505049, 61, 57, 81, 0, 0, 0.06%, 9, 0, 10, 464.39
1734505115, 61, 58, 81, 0, 0, 0.06%, 9, 0, 10, 456.67
1734505186, 61, 59, 81, 0, 0, 0.06%, 9, 0, 10, 401.42
1734505257, 61, 60, 81, 0, 0, 0.06%, 9, 0, 10, 325.18
1734505389, 61, 61, 81, 0, 0, 0.06%, 9, 0, 10, 352.02
1734505456, 61, 62, 81, 0, 0, 0.06%, 9, 0, 10, 312.09
1734505461, 61, 63, 81, 0, 0, 0.06%, 9, 0, 10, 334.12
1734505471, 61, 64, 81, 0, 0, 0.06%, 9, 0, 10, 340.98
1734505476, 61, 65, 81, 0, 0, 0.06%, 9, 0, 10, 375.25
1734505481, 61, 66, 81, 0, 0, 0.06%, 9, 0, 10, 322.55
1734505578, 61, 67, 81, 0, 0, 0.06%, 9, 0, 10, 356.90
1734505583, 61, 68, 81, 0, 0, 0.06%, 9, 0, 10, 355.29
1734505594, 61, 69, 81, 0, 0, 0.06%, 9, 0, 10, 388.14
1734505599, 61, 70, 81, 0, 0, 0.06%, 9, 0, 10, 343.85
1734505609, 61, 71, 81, 0, 0, 0.06%, 9, 0, 10, 374.77
1734505614, 61, 72, 81, 0, 0, 0.06%, 9, 0, 10, 330.06
1734505624, 61, 73, 81, 0, 0, 0.06%, 9, 0, 10, 385.04
1734505629, 61, 74, 81, 0, 0, 0.06%, 9, 0, 10, 336.87
1734505634, 61, 75, 81, 0, 0, 0.06%, 9, 0, 10, 326.75
1734505644, 61, 76, 81, 0, 0, 0.06%, 9, 0, 10, 321.56
1734505654, 61, 77, 81, 0, 0, 0.06%, 9, 0, 10, 348.78
1734505736, 61, 78, 81, 0, 0, 0.06%, 9, 0, 10, 308.19
1734505822, 61, 79, 81, 0, 0, 0.06%, 9, 0, 10, 356.33
1734505827, 61, 80, 81, 0, 0, 0.06%, 9, 0, 10, 355.67
1734505837, 62, 12, 81, 0, 0, 0.06%, 9, 0, 10, 315.25
1734505842, 62, 13, 81, 0, 0, 0.06%, 9, 0, 10, 281.94
1734505847, 62, 15, 81, 0, 0, 0.06%, 9, 0, 10, 293.72
1734505853, 62, 17, 81, 0, 0, 0.06%, 9, 0, 10, 299.50
1734505858, 62, 18, 81, 0, 0, 0.06%, 9, 0, 10, 326.96
1734505863, 62, 19, 81, 0, 0, 0.06%, 9, 0, 10, 315.11
1734505868, 62, 20, 81, 0, 0, 0.06%, 9, 0, 10, 290.09
1734505873, 62, 21, 81, 0, 0, 0.06%, 9, 0, 10, 317.98
1734505878, 62, 22, 81, 0, 0, 0.06%, 9, 0, 10, 303.94
1734505883, 62, 23, 81, 0, 0, 0.06%, 9, 0, 10, 318.80
1734505888, 62, 24, 81, 0, 0, 0.06%, 9, 0, 10, 303.03
1734505893, 62, 25, 81, 0, 0, 0.06%, 9, 0, 10, 306.05
1734505898, 62, 28, 81, 0, 0, 0.06%, 9, 0, 10, 323.25
1734505904, 62, 29, 81, 0, 0, 0.06%, 9, 0, 10, 322.46
1734505909, 62, 30, 81, 0, 0, 0.06%, 9, 0, 10, 308.84
1734505914, 62, 31, 81, 0, 0, 0.06%, 9, 0, 10, 307.42
1734505919, 62, 32, 81, 0, 0, 0.06%, 9, 0, 10, 281.34
1734505924, 62, 33, 81, 0, 0, 0.06%, 9, 0, 10, 303.56
1734505929, 62, 34, 81, 0, 0, 0.06%, 9, 0, 10, 300.29
1734505939, 62, 35, 81, 0, 0, 0.06%, 9, 0, 10, 314.08
1734505945, 62, 36, 81, 0, 0, 0.06%, 9, 0, 10, 314.37
1734505950, 62, 37, 81, 0, 0, 0.06%, 9, 0, 10, 319.94
1734505955, 62, 38, 81, 0, 0, 0.06%, 9, 0, 10, 318.89
1734505960, 62, 39, 81, 0, 0, 0.06%, 9, 0, 10, 331.18
1734505965, 62, 40, 81, 0, 0, 0.06%, 9, 0, 10, 333.56
1734505970, 62, 41, 81, 0, 0, 0.06%, 9, 0, 10, 310.86
1734505975, 62, 42, 81, 0, 0, 0.06%, 9, 0, 10, 314.55
1734505980, 62, 43, 81, 0, 0, 0.06%, 9, 0, 10, 341.46
1734505985, 62, 45, 81, 0, 0, 0.06%, 9, 0, 10, 336.20
1734505990, 62, 46, 81, 0, 0, 0.06%, 9, 0, 10, 340.01
1734505995, 62, 47, 81, 0, 0, 0.06%, 9, 0, 10, 321.47
1734506000, 62, 48, 81, 0, 0, 0.06%, 9, 0, 10, 328.61
1734506005, 62, 49, 81, 0, 0, 0.06%, 9, 0, 10, 338.70
1734506011, 62, 50, 81, 0, 0, 0.06%, 9, 0, 10, 350.85
1734506016, 62, 51, 81, 0, 0, 0.06%, 9, 0, 10, 294.65
1734506026, 62, 52, 81, 0, 0, 0.06%, 9, 0, 10, 288.74
1734506036, 62, 53, 81, 0, 0, 0.06%, 9, 0, 10, 385.96
1734506047, 62, 54, 81, 0, 0, 0.06%, 9, 0, 10, 320.26
1734506052, 62, 55, 81, 0, 0, 0.06%, 9, 0, 10, 337.78
1734506062, 62, 56, 81, 0, 0, 0.06%, 9, 0, 10, 371.70
1734506067, 62, 57, 81, 0, 0, 0.06%, 9, 0, 10, 323.18
1734506077, 62, 58, 81, 0, 0, 0.06%, 9, 0, 10, 369.95
1734506082, 62, 59, 81, 0, 0, 0.06%, 9, 0, 10, 335.96
1734506092, 62, 60, 81, 0, 0, 0.06%, 9, 0, 10, 365.00
1734506102, 62, 61, 81, 0, 0, 0.06%, 9, 0, 10, 347.28
1734506108, 62, 62, 81, 0, 0, 0.06%, 9, 0, 10, 311.30
1734506113, 62, 63, 81, 0, 0, 0.06%, 9, 0, 10, 312.09
1734506123, 62, 64, 81, 0, 0, 0.06%, 9, 0, 10, 350.07
1734506128, 62, 65, 81, 0, 0, 0.06%, 9, 0, 10, 350.75
