# unix_time, cycles_done, cur_path, paths_total, pending_total, pending_favs, map_size, unique_crashes, unique_hangs, max_depth, execs_per_sec
1733767715, 0, 0, 10, 10, 1, 0.00%, 0, 0, 1, 173.16
1733767721, 0, 2, 10, 10, 1, 0.00%, 0, 0, 1, 200.43
1733767726, 0, 3, 10, 9, 0, 0.00%, 0, 0, 1, 208.10
1733767731, 0, 4, 10, 8, 0, 0.00%, 0, 0, 1, 204.43
1733767741, 0, 5, 10, 7, 0, 0.00%, 0, 0, 1, 207.77
1733767746, 0, 6, 10, 6, 0, 0.00%, 0, 0, 1, 199.67
1733767757, 0, 7, 10, 5, 0, 0.00%, 0, 0, 1, 209.41
1733767762, 0, 8, 10, 4, 0, 0.00%, 0, 0, 1, 193.02
1733767772, 0, 9, 10, 3, 0, 0.00%, 0, 0, 1, 207.03
1733767777, 1, 0, 10, 2, 0, 0.00%, 0, 0, 1, 191.86
1733767787, 1, 1, 10, 1, 0, 0.00%, 0, 0, 1, 192.77
1733767797, 1, 2, 10, 0, 0, 0.00%, 0, 0, 1, 209.04
1733767807, 1, 3, 10, 0, 0, 0.00%, 0, 0, 1, 208.25
1733767812, 1, 5, 10, 0, 0, 0.00%, 0, 0, 1, 208.26
1733767817, 1, 6, 10, 0, 0, 0.00%, 0, 0, 1, 207.79
1733767822, 1, 8, 10, 0, 0, 0.00%, 0, 0, 1, 207.61
1733767827, 1, 9, 10, 0, 0, 0.00%, 0, 0, 1, 208.91
1733767832, 2, 0, 10, 0, 0, 0.00%, 0, 0, 1, 202.11
1733767837, 2, 2, 10, 0, 0, 0.00%, 0, 0, 1, 204.83
1733767843, 2, 3, 10, 0, 0, 0.00%, 0, 0, 1, 204.37
1733767848, 2, 4, 10, 0, 0, 0.00%, 0, 0, 1, 209.05
1733767853, 2, 6, 10, 0, 0, 0.00%, 0, 0, 1, 207.47
1733767858, 2, 7, 10, 0, 0, 0.00%, 0, 0, 1, 205.11
1733767863, 2, 9, 10, 0, 0, 0.00%, 0, 0, 1, 207.55
1733767868, 3, 0, 10, 0, 0, 0.00%, 0, 0, 1, 207.63
1733767873, 3, 1, 10, 0, 0, 0.00%, 0, 0, 1, 205.12
1733767878, 3, 3, 10, 0, 0, 0.00%, 0, 0, 1, 202.92
1733767884, 3, 4, 10, 0, 0, 0.00%, 0, 0, 1, 205.46
1733767889, 3, 6, 10, 0, 0, 0.00%, 0, 0, 1, 206.40
1733767894, 3, 7, 10, 0, 0, 0.00%, 0, 0, 1, 203.15
1733767899, 3, 8, 10, 0, 0, 0.00%, 0, 0, 1, 207.02
1733767904, 4, 0, 10, 0, 0, 0.00%, 0, 0, 1, 209.56
1733767909, 4, 1, 10, 0, 0, 0.00%, 0, 0, 1, 208.16
1733767914, 4, 3, 10, 0, 0, 0.00%, 0, 0, 1, 210.26
1733767919, 4, 4, 10, 0, 0, 0.00%, 0, 0, 1, 204.11
1733767924, 4, 10, 11, 1, 1, 0.05%, 1, 0, 2, 243.58
1733767964, 4, 10, 12, 2, 1, 0.05%, 2, 0, 3, 260.30
1733767975, 4, 10, 13, 3, 1, 0.05%, 2, 0, 3, 263.86
1733768041, 4, 10, 14, 4, 1, 0.05%, 3, 0, 3, 224.48
1733768046, 4, 13, 17, 6, 1, 0.06%, 5, 0, 4, 203.50
1733768051, 4, 13, 18, 7, 1, 0.06%, 6, 0, 4, 219.98
1733768066, 4, 13, 19, 8, 1, 0.06%, 6, 0, 4, 234.33
1733768092, 4, 13, 20, 9, 1, 0.06%, 6, 0, 4, 230.84
1733768102, 4, 13, 21, 10, 1, 0.06%, 6, 0, 4, 230.65
1733768173, 4, 13, 23, 12, 1, 0.06%, 6, 0, 4, 283.54
1733768178, 4, 17, 24, 12, 3, 0.06%, 6, 0, 5, 435.35
1733768198, 4, 17, 25, 13, 3, 0.06%, 6, 0, 5, 469.08
1733768249, 5, 14, 25, 12, 2, 0.06%, 6, 0, 5, 237.43
1733768254, 5, 14, 26, 13, 2, 0.06%, 6, 0, 5, 215.15
1733768315, 5, 14, 27, 14, 2, 0.06%, 6, 0, 5, 259.10
1733768320, 5, 14, 28, 15, 2, 0.06%, 6, 0, 5, 265.44
1733768331, 5, 16, 29, 15, 2, 0.06%, 6, 0, 5, 262.65
1733768336, 5, 16, 30, 16, 2, 0.06%, 6, 0, 5, 292.31
1733768351, 5, 16, 31, 17, 2, 0.06%, 6, 0, 5, 303.47
1733768381, 5, 16, 32, 18, 2, 0.06%, 6, 0, 5, 299.10
1733768427, 5, 16, 34, 20, 2, 0.06%, 6, 0, 5, 259.92
1733768437, 5, 17, 34, 19, 1, 0.06%, 6, 0, 5, 303.32
1733768442, 5, 22, 34, 19, 1, 0.06%, 6, 0, 5, 280.03
1733768447, 5, 22, 37, 22, 1, 0.06%, 9, 0, 5, 432.31
1733768452, 5, 22, 38, 23, 1, 0.06%, 9, 0, 5, 471.65
1733768473, 5, 22, 39, 24, 1, 0.06%, 9, 0, 5, 458.11
1733768478, 5, 22, 40, 25, 1, 0.06%, 9, 0, 5, 458.24
1733768483, 5, 22, 41, 26, 1, 0.06%, 9, 0, 5, 448.94
1733768528, 5, 34, 41, 25, 4, 0.06%, 9, 0, 5, 394.84
1733768539, 5, 34, 42, 26, 4, 0.06%, 9, 0, 6, 517.56
1733768549, 5, 34, 43, 27, 4, 0.06%, 9, 0, 6, 521.94
1733768590, 5, 34, 46, 30, 4, 0.06%, 9, 0, 6, 308.53
1733768595, 5, 34, 51, 35, 4, 0.06%, 9, 0, 6, 344.32
1733768605, 5, 35, 52, 35, 3, 0.06%, 9, 0, 6, 398.43
1733768630, 5, 35, 56, 39, 3, 0.06%, 9, 0, 6, 326.45
1733768641, 5, 36, 57, 39, 2, 0.06%, 9, 0, 6, 412.05
1733768676, 5, 38, 57, 38, 2, 0.06%, 9, 0, 6, 413.45
1733768712, 5, 40, 57, 37, 2, 0.06%, 9, 0, 6, 410.38
1733768732, 5, 40, 58, 38, 2, 0.06%, 9, 0, 6, 478.48
1733768768, 5, 51, 58, 37, 2, 0.06%, 9, 0, 6, 426.78
1733768773, 5, 51, 59, 38, 2, 0.06%, 9, 0, 7, 482.37
1733768798, 5, 51, 60, 39, 2, 0.06%, 9, 0, 7, 469.61
1733768828, 5, 51, 61, 40, 2, 0.06%, 9, 0, 7, 482.23
1733768849, 5, 51, 62, 41, 2, 0.06%, 9, 0, 7, 313.24
1733768854, 5, 52, 62, 40, 3, 0.06%, 9, 0, 7, 346.99
1733768915, 5, 52, 63, 41, 3, 0.06%, 9, 0, 7, 485.00
1733769170, 6, 34, 63, 40, 3, 0.06%, 9, 0, 7, 377.03
1733769175, 6, 38, 63, 40, 3, 0.06%, 9, 0, 7, 338.59
1733769185, 6, 41, 63, 40, 3, 0.06%, 9, 0, 7, 344.55
1733769241, 6, 41, 64, 41, 3, 0.06%, 9, 0, 7, 512.03
1733769272, 6, 42, 64, 40, 3, 0.06%, 9, 0, 7, 332.23
1733769307, 6, 43, 65, 40, 2, 0.06%, 9, 0, 7, 372.75
1733769328, 6, 43, 66, 41, 2, 0.06%, 9, 0, 7, 528.36
1733769359, 6, 44, 66, 40, 2, 0.06%, 9, 0, 7, 376.58
1733769461, 6, 44, 67, 41, 2, 0.06%, 9, 0, 7, 496.11
1733769491, 6, 45, 67, 40, 2, 0.06%, 9, 0, 7, 334.38
1733769542, 6, 46, 67, 39, 2, 0.06%, 9, 0, 7, 432.54
1733769598, 6, 47, 67, 38, 2, 0.06%, 9, 0, 7, 300.82
1733769660, 6, 48, 67, 37, 2, 0.06%, 9, 0, 7, 494.57
1733769701, 6, 49, 67, 36, 2, 0.06%, 9, 0, 7, 479.14
1733769741, 6, 50, 68, 36, 2, 0.06%, 9, 0, 7, 377.82
1733769813, 6, 50, 69, 37, 2, 0.06%, 9, 0, 7, 461.44
1733769853, 6, 67, 69, 36, 2, 0.06%, 9, 0, 7, 412.00
1733769935, 6, 67, 70, 37, 2, 0.06%, 9, 0, 8, 461.39
1733769955, 6, 67, 71, 38, 2, 0.06%, 9, 0, 8, 360.06
1733769965, 6, 68, 71, 37, 2, 0.06%, 9, 0, 8, 331.83
1733770072, 6, 69, 72, 37, 2, 0.06%, 9, 0, 9, 380.54
1733770199, 6, 70, 72, 36, 2, 0.06%, 9, 0, 9, 356.19
1733770204, 6, 70, 73, 37, 2, 0.06%, 9, 0, 9, 467.98
1733770316, 6, 71, 73, 36, 2, 0.06%, 9, 0, 9, 377.51
1733770439, 6, 72, 73, 35, 2, 0.06%, 9, 0, 9, 283.94
1733770557, 6, 72, 74, 36, 2, 0.06%, 9, 0, 10, 319.97
1733770562, 7, 16, 74, 35, 2, 0.06%, 9, 0, 10, 298.25
1733770567, 7, 28, 74, 35, 2, 0.06%, 9, 0, 10, 368.70
1733770602, 7, 35, 74, 34, 2, 0.06%, 9, 0, 10, 336.37
1733770607, 7, 51, 74, 34, 2, 0.06%, 9, 0, 10, 370.17
1733770618, 7, 52, 74, 34, 2, 0.06%, 9, 0, 10, 292.28
1733770944, 7, 53, 74, 34, 2, 0.06%, 9, 0, 10, 265.16
1733771010, 7, 54, 74, 33, 2, 0.06%, 9, 0, 10, 366.73
1733771133, 7, 57, 74, 32, 2, 0.06%, 9, 0, 10, 415.54
1733771178, 7, 58, 74, 31, 2, 0.06%, 9, 0, 10, 302.30
1733771219, 7, 59, 74, 30, 1, 0.06%, 9, 0, 10, 435.06
1733771264, 7, 60, 74, 29, 1, 0.06%, 9, 0, 10, 298.04
1733771311, 7, 61, 74, 28, 1, 0.06%, 9, 0, 10, 375.57
1733771555, 7, 63, 74, 27, 1, 0.06%, 9, 0, 10, 415.31
1733771641, 7, 64, 74, 26, 1, 0.06%, 9, 0, 10, 435.13
1733771733, 7, 65, 75, 26, 1, 0.06%, 9, 0, 10, 395.14
1733771969, 7, 67, 75, 25, 1, 0.06%, 9, 0, 10, 326.47
1733771979, 7, 69, 75, 25, 1, 0.06%, 9, 0, 10, 365.25
1733771994, 7, 71, 75, 25, 1, 0.06%, 9, 0, 10, 352.16
1733772009, 8, 16, 75, 25, 1, 0.06%, 9, 0, 10, 300.01
1733772014, 8, 28, 75, 25, 1, 0.06%, 9, 0, 10, 331.84
1733772024, 8, 29, 75, 25, 1, 0.06%, 9, 0, 10, 445.72
1733772065, 8, 30, 75, 24, 1, 0.06%, 9, 0, 10, 379.00
1733772121, 8, 30, 76, 25, 1, 0.06%, 9, 0, 10, 433.47
1733772151, 8, 31, 76, 24, 1, 0.06%, 9, 0, 10, 243.99
1733772157, 8, 31, 77, 25, 1, 0.06%, 9, 0, 10, 383.41
1733772782, 8, 32, 77, 24, 1, 0.06%, 9, 0, 10, 369.38
1733772817, 8, 33, 77, 23, 1, 0.06%, 9, 0, 10, 365.79
1733772863, 8, 34, 77, 22, 1, 0.06%, 9, 0, 10, 282.36
1733772868, 8, 35, 77, 22, 1, 0.06%, 9, 0, 10, 354.44
1733772873, 8, 38, 77, 22, 1, 0.06%, 9, 0, 10, 363.39
1733772878, 8, 41, 77, 22, 1, 0.06%, 9, 0, 10, 380.07
1733772889, 8, 42, 77, 22, 1, 0.06%, 9, 0, 10, 399.54
1733772899, 8, 43, 77, 22, 1, 0.06%, 9, 0, 10, 358.21
1733772904, 8, 44, 77, 22, 1, 0.06%, 9, 0, 10, 322.40
1733772914, 8, 45, 77, 22, 1, 0.06%, 9, 0, 10, 328.60
1733772924, 8, 46, 77, 22, 1, 0.06%, 9, 0, 10, 318.73
1733772934, 8, 47, 77, 22, 1, 0.06%, 9, 0, 10, 378.99
1733772944, 8, 48, 77, 22, 1, 0.06%, 9, 0, 10, 395.50
1733772949, 8, 49, 77, 22, 1, 0.06%, 9, 0, 10, 335.59
1733772959, 8, 50, 77, 22, 1, 0.06%, 9, 0, 10, 399.13
1733772969, 8, 51, 77, 22, 1, 0.06%, 9, 0, 10, 364.19
1733772975, 8, 52, 77, 22, 1, 0.06%, 9, 0, 10, 321.28
1733772980, 8, 53, 77, 22, 1, 0.06%, 9, 0, 10, 368.93
1733773570, 8, 63, 77, 22, 1, 0.06%, 9, 0, 10, 423.60
1733773580, 8, 64, 77, 22, 1, 0.06%, 9, 0, 10, 399.97
1733773590, 8, 65, 77, 22, 1, 0.06%, 9, 0, 10, 386.09
1733773600, 8, 66, 77, 22, 1, 0.06%, 9, 0, 10, 372.88
1733773824, 8, 67, 77, 21, 1, 0.06%, 9, 0, 10, 339.89
1733773916, 8, 68, 77, 21, 1, 0.06%, 9, 0, 10, 364.39
1733773927, 8, 69, 77, 21, 1, 0.06%, 9, 0, 10, 369.96
1733774039, 8, 70, 77, 21, 1, 0.06%, 9, 0, 10, 312.35
1733774136, 8, 71, 77, 21, 1, 0.06%, 9, 0, 10, 324.62
1733774248, 8, 72, 77, 21, 1, 0.06%, 9, 0, 10, 300.19
1733774350, 8, 73, 78, 22, 1, 0.06%, 9, 0, 11, 247.32
1733775363, 8, 74, 78, 21, 1, 0.06%, 9, 0, 11, 315.36
1733775419, 8, 75, 78, 20, 1, 0.06%, 9, 0, 11, 318.01
1733775530, 8, 76, 78, 19, 1, 0.06%, 9, 0, 11, 326.94
1733775637, 8, 77, 78, 18, 1, 0.06%, 9, 0, 11, 228.86
1733776660, 9, 16, 78, 17, 1, 0.06%, 9, 0, 11, 319.82
1733776665, 9, 28, 78, 17, 1, 0.06%, 9, 0, 11, 335.03
1733776670, 9, 29, 78, 17, 1, 0.06%, 9, 0, 11, 343.20
1733776680, 9, 30, 78, 17, 1, 0.06%, 9, 0, 11, 371.13
1733776691, 9, 31, 78, 17, 1, 0.06%, 9, 0, 11, 315.33
1733776706, 9, 32, 78, 17, 1, 0.06%, 9, 0, 11, 361.42
1733776716, 9, 33, 78, 17, 1, 0.06%, 9, 0, 11, 301.06
1733776726, 9, 35, 78, 17, 1, 0.06%, 9, 0, 11, 334.59
1733776731, 9, 36, 78, 17, 1, 0.06%, 9, 0, 11, 376.30
1733776741, 9, 40, 78, 17, 1, 0.06%, 9, 0, 11, 351.71
1733776746, 9, 42, 78, 17, 1, 0.06%, 9, 0, 11, 291.94
1733776762, 9, 43, 78, 17, 1, 0.06%, 9, 0, 11, 444.30
1733776767, 9, 44, 78, 17, 1, 0.06%, 9, 0, 11, 366.97
1733776869, 9, 45, 78, 17, 1, 0.06%, 9, 0, 11, 332.40
1733776884, 9, 46, 78, 17, 1, 0.06%, 9, 0, 11, 457.70
1733776920, 9, 47, 78, 17, 1, 0.06%, 9, 0, 11, 323.58
1733776941, 9, 48, 78, 17, 1, 0.06%, 9, 0, 11, 513.29
1733776946, 9, 49, 78, 17, 1, 0.06%, 9, 0, 11, 377.89
1733776961, 9, 50, 78, 17, 1, 0.06%, 9, 0, 11, 394.30
1733777012, 9, 51, 78, 17, 1, 0.06%, 9, 0, 11, 335.21
1733777017, 9, 52, 78, 17, 1, 0.06%, 9, 0, 11, 278.81
1733777022, 9, 53, 78, 17, 1, 0.06%, 9, 0, 11, 395.56
1733777037, 9, 54, 78, 17, 1, 0.06%, 9, 0, 11, 401.34
1733777047, 9, 55, 78, 17, 1, 0.06%, 9, 0, 11, 356.31
1733777155, 9, 56, 78, 16, 1, 0.06%, 9, 0, 11, 357.87
1733777445, 9, 57, 78, 15, 1, 0.06%, 9, 0, 11, 341.99
1733777552, 9, 58, 78, 15, 1, 0.06%, 9, 0, 11, 459.59
1733777563, 9, 59, 78, 15, 1, 0.06%, 9, 0, 11, 365.95
1733777742, 9, 60, 78, 15, 1, 0.06%, 9, 0, 11, 326.75
1733777767, 9, 61, 78, 15, 1, 0.06%, 9, 0, 11, 285.12
1733778026, 9, 62, 78, 15, 1, 0.06%, 9, 0, 11, 304.50
1733778225, 9, 67, 78, 14, 1, 0.06%, 9, 0, 11, 349.80
1733778230, 9, 69, 78, 14, 1, 0.06%, 9, 0, 11, 341.28
1733778240, 9, 70, 78, 14, 1, 0.06%, 9, 0, 11, 424.93
1733778250, 9, 71, 78, 14, 1, 0.06%, 9, 0, 11, 322.70
1733778261, 9, 75, 78, 14, 1, 0.06%, 9, 0, 11, 390.79
1733778281, 9, 76, 78, 14, 1, 0.06%, 9, 0, 11, 396.04
1733778296, 10, 16, 78, 14, 1, 0.06%, 9, 0, 11, 317.46
1733778301, 10, 28, 78, 14, 1, 0.06%, 9, 0, 11, 319.34
1733778306, 10, 29, 78, 14, 1, 0.06%, 9, 0, 11, 346.83
1733778311, 10, 30, 78, 14, 1, 0.06%, 9, 0, 11, 327.94
1733778316, 10, 31, 78, 14, 1, 0.06%, 9, 0, 11, 337.31
1733778331, 10, 33, 78, 14, 1, 0.06%, 9, 0, 11, 322.74
1733778337, 10, 67, 78, 14, 1, 0.06%, 9, 0, 11, 306.22
1733778347, 10, 69, 78, 14, 1, 0.06%, 9, 0, 11, 358.07
1733778352, 10, 71, 78, 14, 1, 0.06%, 9, 0, 11, 345.78
1733778362, 10, 75, 78, 14, 1, 0.06%, 9, 0, 11, 338.61
1733778367, 10, 76, 78, 14, 1, 0.06%, 9, 0, 11, 339.80
1733778372, 11, 16, 78, 14, 1, 0.06%, 9, 0, 11, 312.93
1733778377, 11, 28, 78, 14, 1, 0.06%, 9, 0, 11, 316.27
1733778382, 11, 29, 78, 14, 1, 0.06%, 9, 0, 11, 331.15
1733778387, 11, 30, 78, 14, 1, 0.06%, 9, 0, 11, 343.51
1733778392, 11, 31, 78, 14, 1, 0.06%, 9, 0, 11, 308.91
1733778402, 11, 32, 78, 14, 1, 0.06%, 9, 0, 11, 358.11
1733778407, 11, 33, 78, 14, 1, 0.06%, 9, 0, 11, 306.84
1733778412, 11, 67, 78, 14, 1, 0.06%, 9, 0, 11, 293.92
1733778418, 11, 69, 78, 14, 1, 0.06%, 9, 0, 11, 330.18
1733778428, 11, 71, 78, 14, 1, 0.06%, 9, 0, 11, 380.99
1733778433, 11, 75, 78, 14, 1, 0.06%, 9, 0, 11, 343.42
1733778443, 11, 76, 78, 14, 1, 0.06%, 9, 0, 11, 325.90
1733778448, 12, 16, 78, 14, 1, 0.06%, 9, 0, 11, 303.55
1733778453, 12, 28, 78, 14, 1, 0.06%, 9, 0, 11, 315.72
1733778458, 12, 30, 78, 14, 1, 0.06%, 9, 0, 11, 314.87
1733778463, 12, 31, 78, 14, 1, 0.06%, 9, 0, 11, 351.56
1733778479, 12, 32, 78, 14, 1, 0.06%, 9, 0, 11, 331.97
1733778484, 12, 33, 78, 14, 1, 0.06%, 9, 0, 11, 310.39
1733778489, 12, 67, 78, 14, 1, 0.06%, 9, 0, 11, 350.97
1733778494, 12, 69, 78, 14, 1, 0.06%, 9, 0, 11, 340.68
1733778504, 12, 71, 78, 14, 1, 0.06%, 9, 0, 11, 376.63
1733778509, 12, 75, 78, 14, 1, 0.06%, 9, 0, 11, 339.28
1733778514, 12, 76, 78, 14, 1, 0.06%, 9, 0, 11, 317.26
1733778519, 13, 16, 78, 14, 1, 0.06%, 9, 0, 11, 343.51
1733778524, 13, 28, 78, 14, 1, 0.06%, 9, 0, 11, 336.68
1733778529, 13, 29, 78, 14, 1, 0.06%, 9, 0, 11, 340.22
1733778535, 13, 30, 78, 14, 1, 0.06%, 9, 0, 11, 354.70
1733778540, 13, 31, 78, 14, 1, 0.06%, 9, 0, 11, 402.88
1733778555, 13, 32, 78, 14, 1, 0.06%, 9, 0, 11, 340.27
1733778560, 13, 33, 78, 14, 1, 0.06%, 9, 0, 11, 295.85
1733778565, 13, 67, 78, 14, 1, 0.06%, 9, 0, 11, 347.89
1733778570, 13, 69, 78, 14, 1, 0.06%, 9, 0, 11, 355.69
1733778580, 13, 71, 78, 14, 1, 0.06%, 9, 0, 11, 359.50
1733778585, 13, 75, 78, 14, 1, 0.06%, 9, 0, 11, 334.03
1733778590, 13, 76, 78, 14, 1, 0.06%, 9, 0, 11, 326.86
1733778595, 14, 16, 78, 14, 1, 0.06%, 9, 0, 11, 321.94
1733778600, 14, 28, 78, 14, 1, 0.06%, 9, 0, 11, 292.82
1733778605, 14, 29, 78, 14, 1, 0.06%, 9, 0, 11, 306.60
1733778610, 14, 30, 78, 14, 1, 0.06%, 9, 0, 11, 324.06
1733778615, 14, 31, 78, 14, 1, 0.06%, 9, 0, 11, 404.57
1733778631, 14, 32, 78, 14, 1, 0.06%, 9, 0, 11, 328.22
1733778636, 14, 33, 78, 14, 1, 0.06%, 9, 0, 11, 291.19
1733778641, 14, 67, 78, 14, 1, 0.06%, 9, 0, 11, 334.08
1733778646, 14, 69, 78, 14, 1, 0.06%, 9, 0, 11, 350.34
1733778656, 14, 71, 78, 14, 1, 0.06%, 9, 0, 11, 367.57
1733778661, 14, 75, 78, 14, 1, 0.06%, 9, 0, 11, 357.13
1733778666, 14, 76, 78, 14, 1, 0.06%, 9, 0, 11, 326.67
1733778671, 15, 16, 78, 14, 1, 0.06%, 9, 0, 11, 324.90
1733778676, 15, 28, 78, 14, 1, 0.06%, 9, 0, 11, 300.68
1733778681, 15, 29, 78, 14, 1, 0.06%, 9, 0, 11, 326.19
1733778686, 15, 30, 78, 14, 1, 0.06%, 9, 0, 11, 323.44
1733778691, 15, 31, 78, 14, 1, 0.06%, 9, 0, 11, 402.38
1733778706, 15, 32, 78, 14, 1, 0.06%, 9, 0, 11, 329.32
1733778712, 15, 33, 78, 14, 1, 0.06%, 9, 0, 11, 305.30
1733778717, 15, 67, 78, 14, 1, 0.06%, 9, 0, 11, 340.49
1733778722, 15, 69, 78, 14, 1, 0.06%, 9, 0, 11, 379.75
1733778727, 15, 71, 78, 14, 1, 0.06%, 9, 0, 11, 348.74
1733778737, 15, 75, 78, 14, 1, 0.06%, 9, 0, 11, 357.32
1733778742, 15, 76, 78, 14, 1, 0.06%, 9, 0, 11, 350.27
1733778747, 16, 16, 78, 14, 1, 0.06%, 9, 0, 11, 327.29
1733778752, 16, 28, 78, 14, 1, 0.06%, 9, 0, 11, 317.64
1733778757, 16, 29, 78, 14, 1, 0.06%, 9, 0, 11, 332.96
1733778762, 16, 30, 78, 14, 1, 0.06%, 9, 0, 11, 349.29
1733778767, 16, 31, 78, 14, 1, 0.06%, 9, 0, 11, 397.06
1733778782, 16, 32, 78, 14, 1, 0.06%, 9, 0, 11, 320.95
1733778787, 16, 33, 78, 14, 1, 0.06%, 9, 0, 11, 299.31
1733778793, 16, 67, 78, 14, 1, 0.06%, 9, 0, 11, 332.92
1733778798, 16, 69, 78, 14, 1, 0.06%, 9, 0, 11, 360.34
1733778803, 16, 71, 78, 14, 1, 0.06%, 9, 0, 11, 321.32
1733778813, 16, 75, 78, 14, 1, 0.06%, 9, 0, 11, 335.91
1733778818, 16, 76, 78, 14, 1, 0.06%, 9, 0, 11, 346.65
1733778823, 17, 16, 78, 14, 1, 0.06%, 9, 0, 11, 309.88
1733778828, 17, 28, 78, 14, 1, 0.06%, 9, 0, 11, 321.36
1733778833, 17, 29, 78, 14, 1, 0.06%, 9, 0, 11, 324.80
1733778838, 17, 30, 78, 14, 1, 0.06%, 9, 0, 11, 343.14
1733778843, 17, 31, 78, 14, 1, 0.06%, 9, 0, 11, 340.76
1733778853, 17, 32, 78, 14, 1, 0.06%, 9, 0, 11, 334.46
1733778859, 17, 33, 78, 14, 1, 0.06%, 9, 0, 11, 309.42
1733778864, 17, 67, 78, 14, 1, 0.06%, 9, 0, 11, 308.34
1733778869, 17, 69, 78, 14, 1, 0.06%, 9, 0, 11, 356.94
1733778879, 17, 71, 78, 14, 1, 0.06%, 9, 0, 11, 378.63
1733778884, 17, 75, 78, 14, 1, 0.06%, 9, 0, 11, 369.56
1733778894, 17, 76, 78, 14, 1, 0.06%, 9, 0, 11, 345.49
1733778899, 18, 16, 78, 14, 1, 0.06%, 9, 0, 11, 295.56
1733778904, 18, 28, 78, 14, 1, 0.06%, 9, 0, 11, 301.16
1733778909, 18, 30, 78, 14, 1, 0.06%, 9, 0, 11, 321.45
1733778914, 18, 31, 78, 14, 1, 0.06%, 9, 0, 11, 375.81
1733778930, 18, 32, 78, 14, 1, 0.06%, 9, 0, 11, 338.66
1733778935, 18, 33, 78, 14, 1, 0.06%, 9, 0, 11, 299.89
1733778940, 18, 67, 78, 14, 1, 0.06%, 9, 0, 11, 354.96
1733778945, 18, 69, 78, 14, 1, 0.06%, 9, 0, 11, 357.08
1733778955, 18, 71, 78, 14, 1, 0.06%, 9, 0, 11, 358.77
1733778960, 18, 75, 78, 14, 1, 0.06%, 9, 0, 11, 348.28
1733778965, 18, 76, 78, 14, 1, 0.06%, 9, 0, 11, 311.88
1733778970, 19, 16, 78, 14, 1, 0.06%, 9, 0, 11, 305.01
1733778975, 19, 28, 78, 14, 1, 0.06%, 9, 0, 11, 311.45
1733778980, 19, 29, 78, 14, 1, 0.06%, 9, 0, 11, 352.54
1733778985, 19, 30, 78, 14, 1, 0.06%, 9, 0, 11, 353.91
1733778990, 19, 31, 78, 14, 1, 0.06%, 9, 0, 11, 409.56
1733779006, 19, 32, 78, 14, 1, 0.06%, 9, 0, 11, 327.73
1733779011, 19, 33, 78, 14, 1, 0.06%, 9, 0, 11, 292.57
1733779016, 19, 67, 78, 14, 1, 0.06%, 9, 0, 11, 334.40
1733779021, 19, 69, 78, 14, 1, 0.06%, 9, 0, 11, 365.77
1733779026, 19, 71, 78, 14, 1, 0.06%, 9, 0, 11, 349.94
1733779036, 19, 75, 78, 14, 1, 0.06%, 9, 0, 11, 348.22
1733779041, 19, 76, 78, 14, 1, 0.06%, 9, 0, 11, 355.25
1733779046, 20, 16, 78, 14, 1, 0.06%, 9, 0, 11, 312.64
1733779051, 20, 28, 78, 14, 1, 0.06%, 9, 0, 11, 320.30
1733779056, 20, 29, 78, 14, 1, 0.06%, 9, 0, 11, 315.71
1733779061, 20, 30, 78, 14, 1, 0.06%, 9, 0, 11, 332.80
1733779066, 20, 31, 78, 14, 1, 0.06%, 9, 0, 11, 334.74
1733779082, 20, 33, 78, 14, 1, 0.06%, 9, 0, 11, 309.08
1733779087, 20, 67, 78, 14, 1, 0.06%, 9, 0, 11, 317.28
1733779097, 20, 69, 78, 14, 1, 0.06%, 9, 0, 11, 335.17
1733779102, 20, 71, 78, 14, 1, 0.06%, 9, 0, 11, 363.97
1733779107, 20, 75, 78, 14, 1, 0.06%, 9, 0, 11, 356.96
1733779117, 20, 76, 78, 14, 1, 0.06%, 9, 0, 11, 335.80
1733779122, 21, 16, 78, 14, 1, 0.06%, 9, 0, 11, 298.39
1733779127, 21, 28, 78, 14, 1, 0.06%, 9, 0, 11, 304.10
1733779132, 21, 29, 78, 14, 1, 0.06%, 9, 0, 11, 309.29
1733779137, 21, 30, 78, 14, 1, 0.06%, 9, 0, 11, 309.43
1733779143, 21, 31, 78, 14, 1, 0.06%, 9, 0, 11, 283.42
1733779153, 21, 32, 78, 14, 1, 0.06%, 9, 0, 11, 355.72
1733779158, 21, 33, 78, 14, 1, 0.06%, 9, 0, 11, 308.24
1733779163, 21, 67, 78, 14, 1, 0.06%, 9, 0, 11, 283.34
1733779168, 21, 69, 78, 14, 1, 0.06%, 9, 0, 11, 332.30
1733779178, 21, 71, 78, 14, 1, 0.06%, 9, 0, 11, 383.85
1733779183, 21, 75, 78, 14, 1, 0.06%, 9, 0, 11, 340.87
1733779193, 21, 76, 78, 14, 1, 0.06%, 9, 0, 11, 327.06
1733779198, 22, 16, 78, 14, 1, 0.06%, 9, 0, 11, 281.78
1733779203, 22, 28, 78, 14, 1, 0.06%, 9, 0, 11, 299.33
1733779209, 22, 30, 78, 14, 1, 0.06%, 9, 0, 11, 319.71
1733779214, 22, 31, 78, 14, 1, 0.06%, 9, 0, 11, 332.24
1733779229, 22, 32, 78, 14, 1, 0.06%, 9, 0, 11, 345.14
1733779234, 22, 33, 78, 14, 1, 0.06%, 9, 0, 11, 300.68
1733779239, 22, 67, 78, 14, 1, 0.06%, 9, 0, 11, 324.74
1733779244, 22, 69, 78, 14, 1, 0.06%, 9, 0, 11, 336.90
1733779254, 22, 71, 78, 14, 1, 0.06%, 9, 0, 11, 368.13
1733779259, 22, 75, 78, 14, 1, 0.06%, 9, 0, 11, 346.68
1733779265, 22, 76, 78, 14, 1, 0.06%, 9, 0, 11, 309.53
1733779270, 23, 16, 78, 14, 1, 0.06%, 9, 0, 11, 306.29
1733779280, 23, 29, 78, 14, 1, 0.06%, 9, 0, 11, 313.34
1733779285, 23, 30, 78, 14, 1, 0.06%, 9, 0, 11, 355.19
1733779290, 23, 31, 78, 14, 1, 0.06%, 9, 0, 11, 402.65
1733779305, 23, 32, 78, 14, 1, 0.06%, 9, 0, 11, 341.02
1733779310, 23, 33, 78, 14, 1, 0.06%, 9, 0, 11, 298.51
1733779315, 23, 67, 78, 14, 1, 0.06%, 9, 0, 11, 349.34
1733779320, 23, 69, 78, 14, 1, 0.06%, 9, 0, 11, 384.23
1733779325, 23, 71, 78, 14, 1, 0.06%, 9, 0, 11, 353.22
1733779335, 23, 75, 78, 14, 1, 0.06%, 9, 0, 11, 347.19
1733779340, 23, 76, 78, 14, 1, 0.06%, 9, 0, 11, 342.54
1733779345, 24, 16, 78, 14, 1, 0.06%, 9, 0, 11, 310.09
1733779350, 24, 28, 78, 14, 1, 0.06%, 9, 0, 11, 325.02
1733779355, 24, 29, 78, 14, 1, 0.06%, 9, 0, 11, 331.09
1733779360, 24, 30, 78, 14, 1, 0.06%, 9, 0, 11, 354.31
1733779366, 24, 31, 78, 14, 1, 0.06%, 9, 0, 11, 412.50
1733779381, 24, 32, 78, 14, 1, 0.06%, 9, 0, 11, 331.37
1733779386, 24, 33, 78, 14, 1, 0.06%, 9, 0, 11, 302.64
1733779391, 24, 67, 78, 14, 1, 0.06%, 9, 0, 11, 325.80
1733779396, 24, 69, 78, 14, 1, 0.06%, 9, 0, 11, 370.31
1733779401, 24, 71, 78, 14, 1, 0.06%, 9, 0, 11, 326.53
1733779411, 24, 75, 78, 14, 1, 0.06%, 9, 0, 11, 334.43
1733779416, 24, 76, 78, 14, 1, 0.06%, 9, 0, 11, 348.70
1733779421, 25, 16, 78, 14, 1, 0.06%, 9, 0, 11, 319.32
1733779426, 25, 28, 78, 14, 1, 0.06%, 9, 0, 11, 324.79
1733779432, 25, 29, 78, 14, 1, 0.06%, 9, 0, 11, 331.17
1733779437, 25, 30, 78, 14, 1, 0.06%, 9, 0, 11, 341.54
1733779442, 25, 31, 78, 14, 1, 0.06%, 9, 0, 11, 343.51
1733779457, 25, 32, 78, 14, 1, 0.06%, 9, 0, 11, 303.42
1733779462, 25, 33, 78, 14, 1, 0.06%, 9, 0, 11, 292.08
1733779467, 25, 67, 78, 14, 1, 0.06%, 9, 0, 11, 328.35
1733779472, 25, 69, 78, 14, 1, 0.06%, 9, 0, 11, 362.12
1733779477, 25, 71, 78, 14, 1, 0.06%, 9, 0, 11, 305.53
1733779487, 25, 75, 78, 14, 1, 0.06%, 9, 0, 11, 339.78
1733779492, 25, 76, 78, 14, 1, 0.06%, 9, 0, 11, 341.40
1733779497, 26, 16, 78, 14, 1, 0.06%, 9, 0, 11, 319.17
1733779502, 26, 28, 78, 14, 1, 0.06%, 9, 0, 11, 323.78
1733779507, 26, 29, 78, 14, 1, 0.06%, 9, 0, 11, 341.66
1733779512, 26, 30, 78, 14, 1, 0.06%, 9, 0, 11, 343.47
1733779517, 26, 31, 78, 14, 1, 0.06%, 9, 0, 11, 387.35
1733779533, 26, 32, 78, 14, 1, 0.06%, 9, 0, 11, 316.83
1733779538, 26, 33, 78, 14, 1, 0.06%, 9, 0, 11, 287.40
1733779543, 26, 67, 78, 14, 1, 0.06%, 9, 0, 11, 333.45
1733779548, 26, 69, 78, 14, 1, 0.06%, 9, 0, 11, 359.12
1733779553, 26, 71, 78, 14, 1, 0.06%, 9, 0, 11, 323.64
1733779563, 26, 75, 78, 14, 1, 0.06%, 9, 0, 11, 319.50
1733779568, 26, 76, 78, 14, 1, 0.06%, 9, 0, 11, 352.53
1733779573, 27, 16, 78, 14, 1, 0.06%, 9, 0, 11, 299.89
1733779578, 27, 28, 78, 14, 1, 0.06%, 9, 0, 11, 315.02
1733779584, 27, 29, 78, 14, 1, 0.06%, 9, 0, 11, 328.61
1733779589, 27, 30, 78, 14, 1, 0.06%, 9, 0, 11, 340.61
1733779594, 27, 31, 78, 14, 1, 0.06%, 9, 0, 11, 305.29
1733779604, 27, 32, 78, 14, 1, 0.06%, 9, 0, 11, 330.91
1733779609, 27, 33, 78, 14, 1, 0.06%, 9, 0, 11, 294.40
1733779614, 27, 67, 78, 14, 1, 0.06%, 9, 0, 11, 309.38
1733779624, 27, 69, 78, 14, 1, 0.06%, 9, 0, 11, 369.97
1733779629, 27, 71, 78, 14, 1, 0.06%, 9, 0, 11, 375.27
1733779639, 27, 75, 78, 14, 1, 0.06%, 9, 0, 11, 327.78
1733779644, 27, 76, 78, 14, 1, 0.06%, 9, 0, 11, 333.59
1733779649, 28, 16, 78, 14, 1, 0.06%, 9, 0, 11, 303.48
1733779654, 28, 28, 78, 14, 1, 0.06%, 9, 0, 11, 314.31
1733779659, 28, 29, 78, 14, 1, 0.06%, 9, 0, 11, 318.82
1733779664, 28, 30, 78, 14, 1, 0.06%, 9, 0, 11, 324.72
1733779670, 28, 31, 78, 14, 1, 0.06%, 9, 0, 11, 277.98
1733779680, 28, 32, 78, 14, 1, 0.06%, 9, 0, 11, 365.19
1733779685, 28, 33, 78, 14, 1, 0.06%, 9, 0, 11, 308.78
1733779690, 28, 67, 78, 14, 1, 0.06%, 9, 0, 11, 350.36
1733779695, 28, 69, 78, 14, 1, 0.06%, 9, 0, 11, 358.95
1733779705, 28, 71, 78, 14, 1, 0.06%, 9, 0, 11, 373.03
1733779710, 28, 75, 78, 14, 1, 0.06%, 9, 0, 11, 346.07
1733779715, 28, 76, 78, 14, 1, 0.06%, 9, 0, 11, 320.45
1733779720, 29, 16, 78, 14, 1, 0.06%, 9, 0, 11, 311.00
1733779725, 29, 28, 78, 14, 1, 0.06%, 9, 0, 11, 326.81
1733779730, 29, 29, 78, 14, 1, 0.06%, 9, 0, 11, 341.27
1733779735, 29, 30, 78, 14, 1, 0.06%, 9, 0, 11, 355.93
1733779740, 29, 31, 78, 14, 1, 0.06%, 9, 0, 11, 401.18
1733779756, 29, 32, 78, 14, 1, 0.06%, 9, 0, 11, 316.84
1733779761, 29, 33, 78, 14, 1, 0.06%, 9, 0, 11, 296.69
1733779766, 29, 67, 78, 14, 1, 0.06%, 9, 0, 11, 337.10
1733779771, 29, 69, 78, 14, 1, 0.06%, 9, 0, 11, 381.41
1733779781, 29, 71, 78, 14, 1, 0.06%, 9, 0, 11, 361.52
1733779786, 29, 75, 78, 14, 1, 0.06%, 9, 0, 11, 362.71
1733779791, 29, 76, 78, 14, 1, 0.06%, 9, 0, 11, 357.61
1733779796, 30, 16, 78, 14, 1, 0.06%, 9, 0, 11, 322.03
1733779801, 30, 28, 78, 14, 1, 0.06%, 9, 0, 11, 324.76
1733779806, 30, 29, 78, 14, 1, 0.06%, 9, 0, 11, 336.99
1733779811, 30, 30, 78, 14, 1, 0.06%, 9, 0, 11, 349.77
1733779816, 30, 31, 78, 14, 1, 0.06%, 9, 0, 11, 374.86
1733779832, 30, 32, 78, 14, 1, 0.06%, 9, 0, 11, 305.40
1733779837, 30, 33, 78, 14, 1, 0.06%, 9, 0, 11, 283.54
1733779842, 30, 67, 78, 14, 1, 0.06%, 9, 0, 11, 343.42
1733779847, 30, 69, 78, 14, 1, 0.06%, 9, 0, 11, 353.51
1733779852, 30, 71, 78, 14, 1, 0.06%, 9, 0, 11, 314.17
1733779863, 30, 75, 78, 14, 1, 0.06%, 9, 0, 11, 326.52
1733779868, 30, 76, 78, 14, 1, 0.06%, 9, 0, 11, 345.56
1733779873, 31, 16, 78, 14, 1, 0.06%, 9, 0, 11, 314.32
1733779878, 31, 28, 78, 14, 1, 0.06%, 9, 0, 11, 309.94
1733779883, 31, 29, 78, 14, 1, 0.06%, 9, 0, 11, 313.68
1733779888, 31, 30, 78, 14, 1, 0.06%, 9, 0, 11, 335.88
1733779893, 31, 31, 78, 14, 1, 0.06%, 9, 0, 11, 305.34
1733779903, 31, 32, 78, 14, 1, 0.06%, 9, 0, 11, 372.86
1733779908, 31, 33, 78, 14, 1, 0.06%, 9, 0, 11, 306.94
1733779913, 31, 67, 78, 14, 1, 0.06%, 9, 0, 11, 296.69
1733779918, 31, 69, 78, 14, 1, 0.06%, 9, 0, 11, 340.60
1733779929, 31, 71, 78, 14, 1, 0.06%, 9, 0, 11, 362.94
1733779934, 31, 75, 78, 14, 1, 0.06%, 9, 0, 11, 348.41
1733779944, 31, 76, 78, 14, 1, 0.06%, 9, 0, 11, 330.21
1733779949, 32, 16, 78, 14, 1, 0.06%, 9, 0, 11, 318.92
1733779954, 32, 28, 78, 14, 1, 0.06%, 9, 0, 11, 311.32
1733779959, 32, 29, 78, 14, 1, 0.06%, 9, 0, 11, 318.56
1733779964, 32, 31, 78, 14, 1, 0.06%, 9, 0, 11, 371.76
1733779979, 32, 32, 78, 14, 1, 0.06%, 9, 0, 11, 346.29
1733779984, 32, 33, 78, 14, 1, 0.06%, 9, 0, 11, 293.62
1733779989, 32, 67, 78, 14, 1, 0.06%, 9, 0, 11, 336.25
1733779995, 32, 69, 78, 14, 1, 0.06%, 9, 0, 11, 340.19
1733780005, 32, 71, 78, 14, 1, 0.06%, 9, 0, 11, 371.25
1733780010, 32, 75, 78, 14, 1, 0.06%, 9, 0, 11, 329.86
1733780015, 32, 76, 78, 14, 1, 0.06%, 9, 0, 11, 318.43
1733780020, 33, 16, 78, 14, 1, 0.06%, 9, 0, 11, 323.67
1733780025, 33, 28, 78, 14, 1, 0.06%, 9, 0, 11, 318.97
1733780030, 33, 29, 78, 14, 1, 0.06%, 9, 0, 11, 343.81
1733780035, 33, 30, 78, 14, 1, 0.06%, 9, 0, 11, 349.88
1733780040, 33, 31, 78, 14, 1, 0.06%, 9, 0, 11, 416.52
1733780055, 33, 32, 78, 14, 1, 0.06%, 9, 0, 11, 325.90
1733780061, 33, 33, 78, 14, 1, 0.06%, 9, 0, 11, 300.46
1733780066, 33, 67, 78, 14, 1, 0.06%, 9, 0, 11, 355.06
1733780071, 33, 69, 78, 14, 1, 0.06%, 9, 0, 11, 337.95
1733780081, 33, 71, 78, 14, 1, 0.06%, 9, 0, 11, 342.55
1733780086, 33, 75, 78, 14, 1, 0.06%, 9, 0, 11, 363.28
1733780091, 33, 76, 78, 14, 1, 0.06%, 9, 0, 11, 327.97
1733780096, 34, 16, 78, 14, 1, 0.06%, 9, 0, 11, 337.62
1733780101, 34, 28, 78, 14, 1, 0.06%, 9, 0, 11, 332.68
1733780106, 34, 29, 78, 14, 1, 0.06%, 9, 0, 11, 331.24
1733780111, 34, 30, 78, 14, 1, 0.06%, 9, 0, 11, 338.37
1733780116, 34, 31, 78, 14, 1, 0.06%, 9, 0, 11, 392.43
1733780132, 34, 32, 78, 14, 1, 0.06%, 9, 0, 11, 315.05
1733780137, 34, 33, 78, 14, 1, 0.06%, 9, 0, 11, 300.07
1733780142, 34, 67, 78, 14, 1, 0.06%, 9, 0, 11, 327.41
1733780147, 34, 69, 78, 14, 1, 0.06%, 9, 0, 11, 370.80
1733780152, 34, 71, 78, 14, 1, 0.06%, 9, 0, 11, 337.99
1733780162, 34, 75, 78, 14, 1, 0.06%, 9, 0, 11, 351.10
1733780167, 34, 76, 78, 14, 1, 0.06%, 9, 0, 11, 343.52
1733780172, 35, 16, 78, 14, 1, 0.06%, 9, 0, 11, 314.52
1733780177, 35, 28, 78, 14, 1, 0.06%, 9, 0, 11, 339.89
1733780182, 35, 29, 78, 14, 1, 0.06%, 9, 0, 11, 346.91
1733780187, 35, 30, 78, 14, 1, 0.06%, 9, 0, 11, 343.44
1733780192, 35, 31, 78, 14, 1, 0.06%, 9, 0, 11, 344.59
1733780208, 35, 33, 78, 14, 1, 0.06%, 9, 0, 11, 320.57
1733780213, 35, 67, 78, 14, 1, 0.06%, 9, 0, 11, 315.01
1733780223, 35, 69, 78, 14, 1, 0.06%, 9, 0, 11, 378.41
1733780228, 35, 71, 78, 14, 1, 0.06%, 9, 0, 11, 375.74
1733780233, 35, 75, 78, 14, 1, 0.06%, 9, 0, 11, 360.93
1733780243, 35, 76, 78, 14, 1, 0.06%, 9, 0, 11, 317.75
1733780248, 36, 16, 78, 14, 1, 0.06%, 9, 0, 11, 299.54
1733780254, 36, 28, 78, 14, 1, 0.06%, 9, 0, 11, 315.76
1733780259, 36, 30, 78, 14, 1, 0.06%, 9, 0, 11, 310.96
1733780264, 36, 31, 78, 14, 1, 0.06%, 9, 0, 11, 363.16
1733780279, 36, 32, 78, 14, 1, 0.06%, 9, 0, 11, 339.57
1733780284, 36, 33, 78, 14, 1, 0.06%, 9, 0, 11, 302.65
1733780289, 36, 34, 78, 14, 1, 0.06%, 9, 0, 11, 352.75
1733780294, 36, 35, 78, 14, 1, 0.06%, 9, 0, 11, 357.15
1733780299, 36, 36, 78, 14, 1, 0.06%, 9, 0, 11, 341.28
1733780305, 36, 40, 78, 14, 1, 0.06%, 9, 0, 11, 369.06
1733780310, 36, 41, 78, 14, 1, 0.06%, 9, 0, 11, 344.99
1733780315, 36, 42, 78, 14, 1, 0.06%, 9, 0, 11, 379.17
1733780320, 36, 43, 78, 14, 1, 0.06%, 9, 0, 11, 364.90
1733780325, 36, 44, 78, 14, 1, 0.06%, 9, 0, 11, 355.41
1733780330, 36, 45, 78, 14, 1, 0.06%, 9, 0, 11, 318.09
1733780335, 36, 46, 78, 14, 1, 0.06%, 9, 0, 11, 359.48
1733780340, 36, 47, 78, 14, 1, 0.06%, 9, 0, 11, 358.45
1733780345, 36, 48, 78, 14, 1, 0.06%, 9, 0, 11, 364.71
1733780350, 36, 49, 78, 14, 1, 0.06%, 9, 0, 11, 366.51
1733780355, 36, 50, 78, 14, 1, 0.06%, 9, 0, 11, 362.75
1733780360, 36, 52, 78, 14, 1, 0.06%, 9, 0, 11, 338.65
1733780371, 36, 53, 78, 14, 1, 0.06%, 9, 0, 11, 418.94
1733780386, 36, 54, 78, 14, 1, 0.06%, 9, 0, 11, 352.39
1733780391, 36, 55, 78, 14, 1, 0.06%, 9, 0, 11, 392.21
1733780401, 36, 56, 78, 14, 1, 0.06%, 9, 0, 11, 383.70
1733780411, 36, 57, 78, 14, 1, 0.06%, 9, 0, 11, 366.63
1733780416, 36, 58, 78, 14, 1, 0.06%, 9, 0, 11, 349.87
1733780421, 36, 59, 78, 14, 1, 0.06%, 9, 0, 11, 331.67
1733780426, 36, 60, 78, 14, 1, 0.06%, 9, 0, 11, 329.16
1733780431, 36, 61, 78, 14, 1, 0.06%, 9, 0, 11, 346.69
1733780442, 36, 62, 78, 14, 1, 0.06%, 9, 0, 11, 362.80
1733780452, 36, 63, 78, 14, 1, 0.06%, 9, 0, 11, 399.44
1733780508, 36, 64, 78, 14, 1, 0.06%, 9, 0, 11, 350.79
1733780574, 36, 65, 78, 14, 1, 0.06%, 9, 0, 11, 289.94
1733780784, 36, 66, 78, 14, 1, 0.06%, 9, 0, 11, 322.67
1733780978, 36, 67, 78, 14, 1, 0.06%, 9, 0, 11, 318.17
1733781060, 36, 68, 78, 14, 1, 0.06%, 9, 0, 11, 351.09
1733781137, 36, 69, 78, 14, 1, 0.06%, 9, 0, 11, 350.81
1733781239, 36, 70, 78, 14, 1, 0.06%, 9, 0, 11, 362.00
1733781244, 36, 71, 78, 14, 1, 0.06%, 9, 0, 11, 353.25
1733781346, 36, 72, 78, 14, 1, 0.06%, 9, 0, 11, 356.73
1733781361, 36, 73, 78, 14, 1, 0.06%, 9, 0, 11, 357.11
1733781386, 36, 74, 78, 14, 1, 0.06%, 9, 0, 11, 355.55
1733781602, 36, 75, 78, 14, 1, 0.06%, 9, 0, 11, 336.62
1733781607, 36, 76, 78, 14, 1, 0.06%, 9, 0, 11, 355.50
1733781612, 36, 77, 78, 14, 1, 0.06%, 9, 0, 11, 437.13
1733781653, 37, 14, 78, 14, 1, 0.06%, 9, 0, 11, 285.62
1733781658, 37, 16, 78, 14, 1, 0.06%, 9, 0, 11, 289.25
1733781663, 37, 25, 78, 14, 1, 0.06%, 9, 0, 11, 298.73
1733781699, 37, 28, 78, 13, 0, 0.06%, 9, 0, 11, 340.53
1733781704, 37, 29, 78, 13, 0, 0.06%, 9, 0, 11, 348.36
1733781709, 37, 30, 78, 13, 0, 0.06%, 9, 0, 11, 354.95
1733781714, 37, 31, 78, 13, 0, 0.06%, 9, 0, 11, 373.29
1733781729, 37, 32, 78, 13, 0, 0.06%, 9, 0, 11, 319.87
1733781735, 37, 33, 78, 13, 0, 0.06%, 9, 0, 11, 308.05
1733781740, 37, 35, 78, 13, 0, 0.06%, 9, 0, 11, 333.33
1733781745, 37, 36, 78, 13, 0, 0.06%, 9, 0, 11, 384.67
1733781750, 37, 38, 78, 13, 0, 0.06%, 9, 0, 11, 371.76
1733781755, 37, 40, 78, 13, 0, 0.06%, 9, 0, 11, 346.71
1733781760, 37, 41, 78, 13, 0, 0.06%, 9, 0, 11, 361.93
1733781765, 37, 42, 78, 13, 0, 0.06%, 9, 0, 11, 358.52
1733781770, 37, 43, 78, 13, 0, 0.06%, 9, 0, 11, 348.28
1733781775, 37, 44, 78, 13, 0, 0.06%, 9, 0, 11, 352.10
1733781780, 37, 45, 78, 13, 0, 0.06%, 9, 0, 11, 318.53
1733781785, 37, 46, 78, 13, 0, 0.06%, 9, 0, 11, 351.96
1733781790, 37, 47, 78, 13, 0, 0.06%, 9, 0, 11, 350.15
1733781795, 37, 48, 78, 13, 0, 0.06%, 9, 0, 11, 322.18
1733781800, 37, 50, 78, 13, 0, 0.06%, 9, 0, 11, 334.23
1733781810, 37, 52, 78, 13, 0, 0.06%, 9, 0, 11, 337.83
1733781820, 37, 53, 78, 13, 0, 0.06%, 9, 0, 11, 406.07
1733781836, 37, 54, 78, 13, 0, 0.06%, 9, 0, 11, 373.82
1733781841, 37, 55, 78, 13, 0, 0.06%, 9, 0, 11, 353.90
1733781846, 37, 56, 78, 13, 0, 0.06%, 9, 0, 11, 371.67
1733781851, 37, 57, 78, 13, 0, 0.06%, 9, 0, 11, 359.90
1733781856, 37, 58, 78, 13, 0, 0.06%, 9, 0, 11, 385.51
1733781861, 37, 59, 78, 13, 0, 0.06%, 9, 0, 11, 312.47
1733781871, 37, 60, 78, 13, 0, 0.06%, 9, 0, 11, 304.43
1733781877, 37, 61, 78, 13, 0, 0.06%, 9, 0, 11, 359.83
1733781882, 37, 62, 78, 13, 0, 0.06%, 9, 0, 11, 301.56
1733781887, 37, 63, 78, 13, 0, 0.06%, 9, 0, 11, 345.87
1733781892, 37, 64, 78, 13, 0, 0.06%, 9, 0, 11, 369.71
1733781902, 37, 65, 78, 13, 0, 0.06%, 9, 0, 11, 377.31
1733781907, 37, 66, 78, 13, 0, 0.06%, 9, 0, 11, 298.28
1733781917, 37, 67, 78, 13, 0, 0.06%, 9, 0, 11, 299.15
1733781922, 37, 68, 78, 13, 0, 0.06%, 9, 0, 11, 339.20
1733781927, 37, 69, 78, 13, 0, 0.06%, 9, 0, 11, 340.59
1733781937, 37, 70, 78, 13, 0, 0.06%, 9, 0, 11, 355.22
1733781948, 37, 71, 78, 13, 0, 0.06%, 9, 0, 11, 368.33
1733781953, 37, 72, 78, 13, 0, 0.06%, 9, 0, 11, 367.38
1733781958, 37, 73, 78, 13, 0, 0.06%, 9, 0, 11, 363.80
1733781989, 37, 74, 78, 13, 0, 0.06%, 9, 0, 11, 327.75
1733782004, 37, 75, 78, 13, 0, 0.06%, 9, 0, 11, 344.57
1733782009, 37, 76, 78, 13, 0, 0.06%, 9, 0, 11, 343.06
1733782014, 37, 77, 78, 13, 0, 0.06%, 9, 0, 11, 436.03
1733782034, 38, 14, 78, 13, 0, 0.06%, 9, 0, 11, 284.36
1733782039, 38, 16, 78, 13, 0, 0.06%, 9, 0, 11, 292.22
1733782044, 38, 25, 78, 13, 0, 0.06%, 9, 0, 11, 331.21
1733782055, 38, 28, 78, 13, 0, 0.06%, 9, 0, 11, 305.89
1733782060, 38, 29, 78, 13, 0, 0.06%, 9, 0, 11, 323.33
1733782065, 38, 30, 78, 13, 0, 0.06%, 9, 0, 11, 331.09
1733782070, 38, 31, 78, 13, 0, 0.06%, 9, 0, 11, 287.14
1733782080, 38, 32, 78, 13, 0, 0.06%, 9, 0, 11, 363.73
1733782085, 38, 33, 78, 13, 0, 0.06%, 9, 0, 11, 308.55
1733782090, 38, 34, 78, 13, 0, 0.06%, 9, 0, 11, 348.46
1733782095, 38, 35, 78, 13, 0, 0.06%, 9, 0, 11, 363.63
1733782100, 38, 36, 78, 13, 0, 0.06%, 9, 0, 11, 343.72
1733782105, 38, 38, 78, 13, 0, 0.06%, 9, 0, 11, 332.64
1733782110, 38, 40, 78, 13, 0, 0.06%, 9, 0, 11, 329.82
1733782115, 38, 41, 78, 13, 0, 0.06%, 9, 0, 11, 340.17
1733782120, 38, 43, 78, 13, 0, 0.06%, 9, 0, 11, 368.47
1733782125, 38, 44, 78, 13, 0, 0.06%, 9, 0, 11, 327.97
1733782130, 38, 45, 78, 13, 0, 0.06%, 9, 0, 11, 334.68
1733782135, 38, 46, 78, 13, 0, 0.06%, 9, 0, 11, 311.16
1733782140, 38, 47, 78, 13, 0, 0.06%, 9, 0, 11, 323.60
1733782146, 38, 48, 78, 13, 0, 0.06%, 9, 0, 11, 378.61
1733782151, 38, 49, 78, 13, 0, 0.06%, 9, 0, 11, 383.83
1733782156, 38, 50, 78, 13, 0, 0.06%, 9, 0, 11, 373.28
1733782161, 38, 51, 78, 13, 0, 0.06%, 9, 0, 11, 361.18
1733782166, 38, 52, 78, 13, 0, 0.06%, 9, 0, 11, 322.52
1733782171, 38, 52, 79, 14, 0, 0.06%, 9, 0, 11, 399.28
1733782176, 38, 53, 79, 14, 0, 0.06%, 9, 0, 11, 379.35
1733782186, 38, 54, 79, 14, 0, 0.06%, 9, 0, 11, 364.78
1733782191, 38, 55, 79, 14, 0, 0.06%, 9, 0, 11, 353.92
1733782196, 38, 56, 79, 14, 0, 0.06%, 9, 0, 11, 358.02
1733782206, 38, 57, 79, 14, 0, 0.06%, 9, 0, 11, 385.52
1733782212, 38, 58, 79, 14, 0, 0.06%, 9, 0, 11, 365.73
1733782217, 38, 59, 79, 14, 0, 0.06%, 9, 0, 11, 357.47
1733782222, 38, 60, 79, 14, 0, 0.06%, 9, 0, 11, 350.12
1733782227, 38, 61, 79, 14, 0, 0.06%, 9, 0, 11, 332.58
1733782237, 38, 62, 79, 14, 0, 0.06%, 9, 0, 11, 369.34
1733782242, 38, 63, 79, 14, 0, 0.06%, 9, 0, 11, 381.00
1733782247, 38, 64, 79, 14, 0, 0.06%, 9, 0, 11, 368.85
1733782252, 38, 65, 79, 14, 0, 0.06%, 9, 0, 11, 332.91
1733782262, 38, 66, 79, 14, 0, 0.06%, 9, 0, 11, 384.77
1733782267, 38, 67, 79, 14, 0, 0.06%, 9, 0, 11, 354.54
1733782272, 38, 68, 79, 14, 0, 0.06%, 9, 0, 11, 366.03
1733782277, 38, 69, 79, 14, 0, 0.06%, 9, 0, 11, 339.35
1733782288, 38, 70, 79, 14, 0, 0.06%, 9, 0, 11, 374.65
1733782293, 38, 71, 79, 14, 0, 0.06%, 9, 0, 11, 329.39
1733782303, 38, 72, 79, 14, 0, 0.06%, 9, 0, 11, 378.13
1733782308, 38, 73, 79, 14, 0, 0.06%, 9, 0, 11, 413.94
1733782328, 38, 74, 79, 14, 0, 0.06%, 9, 0, 11, 315.35
1733782343, 38, 75, 79, 14, 0, 0.06%, 9, 0, 11, 352.96
1733782348, 38, 76, 79, 14, 0, 0.06%, 9, 0, 11, 319.58
1733782354, 38, 77, 79, 14, 0, 0.06%, 9, 0, 11, 353.82
1733782374, 38, 78, 80, 15, 0, 0.06%, 9, 0, 11, 336.13
1733782523, 38, 79, 80, 14, 0, 0.06%, 9, 0, 11, 363.00
1733782686, 39, 14, 80, 13, 0, 0.06%, 9, 0, 11, 312.45
1733782691, 39, 16, 80, 13, 0, 0.06%, 9, 0, 11, 289.79
1733782696, 39, 25, 80, 13, 0, 0.06%, 9, 0, 11, 290.07
1733782701, 39, 28, 80, 13, 0, 0.06%, 9, 0, 11, 302.32
1733782706, 39, 29, 80, 13, 0, 0.06%, 9, 0, 11, 326.70
1733782711, 39, 30, 80, 13, 0, 0.06%, 9, 0, 11, 314.41
1733782716, 39, 31, 80, 13, 0, 0.06%, 9, 0, 11, 308.71
1733782727, 39, 32, 80, 13, 0, 0.06%, 9, 0, 11, 354.48
1733782732, 39, 33, 80, 13, 0, 0.06%, 9, 0, 11, 303.83
1733782737, 39, 34, 80, 13, 0, 0.06%, 9, 0, 11, 327.46
1733782742, 39, 35, 80, 13, 0, 0.06%, 9, 0, 11, 363.68
1733782747, 39, 36, 80, 13, 0, 0.06%, 9, 0, 11, 359.21
1733782752, 39, 38, 80, 13, 0, 0.06%, 9, 0, 11, 348.74
1733782757, 39, 40, 80, 13, 0, 0.06%, 9, 0, 11, 340.58
1733782762, 39, 41, 80, 13, 0, 0.06%, 9, 0, 11, 352.21
1733782767, 39, 42, 80, 13, 0, 0.06%, 9, 0, 11, 323.83
1733782772, 39, 44, 80, 13, 0, 0.06%, 9, 0, 11, 333.40
1733782782, 39, 45, 80, 13, 0, 0.06%, 9, 0, 11, 308.82
1733782787, 39, 46, 80, 13, 0, 0.06%, 9, 0, 11, 330.91
1733782793, 39, 48, 80, 13, 0, 0.06%, 9, 0, 11, 337.06
1733782798, 39, 49, 80, 13, 0, 0.06%, 9, 0, 11, 336.17
1733782803, 39, 50, 80, 13, 0, 0.06%, 9, 0, 11, 337.18
1733782808, 39, 51, 80, 13, 0, 0.06%, 9, 0, 11, 372.22
1733782813, 39, 52, 80, 13, 0, 0.06%, 9, 0, 11, 352.27
1733782823, 39, 53, 80, 13, 0, 0.06%, 9, 0, 11, 357.56
1733782833, 39, 54, 80, 13, 0, 0.06%, 9, 0, 11, 351.24
1733782838, 39, 55, 80, 13, 0, 0.06%, 9, 0, 11, 374.61
1733782843, 39, 56, 80, 13, 0, 0.06%, 9, 0, 11, 348.62
1733782854, 39, 57, 80, 13, 0, 0.06%, 9, 0, 11, 380.42
1733782859, 39, 58, 80, 13, 0, 0.06%, 9, 0, 11, 380.37
1733782864, 39, 59, 80, 13, 0, 0.06%, 9, 0, 11, 344.87
1733782869, 39, 60, 80, 13, 0, 0.06%, 9, 0, 11, 343.48
1733782874, 39, 61, 80, 13, 0, 0.06%, 9, 0, 11, 349.01
1733782884, 39, 62, 80, 13, 0, 0.06%, 9, 0, 11, 373.07
1733782889, 39, 63, 80, 13, 0, 0.06%, 9, 0, 11, 382.07
1733782894, 39, 64, 80, 13, 0, 0.06%, 9, 0, 11, 384.76
1733782899, 39, 65, 80, 13, 0, 0.06%, 9, 0, 11, 320.29
1733782909, 39, 66, 80, 13, 0, 0.06%, 9, 0, 11, 355.07
1733782914, 39, 67, 80, 13, 0, 0.06%, 9, 0, 11, 364.14
1733782920, 39, 68, 80, 13, 0, 0.06%, 9, 0, 11, 379.17
1733782925, 39, 69, 80, 13, 0, 0.06%, 9, 0, 11, 354.03
1733782935, 39, 70, 80, 13, 0, 0.06%, 9, 0, 11, 368.66
1733782940, 39, 71, 80, 13, 0, 0.06%, 9, 0, 11, 379.91
1733782950, 39, 72, 80, 13, 0, 0.06%, 9, 0, 11, 373.76
1733782955, 39, 73, 80, 13, 0, 0.06%, 9, 0, 11, 437.66
1733782975, 39, 74, 80, 13, 0, 0.06%, 9, 0, 11, 290.83
1733782986, 39, 75, 80, 13, 0, 0.06%, 9, 0, 11, 346.29
1733782991, 39, 76, 80, 13, 0, 0.06%, 9, 0, 11, 348.39
1733782996, 39, 77, 80, 13, 0, 0.06%, 9, 0, 11, 437.44
1733783016, 39, 78, 80, 13, 0, 0.06%, 9, 0, 11, 403.19
1733783031, 39, 79, 80, 13, 0, 0.06%, 9, 0, 11, 316.88
1733783056, 40, 16, 80, 13, 0, 0.06%, 9, 0, 11, 318.16
1733783061, 40, 28, 80, 13, 0, 0.06%, 9, 0, 11, 333.90
1733783067, 40, 29, 80, 13, 0, 0.06%, 9, 0, 11, 345.46
1733783072, 40, 30, 80, 13, 0, 0.06%, 9, 0, 11, 351.22
1733783077, 40, 31, 80, 13, 0, 0.06%, 9, 0, 11, 377.38
1733783092, 40, 32, 80, 13, 0, 0.06%, 9, 0, 11, 326.47
1733783097, 40, 33, 80, 13, 0, 0.06%, 9, 0, 11, 303.21
1733783102, 40, 35, 80, 13, 0, 0.06%, 9, 0, 11, 376.80
1733783107, 40, 36, 80, 13, 0, 0.06%, 9, 0, 11, 379.39
1733783112, 40, 38, 80, 13, 0, 0.06%, 9, 0, 11, 356.06
1733783117, 40, 40, 80, 13, 0, 0.06%, 9, 0, 11, 357.14
1733783122, 40, 41, 80, 13, 0, 0.06%, 9, 0, 11, 337.61
1733783127, 40, 42, 80, 13, 0, 0.06%, 9, 0, 11, 331.03
1733783133, 40, 43, 80, 13, 0, 0.06%, 9, 0, 11, 337.98
1733783138, 40, 44, 80, 13, 0, 0.06%, 9, 0, 11, 354.44
1733783143, 40, 45, 80, 13, 0, 0.06%, 9, 0, 11, 292.46
1733783148, 40, 46, 80, 13, 0, 0.06%, 9, 0, 11, 328.37
1733783153, 40, 47, 80, 13, 0, 0.06%, 9, 0, 11, 322.34
1733783158, 40, 48, 80, 13, 0, 0.06%, 9, 0, 11, 318.55
1733783163, 40, 50, 80, 13, 0, 0.06%, 9, 0, 11, 345.39
1733783168, 40, 51, 80, 13, 0, 0.06%, 9, 0, 11, 348.07
1733783173, 40, 52, 80, 13, 0, 0.06%, 9, 0, 11, 354.93
1733783183, 40, 53, 80, 13, 0, 0.06%, 9, 0, 11, 414.59
1733783198, 40, 54, 80, 13, 0, 0.06%, 9, 0, 11, 324.03
1733783203, 40, 55, 80, 13, 0, 0.06%, 9, 0, 11, 341.71
1733783208, 40, 56, 80, 13, 0, 0.06%, 9, 0, 11, 327.26
1733783214, 40, 57, 80, 13, 0, 0.06%, 9, 0, 11, 336.22
1733783224, 40, 59, 80, 13, 0, 0.06%, 9, 0, 11, 353.71
1733783234, 40, 60, 80, 13, 0, 0.06%, 9, 0, 11, 317.29
1733783239, 40, 61, 80, 13, 0, 0.06%, 9, 0, 11, 302.83
1733783244, 40, 62, 80, 13, 0, 0.06%, 9, 0, 11, 366.46
1733783254, 40, 63, 80, 13, 0, 0.06%, 9, 0, 11, 347.55
1733783259, 40, 64, 80, 13, 0, 0.06%, 9, 0, 11, 349.89
1733783264, 40, 65, 80, 13, 0, 0.06%, 9, 0, 11, 346.32
1733783269, 40, 66, 80, 13, 0, 0.06%, 9, 0, 11, 366.10
1733783280, 40, 67, 80, 13, 0, 0.06%, 9, 0, 11, 359.11
1733783285, 40, 68, 80, 13, 0, 0.06%, 9, 0, 11, 344.30
1733783290, 40, 69, 80, 13, 0, 0.06%, 9, 0, 11, 365.39
1733783295, 40, 70, 80, 13, 0, 0.06%, 9, 0, 11, 306.78
1733783305, 40, 71, 80, 13, 0, 0.06%, 9, 0, 11, 370.61
1733783310, 40, 72, 80, 13, 0, 0.06%, 9, 0, 11, 350.79
1733783321, 40, 73, 80, 13, 0, 0.06%, 9, 0, 11, 342.81
1733783336, 40, 74, 80, 13, 0, 0.06%, 9, 0, 11, 388.41
1733783346, 40, 75, 80, 13, 0, 0.06%, 9, 0, 11, 355.68
1733783351, 40, 76, 80, 13, 0, 0.06%, 9, 0, 11, 305.52
1733783357, 40, 77, 80, 13, 0, 0.06%, 9, 0, 11, 374.20
1733783377, 40, 78, 80, 13, 0, 0.06%, 9, 0, 11, 305.42
1733783397, 40, 79, 80, 13, 0, 0.06%, 9, 0, 11, 453.84
1733783418, 41, 16, 80, 13, 0, 0.06%, 9, 0, 11, 342.94
1733783423, 41, 28, 80, 13, 0, 0.06%, 9, 0, 11, 336.90
1733783428, 41, 29, 80, 13, 0, 0.06%, 9, 0, 11, 340.16
1733783433, 41, 30, 80, 13, 0, 0.06%, 9, 0, 11, 345.47
1733783438, 41, 31, 80, 13, 0, 0.06%, 9, 0, 11, 393.11
1733783454, 41, 32, 80, 13, 0, 0.06%, 9, 0, 11, 327.42
1733783459, 41, 33, 80, 13, 0, 0.06%, 9, 0, 11, 292.00
1733783464, 41, 35, 80, 13, 0, 0.06%, 9, 0, 11, 325.99
1733783469, 41, 36, 80, 13, 0, 0.06%, 9, 0, 11, 358.00
1733783474, 41, 38, 80, 13, 0, 0.06%, 9, 0, 11, 368.38
1733783479, 41, 40, 80, 13, 0, 0.06%, 9, 0, 11, 363.59
1733783484, 41, 41, 80, 13, 0, 0.06%, 9, 0, 11, 356.52
1733783489, 41, 42, 80, 13, 0, 0.06%, 9, 0, 11, 359.76
1733783494, 41, 43, 80, 13, 0, 0.06%, 9, 0, 11, 337.21
1733783499, 41, 44, 80, 13, 0, 0.06%, 9, 0, 11, 346.76
1733783504, 41, 45, 80, 13, 0, 0.06%, 9, 0, 11, 310.68
1733783509, 41, 46, 80, 13, 0, 0.06%, 9, 0, 11, 352.86
1733783514, 41, 47, 80, 13, 0, 0.06%, 9, 0, 11, 358.14
1733783519, 41, 49, 80, 13, 0, 0.06%, 9, 0, 11, 372.55
1733783524, 41, 50, 80, 13, 0, 0.06%, 9, 0, 11, 330.24
1733783530, 41, 51, 80, 13, 0, 0.06%, 9, 0, 11, 366.64
1733783535, 41, 52, 80, 13, 0, 0.06%, 9, 0, 11, 371.31
1733783545, 41, 53, 80, 13, 0, 0.06%, 9, 0, 11, 361.25
1733783555, 41, 54, 80, 13, 0, 0.06%, 9, 0, 11, 358.55
1733783565, 41, 55, 80, 13, 0, 0.06%, 9, 0, 11, 361.82
1733783570, 41, 56, 80, 13, 0, 0.06%, 9, 0, 11, 377.55
1733783575, 41, 57, 80, 13, 0, 0.06%, 9, 0, 11, 362.45
1733783581, 41, 58, 80, 13, 0, 0.06%, 9, 0, 11, 376.42
1733783586, 41, 59, 80, 13, 0, 0.06%, 9, 0, 11, 324.14
1733783591, 41, 60, 80, 13, 0, 0.06%, 9, 0, 11, 326.29
1733783596, 41, 61, 80, 13, 0, 0.06%, 9, 0, 11, 364.22
1733783606, 41, 62, 80, 13, 0, 0.06%, 9, 0, 11, 368.71
1733783611, 41, 63, 80, 13, 0, 0.06%, 9, 0, 11, 349.49
1733783617, 41, 64, 80, 13, 0, 0.06%, 9, 0, 11, 364.11
1733783622, 41, 65, 80, 13, 0, 0.06%, 9, 0, 11, 361.47
1733783632, 41, 66, 80, 13, 0, 0.06%, 9, 0, 11, 361.85
1733783637, 41, 67, 80, 13, 0, 0.06%, 9, 0, 11, 353.88
1733783642, 41, 68, 80, 13, 0, 0.06%, 9, 0, 11, 316.56
1733783647, 41, 69, 80, 13, 0, 0.06%, 9, 0, 11, 320.37
1733783657, 41, 70, 80, 13, 0, 0.06%, 9, 0, 11, 385.58
1733783662, 41, 71, 80, 13, 0, 0.06%, 9, 0, 11, 332.06
1733783672, 41, 72, 80, 13, 0, 0.06%, 9, 0, 11, 392.16
1733783677, 41, 73, 80, 13, 0, 0.06%, 9, 0, 11, 363.05
1733783698, 41, 74, 80, 13, 0, 0.06%, 9, 0, 11, 341.39
1733783708, 41, 75, 80, 13, 0, 0.06%, 9, 0, 11, 336.00
1733783713, 41, 76, 80, 13, 0, 0.06%, 9, 0, 11, 309.72
1733783718, 41, 77, 80, 13, 0, 0.06%, 9, 0, 11, 375.13
1733783739, 41, 78, 80, 13, 0, 0.06%, 9, 0, 11, 299.72
1733783759, 41, 79, 80, 13, 0, 0.06%, 9, 0, 11, 444.10
1733783785, 42, 16, 80, 13, 0, 0.06%, 9, 0, 11, 300.96
1733783790, 42, 28, 80, 13, 0, 0.06%, 9, 0, 11, 301.98
1733783795, 42, 30, 80, 13, 0, 0.06%, 9, 0, 11, 316.44
1733783800, 42, 31, 80, 13, 0, 0.06%, 9, 0, 11, 386.68
1733783815, 42, 32, 80, 13, 0, 0.06%, 9, 0, 11, 338.42
1733783820, 42, 33, 80, 13, 0, 0.06%, 9, 0, 11, 303.87
1733783825, 42, 34, 80, 13, 0, 0.06%, 9, 0, 11, 338.49
1733783830, 42, 35, 80, 13, 0, 0.06%, 9, 0, 11, 355.94
1733783835, 42, 38, 80, 13, 0, 0.06%, 9, 0, 11, 358.08
1733783840, 42, 40, 80, 13, 0, 0.06%, 9, 0, 11, 376.65
1733783846, 42, 41, 80, 13, 0, 0.06%, 9, 0, 11, 388.40
1733783851, 42, 42, 80, 13, 0, 0.06%, 9, 0, 11, 369.03
1733783856, 42, 43, 80, 13, 0, 0.06%, 9, 0, 11, 344.71
1733783861, 42, 44, 80, 13, 0, 0.06%, 9, 0, 11, 347.68
1733783866, 42, 45, 80, 13, 0, 0.06%, 9, 0, 11, 318.56
1733783871, 42, 46, 80, 13, 0, 0.06%, 9, 0, 11, 349.07
1733783876, 42, 47, 80, 13, 0, 0.06%, 9, 0, 11, 350.01
1733783881, 42, 48, 80, 13, 0, 0.06%, 9, 0, 11, 356.15
1733783886, 42, 49, 80, 13, 0, 0.06%, 9, 0, 11, 338.99
1733783891, 42, 50, 80, 13, 0, 0.06%, 9, 0, 11, 347.57
1733783896, 42, 52, 80, 13, 0, 0.06%, 9, 0, 11, 331.42
1733783906, 42, 53, 80, 13, 0, 0.06%, 9, 0, 11, 409.11
1733783922, 42, 54, 80, 13, 0, 0.06%, 9, 0, 11, 362.59
1733783927, 42, 55, 80, 13, 0, 0.06%, 9, 0, 11, 358.10
1733783932, 42, 56, 80, 13, 0, 0.06%, 9, 0, 11, 370.34
1733783937, 42, 57, 80, 13, 0, 0.06%, 9, 0, 11, 318.85
1733783942, 42, 58, 80, 13, 0, 0.06%, 9, 0, 11, 370.71
1733783947, 42, 59, 80, 13, 0, 0.06%, 9, 0, 11, 323.72
1733783957, 42, 60, 80, 13, 0, 0.06%, 9, 0, 11, 333.01
1733783963, 42, 61, 80, 13, 0, 0.06%, 9, 0, 11, 368.23
1733783968, 42, 62, 80, 13, 0, 0.06%, 9, 0, 11, 320.47
1733783973, 42, 63, 80, 13, 0, 0.06%, 9, 0, 11, 350.25
1733783978, 42, 64, 80, 13, 0, 0.06%, 9, 0, 11, 330.57
1733783983, 42, 65, 80, 13, 0, 0.06%, 9, 0, 11, 341.87
1733783993, 42, 66, 80, 13, 0, 0.06%, 9, 0, 11, 310.29
1733783998, 42, 67, 80, 13, 0, 0.06%, 9, 0, 11, 338.91
1733784003, 42, 68, 80, 13, 0, 0.06%, 9, 0, 11, 347.84
1733784008, 42, 69, 80, 13, 0, 0.06%, 9, 0, 11, 362.14
1733784018, 42, 70, 80, 13, 0, 0.06%, 9, 0, 11, 365.01
1733784028, 42, 71, 80, 13, 0, 0.06%, 9, 0, 11, 339.58
1733784033, 42, 72, 80, 13, 0, 0.06%, 9, 0, 11, 337.02
1733784044, 42, 73, 80, 13, 0, 0.06%, 9, 0, 11, 322.98
1733784059, 42, 74, 80, 13, 0, 0.06%, 9, 0, 11, 353.93
1733784069, 42, 75, 80, 13, 0, 0.06%, 9, 0, 11, 366.11
1733784074, 42, 76, 80, 13, 0, 0.06%, 9, 0, 11, 310.48
1733784079, 42, 77, 80, 13, 0, 0.06%, 9, 0, 11, 366.53
1733784100, 42, 78, 80, 13, 0, 0.06%, 9, 0, 11, 336.55
1733784120, 42, 79, 80, 13, 0, 0.06%, 9, 0, 11, 399.02
1733784146, 43, 16, 80, 13, 0, 0.06%, 9, 0, 11, 323.32
1733784151, 43, 28, 80, 13, 0, 0.06%, 9, 0, 11, 307.25
1733784156, 43, 29, 80, 13, 0, 0.06%, 9, 0, 11, 318.02
1733784161, 43, 31, 80, 13, 0, 0.06%, 9, 0, 11, 329.70
1733784176, 43, 32, 80, 13, 0, 0.06%, 9, 0, 11, 350.50
1733784181, 43, 33, 80, 13, 0, 0.06%, 9, 0, 11, 299.65
1733784186, 43, 34, 80, 13, 0, 0.06%, 9, 0, 11, 346.15
1733784191, 43, 35, 80, 13, 0, 0.06%, 9, 0, 11, 372.28
1733784196, 43, 36, 80, 13, 0, 0.06%, 9, 0, 11, 348.51
1733784201, 43, 40, 80, 13, 0, 0.06%, 9, 0, 11, 360.74
1733784206, 43, 41, 80, 13, 0, 0.06%, 9, 0, 11, 361.39
1733784211, 43, 42, 80, 13, 0, 0.06%, 9, 0, 11, 387.57
1733784216, 43, 43, 80, 13, 0, 0.06%, 9, 0, 11, 365.31
1733784221, 43, 44, 80, 13, 0, 0.06%, 9, 0, 11, 370.19
1733784227, 43, 45, 80, 13, 0, 0.06%, 9, 0, 11, 308.69
1733784232, 43, 46, 80, 13, 0, 0.06%, 9, 0, 11, 355.57
1733784237, 43, 47, 80, 13, 0, 0.06%, 9, 0, 11, 346.55
1733784242, 43, 48, 80, 13, 0, 0.06%, 9, 0, 11, 356.01
1733784247, 43, 49, 80, 13, 0, 0.06%, 9, 0, 11, 363.83
1733784252, 43, 50, 80, 13, 0, 0.06%, 9, 0, 11, 361.51
1733784257, 43, 51, 80, 13, 0, 0.06%, 9, 0, 11, 344.38
1733784262, 43, 52, 80, 13, 0, 0.06%, 9, 0, 11, 352.51
1733784267, 43, 53, 80, 13, 0, 0.06%, 9, 0, 11, 390.61
1733784282, 43, 54, 80, 13, 0, 0.06%, 9, 0, 11, 366.73
1733784287, 43, 55, 80, 13, 0, 0.06%, 9, 0, 11, 355.82
1733784292, 43, 56, 80, 13, 0, 0.06%, 9, 0, 11, 292.81
1733784297, 43, 57, 80, 13, 0, 0.06%, 9, 0, 11, 340.82
1733784308, 43, 58, 80, 13, 0, 0.06%, 9, 0, 11, 331.75
1733784313, 43, 59, 80, 13, 0, 0.06%, 9, 0, 11, 359.36
1733784318, 43, 60, 80, 13, 0, 0.06%, 9, 0, 11, 328.67
1733784323, 43, 61, 80, 13, 0, 0.06%, 9, 0, 11, 300.39
1733784328, 43, 62, 80, 13, 0, 0.06%, 9, 0, 11, 366.86
1733784338, 43, 63, 80, 13, 0, 0.06%, 9, 0, 11, 365.65
1733784343, 43, 64, 80, 13, 0, 0.06%, 9, 0, 11, 352.61
1733784348, 43, 65, 80, 13, 0, 0.06%, 9, 0, 11, 349.28
1733784353, 43, 66, 80, 13, 0, 0.06%, 9, 0, 11, 355.45
1733784363, 43, 67, 80, 13, 0, 0.06%, 9, 0, 11, 347.34
1733784368, 43, 68, 80, 13, 0, 0.06%, 9, 0, 11, 363.11
1733784373, 43, 69, 80, 13, 0, 0.06%, 9, 0, 11, 387.57
1733784379, 43, 70, 80, 13, 0, 0.06%, 9, 0, 11, 328.05
1733784389, 43, 71, 80, 13, 0, 0.06%, 9, 0, 11, 363.34
1733784394, 43, 72, 80, 13, 0, 0.06%, 9, 0, 11, 350.38
1733784404, 43, 73, 80, 13, 0, 0.06%, 9, 0, 11, 433.50
1733784424, 43, 74, 80, 13, 0, 0.06%, 9, 0, 11, 351.73
1733784434, 43, 75, 80, 13, 0, 0.06%, 9, 0, 11, 342.92
1733784440, 43, 76, 80, 13, 0, 0.06%, 9, 0, 11, 341.24
1733784445, 43, 77, 80, 13, 0, 0.06%, 9, 0, 11, 373.30
1733784465, 43, 78, 80, 13, 0, 0.06%, 9, 0, 11, 417.89
1733784480, 43, 79, 80, 13, 0, 0.06%, 9, 0, 11, 328.01
1733784510, 44, 16, 80, 13, 0, 0.06%, 9, 0, 11, 289.58
1733784515, 44, 28, 80, 13, 0, 0.06%, 9, 0, 11, 306.03
1733784520, 44, 29, 80, 13, 0, 0.06%, 9, 0, 11, 309.27
1733784525, 44, 30, 80, 13, 0, 0.06%, 9, 0, 11, 315.47
1733784530, 44, 31, 80, 13, 0, 0.06%, 9, 0, 11, 290.20
1733784541, 44, 32, 80, 13, 0, 0.06%, 9, 0, 11, 351.92
1733784546, 44, 33, 80, 13, 0, 0.06%, 9, 0, 11, 301.25
1733784551, 44, 34, 80, 13, 0, 0.06%, 9, 0, 11, 353.03
1733784556, 44, 35, 80, 13, 0, 0.06%, 9, 0, 11, 361.75
1733784561, 44, 36, 80, 13, 0, 0.06%, 9, 0, 11, 328.39
1733784566, 44, 38, 80, 13, 0, 0.06%, 9, 0, 11, 335.25
1733784571, 44, 41, 80, 13, 0, 0.06%, 9, 0, 11, 338.59
1733784576, 44, 42, 80, 13, 0, 0.06%, 9, 0, 11, 349.15
1733784581, 44, 43, 80, 13, 0, 0.06%, 9, 0, 11, 367.86
1733784586, 44, 44, 80, 13, 0, 0.06%, 9, 0, 11, 296.25
1733784591, 44, 45, 80, 13, 0, 0.06%, 9, 0, 11, 315.41
1733784596, 44, 46, 80, 13, 0, 0.06%, 9, 0, 11, 298.61
1733784602, 44, 47, 80, 13, 0, 0.06%, 9, 0, 11, 342.80
1733784607, 44, 48, 80, 13, 0, 0.06%, 9, 0, 11, 388.91
1733784612, 44, 49, 80, 13, 0, 0.06%, 9, 0, 11, 376.92
1733784617, 44, 50, 80, 13, 0, 0.06%, 9, 0, 11, 383.72
1733784622, 44, 51, 80, 13, 0, 0.06%, 9, 0, 11, 366.46
1733784627, 44, 52, 80, 13, 0, 0.06%, 9, 0, 11, 285.36
1733784637, 44, 53, 80, 13, 0, 0.06%, 9, 0, 11, 276.51
1733784648, 44, 54, 80, 13, 0, 0.06%, 9, 0, 11, 365.99
1733784653, 44, 55, 80, 13, 0, 0.06%, 9, 0, 11, 376.86
1733784658, 44, 56, 80, 13, 0, 0.06%, 9, 0, 11, 300.44
1733784668, 44, 57, 80, 13, 0, 0.06%, 9, 0, 11, 342.10
1733784673, 44, 58, 80, 13, 0, 0.06%, 9, 0, 11, 339.15
1733784678, 44, 59, 80, 13, 0, 0.06%, 9, 0, 11, 371.08
1733784683, 44, 60, 80, 13, 0, 0.06%, 9, 0, 11, 315.96
1733784689, 44, 61, 80, 13, 0, 0.06%, 9, 0, 11, 281.34
1733784699, 44, 62, 80, 13, 0, 0.06%, 9, 0, 11, 347.52
1733784704, 44, 63, 80, 13, 0, 0.06%, 9, 0, 11, 360.91
1733784709, 44, 64, 80, 13, 0, 0.06%, 9, 0, 11, 364.32
1733784714, 44, 65, 80, 13, 0, 0.06%, 9, 0, 11, 342.00
1733784719, 44, 66, 80, 13, 0, 0.06%, 9, 0, 11, 371.83
1733784729, 44, 67, 80, 13, 0, 0.06%, 9, 0, 11, 332.36
1733784734, 44, 68, 80, 13, 0, 0.06%, 9, 0, 11, 339.96
1733784739, 44, 69, 80, 13, 0, 0.06%, 9, 0, 11, 372.03
1733784750, 44, 70, 80, 13, 0, 0.06%, 9, 0, 11, 361.00
1733784755, 44, 71, 80, 13, 0, 0.06%, 9, 0, 11, 351.73
1733784765, 44, 72, 80, 13, 0, 0.06%, 9, 0, 11, 350.15
1733784770, 44, 73, 80, 13, 0, 0.06%, 9, 0, 11, 409.74
1733784790, 44, 74, 80, 13, 0, 0.06%, 9, 0, 11, 310.89
1733784800, 44, 75, 80, 13, 0, 0.06%, 9, 0, 11, 356.59
1733784805, 44, 76, 80, 13, 0, 0.06%, 9, 0, 11, 345.02
1733784810, 44, 77, 80, 13, 0, 0.06%, 9, 0, 11, 399.89
1733784831, 44, 78, 80, 13, 0, 0.06%, 9, 0, 11, 306.75
1733784851, 44, 79, 80, 13, 0, 0.06%, 9, 0, 11, 438.28
1733784876, 45, 16, 80, 13, 0, 0.06%, 9, 0, 11, 301.83
1733784881, 45, 28, 80, 13, 0, 0.06%, 9, 0, 11, 305.37
1733784887, 45, 29, 80, 13, 0, 0.06%, 9, 0, 11, 318.55
1733784892, 45, 30, 80, 13, 0, 0.06%, 9, 0, 11, 319.67
1733784897, 45, 31, 80, 13, 0, 0.06%, 9, 0, 11, 316.23
1733784907, 45, 32, 80, 13, 0, 0.06%, 9, 0, 11, 348.74
1733784912, 45, 33, 80, 13, 0, 0.06%, 9, 0, 11, 319.84
1733784917, 45, 34, 80, 13, 0, 0.06%, 9, 0, 11, 324.97
1733784922, 45, 35, 80, 13, 0, 0.06%, 9, 0, 11, 385.57
1733784927, 45, 36, 80, 13, 0, 0.06%, 9, 0, 11, 378.57
1733784932, 45, 38, 80, 13, 0, 0.06%, 9, 0, 11, 353.39
1733784937, 45, 40, 80, 13, 0, 0.06%, 9, 0, 11, 345.44
1733784942, 45, 41, 80, 13, 0, 0.06%, 9, 0, 11, 352.32
1733784947, 45, 42, 80, 13, 0, 0.06%, 9, 0, 11, 341.52
1733784952, 45, 44, 80, 13, 0, 0.06%, 9, 0, 11, 342.62
1733784962, 45, 45, 80, 13, 0, 0.06%, 9, 0, 11, 320.52
1733784967, 45, 46, 80, 13, 0, 0.06%, 9, 0, 11, 322.41
1733784972, 45, 48, 80, 13, 0, 0.06%, 9, 0, 11, 343.45
1733784977, 45, 49, 80, 13, 0, 0.06%, 9, 0, 11, 338.32
1733784983, 45, 50, 80, 13, 0, 0.06%, 9, 0, 11, 336.28
1733784988, 45, 51, 80, 13, 0, 0.06%, 9, 0, 11, 386.77
1733784993, 45, 52, 80, 13, 0, 0.06%, 9, 0, 11, 341.51
1733785003, 45, 53, 80, 13, 0, 0.06%, 9, 0, 11, 330.73
1733785013, 45, 54, 80, 13, 0, 0.06%, 9, 0, 11, 325.67
1733785018, 45, 55, 80, 13, 0, 0.06%, 9, 0, 11, 352.36
1733785023, 45, 56, 80, 13, 0, 0.06%, 9, 0, 11, 379.38
1733785033, 45, 57, 80, 13, 0, 0.06%, 9, 0, 11, 374.91
1733785039, 45, 58, 80, 13, 0, 0.06%, 9, 0, 11, 360.69
1733785044, 45, 59, 80, 13, 0, 0.06%, 9, 0, 11, 360.17
1733785049, 45, 60, 80, 13, 0, 0.06%, 9, 0, 11, 328.76
1733785054, 45, 61, 80, 13, 0, 0.06%, 9, 0, 11, 331.05
1733785064, 45, 62, 80, 13, 0, 0.06%, 9, 0, 11, 374.88
1733785069, 45, 63, 80, 13, 0, 0.06%, 9, 0, 11, 374.10
1733785074, 45, 64, 80, 13, 0, 0.06%, 9, 0, 11, 378.91
1733785079, 45, 65, 80, 13, 0, 0.06%, 9, 0, 11, 330.24
1733785089, 45, 66, 80, 13, 0, 0.06%, 9, 0, 11, 369.85
1733785094, 45, 67, 80, 13, 0, 0.06%, 9, 0, 11, 368.11
1733785099, 45, 68, 80, 13, 0, 0.06%, 9, 0, 11, 374.88
1733785104, 45, 69, 80, 13, 0, 0.06%, 9, 0, 11, 350.44
1733785115, 45, 70, 80, 13, 0, 0.06%, 9, 0, 11, 361.41
1733785120, 45, 71, 80, 13, 0, 0.06%, 9, 0, 11, 373.47
1733785125, 45, 72, 80, 13, 0, 0.06%, 9, 0, 11, 358.80
1733785135, 45, 73, 80, 13, 0, 0.06%, 9, 0, 11, 449.27
1733785155, 45, 74, 80, 13, 0, 0.06%, 9, 0, 11, 289.51
1733785166, 45, 75, 80, 13, 0, 0.06%, 9, 0, 11, 344.82
1733785171, 45, 76, 80, 13, 0, 0.06%, 9, 0, 11, 355.98
1733785176, 45, 77, 80, 13, 0, 0.06%, 9, 0, 11, 436.79
1733785196, 45, 78, 80, 13, 0, 0.06%, 9, 0, 11, 403.81
1733785211, 45, 79, 80, 13, 0, 0.06%, 9, 0, 11, 297.47
1733785237, 46, 16, 80, 13, 0, 0.06%, 9, 0, 11, 328.47
1733785242, 46, 28, 80, 13, 0, 0.06%, 9, 0, 11, 330.04
1733785247, 46, 29, 80, 13, 0, 0.06%, 9, 0, 11, 332.80
1733785252, 46, 30, 80, 13, 0, 0.06%, 9, 0, 11, 348.54
1733785257, 46, 31, 80, 13, 0, 0.06%, 9, 0, 11, 411.37
1733785272, 46, 32, 80, 13, 0, 0.06%, 9, 0, 11, 335.76
1733785277, 46, 33, 80, 13, 0, 0.06%, 9, 0, 11, 313.05
1733785282, 46, 34, 80, 13, 0, 0.06%, 9, 0, 11, 313.14
1733785287, 46, 36, 80, 13, 0, 0.06%, 9, 0, 11, 334.04
1733785293, 46, 38, 80, 13, 0, 0.06%, 9, 0, 11, 383.86
1733785298, 46, 40, 80, 13, 0, 0.06%, 9, 0, 11, 372.61
1733785303, 46, 41, 80, 13, 0, 0.06%, 9, 0, 11, 358.49
1733785308, 46, 42, 80, 13, 0, 0.06%, 9, 0, 11, 348.01
1733785313, 46, 43, 80, 13, 0, 0.06%, 9, 0, 11, 352.97
1733785318, 46, 44, 80, 13, 0, 0.06%, 9, 0, 11, 355.50
1733785323, 46, 45, 80, 13, 0, 0.06%, 9, 0, 11, 315.62
1733785328, 46, 46, 80, 13, 0, 0.06%, 9, 0, 11, 353.12
1733785333, 46, 47, 80, 13, 0, 0.06%, 9, 0, 11, 369.78
1733785338, 46, 49, 80, 13, 0, 0.06%, 9, 0, 11, 344.35
1733785343, 46, 50, 80, 13, 0, 0.06%, 9, 0, 11, 332.20
1733785348, 46, 51, 80, 13, 0, 0.06%, 9, 0, 11, 345.12
1733785354, 46, 52, 80, 13, 0, 0.06%, 9, 0, 11, 382.43
1733785364, 46, 53, 80, 13, 0, 0.06%, 9, 0, 11, 377.06
1733785379, 46, 54, 80, 13, 0, 0.06%, 9, 0, 11, 345.03
1733785384, 46, 55, 80, 13, 0, 0.06%, 9, 0, 11, 362.34
1733785389, 46, 56, 80, 13, 0, 0.06%, 9, 0, 11, 382.78
1733785394, 46, 57, 80, 13, 0, 0.06%, 9, 0, 11, 341.11
1733785399, 46, 58, 80, 13, 0, 0.06%, 9, 0, 11, 360.94
1733785405, 46, 59, 80, 13, 0, 0.06%, 9, 0, 11, 324.20
1733785415, 46, 60, 80, 13, 0, 0.06%, 9, 0, 11, 325.58
1733785420, 46, 61, 80, 13, 0, 0.06%, 9, 0, 11, 367.92
1733785425, 46, 62, 80, 13, 0, 0.06%, 9, 0, 11, 343.34
1733785430, 46, 63, 80, 13, 0, 0.06%, 9, 0, 11, 362.07
1733785435, 46, 64, 80, 13, 0, 0.06%, 9, 0, 11, 326.07
1733785440, 46, 65, 80, 13, 0, 0.06%, 9, 0, 11, 380.42
1733785451, 46, 66, 80, 13, 0, 0.06%, 9, 0, 11, 373.97
1733785456, 46, 67, 80, 13, 0, 0.06%, 9, 0, 11, 359.25
1733785461, 46, 68, 80, 13, 0, 0.06%, 9, 0, 11, 301.53
1733785466, 46, 69, 80, 13, 0, 0.06%, 9, 0, 11, 336.17
1733785476, 46, 70, 80, 13, 0, 0.06%, 9, 0, 11, 357.36
1733785481, 46, 71, 80, 13, 0, 0.06%, 9, 0, 11, 346.71
1733785491, 46, 72, 80, 13, 0, 0.06%, 9, 0, 11, 359.88
1733785501, 46, 73, 80, 13, 0, 0.06%, 9, 0, 11, 317.17
1733785516, 46, 74, 80, 13, 0, 0.06%, 9, 0, 11, 379.61
1733785527, 46, 75, 80, 13, 0, 0.06%, 9, 0, 11, 333.22
1733785532, 46, 76, 80, 13, 0, 0.06%, 9, 0, 11, 328.59
1733785537, 46, 77, 80, 13, 0, 0.06%, 9, 0, 11, 327.90
1733785557, 46, 78, 80, 13, 0, 0.06%, 9, 0, 11, 319.38
1733785578, 46, 79, 80, 13, 0, 0.06%, 9, 0, 11, 361.67
1733785603, 47, 16, 80, 13, 0, 0.06%, 9, 0, 11, 318.17
1733785608, 47, 28, 80, 13, 0, 0.06%, 9, 0, 11, 328.91
1733785613, 47, 30, 80, 13, 0, 0.06%, 9, 0, 11, 322.20
1733785618, 47, 31, 80, 13, 0, 0.06%, 9, 0, 11, 371.22
1733785633, 47, 32, 80, 13, 0, 0.06%, 9, 0, 11, 351.24
1733785638, 47, 33, 80, 13, 0, 0.06%, 9, 0, 11, 306.18
1733785644, 47, 34, 80, 13, 0, 0.06%, 9, 0, 11, 330.87
1733785649, 47, 35, 80, 13, 0, 0.06%, 9, 0, 11, 351.93
1733785654, 47, 38, 80, 13, 0, 0.06%, 9, 0, 11, 357.65
1733785659, 47, 40, 80, 13, 0, 0.06%, 9, 0, 11, 356.55
1733785664, 47, 41, 80, 13, 0, 0.06%, 9, 0, 11, 352.03
1733785669, 47, 42, 80, 13, 0, 0.06%, 9, 0, 11, 386.99
1733785674, 47, 43, 80, 13, 0, 0.06%, 9, 0, 11, 352.00
1733785679, 47, 44, 80, 13, 0, 0.06%, 9, 0, 11, 361.99
1733785684, 47, 45, 80, 13, 0, 0.06%, 9, 0, 11, 317.88
1733785690, 47, 46, 80, 13, 0, 0.06%, 9, 0, 11, 358.71
1733785695, 47, 47, 80, 13, 0, 0.06%, 9, 0, 11, 362.62
1733785700, 47, 48, 80, 13, 0, 0.06%, 9, 0, 11, 353.00
1733785705, 47, 49, 80, 13, 0, 0.06%, 9, 0, 11, 341.82
1733785710, 47, 50, 80, 13, 0, 0.06%, 9, 0, 11, 358.29
