# unix_time, cycles_done, cur_path, paths_total, pending_total, pending_favs, map_size, unique_crashes, unique_hangs, max_depth, execs_per_sec
1735168612, 0, 0, 10, 10, 1, 0.00%, 0, 0, 1, 175.05
1735168617, 0, 4, 10, 10, 1, 0.00%, 0, 0, 1, 202.92
1735168622, 0, 5, 10, 9, 0, 0.00%, 0, 0, 1, 209.69
1735168628, 0, 6, 10, 8, 0, 0.00%, 0, 0, 1, 204.18
1735168633, 0, 6, 11, 9, 0, 0.05%, 1, 0, 2, 209.66
1735168643, 0, 10, 11, 8, 1, 0.05%, 1, 0, 2, 255.03
1735168653, 1, 10, 11, 7, 0, 0.05%, 1, 0, 2, 272.48
1735168658, 2, 10, 11, 7, 0, 0.05%, 1, 0, 2, 251.23
1735168663, 3, 10, 11, 7, 0, 0.05%, 1, 0, 2, 221.19
1735168673, 4, 10, 11, 7, 0, 0.05%, 1, 0, 2, 219.33
1735168683, 5, 10, 11, 7, 0, 0.05%, 1, 0, 2, 233.18
1735168694, 6, 10, 11, 7, 0, 0.05%, 1, 0, 2, 244.82
1735168704, 7, 10, 11, 7, 0, 0.05%, 1, 0, 2, 243.03
1735168714, 8, 10, 11, 7, 0, 0.05%, 1, 0, 2, 252.44
1735168724, 9, 10, 11, 7, 0, 0.05%, 1, 0, 2, 248.48
1735168734, 10, 10, 11, 7, 0, 0.05%, 1, 0, 2, 243.64
1735168744, 11, 10, 12, 8, 0, 0.05%, 2, 0, 3, 261.62
1735168754, 11, 13, 16, 12, 2, 0.06%, 4, 0, 4, 234.81
1735168765, 11, 13, 17, 13, 2, 0.06%, 4, 0, 4, 245.55
1735168790, 11, 13, 18, 14, 2, 0.06%, 4, 0, 4, 247.15
1735168795, 11, 13, 20, 16, 2, 0.06%, 4, 0, 4, 245.57
1735168831, 11, 13, 21, 17, 2, 0.06%, 4, 0, 4, 248.68
1735168857, 11, 13, 22, 18, 2, 0.06%, 5, 0, 4, 239.57
1735168862, 11, 13, 23, 19, 2, 0.06%, 5, 0, 4, 234.63
1735168867, 11, 13, 24, 20, 2, 0.06%, 5, 0, 4, 289.57
1735168877, 11, 13, 25, 21, 2, 0.06%, 5, 0, 4, 245.37
1735168882, 11, 21, 25, 20, 3, 0.06%, 5, 0, 4, 288.80
1735168887, 11, 21, 26, 21, 3, 0.06%, 5, 0, 5, 250.33
1735168897, 11, 21, 27, 22, 3, 0.06%, 6, 0, 5, 234.71
1735169004, 11, 21, 28, 23, 3, 0.06%, 6, 0, 5, 261.18
1735169009, 11, 21, 30, 25, 3, 0.06%, 7, 0, 5, 274.89
1735169014, 11, 29, 30, 24, 4, 0.06%, 7, 0, 5, 273.96
1735169029, 11, 29, 31, 25, 4, 0.06%, 7, 0, 6, 463.16
1735169035, 11, 29, 33, 27, 4, 0.06%, 8, 0, 6, 465.94
1735169065, 11, 29, 34, 28, 4, 0.06%, 8, 0, 6, 471.03
1735169095, 11, 31, 35, 28, 4, 0.06%, 8, 0, 7, 376.67
1735169110, 11, 31, 36, 29, 4, 0.06%, 8, 0, 7, 478.61
1735169115, 11, 31, 37, 30, 4, 0.06%, 8, 0, 7, 482.52
1735169130, 11, 31, 38, 31, 4, 0.06%, 8, 0, 7, 476.57
1735169166, 11, 31, 39, 32, 4, 0.06%, 8, 0, 7, 256.23
1735169171, 11, 36, 39, 31, 3, 0.06%, 8, 0, 7, 392.47
1735169181, 11, 36, 40, 32, 3, 0.06%, 8, 0, 8, 443.88
1735169191, 11, 36, 41, 33, 3, 0.06%, 8, 0, 8, 444.91
1735169227, 11, 36, 42, 34, 3, 0.06%, 8, 0, 8, 455.60
1735169237, 11, 36, 43, 35, 3, 0.06%, 8, 0, 8, 452.92
1735169242, 11, 36, 44, 36, 3, 0.06%, 8, 0, 8, 406.90
1735169252, 11, 36, 47, 39, 3, 0.06%, 8, 0, 8, 280.94
1735169263, 11, 44, 47, 38, 2, 0.06%, 8, 0, 8, 383.49
1735169283, 11, 44, 48, 39, 2, 0.06%, 8, 0, 9, 433.43
1735169293, 11, 44, 49, 40, 2, 0.06%, 8, 0, 9, 432.23
1735169334, 11, 44, 50, 41, 2, 0.06%, 8, 0, 9, 264.88
1735169344, 11, 49, 50, 40, 2, 0.06%, 8, 0, 9, 303.29
1735169359, 11, 49, 51, 41, 2, 0.06%, 8, 0, 10, 270.32
1735169364, 11, 49, 52, 42, 2, 0.06%, 8, 0, 10, 272.32
1735169374, 11, 49, 53, 43, 2, 0.06%, 8, 0, 10, 265.29
1735169456, 12, 21, 53, 42, 1, 0.06%, 8, 0, 10, 274.81
1735169481, 12, 23, 53, 42, 1, 0.06%, 8, 0, 10, 438.70
1735169517, 12, 25, 53, 41, 1, 0.06%, 8, 0, 10, 303.60
1735169552, 12, 25, 54, 42, 1, 0.06%, 8, 0, 10, 291.99
1735169562, 12, 31, 55, 42, 1, 0.06%, 8, 0, 10, 278.11
1735169583, 12, 34, 55, 42, 1, 0.06%, 8, 0, 10, 294.33
1735169618, 12, 34, 56, 43, 1, 0.06%, 8, 0, 10, 276.79
1735169629, 12, 35, 56, 42, 1, 0.06%, 8, 0, 10, 300.66
1735169664, 12, 37, 56, 41, 1, 0.06%, 8, 0, 10, 339.52
1735169669, 12, 37, 57, 42, 1, 0.06%, 8, 0, 10, 453.48
1735169715, 12, 41, 57, 41, 1, 0.06%, 8, 0, 10, 293.72
1735170080, 12, 41, 58, 42, 1, 0.06%, 8, 0, 10, 501.03
1735170085, 12, 41, 59, 43, 1, 0.06%, 8, 0, 10, 501.70
1735170096, 12, 41, 60, 44, 1, 0.06%, 8, 0, 10, 498.04
1735170101, 12, 41, 61, 45, 1, 0.06%, 8, 0, 10, 496.38
1735170126, 12, 44, 61, 44, 1, 0.06%, 8, 0, 10, 420.80
1735170131, 12, 44, 62, 45, 1, 0.06%, 8, 0, 10, 366.46
1735170151, 12, 49, 62, 45, 1, 0.06%, 8, 0, 10, 294.05
1735170182, 12, 50, 62, 45, 1, 0.06%, 8, 0, 10, 364.19
1735170268, 12, 53, 62, 44, 1, 0.06%, 8, 0, 10, 463.89
1735170340, 12, 53, 63, 45, 1, 0.06%, 8, 0, 10, 491.62
1735170380, 12, 55, 63, 44, 1, 0.06%, 8, 0, 10, 404.87
1735170386, 12, 55, 65, 46, 1, 0.06%, 8, 0, 10, 452.94
1735170451, 12, 61, 65, 45, 1, 0.06%, 8, 0, 10, 301.29
1735170775, 12, 61, 66, 46, 1, 0.06%, 8, 0, 10, 406.07
1735170780, 12, 61, 67, 47, 1, 0.06%, 8, 0, 10, 414.95
1735170846, 12, 62, 67, 46, 1, 0.06%, 8, 0, 10, 434.41
1735170866, 12, 62, 68, 47, 1, 0.06%, 8, 0, 10, 494.02
1735170917, 12, 64, 68, 46, 1, 0.06%, 8, 0, 10, 294.69
1735171019, 13, 13, 68, 45, 1, 0.06%, 8, 0, 10, 307.59
1735171030, 13, 14, 68, 45, 1, 0.06%, 8, 0, 10, 265.90
1735171075, 13, 15, 68, 44, 0, 0.06%, 8, 0, 10, 283.30
1735171121, 13, 16, 68, 43, 0, 0.06%, 8, 0, 10, 308.07
1735171157, 13, 20, 68, 42, 0, 0.06%, 8, 0, 10, 312.16
1735171197, 13, 21, 68, 41, 0, 0.06%, 8, 0, 10, 280.18
1735171207, 13, 22, 68, 41, 0, 0.06%, 8, 0, 10, 277.26
1735171243, 13, 23, 68, 40, 0, 0.06%, 8, 0, 10, 369.65
1735171258, 13, 24, 68, 40, 0, 0.06%, 8, 0, 10, 327.23
1735171293, 13, 25, 68, 39, 0, 0.06%, 8, 0, 10, 303.02
1735171313, 13, 26, 68, 39, 0, 0.06%, 8, 0, 10, 314.68
1735171359, 13, 27, 68, 38, 0, 0.06%, 8, 0, 10, 317.24
1735171394, 13, 28, 68, 37, 0, 0.06%, 8, 0, 10, 331.19
1735171445, 13, 29, 68, 36, 0, 0.06%, 8, 0, 10, 413.99
1735171460, 13, 30, 68, 36, 0, 0.06%, 8, 0, 10, 421.00
1735171501, 13, 31, 68, 35, 0, 0.06%, 8, 0, 10, 384.35
1735171511, 13, 32, 68, 35, 0, 0.06%, 8, 0, 10, 356.06
1735171541, 13, 33, 68, 34, 0, 0.06%, 8, 0, 10, 317.69
1735171577, 13, 34, 68, 33, 0, 0.06%, 8, 0, 10, 301.91
1735171588, 13, 34, 69, 34, 0, 0.06%, 8, 0, 10, 314.29
1735171598, 13, 35, 69, 34, 0, 0.06%, 8, 0, 10, 329.61
1735171618, 13, 36, 69, 34, 0, 0.06%, 8, 0, 10, 430.43
1735171628, 13, 37, 69, 34, 0, 0.06%, 8, 0, 10, 339.22
1735171648, 13, 38, 69, 34, 0, 0.06%, 8, 0, 10, 278.90
1735171694, 13, 39, 69, 33, 0, 0.06%, 8, 0, 10, 456.29
1735171740, 13, 40, 69, 32, 0, 0.06%, 8, 0, 10, 311.68
1735171791, 13, 41, 69, 31, 0, 0.06%, 8, 0, 10, 390.78
1735171826, 13, 44, 69, 31, 0, 0.06%, 8, 0, 10, 372.61
1735171837, 13, 45, 70, 32, 0, 0.06%, 8, 0, 10, 326.69
1735171892, 13, 46, 70, 31, 0, 0.06%, 8, 0, 10, 336.16
1735171979, 13, 49, 70, 30, 0, 0.06%, 8, 0, 10, 290.30
1735171989, 13, 50, 70, 30, 0, 0.06%, 8, 0, 10, 336.82
1735172019, 13, 51, 70, 30, 0, 0.06%, 8, 0, 10, 376.94
1735172070, 13, 52, 70, 29, 0, 0.06%, 8, 0, 10, 359.42
1735172147, 13, 53, 70, 28, 0, 0.06%, 8, 0, 10, 384.69
1735172162, 13, 55, 70, 28, 0, 0.06%, 8, 0, 10, 426.17
1735172187, 13, 61, 70, 28, 0, 0.06%, 8, 0, 10, 373.23
1735172223, 13, 62, 70, 28, 0, 0.06%, 8, 0, 10, 426.60
1735172238, 13, 63, 70, 28, 0, 0.06%, 8, 0, 10, 393.51
1735172504, 13, 64, 70, 27, 0, 0.06%, 8, 0, 10, 349.40
1735172535, 13, 66, 70, 27, 0, 0.06%, 8, 0, 10, 394.72
1735172729, 13, 67, 70, 26, 0, 0.06%, 8, 0, 10, 363.55
1735172822, 13, 68, 70, 25, 0, 0.06%, 8, 0, 10, 310.93
1735173236, 13, 69, 70, 24, 0, 0.06%, 8, 0, 10, 281.78
1735173654, 14, 11, 70, 23, 0, 0.06%, 8, 0, 10, 260.19
1735173679, 14, 12, 70, 22, 0, 0.06%, 8, 0, 10, 269.06
1735173705, 14, 13, 70, 21, 0, 0.06%, 8, 0, 10, 278.10
1735173710, 14, 15, 70, 21, 0, 0.06%, 8, 0, 10, 270.66
1735173730, 14, 16, 70, 21, 0, 0.06%, 8, 0, 10, 330.23
1735173751, 14, 17, 70, 21, 0, 0.06%, 8, 0, 10, 408.33
1735173792, 14, 18, 70, 20, 0, 0.06%, 8, 0, 10, 322.94
1735173827, 14, 19, 70, 19, 0, 0.06%, 8, 0, 10, 355.85
1735173863, 14, 21, 70, 18, 0, 0.06%, 8, 0, 10, 287.04
1735173873, 14, 23, 70, 18, 0, 0.06%, 8, 0, 10, 325.07
1735173883, 14, 25, 70, 18, 0, 0.06%, 8, 0, 10, 294.48
1735173893, 14, 26, 70, 18, 0, 0.06%, 8, 0, 10, 302.66
1735173914, 14, 27, 70, 18, 0, 0.06%, 8, 0, 10, 452.60
1735173929, 14, 28, 70, 18, 0, 0.06%, 8, 0, 10, 304.45
1735173949, 14, 29, 70, 18, 0, 0.06%, 8, 0, 10, 368.60
1735173955, 14, 30, 70, 18, 0, 0.06%, 8, 0, 10, 360.94
1735173975, 14, 32, 70, 18, 0, 0.06%, 8, 0, 10, 427.75
1735173990, 14, 33, 70, 18, 0, 0.06%, 8, 0, 10, 405.20
1735174016, 14, 38, 70, 18, 0, 0.06%, 8, 0, 10, 268.05
1735174036, 14, 49, 70, 18, 0, 0.06%, 8, 0, 10, 291.02
1735174051, 14, 50, 70, 18, 0, 0.06%, 8, 0, 10, 373.71
1735174066, 14, 51, 70, 18, 0, 0.06%, 8, 0, 10, 407.29
1735174092, 14, 52, 70, 18, 0, 0.06%, 8, 0, 10, 291.39
1735174122, 14, 53, 70, 18, 0, 0.06%, 8, 0, 10, 413.25
1735174138, 14, 55, 70, 18, 0, 0.06%, 8, 0, 10, 331.69
1735174163, 14, 61, 70, 18, 0, 0.06%, 8, 0, 10, 400.65
1735174199, 14, 62, 70, 18, 0, 0.06%, 8, 0, 10, 424.03
1735174214, 14, 63, 70, 18, 0, 0.06%, 8, 0, 10, 299.35
1735174244, 14, 64, 70, 18, 0, 0.06%, 8, 0, 10, 391.58
1735174326, 14, 65, 70, 18, 0, 0.06%, 8, 0, 10, 298.47
1735174654, 14, 66, 70, 17, 0, 0.06%, 8, 0, 10, 400.10
1735174690, 14, 67, 70, 17, 0, 0.06%, 8, 0, 10, 413.02
1735174715, 15, 21, 70, 17, 0, 0.06%, 8, 0, 10, 279.70
1735174720, 15, 21, 71, 18, 0, 0.06%, 8, 0, 10, 302.42
1735174725, 15, 23, 71, 18, 0, 0.06%, 8, 0, 10, 391.56
1735174736, 15, 25, 71, 18, 0, 0.06%, 8, 0, 10, 282.22
1735174746, 15, 26, 71, 18, 0, 0.06%, 8, 0, 10, 329.43
1735174756, 15, 27, 71, 18, 0, 0.06%, 8, 0, 10, 349.59
1735174761, 15, 28, 73, 20, 0, 0.06%, 8, 0, 10, 338.56
1735174771, 15, 33, 73, 20, 0, 0.06%, 8, 0, 10, 282.53
1735174781, 15, 53, 73, 20, 0, 0.06%, 8, 0, 10, 339.03
1735174786, 15, 62, 73, 20, 0, 0.06%, 8, 0, 10, 327.92
1735174791, 15, 64, 73, 20, 0, 0.06%, 8, 0, 10, 344.27
1735174802, 15, 66, 73, 20, 0, 0.06%, 8, 0, 10, 303.40
1735174832, 15, 67, 73, 20, 0, 0.06%, 8, 0, 10, 333.37
1735174857, 15, 70, 73, 20, 0, 0.06%, 8, 0, 10, 360.76
1735174950, 15, 71, 73, 19, 0, 0.06%, 8, 0, 10, 383.71
1735175062, 15, 72, 73, 18, 0, 0.06%, 8, 0, 10, 293.86
1735175169, 16, 11, 73, 17, 0, 0.06%, 8, 0, 10, 301.71
1735175179, 16, 12, 73, 17, 0, 0.06%, 8, 0, 10, 291.81
1735175189, 16, 13, 73, 17, 0, 0.06%, 8, 0, 10, 288.26
1735175194, 16, 15, 73, 17, 0, 0.06%, 8, 0, 10, 280.54
1735175210, 16, 16, 73, 17, 0, 0.06%, 8, 0, 10, 309.19
1735175215, 16, 17, 73, 17, 0, 0.06%, 8, 0, 10, 310.68
1735175235, 16, 18, 73, 17, 0, 0.06%, 8, 0, 10, 310.78
1735175256, 16, 19, 73, 17, 0, 0.06%, 8, 0, 10, 406.69
1735175271, 16, 20, 73, 17, 0, 0.06%, 8, 0, 10, 395.05
1735175296, 16, 21, 73, 17, 0, 0.06%, 8, 0, 10, 288.72
1735175301, 16, 22, 73, 17, 0, 0.06%, 8, 0, 10, 330.49
1735175321, 16, 23, 73, 17, 0, 0.06%, 8, 0, 10, 362.96
1735175327, 16, 24, 73, 17, 0, 0.06%, 8, 0, 10, 314.58
1735175352, 16, 25, 73, 17, 0, 0.06%, 8, 0, 10, 289.01
1735175362, 16, 26, 73, 17, 0, 0.06%, 8, 0, 10, 313.57
1735175372, 16, 27, 73, 17, 0, 0.06%, 8, 0, 10, 407.65
1735175382, 16, 28, 73, 17, 0, 0.06%, 8, 0, 10, 307.57
1735175392, 16, 29, 73, 17, 0, 0.06%, 8, 0, 10, 342.90
1735175397, 16, 30, 73, 17, 0, 0.06%, 8, 0, 10, 330.09
1735175408, 16, 32, 73, 17, 0, 0.06%, 8, 0, 10, 388.97
1735175418, 16, 33, 73, 17, 0, 0.06%, 8, 0, 10, 376.56
1735175423, 16, 38, 73, 17, 0, 0.06%, 8, 0, 10, 329.13
1735175438, 16, 43, 73, 17, 0, 0.06%, 8, 0, 10, 443.93
1735175519, 16, 45, 73, 16, 0, 0.06%, 8, 0, 10, 311.94
1735175545, 16, 46, 73, 16, 0, 0.06%, 8, 0, 10, 334.20
1735175575, 16, 49, 73, 16, 0, 0.06%, 8, 0, 10, 280.25
1735175590, 16, 50, 73, 16, 0, 0.06%, 8, 0, 10, 347.84
1735175605, 16, 51, 73, 16, 0, 0.06%, 8, 0, 10, 388.41
1735175616, 16, 52, 73, 16, 0, 0.06%, 8, 0, 10, 304.81
1735175636, 16, 53, 73, 16, 0, 0.06%, 8, 0, 10, 351.39
1735175641, 16, 55, 73, 16, 0, 0.06%, 8, 0, 10, 358.38
1735175646, 16, 61, 73, 16, 0, 0.06%, 8, 0, 10, 320.62
1735175661, 16, 62, 73, 16, 0, 0.06%, 8, 0, 10, 349.65
1735175667, 16, 63, 73, 16, 0, 0.06%, 8, 0, 10, 339.63
1735175692, 16, 64, 73, 16, 0, 0.06%, 8, 0, 10, 307.52
1735175702, 16, 65, 73, 16, 0, 0.06%, 8, 0, 10, 305.65
1735175733, 16, 66, 73, 16, 0, 0.06%, 8, 0, 10, 307.08
1735176010, 16, 67, 73, 16, 0, 0.06%, 8, 0, 10, 369.47
1735176015, 16, 70, 73, 16, 0, 0.06%, 8, 0, 10, 306.18
1735176092, 16, 71, 73, 16, 0, 0.06%, 8, 0, 10, 309.79
1735176112, 16, 72, 73, 16, 0, 0.06%, 8, 0, 10, 315.48
1735176133, 17, 11, 73, 16, 0, 0.06%, 8, 0, 10, 289.89
1735176138, 17, 12, 73, 16, 0, 0.06%, 8, 0, 10, 278.56
1735176143, 17, 13, 73, 16, 0, 0.06%, 8, 0, 10, 267.34
1735176148, 17, 15, 73, 16, 0, 0.06%, 8, 0, 10, 275.79
1735176158, 17, 16, 73, 16, 0, 0.06%, 8, 0, 10, 321.35
1735176169, 17, 17, 73, 16, 0, 0.06%, 8, 0, 10, 374.64
1735176179, 17, 18, 73, 16, 0, 0.06%, 8, 0, 10, 319.15
1735176189, 17, 19, 73, 16, 0, 0.06%, 8, 0, 10, 340.92
1735176194, 17, 20, 73, 16, 0, 0.06%, 8, 0, 10, 358.34
1735176204, 17, 21, 73, 16, 0, 0.06%, 8, 0, 10, 285.63
1735176209, 17, 22, 73, 16, 0, 0.06%, 8, 0, 10, 344.89
1735176220, 17, 23, 73, 16, 0, 0.06%, 8, 0, 10, 344.79
1735176225, 17, 24, 73, 16, 0, 0.06%, 8, 0, 10, 351.60
1735176235, 17, 25, 73, 16, 0, 0.06%, 8, 0, 10, 285.55
1735176240, 17, 26, 73, 16, 0, 0.06%, 8, 0, 10, 303.11
1735176245, 17, 27, 73, 16, 0, 0.06%, 8, 0, 10, 331.15
1735176255, 17, 28, 73, 16, 0, 0.06%, 8, 0, 10, 295.35
1735176265, 17, 29, 73, 16, 0, 0.06%, 8, 0, 10, 379.89
1735176276, 17, 30, 73, 16, 0, 0.06%, 8, 0, 10, 358.04
1735176286, 17, 32, 73, 16, 0, 0.06%, 8, 0, 10, 341.04
1735176291, 17, 33, 73, 16, 0, 0.06%, 8, 0, 10, 301.13
1735176301, 17, 38, 73, 16, 0, 0.06%, 8, 0, 10, 290.78
1735176311, 17, 43, 73, 16, 0, 0.06%, 8, 0, 10, 368.39
1735176336, 17, 45, 73, 16, 0, 0.06%, 8, 0, 10, 390.41
1735176352, 17, 46, 73, 16, 0, 0.06%, 8, 0, 10, 396.40
1735176362, 17, 49, 73, 16, 0, 0.06%, 8, 0, 10, 301.26
1735176372, 17, 50, 73, 16, 0, 0.06%, 8, 0, 10, 387.27
1735176387, 17, 51, 73, 16, 0, 0.06%, 8, 0, 10, 363.59
1735176397, 17, 52, 73, 16, 0, 0.06%, 8, 0, 10, 294.10
1735176412, 17, 53, 73, 16, 0, 0.06%, 8, 0, 10, 326.39
1735176418, 17, 55, 73, 16, 0, 0.06%, 8, 0, 10, 361.71
1735176428, 17, 61, 73, 16, 0, 0.06%, 8, 0, 10, 271.91
1735176438, 17, 62, 73, 16, 0, 0.06%, 8, 0, 10, 372.05
1735176443, 17, 63, 73, 16, 0, 0.06%, 8, 0, 10, 374.35
1735176453, 17, 64, 73, 16, 0, 0.06%, 8, 0, 10, 347.50
1735176463, 17, 65, 73, 16, 0, 0.06%, 8, 0, 10, 281.77
1735176494, 17, 66, 73, 16, 0, 0.06%, 8, 0, 10, 305.19
1735176504, 17, 67, 73, 16, 0, 0.06%, 8, 0, 10, 329.43
1735176514, 17, 70, 73, 16, 0, 0.06%, 8, 0, 10, 413.44
1735176529, 17, 71, 73, 16, 0, 0.06%, 8, 0, 10, 325.32
1735176550, 17, 72, 73, 16, 0, 0.06%, 8, 0, 10, 360.84
1735176565, 18, 11, 73, 16, 0, 0.06%, 8, 0, 10, 310.99
1735176570, 18, 13, 73, 16, 0, 0.06%, 8, 0, 10, 277.96
1735176575, 18, 15, 73, 16, 0, 0.06%, 8, 0, 10, 266.78
1735176585, 18, 16, 73, 16, 0, 0.06%, 8, 0, 10, 368.47
1735176596, 18, 17, 73, 16, 0, 0.06%, 8, 0, 10, 359.70
1735176606, 18, 18, 73, 16, 0, 0.06%, 8, 0, 10, 308.99
1735176616, 18, 19, 73, 16, 0, 0.06%, 8, 0, 10, 332.18
1735176621, 18, 20, 73, 16, 0, 0.06%, 8, 0, 10, 313.82
1735176631, 18, 21, 73, 16, 0, 0.06%, 8, 0, 10, 280.33
1735176636, 18, 22, 73, 16, 0, 0.06%, 8, 0, 10, 330.48
1735176646, 18, 23, 73, 16, 0, 0.06%, 8, 0, 10, 351.98
1735176651, 18, 24, 73, 16, 0, 0.06%, 8, 0, 10, 362.09
1735176661, 18, 25, 73, 16, 0, 0.06%, 8, 0, 10, 294.07
1735176666, 18, 26, 73, 16, 0, 0.06%, 8, 0, 10, 316.73
1735176672, 18, 28, 73, 16, 0, 0.06%, 8, 0, 10, 326.58
1735176677, 18, 29, 73, 16, 0, 0.06%, 8, 0, 10, 313.91
1735176682, 18, 30, 73, 16, 0, 0.06%, 8, 0, 10, 331.54
1735176692, 18, 32, 73, 16, 0, 0.06%, 8, 0, 10, 381.86
1735176702, 18, 33, 73, 16, 0, 0.06%, 8, 0, 10, 341.11
1735176707, 18, 43, 73, 16, 0, 0.06%, 8, 0, 10, 392.97
1735176717, 18, 45, 73, 16, 0, 0.06%, 8, 0, 10, 343.67
1735176732, 18, 53, 73, 16, 0, 0.06%, 8, 0, 10, 357.93
1735176737, 18, 55, 73, 16, 0, 0.06%, 8, 0, 10, 369.76
1735176743, 18, 61, 73, 16, 0, 0.06%, 8, 0, 10, 415.86
1735176758, 18, 62, 73, 16, 0, 0.06%, 8, 0, 10, 338.36
1735176763, 18, 63, 73, 16, 0, 0.06%, 8, 0, 10, 304.15
1735176773, 18, 64, 73, 16, 0, 0.06%, 8, 0, 10, 362.77
1735176783, 18, 65, 73, 16, 0, 0.06%, 8, 0, 10, 267.20
1735176793, 18, 66, 73, 16, 0, 0.06%, 8, 0, 10, 351.27
1735176804, 18, 67, 73, 16, 0, 0.06%, 8, 0, 10, 351.55
1735176814, 18, 70, 73, 16, 0, 0.06%, 8, 0, 10, 396.66
1735176824, 18, 71, 73, 16, 0, 0.06%, 8, 0, 10, 331.56
1735176834, 18, 72, 73, 16, 0, 0.06%, 8, 0, 10, 408.08
1735176844, 19, 21, 73, 16, 0, 0.06%, 8, 0, 10, 299.89
1735176849, 19, 23, 73, 16, 0, 0.06%, 8, 0, 10, 337.44
1735176854, 19, 25, 73, 16, 0, 0.06%, 8, 0, 10, 315.40
1735176859, 19, 26, 73, 16, 0, 0.06%, 8, 0, 10, 303.03
1735176864, 19, 28, 73, 16, 0, 0.06%, 8, 0, 10, 333.94
1735176869, 19, 29, 73, 16, 0, 0.06%, 8, 0, 10, 314.88
1735176874, 19, 30, 73, 16, 0, 0.06%, 8, 0, 10, 340.92
1735176880, 19, 32, 73, 16, 0, 0.06%, 8, 0, 10, 364.71
1735176885, 19, 33, 73, 16, 0, 0.06%, 8, 0, 10, 365.71
1735176890, 19, 53, 73, 16, 0, 0.06%, 8, 0, 10, 375.61
1735176895, 19, 55, 73, 16, 0, 0.06%, 8, 0, 10, 373.40
1735176900, 19, 61, 73, 16, 0, 0.06%, 8, 0, 10, 342.11
1735176915, 19, 62, 73, 16, 0, 0.06%, 8, 0, 10, 376.18
1735176920, 19, 63, 73, 16, 0, 0.06%, 8, 0, 10, 354.09
1735176930, 19, 64, 73, 16, 0, 0.06%, 8, 0, 10, 332.99
1735176941, 19, 65, 73, 16, 0, 0.06%, 8, 0, 10, 300.05
1735176951, 19, 66, 73, 16, 0, 0.06%, 8, 0, 10, 365.25
1735176966, 19, 67, 73, 16, 0, 0.06%, 8, 0, 10, 382.15
1735176971, 19, 70, 73, 16, 0, 0.06%, 8, 0, 10, 396.92
1735176981, 19, 71, 73, 16, 0, 0.06%, 8, 0, 10, 352.70
1735176991, 19, 72, 73, 16, 0, 0.06%, 8, 0, 10, 393.72
1735177001, 20, 21, 73, 16, 0, 0.06%, 8, 0, 10, 319.33
1735177006, 20, 25, 73, 16, 0, 0.06%, 8, 0, 10, 320.32
1735177012, 20, 26, 73, 16, 0, 0.06%, 8, 0, 10, 294.09
1735177017, 20, 27, 73, 16, 0, 0.06%, 8, 0, 10, 307.29
1735177022, 20, 28, 73, 16, 0, 0.06%, 8, 0, 10, 311.81
1735177027, 20, 29, 73, 16, 0, 0.06%, 8, 0, 10, 339.79
1735177032, 20, 30, 73, 16, 0, 0.06%, 8, 0, 10, 364.06
1735177037, 20, 32, 73, 16, 0, 0.06%, 8, 0, 10, 342.23
1735177042, 20, 33, 73, 16, 0, 0.06%, 8, 0, 10, 343.52
1735177047, 20, 53, 73, 16, 0, 0.06%, 8, 0, 10, 351.00
1735177052, 20, 55, 73, 16, 0, 0.06%, 8, 0, 10, 366.99
1735177057, 20, 61, 73, 16, 0, 0.06%, 8, 0, 10, 367.57
1735177072, 20, 62, 73, 16, 0, 0.06%, 8, 0, 10, 359.80
1735177077, 20, 63, 73, 16, 0, 0.06%, 8, 0, 10, 310.05
1735177088, 20, 64, 73, 16, 0, 0.06%, 8, 0, 10, 343.57
1735177098, 20, 65, 73, 16, 0, 0.06%, 8, 0, 10, 268.71
1735177108, 20, 66, 73, 16, 0, 0.06%, 8, 0, 10, 331.97
1735177118, 20, 67, 73, 16, 0, 0.06%, 8, 0, 10, 368.35
1735177128, 20, 70, 73, 16, 0, 0.06%, 8, 0, 10, 405.01
1735177138, 20, 71, 73, 16, 0, 0.06%, 8, 0, 10, 331.62
1735177148, 20, 72, 73, 16, 0, 0.06%, 8, 0, 10, 396.85
1735177158, 21, 21, 73, 16, 0, 0.06%, 8, 0, 10, 296.07
1735177164, 21, 23, 73, 16, 0, 0.06%, 8, 0, 10, 343.69
1735177169, 21, 25, 73, 16, 0, 0.06%, 8, 0, 10, 304.84
1735177174, 21, 26, 73, 16, 0, 0.06%, 8, 0, 10, 300.82
1735177179, 21, 28, 73, 16, 0, 0.06%, 8, 0, 10, 337.00
1735177184, 21, 29, 73, 16, 0, 0.06%, 8, 0, 10, 318.39
1735177189, 21, 30, 73, 16, 0, 0.06%, 8, 0, 10, 377.82
1735177194, 21, 32, 73, 16, 0, 0.06%, 8, 0, 10, 354.20
1735177199, 21, 33, 73, 16, 0, 0.06%, 8, 0, 10, 351.50
1735177204, 21, 53, 73, 16, 0, 0.06%, 8, 0, 10, 364.05
1735177209, 21, 55, 73, 16, 0, 0.06%, 8, 0, 10, 374.22
1735177214, 21, 61, 73, 16, 0, 0.06%, 8, 0, 10, 338.40
1735177230, 21, 62, 73, 16, 0, 0.06%, 8, 0, 10, 343.23
1735177235, 21, 63, 73, 16, 0, 0.06%, 8, 0, 10, 364.16
1735177245, 21, 64, 73, 16, 0, 0.06%, 8, 0, 10, 329.94
1735177255, 21, 65, 73, 16, 0, 0.06%, 8, 0, 10, 298.25
1735177265, 21, 66, 73, 16, 0, 0.06%, 8, 0, 10, 397.53
1735177280, 21, 67, 73, 16, 0, 0.06%, 8, 0, 10, 352.53
1735177286, 21, 70, 73, 16, 0, 0.06%, 8, 0, 10, 349.96
1735177291, 21, 71, 73, 16, 0, 0.06%, 8, 0, 10, 330.74
1735177296, 21, 72, 73, 16, 0, 0.06%, 8, 0, 10, 329.04
1735177301, 22, 21, 73, 16, 0, 0.06%, 8, 0, 10, 321.10
1735177306, 22, 23, 73, 16, 0, 0.06%, 8, 0, 10, 310.63
1735177311, 22, 25, 73, 16, 0, 0.06%, 8, 0, 10, 334.27
1735177316, 22, 26, 73, 16, 0, 0.06%, 8, 0, 10, 306.92
1735177321, 22, 27, 73, 16, 0, 0.06%, 8, 0, 10, 358.35
1735177326, 22, 28, 73, 16, 0, 0.06%, 8, 0, 10, 302.47
1735177331, 22, 33, 74, 17, 0, 0.06%, 8, 0, 10, 344.25
1735177336, 22, 53, 74, 17, 0, 0.06%, 8, 0, 10, 361.70
1735177341, 22, 54, 74, 17, 0, 0.06%, 8, 0, 10, 353.56
1735177423, 22, 54, 75, 18, 0, 0.06%, 8, 0, 10, 433.71
1735177438, 22, 54, 76, 19, 0, 0.06%, 8, 0, 10, 437.84
1735177494, 22, 55, 76, 18, 0, 0.06%, 8, 0, 10, 345.93
1735177499, 22, 56, 76, 18, 0, 0.06%, 8, 0, 10, 389.89
1735177596, 22, 57, 76, 17, 0, 0.06%, 8, 0, 10, 253.16
1735177781, 22, 57, 77, 18, 0, 0.06%, 8, 0, 10, 493.33
1735177837, 22, 58, 77, 17, 0, 0.06%, 8, 0, 10, 351.26
1735178096, 22, 59, 77, 16, 0, 0.06%, 8, 0, 10, 390.13
1735178349, 22, 60, 77, 15, 0, 0.06%, 8, 0, 10, 368.47
1735178452, 22, 61, 77, 14, 0, 0.06%, 8, 0, 10, 306.43
1735178462, 22, 62, 77, 14, 0, 0.06%, 8, 0, 10, 358.35
1735178472, 22, 63, 77, 14, 0, 0.06%, 8, 0, 10, 350.39
1735178482, 22, 64, 77, 14, 0, 0.06%, 8, 0, 10, 381.40
1735178487, 22, 65, 77, 14, 0, 0.06%, 8, 0, 10, 365.46
1735178502, 22, 66, 77, 14, 0, 0.06%, 8, 0, 10, 307.88
1735178512, 22, 67, 77, 14, 0, 0.06%, 8, 0, 10, 389.88
1735178517, 22, 68, 77, 14, 0, 0.06%, 8, 0, 10, 374.70
1735178904, 22, 70, 77, 14, 0, 0.06%, 8, 0, 10, 333.29
1735178909, 22, 71, 77, 14, 0, 0.06%, 8, 0, 10, 354.51
1735178991, 22, 72, 77, 14, 0, 0.06%, 8, 0, 10, 407.42
1735179067, 22, 73, 77, 14, 0, 0.06%, 8, 0, 10, 336.72
1735179350, 23, 11, 77, 13, 0, 0.06%, 8, 0, 10, 300.89
1735179355, 23, 12, 77, 13, 0, 0.06%, 8, 0, 10, 285.58
1735179360, 23, 13, 77, 13, 0, 0.06%, 8, 0, 10, 263.84
1735179365, 23, 15, 77, 13, 0, 0.06%, 8, 0, 10, 279.01
1735179370, 23, 16, 77, 13, 0, 0.06%, 8, 0, 10, 309.21
1735179375, 23, 17, 77, 13, 0, 0.06%, 8, 0, 10, 359.58
1735179385, 23, 18, 77, 13, 0, 0.06%, 8, 0, 10, 305.12
1735179391, 23, 19, 77, 13, 0, 0.06%, 8, 0, 10, 318.09
1735179401, 23, 20, 77, 13, 0, 0.06%, 8, 0, 10, 371.62
