# unix_time, cycles_done, cur_path, paths_total, pending_total, pending_favs, map_size, unique_crashes, unique_hangs, max_depth, execs_per_sec
1734789758, 0, 0, 10, 10, 1, 0.00%, 0, 0, 1, 170.58
1734789763, 0, 3, 10, 10, 1, 0.00%, 0, 0, 1, 200.91
1734789768, 0, 4, 10, 9, 0, 0.00%, 0, 0, 1, 207.76
1734789773, 0, 5, 10, 8, 0, 0.00%, 0, 0, 1, 206.47
1734789783, 0, 6, 10, 7, 0, 0.00%, 0, 0, 1, 209.60
1734789788, 0, 7, 10, 6, 0, 0.00%, 0, 0, 1, 200.16
1734789798, 0, 7, 11, 7, 0, 0.05%, 1, 0, 2, 207.45
1734789803, 0, 10, 12, 7, 1, 0.05%, 2, 0, 3, 213.54
1734789819, 0, 11, 13, 7, 1, 0.05%, 2, 0, 4, 252.19
1734789824, 0, 11, 14, 8, 1, 0.05%, 2, 0, 4, 263.52
1734789829, 0, 11, 16, 10, 1, 0.05%, 2, 0, 4, 267.68
1734789844, 0, 11, 17, 11, 1, 0.05%, 3, 0, 4, 270.92
1734789849, 0, 11, 18, 12, 1, 0.05%, 3, 0, 4, 267.39
1734789854, 0, 11, 19, 13, 1, 0.05%, 4, 0, 4, 269.75
1734789859, 0, 11, 20, 14, 1, 0.06%, 5, 0, 4, 271.96
1734789899, 0, 11, 21, 15, 1, 0.06%, 6, 0, 4, 270.74
1734789909, 0, 19, 22, 15, 4, 0.06%, 6, 0, 5, 275.46
1734789914, 0, 19, 23, 16, 4, 0.06%, 6, 0, 5, 267.05
1734789919, 0, 19, 24, 17, 4, 0.06%, 6, 0, 5, 268.97
1734789930, 0, 19, 25, 18, 4, 0.06%, 6, 0, 5, 272.22
1734790000, 0, 20, 26, 18, 3, 0.06%, 6, 0, 5, 249.56
1734790026, 1, 16, 26, 17, 3, 0.06%, 6, 0, 5, 239.85
1734790031, 1, 16, 29, 20, 3, 0.06%, 6, 0, 5, 258.14
1734790051, 1, 16, 30, 21, 3, 0.06%, 6, 0, 5, 266.90
1734790117, 1, 18, 30, 20, 2, 0.06%, 6, 0, 5, 358.01
1734790127, 1, 27, 33, 22, 1, 0.06%, 9, 0, 6, 425.78
1734790132, 1, 27, 35, 24, 1, 0.06%, 9, 0, 6, 413.97
1734790148, 1, 27, 36, 25, 1, 0.06%, 9, 0, 6, 410.21
1734790188, 1, 31, 37, 25, 4, 0.06%, 9, 0, 7, 451.75
1734790208, 1, 31, 38, 26, 4, 0.06%, 9, 0, 7, 470.36
1734790213, 1, 31, 39, 27, 4, 0.06%, 9, 0, 7, 468.59
1734790234, 1, 31, 40, 28, 4, 0.06%, 9, 0, 7, 474.65
1734790239, 2, 30, 41, 28, 3, 0.06%, 9, 0, 7, 457.81
1734790254, 2, 30, 42, 29, 3, 0.06%, 9, 0, 7, 466.96
1734790264, 2, 30, 43, 30, 3, 0.06%, 9, 0, 7, 470.46
1734790279, 2, 30, 44, 31, 3, 0.06%, 9, 0, 7, 474.48
1734790290, 2, 32, 44, 30, 3, 0.06%, 9, 0, 7, 464.36
1734790300, 2, 32, 45, 31, 3, 0.06%, 9, 0, 7, 473.32
1734790305, 2, 32, 46, 32, 3, 0.06%, 9, 0, 7, 469.92
1734790325, 2, 34, 46, 31, 2, 0.06%, 9, 0, 7, 475.68
1734790335, 2, 34, 47, 32, 2, 0.06%, 9, 0, 7, 511.48
1734790351, 2, 44, 47, 31, 2, 0.06%, 9, 0, 7, 462.81
1734790366, 2, 45, 47, 30, 2, 0.06%, 9, 0, 7, 450.27
1734790376, 2, 45, 49, 32, 2, 0.06%, 9, 0, 8, 453.36
1734790401, 2, 46, 49, 31, 2, 0.06%, 9, 0, 8, 476.67
1734790416, 2, 47, 49, 30, 2, 0.06%, 9, 0, 8, 435.87
1734790467, 3, 25, 49, 29, 2, 0.06%, 9, 0, 8, 376.54
1734790472, 3, 30, 49, 28, 1, 0.06%, 9, 0, 8, 408.70
1734790477, 3, 36, 49, 28, 1, 0.06%, 9, 0, 8, 467.63
1734790487, 3, 37, 49, 27, 1, 0.06%, 9, 0, 8, 469.62
1734790503, 3, 38, 49, 26, 1, 0.06%, 9, 0, 8, 495.21
1734790513, 3, 39, 50, 26, 1, 0.06%, 9, 0, 8, 489.21
1734790518, 3, 39, 51, 27, 1, 0.06%, 9, 0, 8, 508.64
1734790523, 3, 39, 52, 28, 1, 0.06%, 9, 0, 8, 480.81
1734790528, 3, 39, 53, 29, 1, 0.06%, 9, 0, 8, 479.30
1734790589, 3, 40, 54, 29, 1, 0.06%, 9, 0, 8, 435.55
1734790594, 3, 40, 55, 30, 1, 0.06%, 9, 0, 8, 432.56
1734790604, 3, 40, 56, 31, 1, 0.06%, 9, 0, 8, 425.15
1734790666, 3, 42, 56, 30, 0, 0.06%, 9, 0, 8, 379.09
1734790671, 3, 42, 58, 32, 0, 0.06%, 9, 0, 8, 418.19
1734790706, 3, 43, 58, 31, 0, 0.06%, 9, 0, 8, 479.12
1734790722, 3, 49, 58, 30, 0, 0.06%, 9, 0, 8, 483.11
1734790742, 3, 50, 58, 29, 0, 0.06%, 9, 0, 8, 427.07
1734791098, 3, 50, 60, 31, 0, 0.06%, 9, 0, 9, 397.77
1734791108, 3, 50, 62, 33, 0, 0.06%, 9, 0, 9, 470.62
1734791119, 3, 50, 63, 34, 0, 0.06%, 9, 0, 9, 478.87
1734791129, 3, 50, 65, 36, 0, 0.06%, 9, 0, 9, 473.14
1734791149, 3, 56, 65, 35, 0, 0.06%, 9, 0, 9, 510.42
1734791170, 3, 57, 65, 34, 0, 0.06%, 9, 0, 9, 435.89
1734791225, 3, 58, 65, 33, 0, 0.06%, 9, 0, 9, 487.74
1734791374, 3, 59, 65, 32, 0, 0.06%, 9, 0, 9, 399.45
1734791713, 4, 19, 65, 31, 0, 0.06%, 9, 0, 9, 420.48
1734791718, 4, 21, 65, 31, 0, 0.06%, 9, 0, 9, 293.98
1734791728, 4, 22, 65, 30, 0, 0.06%, 9, 0, 9, 419.08
1734791743, 4, 23, 65, 29, 0, 0.06%, 9, 0, 9, 403.75
1734791748, 4, 24, 65, 28, 0, 0.06%, 9, 0, 9, 487.79
1734791758, 4, 42, 65, 27, 0, 0.06%, 9, 0, 9, 416.52
1734791763, 4, 52, 65, 27, 0, 0.06%, 9, 0, 9, 428.45
1734791815, 4, 56, 65, 26, 0, 0.06%, 9, 0, 9, 450.32
1734791820, 4, 57, 65, 26, 0, 0.06%, 9, 0, 9, 430.28
1734791825, 5, 20, 65, 26, 0, 0.06%, 9, 0, 9, 318.26
1734791830, 5, 25, 65, 26, 0, 0.06%, 9, 0, 9, 305.53
1734791835, 5, 42, 65, 26, 0, 0.06%, 9, 0, 9, 303.54
1734791840, 5, 43, 65, 26, 0, 0.06%, 9, 0, 9, 310.65
1734791845, 5, 56, 65, 26, 0, 0.06%, 9, 0, 9, 366.60
1734791855, 5, 57, 65, 26, 0, 0.06%, 9, 0, 9, 326.62
1734791865, 5, 57, 66, 27, 0, 0.06%, 9, 0, 9, 304.10
1734791870, 6, 20, 66, 27, 0, 0.06%, 9, 0, 9, 282.61
1734791875, 6, 25, 66, 27, 0, 0.06%, 9, 0, 9, 326.74
1734791880, 6, 42, 66, 27, 0, 0.06%, 9, 0, 9, 330.45
1734791885, 6, 43, 66, 27, 0, 0.06%, 9, 0, 9, 326.80
1734791890, 6, 56, 66, 27, 0, 0.06%, 9, 0, 9, 342.85
1734791895, 6, 57, 66, 27, 0, 0.06%, 9, 0, 9, 363.46
1734791906, 7, 20, 66, 27, 0, 0.06%, 9, 0, 9, 293.32
1734791911, 7, 42, 66, 27, 0, 0.06%, 9, 0, 9, 310.22
1734791916, 7, 43, 66, 27, 0, 0.06%, 9, 0, 9, 330.19
1734791921, 7, 56, 66, 27, 0, 0.06%, 9, 0, 9, 335.77
1734791931, 7, 57, 66, 27, 0, 0.06%, 9, 0, 9, 324.11
1734791936, 7, 66, 67, 28, 0, 0.06%, 9, 0, 9, 290.94
1734791941, 7, 66, 68, 29, 0, 0.06%, 9, 0, 10, 338.47
1734792048, 7, 66, 69, 30, 0, 0.06%, 9, 0, 10, 426.56
1734792063, 7, 66, 70, 31, 0, 0.06%, 9, 0, 10, 431.13
1734792114, 7, 67, 70, 30, 0, 0.06%, 9, 0, 10, 366.50
1734792242, 7, 67, 71, 31, 0, 0.06%, 9, 0, 11, 332.96
1734792298, 7, 67, 72, 32, 0, 0.06%, 9, 0, 11, 294.65
1734792308, 7, 71, 72, 31, 0, 0.06%, 9, 0, 11, 420.42
1734792359, 8, 19, 72, 30, 0, 0.06%, 9, 0, 11, 325.33
1734792364, 8, 21, 72, 30, 0, 0.06%, 9, 0, 11, 300.55
1734792374, 8, 23, 72, 30, 0, 0.06%, 9, 0, 11, 332.86
1734792379, 8, 24, 72, 30, 0, 0.06%, 9, 0, 11, 338.01
1734792384, 8, 31, 72, 30, 0, 0.06%, 9, 0, 11, 356.43
1734792389, 8, 32, 72, 30, 0, 0.06%, 9, 0, 11, 348.02
1734792394, 8, 34, 72, 30, 0, 0.06%, 9, 0, 11, 341.34
1734792399, 8, 36, 72, 30, 0, 0.06%, 9, 0, 11, 326.55
1734792404, 8, 37, 72, 30, 0, 0.06%, 9, 0, 11, 339.53
1734792409, 8, 39, 72, 30, 0, 0.06%, 9, 0, 11, 325.90
1734792414, 8, 44, 72, 30, 0, 0.06%, 9, 0, 11, 348.70
1734792425, 8, 45, 72, 30, 0, 0.06%, 9, 0, 11, 385.90
1734792435, 8, 46, 72, 30, 0, 0.06%, 9, 0, 11, 339.91
1734792445, 8, 47, 72, 30, 0, 0.06%, 9, 0, 11, 389.53
1734792455, 8, 48, 73, 31, 0, 0.06%, 9, 0, 11, 316.03
1734792577, 8, 49, 73, 30, 0, 0.06%, 9, 0, 11, 402.23
1734792588, 8, 50, 73, 30, 0, 0.06%, 9, 0, 11, 379.83
1734792608, 8, 51, 73, 30, 0, 0.06%, 9, 0, 11, 396.30
1734792700, 8, 52, 74, 30, 0, 0.06%, 9, 0, 11, 351.09
1734792756, 8, 53, 74, 30, 0, 0.06%, 9, 0, 11, 348.33
1734792807, 8, 58, 74, 29, 0, 0.06%, 9, 0, 11, 322.97
1734792981, 8, 72, 75, 30, 0, 0.06%, 9, 0, 11, 368.76
1734793114, 8, 74, 75, 29, 0, 0.06%, 9, 0, 11, 275.15
1734793257, 9, 19, 75, 28, 0, 0.06%, 9, 0, 11, 278.29
1734793262, 9, 20, 75, 28, 0, 0.06%, 9, 0, 11, 278.86
1734793267, 9, 21, 75, 28, 0, 0.06%, 9, 0, 11, 289.07
1734793272, 9, 22, 75, 28, 0, 0.06%, 9, 0, 11, 313.15
1734793277, 9, 23, 75, 28, 0, 0.06%, 9, 0, 11, 309.81
1734793282, 9, 25, 75, 28, 0, 0.06%, 9, 0, 11, 304.60
1734793287, 9, 30, 75, 28, 0, 0.06%, 9, 0, 11, 339.26
1734793293, 9, 31, 75, 28, 0, 0.06%, 9, 0, 11, 350.73
1734793298, 9, 32, 75, 28, 0, 0.06%, 9, 0, 11, 340.13
1734793303, 9, 34, 75, 28, 0, 0.06%, 9, 0, 11, 338.89
1734793308, 9, 37, 75, 28, 0, 0.06%, 9, 0, 11, 345.84
1734793313, 9, 38, 75, 28, 0, 0.06%, 9, 0, 11, 347.04
1734793318, 9, 39, 75, 28, 0, 0.06%, 9, 0, 11, 363.33
1734793323, 9, 40, 75, 28, 0, 0.06%, 9, 0, 11, 382.36
1734793333, 9, 41, 75, 28, 0, 0.06%, 9, 0, 11, 428.12
1734793354, 9, 42, 75, 27, 0, 0.06%, 9, 0, 11, 393.64
1734793364, 9, 43, 75, 27, 0, 0.06%, 9, 0, 11, 462.72
1734793374, 9, 44, 75, 27, 0, 0.06%, 9, 0, 11, 360.61
1734793379, 9, 45, 75, 27, 0, 0.06%, 9, 0, 11, 350.12
1734793384, 9, 46, 75, 27, 0, 0.06%, 9, 0, 11, 355.49
1734793390, 9, 47, 75, 27, 0, 0.06%, 9, 0, 11, 358.98
1734793395, 9, 48, 75, 27, 0, 0.06%, 9, 0, 11, 303.15
1734793410, 9, 49, 75, 27, 0, 0.06%, 9, 0, 11, 408.09
1734793421, 9, 50, 75, 27, 0, 0.06%, 9, 0, 11, 324.80
1734793441, 9, 51, 75, 27, 0, 0.06%, 9, 0, 11, 315.33
1734793456, 9, 52, 75, 27, 0, 0.06%, 9, 0, 11, 338.42
1734793472, 9, 53, 75, 27, 0, 0.06%, 9, 0, 11, 291.50
1734793502, 9, 53, 76, 28, 0, 0.06%, 9, 0, 11, 402.83
1734793517, 9, 54, 76, 28, 0, 0.06%, 9, 0, 11, 385.00
1734793543, 9, 55, 76, 27, 0, 0.06%, 9, 0, 11, 253.10
1734793975, 9, 55, 77, 28, 0, 0.06%, 9, 0, 11, 437.49
1734793991, 9, 55, 78, 29, 0, 0.06%, 9, 0, 11, 478.95
1734794026, 9, 55, 79, 30, 0, 0.12%, 10, 0, 11, 306.83
1734794031, 9, 78, 80, 30, 1, 0.13%, 11, 0, 11, 313.24
1734794036, 9, 78, 89, 39, 1, 0.13%, 13, 0, 11, 249.03
1734794047, 9, 78, 90, 40, 1, 0.13%, 14, 0, 11, 275.71
1734794057, 9, 78, 91, 41, 1, 0.13%, 15, 0, 11, 278.74
1734794077, 9, 78, 92, 42, 1, 0.14%, 16, 0, 11, 276.59
1734794168, 9, 78, 93, 43, 1, 0.14%, 17, 0, 11, 316.89
1734794173, 9, 78, 96, 46, 1, 0.14%, 17, 0, 11, 308.84
1734794179, 9, 78, 97, 47, 1, 0.14%, 18, 0, 11, 329.12
1734794184, 9, 96, 99, 48, 7, 0.14%, 18, 0, 11, 418.91
1734794189, 9, 96, 100, 49, 7, 0.15%, 19, 0, 11, 528.31
1734794199, 9, 96, 103, 52, 7, 0.15%, 19, 0, 11, 432.16
1734794209, 9, 96, 104, 53, 7, 0.15%, 19, 0, 11, 522.29
1734794220, 9, 96, 105, 54, 7, 0.15%, 19, 0, 11, 530.10
1734794225, 9, 96, 107, 56, 7, 0.15%, 19, 0, 11, 518.99
1734794260, 9, 96, 108, 57, 7, 0.15%, 19, 0, 11, 437.67
1734794281, 9, 99, 108, 56, 6, 0.15%, 19, 0, 11, 369.39
1734794347, 10, 91, 109, 56, 5, 0.15%, 20, 0, 11, 279.75
1734794352, 10, 91, 115, 62, 5, 0.17%, 25, 0, 11, 212.74
1734794387, 10, 91, 116, 63, 5, 0.17%, 25, 0, 11, 384.14
1734794423, 10, 91, 117, 64, 5, 0.17%, 25, 0, 11, 378.85
1734794443, 10, 91, 118, 65, 5, 0.17%, 25, 0, 11, 379.06
1734794483, 10, 109, 118, 64, 11, 0.17%, 25, 0, 11, 257.98
1734794498, 10, 109, 119, 65, 11, 0.17%, 25, 0, 12, 325.06
1734794504, 10, 109, 121, 67, 11, 0.17%, 25, 0, 12, 350.50
1734794519, 10, 109, 122, 68, 11, 0.17%, 25, 0, 12, 358.41
1734794534, 10, 109, 123, 69, 11, 0.17%, 25, 0, 12, 355.83
1734794595, 10, 109, 124, 70, 11, 0.17%, 25, 0, 12, 333.56
1734794615, 10, 112, 124, 69, 10, 0.17%, 25, 0, 12, 253.22
1734794630, 10, 112, 125, 70, 10, 0.17%, 25, 0, 12, 325.20
1734794635, 10, 112, 126, 71, 10, 0.17%, 25, 0, 12, 358.84
1734794742, 10, 113, 126, 70, 9, 0.17%, 25, 0, 12, 254.74
1734794757, 10, 113, 127, 71, 9, 0.17%, 25, 0, 12, 333.50
1734794762, 10, 113, 130, 74, 9, 0.17%, 25, 0, 12, 348.68
1734794868, 10, 114, 134, 77, 8, 0.18%, 28, 0, 12, 317.31
1734794874, 10, 114, 142, 85, 8, 0.19%, 37, 0, 12, 215.41
1734794884, 10, 114, 143, 86, 8, 0.19%, 37, 0, 12, 336.27
1734794889, 10, 114, 144, 87, 8, 0.19%, 38, 0, 12, 353.88
1734794899, 10, 114, 145, 88, 8, 0.19%, 39, 0, 12, 343.81
1734794935, 10, 114, 146, 89, 8, 0.19%, 40, 0, 12, 345.37
1734794940, 10, 114, 147, 90, 8, 0.19%, 40, 0, 12, 354.23
1734794945, 10, 114, 148, 91, 8, 0.20%, 41, 0, 12, 350.43
1734794960, 10, 114, 149, 92, 8, 0.20%, 42, 0, 12, 346.32
1734794970, 10, 114, 151, 94, 8, 0.20%, 44, 0, 12, 354.48
1734794995, 10, 114, 152, 95, 8, 0.20%, 45, 0, 12, 348.45
1734795000, 10, 137, 160, 102, 26, 0.21%, 53, 0, 13, 284.72
1734795021, 10, 137, 161, 103, 26, 0.21%, 53, 0, 13, 355.26
1734795041, 10, 137, 162, 104, 26, 0.21%, 53, 0, 13, 384.42
1734795087, 10, 137, 163, 105, 26, 0.22%, 54, 0, 13, 378.21
1734795122, 10, 143, 165, 106, 33, 0.22%, 56, 0, 13, 306.81
1734795127, 10, 143, 167, 108, 33, 0.22%, 57, 0, 13, 258.07
1734795132, 10, 143, 170, 111, 33, 0.22%, 60, 0, 13, 224.61
1734795142, 10, 143, 178, 119, 33, 0.24%, 68, 0, 13, 329.21
1734795168, 10, 143, 179, 120, 33, 0.24%, 68, 0, 13, 466.05
1734795188, 10, 143, 180, 121, 33, 0.24%, 68, 0, 13, 478.58
1734795249, 10, 171, 180, 120, 46, 0.24%, 68, 0, 13, 264.48
1734795280, 10, 171, 181, 121, 46, 0.24%, 68, 0, 14, 365.47
1734795316, 10, 171, 182, 122, 46, 0.24%, 69, 0, 14, 457.15
1734795346, 10, 171, 183, 123, 46, 0.24%, 69, 0, 14, 461.03
1734795372, 10, 171, 185, 125, 46, 0.24%, 70, 0, 14, 341.40
1734795377, 10, 172, 185, 124, 47, 0.24%, 70, 0, 14, 301.66
1734795413, 10, 172, 186, 125, 47, 0.24%, 70, 0, 14, 425.74
1734795448, 10, 172, 187, 126, 47, 0.24%, 71, 0, 14, 459.58
1734795453, 10, 172, 188, 127, 47, 0.24%, 71, 0, 14, 463.00
1734795479, 10, 172, 189, 128, 47, 0.24%, 71, 0, 14, 450.34
1734795504, 10, 183, 189, 127, 47, 0.24%, 71, 0, 14, 272.35
1734795555, 10, 183, 190, 128, 47, 0.24%, 71, 0, 15, 464.53
1734795606, 10, 183, 191, 129, 47, 0.24%, 72, 0, 15, 464.73
1734795642, 10, 190, 191, 128, 46, 0.24%, 72, 0, 15, 295.20
1734795673, 10, 190, 192, 129, 46, 0.24%, 72, 0, 16, 327.37
1734795683, 10, 190, 193, 130, 46, 0.24%, 72, 0, 16, 369.19
1734795703, 10, 190, 194, 131, 46, 0.24%, 72, 0, 16, 369.01
1734795718, 10, 190, 195, 132, 46, 0.24%, 72, 0, 16, 369.02
1734795784, 11, 153, 196, 132, 45, 0.24%, 73, 0, 16, 327.14
1734795804, 11, 153, 197, 133, 45, 0.24%, 73, 0, 16, 475.02
1734795865, 11, 195, 197, 132, 44, 0.24%, 73, 0, 16, 321.69
1734795931, 11, 195, 198, 133, 44, 0.24%, 73, 0, 16, 362.66
1734795941, 12, 170, 198, 132, 43, 0.24%, 73, 0, 16, 301.15
1734795977, 12, 170, 199, 133, 43, 0.24%, 73, 0, 16, 425.81
1734796053, 12, 170, 200, 134, 43, 0.24%, 73, 0, 16, 322.77
1734796068, 12, 173, 200, 133, 42, 0.24%, 73, 0, 16, 329.43
1734796109, 12, 173, 201, 134, 42, 0.24%, 73, 0, 16, 449.24
1734796195, 12, 181, 201, 133, 42, 0.24%, 73, 0, 16, 328.70
1734796200, 12, 181, 203, 135, 42, 0.25%, 75, 0, 16, 265.26
1734796231, 12, 181, 204, 136, 42, 0.25%, 75, 0, 16, 390.08
1734796256, 12, 181, 205, 137, 42, 0.25%, 75, 0, 16, 463.48
1734796322, 12, 201, 205, 136, 43, 0.25%, 75, 0, 16, 288.95
1734796328, 12, 201, 206, 137, 43, 0.25%, 76, 0, 16, 277.43
1734796358, 12, 201, 207, 138, 43, 0.25%, 76, 0, 16, 408.38
1734796424, 12, 201, 208, 139, 43, 0.25%, 76, 0, 16, 462.38
1734796450, 12, 205, 208, 138, 43, 0.25%, 76, 0, 16, 286.26
1734796486, 12, 205, 209, 139, 43, 0.25%, 76, 0, 17, 410.71
1734796577, 13, 202, 209, 138, 42, 0.25%, 76, 0, 17, 276.25
1734796612, 13, 202, 210, 139, 42, 0.25%, 76, 0, 17, 405.30
1734796674, 13, 202, 211, 140, 42, 0.25%, 77, 0, 17, 457.28
1734796684, 13, 202, 212, 141, 42, 0.25%, 78, 0, 17, 346.55
1734796704, 13, 211, 212, 140, 43, 0.25%, 78, 0, 17, 295.11
1734796729, 13, 211, 213, 141, 43, 0.25%, 78, 0, 17, 311.81
1734796735, 13, 211, 214, 142, 43, 0.25%, 78, 0, 17, 355.74
1734796826, 13, 211, 216, 144, 43, 0.25%, 78, 0, 17, 391.56
1734796841, 14, 175, 216, 143, 40, 0.25%, 78, 0, 17, 312.46
1734796882, 14, 175, 217, 144, 40, 0.25%, 78, 0, 17, 452.20
1734796943, 14, 176, 217, 143, 39, 0.25%, 78, 0, 17, 318.81
1734796979, 14, 176, 218, 144, 39, 0.25%, 78, 0, 17, 415.36
1734797050, 15, 133, 218, 143, 38, 0.25%, 78, 0, 17, 294.27
1734797071, 15, 133, 219, 144, 38, 0.25%, 78, 0, 17, 349.21
1734797152, 15, 134, 219, 143, 38, 0.25%, 78, 0, 17, 292.23
1734797188, 15, 134, 220, 144, 38, 0.25%, 78, 0, 17, 375.28
1734797254, 15, 148, 220, 143, 37, 0.25%, 78, 0, 17, 356.24
1734797315, 15, 151, 220, 142, 36, 0.25%, 78, 0, 17, 314.80
1734797340, 15, 151, 221, 143, 36, 0.25%, 78, 0, 17, 494.15
1734797401, 15, 158, 221, 142, 36, 0.25%, 78, 0, 17, 306.94
1734797421, 15, 158, 222, 143, 36, 0.25%, 78, 0, 17, 361.14
1734797502, 15, 168, 222, 142, 35, 0.25%, 78, 0, 17, 289.10
1734797518, 15, 168, 223, 143, 35, 0.25%, 78, 0, 17, 284.46
1734797584, 15, 169, 223, 142, 35, 0.25%, 78, 0, 17, 277.48
1734797599, 15, 169, 224, 143, 35, 0.25%, 78, 0, 17, 249.03
1734797665, 15, 174, 224, 142, 35, 0.25%, 78, 0, 17, 279.91
1734797701, 15, 174, 225, 143, 35, 0.25%, 78, 0, 17, 414.90
1734797706, 15, 174, 226, 144, 35, 0.25%, 78, 0, 17, 462.86
1734797757, 15, 174, 227, 145, 35, 0.25%, 78, 0, 17, 349.97
1734797767, 15, 178, 227, 144, 34, 0.25%, 78, 0, 17, 342.15
1734797828, 15, 178, 228, 145, 34, 0.25%, 78, 0, 17, 196.36
1734797951, 15, 178, 229, 146, 34, 0.25%, 78, 0, 17, 344.56
1734797956, 15, 178, 230, 147, 34, 0.25%, 78, 0, 17, 345.75
1734798027, 15, 182, 230, 146, 34, 0.25%, 78, 0, 17, 306.19
1734798057, 15, 182, 231, 147, 34, 0.25%, 78, 0, 17, 470.00
1734798087, 15, 182, 232, 148, 34, 0.25%, 78, 0, 17, 474.75
1734798143, 15, 210, 232, 147, 32, 0.25%, 78, 0, 17, 236.25
1734798169, 15, 210, 233, 148, 32, 0.25%, 78, 0, 17, 346.10
1734798184, 15, 210, 234, 149, 32, 0.25%, 78, 0, 17, 361.68
1734798250, 15, 210, 235, 150, 32, 0.25%, 78, 0, 17, 358.44
1734798281, 15, 227, 235, 149, 31, 0.25%, 78, 0, 17, 262.35
1734798347, 15, 227, 236, 150, 31, 0.25%, 78, 0, 17, 196.53
1734798526, 16, 147, 236, 149, 31, 0.25%, 78, 0, 17, 325.83
1734798546, 16, 147, 237, 150, 31, 0.25%, 78, 0, 17, 495.71
1734798592, 16, 147, 238, 151, 31, 0.25%, 78, 0, 17, 360.78
1734798602, 16, 147, 239, 152, 31, 0.25%, 78, 0, 17, 345.34
1734798607, 16, 152, 239, 151, 30, 0.25%, 78, 0, 17, 310.60
1734798638, 16, 152, 240, 152, 30, 0.25%, 78, 0, 17, 369.97
1734798708, 16, 155, 240, 151, 29, 0.25%, 78, 0, 17, 311.06
1734798734, 16, 155, 241, 152, 29, 0.25%, 78, 0, 17, 360.70
1734798795, 16, 155, 242, 153, 29, 0.25%, 78, 0, 17, 339.97
1734798815, 16, 156, 242, 152, 28, 0.25%, 78, 0, 17, 308.29
1734798881, 16, 157, 242, 151, 27, 0.25%, 78, 0, 17, 301.45
1734798902, 16, 157, 243, 152, 27, 0.25%, 78, 0, 17, 335.68
1734798983, 16, 159, 243, 151, 27, 0.25%, 78, 0, 17, 311.39
1734799003, 16, 159, 244, 152, 27, 0.25%, 78, 0, 17, 356.86
1734799080, 16, 161, 244, 151, 26, 0.25%, 78, 0, 17, 356.74
1734799110, 16, 161, 246, 153, 26, 0.25%, 78, 0, 17, 357.99
1734799186, 16, 177, 246, 152, 26, 0.25%, 78, 0, 17, 312.59
1734799263, 16, 197, 247, 152, 25, 0.26%, 79, 0, 17, 318.73
1734799293, 16, 197, 248, 153, 25, 0.26%, 79, 0, 17, 372.22
1734799299, 16, 197, 249, 154, 25, 0.26%, 79, 0, 17, 388.43
1734799304, 16, 197, 250, 155, 25, 0.26%, 79, 0, 17, 382.34
1734799395, 16, 246, 256, 160, 25, 0.27%, 85, 0, 17, 289.28
1734799400, 16, 246, 263, 167, 25, 0.28%, 90, 0, 17, 281.32
1734799425, 16, 246, 264, 168, 25, 0.28%, 90, 0, 17, 372.75
1734799451, 16, 246, 265, 169, 25, 0.28%, 90, 0, 17, 391.32
1734799527, 16, 250, 266, 169, 36, 0.28%, 90, 0, 18, 299.84
1734799613, 16, 250, 267, 170, 36, 0.28%, 90, 0, 18, 356.76
1734799618, 16, 253, 267, 169, 36, 0.28%, 90, 0, 18, 296.01
1734799623, 16, 253, 268, 170, 36, 0.28%, 90, 0, 18, 249.16
1734799710, 16, 254, 268, 169, 36, 0.28%, 90, 0, 18, 286.46
1734799715, 16, 254, 269, 170, 36, 0.28%, 90, 0, 18, 252.99
1734799796, 16, 257, 269, 169, 35, 0.28%, 90, 0, 18, 308.88
1734799801, 16, 257, 270, 170, 35, 0.28%, 90, 0, 18, 272.16
1734799857, 16, 257, 271, 171, 35, 0.28%, 90, 0, 18, 381.64
1734799928, 16, 258, 271, 170, 34, 0.28%, 90, 0, 18, 294.33
1734799934, 16, 258, 272, 171, 34, 0.28%, 90, 0, 18, 253.63
1734800020, 16, 259, 272, 170, 33, 0.28%, 90, 0, 18, 287.89
1734800051, 16, 259, 273, 171, 33, 0.28%, 90, 0, 18, 377.31
1734800056, 16, 259, 274, 172, 33, 0.28%, 90, 0, 18, 381.92
1734800148, 16, 261, 274, 171, 32, 0.28%, 90, 0, 18, 332.08
1734800153, 16, 261, 275, 172, 32, 0.28%, 90, 0, 18, 284.02
1734800239, 17, 252, 276, 172, 32, 0.28%, 90, 0, 18, 301.35
1734800325, 17, 255, 276, 171, 31, 0.28%, 90, 0, 18, 332.71
1734800335, 17, 255, 277, 172, 31, 0.28%, 90, 0, 18, 230.29
1734800401, 17, 255, 278, 173, 31, 0.28%, 90, 0, 18, 391.65
1734800416, 17, 262, 278, 172, 30, 0.28%, 90, 0, 18, 262.12
1734800447, 17, 262, 279, 173, 30, 0.28%, 90, 0, 18, 378.29
1734800528, 17, 262, 280, 174, 30, 0.28%, 90, 0, 18, 388.29
1734800539, 17, 262, 281, 175, 30, 0.28%, 90, 0, 18, 383.56
1734800549, 18, 251, 282, 175, 29, 0.28%, 90, 0, 18, 323.64
1734800610, 18, 251, 283, 176, 29, 0.28%, 90, 0, 18, 381.49
1734800681, 18, 272, 283, 175, 29, 0.28%, 90, 0, 18, 330.57
1734800792, 18, 272, 284, 176, 29, 0.28%, 90, 0, 19, 195.09
1734800974, 18, 272, 285, 177, 29, 0.28%, 90, 0, 19, 281.46
1734800994, 18, 272, 286, 178, 29, 0.28%, 90, 0, 19, 318.10
1734800999, 18, 272, 287, 179, 29, 0.28%, 90, 0, 19, 320.75
1734801100, 19, 108, 287, 178, 29, 0.28%, 90, 0, 19, 312.03
1734801166, 19, 138, 287, 177, 28, 0.28%, 90, 0, 19, 319.67
1734801192, 19, 138, 288, 178, 28, 0.28%, 90, 0, 19, 361.52
1734801268, 19, 139, 288, 177, 27, 0.28%, 90, 0, 19, 303.86
1734801288, 19, 139, 289, 178, 27, 0.28%, 90, 0, 19, 348.76
1734801354, 19, 139, 290, 179, 27, 0.28%, 90, 0, 19, 383.49
1734801359, 19, 139, 292, 181, 27, 0.29%, 91, 0, 19, 339.35
1734801369, 19, 290, 292, 180, 28, 0.29%, 91, 0, 19, 333.58
1734801374, 19, 290, 293, 181, 28, 0.30%, 92, 0, 19, 320.76
1734801379, 19, 290, 294, 182, 28, 0.30%, 92, 0, 19, 285.01
1734801456, 19, 290, 295, 183, 28, 0.30%, 92, 0, 19, 446.60
1734801467, 19, 290, 297, 185, 28, 0.30%, 92, 0, 19, 486.08
1734801472, 19, 290, 299, 187, 28, 0.30%, 92, 0, 19, 487.56
1734801487, 19, 290, 300, 188, 28, 0.30%, 92, 0, 19, 494.30
1734801537, 19, 290, 302, 190, 28, 0.30%, 92, 0, 19, 420.08
1734801543, 19, 290, 303, 191, 28, 0.30%, 92, 0, 19, 386.48
1734801553, 19, 292, 303, 190, 29, 0.30%, 92, 0, 19, 304.75
1734801578, 19, 292, 305, 192, 29, 0.31%, 94, 0, 19, 244.96
1734801685, 19, 292, 307, 194, 29, 0.31%, 94, 0, 19, 351.66
1734801690, 19, 292, 309, 196, 29, 0.31%, 94, 0, 19, 350.97
1734801695, 19, 303, 309, 195, 30, 0.31%, 94, 0, 19, 330.44
1734801838, 19, 304, 309, 194, 29, 0.31%, 94, 0, 19, 299.29
1734801961, 19, 304, 310, 195, 29, 0.31%, 94, 0, 19, 493.17
1734802017, 20, 141, 310, 194, 29, 0.31%, 94, 0, 19, 301.81
1734802038, 20, 141, 311, 195, 29, 0.31%, 94, 0, 19, 366.25
1734802119, 20, 163, 311, 194, 28, 0.31%, 94, 0, 19, 260.12
1734802134, 20, 163, 312, 195, 28, 0.31%, 94, 0, 19, 319.01
1734802159, 20, 163, 313, 196, 28, 0.31%, 94, 0, 19, 443.63
1734802225, 20, 164, 313, 195, 27, 0.31%, 94, 0, 19, 272.35
1734802307, 20, 199, 313, 194, 26, 0.31%, 94, 0, 19, 288.02
1734802332, 20, 199, 314, 195, 26, 0.31%, 94, 0, 19, 439.53
1734802419, 20, 204, 314, 194, 26, 0.31%, 94, 0, 19, 294.01
1734802515, 21, 135, 314, 193, 26, 0.31%, 94, 0, 19, 311.01
1734802546, 21, 135, 315, 194, 26, 0.31%, 94, 0, 19, 370.81
1734802622, 21, 136, 315, 193, 25, 0.31%, 94, 0, 19, 297.30
1734802643, 21, 136, 316, 194, 25, 0.31%, 94, 0, 19, 351.72
1734802719, 21, 150, 316, 193, 24, 0.31%, 94, 0, 19, 389.22
1734802775, 21, 187, 316, 192, 23, 0.31%, 94, 0, 19, 279.89
1734802831, 21, 187, 317, 193, 23, 0.31%, 94, 0, 19, 460.93
1734802907, 21, 282, 317, 192, 23, 0.31%, 94, 0, 19, 299.30
1734802938, 21, 282, 318, 193, 23, 0.31%, 94, 0, 19, 328.48
1734803039, 21, 282, 319, 194, 23, 0.31%, 94, 0, 19, 324.36
1734803059, 22, 99, 319, 193, 23, 0.31%, 94, 0, 19, 452.99
1734803080, 23, 99, 319, 193, 23, 0.31%, 94, 0, 19, 372.82
1734803095, 24, 99, 319, 193, 23, 0.31%, 94, 0, 19, 389.21
1734803100, 25, 99, 319, 193, 23, 0.31%, 94, 0, 19, 389.47
1734803105, 26, 99, 319, 193, 23, 0.31%, 94, 0, 19, 411.94
1734803110, 27, 99, 319, 193, 23, 0.31%, 94, 0, 19, 405.27
1734803115, 28, 99, 319, 193, 23, 0.31%, 94, 0, 19, 415.23
1734803120, 28, 100, 319, 193, 23, 0.31%, 94, 0, 19, 390.06
1734803176, 28, 133, 319, 192, 23, 0.31%, 94, 0, 19, 345.65
1734803202, 28, 134, 319, 192, 23, 0.31%, 94, 0, 19, 358.26
1734803222, 28, 135, 319, 192, 23, 0.31%, 94, 0, 19, 346.29
1734803247, 28, 136, 319, 192, 23, 0.31%, 94, 0, 19, 349.71
1734803277, 28, 138, 319, 192, 23, 0.31%, 94, 0, 19, 354.75
1734803303, 28, 139, 319, 192, 23, 0.31%, 94, 0, 19, 374.12
1734803328, 28, 141, 319, 192, 23, 0.31%, 94, 0, 19, 365.72
1734803348, 28, 147, 319, 192, 23, 0.31%, 94, 0, 19, 361.20
1734803374, 28, 148, 319, 192, 23, 0.31%, 94, 0, 19, 383.52
1734803399, 28, 150, 319, 192, 23, 0.31%, 94, 0, 19, 452.83
1734803419, 28, 151, 319, 192, 23, 0.31%, 94, 0, 19, 436.99
1734803444, 28, 152, 319, 192, 23, 0.31%, 94, 0, 19, 363.15
1734803470, 28, 156, 319, 192, 23, 0.31%, 94, 0, 19, 363.42
1734803480, 28, 156, 320, 193, 23, 0.31%, 94, 0, 19, 374.86
1734803495, 28, 157, 320, 193, 23, 0.31%, 94, 0, 19, 335.55
1734803521, 28, 158, 320, 193, 23, 0.31%, 94, 0, 19, 377.64
1734803541, 28, 159, 320, 193, 23, 0.31%, 94, 0, 19, 381.70
1734803566, 28, 218, 320, 193, 23, 0.31%, 94, 0, 19, 330.02
1734803632, 28, 220, 320, 192, 22, 0.31%, 94, 0, 19, 281.25
1734803653, 28, 220, 321, 193, 22, 0.31%, 94, 0, 19, 464.35
1734803718, 28, 221, 321, 192, 21, 0.31%, 94, 0, 19, 303.53
1734803744, 28, 221, 322, 193, 21, 0.31%, 94, 0, 19, 473.15
1734803830, 28, 225, 322, 192, 21, 0.31%, 94, 0, 19, 261.36
1734803921, 28, 231, 322, 191, 21, 0.31%, 94, 0, 19, 321.58
1734803952, 28, 231, 323, 192, 21, 0.31%, 94, 0, 19, 463.71
1734804038, 28, 236, 323, 191, 21, 0.31%, 94, 0, 19, 301.24
1734804063, 28, 236, 324, 192, 21, 0.31%, 94, 0, 19, 358.90
1734804144, 28, 239, 324, 191, 21, 0.31%, 94, 0, 19, 297.34
1734804220, 28, 242, 324, 190, 21, 0.31%, 94, 0, 19, 312.66
1734804240, 28, 242, 325, 191, 21, 0.31%, 94, 0, 19, 329.30
1734804352, 28, 243, 325, 190, 20, 0.31%, 94, 0, 19, 265.83
1734804382, 28, 243, 326, 191, 20, 0.31%, 94, 0, 19, 322.76
1734804413, 28, 243, 327, 192, 20, 0.31%, 94, 0, 19, 324.32
1734804500, 28, 247, 327, 191, 20, 0.31%, 94, 0, 19, 265.51
1734804540, 28, 247, 328, 192, 20, 0.31%, 94, 0, 19, 407.34
1734804570, 28, 247, 329, 193, 20, 0.31%, 94, 0, 19, 413.89
1734804616, 28, 247, 331, 195, 20, 0.31%, 94, 0, 19, 346.35
1734804621, 28, 247, 332, 196, 20, 0.31%, 94, 0, 19, 308.95
1734804641, 28, 253, 332, 195, 20, 0.31%, 94, 0, 19, 344.46
1734804672, 28, 254, 332, 195, 20, 0.31%, 94, 0, 19, 352.02
1734804687, 28, 254, 333, 196, 20, 0.31%, 94, 0, 19, 398.68
1734804707, 28, 255, 333, 196, 20, 0.31%, 94, 0, 19, 352.62
1734804723, 28, 255, 334, 197, 20, 0.31%, 94, 0, 19, 339.54
1734804743, 28, 270, 334, 197, 20, 0.31%, 94, 0, 19, 281.72
1734804784, 28, 270, 335, 198, 20, 0.31%, 94, 0, 19, 373.16
1734804875, 28, 270, 336, 199, 20, 0.31%, 94, 0, 19, 319.51
1734804891, 28, 288, 336, 198, 20, 0.31%, 94, 0, 19, 290.54
1734804926, 28, 288, 337, 199, 20, 0.31%, 94, 0, 19, 491.51
1734804977, 28, 310, 337, 198, 20, 0.31%, 94, 0, 19, 331.36
1734805008, 28, 310, 338, 199, 20, 0.31%, 94, 0, 19, 454.71
1734805053, 28, 310, 339, 200, 20, 0.31%, 94, 0, 19, 449.30
1734805074, 28, 315, 339, 199, 20, 0.31%, 94, 0, 19, 291.60
1734805099, 28, 315, 340, 200, 20, 0.31%, 94, 0, 19, 481.89
1734805160, 29, 99, 340, 199, 20, 0.31%, 94, 0, 19, 391.53
1734805165, 30, 99, 340, 199, 20, 0.31%, 94, 0, 19, 406.78
1734805170, 31, 99, 340, 199, 20, 0.31%, 94, 0, 19, 419.85
1734805175, 32, 99, 340, 199, 20, 0.31%, 94, 0, 19, 397.02
1734805180, 33, 99, 340, 199, 20, 0.31%, 94, 0, 19, 375.59
1734805190, 34, 99, 340, 199, 20, 0.31%, 94, 0, 19, 406.49
1734805195, 35, 99, 340, 199, 20, 0.31%, 94, 0, 19, 384.42
1734805200, 36, 99, 340, 199, 20, 0.31%, 94, 0, 19, 404.59
1734805206, 37, 99, 340, 199, 20, 0.31%, 94, 0, 19, 415.76
1734805211, 38, 99, 340, 199, 20, 0.31%, 94, 0, 19, 428.14
1734805216, 39, 99, 340, 199, 20, 0.31%, 94, 0, 19, 424.79
1734805221, 40, 99, 340, 199, 20, 0.31%, 94, 0, 19, 420.77
1734805226, 41, 99, 340, 199, 20, 0.31%, 94, 0, 19, 390.55
1734805236, 42, 99, 341, 200, 20, 0.31%, 94, 0, 19, 408.62
1734805241, 42, 340, 341, 200, 20, 0.31%, 94, 0, 19, 385.10
1734805317, 43, 92, 341, 199, 20, 0.31%, 94, 0, 19, 409.75
1734805394, 43, 99, 341, 198, 20, 0.31%, 94, 0, 19, 411.47
1734805399, 43, 108, 341, 198, 20, 0.31%, 94, 0, 19, 373.39
1734805424, 43, 130, 341, 198, 20, 0.31%, 94, 0, 19, 289.48
1734805460, 43, 130, 342, 199, 20, 0.31%, 95, 0, 19, 381.74
1734805516, 43, 130, 343, 200, 20, 0.31%, 95, 0, 19, 352.21
1734805526, 43, 341, 343, 199, 20, 0.31%, 95, 0, 19, 316.00
1734805597, 43, 342, 344, 199, 19, 0.31%, 95, 0, 19, 263.40
1734805770, 43, 342, 345, 200, 19, 0.31%, 95, 0, 19, 391.22
1734805835, 43, 342, 346, 201, 19, 0.31%, 95, 0, 19, 329.32
1734805840, 44, 99, 346, 200, 19, 0.31%, 95, 0, 19, 382.66
1734805845, 44, 108, 346, 200, 19, 0.31%, 95, 0, 19, 335.87
1734805856, 44, 108, 347, 201, 19, 0.31%, 95, 0, 19, 339.43
1734805861, 44, 131, 347, 201, 19, 0.31%, 95, 0, 19, 298.98
1734805932, 44, 133, 347, 200, 18, 0.31%, 95, 0, 19, 326.79
1734805947, 44, 134, 347, 200, 18, 0.31%, 95, 0, 19, 373.76
1734805957, 44, 135, 347, 200, 18, 0.31%, 95, 0, 19, 341.12
1734805972, 44, 136, 347, 200, 18, 0.31%, 95, 0, 19, 349.05
1734805982, 44, 139, 347, 200, 18, 0.31%, 95, 0, 19, 325.53
1734805998, 44, 144, 347, 200, 18, 0.31%, 95, 0, 19, 306.81
1734806048, 44, 147, 347, 199, 17, 0.31%, 95, 0, 19, 353.71
1734806063, 44, 151, 347, 199, 17, 0.31%, 95, 0, 19, 383.93
1734806074, 44, 152, 347, 199, 17, 0.31%, 95, 0, 19, 369.92
1734806084, 44, 154, 348, 200, 17, 0.31%, 95, 0, 19, 336.21
1734806155, 44, 161, 348, 199, 16, 0.31%, 95, 0, 19, 382.94
1734806175, 44, 163, 348, 199, 16, 0.31%, 95, 0, 19, 335.54
1734806201, 44, 164, 348, 199, 16, 0.31%, 95, 0, 19, 423.40
1734806221, 44, 168, 348, 199, 16, 0.31%, 95, 0, 19, 326.02
1734806236, 44, 168, 349, 200, 16, 0.31%, 95, 0, 19, 374.03
1734806246, 44, 169, 349, 200, 16, 0.31%, 95, 0, 19, 384.61
1734806266, 44, 170, 349, 200, 16, 0.31%, 95, 0, 19, 370.40
1734806292, 44, 173, 349, 200, 16, 0.31%, 95, 0, 19, 405.63
1734806317, 44, 175, 349, 200, 16, 0.31%, 95, 0, 19, 396.99
1734806337, 44, 176, 349, 200, 16, 0.31%, 95, 0, 19, 332.09
1734806363, 44, 177, 349, 200, 16, 0.31%, 95, 0, 19, 356.11
1734806388, 44, 188, 349, 200, 16, 0.31%, 95, 0, 19, 274.22
1734806486, 44, 198, 349, 199, 16, 0.31%, 95, 0, 19, 252.33
1734806527, 44, 198, 350, 200, 16, 0.31%, 95, 0, 19, 448.38
1734806613, 44, 203, 350, 199, 16, 0.31%, 95, 0, 19, 307.38
1734806659, 44, 203, 351, 200, 16, 0.31%, 95, 0, 19, 422.95
1734806745, 44, 205, 351, 199, 16, 0.31%, 95, 0, 19, 412.02
1734806776, 44, 216, 351, 199, 16, 0.31%, 95, 0, 19, 284.95
1734806873, 44, 217, 351, 198, 16, 0.31%, 95, 0, 19, 284.08
1734806935, 44, 217, 352, 199, 16, 0.31%, 95, 0, 19, 480.52
1734806990, 44, 217, 353, 200, 16, 0.31%, 95, 0, 19, 340.83
1734807011, 44, 218, 353, 199, 16, 0.31%, 95, 0, 19, 441.61
1734807036, 44, 219, 353, 199, 16, 0.31%, 95, 0, 19, 288.46
1734807097, 44, 220, 353, 198, 16, 0.31%, 95, 0, 19, 399.72
1734807107, 44, 220, 354, 199, 16, 0.31%, 95, 0, 19, 361.92
1734807123, 44, 222, 354, 199, 16, 0.31%, 95, 0, 19, 281.51
1734807209, 44, 222, 355, 200, 16, 0.31%, 95, 0, 19, 350.61
1734807219, 44, 223, 355, 199, 15, 0.31%, 95, 0, 19, 314.39
1734807306, 44, 223, 356, 200, 15, 0.31%, 95, 0, 19, 320.65
1734807321, 44, 236, 356, 199, 14, 0.31%, 95, 0, 19, 336.18
1734807346, 44, 238, 356, 199, 14, 0.31%, 95, 0, 19, 296.23
1734807408, 44, 238, 358, 201, 14, 0.31%, 95, 0, 19, 376.76
1734807413, 44, 239, 358, 200, 14, 0.31%, 95, 0, 19, 379.79
1734807443, 44, 239, 359, 201, 14, 0.31%, 95, 0, 19, 333.37
1734807448, 44, 250, 359, 201, 14, 0.31%, 95, 0, 19, 369.09
1734807479, 44, 251, 359, 201, 14, 0.31%, 95, 0, 19, 301.50
1734807514, 44, 252, 359, 201, 14, 0.31%, 95, 0, 19, 379.01
1734807545, 44, 253, 359, 201, 14, 0.31%, 95, 0, 19, 341.74
1734807575, 44, 254, 359, 201, 14, 0.31%, 95, 0, 19, 322.06
1734807611, 44, 255, 359, 201, 14, 0.31%, 95, 0, 19, 350.96
1734807641, 44, 258, 359, 201, 14, 0.31%, 95, 0, 19, 383.65
1734807667, 44, 258, 360, 202, 14, 0.31%, 95, 0, 19, 347.40
1734807677, 44, 259, 360, 202, 14, 0.31%, 95, 0, 19, 321.59
1734807712, 44, 261, 360, 202, 14, 0.31%, 95, 0, 19, 376.04
1734807743, 44, 262, 360, 202, 14, 0.31%, 95, 0, 19, 357.73
