# unix_time, cycles_done, cur_path, paths_total, pending_total, pending_favs, map_size, unique_crashes, unique_hangs, max_depth, execs_per_sec
1733579187, 0, 0, 10, 10, 1, 0.00%, 0, 0, 1, 170.58
1733579192, 0, 2, 10, 10, 1, 0.00%, 0, 0, 1, 201.95
1733579197, 0, 3, 10, 9, 1, 0.00%, 0, 0, 1, 208.58
1733579202, 0, 4, 10, 8, 1, 0.00%, 0, 0, 1, 205.18
1733579213, 0, 5, 10, 7, 0, 0.00%, 0, 0, 1, 210.82
1733579218, 0, 6, 10, 6, 0, 0.00%, 0, 0, 1, 199.82
1733579228, 0, 7, 10, 5, 0, 0.00%, 0, 0, 1, 211.23
1733579233, 0, 8, 10, 4, 0, 0.00%, 0, 0, 1, 195.15
1733579243, 0, 9, 10, 3, 0, 0.00%, 0, 0, 1, 210.45
1733579248, 1, 0, 10, 2, 0, 0.00%, 0, 0, 1, 192.31
1733579258, 1, 1, 10, 1, 0, 0.00%, 0, 0, 1, 211.38
1733579268, 1, 2, 10, 0, 0, 0.00%, 0, 0, 1, 210.66
1733579279, 1, 4, 10, 0, 0, 0.00%, 0, 0, 1, 208.63
1733579284, 1, 5, 10, 0, 0, 0.00%, 0, 0, 1, 205.55
1733579289, 1, 6, 10, 0, 0, 0.00%, 0, 0, 1, 212.07
1733579294, 1, 8, 10, 0, 0, 0.00%, 0, 0, 1, 210.04
1733579299, 1, 9, 10, 0, 0, 0.00%, 0, 0, 1, 209.66
1733579304, 2, 1, 10, 0, 0, 0.00%, 0, 0, 1, 207.52
1733579309, 2, 2, 10, 0, 0, 0.00%, 0, 0, 1, 207.03
1733579314, 2, 3, 10, 0, 0, 0.00%, 0, 0, 1, 211.29
1733579319, 2, 5, 10, 0, 0, 0.00%, 0, 0, 1, 206.94
1733579324, 2, 6, 10, 0, 0, 0.00%, 0, 0, 1, 213.98
1733579329, 2, 8, 10, 0, 0, 0.00%, 0, 0, 1, 207.36
1733579334, 2, 9, 10, 0, 0, 0.00%, 0, 0, 1, 207.40
1733579339, 3, 0, 10, 0, 0, 0.00%, 0, 0, 1, 210.70
1733579344, 3, 2, 10, 0, 0, 0.00%, 0, 0, 1, 208.43
1733579349, 3, 3, 10, 0, 0, 0.00%, 0, 0, 1, 206.90
1733579355, 3, 5, 10, 0, 0, 0.00%, 0, 0, 1, 206.75
1733579360, 3, 6, 10, 0, 0, 0.00%, 0, 0, 1, 211.03
1733579365, 3, 7, 10, 0, 0, 0.00%, 0, 0, 1, 207.33
1733579370, 3, 9, 10, 0, 0, 0.00%, 0, 0, 1, 206.02
1733579375, 4, 0, 10, 0, 0, 0.00%, 0, 0, 1, 209.09
1733579380, 4, 2, 10, 0, 0, 0.00%, 0, 0, 1, 209.51
1733579385, 4, 3, 10, 0, 0, 0.00%, 0, 0, 1, 207.03
1733579390, 4, 4, 10, 0, 0, 0.00%, 0, 0, 1, 207.40
1733579395, 4, 6, 10, 0, 0, 0.00%, 0, 0, 1, 210.32
1733579400, 4, 7, 10, 0, 0, 0.00%, 0, 0, 1, 205.35
1733579405, 4, 9, 10, 0, 0, 0.00%, 0, 0, 1, 210.99
1733579410, 5, 0, 10, 0, 0, 0.00%, 0, 0, 1, 207.68
1733579415, 5, 1, 10, 0, 0, 0.00%, 0, 0, 1, 205.34
1733579420, 5, 3, 10, 0, 0, 0.00%, 0, 0, 1, 209.49
1733579425, 5, 4, 10, 0, 0, 0.00%, 0, 0, 1, 208.40
1733579430, 5, 6, 10, 0, 0, 0.00%, 0, 0, 1, 206.27
1733579435, 5, 7, 10, 0, 0, 0.00%, 0, 0, 1, 208.92
1733579440, 5, 9, 10, 0, 0, 0.00%, 0, 0, 1, 209.58
1733579445, 6, 0, 10, 0, 0, 0.00%, 0, 0, 1, 211.89
1733579451, 6, 1, 10, 0, 0, 0.00%, 0, 0, 1, 208.17
1733579456, 6, 3, 10, 0, 0, 0.00%, 0, 0, 1, 208.14
1733579461, 6, 4, 10, 0, 0, 0.00%, 0, 0, 1, 209.19
1733579466, 6, 6, 10, 0, 0, 0.00%, 0, 0, 1, 206.19
1733579471, 6, 7, 10, 0, 0, 0.00%, 0, 0, 1, 206.96
1733579476, 6, 8, 10, 0, 0, 0.00%, 0, 0, 1, 207.67
1733579481, 7, 0, 10, 0, 0, 0.00%, 0, 0, 1, 209.13
1733579486, 7, 1, 10, 0, 0, 0.00%, 0, 0, 1, 209.35
1733579491, 7, 3, 10, 0, 0, 0.00%, 0, 0, 1, 209.17
1733579496, 7, 4, 10, 0, 0, 0.00%, 0, 0, 1, 207.67
1733579501, 7, 5, 10, 0, 0, 0.00%, 0, 0, 1, 208.65
1733579506, 7, 7, 11, 1, 0, 0.05%, 1, 0, 2, 209.06
1733579511, 7, 10, 11, 1, 1, 0.05%, 1, 0, 2, 220.68
1733579547, 7, 10, 12, 2, 1, 0.05%, 2, 0, 3, 233.35
1733579643, 7, 11, 13, 2, 1, 0.05%, 2, 0, 4, 227.28
1733579649, 7, 11, 14, 3, 1, 0.05%, 2, 0, 4, 266.06
1733579669, 7, 11, 15, 4, 1, 0.05%, 3, 0, 4, 276.09
1733579679, 7, 11, 16, 5, 1, 0.05%, 3, 0, 4, 278.09
1733579684, 7, 11, 17, 6, 1, 0.05%, 3, 0, 4, 273.90
1733579689, 7, 11, 18, 7, 1, 0.05%, 4, 0, 4, 271.95
1733579700, 7, 11, 19, 8, 1, 0.06%, 5, 0, 4, 276.66
1733579755, 7, 14, 20, 8, 3, 0.06%, 6, 0, 5, 262.80
1733579765, 7, 14, 21, 9, 3, 0.06%, 6, 0, 5, 238.14
1733579791, 7, 14, 23, 11, 3, 0.06%, 6, 0, 5, 247.91
1733579811, 7, 14, 24, 12, 3, 0.06%, 7, 0, 5, 261.86
1733579816, 7, 14, 25, 13, 3, 0.06%, 7, 0, 5, 249.35
1733579846, 7, 14, 26, 14, 3, 0.06%, 7, 0, 5, 259.53
1733579877, 7, 23, 28, 15, 5, 0.06%, 9, 0, 6, 268.28
1733580204, 7, 23, 31, 18, 5, 0.06%, 9, 0, 6, 433.83
1733580209, 7, 23, 33, 20, 5, 0.06%, 9, 0, 6, 409.59
1733580214, 7, 23, 36, 23, 5, 0.06%, 9, 0, 6, 387.87
1733580224, 7, 23, 37, 24, 5, 0.06%, 9, 0, 6, 393.22
1733580245, 7, 23, 38, 25, 5, 0.06%, 9, 0, 6, 389.98
1733580250, 7, 23, 39, 26, 5, 0.06%, 9, 0, 6, 386.73
1733580255, 7, 23, 40, 27, 5, 0.06%, 9, 0, 6, 388.85
1733580286, 7, 38, 42, 28, 6, 0.06%, 9, 0, 7, 389.17
1733580291, 7, 38, 43, 29, 6, 0.06%, 9, 0, 7, 318.84
1733580296, 7, 38, 44, 30, 6, 0.06%, 9, 0, 7, 326.32
1733580301, 7, 38, 45, 31, 6, 0.06%, 9, 0, 7, 322.98
1733580352, 7, 38, 46, 32, 6, 0.06%, 9, 0, 7, 327.15
1733580367, 7, 38, 47, 33, 6, 0.06%, 9, 0, 7, 332.22
1733580387, 8, 19, 47, 32, 5, 0.06%, 9, 0, 7, 246.75
1733580392, 8, 19, 48, 33, 5, 0.06%, 9, 0, 7, 243.77
1733580438, 8, 19, 49, 34, 5, 0.06%, 9, 0, 7, 249.33
1733580448, 8, 19, 50, 35, 5, 0.06%, 9, 0, 7, 240.04
1733580454, 8, 19, 51, 36, 5, 0.06%, 9, 0, 7, 243.46
1733580540, 8, 40, 52, 36, 4, 0.06%, 9, 0, 7, 371.08
1733580550, 8, 40, 53, 37, 4, 0.06%, 9, 0, 8, 381.53
1733580571, 8, 40, 55, 39, 4, 0.06%, 9, 0, 8, 369.62
1733580586, 8, 40, 56, 40, 4, 0.06%, 9, 0, 8, 382.10
1733580627, 8, 46, 56, 39, 4, 0.06%, 9, 0, 8, 459.94
1733580632, 8, 46, 57, 40, 4, 0.06%, 9, 0, 8, 407.01
1733580682, 8, 46, 58, 41, 4, 0.06%, 9, 0, 8, 316.90
1733580687, 8, 46, 59, 42, 4, 0.06%, 9, 0, 8, 345.81
1733580697, 8, 53, 59, 41, 3, 0.06%, 9, 0, 8, 374.18
1733580794, 8, 56, 59, 40, 2, 0.06%, 9, 0, 8, 354.68
1733580804, 8, 56, 60, 41, 2, 0.06%, 9, 0, 9, 376.54
1733580819, 8, 56, 61, 42, 2, 0.06%, 9, 0, 9, 328.90
1733580830, 8, 56, 62, 43, 2, 0.06%, 9, 0, 9, 337.40
1733580895, 8, 57, 62, 42, 2, 0.06%, 9, 0, 9, 469.52
1733581018, 8, 57, 63, 43, 2, 0.06%, 9, 0, 9, 338.49
1733581023, 8, 58, 63, 42, 3, 0.06%, 9, 0, 9, 375.88
1733581110, 8, 58, 65, 44, 3, 0.06%, 9, 0, 9, 433.56
1733581125, 8, 60, 66, 44, 3, 0.06%, 9, 0, 9, 374.69
1733581146, 8, 60, 67, 45, 3, 0.06%, 9, 0, 10, 405.24
1733581151, 8, 60, 68, 46, 3, 0.06%, 9, 0, 10, 397.91
1733581181, 8, 60, 69, 47, 3, 0.06%, 9, 0, 10, 392.47
1733581217, 8, 62, 69, 46, 3, 0.06%, 9, 0, 10, 309.15
1733581232, 8, 62, 70, 47, 3, 0.06%, 9, 0, 10, 477.08
1733581237, 8, 62, 71, 48, 3, 0.06%, 9, 0, 10, 488.20
1733581252, 8, 62, 72, 49, 3, 0.06%, 9, 0, 10, 502.20
1733581298, 8, 65, 72, 48, 2, 0.06%, 9, 0, 10, 469.96
1733581563, 8, 66, 72, 47, 2, 0.06%, 9, 0, 10, 366.87
1733581608, 8, 67, 72, 46, 2, 0.06%, 9, 0, 10, 419.07
1733581654, 8, 68, 72, 45, 2, 0.06%, 9, 0, 10, 306.57
1733581786, 8, 69, 72, 44, 2, 0.06%, 9, 0, 10, 230.81
1733581838, 8, 69, 74, 46, 2, 0.06%, 9, 0, 11, 440.20
1733581908, 8, 70, 74, 45, 2, 0.06%, 9, 0, 11, 279.85
1733581970, 8, 71, 74, 44, 2, 0.06%, 9, 0, 11, 378.20
1733582000, 8, 71, 75, 45, 2, 0.06%, 9, 0, 11, 458.98
1733582046, 8, 72, 75, 44, 2, 0.06%, 9, 0, 11, 268.21
1733582132, 8, 73, 75, 43, 2, 0.06%, 9, 0, 11, 272.98
1733582199, 8, 74, 76, 43, 2, 0.06%, 9, 0, 12, 395.66
1733582326, 8, 75, 76, 42, 2, 0.06%, 9, 0, 12, 380.87
1733582448, 9, 17, 76, 41, 2, 0.06%, 9, 0, 12, 284.40
1733582493, 9, 18, 76, 40, 2, 0.06%, 9, 0, 12, 305.86
1733582529, 9, 19, 76, 39, 1, 0.06%, 9, 0, 12, 272.46
1733582539, 9, 22, 76, 39, 1, 0.06%, 9, 0, 12, 346.30
1733582610, 9, 27, 76, 38, 1, 0.06%, 9, 0, 12, 262.25
1733583026, 9, 34, 76, 37, 1, 0.06%, 9, 0, 12, 340.42
1733583358, 9, 38, 76, 36, 1, 0.06%, 9, 0, 12, 359.75
1733583368, 9, 40, 76, 36, 1, 0.06%, 9, 0, 12, 343.55
1733583378, 9, 41, 76, 36, 1, 0.06%, 9, 0, 12, 357.81
1733583409, 9, 44, 76, 35, 1, 0.06%, 9, 0, 12, 333.11
1733583460, 9, 45, 76, 34, 1, 0.06%, 9, 0, 12, 332.03
1733583495, 9, 45, 77, 35, 1, 0.06%, 9, 0, 12, 329.72
1733583500, 9, 47, 77, 34, 1, 0.06%, 9, 0, 12, 313.58
1733583541, 9, 48, 77, 33, 1, 0.06%, 9, 0, 12, 398.99
1733583571, 9, 49, 77, 32, 1, 0.06%, 9, 0, 12, 328.48
1733583957, 9, 52, 77, 31, 1, 0.06%, 9, 0, 12, 362.77
1733584003, 9, 52, 78, 32, 1, 0.06%, 9, 0, 12, 358.02
1733584013, 9, 53, 78, 31, 1, 0.06%, 9, 0, 12, 404.98
1733584084, 9, 54, 78, 31, 1, 0.06%, 9, 0, 12, 412.12
1733584155, 9, 55, 78, 30, 1, 0.06%, 9, 0, 12, 428.84
1733584201, 9, 56, 78, 29, 1, 0.06%, 9, 0, 12, 372.61
1733584231, 9, 57, 78, 29, 1, 0.06%, 9, 0, 12, 422.32
1733584252, 9, 58, 78, 29, 1, 0.06%, 9, 0, 12, 320.00
1733584277, 9, 59, 78, 29, 1, 0.06%, 9, 0, 12, 444.34
1733584328, 9, 60, 78, 28, 1, 0.06%, 9, 0, 12, 381.57
1733584477, 9, 61, 78, 28, 1, 0.06%, 9, 0, 12, 458.77
1733584543, 9, 62, 78, 27, 1, 0.06%, 9, 0, 12, 369.32
1733584573, 9, 63, 78, 27, 1, 0.06%, 9, 0, 12, 380.34
1733584863, 9, 64, 78, 26, 1, 0.06%, 9, 0, 12, 351.21
1733584991, 9, 65, 78, 25, 1, 0.06%, 9, 0, 12, 333.40
1733585271, 9, 66, 78, 25, 1, 0.06%, 9, 0, 12, 462.68
1733585291, 9, 67, 78, 25, 1, 0.06%, 9, 0, 12, 393.16
1733585317, 9, 68, 78, 25, 1, 0.06%, 9, 0, 12, 303.85
1733585347, 9, 69, 78, 25, 1, 0.06%, 9, 0, 12, 344.29
1733586084, 9, 70, 78, 25, 1, 0.06%, 9, 0, 12, 426.59
1733586125, 9, 71, 78, 25, 1, 0.06%, 9, 0, 12, 396.05
1733586232, 9, 72, 78, 25, 1, 0.06%, 9, 0, 12, 409.77
1733586920, 9, 73, 78, 25, 1, 0.06%, 9, 0, 12, 410.12
1733586950, 9, 74, 78, 25, 1, 0.06%, 9, 0, 12, 299.96
1733587078, 9, 75, 78, 25, 1, 0.06%, 9, 0, 12, 402.58
1733587200, 9, 76, 78, 25, 1, 0.06%, 9, 0, 12, 355.02
1733587302, 9, 77, 78, 24, 1, 0.06%, 9, 0, 12, 348.88
1733587352, 10, 17, 78, 23, 1, 0.06%, 9, 0, 12, 300.07
1733587363, 10, 18, 78, 23, 1, 0.06%, 9, 0, 12, 300.08
1733587373, 10, 19, 78, 23, 1, 0.06%, 9, 0, 12, 280.54
1733587383, 10, 22, 78, 23, 1, 0.06%, 9, 0, 12, 378.36
1733587393, 10, 26, 78, 23, 1, 0.06%, 9, 0, 12, 455.07
1733587541, 10, 26, 79, 24, 1, 0.06%, 9, 0, 12, 347.30
1733587597, 10, 26, 80, 25, 1, 0.06%, 9, 0, 12, 508.56
1733587628, 10, 27, 80, 24, 1, 0.06%, 9, 0, 12, 278.11
1733587643, 10, 29, 80, 24, 1, 0.06%, 9, 0, 12, 389.78
1733587725, 10, 34, 80, 23, 1, 0.06%, 9, 0, 12, 291.11
1733587740, 10, 38, 80, 23, 1, 0.06%, 9, 0, 12, 343.52
1733587745, 10, 39, 80, 23, 1, 0.06%, 9, 0, 12, 326.69
1733587879, 10, 40, 80, 22, 1, 0.06%, 9, 0, 12, 335.19
1733587889, 10, 41, 80, 22, 1, 0.06%, 9, 0, 12, 345.96
1733587899, 10, 42, 80, 22, 1, 0.06%, 9, 0, 12, 463.45
1733587935, 10, 43, 80, 21, 1, 0.06%, 9, 0, 12, 395.58
1733588006, 10, 44, 80, 20, 1, 0.06%, 9, 0, 12, 291.40
1733588016, 10, 45, 80, 20, 1, 0.06%, 9, 0, 12, 294.16
1733588026, 10, 46, 80, 20, 1, 0.06%, 9, 0, 12, 322.54
1733588036, 10, 47, 80, 20, 1, 0.06%, 9, 0, 12, 341.66
1733588056, 10, 48, 80, 20, 1, 0.06%, 9, 0, 12, 386.73
1733588072, 10, 49, 80, 20, 1, 0.06%, 9, 0, 12, 280.77
1733588092, 10, 50, 80, 20, 1, 0.06%, 9, 0, 12, 310.21
1733588127, 10, 51, 80, 19, 1, 0.06%, 9, 0, 12, 292.11
1733589305, 10, 52, 80, 18, 1, 0.06%, 9, 0, 12, 381.53
1733589331, 10, 53, 80, 18, 1, 0.06%, 9, 0, 12, 344.45
1733589341, 10, 54, 80, 18, 1, 0.06%, 9, 0, 12, 433.91
1733589361, 10, 55, 80, 18, 1, 0.06%, 9, 0, 12, 362.94
1733589387, 10, 56, 80, 18, 1, 0.06%, 9, 0, 12, 350.84
1733589392, 10, 57, 80, 18, 1, 0.06%, 9, 0, 12, 344.28
1733589402, 10, 58, 80, 18, 1, 0.06%, 9, 0, 12, 414.26
1733589407, 10, 59, 80, 18, 1, 0.06%, 9, 0, 12, 384.37
1733589432, 10, 60, 80, 18, 1, 0.06%, 9, 0, 12, 364.72
1733589438, 10, 61, 80, 18, 1, 0.06%, 9, 0, 12, 360.89
1733589468, 10, 62, 80, 18, 1, 0.06%, 9, 0, 12, 497.47
1733589483, 10, 63, 80, 18, 1, 0.06%, 9, 0, 12, 339.89
1733589509, 10, 64, 80, 18, 1, 0.06%, 9, 0, 12, 351.45
1733589534, 10, 65, 80, 18, 1, 0.06%, 9, 0, 12, 307.96
1733589544, 10, 66, 80, 18, 1, 0.06%, 9, 0, 12, 384.48
1733589616, 10, 67, 80, 18, 1, 0.06%, 9, 0, 12, 391.03
1733589688, 10, 68, 80, 18, 1, 0.06%, 9, 0, 12, 299.40
1733589780, 10, 69, 80, 18, 1, 0.06%, 9, 0, 12, 332.23
1733589795, 10, 70, 80, 18, 1, 0.06%, 9, 0, 12, 375.32
1733589821, 10, 71, 80, 18, 1, 0.06%, 9, 0, 12, 331.50
1733589918, 10, 72, 80, 18, 1, 0.06%, 9, 0, 12, 334.08
1733590097, 10, 73, 80, 18, 1, 0.06%, 9, 0, 12, 359.46
1733590416, 10, 74, 80, 18, 1, 0.06%, 9, 0, 12, 366.56
1733590426, 10, 75, 80, 18, 1, 0.06%, 9, 0, 12, 395.72
1733590431, 10, 76, 80, 18, 1, 0.06%, 9, 0, 12, 347.27
1733590451, 10, 78, 80, 18, 1, 0.06%, 9, 0, 12, 272.19
1733590676, 10, 79, 80, 17, 1, 0.06%, 9, 0, 12, 273.14
1733590880, 11, 18, 80, 16, 1, 0.06%, 9, 0, 12, 356.42
1733590890, 11, 19, 80, 16, 1, 0.06%, 9, 0, 12, 287.38
1733590900, 11, 22, 80, 16, 1, 0.06%, 9, 0, 12, 328.03
1733590911, 11, 27, 80, 16, 1, 0.06%, 9, 0, 12, 365.32
1733590926, 11, 34, 80, 16, 1, 0.06%, 9, 0, 12, 408.78
1733590941, 11, 39, 80, 16, 1, 0.06%, 9, 0, 12, 427.53
1733590957, 11, 40, 80, 16, 1, 0.06%, 9, 0, 12, 332.48
1733590967, 11, 44, 80, 16, 1, 0.06%, 9, 0, 12, 307.14
1733590977, 11, 45, 80, 16, 1, 0.06%, 9, 0, 12, 326.14
1733590987, 11, 47, 80, 16, 1, 0.06%, 9, 0, 12, 336.31
1733590992, 11, 48, 80, 16, 1, 0.06%, 9, 0, 12, 344.64
1733590997, 11, 49, 80, 16, 1, 0.06%, 9, 0, 12, 329.35
1733591002, 11, 50, 80, 16, 1, 0.06%, 9, 0, 12, 362.87
1733591023, 11, 52, 80, 16, 1, 0.06%, 9, 0, 12, 371.47
1733591028, 11, 53, 80, 16, 1, 0.06%, 9, 0, 12, 345.87
1733591033, 11, 54, 80, 16, 1, 0.06%, 9, 0, 12, 333.25
1733591043, 11, 55, 80, 16, 1, 0.06%, 9, 0, 12, 372.54
1733591048, 11, 60, 80, 16, 1, 0.06%, 9, 0, 12, 357.46
1733591058, 11, 62, 80, 16, 1, 0.06%, 9, 0, 12, 368.04
1733591064, 11, 65, 80, 16, 1, 0.06%, 9, 0, 12, 344.38
1733591074, 11, 66, 80, 16, 1, 0.06%, 9, 0, 12, 370.24
1733591079, 11, 67, 80, 16, 1, 0.06%, 9, 0, 12, 332.30
1733591089, 11, 68, 80, 16, 1, 0.06%, 9, 0, 12, 369.78
1733591099, 11, 69, 80, 16, 1, 0.06%, 9, 0, 12, 335.36
1733591114, 11, 70, 80, 16, 1, 0.06%, 9, 0, 12, 366.10
1733591124, 11, 71, 80, 16, 1, 0.06%, 9, 0, 12, 345.64
1733591130, 11, 72, 80, 16, 1, 0.06%, 9, 0, 12, 407.18
1733591150, 11, 73, 80, 16, 1, 0.06%, 9, 0, 12, 382.31
1733591165, 11, 74, 80, 16, 1, 0.06%, 9, 0, 12, 363.21
1733591170, 11, 75, 80, 16, 1, 0.06%, 9, 0, 12, 388.56
1733591180, 11, 76, 80, 16, 1, 0.06%, 9, 0, 12, 383.08
1733591191, 11, 78, 80, 16, 1, 0.06%, 9, 0, 12, 273.93
1733591211, 11, 79, 80, 16, 1, 0.06%, 9, 0, 12, 292.78
1733591231, 12, 18, 80, 16, 1, 0.06%, 9, 0, 12, 321.01
1733591241, 12, 19, 80, 16, 1, 0.06%, 9, 0, 12, 288.71
1733591246, 12, 22, 80, 16, 1, 0.06%, 9, 0, 12, 346.19
1733591251, 12, 27, 80, 16, 1, 0.06%, 9, 0, 12, 411.69
1733591267, 12, 34, 80, 16, 1, 0.06%, 9, 0, 12, 440.02
1733591282, 12, 39, 80, 16, 1, 0.06%, 9, 0, 12, 400.03
1733591297, 12, 40, 80, 16, 1, 0.06%, 9, 0, 12, 343.96
1733591302, 12, 44, 80, 16, 1, 0.06%, 9, 0, 12, 315.32
1733591312, 12, 45, 80, 16, 1, 0.06%, 9, 0, 12, 319.46
1733591323, 12, 47, 80, 16, 1, 0.06%, 9, 0, 12, 343.29
1733591328, 12, 48, 80, 16, 1, 0.06%, 9, 0, 12, 332.12
1733591333, 12, 49, 80, 16, 1, 0.06%, 9, 0, 12, 277.00
1733591343, 12, 52, 80, 16, 1, 0.06%, 9, 0, 12, 340.09
1733591353, 12, 53, 80, 16, 1, 0.06%, 9, 0, 12, 331.85
1733591358, 12, 54, 80, 16, 1, 0.06%, 9, 0, 12, 401.71
1733591363, 12, 55, 80, 16, 1, 0.06%, 9, 0, 12, 346.70
1733591374, 12, 60, 80, 16, 1, 0.06%, 9, 0, 12, 359.74
1733591379, 12, 62, 80, 16, 1, 0.06%, 9, 0, 12, 329.72
1733591389, 12, 65, 80, 16, 1, 0.06%, 9, 0, 12, 354.92
1733591399, 12, 66, 80, 16, 1, 0.06%, 9, 0, 12, 378.89
1733591404, 12, 67, 80, 16, 1, 0.06%, 9, 0, 12, 401.35
1733591409, 12, 68, 80, 16, 1, 0.06%, 9, 0, 12, 394.14
1733591419, 12, 69, 80, 16, 1, 0.06%, 9, 0, 12, 428.77
1733591440, 12, 70, 80, 16, 1, 0.06%, 9, 0, 12, 350.03
1733591445, 12, 71, 80, 16, 1, 0.06%, 9, 0, 12, 347.03
1733591455, 12, 72, 80, 16, 1, 0.06%, 9, 0, 12, 436.21
1733591475, 12, 73, 80, 16, 1, 0.06%, 9, 0, 12, 280.99
1733591486, 12, 74, 80, 16, 1, 0.06%, 9, 0, 12, 372.66
1733591496, 12, 75, 80, 16, 1, 0.06%, 9, 0, 12, 377.97
1733591501, 12, 76, 80, 16, 1, 0.06%, 9, 0, 12, 399.86
1733591506, 12, 78, 80, 16, 1, 0.06%, 9, 0, 12, 354.13
1733591521, 12, 79, 80, 16, 1, 0.06%, 9, 0, 12, 297.37
1733591531, 13, 18, 80, 16, 1, 0.06%, 9, 0, 12, 389.25
1733591537, 13, 19, 80, 16, 1, 0.06%, 9, 0, 12, 310.78
1733591542, 13, 22, 80, 16, 1, 0.06%, 9, 0, 12, 320.45
1733591547, 13, 27, 80, 16, 1, 0.06%, 9, 0, 12, 406.98
1733591557, 13, 34, 80, 16, 1, 0.06%, 9, 0, 12, 381.06
1733591573, 13, 39, 80, 16, 1, 0.06%, 9, 0, 12, 297.74
1733591588, 13, 44, 80, 16, 1, 0.06%, 9, 0, 12, 351.56
1733591593, 13, 45, 80, 16, 1, 0.06%, 9, 0, 12, 321.71
1733591598, 13, 47, 80, 16, 1, 0.06%, 9, 0, 12, 328.99
1733591603, 13, 48, 80, 16, 1, 0.06%, 9, 0, 12, 318.74
1733591608, 13, 49, 80, 16, 1, 0.06%, 9, 0, 12, 383.44
1733591618, 13, 50, 80, 16, 1, 0.06%, 9, 0, 12, 379.57
1733591623, 13, 52, 80, 16, 1, 0.06%, 9, 0, 12, 371.46
1733591629, 13, 53, 80, 16, 1, 0.06%, 9, 0, 12, 342.85
1733591639, 13, 54, 80, 16, 1, 0.06%, 9, 0, 12, 360.03
1733591644, 13, 55, 80, 16, 1, 0.06%, 9, 0, 12, 394.20
1733591649, 13, 60, 80, 16, 1, 0.06%, 9, 0, 12, 362.44
1733591659, 13, 62, 80, 16, 1, 0.06%, 9, 0, 12, 336.38
1733591664, 13, 65, 80, 16, 1, 0.06%, 9, 0, 12, 289.68
1733591674, 13, 66, 80, 16, 1, 0.06%, 9, 0, 12, 394.30
1733591680, 13, 67, 80, 16, 1, 0.06%, 9, 0, 12, 350.65
1733591690, 13, 68, 80, 16, 1, 0.06%, 9, 0, 12, 376.60
1733591700, 13, 69, 80, 16, 1, 0.06%, 9, 0, 12, 331.49
1733591715, 13, 70, 80, 16, 1, 0.06%, 9, 0, 12, 351.65
1733591725, 13, 71, 80, 16, 1, 0.06%, 9, 0, 12, 352.89
1733591730, 13, 72, 80, 16, 1, 0.06%, 9, 0, 12, 392.59
1733591751, 13, 73, 80, 16, 1, 0.06%, 9, 0, 12, 394.14
1733591761, 13, 74, 80, 16, 1, 0.06%, 9, 0, 12, 372.41
1733591771, 13, 75, 80, 16, 1, 0.06%, 9, 0, 12, 383.53
1733591776, 13, 76, 80, 16, 1, 0.06%, 9, 0, 12, 380.11
1733591786, 13, 78, 80, 16, 1, 0.06%, 9, 0, 12, 273.09
1733591797, 13, 79, 80, 16, 1, 0.06%, 9, 0, 12, 393.73
1733591812, 14, 18, 80, 16, 1, 0.06%, 9, 0, 12, 342.75
1733591817, 14, 19, 80, 16, 1, 0.06%, 9, 0, 12, 292.10
1733591822, 14, 22, 80, 16, 1, 0.06%, 9, 0, 12, 317.69
1733591827, 14, 27, 80, 16, 1, 0.06%, 9, 0, 12, 293.96
1733591837, 14, 34, 80, 16, 1, 0.06%, 9, 0, 12, 370.12
1733591847, 14, 40, 80, 16, 1, 0.06%, 9, 0, 12, 330.62
1733591852, 14, 44, 80, 16, 1, 0.06%, 9, 0, 12, 304.37
1733591857, 14, 45, 80, 16, 1, 0.06%, 9, 0, 12, 311.46
1733591862, 14, 47, 80, 16, 1, 0.06%, 9, 0, 12, 326.67
1733591867, 14, 48, 80, 16, 1, 0.06%, 9, 0, 12, 353.57
1733591873, 14, 49, 80, 16, 1, 0.06%, 9, 0, 12, 346.90
1733591883, 14, 50, 80, 16, 1, 0.06%, 9, 0, 12, 350.42
1733591888, 14, 52, 80, 16, 1, 0.06%, 9, 0, 12, 347.83
1733591893, 14, 53, 80, 16, 1, 0.06%, 9, 0, 12, 349.31
1733591903, 14, 54, 80, 16, 1, 0.06%, 9, 0, 12, 384.48
1733591908, 14, 55, 80, 16, 1, 0.06%, 9, 0, 12, 364.58
1733591913, 14, 62, 80, 16, 1, 0.06%, 9, 0, 12, 396.32
1733591918, 14, 65, 80, 16, 1, 0.06%, 9, 0, 12, 363.38
1733591929, 14, 68, 80, 16, 1, 0.06%, 9, 0, 12, 367.02
1733591939, 14, 69, 80, 16, 1, 0.06%, 9, 0, 12, 461.89
1733591959, 14, 70, 80, 16, 1, 0.06%, 9, 0, 12, 344.53
1733591965, 14, 71, 80, 16, 1, 0.06%, 9, 0, 12, 331.09
1733591975, 14, 72, 80, 16, 1, 0.06%, 9, 0, 12, 418.23
1733591995, 14, 73, 80, 16, 1, 0.06%, 9, 0, 12, 298.98
1733592005, 14, 74, 80, 16, 1, 0.06%, 9, 0, 12, 375.48
1733592010, 14, 75, 80, 16, 1, 0.06%, 9, 0, 12, 378.75
1733592020, 14, 76, 80, 16, 1, 0.06%, 9, 0, 12, 386.77
1733592025, 15, 18, 80, 16, 1, 0.06%, 9, 0, 12, 323.84
1733592030, 15, 19, 80, 16, 1, 0.06%, 9, 0, 12, 297.82
1733592036, 15, 22, 80, 16, 1, 0.06%, 9, 0, 12, 346.92
1733592041, 15, 40, 80, 16, 1, 0.06%, 9, 0, 12, 337.95
1733592046, 15, 44, 80, 16, 1, 0.06%, 9, 0, 12, 315.46
1733592051, 15, 45, 80, 16, 1, 0.06%, 9, 0, 12, 313.87
1733592056, 15, 47, 80, 16, 1, 0.06%, 9, 0, 12, 309.04
1733592061, 15, 48, 80, 16, 1, 0.06%, 9, 0, 12, 321.91
1733592066, 15, 49, 80, 16, 1, 0.06%, 9, 0, 12, 274.51
1733592076, 15, 52, 80, 16, 1, 0.06%, 9, 0, 12, 322.96
1733592086, 15, 53, 80, 16, 1, 0.06%, 9, 0, 12, 343.45
1733592091, 15, 54, 80, 16, 1, 0.06%, 9, 0, 12, 359.63
1733592097, 15, 55, 80, 16, 1, 0.06%, 9, 0, 12, 346.31
1733592107, 15, 62, 80, 16, 1, 0.06%, 9, 0, 12, 356.61
1733592112, 15, 65, 80, 16, 1, 0.06%, 9, 0, 12, 321.05
1733592122, 15, 68, 80, 16, 1, 0.06%, 9, 0, 12, 334.77
1733592132, 15, 69, 80, 16, 1, 0.06%, 9, 0, 12, 380.27
1733592152, 15, 70, 80, 16, 1, 0.06%, 9, 0, 12, 329.89
1733592157, 15, 71, 80, 16, 1, 0.06%, 9, 0, 12, 344.39
1733592167, 15, 72, 80, 16, 1, 0.06%, 9, 0, 12, 331.67
1733592183, 15, 73, 80, 16, 1, 0.06%, 9, 0, 12, 399.56
1733592198, 15, 74, 80, 16, 1, 0.06%, 9, 0, 12, 379.62
1733592203, 15, 75, 80, 16, 1, 0.06%, 9, 0, 12, 320.55
1733592213, 15, 76, 80, 16, 1, 0.06%, 9, 0, 12, 368.65
1733592218, 16, 18, 80, 16, 1, 0.06%, 9, 0, 12, 335.05
1733592223, 16, 19, 80, 16, 1, 0.06%, 9, 0, 12, 292.04
1733592228, 16, 22, 80, 16, 1, 0.06%, 9, 0, 12, 345.66
1733592233, 16, 40, 80, 16, 1, 0.06%, 9, 0, 12, 334.52
1733592238, 16, 44, 80, 16, 1, 0.06%, 9, 0, 12, 317.24
1733592244, 16, 45, 80, 16, 1, 0.06%, 9, 0, 12, 334.02
1733592249, 16, 47, 80, 16, 1, 0.06%, 9, 0, 12, 314.43
1733592254, 16, 48, 80, 16, 1, 0.06%, 9, 0, 12, 330.65
1733592259, 16, 49, 80, 16, 1, 0.06%, 9, 0, 12, 307.84
1733592264, 16, 50, 80, 16, 1, 0.06%, 9, 0, 12, 350.27
1733592269, 16, 52, 80, 16, 1, 0.06%, 9, 0, 12, 370.41
1733592279, 16, 53, 80, 16, 1, 0.06%, 9, 0, 12, 342.51
1733592284, 16, 54, 80, 16, 1, 0.06%, 9, 0, 12, 381.29
1733592289, 16, 55, 80, 16, 1, 0.06%, 9, 0, 12, 410.36
1733592294, 16, 62, 80, 16, 1, 0.06%, 9, 0, 12, 356.71
1733592304, 16, 65, 80, 16, 1, 0.06%, 9, 0, 12, 361.26
1733592310, 16, 68, 80, 16, 1, 0.06%, 9, 0, 12, 366.70
1733592320, 16, 69, 80, 16, 1, 0.06%, 9, 0, 12, 392.97
1733592340, 16, 70, 80, 16, 1, 0.06%, 9, 0, 12, 353.57
1733592351, 16, 71, 80, 16, 1, 0.06%, 9, 0, 12, 378.76
1733592356, 16, 72, 80, 16, 1, 0.06%, 9, 0, 12, 456.81
1733592376, 16, 73, 80, 16, 1, 0.06%, 9, 0, 12, 307.67
1733592386, 16, 74, 80, 16, 1, 0.06%, 9, 0, 12, 341.02
1733592396, 16, 75, 80, 16, 1, 0.06%, 9, 0, 12, 375.81
1733592401, 16, 76, 80, 16, 1, 0.06%, 9, 0, 12, 337.15
1733592407, 17, 18, 80, 16, 1, 0.06%, 9, 0, 12, 336.04
1733592412, 17, 19, 80, 16, 1, 0.06%, 9, 0, 12, 312.33
1733592417, 17, 22, 80, 16, 1, 0.06%, 9, 0, 12, 301.43
1733592422, 17, 40, 80, 16, 1, 0.06%, 9, 0, 12, 346.00
1733592427, 17, 44, 80, 16, 1, 0.06%, 9, 0, 12, 308.48
1733592432, 17, 45, 80, 16, 1, 0.06%, 9, 0, 12, 304.95
1733592437, 17, 47, 80, 16, 1, 0.06%, 9, 0, 12, 342.37
1733592442, 17, 48, 80, 16, 1, 0.06%, 9, 0, 12, 327.42
1733592447, 17, 49, 80, 16, 1, 0.06%, 9, 0, 12, 344.08
1733592457, 17, 50, 80, 16, 1, 0.06%, 9, 0, 12, 341.41
1733592462, 17, 52, 80, 16, 1, 0.06%, 9, 0, 12, 361.84
1733592467, 17, 53, 80, 16, 1, 0.06%, 9, 0, 12, 343.17
1733592478, 17, 54, 80, 16, 1, 0.06%, 9, 0, 12, 354.67
1733592483, 17, 55, 80, 16, 1, 0.06%, 9, 0, 12, 381.97
1733592488, 17, 62, 80, 16, 1, 0.06%, 9, 0, 12, 380.51
1733592493, 17, 65, 80, 16, 1, 0.06%, 9, 0, 12, 385.67
1733592503, 17, 68, 80, 16, 1, 0.06%, 9, 0, 12, 363.42
1733592513, 17, 69, 80, 16, 1, 0.06%, 9, 0, 12, 467.54
1733592534, 17, 70, 80, 16, 1, 0.06%, 9, 0, 12, 329.37
1733592539, 17, 71, 80, 16, 1, 0.06%, 9, 0, 12, 316.41
1733592549, 17, 72, 80, 16, 1, 0.06%, 9, 0, 12, 443.70
1733592569, 17, 73, 80, 16, 1, 0.06%, 9, 0, 12, 292.26
1733592580, 17, 74, 80, 16, 1, 0.06%, 9, 0, 12, 330.50
1733592590, 17, 75, 80, 16, 1, 0.06%, 9, 0, 12, 383.86
1733592595, 17, 76, 80, 16, 1, 0.06%, 9, 0, 12, 395.20
1733592600, 18, 18, 80, 16, 1, 0.06%, 9, 0, 12, 324.88
1733592605, 18, 19, 80, 16, 1, 0.06%, 9, 0, 12, 312.71
1733592610, 18, 22, 80, 16, 1, 0.06%, 9, 0, 12, 328.70
1733592615, 18, 40, 80, 16, 1, 0.06%, 9, 0, 12, 341.47
1733592620, 18, 44, 80, 16, 1, 0.06%, 9, 0, 12, 296.10
1733592625, 18, 45, 80, 16, 1, 0.06%, 9, 0, 12, 308.01
1733592630, 18, 47, 80, 16, 1, 0.06%, 9, 0, 12, 316.54
1733592635, 18, 48, 80, 16, 1, 0.06%, 9, 0, 12, 325.98
1733592641, 18, 49, 80, 16, 1, 0.06%, 9, 0, 12, 276.40
1733592651, 18, 52, 80, 16, 1, 0.06%, 9, 0, 12, 358.10
1733592661, 18, 53, 80, 16, 1, 0.06%, 9, 0, 12, 346.70
1733592666, 18, 54, 80, 16, 1, 0.06%, 9, 0, 12, 379.18
1733592671, 18, 55, 80, 16, 1, 0.06%, 9, 0, 12, 375.99
1733592682, 18, 62, 80, 16, 1, 0.06%, 9, 0, 12, 352.75
1733592687, 18, 65, 80, 16, 1, 0.06%, 9, 0, 12, 337.11
1733592697, 18, 68, 80, 16, 1, 0.06%, 9, 0, 12, 355.61
1733592707, 18, 69, 80, 16, 1, 0.06%, 9, 0, 12, 345.42
1733592727, 18, 70, 80, 16, 1, 0.06%, 9, 0, 12, 321.91
1733592732, 18, 71, 80, 16, 1, 0.06%, 9, 0, 12, 363.97
1733592738, 18, 72, 80, 16, 1, 0.06%, 9, 0, 12, 409.86
1733592758, 18, 73, 80, 16, 1, 0.06%, 9, 0, 12, 380.32
1733592768, 18, 74, 80, 16, 1, 0.06%, 9, 0, 12, 379.32
1733592778, 18, 75, 80, 16, 1, 0.06%, 9, 0, 12, 383.91
1733592784, 18, 76, 80, 16, 1, 0.06%, 9, 0, 12, 348.25
1733592789, 19, 18, 80, 16, 1, 0.06%, 9, 0, 12, 364.72
1733592794, 19, 19, 80, 16, 1, 0.06%, 9, 0, 12, 321.57
1733592799, 19, 22, 80, 16, 1, 0.06%, 9, 0, 12, 318.20
1733592804, 19, 40, 80, 16, 1, 0.06%, 9, 0, 12, 341.70
1733592809, 19, 44, 80, 16, 1, 0.06%, 9, 0, 12, 317.50
1733592814, 19, 45, 80, 16, 1, 0.06%, 9, 0, 12, 312.50
1733592819, 19, 47, 80, 16, 1, 0.06%, 9, 0, 12, 335.36
1733592824, 19, 48, 80, 16, 1, 0.06%, 9, 0, 12, 354.77
1733592829, 19, 49, 80, 16, 1, 0.06%, 9, 0, 12, 297.71
1733592840, 19, 50, 80, 16, 1, 0.06%, 9, 0, 12, 346.42
1733592845, 19, 52, 80, 16, 1, 0.06%, 9, 0, 12, 338.49
1733592850, 19, 53, 80, 16, 1, 0.06%, 9, 0, 12, 329.77
1733592855, 19, 54, 80, 16, 1, 0.06%, 9, 0, 12, 326.08
1733592865, 19, 55, 80, 16, 1, 0.06%, 9, 0, 12, 364.65
1733592870, 19, 65, 80, 16, 1, 0.06%, 9, 0, 12, 300.48
1733592880, 19, 68, 80, 16, 1, 0.06%, 9, 0, 12, 309.77
1733592890, 19, 69, 80, 16, 1, 0.06%, 9, 0, 12, 419.76
1733592910, 20, 19, 80, 16, 1, 0.06%, 9, 0, 12, 304.91
1733592915, 20, 22, 80, 16, 1, 0.06%, 9, 0, 12, 350.91
1733592921, 20, 47, 80, 16, 1, 0.06%, 9, 0, 12, 341.23
1733592926, 20, 49, 80, 16, 1, 0.06%, 9, 0, 12, 350.03
1733592936, 20, 50, 80, 16, 1, 0.06%, 9, 0, 12, 374.45
1733592941, 20, 65, 80, 16, 1, 0.06%, 9, 0, 12, 328.29
1733592951, 20, 68, 80, 16, 1, 0.06%, 9, 0, 12, 314.26
1733592961, 20, 69, 80, 16, 1, 0.06%, 9, 0, 12, 461.56
1733592982, 21, 19, 80, 16, 1, 0.06%, 9, 0, 12, 317.27
1733592987, 21, 22, 80, 16, 1, 0.06%, 9, 0, 12, 349.48
1733592992, 21, 47, 80, 16, 1, 0.06%, 9, 0, 12, 336.73
1733592997, 21, 48, 80, 16, 1, 0.06%, 9, 0, 12, 324.78
1733593002, 21, 49, 80, 16, 1, 0.06%, 9, 0, 12, 268.64
1733593012, 21, 65, 80, 16, 1, 0.06%, 9, 0, 12, 387.80
1733593023, 21, 68, 80, 16, 1, 0.06%, 9, 0, 12, 379.49
1733593033, 21, 69, 80, 16, 1, 0.06%, 9, 0, 12, 470.10
1733593053, 22, 19, 80, 16, 1, 0.06%, 9, 0, 12, 315.17
1733593059, 22, 22, 80, 16, 1, 0.06%, 9, 0, 12, 337.80
1733593064, 22, 47, 80, 16, 1, 0.06%, 9, 0, 12, 333.42
1733593069, 22, 48, 80, 16, 1, 0.06%, 9, 0, 12, 337.80
1733593074, 22, 49, 80, 16, 1, 0.06%, 9, 0, 12, 267.30
1733593079, 22, 50, 80, 16, 1, 0.06%, 9, 0, 12, 364.38
1733593084, 22, 65, 80, 16, 1, 0.06%, 9, 0, 12, 383.75
1733593094, 22, 68, 80, 16, 1, 0.06%, 9, 0, 12, 358.29
1733593104, 22, 69, 80, 16, 1, 0.06%, 9, 0, 12, 355.39
1733593125, 23, 19, 80, 16, 1, 0.06%, 9, 0, 12, 345.44
1733593130, 23, 22, 80, 16, 1, 0.06%, 9, 0, 12, 323.32
1733593135, 23, 47, 80, 16, 1, 0.06%, 9, 0, 12, 333.93
1733593140, 23, 48, 80, 16, 1, 0.06%, 9, 0, 12, 342.14
1733593145, 23, 49, 80, 16, 1, 0.06%, 9, 0, 12, 334.47
1733593156, 23, 50, 80, 16, 1, 0.06%, 9, 0, 12, 354.09
1733593161, 23, 65, 80, 16, 1, 0.06%, 9, 0, 12, 341.18
1733593171, 23, 68, 80, 16, 1, 0.06%, 9, 0, 12, 363.53
1733593181, 23, 69, 80, 16, 1, 0.06%, 9, 0, 12, 361.59
1733593201, 24, 19, 80, 16, 1, 0.06%, 9, 0, 12, 319.63
1733593206, 24, 22, 80, 16, 1, 0.06%, 9, 0, 12, 353.30
1733593212, 24, 48, 80, 16, 1, 0.06%, 9, 0, 12, 325.27
1733593217, 24, 49, 80, 16, 1, 0.06%, 9, 0, 12, 380.57
1733593227, 24, 50, 80, 16, 1, 0.06%, 9, 0, 12, 371.97
1733593232, 24, 65, 80, 16, 1, 0.06%, 9, 0, 12, 300.14
1733593242, 24, 68, 80, 16, 1, 0.06%, 9, 0, 12, 318.78
1733593253, 24, 69, 80, 16, 1, 0.06%, 9, 0, 12, 394.54
1733593273, 25, 19, 80, 16, 1, 0.06%, 9, 0, 12, 319.95
1733593278, 25, 22, 80, 16, 1, 0.06%, 9, 0, 12, 336.54
1733593283, 25, 47, 80, 16, 1, 0.06%, 9, 0, 12, 310.24
1733593288, 25, 49, 80, 16, 1, 0.06%, 9, 0, 12, 369.03
1733593299, 25, 50, 80, 16, 1, 0.06%, 9, 0, 12, 364.51
1733593304, 25, 65, 80, 16, 1, 0.06%, 9, 0, 12, 314.48
1733593314, 25, 68, 80, 16, 1, 0.06%, 9, 0, 12, 310.51
1733593324, 25, 69, 80, 16, 1, 0.06%, 9, 0, 12, 452.26
1733593344, 26, 19, 80, 16, 1, 0.06%, 9, 0, 12, 317.83
1733593350, 26, 22, 80, 16, 1, 0.06%, 9, 0, 12, 340.19
1733593355, 26, 47, 80, 16, 1, 0.06%, 9, 0, 12, 324.03
1733593360, 26, 48, 80, 16, 1, 0.06%, 9, 0, 12, 335.05
1733593365, 26, 49, 80, 16, 1, 0.06%, 9, 0, 12, 280.44
1733593370, 26, 50, 80, 16, 1, 0.06%, 9, 0, 12, 328.65
1733593375, 26, 65, 80, 16, 1, 0.06%, 9, 0, 12, 370.90
1733593385, 26, 68, 80, 16, 1, 0.06%, 9, 0, 12, 361.29
1733593396, 26, 69, 80, 16, 1, 0.06%, 9, 0, 12, 435.14
1733593416, 27, 19, 80, 16, 1, 0.06%, 9, 0, 12, 320.16
1733593421, 27, 22, 80, 16, 1, 0.06%, 9, 0, 12, 341.32
1733593426, 27, 47, 80, 16, 1, 0.06%, 9, 0, 12, 352.67
1733593431, 27, 48, 80, 16, 1, 0.06%, 9, 0, 12, 336.36
1733593436, 27, 49, 80, 16, 1, 0.06%, 9, 0, 12, 280.03
1733593446, 27, 50, 80, 16, 1, 0.06%, 9, 0, 12, 336.94
1733593452, 27, 65, 80, 16, 1, 0.06%, 9, 0, 12, 353.15
1733593462, 27, 68, 80, 16, 1, 0.06%, 9, 0, 12, 369.44
1733593467, 27, 69, 80, 16, 1, 0.06%, 9, 0, 12, 419.27
1733593488, 28, 19, 80, 16, 1, 0.06%, 9, 0, 12, 334.42
1733593493, 28, 22, 80, 16, 1, 0.06%, 9, 0, 12, 312.93
1733593498, 28, 47, 80, 16, 1, 0.06%, 9, 0, 12, 321.02
1733593503, 28, 48, 80, 16, 1, 0.06%, 9, 0, 12, 337.15
1733593508, 28, 49, 80, 16, 1, 0.06%, 9, 0, 12, 342.49
1733593518, 28, 50, 80, 16, 1, 0.06%, 9, 0, 12, 342.07
1733593523, 28, 65, 80, 16, 1, 0.06%, 9, 0, 12, 310.77
1733593533, 28, 68, 80, 16, 1, 0.06%, 9, 0, 12, 337.34
1733593543, 28, 69, 80, 16, 1, 0.06%, 9, 0, 12, 370.23
1733593564, 29, 19, 80, 16, 1, 0.06%, 9, 0, 12, 298.17
1733593569, 29, 22, 80, 16, 1, 0.06%, 9, 0, 12, 329.54
1733593574, 29, 47, 80, 16, 1, 0.06%, 9, 0, 12, 326.26
1733593579, 29, 49, 80, 16, 1, 0.06%, 9, 0, 12, 368.86
1733593589, 29, 50, 80, 16, 1, 0.06%, 9, 0, 12, 371.55
1733593594, 29, 65, 80, 16, 1, 0.06%, 9, 0, 12, 319.76
1733593604, 29, 68, 80, 16, 1, 0.06%, 9, 0, 12, 309.92
1733593615, 29, 69, 80, 16, 1, 0.06%, 9, 0, 12, 409.95
1733593635, 30, 19, 80, 16, 1, 0.06%, 9, 0, 12, 301.74
1733593640, 30, 22, 80, 16, 1, 0.06%, 9, 0, 12, 335.08
1733593645, 30, 47, 80, 16, 1, 0.06%, 9, 0, 12, 324.22
1733593651, 30, 49, 80, 16, 1, 0.06%, 9, 0, 12, 353.90
1733593661, 30, 50, 80, 16, 1, 0.06%, 9, 0, 12, 342.66
1733593666, 30, 65, 80, 16, 1, 0.06%, 9, 0, 12, 340.25
1733593676, 30, 68, 80, 16, 1, 0.06%, 9, 0, 12, 329.03
1733593686, 30, 69, 80, 16, 1, 0.06%, 9, 0, 12, 444.09
1733593706, 31, 19, 80, 16, 1, 0.06%, 9, 0, 12, 310.80
1733593711, 31, 22, 80, 16, 1, 0.06%, 9, 0, 12, 341.56
1733593716, 31, 47, 80, 16, 1, 0.06%, 9, 0, 12, 316.09
1733593721, 31, 48, 80, 16, 1, 0.06%, 9, 0, 12, 324.73
1733593727, 31, 49, 80, 16, 1, 0.06%, 9, 0, 12, 315.41
1733593732, 31, 50, 80, 16, 1, 0.06%, 9, 0, 12, 367.82
1733593737, 31, 65, 80, 16, 1, 0.06%, 9, 0, 12, 352.23
1733593747, 31, 68, 80, 16, 1, 0.06%, 9, 0, 12, 351.59
1733593757, 31, 69, 80, 16, 1, 0.06%, 9, 0, 12, 435.52
1733593778, 32, 19, 80, 16, 1, 0.06%, 9, 0, 12, 315.49
1733593783, 32, 22, 80, 16, 1, 0.06%, 9, 0, 12, 353.77
1733593788, 32, 47, 80, 16, 1, 0.06%, 9, 0, 12, 343.41
1733593793, 32, 48, 80, 16, 1, 0.06%, 9, 0, 12, 341.60
1733593798, 32, 49, 80, 16, 1, 0.06%, 9, 0, 12, 281.05
1733593808, 32, 65, 80, 16, 1, 0.06%, 9, 0, 12, 374.09
1733593819, 32, 68, 80, 16, 1, 0.06%, 9, 0, 12, 352.41
1733593829, 32, 69, 80, 16, 1, 0.06%, 9, 0, 12, 445.31
1733593849, 33, 19, 80, 16, 1, 0.06%, 9, 0, 12, 303.00
1733593854, 33, 22, 80, 16, 1, 0.06%, 9, 0, 12, 343.84
1733593859, 33, 47, 80, 16, 1, 0.06%, 9, 0, 12, 332.87
1733593864, 33, 48, 80, 16, 1, 0.06%, 9, 0, 12, 329.46
1733593869, 33, 49, 80, 16, 1, 0.06%, 9, 0, 12, 302.95
1733593880, 33, 50, 80, 16, 1, 0.06%, 9, 0, 12, 341.73
1733593885, 33, 65, 80, 16, 1, 0.06%, 9, 0, 12, 349.04
1733593895, 33, 68, 80, 16, 1, 0.06%, 9, 0, 12, 343.24
1733593905, 33, 69, 80, 16, 1, 0.06%, 9, 0, 12, 355.91
1733593925, 34, 19, 80, 16, 1, 0.06%, 9, 0, 12, 298.76
1733593930, 34, 47, 80, 16, 1, 0.06%, 9, 0, 12, 349.18
1733593935, 34, 48, 80, 16, 1, 0.06%, 9, 0, 12, 359.69
1733593940, 34, 49, 80, 16, 1, 0.06%, 9, 0, 12, 356.26
1733593951, 34, 50, 80, 16, 1, 0.06%, 9, 0, 12, 361.65
1733593956, 34, 65, 80, 16, 1, 0.06%, 9, 0, 12, 326.21
1733593966, 34, 66, 80, 16, 1, 0.06%, 9, 0, 12, 378.44
1733593971, 34, 67, 80, 16, 1, 0.06%, 9, 0, 12, 402.50
1733593976, 34, 68, 80, 16, 1, 0.06%, 9, 0, 12, 431.75
1733594191, 34, 69, 80, 16, 1, 0.06%, 9, 0, 12, 335.95
1733594221, 34, 70, 80, 16, 1, 0.06%, 9, 0, 12, 340.99
1733594226, 34, 71, 80, 16, 1, 0.06%, 9, 0, 12, 328.84
1733594237, 34, 72, 80, 16, 1, 0.06%, 9, 0, 12, 444.81
1733594257, 34, 73, 80, 16, 1, 0.06%, 9, 0, 12, 302.45
1733594277, 34, 74, 80, 16, 1, 0.06%, 9, 0, 12, 388.10
1733594390, 34, 75, 80, 16, 1, 0.06%, 9, 0, 12, 384.92
1733594502, 34, 76, 80, 16, 1, 0.06%, 9, 0, 12, 433.98
1733594584, 34, 77, 80, 16, 1, 0.06%, 9, 0, 12, 345.31
1733594685, 34, 78, 80, 16, 1, 0.06%, 9, 0, 12, 323.67
1733594874, 34, 79, 80, 16, 1, 0.06%, 9, 0, 12, 367.84
1733595067, 35, 17, 80, 16, 1, 0.06%, 9, 0, 12, 283.33
1733595077, 35, 18, 80, 16, 1, 0.06%, 9, 0, 12, 323.90
1733595082, 35, 19, 80, 16, 1, 0.06%, 9, 0, 12, 292.49
1733595087, 35, 22, 80, 16, 1, 0.06%, 9, 0, 12, 346.39
1733595092, 35, 26, 80, 16, 1, 0.06%, 9, 0, 12, 281.34
1733595103, 35, 27, 80, 16, 1, 0.06%, 9, 0, 12, 356.59
1733595118, 35, 29, 80, 16, 1, 0.06%, 9, 0, 12, 427.40
1733595123, 35, 34, 80, 16, 1, 0.06%, 9, 0, 12, 438.94
1733595138, 35, 38, 80, 16, 1, 0.06%, 9, 0, 12, 362.86
1733595143, 35, 39, 80, 16, 1, 0.06%, 9, 0, 12, 425.98
1733595153, 35, 40, 80, 16, 1, 0.06%, 9, 0, 12, 362.46
1733595158, 35, 41, 80, 16, 1, 0.06%, 9, 0, 12, 331.56
1733595169, 35, 42, 80, 16, 1, 0.06%, 9, 0, 12, 402.17
1733595179, 35, 43, 80, 16, 1, 0.06%, 9, 0, 12, 379.51
1733595184, 35, 44, 80, 16, 1, 0.06%, 9, 0, 12, 334.00
1733595189, 35, 45, 80, 16, 1, 0.06%, 9, 0, 12, 316.08
1733595194, 35, 46, 80, 16, 1, 0.06%, 9, 0, 12, 324.85
1733595204, 35, 47, 80, 16, 1, 0.06%, 9, 0, 12, 352.36
1733595209, 35, 48, 80, 16, 1, 0.06%, 9, 0, 12, 341.18
1733595214, 35, 49, 80, 16, 1, 0.06%, 9, 0, 12, 301.19
1733595225, 35, 50, 80, 16, 1, 0.06%, 9, 0, 12, 355.80
1733595230, 35, 51, 80, 16, 1, 0.06%, 9, 0, 12, 393.86
1733595260, 35, 52, 80, 16, 1, 0.06%, 9, 0, 12, 364.48
1733595270, 35, 53, 80, 16, 1, 0.06%, 9, 0, 12, 322.54
1733595275, 35, 54, 80, 16, 1, 0.06%, 9, 0, 12, 367.87
1733595280, 35, 55, 80, 16, 1, 0.06%, 9, 0, 12, 337.49
1733595290, 35, 56, 80, 16, 1, 0.06%, 9, 0, 12, 357.39
1733595295, 35, 57, 80, 16, 1, 0.06%, 9, 0, 12, 370.80
1733595305, 35, 58, 80, 16, 1, 0.06%, 9, 0, 12, 357.06
1733595310, 35, 59, 80, 16, 1, 0.06%, 9, 0, 12, 398.34
1733595315, 35, 60, 80, 16, 1, 0.06%, 9, 0, 12, 330.35
1733595326, 35, 61, 80, 16, 1, 0.06%, 9, 0, 12, 327.28
1733595331, 35, 62, 80, 16, 1, 0.06%, 9, 0, 12, 380.97
1733595336, 35, 63, 80, 16, 1, 0.06%, 9, 0, 12, 346.11
1733595346, 35, 64, 80, 16, 1, 0.06%, 9, 0, 12, 356.85
1733595356, 35, 65, 80, 16, 1, 0.06%, 9, 0, 12, 339.76
1733595366, 35, 66, 80, 16, 1, 0.06%, 9, 0, 12, 403.11
1733595372, 35, 67, 80, 16, 1, 0.06%, 9, 0, 12, 413.25
1733595377, 35, 68, 80, 16, 1, 0.06%, 9, 0, 12, 414.53
1733595387, 35, 69, 80, 16, 1, 0.06%, 9, 0, 12, 442.39
1733595407, 35, 70, 80, 16, 1, 0.06%, 9, 0, 12, 319.73
1733595417, 35, 71, 80, 16, 1, 0.06%, 9, 0, 12, 359.20
1733595422, 35, 72, 80, 16, 1, 0.06%, 9, 0, 12, 435.49
1733595443, 35, 73, 80, 16, 1, 0.06%, 9, 0, 12, 329.49
1733595453, 35, 74, 80, 16, 1, 0.06%, 9, 0, 12, 365.35
1733595463, 35, 75, 80, 16, 1, 0.06%, 9, 0, 12, 403.83
1733595468, 35, 76, 80, 16, 1, 0.06%, 9, 0, 12, 354.84
1733595473, 35, 77, 80, 16, 1, 0.06%, 9, 0, 12, 354.74
1733595488, 35, 78, 80, 16, 1, 0.06%, 9, 0, 12, 342.82
1733595499, 35, 79, 80, 16, 1, 0.06%, 9, 0, 12, 315.88
1733595509, 36, 17, 80, 16, 1, 0.06%, 9, 0, 12, 303.24
1733595519, 36, 18, 80, 16, 1, 0.06%, 9, 0, 12, 316.63
1733595524, 36, 19, 80, 16, 1, 0.06%, 9, 0, 12, 280.70
1733595529, 36, 22, 80, 16, 1, 0.06%, 9, 0, 12, 317.30
1733595534, 36, 26, 80, 16, 1, 0.06%, 9, 0, 12, 276.78
1733595549, 36, 27, 80, 16, 1, 0.06%, 9, 0, 12, 265.54
1733595559, 36, 29, 80, 16, 1, 0.06%, 9, 0, 12, 421.58
1733595570, 36, 34, 80, 16, 1, 0.06%, 9, 0, 12, 295.26
1733595580, 36, 38, 80, 16, 1, 0.06%, 9, 0, 12, 351.33
1733595585, 36, 39, 80, 16, 1, 0.06%, 9, 0, 12, 326.84
1733595595, 36, 40, 80, 16, 1, 0.06%, 9, 0, 12, 347.27
1733595600, 36, 41, 80, 16, 1, 0.06%, 9, 0, 12, 374.01
1733595610, 36, 42, 80, 16, 1, 0.06%, 9, 0, 12, 361.93
1733595615, 36, 43, 80, 16, 1, 0.06%, 9, 0, 12, 392.60
1733595625, 36, 44, 80, 16, 1, 0.06%, 9, 0, 12, 307.72
1733595630, 36, 45, 80, 16, 1, 0.06%, 9, 0, 12, 330.82
1733595636, 36, 46, 80, 16, 1, 0.06%, 9, 0, 12, 319.04
1733595646, 36, 47, 80, 16, 1, 0.06%, 9, 0, 12, 314.87
1733595651, 36, 48, 80, 16, 1, 0.06%, 9, 0, 12, 342.28
1733595656, 36, 49, 80, 16, 1, 0.06%, 9, 0, 12, 291.06
1733595666, 36, 51, 80, 16, 1, 0.06%, 9, 0, 12, 384.68
1733595686, 36, 52, 80, 16, 1, 0.06%, 9, 0, 12, 382.37
1733595696, 36, 53, 80, 16, 1, 0.06%, 9, 0, 12, 328.92
1733595701, 36, 54, 80, 16, 1, 0.06%, 9, 0, 12, 374.89
1733595706, 36, 55, 80, 16, 1, 0.06%, 9, 0, 12, 340.69
1733595717, 36, 56, 80, 16, 1, 0.06%, 9, 0, 12, 325.98
1733595722, 36, 57, 80, 16, 1, 0.06%, 9, 0, 12, 318.13
1733595732, 36, 58, 80, 16, 1, 0.06%, 9, 0, 12, 351.80
1733595737, 36, 59, 80, 16, 1, 0.06%, 9, 0, 12, 400.66
1733595742, 36, 60, 80, 16, 1, 0.06%, 9, 0, 12, 372.31
1733595752, 36, 61, 80, 16, 1, 0.06%, 9, 0, 12, 340.82
1733595757, 36, 62, 80, 16, 1, 0.06%, 9, 0, 12, 336.96
1733595767, 36, 63, 80, 16, 1, 0.06%, 9, 0, 12, 339.77
1733595778, 36, 64, 80, 16, 1, 0.06%, 9, 0, 12, 393.16
1733595783, 36, 65, 80, 16, 1, 0.06%, 9, 0, 12, 315.65
1733595793, 36, 66, 80, 16, 1, 0.06%, 9, 0, 12, 415.13
1733595798, 36, 67, 80, 16, 1, 0.06%, 9, 0, 12, 361.32
1733595808, 36, 68, 80, 16, 1, 0.06%, 9, 0, 12, 375.09
1733595818, 36, 69, 80, 16, 1, 0.06%, 9, 0, 12, 364.92
1733595838, 36, 70, 80, 16, 1, 0.06%, 9, 0, 12, 311.85
1733595844, 36, 71, 80, 16, 1, 0.06%, 9, 0, 12, 342.52
1733595854, 36, 72, 80, 16, 1, 0.06%, 9, 0, 12, 360.35
1733595869, 36, 73, 80, 16, 1, 0.06%, 9, 0, 12, 368.97
1733595884, 36, 74, 80, 16, 1, 0.06%, 9, 0, 12, 397.20
1733595889, 36, 75, 80, 16, 1, 0.06%, 9, 0, 12, 331.73
1733595900, 36, 76, 80, 16, 1, 0.06%, 9, 0, 12, 359.75
1733595905, 36, 77, 80, 16, 1, 0.06%, 9, 0, 12, 371.44
1733595915, 36, 78, 80, 16, 1, 0.06%, 9, 0, 12, 277.91
1733595920, 36, 79, 80, 16, 1, 0.06%, 9, 0, 12, 383.29
1733595930, 37, 17, 80, 16, 1, 0.06%, 9, 0, 12, 341.02
1733595935, 37, 18, 80, 16, 1, 0.06%, 9, 0, 12, 309.90
1733595940, 37, 19, 80, 16, 1, 0.06%, 9, 0, 12, 302.68
1733595945, 37, 22, 80, 16, 1, 0.06%, 9, 0, 12, 306.75
1733595950, 37, 26, 80, 16, 1, 0.06%, 9, 0, 12, 387.26
1733595966, 37, 27, 80, 16, 1, 0.06%, 9, 0, 12, 356.82
1733595976, 37, 29, 80, 16, 1, 0.06%, 9, 0, 12, 379.34
1733595986, 37, 34, 80, 16, 1, 0.06%, 9, 0, 12, 357.54
1733595996, 37, 38, 80, 16, 1, 0.06%, 9, 0, 12, 347.14
1733596002, 37, 39, 80, 16, 1, 0.06%, 9, 0, 12, 386.82
1733596012, 37, 40, 80, 16, 1, 0.06%, 9, 0, 12, 353.39
1733596017, 37, 41, 80, 16, 1, 0.06%, 9, 0, 12, 339.61
1733596022, 37, 42, 80, 16, 1, 0.06%, 9, 0, 12, 400.45
1733596032, 37, 43, 80, 16, 1, 0.06%, 9, 0, 12, 390.56
1733596037, 37, 44, 80, 16, 1, 0.06%, 9, 0, 12, 380.73
1733596042, 37, 45, 80, 16, 1, 0.06%, 9, 0, 12, 309.00
1733596047, 37, 46, 80, 16, 1, 0.06%, 9, 0, 12, 335.08
1733596052, 37, 47, 80, 16, 1, 0.06%, 9, 0, 12, 333.21
1733596058, 37, 48, 80, 16, 1, 0.06%, 9, 0, 12, 349.09
1733596063, 37, 49, 80, 16, 1, 0.06%, 9, 0, 12, 345.90
1733596073, 37, 50, 80, 16, 1, 0.06%, 9, 0, 12, 347.80
1733596078, 37, 51, 80, 16, 1, 0.06%, 9, 0, 12, 461.17
1733596098, 37, 52, 80, 16, 1, 0.06%, 9, 0, 12, 383.54
1733596104, 37, 53, 80, 16, 1, 0.06%, 9, 0, 12, 339.88
1733596114, 37, 54, 80, 16, 1, 0.06%, 9, 0, 12, 356.11
1733596119, 37, 55, 80, 16, 1, 0.06%, 9, 0, 12, 359.14
1733596124, 37, 56, 80, 16, 1, 0.06%, 9, 0, 12, 328.73
1733596134, 37, 57, 80, 16, 1, 0.06%, 9, 0, 12, 397.88
1733596139, 37, 58, 80, 16, 1, 0.06%, 9, 0, 12, 347.37
1733596149, 37, 59, 80, 16, 1, 0.06%, 9, 0, 12, 379.67
1733596154, 37, 60, 80, 16, 1, 0.06%, 9, 0, 12, 358.49
1733596164, 37, 61, 80, 16, 1, 0.06%, 9, 0, 12, 306.91
1733596169, 37, 62, 80, 16, 1, 0.06%, 9, 0, 12, 377.80
1733596174, 37, 63, 80, 16, 1, 0.06%, 9, 0, 12, 378.44
1733596185, 37, 64, 80, 16, 1, 0.06%, 9, 0, 12, 329.68
1733596195, 37, 65, 80, 16, 1, 0.06%, 9, 0, 12, 341.68
1733596205, 37, 66, 80, 16, 1, 0.06%, 9, 0, 12, 378.32
1733596210, 37, 67, 80, 16, 1, 0.06%, 9, 0, 12, 345.57
1733596220, 37, 68, 80, 16, 1, 0.06%, 9, 0, 12, 386.89
1733596225, 37, 69, 80, 16, 1, 0.06%, 9, 0, 12, 434.50
1733596246, 37, 70, 80, 16, 1, 0.06%, 9, 0, 12, 328.19
1733596256, 37, 71, 80, 16, 1, 0.06%, 9, 0, 12, 378.25
1733596261, 37, 72, 80, 16, 1, 0.06%, 9, 0, 12, 329.99
1733596281, 37, 73, 80, 16, 1, 0.06%, 9, 0, 12, 388.73
1733596297, 37, 74, 80, 16, 1, 0.06%, 9, 0, 12, 374.85
1733596302, 37, 75, 80, 16, 1, 0.06%, 9, 0, 12, 352.70
1733596312, 37, 76, 80, 16, 1, 0.06%, 9, 0, 12, 370.69
1733596317, 37, 78, 80, 16, 1, 0.06%, 9, 0, 12, 284.73
1733596327, 37, 79, 80, 16, 1, 0.06%, 9, 0, 12, 277.09
1733596337, 38, 18, 80, 16, 1, 0.06%, 9, 0, 12, 316.49
1733596343, 38, 19, 80, 16, 1, 0.06%, 9, 0, 12, 293.31
1733596348, 38, 26, 80, 16, 1, 0.06%, 9, 0, 12, 341.84
1733596358, 38, 27, 80, 16, 1, 0.06%, 9, 0, 12, 365.49
1733596373, 38, 29, 80, 16, 1, 0.06%, 9, 0, 12, 370.84
1733596379, 38, 34, 80, 16, 1, 0.06%, 9, 0, 12, 310.51
1733596389, 38, 39, 80, 16, 1, 0.06%, 9, 0, 12, 361.41
1733596399, 38, 40, 80, 16, 1, 0.06%, 9, 0, 12, 368.15
1733596404, 38, 44, 80, 16, 1, 0.06%, 9, 0, 12, 317.55
1733596409, 38, 45, 80, 16, 1, 0.06%, 9, 0, 12, 340.17
1733596414, 38, 46, 80, 16, 1, 0.06%, 9, 0, 12, 321.16
1733596419, 38, 47, 80, 16, 1, 0.06%, 9, 0, 12, 336.06
1733596424, 38, 48, 80, 16, 1, 0.06%, 9, 0, 12, 331.15
1733596429, 38, 49, 80, 16, 1, 0.06%, 9, 0, 12, 290.24
1733596440, 38, 52, 80, 16, 1, 0.06%, 9, 0, 12, 347.41
1733596450, 38, 53, 80, 16, 1, 0.06%, 9, 0, 12, 330.85
1733596455, 38, 54, 80, 16, 1, 0.06%, 9, 0, 12, 384.56
1733596460, 38, 55, 80, 16, 1, 0.06%, 9, 0, 12, 351.23
1733596470, 38, 56, 80, 16, 1, 0.06%, 9, 0, 12, 333.34
1733596475, 38, 57, 80, 16, 1, 0.06%, 9, 0, 12, 343.82
1733596480, 38, 58, 80, 16, 1, 0.06%, 9, 0, 12, 408.72
1733596490, 38, 59, 80, 16, 1, 0.06%, 9, 0, 12, 360.70
1733596496, 38, 60, 80, 16, 1, 0.06%, 9, 0, 12, 339.42
1733596506, 38, 61, 80, 16, 1, 0.06%, 9, 0, 12, 338.35
1733596511, 38, 62, 80, 16, 1, 0.06%, 9, 0, 12, 386.25
1733596516, 38, 63, 80, 16, 1, 0.06%, 9, 0, 12, 377.95
1733596526, 38, 64, 80, 16, 1, 0.06%, 9, 0, 12, 339.81
1733596537, 38, 65, 80, 16, 1, 0.06%, 9, 0, 12, 364.21
1733596547, 38, 66, 80, 16, 1, 0.06%, 9, 0, 12, 366.17
1733596552, 38, 67, 80, 16, 1, 0.06%, 9, 0, 12, 394.08
1733596557, 38, 68, 80, 16, 1, 0.06%, 9, 0, 12, 383.70
1733596567, 38, 69, 80, 16, 1, 0.06%, 9, 0, 12, 447.52
1733596588, 38, 70, 80, 16, 1, 0.06%, 9, 0, 12, 322.73
1733596598, 38, 71, 80, 16, 1, 0.06%, 9, 0, 12, 371.87
1733596603, 38, 72, 80, 16, 1, 0.06%, 9, 0, 12, 455.67
1733596624, 38, 73, 80, 16, 1, 0.06%, 9, 0, 12, 300.80
1733596634, 38, 74, 80, 16, 1, 0.06%, 9, 0, 12, 352.84
1733596644, 38, 75, 80, 16, 1, 0.06%, 9, 0, 12, 375.94
1733596649, 38, 76, 80, 16, 1, 0.06%, 9, 0, 12, 349.19
1733596654, 38, 78, 80, 16, 1, 0.06%, 9, 0, 12, 382.57
1733596664, 38, 79, 80, 16, 1, 0.06%, 9, 0, 12, 433.25
1733596674, 39, 18, 80, 16, 1, 0.06%, 9, 0, 12, 332.50
1733596679, 39, 19, 80, 16, 1, 0.06%, 9, 0, 12, 308.21
1733596685, 39, 22, 80, 16, 1, 0.06%, 9, 0, 12, 334.85
1733596690, 39, 26, 80, 16, 1, 0.06%, 9, 0, 12, 365.57
1733596700, 39, 27, 80, 16, 1, 0.06%, 9, 0, 12, 392.34
1733596710, 39, 29, 80, 16, 1, 0.06%, 9, 0, 12, 347.12
1733596715, 39, 34, 80, 16, 1, 0.06%, 9, 0, 12, 440.11
1733596730, 39, 39, 80, 16, 1, 0.06%, 9, 0, 12, 274.80
1733596740, 39, 40, 80, 16, 1, 0.06%, 9, 0, 12, 344.04
1733596745, 39, 44, 80, 16, 1, 0.06%, 9, 0, 12, 303.90
1733596750, 39, 45, 80, 16, 1, 0.06%, 9, 0, 12, 323.21
1733596756, 39, 46, 80, 16, 1, 0.06%, 9, 0, 12, 321.38
1733596761, 39, 47, 80, 16, 1, 0.06%, 9, 0, 12, 317.23
1733596766, 39, 49, 80, 16, 1, 0.06%, 9, 0, 12, 367.16
1733596776, 39, 50, 80, 16, 1, 0.06%, 9, 0, 12, 358.09
1733596781, 39, 52, 80, 16, 1, 0.06%, 9, 0, 12, 378.00
1733596786, 39, 53, 80, 16, 1, 0.06%, 9, 0, 12, 359.57
1733596796, 39, 54, 80, 16, 1, 0.06%, 9, 0, 12, 364.10
1733596802, 39, 55, 80, 16, 1, 0.06%, 9, 0, 12, 399.57
1733596807, 39, 56, 80, 16, 1, 0.06%, 9, 0, 12, 355.33
1733596817, 39, 57, 80, 16, 1, 0.06%, 9, 0, 12, 392.34
1733596822, 39, 58, 80, 16, 1, 0.06%, 9, 0, 12, 342.47
1733596832, 39, 59, 80, 16, 1, 0.06%, 9, 0, 12, 371.37
1733596837, 39, 60, 80, 16, 1, 0.06%, 9, 0, 12, 364.73
1733596847, 39, 61, 80, 16, 1, 0.06%, 9, 0, 12, 315.37
1733596852, 39, 62, 80, 16, 1, 0.06%, 9, 0, 12, 364.84
1733596857, 39, 63, 80, 16, 1, 0.06%, 9, 0, 12, 362.31
1733596868, 39, 64, 80, 16, 1, 0.06%, 9, 0, 12, 384.36
1733596878, 39, 65, 80, 16, 1, 0.06%, 9, 0, 12, 363.72
1733596888, 39, 66, 80, 16, 1, 0.06%, 9, 0, 12, 389.40
1733596893, 39, 67, 80, 16, 1, 0.06%, 9, 0, 12, 406.63
1733596898, 39, 68, 80, 16, 1, 0.06%, 9, 0, 12, 366.26
1733596908, 39, 69, 80, 16, 1, 0.06%, 9, 0, 12, 474.48
1733596929, 39, 70, 80, 16, 1, 0.06%, 9, 0, 12, 327.95
1733596934, 39, 71, 80, 16, 1, 0.06%, 9, 0, 12, 340.41
1733596944, 39, 72, 80, 16, 1, 0.06%, 9, 0, 12, 415.71
1733596964, 39, 73, 80, 16, 1, 0.06%, 9, 0, 12, 275.35
1733596974, 39, 74, 80, 16, 1, 0.06%, 9, 0, 12, 371.84
1733596979, 39, 75, 80, 16, 1, 0.06%, 9, 0, 12, 396.14
1733596989, 39, 76, 80, 16, 1, 0.06%, 9, 0, 12, 381.68
1733596994, 39, 78, 80, 16, 1, 0.06%, 9, 0, 12, 348.51
1733597005, 39, 79, 80, 16, 1, 0.06%, 9, 0, 12, 344.03
1733597015, 40, 18, 80, 16, 1, 0.06%, 9, 0, 12, 309.84
1733597020, 40, 19, 80, 16, 1, 0.06%, 9, 0, 12, 294.68
1733597025, 40, 22, 80, 16, 1, 0.06%, 9, 0, 12, 332.41
1733597030, 40, 26, 80, 16, 1, 0.06%, 9, 0, 12, 313.07
1733597040, 40, 27, 80, 16, 1, 0.06%, 9, 0, 12, 340.48
1733597050, 40, 29, 80, 16, 1, 0.06%, 9, 0, 12, 386.33
1733597055, 40, 34, 80, 16, 1, 0.06%, 9, 0, 12, 424.74
1733597065, 40, 39, 80, 16, 1, 0.06%, 9, 0, 12, 362.24
1733597081, 40, 40, 80, 16, 1, 0.06%, 9, 0, 12, 347.55
1733597086, 40, 44, 80, 16, 1, 0.06%, 9, 0, 12, 320.33
1733597091, 40, 45, 80, 16, 1, 0.06%, 9, 0, 12, 322.82
1733597096, 40, 46, 80, 16, 1, 0.06%, 9, 0, 12, 309.24
1733597101, 40, 48, 80, 16, 1, 0.06%, 9, 0, 12, 344.20
1733597106, 40, 49, 80, 16, 1, 0.06%, 9, 0, 12, 378.52
1733597116, 40, 50, 80, 16, 1, 0.06%, 9, 0, 12, 365.63
1733597121, 40, 52, 80, 16, 1, 0.06%, 9, 0, 12, 378.64
1733597126, 40, 53, 80, 16, 1, 0.06%, 9, 0, 12, 345.96
1733597136, 40, 54, 80, 16, 1, 0.06%, 9, 0, 12, 362.25
1733597141, 40, 55, 80, 16, 1, 0.06%, 9, 0, 12, 383.31
1733597146, 40, 56, 80, 16, 1, 0.06%, 9, 0, 12, 327.20
1733597157, 40, 57, 80, 16, 1, 0.06%, 9, 0, 12, 397.21
1733597162, 40, 58, 80, 16, 1, 0.06%, 9, 0, 12, 373.90
1733597167, 40, 59, 80, 16, 1, 0.06%, 9, 0, 12, 364.75
1733597177, 40, 60, 80, 16, 1, 0.06%, 9, 0, 12, 369.59
1733597182, 40, 61, 80, 16, 1, 0.06%, 9, 0, 12, 351.59
