# unix_time, cycles_done, cur_path, paths_total, pending_total, pending_favs, map_size, unique_crashes, unique_hangs, max_depth, execs_per_sec
1735514964, 0, 0, 10, 10, 1, 0.00%, 0, 0, 1, 176.21
1735514969, 0, 3, 10, 10, 1, 0.00%, 0, 0, 1, 204.91
1735514975, 0, 4, 10, 9, 0, 0.00%, 0, 0, 1, 212.63
1735514980, 0, 5, 10, 8, 0, 0.00%, 0, 0, 1, 202.11
1735514990, 0, 6, 10, 7, 0, 0.00%, 0, 0, 1, 213.29
1735514995, 0, 7, 10, 6, 0, 0.00%, 0, 0, 1, 195.12
1735515005, 0, 8, 10, 5, 0, 0.00%, 0, 0, 1, 209.88
1735515010, 0, 9, 10, 4, 0, 0.00%, 0, 0, 1, 209.46
1735515015, 1, 0, 10, 3, 0, 0.00%, 0, 0, 1, 211.51
1735515026, 1, 1, 10, 2, 0, 0.00%, 0, 0, 1, 203.51
1735515036, 1, 2, 10, 1, 0, 0.00%, 0, 0, 1, 198.25
1735515046, 1, 3, 10, 0, 0, 0.00%, 0, 0, 1, 196.14
1735515056, 1, 4, 10, 0, 0, 0.00%, 0, 0, 1, 212.12
1735515061, 1, 6, 10, 0, 0, 0.00%, 0, 0, 1, 207.93
1735515066, 1, 7, 10, 0, 0, 0.00%, 0, 0, 1, 211.44
1735515071, 1, 8, 10, 0, 0, 0.00%, 0, 0, 1, 209.57
1735515077, 2, 0, 10, 0, 0, 0.00%, 0, 0, 1, 209.25
1735515082, 2, 1, 10, 0, 0, 0.00%, 0, 0, 1, 208.87
1735515087, 2, 3, 10, 0, 0, 0.00%, 0, 0, 1, 205.26
1735515092, 2, 4, 10, 0, 0, 0.00%, 0, 0, 1, 209.34
1735515097, 2, 6, 10, 0, 0, 0.00%, 0, 0, 1, 210.52
1735515102, 2, 7, 10, 0, 0, 0.00%, 0, 0, 1, 211.43
1735515107, 2, 8, 10, 0, 0, 0.00%, 0, 0, 1, 211.51
1735515112, 2, 10, 11, 1, 1, 0.05%, 1, 0, 2, 216.55
1735515143, 2, 10, 12, 2, 1, 0.05%, 2, 0, 3, 216.10
1735515153, 2, 11, 14, 3, 1, 0.05%, 3, 0, 4, 254.19
1735515158, 2, 11, 16, 5, 1, 0.05%, 4, 0, 4, 271.39
1735515174, 2, 11, 18, 7, 1, 0.06%, 5, 0, 4, 276.22
1735515189, 2, 11, 20, 9, 1, 0.06%, 5, 0, 4, 272.87
1735515194, 2, 11, 21, 10, 1, 0.06%, 6, 0, 4, 273.50
1735515199, 2, 11, 22, 11, 1, 0.06%, 6, 0, 4, 275.87
1735515229, 2, 11, 23, 12, 1, 0.06%, 6, 0, 4, 275.34
1735515249, 2, 14, 23, 11, 4, 0.06%, 6, 0, 4, 257.04
1735515255, 2, 14, 25, 13, 4, 0.06%, 6, 0, 5, 370.76
1735515280, 2, 14, 26, 14, 4, 0.06%, 6, 0, 5, 403.47
1735515285, 2, 14, 27, 15, 4, 0.06%, 6, 0, 5, 411.24
1735515326, 3, 13, 28, 15, 3, 0.06%, 6, 0, 5, 404.89
1735515362, 3, 17, 30, 16, 2, 0.06%, 6, 0, 5, 324.14
1735515367, 3, 17, 31, 17, 2, 0.06%, 6, 0, 5, 355.15
1735515392, 3, 17, 32, 18, 2, 0.06%, 7, 0, 5, 254.01
1735515397, 3, 31, 34, 19, 3, 0.06%, 9, 0, 6, 404.57
1735515403, 3, 31, 35, 20, 3, 0.06%, 9, 0, 6, 458.83
1735515428, 3, 31, 36, 21, 3, 0.06%, 9, 0, 6, 282.10
1735515438, 3, 33, 37, 21, 5, 0.06%, 9, 0, 7, 446.58
1735515448, 3, 33, 38, 22, 5, 0.06%, 9, 0, 7, 502.16
1735515463, 3, 33, 40, 24, 5, 0.06%, 9, 0, 7, 505.81
1735515499, 3, 39, 40, 23, 4, 0.06%, 9, 0, 7, 417.29
1735515504, 3, 39, 41, 24, 4, 0.06%, 9, 0, 8, 453.48
1735515540, 3, 40, 41, 23, 3, 0.06%, 9, 0, 8, 449.42
1735515545, 3, 40, 43, 25, 3, 0.06%, 9, 0, 9, 452.51
1735515570, 3, 40, 44, 26, 3, 0.06%, 9, 0, 9, 477.68
1735515575, 3, 40, 45, 27, 3, 0.06%, 9, 0, 9, 476.61
1735515595, 4, 20, 45, 26, 3, 0.06%, 9, 0, 9, 271.53
1735515600, 4, 20, 46, 27, 3, 0.06%, 9, 0, 9, 241.81
1735515642, 4, 27, 48, 28, 2, 0.06%, 9, 0, 9, 389.79
1735515657, 4, 27, 49, 29, 2, 0.06%, 9, 0, 9, 461.06
1735515718, 4, 31, 49, 28, 2, 0.06%, 9, 0, 9, 336.47
1735515723, 4, 31, 50, 29, 2, 0.06%, 9, 0, 9, 365.56
1735515733, 4, 32, 50, 29, 2, 0.06%, 9, 0, 9, 431.04
1735515743, 4, 32, 51, 30, 2, 0.06%, 9, 0, 9, 341.30
1735515748, 4, 39, 52, 30, 2, 0.06%, 9, 0, 9, 341.12
1735515759, 4, 40, 52, 30, 2, 0.06%, 9, 0, 9, 398.85
1735515774, 4, 41, 52, 30, 2, 0.06%, 9, 0, 9, 431.73
1735515784, 4, 41, 53, 31, 2, 0.06%, 9, 0, 10, 492.60
1735515810, 4, 41, 54, 32, 2, 0.06%, 9, 0, 10, 337.40
1735515820, 4, 42, 54, 31, 2, 0.06%, 9, 0, 10, 506.85
1735515845, 4, 46, 54, 30, 2, 0.06%, 9, 0, 10, 317.82
1735515850, 4, 46, 55, 31, 2, 0.06%, 9, 0, 10, 492.86
1735515881, 4, 49, 55, 30, 2, 0.06%, 9, 0, 10, 315.36
1735515912, 4, 49, 59, 34, 2, 0.06%, 9, 0, 10, 486.99
1735515999, 4, 49, 60, 35, 2, 0.06%, 9, 0, 10, 448.26
1735516004, 4, 49, 61, 36, 2, 0.06%, 9, 0, 10, 453.71
1735516019, 4, 49, 62, 37, 2, 0.06%, 9, 0, 10, 452.23
1735516075, 4, 50, 62, 36, 2, 0.06%, 9, 0, 10, 498.00
1735516106, 4, 50, 63, 37, 2, 0.06%, 9, 0, 10, 498.98
1735516146, 4, 50, 65, 39, 2, 0.06%, 9, 0, 10, 275.91
1735516152, 4, 51, 65, 38, 2, 0.06%, 9, 0, 10, 351.37
1735516192, 4, 52, 65, 37, 2, 0.06%, 9, 0, 10, 389.67
1735516332, 4, 52, 66, 38, 2, 0.06%, 9, 0, 11, 480.97
1735516342, 4, 52, 67, 39, 2, 0.06%, 9, 0, 11, 490.13
1735516393, 4, 54, 67, 38, 2, 0.06%, 9, 0, 11, 422.59
1735516428, 5, 13, 67, 37, 2, 0.06%, 9, 0, 11, 355.96
1735516438, 5, 27, 67, 37, 2, 0.06%, 9, 0, 11, 362.12
1735516443, 5, 38, 67, 37, 2, 0.06%, 9, 0, 11, 362.33
1735516469, 5, 46, 67, 36, 2, 0.06%, 9, 0, 11, 365.25
1735516474, 5, 47, 67, 36, 2, 0.06%, 9, 0, 11, 397.98
1735516509, 5, 48, 67, 35, 2, 0.06%, 9, 0, 11, 476.29
1735516622, 5, 48, 68, 36, 2, 0.06%, 9, 0, 11, 476.62
1735516662, 5, 50, 68, 35, 2, 0.06%, 9, 0, 11, 377.46
1735516667, 5, 51, 68, 35, 2, 0.06%, 9, 0, 11, 359.34
1735516673, 5, 54, 68, 35, 2, 0.06%, 9, 0, 11, 359.97
1735516678, 5, 60, 68, 35, 2, 0.06%, 9, 0, 11, 417.22
1735516688, 5, 60, 69, 36, 2, 0.06%, 9, 0, 11, 500.36
1735516806, 5, 67, 69, 35, 2, 0.06%, 9, 0, 11, 371.75
1735516811, 5, 67, 70, 36, 2, 0.06%, 9, 0, 11, 506.95
1735516882, 5, 69, 70, 35, 2, 0.06%, 9, 0, 11, 450.04
1735516974, 6, 14, 70, 34, 2, 0.06%, 9, 0, 11, 346.91
1735516984, 6, 19, 70, 34, 2, 0.06%, 9, 0, 11, 281.13
1735517009, 6, 20, 70, 33, 2, 0.06%, 9, 0, 11, 266.80
1735517019, 6, 22, 70, 33, 2, 0.06%, 9, 0, 11, 390.22
1735517039, 6, 23, 70, 32, 2, 0.06%, 9, 0, 11, 313.28
1735517059, 6, 24, 70, 31, 2, 0.06%, 9, 0, 11, 430.61
1735517080, 6, 25, 70, 30, 2, 0.06%, 9, 0, 11, 314.89
1735517100, 6, 26, 70, 29, 2, 0.06%, 9, 0, 11, 466.76
1735517120, 6, 27, 70, 28, 2, 0.06%, 9, 0, 11, 344.44
1735517130, 6, 28, 70, 28, 2, 0.06%, 9, 0, 11, 411.51
1735517155, 6, 32, 70, 27, 2, 0.06%, 9, 0, 11, 350.30
1735517160, 6, 33, 70, 27, 2, 0.06%, 9, 0, 11, 378.88
1735517170, 6, 36, 70, 27, 2, 0.06%, 9, 0, 11, 363.75
1735517186, 6, 37, 70, 26, 2, 0.06%, 9, 0, 11, 355.81
1735517206, 6, 37, 71, 27, 2, 0.06%, 9, 0, 11, 530.78
1735517216, 6, 38, 71, 26, 2, 0.06%, 9, 0, 11, 365.26
1735517237, 6, 39, 71, 26, 2, 0.06%, 9, 0, 11, 427.72
1735517247, 6, 40, 71, 26, 2, 0.06%, 9, 0, 11, 430.05
1735517252, 6, 40, 72, 27, 2, 0.06%, 9, 0, 11, 478.90
1735517267, 6, 41, 72, 27, 2, 0.06%, 9, 0, 11, 530.43
1735517282, 6, 42, 72, 27, 2, 0.06%, 9, 0, 11, 408.91
1735517303, 6, 43, 72, 27, 2, 0.06%, 9, 0, 11, 419.20
1735517354, 6, 44, 72, 26, 2, 0.06%, 9, 0, 11, 359.82
1735517415, 6, 46, 72, 25, 2, 0.06%, 9, 0, 11, 338.53
1735517420, 6, 47, 72, 25, 2, 0.06%, 9, 0, 11, 337.69
1735517425, 6, 48, 72, 25, 2, 0.06%, 9, 0, 11, 346.65
1735517430, 6, 54, 72, 25, 2, 0.06%, 9, 0, 11, 326.81
1735517435, 6, 67, 72, 25, 2, 0.06%, 9, 0, 11, 354.58
1735517445, 6, 69, 72, 25, 2, 0.06%, 9, 0, 11, 390.63
1735517460, 6, 70, 72, 25, 2, 0.06%, 9, 0, 11, 438.72
1735517537, 7, 13, 72, 24, 2, 0.06%, 9, 0, 11, 339.99
1735517542, 7, 27, 72, 24, 2, 0.06%, 9, 0, 11, 343.20
1735517547, 7, 46, 72, 24, 2, 0.06%, 9, 0, 11, 341.15
1735517552, 7, 48, 72, 24, 2, 0.06%, 9, 0, 11, 371.95
1735517562, 7, 54, 72, 24, 2, 0.06%, 9, 0, 11, 356.69
1735517567, 7, 67, 72, 24, 2, 0.06%, 9, 0, 11, 350.35
1735517572, 7, 69, 72, 24, 2, 0.06%, 9, 0, 11, 379.00
1735517577, 7, 70, 72, 24, 2, 0.06%, 9, 0, 11, 418.62
1735517592, 8, 27, 72, 24, 2, 0.06%, 9, 0, 11, 332.33
1735517598, 8, 46, 72, 24, 2, 0.06%, 9, 0, 11, 366.25
1735517603, 8, 47, 72, 24, 2, 0.06%, 9, 0, 11, 356.50
1735517608, 8, 48, 72, 24, 2, 0.06%, 9, 0, 11, 332.58
1735517613, 8, 54, 72, 24, 2, 0.06%, 9, 0, 11, 408.12
1735517618, 8, 67, 72, 24, 2, 0.06%, 9, 0, 11, 387.80
1735517623, 8, 69, 72, 24, 2, 0.06%, 9, 0, 11, 378.31
1735517628, 8, 70, 72, 24, 2, 0.06%, 9, 0, 11, 349.76
1735517643, 9, 13, 72, 24, 2, 0.06%, 9, 0, 11, 368.01
1735517649, 9, 27, 72, 24, 2, 0.06%, 9, 0, 11, 329.27
1735517654, 9, 46, 72, 24, 2, 0.06%, 9, 0, 11, 358.09
1735517659, 9, 48, 72, 24, 2, 0.06%, 9, 0, 11, 370.93
1735517669, 9, 54, 72, 24, 2, 0.06%, 9, 0, 11, 348.24
1735517674, 9, 67, 72, 24, 2, 0.06%, 9, 0, 11, 340.78
1735517679, 9, 69, 72, 24, 2, 0.06%, 9, 0, 11, 365.68
1735517684, 9, 70, 72, 24, 2, 0.06%, 9, 0, 11, 406.86
1735517689, 10, 13, 72, 24, 2, 0.06%, 9, 0, 11, 368.53
1735517694, 10, 27, 72, 24, 2, 0.06%, 9, 0, 11, 365.77
1735517699, 10, 46, 72, 24, 2, 0.06%, 9, 0, 11, 367.30
1735517704, 10, 47, 72, 24, 2, 0.06%, 9, 0, 11, 352.79
1735517709, 10, 48, 72, 24, 2, 0.06%, 9, 0, 11, 381.66
1735517714, 10, 54, 72, 24, 2, 0.06%, 9, 0, 11, 365.70
1735517720, 10, 67, 72, 24, 2, 0.06%, 9, 0, 11, 353.67
1735517725, 10, 69, 72, 24, 2, 0.06%, 9, 0, 11, 382.76
1735517730, 10, 70, 72, 24, 2, 0.06%, 9, 0, 11, 332.63
1735517740, 11, 13, 72, 24, 2, 0.06%, 9, 0, 11, 343.94
1735517745, 11, 46, 72, 24, 2, 0.06%, 9, 0, 11, 338.01
1735517750, 11, 47, 72, 24, 2, 0.06%, 9, 0, 11, 384.23
1735517755, 11, 48, 72, 24, 2, 0.06%, 9, 0, 11, 309.99
1735517760, 11, 54, 72, 24, 2, 0.06%, 9, 0, 11, 359.43
1735517765, 11, 67, 72, 24, 2, 0.06%, 9, 0, 11, 360.93
1735517770, 11, 69, 72, 24, 2, 0.06%, 9, 0, 11, 349.05
1735517781, 11, 70, 72, 24, 2, 0.06%, 9, 0, 11, 485.97
1735517821, 11, 71, 72, 24, 2, 0.06%, 9, 0, 11, 454.71
1735517837, 11, 71, 73, 25, 2, 0.06%, 9, 0, 11, 415.30
1735518166, 12, 11, 73, 24, 2, 0.06%, 9, 0, 11, 307.97
1735518171, 12, 12, 73, 24, 2, 0.06%, 9, 0, 11, 324.23
1735518191, 12, 13, 73, 23, 2, 0.06%, 9, 0, 11, 325.90
1735518196, 12, 17, 73, 23, 2, 0.06%, 9, 0, 11, 318.78
1735518206, 12, 18, 73, 23, 2, 0.06%, 9, 0, 11, 311.58
1735518227, 12, 19, 73, 22, 1, 0.06%, 9, 0, 11, 287.10
1735518237, 12, 20, 73, 22, 1, 0.06%, 9, 0, 11, 300.40
1735518242, 12, 22, 73, 22, 1, 0.06%, 9, 0, 11, 340.15
1735518252, 12, 23, 73, 22, 1, 0.06%, 9, 0, 11, 341.08
1735518257, 12, 24, 73, 22, 1, 0.06%, 9, 0, 11, 344.63
1735518267, 12, 25, 73, 22, 1, 0.06%, 9, 0, 11, 303.64
1735518278, 12, 26, 73, 22, 1, 0.06%, 9, 0, 11, 359.64
1735518288, 12, 27, 73, 22, 1, 0.06%, 9, 0, 11, 334.04
1735518293, 12, 28, 73, 22, 1, 0.06%, 9, 0, 11, 354.67
1735518298, 12, 29, 73, 22, 1, 0.06%, 9, 0, 11, 305.78
1735518319, 12, 30, 73, 21, 1, 0.06%, 9, 0, 11, 367.83
1735518334, 12, 31, 73, 20, 1, 0.06%, 9, 0, 11, 330.44
1735518344, 12, 32, 73, 20, 1, 0.06%, 9, 0, 11, 352.00
1735518354, 12, 33, 73, 20, 1, 0.06%, 9, 0, 11, 357.83
1735518364, 12, 35, 73, 20, 1, 0.06%, 9, 0, 11, 397.72
1735518379, 12, 36, 73, 19, 1, 0.06%, 9, 0, 11, 326.99
1735518389, 12, 38, 73, 19, 1, 0.06%, 9, 0, 11, 380.40
1735518400, 12, 44, 73, 19, 1, 0.06%, 9, 0, 11, 421.65
1735518445, 12, 45, 73, 19, 1, 0.06%, 9, 0, 11, 349.56
1735518517, 12, 46, 73, 18, 1, 0.06%, 9, 0, 11, 381.12
1735518522, 12, 47, 73, 18, 1, 0.06%, 9, 0, 11, 355.12
1735518527, 12, 48, 73, 18, 1, 0.06%, 9, 0, 11, 343.63
1735518532, 12, 50, 73, 18, 1, 0.06%, 9, 0, 11, 370.78
1735518537, 12, 54, 73, 18, 1, 0.06%, 9, 0, 11, 374.72
1735518542, 12, 60, 73, 18, 1, 0.06%, 9, 0, 11, 363.10
1735518548, 12, 62, 73, 18, 1, 0.06%, 9, 0, 11, 373.82
1735518716, 12, 67, 73, 17, 1, 0.06%, 9, 0, 11, 347.00
1735518721, 12, 69, 73, 17, 1, 0.06%, 9, 0, 11, 377.93
1735518727, 12, 70, 73, 17, 1, 0.06%, 9, 0, 11, 323.91
1735518737, 13, 13, 73, 17, 1, 0.06%, 9, 0, 11, 338.12
1735518742, 13, 27, 73, 17, 1, 0.06%, 9, 0, 11, 323.96
1735518747, 13, 47, 73, 17, 1, 0.06%, 9, 0, 11, 336.62
1735518752, 13, 48, 73, 17, 1, 0.06%, 9, 0, 11, 346.94
1735518762, 13, 54, 73, 17, 1, 0.06%, 9, 0, 11, 325.37
1735518767, 13, 67, 73, 17, 1, 0.06%, 9, 0, 11, 349.47
1735518772, 13, 69, 73, 17, 1, 0.06%, 9, 0, 11, 358.34
1735518777, 13, 70, 73, 17, 1, 0.06%, 9, 0, 11, 406.91
1735518783, 14, 13, 73, 17, 1, 0.06%, 9, 0, 11, 377.08
1735518788, 14, 27, 73, 17, 1, 0.06%, 9, 0, 11, 372.58
1735518793, 14, 46, 73, 17, 1, 0.06%, 9, 0, 11, 360.02
1735518798, 14, 47, 73, 17, 1, 0.06%, 9, 0, 11, 346.69
1735518803, 14, 48, 73, 17, 1, 0.06%, 9, 0, 11, 381.43
1735518808, 14, 54, 73, 17, 1, 0.06%, 9, 0, 11, 362.68
1735518813, 14, 67, 73, 17, 1, 0.06%, 9, 0, 11, 369.73
1735518818, 14, 69, 73, 17, 1, 0.06%, 9, 0, 11, 383.08
1735518828, 14, 70, 73, 17, 1, 0.06%, 9, 0, 11, 341.86
1735518833, 15, 13, 73, 17, 1, 0.06%, 9, 0, 11, 341.21
1735518838, 15, 27, 73, 17, 1, 0.06%, 9, 0, 11, 336.79
1735518843, 15, 47, 73, 17, 1, 0.06%, 9, 0, 11, 360.75
1735518848, 15, 48, 73, 17, 1, 0.06%, 9, 0, 11, 346.35
1735518858, 15, 67, 73, 17, 1, 0.06%, 9, 0, 11, 354.94
1735518863, 15, 69, 73, 17, 1, 0.06%, 9, 0, 11, 361.75
1735518874, 15, 70, 73, 17, 1, 0.06%, 9, 0, 11, 386.44
1735518879, 16, 13, 73, 17, 1, 0.06%, 9, 0, 11, 381.81
1735518884, 16, 27, 73, 17, 1, 0.06%, 9, 0, 11, 360.38
1735518889, 16, 46, 73, 17, 1, 0.06%, 9, 0, 11, 342.42
1735518894, 16, 48, 73, 17, 1, 0.06%, 9, 0, 11, 342.24
1735518904, 16, 54, 73, 17, 1, 0.06%, 9, 0, 11, 326.04
1735518909, 16, 67, 73, 17, 1, 0.06%, 9, 0, 11, 350.80
1735518914, 16, 69, 73, 17, 1, 0.06%, 9, 0, 11, 397.67
1735518919, 16, 70, 73, 17, 1, 0.06%, 9, 0, 11, 390.89
1735518929, 17, 27, 73, 17, 1, 0.06%, 9, 0, 11, 373.27
1735518934, 17, 46, 73, 17, 1, 0.06%, 9, 0, 11, 375.90
1735518939, 17, 47, 73, 17, 1, 0.06%, 9, 0, 11, 358.50
1735518944, 17, 48, 73, 17, 1, 0.06%, 9, 0, 11, 354.13
1735518950, 17, 54, 73, 17, 1, 0.06%, 9, 0, 11, 373.88
1735518955, 17, 67, 73, 17, 1, 0.06%, 9, 0, 11, 372.14
1735518960, 17, 69, 73, 17, 1, 0.06%, 9, 0, 11, 376.15
1735518970, 17, 70, 73, 17, 1, 0.06%, 9, 0, 11, 363.99
1735518975, 18, 13, 73, 17, 1, 0.06%, 9, 0, 11, 348.62
1735518980, 18, 27, 73, 17, 1, 0.06%, 9, 0, 11, 331.30
1735518985, 18, 47, 73, 17, 1, 0.06%, 9, 0, 11, 344.59
1735518990, 18, 48, 73, 17, 1, 0.06%, 9, 0, 11, 345.37
1735519000, 18, 54, 73, 17, 1, 0.06%, 9, 0, 11, 342.11
1735519005, 18, 67, 73, 17, 1, 0.06%, 9, 0, 11, 343.69
1735519010, 18, 69, 73, 17, 1, 0.06%, 9, 0, 11, 369.01
1735519015, 18, 70, 73, 17, 1, 0.06%, 9, 0, 11, 392.99
1735519025, 19, 27, 73, 17, 1, 0.06%, 9, 0, 11, 346.43
1735519030, 19, 46, 73, 17, 1, 0.06%, 9, 0, 11, 364.15
1735519035, 19, 47, 73, 17, 1, 0.06%, 9, 0, 11, 356.97
1735519041, 19, 48, 73, 17, 1, 0.06%, 9, 0, 11, 327.02
1735519046, 19, 54, 73, 17, 1, 0.06%, 9, 0, 11, 386.19
1735519051, 19, 67, 73, 17, 1, 0.06%, 9, 0, 11, 369.88
1735519056, 19, 69, 73, 17, 1, 0.06%, 9, 0, 11, 343.00
1735519066, 19, 70, 73, 17, 1, 0.06%, 9, 0, 11, 348.10
1735519071, 20, 13, 73, 17, 1, 0.06%, 9, 0, 11, 339.96
1735519076, 20, 27, 73, 17, 1, 0.06%, 9, 0, 11, 348.97
1735519081, 20, 46, 73, 17, 1, 0.06%, 9, 0, 11, 362.77
1735519086, 20, 47, 73, 17, 1, 0.06%, 9, 0, 11, 331.90
1735519092, 20, 48, 73, 17, 1, 0.06%, 9, 0, 11, 361.26
1735519097, 20, 54, 73, 17, 1, 0.06%, 9, 0, 11, 359.51
1735519102, 20, 67, 73, 17, 1, 0.06%, 9, 0, 11, 374.39
1735519107, 20, 69, 73, 17, 1, 0.06%, 9, 0, 11, 395.04
1735519112, 20, 70, 73, 17, 1, 0.06%, 9, 0, 11, 329.94
1735519122, 21, 13, 73, 17, 1, 0.06%, 9, 0, 11, 348.76
1735519127, 21, 46, 73, 17, 1, 0.06%, 9, 0, 11, 346.38
1735519132, 21, 47, 73, 17, 1, 0.06%, 9, 0, 11, 366.57
1735519137, 21, 48, 73, 17, 1, 0.06%, 9, 0, 11, 303.80
1735519142, 21, 54, 73, 17, 1, 0.06%, 9, 0, 11, 336.78
1735519148, 21, 67, 73, 17, 1, 0.06%, 9, 0, 11, 312.60
1735519153, 21, 69, 73, 17, 1, 0.06%, 9, 0, 11, 327.98
1735519163, 21, 70, 73, 17, 1, 0.06%, 9, 0, 11, 376.34
1735519168, 22, 13, 73, 17, 1, 0.06%, 9, 0, 11, 352.81
1735519173, 22, 27, 73, 17, 1, 0.06%, 9, 0, 11, 363.89
1735519178, 22, 46, 73, 17, 1, 0.06%, 9, 0, 11, 357.58
1735519183, 22, 47, 73, 17, 1, 0.06%, 9, 0, 11, 341.24
1735519188, 22, 48, 73, 17, 1, 0.06%, 9, 0, 11, 371.33
1735519193, 22, 54, 73, 17, 1, 0.06%, 9, 0, 11, 381.93
1735519198, 22, 67, 73, 17, 1, 0.06%, 9, 0, 11, 377.36
1735519203, 22, 69, 73, 17, 1, 0.06%, 9, 0, 11, 369.87
1735519208, 22, 70, 73, 17, 1, 0.06%, 9, 0, 11, 341.19
1735519213, 22, 70, 74, 18, 1, 0.06%, 9, 0, 11, 407.85
1735519219, 22, 73, 75, 19, 1, 0.06%, 9, 0, 11, 352.06
1735519336, 22, 74, 75, 18, 1, 0.06%, 9, 0, 11, 392.41
1735519454, 23, 12, 75, 17, 1, 0.06%, 9, 0, 11, 349.26
1735519464, 23, 13, 75, 17, 1, 0.06%, 9, 0, 11, 331.72
1735519469, 23, 14, 75, 17, 1, 0.06%, 9, 0, 11, 353.65
1735519474, 23, 15, 75, 17, 1, 0.06%, 9, 0, 11, 447.41
1735519494, 23, 17, 75, 16, 1, 0.06%, 9, 0, 11, 320.03
1735519499, 23, 18, 75, 16, 1, 0.06%, 9, 0, 11, 313.76
1735519509, 23, 19, 75, 16, 1, 0.06%, 9, 0, 11, 304.58
1735519514, 23, 20, 75, 16, 1, 0.06%, 9, 0, 11, 279.64
1735519519, 23, 22, 75, 16, 1, 0.06%, 9, 0, 11, 320.69
1735519524, 23, 23, 75, 16, 1, 0.06%, 9, 0, 11, 318.31
1735519529, 23, 24, 75, 16, 1, 0.06%, 9, 0, 11, 316.69
1735519534, 23, 25, 75, 16, 1, 0.06%, 9, 0, 11, 323.01
1735519539, 23, 26, 75, 16, 1, 0.06%, 9, 0, 11, 313.13
1735519544, 23, 27, 75, 16, 1, 0.06%, 9, 0, 11, 323.28
1735519549, 23, 28, 75, 16, 1, 0.06%, 9, 0, 11, 360.66
1735519555, 23, 29, 75, 16, 1, 0.06%, 9, 0, 11, 328.33
1735519565, 23, 30, 75, 16, 1, 0.06%, 9, 0, 11, 369.11
1735519575, 23, 31, 75, 16, 1, 0.06%, 9, 0, 11, 310.82
1735519580, 23, 32, 75, 16, 1, 0.06%, 9, 0, 11, 367.05
1735519585, 23, 33, 75, 16, 1, 0.06%, 9, 0, 11, 332.81
1735519590, 23, 34, 75, 16, 1, 0.06%, 9, 0, 11, 456.45
1735519606, 23, 35, 75, 15, 0, 0.06%, 9, 0, 11, 412.43
1735519621, 23, 36, 75, 15, 0, 0.06%, 9, 0, 11, 363.14
1735519626, 23, 37, 75, 15, 0, 0.06%, 9, 0, 11, 377.89
1735519636, 23, 38, 75, 15, 0, 0.06%, 9, 0, 11, 336.44
1735519642, 23, 39, 75, 15, 0, 0.06%, 9, 0, 11, 346.98
1735519647, 23, 40, 75, 15, 0, 0.06%, 9, 0, 11, 348.01
1735519652, 23, 41, 75, 15, 0, 0.06%, 9, 0, 11, 429.65
1735519662, 23, 42, 75, 15, 0, 0.06%, 9, 0, 11, 336.57
1735519677, 23, 43, 75, 15, 0, 0.06%, 9, 0, 11, 453.73
1735519718, 23, 44, 75, 15, 0, 0.06%, 9, 0, 11, 295.06
1735519774, 23, 45, 75, 15, 0, 0.06%, 9, 0, 11, 304.22
1735519779, 23, 46, 75, 15, 0, 0.06%, 9, 0, 11, 342.39
1735519784, 23, 47, 75, 15, 0, 0.06%, 9, 0, 11, 345.30
1735519789, 23, 48, 75, 15, 0, 0.06%, 9, 0, 11, 381.03
1735519794, 23, 49, 75, 15, 0, 0.06%, 9, 0, 11, 354.53
1735519917, 23, 50, 75, 15, 0, 0.06%, 9, 0, 11, 329.72
1735519922, 23, 51, 75, 15, 0, 0.06%, 9, 0, 11, 339.37
1735519928, 23, 52, 75, 15, 0, 0.06%, 9, 0, 11, 345.00
1735519938, 23, 53, 75, 15, 0, 0.06%, 9, 0, 11, 408.05
1735520041, 23, 54, 75, 14, 0, 0.06%, 9, 0, 11, 453.90
1735520051, 23, 60, 75, 14, 0, 0.06%, 9, 0, 11, 350.31
1735520056, 23, 62, 75, 14, 0, 0.06%, 9, 0, 11, 373.63
1735520061, 23, 63, 75, 14, 0, 0.06%, 9, 0, 11, 328.07
1735520188, 23, 64, 75, 13, 0, 0.06%, 9, 0, 11, 386.61
1735520310, 23, 65, 75, 12, 0, 0.06%, 9, 0, 11, 345.57
1735520422, 23, 67, 75, 11, 0, 0.06%, 9, 0, 11, 334.37
1735520427, 23, 68, 75, 11, 0, 0.06%, 9, 0, 11, 422.87
1735520586, 23, 69, 75, 10, 0, 0.06%, 9, 0, 11, 391.87
1735520592, 23, 70, 75, 10, 0, 0.06%, 9, 0, 11, 331.65
1735520602, 23, 73, 75, 10, 0, 0.06%, 9, 0, 11, 424.70
1735520627, 23, 74, 75, 10, 0, 0.06%, 9, 0, 11, 417.05
1735520647, 24, 13, 75, 10, 0, 0.06%, 9, 0, 11, 368.29
1735520652, 24, 20, 75, 10, 0, 0.06%, 9, 0, 11, 304.70
1735520657, 24, 22, 75, 10, 0, 0.06%, 9, 0, 11, 321.12
1735520663, 24, 25, 75, 10, 0, 0.06%, 9, 0, 11, 315.07
1735520668, 24, 27, 75, 10, 0, 0.06%, 9, 0, 11, 331.68
1735520673, 24, 38, 75, 10, 0, 0.06%, 9, 0, 11, 335.37
1735520678, 24, 45, 75, 10, 0, 0.06%, 9, 0, 11, 320.95
1735520683, 24, 47, 75, 10, 0, 0.06%, 9, 0, 11, 353.92
1735520688, 24, 48, 75, 10, 0, 0.06%, 9, 0, 11, 332.62
1735520698, 24, 50, 75, 10, 0, 0.06%, 9, 0, 11, 335.48
1735520703, 24, 60, 75, 10, 0, 0.06%, 9, 0, 11, 358.65
1735520713, 24, 62, 75, 10, 0, 0.06%, 9, 0, 11, 363.97
1735520718, 24, 67, 75, 10, 0, 0.06%, 9, 0, 11, 346.85
1735520723, 24, 68, 75, 10, 0, 0.06%, 9, 0, 11, 353.85
1735520739, 24, 69, 75, 10, 0, 0.06%, 9, 0, 11, 383.07
1735520744, 24, 70, 75, 10, 0, 0.06%, 9, 0, 11, 341.82
1735520754, 24, 73, 75, 10, 0, 0.06%, 9, 0, 11, 428.49
1735520779, 24, 74, 75, 10, 0, 0.06%, 9, 0, 11, 348.48
1735520805, 25, 13, 75, 10, 0, 0.06%, 9, 0, 11, 358.20
1735520810, 25, 20, 75, 10, 0, 0.06%, 9, 0, 11, 295.47
1735520815, 25, 22, 75, 10, 0, 0.06%, 9, 0, 11, 306.94
1735520820, 25, 25, 75, 10, 0, 0.06%, 9, 0, 11, 332.44
1735520825, 25, 27, 75, 10, 0, 0.06%, 9, 0, 11, 352.86
1735520830, 25, 38, 75, 10, 0, 0.06%, 9, 0, 11, 343.00
1735520835, 25, 45, 75, 10, 0, 0.06%, 9, 0, 11, 324.18
1735520840, 25, 46, 75, 10, 0, 0.06%, 9, 0, 11, 346.82
1735520845, 25, 47, 75, 10, 0, 0.06%, 9, 0, 11, 343.38
1735520850, 25, 48, 75, 10, 0, 0.06%, 9, 0, 11, 377.00
1735520855, 25, 50, 75, 10, 0, 0.06%, 9, 0, 11, 356.61
1735520860, 25, 54, 76, 11, 0, 0.06%, 9, 0, 11, 354.40
1735520865, 25, 60, 76, 11, 0, 0.06%, 9, 0, 11, 368.44
1735520870, 25, 62, 76, 11, 0, 0.06%, 9, 0, 11, 348.05
1735520881, 25, 67, 76, 11, 0, 0.06%, 9, 0, 11, 337.98
1735520886, 25, 68, 76, 11, 0, 0.06%, 9, 0, 11, 374.86
1735520891, 25, 69, 76, 11, 0, 0.06%, 9, 0, 11, 323.61
1735520901, 25, 70, 76, 11, 0, 0.06%, 9, 0, 11, 367.51
1735520906, 25, 73, 76, 11, 0, 0.06%, 9, 0, 11, 316.26
1735520931, 25, 74, 76, 11, 0, 0.06%, 9, 0, 11, 310.81
1735520962, 25, 75, 77, 12, 0, 0.06%, 9, 0, 11, 351.95
1735521090, 26, 13, 77, 11, 0, 0.06%, 9, 0, 11, 333.78
1735521095, 26, 27, 77, 11, 0, 0.06%, 9, 0, 11, 328.73
1735521100, 26, 47, 77, 11, 0, 0.06%, 9, 0, 11, 339.35
1735521105, 26, 48, 77, 11, 0, 0.06%, 9, 0, 11, 356.35
1735521115, 26, 67, 77, 11, 0, 0.06%, 9, 0, 11, 368.23
1735521125, 26, 69, 77, 11, 0, 0.06%, 9, 0, 11, 360.93
1735521130, 26, 70, 77, 11, 0, 0.06%, 9, 0, 11, 394.22
1735521135, 26, 73, 77, 11, 0, 0.06%, 9, 0, 11, 318.48
1735521160, 26, 74, 77, 11, 0, 0.06%, 9, 0, 11, 341.22
1735521191, 27, 27, 77, 11, 0, 0.06%, 9, 0, 11, 348.59
1735521196, 27, 46, 77, 11, 0, 0.06%, 9, 0, 11, 353.18
1735521201, 27, 47, 77, 11, 0, 0.06%, 9, 0, 11, 377.62
1735521206, 27, 48, 77, 11, 0, 0.06%, 9, 0, 11, 309.72
1735521211, 27, 54, 77, 11, 0, 0.06%, 9, 0, 11, 347.26
1735521217, 27, 67, 77, 11, 0, 0.06%, 9, 0, 11, 337.74
1735521222, 27, 69, 77, 11, 0, 0.06%, 9, 0, 11, 334.19
1735521232, 27, 70, 77, 11, 0, 0.06%, 9, 0, 11, 375.98
1735521237, 27, 73, 77, 11, 0, 0.06%, 9, 0, 11, 390.27
1735521252, 27, 74, 77, 11, 0, 0.06%, 9, 0, 11, 434.86
1735521262, 28, 13, 77, 11, 0, 0.06%, 9, 0, 11, 359.60
1735521267, 28, 27, 77, 11, 0, 0.06%, 9, 0, 11, 346.07
1735521273, 28, 46, 77, 11, 0, 0.06%, 9, 0, 11, 348.53
1735521278, 28, 48, 77, 11, 0, 0.06%, 9, 0, 11, 378.67
1735521288, 28, 54, 77, 11, 0, 0.06%, 9, 0, 11, 356.50
1735521293, 28, 67, 77, 11, 0, 0.06%, 9, 0, 11, 344.32
1735521298, 28, 69, 77, 11, 0, 0.06%, 9, 0, 11, 344.71
1735521303, 28, 70, 77, 11, 0, 0.06%, 9, 0, 11, 397.41
1735521308, 28, 73, 77, 11, 0, 0.06%, 9, 0, 11, 340.84
1735521323, 28, 74, 77, 11, 0, 0.06%, 9, 0, 11, 412.77
1735521333, 29, 13, 77, 11, 0, 0.06%, 9, 0, 11, 311.13
1735521339, 29, 27, 77, 11, 0, 0.06%, 9, 0, 11, 372.20
1735521344, 29, 46, 77, 11, 0, 0.06%, 9, 0, 11, 358.25
1735521349, 29, 47, 77, 11, 0, 0.06%, 9, 0, 11, 364.03
1735521354, 29, 48, 77, 11, 0, 0.06%, 9, 0, 11, 367.58
1735521359, 29, 54, 77, 11, 0, 0.06%, 9, 0, 11, 369.52
1735521364, 29, 67, 77, 11, 0, 0.06%, 9, 0, 11, 372.57
1735521369, 29, 69, 77, 11, 0, 0.06%, 9, 0, 11, 383.47
1735521374, 29, 70, 77, 11, 0, 0.06%, 9, 0, 11, 335.09
1735521384, 29, 73, 77, 11, 0, 0.06%, 9, 0, 11, 392.98
1735521390, 29, 74, 77, 11, 0, 0.06%, 9, 0, 11, 326.89
1735521400, 30, 13, 77, 11, 0, 0.06%, 9, 0, 11, 341.52
1735521405, 30, 46, 77, 11, 0, 0.06%, 9, 0, 11, 344.09
1735521410, 30, 47, 77, 11, 0, 0.06%, 9, 0, 11, 370.66
1735521415, 30, 48, 77, 11, 0, 0.06%, 9, 0, 11, 315.89
1735521425, 30, 67, 77, 11, 0, 0.06%, 9, 0, 11, 331.82
1735521430, 30, 69, 77, 11, 0, 0.06%, 9, 0, 11, 343.02
1735521440, 30, 70, 77, 11, 0, 0.06%, 9, 0, 11, 396.96
1735521446, 30, 73, 77, 11, 0, 0.06%, 9, 0, 11, 305.63
1735521456, 30, 74, 77, 11, 0, 0.06%, 9, 0, 11, 368.26
1735521461, 31, 13, 77, 11, 0, 0.06%, 9, 0, 11, 376.06
1735521466, 31, 27, 77, 11, 0, 0.06%, 9, 0, 11, 370.34
1735521471, 31, 46, 77, 11, 0, 0.06%, 9, 0, 11, 345.82
1735521476, 31, 48, 77, 11, 0, 0.06%, 9, 0, 11, 345.93
1735521486, 31, 54, 77, 11, 0, 0.06%, 9, 0, 11, 325.29
1735521491, 31, 67, 77, 11, 0, 0.06%, 9, 0, 11, 348.55
1735521496, 31, 69, 77, 11, 0, 0.06%, 9, 0, 11, 392.20
1735521502, 31, 70, 77, 11, 0, 0.06%, 9, 0, 11, 391.00
1735521507, 31, 73, 77, 11, 0, 0.06%, 9, 0, 11, 365.96
1735521517, 31, 74, 77, 11, 0, 0.06%, 9, 0, 11, 391.86
1735521522, 32, 13, 77, 11, 0, 0.06%, 9, 0, 11, 320.11
1735521527, 32, 27, 77, 11, 0, 0.06%, 9, 0, 11, 354.60
1735521532, 32, 46, 77, 11, 0, 0.06%, 9, 0, 11, 367.63
1735521537, 32, 47, 77, 11, 0, 0.06%, 9, 0, 11, 350.74
1735521542, 32, 48, 77, 11, 0, 0.06%, 9, 0, 11, 315.98
1735521547, 32, 54, 77, 11, 0, 0.06%, 9, 0, 11, 396.52
1735521552, 32, 67, 77, 11, 0, 0.06%, 9, 0, 11, 363.72
1735521557, 32, 69, 77, 11, 0, 0.06%, 9, 0, 11, 357.68
1735521562, 32, 70, 77, 11, 0, 0.06%, 9, 0, 11, 392.24
1735521572, 32, 73, 77, 11, 0, 0.06%, 9, 0, 11, 397.07
1735521578, 32, 74, 77, 11, 0, 0.06%, 9, 0, 11, 324.09
1735521588, 33, 13, 77, 11, 0, 0.06%, 9, 0, 11, 333.18
1735521593, 33, 46, 77, 11, 0, 0.06%, 9, 0, 11, 337.90
1735521598, 33, 47, 77, 11, 0, 0.06%, 9, 0, 11, 359.55
1735521603, 33, 48, 77, 11, 0, 0.06%, 9, 0, 11, 323.00
1735521613, 33, 67, 77, 11, 0, 0.06%, 9, 0, 11, 345.56
1735521623, 33, 69, 77, 11, 0, 0.06%, 9, 0, 11, 386.74
1735521628, 33, 70, 77, 11, 0, 0.06%, 9, 0, 11, 381.67
1735521633, 33, 73, 77, 11, 0, 0.06%, 9, 0, 11, 316.51
1735521644, 33, 74, 77, 11, 0, 0.06%, 9, 0, 11, 380.00
1735521649, 34, 13, 77, 11, 0, 0.06%, 9, 0, 11, 372.52
1735521654, 34, 27, 77, 11, 0, 0.06%, 9, 0, 11, 360.16
1735521659, 34, 46, 77, 11, 0, 0.06%, 9, 0, 11, 354.48
1735521664, 34, 47, 77, 11, 0, 0.06%, 9, 0, 11, 327.58
1735521669, 34, 48, 77, 11, 0, 0.06%, 9, 0, 11, 349.67
1735521674, 34, 54, 77, 11, 0, 0.06%, 9, 0, 11, 365.64
1735521679, 34, 67, 77, 11, 0, 0.06%, 9, 0, 11, 367.33
1735521684, 34, 69, 77, 11, 0, 0.06%, 9, 0, 11, 396.52
1735521689, 34, 70, 77, 11, 0, 0.06%, 9, 0, 11, 403.12
1735521694, 34, 73, 77, 11, 0, 0.06%, 9, 0, 11, 329.14
1735521705, 34, 74, 77, 11, 0, 0.06%, 9, 0, 11, 388.55
1735521710, 35, 13, 77, 11, 0, 0.06%, 9, 0, 11, 385.09
1735521715, 35, 27, 77, 11, 0, 0.06%, 9, 0, 11, 364.92
1735521720, 35, 46, 77, 11, 0, 0.06%, 9, 0, 11, 353.50
1735521725, 35, 47, 77, 11, 0, 0.06%, 9, 0, 11, 349.70
1735521730, 35, 48, 77, 11, 0, 0.06%, 9, 0, 11, 376.75
1735521735, 35, 54, 77, 11, 0, 0.06%, 9, 0, 11, 364.22
1735521740, 35, 67, 77, 11, 0, 0.06%, 9, 0, 11, 368.58
1735521745, 35, 69, 77, 11, 0, 0.06%, 9, 0, 11, 405.40
1735521750, 35, 70, 77, 11, 0, 0.06%, 9, 0, 11, 379.88
1735521760, 35, 73, 77, 11, 0, 0.06%, 9, 0, 11, 361.75
1735521765, 35, 74, 77, 11, 0, 0.06%, 9, 0, 11, 389.24
1735521776, 36, 27, 77, 11, 0, 0.06%, 9, 0, 11, 384.80
1735521781, 36, 46, 77, 11, 0, 0.06%, 9, 0, 11, 365.53
1735521786, 36, 47, 77, 11, 0, 0.06%, 9, 0, 11, 348.59
1735521791, 36, 48, 77, 11, 0, 0.06%, 9, 0, 11, 358.01
1735521796, 36, 54, 77, 11, 0, 0.06%, 9, 0, 11, 379.40
1735521801, 36, 67, 77, 11, 0, 0.06%, 9, 0, 11, 372.63
1735521806, 36, 69, 77, 11, 0, 0.06%, 9, 0, 11, 376.86
1735521816, 36, 70, 77, 11, 0, 0.06%, 9, 0, 11, 352.20
1735521821, 36, 73, 77, 11, 0, 0.06%, 9, 0, 11, 388.52
1735521826, 36, 74, 77, 11, 0, 0.06%, 9, 0, 11, 328.47
1735521836, 37, 13, 77, 11, 0, 0.06%, 9, 0, 11, 349.79
1735521842, 37, 46, 77, 11, 0, 0.06%, 9, 0, 11, 350.19
1735521847, 37, 47, 77, 11, 0, 0.06%, 9, 0, 11, 354.65
1735521852, 37, 48, 77, 11, 0, 0.06%, 9, 0, 11, 306.29
1735521857, 37, 54, 77, 11, 0, 0.06%, 9, 0, 11, 341.23
1735521862, 37, 67, 77, 11, 0, 0.06%, 9, 0, 11, 324.64
1735521867, 37, 69, 77, 11, 0, 0.06%, 9, 0, 11, 344.08
1735521877, 37, 70, 77, 11, 0, 0.06%, 9, 0, 11, 362.55
1735521883, 37, 73, 77, 11, 0, 0.06%, 9, 0, 11, 321.47
1735521893, 37, 74, 77, 11, 0, 0.06%, 9, 0, 11, 370.33
1735521898, 38, 13, 77, 11, 0, 0.06%, 9, 0, 11, 375.61
1735521903, 38, 27, 77, 11, 0, 0.06%, 9, 0, 11, 348.24
1735521908, 38, 46, 77, 11, 0, 0.06%, 9, 0, 11, 348.21
1735521913, 38, 48, 77, 11, 0, 0.06%, 9, 0, 11, 354.04
1735521923, 38, 54, 77, 11, 0, 0.06%, 9, 0, 11, 365.11
1735521928, 38, 67, 77, 11, 0, 0.06%, 9, 0, 11, 346.04
1735521934, 38, 69, 77, 11, 0, 0.06%, 9, 0, 11, 361.34
1735521939, 38, 70, 77, 11, 0, 0.06%, 9, 0, 11, 376.25
1735521944, 38, 73, 77, 11, 0, 0.06%, 9, 0, 11, 361.08
1735521954, 38, 74, 77, 11, 0, 0.06%, 9, 0, 11, 371.18
1735521964, 39, 27, 77, 11, 0, 0.06%, 9, 0, 11, 349.03
1735521969, 39, 46, 77, 11, 0, 0.06%, 9, 0, 11, 365.69
1735521974, 39, 47, 77, 11, 0, 0.06%, 9, 0, 11, 352.24
1735521979, 39, 48, 77, 11, 0, 0.06%, 9, 0, 11, 315.89
1735521984, 39, 54, 77, 11, 0, 0.06%, 9, 0, 11, 412.20
1735521989, 39, 67, 77, 11, 0, 0.06%, 9, 0, 11, 394.70
1735521994, 39, 69, 77, 11, 0, 0.06%, 9, 0, 11, 406.92
1735521999, 39, 70, 77, 11, 0, 0.06%, 9, 0, 11, 370.85
1735522010, 39, 71, 77, 11, 0, 0.06%, 9, 0, 11, 278.51
1735522348, 39, 72, 77, 11, 0, 0.06%, 9, 0, 11, 277.15
1735522739, 39, 73, 77, 10, 0, 0.06%, 9, 0, 11, 433.28
1735522821, 39, 74, 77, 10, 0, 0.06%, 9, 0, 11, 365.52
1735522903, 39, 75, 77, 10, 0, 0.06%, 9, 0, 11, 303.13
1735522928, 39, 76, 77, 10, 0, 0.06%, 9, 0, 11, 327.37
1735523061, 40, 14, 77, 9, 0, 0.06%, 9, 0, 11, 329.60
1735523066, 40, 17, 77, 9, 0, 0.06%, 9, 0, 11, 351.36
1735523071, 40, 18, 77, 9, 0, 0.06%, 9, 0, 11, 313.15
1735523076, 40, 19, 77, 9, 0, 0.06%, 9, 0, 11, 298.09
1735523081, 40, 20, 77, 9, 0, 0.06%, 9, 0, 11, 282.22
1735523086, 40, 22, 77, 9, 0, 0.06%, 9, 0, 11, 320.15
1735523091, 40, 23, 77, 9, 0, 0.06%, 9, 0, 11, 321.80
1735523096, 40, 24, 77, 9, 0, 0.06%, 9, 0, 11, 320.23
1735523101, 40, 25, 77, 9, 0, 0.06%, 9, 0, 11, 295.29
1735523107, 40, 27, 77, 9, 0, 0.06%, 9, 0, 11, 345.03
1735523112, 40, 28, 77, 9, 0, 0.06%, 9, 0, 11, 365.40
1735523117, 40, 29, 77, 9, 0, 0.06%, 9, 0, 11, 345.14
1735523127, 40, 30, 77, 9, 0, 0.06%, 9, 0, 11, 361.39
1735523137, 40, 32, 77, 9, 0, 0.06%, 9, 0, 11, 328.35
1735523142, 40, 33, 77, 9, 0, 0.06%, 9, 0, 11, 332.41
1735523147, 40, 35, 77, 9, 0, 0.06%, 9, 0, 11, 365.15
1735523157, 40, 36, 77, 9, 0, 0.06%, 9, 0, 11, 317.08
1735523163, 40, 37, 77, 9, 0, 0.06%, 9, 0, 11, 399.08
1735523173, 40, 38, 77, 9, 0, 0.06%, 9, 0, 11, 339.77
1735523178, 40, 40, 77, 9, 0, 0.06%, 9, 0, 11, 345.39
1735523188, 40, 41, 77, 9, 0, 0.06%, 9, 0, 11, 354.83
1735523193, 40, 42, 77, 9, 0, 0.06%, 9, 0, 11, 373.83
1735523198, 40, 43, 77, 9, 0, 0.06%, 9, 0, 11, 375.26
1735523213, 40, 44, 77, 9, 0, 0.06%, 9, 0, 11, 370.52
1735523218, 40, 45, 77, 9, 0, 0.06%, 9, 0, 11, 351.19
1735523223, 40, 46, 77, 9, 0, 0.06%, 9, 0, 11, 366.69
1735523229, 40, 47, 77, 9, 0, 0.06%, 9, 0, 11, 351.76
1735523234, 40, 48, 77, 9, 0, 0.06%, 9, 0, 11, 350.42
1735523239, 40, 49, 77, 9, 0, 0.06%, 9, 0, 11, 315.85
1735523244, 40, 50, 77, 9, 0, 0.06%, 9, 0, 11, 327.29
1735523249, 40, 51, 77, 9, 0, 0.06%, 9, 0, 11, 314.01
1735523254, 40, 52, 77, 9, 0, 0.06%, 9, 0, 11, 350.41
1735523264, 40, 53, 77, 9, 0, 0.06%, 9, 0, 11, 361.17
1735523274, 40, 55, 77, 9, 0, 0.06%, 9, 0, 11, 349.65
1735523386, 40, 60, 77, 8, 0, 0.06%, 9, 0, 11, 332.57
1735523391, 40, 62, 77, 8, 0, 0.06%, 9, 0, 11, 378.14
1735523396, 40, 63, 77, 8, 0, 0.06%, 9, 0, 11, 343.96
1735523406, 40, 64, 77, 8, 0, 0.06%, 9, 0, 11, 378.26
1735523411, 40, 65, 77, 8, 0, 0.06%, 9, 0, 11, 334.40
1735523422, 40, 66, 77, 8, 0, 0.06%, 9, 0, 11, 398.20
1735523534, 40, 67, 77, 7, 0, 0.06%, 9, 0, 11, 347.88
1735523539, 40, 68, 77, 7, 0, 0.06%, 9, 0, 11, 357.27
1735523549, 40, 69, 77, 7, 0, 0.06%, 9, 0, 11, 354.02
1735523554, 40, 70, 77, 7, 0, 0.06%, 9, 0, 11, 389.41
1735523559, 40, 73, 77, 7, 0, 0.06%, 9, 0, 11, 329.72
1735523569, 40, 74, 77, 7, 0, 0.06%, 9, 0, 11, 373.95
1735523574, 40, 75, 77, 7, 0, 0.06%, 9, 0, 11, 344.72
1735523605, 40, 76, 77, 7, 0, 0.06%, 9, 0, 11, 396.94
1735523630, 41, 13, 77, 7, 0, 0.06%, 9, 0, 11, 315.84
1735523635, 41, 14, 77, 7, 0, 0.06%, 9, 0, 11, 340.91
1735523640, 41, 19, 77, 7, 0, 0.06%, 9, 0, 11, 296.22
1735523645, 41, 20, 77, 7, 0, 0.06%, 9, 0, 11, 283.02
1735523650, 41, 22, 77, 7, 0, 0.06%, 9, 0, 11, 329.77
1735523655, 41, 23, 77, 7, 0, 0.06%, 9, 0, 11, 307.29
1735523661, 41, 24, 77, 7, 0, 0.06%, 9, 0, 11, 325.16
1735523666, 41, 26, 77, 7, 0, 0.06%, 9, 0, 11, 313.99
1735523671, 41, 27, 77, 7, 0, 0.06%, 9, 0, 11, 311.03
1735523676, 41, 28, 77, 7, 0, 0.06%, 9, 0, 11, 336.02
1735523681, 41, 38, 77, 7, 0, 0.06%, 9, 0, 11, 348.25
1735523686, 41, 44, 77, 7, 0, 0.06%, 9, 0, 11, 377.46
1735523691, 41, 45, 77, 7, 0, 0.06%, 9, 0, 11, 351.82
1735523696, 41, 46, 77, 7, 0, 0.06%, 9, 0, 11, 331.03
1735523701, 41, 47, 77, 7, 0, 0.06%, 9, 0, 11, 339.27
1735523706, 41, 48, 77, 7, 0, 0.06%, 9, 0, 11, 313.52
1735523716, 41, 50, 77, 7, 0, 0.06%, 9, 0, 11, 324.86
1735523721, 41, 60, 77, 7, 0, 0.06%, 9, 0, 11, 342.66
1735523732, 41, 62, 77, 7, 0, 0.06%, 9, 0, 11, 353.22
1735523737, 41, 63, 77, 7, 0, 0.06%, 9, 0, 11, 364.48
1735523747, 41, 64, 77, 7, 0, 0.06%, 9, 0, 11, 343.73
1735523752, 41, 67, 77, 7, 0, 0.06%, 9, 0, 11, 358.71
1735523757, 41, 68, 77, 7, 0, 0.06%, 9, 0, 11, 348.00
1735523767, 41, 69, 77, 7, 0, 0.06%, 9, 0, 11, 370.17
1735523772, 41, 70, 77, 7, 0, 0.06%, 9, 0, 11, 362.49
1735523782, 41, 73, 77, 7, 0, 0.06%, 9, 0, 11, 368.56
1735523788, 41, 74, 77, 7, 0, 0.06%, 9, 0, 11, 360.68
1735523798, 41, 75, 77, 7, 0, 0.06%, 9, 0, 11, 403.62
1735523823, 41, 76, 77, 7, 0, 0.06%, 9, 0, 11, 383.60
1735523848, 42, 13, 77, 7, 0, 0.06%, 9, 0, 11, 333.40
1735523853, 42, 14, 77, 7, 0, 0.06%, 9, 0, 11, 332.89
1735523858, 42, 19, 77, 7, 0, 0.06%, 9, 0, 11, 285.83
1735523863, 42, 20, 77, 7, 0, 0.06%, 9, 0, 11, 271.06
1735523868, 42, 22, 77, 7, 0, 0.06%, 9, 0, 11, 303.12
1735523873, 42, 23, 77, 7, 0, 0.06%, 9, 0, 11, 311.81
1735523879, 42, 24, 77, 7, 0, 0.06%, 9, 0, 11, 326.67
1735523884, 42, 25, 77, 7, 0, 0.06%, 9, 0, 11, 315.52
1735523889, 42, 27, 77, 7, 0, 0.06%, 9, 0, 11, 325.43
1735523894, 42, 28, 77, 7, 0, 0.06%, 9, 0, 11, 348.19
1735523899, 42, 38, 77, 7, 0, 0.06%, 9, 0, 11, 351.02
1735523904, 42, 44, 77, 7, 0, 0.06%, 9, 0, 11, 366.98
1735523914, 42, 45, 77, 7, 0, 0.06%, 9, 0, 11, 320.36
1735523919, 42, 47, 77, 7, 0, 0.06%, 9, 0, 11, 380.66
1735523924, 42, 48, 77, 7, 0, 0.06%, 9, 0, 11, 320.28
1735523934, 42, 54, 77, 7, 0, 0.06%, 9, 0, 11, 317.67
1735523940, 42, 60, 77, 7, 0, 0.06%, 9, 0, 11, 331.17
1735523945, 42, 62, 77, 7, 0, 0.06%, 9, 0, 11, 359.27
1735523955, 42, 63, 77, 7, 0, 0.06%, 9, 0, 11, 347.78
1735523965, 42, 64, 77, 7, 0, 0.06%, 9, 0, 11, 352.02
1735523970, 42, 67, 77, 7, 0, 0.06%, 9, 0, 11, 337.96
1735523975, 42, 68, 77, 7, 0, 0.06%, 9, 0, 11, 318.33
1735523985, 42, 69, 77, 7, 0, 0.06%, 9, 0, 11, 375.81
1735523990, 42, 70, 77, 7, 0, 0.06%, 9, 0, 11, 349.01
1735524000, 42, 73, 77, 7, 0, 0.06%, 9, 0, 11, 389.65
1735524005, 42, 74, 77, 7, 0, 0.06%, 9, 0, 11, 350.13
1735524016, 42, 75, 77, 7, 0, 0.06%, 9, 0, 11, 393.89
1735524041, 42, 76, 77, 7, 0, 0.06%, 9, 0, 11, 347.60
1735524072, 43, 14, 77, 7, 0, 0.06%, 9, 0, 11, 321.04
1735524077, 43, 19, 77, 7, 0, 0.06%, 9, 0, 11, 300.88
1735524082, 43, 20, 77, 7, 0, 0.06%, 9, 0, 11, 271.18
1735524087, 43, 22, 77, 7, 0, 0.06%, 9, 0, 11, 323.99
1735524092, 43, 23, 77, 7, 0, 0.06%, 9, 0, 11, 351.10
1735524097, 43, 24, 77, 7, 0, 0.06%, 9, 0, 11, 345.03
1735524102, 43, 25, 77, 7, 0, 0.06%, 9, 0, 11, 328.06
1735524108, 43, 26, 77, 7, 0, 0.06%, 9, 0, 11, 332.72
1735524113, 43, 27, 77, 7, 0, 0.06%, 9, 0, 11, 319.21
1735524118, 43, 28, 77, 7, 0, 0.06%, 9, 0, 11, 318.75
1735524123, 43, 44, 77, 7, 0, 0.06%, 9, 0, 11, 330.69
1735524133, 43, 45, 77, 7, 0, 0.06%, 9, 0, 11, 322.87
1735524138, 43, 46, 77, 7, 0, 0.06%, 9, 0, 11, 332.66
1735524143, 43, 48, 77, 7, 0, 0.06%, 9, 0, 11, 343.24
1735524153, 43, 50, 77, 7, 0, 0.06%, 9, 0, 11, 337.05
1735524158, 43, 54, 77, 7, 0, 0.06%, 9, 0, 11, 334.43
1735524163, 43, 60, 77, 7, 0, 0.06%, 9, 0, 11, 339.08
1735524169, 43, 62, 77, 7, 0, 0.06%, 9, 0, 11, 372.96
1735524174, 43, 63, 77, 7, 0, 0.06%, 9, 0, 11, 340.43
1735524184, 43, 64, 77, 7, 0, 0.06%, 9, 0, 11, 372.53
1735524189, 43, 67, 77, 7, 0, 0.06%, 9, 0, 11, 330.79
1735524194, 43, 68, 77, 7, 0, 0.06%, 9, 0, 11, 357.10
1735524204, 43, 69, 77, 7, 0, 0.06%, 9, 0, 11, 392.62
1735524209, 43, 70, 77, 7, 0, 0.06%, 9, 0, 11, 331.30
1735524219, 43, 73, 77, 7, 0, 0.06%, 9, 0, 11, 377.03
1735524224, 43, 74, 77, 7, 0, 0.06%, 9, 0, 11, 356.33
1735524234, 43, 75, 77, 7, 0, 0.06%, 9, 0, 11, 398.88
1735524260, 43, 76, 77, 7, 0, 0.06%, 9, 0, 11, 339.18
1735524290, 44, 14, 77, 7, 0, 0.06%, 9, 0, 11, 345.20
1735524295, 44, 19, 77, 7, 0, 0.06%, 9, 0, 11, 299.61
1735524300, 44, 20, 77, 7, 0, 0.06%, 9, 0, 11, 273.78
1735524305, 44, 22, 77, 7, 0, 0.06%, 9, 0, 11, 335.78
1735524310, 44, 23, 77, 7, 0, 0.06%, 9, 0, 11, 340.22
1735524315, 44, 24, 77, 7, 0, 0.06%, 9, 0, 11, 343.59
1735524320, 44, 25, 77, 7, 0, 0.06%, 9, 0, 11, 331.89
1735524325, 44, 26, 77, 7, 0, 0.06%, 9, 0, 11, 325.14
1735524330, 44, 27, 77, 7, 0, 0.06%, 9, 0, 11, 331.41
1735524335, 44, 38, 77, 7, 0, 0.06%, 9, 0, 11, 366.95
1735524341, 44, 44, 77, 7, 0, 0.06%, 9, 0, 11, 345.86
1735524351, 44, 45, 77, 7, 0, 0.06%, 9, 0, 11, 321.82
1735524356, 44, 47, 77, 7, 0, 0.06%, 9, 0, 11, 381.61
1735524361, 44, 48, 77, 7, 0, 0.06%, 9, 0, 11, 350.69
1735524371, 44, 50, 77, 7, 0, 0.06%, 9, 0, 11, 316.97
1735524376, 44, 60, 77, 7, 0, 0.06%, 9, 0, 11, 346.02
1735524386, 44, 62, 77, 7, 0, 0.06%, 9, 0, 11, 353.95
1735524391, 44, 63, 77, 7, 0, 0.06%, 9, 0, 11, 347.30
1735524402, 44, 64, 77, 7, 0, 0.06%, 9, 0, 11, 359.36
1735524407, 44, 67, 77, 7, 0, 0.06%, 9, 0, 11, 287.38
1735524412, 44, 68, 77, 7, 0, 0.06%, 9, 0, 11, 346.11
1735524422, 44, 69, 77, 7, 0, 0.06%, 9, 0, 11, 388.74
1735524427, 44, 70, 77, 7, 0, 0.06%, 9, 0, 11, 332.48
1735524437, 44, 73, 77, 7, 0, 0.06%, 9, 0, 11, 378.68
1735524442, 44, 74, 77, 7, 0, 0.06%, 9, 0, 11, 396.24
1735524453, 44, 75, 77, 7, 0, 0.06%, 9, 0, 11, 398.78
1735524463, 44, 76, 77, 7, 0, 0.06%, 9, 0, 11, 318.27
1735524488, 45, 13, 77, 7, 0, 0.06%, 9, 0, 11, 379.77
1735524493, 45, 14, 77, 7, 0, 0.06%, 9, 0, 11, 359.50
1735524498, 45, 19, 77, 7, 0, 0.06%, 9, 0, 11, 301.68
1735524503, 45, 20, 77, 7, 0, 0.06%, 9, 0, 11, 279.49
1735524508, 45, 22, 77, 7, 0, 0.06%, 9, 0, 11, 338.78
1735524513, 45, 23, 77, 7, 0, 0.06%, 9, 0, 11, 337.44
1735524518, 45, 24, 77, 7, 0, 0.06%, 9, 0, 11, 347.93
1735524523, 45, 25, 77, 7, 0, 0.06%, 9, 0, 11, 310.10
1735524529, 45, 26, 77, 7, 0, 0.06%, 9, 0, 11, 342.85
1735524534, 45, 27, 77, 7, 0, 0.06%, 9, 0, 11, 333.95
1735524539, 45, 38, 77, 7, 0, 0.06%, 9, 0, 11, 323.09
1735524544, 45, 44, 77, 7, 0, 0.06%, 9, 0, 11, 349.97
1735524554, 45, 45, 77, 7, 0, 0.06%, 9, 0, 11, 329.66
1735524559, 45, 46, 77, 7, 0, 0.06%, 9, 0, 11, 339.94
1735524564, 45, 48, 77, 7, 0, 0.06%, 9, 0, 11, 364.51
1735524574, 45, 50, 77, 7, 0, 0.06%, 9, 0, 11, 320.63
1735524579, 45, 54, 77, 7, 0, 0.06%, 9, 0, 11, 336.24
1735524584, 45, 60, 77, 7, 0, 0.06%, 9, 0, 11, 336.78
1735524589, 45, 62, 77, 7, 0, 0.06%, 9, 0, 11, 375.86
1735524594, 45, 63, 77, 7, 0, 0.06%, 9, 0, 11, 345.95
1735524605, 45, 64, 77, 7, 0, 0.06%, 9, 0, 11, 374.96
1735524610, 45, 67, 77, 7, 0, 0.06%, 9, 0, 11, 329.47
1735524615, 45, 68, 77, 7, 0, 0.06%, 9, 0, 11, 360.28
1735524625, 45, 69, 77, 7, 0, 0.06%, 9, 0, 11, 390.98
1735524630, 45, 70, 77, 7, 0, 0.06%, 9, 0, 11, 332.02
1735524640, 45, 73, 77, 7, 0, 0.06%, 9, 0, 11, 377.34
1735524645, 45, 74, 77, 7, 0, 0.06%, 9, 0, 11, 360.47
1735524655, 45, 75, 77, 7, 0, 0.06%, 9, 0, 11, 359.45
1735524660, 45, 76, 77, 7, 0, 0.06%, 9, 0, 11, 368.37
1735524676, 46, 13, 77, 7, 0, 0.06%, 9, 0, 11, 329.16
1735524681, 46, 14, 77, 7, 0, 0.06%, 9, 0, 11, 311.35
1735524686, 46, 19, 77, 7, 0, 0.06%, 9, 0, 11, 280.50
1735524691, 46, 20, 77, 7, 0, 0.06%, 9, 0, 11, 297.04
1735524696, 46, 22, 77, 7, 0, 0.06%, 9, 0, 11, 325.15
1735524701, 46, 23, 77, 7, 0, 0.06%, 9, 0, 11, 297.51
1735524706, 46, 25, 77, 7, 0, 0.06%, 9, 0, 11, 327.00
1735524711, 46, 26, 77, 7, 0, 0.06%, 9, 0, 11, 351.64
1735524716, 46, 27, 77, 7, 0, 0.06%, 9, 0, 11, 354.56
1735524721, 46, 28, 77, 7, 0, 0.06%, 9, 0, 11, 358.98
1735524726, 46, 38, 77, 7, 0, 0.06%, 9, 0, 11, 341.74
1735524731, 46, 44, 77, 7, 0, 0.06%, 9, 0, 11, 362.58
1735524736, 46, 45, 77, 7, 0, 0.06%, 9, 0, 11, 310.80
1735524741, 46, 46, 77, 7, 0, 0.06%, 9, 0, 11, 331.64
1735524746, 46, 47, 77, 7, 0, 0.06%, 9, 0, 11, 374.60
1735524752, 46, 48, 77, 7, 0, 0.06%, 9, 0, 11, 297.80
1735524757, 46, 50, 77, 7, 0, 0.06%, 9, 0, 11, 358.20
1735524762, 46, 54, 77, 7, 0, 0.06%, 9, 0, 11, 381.95
1735524767, 46, 60, 77, 7, 0, 0.06%, 9, 0, 11, 347.92
1735524772, 46, 62, 77, 7, 0, 0.06%, 9, 0, 11, 318.91
1735524782, 46, 63, 77, 7, 0, 0.06%, 9, 0, 11, 356.41
1735524792, 46, 64, 77, 7, 0, 0.06%, 9, 0, 11, 356.23
1735524797, 46, 67, 77, 7, 0, 0.06%, 9, 0, 11, 357.35
1735524802, 46, 68, 77, 7, 0, 0.06%, 9, 0, 11, 306.20
1735524812, 46, 69, 77, 7, 0, 0.06%, 9, 0, 11, 369.96
1735524817, 46, 70, 77, 7, 0, 0.06%, 9, 0, 11, 382.30
1735524822, 46, 73, 77, 7, 0, 0.06%, 9, 0, 11, 386.21
1735524832, 46, 74, 77, 7, 0, 0.06%, 9, 0, 11, 395.05
1735524837, 46, 75, 77, 7, 0, 0.06%, 9, 0, 11, 326.24
1735524848, 46, 76, 77, 7, 0, 0.06%, 9, 0, 11, 372.03
1735524853, 47, 13, 77, 7, 0, 0.06%, 9, 0, 11, 338.86
1735524858, 47, 14, 77, 7, 0, 0.06%, 9, 0, 11, 355.45
1735524863, 47, 19, 77, 7, 0, 0.06%, 9, 0, 11, 297.81
1735524868, 47, 20, 77, 7, 0, 0.06%, 9, 0, 11, 276.33
1735524873, 47, 22, 77, 7, 0, 0.06%, 9, 0, 11, 335.69
1735524878, 47, 23, 77, 7, 0, 0.06%, 9, 0, 11, 338.89
1735524883, 47, 24, 77, 7, 0, 0.06%, 9, 0, 11, 335.27
1735524888, 47, 25, 77, 7, 0, 0.06%, 9, 0, 11, 314.45
1735524893, 47, 26, 77, 7, 0, 0.06%, 9, 0, 11, 323.22
1735524898, 47, 27, 77, 7, 0, 0.06%, 9, 0, 11, 345.70
1735524903, 47, 28, 77, 7, 0, 0.06%, 9, 0, 11, 339.90
1735524908, 47, 44, 77, 7, 0, 0.06%, 9, 0, 11, 321.69
1735524918, 47, 45, 77, 7, 0, 0.06%, 9, 0, 11, 320.28
1735524923, 47, 46, 77, 7, 0, 0.06%, 9, 0, 11, 340.48
1735524928, 47, 47, 77, 7, 0, 0.06%, 9, 0, 11, 321.63
1735524933, 47, 48, 77, 7, 0, 0.06%, 9, 0, 11, 370.03
1735524938, 47, 50, 77, 7, 0, 0.06%, 9, 0, 11, 356.66
1735524944, 47, 54, 77, 7, 0, 0.06%, 9, 0, 11, 347.58
1735524949, 47, 60, 77, 7, 0, 0.06%, 9, 0, 11, 350.75
1735524954, 47, 62, 77, 7, 0, 0.06%, 9, 0, 11, 360.26
1735524964, 47, 63, 77, 7, 0, 0.06%, 9, 0, 11, 339.87
1735524969, 47, 64, 77, 7, 0, 0.06%, 9, 0, 11, 357.43
1735524979, 47, 67, 77, 7, 0, 0.06%, 9, 0, 11, 340.97
1735524984, 47, 68, 77, 7, 0, 0.06%, 9, 0, 11, 363.54
1735524989, 47, 69, 77, 7, 0, 0.06%, 9, 0, 11, 319.68
1735524999, 47, 70, 77, 7, 0, 0.06%, 9, 0, 11, 385.73
1735525005, 47, 73, 77, 7, 0, 0.06%, 9, 0, 11, 335.68
1735525015, 47, 74, 77, 7, 0, 0.06%, 9, 0, 11, 380.17
1735525020, 47, 75, 77, 7, 0, 0.06%, 9, 0, 11, 365.28
1735525030, 47, 76, 77, 7, 0, 0.06%, 9, 0, 11, 359.19
1735525035, 48, 13, 77, 7, 0, 0.06%, 9, 0, 11, 344.47
1735525041, 48, 14, 77, 7, 0, 0.06%, 9, 0, 11, 326.37
1735525046, 48, 19, 77, 7, 0, 0.06%, 9, 0, 11, 281.58
1735525051, 48, 20, 77, 7, 0, 0.06%, 9, 0, 11, 281.68
1735525056, 48, 22, 77, 7, 0, 0.06%, 9, 0, 11, 304.90
1735525061, 48, 23, 77, 7, 0, 0.06%, 9, 0, 11, 323.05
1735525066, 48, 24, 77, 7, 0, 0.06%, 9, 0, 11, 318.15
1735525071, 48, 25, 77, 7, 0, 0.06%, 9, 0, 11, 303.06
1735525076, 48, 27, 77, 7, 0, 0.06%, 9, 0, 11, 350.74
1735525081, 48, 28, 77, 7, 0, 0.06%, 9, 0, 11, 359.64
1735525087, 48, 38, 77, 7, 0, 0.06%, 9, 0, 11, 348.45
1735525092, 48, 44, 77, 7, 0, 0.06%, 9, 0, 11, 379.76
1735525097, 48, 45, 77, 7, 0, 0.06%, 9, 0, 11, 308.60
1735525102, 48, 46, 77, 7, 0, 0.06%, 9, 0, 11, 309.61
1735525107, 48, 47, 77, 7, 0, 0.06%, 9, 0, 11, 339.18
1735525112, 48, 48, 77, 7, 0, 0.06%, 9, 0, 11, 319.58
1735525122, 48, 50, 77, 7, 0, 0.06%, 9, 0, 11, 344.61
1735525127, 48, 60, 77, 7, 0, 0.06%, 9, 0, 11, 340.10
1735525138, 48, 62, 77, 7, 0, 0.06%, 9, 0, 11, 362.27
1735525143, 48, 63, 77, 7, 0, 0.06%, 9, 0, 11, 354.20
1735525153, 48, 64, 77, 7, 0, 0.06%, 9, 0, 11, 355.09
1735525158, 48, 67, 77, 7, 0, 0.06%, 9, 0, 11, 363.87
1735525163, 48, 68, 77, 7, 0, 0.06%, 9, 0, 11, 359.61
1735525173, 48, 69, 77, 7, 0, 0.06%, 9, 0, 11, 372.11
1735525178, 48, 70, 77, 7, 0, 0.06%, 9, 0, 11, 368.27
1735525188, 48, 73, 77, 7, 0, 0.06%, 9, 0, 11, 383.23
1735525193, 48, 74, 77, 7, 0, 0.06%, 9, 0, 11, 353.39
1735525203, 48, 75, 77, 7, 0, 0.06%, 9, 0, 11, 359.71
1735525208, 48, 76, 77, 7, 0, 0.06%, 9, 0, 11, 349.28
1735525218, 49, 14, 77, 7, 0, 0.06%, 9, 0, 11, 346.21
1735525223, 49, 19, 77, 7, 0, 0.06%, 9, 0, 11, 299.37
1735525228, 49, 20, 77, 7, 0, 0.06%, 9, 0, 11, 279.31
1735525239, 49, 23, 77, 7, 0, 0.06%, 9, 0, 11, 338.86
1735525244, 49, 24, 77, 7, 0, 0.06%, 9, 0, 11, 354.77
1735525249, 49, 25, 77, 7, 0, 0.06%, 9, 0, 11, 334.04
1735525254, 49, 26, 77, 7, 0, 0.06%, 9, 0, 11, 345.43
1735525259, 49, 27, 77, 7, 0, 0.06%, 9, 0, 11, 339.82
1735525264, 49, 28, 77, 7, 0, 0.06%, 9, 0, 11, 334.36
1735525269, 49, 38, 77, 7, 0, 0.06%, 9, 0, 11, 318.88
1735525274, 49, 44, 77, 7, 0, 0.06%, 9, 0, 11, 320.38
1735525279, 49, 45, 77, 7, 0, 0.06%, 9, 0, 11, 340.56
1735525284, 49, 46, 77, 7, 0, 0.06%, 9, 0, 11, 350.85
1735525289, 49, 47, 77, 7, 0, 0.06%, 9, 0, 11, 338.77
1735525294, 49, 48, 77, 7, 0, 0.06%, 9, 0, 11, 373.74
1735525299, 49, 50, 77, 7, 0, 0.06%, 9, 0, 11, 358.36
1735525304, 49, 54, 77, 7, 0, 0.06%, 9, 0, 11, 352.25
1735525309, 49, 60, 77, 7, 0, 0.06%, 9, 0, 11, 350.27
1735525314, 49, 62, 77, 7, 0, 0.06%, 9, 0, 11, 375.41
1735525325, 49, 63, 77, 7, 0, 0.06%, 9, 0, 11, 342.03
1735525330, 49, 64, 77, 7, 0, 0.06%, 9, 0, 11, 362.50
1735525340, 49, 67, 77, 7, 0, 0.06%, 9, 0, 11, 326.50
1735525345, 49, 68, 77, 7, 0, 0.06%, 9, 0, 11, 369.07
1735525350, 49, 69, 77, 7, 0, 0.06%, 9, 0, 11, 314.67
1735525360, 49, 70, 77, 7, 0, 0.06%, 9, 0, 11, 366.67
1735525365, 49, 73, 77, 7, 0, 0.06%, 9, 0, 11, 388.19
1735525375, 49, 74, 77, 7, 0, 0.06%, 9, 0, 11, 374.75
1735525380, 49, 75, 77, 7, 0, 0.06%, 9, 0, 11, 358.46
1735525390, 49, 76, 77, 7, 0, 0.06%, 9, 0, 11, 349.38
1735525395, 50, 13, 77, 7, 0, 0.06%, 9, 0, 11, 347.64
1735525400, 50, 14, 77, 7, 0, 0.06%, 9, 0, 11, 314.11
1735525405, 50, 19, 77, 7, 0, 0.06%, 9, 0, 11, 289.44
1735525410, 50, 20, 77, 7, 0, 0.06%, 9, 0, 11, 285.35
1735525416, 50, 22, 77, 7, 0, 0.06%, 9, 0, 11, 324.92
1735525421, 50, 24, 77, 7, 0, 0.06%, 9, 0, 11, 319.66
1735525426, 50, 25, 77, 7, 0, 0.06%, 9, 0, 11, 349.51
1735525431, 50, 26, 77, 7, 0, 0.06%, 9, 0, 11, 341.41
1735525436, 50, 27, 77, 7, 0, 0.06%, 9, 0, 11, 351.79
1735525441, 50, 28, 77, 7, 0, 0.06%, 9, 0, 11, 339.77
1735525446, 50, 38, 77, 7, 0, 0.06%, 9, 0, 11, 350.68
1735525451, 50, 44, 77, 7, 0, 0.06%, 9, 0, 11, 356.42
1735525456, 50, 45, 77, 7, 0, 0.06%, 9, 0, 11, 341.59
1735525461, 50, 46, 77, 7, 0, 0.06%, 9, 0, 11, 366.91
1735525466, 50, 47, 77, 7, 0, 0.06%, 9, 0, 11, 353.54
1735525471, 50, 48, 77, 7, 0, 0.06%, 9, 0, 11, 347.18
1735525476, 50, 50, 77, 7, 0, 0.06%, 9, 0, 11, 364.56
1735525481, 50, 54, 77, 7, 0, 0.06%, 9, 0, 11, 371.35
1735525486, 50, 60, 77, 7, 0, 0.06%, 9, 0, 11, 355.74
1735525492, 50, 62, 77, 7, 0, 0.06%, 9, 0, 11, 311.65
1735525502, 50, 63, 77, 7, 0, 0.06%, 9, 0, 11, 371.66
1735525507, 50, 64, 77, 7, 0, 0.06%, 9, 0, 11, 338.07
1735525517, 50, 67, 77, 7, 0, 0.06%, 9, 0, 11, 366.40
1735525522, 50, 68, 77, 7, 0, 0.06%, 9, 0, 11, 375.25
1735525527, 50, 69, 77, 7, 0, 0.06%, 9, 0, 11, 359.50
1735525537, 50, 70, 77, 7, 0, 0.06%, 9, 0, 11, 390.75
1735525542, 50, 73, 77, 7, 0, 0.06%, 9, 0, 11, 324.48
1735525553, 50, 74, 77, 7, 0, 0.06%, 9, 0, 11, 393.45
1735525558, 50, 75, 77, 7, 0, 0.06%, 9, 0, 11, 322.00
1735525568, 50, 76, 77, 7, 0, 0.06%, 9, 0, 11, 351.44
1735525573, 51, 13, 77, 7, 0, 0.06%, 9, 0, 11, 365.77
1735525578, 51, 14, 77, 7, 0, 0.06%, 9, 0, 11, 341.68
1735525583, 51, 19, 77, 7, 0, 0.06%, 9, 0, 11, 307.65
1735525588, 51, 20, 77, 7, 0, 0.06%, 9, 0, 11, 293.68
1735525593, 51, 22, 77, 7, 0, 0.06%, 9, 0, 11, 327.16
1735525598, 51, 23, 77, 7, 0, 0.06%, 9, 0, 11, 318.07
1735525603, 51, 24, 77, 7, 0, 0.06%, 9, 0, 11, 335.87
1735525608, 51, 26, 77, 7, 0, 0.06%, 9, 0, 11, 316.00
1735525614, 51, 27, 77, 7, 0, 0.06%, 9, 0, 11, 370.65
1735525619, 51, 28, 77, 7, 0, 0.06%, 9, 0, 11, 361.92
1735525624, 51, 38, 77, 7, 0, 0.06%, 9, 0, 11, 339.10
1735525629, 51, 44, 77, 7, 0, 0.06%, 9, 0, 11, 368.92
1735525634, 51, 45, 77, 7, 0, 0.06%, 9, 0, 11, 318.33
1735525639, 51, 46, 77, 7, 0, 0.06%, 9, 0, 11, 320.90
1735525644, 51, 47, 77, 7, 0, 0.06%, 9, 0, 11, 371.59
1735525649, 51, 48, 77, 7, 0, 0.06%, 9, 0, 11, 305.89
1735525654, 51, 50, 77, 7, 0, 0.06%, 9, 0, 11, 357.37
1735525659, 51, 54, 77, 7, 0, 0.06%, 9, 0, 11, 369.48
1735525664, 51, 60, 77, 7, 0, 0.06%, 9, 0, 11, 329.84
1735525669, 51, 62, 77, 7, 0, 0.06%, 9, 0, 11, 339.10
1735525680, 51, 63, 77, 7, 0, 0.06%, 9, 0, 11, 366.56
1735525690, 51, 64, 77, 7, 0, 0.06%, 9, 0, 11, 356.40
1735525695, 51, 67, 77, 7, 0, 0.06%, 9, 0, 11, 375.82
1735525700, 51, 68, 77, 7, 0, 0.06%, 9, 0, 11, 347.97
1735525710, 51, 69, 77, 7, 0, 0.06%, 9, 0, 11, 344.92
1735525715, 51, 70, 77, 7, 0, 0.06%, 9, 0, 11, 379.57
1735525725, 51, 73, 77, 7, 0, 0.06%, 9, 0, 11, 355.09
1735525730, 51, 74, 77, 7, 0, 0.06%, 9, 0, 11, 366.92
1735525740, 51, 75, 77, 7, 0, 0.06%, 9, 0, 11, 342.66
1735525745, 51, 76, 77, 7, 0, 0.06%, 9, 0, 11, 352.47
1735525755, 52, 14, 77, 7, 0, 0.06%, 9, 0, 11, 318.62
