# unix_time, cycles_done, cur_path, paths_total, pending_total, pending_favs, map_size, unique_crashes, unique_hangs, max_depth, execs_per_sec
1734560135, 0, 0, 10, 10, 1, 0.00%, 0, 0, 1, 171.67
1734560141, 0, 2, 10, 10, 1, 0.00%, 0, 0, 1, 201.80
1734560146, 0, 3, 10, 9, 0, 0.00%, 0, 0, 1, 207.04
1734560151, 0, 4, 10, 8, 0, 0.00%, 0, 0, 1, 200.66
1734560161, 0, 5, 10, 7, 0, 0.00%, 0, 0, 1, 210.94
1734560166, 0, 6, 10, 6, 0, 0.00%, 0, 0, 1, 201.74
1734560176, 0, 7, 10, 5, 0, 0.00%, 0, 0, 1, 206.67
1734560181, 0, 8, 10, 4, 0, 0.00%, 0, 0, 1, 195.53
1734560191, 0, 9, 10, 3, 0, 0.00%, 0, 0, 1, 205.08
1734560196, 1, 0, 10, 2, 0, 0.00%, 0, 0, 1, 194.79
1734560206, 1, 1, 10, 1, 0, 0.00%, 0, 0, 1, 191.49
1734560217, 1, 2, 10, 0, 0, 0.00%, 0, 0, 1, 190.42
1734560227, 1, 3, 10, 0, 0, 0.00%, 0, 0, 1, 204.58
1734560232, 1, 5, 10, 0, 0, 0.00%, 0, 0, 1, 202.65
1734560237, 1, 6, 10, 0, 0, 0.00%, 0, 0, 1, 202.49
1734560242, 1, 7, 10, 0, 0, 0.00%, 0, 0, 1, 204.89
1734560247, 1, 9, 10, 0, 0, 0.00%, 0, 0, 1, 199.42
1734560252, 2, 0, 10, 0, 0, 0.00%, 0, 0, 1, 196.86
1734560257, 2, 1, 10, 0, 0, 0.00%, 0, 0, 1, 203.19
1734560262, 2, 3, 10, 0, 0, 0.00%, 0, 0, 1, 198.59
1734560267, 2, 4, 10, 0, 0, 0.00%, 0, 0, 1, 200.80
1734560272, 2, 5, 10, 0, 0, 0.00%, 0, 0, 1, 202.74
1734560277, 2, 7, 10, 0, 0, 0.00%, 0, 0, 1, 201.51
1734560282, 2, 8, 10, 0, 0, 0.00%, 0, 0, 1, 202.07
1734560287, 3, 0, 10, 0, 0, 0.00%, 0, 0, 1, 201.85
1734560293, 3, 1, 10, 0, 0, 0.00%, 0, 0, 1, 203.79
1734560298, 3, 2, 10, 0, 0, 0.00%, 0, 0, 1, 204.67
1734560303, 3, 4, 10, 0, 0, 0.00%, 0, 0, 1, 203.06
1734560308, 3, 5, 10, 0, 0, 0.00%, 0, 0, 1, 202.65
1734560313, 3, 6, 10, 0, 0, 0.00%, 0, 0, 1, 198.54
1734560318, 3, 8, 10, 0, 0, 0.00%, 0, 0, 1, 201.24
1734560323, 3, 9, 10, 0, 0, 0.00%, 0, 0, 1, 197.35
1734560328, 4, 0, 10, 0, 0, 0.00%, 0, 0, 1, 206.63
1734560333, 4, 2, 10, 0, 0, 0.00%, 0, 0, 1, 204.25
1734560338, 4, 3, 10, 0, 0, 0.00%, 0, 0, 1, 205.48
1734560343, 4, 5, 10, 0, 0, 0.00%, 0, 0, 1, 206.09
1734560348, 4, 6, 10, 0, 0, 0.00%, 0, 0, 1, 201.31
1734560353, 4, 7, 11, 1, 0, 0.05%, 1, 0, 2, 206.63
1734560358, 4, 10, 11, 1, 1, 0.05%, 1, 0, 2, 248.40
1734560384, 4, 10, 12, 2, 1, 0.05%, 2, 0, 3, 266.35
1734560475, 4, 11, 13, 2, 1, 0.05%, 2, 0, 4, 226.14
1734560491, 4, 11, 14, 3, 1, 0.05%, 3, 0, 4, 261.01
1734560496, 4, 11, 16, 5, 1, 0.05%, 3, 0, 4, 266.70
1734560501, 4, 11, 18, 7, 1, 0.06%, 5, 0, 4, 266.65
1734560506, 4, 11, 19, 8, 1, 0.06%, 5, 0, 4, 263.03
1734560521, 4, 11, 20, 9, 1, 0.06%, 5, 0, 4, 271.49
1734560536, 4, 11, 21, 10, 1, 0.06%, 5, 0, 4, 272.33
1734560551, 4, 11, 22, 11, 1, 0.06%, 6, 0, 4, 261.97
1734560582, 4, 11, 23, 12, 1, 0.06%, 7, 0, 4, 233.91
1734560592, 4, 22, 24, 12, 5, 0.06%, 8, 0, 5, 245.28
1734560602, 4, 22, 25, 13, 5, 0.06%, 8, 0, 5, 234.32
1734560607, 4, 22, 26, 14, 5, 0.06%, 8, 0, 5, 232.38
1734560622, 4, 22, 27, 15, 5, 0.06%, 8, 0, 5, 238.67
1734560653, 4, 22, 28, 16, 5, 0.06%, 8, 0, 5, 233.81
1734560684, 4, 22, 29, 17, 5, 0.06%, 9, 0, 5, 233.58
1734560715, 4, 22, 32, 20, 5, 0.06%, 9, 0, 5, 248.61
1734560725, 4, 28, 32, 19, 7, 0.06%, 9, 0, 5, 249.19
1734560730, 4, 28, 33, 20, 7, 0.06%, 9, 0, 6, 365.24
1734560735, 4, 28, 34, 21, 7, 0.06%, 9, 0, 6, 410.19
1734560750, 4, 28, 36, 23, 7, 0.06%, 9, 0, 6, 418.25
1734560760, 4, 28, 37, 24, 7, 0.06%, 9, 0, 6, 412.22
1734560781, 4, 28, 38, 25, 7, 0.06%, 9, 0, 6, 421.26
1734560811, 4, 34, 38, 24, 7, 0.06%, 9, 0, 6, 312.32
1734560817, 4, 34, 39, 25, 7, 0.06%, 9, 0, 7, 391.90
1734560822, 4, 34, 41, 27, 7, 0.06%, 9, 0, 7, 468.33
1734560837, 4, 34, 43, 29, 7, 0.06%, 9, 0, 7, 507.02
1734560898, 4, 34, 44, 30, 7, 0.06%, 9, 0, 7, 446.03
1734560913, 4, 34, 45, 31, 7, 0.06%, 9, 0, 7, 451.96
1734560923, 4, 34, 46, 32, 7, 0.06%, 9, 0, 7, 450.38
1734560949, 4, 36, 46, 31, 7, 0.06%, 9, 0, 7, 369.40
1734560959, 4, 36, 47, 32, 7, 0.06%, 9, 0, 7, 462.46
1734560969, 4, 36, 48, 33, 7, 0.06%, 9, 0, 7, 461.50
1734560990, 4, 36, 49, 34, 7, 0.06%, 9, 0, 7, 472.62
1734561040, 5, 23, 49, 33, 7, 0.06%, 9, 0, 7, 284.24
1734561055, 5, 23, 50, 34, 7, 0.06%, 9, 0, 7, 255.52
1734561112, 5, 23, 52, 36, 7, 0.06%, 9, 0, 7, 253.36
1734561122, 5, 25, 52, 35, 6, 0.06%, 9, 0, 7, 304.11
1734561147, 5, 25, 53, 36, 6, 0.06%, 9, 0, 7, 444.05
1734561178, 5, 25, 56, 39, 6, 0.06%, 9, 0, 7, 286.22
1734561183, 5, 32, 56, 38, 6, 0.06%, 9, 0, 7, 314.64
1734561188, 5, 32, 57, 39, 6, 0.07%, 10, 0, 7, 429.36
1734561238, 5, 56, 57, 38, 7, 0.07%, 10, 0, 7, 218.07
1734561244, 5, 56, 58, 39, 7, 0.07%, 10, 0, 8, 203.37
1734561269, 5, 56, 59, 40, 7, 0.07%, 10, 0, 8, 203.84
1734561289, 5, 56, 60, 41, 7, 0.07%, 10, 0, 8, 202.13
1734561416, 5, 58, 60, 40, 6, 0.07%, 10, 0, 8, 234.98
1734561421, 5, 58, 61, 41, 6, 0.07%, 10, 0, 9, 226.69
1734561532, 5, 58, 62, 42, 6, 0.07%, 10, 0, 9, 275.28
1734561537, 5, 58, 63, 43, 6, 0.07%, 10, 0, 9, 335.60
1734561553, 6, 13, 63, 42, 6, 0.07%, 10, 0, 9, 279.89
1734561603, 6, 15, 63, 41, 6, 0.07%, 10, 0, 9, 431.93
1734561634, 6, 23, 63, 40, 5, 0.07%, 10, 0, 9, 250.98
1734561639, 6, 26, 63, 40, 5, 0.07%, 10, 0, 9, 290.36
1734561674, 6, 49, 63, 39, 5, 0.07%, 10, 0, 9, 368.40
1734561684, 6, 49, 64, 40, 5, 0.07%, 10, 0, 9, 449.33
1734561694, 6, 49, 65, 41, 5, 0.07%, 10, 0, 9, 454.26
1734561710, 6, 49, 66, 42, 5, 0.07%, 10, 0, 9, 453.66
1734561760, 6, 50, 66, 41, 5, 0.07%, 10, 0, 9, 321.41
1734561765, 6, 50, 68, 43, 5, 0.07%, 10, 0, 9, 463.85
1734561841, 6, 52, 68, 42, 5, 0.07%, 10, 0, 9, 254.84
1734561851, 6, 52, 70, 44, 5, 0.07%, 10, 0, 9, 409.83
1734562427, 6, 64, 70, 43, 5, 0.07%, 10, 0, 9, 426.24
1734562457, 7, 13, 70, 42, 5, 0.07%, 10, 0, 9, 324.26
1734562467, 7, 32, 70, 42, 5, 0.07%, 10, 0, 9, 307.68
1734562472, 7, 36, 70, 42, 5, 0.07%, 10, 0, 9, 351.98
1734562477, 7, 46, 71, 43, 5, 0.07%, 10, 0, 9, 370.19
1734562487, 7, 46, 72, 44, 5, 0.07%, 10, 0, 9, 492.00
1734562493, 7, 46, 73, 45, 5, 0.07%, 10, 0, 9, 482.57
1734562569, 7, 47, 73, 44, 5, 0.07%, 10, 0, 9, 456.21
1734562599, 7, 47, 74, 45, 5, 0.07%, 10, 0, 9, 479.15
1734562605, 7, 47, 75, 46, 5, 0.07%, 10, 0, 9, 465.41
1734562671, 7, 48, 75, 45, 5, 0.07%, 10, 0, 9, 438.07
1734562706, 7, 49, 75, 44, 5, 0.07%, 10, 0, 9, 350.48
1734562717, 7, 50, 75, 44, 5, 0.07%, 10, 0, 9, 341.88
1734562722, 7, 51, 75, 44, 5, 0.07%, 10, 0, 9, 327.09
1734562757, 7, 53, 75, 43, 5, 0.07%, 10, 0, 9, 311.23
1734562880, 7, 63, 75, 42, 5, 0.07%, 10, 0, 9, 391.34
1734562925, 7, 64, 75, 41, 5, 0.07%, 10, 0, 9, 351.19
1734562936, 7, 65, 75, 41, 5, 0.07%, 10, 0, 9, 417.63
1734562992, 7, 66, 75, 40, 5, 0.07%, 10, 0, 9, 436.89
1734563022, 7, 67, 76, 40, 5, 0.07%, 10, 0, 9, 351.39
1734563099, 7, 70, 76, 39, 5, 0.07%, 10, 0, 9, 430.09
1734563134, 7, 71, 76, 38, 5, 0.07%, 10, 0, 9, 451.68
1734563237, 7, 71, 77, 39, 5, 0.07%, 10, 0, 9, 481.36
1734563252, 7, 71, 78, 40, 5, 0.07%, 10, 0, 9, 483.04
1734563294, 7, 72, 78, 39, 5, 0.07%, 10, 0, 9, 363.55
1734563365, 7, 73, 78, 38, 5, 0.07%, 10, 0, 9, 301.08
1734563829, 7, 75, 79, 38, 5, 0.07%, 10, 0, 9, 357.37
1734563895, 8, 17, 79, 37, 5, 0.07%, 10, 0, 9, 246.42
1734563941, 8, 23, 79, 36, 4, 0.07%, 10, 0, 9, 248.78
1734563946, 8, 26, 79, 36, 4, 0.07%, 10, 0, 9, 299.88
1734563951, 8, 49, 79, 36, 4, 0.07%, 10, 0, 9, 327.40
1734563956, 8, 50, 79, 36, 4, 0.07%, 10, 0, 9, 352.88
1734563962, 8, 51, 79, 36, 4, 0.07%, 10, 0, 9, 398.53
1734563972, 8, 56, 79, 36, 4, 0.07%, 10, 0, 9, 240.08
1734563982, 8, 57, 79, 36, 4, 0.07%, 10, 0, 9, 241.40
1734564048, 8, 57, 80, 37, 4, 0.09%, 11, 0, 9, 244.36
1734564068, 8, 79, 80, 36, 2, 0.09%, 11, 0, 9, 284.88
1734564078, 8, 79, 81, 37, 2, 0.09%, 12, 0, 10, 313.77
1734564200, 8, 80, 81, 36, 2, 0.09%, 12, 0, 10, 325.59
1734564205, 8, 80, 83, 38, 2, 0.13%, 14, 0, 11, 433.94
1734564236, 8, 80, 85, 40, 2, 0.13%, 15, 0, 11, 512.74
1734564241, 8, 80, 86, 41, 2, 0.13%, 15, 0, 11, 519.68
1734564257, 8, 80, 88, 43, 2, 0.13%, 16, 0, 11, 523.12
1734564262, 8, 80, 89, 44, 2, 0.13%, 16, 0, 11, 526.66
1734564272, 8, 80, 90, 45, 2, 0.13%, 17, 0, 11, 516.80
1734564282, 8, 80, 91, 46, 2, 0.13%, 17, 0, 11, 526.08
1734564298, 8, 80, 92, 47, 2, 0.13%, 17, 0, 11, 454.86
1734564313, 8, 87, 95, 49, 6, 0.14%, 18, 0, 12, 342.99
1734564318, 8, 87, 97, 51, 6, 0.14%, 19, 0, 12, 294.46
1734564323, 8, 87, 99, 53, 6, 0.14%, 19, 0, 12, 282.26
1734564333, 8, 87, 100, 54, 6, 0.14%, 19, 0, 12, 282.17
1734564389, 8, 87, 101, 55, 6, 0.14%, 19, 0, 12, 289.00
1734564425, 8, 87, 102, 56, 6, 0.14%, 19, 0, 12, 289.43
1734564451, 8, 89, 102, 55, 7, 0.14%, 19, 0, 12, 375.12
1734564481, 8, 89, 104, 57, 7, 0.14%, 19, 0, 12, 352.65
1734564583, 8, 93, 104, 56, 5, 0.14%, 19, 0, 12, 342.11
1734564588, 8, 93, 105, 57, 5, 0.14%, 19, 0, 13, 336.10
1734564704, 8, 95, 105, 56, 4, 0.14%, 19, 0, 13, 276.88
1734564714, 8, 95, 106, 57, 4, 0.14%, 19, 0, 13, 304.55
1734564719, 8, 95, 111, 62, 4, 0.16%, 24, 0, 13, 223.12
1734564791, 8, 95, 112, 63, 4, 0.16%, 24, 0, 13, 516.80
1734564847, 8, 106, 112, 62, 9, 0.16%, 24, 0, 13, 284.12
1734564867, 8, 106, 113, 63, 9, 0.16%, 24, 0, 14, 359.03
1734564872, 8, 106, 114, 64, 9, 0.16%, 24, 0, 14, 354.53
1734564973, 8, 108, 114, 63, 8, 0.16%, 24, 0, 14, 376.48
1734564994, 8, 108, 115, 64, 8, 0.16%, 24, 0, 14, 364.87
1734565035, 8, 108, 116, 65, 8, 0.16%, 25, 0, 14, 372.70
1734565070, 8, 108, 117, 66, 8, 0.16%, 25, 0, 14, 374.52
1734565101, 8, 110, 117, 65, 8, 0.16%, 25, 0, 14, 345.57
1734565116, 8, 110, 119, 67, 8, 0.16%, 25, 0, 14, 329.22
1734565121, 8, 110, 120, 68, 8, 0.16%, 25, 0, 14, 369.03
1734565131, 8, 110, 121, 69, 8, 0.16%, 25, 0, 14, 370.94
1734565146, 8, 110, 122, 70, 8, 0.16%, 25, 0, 14, 368.92
1734565227, 8, 115, 122, 69, 7, 0.16%, 25, 0, 14, 323.93
1734565232, 8, 115, 124, 71, 7, 0.17%, 26, 0, 15, 322.33
1734565252, 8, 115, 134, 81, 7, 0.18%, 27, 0, 15, 376.94
1734565257, 8, 115, 137, 84, 7, 0.18%, 27, 0, 15, 415.59
1734565262, 8, 115, 149, 96, 7, 0.18%, 27, 0, 15, 439.37
1734565319, 8, 115, 151, 98, 7, 0.18%, 27, 0, 15, 414.72
1734565324, 8, 115, 153, 100, 7, 0.18%, 27, 0, 15, 490.18
1734565334, 8, 115, 154, 101, 7, 0.18%, 27, 0, 15, 506.32
1734565349, 8, 115, 156, 103, 7, 0.18%, 27, 0, 15, 513.26
1734565400, 9, 109, 156, 102, 7, 0.18%, 27, 0, 15, 383.77
1734565420, 9, 109, 157, 103, 7, 0.18%, 27, 0, 15, 364.28
1734565492, 9, 109, 158, 104, 7, 0.18%, 27, 0, 15, 384.01
1734565497, 10, 107, 158, 103, 6, 0.18%, 27, 0, 15, 397.11
1734565517, 10, 107, 159, 104, 6, 0.18%, 27, 0, 15, 355.37
1734565578, 10, 107, 160, 105, 6, 0.18%, 27, 0, 15, 346.70
1734565593, 10, 122, 160, 104, 6, 0.18%, 27, 0, 15, 329.38
1734565598, 10, 122, 161, 105, 6, 0.18%, 28, 0, 16, 355.16
1734565696, 10, 122, 162, 106, 6, 0.18%, 28, 0, 16, 512.65
1734565757, 10, 160, 162, 105, 7, 0.18%, 28, 0, 16, 356.13
1734565767, 10, 160, 163, 106, 7, 0.19%, 29, 0, 17, 328.81
1734565772, 10, 160, 164, 107, 7, 0.20%, 30, 0, 17, 313.28
1734565848, 10, 160, 165, 108, 7, 0.20%, 30, 0, 17, 502.31
1734565853, 10, 160, 166, 109, 7, 0.20%, 30, 0, 17, 498.33
1734565924, 10, 162, 166, 108, 8, 0.20%, 30, 0, 17, 327.46
1734566021, 10, 162, 167, 109, 8, 0.20%, 30, 0, 18, 498.70
1734566092, 10, 163, 167, 108, 7, 0.20%, 30, 0, 18, 345.18
1734566190, 10, 163, 168, 109, 7, 0.20%, 30, 0, 18, 490.94
1734566236, 10, 163, 169, 110, 7, 0.20%, 31, 0, 18, 399.30
1734566256, 10, 168, 169, 109, 7, 0.20%, 31, 0, 18, 324.53
1734566343, 10, 168, 170, 110, 7, 0.20%, 31, 0, 19, 496.68
1734566358, 10, 168, 171, 111, 7, 0.20%, 31, 0, 19, 504.91
1734566425, 11, 82, 171, 110, 6, 0.20%, 31, 0, 19, 437.72
1734566455, 11, 82, 172, 111, 6, 0.20%, 31, 0, 19, 498.09
1734566512, 11, 89, 172, 110, 5, 0.20%, 31, 0, 19, 366.88
1734566547, 11, 102, 173, 111, 5, 0.20%, 31, 0, 19, 448.36
1734566573, 11, 102, 174, 112, 5, 0.20%, 31, 0, 19, 366.82
1734566588, 11, 102, 175, 113, 5, 0.20%, 31, 0, 19, 356.24
1734566634, 11, 102, 176, 114, 5, 0.20%, 31, 0, 19, 363.53
1734566674, 11, 171, 176, 113, 5, 0.20%, 31, 0, 19, 407.13
1734566715, 11, 171, 177, 114, 5, 0.20%, 31, 0, 19, 516.58
1734566736, 11, 171, 178, 115, 5, 0.20%, 31, 0, 19, 523.72
1734566772, 11, 172, 178, 114, 6, 0.20%, 31, 0, 19, 427.24
1734566863, 11, 173, 178, 113, 6, 0.20%, 31, 0, 19, 384.98
1734566914, 11, 173, 179, 114, 6, 0.20%, 31, 0, 19, 370.84
1734566944, 11, 173, 180, 115, 6, 0.20%, 31, 0, 19, 366.59
1734566995, 11, 173, 181, 116, 6, 0.20%, 31, 0, 19, 391.48
1734567011, 11, 176, 181, 115, 6, 0.20%, 31, 0, 19, 384.16
1734567077, 11, 176, 182, 116, 6, 0.20%, 31, 0, 19, 386.36
1734567082, 11, 177, 182, 115, 5, 0.20%, 31, 0, 19, 402.88
1734567139, 11, 177, 183, 116, 5, 0.20%, 31, 0, 19, 517.73
1734567180, 11, 178, 183, 115, 5, 0.20%, 31, 0, 19, 395.58
1734567251, 11, 178, 184, 116, 5, 0.20%, 31, 0, 19, 379.57
1734567256, 11, 178, 185, 117, 5, 0.20%, 31, 0, 19, 385.81
1734567317, 11, 178, 186, 118, 5, 0.20%, 31, 0, 19, 383.09
1734567352, 11, 179, 186, 117, 5, 0.20%, 31, 0, 19, 420.76
1734567490, 11, 181, 186, 116, 5, 0.20%, 31, 0, 19, 353.62
1734567627, 12, 93, 187, 116, 5, 0.20%, 31, 0, 19, 346.58
1734567663, 12, 95, 187, 116, 5, 0.20%, 31, 0, 19, 370.14
1734567704, 12, 106, 187, 116, 5, 0.20%, 31, 0, 19, 340.51
1734567729, 12, 107, 187, 116, 5, 0.20%, 31, 0, 19, 375.56
1734567754, 12, 109, 187, 116, 5, 0.20%, 31, 0, 19, 362.28
1734567780, 12, 110, 187, 116, 5, 0.20%, 31, 0, 19, 310.67
1734567805, 12, 124, 187, 116, 5, 0.20%, 31, 0, 19, 333.42
1734567958, 12, 156, 187, 115, 4, 0.20%, 31, 0, 19, 304.84
1734567984, 12, 156, 188, 116, 4, 0.20%, 31, 0, 19, 353.09
1734567994, 12, 156, 189, 117, 4, 0.20%, 31, 0, 19, 377.73
1734568090, 12, 158, 189, 116, 4, 0.20%, 31, 0, 19, 276.25
1734568105, 12, 158, 190, 117, 4, 0.20%, 31, 0, 19, 289.10
1734568110, 12, 158, 191, 118, 4, 0.20%, 31, 0, 19, 353.93
1734568217, 12, 162, 191, 117, 3, 0.20%, 31, 0, 19, 405.07
1734568248, 12, 163, 191, 117, 3, 0.20%, 31, 0, 19, 439.74
1734568278, 12, 166, 191, 117, 3, 0.20%, 31, 0, 19, 312.92
1734568289, 12, 166, 192, 118, 3, 0.20%, 32, 0, 19, 382.82
1734568370, 12, 166, 194, 120, 3, 0.20%, 32, 0, 19, 393.77
1734568457, 12, 191, 194, 119, 4, 0.20%, 32, 0, 19, 322.91
1734568539, 12, 191, 195, 120, 4, 0.20%, 32, 0, 20, 461.84
1734568620, 12, 194, 195, 119, 3, 0.20%, 32, 0, 20, 363.09
1734568635, 12, 194, 196, 120, 3, 0.20%, 32, 0, 21, 297.69
1734568809, 13, 163, 196, 119, 3, 0.20%, 32, 0, 21, 418.68
1734568829, 13, 167, 196, 119, 3, 0.20%, 32, 0, 21, 358.93
1734568962, 13, 167, 197, 120, 3, 0.20%, 32, 0, 21, 404.77
1734569048, 13, 168, 197, 119, 3, 0.20%, 32, 0, 21, 318.34
1734569079, 13, 169, 197, 119, 3, 0.20%, 32, 0, 21, 349.66
1734569191, 13, 169, 198, 120, 3, 0.20%, 32, 0, 21, 501.51
1734569211, 13, 169, 199, 121, 3, 0.20%, 32, 0, 21, 510.07
1734569262, 13, 170, 199, 120, 3, 0.20%, 32, 0, 21, 301.41
1734569400, 13, 170, 201, 122, 3, 0.20%, 32, 0, 21, 472.20
1734569461, 13, 170, 202, 123, 3, 0.20%, 32, 0, 21, 402.41
1734569487, 13, 171, 202, 122, 3, 0.20%, 32, 0, 21, 438.94
1734569543, 13, 172, 202, 122, 3, 0.20%, 32, 0, 21, 363.22
1734569568, 13, 173, 202, 122, 3, 0.20%, 32, 0, 21, 376.68
1734569589, 13, 174, 202, 122, 3, 0.20%, 32, 0, 21, 389.22
1734569660, 13, 175, 202, 121, 3, 0.20%, 32, 0, 21, 432.20
1734569747, 13, 176, 202, 120, 3, 0.20%, 32, 0, 21, 447.03
1734569797, 13, 178, 202, 120, 3, 0.20%, 32, 0, 21, 358.80
1734569833, 13, 179, 202, 120, 3, 0.20%, 32, 0, 21, 335.73
1734569868, 13, 180, 202, 120, 3, 0.20%, 32, 0, 21, 456.35
1734570021, 13, 180, 203, 121, 3, 0.20%, 32, 0, 21, 492.79
1734570098, 13, 186, 203, 120, 3, 0.20%, 32, 0, 21, 454.69
1734570103, 13, 186, 204, 121, 3, 0.20%, 32, 0, 21, 390.04
1734570138, 13, 186, 205, 122, 3, 0.20%, 32, 0, 21, 334.90
1734570154, 13, 186, 206, 123, 3, 0.20%, 32, 0, 21, 336.05
1734570194, 13, 187, 206, 122, 3, 0.20%, 32, 0, 21, 353.80
1734570291, 13, 189, 206, 121, 3, 0.20%, 32, 0, 21, 326.59
1734570387, 13, 196, 206, 120, 3, 0.20%, 32, 0, 21, 307.53
1734570551, 13, 196, 207, 121, 3, 0.20%, 32, 0, 21, 505.69
1734570617, 13, 197, 207, 120, 3, 0.20%, 32, 0, 21, 319.47
1734570709, 14, 106, 207, 119, 3, 0.20%, 32, 0, 21, 325.29
1734570714, 14, 110, 207, 119, 3, 0.20%, 32, 0, 21, 362.48
1734570719, 14, 112, 207, 119, 3, 0.20%, 32, 0, 21, 359.61
1734570765, 14, 112, 208, 120, 3, 0.20%, 32, 0, 21, 322.59
1734570811, 14, 112, 209, 121, 3, 0.20%, 32, 0, 21, 376.47
1734570877, 14, 118, 209, 120, 3, 0.20%, 32, 0, 21, 308.86
1734570907, 14, 118, 210, 121, 3, 0.20%, 32, 0, 21, 361.07
1734571004, 14, 119, 210, 120, 3, 0.20%, 32, 0, 21, 248.65
1734571091, 14, 120, 210, 119, 3, 0.20%, 32, 0, 21, 299.80
1734571168, 14, 121, 210, 118, 2, 0.20%, 32, 0, 21, 355.43
1734571203, 14, 121, 211, 119, 2, 0.20%, 32, 0, 21, 344.49
1734571310, 14, 156, 211, 118, 2, 0.20%, 32, 0, 21, 355.92
1734571315, 14, 156, 212, 119, 2, 0.20%, 32, 0, 21, 373.05
1734571350, 14, 157, 212, 119, 2, 0.20%, 32, 0, 21, 371.40
1734571442, 14, 157, 213, 120, 2, 0.20%, 32, 0, 21, 436.49
1734571447, 14, 158, 213, 119, 2, 0.20%, 32, 0, 21, 382.32
1734571477, 14, 159, 213, 119, 2, 0.20%, 32, 0, 21, 312.49
1734571564, 14, 162, 213, 118, 2, 0.20%, 32, 0, 21, 348.74
1734571584, 14, 163, 213, 118, 2, 0.20%, 32, 0, 21, 430.76
1734571610, 14, 166, 213, 118, 2, 0.20%, 32, 0, 21, 319.05
1734571645, 14, 167, 213, 118, 2, 0.20%, 32, 0, 21, 388.90
1734571676, 14, 168, 213, 118, 2, 0.20%, 32, 0, 21, 410.05
1734571696, 14, 169, 213, 118, 2, 0.20%, 32, 0, 21, 334.84
1734571731, 14, 170, 213, 118, 2, 0.20%, 32, 0, 21, 415.18
1734571762, 14, 171, 213, 118, 2, 0.20%, 32, 0, 21, 455.98
1734571772, 14, 172, 213, 118, 2, 0.20%, 32, 0, 21, 368.30
1734571782, 14, 173, 213, 118, 2, 0.20%, 32, 0, 21, 360.69
1734571797, 14, 174, 213, 118, 2, 0.20%, 32, 0, 21, 376.17
1734571822, 14, 175, 213, 118, 2, 0.20%, 32, 0, 21, 368.87
1734571843, 14, 176, 213, 118, 2, 0.20%, 32, 0, 21, 394.33
1734571858, 14, 177, 213, 118, 2, 0.20%, 32, 0, 21, 444.63
1734571914, 14, 178, 213, 118, 2, 0.20%, 32, 0, 21, 358.22
1734571929, 14, 179, 213, 118, 2, 0.20%, 32, 0, 21, 379.47
1734571944, 14, 180, 213, 118, 2, 0.20%, 32, 0, 21, 420.07
1734571980, 14, 181, 213, 118, 2, 0.20%, 32, 0, 21, 364.94
1734572092, 14, 182, 213, 118, 2, 0.20%, 32, 0, 21, 397.01
1734572138, 14, 182, 214, 119, 2, 0.20%, 32, 0, 21, 381.29
1734572234, 14, 183, 214, 118, 2, 0.20%, 32, 0, 21, 444.29
1734572336, 14, 183, 215, 119, 2, 0.20%, 32, 0, 21, 388.78
1734572427, 14, 184, 215, 118, 2, 0.20%, 32, 0, 21, 459.35
1734572584, 14, 184, 216, 119, 2, 0.20%, 32, 0, 21, 516.12
1734572645, 14, 185, 216, 118, 2, 0.20%, 32, 0, 21, 401.08
1734572838, 14, 186, 216, 117, 2, 0.20%, 32, 0, 21, 357.19
1734572863, 14, 187, 216, 117, 2, 0.20%, 32, 0, 21, 379.55
1734572899, 14, 188, 216, 117, 2, 0.20%, 32, 0, 21, 384.06
1734573006, 14, 189, 216, 116, 2, 0.20%, 32, 0, 21, 379.81
1734573036, 14, 190, 216, 116, 2, 0.20%, 32, 0, 21, 348.62
1734573102, 14, 190, 217, 117, 2, 0.20%, 32, 0, 21, 364.89
1734573169, 14, 191, 217, 116, 2, 0.20%, 32, 0, 21, 325.05
1734573286, 14, 194, 217, 116, 2, 0.20%, 32, 0, 21, 396.11
1734573322, 14, 195, 217, 116, 2, 0.20%, 32, 0, 21, 293.59
1734573464, 14, 195, 218, 117, 2, 0.20%, 32, 0, 22, 492.54
1734573541, 14, 196, 218, 116, 2, 0.20%, 32, 0, 22, 407.42
1734573577, 14, 197, 218, 116, 2, 0.20%, 32, 0, 22, 298.68
1734573699, 14, 202, 218, 116, 2, 0.20%, 32, 0, 22, 396.28
1734573984, 14, 202, 219, 117, 2, 0.20%, 32, 0, 22, 527.96
1734574051, 14, 203, 219, 116, 2, 0.20%, 32, 0, 22, 403.05
1734574056, 14, 203, 220, 117, 2, 0.20%, 32, 0, 22, 360.49
1734574081, 14, 203, 221, 118, 2, 0.20%, 32, 0, 22, 331.62
1734574178, 14, 204, 221, 117, 2, 0.20%, 32, 0, 22, 511.91
1734574259, 14, 205, 221, 116, 2, 0.20%, 32, 0, 22, 416.20
1734574284, 14, 205, 222, 117, 2, 0.20%, 32, 0, 22, 365.57
1734574387, 14, 206, 222, 116, 2, 0.20%, 32, 0, 22, 341.67
1734574677, 14, 207, 222, 115, 2, 0.20%, 32, 0, 22, 331.55
1734574728, 14, 207, 223, 116, 2, 0.20%, 32, 0, 22, 368.04
1734574830, 14, 208, 223, 115, 2, 0.20%, 32, 0, 22, 345.84
1734574942, 14, 211, 223, 114, 2, 0.20%, 32, 0, 22, 306.92
1734575034, 14, 213, 223, 113, 2, 0.20%, 32, 0, 22, 380.28
1734575151, 15, 17, 223, 112, 2, 0.20%, 32, 0, 22, 337.62
1734575156, 15, 43, 223, 112, 2, 0.20%, 32, 0, 22, 391.90
1734575247, 15, 53, 223, 111, 2, 0.20%, 32, 0, 22, 365.61
1734575252, 15, 54, 223, 111, 2, 0.20%, 32, 0, 22, 354.16
1734575278, 15, 55, 223, 110, 2, 0.20%, 32, 0, 22, 346.26
1734575319, 15, 58, 223, 109, 2, 0.20%, 32, 0, 22, 284.38
1734575329, 15, 60, 223, 109, 2, 0.20%, 32, 0, 22, 334.51
1734575355, 15, 61, 223, 108, 2, 0.20%, 32, 0, 22, 386.79
1734575391, 15, 62, 223, 107, 2, 0.20%, 32, 0, 22, 321.43
1734575431, 15, 82, 223, 106, 2, 0.20%, 32, 0, 22, 338.61
1734575488, 15, 171, 223, 106, 2, 0.20%, 32, 0, 22, 465.60
1734575498, 15, 176, 223, 106, 2, 0.20%, 32, 0, 22, 477.60
1734575508, 15, 177, 223, 106, 2, 0.20%, 32, 0, 22, 404.33
1734575518, 15, 181, 223, 106, 2, 0.20%, 32, 0, 22, 378.31
1734575543, 15, 182, 223, 106, 2, 0.20%, 32, 0, 22, 367.81
1734575578, 15, 213, 223, 106, 2, 0.20%, 32, 0, 22, 382.29
1734575609, 16, 17, 223, 106, 2, 0.20%, 32, 0, 22, 324.06
1734575614, 16, 43, 223, 106, 2, 0.20%, 32, 0, 22, 331.45
1734575619, 16, 54, 223, 106, 2, 0.20%, 32, 0, 22, 341.63
1734575629, 16, 55, 223, 106, 2, 0.20%, 32, 0, 22, 316.87
1734575635, 16, 58, 223, 106, 2, 0.20%, 32, 0, 22, 283.80
1734575640, 16, 60, 223, 106, 2, 0.20%, 32, 0, 22, 328.21
1734575645, 16, 61, 223, 106, 2, 0.20%, 32, 0, 22, 325.89
1734575655, 16, 62, 223, 106, 2, 0.20%, 32, 0, 22, 297.23
1734575660, 16, 82, 223, 106, 2, 0.20%, 32, 0, 22, 378.42
1734575665, 16, 171, 223, 106, 2, 0.20%, 32, 0, 22, 377.39
1734575680, 16, 176, 223, 106, 2, 0.20%, 32, 0, 22, 411.37
1734575690, 16, 177, 223, 106, 2, 0.20%, 32, 0, 22, 456.89
1734575701, 16, 181, 223, 106, 2, 0.20%, 32, 0, 22, 352.23
1734575726, 16, 182, 223, 106, 2, 0.20%, 32, 0, 22, 375.32
1734575742, 16, 213, 223, 106, 2, 0.20%, 32, 0, 22, 349.66
1734575772, 17, 82, 223, 106, 2, 0.20%, 32, 0, 22, 385.29
1734575782, 17, 171, 223, 106, 2, 0.20%, 32, 0, 22, 395.93
1734575787, 17, 176, 223, 106, 2, 0.20%, 32, 0, 22, 400.78
1734575792, 17, 177, 223, 106, 2, 0.20%, 32, 0, 22, 425.50
1734575803, 17, 178, 223, 106, 2, 0.20%, 32, 0, 22, 348.55
1734575823, 17, 179, 223, 106, 2, 0.20%, 32, 0, 22, 390.26
1734575838, 17, 180, 223, 106, 2, 0.20%, 32, 0, 22, 307.13
1734575854, 17, 181, 223, 106, 2, 0.20%, 32, 0, 22, 409.17
1734575879, 17, 182, 223, 106, 2, 0.20%, 32, 0, 22, 382.90
1734575895, 17, 183, 223, 106, 2, 0.20%, 32, 0, 22, 378.24
1734575925, 17, 184, 223, 106, 2, 0.20%, 32, 0, 22, 315.76
1734575961, 17, 185, 223, 106, 2, 0.20%, 32, 0, 22, 394.55
1734575991, 17, 186, 223, 106, 2, 0.20%, 32, 0, 22, 358.88
1734576016, 17, 187, 223, 106, 2, 0.20%, 32, 0, 22, 365.74
1734576052, 17, 188, 223, 106, 2, 0.20%, 32, 0, 22, 356.12
1734576082, 17, 189, 223, 106, 2, 0.20%, 32, 0, 22, 345.17
1734576113, 17, 190, 223, 106, 2, 0.20%, 32, 0, 22, 445.52
1734576148, 17, 191, 223, 106, 2, 0.20%, 32, 0, 22, 415.59
1734576179, 17, 192, 223, 106, 2, 0.20%, 32, 0, 22, 287.97
1734576367, 17, 193, 223, 105, 2, 0.20%, 32, 0, 22, 363.73
1734576511, 17, 194, 223, 104, 2, 0.20%, 32, 0, 22, 318.99
1734576685, 17, 195, 223, 104, 2, 0.20%, 32, 0, 22, 323.83
1734576715, 17, 196, 223, 104, 2, 0.20%, 32, 0, 22, 331.98
1734576746, 17, 197, 223, 104, 2, 0.20%, 32, 0, 22, 343.28
1734576776, 17, 198, 223, 104, 2, 0.20%, 32, 0, 22, 310.35
1734576965, 17, 199, 223, 103, 2, 0.20%, 32, 0, 22, 293.09
1734577245, 17, 200, 223, 102, 2, 0.20%, 32, 0, 22, 304.43
1734577450, 17, 202, 223, 101, 2, 0.20%, 32, 0, 22, 423.73
1734577485, 17, 203, 223, 101, 2, 0.20%, 32, 0, 22, 353.61
1734577520, 17, 204, 223, 101, 2, 0.20%, 32, 0, 22, 299.85
1734577556, 17, 205, 223, 101, 2, 0.20%, 32, 0, 22, 308.08
1734577592, 17, 206, 223, 101, 2, 0.20%, 32, 0, 22, 318.70
1734577627, 17, 207, 223, 101, 2, 0.20%, 32, 0, 22, 356.32
1734577658, 17, 208, 223, 101, 2, 0.20%, 32, 0, 22, 342.79
1734577693, 17, 209, 223, 101, 2, 0.20%, 32, 0, 22, 309.90
1734577739, 17, 209, 224, 102, 2, 0.20%, 32, 0, 22, 370.74
1734577820, 17, 210, 224, 101, 2, 0.20%, 32, 0, 22, 413.42
1734577922, 17, 211, 224, 100, 2, 0.20%, 32, 0, 22, 219.36
1734577973, 17, 212, 224, 100, 2, 0.20%, 32, 0, 22, 438.82
1734577978, 17, 212, 226, 102, 2, 0.20%, 32, 0, 22, 303.60
1734577983, 17, 212, 227, 103, 2, 0.20%, 32, 0, 22, 277.08
1734577994, 17, 212, 228, 104, 2, 0.20%, 32, 0, 22, 262.96
1734578120, 17, 213, 228, 103, 2, 0.20%, 32, 0, 22, 373.96
