# unix_time, cycles_done, cur_path, paths_total, pending_total, pending_favs, map_size, unique_crashes, unique_hangs, max_depth, execs_per_sec
1733821716, 0, 0, 10, 10, 1, 0.00%, 0, 0, 1, 173.91
1733821721, 0, 2, 10, 10, 1, 0.00%, 0, 0, 1, 201.29
1733821726, 0, 3, 10, 9, 0, 0.00%, 0, 0, 1, 209.89
1733821731, 0, 4, 10, 8, 0, 0.00%, 0, 0, 1, 202.54
1733821741, 0, 5, 10, 7, 0, 0.00%, 0, 0, 1, 210.48
1733821746, 0, 6, 10, 6, 0, 0.00%, 0, 0, 1, 200.39
1733821756, 0, 7, 10, 5, 0, 0.00%, 0, 0, 1, 213.14
1733821761, 0, 8, 10, 4, 0, 0.00%, 0, 0, 1, 195.55
1733821772, 0, 9, 10, 3, 0, 0.00%, 0, 0, 1, 207.15
1733821777, 1, 0, 10, 2, 0, 0.00%, 0, 0, 1, 199.43
1733821787, 1, 1, 10, 1, 0, 0.00%, 0, 0, 1, 210.48
1733821797, 1, 2, 10, 0, 0, 0.00%, 0, 0, 1, 208.49
1733821807, 1, 4, 10, 0, 0, 0.00%, 0, 0, 1, 209.54
1733821812, 1, 5, 10, 0, 0, 0.00%, 0, 0, 1, 205.56
1733821817, 1, 6, 10, 0, 0, 0.00%, 0, 0, 1, 212.04
1733821822, 1, 8, 10, 0, 0, 0.00%, 0, 0, 1, 210.60
1733821827, 1, 9, 10, 0, 0, 0.00%, 0, 0, 1, 209.51
1733821832, 2, 1, 10, 0, 0, 0.00%, 0, 0, 1, 207.85
1733821837, 2, 2, 10, 0, 0, 0.00%, 0, 0, 1, 211.12
1733821843, 2, 3, 10, 0, 0, 0.00%, 0, 0, 1, 206.71
1733821848, 2, 5, 10, 0, 0, 0.00%, 0, 0, 1, 209.85
1733821853, 2, 6, 10, 0, 0, 0.00%, 0, 0, 1, 206.92
1733821858, 2, 8, 10, 0, 0, 0.00%, 0, 0, 1, 208.40
1733821863, 2, 9, 10, 0, 0, 0.00%, 0, 0, 1, 207.12
1733821868, 3, 0, 10, 0, 0, 0.00%, 0, 0, 1, 208.27
1733821873, 3, 2, 10, 0, 0, 0.00%, 0, 0, 1, 207.19
1733821878, 3, 3, 10, 0, 0, 0.00%, 0, 0, 1, 210.48
1733821883, 3, 5, 10, 0, 0, 0.00%, 0, 0, 1, 208.51
1733821888, 3, 6, 10, 0, 0, 0.00%, 0, 0, 1, 210.39
1733821893, 3, 7, 10, 0, 0, 0.00%, 0, 0, 1, 209.12
1733821898, 3, 9, 10, 0, 0, 0.00%, 0, 0, 1, 206.56
1733821903, 4, 0, 10, 0, 0, 0.00%, 0, 0, 1, 205.69
1733821908, 4, 2, 10, 0, 0, 0.00%, 0, 0, 1, 208.14
1733821913, 4, 3, 10, 0, 0, 0.00%, 0, 0, 1, 205.31
1733821918, 4, 4, 10, 0, 0, 0.00%, 0, 0, 1, 204.14
1733821924, 4, 6, 10, 0, 0, 0.00%, 0, 0, 1, 204.95
1733821929, 4, 7, 10, 0, 0, 0.00%, 0, 0, 1, 206.26
1733821934, 4, 9, 10, 0, 0, 0.00%, 0, 0, 1, 209.42
1733821939, 5, 0, 10, 0, 0, 0.00%, 0, 0, 1, 205.55
1733821944, 5, 1, 10, 0, 0, 0.00%, 0, 0, 1, 212.33
1733821949, 5, 3, 10, 0, 0, 0.00%, 0, 0, 1, 212.11
1733821954, 5, 4, 10, 0, 0, 0.00%, 0, 0, 1, 207.91
1733821959, 5, 6, 10, 0, 0, 0.00%, 0, 0, 1, 203.61
1733821964, 5, 7, 10, 0, 0, 0.00%, 0, 0, 1, 202.31
1733821969, 5, 8, 10, 0, 0, 0.00%, 0, 0, 1, 205.74
1733821974, 6, 0, 10, 0, 0, 0.00%, 0, 0, 1, 207.33
1733821979, 6, 1, 10, 0, 0, 0.00%, 0, 0, 1, 202.95
1733821984, 6, 3, 10, 0, 0, 0.00%, 0, 0, 1, 201.87
1733821989, 6, 4, 10, 0, 0, 0.00%, 0, 0, 1, 206.39
1733821994, 6, 5, 10, 0, 0, 0.00%, 0, 0, 1, 210.79
1733821999, 6, 7, 10, 0, 0, 0.00%, 0, 0, 1, 207.90
1733822004, 6, 8, 10, 0, 0, 0.00%, 0, 0, 1, 204.03
1733822009, 7, 0, 10, 0, 0, 0.00%, 0, 0, 1, 204.37
1733822014, 7, 1, 10, 0, 0, 0.00%, 0, 0, 1, 209.88
1733822019, 7, 2, 10, 0, 0, 0.00%, 0, 0, 1, 209.46
1733822025, 7, 4, 10, 0, 0, 0.00%, 0, 0, 1, 212.95
1733822030, 7, 5, 10, 0, 0, 0.00%, 0, 0, 1, 213.31
1733822035, 7, 7, 10, 0, 0, 0.00%, 0, 0, 1, 212.81
1733822040, 7, 8, 10, 0, 0, 0.00%, 0, 0, 1, 210.44
1733822045, 8, 0, 10, 0, 0, 0.00%, 0, 0, 1, 207.20
1733822050, 8, 1, 10, 0, 0, 0.00%, 0, 0, 1, 208.38
1733822055, 8, 2, 10, 0, 0, 0.00%, 0, 0, 1, 204.70
1733822060, 8, 4, 10, 0, 0, 0.00%, 0, 0, 1, 209.25
1733822065, 8, 5, 10, 0, 0, 0.00%, 0, 0, 1, 208.09
1733822070, 8, 7, 10, 0, 0, 0.00%, 0, 0, 1, 205.76
1733822075, 8, 8, 10, 0, 0, 0.00%, 0, 0, 1, 208.43
1733822080, 8, 9, 10, 0, 0, 0.00%, 0, 0, 1, 205.65
1733822085, 9, 1, 10, 0, 0, 0.00%, 0, 0, 1, 202.04
1733822091, 9, 2, 10, 0, 0, 0.00%, 0, 0, 1, 206.46
1733822096, 9, 4, 10, 0, 0, 0.00%, 0, 0, 1, 206.16
1733822101, 9, 5, 10, 0, 0, 0.00%, 0, 0, 1, 209.76
1733822106, 9, 6, 10, 0, 0, 0.00%, 0, 0, 1, 209.60
1733822111, 9, 8, 10, 0, 0, 0.00%, 0, 0, 1, 208.49
1733822116, 9, 9, 10, 0, 0, 0.00%, 0, 0, 1, 207.90
1733822121, 10, 1, 10, 0, 0, 0.00%, 0, 0, 1, 205.11
1733822126, 10, 2, 10, 0, 0, 0.00%, 0, 0, 1, 205.33
1733822131, 10, 3, 10, 0, 0, 0.00%, 0, 0, 1, 208.53
1733822136, 10, 5, 10, 0, 0, 0.00%, 0, 0, 1, 204.57
1733822141, 10, 6, 10, 0, 0, 0.00%, 0, 0, 1, 209.03
1733822146, 10, 8, 10, 0, 0, 0.00%, 0, 0, 1, 210.57
1733822151, 10, 9, 10, 0, 0, 0.00%, 0, 0, 1, 206.47
1733822156, 11, 0, 10, 0, 0, 0.00%, 0, 0, 1, 205.86
1733822161, 11, 2, 10, 0, 0, 0.00%, 0, 0, 1, 210.56
1733822166, 11, 3, 10, 0, 0, 0.00%, 0, 0, 1, 208.40
1733822171, 11, 5, 10, 0, 0, 0.00%, 0, 0, 1, 207.34
1733822177, 11, 6, 10, 0, 0, 0.00%, 0, 0, 1, 204.01
1733822182, 11, 7, 10, 0, 0, 0.00%, 0, 0, 1, 207.35
1733822187, 11, 9, 10, 0, 0, 0.00%, 0, 0, 1, 204.79
1733822192, 12, 0, 10, 0, 0, 0.00%, 0, 0, 1, 207.48
1733822197, 12, 1, 10, 0, 0, 0.00%, 0, 0, 1, 207.07
1733822202, 12, 3, 10, 0, 0, 0.00%, 0, 0, 1, 208.01
1733822207, 12, 4, 10, 0, 0, 0.00%, 0, 0, 1, 207.57
1733822212, 12, 6, 10, 0, 0, 0.00%, 0, 0, 1, 209.35
1733822217, 12, 7, 10, 0, 0, 0.00%, 0, 0, 1, 207.74
1733822222, 12, 9, 10, 0, 0, 0.00%, 0, 0, 1, 206.75
1733822227, 13, 0, 10, 0, 0, 0.00%, 0, 0, 1, 209.11
1733822233, 13, 1, 10, 0, 0, 0.00%, 0, 0, 1, 206.33
1733822238, 13, 3, 10, 0, 0, 0.00%, 0, 0, 1, 208.16
1733822243, 13, 4, 10, 0, 0, 0.00%, 0, 0, 1, 211.11
1733822248, 13, 6, 10, 0, 0, 0.00%, 0, 0, 1, 207.38
1733822253, 13, 7, 10, 0, 0, 0.00%, 0, 0, 1, 206.37
1733822258, 13, 8, 10, 0, 0, 0.00%, 0, 0, 1, 207.91
1733822263, 14, 0, 10, 0, 0, 0.00%, 0, 0, 1, 208.61
1733822268, 14, 1, 10, 0, 0, 0.00%, 0, 0, 1, 205.01
1733822273, 14, 3, 10, 0, 0, 0.00%, 0, 0, 1, 205.33
1733822278, 14, 4, 10, 0, 0, 0.00%, 0, 0, 1, 206.28
1733822283, 14, 5, 10, 0, 0, 0.00%, 0, 0, 1, 207.44
1733822288, 14, 7, 10, 0, 0, 0.00%, 0, 0, 1, 203.85
1733822293, 14, 8, 10, 0, 0, 0.00%, 0, 0, 1, 209.96
1733822298, 15, 0, 10, 0, 0, 0.00%, 0, 0, 1, 208.40
1733822303, 15, 1, 10, 0, 0, 0.00%, 0, 0, 1, 209.92
1733822308, 15, 2, 10, 0, 0, 0.00%, 0, 0, 1, 205.84
1733822313, 15, 4, 10, 0, 0, 0.00%, 0, 0, 1, 207.19
1733822318, 15, 5, 10, 0, 0, 0.00%, 0, 0, 1, 208.37
1733822324, 15, 7, 10, 0, 0, 0.00%, 0, 0, 1, 212.88
1733822329, 15, 8, 10, 0, 0, 0.00%, 0, 0, 1, 218.55
1733822334, 16, 0, 10, 0, 0, 0.00%, 0, 0, 1, 215.85
1733822339, 16, 1, 10, 0, 0, 0.00%, 0, 0, 1, 211.80
1733822344, 16, 3, 10, 0, 0, 0.00%, 0, 0, 1, 216.75
1733822349, 16, 4, 10, 0, 0, 0.00%, 0, 0, 1, 216.61
1733822354, 16, 5, 10, 0, 0, 0.00%, 0, 0, 1, 214.98
1733822359, 16, 7, 10, 0, 0, 0.00%, 0, 0, 1, 212.58
1733822364, 16, 8, 10, 0, 0, 0.00%, 0, 0, 1, 219.75
1733822370, 17, 0, 10, 0, 0, 0.00%, 0, 0, 1, 211.54
1733822375, 17, 1, 10, 0, 0, 0.00%, 0, 0, 1, 210.57
1733822380, 17, 3, 10, 0, 0, 0.00%, 0, 0, 1, 216.27
1733822385, 17, 4, 10, 0, 0, 0.00%, 0, 0, 1, 214.29
1733822390, 17, 6, 10, 0, 0, 0.00%, 0, 0, 1, 214.79
1733822395, 17, 7, 10, 0, 0, 0.00%, 0, 0, 1, 216.11
1733822400, 17, 9, 10, 0, 0, 0.00%, 0, 0, 1, 210.19
1733822405, 18, 0, 10, 0, 0, 0.00%, 0, 0, 1, 212.01
1733822410, 18, 1, 10, 0, 0, 0.00%, 0, 0, 1, 213.65
1733822415, 18, 3, 10, 0, 0, 0.00%, 0, 0, 1, 217.65
1733822420, 18, 4, 10, 0, 0, 0.00%, 0, 0, 1, 212.97
1733822425, 18, 6, 10, 0, 0, 0.00%, 0, 0, 1, 212.68
1733822430, 18, 7, 10, 0, 0, 0.00%, 0, 0, 1, 212.79
1733822436, 18, 9, 10, 0, 0, 0.00%, 0, 0, 1, 211.00
1733822441, 19, 0, 10, 0, 0, 0.00%, 0, 0, 1, 215.36
1733822446, 19, 2, 10, 0, 0, 0.00%, 0, 0, 1, 213.04
1733822451, 19, 3, 10, 0, 0, 0.00%, 0, 0, 1, 210.90
1733822456, 19, 4, 10, 0, 0, 0.00%, 0, 0, 1, 213.99
1733822461, 19, 6, 10, 0, 0, 0.00%, 0, 0, 1, 213.07
1733822466, 19, 7, 10, 0, 0, 0.00%, 0, 0, 1, 216.44
1733822471, 19, 9, 10, 0, 0, 0.00%, 0, 0, 1, 214.99
1733822476, 20, 0, 10, 0, 0, 0.00%, 0, 0, 1, 217.34
1733822481, 20, 2, 10, 0, 0, 0.00%, 0, 0, 1, 214.91
1733822486, 20, 3, 10, 0, 0, 0.00%, 0, 0, 1, 218.60
1733822491, 20, 5, 10, 0, 0, 0.00%, 0, 0, 1, 213.51
1733822497, 20, 6, 10, 0, 0, 0.00%, 0, 0, 1, 215.41
1733822502, 20, 8, 10, 0, 0, 0.00%, 0, 0, 1, 211.15
1733822507, 20, 9, 10, 0, 0, 0.00%, 0, 0, 1, 215.54
1733822512, 21, 1, 10, 0, 0, 0.00%, 0, 0, 1, 219.03
1733822517, 21, 2, 10, 0, 0, 0.00%, 0, 0, 1, 215.31
1733822522, 21, 3, 10, 0, 0, 0.00%, 0, 0, 1, 216.77
1733822527, 21, 5, 10, 0, 0, 0.00%, 0, 0, 1, 212.50
1733822532, 21, 6, 10, 0, 0, 0.00%, 0, 0, 1, 214.28
1733822537, 21, 8, 10, 0, 0, 0.00%, 0, 0, 1, 212.30
1733822542, 21, 9, 10, 0, 0, 0.00%, 0, 0, 1, 219.26
1733822547, 22, 1, 10, 0, 0, 0.00%, 0, 0, 1, 217.36
1733822552, 22, 2, 10, 0, 0, 0.00%, 0, 0, 1, 213.93
1733822557, 22, 4, 10, 0, 0, 0.00%, 0, 0, 1, 213.44
1733822562, 22, 5, 10, 0, 0, 0.00%, 0, 0, 1, 214.97
1733822567, 22, 7, 10, 0, 0, 0.00%, 0, 0, 1, 215.52
1733822572, 22, 8, 10, 0, 0, 0.00%, 0, 0, 1, 213.55
1733822578, 22, 9, 10, 0, 0, 0.00%, 0, 0, 1, 216.95
1733822583, 23, 1, 11, 1, 0, 0.05%, 1, 0, 2, 214.69
1733822588, 23, 10, 12, 2, 1, 0.05%, 2, 0, 3, 217.59
1733822608, 23, 10, 13, 3, 1, 0.05%, 3, 0, 3, 216.58
1733822613, 23, 10, 14, 4, 1, 0.05%, 4, 0, 3, 214.31
1733822705, 23, 10, 16, 6, 1, 0.06%, 6, 0, 3, 204.35
1733822720, 23, 14, 17, 6, 5, 0.06%, 6, 0, 4, 229.30
1733822725, 23, 14, 19, 8, 5, 0.06%, 6, 0, 4, 263.42
1733822746, 23, 14, 21, 10, 5, 0.06%, 6, 0, 4, 267.67
1733822772, 23, 14, 22, 11, 5, 0.06%, 6, 0, 4, 274.56
1733822832, 23, 14, 23, 12, 5, 0.06%, 6, 0, 4, 266.55
1733822853, 24, 13, 24, 12, 4, 0.06%, 6, 0, 4, 243.77
1733822868, 24, 13, 26, 14, 4, 0.06%, 6, 0, 4, 264.33
1733822878, 24, 13, 27, 15, 4, 0.06%, 6, 0, 4, 272.61
1733822898, 24, 13, 28, 16, 4, 0.06%, 6, 0, 4, 270.41
1733822944, 24, 13, 30, 18, 4, 0.06%, 6, 0, 4, 265.90
1733822949, 24, 13, 32, 20, 4, 0.06%, 6, 0, 4, 289.17
1733822954, 25, 12, 34, 21, 3, 0.06%, 6, 0, 4, 342.62
1733822969, 25, 12, 35, 22, 3, 0.06%, 6, 0, 4, 478.29
1733822980, 25, 12, 36, 23, 3, 0.06%, 6, 0, 4, 475.43
1733823005, 25, 12, 37, 24, 3, 0.06%, 6, 0, 4, 463.98
1733823010, 25, 12, 39, 26, 3, 0.06%, 7, 0, 4, 306.68
1733823020, 25, 38, 42, 28, 3, 0.06%, 9, 0, 5, 385.98
1733823030, 25, 38, 45, 31, 3, 0.06%, 9, 0, 5, 502.90
1733823056, 25, 38, 46, 32, 3, 0.06%, 9, 0, 5, 513.55
1733823061, 25, 38, 48, 34, 3, 0.06%, 9, 0, 5, 507.84
1733823071, 25, 38, 49, 35, 3, 0.06%, 9, 0, 5, 514.19
1733823091, 25, 38, 50, 36, 3, 0.06%, 9, 0, 5, 343.30
1733823096, 25, 39, 51, 36, 4, 0.06%, 9, 0, 6, 451.16
1733823132, 26, 15, 52, 36, 3, 0.06%, 9, 0, 6, 307.17
1733823142, 26, 15, 53, 37, 3, 0.06%, 9, 0, 6, 295.57
1733823152, 26, 15, 54, 38, 3, 0.06%, 9, 0, 6, 290.91
1733823157, 26, 15, 55, 39, 3, 0.06%, 9, 0, 6, 297.14
1733823173, 26, 15, 56, 40, 3, 0.06%, 9, 0, 6, 293.78
1733823224, 26, 15, 57, 41, 3, 0.06%, 9, 0, 6, 293.28
1733823245, 26, 41, 57, 40, 2, 0.06%, 9, 0, 6, 294.97
1733823250, 26, 41, 58, 41, 2, 0.06%, 9, 0, 6, 445.01
1733823265, 26, 41, 59, 42, 2, 0.06%, 9, 0, 6, 513.34
1733823300, 26, 50, 59, 41, 2, 0.06%, 9, 0, 6, 430.28
1733823310, 26, 50, 60, 42, 2, 0.06%, 9, 0, 7, 482.83
1733823315, 26, 50, 61, 43, 2, 0.06%, 9, 0, 7, 476.95
1733823320, 26, 50, 63, 45, 2, 0.06%, 9, 0, 7, 486.04
1733823387, 26, 51, 63, 44, 2, 0.06%, 9, 0, 7, 453.59
1733823428, 26, 57, 63, 43, 2, 0.06%, 9, 0, 7, 423.54
1733823458, 26, 57, 65, 45, 2, 0.06%, 9, 0, 7, 383.29
1733823463, 26, 58, 65, 44, 1, 0.06%, 9, 0, 7, 410.26
1733823519, 26, 58, 66, 45, 1, 0.06%, 9, 0, 7, 373.03
1733823524, 26, 59, 66, 44, 1, 0.06%, 9, 0, 7, 437.38
1733823574, 26, 60, 67, 44, 1, 0.06%, 9, 0, 8, 391.11
1733823615, 26, 61, 67, 43, 1, 0.06%, 9, 0, 8, 363.84
1733823620, 26, 61, 68, 44, 1, 0.06%, 9, 0, 8, 414.37
1733823970, 26, 63, 68, 43, 1, 0.06%, 9, 0, 8, 404.44
1733824238, 26, 63, 70, 45, 1, 0.06%, 9, 0, 8, 340.72
1733824315, 26, 64, 70, 44, 1, 0.06%, 9, 0, 8, 393.58
1733824577, 27, 13, 70, 43, 1, 0.06%, 9, 0, 8, 342.54
1733824587, 27, 23, 70, 43, 1, 0.06%, 9, 0, 8, 281.20
1733824633, 27, 24, 70, 42, 1, 0.06%, 9, 0, 8, 370.31
1733824699, 27, 25, 70, 41, 1, 0.06%, 9, 0, 8, 346.31
1733824740, 27, 26, 70, 40, 1, 0.06%, 9, 0, 8, 363.81
1733824780, 27, 27, 70, 39, 1, 0.06%, 9, 0, 8, 374.98
1733824811, 27, 30, 70, 38, 1, 0.06%, 9, 0, 8, 295.77
1733824842, 27, 30, 71, 39, 1, 0.06%, 9, 0, 8, 483.86
1733824999, 27, 38, 71, 38, 1, 0.06%, 9, 0, 8, 443.19
1733825010, 27, 40, 71, 38, 1, 0.06%, 9, 0, 8, 421.90
1733825051, 27, 41, 71, 37, 1, 0.06%, 9, 0, 8, 441.99
1733825066, 27, 42, 71, 37, 1, 0.06%, 9, 0, 8, 386.82
1733825127, 27, 43, 71, 36, 1, 0.06%, 9, 0, 8, 328.82
1733825198, 27, 44, 71, 35, 1, 0.06%, 9, 0, 8, 361.78
1733825505, 27, 51, 71, 34, 1, 0.06%, 9, 0, 8, 310.62
1733825536, 27, 52, 71, 34, 1, 0.06%, 9, 0, 8, 444.78
1733825577, 27, 53, 71, 33, 1, 0.06%, 9, 0, 8, 415.80
1733825643, 27, 54, 71, 32, 1, 0.06%, 9, 0, 8, 333.82
1733825668, 27, 54, 72, 33, 1, 0.06%, 9, 0, 8, 327.80
1733825678, 27, 55, 72, 32, 1, 0.06%, 9, 0, 8, 346.99
1733825704, 27, 55, 73, 33, 1, 0.06%, 9, 0, 8, 500.76
1733825709, 27, 55, 74, 34, 1, 0.06%, 9, 0, 8, 501.20
1733825836, 27, 56, 74, 33, 1, 0.06%, 9, 0, 8, 275.19
1733826381, 27, 57, 74, 32, 1, 0.06%, 9, 0, 8, 402.69
1733826391, 27, 57, 75, 33, 1, 0.06%, 9, 0, 8, 313.51
1733826396, 27, 58, 76, 34, 1, 0.06%, 9, 0, 8, 326.06
1733826411, 27, 58, 77, 35, 1, 0.06%, 9, 0, 8, 346.49
1733826416, 27, 59, 77, 35, 1, 0.06%, 9, 0, 8, 375.29
1733826432, 27, 60, 77, 35, 1, 0.06%, 9, 0, 8, 406.79
1733826452, 27, 61, 77, 35, 1, 0.06%, 9, 0, 8, 265.29
1733826818, 27, 63, 77, 35, 1, 0.06%, 9, 0, 8, 397.35
1733826838, 27, 64, 77, 35, 1, 0.06%, 9, 0, 8, 376.79
1733826858, 27, 65, 77, 35, 1, 0.06%, 9, 0, 8, 277.70
1733828839, 27, 70, 77, 34, 1, 0.06%, 9, 0, 8, 416.49
1733828951, 27, 71, 77, 33, 1, 0.06%, 9, 0, 8, 400.07
1733828967, 27, 71, 78, 34, 1, 0.06%, 9, 0, 8, 390.65
1733829436, 27, 74, 78, 33, 1, 0.06%, 9, 0, 8, 377.06
1733829508, 27, 74, 79, 34, 1, 0.06%, 9, 0, 8, 408.99
1733829543, 27, 74, 80, 35, 1, 0.06%, 9, 0, 8, 346.57
1733829553, 27, 75, 80, 34, 1, 0.06%, 9, 0, 8, 234.43
1733831570, 27, 77, 80, 33, 1, 0.06%, 9, 0, 8, 405.91
1733832069, 27, 78, 80, 32, 1, 0.06%, 9, 0, 8, 405.37
1733832211, 27, 79, 80, 31, 1, 0.06%, 9, 0, 8, 409.08
1733832354, 28, 11, 80, 30, 1, 0.06%, 9, 0, 8, 302.45
1733832369, 28, 13, 80, 29, 0, 0.06%, 9, 0, 8, 317.31
1733832379, 28, 14, 80, 29, 0, 0.06%, 9, 0, 8, 292.05
1733832390, 28, 15, 80, 29, 0, 0.06%, 9, 0, 8, 304.39
1733832400, 28, 16, 80, 29, 0, 0.06%, 9, 0, 8, 363.50
1733832430, 28, 17, 80, 28, 0, 0.06%, 9, 0, 8, 285.28
1733832471, 28, 18, 80, 27, 0, 0.06%, 9, 0, 8, 225.53
1733833088, 28, 19, 80, 26, 0, 0.06%, 9, 0, 8, 293.21
1733833124, 28, 20, 80, 25, 0, 0.06%, 9, 0, 8, 349.51
1733833159, 28, 21, 80, 24, 0, 0.06%, 9, 0, 8, 452.36
1733833195, 28, 22, 80, 23, 0, 0.06%, 9, 0, 8, 413.60
1733833236, 28, 23, 80, 22, 0, 0.06%, 9, 0, 8, 269.61
1733833256, 28, 24, 80, 22, 0, 0.06%, 9, 0, 8, 389.56
1733833271, 28, 25, 80, 22, 0, 0.06%, 9, 0, 8, 334.36
1733833292, 28, 26, 80, 22, 0, 0.06%, 9, 0, 8, 403.60
1733833307, 28, 27, 80, 22, 0, 0.06%, 9, 0, 8, 367.32
1733833322, 28, 28, 80, 22, 0, 0.06%, 9, 0, 8, 382.90
1733833357, 28, 29, 80, 21, 0, 0.06%, 9, 0, 8, 371.78
1733833388, 28, 30, 80, 20, 0, 0.06%, 9, 0, 8, 335.42
1733833480, 28, 31, 80, 20, 0, 0.06%, 9, 0, 8, 378.14
1733833597, 28, 32, 80, 19, 0, 0.06%, 9, 0, 8, 367.32
1733833897, 28, 38, 80, 18, 0, 0.06%, 9, 0, 8, 333.80
1733833912, 28, 40, 80, 18, 0, 0.06%, 9, 0, 8, 379.70
1733833933, 28, 41, 80, 18, 0, 0.06%, 9, 0, 8, 455.82
1733833948, 28, 42, 80, 18, 0, 0.06%, 9, 0, 8, 439.76
1733833963, 28, 43, 80, 18, 0, 0.06%, 9, 0, 8, 424.84
1733833979, 28, 44, 80, 18, 0, 0.06%, 9, 0, 8, 304.82
1733833999, 28, 45, 80, 18, 0, 0.06%, 9, 0, 8, 352.36
1733834040, 28, 46, 80, 17, 0, 0.06%, 9, 0, 8, 410.19
1733834112, 28, 47, 80, 16, 0, 0.06%, 9, 0, 8, 445.03
1733834183, 28, 48, 80, 15, 0, 0.06%, 9, 0, 8, 363.37
1733834631, 28, 51, 80, 14, 0, 0.06%, 9, 0, 8, 333.16
1733834651, 28, 52, 80, 14, 0, 0.06%, 9, 0, 8, 386.38
1733834666, 28, 53, 80, 14, 0, 0.06%, 9, 0, 8, 407.05
1733834722, 28, 54, 80, 14, 0, 0.06%, 9, 0, 8, 372.86
1733834737, 28, 55, 80, 14, 0, 0.06%, 9, 0, 8, 352.84
1733834757, 28, 56, 80, 14, 0, 0.06%, 9, 0, 8, 282.61
1733834777, 28, 57, 80, 14, 0, 0.06%, 9, 0, 8, 367.22
1733834793, 28, 58, 80, 14, 0, 0.06%, 9, 0, 8, 345.57
1733834813, 28, 61, 80, 14, 0, 0.06%, 9, 0, 8, 274.27
1733834834, 28, 63, 80, 14, 0, 0.06%, 9, 0, 8, 329.23
1733834854, 28, 64, 80, 14, 0, 0.06%, 9, 0, 8, 374.27
1733834874, 28, 65, 80, 14, 0, 0.06%, 9, 0, 8, 391.42
1733834925, 28, 67, 80, 14, 0, 0.06%, 9, 0, 8, 336.14
1733835052, 28, 68, 80, 13, 0, 0.06%, 9, 0, 8, 425.94
1733835478, 28, 71, 80, 12, 0, 0.06%, 9, 0, 8, 437.34
1733835503, 28, 72, 80, 12, 0, 0.06%, 9, 0, 8, 370.31
1733835625, 28, 73, 80, 11, 0, 0.06%, 9, 0, 8, 363.94
1733835747, 28, 77, 80, 10, 0, 0.06%, 9, 0, 8, 272.72
1733835768, 29, 13, 80, 10, 0, 0.06%, 9, 0, 8, 298.93
1733835778, 29, 15, 80, 10, 0, 0.06%, 9, 0, 8, 303.97
1733835788, 29, 23, 80, 10, 0, 0.06%, 9, 0, 8, 265.86
1733835808, 29, 24, 80, 10, 0, 0.06%, 9, 0, 8, 387.07
1733835824, 29, 25, 80, 10, 0, 0.06%, 9, 0, 8, 372.13
1733835844, 29, 26, 80, 10, 0, 0.06%, 9, 0, 8, 414.62
1733835859, 29, 27, 80, 10, 0, 0.06%, 9, 0, 8, 383.11
1733835874, 29, 30, 80, 10, 0, 0.06%, 9, 0, 8, 323.76
1733835895, 29, 51, 80, 10, 0, 0.06%, 9, 0, 8, 357.15
1733835915, 29, 52, 80, 10, 0, 0.06%, 9, 0, 8, 398.75
1733835930, 29, 53, 80, 10, 0, 0.06%, 9, 0, 8, 368.23
1733835946, 29, 54, 80, 10, 0, 0.06%, 9, 0, 8, 327.59
1733835966, 29, 55, 80, 10, 0, 0.06%, 9, 0, 8, 365.10
1733835982, 29, 56, 80, 10, 0, 0.06%, 9, 0, 8, 381.17
1733836007, 29, 71, 80, 10, 0, 0.06%, 9, 0, 8, 302.82
1733836027, 29, 72, 80, 10, 0, 0.06%, 9, 0, 8, 329.24
1733836048, 29, 73, 80, 10, 0, 0.06%, 9, 0, 8, 381.03
1733836063, 29, 77, 80, 10, 0, 0.06%, 9, 0, 8, 377.06
1733836088, 30, 13, 80, 10, 0, 0.06%, 9, 0, 8, 308.60
1733836099, 30, 15, 80, 10, 0, 0.06%, 9, 0, 8, 287.71
1733836104, 30, 23, 80, 10, 0, 0.06%, 9, 0, 8, 289.00
1733836124, 30, 24, 80, 10, 0, 0.06%, 9, 0, 8, 286.15
1733836144, 30, 25, 80, 10, 0, 0.06%, 9, 0, 8, 394.18
1733836159, 30, 26, 80, 10, 0, 0.06%, 9, 0, 8, 339.79
1733836180, 30, 27, 80, 10, 0, 0.06%, 9, 0, 8, 376.68
1733836195, 30, 30, 80, 10, 0, 0.06%, 9, 0, 8, 357.60
1733836210, 30, 51, 80, 10, 0, 0.06%, 9, 0, 8, 319.06
1733836230, 30, 52, 80, 10, 0, 0.06%, 9, 0, 8, 375.56
1733836245, 30, 53, 80, 10, 0, 0.06%, 9, 0, 8, 308.57
1733836266, 30, 54, 80, 10, 0, 0.06%, 9, 0, 8, 398.56
1733836281, 30, 55, 80, 10, 0, 0.06%, 9, 0, 8, 368.02
1733836296, 30, 56, 80, 10, 0, 0.06%, 9, 0, 8, 435.30
1733836322, 30, 71, 80, 10, 0, 0.06%, 9, 0, 8, 305.21
1733836347, 30, 72, 80, 10, 0, 0.06%, 9, 0, 8, 386.58
1733836362, 30, 73, 80, 10, 0, 0.06%, 9, 0, 8, 354.96
1733836378, 30, 77, 80, 10, 0, 0.06%, 9, 0, 8, 299.44
1733836398, 31, 13, 80, 10, 0, 0.06%, 9, 0, 8, 340.76
1733836403, 31, 15, 80, 10, 0, 0.06%, 9, 0, 8, 315.32
1733836413, 31, 23, 80, 10, 0, 0.06%, 9, 0, 8, 295.74
1733836433, 31, 24, 80, 10, 0, 0.06%, 9, 0, 8, 363.28
1733836454, 31, 25, 80, 10, 0, 0.06%, 9, 0, 8, 385.96
1733836469, 31, 26, 80, 10, 0, 0.06%, 9, 0, 8, 406.25
1733836484, 31, 27, 80, 10, 0, 0.06%, 9, 0, 8, 389.96
1733836500, 31, 30, 80, 10, 0, 0.06%, 9, 0, 8, 354.77
1733836515, 31, 51, 80, 10, 0, 0.06%, 9, 0, 8, 350.13
1733836530, 31, 52, 80, 10, 0, 0.06%, 9, 0, 8, 362.94
1733836546, 31, 53, 80, 10, 0, 0.06%, 9, 0, 8, 346.49
1733836566, 31, 54, 80, 10, 0, 0.06%, 9, 0, 8, 360.08
1733836581, 31, 55, 80, 10, 0, 0.06%, 9, 0, 8, 324.53
1733836602, 31, 56, 80, 10, 0, 0.06%, 9, 0, 8, 355.52
1733836627, 31, 71, 80, 10, 0, 0.06%, 9, 0, 8, 262.59
1733836647, 31, 72, 80, 10, 0, 0.06%, 9, 0, 8, 334.00
1733836668, 31, 73, 80, 10, 0, 0.06%, 9, 0, 8, 374.21
1733836683, 31, 77, 80, 10, 0, 0.06%, 9, 0, 8, 355.91
1733836709, 32, 13, 80, 10, 0, 0.06%, 9, 0, 8, 321.54
1733836714, 32, 23, 80, 10, 0, 0.06%, 9, 0, 8, 300.94
1733836734, 32, 24, 80, 10, 0, 0.06%, 9, 0, 8, 340.43
1733836749, 32, 25, 80, 10, 0, 0.06%, 9, 0, 8, 323.69
1733836770, 32, 26, 80, 10, 0, 0.06%, 9, 0, 8, 390.32
1733836785, 32, 27, 80, 10, 0, 0.06%, 9, 0, 8, 361.67
1733836800, 32, 30, 80, 10, 0, 0.06%, 9, 0, 8, 369.95
1733836820, 32, 51, 80, 10, 0, 0.06%, 9, 0, 8, 372.91
1733836831, 32, 52, 80, 10, 0, 0.06%, 9, 0, 8, 417.85
1733836846, 32, 53, 80, 10, 0, 0.06%, 9, 0, 8, 363.99
1733836861, 32, 54, 80, 10, 0, 0.06%, 9, 0, 8, 358.11
1733836881, 32, 55, 80, 10, 0, 0.06%, 9, 0, 8, 353.62
1733836896, 32, 56, 80, 10, 0, 0.06%, 9, 0, 8, 387.50
1733836922, 32, 71, 80, 10, 0, 0.06%, 9, 0, 8, 324.44
1733836947, 32, 72, 80, 10, 0, 0.06%, 9, 0, 8, 381.38
1733836963, 32, 73, 80, 10, 0, 0.06%, 9, 0, 8, 373.92
1733836978, 32, 77, 80, 10, 0, 0.06%, 9, 0, 8, 298.27
1733837004, 33, 13, 80, 10, 0, 0.06%, 9, 0, 8, 306.50
1733837009, 33, 23, 80, 10, 0, 0.06%, 9, 0, 8, 279.43
1733837014, 33, 24, 80, 10, 0, 0.06%, 9, 0, 8, 340.07
1733837019, 33, 25, 80, 10, 0, 0.06%, 9, 0, 8, 346.61
1733837024, 33, 26, 80, 10, 0, 0.06%, 9, 0, 8, 332.59
1733837029, 33, 30, 80, 10, 0, 0.06%, 9, 0, 8, 367.20
1733837039, 33, 71, 80, 10, 0, 0.06%, 9, 0, 8, 279.63
1733837054, 33, 77, 80, 10, 0, 0.06%, 9, 0, 8, 277.21
1733837070, 34, 23, 80, 10, 0, 0.06%, 9, 0, 8, 297.02
1733837075, 34, 24, 80, 10, 0, 0.06%, 9, 0, 8, 364.71
1733837080, 34, 25, 80, 10, 0, 0.06%, 9, 0, 8, 346.05
1733837085, 34, 26, 80, 10, 0, 0.06%, 9, 0, 8, 366.74
1733837090, 34, 27, 80, 10, 0, 0.06%, 9, 0, 8, 329.59
1733837095, 34, 30, 80, 10, 0, 0.06%, 9, 0, 8, 363.84
1733837100, 34, 71, 80, 10, 0, 0.06%, 9, 0, 8, 306.31
1733837115, 34, 77, 80, 10, 0, 0.06%, 9, 0, 8, 281.17
1733837131, 35, 23, 80, 10, 0, 0.06%, 9, 0, 8, 290.91
1733837136, 35, 24, 80, 10, 0, 0.06%, 9, 0, 8, 326.01
1733837141, 35, 25, 80, 10, 0, 0.06%, 9, 0, 8, 351.09
1733837146, 35, 26, 80, 10, 0, 0.06%, 9, 0, 8, 348.86
1733837151, 35, 27, 80, 10, 0, 0.06%, 9, 0, 8, 328.81
1733837156, 35, 30, 80, 10, 0, 0.06%, 9, 0, 8, 363.97
1733837161, 35, 71, 80, 10, 0, 0.06%, 9, 0, 8, 339.42
1733837176, 35, 77, 80, 10, 0, 0.06%, 9, 0, 8, 351.50
1733837192, 36, 23, 80, 10, 0, 0.06%, 9, 0, 8, 310.90
1733837197, 36, 24, 80, 10, 0, 0.06%, 9, 0, 8, 301.15
1733837202, 36, 25, 80, 10, 0, 0.06%, 9, 0, 8, 334.37
1733837207, 36, 26, 80, 10, 0, 0.06%, 9, 0, 8, 348.87
1733837212, 36, 27, 80, 10, 0, 0.06%, 9, 0, 8, 355.57
1733837217, 36, 30, 80, 10, 0, 0.06%, 9, 0, 8, 352.06
1733837222, 36, 71, 80, 10, 0, 0.06%, 9, 0, 8, 406.40
1733837233, 36, 77, 80, 10, 0, 0.06%, 9, 0, 8, 361.48
1733837248, 37, 23, 80, 10, 0, 0.06%, 9, 0, 8, 290.80
1733837253, 37, 24, 80, 10, 0, 0.06%, 9, 0, 8, 326.13
1733837258, 37, 25, 80, 10, 0, 0.06%, 9, 0, 8, 339.96
1733837263, 37, 26, 80, 10, 0, 0.06%, 9, 0, 8, 323.11
1733837268, 37, 27, 80, 10, 0, 0.06%, 9, 0, 8, 339.89
1733837273, 37, 30, 80, 10, 0, 0.06%, 9, 0, 8, 358.62
1733837278, 37, 71, 80, 10, 0, 0.06%, 9, 0, 8, 306.69
1733837289, 37, 77, 80, 10, 0, 0.06%, 9, 0, 8, 328.51
1733837299, 38, 23, 80, 10, 0, 0.06%, 9, 0, 8, 316.70
1733837304, 38, 24, 80, 10, 0, 0.06%, 9, 0, 8, 291.03
1733837309, 38, 25, 80, 10, 0, 0.06%, 9, 0, 8, 371.21
1733837314, 38, 26, 80, 10, 0, 0.06%, 9, 0, 8, 346.00
1733837319, 38, 27, 80, 10, 0, 0.06%, 9, 0, 8, 340.26
1733837324, 38, 30, 80, 10, 0, 0.06%, 9, 0, 8, 364.55
1733837329, 38, 71, 80, 10, 0, 0.06%, 9, 0, 8, 364.68
1733837339, 38, 77, 80, 10, 0, 0.06%, 9, 0, 8, 409.48
1733837350, 39, 13, 80, 10, 0, 0.06%, 9, 0, 8, 335.08
1733837355, 39, 23, 80, 10, 0, 0.06%, 9, 0, 8, 280.41
1733837360, 39, 24, 80, 10, 0, 0.06%, 9, 0, 8, 343.40
1733837365, 39, 25, 80, 10, 0, 0.06%, 9, 0, 8, 330.88
1733837370, 39, 26, 80, 10, 0, 0.06%, 9, 0, 8, 337.01
1733837375, 39, 30, 80, 10, 0, 0.06%, 9, 0, 8, 350.31
1733837385, 39, 71, 80, 10, 0, 0.06%, 9, 0, 8, 273.45
1733837395, 39, 77, 80, 10, 0, 0.06%, 9, 0, 8, 280.51
1733837405, 40, 23, 80, 10, 0, 0.06%, 9, 0, 8, 306.47
1733837411, 40, 24, 80, 10, 0, 0.06%, 9, 0, 8, 339.28
1733837416, 40, 25, 80, 10, 0, 0.06%, 9, 0, 8, 363.12
1733837421, 40, 26, 80, 10, 0, 0.06%, 9, 0, 8, 344.93
1733837426, 40, 27, 80, 10, 0, 0.06%, 9, 0, 8, 355.07
1733837431, 40, 30, 80, 10, 0, 0.06%, 9, 0, 8, 368.04
1733837436, 40, 71, 80, 10, 0, 0.06%, 9, 0, 8, 328.51
1733837446, 40, 77, 80, 10, 0, 0.06%, 9, 0, 8, 344.23
1733837456, 41, 13, 80, 10, 0, 0.06%, 9, 0, 8, 339.41
1733837461, 41, 23, 80, 10, 0, 0.06%, 9, 0, 8, 314.26
1733837466, 41, 25, 80, 10, 0, 0.06%, 9, 0, 8, 328.44
1733837471, 41, 26, 80, 10, 0, 0.06%, 9, 0, 8, 325.38
1733837476, 41, 27, 80, 10, 0, 0.06%, 9, 0, 8, 368.78
1733837481, 41, 30, 80, 10, 0, 0.06%, 9, 0, 8, 340.67
1733837487, 41, 71, 80, 10, 0, 0.06%, 9, 0, 8, 359.68
1733837497, 41, 77, 80, 10, 0, 0.06%, 9, 0, 8, 329.52
1733837512, 42, 23, 80, 10, 0, 0.06%, 9, 0, 8, 291.71
1733837517, 42, 24, 80, 10, 0, 0.06%, 9, 0, 8, 347.55
1733837522, 42, 25, 80, 10, 0, 0.06%, 9, 0, 8, 345.28
1733837527, 42, 26, 80, 10, 0, 0.06%, 9, 0, 8, 337.55
1733837532, 42, 27, 80, 10, 0, 0.06%, 9, 0, 8, 324.37
1733837537, 42, 30, 80, 10, 0, 0.06%, 9, 0, 8, 360.50
1733837543, 42, 71, 80, 10, 0, 0.06%, 9, 0, 8, 295.83
1733837553, 42, 77, 80, 10, 0, 0.06%, 9, 0, 8, 304.18
1733837563, 43, 23, 80, 10, 0, 0.06%, 9, 0, 8, 313.20
1733837568, 43, 24, 80, 10, 0, 0.06%, 9, 0, 8, 301.27
1733837573, 43, 25, 80, 10, 0, 0.06%, 9, 0, 8, 327.51
1733837578, 43, 26, 80, 10, 0, 0.06%, 9, 0, 8, 350.12
1733837583, 43, 27, 80, 10, 0, 0.06%, 9, 0, 8, 351.57
1733837588, 43, 30, 80, 10, 0, 0.06%, 9, 0, 8, 354.81
1733837593, 43, 71, 80, 10, 0, 0.06%, 9, 0, 8, 400.57
1733837603, 43, 77, 80, 10, 0, 0.06%, 9, 0, 8, 400.38
1733837614, 44, 13, 80, 10, 0, 0.06%, 9, 0, 8, 340.43
1733837619, 44, 23, 80, 10, 0, 0.06%, 9, 0, 8, 292.19
1733837624, 44, 24, 80, 10, 0, 0.06%, 9, 0, 8, 327.49
1733837629, 44, 25, 80, 10, 0, 0.06%, 9, 0, 8, 319.45
1733837634, 44, 27, 80, 10, 0, 0.06%, 9, 0, 8, 342.42
1733837639, 44, 30, 80, 10, 0, 0.06%, 9, 0, 8, 337.82
1733837649, 44, 71, 80, 10, 0, 0.06%, 9, 0, 8, 271.21
1733837659, 44, 77, 80, 10, 0, 0.06%, 9, 0, 8, 282.20
1733837669, 45, 23, 80, 10, 0, 0.06%, 9, 0, 8, 297.48
1733837674, 45, 24, 80, 10, 0, 0.06%, 9, 0, 8, 312.08
1733837680, 45, 25, 80, 10, 0, 0.06%, 9, 0, 8, 363.92
1733837685, 45, 26, 80, 10, 0, 0.06%, 9, 0, 8, 358.54
1733837690, 45, 27, 80, 10, 0, 0.06%, 9, 0, 8, 334.98
1733837695, 45, 30, 80, 10, 0, 0.06%, 9, 0, 8, 364.73
1733837700, 45, 71, 80, 10, 0, 0.06%, 9, 0, 8, 348.64
1733837710, 45, 77, 80, 10, 0, 0.06%, 9, 0, 8, 369.58
1733837720, 46, 13, 80, 10, 0, 0.06%, 9, 0, 8, 317.77
1733837725, 46, 23, 80, 10, 0, 0.06%, 9, 0, 8, 301.32
1733837731, 46, 24, 80, 10, 0, 0.06%, 9, 0, 8, 337.67
1733837736, 46, 26, 80, 10, 0, 0.06%, 9, 0, 8, 341.64
1733837741, 46, 27, 80, 10, 0, 0.06%, 9, 0, 8, 354.68
1733837746, 46, 30, 80, 10, 0, 0.06%, 9, 0, 8, 304.76
1733837751, 46, 71, 80, 10, 0, 0.06%, 9, 0, 8, 353.00
1733837766, 46, 77, 80, 10, 0, 0.06%, 9, 0, 8, 269.84
1733837776, 47, 23, 80, 10, 0, 0.06%, 9, 0, 8, 300.26
1733837781, 47, 24, 80, 10, 0, 0.06%, 9, 0, 8, 337.87
1733837787, 47, 25, 80, 10, 0, 0.06%, 9, 0, 8, 356.68
1733837792, 47, 26, 80, 10, 0, 0.06%, 9, 0, 8, 332.64
1733837797, 47, 27, 80, 10, 0, 0.06%, 9, 0, 8, 325.17
1733837802, 47, 30, 80, 10, 0, 0.06%, 9, 0, 8, 359.47
1733837807, 47, 71, 80, 10, 0, 0.06%, 9, 0, 8, 306.85
1733837817, 47, 77, 80, 10, 0, 0.06%, 9, 0, 8, 328.07
1733837827, 48, 13, 80, 10, 0, 0.06%, 9, 0, 8, 323.38
1733837832, 48, 23, 80, 10, 0, 0.06%, 9, 0, 8, 302.01
1733837837, 48, 24, 80, 10, 0, 0.06%, 9, 0, 8, 325.44
1733837842, 48, 26, 80, 10, 0, 0.06%, 9, 0, 8, 341.66
1733837847, 48, 27, 80, 10, 0, 0.06%, 9, 0, 8, 358.07
1733837852, 48, 30, 80, 10, 0, 0.06%, 9, 0, 8, 300.41
1733837858, 48, 71, 80, 10, 0, 0.06%, 9, 0, 8, 382.44
1733837873, 48, 77, 80, 10, 0, 0.06%, 9, 0, 8, 258.41
1733837883, 49, 23, 80, 10, 0, 0.06%, 9, 0, 8, 291.42
1733837888, 49, 24, 80, 10, 0, 0.06%, 9, 0, 8, 337.32
1733837893, 49, 25, 80, 10, 0, 0.06%, 9, 0, 8, 348.02
1733837899, 49, 26, 80, 10, 0, 0.06%, 9, 0, 8, 328.94
1733837904, 49, 27, 80, 10, 0, 0.06%, 9, 0, 8, 336.30
1733837909, 49, 30, 80, 10, 0, 0.06%, 9, 0, 8, 342.23
1733837914, 49, 71, 80, 10, 0, 0.06%, 9, 0, 8, 295.08
1733837924, 49, 77, 80, 10, 0, 0.06%, 9, 0, 8, 316.44
1733837934, 50, 13, 80, 10, 0, 0.06%, 9, 0, 8, 326.08
1733837939, 50, 24, 80, 10, 0, 0.06%, 9, 0, 8, 314.62
1733837944, 50, 25, 80, 10, 0, 0.06%, 9, 0, 8, 317.52
1733837949, 50, 26, 80, 10, 0, 0.06%, 9, 0, 8, 328.94
1733837954, 50, 27, 80, 10, 0, 0.06%, 9, 0, 8, 347.26
1733837959, 50, 30, 80, 10, 0, 0.06%, 9, 0, 8, 329.74
1733837964, 50, 71, 80, 10, 0, 0.06%, 9, 0, 8, 374.41
1733837975, 50, 77, 80, 10, 0, 0.06%, 9, 0, 8, 357.91
1733837990, 51, 23, 80, 10, 0, 0.06%, 9, 0, 8, 288.92
1733837995, 51, 24, 80, 10, 0, 0.06%, 9, 0, 8, 338.17
1733838000, 51, 25, 80, 10, 0, 0.06%, 9, 0, 8, 316.46
1733838005, 51, 26, 80, 10, 0, 0.06%, 9, 0, 8, 325.24
1733838010, 51, 27, 80, 10, 0, 0.06%, 9, 0, 8, 329.65
1733838015, 51, 30, 80, 10, 0, 0.06%, 9, 0, 8, 346.18
1733838020, 51, 71, 80, 10, 0, 0.06%, 9, 0, 8, 312.83
1733838031, 51, 77, 80, 10, 0, 0.06%, 9, 0, 8, 340.61
1733838041, 52, 13, 80, 10, 0, 0.06%, 9, 0, 8, 327.02
1733838046, 52, 23, 80, 10, 0, 0.06%, 9, 0, 8, 288.89
1733838051, 52, 24, 80, 10, 0, 0.06%, 9, 0, 8, 341.28
1733838056, 52, 26, 80, 10, 0, 0.06%, 9, 0, 8, 330.79
1733838061, 52, 27, 80, 10, 0, 0.06%, 9, 0, 8, 348.70
1733838066, 52, 30, 80, 10, 0, 0.06%, 9, 0, 8, 304.24
1733838071, 52, 71, 80, 10, 0, 0.06%, 9, 0, 8, 412.81
1733838086, 52, 77, 80, 10, 0, 0.06%, 9, 0, 8, 259.40
1733838097, 53, 23, 80, 10, 0, 0.06%, 9, 0, 8, 303.66
1733838102, 53, 24, 80, 10, 0, 0.06%, 9, 0, 8, 341.24
1733838107, 53, 25, 80, 10, 0, 0.06%, 9, 0, 8, 336.87
1733838112, 53, 26, 80, 10, 0, 0.06%, 9, 0, 8, 334.43
1733838117, 53, 30, 80, 10, 0, 0.06%, 9, 0, 8, 344.53
1733838127, 53, 71, 80, 10, 0, 0.06%, 9, 0, 8, 284.76
1733838138, 53, 77, 80, 10, 0, 0.06%, 9, 0, 8, 306.13
1733838148, 54, 23, 80, 10, 0, 0.06%, 9, 0, 8, 316.47
1733838153, 54, 24, 80, 10, 0, 0.06%, 9, 0, 8, 330.26
1733838158, 54, 25, 80, 10, 0, 0.06%, 9, 0, 8, 357.42
1733838163, 54, 26, 80, 10, 0, 0.06%, 9, 0, 8, 346.82
1733838168, 54, 27, 80, 10, 0, 0.06%, 9, 0, 8, 353.96
1733838173, 54, 30, 80, 10, 0, 0.06%, 9, 0, 8, 347.62
1733838178, 54, 71, 80, 10, 0, 0.06%, 9, 0, 8, 296.32
1733838188, 54, 77, 80, 10, 0, 0.06%, 9, 0, 8, 330.16
1733838199, 55, 13, 80, 10, 0, 0.06%, 9, 0, 8, 323.21
1733838204, 55, 24, 80, 10, 0, 0.06%, 9, 0, 8, 318.71
1733838209, 55, 25, 80, 10, 0, 0.06%, 9, 0, 8, 344.71
1733838214, 55, 26, 80, 10, 0, 0.06%, 9, 0, 8, 352.44
1733838219, 55, 27, 80, 10, 0, 0.06%, 9, 0, 8, 354.51
1733838224, 55, 30, 80, 10, 0, 0.06%, 9, 0, 8, 349.29
1733838229, 55, 71, 80, 10, 0, 0.06%, 9, 0, 8, 406.22
1733838239, 55, 77, 80, 10, 0, 0.06%, 9, 0, 8, 389.15
1733838250, 56, 13, 80, 10, 0, 0.06%, 9, 0, 8, 324.36
1733838255, 56, 23, 80, 10, 0, 0.06%, 9, 0, 8, 293.00
1733838260, 56, 24, 80, 10, 0, 0.06%, 9, 0, 8, 340.76
1733838265, 56, 25, 80, 10, 0, 0.06%, 9, 0, 8, 335.19
1733838270, 56, 26, 80, 10, 0, 0.06%, 9, 0, 8, 327.18
1733838275, 56, 30, 80, 10, 0, 0.06%, 9, 0, 8, 333.39
1733838285, 56, 71, 80, 10, 0, 0.06%, 9, 0, 8, 268.68
1733838295, 56, 77, 80, 10, 0, 0.06%, 9, 0, 8, 283.41
1733838305, 57, 23, 80, 10, 0, 0.06%, 9, 0, 8, 308.06
1733838311, 57, 24, 80, 10, 0, 0.06%, 9, 0, 8, 324.90
1733838316, 57, 25, 80, 10, 0, 0.06%, 9, 0, 8, 357.89
1733838321, 57, 26, 80, 10, 0, 0.06%, 9, 0, 8, 328.63
1733838326, 57, 27, 80, 10, 0, 0.06%, 9, 0, 8, 339.77
1733838331, 57, 30, 80, 10, 0, 0.06%, 9, 0, 8, 352.91
1733838336, 57, 71, 80, 10, 0, 0.06%, 9, 0, 8, 320.82
1733838346, 57, 77, 80, 10, 0, 0.06%, 9, 0, 8, 334.81
1733838356, 58, 13, 80, 10, 0, 0.06%, 9, 0, 8, 312.76
1733838361, 58, 23, 80, 10, 0, 0.06%, 9, 0, 8, 286.94
1733838366, 58, 24, 80, 10, 0, 0.06%, 9, 0, 8, 309.35
1733838371, 58, 25, 80, 10, 0, 0.06%, 9, 0, 8, 336.97
1733838376, 58, 27, 80, 10, 0, 0.06%, 9, 0, 8, 351.51
1733838381, 58, 30, 80, 10, 0, 0.06%, 9, 0, 8, 322.54
1733838387, 58, 71, 80, 10, 0, 0.06%, 9, 0, 8, 336.96
1733838402, 58, 77, 80, 10, 0, 0.06%, 9, 0, 8, 259.00
1733838412, 59, 23, 80, 10, 0, 0.06%, 9, 0, 8, 286.02
1733838417, 59, 24, 80, 10, 0, 0.06%, 9, 0, 8, 340.30
1733838422, 59, 25, 80, 10, 0, 0.06%, 9, 0, 8, 344.65
1733838427, 59, 26, 80, 10, 0, 0.06%, 9, 0, 8, 350.58
1733838432, 59, 27, 80, 10, 0, 0.06%, 9, 0, 8, 344.95
1733838438, 59, 30, 80, 10, 0, 0.06%, 9, 0, 8, 355.60
1733838443, 59, 71, 80, 10, 0, 0.06%, 9, 0, 8, 288.42
1733838453, 59, 77, 80, 10, 0, 0.06%, 9, 0, 8, 296.14
1733838463, 60, 23, 80, 10, 0, 0.06%, 9, 0, 8, 311.87
1733838468, 60, 24, 80, 10, 0, 0.06%, 9, 0, 8, 323.66
1733838474, 60, 25, 80, 10, 0, 0.06%, 9, 0, 8, 349.90
1733838479, 60, 26, 80, 10, 0, 0.06%, 9, 0, 8, 354.75
1733838484, 60, 27, 80, 10, 0, 0.06%, 9, 0, 8, 340.72
1733838489, 60, 30, 80, 10, 0, 0.06%, 9, 0, 8, 363.62
1733838494, 60, 71, 80, 10, 0, 0.06%, 9, 0, 8, 326.91
1733838504, 60, 77, 80, 10, 0, 0.06%, 9, 0, 8, 354.51
1733838514, 61, 13, 80, 10, 0, 0.06%, 9, 0, 8, 340.22
1733838519, 61, 23, 80, 10, 0, 0.06%, 9, 0, 8, 309.48
1733838524, 61, 24, 80, 10, 0, 0.06%, 9, 0, 8, 322.73
1733838530, 61, 26, 80, 10, 0, 0.06%, 9, 0, 8, 316.48
1733838535, 61, 27, 80, 10, 0, 0.06%, 9, 0, 8, 327.99
1733838540, 61, 30, 80, 10, 0, 0.06%, 9, 0, 8, 304.83
1733838545, 61, 71, 80, 10, 0, 0.06%, 9, 0, 8, 356.97
1733838560, 61, 77, 80, 10, 0, 0.06%, 9, 0, 8, 268.94
1733838570, 62, 23, 80, 10, 0, 0.06%, 9, 0, 8, 290.81
1733838576, 62, 24, 80, 10, 0, 0.06%, 9, 0, 8, 332.34
1733838581, 62, 25, 80, 10, 0, 0.06%, 9, 0, 8, 353.30
1733838586, 62, 26, 80, 10, 0, 0.06%, 9, 0, 8, 337.32
1733838591, 62, 27, 80, 10, 0, 0.06%, 9, 0, 8, 339.00
1733838596, 62, 30, 80, 10, 0, 0.06%, 9, 0, 8, 360.31
1733838601, 62, 71, 80, 10, 0, 0.06%, 9, 0, 8, 350.32
1733838611, 62, 77, 80, 10, 0, 0.06%, 9, 0, 8, 388.01
1733838621, 63, 13, 80, 10, 0, 0.06%, 9, 0, 8, 328.41
1733838626, 63, 23, 80, 10, 0, 0.06%, 9, 0, 8, 305.88
1733838631, 63, 24, 80, 10, 0, 0.06%, 9, 0, 8, 323.67
1733838637, 63, 25, 80, 10, 0, 0.06%, 9, 0, 8, 300.49
1733838642, 63, 27, 80, 10, 0, 0.06%, 9, 0, 8, 356.35
1733838647, 63, 30, 80, 10, 0, 0.06%, 9, 0, 8, 305.05
1733838652, 63, 71, 80, 10, 0, 0.06%, 9, 0, 8, 400.65
1733838662, 63, 77, 80, 10, 0, 0.06%, 9, 0, 8, 328.15
1733838677, 64, 23, 80, 10, 0, 0.06%, 9, 0, 8, 293.79
1733838683, 64, 24, 80, 10, 0, 0.06%, 9, 0, 8, 341.66
1733838688, 64, 25, 80, 10, 0, 0.06%, 9, 0, 8, 346.91
1733838693, 64, 26, 80, 10, 0, 0.06%, 9, 0, 8, 343.35
1733838698, 64, 27, 80, 10, 0, 0.06%, 9, 0, 8, 346.36
1733838703, 64, 30, 80, 10, 0, 0.06%, 9, 0, 8, 336.25
1733838708, 64, 71, 80, 10, 0, 0.06%, 9, 0, 8, 293.00
1733838718, 64, 77, 80, 10, 0, 0.06%, 9, 0, 8, 319.32
1733838728, 65, 23, 80, 10, 0, 0.06%, 9, 0, 8, 320.95
1733838733, 65, 24, 80, 10, 0, 0.06%, 9, 0, 8, 287.45
1733838739, 65, 25, 80, 10, 0, 0.06%, 9, 0, 8, 340.59
1733838744, 65, 26, 80, 10, 0, 0.06%, 9, 0, 8, 362.68
1733838749, 65, 27, 80, 10, 0, 0.06%, 9, 0, 8, 342.93
1733838754, 65, 30, 80, 10, 0, 0.06%, 9, 0, 8, 305.36
1733838759, 65, 71, 80, 10, 0, 0.06%, 9, 0, 8, 393.66
1733838769, 65, 77, 80, 10, 0, 0.06%, 9, 0, 8, 358.95
1733838784, 65, 78, 80, 10, 0, 0.06%, 9, 0, 8, 468.43
1733838897, 65, 79, 80, 10, 0, 0.06%, 9, 0, 8, 383.66
1733838927, 66, 11, 80, 10, 0, 0.06%, 9, 0, 8, 334.37
1733838938, 66, 12, 80, 10, 0, 0.06%, 9, 0, 8, 371.86
1733838943, 66, 13, 80, 10, 0, 0.06%, 9, 0, 8, 325.99
1733838948, 66, 14, 80, 10, 0, 0.06%, 9, 0, 8, 306.98
1733838953, 66, 15, 80, 10, 0, 0.06%, 9, 0, 8, 302.57
1733838958, 66, 16, 80, 10, 0, 0.06%, 9, 0, 8, 348.20
1733838978, 66, 17, 80, 10, 0, 0.06%, 9, 0, 8, 336.42
1733838999, 66, 18, 80, 10, 0, 0.06%, 9, 0, 8, 257.87
1733839019, 66, 19, 80, 10, 0, 0.06%, 9, 0, 8, 377.04
1733839035, 66, 20, 80, 10, 0, 0.06%, 9, 0, 8, 327.79
1733839055, 66, 21, 80, 10, 0, 0.06%, 9, 0, 8, 381.74
1733839070, 66, 22, 80, 10, 0, 0.06%, 9, 0, 8, 356.28
1733839090, 66, 23, 80, 10, 0, 0.06%, 9, 0, 8, 287.74
1733839095, 66, 24, 80, 10, 0, 0.06%, 9, 0, 8, 336.34
1733839100, 66, 26, 80, 10, 0, 0.06%, 9, 0, 8, 325.24
1733839105, 66, 27, 80, 10, 0, 0.06%, 9, 0, 8, 353.10
1733839110, 66, 28, 80, 10, 0, 0.06%, 9, 0, 8, 361.63
1733839126, 66, 29, 80, 10, 0, 0.06%, 9, 0, 8, 356.39
1733839141, 66, 30, 80, 10, 0, 0.06%, 9, 0, 8, 341.52
1733839151, 66, 31, 80, 10, 0, 0.06%, 9, 0, 8, 399.61
1733839166, 66, 32, 80, 10, 0, 0.06%, 9, 0, 8, 305.22
1733839187, 66, 33, 80, 10, 0, 0.06%, 9, 0, 8, 335.81
1733839232, 66, 34, 80, 9, 0, 0.06%, 9, 0, 8, 338.24
1733839293, 66, 35, 80, 8, 0, 0.06%, 9, 0, 8, 429.17
1733839324, 66, 36, 80, 7, 0, 0.06%, 9, 0, 8, 423.77
1733839354, 66, 37, 80, 6, 0, 0.06%, 9, 0, 8, 359.07
1733839394, 66, 38, 80, 5, 0, 0.06%, 9, 0, 8, 450.79
1733839435, 66, 39, 80, 5, 0, 0.06%, 9, 0, 8, 313.33
1733839486, 66, 40, 80, 5, 0, 0.06%, 9, 0, 8, 450.14
1733839533, 66, 41, 80, 5, 0, 0.06%, 9, 0, 8, 454.51
1733839548, 66, 42, 80, 5, 0, 0.06%, 9, 0, 8, 463.09
1733839624, 66, 43, 80, 5, 0, 0.06%, 9, 0, 8, 471.08
1733839706, 66, 44, 80, 5, 0, 0.06%, 9, 0, 8, 323.81
