# unix_time, cycles_done, cur_path, paths_total, pending_total, pending_favs, map_size, unique_crashes, unique_hangs, max_depth, execs_per_sec
1735331349, 0, 0, 10, 10, 1, 0.00%, 0, 0, 1, 175.82
1735331354, 0, 4, 10, 10, 1, 0.00%, 0, 0, 1, 204.55
1735331359, 0, 5, 10, 9, 0, 0.00%, 0, 0, 1, 209.66
1735331364, 0, 6, 10, 8, 0, 0.00%, 0, 0, 1, 205.94
1735331374, 0, 7, 10, 7, 0, 0.00%, 0, 0, 1, 212.39
1735331380, 0, 8, 10, 6, 0, 0.00%, 0, 0, 1, 198.81
1735331390, 0, 9, 10, 5, 0, 0.00%, 0, 0, 1, 210.04
1735331395, 1, 0, 10, 4, 0, 0.00%, 0, 0, 1, 212.21
1735331405, 1, 1, 10, 3, 0, 0.00%, 0, 0, 1, 213.24
1735331416, 1, 2, 10, 2, 0, 0.00%, 0, 0, 1, 210.97
1735331426, 1, 3, 10, 1, 0, 0.00%, 0, 0, 1, 215.01
1735331436, 1, 4, 10, 0, 0, 0.00%, 0, 0, 1, 212.23
1735331441, 1, 5, 10, 0, 0, 0.00%, 0, 0, 1, 212.44
1735331446, 1, 6, 10, 0, 0, 0.00%, 0, 0, 1, 207.52
1735331451, 1, 8, 10, 0, 0, 0.00%, 0, 0, 1, 210.53
1735331456, 1, 9, 10, 0, 0, 0.00%, 0, 0, 1, 213.76
1735331461, 2, 0, 10, 0, 0, 0.00%, 0, 0, 1, 211.16
1735331466, 2, 2, 10, 0, 0, 0.00%, 0, 0, 1, 210.86
1735331472, 2, 3, 10, 0, 0, 0.00%, 0, 0, 1, 209.44
1735331477, 2, 5, 10, 0, 0, 0.00%, 0, 0, 1, 209.78
1735331482, 2, 6, 10, 0, 0, 0.00%, 0, 0, 1, 215.26
1735331487, 2, 8, 10, 0, 0, 0.00%, 0, 0, 1, 212.43
1735331492, 2, 9, 10, 0, 0, 0.00%, 0, 0, 1, 208.48
1735331497, 3, 1, 10, 0, 0, 0.00%, 0, 0, 1, 211.82
1735331503, 3, 2, 10, 0, 0, 0.00%, 0, 0, 1, 208.19
1735331508, 3, 3, 10, 0, 0, 0.00%, 0, 0, 1, 212.59
1735331513, 3, 5, 10, 0, 0, 0.00%, 0, 0, 1, 208.88
1735331518, 3, 6, 10, 0, 0, 0.00%, 0, 0, 1, 210.17
1735331523, 3, 8, 10, 0, 0, 0.00%, 0, 0, 1, 210.86
1735331528, 3, 9, 10, 0, 0, 0.00%, 0, 0, 1, 212.95
1735331533, 4, 1, 10, 0, 0, 0.00%, 0, 0, 1, 211.47
1735331538, 4, 2, 10, 0, 0, 0.00%, 0, 0, 1, 211.88
1735331543, 4, 3, 10, 0, 0, 0.00%, 0, 0, 1, 213.35
1735331548, 4, 5, 10, 0, 0, 0.00%, 0, 0, 1, 210.37
1735331553, 4, 6, 10, 0, 0, 0.00%, 0, 0, 1, 207.82
1735331558, 4, 8, 10, 0, 0, 0.00%, 0, 0, 1, 208.10
1735331564, 4, 9, 10, 0, 0, 0.00%, 0, 0, 1, 209.70
1735331569, 5, 1, 10, 0, 0, 0.00%, 0, 0, 1, 205.73
1735331574, 5, 2, 10, 0, 0, 0.00%, 0, 0, 1, 208.80
1735331579, 5, 3, 10, 0, 0, 0.00%, 0, 0, 1, 210.26
1735331584, 5, 5, 10, 0, 0, 0.00%, 0, 0, 1, 208.49
1735331589, 5, 6, 10, 0, 0, 0.00%, 0, 0, 1, 211.58
1735331594, 5, 8, 10, 0, 0, 0.00%, 0, 0, 1, 213.38
1735331599, 5, 9, 10, 0, 0, 0.00%, 0, 0, 1, 210.43
1735331605, 6, 1, 10, 0, 0, 0.00%, 0, 0, 1, 211.77
1735331610, 6, 2, 10, 0, 0, 0.00%, 0, 0, 1, 209.13
1735331615, 6, 3, 10, 0, 0, 0.00%, 0, 0, 1, 213.37
1735331620, 6, 5, 10, 0, 0, 0.00%, 0, 0, 1, 209.08
1735331625, 6, 6, 10, 0, 0, 0.00%, 0, 0, 1, 214.71
1735331630, 6, 8, 10, 0, 0, 0.00%, 0, 0, 1, 213.20
1735331635, 6, 9, 10, 0, 0, 0.00%, 0, 0, 1, 212.20
1735331640, 7, 1, 10, 0, 0, 0.00%, 0, 0, 1, 210.13
1735331645, 7, 2, 10, 0, 0, 0.00%, 0, 0, 1, 209.12
1735331650, 7, 4, 10, 0, 0, 0.00%, 0, 0, 1, 210.72
1735331656, 7, 5, 10, 0, 0, 0.00%, 0, 0, 1, 209.99
1735331661, 7, 10, 11, 1, 1, 0.05%, 1, 0, 2, 239.34
1735331717, 7, 10, 12, 2, 1, 0.05%, 2, 0, 3, 213.96
1735331737, 7, 11, 15, 4, 1, 0.05%, 3, 0, 4, 262.01
1735331747, 7, 11, 16, 5, 1, 0.05%, 3, 0, 4, 271.93
1735331752, 7, 11, 18, 7, 1, 0.05%, 4, 0, 4, 277.10
1735331773, 7, 11, 19, 8, 1, 0.06%, 5, 0, 4, 276.63
1735331788, 7, 11, 20, 9, 1, 0.06%, 5, 0, 4, 278.32
1735331808, 7, 11, 21, 10, 1, 0.06%, 6, 0, 4, 276.37
1735331839, 7, 20, 22, 10, 4, 0.06%, 6, 0, 5, 257.06
1735331844, 7, 20, 23, 11, 4, 0.06%, 6, 0, 5, 275.94
1735331870, 7, 20, 24, 12, 4, 0.06%, 6, 0, 5, 274.01
1735331950, 8, 16, 24, 11, 3, 0.06%, 6, 0, 5, 221.60
1735331955, 8, 16, 25, 12, 3, 0.06%, 6, 0, 5, 352.29
1735331961, 8, 16, 26, 13, 3, 0.06%, 6, 0, 5, 411.97
1735331986, 8, 16, 27, 14, 3, 0.06%, 6, 0, 5, 421.18
1735331996, 8, 16, 28, 15, 3, 0.06%, 6, 0, 5, 429.27
1735332001, 8, 16, 29, 16, 3, 0.06%, 6, 0, 5, 417.05
1735332027, 8, 16, 32, 19, 3, 0.06%, 6, 0, 5, 245.53
1735332037, 8, 18, 33, 19, 3, 0.06%, 6, 0, 5, 254.55
1735332062, 8, 18, 34, 20, 3, 0.06%, 6, 0, 5, 257.24
1735332088, 8, 18, 35, 21, 3, 0.06%, 6, 0, 5, 271.99
1735332093, 8, 18, 36, 22, 3, 0.06%, 6, 0, 5, 272.19
1735332123, 8, 18, 37, 23, 3, 0.06%, 6, 0, 5, 274.09
1735332133, 8, 18, 38, 24, 3, 0.06%, 6, 0, 5, 246.76
1735332138, 8, 18, 39, 25, 3, 0.06%, 6, 0, 5, 267.10
1735332148, 8, 19, 39, 24, 2, 0.06%, 6, 0, 5, 245.16
1735332194, 8, 19, 40, 25, 2, 0.06%, 7, 0, 5, 263.37
1735332214, 8, 39, 42, 26, 2, 0.06%, 9, 0, 6, 427.90
1735332224, 8, 39, 44, 28, 2, 0.06%, 9, 0, 6, 479.22
1735332229, 8, 39, 45, 29, 2, 0.06%, 9, 0, 6, 497.63
1735332234, 8, 39, 46, 30, 2, 0.06%, 9, 0, 6, 495.28
1735332249, 8, 39, 47, 31, 2, 0.06%, 9, 0, 6, 501.62
1735332296, 8, 40, 48, 31, 3, 0.06%, 9, 0, 7, 431.43
1735332321, 8, 40, 49, 32, 3, 0.06%, 9, 0, 7, 531.60
1735332351, 8, 40, 51, 34, 3, 0.06%, 9, 0, 7, 381.07
1735332367, 8, 41, 52, 34, 2, 0.06%, 9, 0, 7, 484.27
1735332397, 8, 41, 53, 35, 2, 0.06%, 9, 0, 7, 310.43
1735332403, 8, 47, 53, 34, 1, 0.06%, 9, 0, 7, 401.29
1735332433, 8, 47, 54, 35, 1, 0.06%, 9, 0, 8, 342.90
1735332444, 8, 51, 54, 34, 1, 0.06%, 9, 0, 8, 464.72
1735332449, 8, 51, 55, 35, 1, 0.06%, 9, 0, 8, 424.35
1735332474, 8, 51, 56, 36, 1, 0.06%, 9, 0, 8, 498.33
1735332520, 8, 51, 57, 37, 1, 0.06%, 9, 0, 8, 328.99
1735332530, 8, 52, 57, 36, 1, 0.06%, 9, 0, 8, 392.25
1735332566, 8, 53, 57, 35, 0, 0.06%, 9, 0, 8, 367.71
1735332596, 8, 53, 59, 37, 0, 0.06%, 9, 0, 9, 415.55
1735332617, 8, 54, 59, 36, 0, 0.06%, 9, 0, 9, 367.92
1735332672, 8, 56, 59, 35, 0, 0.06%, 9, 0, 9, 362.82
1735332723, 8, 57, 59, 34, 0, 0.06%, 9, 0, 9, 358.99
1735332805, 8, 57, 60, 35, 0, 0.06%, 9, 0, 10, 491.69
1735332831, 8, 57, 61, 36, 0, 0.06%, 9, 0, 10, 498.72
1735332872, 8, 58, 61, 35, 0, 0.06%, 9, 0, 10, 253.62
1735333495, 8, 58, 62, 36, 0, 0.06%, 9, 0, 10, 412.77
1735333500, 8, 58, 63, 37, 0, 0.06%, 9, 0, 10, 480.03
1735333510, 8, 58, 64, 38, 0, 0.06%, 9, 0, 10, 496.79
1735333526, 8, 58, 65, 39, 0, 0.06%, 9, 0, 10, 495.09
1735333561, 9, 16, 65, 38, 0, 0.06%, 9, 0, 10, 418.90
1735333571, 9, 24, 65, 38, 0, 0.06%, 9, 0, 10, 350.68
1735333642, 9, 25, 65, 37, 0, 0.06%, 9, 0, 10, 330.91
1735333678, 9, 26, 65, 36, 0, 0.06%, 9, 0, 10, 468.58
1735333713, 9, 27, 65, 35, 0, 0.06%, 9, 0, 10, 353.71
1735333739, 9, 27, 67, 37, 0, 0.06%, 9, 0, 10, 484.56
1735333821, 9, 33, 67, 36, 0, 0.06%, 9, 0, 10, 320.90
1735333861, 9, 37, 67, 35, 0, 0.06%, 9, 0, 10, 318.66
1735333866, 9, 37, 68, 36, 0, 0.06%, 9, 0, 10, 273.49
1735333938, 9, 40, 68, 35, 0, 0.06%, 9, 0, 10, 327.36
1735333953, 9, 41, 68, 35, 0, 0.06%, 9, 0, 10, 312.67
1735333973, 9, 47, 68, 35, 0, 0.06%, 9, 0, 10, 405.31
1735333983, 9, 47, 69, 36, 0, 0.06%, 9, 0, 10, 316.35
1735333988, 9, 48, 69, 36, 0, 0.06%, 9, 0, 10, 307.29
1735334306, 9, 67, 69, 35, 0, 0.06%, 9, 0, 10, 347.56
1735334347, 9, 67, 70, 36, 0, 0.06%, 9, 0, 10, 417.19
1735334357, 9, 67, 71, 37, 0, 0.06%, 9, 0, 10, 438.36
1735334428, 9, 68, 71, 36, 0, 0.06%, 9, 0, 10, 346.90
1735334433, 9, 68, 72, 37, 0, 0.06%, 9, 0, 10, 398.20
1735334535, 9, 69, 72, 36, 0, 0.06%, 9, 0, 10, 373.76
1735334637, 9, 70, 72, 35, 0, 0.06%, 9, 0, 10, 359.56
1735334714, 9, 71, 72, 34, 0, 0.06%, 9, 0, 10, 366.82
1735334816, 10, 16, 72, 33, 0, 0.06%, 9, 0, 10, 339.15
1735334826, 10, 18, 72, 33, 0, 0.06%, 9, 0, 10, 295.55
1735334836, 10, 24, 72, 33, 0, 0.06%, 9, 0, 10, 303.47
1735334857, 10, 25, 72, 33, 0, 0.06%, 9, 0, 10, 364.01
1735334872, 10, 26, 72, 33, 0, 0.06%, 9, 0, 10, 329.59
1735334892, 10, 27, 72, 33, 0, 0.06%, 9, 0, 10, 381.56
1735334907, 10, 28, 72, 33, 0, 0.06%, 9, 0, 10, 370.06
1735334963, 10, 29, 72, 32, 0, 0.06%, 9, 0, 10, 400.93
1735335009, 10, 30, 72, 31, 0, 0.06%, 9, 0, 10, 310.84
1735335045, 10, 31, 72, 30, 0, 0.06%, 9, 0, 10, 443.58
1735335075, 10, 32, 72, 29, 0, 0.06%, 9, 0, 10, 266.15
1735335120, 10, 33, 72, 28, 0, 0.06%, 9, 0, 10, 363.73
1735335166, 10, 39, 72, 28, 0, 0.06%, 9, 0, 10, 337.68
1735335187, 10, 40, 72, 28, 0, 0.06%, 9, 0, 10, 499.33
1735335197, 10, 41, 72, 28, 0, 0.06%, 9, 0, 10, 448.96
1735335212, 10, 42, 72, 28, 0, 0.06%, 9, 0, 10, 380.54
1735335258, 10, 43, 72, 27, 0, 0.06%, 9, 0, 10, 494.03
1735335294, 10, 44, 72, 26, 0, 0.06%, 9, 0, 10, 477.17
1735335335, 10, 45, 72, 25, 0, 0.06%, 9, 0, 10, 459.51
1735335370, 10, 46, 72, 24, 0, 0.06%, 9, 0, 10, 398.65
1735335426, 10, 46, 73, 25, 0, 0.06%, 9, 0, 10, 363.18
1735335462, 10, 47, 73, 24, 0, 0.06%, 9, 0, 10, 349.85
1735335467, 10, 48, 73, 24, 0, 0.06%, 9, 0, 10, 407.21
1735335492, 10, 49, 73, 24, 0, 0.06%, 9, 0, 10, 369.10
1735335584, 10, 50, 73, 23, 0, 0.06%, 9, 0, 10, 380.42
1735335646, 10, 51, 73, 22, 0, 0.06%, 9, 0, 10, 388.60
1735335661, 10, 52, 73, 22, 0, 0.06%, 9, 0, 10, 362.10
1735335681, 10, 53, 73, 22, 0, 0.06%, 9, 0, 10, 341.10
1735335712, 10, 54, 73, 22, 0, 0.06%, 9, 0, 10, 451.94
1735335732, 10, 55, 73, 22, 0, 0.06%, 9, 0, 10, 290.59
1735336151, 10, 65, 73, 21, 0, 0.06%, 9, 0, 10, 373.63
1735336258, 10, 66, 73, 20, 0, 0.06%, 9, 0, 10, 341.47
1735336366, 10, 67, 73, 19, 0, 0.06%, 9, 0, 10, 352.43
1735336417, 10, 68, 73, 19, 0, 0.06%, 9, 0, 10, 339.91
1735336509, 10, 69, 73, 19, 0, 0.06%, 9, 0, 10, 440.12
1735336596, 10, 70, 73, 19, 0, 0.06%, 9, 0, 10, 362.68
1735336693, 10, 71, 73, 19, 0, 0.06%, 9, 0, 10, 351.10
1735336780, 10, 72, 74, 20, 0, 0.06%, 9, 0, 10, 403.18
1735336877, 10, 73, 74, 19, 0, 0.06%, 9, 0, 10, 409.89
1735336994, 11, 16, 74, 18, 0, 0.06%, 9, 0, 10, 384.87
1735337004, 11, 18, 74, 18, 0, 0.06%, 9, 0, 10, 312.94
1735337009, 11, 20, 74, 18, 0, 0.06%, 9, 0, 10, 316.81
1735337019, 11, 21, 74, 18, 0, 0.06%, 9, 0, 10, 368.03
1735337049, 11, 22, 74, 17, 0, 0.06%, 9, 0, 10, 304.83
1735337090, 11, 23, 74, 16, 0, 0.06%, 9, 0, 10, 439.02
1735337130, 11, 24, 74, 15, 0, 0.06%, 9, 0, 10, 324.80
1735337135, 11, 25, 74, 15, 0, 0.06%, 9, 0, 10, 321.51
1735337141, 11, 27, 74, 15, 0, 0.06%, 9, 0, 10, 353.26
1735337151, 11, 28, 74, 15, 0, 0.06%, 9, 0, 10, 444.55
1735337166, 11, 29, 74, 15, 0, 0.06%, 9, 0, 10, 313.69
1735337181, 11, 30, 74, 15, 0, 0.06%, 9, 0, 10, 341.91
1735337201, 11, 31, 74, 15, 0, 0.06%, 9, 0, 10, 443.59
1735337217, 11, 32, 74, 15, 0, 0.06%, 9, 0, 10, 298.53
1735337237, 11, 33, 74, 15, 0, 0.06%, 9, 0, 10, 327.26
1735337242, 11, 34, 74, 15, 0, 0.06%, 9, 0, 10, 248.43
1735337947, 11, 39, 74, 14, 0, 0.06%, 9, 0, 10, 349.58
1735337952, 11, 41, 74, 14, 0, 0.06%, 9, 0, 10, 385.07
1735337957, 11, 42, 74, 14, 0, 0.06%, 9, 0, 10, 338.90
1735337978, 11, 43, 74, 14, 0, 0.06%, 9, 0, 10, 445.81
1735337993, 11, 44, 74, 14, 0, 0.06%, 9, 0, 10, 402.18
1735338008, 11, 45, 74, 14, 0, 0.06%, 9, 0, 10, 393.32
1735338028, 11, 46, 74, 14, 0, 0.06%, 9, 0, 10, 332.11
1735338044, 11, 47, 74, 14, 0, 0.06%, 9, 0, 10, 358.94
1735338059, 11, 48, 74, 14, 0, 0.06%, 9, 0, 10, 319.79
1735338368, 11, 49, 74, 14, 0, 0.06%, 9, 0, 10, 433.70
1735338383, 11, 50, 74, 14, 0, 0.06%, 9, 0, 10, 400.42
1735338399, 11, 51, 74, 14, 0, 0.06%, 9, 0, 10, 355.89
1735338404, 11, 52, 74, 14, 0, 0.06%, 9, 0, 10, 366.53
1735338409, 11, 53, 74, 14, 0, 0.06%, 9, 0, 10, 370.44
1735338414, 11, 54, 74, 14, 0, 0.06%, 9, 0, 10, 385.38
1735338419, 11, 55, 74, 14, 0, 0.06%, 9, 0, 10, 384.43
1735338455, 11, 56, 74, 14, 0, 0.06%, 9, 0, 10, 509.21
1735338485, 11, 57, 74, 14, 0, 0.06%, 9, 0, 10, 471.01
1735338582, 11, 58, 74, 14, 0, 0.06%, 9, 0, 10, 330.74
1735339270, 11, 59, 74, 14, 0, 0.06%, 9, 0, 10, 404.90
1735339378, 11, 65, 74, 13, 0, 0.06%, 9, 0, 10, 330.37
1735339398, 11, 66, 74, 13, 0, 0.06%, 9, 0, 10, 408.79
1735339413, 12, 16, 74, 13, 0, 0.06%, 9, 0, 10, 334.17
1735339418, 12, 24, 74, 13, 0, 0.06%, 9, 0, 10, 317.45
1735339423, 12, 25, 74, 13, 0, 0.06%, 9, 0, 10, 350.89
1735339428, 12, 26, 74, 13, 0, 0.06%, 9, 0, 10, 369.06
1735339433, 12, 27, 75, 14, 0, 0.06%, 9, 0, 10, 368.53
1735339438, 12, 28, 75, 14, 0, 0.06%, 9, 0, 10, 376.03
1735339443, 12, 29, 75, 14, 0, 0.06%, 9, 0, 10, 309.07
1735339448, 12, 30, 75, 14, 0, 0.06%, 9, 0, 10, 347.06
1735339453, 12, 31, 75, 14, 0, 0.06%, 9, 0, 10, 356.53
1735339459, 12, 53, 75, 14, 0, 0.06%, 9, 0, 10, 345.50
1735339469, 12, 65, 75, 14, 0, 0.06%, 9, 0, 10, 382.68
1735339479, 12, 66, 75, 14, 0, 0.06%, 9, 0, 10, 364.42
1735339484, 12, 74, 75, 14, 0, 0.06%, 9, 0, 10, 327.68
1735339489, 12, 74, 76, 15, 0, 0.06%, 9, 0, 10, 395.40
1735339592, 12, 75, 76, 14, 0, 0.06%, 9, 0, 10, 345.49
1735339699, 13, 16, 76, 13, 0, 0.06%, 9, 0, 10, 395.97
1735339704, 13, 24, 76, 13, 0, 0.06%, 9, 0, 10, 335.17
1735339709, 13, 25, 76, 13, 0, 0.06%, 9, 0, 10, 356.08
1735339714, 13, 26, 76, 13, 0, 0.06%, 9, 0, 10, 364.02
1735339719, 13, 27, 76, 13, 0, 0.06%, 9, 0, 10, 361.75
1735339724, 13, 28, 76, 13, 0, 0.06%, 9, 0, 10, 371.02
1735339729, 13, 29, 76, 13, 0, 0.06%, 9, 0, 10, 322.60
1735339734, 13, 30, 76, 13, 0, 0.06%, 9, 0, 10, 334.03
1735339740, 13, 52, 76, 13, 0, 0.06%, 9, 0, 10, 351.49
1735339745, 13, 53, 76, 13, 0, 0.06%, 9, 0, 10, 376.22
1735339755, 13, 65, 77, 14, 0, 0.06%, 9, 0, 10, 338.34
1735339760, 13, 66, 77, 14, 0, 0.06%, 9, 0, 10, 339.48
1735339765, 13, 74, 77, 14, 0, 0.06%, 9, 0, 10, 410.71
1735339780, 13, 75, 77, 14, 0, 0.06%, 9, 0, 10, 350.85
1735339795, 13, 76, 77, 14, 0, 0.06%, 9, 0, 10, 331.20
1735339806, 13, 76, 78, 15, 0, 0.06%, 9, 0, 10, 478.16
1735339913, 13, 77, 78, 14, 0, 0.06%, 9, 0, 10, 380.76
1735340035, 14, 16, 78, 13, 0, 0.06%, 9, 0, 10, 356.51
1735340040, 14, 20, 78, 13, 0, 0.06%, 9, 0, 10, 312.76
1735340045, 14, 21, 78, 13, 0, 0.06%, 9, 0, 10, 327.13
1735340055, 14, 22, 78, 13, 0, 0.06%, 9, 0, 10, 356.04
1735340066, 14, 23, 78, 13, 0, 0.06%, 9, 0, 10, 380.57
1735340071, 14, 24, 78, 13, 0, 0.06%, 9, 0, 10, 319.36
1735340081, 14, 26, 78, 13, 0, 0.06%, 9, 0, 10, 310.81
1735340086, 14, 27, 78, 13, 0, 0.06%, 9, 0, 10, 320.69
1735340091, 14, 28, 78, 13, 0, 0.06%, 9, 0, 10, 328.18
1735340096, 14, 29, 78, 13, 0, 0.06%, 9, 0, 10, 337.07
1735340101, 14, 30, 78, 13, 0, 0.06%, 9, 0, 10, 345.29
1735340106, 14, 31, 78, 13, 0, 0.06%, 9, 0, 10, 359.10
1735340111, 14, 33, 78, 13, 0, 0.06%, 9, 0, 10, 347.91
1735340116, 14, 37, 78, 13, 0, 0.06%, 9, 0, 10, 293.78
1735340136, 14, 40, 78, 13, 0, 0.06%, 9, 0, 10, 352.89
1735340141, 14, 41, 78, 13, 0, 0.06%, 9, 0, 10, 393.83
1735340146, 14, 42, 78, 13, 0, 0.06%, 9, 0, 10, 328.53
1735340152, 14, 43, 78, 13, 0, 0.06%, 9, 0, 10, 360.92
1735340157, 14, 44, 78, 13, 0, 0.06%, 9, 0, 10, 361.48
1735340162, 14, 46, 78, 13, 0, 0.06%, 9, 0, 10, 341.60
1735340172, 14, 48, 78, 13, 0, 0.06%, 9, 0, 10, 381.69
1735340182, 14, 49, 78, 13, 0, 0.06%, 9, 0, 10, 360.08
1735340253, 14, 50, 78, 13, 0, 0.06%, 9, 0, 10, 371.26
1735340289, 14, 51, 78, 13, 0, 0.06%, 9, 0, 10, 451.19
1735340304, 14, 52, 78, 13, 0, 0.06%, 9, 0, 10, 391.45
1735340314, 14, 53, 78, 13, 0, 0.06%, 9, 0, 10, 456.95
1735340325, 14, 54, 78, 13, 0, 0.06%, 9, 0, 10, 467.55
1735340340, 14, 55, 78, 13, 0, 0.06%, 9, 0, 10, 417.10
1735340714, 14, 56, 78, 13, 0, 0.06%, 9, 0, 10, 412.16
1735340730, 14, 57, 78, 13, 0, 0.06%, 9, 0, 10, 410.76
1735340817, 14, 58, 78, 13, 0, 0.06%, 9, 0, 10, 311.56
1735341505, 14, 59, 78, 13, 0, 0.06%, 9, 0, 10, 443.39
1735341592, 14, 60, 78, 13, 0, 0.06%, 9, 0, 10, 356.52
1735341807, 14, 61, 78, 12, 0, 0.06%, 9, 0, 10, 399.36
1735341914, 14, 62, 78, 11, 0, 0.06%, 9, 0, 10, 260.20
