# unix_time, cycles_done, cur_path, paths_total, pending_total, pending_favs, map_size, unique_crashes, unique_hangs, max_depth, execs_per_sec
1735450164, 0, 0, 10, 10, 1, 0.00%, 0, 0, 1, 175.44
1735450169, 0, 2, 10, 10, 1, 0.00%, 0, 0, 1, 203.71
1735450175, 0, 3, 10, 9, 0, 0.00%, 0, 0, 1, 210.13
1735450180, 0, 4, 10, 8, 0, 0.00%, 0, 0, 1, 204.21
1735450190, 0, 5, 10, 7, 0, 0.00%, 0, 0, 1, 213.19
1735450195, 0, 6, 10, 6, 0, 0.00%, 0, 0, 1, 198.77
1735450205, 0, 7, 10, 5, 0, 0.00%, 0, 0, 1, 213.25
1735450210, 0, 8, 10, 4, 0, 0.00%, 0, 0, 1, 213.30
1735450216, 0, 9, 10, 3, 0, 0.00%, 0, 0, 1, 207.40
1735450226, 1, 0, 10, 2, 0, 0.00%, 0, 0, 1, 211.36
1735450236, 1, 1, 10, 1, 0, 0.00%, 0, 0, 1, 211.55
1735450246, 1, 2, 10, 0, 0, 0.00%, 0, 0, 1, 208.68
1735450256, 1, 4, 10, 0, 0, 0.00%, 0, 0, 1, 209.25
1735450262, 1, 5, 10, 0, 0, 0.00%, 0, 0, 1, 209.57
1735450267, 1, 7, 10, 0, 0, 0.00%, 0, 0, 1, 208.46
1735450272, 1, 8, 10, 0, 0, 0.00%, 0, 0, 1, 215.03
1735450277, 1, 10, 11, 1, 1, 0.05%, 1, 0, 2, 248.91
1735450313, 2, 10, 11, 0, 0, 0.05%, 1, 0, 2, 246.33
1735450323, 3, 10, 11, 0, 0, 0.05%, 1, 0, 2, 237.05
1735450333, 4, 10, 11, 0, 0, 0.05%, 1, 0, 2, 232.01
1735450343, 5, 10, 11, 0, 0, 0.05%, 1, 0, 2, 232.49
1735450353, 6, 10, 11, 0, 0, 0.05%, 1, 0, 2, 226.66
1735450359, 7, 10, 11, 0, 0, 0.05%, 1, 0, 2, 221.38
1735450369, 8, 10, 11, 0, 0, 0.05%, 1, 0, 2, 220.41
1735450374, 8, 10, 12, 1, 0, 0.05%, 2, 0, 3, 224.63
1735450379, 8, 11, 13, 2, 1, 0.05%, 3, 0, 4, 230.15
1735450384, 8, 11, 16, 5, 1, 0.05%, 4, 0, 4, 257.01
1735450389, 8, 11, 18, 7, 1, 0.06%, 5, 0, 4, 262.55
1735450394, 8, 11, 19, 8, 1, 0.06%, 5, 0, 4, 275.41
1735450409, 8, 11, 20, 9, 1, 0.06%, 5, 0, 4, 273.77
1735450464, 8, 11, 21, 10, 1, 0.06%, 5, 0, 4, 272.26
1735450495, 8, 14, 24, 12, 3, 0.06%, 6, 0, 5, 425.35
1735450500, 8, 14, 25, 13, 3, 0.06%, 7, 0, 5, 467.83
1735450510, 8, 14, 26, 14, 3, 0.06%, 8, 0, 5, 475.86
1735450541, 8, 14, 27, 15, 3, 0.06%, 8, 0, 5, 477.16
1735450546, 8, 14, 28, 16, 3, 0.06%, 8, 0, 5, 303.78
1735450556, 8, 14, 30, 18, 3, 0.06%, 9, 0, 5, 260.28
1735450571, 8, 29, 32, 19, 6, 0.06%, 9, 0, 6, 391.01
1735450576, 8, 29, 34, 21, 6, 0.06%, 9, 0, 6, 517.70
1735450602, 8, 29, 35, 22, 6, 0.06%, 9, 0, 6, 538.11
1735450612, 8, 29, 36, 23, 6, 0.06%, 9, 0, 6, 532.01
1735450617, 8, 29, 37, 24, 6, 0.06%, 9, 0, 6, 529.14
1735450632, 8, 29, 38, 25, 6, 0.06%, 9, 0, 6, 303.17
1735450648, 9, 21, 40, 26, 6, 0.06%, 9, 0, 6, 277.15
1735450663, 9, 21, 41, 27, 6, 0.06%, 9, 0, 6, 281.77
1735450668, 9, 21, 42, 28, 6, 0.06%, 9, 0, 6, 274.61
1735450678, 9, 21, 43, 29, 6, 0.06%, 9, 0, 6, 277.38
1735450755, 9, 25, 45, 30, 5, 0.06%, 9, 0, 6, 375.36
1735450775, 9, 25, 46, 31, 5, 0.06%, 9, 0, 6, 498.50
1735450780, 9, 25, 47, 32, 5, 0.06%, 9, 0, 6, 490.07
1735450806, 9, 25, 48, 33, 5, 0.06%, 9, 0, 6, 502.36
1735450816, 9, 25, 49, 34, 5, 0.06%, 9, 0, 6, 497.39
1735450836, 9, 37, 49, 33, 5, 0.06%, 9, 0, 6, 413.24
1735450856, 9, 37, 51, 35, 5, 0.06%, 9, 0, 7, 471.34
1735450912, 9, 43, 51, 34, 5, 0.06%, 9, 0, 7, 368.22
1735450942, 9, 44, 52, 34, 4, 0.06%, 9, 0, 7, 323.67
1735450983, 9, 45, 52, 33, 4, 0.06%, 9, 0, 7, 435.84
1735451009, 9, 45, 53, 34, 4, 0.06%, 9, 0, 7, 290.78
1735451014, 9, 45, 54, 35, 4, 0.06%, 9, 0, 7, 311.58
1735451019, 9, 46, 58, 38, 4, 0.06%, 9, 0, 7, 454.33
1735451039, 9, 46, 59, 39, 4, 0.06%, 9, 0, 7, 515.50
1735451054, 9, 46, 60, 40, 4, 0.06%, 9, 0, 7, 516.81
1735451115, 9, 47, 60, 39, 4, 0.06%, 9, 0, 7, 432.54
1735451177, 9, 49, 60, 38, 4, 0.06%, 9, 0, 7, 356.94
1735451258, 9, 49, 61, 39, 4, 0.06%, 9, 0, 8, 506.35
1735451263, 9, 49, 62, 40, 4, 0.06%, 9, 0, 8, 506.99
1735451324, 9, 51, 62, 39, 4, 0.06%, 9, 0, 8, 480.46
1735451334, 9, 51, 63, 40, 4, 0.06%, 9, 0, 8, 493.05
1735451369, 9, 51, 64, 41, 4, 0.06%, 9, 0, 8, 312.20
1735451374, 9, 52, 64, 40, 4, 0.06%, 9, 0, 8, 397.38
1735451503, 9, 53, 64, 39, 4, 0.06%, 9, 0, 8, 340.32
1735451554, 9, 53, 66, 41, 4, 0.06%, 9, 0, 8, 488.88
1735451707, 9, 57, 66, 40, 4, 0.06%, 9, 0, 8, 335.16
1735451793, 10, 21, 66, 39, 4, 0.06%, 9, 0, 8, 337.78
1735451814, 10, 38, 66, 39, 4, 0.06%, 9, 0, 8, 280.81
1735451860, 10, 39, 66, 38, 4, 0.06%, 9, 0, 8, 482.68
1735451870, 10, 39, 67, 39, 4, 0.06%, 9, 0, 8, 438.18
1735451916, 10, 40, 67, 38, 4, 0.06%, 9, 0, 8, 467.55
1735451951, 10, 41, 67, 37, 4, 0.06%, 9, 0, 8, 303.23
1735451986, 10, 42, 67, 36, 4, 0.06%, 9, 0, 8, 302.35
1735452022, 10, 48, 67, 35, 4, 0.06%, 9, 0, 8, 304.88
1735452078, 10, 48, 68, 36, 4, 0.06%, 9, 0, 8, 491.00
1735452430, 10, 49, 68, 35, 4, 0.06%, 9, 0, 8, 386.30
1735452445, 10, 50, 68, 35, 4, 0.06%, 9, 0, 8, 339.29
1735452491, 10, 51, 68, 34, 4, 0.06%, 9, 0, 8, 427.88
1735452511, 10, 52, 68, 34, 4, 0.06%, 9, 0, 8, 401.75
1735452623, 10, 52, 69, 35, 4, 0.06%, 9, 0, 8, 315.98
1735452628, 10, 53, 69, 35, 4, 0.06%, 9, 0, 8, 315.87
1735452818, 10, 54, 69, 35, 4, 0.06%, 9, 0, 8, 279.04
1735453048, 10, 54, 70, 36, 4, 0.06%, 9, 0, 8, 478.93
1735453078, 10, 57, 70, 35, 4, 0.06%, 9, 0, 8, 329.82
1735453098, 10, 66, 70, 35, 4, 0.06%, 9, 0, 8, 419.90
1735453215, 10, 67, 70, 34, 4, 0.06%, 9, 0, 8, 361.79
1735453323, 10, 68, 70, 33, 4, 0.06%, 9, 0, 8, 345.94
1735453547, 10, 68, 71, 34, 4, 0.06%, 9, 0, 9, 490.09
1735453607, 10, 69, 72, 34, 4, 0.06%, 9, 0, 9, 376.18
1735453873, 10, 70, 72, 33, 4, 0.06%, 9, 0, 9, 299.08
1735453878, 10, 70, 73, 34, 4, 0.06%, 9, 0, 10, 409.33
1735454133, 11, 21, 73, 33, 4, 0.06%, 9, 0, 10, 293.96
1735454138, 11, 38, 73, 33, 4, 0.06%, 9, 0, 10, 277.90
1735454158, 11, 39, 73, 33, 4, 0.06%, 9, 0, 10, 416.58
1735454174, 11, 40, 73, 33, 4, 0.06%, 9, 0, 10, 377.35
1735454189, 11, 41, 73, 33, 4, 0.06%, 9, 0, 10, 310.71
1735454209, 11, 42, 73, 33, 4, 0.06%, 9, 0, 10, 382.24
1735454229, 11, 48, 73, 33, 4, 0.06%, 9, 0, 10, 297.87
1735454250, 11, 57, 73, 33, 4, 0.06%, 9, 0, 10, 389.86
1735454260, 11, 66, 73, 33, 4, 0.06%, 9, 0, 10, 379.67
1735454280, 11, 67, 73, 33, 4, 0.06%, 9, 0, 10, 400.39
1735454295, 12, 21, 73, 33, 4, 0.06%, 9, 0, 10, 307.26
1735454300, 12, 38, 73, 33, 4, 0.06%, 9, 0, 10, 293.80
1735454311, 12, 39, 73, 33, 4, 0.06%, 9, 0, 10, 342.25
1735454321, 12, 40, 73, 33, 4, 0.06%, 9, 0, 10, 379.98
1735454331, 12, 41, 73, 33, 4, 0.06%, 9, 0, 10, 344.31
1735454336, 12, 42, 73, 33, 4, 0.06%, 9, 0, 10, 326.87
1735454347, 12, 48, 73, 33, 4, 0.06%, 9, 0, 10, 328.33
1735454362, 12, 57, 73, 33, 4, 0.06%, 9, 0, 10, 351.24
1735454367, 12, 66, 73, 33, 4, 0.06%, 9, 0, 10, 372.27
1735454377, 12, 67, 73, 33, 4, 0.06%, 9, 0, 10, 369.61
1735454387, 13, 21, 73, 33, 4, 0.06%, 9, 0, 10, 317.11
1735454392, 13, 38, 73, 33, 4, 0.06%, 9, 0, 10, 304.81
1735454397, 13, 39, 73, 33, 4, 0.06%, 9, 0, 10, 329.02
1735454402, 13, 41, 73, 33, 4, 0.06%, 9, 0, 10, 352.39
1735454407, 13, 42, 73, 33, 4, 0.06%, 9, 0, 10, 364.19
1735454412, 13, 48, 73, 33, 4, 0.06%, 9, 0, 10, 338.19
1735454423, 13, 57, 73, 33, 4, 0.06%, 9, 0, 10, 357.88
1735454428, 13, 66, 73, 33, 4, 0.06%, 9, 0, 10, 360.72
1735454438, 13, 67, 73, 33, 4, 0.06%, 9, 0, 10, 334.15
1735454448, 14, 21, 73, 33, 4, 0.06%, 9, 0, 10, 323.12
1735454453, 14, 38, 73, 33, 4, 0.06%, 9, 0, 10, 297.04
1735454458, 14, 39, 73, 33, 4, 0.06%, 9, 0, 10, 324.50
1735454463, 14, 40, 73, 33, 4, 0.06%, 9, 0, 10, 326.00
1735454468, 14, 41, 73, 33, 4, 0.06%, 9, 0, 10, 318.69
1735454473, 14, 42, 73, 33, 4, 0.06%, 9, 0, 10, 322.39
1735454478, 14, 48, 73, 33, 4, 0.06%, 9, 0, 10, 301.83
1735454484, 14, 57, 73, 33, 4, 0.06%, 9, 0, 10, 360.48
1735454494, 14, 66, 73, 33, 4, 0.06%, 9, 0, 10, 321.36
1735454499, 14, 67, 73, 33, 4, 0.06%, 9, 0, 10, 334.77
1735454504, 15, 21, 73, 33, 4, 0.06%, 9, 0, 10, 291.60
1735454509, 15, 38, 73, 33, 4, 0.06%, 9, 0, 10, 292.68
1735454514, 15, 40, 73, 33, 4, 0.06%, 9, 0, 10, 329.61
1735454519, 15, 41, 73, 33, 4, 0.06%, 9, 0, 10, 339.21
1735454524, 15, 42, 73, 33, 4, 0.06%, 9, 0, 10, 358.68
1735454529, 15, 48, 73, 33, 4, 0.06%, 9, 0, 10, 363.30
1735454539, 15, 57, 73, 33, 4, 0.06%, 9, 0, 10, 346.02
1735454545, 15, 66, 73, 33, 4, 0.06%, 9, 0, 10, 333.54
1735454550, 15, 67, 73, 33, 4, 0.06%, 9, 0, 10, 337.16
1735454555, 16, 21, 73, 33, 4, 0.06%, 9, 0, 10, 338.42
1735454560, 16, 38, 73, 33, 4, 0.06%, 9, 0, 10, 310.67
1735454565, 16, 39, 73, 33, 4, 0.06%, 9, 0, 10, 337.32
1735454570, 16, 40, 73, 33, 4, 0.06%, 9, 0, 10, 352.90
1735454575, 16, 41, 73, 33, 4, 0.06%, 9, 0, 10, 344.56
1735454580, 16, 42, 73, 33, 4, 0.06%, 9, 0, 10, 345.13
1735454585, 16, 48, 73, 33, 4, 0.06%, 9, 0, 10, 270.24
1735454595, 16, 57, 73, 33, 4, 0.06%, 9, 0, 10, 372.25
1735454600, 16, 66, 73, 33, 4, 0.06%, 9, 0, 10, 353.53
1735454605, 16, 67, 73, 33, 4, 0.06%, 9, 0, 10, 341.12
1735454610, 17, 21, 73, 33, 4, 0.06%, 9, 0, 10, 324.67
1735454615, 17, 38, 73, 33, 4, 0.06%, 9, 0, 10, 318.26
1735454621, 17, 39, 73, 33, 4, 0.06%, 9, 0, 10, 335.96
1735454626, 17, 41, 73, 33, 4, 0.06%, 9, 0, 10, 332.58
1735454631, 17, 42, 73, 33, 4, 0.06%, 9, 0, 10, 309.12
1735454636, 17, 48, 73, 33, 4, 0.06%, 9, 0, 10, 386.72
1735454646, 17, 57, 73, 33, 4, 0.06%, 9, 0, 10, 321.73
1735454652, 17, 66, 73, 33, 4, 0.06%, 9, 0, 10, 331.93
1735454657, 17, 67, 73, 33, 4, 0.06%, 9, 0, 10, 343.01
1735454667, 18, 21, 73, 33, 4, 0.06%, 9, 0, 10, 305.29
1735454672, 18, 38, 73, 33, 4, 0.06%, 9, 0, 10, 283.40
1735454677, 18, 40, 73, 33, 4, 0.06%, 9, 0, 10, 347.67
1735454682, 18, 41, 73, 33, 4, 0.06%, 9, 0, 10, 354.49
1735454687, 18, 42, 73, 33, 4, 0.06%, 9, 0, 10, 353.54
1735454692, 18, 48, 73, 33, 4, 0.06%, 9, 0, 10, 317.38
1735454702, 18, 57, 73, 33, 4, 0.06%, 9, 0, 10, 376.18
1735454707, 18, 66, 73, 33, 4, 0.06%, 9, 0, 10, 359.44
1735454713, 18, 67, 73, 33, 4, 0.06%, 9, 0, 10, 346.03
1735454718, 19, 21, 73, 33, 4, 0.06%, 9, 0, 10, 319.34
1735454723, 19, 38, 73, 33, 4, 0.06%, 9, 0, 10, 294.66
1735454728, 19, 39, 73, 33, 4, 0.06%, 9, 0, 10, 345.43
1735454733, 19, 40, 73, 33, 4, 0.06%, 9, 0, 10, 347.20
1735454738, 19, 41, 73, 33, 4, 0.06%, 9, 0, 10, 342.33
1735454743, 19, 42, 73, 33, 4, 0.06%, 9, 0, 10, 336.29
1735454748, 19, 48, 73, 33, 4, 0.06%, 9, 0, 10, 271.16
1735454759, 19, 57, 73, 33, 4, 0.06%, 9, 0, 10, 331.40
1735454764, 19, 66, 73, 33, 4, 0.06%, 9, 0, 10, 350.94
1735454769, 19, 67, 73, 33, 4, 0.06%, 9, 0, 10, 346.41
1735454774, 20, 21, 73, 33, 4, 0.06%, 9, 0, 10, 326.22
1735454779, 20, 38, 73, 33, 4, 0.06%, 9, 0, 10, 306.57
1735454784, 20, 39, 73, 33, 4, 0.06%, 9, 0, 10, 328.28
1735454789, 20, 40, 73, 33, 4, 0.06%, 9, 0, 10, 327.32
1735454794, 20, 42, 73, 33, 4, 0.06%, 9, 0, 10, 317.34
1735454799, 20, 48, 73, 33, 4, 0.06%, 9, 0, 10, 391.50
1735454809, 20, 57, 73, 33, 4, 0.06%, 9, 0, 10, 303.76
1735454814, 20, 66, 73, 33, 4, 0.06%, 9, 0, 10, 341.63
1735454819, 20, 67, 73, 33, 4, 0.06%, 9, 0, 10, 345.83
1735454829, 21, 38, 73, 33, 4, 0.06%, 9, 0, 10, 300.08
1735454835, 21, 39, 73, 33, 4, 0.06%, 9, 0, 10, 306.96
1735454840, 21, 40, 73, 33, 4, 0.06%, 9, 0, 10, 358.51
1735454845, 21, 41, 73, 33, 4, 0.06%, 9, 0, 10, 356.42
1735454850, 21, 42, 73, 33, 4, 0.06%, 9, 0, 10, 344.57
1735454855, 21, 48, 73, 33, 4, 0.06%, 9, 0, 10, 307.66
1735454865, 21, 57, 73, 33, 4, 0.06%, 9, 0, 10, 367.12
1735454870, 21, 66, 73, 33, 4, 0.06%, 9, 0, 10, 376.69
1735454875, 21, 67, 73, 33, 4, 0.06%, 9, 0, 10, 343.52
1735454880, 22, 21, 73, 33, 4, 0.06%, 9, 0, 10, 327.67
1735454885, 22, 38, 73, 33, 4, 0.06%, 9, 0, 10, 309.42
1735454890, 22, 39, 73, 33, 4, 0.06%, 9, 0, 10, 348.34
1735454895, 22, 40, 73, 33, 4, 0.06%, 9, 0, 10, 342.59
1735454900, 22, 41, 73, 33, 4, 0.06%, 9, 0, 10, 328.30
1735454906, 22, 48, 74, 34, 4, 0.06%, 9, 0, 10, 376.03
1735454916, 22, 57, 74, 34, 4, 0.06%, 9, 0, 10, 337.73
1735454921, 22, 66, 74, 34, 4, 0.06%, 9, 0, 10, 356.22
1735454931, 22, 67, 74, 34, 4, 0.06%, 9, 0, 10, 341.13
1735454936, 22, 73, 75, 35, 4, 0.06%, 9, 0, 10, 319.88
1735455002, 22, 74, 75, 34, 4, 0.06%, 9, 0, 10, 261.48
1735455083, 23, 21, 75, 33, 4, 0.06%, 9, 0, 10, 333.03
1735455088, 23, 38, 75, 33, 4, 0.06%, 9, 0, 10, 286.17
1735455094, 23, 39, 75, 33, 4, 0.06%, 9, 0, 10, 343.38
1735455099, 23, 40, 75, 33, 4, 0.06%, 9, 0, 10, 340.50
1735455104, 23, 41, 75, 33, 4, 0.06%, 9, 0, 10, 330.82
1735455109, 23, 42, 75, 33, 4, 0.06%, 9, 0, 10, 341.82
1735455114, 23, 48, 75, 33, 4, 0.06%, 9, 0, 10, 271.33
1735455124, 23, 57, 75, 33, 4, 0.06%, 9, 0, 10, 363.26
1735455129, 23, 66, 75, 33, 4, 0.06%, 9, 0, 10, 366.40
1735455134, 23, 67, 75, 33, 4, 0.06%, 9, 0, 10, 352.49
1735455139, 23, 73, 75, 33, 4, 0.06%, 9, 0, 10, 370.08
1735455165, 23, 74, 75, 33, 4, 0.06%, 9, 0, 10, 406.40
1735455201, 24, 21, 75, 33, 4, 0.06%, 9, 0, 10, 325.69
1735455206, 24, 38, 75, 33, 4, 0.06%, 9, 0, 10, 300.50
1735455211, 24, 40, 75, 33, 4, 0.06%, 9, 0, 10, 356.52
1735455216, 24, 41, 75, 33, 4, 0.06%, 9, 0, 10, 364.41
1735455221, 24, 42, 75, 33, 4, 0.06%, 9, 0, 10, 336.17
1735455226, 24, 48, 76, 34, 4, 0.06%, 9, 0, 10, 321.83
1735455237, 24, 57, 76, 34, 4, 0.06%, 9, 0, 10, 376.07
1735455242, 24, 66, 76, 34, 4, 0.06%, 9, 0, 10, 362.24
1735455247, 24, 67, 76, 34, 4, 0.06%, 9, 0, 10, 375.43
1735455252, 24, 73, 76, 34, 4, 0.06%, 9, 0, 10, 440.86
1735455277, 24, 74, 76, 34, 4, 0.06%, 9, 0, 10, 387.92
1735455313, 24, 75, 76, 34, 4, 0.06%, 9, 0, 10, 386.78
1735455318, 24, 75, 77, 35, 4, 0.06%, 9, 0, 10, 465.73
1735455429, 24, 76, 77, 34, 4, 0.06%, 9, 0, 10, 353.67
1735455557, 25, 11, 77, 33, 4, 0.06%, 9, 0, 10, 332.34
1735455567, 25, 12, 77, 33, 4, 0.06%, 9, 0, 10, 309.75
1735455607, 25, 13, 77, 32, 3, 0.06%, 9, 0, 10, 358.55
1735455638, 25, 14, 77, 31, 3, 0.06%, 9, 0, 10, 307.93
1735455658, 25, 15, 77, 31, 3, 0.06%, 9, 0, 10, 360.00
1735455689, 25, 16, 77, 30, 3, 0.06%, 9, 0, 10, 328.87
1735455729, 25, 17, 77, 29, 2, 0.06%, 9, 0, 10, 359.49
1735455770, 25, 18, 77, 28, 2, 0.06%, 9, 0, 10, 433.47
1735455806, 25, 19, 77, 27, 2, 0.06%, 9, 0, 10, 359.63
1735455846, 25, 20, 77, 26, 2, 0.06%, 9, 0, 10, 402.20
1735455876, 25, 21, 77, 25, 2, 0.06%, 9, 0, 10, 328.05
1735455881, 25, 22, 77, 25, 2, 0.06%, 9, 0, 10, 327.74
1735455922, 25, 24, 77, 24, 2, 0.06%, 9, 0, 10, 467.08
1735455947, 25, 25, 77, 23, 1, 0.06%, 9, 0, 10, 341.47
1735455963, 25, 26, 77, 23, 1, 0.06%, 9, 0, 10, 325.53
1735455998, 25, 27, 77, 22, 1, 0.06%, 9, 0, 10, 342.04
1735456034, 25, 28, 77, 21, 1, 0.06%, 9, 0, 10, 317.47
1735456075, 25, 29, 77, 20, 1, 0.06%, 9, 0, 10, 462.96
1735456085, 25, 30, 77, 20, 1, 0.06%, 9, 0, 10, 373.74
1735456120, 25, 31, 77, 19, 1, 0.06%, 9, 0, 10, 388.35
1735456156, 25, 32, 77, 18, 1, 0.06%, 9, 0, 10, 443.57
1735456186, 25, 33, 77, 17, 1, 0.06%, 9, 0, 10, 376.24
1735456222, 25, 34, 77, 16, 0, 0.06%, 9, 0, 10, 483.56
1735456252, 25, 35, 77, 15, 0, 0.06%, 9, 0, 10, 472.22
1735456293, 25, 36, 77, 14, 0, 0.06%, 9, 0, 10, 485.64
1735456329, 25, 37, 77, 13, 0, 0.06%, 9, 0, 10, 305.92
1735456359, 25, 38, 77, 13, 0, 0.06%, 9, 0, 10, 324.61
1735456364, 25, 39, 77, 13, 0, 0.06%, 9, 0, 10, 359.90
1735456369, 25, 40, 77, 13, 0, 0.06%, 9, 0, 10, 351.42
1735456375, 25, 41, 77, 13, 0, 0.06%, 9, 0, 10, 338.73
1735456380, 25, 42, 77, 13, 0, 0.06%, 9, 0, 10, 346.06
1735456385, 25, 43, 77, 13, 0, 0.06%, 9, 0, 10, 439.57
1735456400, 25, 44, 77, 13, 0, 0.06%, 9, 0, 10, 422.68
1735456415, 25, 45, 77, 13, 0, 0.06%, 9, 0, 10, 424.48
1735456431, 25, 46, 77, 13, 0, 0.06%, 9, 0, 10, 424.39
1735456446, 25, 47, 77, 13, 0, 0.06%, 9, 0, 10, 362.01
1735456466, 25, 48, 77, 13, 0, 0.06%, 9, 0, 10, 274.62
1735456898, 25, 49, 77, 13, 0, 0.06%, 9, 0, 10, 301.50
1735456908, 25, 50, 77, 13, 0, 0.06%, 9, 0, 10, 430.50
1735456924, 25, 51, 77, 13, 0, 0.06%, 9, 0, 10, 409.28
1735456934, 25, 52, 77, 13, 0, 0.06%, 9, 0, 10, 409.48
1735456944, 25, 53, 77, 13, 0, 0.06%, 9, 0, 10, 400.15
1735456954, 25, 54, 77, 13, 0, 0.06%, 9, 0, 10, 408.75
1735457214, 25, 55, 77, 13, 0, 0.06%, 9, 0, 10, 374.63
1735457367, 25, 56, 77, 12, 0, 0.06%, 9, 0, 10, 405.46
1735457469, 25, 57, 77, 11, 0, 0.06%, 9, 0, 10, 335.67
1735457597, 25, 58, 77, 11, 0, 0.06%, 9, 0, 10, 420.63
1735457638, 25, 60, 77, 10, 0, 0.06%, 9, 0, 10, 383.33
1735457796, 25, 61, 77, 9, 0, 0.06%, 9, 0, 10, 383.76
1735457949, 25, 62, 77, 8, 0, 0.06%, 9, 0, 10, 446.30
1735457995, 25, 63, 77, 7, 0, 0.06%, 9, 0, 10, 362.88
1735458132, 25, 64, 77, 6, 0, 0.06%, 9, 0, 10, 403.83
1735458352, 25, 65, 77, 5, 0, 0.06%, 9, 0, 10, 392.11
1735458578, 25, 66, 77, 4, 0, 0.06%, 9, 0, 10, 343.90
1735458583, 25, 67, 77, 4, 0, 0.06%, 9, 0, 10, 345.77
1735458588, 25, 73, 77, 4, 0, 0.06%, 9, 0, 10, 336.10
1735458613, 25, 74, 77, 4, 0, 0.06%, 9, 0, 10, 370.28
1735458649, 25, 75, 77, 4, 0, 0.06%, 9, 0, 10, 401.26
1735458664, 25, 76, 77, 4, 0, 0.06%, 9, 0, 10, 324.22
1735458690, 26, 21, 77, 4, 0, 0.06%, 9, 0, 10, 342.48
1735458695, 26, 38, 77, 4, 0, 0.06%, 9, 0, 10, 298.53
1735458700, 26, 39, 77, 4, 0, 0.06%, 9, 0, 10, 343.14
1735458705, 26, 40, 77, 4, 0, 0.06%, 9, 0, 10, 350.37
1735458710, 26, 42, 77, 4, 0, 0.06%, 9, 0, 10, 331.81
1735458715, 26, 48, 77, 4, 0, 0.06%, 9, 0, 10, 392.37
1735458726, 26, 57, 77, 4, 0, 0.06%, 9, 0, 10, 352.47
1735458731, 26, 66, 77, 4, 0, 0.06%, 9, 0, 10, 346.78
1735458736, 26, 67, 77, 4, 0, 0.06%, 9, 0, 10, 345.52
1735458741, 26, 73, 77, 4, 0, 0.06%, 9, 0, 10, 381.13
1735458766, 26, 74, 77, 4, 0, 0.06%, 9, 0, 10, 444.87
1735458802, 26, 75, 77, 4, 0, 0.06%, 9, 0, 10, 391.65
1735458817, 26, 76, 77, 4, 0, 0.06%, 9, 0, 10, 340.51
1735458847, 27, 21, 77, 4, 0, 0.06%, 9, 0, 10, 309.14
1735458852, 27, 38, 77, 4, 0, 0.06%, 9, 0, 10, 297.42
1735458857, 27, 39, 77, 4, 0, 0.06%, 9, 0, 10, 345.88
1735458862, 27, 41, 77, 4, 0, 0.06%, 9, 0, 10, 335.66
1735458867, 27, 42, 77, 4, 0, 0.06%, 9, 0, 10, 357.90
1735458872, 27, 48, 77, 4, 0, 0.06%, 9, 0, 10, 364.75
1735458883, 27, 57, 77, 4, 0, 0.06%, 9, 0, 10, 354.29
1735458888, 27, 66, 77, 4, 0, 0.06%, 9, 0, 10, 332.42
1735458893, 27, 67, 77, 4, 0, 0.06%, 9, 0, 10, 327.35
1735458898, 27, 73, 77, 4, 0, 0.06%, 9, 0, 10, 333.39
1735458918, 27, 74, 77, 4, 0, 0.06%, 9, 0, 10, 457.39
1735458939, 27, 75, 77, 4, 0, 0.06%, 9, 0, 10, 368.42
1735458959, 27, 76, 77, 4, 0, 0.06%, 9, 0, 10, 382.88
1735458984, 28, 21, 77, 4, 0, 0.06%, 9, 0, 10, 327.87
1735458989, 28, 38, 77, 4, 0, 0.06%, 9, 0, 10, 303.09
1735458994, 28, 39, 77, 4, 0, 0.06%, 9, 0, 10, 333.88
1735459000, 28, 40, 77, 4, 0, 0.06%, 9, 0, 10, 322.93
1735459005, 28, 41, 77, 4, 0, 0.06%, 9, 0, 10, 310.37
1735459010, 28, 48, 77, 4, 0, 0.06%, 9, 0, 10, 352.20
1735459020, 28, 57, 77, 4, 0, 0.06%, 9, 0, 10, 344.51
1735459030, 28, 66, 77, 4, 0, 0.06%, 9, 0, 10, 367.80
1735459035, 28, 67, 77, 4, 0, 0.06%, 9, 0, 10, 350.32
1735459040, 28, 73, 77, 4, 0, 0.06%, 9, 0, 10, 320.29
1735459055, 28, 74, 77, 4, 0, 0.06%, 9, 0, 10, 379.86
1735459081, 28, 75, 77, 4, 0, 0.06%, 9, 0, 10, 387.12
1735459101, 28, 76, 77, 4, 0, 0.06%, 9, 0, 10, 384.93
1735459126, 29, 38, 77, 4, 0, 0.06%, 9, 0, 10, 327.74
1735459131, 29, 39, 77, 4, 0, 0.06%, 9, 0, 10, 297.75
1735459137, 29, 40, 77, 4, 0, 0.06%, 9, 0, 10, 349.55
1735459142, 29, 41, 77, 4, 0, 0.06%, 9, 0, 10, 358.56
1735459147, 29, 42, 77, 4, 0, 0.06%, 9, 0, 10, 352.69
1735459152, 29, 48, 77, 4, 0, 0.06%, 9, 0, 10, 297.25
1735459162, 29, 57, 77, 4, 0, 0.06%, 9, 0, 10, 364.62
1735459167, 29, 66, 77, 4, 0, 0.06%, 9, 0, 10, 360.99
1735459172, 29, 67, 77, 4, 0, 0.06%, 9, 0, 10, 353.06
1735459177, 29, 73, 77, 4, 0, 0.06%, 9, 0, 10, 422.10
1735459193, 29, 74, 77, 4, 0, 0.06%, 9, 0, 10, 386.42
1735459208, 29, 75, 77, 4, 0, 0.06%, 9, 0, 10, 371.73
1735459228, 29, 76, 77, 4, 0, 0.06%, 9, 0, 10, 381.61
1735459254, 30, 21, 77, 4, 0, 0.06%, 9, 0, 10, 306.85
1735459259, 30, 38, 77, 4, 0, 0.06%, 9, 0, 10, 294.98
1735459264, 30, 40, 77, 4, 0, 0.06%, 9, 0, 10, 333.94
1735459269, 30, 41, 77, 4, 0, 0.06%, 9, 0, 10, 352.40
1735459274, 30, 42, 77, 4, 0, 0.06%, 9, 0, 10, 356.71
1735459279, 30, 48, 77, 4, 0, 0.06%, 9, 0, 10, 334.55
1735459289, 30, 57, 77, 4, 0, 0.06%, 9, 0, 10, 372.23
1735459294, 30, 66, 77, 4, 0, 0.06%, 9, 0, 10, 358.24
1735459299, 30, 67, 77, 4, 0, 0.06%, 9, 0, 10, 338.15
1735459304, 30, 73, 77, 4, 0, 0.06%, 9, 0, 10, 375.61
1735459320, 30, 74, 77, 4, 0, 0.06%, 9, 0, 10, 433.28
1735459335, 30, 75, 77, 4, 0, 0.06%, 9, 0, 10, 372.42
1735459340, 30, 76, 77, 4, 0, 0.06%, 9, 0, 10, 353.29
1735459350, 31, 21, 77, 4, 0, 0.06%, 9, 0, 10, 329.98
1735459355, 31, 38, 77, 4, 0, 0.06%, 9, 0, 10, 303.96
1735459361, 31, 39, 77, 4, 0, 0.06%, 9, 0, 10, 337.68
1735459366, 31, 41, 77, 4, 0, 0.06%, 9, 0, 10, 354.68
1735459371, 31, 42, 77, 4, 0, 0.06%, 9, 0, 10, 332.77
1735459376, 31, 48, 77, 4, 0, 0.06%, 9, 0, 10, 382.75
1735459386, 31, 57, 77, 4, 0, 0.06%, 9, 0, 10, 317.31
1735459391, 31, 66, 77, 4, 0, 0.06%, 9, 0, 10, 336.36
1735459396, 31, 67, 77, 4, 0, 0.06%, 9, 0, 10, 346.90
1735459406, 31, 73, 77, 4, 0, 0.06%, 9, 0, 10, 296.84
1735459416, 31, 74, 77, 4, 0, 0.06%, 9, 0, 10, 369.22
1735459437, 31, 75, 77, 4, 0, 0.06%, 9, 0, 10, 344.63
1735459442, 31, 76, 77, 4, 0, 0.06%, 9, 0, 10, 377.79
1735459447, 32, 21, 77, 4, 0, 0.06%, 9, 0, 10, 333.41
1735459452, 32, 38, 77, 4, 0, 0.06%, 9, 0, 10, 311.70
1735459457, 32, 39, 77, 4, 0, 0.06%, 9, 0, 10, 348.82
1735459462, 32, 40, 77, 4, 0, 0.06%, 9, 0, 10, 337.75
1735459467, 32, 41, 77, 4, 0, 0.06%, 9, 0, 10, 332.47
1735459472, 32, 42, 77, 4, 0, 0.06%, 9, 0, 10, 332.39
1735459477, 32, 48, 77, 4, 0, 0.06%, 9, 0, 10, 276.01
1735459487, 32, 57, 77, 4, 0, 0.06%, 9, 0, 10, 348.14
1735459492, 32, 66, 77, 4, 0, 0.06%, 9, 0, 10, 355.72
1735459497, 32, 67, 77, 4, 0, 0.06%, 9, 0, 10, 356.55
1735459502, 32, 73, 77, 4, 0, 0.06%, 9, 0, 10, 419.12
1735459518, 32, 74, 77, 4, 0, 0.06%, 9, 0, 10, 369.78
1735459533, 32, 75, 77, 4, 0, 0.06%, 9, 0, 10, 387.43
1735459538, 32, 76, 77, 4, 0, 0.06%, 9, 0, 10, 355.29
1735459548, 33, 38, 77, 4, 0, 0.06%, 9, 0, 10, 290.20
1735459553, 33, 39, 77, 4, 0, 0.06%, 9, 0, 10, 323.42
1735459558, 33, 40, 77, 4, 0, 0.06%, 9, 0, 10, 362.20
1735459563, 33, 41, 77, 4, 0, 0.06%, 9, 0, 10, 336.13
1735459569, 33, 42, 77, 4, 0, 0.06%, 9, 0, 10, 342.64
1735459574, 33, 48, 77, 4, 0, 0.06%, 9, 0, 10, 266.43
1735459584, 33, 57, 77, 4, 0, 0.06%, 9, 0, 10, 337.16
1735459589, 33, 66, 77, 4, 0, 0.06%, 9, 0, 10, 339.72
1735459594, 33, 67, 77, 4, 0, 0.06%, 9, 0, 10, 357.95
1735459599, 33, 73, 77, 4, 0, 0.06%, 9, 0, 10, 420.42
1735459615, 33, 74, 77, 4, 0, 0.06%, 9, 0, 10, 376.33
1735459630, 33, 75, 77, 4, 0, 0.06%, 9, 0, 10, 357.63
1735459635, 33, 76, 77, 4, 0, 0.06%, 9, 0, 10, 362.34
1735459645, 34, 21, 77, 4, 0, 0.06%, 9, 0, 10, 331.44
1735459650, 34, 38, 77, 4, 0, 0.06%, 9, 0, 10, 295.64
1735459655, 34, 40, 77, 4, 0, 0.06%, 9, 0, 10, 332.37
1735459660, 34, 41, 77, 4, 0, 0.06%, 9, 0, 10, 361.91
1735459665, 34, 42, 77, 4, 0, 0.06%, 9, 0, 10, 349.80
1735459671, 34, 48, 77, 4, 0, 0.06%, 9, 0, 10, 313.44
1735459681, 34, 57, 77, 4, 0, 0.06%, 9, 0, 10, 368.84
1735459686, 34, 66, 77, 4, 0, 0.06%, 9, 0, 10, 351.32
1735459691, 34, 67, 77, 4, 0, 0.06%, 9, 0, 10, 345.42
1735459696, 34, 73, 77, 4, 0, 0.06%, 9, 0, 10, 429.71
1735459711, 34, 74, 77, 4, 0, 0.06%, 9, 0, 10, 410.63
1735459727, 34, 75, 77, 4, 0, 0.06%, 9, 0, 10, 349.27
1735459732, 34, 76, 77, 4, 0, 0.06%, 9, 0, 10, 340.87
1735459742, 35, 38, 77, 4, 0, 0.06%, 9, 0, 10, 315.24
1735459752, 35, 40, 77, 4, 0, 0.06%, 9, 0, 10, 366.32
1735459757, 35, 41, 77, 4, 0, 0.06%, 9, 0, 10, 341.84
1735459763, 35, 42, 77, 4, 0, 0.06%, 9, 0, 10, 340.29
1735459768, 35, 48, 77, 4, 0, 0.06%, 9, 0, 10, 270.48
1735459778, 35, 57, 77, 4, 0, 0.06%, 9, 0, 10, 346.29
1735459783, 35, 66, 77, 4, 0, 0.06%, 9, 0, 10, 352.90
1735459788, 35, 67, 77, 4, 0, 0.06%, 9, 0, 10, 351.12
1735459793, 35, 73, 77, 4, 0, 0.06%, 9, 0, 10, 374.23
1735459809, 35, 74, 77, 4, 0, 0.06%, 9, 0, 10, 352.51
1735459824, 35, 75, 77, 4, 0, 0.06%, 9, 0, 10, 367.25
1735459829, 35, 76, 77, 4, 0, 0.06%, 9, 0, 10, 361.26
1735459839, 36, 38, 77, 4, 0, 0.06%, 9, 0, 10, 310.36
1735459849, 36, 40, 77, 4, 0, 0.06%, 9, 0, 10, 343.28
1735459854, 36, 41, 77, 4, 0, 0.06%, 9, 0, 10, 352.46
1735459859, 36, 42, 77, 4, 0, 0.06%, 9, 0, 10, 342.36
1735459865, 36, 48, 77, 4, 0, 0.06%, 9, 0, 10, 294.72
1735459875, 36, 57, 77, 4, 0, 0.06%, 9, 0, 10, 379.11
1735459880, 36, 66, 77, 4, 0, 0.06%, 9, 0, 10, 370.21
1735459885, 36, 67, 77, 4, 0, 0.06%, 9, 0, 10, 359.54
1735459890, 36, 73, 77, 4, 0, 0.06%, 9, 0, 10, 455.64
1735459905, 36, 74, 77, 4, 0, 0.06%, 9, 0, 10, 403.55
1735460588, 36, 75, 77, 4, 0, 0.06%, 9, 0, 10, 357.31
1735460593, 36, 76, 77, 4, 0, 0.06%, 9, 0, 10, 375.66
1735460598, 37, 11, 77, 4, 0, 0.06%, 9, 0, 10, 318.95
1735460603, 37, 12, 77, 4, 0, 0.06%, 9, 0, 10, 285.58
1735460624, 37, 13, 77, 4, 0, 0.06%, 9, 0, 10, 348.23
1735460639, 37, 14, 77, 4, 0, 0.06%, 9, 0, 10, 306.98
1735460644, 37, 15, 77, 4, 0, 0.06%, 9, 0, 10, 360.11
1735460659, 37, 16, 77, 4, 0, 0.06%, 9, 0, 10, 293.97
1735460680, 37, 17, 77, 4, 0, 0.06%, 9, 0, 10, 392.18
1735460695, 37, 18, 77, 4, 0, 0.06%, 9, 0, 10, 344.51
1735460715, 37, 19, 77, 4, 0, 0.06%, 9, 0, 10, 403.59
1735460730, 37, 20, 77, 4, 0, 0.06%, 9, 0, 10, 392.73
1735460746, 37, 21, 77, 4, 0, 0.06%, 9, 0, 10, 305.84
1735460751, 37, 22, 77, 4, 0, 0.06%, 9, 0, 10, 308.58
1735460771, 37, 24, 77, 4, 0, 0.06%, 9, 0, 10, 437.57
1735460786, 37, 25, 77, 4, 0, 0.06%, 9, 0, 10, 319.43
1735460792, 37, 26, 77, 4, 0, 0.06%, 9, 0, 10, 422.04
1735460807, 37, 27, 77, 4, 0, 0.06%, 9, 0, 10, 386.62
1735460822, 37, 28, 77, 4, 0, 0.06%, 9, 0, 10, 309.66
1735460842, 37, 29, 77, 4, 0, 0.06%, 9, 0, 10, 372.06
1735460847, 37, 30, 77, 4, 0, 0.06%, 9, 0, 10, 423.23
1735460862, 37, 31, 77, 4, 0, 0.06%, 9, 0, 10, 404.20
1735460878, 37, 32, 77, 4, 0, 0.06%, 9, 0, 10, 358.23
1735460898, 37, 33, 77, 4, 0, 0.06%, 9, 0, 10, 425.00
1735460913, 37, 34, 77, 4, 0, 0.06%, 9, 0, 10, 422.12
1735460928, 37, 35, 77, 4, 0, 0.06%, 9, 0, 10, 418.68
1735460944, 37, 36, 77, 4, 0, 0.06%, 9, 0, 10, 406.54
1735460959, 37, 37, 77, 4, 0, 0.06%, 9, 0, 10, 311.50
