# unix_time, cycles_done, cur_path, paths_total, pending_total, pending_favs, map_size, unique_crashes, unique_hangs, max_depth, execs_per_sec
1735244608, 0, 0, 10, 10, 1, 0.00%, 0, 0, 1, 175.44
1735244613, 0, 3, 10, 10, 1, 0.00%, 0, 0, 1, 206.00
1735244618, 0, 4, 10, 9, 0, 0.00%, 0, 0, 1, 209.60
1735244623, 0, 5, 10, 8, 0, 0.00%, 0, 0, 1, 206.11
1735244633, 0, 6, 10, 7, 0, 0.00%, 0, 0, 1, 213.61
1735244638, 0, 7, 10, 6, 0, 0.00%, 0, 0, 1, 199.13
1735244648, 0, 8, 10, 5, 0, 0.00%, 0, 0, 1, 209.17
1735244653, 0, 9, 10, 4, 0, 0.00%, 0, 0, 1, 194.31
1735244663, 1, 0, 10, 3, 0, 0.00%, 0, 0, 1, 211.81
1735244673, 1, 1, 10, 2, 0, 0.00%, 0, 0, 1, 211.27
1735244678, 1, 2, 10, 1, 0, 0.00%, 0, 0, 1, 204.72
1735244689, 1, 3, 10, 0, 0, 0.00%, 0, 0, 1, 201.52
1735244699, 1, 4, 10, 0, 0, 0.00%, 0, 0, 1, 210.38
1735244704, 1, 5, 10, 0, 0, 0.00%, 0, 0, 1, 210.90
1735244709, 1, 7, 10, 0, 0, 0.00%, 0, 0, 1, 211.51
1735244714, 1, 8, 10, 0, 0, 0.00%, 0, 0, 1, 206.18
1735244719, 2, 0, 10, 0, 0, 0.00%, 0, 0, 1, 209.06
1735244724, 2, 1, 10, 0, 0, 0.00%, 0, 0, 1, 213.52
1735244729, 2, 2, 10, 0, 0, 0.00%, 0, 0, 1, 209.42
1735244734, 2, 4, 10, 0, 0, 0.00%, 0, 0, 1, 210.92
1735244739, 2, 5, 10, 0, 0, 0.00%, 0, 0, 1, 210.50
1735244744, 2, 7, 10, 0, 0, 0.00%, 0, 0, 1, 206.73
1735244749, 2, 8, 10, 0, 0, 0.00%, 0, 0, 1, 206.09
1735244754, 2, 9, 10, 0, 0, 0.00%, 0, 0, 1, 204.72
1735244759, 3, 1, 10, 0, 0, 0.00%, 0, 0, 1, 208.13
1735244765, 3, 2, 10, 0, 0, 0.00%, 0, 0, 1, 210.50
1735244770, 3, 4, 10, 0, 0, 0.00%, 0, 0, 1, 210.33
1735244775, 3, 5, 10, 0, 0, 0.00%, 0, 0, 1, 207.66
1735244780, 3, 7, 10, 0, 0, 0.00%, 0, 0, 1, 207.38
1735244785, 3, 8, 10, 0, 0, 0.00%, 0, 0, 1, 210.06
1735244790, 3, 9, 10, 0, 0, 0.00%, 0, 0, 1, 209.94
1735244795, 4, 1, 10, 0, 0, 0.00%, 0, 0, 1, 211.81
1735244800, 4, 2, 10, 0, 0, 0.00%, 0, 0, 1, 207.83
1735244805, 4, 4, 10, 0, 0, 0.00%, 0, 0, 1, 208.28
1735244810, 4, 5, 10, 0, 0, 0.00%, 0, 0, 1, 208.25
1735244815, 4, 6, 10, 0, 0, 0.00%, 0, 0, 1, 209.41
1735244820, 4, 8, 10, 0, 0, 0.00%, 0, 0, 1, 209.48
1735244825, 4, 9, 10, 0, 0, 0.00%, 0, 0, 1, 209.82
1735244830, 5, 1, 10, 0, 0, 0.00%, 0, 0, 1, 209.95
1735244835, 5, 2, 10, 0, 0, 0.00%, 0, 0, 1, 208.53
1735244840, 5, 3, 10, 0, 0, 0.00%, 0, 0, 1, 209.57
1735244846, 5, 5, 10, 0, 0, 0.00%, 0, 0, 1, 210.61
1735244851, 5, 6, 10, 0, 0, 0.00%, 0, 0, 1, 209.77
1735244856, 5, 8, 10, 0, 0, 0.00%, 0, 0, 1, 207.78
1735244861, 5, 9, 10, 0, 0, 0.00%, 0, 0, 1, 204.93
1735244866, 6, 1, 10, 0, 0, 0.00%, 0, 0, 1, 209.23
1735244871, 6, 2, 10, 0, 0, 0.00%, 0, 0, 1, 209.97
1735244876, 6, 3, 10, 0, 0, 0.00%, 0, 0, 1, 211.82
1735244881, 6, 5, 10, 0, 0, 0.00%, 0, 0, 1, 207.11
1735244886, 6, 6, 10, 0, 0, 0.00%, 0, 0, 1, 209.00
1735244891, 6, 8, 10, 0, 0, 0.00%, 0, 0, 1, 207.83
1735244896, 6, 9, 10, 0, 0, 0.00%, 0, 0, 1, 208.85
1735244901, 7, 0, 10, 0, 0, 0.00%, 0, 0, 1, 209.24
1735244906, 7, 2, 10, 0, 0, 0.00%, 0, 0, 1, 208.64
1735244911, 7, 3, 10, 0, 0, 0.00%, 0, 0, 1, 209.65
1735244916, 7, 5, 10, 0, 0, 0.00%, 0, 0, 1, 207.49
1735244921, 7, 6, 10, 0, 0, 0.00%, 0, 0, 1, 206.51
1735244927, 7, 7, 10, 0, 0, 0.00%, 0, 0, 1, 207.80
1735244932, 7, 9, 10, 0, 0, 0.00%, 0, 0, 1, 208.12
1735244937, 8, 0, 10, 0, 0, 0.00%, 0, 0, 1, 209.41
1735244942, 8, 2, 10, 0, 0, 0.00%, 0, 0, 1, 212.40
1735244947, 8, 3, 10, 0, 0, 0.00%, 0, 0, 1, 211.24
1735244952, 8, 5, 10, 0, 0, 0.00%, 0, 0, 1, 208.77
1735244957, 8, 6, 10, 0, 0, 0.00%, 0, 0, 1, 206.13
1735244962, 8, 7, 10, 0, 0, 0.00%, 0, 0, 1, 211.12
1735244967, 8, 9, 10, 0, 0, 0.00%, 0, 0, 1, 207.62
1735244972, 9, 0, 10, 0, 0, 0.00%, 0, 0, 1, 206.39
1735244977, 9, 2, 10, 0, 0, 0.00%, 0, 0, 1, 209.96
1735244982, 9, 3, 10, 0, 0, 0.00%, 0, 0, 1, 207.15
1735244987, 9, 4, 10, 0, 0, 0.00%, 0, 0, 1, 207.74
1735244992, 9, 6, 10, 0, 0, 0.00%, 0, 0, 1, 211.77
1735244997, 9, 7, 10, 0, 0, 0.00%, 0, 0, 1, 211.28
1735245002, 9, 9, 10, 0, 0, 0.00%, 0, 0, 1, 210.48
1735245007, 10, 0, 10, 0, 0, 0.00%, 0, 0, 1, 209.39
1735245012, 10, 1, 10, 0, 0, 0.00%, 0, 0, 1, 210.94
1735245018, 10, 3, 10, 0, 0, 0.00%, 0, 0, 1, 208.91
1735245023, 10, 4, 10, 0, 0, 0.00%, 0, 0, 1, 208.49
1735245028, 10, 6, 10, 0, 0, 0.00%, 0, 0, 1, 207.21
1735245033, 10, 7, 10, 0, 0, 0.00%, 0, 0, 1, 208.45
1735245038, 10, 8, 10, 0, 0, 0.00%, 0, 0, 1, 210.41
1735245043, 11, 0, 10, 0, 0, 0.00%, 0, 0, 1, 212.09
1735245048, 11, 1, 10, 0, 0, 0.00%, 0, 0, 1, 209.73
1735245053, 11, 3, 10, 0, 0, 0.00%, 0, 0, 1, 205.68
1735245058, 11, 4, 10, 0, 0, 0.00%, 0, 0, 1, 210.29
1735245063, 11, 6, 10, 0, 0, 0.00%, 0, 0, 1, 209.52
1735245068, 11, 7, 10, 0, 0, 0.00%, 0, 0, 1, 212.02
1735245073, 11, 8, 10, 0, 0, 0.00%, 0, 0, 1, 209.69
1735245078, 12, 0, 10, 0, 0, 0.00%, 0, 0, 1, 209.91
1735245083, 12, 1, 10, 0, 0, 0.00%, 0, 0, 1, 212.12
1735245088, 12, 10, 12, 2, 1, 0.05%, 2, 0, 3, 211.28
1735245134, 12, 10, 13, 3, 1, 0.05%, 3, 0, 3, 211.83
1735245149, 12, 10, 14, 4, 1, 0.05%, 4, 0, 3, 208.71
1735245159, 12, 10, 15, 5, 1, 0.06%, 5, 0, 3, 209.81
1735245210, 12, 10, 16, 6, 1, 0.06%, 5, 0, 3, 220.90
1735245225, 12, 10, 17, 7, 1, 0.06%, 5, 0, 3, 235.18
1735245230, 12, 12, 19, 8, 4, 0.06%, 6, 0, 4, 252.77
1735245245, 12, 12, 20, 9, 4, 0.06%, 6, 0, 4, 270.62
1735245255, 12, 12, 21, 10, 4, 0.06%, 6, 0, 4, 268.64
1735245260, 12, 12, 24, 13, 4, 0.06%, 6, 0, 4, 271.61
1735245270, 12, 12, 25, 14, 4, 0.06%, 6, 0, 4, 272.07
1735245280, 12, 12, 26, 15, 4, 0.06%, 6, 0, 4, 276.42
1735245285, 12, 12, 28, 17, 4, 0.06%, 7, 0, 4, 277.09
1735245326, 12, 12, 29, 18, 4, 0.06%, 7, 0, 4, 277.21
1735245362, 12, 27, 30, 18, 5, 0.06%, 7, 0, 5, 433.26
1735245403, 12, 27, 32, 20, 5, 0.06%, 9, 0, 5, 474.39
1735245418, 12, 27, 33, 21, 5, 0.06%, 9, 0, 5, 274.25
1735245433, 12, 30, 38, 25, 6, 0.06%, 9, 0, 5, 330.11
1735245459, 12, 30, 41, 28, 6, 0.06%, 9, 0, 6, 500.36
1735245464, 12, 30, 45, 32, 6, 0.06%, 9, 0, 6, 355.72
1735245535, 12, 30, 46, 33, 6, 0.06%, 9, 0, 6, 315.89
1735245560, 12, 37, 46, 32, 6, 0.06%, 9, 0, 6, 224.88
1735245580, 12, 37, 47, 33, 6, 0.06%, 9, 0, 6, 447.01
1735245591, 12, 37, 48, 34, 6, 0.06%, 9, 0, 6, 408.64
1735245627, 12, 37, 50, 36, 6, 0.06%, 9, 0, 6, 483.61
1735245642, 12, 37, 51, 37, 6, 0.06%, 9, 0, 6, 486.01
1735245922, 12, 37, 53, 39, 6, 0.06%, 9, 0, 6, 455.67
1735245982, 12, 37, 56, 42, 6, 0.06%, 9, 0, 6, 403.90
1735245992, 12, 37, 57, 43, 6, 0.06%, 9, 0, 6, 269.72
1735245998, 12, 44, 57, 42, 6, 0.06%, 9, 0, 6, 397.85
1735246023, 12, 44, 58, 43, 6, 0.06%, 9, 0, 7, 417.72
1735246059, 12, 44, 59, 44, 6, 0.06%, 9, 0, 7, 352.55
1735246074, 12, 44, 60, 45, 6, 0.06%, 9, 0, 7, 365.01
1735246125, 12, 59, 60, 44, 6, 0.06%, 9, 0, 7, 362.18
1735246140, 12, 59, 64, 48, 6, 0.06%, 9, 0, 8, 405.81
1735246150, 12, 59, 65, 49, 6, 0.06%, 9, 0, 8, 341.10
1735246236, 12, 59, 66, 50, 6, 0.06%, 9, 0, 8, 326.77
1735246247, 12, 64, 66, 49, 6, 0.06%, 9, 0, 8, 420.09
1735246252, 12, 64, 67, 50, 6, 0.06%, 9, 0, 9, 463.22
1735246287, 12, 64, 68, 51, 6, 0.06%, 9, 0, 9, 389.96
1735246347, 12, 65, 68, 50, 6, 0.06%, 9, 0, 9, 381.94
1735246358, 12, 65, 69, 51, 6, 0.06%, 9, 0, 9, 481.38
1735246424, 12, 66, 69, 50, 6, 0.06%, 9, 0, 9, 369.77
1735246474, 12, 67, 69, 49, 6, 0.06%, 9, 0, 9, 381.24
1735246479, 12, 67, 70, 50, 6, 0.06%, 9, 0, 10, 419.90
1735246601, 12, 68, 70, 49, 6, 0.06%, 9, 0, 10, 426.53
1735246636, 12, 68, 71, 50, 6, 0.06%, 9, 0, 10, 480.12
1735246692, 12, 69, 71, 49, 6, 0.06%, 9, 0, 10, 385.77
1735246809, 12, 70, 71, 48, 6, 0.06%, 9, 0, 10, 319.41
1735247291, 13, 13, 71, 47, 6, 0.06%, 9, 0, 10, 316.55
1735247306, 13, 16, 71, 46, 5, 0.06%, 9, 0, 10, 331.35
1735247327, 13, 18, 71, 45, 5, 0.06%, 9, 0, 10, 301.18
1735247362, 13, 18, 72, 46, 5, 0.06%, 9, 0, 10, 338.85
1735247367, 13, 28, 72, 45, 4, 0.06%, 9, 0, 10, 362.80
1735247388, 13, 28, 73, 46, 4, 0.06%, 9, 0, 10, 500.93
1735247484, 13, 29, 73, 45, 4, 0.06%, 9, 0, 10, 320.79
1735247525, 13, 30, 73, 44, 4, 0.06%, 9, 0, 10, 338.92
1735247540, 13, 31, 73, 44, 4, 0.06%, 9, 0, 10, 321.11
1735247571, 13, 32, 73, 43, 3, 0.06%, 9, 0, 10, 284.42
1735247576, 13, 32, 74, 44, 3, 0.06%, 9, 0, 10, 402.18
1735247683, 13, 33, 74, 43, 3, 0.06%, 9, 0, 10, 430.57
1735247831, 13, 34, 74, 42, 3, 0.06%, 9, 0, 10, 404.00
1735247862, 13, 35, 74, 41, 3, 0.06%, 9, 0, 10, 455.13
1735248215, 13, 37, 74, 40, 3, 0.06%, 9, 0, 10, 295.02
1735248236, 13, 38, 74, 40, 3, 0.06%, 9, 0, 10, 324.79
1735248261, 13, 38, 75, 41, 3, 0.06%, 9, 0, 10, 323.44
1735248312, 13, 39, 75, 40, 3, 0.06%, 9, 0, 10, 311.84
1735248352, 13, 40, 75, 39, 3, 0.06%, 9, 0, 10, 324.05
1735248398, 13, 41, 75, 38, 3, 0.06%, 9, 0, 10, 387.69
1735248443, 13, 42, 75, 37, 3, 0.06%, 9, 0, 10, 419.39
1735248499, 13, 43, 75, 36, 3, 0.06%, 9, 0, 10, 452.09
1735248525, 13, 44, 75, 35, 2, 0.06%, 9, 0, 10, 322.03
1735248545, 13, 45, 75, 35, 2, 0.06%, 9, 0, 10, 436.39
1735248601, 13, 46, 75, 34, 2, 0.06%, 9, 0, 10, 277.48
1735249039, 13, 52, 75, 33, 2, 0.06%, 9, 0, 10, 296.10
1735249172, 13, 53, 75, 32, 2, 0.06%, 9, 0, 10, 345.48
1735249218, 13, 54, 75, 31, 2, 0.06%, 9, 0, 10, 299.72
1735249508, 13, 57, 75, 30, 2, 0.06%, 9, 0, 10, 357.26
1735249610, 13, 58, 75, 29, 2, 0.06%, 9, 0, 10, 411.50
1735249676, 13, 59, 75, 28, 2, 0.06%, 9, 0, 10, 333.24
1735249696, 13, 60, 75, 28, 2, 0.06%, 9, 0, 10, 408.43
1735249768, 13, 61, 75, 27, 2, 0.06%, 9, 0, 10, 334.58
1735249814, 13, 61, 76, 28, 2, 0.06%, 9, 0, 10, 307.12
1735249824, 13, 62, 76, 27, 2, 0.06%, 9, 0, 10, 460.47
1735250146, 13, 64, 76, 26, 2, 0.06%, 9, 0, 10, 448.94
1735250207, 13, 65, 76, 26, 2, 0.06%, 9, 0, 10, 435.72
1735250233, 13, 66, 76, 26, 2, 0.06%, 9, 0, 10, 419.05
1735250279, 13, 67, 76, 26, 2, 0.06%, 9, 0, 10, 366.46
1735250400, 13, 68, 76, 26, 2, 0.06%, 9, 0, 10, 388.97
1735250426, 13, 69, 76, 26, 2, 0.06%, 9, 0, 10, 435.63
1735250542, 13, 70, 76, 26, 2, 0.06%, 9, 0, 10, 353.17
1735250578, 13, 72, 76, 26, 2, 0.06%, 9, 0, 10, 360.28
1735250695, 13, 73, 76, 25, 2, 0.06%, 9, 0, 10, 345.79
1735250807, 13, 74, 76, 24, 2, 0.06%, 9, 0, 10, 329.88
1735250827, 13, 74, 77, 25, 2, 0.06%, 9, 0, 10, 489.84
1735251167, 13, 75, 78, 25, 2, 0.06%, 9, 0, 10, 388.62
1735251294, 13, 76, 78, 24, 2, 0.06%, 9, 0, 10, 334.22
1735251679, 13, 77, 78, 23, 2, 0.06%, 9, 0, 10, 377.09
1735251801, 14, 13, 78, 22, 2, 0.06%, 9, 0, 10, 331.13
1735251806, 14, 14, 78, 22, 2, 0.06%, 9, 0, 10, 389.84
1735251822, 14, 15, 78, 21, 1, 0.06%, 9, 0, 10, 350.01
1735251837, 14, 16, 78, 20, 1, 0.06%, 9, 0, 10, 354.11
1735251848, 14, 28, 78, 20, 1, 0.06%, 9, 0, 10, 377.07
1735251863, 14, 31, 78, 20, 1, 0.06%, 9, 0, 10, 386.62
1735251883, 14, 44, 78, 20, 1, 0.06%, 9, 0, 10, 346.41
1735251898, 14, 52, 78, 20, 1, 0.06%, 9, 0, 10, 332.81
1735251919, 14, 53, 78, 20, 1, 0.06%, 9, 0, 10, 333.00
1735251939, 14, 54, 78, 20, 1, 0.06%, 9, 0, 10, 315.58
1735251960, 14, 55, 78, 20, 1, 0.06%, 9, 0, 10, 330.71
1735252138, 14, 57, 78, 19, 1, 0.06%, 9, 0, 10, 455.41
1735252153, 14, 58, 78, 19, 1, 0.06%, 9, 0, 10, 355.13
1735252173, 14, 59, 78, 19, 1, 0.06%, 9, 0, 10, 324.76
1735252189, 14, 60, 78, 19, 1, 0.06%, 9, 0, 10, 345.78
1735252214, 14, 61, 78, 19, 1, 0.06%, 9, 0, 10, 315.06
1735252240, 14, 62, 78, 19, 1, 0.06%, 9, 0, 10, 337.61
1735252270, 14, 63, 78, 19, 1, 0.06%, 9, 0, 10, 458.63
1735252357, 14, 64, 78, 18, 1, 0.06%, 9, 0, 10, 359.57
1735252382, 14, 65, 78, 18, 1, 0.06%, 9, 0, 10, 397.40
1735252408, 14, 66, 78, 18, 1, 0.06%, 9, 0, 10, 373.37
1735252433, 14, 67, 78, 18, 1, 0.06%, 9, 0, 10, 334.85
1735252443, 14, 67, 79, 19, 1, 0.06%, 9, 0, 10, 334.68
1735252459, 14, 68, 79, 19, 1, 0.06%, 9, 0, 10, 434.92
1735252484, 14, 69, 79, 19, 1, 0.06%, 9, 0, 10, 315.88
1735252510, 14, 70, 79, 19, 1, 0.06%, 9, 0, 10, 373.36
1735252540, 14, 75, 79, 19, 1, 0.06%, 9, 0, 10, 428.73
1735252566, 14, 77, 79, 19, 1, 0.06%, 9, 0, 10, 374.62
1735252591, 15, 14, 79, 19, 1, 0.06%, 9, 0, 10, 382.98
1735252596, 15, 15, 79, 19, 1, 0.06%, 9, 0, 10, 377.26
1735252607, 15, 59, 79, 19, 1, 0.06%, 9, 0, 10, 318.28
1735252612, 15, 60, 79, 19, 1, 0.06%, 9, 0, 10, 329.91
1735252637, 15, 61, 79, 19, 1, 0.06%, 9, 0, 10, 358.81
1735252662, 15, 62, 79, 19, 1, 0.06%, 9, 0, 10, 330.40
1735252672, 15, 62, 80, 20, 1, 0.06%, 9, 0, 10, 463.67
1735252703, 15, 64, 80, 20, 1, 0.06%, 9, 0, 10, 317.58
1735252708, 15, 65, 80, 20, 1, 0.06%, 9, 0, 10, 371.12
1735252713, 15, 66, 80, 20, 1, 0.06%, 9, 0, 10, 396.40
1735252718, 15, 67, 80, 20, 1, 0.06%, 9, 0, 10, 363.59
1735252728, 15, 68, 80, 20, 1, 0.06%, 9, 0, 10, 385.92
1735252733, 15, 69, 80, 20, 1, 0.06%, 9, 0, 10, 342.63
1735252743, 15, 70, 80, 20, 1, 0.06%, 9, 0, 10, 348.16
1735252758, 15, 75, 80, 20, 1, 0.06%, 9, 0, 10, 412.88
1735252784, 15, 77, 80, 20, 1, 0.06%, 9, 0, 10, 359.33
1735252809, 15, 79, 80, 20, 1, 0.06%, 9, 0, 10, 454.17
1735252814, 15, 79, 81, 21, 1, 0.06%, 9, 0, 10, 431.88
1735253040, 15, 80, 81, 20, 1, 0.06%, 9, 0, 10, 312.75
1735253275, 16, 11, 81, 19, 1, 0.06%, 9, 0, 10, 335.14
1735253296, 16, 12, 81, 18, 0, 0.06%, 9, 0, 10, 305.82
1735253306, 16, 13, 81, 18, 0, 0.06%, 9, 0, 10, 304.19
1735253311, 16, 14, 81, 18, 0, 0.06%, 9, 0, 10, 359.78
1735253321, 16, 15, 81, 18, 0, 0.06%, 9, 0, 10, 391.89
1735253331, 16, 16, 81, 18, 0, 0.06%, 9, 0, 10, 349.83
1735253336, 16, 17, 81, 18, 0, 0.06%, 9, 0, 10, 323.92
1735253372, 16, 18, 81, 17, 0, 0.06%, 9, 0, 10, 301.54
1735253387, 16, 19, 81, 17, 0, 0.06%, 9, 0, 10, 335.83
1735253428, 16, 20, 81, 16, 0, 0.06%, 9, 0, 10, 343.76
1735253566, 16, 21, 81, 15, 0, 0.06%, 9, 0, 10, 348.46
1735253596, 16, 22, 81, 14, 0, 0.06%, 9, 0, 10, 426.13
1735253632, 16, 23, 81, 13, 0, 0.06%, 9, 0, 10, 311.31
1735254066, 16, 24, 81, 12, 0, 0.06%, 9, 0, 10, 363.81
1735254275, 16, 25, 81, 11, 0, 0.06%, 9, 0, 10, 381.04
1735254428, 16, 26, 81, 10, 0, 0.06%, 9, 0, 10, 352.49
1735254641, 16, 27, 81, 9, 0, 0.06%, 9, 0, 10, 328.06
1735254662, 16, 28, 81, 9, 0, 0.06%, 9, 0, 10, 380.81
1735254677, 16, 29, 81, 9, 0, 0.06%, 9, 0, 10, 346.39
1735254697, 16, 30, 81, 9, 0, 0.06%, 9, 0, 10, 344.74
1735254712, 16, 31, 81, 9, 0, 0.06%, 9, 0, 10, 390.91
1735254728, 16, 32, 81, 9, 0, 0.06%, 9, 0, 10, 328.16
1735254743, 16, 33, 81, 9, 0, 0.06%, 9, 0, 10, 385.83
1735254763, 16, 34, 81, 9, 0, 0.06%, 9, 0, 10, 382.49
1735254778, 16, 35, 81, 9, 0, 0.06%, 9, 0, 10, 337.32
1735254798, 16, 36, 81, 9, 0, 0.06%, 9, 0, 10, 331.52
1735254834, 16, 37, 81, 8, 0, 0.06%, 9, 0, 10, 401.66
