# unix_time, cycles_done, cur_path, paths_total, pending_total, pending_favs, map_size, unique_crashes, unique_hangs, max_depth, execs_per_sec
1734753758, 0, 0, 10, 10, 1, 0.00%, 0, 0, 1, 170.94
1734753763, 0, 3, 10, 10, 1, 0.00%, 0, 0, 1, 199.49
1734753768, 0, 4, 10, 9, 0, 0.00%, 0, 0, 1, 206.52
1734753773, 0, 5, 10, 8, 0, 0.00%, 0, 0, 1, 198.68
1734753784, 0, 6, 10, 7, 0, 0.00%, 0, 0, 1, 208.14
1734753790, 0, 7, 10, 6, 0, 0.00%, 0, 0, 1, 12.54
1734753800, 0, 8, 10, 5, 0, 0.00%, 0, 0, 1, 208.34
1734753805, 0, 9, 10, 4, 0, 0.00%, 0, 0, 1, 199.15
1734753815, 1, 0, 10, 3, 0, 0.00%, 0, 0, 1, 206.46
1734753825, 1, 1, 10, 2, 0, 0.00%, 0, 0, 1, 207.54
1734753836, 1, 2, 10, 1, 0, 0.00%, 0, 0, 1, 208.59
1734753846, 1, 3, 10, 0, 0, 0.00%, 0, 0, 1, 206.83
1734753856, 1, 5, 10, 0, 0, 0.00%, 0, 0, 1, 201.16
1734753861, 1, 6, 10, 0, 0, 0.00%, 0, 0, 1, 199.65
1734753866, 1, 8, 10, 0, 0, 0.00%, 0, 0, 1, 203.81
1734753871, 1, 9, 10, 0, 0, 0.00%, 0, 0, 1, 201.39
1734753876, 2, 0, 10, 0, 0, 0.00%, 0, 0, 1, 203.77
1734753881, 2, 2, 10, 0, 0, 0.00%, 0, 0, 1, 200.05
1734753886, 2, 3, 10, 0, 0, 0.00%, 0, 0, 1, 204.77
1734753891, 2, 5, 10, 0, 0, 0.00%, 0, 0, 1, 202.76
1734753896, 2, 6, 10, 0, 0, 0.00%, 0, 0, 1, 201.74
1734753902, 2, 7, 10, 0, 0, 0.00%, 0, 0, 1, 201.51
1734753907, 2, 9, 10, 0, 0, 0.00%, 0, 0, 1, 205.74
1734753912, 3, 0, 10, 0, 0, 0.00%, 0, 0, 1, 203.22
1734753917, 3, 1, 10, 0, 0, 0.00%, 0, 0, 1, 202.85
1734753922, 3, 3, 10, 0, 0, 0.00%, 0, 0, 1, 207.13
1734753927, 3, 4, 10, 0, 0, 0.00%, 0, 0, 1, 198.15
1734753932, 3, 6, 10, 0, 0, 0.00%, 0, 0, 1, 201.37
1734753937, 3, 7, 10, 0, 0, 0.00%, 0, 0, 1, 198.63
1734753942, 3, 8, 10, 0, 0, 0.00%, 0, 0, 1, 199.28
1734753947, 4, 0, 10, 0, 0, 0.00%, 0, 0, 1, 201.20
1734753952, 4, 1, 10, 0, 0, 0.00%, 0, 0, 1, 204.41
1734753957, 4, 2, 10, 0, 0, 0.00%, 0, 0, 1, 204.51
1734753962, 4, 4, 10, 0, 0, 0.00%, 0, 0, 1, 210.09
1734753967, 4, 5, 10, 0, 0, 0.00%, 0, 0, 1, 201.72
1734753972, 4, 6, 10, 0, 0, 0.00%, 0, 0, 1, 204.41
1734753978, 4, 8, 10, 0, 0, 0.00%, 0, 0, 1, 204.42
1734753983, 4, 9, 10, 0, 0, 0.00%, 0, 0, 1, 201.51
1734753988, 5, 1, 10, 0, 0, 0.00%, 0, 0, 1, 200.22
1734753993, 5, 2, 10, 0, 0, 0.00%, 0, 0, 1, 201.74
1734753998, 5, 3, 10, 0, 0, 0.00%, 0, 0, 1, 203.34
1734754003, 5, 5, 10, 0, 0, 0.00%, 0, 0, 1, 202.39
1734754008, 5, 6, 10, 0, 0, 0.00%, 0, 0, 1, 204.37
1734754013, 5, 7, 10, 0, 0, 0.00%, 0, 0, 1, 202.62
1734754018, 5, 9, 10, 0, 0, 0.00%, 0, 0, 1, 204.03
1734754023, 6, 0, 10, 0, 0, 0.00%, 0, 0, 1, 206.06
1734754028, 6, 2, 10, 0, 0, 0.00%, 0, 0, 1, 198.76
1734754033, 6, 3, 10, 0, 0, 0.00%, 0, 0, 1, 207.64
1734754038, 6, 4, 10, 0, 0, 0.00%, 0, 0, 1, 207.44
1734754043, 6, 6, 10, 0, 0, 0.00%, 0, 0, 1, 204.11
1734754048, 6, 7, 10, 0, 0, 0.00%, 0, 0, 1, 204.41
1734754053, 6, 9, 10, 0, 0, 0.00%, 0, 0, 1, 205.86
1734754059, 7, 0, 10, 0, 0, 0.00%, 0, 0, 1, 201.40
1734754064, 7, 1, 10, 0, 0, 0.00%, 0, 0, 1, 204.70
1734754069, 7, 3, 10, 0, 0, 0.00%, 0, 0, 1, 204.90
1734754074, 7, 4, 10, 0, 0, 0.00%, 0, 0, 1, 205.48
1734754079, 7, 6, 10, 0, 0, 0.00%, 0, 0, 1, 206.83
1734754084, 7, 7, 10, 0, 0, 0.00%, 0, 0, 1, 206.64
1734754089, 7, 8, 10, 0, 0, 0.00%, 0, 0, 1, 205.05
1734754094, 8, 0, 10, 0, 0, 0.00%, 0, 0, 1, 200.29
1734754099, 8, 1, 10, 0, 0, 0.00%, 0, 0, 1, 201.15
1734754104, 8, 2, 10, 0, 0, 0.00%, 0, 0, 1, 202.93
1734754109, 8, 4, 10, 0, 0, 0.00%, 0, 0, 1, 202.81
1734754115, 8, 5, 10, 0, 0, 0.00%, 0, 0, 1, 204.63
1734754120, 8, 7, 10, 0, 0, 0.00%, 0, 0, 1, 202.17
1734754125, 8, 8, 10, 0, 0, 0.00%, 0, 0, 1, 205.89
1734754130, 8, 9, 10, 0, 0, 0.00%, 0, 0, 1, 207.25
1734754135, 9, 1, 10, 0, 0, 0.00%, 0, 0, 1, 202.76
1734754140, 9, 2, 10, 0, 0, 0.00%, 0, 0, 1, 203.23
1734754145, 9, 3, 10, 0, 0, 0.00%, 0, 0, 1, 200.75
1734754150, 9, 5, 10, 0, 0, 0.00%, 0, 0, 1, 202.34
1734754155, 9, 6, 10, 0, 0, 0.00%, 0, 0, 1, 199.40
1734754160, 9, 8, 10, 0, 0, 0.00%, 0, 0, 1, 204.67
1734754165, 9, 9, 10, 0, 0, 0.00%, 0, 0, 1, 199.82
1734754170, 10, 0, 10, 0, 0, 0.00%, 0, 0, 1, 204.22
1734754175, 10, 2, 10, 0, 0, 0.00%, 0, 0, 1, 202.76
1734754180, 10, 3, 10, 0, 0, 0.00%, 0, 0, 1, 202.83
1734754185, 10, 4, 10, 0, 0, 0.00%, 0, 0, 1, 201.53
1734754190, 10, 6, 10, 0, 0, 0.00%, 0, 0, 1, 202.99
1734754196, 10, 7, 10, 0, 0, 0.00%, 0, 0, 1, 200.63
1734754201, 10, 8, 10, 0, 0, 0.00%, 0, 0, 1, 205.19
1734754206, 11, 0, 10, 0, 0, 0.00%, 0, 0, 1, 203.35
1734754211, 11, 1, 10, 0, 0, 0.00%, 0, 0, 1, 201.93
1734754216, 11, 3, 10, 0, 0, 0.00%, 0, 0, 1, 200.94
1734754221, 11, 4, 10, 0, 0, 0.00%, 0, 0, 1, 204.15
1734754226, 11, 5, 10, 0, 0, 0.00%, 0, 0, 1, 200.68
1734754231, 11, 7, 10, 0, 0, 0.00%, 0, 0, 1, 201.03
1734754236, 11, 8, 10, 0, 0, 0.00%, 0, 0, 1, 202.91
1734754241, 11, 9, 10, 0, 0, 0.00%, 0, 0, 1, 201.73
1734754246, 12, 1, 10, 0, 0, 0.00%, 0, 0, 1, 204.22
1734754251, 12, 2, 10, 0, 0, 0.00%, 0, 0, 1, 204.64
1734754256, 12, 4, 10, 0, 0, 0.00%, 0, 0, 1, 206.16
1734754262, 12, 5, 10, 0, 0, 0.00%, 0, 0, 1, 200.40
1734754267, 12, 6, 10, 0, 0, 0.00%, 0, 0, 1, 207.05
1734754272, 12, 8, 10, 0, 0, 0.00%, 0, 0, 1, 206.20
1734754277, 12, 9, 10, 0, 0, 0.00%, 0, 0, 1, 202.34
1734754282, 13, 0, 10, 0, 0, 0.00%, 0, 0, 1, 202.85
1734754287, 13, 2, 10, 0, 0, 0.00%, 0, 0, 1, 203.78
1734754292, 13, 3, 10, 0, 0, 0.00%, 0, 0, 1, 205.19
1734754297, 13, 5, 10, 0, 0, 0.00%, 0, 0, 1, 204.62
1734754302, 13, 6, 10, 0, 0, 0.00%, 0, 0, 1, 202.51
1734754307, 13, 7, 10, 0, 0, 0.00%, 0, 0, 1, 205.59
1734754312, 13, 9, 10, 0, 0, 0.00%, 0, 0, 1, 200.95
1734754317, 14, 0, 10, 0, 0, 0.00%, 0, 0, 1, 201.74
1734754322, 14, 1, 10, 0, 0, 0.00%, 0, 0, 1, 201.90
1734754327, 14, 3, 10, 0, 0, 0.00%, 0, 0, 1, 202.77
1734754332, 14, 4, 10, 0, 0, 0.00%, 0, 0, 1, 203.32
1734754337, 14, 5, 10, 0, 0, 0.00%, 0, 0, 1, 201.34
1734754342, 14, 7, 10, 0, 0, 0.00%, 0, 0, 1, 203.48
1734754347, 14, 8, 10, 0, 0, 0.00%, 0, 0, 1, 207.20
1734754352, 15, 0, 10, 0, 0, 0.00%, 0, 0, 1, 205.49
1734754357, 15, 1, 10, 0, 0, 0.00%, 0, 0, 1, 205.42
1734754362, 15, 2, 10, 0, 0, 0.00%, 0, 0, 1, 210.54
1734754367, 15, 4, 10, 0, 0, 0.00%, 0, 0, 1, 208.99
1734754372, 15, 5, 10, 0, 0, 0.00%, 0, 0, 1, 211.44
1734754377, 15, 7, 10, 0, 0, 0.00%, 0, 0, 1, 208.52
1734754383, 15, 8, 10, 0, 0, 0.00%, 0, 0, 1, 206.21
1734754388, 15, 9, 10, 0, 0, 0.00%, 0, 0, 1, 210.56
1734754393, 16, 1, 10, 0, 0, 0.00%, 0, 0, 1, 210.47
1734754398, 16, 2, 10, 0, 0, 0.00%, 0, 0, 1, 206.35
1734754403, 16, 4, 10, 0, 0, 0.00%, 0, 0, 1, 210.84
1734754408, 16, 5, 10, 0, 0, 0.00%, 0, 0, 1, 213.91
1734754413, 16, 7, 10, 0, 0, 0.00%, 0, 0, 1, 213.58
1734754418, 16, 8, 10, 0, 0, 0.00%, 0, 0, 1, 214.13
1734754423, 16, 9, 10, 0, 0, 0.00%, 0, 0, 1, 208.95
1734754428, 17, 1, 10, 0, 0, 0.00%, 0, 0, 1, 204.59
1734754433, 17, 2, 10, 0, 0, 0.00%, 0, 0, 1, 208.53
1734754438, 17, 4, 10, 0, 0, 0.00%, 0, 0, 1, 212.49
1734754443, 17, 5, 10, 0, 0, 0.00%, 0, 0, 1, 205.20
1734754448, 17, 6, 10, 0, 0, 0.00%, 0, 0, 1, 213.06
1734754453, 17, 8, 10, 0, 0, 0.00%, 0, 0, 1, 211.59
1734754459, 17, 9, 10, 0, 0, 0.00%, 0, 0, 1, 212.33
1734754464, 18, 1, 10, 0, 0, 0.00%, 0, 0, 1, 212.30
1734754469, 18, 2, 10, 0, 0, 0.00%, 0, 0, 1, 214.36
1734754474, 18, 4, 10, 0, 0, 0.00%, 0, 0, 1, 208.24
1734754479, 18, 5, 10, 0, 0, 0.00%, 0, 0, 1, 209.17
1734754484, 18, 7, 10, 0, 0, 0.00%, 0, 0, 1, 206.93
1734754489, 18, 8, 10, 0, 0, 0.00%, 0, 0, 1, 208.27
1734754494, 18, 9, 10, 0, 0, 0.00%, 0, 0, 1, 209.80
1734754499, 19, 1, 10, 0, 0, 0.00%, 0, 0, 1, 209.74
1734754504, 19, 2, 10, 0, 0, 0.00%, 0, 0, 1, 212.33
1734754510, 19, 4, 10, 0, 0, 0.00%, 0, 0, 1, 211.77
1734754515, 19, 5, 10, 0, 0, 0.00%, 0, 0, 1, 207.51
1734754520, 19, 7, 10, 0, 0, 0.00%, 0, 0, 1, 211.41
1734754525, 19, 8, 10, 0, 0, 0.00%, 0, 0, 1, 210.07
1734754530, 20, 0, 10, 0, 0, 0.00%, 0, 0, 1, 208.97
1734754535, 20, 1, 10, 0, 0, 0.00%, 0, 0, 1, 207.83
1734754540, 20, 2, 10, 0, 0, 0.00%, 0, 0, 1, 208.42
1734754546, 20, 4, 10, 0, 0, 0.00%, 0, 0, 1, 205.69
1734754551, 20, 5, 10, 0, 0, 0.00%, 0, 0, 1, 207.29
1734754556, 20, 7, 10, 0, 0, 0.00%, 0, 0, 1, 207.81
1734754561, 20, 8, 10, 0, 0, 0.00%, 0, 0, 1, 208.69
1734754566, 20, 9, 10, 0, 0, 0.00%, 0, 0, 1, 209.88
1734754571, 21, 1, 10, 0, 0, 0.00%, 0, 0, 1, 209.56
1734754576, 21, 2, 10, 0, 0, 0.00%, 0, 0, 1, 206.06
1734754581, 21, 4, 10, 0, 0, 0.00%, 0, 0, 1, 206.59
1734754586, 21, 5, 10, 0, 0, 0.00%, 0, 0, 1, 211.14
1734754591, 21, 7, 10, 0, 0, 0.00%, 0, 0, 1, 209.78
1734754596, 21, 8, 10, 0, 0, 0.00%, 0, 0, 1, 211.65
1734754601, 21, 10, 11, 1, 1, 0.05%, 1, 0, 2, 235.45
1734754647, 21, 10, 12, 2, 1, 0.05%, 2, 0, 3, 262.51
1734754722, 21, 11, 12, 1, 1, 0.05%, 2, 0, 3, 223.13
1734754727, 21, 11, 15, 4, 1, 0.05%, 2, 0, 4, 240.02
1734754732, 21, 11, 17, 6, 1, 0.05%, 3, 0, 4, 248.00
1734754738, 21, 11, 18, 7, 1, 0.05%, 4, 0, 4, 249.93
1734754743, 21, 11, 20, 9, 1, 0.06%, 5, 0, 4, 250.85
1734754748, 21, 11, 21, 10, 1, 0.06%, 6, 0, 4, 246.94
1734754753, 21, 11, 22, 11, 1, 0.06%, 6, 0, 4, 253.61
1734754763, 21, 11, 23, 12, 1, 0.06%, 6, 0, 4, 253.12
1734754839, 21, 16, 24, 12, 4, 0.06%, 6, 0, 5, 254.48
1734754844, 21, 16, 25, 13, 4, 0.06%, 7, 0, 5, 256.46
1734754849, 21, 16, 26, 14, 4, 0.06%, 7, 0, 5, 261.50
1734754870, 21, 16, 27, 15, 4, 0.06%, 7, 0, 5, 264.58
1734754890, 21, 16, 28, 16, 4, 0.06%, 7, 0, 5, 258.75
1734754895, 21, 16, 29, 17, 4, 0.06%, 7, 0, 5, 263.15
1734754946, 21, 24, 29, 16, 4, 0.06%, 7, 0, 5, 333.69
1734754951, 21, 24, 30, 17, 4, 0.06%, 7, 0, 6, 457.19
1734754956, 21, 24, 31, 18, 4, 0.06%, 7, 0, 6, 486.46
1734754986, 21, 24, 32, 19, 4, 0.06%, 8, 0, 6, 482.92
1734755012, 21, 24, 34, 21, 4, 0.06%, 8, 0, 6, 303.37
1734755017, 21, 24, 35, 22, 4, 0.06%, 8, 0, 6, 257.51
1734755022, 21, 31, 37, 23, 4, 0.06%, 9, 0, 7, 436.58
1734755027, 21, 31, 38, 24, 4, 0.06%, 9, 0, 7, 483.36
1734755093, 21, 31, 41, 27, 4, 0.06%, 9, 0, 7, 274.96
1734755098, 22, 17, 42, 27, 5, 0.06%, 9, 0, 7, 411.02
1734755128, 22, 17, 43, 28, 5, 0.06%, 9, 0, 7, 478.67
1734755158, 22, 17, 44, 29, 5, 0.06%, 9, 0, 7, 470.98
1734755179, 22, 35, 44, 28, 4, 0.06%, 9, 0, 7, 260.55
1734755184, 22, 35, 46, 30, 4, 0.06%, 9, 0, 8, 443.13
1734755194, 22, 35, 47, 31, 4, 0.06%, 9, 0, 8, 493.58
1734755219, 22, 35, 48, 32, 4, 0.06%, 9, 0, 8, 493.55
1734755240, 22, 35, 49, 33, 4, 0.06%, 9, 0, 8, 488.44
1734755245, 22, 35, 50, 34, 4, 0.06%, 9, 0, 8, 488.87
1734755250, 22, 35, 54, 38, 4, 0.06%, 9, 0, 8, 319.79
1734755265, 22, 37, 55, 38, 3, 0.06%, 9, 0, 8, 296.91
1734755270, 22, 37, 56, 39, 3, 0.06%, 9, 0, 8, 424.18
1734755321, 22, 47, 56, 38, 3, 0.06%, 9, 0, 8, 386.64
1734755382, 22, 48, 56, 37, 3, 0.06%, 9, 0, 8, 476.13
1734755387, 22, 48, 57, 38, 3, 0.06%, 9, 0, 9, 498.96
1734755392, 22, 48, 58, 39, 3, 0.06%, 9, 0, 9, 489.78
1734755397, 22, 48, 59, 40, 3, 0.06%, 9, 0, 9, 492.65
1734755453, 22, 54, 59, 39, 3, 0.06%, 9, 0, 9, 287.71
1734755458, 22, 54, 60, 40, 3, 0.06%, 9, 0, 9, 391.62
1734755579, 22, 54, 62, 42, 3, 0.06%, 9, 0, 9, 279.46
1734755590, 22, 60, 62, 41, 3, 0.06%, 9, 0, 9, 415.60
1734755605, 22, 60, 63, 42, 3, 0.06%, 9, 0, 10, 485.14
1734755666, 22, 61, 63, 41, 3, 0.06%, 9, 0, 10, 418.07
1734755707, 22, 61, 64, 42, 3, 0.06%, 9, 0, 10, 302.65
1734755712, 22, 62, 64, 41, 3, 0.06%, 9, 0, 10, 409.95
1734755849, 22, 62, 65, 42, 3, 0.06%, 9, 0, 11, 464.16
1734755885, 22, 62, 66, 43, 3, 0.06%, 9, 0, 11, 498.36
1734755915, 23, 18, 66, 42, 3, 0.06%, 9, 0, 11, 328.01
1734755951, 23, 18, 67, 43, 3, 0.06%, 9, 0, 11, 273.43
1734755961, 23, 20, 67, 42, 2, 0.06%, 9, 0, 11, 280.66
1734756002, 23, 31, 67, 41, 2, 0.06%, 9, 0, 11, 302.48
1734756022, 23, 36, 67, 41, 2, 0.06%, 9, 0, 11, 415.18
1734756053, 23, 37, 67, 40, 1, 0.06%, 9, 0, 11, 407.96
1734756083, 23, 47, 67, 40, 1, 0.06%, 9, 0, 11, 343.15
1734756109, 23, 48, 67, 40, 1, 0.06%, 9, 0, 11, 421.50
1734756139, 23, 49, 67, 40, 1, 0.06%, 9, 0, 11, 363.25
1734756150, 23, 49, 68, 41, 1, 0.06%, 9, 0, 11, 273.05
1734756251, 23, 50, 68, 40, 1, 0.06%, 9, 0, 11, 324.09
1734756281, 23, 50, 69, 41, 1, 0.06%, 9, 0, 11, 359.30
1734756343, 23, 55, 69, 40, 0, 0.06%, 9, 0, 11, 290.10
1734756393, 23, 60, 69, 39, 0, 0.06%, 9, 0, 11, 420.45
1734756414, 23, 60, 70, 40, 0, 0.06%, 9, 0, 11, 298.74
1734756419, 23, 61, 70, 40, 0, 0.06%, 9, 0, 11, 420.92
1734756434, 23, 61, 71, 41, 0, 0.06%, 9, 0, 11, 328.71
1734756444, 23, 62, 71, 41, 0, 0.06%, 9, 0, 11, 329.06
1734756475, 23, 64, 71, 41, 0, 0.06%, 9, 0, 11, 392.38
1734756561, 23, 65, 71, 40, 0, 0.06%, 9, 0, 11, 397.79
1734756653, 23, 66, 71, 39, 0, 0.06%, 9, 0, 11, 456.00
1734756688, 23, 69, 71, 38, 0, 0.06%, 9, 0, 11, 434.98
1734756734, 23, 70, 71, 37, 0, 0.06%, 9, 0, 11, 325.29
1734756815, 24, 18, 71, 36, 0, 0.06%, 9, 0, 11, 321.55
1734756836, 24, 31, 71, 36, 0, 0.06%, 9, 0, 11, 338.39
1734756856, 24, 36, 71, 36, 0, 0.06%, 9, 0, 11, 429.44
1734756871, 24, 37, 71, 36, 0, 0.06%, 9, 0, 11, 296.93
1734756892, 24, 38, 71, 36, 0, 0.06%, 9, 0, 11, 386.13
1734757008, 24, 39, 71, 35, 0, 0.06%, 9, 0, 11, 282.72
1734757690, 24, 41, 71, 34, 0, 0.06%, 9, 0, 11, 292.35
1734757741, 24, 42, 71, 33, 0, 0.06%, 9, 0, 11, 444.84
1734757772, 24, 43, 71, 32, 0, 0.06%, 9, 0, 11, 381.72
1734757905, 24, 43, 72, 33, 0, 0.06%, 9, 0, 11, 451.49
1734757921, 24, 43, 73, 34, 0, 0.06%, 9, 0, 11, 502.42
1734757982, 24, 47, 73, 33, 0, 0.06%, 9, 0, 11, 313.15
1734757992, 24, 47, 74, 34, 0, 0.06%, 9, 0, 11, 367.72
1734758012, 24, 48, 74, 34, 0, 0.06%, 9, 0, 11, 457.81
1734758032, 24, 50, 74, 34, 0, 0.06%, 9, 0, 11, 368.99
1734758063, 24, 51, 74, 34, 0, 0.06%, 9, 0, 11, 429.70
1734758109, 24, 51, 75, 35, 0, 0.06%, 9, 0, 11, 435.50
1734758175, 24, 60, 75, 34, 0, 0.06%, 9, 0, 11, 328.50
1734758201, 24, 61, 75, 34, 0, 0.06%, 9, 0, 11, 311.98
1734758226, 24, 62, 75, 34, 0, 0.06%, 9, 0, 11, 350.42
1734758257, 24, 64, 75, 34, 0, 0.06%, 9, 0, 11, 343.96
1734758282, 24, 65, 75, 34, 0, 0.06%, 9, 0, 11, 341.78
1734758308, 24, 69, 75, 34, 0, 0.06%, 9, 0, 11, 359.31
1734758338, 24, 70, 75, 34, 0, 0.06%, 9, 0, 11, 290.49
1734758395, 24, 70, 76, 35, 0, 0.06%, 9, 0, 11, 469.21
1734758420, 24, 71, 76, 35, 0, 0.06%, 9, 0, 11, 368.49
1734758507, 24, 72, 76, 34, 0, 0.06%, 9, 0, 11, 375.79
1734758800, 24, 73, 76, 33, 0, 0.06%, 9, 0, 11, 346.22
1734758922, 24, 74, 76, 32, 0, 0.06%, 9, 0, 11, 364.45
1734759049, 24, 75, 77, 32, 0, 0.06%, 9, 0, 12, 351.64
1734759150, 24, 76, 77, 31, 0, 0.06%, 9, 0, 12, 290.41
1734759257, 25, 17, 77, 30, 0, 0.06%, 9, 0, 12, 390.41
1734759273, 25, 24, 77, 30, 0, 0.06%, 9, 0, 12, 328.48
1734759293, 25, 29, 77, 30, 0, 0.06%, 9, 0, 12, 408.34
1734759329, 25, 30, 77, 29, 0, 0.06%, 9, 0, 12, 393.09
1734759360, 25, 33, 77, 28, 0, 0.06%, 9, 0, 12, 279.46
1734759503, 25, 41, 77, 27, 0, 0.06%, 9, 0, 12, 285.33
1734759523, 25, 42, 77, 27, 0, 0.06%, 9, 0, 12, 358.28
1734759538, 25, 43, 77, 27, 0, 0.06%, 9, 0, 12, 362.94
1734759559, 25, 60, 77, 27, 0, 0.06%, 9, 0, 12, 356.68
1734759590, 25, 61, 77, 27, 0, 0.06%, 9, 0, 12, 422.83
1734759615, 25, 62, 77, 27, 0, 0.06%, 9, 0, 12, 335.82
1734759641, 25, 64, 77, 27, 0, 0.06%, 9, 0, 12, 350.09
1734759666, 25, 65, 77, 27, 0, 0.06%, 9, 0, 12, 371.13
1734759697, 25, 69, 77, 27, 0, 0.06%, 9, 0, 12, 385.63
1734759722, 25, 70, 77, 27, 0, 0.06%, 9, 0, 12, 338.69
1734759748, 25, 71, 77, 27, 0, 0.06%, 9, 0, 12, 389.95
1734759768, 25, 72, 77, 27, 0, 0.06%, 9, 0, 12, 259.00
1734759789, 25, 75, 77, 27, 0, 0.06%, 9, 0, 12, 338.19
1734759865, 25, 76, 77, 27, 0, 0.06%, 9, 0, 12, 301.24
1734759942, 26, 17, 77, 27, 0, 0.06%, 9, 0, 12, 323.27
1734759962, 26, 41, 77, 27, 0, 0.06%, 9, 0, 12, 284.08
1734759983, 26, 42, 77, 27, 0, 0.06%, 9, 0, 12, 338.86
1734759998, 26, 43, 77, 27, 0, 0.06%, 9, 0, 12, 330.76
1734760018, 26, 60, 77, 27, 0, 0.06%, 9, 0, 12, 357.56
1734760049, 26, 61, 77, 27, 0, 0.06%, 9, 0, 12, 411.02
1734760074, 26, 62, 77, 27, 0, 0.06%, 9, 0, 12, 290.83
1734760105, 26, 63, 77, 27, 0, 0.06%, 9, 0, 12, 293.90
1734760909, 26, 64, 77, 26, 0, 0.06%, 9, 0, 12, 422.58
1734760935, 26, 65, 77, 26, 0, 0.06%, 9, 0, 12, 386.26
1734760960, 26, 67, 77, 26, 0, 0.06%, 9, 0, 12, 378.87
1734761072, 26, 68, 77, 25, 0, 0.06%, 9, 0, 12, 333.39
1734761194, 26, 69, 77, 24, 0, 0.06%, 9, 0, 12, 430.02
1734761219, 26, 70, 77, 24, 0, 0.06%, 9, 0, 12, 415.77
1734761245, 26, 71, 77, 24, 0, 0.06%, 9, 0, 12, 439.66
1734761260, 26, 72, 77, 24, 0, 0.06%, 9, 0, 12, 326.64
1734761281, 26, 73, 77, 24, 0, 0.06%, 9, 0, 12, 363.55
1734761311, 26, 74, 77, 24, 0, 0.06%, 9, 0, 12, 368.21
1734761336, 26, 75, 77, 24, 0, 0.06%, 9, 0, 12, 329.44
1734761362, 26, 76, 77, 24, 0, 0.06%, 9, 0, 12, 336.91
1734761392, 27, 17, 77, 24, 0, 0.06%, 9, 0, 12, 421.76
1734761408, 27, 18, 77, 24, 0, 0.06%, 9, 0, 12, 296.06
1734761428, 27, 19, 77, 24, 0, 0.06%, 9, 0, 12, 353.53
1734761463, 27, 20, 77, 23, 0, 0.06%, 9, 0, 12, 292.54
1734761484, 27, 41, 77, 23, 0, 0.06%, 9, 0, 12, 288.61
1734761504, 27, 42, 77, 23, 0, 0.06%, 9, 0, 12, 429.56
1734761519, 27, 43, 77, 23, 0, 0.06%, 9, 0, 12, 282.47
1734761540, 27, 47, 77, 23, 0, 0.06%, 9, 0, 12, 408.28
1734761565, 27, 50, 77, 23, 0, 0.06%, 9, 0, 12, 341.10
1734761596, 27, 51, 77, 23, 0, 0.06%, 9, 0, 12, 383.95
1734761621, 27, 52, 77, 23, 0, 0.06%, 9, 0, 12, 335.65
1734761677, 27, 53, 77, 22, 0, 0.06%, 9, 0, 12, 353.38
1734761728, 27, 60, 77, 21, 0, 0.06%, 9, 0, 12, 345.02
1734761743, 27, 61, 77, 21, 0, 0.06%, 9, 0, 12, 385.46
1734761753, 27, 62, 77, 21, 0, 0.06%, 9, 0, 12, 320.05
1734761768, 27, 64, 77, 21, 0, 0.06%, 9, 0, 12, 322.01
1734761794, 27, 65, 77, 21, 0, 0.06%, 9, 0, 12, 345.89
1734761824, 27, 68, 77, 21, 0, 0.06%, 9, 0, 12, 372.40
1734761855, 27, 69, 77, 21, 0, 0.06%, 9, 0, 12, 429.44
1734761875, 27, 70, 77, 21, 0, 0.06%, 9, 0, 12, 318.84
1734761905, 27, 71, 77, 21, 0, 0.06%, 9, 0, 12, 445.91
1734761921, 27, 72, 77, 21, 0, 0.06%, 9, 0, 12, 336.85
1734761941, 27, 73, 77, 21, 0, 0.06%, 9, 0, 12, 339.07
1734761971, 27, 74, 77, 21, 0, 0.06%, 9, 0, 12, 369.32
1734761997, 27, 75, 77, 21, 0, 0.06%, 9, 0, 12, 304.57
1734762022, 27, 76, 77, 21, 0, 0.06%, 9, 0, 12, 351.97
1734762048, 28, 17, 77, 21, 0, 0.06%, 9, 0, 12, 399.54
1734762063, 28, 20, 77, 21, 0, 0.06%, 9, 0, 12, 295.11
1734762084, 28, 41, 77, 21, 0, 0.06%, 9, 0, 12, 277.06
1734762104, 28, 42, 77, 21, 0, 0.06%, 9, 0, 12, 338.86
1734762124, 28, 43, 77, 21, 0, 0.06%, 9, 0, 12, 379.50
1734762139, 28, 47, 77, 21, 0, 0.06%, 9, 0, 12, 357.96
1734762165, 28, 50, 77, 21, 0, 0.06%, 9, 0, 12, 303.13
1734762195, 28, 51, 77, 21, 0, 0.06%, 9, 0, 12, 375.34
1734762221, 28, 52, 77, 21, 0, 0.06%, 9, 0, 12, 345.02
1734762246, 28, 53, 77, 21, 0, 0.06%, 9, 0, 12, 342.04
1734762277, 28, 60, 77, 21, 0, 0.06%, 9, 0, 12, 368.69
1734762287, 28, 61, 77, 21, 0, 0.06%, 9, 0, 12, 314.41
1734762302, 28, 62, 77, 21, 0, 0.06%, 9, 0, 12, 285.25
1734762317, 28, 64, 77, 21, 0, 0.06%, 9, 0, 12, 368.03
1734762332, 28, 65, 77, 21, 0, 0.06%, 9, 0, 12, 428.81
1734762343, 28, 68, 77, 21, 0, 0.06%, 9, 0, 12, 392.61
1734762373, 28, 69, 77, 21, 0, 0.06%, 9, 0, 12, 373.91
1734762383, 28, 70, 77, 21, 0, 0.06%, 9, 0, 12, 347.44
1734762398, 28, 71, 77, 21, 0, 0.06%, 9, 0, 12, 440.22
1734762414, 28, 72, 77, 21, 0, 0.06%, 9, 0, 12, 298.01
1734762429, 28, 72, 78, 22, 0, 0.06%, 9, 0, 12, 368.86
1734762434, 28, 73, 78, 22, 0, 0.06%, 9, 0, 12, 329.86
1734762465, 28, 74, 78, 22, 0, 0.06%, 9, 0, 12, 321.73
1734762495, 28, 75, 78, 22, 0, 0.06%, 9, 0, 12, 433.57
1734762520, 28, 76, 78, 22, 0, 0.06%, 9, 0, 12, 371.25
1734762545, 28, 77, 78, 22, 0, 0.06%, 9, 0, 12, 384.77
1734762551, 28, 77, 79, 23, 0, 0.06%, 9, 0, 12, 463.53
1734762657, 28, 78, 79, 22, 0, 0.06%, 9, 0, 12, 276.89
1734762790, 29, 17, 79, 21, 0, 0.06%, 9, 0, 12, 370.29
1734762800, 29, 20, 79, 21, 0, 0.06%, 9, 0, 12, 292.48
1734762820, 29, 41, 79, 21, 0, 0.06%, 9, 0, 12, 274.31
1734762830, 29, 42, 79, 21, 0, 0.06%, 9, 0, 12, 365.73
1734762841, 29, 43, 79, 21, 0, 0.06%, 9, 0, 12, 391.82
1734762851, 29, 47, 79, 21, 0, 0.06%, 9, 0, 12, 404.36
1734762866, 29, 50, 79, 21, 0, 0.06%, 9, 0, 12, 347.61
1734762892, 29, 51, 79, 21, 0, 0.06%, 9, 0, 12, 350.51
1734762922, 29, 52, 79, 21, 0, 0.06%, 9, 0, 12, 408.86
1734762948, 29, 53, 79, 21, 0, 0.06%, 9, 0, 12, 395.57
1734762973, 29, 60, 79, 21, 0, 0.06%, 9, 0, 12, 353.98
1734762978, 29, 61, 79, 21, 0, 0.06%, 9, 0, 12, 364.17
1734762988, 29, 62, 79, 21, 0, 0.06%, 9, 0, 12, 385.89
1734762998, 29, 64, 79, 21, 0, 0.06%, 9, 0, 12, 405.58
1734763008, 29, 65, 79, 21, 0, 0.06%, 9, 0, 12, 316.62
1734763023, 29, 68, 79, 21, 0, 0.06%, 9, 0, 12, 363.07
1734763049, 29, 69, 79, 21, 0, 0.06%, 9, 0, 12, 378.13
1734763064, 29, 70, 79, 21, 0, 0.06%, 9, 0, 12, 353.21
1734763079, 29, 71, 79, 21, 0, 0.06%, 9, 0, 12, 402.29
1734763094, 29, 72, 79, 21, 0, 0.06%, 9, 0, 12, 403.87
1734763120, 29, 73, 79, 21, 0, 0.06%, 9, 0, 12, 345.05
1734763146, 29, 75, 79, 21, 0, 0.06%, 9, 0, 12, 324.01
1734763176, 29, 76, 79, 21, 0, 0.06%, 9, 0, 12, 444.50
1734763202, 29, 77, 79, 21, 0, 0.06%, 9, 0, 12, 348.56
1734763222, 29, 78, 79, 21, 0, 0.06%, 9, 0, 12, 427.83
1734763247, 30, 17, 79, 21, 0, 0.06%, 9, 0, 12, 311.18
1734763252, 30, 41, 79, 21, 0, 0.06%, 9, 0, 12, 284.41
1734763263, 30, 42, 79, 21, 0, 0.06%, 9, 0, 12, 362.45
1734763268, 30, 43, 79, 21, 0, 0.06%, 9, 0, 12, 323.30
1734763278, 30, 60, 79, 21, 0, 0.06%, 9, 0, 12, 366.41
1734763288, 30, 61, 79, 21, 0, 0.06%, 9, 0, 12, 333.77
1734763293, 30, 62, 79, 21, 0, 0.06%, 9, 0, 12, 294.19
1734763304, 30, 64, 79, 21, 0, 0.06%, 9, 0, 12, 400.32
1734763309, 30, 65, 79, 21, 0, 0.06%, 9, 0, 12, 319.21
1734763319, 30, 69, 79, 21, 0, 0.06%, 9, 0, 12, 421.32
1734763329, 30, 70, 79, 21, 0, 0.06%, 9, 0, 12, 317.67
1734763344, 30, 71, 79, 21, 0, 0.06%, 9, 0, 12, 348.14
1734763349, 30, 72, 79, 21, 0, 0.06%, 9, 0, 12, 336.32
1734763360, 30, 75, 79, 21, 0, 0.06%, 9, 0, 12, 385.20
1734763365, 30, 76, 79, 21, 0, 0.06%, 9, 0, 12, 348.23
1734763375, 30, 77, 79, 21, 0, 0.06%, 9, 0, 12, 392.92
1734763390, 30, 78, 79, 21, 0, 0.06%, 9, 0, 12, 325.75
1734763421, 31, 41, 79, 21, 0, 0.06%, 9, 0, 12, 313.97
1734763426, 31, 42, 79, 21, 0, 0.06%, 9, 0, 12, 306.97
1734763431, 31, 43, 79, 21, 0, 0.06%, 9, 0, 12, 338.50
1734763441, 31, 60, 79, 21, 0, 0.06%, 9, 0, 12, 345.90
1734763446, 31, 61, 79, 21, 0, 0.06%, 9, 0, 12, 364.21
1734763451, 31, 62, 79, 21, 0, 0.06%, 9, 0, 12, 337.66
1734763461, 31, 64, 79, 21, 0, 0.06%, 9, 0, 12, 306.34
1734763471, 31, 65, 79, 21, 0, 0.06%, 9, 0, 12, 376.09
1734763476, 31, 69, 79, 21, 0, 0.06%, 9, 0, 12, 364.66
1734763487, 31, 70, 79, 21, 0, 0.06%, 9, 0, 12, 334.40
1734763492, 31, 71, 79, 21, 0, 0.06%, 9, 0, 12, 363.33
1734763497, 31, 72, 79, 21, 0, 0.06%, 9, 0, 12, 363.24
1734763507, 31, 75, 79, 21, 0, 0.06%, 9, 0, 12, 357.61
1734763517, 31, 76, 79, 21, 0, 0.06%, 9, 0, 12, 368.30
1734763522, 31, 77, 79, 21, 0, 0.06%, 9, 0, 12, 373.87
1734763542, 31, 78, 79, 21, 0, 0.06%, 9, 0, 12, 396.06
1734763568, 32, 17, 79, 21, 0, 0.06%, 9, 0, 12, 354.09
1734763573, 32, 41, 79, 21, 0, 0.06%, 9, 0, 12, 294.65
1734763578, 32, 42, 79, 21, 0, 0.06%, 9, 0, 12, 312.98
1734763583, 32, 43, 79, 21, 0, 0.06%, 9, 0, 12, 372.43
1734763588, 32, 60, 79, 21, 0, 0.06%, 9, 0, 12, 362.38
1734763593, 32, 61, 79, 21, 0, 0.06%, 9, 0, 12, 345.17
1734763603, 32, 62, 79, 21, 0, 0.06%, 9, 0, 12, 369.66
1734763613, 32, 64, 79, 21, 0, 0.06%, 9, 0, 12, 373.86
1734763618, 32, 65, 79, 21, 0, 0.06%, 9, 0, 12, 395.10
1734763623, 32, 69, 79, 21, 0, 0.06%, 9, 0, 12, 324.85
1734763634, 32, 70, 79, 21, 0, 0.06%, 9, 0, 12, 361.65
1734763639, 32, 71, 79, 21, 0, 0.06%, 9, 0, 12, 320.26
1734763644, 32, 72, 79, 21, 0, 0.06%, 9, 0, 12, 371.29
1734763654, 32, 75, 79, 21, 0, 0.06%, 9, 0, 12, 326.19
1734763664, 32, 76, 79, 21, 0, 0.06%, 9, 0, 12, 382.10
1734763669, 32, 77, 79, 21, 0, 0.06%, 9, 0, 12, 340.34
1734763690, 32, 78, 79, 21, 0, 0.06%, 9, 0, 12, 373.20
1734763715, 33, 17, 79, 21, 0, 0.06%, 9, 0, 12, 319.74
1734763720, 33, 41, 79, 21, 0, 0.06%, 9, 0, 12, 275.10
1734763725, 33, 42, 79, 21, 0, 0.06%, 9, 0, 12, 331.14
1734763730, 33, 43, 79, 21, 0, 0.06%, 9, 0, 12, 372.07
1734763735, 33, 60, 79, 21, 0, 0.06%, 9, 0, 12, 385.49
1734763740, 33, 61, 79, 21, 0, 0.06%, 9, 0, 12, 366.01
1734763751, 33, 62, 79, 21, 0, 0.06%, 9, 0, 12, 380.53
1734763761, 33, 64, 79, 21, 0, 0.06%, 9, 0, 12, 350.09
1734763766, 33, 65, 79, 21, 0, 0.06%, 9, 0, 12, 399.17
1734763771, 33, 69, 79, 21, 0, 0.06%, 9, 0, 12, 324.41
1734763781, 33, 70, 79, 21, 0, 0.06%, 9, 0, 12, 380.00
1734763786, 33, 71, 79, 21, 0, 0.06%, 9, 0, 12, 376.62
1734763791, 33, 72, 79, 21, 0, 0.06%, 9, 0, 12, 380.83
1734763802, 33, 75, 79, 21, 0, 0.06%, 9, 0, 12, 361.61
1734763812, 33, 76, 79, 21, 0, 0.06%, 9, 0, 12, 358.52
1734763817, 33, 77, 79, 21, 0, 0.06%, 9, 0, 12, 363.30
1734763837, 33, 78, 79, 21, 0, 0.06%, 9, 0, 12, 432.25
1734763862, 34, 17, 79, 21, 0, 0.06%, 9, 0, 12, 324.79
1734763867, 34, 41, 79, 21, 0, 0.06%, 9, 0, 12, 296.15
1734763873, 34, 42, 79, 21, 0, 0.06%, 9, 0, 12, 329.50
1734763878, 34, 43, 79, 21, 0, 0.06%, 9, 0, 12, 374.61
1734763883, 34, 44, 79, 21, 0, 0.06%, 9, 0, 12, 328.88
1734763944, 34, 45, 79, 20, 0, 0.06%, 9, 0, 12, 387.51
1734764066, 34, 46, 79, 19, 0, 0.06%, 9, 0, 12, 464.78
1734764117, 34, 47, 79, 18, 0, 0.06%, 9, 0, 12, 467.10
1734764137, 34, 48, 79, 18, 0, 0.06%, 9, 0, 12, 314.40
1734764167, 34, 49, 79, 18, 0, 0.06%, 9, 0, 12, 279.71
1734764198, 34, 50, 79, 18, 0, 0.06%, 9, 0, 12, 410.92
1734764213, 34, 51, 79, 18, 0, 0.06%, 9, 0, 12, 453.98
1734764274, 34, 52, 79, 18, 0, 0.06%, 9, 0, 12, 352.10
1734764305, 34, 53, 79, 18, 0, 0.06%, 9, 0, 12, 343.46
1734764335, 34, 54, 79, 18, 0, 0.06%, 9, 0, 12, 290.80
1734764366, 34, 55, 79, 18, 0, 0.06%, 9, 0, 12, 290.30
1734764396, 34, 56, 79, 18, 0, 0.06%, 9, 0, 12, 362.39
1734764447, 34, 57, 79, 17, 0, 0.06%, 9, 0, 12, 392.80
1734764580, 34, 58, 79, 16, 0, 0.06%, 9, 0, 12, 351.92
1734764636, 34, 59, 79, 15, 0, 0.06%, 9, 0, 12, 401.15
1734764773, 34, 60, 79, 14, 0, 0.06%, 9, 0, 12, 401.85
1734764789, 34, 61, 79, 14, 0, 0.06%, 9, 0, 12, 450.86
1734764794, 34, 62, 79, 14, 0, 0.06%, 9, 0, 12, 360.12
1734764953, 34, 64, 79, 14, 0, 0.06%, 9, 0, 12, 313.45
1734764963, 34, 65, 79, 14, 0, 0.06%, 9, 0, 12, 366.48
1734764968, 34, 66, 79, 14, 0, 0.06%, 9, 0, 12, 360.26
1734764988, 34, 67, 79, 14, 0, 0.06%, 9, 0, 12, 417.34
1734765014, 34, 68, 79, 14, 0, 0.06%, 9, 0, 12, 431.45
1734765110, 34, 69, 79, 14, 0, 0.06%, 9, 0, 12, 359.50
1734765120, 34, 70, 79, 14, 0, 0.06%, 9, 0, 12, 352.65
1734765126, 34, 71, 79, 14, 0, 0.06%, 9, 0, 12, 331.47
1734765131, 34, 72, 79, 14, 0, 0.06%, 9, 0, 12, 392.69
1734765141, 34, 73, 79, 14, 0, 0.06%, 9, 0, 12, 352.69
1734765166, 34, 74, 79, 14, 0, 0.06%, 9, 0, 12, 296.38
1734765197, 34, 75, 79, 14, 0, 0.06%, 9, 0, 12, 365.73
1734765202, 34, 76, 79, 14, 0, 0.06%, 9, 0, 12, 365.58
1734765212, 34, 77, 79, 14, 0, 0.06%, 9, 0, 12, 437.35
1734765227, 34, 78, 79, 14, 0, 0.06%, 9, 0, 12, 323.29
1734765252, 35, 17, 79, 14, 0, 0.06%, 9, 0, 12, 364.86
1734765258, 35, 18, 79, 14, 0, 0.06%, 9, 0, 12, 308.41
1734765278, 35, 19, 79, 14, 0, 0.06%, 9, 0, 12, 350.74
1734765298, 35, 20, 79, 14, 0, 0.06%, 9, 0, 12, 304.98
1734765318, 35, 27, 79, 14, 0, 0.06%, 9, 0, 12, 388.78
1734765354, 35, 29, 79, 13, 0, 0.06%, 9, 0, 12, 375.09
1734765374, 35, 31, 79, 13, 0, 0.06%, 9, 0, 12, 428.30
1734765390, 35, 36, 79, 13, 0, 0.06%, 9, 0, 12, 385.43
1734765405, 35, 37, 79, 13, 0, 0.06%, 9, 0, 12, 312.85
1734765430, 35, 38, 79, 13, 0, 0.06%, 9, 0, 12, 308.09
1734765450, 35, 39, 79, 13, 0, 0.06%, 9, 0, 12, 311.92
1734766235, 35, 41, 79, 13, 0, 0.06%, 9, 0, 12, 262.52
1734766240, 35, 42, 79, 13, 0, 0.06%, 9, 0, 12, 286.22
1734766245, 35, 43, 79, 13, 0, 0.06%, 9, 0, 12, 337.16
1734766256, 35, 47, 79, 13, 0, 0.06%, 9, 0, 12, 337.59
1734766261, 35, 50, 79, 13, 0, 0.06%, 9, 0, 12, 341.29
1734766276, 35, 51, 79, 13, 0, 0.06%, 9, 0, 12, 394.79
1734766291, 35, 52, 79, 13, 0, 0.06%, 9, 0, 12, 409.63
1734766316, 35, 53, 79, 13, 0, 0.06%, 9, 0, 12, 379.77
1734766342, 35, 60, 79, 13, 0, 0.06%, 9, 0, 12, 381.07
1734766347, 35, 61, 79, 13, 0, 0.06%, 9, 0, 12, 329.79
1734766357, 35, 62, 79, 13, 0, 0.06%, 9, 0, 12, 299.35
1734766367, 35, 64, 79, 13, 0, 0.06%, 9, 0, 12, 374.23
1734766373, 35, 65, 79, 13, 0, 0.06%, 9, 0, 12, 311.77
1734766383, 35, 68, 79, 13, 0, 0.06%, 9, 0, 12, 381.77
1734766393, 35, 69, 79, 13, 0, 0.06%, 9, 0, 12, 329.97
1734766403, 35, 70, 79, 13, 0, 0.06%, 9, 0, 12, 377.09
1734766408, 35, 71, 79, 13, 0, 0.06%, 9, 0, 12, 346.73
1734766413, 35, 72, 79, 13, 0, 0.06%, 9, 0, 12, 370.62
1734766423, 35, 73, 79, 13, 0, 0.06%, 9, 0, 12, 330.03
1734766433, 35, 74, 79, 13, 0, 0.06%, 9, 0, 12, 378.87
1734766464, 35, 75, 79, 13, 0, 0.06%, 9, 0, 12, 334.78
1734766469, 35, 76, 79, 13, 0, 0.06%, 9, 0, 12, 387.96
1734766474, 35, 77, 79, 13, 0, 0.06%, 9, 0, 12, 325.38
1734766485, 35, 78, 79, 13, 0, 0.06%, 9, 0, 12, 378.16
1734766490, 36, 17, 79, 13, 0, 0.06%, 9, 0, 12, 361.19
1734766495, 36, 20, 79, 13, 0, 0.06%, 9, 0, 12, 307.21
1734766505, 36, 41, 79, 13, 0, 0.06%, 9, 0, 12, 284.68
1734766510, 36, 42, 79, 13, 0, 0.06%, 9, 0, 12, 334.51
1734766515, 36, 43, 79, 13, 0, 0.06%, 9, 0, 12, 296.25
1734766520, 36, 47, 79, 13, 0, 0.06%, 9, 0, 12, 344.32
1734766530, 36, 50, 79, 13, 0, 0.06%, 9, 0, 12, 316.49
1734766535, 36, 51, 79, 13, 0, 0.06%, 9, 0, 12, 339.55
1734766551, 36, 52, 79, 13, 0, 0.06%, 9, 0, 12, 407.93
1734766566, 36, 53, 79, 13, 0, 0.06%, 9, 0, 12, 360.84
1734766576, 36, 60, 79, 13, 0, 0.06%, 9, 0, 12, 357.57
1734766581, 36, 61, 79, 13, 0, 0.06%, 9, 0, 12, 349.76
1734766592, 36, 62, 79, 13, 0, 0.06%, 9, 0, 12, 325.86
1734766602, 36, 64, 79, 13, 0, 0.06%, 9, 0, 12, 374.54
1734766607, 36, 65, 79, 13, 0, 0.06%, 9, 0, 12, 319.11
1734766617, 36, 68, 79, 13, 0, 0.06%, 9, 0, 12, 359.81
1734766632, 36, 69, 79, 13, 0, 0.06%, 9, 0, 12, 358.06
1734766637, 36, 70, 79, 13, 0, 0.06%, 9, 0, 12, 386.16
1734766647, 36, 71, 79, 13, 0, 0.06%, 9, 0, 12, 329.98
1734766652, 36, 72, 79, 13, 0, 0.06%, 9, 0, 12, 267.11
1734766662, 36, 73, 79, 13, 0, 0.06%, 9, 0, 12, 363.09
1734766667, 36, 74, 79, 13, 0, 0.06%, 9, 0, 12, 352.91
1734766678, 36, 75, 79, 13, 0, 0.06%, 9, 0, 12, 368.28
1734766683, 36, 76, 79, 13, 0, 0.06%, 9, 0, 12, 383.87
1734766693, 36, 77, 79, 13, 0, 0.06%, 9, 0, 12, 323.84
1734766698, 36, 78, 79, 13, 0, 0.06%, 9, 0, 12, 379.13
1734766703, 37, 17, 79, 13, 0, 0.06%, 9, 0, 12, 386.47
1734766708, 37, 20, 79, 13, 0, 0.06%, 9, 0, 12, 306.55
1734766713, 37, 41, 79, 13, 0, 0.06%, 9, 0, 12, 285.75
1734766718, 37, 42, 79, 13, 0, 0.06%, 9, 0, 12, 345.80
1734766724, 37, 43, 79, 13, 0, 0.06%, 9, 0, 12, 319.99
1734766729, 37, 47, 79, 13, 0, 0.06%, 9, 0, 12, 347.14
1734766739, 37, 50, 79, 13, 0, 0.06%, 9, 0, 12, 308.60
1734766744, 37, 51, 79, 13, 0, 0.06%, 9, 0, 12, 349.26
1734766754, 37, 52, 79, 13, 0, 0.06%, 9, 0, 12, 370.97
1734766764, 37, 53, 79, 13, 0, 0.06%, 9, 0, 12, 342.12
1734766779, 37, 60, 79, 13, 0, 0.06%, 9, 0, 12, 356.60
1734766784, 37, 61, 79, 13, 0, 0.06%, 9, 0, 12, 389.35
1734766789, 37, 62, 79, 13, 0, 0.06%, 9, 0, 12, 339.57
1734766800, 37, 64, 79, 13, 0, 0.06%, 9, 0, 12, 297.35
1734766810, 37, 65, 79, 13, 0, 0.06%, 9, 0, 12, 348.34
1734766815, 37, 68, 79, 13, 0, 0.06%, 9, 0, 12, 357.92
1734766830, 37, 69, 79, 13, 0, 0.06%, 9, 0, 12, 365.08
1734766835, 37, 70, 79, 13, 0, 0.06%, 9, 0, 12, 300.79
1734766845, 37, 71, 79, 13, 0, 0.06%, 9, 0, 12, 351.76
1734766850, 37, 72, 79, 13, 0, 0.06%, 9, 0, 12, 287.90
1734766860, 37, 73, 79, 13, 0, 0.06%, 9, 0, 12, 361.98
1734766865, 37, 74, 79, 13, 0, 0.06%, 9, 0, 12, 303.19
1734766875, 37, 75, 79, 13, 0, 0.06%, 9, 0, 12, 385.79
1734766881, 37, 76, 79, 13, 0, 0.06%, 9, 0, 12, 322.19
1734766891, 37, 77, 79, 13, 0, 0.06%, 9, 0, 12, 363.75
1734766896, 37, 78, 79, 13, 0, 0.06%, 9, 0, 12, 348.57
1734766906, 38, 17, 79, 13, 0, 0.06%, 9, 0, 12, 324.33
1734766911, 38, 20, 79, 13, 0, 0.06%, 9, 0, 12, 314.96
1734766916, 38, 41, 79, 13, 0, 0.06%, 9, 0, 12, 289.77
1734766921, 38, 42, 79, 13, 0, 0.06%, 9, 0, 12, 320.54
1734766926, 38, 43, 79, 13, 0, 0.06%, 9, 0, 12, 365.34
1734766931, 38, 47, 79, 13, 0, 0.06%, 9, 0, 12, 367.60
1734766936, 38, 50, 79, 13, 0, 0.06%, 9, 0, 12, 335.16
1734766946, 38, 51, 79, 13, 0, 0.06%, 9, 0, 12, 356.11
1734766951, 38, 52, 79, 13, 0, 0.06%, 9, 0, 12, 355.94
1734766956, 38, 53, 79, 13, 0, 0.06%, 9, 0, 12, 308.92
1734766967, 38, 60, 79, 13, 0, 0.06%, 9, 0, 12, 354.72
1734766972, 38, 61, 79, 13, 0, 0.06%, 9, 0, 12, 362.45
1734766977, 38, 62, 79, 13, 0, 0.06%, 9, 0, 12, 366.30
1734766987, 38, 64, 79, 13, 0, 0.06%, 9, 0, 12, 320.58
1734766997, 38, 65, 79, 13, 0, 0.06%, 9, 0, 12, 383.86
1734767003, 38, 68, 79, 13, 0, 0.06%, 9, 0, 12, 330.75
1734767013, 38, 69, 79, 13, 0, 0.06%, 9, 0, 12, 312.72
1734767018, 38, 70, 79, 13, 0, 0.06%, 9, 0, 12, 374.76
1734767023, 38, 71, 79, 13, 0, 0.06%, 9, 0, 12, 338.96
1734767033, 38, 72, 79, 13, 0, 0.06%, 9, 0, 12, 271.65
1734767043, 38, 73, 79, 13, 0, 0.06%, 9, 0, 12, 348.60
1734767048, 38, 74, 79, 13, 0, 0.06%, 9, 0, 12, 363.92
1734767059, 38, 75, 79, 13, 0, 0.06%, 9, 0, 12, 360.37
1734767064, 38, 76, 79, 13, 0, 0.06%, 9, 0, 12, 407.03
1734767069, 38, 77, 79, 13, 0, 0.06%, 9, 0, 12, 349.16
1734767079, 38, 78, 79, 13, 0, 0.06%, 9, 0, 12, 399.57
1734767084, 39, 17, 79, 13, 0, 0.06%, 9, 0, 12, 363.41
1734767089, 39, 20, 79, 13, 0, 0.06%, 9, 0, 12, 310.80
1734767094, 39, 41, 79, 13, 0, 0.06%, 9, 0, 12, 285.82
1734767099, 39, 42, 79, 13, 0, 0.06%, 9, 0, 12, 332.67
1734767104, 39, 43, 79, 13, 0, 0.06%, 9, 0, 12, 357.82
1734767109, 39, 47, 79, 13, 0, 0.06%, 9, 0, 12, 377.78
1734767119, 39, 50, 79, 13, 0, 0.06%, 9, 0, 12, 306.82
1734767125, 39, 51, 79, 13, 0, 0.06%, 9, 0, 12, 348.15
1734767130, 39, 52, 79, 13, 0, 0.06%, 9, 0, 12, 350.80
1734767140, 39, 53, 79, 13, 0, 0.06%, 9, 0, 12, 330.40
1734767145, 39, 60, 79, 13, 0, 0.06%, 9, 0, 12, 364.76
1734767150, 39, 61, 79, 13, 0, 0.06%, 9, 0, 12, 377.88
1734767160, 39, 62, 79, 13, 0, 0.06%, 9, 0, 12, 381.56
1734767170, 39, 64, 79, 13, 0, 0.06%, 9, 0, 12, 350.29
1734767175, 39, 65, 79, 13, 0, 0.06%, 9, 0, 12, 384.35
1734767186, 39, 68, 79, 13, 0, 0.06%, 9, 0, 12, 351.74
1734767191, 39, 69, 79, 13, 0, 0.06%, 9, 0, 12, 383.79
1734767196, 39, 70, 79, 13, 0, 0.06%, 9, 0, 12, 316.79
1734767206, 39, 71, 79, 13, 0, 0.06%, 9, 0, 12, 361.48
1734767212, 39, 72, 79, 13, 0, 0.06%, 9, 0, 12, 300.66
1734767222, 39, 73, 79, 13, 0, 0.06%, 9, 0, 12, 359.07
1734767227, 39, 74, 79, 13, 0, 0.06%, 9, 0, 12, 322.34
1734767237, 39, 75, 79, 13, 0, 0.06%, 9, 0, 12, 369.42
1734767247, 39, 76, 79, 13, 0, 0.06%, 9, 0, 12, 349.25
1734767252, 39, 77, 79, 13, 0, 0.06%, 9, 0, 12, 382.59
1734767257, 39, 78, 79, 13, 0, 0.06%, 9, 0, 12, 342.27
1734767267, 40, 17, 79, 13, 0, 0.06%, 9, 0, 12, 325.77
1734767272, 40, 20, 79, 13, 0, 0.06%, 9, 0, 12, 288.85
1734767277, 40, 41, 79, 13, 0, 0.06%, 9, 0, 12, 295.31
1734767282, 40, 42, 79, 13, 0, 0.06%, 9, 0, 12, 324.85
1734767288, 40, 43, 79, 13, 0, 0.06%, 9, 0, 12, 360.07
1734767293, 40, 47, 79, 13, 0, 0.06%, 9, 0, 12, 380.58
1734767298, 40, 50, 79, 13, 0, 0.06%, 9, 0, 12, 341.31
1734767308, 40, 51, 79, 13, 0, 0.06%, 9, 0, 12, 348.65
1734767313, 40, 52, 79, 13, 0, 0.06%, 9, 0, 12, 359.25
1734767318, 40, 53, 79, 13, 0, 0.06%, 9, 0, 12, 316.19
1734767328, 40, 60, 79, 13, 0, 0.06%, 9, 0, 12, 336.00
1734767333, 40, 61, 79, 13, 0, 0.06%, 9, 0, 12, 360.49
1734767338, 40, 62, 79, 13, 0, 0.06%, 9, 0, 12, 350.23
1734767349, 40, 64, 79, 13, 0, 0.06%, 9, 0, 12, 345.81
1734767359, 40, 65, 79, 13, 0, 0.06%, 9, 0, 12, 382.44
1734767364, 40, 68, 79, 13, 0, 0.06%, 9, 0, 12, 340.04
1734767374, 40, 69, 79, 13, 0, 0.06%, 9, 0, 12, 357.10
1734767379, 40, 70, 79, 13, 0, 0.06%, 9, 0, 12, 317.45
1734767389, 40, 71, 79, 13, 0, 0.06%, 9, 0, 12, 343.72
1734767394, 40, 72, 79, 13, 0, 0.06%, 9, 0, 12, 289.91
1734767404, 40, 73, 79, 13, 0, 0.06%, 9, 0, 12, 372.43
1734767409, 40, 74, 79, 13, 0, 0.06%, 9, 0, 12, 306.13
1734767419, 40, 75, 79, 13, 0, 0.06%, 9, 0, 12, 384.30
1734767425, 40, 76, 79, 13, 0, 0.06%, 9, 0, 12, 336.60
1734767435, 40, 77, 79, 13, 0, 0.06%, 9, 0, 12, 365.05
1734767440, 40, 78, 79, 13, 0, 0.06%, 9, 0, 12, 361.76
1734767450, 41, 20, 79, 13, 0, 0.06%, 9, 0, 12, 330.81
1734767455, 41, 41, 79, 13, 0, 0.06%, 9, 0, 12, 308.98
1734767460, 41, 42, 79, 13, 0, 0.06%, 9, 0, 12, 296.35
1734767465, 41, 43, 79, 13, 0, 0.06%, 9, 0, 12, 342.94
1734767475, 41, 47, 79, 13, 0, 0.06%, 9, 0, 12, 332.44
1734767480, 41, 50, 79, 13, 0, 0.06%, 9, 0, 12, 338.67
1734767486, 41, 51, 79, 13, 0, 0.06%, 9, 0, 12, 304.57
1734767496, 41, 52, 79, 13, 0, 0.06%, 9, 0, 12, 349.58
1734767501, 41, 53, 79, 13, 0, 0.06%, 9, 0, 12, 344.61
1734767511, 41, 60, 79, 13, 0, 0.06%, 9, 0, 12, 335.47
1734767516, 41, 61, 79, 13, 0, 0.06%, 9, 0, 12, 366.45
1734767521, 41, 62, 79, 13, 0, 0.06%, 9, 0, 12, 327.50
1734767531, 41, 64, 79, 13, 0, 0.06%, 9, 0, 12, 370.76
1734767536, 41, 65, 79, 13, 0, 0.06%, 9, 0, 12, 351.62
1734767546, 41, 68, 79, 13, 0, 0.06%, 9, 0, 12, 377.38
1734767551, 41, 69, 79, 13, 0, 0.06%, 9, 0, 12, 347.92
1734767561, 41, 70, 79, 13, 0, 0.06%, 9, 0, 12, 368.36
1734767566, 41, 71, 79, 13, 0, 0.06%, 9, 0, 12, 295.41
1734767571, 41, 72, 79, 13, 0, 0.06%, 9, 0, 12, 383.64
1734767582, 41, 73, 79, 13, 0, 0.06%, 9, 0, 12, 331.56
1734767592, 41, 74, 79, 13, 0, 0.06%, 9, 0, 12, 354.52
1734767602, 41, 75, 79, 13, 0, 0.06%, 9, 0, 12, 358.81
1734767607, 41, 76, 79, 13, 0, 0.06%, 9, 0, 12, 398.62
1734767612, 41, 77, 79, 13, 0, 0.06%, 9, 0, 12, 342.29
1734767622, 41, 78, 79, 13, 0, 0.06%, 9, 0, 12, 379.21
1734767627, 42, 17, 79, 13, 0, 0.06%, 9, 0, 12, 352.96
1734767632, 42, 20, 79, 13, 0, 0.06%, 9, 0, 12, 306.16
1734767637, 42, 41, 79, 13, 0, 0.06%, 9, 0, 12, 278.04
1734767643, 42, 42, 79, 13, 0, 0.06%, 9, 0, 12, 337.76
1734767648, 42, 43, 79, 13, 0, 0.06%, 9, 0, 12, 295.61
1734767653, 42, 47, 79, 13, 0, 0.06%, 9, 0, 12, 324.64
1734767663, 42, 50, 79, 13, 0, 0.06%, 9, 0, 12, 312.33
1734767668, 42, 51, 79, 13, 0, 0.06%, 9, 0, 12, 336.73
1734767678, 42, 52, 79, 13, 0, 0.06%, 9, 0, 12, 323.60
1734767683, 42, 53, 79, 13, 0, 0.06%, 9, 0, 12, 350.97
1734767688, 42, 60, 79, 13, 0, 0.06%, 9, 0, 12, 326.96
1734767693, 42, 61, 79, 13, 0, 0.06%, 9, 0, 12, 391.35
1734767704, 42, 62, 79, 13, 0, 0.06%, 9, 0, 12, 317.03
1734767714, 42, 64, 79, 13, 0, 0.06%, 9, 0, 12, 367.60
1734767719, 42, 65, 79, 13, 0, 0.06%, 9, 0, 12, 308.89
1734767729, 42, 68, 79, 13, 0, 0.06%, 9, 0, 12, 360.29
1734767734, 42, 69, 79, 13, 0, 0.06%, 9, 0, 12, 319.81
1734767744, 42, 70, 79, 13, 0, 0.06%, 9, 0, 12, 358.97
1734767749, 42, 71, 79, 13, 0, 0.06%, 9, 0, 12, 303.70
1734767754, 42, 72, 79, 13, 0, 0.06%, 9, 0, 12, 391.58
1734767765, 42, 73, 79, 13, 0, 0.06%, 9, 0, 12, 329.20
1734767775, 42, 74, 79, 13, 0, 0.06%, 9, 0, 12, 372.92
1734767785, 42, 75, 79, 13, 0, 0.06%, 9, 0, 12, 377.72
1734767790, 42, 76, 79, 13, 0, 0.06%, 9, 0, 12, 390.81
1734767795, 42, 77, 79, 13, 0, 0.06%, 9, 0, 12, 364.63
1734767806, 42, 78, 79, 13, 0, 0.06%, 9, 0, 12, 359.80
1734767811, 43, 17, 79, 13, 0, 0.06%, 9, 0, 12, 372.58
1734767816, 43, 20, 79, 13, 0, 0.06%, 9, 0, 12, 309.74
1734767821, 43, 41, 79, 13, 0, 0.06%, 9, 0, 12, 289.61
1734767826, 43, 42, 79, 13, 0, 0.06%, 9, 0, 12, 320.25
1734767831, 43, 43, 79, 13, 0, 0.06%, 9, 0, 12, 347.07
1734767836, 43, 47, 79, 13, 0, 0.06%, 9, 0, 12, 364.39
1734767846, 43, 50, 79, 13, 0, 0.06%, 9, 0, 12, 298.35
1734767851, 43, 51, 79, 13, 0, 0.06%, 9, 0, 12, 359.44
1734767857, 43, 52, 79, 13, 0, 0.06%, 9, 0, 12, 301.01
1734767867, 43, 53, 79, 13, 0, 0.06%, 9, 0, 12, 327.70
1734767872, 43, 60, 79, 13, 0, 0.06%, 9, 0, 12, 363.43
1734767882, 43, 61, 79, 13, 0, 0.06%, 9, 0, 12, 324.88
1734767887, 43, 62, 79, 13, 0, 0.06%, 9, 0, 12, 290.35
1734767897, 43, 64, 79, 13, 0, 0.06%, 9, 0, 12, 386.72
1734767907, 43, 65, 79, 13, 0, 0.06%, 9, 0, 12, 325.51
1734767912, 43, 68, 79, 13, 0, 0.06%, 9, 0, 12, 343.61
1734767922, 43, 69, 79, 13, 0, 0.06%, 9, 0, 12, 321.17
1734767927, 43, 70, 79, 13, 0, 0.06%, 9, 0, 12, 357.48
1734767937, 43, 71, 79, 13, 0, 0.06%, 9, 0, 12, 361.84
1734767942, 43, 72, 79, 13, 0, 0.06%, 9, 0, 12, 293.44
1734767953, 43, 73, 79, 13, 0, 0.06%, 9, 0, 12, 342.71
1734767958, 43, 74, 79, 13, 0, 0.06%, 9, 0, 12, 15.35
1734767968, 43, 75, 79, 13, 0, 0.06%, 9, 0, 12, 376.80
1734767974, 43, 76, 79, 13, 0, 0.06%, 9, 0, 12, 327.51
1734767984, 43, 77, 79, 13, 0, 0.06%, 9, 0, 12, 372.88
1734767989, 43, 78, 79, 13, 0, 0.06%, 9, 0, 12, 380.78
1734767994, 44, 17, 79, 13, 0, 0.06%, 9, 0, 12, 360.32
1734767999, 44, 20, 79, 13, 0, 0.06%, 9, 0, 12, 309.26
1734768004, 44, 41, 79, 13, 0, 0.06%, 9, 0, 12, 289.09
1734768009, 44, 42, 79, 13, 0, 0.06%, 9, 0, 12, 305.37
1734768014, 44, 43, 79, 13, 0, 0.06%, 9, 0, 12, 328.18
1734768024, 44, 47, 79, 13, 0, 0.06%, 9, 0, 12, 348.25
1734768030, 44, 50, 79, 13, 0, 0.06%, 9, 0, 12, 326.53
1734768035, 44, 51, 79, 13, 0, 0.06%, 9, 0, 12, 298.34
1734768045, 44, 52, 79, 13, 0, 0.06%, 9, 0, 12, 353.25
1734768050, 44, 53, 79, 13, 0, 0.06%, 9, 0, 12, 368.74
1734768055, 44, 60, 79, 13, 0, 0.06%, 9, 0, 12, 348.51
1734768065, 44, 61, 79, 13, 0, 0.06%, 9, 0, 12, 337.49
1734768070, 44, 62, 79, 13, 0, 0.06%, 9, 0, 12, 299.98
1734768080, 44, 64, 79, 13, 0, 0.06%, 9, 0, 12, 398.80
1734768085, 44, 65, 79, 13, 0, 0.06%, 9, 0, 12, 351.18
1734768095, 44, 68, 79, 13, 0, 0.06%, 9, 0, 12, 368.15
1734768100, 44, 69, 79, 13, 0, 0.06%, 9, 0, 12, 334.14
1734768111, 44, 70, 79, 13, 0, 0.06%, 9, 0, 12, 367.32
1734768116, 44, 71, 79, 13, 0, 0.06%, 9, 0, 12, 381.88
1734768121, 44, 72, 79, 13, 0, 0.06%, 9, 0, 12, 347.86
1734768131, 44, 73, 79, 13, 0, 0.06%, 9, 0, 12, 356.66
1734768141, 44, 74, 79, 13, 0, 0.06%, 9, 0, 12, 348.66
1734768146, 44, 75, 79, 13, 0, 0.06%, 9, 0, 12, 339.91
1734768156, 44, 76, 79, 13, 0, 0.06%, 9, 0, 12, 338.27
1734768161, 44, 77, 79, 13, 0, 0.06%, 9, 0, 12, 297.58
1734768166, 44, 78, 79, 13, 0, 0.06%, 9, 0, 12, 353.77
1734768176, 45, 17, 79, 13, 0, 0.06%, 9, 0, 12, 343.49
1734768182, 45, 20, 79, 13, 0, 0.06%, 9, 0, 12, 302.61
1734768187, 45, 41, 79, 13, 0, 0.06%, 9, 0, 12, 284.72
1734768192, 45, 42, 79, 13, 0, 0.06%, 9, 0, 12, 328.75
1734768197, 45, 43, 79, 13, 0, 0.06%, 9, 0, 12, 347.58
1734768202, 45, 47, 79, 13, 0, 0.06%, 9, 0, 12, 347.62
1734768212, 45, 50, 79, 13, 0, 0.06%, 9, 0, 12, 288.62
1734768217, 45, 51, 79, 13, 0, 0.06%, 9, 0, 12, 345.89
1734768227, 45, 52, 79, 13, 0, 0.06%, 9, 0, 12, 314.28
1734768232, 45, 53, 79, 13, 0, 0.06%, 9, 0, 12, 345.62
1734768237, 45, 60, 79, 13, 0, 0.06%, 9, 0, 12, 383.15
1734768242, 45, 61, 79, 13, 0, 0.06%, 9, 0, 12, 349.41
1734768252, 45, 62, 79, 13, 0, 0.06%, 9, 0, 12, 382.06
1734768263, 45, 64, 79, 13, 0, 0.06%, 9, 0, 12, 375.79
1734768268, 45, 65, 79, 13, 0, 0.06%, 9, 0, 12, 393.01
1734768273, 45, 68, 79, 13, 0, 0.06%, 9, 0, 12, 337.07
1734768283, 45, 69, 79, 13, 0, 0.06%, 9, 0, 12, 366.71
1734768288, 45, 70, 79, 13, 0, 0.06%, 9, 0, 12, 318.23
1734768298, 45, 71, 79, 13, 0, 0.06%, 9, 0, 12, 352.30
1734768303, 45, 72, 79, 13, 0, 0.06%, 9, 0, 12, 302.24
1734768313, 45, 73, 79, 13, 0, 0.06%, 9, 0, 12, 371.48
1734768318, 45, 74, 79, 13, 0, 0.06%, 9, 0, 12, 316.79
1734768328, 45, 75, 79, 13, 0, 0.06%, 9, 0, 12, 383.94
1734768334, 45, 76, 79, 13, 0, 0.06%, 9, 0, 12, 323.39
1734768344, 45, 77, 79, 13, 0, 0.06%, 9, 0, 12, 368.95
1734768349, 45, 78, 79, 13, 0, 0.06%, 9, 0, 12, 398.30
1734768354, 46, 17, 79, 13, 0, 0.06%, 9, 0, 12, 355.89
1734768359, 46, 20, 79, 13, 0, 0.06%, 9, 0, 12, 327.36
1734768364, 46, 41, 79, 13, 0, 0.06%, 9, 0, 12, 291.85
1734768374, 46, 43, 79, 13, 0, 0.06%, 9, 0, 12, 347.04
1734768384, 46, 47, 79, 13, 0, 0.06%, 9, 0, 12, 337.20
1734768389, 46, 50, 79, 13, 0, 0.06%, 9, 0, 12, 333.17
1734768400, 46, 51, 79, 13, 0, 0.06%, 9, 0, 12, 317.76
1734768405, 46, 52, 79, 13, 0, 0.06%, 9, 0, 12, 334.85
1734768410, 46, 53, 79, 13, 0, 0.06%, 9, 0, 12, 351.16
1734768420, 46, 60, 79, 13, 0, 0.06%, 9, 0, 12, 350.23
1734768425, 46, 61, 79, 13, 0, 0.06%, 9, 0, 12, 356.26
1734768430, 46, 62, 79, 13, 0, 0.06%, 9, 0, 12, 314.97
1734768440, 46, 64, 79, 13, 0, 0.06%, 9, 0, 12, 387.53
1734768445, 46, 65, 79, 13, 0, 0.06%, 9, 0, 12, 357.44
1734768456, 46, 68, 79, 13, 0, 0.06%, 9, 0, 12, 373.14
1734768461, 46, 69, 79, 13, 0, 0.06%, 9, 0, 12, 335.05
1734768471, 46, 70, 79, 13, 0, 0.06%, 9, 0, 12, 361.36
1734768476, 46, 71, 79, 13, 0, 0.06%, 9, 0, 12, 313.71
1734768481, 46, 72, 79, 13, 0, 0.06%, 9, 0, 12, 395.34
1734768491, 46, 73, 79, 13, 0, 0.06%, 9, 0, 12, 351.74
1734768501, 46, 74, 79, 13, 0, 0.06%, 9, 0, 12, 353.15
1734768506, 46, 75, 79, 13, 0, 0.06%, 9, 0, 12, 305.67
1734768516, 46, 76, 79, 13, 0, 0.06%, 9, 0, 12, 355.93
1734768521, 46, 77, 79, 13, 0, 0.06%, 9, 0, 12, 302.93
1734768526, 46, 78, 79, 13, 0, 0.06%, 9, 0, 12, 350.55
1734768537, 47, 17, 79, 13, 0, 0.06%, 9, 0, 12, 351.70
1734768542, 47, 20, 79, 13, 0, 0.06%, 9, 0, 12, 311.50
1734768547, 47, 41, 79, 13, 0, 0.06%, 9, 0, 12, 289.78
1734768552, 47, 42, 79, 13, 0, 0.06%, 9, 0, 12, 339.18
1734768557, 47, 43, 79, 13, 0, 0.06%, 9, 0, 12, 378.80
1734768562, 47, 47, 79, 13, 0, 0.06%, 9, 0, 12, 374.35
1734768567, 47, 50, 79, 13, 0, 0.06%, 9, 0, 12, 317.94
1734768577, 47, 51, 79, 13, 0, 0.06%, 9, 0, 12, 333.94
1734768582, 47, 52, 79, 13, 0, 0.06%, 9, 0, 12, 326.61
1734768593, 47, 53, 79, 13, 0, 0.06%, 9, 0, 12, 315.42
1734768598, 47, 60, 79, 13, 0, 0.06%, 9, 0, 12, 363.98
1734768603, 47, 61, 79, 13, 0, 0.06%, 9, 0, 12, 331.25
1734768613, 47, 62, 79, 13, 0, 0.06%, 9, 0, 12, 340.63
1734768623, 47, 64, 79, 13, 0, 0.06%, 9, 0, 12, 373.73
1734768628, 47, 65, 79, 13, 0, 0.06%, 9, 0, 12, 368.57
1734768638, 47, 68, 79, 13, 0, 0.06%, 9, 0, 12, 340.70
1734768643, 47, 69, 79, 13, 0, 0.06%, 9, 0, 12, 374.62
1734768648, 47, 70, 79, 13, 0, 0.06%, 9, 0, 12, 333.39
1734768659, 47, 71, 79, 13, 0, 0.06%, 9, 0, 12, 361.83
1734768664, 47, 72, 79, 13, 0, 0.06%, 9, 0, 12, 297.53
1734768674, 47, 73, 79, 13, 0, 0.06%, 9, 0, 12, 354.28
1734768684, 47, 74, 79, 13, 0, 0.06%, 9, 0, 12, 368.38
1734768689, 47, 75, 79, 13, 0, 0.06%, 9, 0, 12, 379.09
1734768694, 47, 76, 79, 13, 0, 0.06%, 9, 0, 12, 354.48
1734768705, 47, 77, 79, 13, 0, 0.06%, 9, 0, 12, 358.42
1734768710, 47, 78, 79, 13, 0, 0.06%, 9, 0, 12, 346.14
1734768720, 48, 20, 79, 13, 0, 0.06%, 9, 0, 12, 321.06
1734768730, 48, 41, 79, 13, 0, 0.06%, 9, 0, 12, 300.58
1734768735, 48, 43, 79, 13, 0, 0.06%, 9, 0, 12, 355.29
1734768745, 48, 47, 79, 13, 0, 0.06%, 9, 0, 12, 343.43
1734768751, 48, 50, 79, 13, 0, 0.06%, 9, 0, 12, 339.27
1734768756, 48, 51, 79, 13, 0, 0.06%, 9, 0, 12, 308.27
1734768766, 48, 52, 79, 13, 0, 0.06%, 9, 0, 12, 342.85
1734768771, 48, 53, 79, 13, 0, 0.06%, 9, 0, 12, 344.59
1734768781, 48, 60, 79, 13, 0, 0.06%, 9, 0, 12, 310.94
1734768786, 48, 61, 79, 13, 0, 0.06%, 9, 0, 12, 350.99
1734768791, 48, 62, 79, 13, 0, 0.06%, 9, 0, 12, 319.50
1734768801, 48, 64, 79, 13, 0, 0.06%, 9, 0, 12, 359.64
1734768812, 48, 65, 79, 13, 0, 0.06%, 9, 0, 12, 363.11
1734768817, 48, 68, 79, 13, 0, 0.06%, 9, 0, 12, 376.91
1734768827, 48, 69, 79, 13, 0, 0.06%, 9, 0, 12, 324.11
1734768832, 48, 70, 79, 13, 0, 0.06%, 9, 0, 12, 378.88
1734768837, 48, 71, 79, 13, 0, 0.06%, 9, 0, 12, 331.31
1734768842, 48, 72, 79, 13, 0, 0.06%, 9, 0, 12, 378.21
1734768852, 48, 73, 79, 13, 0, 0.06%, 9, 0, 12, 364.15
1734768862, 48, 74, 79, 13, 0, 0.06%, 9, 0, 12, 358.13
1734768872, 48, 75, 79, 13, 0, 0.06%, 9, 0, 12, 347.38
1734768877, 48, 76, 79, 13, 0, 0.06%, 9, 0, 12, 378.14
1734768882, 48, 77, 79, 13, 0, 0.06%, 9, 0, 12, 349.59
1734768893, 48, 78, 79, 13, 0, 0.06%, 9, 0, 12, 361.60
1734768898, 49, 17, 79, 13, 0, 0.06%, 9, 0, 12, 359.95
1734768903, 49, 20, 79, 13, 0, 0.06%, 9, 0, 12, 317.66
1734768908, 49, 41, 79, 13, 0, 0.06%, 9, 0, 12, 300.96
1734768913, 49, 42, 79, 13, 0, 0.06%, 9, 0, 12, 347.80
1734768918, 49, 43, 79, 13, 0, 0.06%, 9, 0, 12, 329.51
1734768923, 49, 47, 79, 13, 0, 0.06%, 9, 0, 12, 348.97
1734768933, 49, 50, 79, 13, 0, 0.06%, 9, 0, 12, 330.46
1734768938, 49, 51, 79, 13, 0, 0.06%, 9, 0, 12, 360.05
1734768948, 49, 52, 79, 13, 0, 0.06%, 9, 0, 12, 319.83
1734768953, 49, 53, 79, 13, 0, 0.06%, 9, 0, 12, 340.28
1734768958, 49, 60, 79, 13, 0, 0.06%, 9, 0, 12, 377.88
1734768963, 49, 61, 79, 13, 0, 0.06%, 9, 0, 12, 333.03
1734768974, 49, 62, 79, 13, 0, 0.06%, 9, 0, 12, 335.99
1734768984, 49, 64, 79, 13, 0, 0.06%, 9, 0, 12, 380.55
1734768989, 49, 65, 79, 13, 0, 0.06%, 9, 0, 12, 339.57
1734768999, 49, 68, 79, 13, 0, 0.06%, 9, 0, 12, 347.23
1734769004, 49, 69, 79, 13, 0, 0.06%, 9, 0, 12, 358.73
1734769014, 49, 70, 79, 13, 0, 0.06%, 9, 0, 12, 341.71
1734769019, 49, 71, 79, 13, 0, 0.06%, 9, 0, 12, 370.42
1734769024, 49, 72, 79, 13, 0, 0.06%, 9, 0, 12, 361.04
1734769034, 49, 73, 79, 13, 0, 0.06%, 9, 0, 12, 368.30
1734769044, 49, 74, 79, 13, 0, 0.06%, 9, 0, 12, 328.95
1734769050, 49, 75, 79, 13, 0, 0.06%, 9, 0, 12, 326.85
1734769060, 49, 76, 79, 13, 0, 0.06%, 9, 0, 12, 356.75
1734769065, 49, 77, 79, 13, 0, 0.06%, 9, 0, 12, 381.24
1734769070, 49, 78, 79, 13, 0, 0.06%, 9, 0, 12, 293.34
1734769080, 50, 17, 79, 13, 0, 0.06%, 9, 0, 12, 328.62
1734769085, 50, 20, 79, 13, 0, 0.06%, 9, 0, 12, 299.07
1734769090, 50, 41, 79, 13, 0, 0.06%, 9, 0, 12, 271.74
1734769095, 50, 42, 79, 13, 0, 0.06%, 9, 0, 12, 313.30
1734769100, 50, 43, 79, 13, 0, 0.06%, 9, 0, 12, 367.52
1734769105, 50, 47, 79, 13, 0, 0.06%, 9, 0, 12, 353.45
1734769115, 50, 50, 79, 13, 0, 0.06%, 9, 0, 12, 284.41
1734769120, 50, 51, 79, 13, 0, 0.06%, 9, 0, 12, 334.07
1734769125, 50, 52, 79, 13, 0, 0.06%, 9, 0, 12, 317.79
1734769135, 50, 53, 79, 13, 0, 0.06%, 9, 0, 12, 334.72
1734769141, 50, 60, 79, 13, 0, 0.06%, 9, 0, 12, 372.29
1734769146, 50, 61, 79, 13, 0, 0.06%, 9, 0, 12, 328.20
1734769156, 50, 62, 79, 13, 0, 0.06%, 9, 0, 12, 373.49
1734769166, 50, 64, 79, 13, 0, 0.06%, 9, 0, 12, 356.48
1734769171, 50, 65, 79, 13, 0, 0.06%, 9, 0, 12, 334.95
1734769181, 50, 68, 79, 13, 0, 0.06%, 9, 0, 12, 366.47
1734769186, 50, 69, 79, 13, 0, 0.06%, 9, 0, 12, 344.19
1734769196, 50, 70, 79, 13, 0, 0.06%, 9, 0, 12, 379.80
1734769201, 50, 71, 79, 13, 0, 0.06%, 9, 0, 12, 382.24
1734769206, 50, 72, 79, 13, 0, 0.06%, 9, 0, 12, 346.90
1734769216, 50, 73, 79, 13, 0, 0.06%, 9, 0, 12, 378.54
1734769227, 50, 74, 79, 13, 0, 0.06%, 9, 0, 12, 344.45
1734769232, 50, 75, 79, 13, 0, 0.06%, 9, 0, 12, 331.89
1734769242, 50, 76, 79, 13, 0, 0.06%, 9, 0, 12, 361.61
1734769247, 50, 77, 79, 13, 0, 0.06%, 9, 0, 12, 365.73
1734769252, 50, 78, 79, 13, 0, 0.06%, 9, 0, 12, 318.04
1734769262, 51, 17, 79, 13, 0, 0.06%, 9, 0, 12, 340.85
1734769267, 51, 20, 79, 13, 0, 0.06%, 9, 0, 12, 304.78
1734769272, 51, 41, 79, 13, 0, 0.06%, 9, 0, 12, 285.10
1734769277, 51, 42, 79, 13, 0, 0.06%, 9, 0, 12, 332.75
1734769282, 51, 43, 79, 13, 0, 0.06%, 9, 0, 12, 353.98
1734769287, 51, 47, 79, 13, 0, 0.06%, 9, 0, 12, 370.00
1734769293, 51, 50, 79, 13, 0, 0.06%, 9, 0, 12, 339.22
1734769303, 51, 51, 79, 13, 0, 0.06%, 9, 0, 12, 319.71
1734769308, 51, 52, 79, 13, 0, 0.06%, 9, 0, 12, 353.86
1734769313, 51, 53, 79, 13, 0, 0.06%, 9, 0, 12, 323.67
1734769323, 51, 60, 79, 13, 0, 0.06%, 9, 0, 12, 342.53
1734769328, 51, 61, 79, 13, 0, 0.06%, 9, 0, 12, 373.00
1734769333, 51, 62, 79, 13, 0, 0.06%, 9, 0, 12, 339.51
1734769343, 51, 64, 79, 13, 0, 0.06%, 9, 0, 12, 345.64
1734769353, 51, 65, 79, 13, 0, 0.06%, 9, 0, 12, 383.62
1734769363, 51, 68, 79, 13, 0, 0.06%, 9, 0, 12, 338.02
1734769369, 51, 69, 79, 13, 0, 0.06%, 9, 0, 12, 375.22
1734769374, 51, 70, 79, 13, 0, 0.06%, 9, 0, 12, 314.25
1734769384, 51, 71, 79, 13, 0, 0.06%, 9, 0, 12, 369.67
1734769389, 51, 72, 79, 13, 0, 0.06%, 9, 0, 12, 298.26
1734769399, 51, 73, 79, 13, 0, 0.06%, 9, 0, 12, 366.28
1734769404, 51, 74, 79, 13, 0, 0.06%, 9, 0, 12, 304.18
1734769414, 51, 75, 79, 13, 0, 0.06%, 9, 0, 12, 392.62
1734769420, 51, 76, 79, 13, 0, 0.06%, 9, 0, 12, 309.73
1734769430, 51, 77, 79, 13, 0, 0.06%, 9, 0, 12, 367.62
1734769435, 51, 78, 79, 13, 0, 0.06%, 9, 0, 12, 392.09
1734769440, 52, 17, 79, 13, 0, 0.06%, 9, 0, 12, 326.59
1734769445, 52, 20, 79, 13, 0, 0.06%, 9, 0, 12, 309.40
1734769450, 52, 41, 79, 13, 0, 0.06%, 9, 0, 12, 291.24
1734769455, 52, 42, 79, 13, 0, 0.06%, 9, 0, 12, 300.00
1734769460, 52, 43, 79, 13, 0, 0.06%, 9, 0, 12, 326.80
1734769471, 52, 47, 79, 13, 0, 0.06%, 9, 0, 12, 318.61
1734769476, 52, 50, 79, 13, 0, 0.06%, 9, 0, 12, 333.61
1734769481, 52, 51, 79, 13, 0, 0.06%, 9, 0, 12, 299.99
1734769491, 52, 52, 79, 13, 0, 0.06%, 9, 0, 12, 339.19
1734769496, 52, 53, 79, 13, 0, 0.06%, 9, 0, 12, 312.51
1734769506, 52, 60, 79, 13, 0, 0.06%, 9, 0, 12, 349.89
1734769511, 52, 61, 79, 13, 0, 0.06%, 9, 0, 12, 377.31
1734769516, 52, 62, 79, 13, 0, 0.06%, 9, 0, 12, 347.00
1734769526, 52, 64, 79, 13, 0, 0.06%, 9, 0, 12, 309.34
1734769536, 52, 65, 79, 13, 0, 0.06%, 9, 0, 12, 370.45
1734769542, 52, 68, 79, 13, 0, 0.06%, 9, 0, 12, 329.23
1734769552, 52, 69, 79, 13, 0, 0.06%, 9, 0, 12, 333.83
1734769557, 52, 70, 79, 13, 0, 0.06%, 9, 0, 12, 350.83
1734769567, 52, 71, 79, 13, 0, 0.06%, 9, 0, 12, 331.89
1734769572, 52, 72, 79, 13, 0, 0.06%, 9, 0, 12, 275.57
1734769582, 52, 73, 79, 13, 0, 0.06%, 9, 0, 12, 351.55
1734769587, 52, 74, 79, 13, 0, 0.06%, 9, 0, 12, 305.13
1734769598, 52, 75, 79, 13, 0, 0.06%, 9, 0, 12, 377.31
1734769603, 52, 76, 79, 13, 0, 0.06%, 9, 0, 12, 302.96
1734769613, 52, 77, 79, 13, 0, 0.06%, 9, 0, 12, 354.00
1734769618, 52, 78, 79, 13, 0, 0.06%, 9, 0, 12, 395.42
1734769623, 53, 17, 79, 13, 0, 0.06%, 9, 0, 12, 333.30
1734769628, 53, 20, 79, 13, 0, 0.06%, 9, 0, 12, 310.58
1734769633, 53, 41, 79, 13, 0, 0.06%, 9, 0, 12, 287.48
1734769638, 53, 42, 79, 13, 0, 0.06%, 9, 0, 12, 284.20
1734769643, 53, 43, 79, 13, 0, 0.06%, 9, 0, 12, 345.84
1734769653, 53, 47, 79, 13, 0, 0.06%, 9, 0, 12, 338.24
1734769658, 53, 50, 79, 13, 0, 0.06%, 9, 0, 12, 318.86
1734769668, 53, 51, 79, 13, 0, 0.06%, 9, 0, 12, 351.26
1734769673, 53, 52, 79, 13, 0, 0.06%, 9, 0, 12, 369.64
1734769679, 53, 53, 79, 13, 0, 0.06%, 9, 0, 12, 348.52
1734769689, 53, 68, 79, 13, 0, 0.06%, 9, 0, 12, 337.01
1734769694, 53, 73, 79, 13, 0, 0.06%, 9, 0, 12, 345.95
1734769704, 53, 74, 79, 13, 0, 0.06%, 9, 0, 12, 340.47
1734769709, 54, 20, 79, 13, 0, 0.06%, 9, 0, 12, 332.86
1734769714, 54, 47, 79, 13, 0, 0.06%, 9, 0, 12, 319.02
1734769724, 54, 50, 79, 13, 0, 0.06%, 9, 0, 12, 329.84
1734769729, 54, 51, 79, 13, 0, 0.06%, 9, 0, 12, 367.43
1734769734, 54, 52, 79, 13, 0, 0.06%, 9, 0, 12, 320.63
1734769745, 54, 53, 79, 13, 0, 0.06%, 9, 0, 12, 336.37
1734769750, 54, 68, 79, 13, 0, 0.06%, 9, 0, 12, 353.75
1734769760, 54, 73, 79, 13, 0, 0.06%, 9, 0, 12, 347.84
1734769765, 54, 74, 79, 13, 0, 0.06%, 9, 0, 12, 318.89
1734769775, 55, 20, 79, 13, 0, 0.06%, 9, 0, 12, 292.19
1734769780, 55, 47, 79, 13, 0, 0.06%, 9, 0, 12, 337.07
1734769785, 55, 50, 79, 13, 0, 0.06%, 9, 0, 12, 320.02
1734769796, 55, 51, 79, 13, 0, 0.06%, 9, 0, 12, 337.09
1734769801, 55, 52, 79, 13, 0, 0.06%, 9, 0, 12, 371.94
1734769806, 55, 53, 79, 13, 0, 0.06%, 9, 0, 12, 315.32
1734769816, 55, 68, 79, 13, 0, 0.06%, 9, 0, 12, 363.13
1734769821, 55, 73, 79, 13, 0, 0.06%, 9, 0, 12, 331.29
1734769831, 55, 74, 79, 13, 0, 0.06%, 9, 0, 12, 361.18
1734769836, 56, 20, 79, 13, 0, 0.06%, 9, 0, 12, 305.29
1734769846, 56, 47, 79, 13, 0, 0.06%, 9, 0, 12, 325.01
1734769852, 56, 50, 79, 13, 0, 0.06%, 9, 0, 12, 339.91
1734769857, 56, 51, 79, 13, 0, 0.06%, 9, 0, 12, 312.05
1734769867, 56, 52, 79, 13, 0, 0.06%, 9, 0, 12, 341.18
1734769872, 56, 53, 79, 13, 0, 0.06%, 9, 0, 12, 353.12
1734769877, 56, 68, 79, 13, 0, 0.06%, 9, 0, 12, 317.77
1734769887, 56, 73, 79, 13, 0, 0.06%, 9, 0, 12, 374.73
1734769892, 56, 74, 79, 13, 0, 0.06%, 9, 0, 12, 307.12
1734769902, 57, 20, 79, 13, 0, 0.06%, 9, 0, 12, 302.06
1734769907, 57, 47, 79, 13, 0, 0.06%, 9, 0, 12, 354.12
1734769912, 57, 50, 79, 13, 0, 0.06%, 9, 0, 12, 318.79
1734769922, 57, 51, 79, 13, 0, 0.06%, 9, 0, 12, 343.33
1734769928, 57, 52, 79, 13, 0, 0.06%, 9, 0, 12, 379.15
1734769933, 57, 53, 79, 13, 0, 0.06%, 9, 0, 12, 325.29
1734769943, 57, 68, 79, 13, 0, 0.06%, 9, 0, 12, 353.70
1734769948, 57, 73, 79, 13, 0, 0.06%, 9, 0, 12, 333.68
1734769958, 57, 74, 79, 13, 0, 0.06%, 9, 0, 12, 355.88
1734769963, 58, 20, 79, 13, 0, 0.06%, 9, 0, 12, 342.93
1734769973, 58, 47, 79, 13, 0, 0.06%, 9, 0, 12, 321.76
1734769978, 58, 50, 79, 13, 0, 0.06%, 9, 0, 12, 325.08
1734769983, 58, 51, 79, 13, 0, 0.06%, 9, 0, 12, 288.60
1734769993, 58, 52, 79, 13, 0, 0.06%, 9, 0, 12, 354.16
1734769998, 58, 53, 79, 13, 0, 0.06%, 9, 0, 12, 360.53
1734770008, 58, 68, 79, 13, 0, 0.06%, 9, 0, 12, 334.62
1734770013, 58, 73, 79, 13, 0, 0.06%, 9, 0, 12, 328.60
1734770024, 58, 74, 79, 13, 0, 0.06%, 9, 0, 12, 332.88
1734770029, 59, 20, 79, 13, 0, 0.06%, 9, 0, 12, 310.61
1734770034, 59, 47, 79, 13, 0, 0.06%, 9, 0, 12, 339.52
1734770044, 59, 50, 79, 13, 0, 0.06%, 9, 0, 12, 301.19
1734770049, 59, 51, 79, 13, 0, 0.06%, 9, 0, 12, 347.12
1734770054, 59, 52, 79, 13, 0, 0.06%, 9, 0, 12, 342.42
1734770064, 59, 53, 79, 13, 0, 0.06%, 9, 0, 12, 323.66
1734770069, 59, 68, 79, 13, 0, 0.06%, 9, 0, 12, 325.79
1734770079, 59, 73, 79, 13, 0, 0.06%, 9, 0, 12, 350.18
1734770084, 59, 74, 79, 13, 0, 0.06%, 9, 0, 12, 287.74
1734770095, 60, 20, 79, 13, 0, 0.06%, 9, 0, 12, 288.99
1734770100, 60, 47, 79, 13, 0, 0.06%, 9, 0, 12, 354.90
1734770105, 60, 50, 79, 13, 0, 0.06%, 9, 0, 12, 344.82
1734770115, 60, 51, 79, 13, 0, 0.06%, 9, 0, 12, 323.70
1734770120, 60, 52, 79, 13, 0, 0.06%, 9, 0, 12, 351.92
1734770125, 60, 53, 79, 13, 0, 0.06%, 9, 0, 12, 344.25
1734770135, 60, 54, 79, 13, 0, 0.06%, 9, 0, 12, 319.36
1734770165, 60, 55, 79, 13, 0, 0.06%, 9, 0, 12, 360.50
1734770191, 60, 56, 79, 13, 0, 0.06%, 9, 0, 12, 257.46
1734770216, 60, 57, 79, 13, 0, 0.06%, 9, 0, 12, 340.23
1734770242, 60, 58, 79, 13, 0, 0.06%, 9, 0, 12, 323.11
1734770267, 60, 59, 79, 13, 0, 0.06%, 9, 0, 12, 363.29
1734770298, 60, 60, 79, 13, 0, 0.06%, 9, 0, 12, 354.40
1734770303, 60, 61, 79, 13, 0, 0.06%, 9, 0, 12, 317.68
1734770313, 60, 62, 79, 13, 0, 0.06%, 9, 0, 12, 347.29
1734770323, 60, 63, 79, 13, 0, 0.06%, 9, 0, 12, 327.49
1734770364, 60, 64, 79, 13, 0, 0.06%, 9, 0, 12, 430.19
1734770415, 60, 65, 79, 13, 0, 0.06%, 9, 0, 12, 378.50
1734770465, 60, 66, 79, 13, 0, 0.06%, 9, 0, 12, 316.01
1734770486, 60, 67, 79, 13, 0, 0.06%, 9, 0, 12, 391.97
1734770511, 60, 68, 79, 13, 0, 0.06%, 9, 0, 12, 342.34
1734770516, 60, 69, 79, 13, 0, 0.06%, 9, 0, 12, 354.65
1734770526, 60, 70, 79, 13, 0, 0.06%, 9, 0, 12, 323.62
1734770587, 60, 71, 79, 13, 0, 0.06%, 9, 0, 12, 325.78
1734770592, 60, 72, 79, 13, 0, 0.06%, 9, 0, 12, 411.93
1734770602, 60, 73, 79, 13, 0, 0.06%, 9, 0, 12, 321.92
1734770684, 60, 74, 79, 13, 0, 0.06%, 9, 0, 12, 307.42
1734770770, 60, 75, 79, 13, 0, 0.06%, 9, 0, 12, 360.08
1734770781, 60, 76, 79, 13, 0, 0.06%, 9, 0, 12, 357.27
1734770786, 60, 77, 79, 13, 0, 0.06%, 9, 0, 12, 345.64
1734770847, 60, 78, 79, 13, 0, 0.06%, 9, 0, 12, 347.60
1734770933, 61, 17, 79, 13, 0, 0.06%, 9, 0, 12, 307.30
1734770938, 61, 18, 79, 13, 0, 0.06%, 9, 0, 12, 306.51
1734770959, 61, 19, 79, 13, 0, 0.06%, 9, 0, 12, 317.41
1734770979, 61, 20, 79, 13, 0, 0.06%, 9, 0, 12, 305.07
1734770984, 61, 24, 79, 13, 0, 0.06%, 9, 0, 12, 443.47
1734771000, 61, 27, 79, 13, 0, 0.06%, 9, 0, 12, 368.96
1734771020, 61, 29, 79, 13, 0, 0.06%, 9, 0, 12, 390.75
1734771035, 61, 30, 79, 13, 0, 0.06%, 9, 0, 12, 361.68
1734771055, 61, 31, 79, 13, 0, 0.06%, 9, 0, 12, 411.40
1734771071, 61, 33, 79, 13, 0, 0.06%, 9, 0, 12, 349.70
1734771086, 61, 34, 79, 13, 0, 0.06%, 9, 0, 12, 328.77
1734771416, 61, 35, 79, 12, 0, 0.06%, 9, 0, 12, 409.16
1734771432, 61, 36, 79, 12, 0, 0.06%, 9, 0, 12, 356.43
1734771452, 61, 37, 79, 12, 0, 0.06%, 9, 0, 12, 300.39
1734771468, 61, 38, 79, 12, 0, 0.06%, 9, 0, 12, 337.80
1734771488, 61, 39, 79, 12, 0, 0.06%, 9, 0, 12, 374.55
1734771519, 61, 40, 80, 13, 0, 0.06%, 9, 0, 12, 357.76
1734771640, 61, 41, 80, 12, 0, 0.06%, 9, 0, 12, 286.55
1734771645, 61, 42, 80, 12, 0, 0.06%, 9, 0, 12, 329.20
1734771650, 61, 43, 80, 12, 0, 0.06%, 9, 0, 12, 363.52
1734771655, 61, 44, 80, 12, 0, 0.06%, 9, 0, 12, 396.09
1734771681, 61, 45, 80, 12, 0, 0.06%, 9, 0, 12, 293.46
1734771706, 61, 46, 80, 12, 0, 0.06%, 9, 0, 12, 362.09
1734771737, 61, 47, 80, 12, 0, 0.06%, 9, 0, 12, 332.26
1734771742, 61, 48, 80, 12, 0, 0.06%, 9, 0, 12, 435.31
