# unix_time, cycles_done, cur_path, paths_total, pending_total, pending_favs, map_size, unique_crashes, unique_hangs, max_depth, execs_per_sec
1734735758, 0, 0, 10, 10, 1, 0.00%, 0, 0, 1, 170.58
1734735763, 0, 4, 10, 10, 1, 0.00%, 0, 0, 1, 202.85
1734735768, 0, 5, 10, 9, 0, 0.00%, 0, 0, 1, 209.25
1734735773, 0, 6, 10, 8, 0, 0.00%, 0, 0, 1, 203.79
1734735783, 0, 7, 10, 7, 0, 0.00%, 0, 0, 1, 210.63
1734735790, 0, 8, 10, 6, 0, 0.00%, 0, 0, 1, 19.48
1734735800, 0, 9, 10, 5, 0, 0.00%, 0, 0, 1, 207.70
1734735805, 1, 0, 10, 4, 0, 0.00%, 0, 0, 1, 193.61
1734735815, 1, 1, 10, 3, 0, 0.00%, 0, 0, 1, 204.77
1734735826, 1, 2, 10, 2, 0, 0.00%, 0, 0, 1, 209.02
1734735836, 1, 3, 10, 1, 0, 0.00%, 0, 0, 1, 210.03
1734735846, 1, 4, 10, 0, 0, 0.00%, 0, 0, 1, 208.01
1734735856, 1, 6, 10, 0, 0, 0.00%, 0, 0, 1, 204.50
1734735862, 1, 7, 10, 0, 0, 0.00%, 0, 0, 1, 207.27
1734735867, 1, 9, 10, 0, 0, 0.00%, 0, 0, 1, 207.67
1734735872, 2, 0, 10, 0, 0, 0.00%, 0, 0, 1, 201.36
1734735877, 2, 1, 10, 0, 0, 0.00%, 0, 0, 1, 207.65
1734735882, 2, 3, 10, 0, 0, 0.00%, 0, 0, 1, 209.08
1734735887, 2, 4, 10, 0, 0, 0.00%, 0, 0, 1, 208.61
1734735892, 2, 6, 10, 0, 0, 0.00%, 0, 0, 1, 213.33
1734735897, 2, 10, 11, 1, 1, 0.05%, 1, 0, 2, 225.02
1734735933, 3, 10, 11, 0, 0, 0.05%, 1, 0, 2, 212.65
1734735953, 4, 10, 11, 0, 0, 0.05%, 1, 0, 2, 215.20
1734735963, 5, 10, 11, 0, 0, 0.05%, 1, 0, 2, 227.77
1734735973, 6, 10, 11, 0, 0, 0.05%, 1, 0, 2, 221.82
1734735984, 7, 10, 11, 0, 0, 0.05%, 1, 0, 2, 227.49
1734735994, 8, 10, 11, 0, 0, 0.05%, 1, 0, 2, 236.26
1734735999, 8, 10, 12, 1, 0, 0.05%, 2, 0, 3, 217.07
1734736004, 8, 15, 17, 6, 1, 0.05%, 3, 0, 4, 247.47
1734736009, 8, 15, 19, 8, 1, 0.06%, 5, 0, 4, 241.23
1734736024, 8, 15, 21, 10, 1, 0.06%, 5, 0, 4, 234.95
1734736045, 8, 15, 22, 11, 1, 0.06%, 5, 0, 4, 239.52
1734736065, 8, 15, 23, 12, 1, 0.06%, 5, 0, 4, 235.02
1734736075, 8, 15, 24, 13, 1, 0.06%, 5, 0, 4, 241.47
1734736112, 8, 15, 25, 14, 1, 0.06%, 5, 0, 4, 236.57
1734736158, 8, 15, 26, 15, 1, 0.06%, 5, 0, 4, 222.88
1734736163, 8, 18, 27, 15, 2, 0.06%, 5, 0, 5, 252.01
1734736168, 8, 18, 28, 16, 2, 0.06%, 5, 0, 5, 237.30
1734736183, 8, 18, 29, 17, 2, 0.06%, 5, 0, 5, 236.82
1734736219, 8, 18, 30, 18, 2, 0.06%, 5, 0, 5, 234.98
1734736260, 8, 18, 31, 19, 2, 0.06%, 5, 0, 5, 239.64
1734736281, 8, 18, 32, 20, 2, 0.06%, 6, 0, 5, 264.86
1734736296, 8, 31, 33, 20, 2, 0.06%, 6, 0, 6, 396.55
1734736327, 8, 31, 34, 21, 2, 0.06%, 7, 0, 6, 465.74
1734736337, 8, 31, 35, 22, 2, 0.06%, 7, 0, 6, 464.69
1734736372, 8, 33, 36, 22, 2, 0.06%, 8, 0, 7, 286.04
1734736377, 8, 33, 37, 23, 2, 0.06%, 8, 0, 7, 261.96
1734736473, 8, 33, 38, 24, 2, 0.06%, 8, 0, 7, 253.51
1734736494, 8, 35, 38, 23, 2, 0.06%, 8, 0, 7, 281.04
1734736504, 8, 35, 39, 24, 2, 0.06%, 8, 0, 8, 252.69
1734736611, 8, 35, 40, 25, 2, 0.06%, 8, 0, 8, 265.98
1734736622, 9, 17, 40, 24, 1, 0.06%, 8, 0, 8, 241.96
1734736627, 9, 17, 41, 25, 1, 0.06%, 8, 0, 8, 245.40
1734736673, 9, 17, 42, 26, 1, 0.06%, 8, 0, 8, 239.70
1734736678, 9, 17, 43, 27, 1, 0.06%, 8, 0, 8, 243.69
1734736735, 9, 17, 44, 28, 1, 0.06%, 8, 0, 8, 293.18
1734736745, 9, 35, 44, 27, 1, 0.06%, 8, 0, 8, 253.07
1734736770, 9, 36, 46, 29, 1, 0.06%, 9, 0, 8, 375.65
1734736775, 9, 36, 47, 30, 1, 0.06%, 9, 0, 8, 400.64
1734736791, 9, 36, 48, 31, 1, 0.06%, 9, 0, 8, 416.49
1734736801, 9, 36, 49, 32, 1, 0.06%, 9, 0, 8, 407.54
1734736806, 9, 36, 50, 33, 1, 0.06%, 9, 0, 8, 402.57
1734736831, 9, 36, 51, 34, 1, 0.06%, 9, 0, 8, 415.41
1734736851, 9, 36, 52, 35, 1, 0.06%, 9, 0, 8, 305.25
1734736861, 9, 44, 52, 34, 2, 0.06%, 9, 0, 8, 280.04
1734736867, 9, 44, 53, 35, 2, 0.06%, 9, 0, 9, 425.81
1734736927, 9, 44, 54, 36, 2, 0.06%, 9, 0, 9, 288.82
1734736937, 9, 44, 56, 38, 2, 0.06%, 9, 0, 9, 277.97
1734736943, 9, 52, 56, 37, 1, 0.06%, 9, 0, 9, 378.82
1734736953, 9, 52, 57, 38, 1, 0.06%, 9, 0, 10, 410.40
1734736968, 9, 52, 58, 39, 1, 0.06%, 9, 0, 10, 411.47
1734737024, 9, 57, 58, 38, 1, 0.06%, 9, 0, 10, 436.07
1734737039, 9, 57, 59, 39, 1, 0.06%, 9, 0, 11, 518.93
1734737044, 9, 57, 61, 41, 1, 0.06%, 9, 0, 11, 510.72
1734737095, 9, 58, 61, 40, 1, 0.06%, 9, 0, 11, 302.17
1734737116, 9, 58, 62, 41, 1, 0.06%, 9, 0, 12, 448.87
1734737121, 9, 58, 63, 42, 1, 0.06%, 9, 0, 12, 449.62
1734737162, 9, 59, 63, 41, 1, 0.06%, 9, 0, 12, 273.77
1734737167, 9, 59, 64, 42, 1, 0.06%, 9, 0, 12, 392.31
1734737222, 9, 59, 65, 43, 1, 0.06%, 9, 0, 12, 509.68
1734737232, 9, 59, 66, 44, 1, 0.06%, 9, 0, 12, 506.98
1734737283, 9, 60, 66, 43, 1, 0.06%, 9, 0, 12, 377.90
1734737400, 9, 60, 67, 44, 1, 0.06%, 9, 0, 12, 474.85
1734737410, 9, 60, 68, 45, 1, 0.06%, 9, 0, 12, 472.35
1734737464, 10, 17, 68, 44, 1, 0.06%, 9, 0, 12, 304.56
1734737484, 10, 18, 68, 44, 1, 0.06%, 9, 0, 12, 283.47
1734737500, 10, 18, 69, 45, 1, 0.06%, 9, 0, 12, 288.59
1734737510, 10, 22, 69, 45, 1, 0.06%, 9, 0, 12, 252.78
1734737555, 10, 26, 69, 44, 0, 0.06%, 9, 0, 12, 292.65
1734737601, 10, 26, 70, 45, 0, 0.06%, 9, 0, 12, 273.50
1734737606, 10, 27, 70, 44, 0, 0.06%, 9, 0, 12, 387.18
1734737657, 10, 28, 70, 43, 0, 0.06%, 9, 0, 12, 281.55
1734737708, 10, 28, 71, 44, 0, 0.06%, 9, 0, 12, 289.55
1734737713, 10, 29, 71, 43, 0, 0.06%, 9, 0, 12, 386.23
1734737749, 10, 30, 71, 42, 0, 0.06%, 9, 0, 12, 286.11
1734737794, 10, 33, 71, 41, 0, 0.06%, 9, 0, 12, 293.89
1734737820, 10, 35, 71, 41, 0, 0.06%, 9, 0, 12, 264.46
1734737825, 10, 36, 71, 41, 0, 0.06%, 9, 0, 12, 397.67
1734737840, 10, 38, 71, 41, 0, 0.06%, 9, 0, 12, 326.70
1734737891, 10, 40, 71, 40, 0, 0.06%, 9, 0, 12, 332.87
1734737947, 10, 41, 71, 39, 0, 0.06%, 9, 0, 12, 360.20
1734738013, 10, 44, 71, 38, 0, 0.06%, 9, 0, 12, 336.35
1734738028, 10, 44, 72, 39, 0, 0.06%, 9, 0, 12, 328.77
1734738038, 10, 44, 73, 40, 0, 0.06%, 9, 0, 12, 287.99
1734738043, 10, 45, 73, 40, 0, 0.06%, 9, 0, 12, 410.49
1734738089, 10, 46, 73, 39, 0, 0.06%, 9, 0, 12, 270.05
1734738539, 10, 47, 73, 38, 0, 0.06%, 9, 0, 12, 298.22
1734738662, 10, 47, 74, 39, 0, 0.06%, 9, 0, 12, 474.94
1734738677, 10, 47, 75, 40, 0, 0.06%, 9, 0, 12, 474.32
1734738717, 10, 52, 75, 39, 0, 0.06%, 9, 0, 12, 364.89
1734738748, 10, 53, 75, 39, 0, 0.06%, 9, 0, 12, 406.06
1734738814, 10, 54, 75, 38, 0, 0.06%, 9, 0, 12, 355.11
1734739002, 10, 56, 75, 37, 0, 0.06%, 9, 0, 12, 448.25
1734739048, 10, 57, 75, 36, 0, 0.06%, 9, 0, 12, 437.75
1734739078, 10, 58, 75, 36, 0, 0.06%, 9, 0, 12, 328.65
1734739114, 10, 59, 75, 36, 0, 0.06%, 9, 0, 12, 340.88
1734739190, 10, 60, 75, 36, 0, 0.06%, 9, 0, 12, 299.40
1734739221, 10, 61, 75, 36, 0, 0.06%, 9, 0, 12, 399.55
1734739271, 10, 61, 77, 38, 0, 0.06%, 9, 0, 13, 309.99
1734739277, 10, 62, 77, 37, 0, 0.06%, 9, 0, 13, 285.29
1734739740, 10, 62, 78, 38, 0, 0.06%, 9, 0, 13, 486.93
1734739797, 10, 68, 78, 37, 0, 0.06%, 9, 0, 13, 368.72
1734739914, 10, 69, 78, 36, 0, 0.06%, 9, 0, 13, 417.20
1734739970, 10, 69, 79, 37, 0, 0.06%, 9, 0, 13, 323.10
1734740015, 10, 70, 79, 36, 0, 0.06%, 9, 0, 13, 328.27
1734740260, 10, 71, 79, 35, 0, 0.06%, 9, 0, 13, 373.98
1734740392, 10, 72, 79, 34, 0, 0.06%, 9, 0, 13, 363.95
1734740524, 10, 73, 79, 33, 0, 0.06%, 9, 0, 13, 391.88
1734740584, 10, 75, 79, 32, 0, 0.06%, 9, 0, 13, 375.10
1734740810, 10, 76, 79, 31, 0, 0.06%, 9, 0, 13, 332.58
1734741276, 10, 77, 79, 30, 0, 0.06%, 9, 0, 13, 378.89
1734741388, 10, 78, 79, 29, 0, 0.06%, 9, 0, 13, 260.24
1734741414, 10, 78, 80, 30, 0, 0.06%, 9, 0, 13, 435.23
1734741510, 10, 79, 80, 29, 0, 0.06%, 9, 0, 13, 359.61
1734741648, 11, 11, 80, 28, 0, 0.06%, 9, 0, 13, 295.80
1734741673, 11, 12, 80, 27, 0, 0.06%, 9, 0, 13, 395.61
1734741689, 11, 13, 80, 26, 0, 0.06%, 9, 0, 13, 279.12
1734741714, 11, 14, 80, 25, 0, 0.06%, 9, 0, 13, 276.80
1734741734, 11, 17, 80, 24, 0, 0.06%, 9, 0, 13, 288.37
1734741744, 11, 22, 80, 24, 0, 0.06%, 9, 0, 13, 258.88
1734741765, 11, 23, 80, 24, 0, 0.06%, 9, 0, 13, 380.03
1734741795, 11, 25, 80, 23, 0, 0.06%, 9, 0, 13, 358.22
1734741831, 11, 33, 80, 22, 0, 0.06%, 9, 0, 13, 292.88
1734741836, 11, 35, 80, 22, 0, 0.06%, 9, 0, 13, 277.91
1734741841, 11, 36, 80, 22, 0, 0.06%, 9, 0, 13, 293.73
1734741846, 11, 38, 80, 22, 0, 0.06%, 9, 0, 13, 334.93
1734741876, 11, 40, 80, 22, 0, 0.06%, 9, 0, 13, 293.71
1734741891, 11, 41, 80, 22, 0, 0.06%, 9, 0, 13, 304.57
1734741912, 11, 42, 80, 22, 0, 0.06%, 9, 0, 13, 381.45
1734742203, 11, 44, 80, 21, 0, 0.06%, 9, 0, 13, 387.48
1734742213, 11, 45, 80, 21, 0, 0.06%, 9, 0, 13, 386.68
1734742238, 11, 46, 80, 21, 0, 0.06%, 9, 0, 13, 374.39
1734742274, 11, 47, 80, 21, 0, 0.06%, 9, 0, 13, 291.04
1734742305, 11, 48, 80, 21, 0, 0.06%, 9, 0, 13, 436.47
1734742356, 11, 49, 80, 20, 0, 0.06%, 9, 0, 13, 414.84
1734742407, 11, 50, 80, 19, 0, 0.06%, 9, 0, 13, 261.50
1734743066, 11, 57, 80, 18, 0, 0.06%, 9, 0, 13, 443.04
1734743076, 11, 58, 80, 18, 0, 0.06%, 9, 0, 13, 379.58
1734743091, 11, 59, 80, 18, 0, 0.06%, 9, 0, 13, 437.46
1734743101, 11, 60, 80, 18, 0, 0.06%, 9, 0, 13, 312.40
1734743116, 11, 61, 80, 18, 0, 0.06%, 9, 0, 13, 328.59
1734743147, 11, 62, 80, 18, 0, 0.06%, 9, 0, 13, 280.45
1734743182, 11, 63, 80, 18, 0, 0.06%, 9, 0, 13, 399.49
1734743284, 11, 64, 80, 17, 0, 0.06%, 9, 0, 13, 412.61
1734743391, 11, 65, 80, 16, 0, 0.06%, 9, 0, 13, 398.13
1734743493, 11, 66, 80, 15, 0, 0.06%, 9, 0, 13, 385.74
1734743724, 11, 67, 80, 14, 0, 0.06%, 9, 0, 13, 286.51
1734743893, 11, 68, 80, 13, 0, 0.06%, 9, 0, 13, 352.54
1734743990, 11, 69, 80, 13, 0, 0.06%, 9, 0, 13, 312.72
1734744015, 11, 70, 80, 13, 0, 0.06%, 9, 0, 13, 335.77
1734744265, 11, 71, 80, 13, 0, 0.06%, 9, 0, 13, 422.69
1734744368, 11, 72, 80, 13, 0, 0.06%, 9, 0, 13, 351.88
1734744474, 11, 73, 80, 13, 0, 0.06%, 9, 0, 13, 355.27
1734744553, 11, 74, 80, 13, 0, 0.06%, 9, 0, 13, 319.96
1734744752, 11, 75, 80, 12, 0, 0.06%, 9, 0, 13, 273.48
1734744963, 11, 76, 80, 12, 0, 0.06%, 9, 0, 13, 348.19
1734745409, 11, 77, 80, 12, 0, 0.06%, 9, 0, 13, 368.45
1734745434, 11, 78, 80, 12, 0, 0.06%, 9, 0, 13, 318.44
1734745460, 11, 79, 80, 12, 0, 0.06%, 9, 0, 13, 322.97
1734745495, 12, 11, 80, 12, 0, 0.06%, 9, 0, 13, 278.98
1734745505, 12, 12, 80, 12, 0, 0.06%, 9, 0, 13, 351.28
1734745516, 12, 13, 80, 12, 0, 0.06%, 9, 0, 13, 274.85
1734745526, 12, 14, 80, 12, 0, 0.06%, 9, 0, 13, 283.80
1734745536, 12, 15, 80, 12, 0, 0.06%, 9, 0, 13, 250.27
1734745546, 12, 16, 80, 12, 0, 0.06%, 9, 0, 13, 282.91
1734745582, 12, 17, 80, 11, 0, 0.06%, 9, 0, 13, 254.66
1734745592, 12, 18, 80, 11, 0, 0.06%, 9, 0, 13, 254.62
1734745597, 12, 19, 80, 11, 0, 0.06%, 9, 0, 13, 379.15
1734745648, 12, 22, 80, 10, 0, 0.06%, 9, 0, 13, 280.92
1734745653, 12, 23, 80, 10, 0, 0.06%, 9, 0, 13, 367.69
1734745674, 12, 25, 80, 10, 0, 0.06%, 9, 0, 13, 387.09
1734745689, 12, 26, 80, 10, 0, 0.06%, 9, 0, 13, 267.47
1734745709, 12, 27, 80, 10, 0, 0.06%, 9, 0, 13, 293.92
1734745729, 12, 28, 80, 10, 0, 0.06%, 9, 0, 13, 304.14
1734745750, 12, 29, 80, 10, 0, 0.06%, 9, 0, 13, 319.18
1734745770, 12, 30, 80, 10, 0, 0.06%, 9, 0, 13, 274.73
1734745790, 12, 35, 80, 10, 0, 0.06%, 9, 0, 13, 289.17
1734745795, 12, 38, 80, 10, 0, 0.06%, 9, 0, 13, 344.96
1734745806, 12, 40, 80, 10, 0, 0.06%, 9, 0, 13, 279.21
1734745816, 12, 41, 80, 10, 0, 0.06%, 9, 0, 13, 339.11
1734745821, 12, 42, 80, 10, 0, 0.06%, 9, 0, 13, 389.33
1734745846, 12, 43, 80, 10, 0, 0.06%, 9, 0, 13, 437.74
1734746111, 12, 53, 80, 9, 0, 0.06%, 9, 0, 13, 325.32
1734746132, 12, 53, 81, 10, 0, 0.06%, 9, 0, 13, 327.75
1734746142, 12, 54, 81, 10, 0, 0.06%, 9, 0, 13, 300.41
1734746173, 12, 55, 81, 10, 0, 0.06%, 9, 0, 13, 395.15
1734746295, 12, 57, 81, 9, 0, 0.06%, 9, 0, 13, 355.46
1734746300, 12, 58, 81, 9, 0, 0.06%, 9, 0, 13, 379.65
1734746305, 12, 59, 81, 9, 0, 0.06%, 9, 0, 13, 352.39
1734746315, 12, 60, 81, 9, 0, 0.06%, 9, 0, 13, 380.52
1734746320, 12, 61, 81, 9, 0, 0.06%, 9, 0, 13, 364.81
1734746336, 12, 62, 81, 9, 0, 0.06%, 9, 0, 13, 323.92
1734746356, 12, 63, 81, 9, 0, 0.06%, 9, 0, 13, 378.03
1734746381, 12, 64, 81, 9, 0, 0.06%, 9, 0, 13, 424.60
1734746407, 12, 65, 81, 9, 0, 0.06%, 9, 0, 13, 296.65
1734746438, 12, 66, 81, 9, 0, 0.06%, 9, 0, 13, 366.02
1734746463, 12, 67, 81, 9, 0, 0.06%, 9, 0, 13, 338.45
1734746493, 12, 68, 81, 9, 0, 0.06%, 9, 0, 13, 315.94
1734746503, 12, 69, 81, 9, 0, 0.06%, 9, 0, 13, 331.15
1734746514, 12, 70, 81, 9, 0, 0.06%, 9, 0, 13, 327.28
1734746519, 12, 71, 81, 9, 0, 0.06%, 9, 0, 13, 309.19
1734746534, 12, 72, 81, 9, 0, 0.06%, 9, 0, 13, 292.50
1734746549, 12, 73, 81, 9, 0, 0.06%, 9, 0, 13, 312.62
1734746564, 12, 75, 81, 9, 0, 0.06%, 9, 0, 13, 297.53
1734746580, 12, 76, 81, 9, 0, 0.06%, 9, 0, 13, 388.84
1734746600, 12, 77, 81, 9, 0, 0.06%, 9, 0, 13, 312.03
1734746615, 12, 78, 81, 9, 0, 0.06%, 9, 0, 13, 334.70
1734746625, 12, 79, 81, 9, 0, 0.06%, 9, 0, 13, 317.97
1734746641, 12, 80, 81, 9, 0, 0.06%, 9, 0, 13, 333.06
1734746646, 12, 80, 82, 10, 0, 0.06%, 9, 0, 13, 435.41
1734746758, 13, 17, 82, 9, 0, 0.06%, 9, 0, 13, 293.89
1734746768, 13, 22, 82, 9, 0, 0.06%, 9, 0, 13, 267.49
1734746773, 13, 23, 82, 9, 0, 0.06%, 9, 0, 13, 301.75
1734746778, 13, 35, 82, 9, 0, 0.06%, 9, 0, 13, 320.11
1734746783, 13, 38, 82, 9, 0, 0.06%, 9, 0, 13, 309.73
1734746794, 13, 40, 82, 9, 0, 0.06%, 9, 0, 13, 277.28
1734746799, 13, 41, 82, 9, 0, 0.06%, 9, 0, 13, 349.80
1734746804, 13, 42, 82, 9, 0, 0.06%, 9, 0, 13, 281.82
1734746814, 13, 43, 82, 9, 0, 0.06%, 9, 0, 13, 350.88
1734746834, 13, 54, 82, 9, 0, 0.06%, 9, 0, 13, 326.83
1734746849, 13, 55, 82, 9, 0, 0.06%, 9, 0, 13, 315.85
1734746880, 13, 57, 82, 9, 0, 0.06%, 9, 0, 13, 384.18
1734746885, 13, 58, 82, 9, 0, 0.06%, 9, 0, 13, 382.29
1734746890, 13, 59, 82, 9, 0, 0.06%, 9, 0, 13, 305.47
1734746900, 13, 60, 82, 9, 0, 0.06%, 9, 0, 13, 385.54
1734746905, 13, 61, 82, 9, 0, 0.06%, 9, 0, 13, 369.77
1734746915, 13, 62, 82, 9, 0, 0.06%, 9, 0, 13, 314.27
1734746931, 13, 63, 82, 9, 0, 0.06%, 9, 0, 13, 427.88
1734746941, 13, 64, 82, 9, 0, 0.06%, 9, 0, 13, 348.59
1734746956, 13, 65, 82, 9, 0, 0.06%, 9, 0, 13, 381.80
1734746971, 13, 66, 82, 9, 0, 0.06%, 9, 0, 13, 343.62
1734746986, 13, 67, 82, 9, 0, 0.06%, 9, 0, 13, 367.46
1734747001, 13, 71, 82, 9, 0, 0.06%, 9, 0, 13, 341.40
1734747017, 13, 72, 82, 9, 0, 0.06%, 9, 0, 13, 339.26
1734747027, 13, 73, 82, 9, 0, 0.06%, 9, 0, 13, 326.64
1734747042, 13, 75, 82, 9, 0, 0.06%, 9, 0, 13, 324.21
1734747057, 13, 76, 82, 9, 0, 0.06%, 9, 0, 13, 351.10
1734747078, 13, 77, 82, 9, 0, 0.06%, 9, 0, 13, 321.46
1734747093, 14, 17, 82, 9, 0, 0.06%, 9, 0, 13, 295.16
1734747099, 14, 22, 82, 9, 0, 0.06%, 9, 0, 13, 261.03
1734747104, 14, 23, 82, 9, 0, 0.06%, 9, 0, 13, 314.77
1734747109, 14, 25, 82, 9, 0, 0.06%, 9, 0, 13, 325.36
1734747114, 14, 35, 82, 9, 0, 0.06%, 9, 0, 13, 280.87
1734747119, 14, 38, 82, 9, 0, 0.06%, 9, 0, 13, 327.70
1734747124, 14, 40, 82, 9, 0, 0.06%, 9, 0, 13, 311.05
1734747129, 14, 41, 82, 9, 0, 0.06%, 9, 0, 13, 292.87
1734747134, 14, 42, 82, 9, 0, 0.06%, 9, 0, 13, 358.70
1734747144, 14, 43, 82, 9, 0, 0.06%, 9, 0, 13, 299.61
1734747154, 14, 54, 82, 9, 0, 0.06%, 9, 0, 13, 337.29
1734747165, 14, 55, 82, 9, 0, 0.06%, 9, 0, 13, 330.38
1734747180, 14, 57, 82, 9, 0, 0.06%, 9, 0, 13, 364.10
1734747185, 14, 58, 82, 9, 0, 0.06%, 9, 0, 13, 337.04
1734747195, 14, 59, 82, 9, 0, 0.06%, 9, 0, 13, 348.65
1734747200, 14, 60, 82, 9, 0, 0.06%, 9, 0, 13, 328.83
1734747211, 14, 61, 82, 9, 0, 0.06%, 9, 0, 13, 349.90
1734747216, 14, 62, 82, 9, 0, 0.06%, 9, 0, 13, 367.24
1734747231, 14, 63, 82, 9, 0, 0.06%, 9, 0, 13, 371.13
1734747236, 14, 64, 82, 9, 0, 0.06%, 9, 0, 13, 380.57
1734747246, 14, 65, 82, 9, 0, 0.06%, 9, 0, 13, 383.48
1734747251, 14, 66, 82, 9, 0, 0.06%, 9, 0, 13, 375.56
1734747261, 14, 67, 82, 9, 0, 0.06%, 9, 0, 13, 316.72
1734747272, 14, 71, 82, 9, 0, 0.06%, 9, 0, 13, 341.35
1734747277, 14, 72, 82, 9, 0, 0.06%, 9, 0, 13, 336.14
1734747287, 14, 73, 82, 9, 0, 0.06%, 9, 0, 13, 358.94
1734747297, 14, 75, 82, 9, 0, 0.06%, 9, 0, 13, 360.29
1734747307, 14, 76, 82, 9, 0, 0.06%, 9, 0, 13, 273.99
1734747318, 14, 77, 82, 9, 0, 0.06%, 9, 0, 13, 341.64
1734747328, 15, 17, 82, 9, 0, 0.06%, 9, 0, 13, 292.20
1734747333, 15, 22, 82, 9, 0, 0.06%, 9, 0, 13, 272.74
1734747338, 15, 23, 82, 9, 0, 0.06%, 9, 0, 13, 324.03
1734747343, 15, 25, 82, 9, 0, 0.06%, 9, 0, 13, 323.79
1734747348, 15, 35, 82, 9, 0, 0.06%, 9, 0, 13, 294.28
1734747353, 15, 38, 82, 9, 0, 0.06%, 9, 0, 13, 320.86
1734747358, 15, 40, 82, 9, 0, 0.06%, 9, 0, 13, 299.18
1734747363, 15, 41, 82, 9, 0, 0.06%, 9, 0, 13, 332.67
1734747368, 15, 42, 82, 9, 0, 0.06%, 9, 0, 13, 314.21
1734747378, 15, 43, 82, 9, 0, 0.06%, 9, 0, 13, 364.40
1734747383, 15, 54, 82, 9, 0, 0.06%, 9, 0, 13, 310.08
1734747393, 15, 55, 82, 9, 0, 0.06%, 9, 0, 13, 370.09
1734747399, 15, 57, 82, 9, 0, 0.06%, 9, 0, 13, 303.04
1734747409, 15, 58, 82, 9, 0, 0.06%, 9, 0, 13, 372.60
1734747414, 15, 59, 82, 9, 0, 0.06%, 9, 0, 13, 396.75
1734747419, 15, 60, 82, 9, 0, 0.06%, 9, 0, 13, 370.14
1734747429, 15, 61, 82, 9, 0, 0.06%, 9, 0, 13, 385.98
1734747434, 15, 62, 82, 9, 0, 0.06%, 9, 0, 13, 371.68
1734747454, 15, 71, 82, 9, 0, 0.06%, 9, 0, 13, 325.42
1734747459, 15, 72, 82, 9, 0, 0.06%, 9, 0, 13, 295.46
1734747469, 16, 17, 82, 9, 0, 0.06%, 9, 0, 13, 281.32
1734747474, 16, 22, 82, 9, 0, 0.06%, 9, 0, 13, 271.22
1734747480, 16, 23, 82, 9, 0, 0.06%, 9, 0, 13, 328.75
1734747485, 16, 25, 82, 9, 0, 0.06%, 9, 0, 13, 325.12
1734747490, 16, 40, 82, 9, 0, 0.06%, 9, 0, 13, 292.09
1734747495, 16, 41, 82, 9, 0, 0.06%, 9, 0, 13, 329.83
1734747500, 16, 42, 82, 9, 0, 0.06%, 9, 0, 13, 286.91
1734747510, 16, 43, 82, 9, 0, 0.06%, 9, 0, 13, 367.61
1734747745, 16, 44, 82, 9, 0, 0.06%, 9, 0, 13, 362.02
1734747750, 16, 45, 82, 9, 0, 0.06%, 9, 0, 13, 354.46
1734747765, 16, 46, 82, 9, 0, 0.06%, 9, 0, 13, 357.61
1734748237, 16, 47, 82, 9, 0, 0.06%, 9, 0, 13, 426.43
1734748369, 16, 48, 82, 9, 0, 0.06%, 9, 0, 13, 320.99
1734748405, 16, 49, 82, 9, 0, 0.06%, 9, 0, 13, 456.27
1734748435, 16, 50, 82, 9, 0, 0.06%, 9, 0, 13, 286.98
1734749074, 16, 51, 82, 9, 0, 0.06%, 9, 0, 13, 463.92
1734749125, 16, 52, 82, 8, 0, 0.06%, 9, 0, 13, 393.12
1734749135, 16, 53, 82, 8, 0, 0.06%, 9, 0, 13, 335.59
1734749165, 16, 54, 82, 8, 0, 0.06%, 9, 0, 13, 376.15
1734749324, 16, 55, 82, 8, 0, 0.06%, 9, 0, 13, 326.03
1734749405, 16, 56, 82, 8, 0, 0.06%, 9, 0, 13, 416.85
1734749431, 16, 57, 82, 8, 0, 0.06%, 9, 0, 13, 359.90
1734749436, 16, 58, 82, 8, 0, 0.06%, 9, 0, 13, 400.81
1734749441, 16, 59, 82, 8, 0, 0.06%, 9, 0, 13, 332.79
1734749451, 16, 60, 82, 8, 0, 0.06%, 9, 0, 13, 384.50
1734749584, 16, 61, 82, 8, 0, 0.06%, 9, 0, 13, 493.47
1734749594, 16, 62, 82, 8, 0, 0.06%, 9, 0, 13, 435.15
1734750104, 16, 63, 82, 8, 0, 0.06%, 9, 0, 13, 387.57
1734750170, 16, 64, 82, 8, 0, 0.06%, 9, 0, 13, 380.24
1734750236, 16, 65, 82, 8, 0, 0.06%, 9, 0, 13, 343.85
1734750303, 16, 66, 82, 8, 0, 0.06%, 9, 0, 13, 315.79
1734750493, 16, 67, 82, 8, 0, 0.06%, 9, 0, 13, 333.88
1734750616, 16, 68, 82, 8, 0, 0.06%, 9, 0, 13, 313.36
1734750626, 16, 69, 82, 8, 0, 0.06%, 9, 0, 13, 334.54
1734750636, 16, 70, 82, 8, 0, 0.06%, 9, 0, 13, 292.33
1734750646, 16, 71, 82, 8, 0, 0.06%, 9, 0, 13, 405.84
1734750733, 16, 72, 82, 8, 0, 0.06%, 9, 0, 13, 356.01
1734750794, 16, 73, 82, 8, 0, 0.06%, 9, 0, 13, 320.66
1734750804, 16, 74, 82, 8, 0, 0.06%, 9, 0, 13, 317.43
1734750830, 16, 75, 82, 8, 0, 0.06%, 9, 0, 13, 329.73
1734751030, 16, 76, 82, 8, 0, 0.06%, 9, 0, 13, 275.25
1734751470, 16, 77, 82, 8, 0, 0.06%, 9, 0, 13, 372.04
1734751475, 16, 78, 82, 8, 0, 0.06%, 9, 0, 13, 318.46
1734751486, 16, 79, 82, 8, 0, 0.06%, 9, 0, 13, 289.35
1734751506, 16, 80, 82, 8, 0, 0.06%, 9, 0, 13, 447.13
1734751593, 16, 81, 82, 8, 0, 0.06%, 9, 0, 13, 376.80
1734751720, 17, 12, 82, 7, 0, 0.06%, 9, 0, 13, 325.68
1734751725, 17, 14, 82, 7, 0, 0.06%, 9, 0, 13, 279.41
1734751730, 17, 16, 82, 7, 0, 0.06%, 9, 0, 13, 289.94
1734751750, 17, 17, 82, 7, 0, 0.06%, 9, 0, 13, 300.84
1734751755, 17, 18, 82, 7, 0, 0.06%, 9, 0, 13, 270.63
1734751760, 17, 19, 82, 7, 0, 0.06%, 9, 0, 13, 282.23
1734751781, 17, 20, 82, 7, 0, 0.06%, 9, 0, 13, 345.77
1734751816, 17, 21, 82, 6, 0, 0.06%, 9, 0, 13, 412.53
1734751867, 17, 22, 82, 5, 0, 0.06%, 9, 0, 13, 284.35
1734751872, 17, 23, 82, 5, 0, 0.06%, 9, 0, 13, 288.87
1734751882, 17, 24, 82, 5, 0, 0.06%, 9, 0, 13, 304.39
1734751923, 17, 25, 82, 4, 0, 0.06%, 9, 0, 13, 299.43
1734751928, 17, 26, 82, 4, 0, 0.06%, 9, 0, 13, 296.76
1734751933, 17, 27, 82, 4, 0, 0.06%, 9, 0, 13, 271.30
1734751943, 17, 28, 82, 4, 0, 0.06%, 9, 0, 13, 275.66
1734751948, 17, 29, 82, 4, 0, 0.06%, 9, 0, 13, 301.54
1734751953, 17, 30, 82, 4, 0, 0.06%, 9, 0, 13, 328.39
1734751963, 17, 35, 82, 4, 0, 0.06%, 9, 0, 13, 275.13
1734751969, 17, 37, 82, 4, 0, 0.06%, 9, 0, 13, 325.37
1734752115, 17, 38, 82, 3, 0, 0.06%, 9, 0, 13, 309.81
1734752120, 17, 39, 82, 3, 0, 0.06%, 9, 0, 13, 399.97
1734752258, 17, 40, 82, 2, 0, 0.06%, 9, 0, 13, 276.20
1734752263, 17, 41, 82, 2, 0, 0.06%, 9, 0, 13, 329.00
1734752309, 17, 42, 82, 2, 0, 0.06%, 9, 0, 13, 275.31
1734752579, 17, 43, 82, 2, 0, 0.06%, 9, 0, 13, 272.09
1734752590, 17, 53, 82, 2, 0, 0.06%, 9, 0, 13, 311.34
1734752595, 17, 54, 82, 2, 0, 0.06%, 9, 0, 13, 336.48
1734752605, 17, 55, 82, 2, 0, 0.06%, 9, 0, 13, 348.88
1734752610, 17, 57, 82, 2, 0, 0.06%, 9, 0, 13, 387.87
1734752615, 17, 58, 82, 2, 0, 0.06%, 9, 0, 13, 325.74
1734752625, 17, 59, 82, 2, 0, 0.06%, 9, 0, 13, 366.75
1734752630, 17, 60, 82, 2, 0, 0.06%, 9, 0, 13, 334.34
1734752640, 17, 61, 82, 2, 0, 0.06%, 9, 0, 13, 374.47
1734752646, 17, 62, 82, 2, 0, 0.06%, 9, 0, 13, 374.24
1734752661, 17, 63, 82, 2, 0, 0.06%, 9, 0, 13, 353.46
1734752671, 17, 64, 82, 2, 0, 0.06%, 9, 0, 13, 391.91
1734752676, 17, 65, 82, 2, 0, 0.06%, 9, 0, 13, 348.86
1734752686, 17, 66, 82, 2, 0, 0.06%, 9, 0, 13, 344.03
1734752696, 17, 67, 82, 2, 0, 0.06%, 9, 0, 13, 390.28
1734752701, 17, 68, 82, 2, 0, 0.06%, 9, 0, 13, 343.07
1734752711, 17, 69, 82, 2, 0, 0.06%, 9, 0, 13, 313.00
1734752717, 17, 70, 82, 2, 0, 0.06%, 9, 0, 13, 341.13
1734752722, 17, 71, 82, 2, 0, 0.06%, 9, 0, 13, 335.28
1734752727, 17, 72, 82, 2, 0, 0.06%, 9, 0, 13, 319.10
1734752737, 17, 73, 82, 2, 0, 0.06%, 9, 0, 13, 386.09
1734752742, 17, 75, 82, 2, 0, 0.06%, 9, 0, 13, 374.12
1734752752, 17, 76, 82, 2, 0, 0.06%, 9, 0, 13, 411.00
1734752768, 17, 77, 82, 2, 0, 0.06%, 9, 0, 13, 366.35
1734752778, 17, 78, 82, 2, 0, 0.06%, 9, 0, 13, 313.99
1734752783, 17, 79, 82, 2, 0, 0.06%, 9, 0, 13, 329.34
1734752788, 17, 80, 82, 2, 0, 0.06%, 9, 0, 13, 306.56
1734752813, 17, 81, 82, 2, 0, 0.06%, 9, 0, 13, 330.46
1734752844, 18, 17, 82, 2, 0, 0.06%, 9, 0, 13, 300.40
1734752849, 18, 18, 82, 2, 0, 0.06%, 9, 0, 13, 274.56
1734752854, 18, 22, 82, 2, 0, 0.06%, 9, 0, 13, 275.60
1734752859, 18, 23, 82, 2, 0, 0.06%, 9, 0, 13, 308.90
1734752864, 18, 25, 82, 2, 0, 0.06%, 9, 0, 13, 325.57
1734752869, 18, 26, 82, 2, 0, 0.06%, 9, 0, 13, 293.12
1734752874, 18, 27, 82, 2, 0, 0.06%, 9, 0, 13, 296.24
1734752879, 18, 28, 82, 2, 0, 0.06%, 9, 0, 13, 301.75
1734752884, 18, 29, 82, 2, 0, 0.06%, 9, 0, 13, 328.15
1734752889, 18, 30, 82, 2, 0, 0.06%, 9, 0, 13, 296.83
1734752894, 18, 35, 82, 2, 0, 0.06%, 9, 0, 13, 271.89
1734752899, 18, 38, 82, 2, 0, 0.06%, 9, 0, 13, 323.32
1734752904, 18, 40, 82, 2, 0, 0.06%, 9, 0, 13, 294.23
1734752909, 18, 41, 82, 2, 0, 0.06%, 9, 0, 13, 340.23
1734752914, 18, 42, 82, 2, 0, 0.06%, 9, 0, 13, 340.06
1734752925, 18, 43, 82, 2, 0, 0.06%, 9, 0, 13, 314.69
1734752930, 18, 53, 82, 2, 0, 0.06%, 9, 0, 13, 318.81
1734752940, 18, 54, 82, 2, 0, 0.06%, 9, 0, 13, 340.46
1734752950, 18, 55, 82, 2, 0, 0.06%, 9, 0, 13, 328.89
1734752955, 18, 57, 82, 2, 0, 0.06%, 9, 0, 13, 375.01
1734752960, 18, 58, 82, 2, 0, 0.06%, 9, 0, 13, 356.65
1734752970, 18, 59, 82, 2, 0, 0.06%, 9, 0, 13, 362.16
1734752975, 18, 60, 82, 2, 0, 0.06%, 9, 0, 13, 363.21
1734752985, 18, 61, 82, 2, 0, 0.06%, 9, 0, 13, 361.42
1734752991, 18, 62, 82, 2, 0, 0.06%, 9, 0, 13, 348.84
1734753006, 18, 63, 82, 2, 0, 0.06%, 9, 0, 13, 401.69
1734753011, 18, 64, 82, 2, 0, 0.06%, 9, 0, 13, 344.02
1734753021, 18, 65, 82, 2, 0, 0.06%, 9, 0, 13, 385.00
1734753026, 18, 66, 82, 2, 0, 0.06%, 9, 0, 13, 334.70
1734753036, 18, 67, 82, 2, 0, 0.06%, 9, 0, 13, 340.09
1734753046, 18, 68, 82, 2, 0, 0.06%, 9, 0, 13, 333.37
1734753051, 18, 69, 82, 2, 0, 0.06%, 9, 0, 13, 322.33
1734753057, 18, 70, 82, 2, 0, 0.06%, 9, 0, 13, 287.14
1734753062, 18, 71, 82, 2, 0, 0.06%, 9, 0, 13, 333.48
1734753072, 18, 72, 82, 2, 0, 0.06%, 9, 0, 13, 357.70
1734753077, 18, 73, 82, 2, 0, 0.06%, 9, 0, 13, 353.88
1734753087, 18, 75, 82, 2, 0, 0.06%, 9, 0, 13, 386.59
1734753097, 18, 76, 82, 2, 0, 0.06%, 9, 0, 13, 270.47
1734753107, 18, 77, 82, 2, 0, 0.06%, 9, 0, 13, 349.54
1734753118, 18, 78, 82, 2, 0, 0.06%, 9, 0, 13, 324.51
1734753123, 18, 79, 82, 2, 0, 0.06%, 9, 0, 13, 308.29
1734753133, 18, 80, 82, 2, 0, 0.06%, 9, 0, 13, 366.40
1734753138, 18, 81, 82, 2, 0, 0.06%, 9, 0, 13, 317.96
1734753168, 19, 17, 82, 2, 0, 0.06%, 9, 0, 13, 287.20
1734753173, 19, 18, 82, 2, 0, 0.06%, 9, 0, 13, 279.08
1734753178, 19, 22, 82, 2, 0, 0.06%, 9, 0, 13, 263.97
1734753183, 19, 23, 82, 2, 0, 0.06%, 9, 0, 13, 304.74
1734753188, 19, 25, 82, 2, 0, 0.06%, 9, 0, 13, 311.11
1734753193, 19, 26, 82, 2, 0, 0.06%, 9, 0, 13, 271.72
1734753198, 19, 27, 82, 2, 0, 0.06%, 9, 0, 13, 281.03
1734753204, 19, 28, 82, 2, 0, 0.06%, 9, 0, 13, 293.37
1734753209, 19, 29, 82, 2, 0, 0.06%, 9, 0, 13, 316.49
1734753214, 19, 30, 82, 2, 0, 0.06%, 9, 0, 13, 292.74
1734753219, 19, 35, 82, 2, 0, 0.06%, 9, 0, 13, 289.67
1734753224, 19, 38, 82, 2, 0, 0.06%, 9, 0, 13, 338.66
1734753229, 19, 40, 82, 2, 0, 0.06%, 9, 0, 13, 294.21
1734753234, 19, 41, 82, 2, 0, 0.06%, 9, 0, 13, 345.25
1734753239, 19, 42, 82, 2, 0, 0.06%, 9, 0, 13, 331.90
1734753249, 19, 43, 82, 2, 0, 0.06%, 9, 0, 13, 332.82
1734753254, 19, 53, 82, 2, 0, 0.06%, 9, 0, 13, 326.13
1734753264, 19, 54, 82, 2, 0, 0.06%, 9, 0, 13, 370.36
1734753270, 19, 55, 82, 2, 0, 0.06%, 9, 0, 13, 336.65
1734753280, 19, 57, 82, 2, 0, 0.06%, 9, 0, 13, 348.61
1734753285, 19, 58, 82, 2, 0, 0.06%, 9, 0, 13, 378.35
1734753290, 19, 59, 82, 2, 0, 0.06%, 9, 0, 13, 344.69
1734753300, 19, 60, 82, 2, 0, 0.06%, 9, 0, 13, 391.19
1734753305, 19, 61, 82, 2, 0, 0.06%, 9, 0, 13, 328.16
1734753315, 19, 62, 82, 2, 0, 0.06%, 9, 0, 13, 320.06
1734753330, 19, 63, 82, 2, 0, 0.06%, 9, 0, 13, 384.93
1734753336, 19, 64, 82, 2, 0, 0.06%, 9, 0, 13, 327.61
1734753346, 19, 65, 82, 2, 0, 0.06%, 9, 0, 13, 397.12
1734753351, 19, 66, 82, 2, 0, 0.06%, 9, 0, 13, 335.02
1734753361, 19, 67, 82, 2, 0, 0.06%, 9, 0, 13, 358.27
1734753371, 19, 68, 82, 2, 0, 0.06%, 9, 0, 13, 332.57
1734753376, 19, 69, 82, 2, 0, 0.06%, 9, 0, 13, 315.65
1734753381, 19, 70, 82, 2, 0, 0.06%, 9, 0, 13, 302.00
1734753386, 19, 71, 82, 2, 0, 0.06%, 9, 0, 13, 338.10
1734753396, 19, 72, 82, 2, 0, 0.06%, 9, 0, 13, 341.79
1734753401, 19, 73, 82, 2, 0, 0.06%, 9, 0, 13, 360.15
1734753412, 19, 75, 82, 2, 0, 0.06%, 9, 0, 13, 389.74
1734753422, 19, 76, 82, 2, 0, 0.06%, 9, 0, 13, 270.05
1734753432, 19, 77, 82, 2, 0, 0.06%, 9, 0, 13, 335.98
1734753442, 19, 78, 82, 2, 0, 0.06%, 9, 0, 13, 329.56
1734753447, 19, 79, 82, 2, 0, 0.06%, 9, 0, 13, 324.80
1734753457, 19, 80, 82, 2, 0, 0.06%, 9, 0, 13, 359.94
1734753462, 19, 81, 82, 2, 0, 0.06%, 9, 0, 13, 337.30
1734753473, 20, 17, 82, 2, 0, 0.06%, 9, 0, 13, 294.30
1734753478, 20, 18, 82, 2, 0, 0.06%, 9, 0, 13, 283.62
1734753483, 20, 22, 82, 2, 0, 0.06%, 9, 0, 13, 265.00
1734753488, 20, 23, 82, 2, 0, 0.06%, 9, 0, 13, 303.97
1734753493, 20, 25, 82, 2, 0, 0.06%, 9, 0, 13, 326.63
1734753498, 20, 26, 82, 2, 0, 0.06%, 9, 0, 13, 275.92
1734753503, 20, 27, 82, 2, 0, 0.06%, 9, 0, 13, 291.57
1734753508, 20, 28, 82, 2, 0, 0.06%, 9, 0, 13, 287.02
1734753513, 20, 29, 82, 2, 0, 0.06%, 9, 0, 13, 312.33
1734753518, 20, 30, 82, 2, 0, 0.06%, 9, 0, 13, 289.97
1734753523, 20, 35, 82, 2, 0, 0.06%, 9, 0, 13, 283.55
1734753528, 20, 38, 82, 2, 0, 0.06%, 9, 0, 13, 316.81
1734753533, 20, 40, 82, 2, 0, 0.06%, 9, 0, 13, 306.90
1734753538, 20, 41, 82, 2, 0, 0.06%, 9, 0, 13, 335.77
1734753544, 20, 42, 82, 2, 0, 0.06%, 9, 0, 13, 345.85
1734753554, 20, 43, 82, 2, 0, 0.06%, 9, 0, 13, 327.21
1734753559, 20, 53, 82, 2, 0, 0.06%, 9, 0, 13, 316.42
1734753569, 20, 54, 82, 2, 0, 0.06%, 9, 0, 13, 372.19
1734753574, 20, 55, 82, 2, 0, 0.06%, 9, 0, 13, 327.13
1734753584, 20, 57, 82, 2, 0, 0.06%, 9, 0, 13, 355.75
1734753589, 20, 58, 82, 2, 0, 0.06%, 9, 0, 13, 386.25
1734753594, 20, 59, 82, 2, 0, 0.06%, 9, 0, 13, 330.10
1734753605, 20, 60, 82, 2, 0, 0.06%, 9, 0, 13, 360.18
1734753615, 20, 61, 82, 2, 0, 0.06%, 9, 0, 13, 343.70
1734753620, 20, 62, 82, 2, 0, 0.06%, 9, 0, 13, 336.32
1734753635, 20, 63, 82, 2, 0, 0.06%, 9, 0, 13, 399.79
1734753640, 20, 64, 82, 2, 0, 0.06%, 9, 0, 13, 321.26
1734753650, 20, 65, 82, 2, 0, 0.06%, 9, 0, 13, 387.88
1734753656, 20, 66, 82, 2, 0, 0.06%, 9, 0, 13, 344.25
1734753666, 20, 67, 82, 2, 0, 0.06%, 9, 0, 13, 337.46
1734753676, 20, 68, 82, 2, 0, 0.06%, 9, 0, 13, 320.42
1734753681, 20, 69, 82, 2, 0, 0.06%, 9, 0, 13, 315.88
1734753686, 20, 70, 82, 2, 0, 0.06%, 9, 0, 13, 296.31
1734753691, 20, 71, 82, 2, 0, 0.06%, 9, 0, 13, 333.79
1734753701, 20, 72, 82, 2, 0, 0.06%, 9, 0, 13, 345.00
1734753706, 20, 73, 82, 2, 0, 0.06%, 9, 0, 13, 317.44
1734753717, 20, 75, 82, 2, 0, 0.06%, 9, 0, 13, 349.22
1734753727, 20, 76, 82, 2, 0, 0.06%, 9, 0, 13, 292.58
1734753737, 20, 77, 82, 2, 0, 0.06%, 9, 0, 13, 379.86
1734753747, 20, 78, 82, 2, 0, 0.06%, 9, 0, 13, 328.53
1734753752, 20, 79, 82, 2, 0, 0.06%, 9, 0, 13, 325.73
