# unix_time, cycles_done, cur_path, paths_total, pending_total, pending_favs, map_size, unique_crashes, unique_hangs, max_depth, execs_per_sec
1733669187, 0, 0, 10, 10, 1, 0.00%, 0, 0, 1, 172.79
1733669192, 0, 3, 10, 10, 1, 0.00%, 0, 0, 1, 198.63
1733669197, 0, 4, 10, 9, 0, 0.00%, 0, 0, 1, 205.35
1733669202, 0, 5, 10, 8, 0, 0.00%, 0, 0, 1, 203.48
1733669213, 0, 6, 10, 7, 0, 0.00%, 0, 0, 1, 209.74
1733669218, 0, 7, 10, 6, 0, 0.00%, 0, 0, 1, 197.76
1733669228, 0, 8, 10, 5, 0, 0.00%, 0, 0, 1, 208.67
1733669233, 0, 9, 10, 4, 0, 0.00%, 0, 0, 1, 193.09
1733669243, 1, 0, 10, 3, 0, 0.00%, 0, 0, 1, 210.51
1733669253, 1, 1, 10, 2, 0, 0.00%, 0, 0, 1, 207.68
1733669263, 1, 2, 10, 1, 0, 0.00%, 0, 0, 1, 206.98
1733669274, 1, 3, 10, 0, 0, 0.00%, 0, 0, 1, 205.52
1733669279, 1, 4, 10, 0, 0, 0.00%, 0, 0, 1, 207.41
1733669284, 1, 5, 10, 0, 0, 0.00%, 0, 0, 1, 201.44
1733669289, 1, 6, 10, 0, 0, 0.00%, 0, 0, 1, 204.89
1733669294, 1, 8, 10, 0, 0, 0.00%, 0, 0, 1, 208.41
1733669299, 1, 9, 11, 1, 0, 0.05%, 1, 0, 2, 203.08
1733669304, 1, 10, 12, 2, 1, 0.05%, 2, 0, 3, 205.10
1733669344, 1, 11, 12, 1, 1, 0.05%, 2, 0, 3, 217.22
1733669350, 1, 11, 15, 4, 1, 0.05%, 3, 0, 4, 255.10
1733669355, 1, 11, 17, 6, 1, 0.05%, 4, 0, 4, 263.30
1733669360, 1, 11, 18, 7, 1, 0.06%, 5, 0, 4, 269.38
1733669365, 1, 11, 19, 8, 1, 0.06%, 6, 0, 4, 262.56
1733669380, 1, 11, 20, 9, 1, 0.06%, 6, 0, 4, 269.00
1733669446, 1, 17, 22, 10, 4, 0.06%, 6, 0, 5, 224.92
1733669462, 1, 17, 23, 11, 4, 0.06%, 6, 0, 5, 269.28
1733669467, 1, 17, 24, 12, 4, 0.06%, 6, 0, 5, 270.99
1733669543, 1, 17, 25, 13, 4, 0.06%, 6, 0, 5, 225.89
1733669548, 1, 18, 25, 12, 3, 0.06%, 6, 0, 5, 211.75
1733669558, 1, 18, 26, 13, 3, 0.06%, 6, 0, 5, 394.29
1733669589, 1, 18, 27, 14, 3, 0.06%, 6, 0, 5, 220.84
1733669594, 1, 18, 28, 15, 3, 0.06%, 7, 0, 5, 240.15
1733669599, 1, 27, 30, 16, 3, 0.06%, 8, 0, 6, 267.20
1733669604, 1, 27, 31, 17, 3, 0.06%, 8, 0, 6, 236.15
1733669614, 1, 27, 32, 18, 3, 0.06%, 9, 0, 6, 221.06
1733669635, 1, 27, 33, 19, 3, 0.06%, 9, 0, 6, 232.99
1733669691, 1, 27, 34, 20, 3, 0.06%, 9, 0, 6, 228.59
1733669721, 1, 31, 34, 19, 4, 0.06%, 9, 0, 6, 336.70
1733669726, 1, 31, 35, 20, 4, 0.06%, 9, 0, 7, 468.74
1733669742, 1, 31, 36, 21, 4, 0.06%, 9, 0, 7, 499.91
1733669752, 1, 31, 37, 22, 4, 0.06%, 9, 0, 7, 505.22
1733669767, 1, 31, 38, 23, 4, 0.06%, 9, 0, 7, 509.17
1733669782, 1, 32, 39, 23, 3, 0.06%, 9, 0, 7, 313.14
1733669793, 1, 32, 40, 24, 3, 0.06%, 9, 0, 7, 490.75
1733669808, 1, 32, 41, 25, 3, 0.06%, 9, 0, 7, 495.11
1733669823, 1, 32, 42, 26, 3, 0.06%, 9, 0, 7, 505.16
1733669843, 1, 33, 43, 26, 3, 0.06%, 9, 0, 7, 289.36
1733669869, 1, 33, 44, 27, 3, 0.06%, 9, 0, 7, 264.89
1733669894, 1, 33, 45, 28, 3, 0.06%, 9, 0, 7, 263.80
1733669900, 1, 33, 46, 29, 3, 0.06%, 9, 0, 7, 268.10
1733669910, 1, 33, 47, 30, 3, 0.06%, 9, 0, 7, 266.61
1733669955, 1, 33, 48, 31, 3, 0.06%, 9, 0, 7, 230.70
1733669960, 1, 40, 50, 32, 3, 0.06%, 9, 0, 8, 302.77
1733670006, 1, 40, 52, 34, 3, 0.06%, 9, 0, 8, 314.22
1733670016, 2, 18, 52, 33, 3, 0.06%, 9, 0, 8, 281.38
1733670022, 2, 25, 52, 33, 3, 0.06%, 9, 0, 8, 282.66
1733670047, 2, 26, 52, 32, 3, 0.06%, 9, 0, 8, 405.83
1733670052, 2, 26, 53, 33, 3, 0.06%, 9, 0, 8, 463.18
1733670067, 2, 26, 54, 34, 3, 0.06%, 9, 0, 8, 378.21
1733670078, 2, 27, 54, 33, 3, 0.06%, 9, 0, 8, 271.63
1733670083, 2, 28, 54, 33, 3, 0.06%, 9, 0, 8, 434.35
1733670098, 2, 29, 54, 32, 3, 0.06%, 9, 0, 8, 314.37
1733670128, 2, 30, 54, 31, 2, 0.06%, 9, 0, 8, 409.49
1733670144, 2, 31, 54, 30, 2, 0.06%, 9, 0, 8, 313.92
1733670149, 2, 32, 54, 30, 2, 0.06%, 9, 0, 8, 388.58
1733670154, 2, 33, 54, 30, 2, 0.06%, 9, 0, 8, 401.05
1733670169, 2, 34, 54, 30, 2, 0.06%, 9, 0, 8, 297.86
1733670190, 2, 35, 54, 29, 2, 0.06%, 9, 0, 8, 403.34
1733670210, 2, 38, 54, 28, 2, 0.06%, 9, 0, 8, 416.10
1733670225, 2, 39, 54, 27, 2, 0.06%, 9, 0, 8, 303.97
1733670276, 2, 39, 55, 28, 2, 0.06%, 9, 0, 8, 299.10
1733670281, 2, 40, 55, 27, 2, 0.06%, 9, 0, 8, 318.68
1733670286, 2, 42, 55, 27, 2, 0.06%, 9, 0, 8, 392.79
1733670317, 2, 52, 55, 26, 2, 0.06%, 9, 0, 8, 379.27
1733670337, 2, 53, 55, 25, 2, 0.06%, 9, 0, 8, 427.62
1733670342, 2, 53, 56, 26, 2, 0.06%, 9, 0, 8, 476.84
1733670353, 2, 53, 57, 27, 2, 0.06%, 9, 0, 8, 481.86
1733670383, 2, 55, 57, 26, 2, 0.06%, 9, 0, 8, 356.13
1733670409, 2, 55, 58, 27, 2, 0.06%, 9, 0, 8, 524.77
1733670445, 2, 56, 58, 26, 2, 0.06%, 9, 0, 8, 395.19
1733670810, 3, 14, 58, 25, 2, 0.06%, 9, 0, 8, 310.36
1733670831, 3, 15, 58, 24, 1, 0.06%, 9, 0, 8, 271.13
1733670856, 3, 24, 58, 23, 0, 0.06%, 9, 0, 8, 336.71
1733670876, 3, 29, 58, 22, 0, 0.06%, 9, 0, 8, 263.91
1733670881, 3, 32, 58, 22, 0, 0.06%, 9, 0, 8, 306.69
1733670886, 3, 33, 58, 22, 0, 0.06%, 9, 0, 8, 280.39
1733670891, 3, 35, 58, 22, 0, 0.06%, 9, 0, 8, 305.35
1733670897, 3, 39, 58, 22, 0, 0.06%, 9, 0, 8, 309.48
1733670902, 3, 40, 59, 23, 0, 0.06%, 9, 0, 8, 326.21
1733670943, 3, 42, 60, 24, 0, 0.06%, 9, 0, 8, 306.53
1733670958, 3, 43, 60, 24, 0, 0.06%, 9, 0, 8, 324.11
1733671014, 3, 44, 60, 23, 0, 0.06%, 9, 0, 8, 347.31
1733671044, 3, 45, 60, 22, 0, 0.06%, 9, 0, 8, 417.02
1733671060, 3, 45, 61, 23, 0, 0.06%, 9, 0, 8, 293.61
1733671090, 3, 46, 61, 22, 0, 0.06%, 9, 0, 8, 342.28
1733671162, 3, 46, 62, 23, 0, 0.06%, 9, 0, 8, 418.49
1733671182, 3, 48, 62, 22, 0, 0.06%, 9, 0, 8, 396.64
1733671212, 3, 49, 62, 21, 0, 0.06%, 9, 0, 8, 339.93
1733671274, 3, 50, 62, 20, 0, 0.06%, 9, 0, 8, 415.05
1733671284, 3, 50, 63, 21, 0, 0.06%, 9, 0, 9, 479.54
1733671294, 3, 50, 64, 22, 0, 0.06%, 9, 0, 9, 477.51
1733671299, 3, 50, 66, 24, 0, 0.06%, 9, 0, 9, 477.52
1733671340, 3, 51, 66, 23, 0, 0.06%, 9, 0, 9, 458.22
1733671366, 3, 52, 66, 22, 0, 0.06%, 9, 0, 9, 401.29
1733671376, 3, 53, 67, 23, 0, 0.06%, 9, 0, 9, 413.63
1733671386, 3, 54, 67, 23, 0, 0.06%, 9, 0, 9, 313.45
1733671473, 3, 54, 68, 24, 0, 0.06%, 9, 0, 9, 484.66
1733671935, 3, 55, 68, 23, 0, 0.06%, 9, 0, 9, 383.72
1733671945, 3, 56, 68, 23, 0, 0.06%, 9, 0, 9, 320.09
1733671961, 3, 57, 68, 23, 0, 0.06%, 9, 0, 9, 405.99
1733672037, 3, 62, 68, 22, 0, 0.06%, 9, 0, 9, 340.32
1733672104, 3, 62, 69, 23, 0, 0.06%, 9, 0, 10, 464.28
1733672135, 3, 66, 69, 22, 0, 0.06%, 9, 0, 10, 429.89
1733672140, 3, 66, 70, 23, 0, 0.06%, 9, 0, 10, 495.58
1733672201, 3, 68, 71, 23, 0, 0.06%, 9, 0, 11, 347.71
1733672283, 3, 69, 71, 22, 0, 0.06%, 9, 0, 11, 404.81
1733672355, 3, 70, 71, 21, 0, 0.06%, 9, 0, 11, 309.54
1733672442, 4, 12, 71, 20, 0, 0.06%, 9, 0, 11, 282.62
1733672467, 4, 13, 71, 19, 0, 0.06%, 9, 0, 11, 349.88
1733672488, 4, 14, 71, 18, 0, 0.06%, 9, 0, 11, 312.11
1733672493, 4, 15, 71, 18, 0, 0.06%, 9, 0, 11, 280.56
1733672498, 4, 16, 71, 18, 0, 0.06%, 9, 0, 11, 295.68
1733672518, 4, 18, 71, 17, 0, 0.06%, 9, 0, 11, 313.06
1733672523, 4, 19, 72, 18, 0, 0.06%, 9, 0, 11, 367.27
1733672549, 4, 24, 72, 17, 0, 0.06%, 9, 0, 11, 331.26
1733672554, 4, 25, 72, 17, 0, 0.06%, 9, 0, 11, 278.54
1733672559, 4, 26, 72, 17, 0, 0.06%, 9, 0, 11, 318.66
1733672564, 4, 28, 72, 17, 0, 0.06%, 9, 0, 11, 321.18
1733672569, 4, 33, 72, 17, 0, 0.06%, 9, 0, 11, 301.02
1733672574, 4, 35, 72, 17, 0, 0.06%, 9, 0, 11, 322.37
1733672579, 4, 39, 72, 17, 0, 0.06%, 9, 0, 11, 418.29
1733672615, 4, 40, 72, 17, 0, 0.06%, 9, 0, 11, 340.67
1733672620, 4, 42, 72, 17, 0, 0.06%, 9, 0, 11, 306.61
1733672625, 4, 43, 72, 17, 0, 0.06%, 9, 0, 11, 308.74
1733672630, 4, 44, 72, 17, 0, 0.06%, 9, 0, 11, 289.20
1733672635, 4, 45, 72, 17, 0, 0.06%, 9, 0, 11, 295.13
1733672640, 4, 46, 72, 17, 0, 0.06%, 9, 0, 11, 285.01
1733672645, 4, 47, 72, 17, 0, 0.06%, 9, 0, 11, 325.78
1733672737, 4, 48, 72, 16, 0, 0.06%, 9, 0, 11, 297.95
1733672743, 4, 49, 72, 16, 0, 0.06%, 9, 0, 11, 375.56
1733672783, 4, 52, 72, 16, 0, 0.06%, 9, 0, 11, 333.05
1733672789, 4, 55, 72, 16, 0, 0.06%, 9, 0, 11, 345.00
1733672799, 4, 56, 72, 16, 0, 0.06%, 9, 0, 11, 262.55
1733672809, 4, 57, 72, 16, 0, 0.06%, 9, 0, 11, 337.19
1733672824, 4, 59, 72, 16, 0, 0.06%, 9, 0, 11, 350.66
1733672896, 4, 59, 73, 17, 0, 0.06%, 9, 0, 11, 433.03
1733672927, 4, 60, 74, 17, 0, 0.06%, 9, 0, 11, 267.41
1733673750, 4, 62, 74, 16, 0, 0.06%, 9, 0, 11, 313.91
1733673766, 4, 66, 74, 16, 0, 0.06%, 9, 0, 11, 349.26
1733673776, 4, 68, 74, 16, 0, 0.06%, 9, 0, 11, 353.32
1733673786, 4, 68, 75, 17, 0, 0.06%, 9, 0, 11, 311.05
1733673791, 4, 69, 75, 17, 0, 0.06%, 9, 0, 11, 368.49
1733673806, 4, 70, 75, 17, 0, 0.06%, 9, 0, 11, 392.65
1733673821, 5, 18, 75, 17, 0, 0.06%, 9, 0, 11, 291.03
1733673826, 5, 25, 75, 17, 0, 0.06%, 9, 0, 11, 289.15
1733673831, 5, 28, 75, 17, 0, 0.06%, 9, 0, 11, 336.58
1733673836, 5, 52, 75, 17, 0, 0.06%, 9, 0, 11, 349.92
1733673841, 5, 53, 75, 17, 0, 0.06%, 9, 0, 11, 369.99
1733673846, 5, 55, 75, 17, 0, 0.06%, 9, 0, 11, 366.19
1733673851, 5, 56, 75, 17, 0, 0.06%, 9, 0, 11, 394.49
1733673867, 5, 57, 75, 17, 0, 0.06%, 9, 0, 11, 321.72
1733673872, 5, 62, 75, 17, 0, 0.06%, 9, 0, 11, 366.11
1733673887, 5, 66, 75, 17, 0, 0.06%, 9, 0, 11, 386.06
1733673897, 5, 68, 75, 17, 0, 0.06%, 9, 0, 11, 414.85
1733673907, 5, 69, 75, 17, 0, 0.06%, 9, 0, 11, 339.30
1733673922, 5, 70, 75, 17, 0, 0.06%, 9, 0, 11, 400.42
1733673937, 6, 18, 75, 17, 0, 0.06%, 9, 0, 11, 305.88
1733673943, 6, 25, 75, 17, 0, 0.06%, 9, 0, 11, 269.62
1733673948, 6, 26, 75, 17, 0, 0.06%, 9, 0, 11, 312.45
1733673953, 6, 28, 76, 18, 0, 0.06%, 9, 0, 11, 321.37
1733673958, 6, 53, 76, 18, 0, 0.06%, 9, 0, 11, 319.66
1733673963, 6, 55, 76, 18, 0, 0.06%, 9, 0, 11, 308.03
1733673968, 6, 56, 76, 18, 0, 0.06%, 9, 0, 11, 379.21
1733673983, 6, 57, 76, 18, 0, 0.06%, 9, 0, 11, 324.76
1733673988, 6, 62, 76, 18, 0, 0.06%, 9, 0, 11, 339.94
1733673999, 6, 66, 76, 18, 0, 0.06%, 9, 0, 11, 346.20
1733674004, 6, 68, 76, 18, 0, 0.06%, 9, 0, 11, 374.76
1733674009, 6, 69, 76, 18, 0, 0.06%, 9, 0, 11, 319.53
1733674019, 6, 70, 76, 18, 0, 0.06%, 9, 0, 11, 382.12
1733674024, 6, 75, 76, 18, 0, 0.06%, 9, 0, 11, 293.76
1733674621, 7, 11, 76, 17, 0, 0.06%, 9, 0, 11, 326.53
1733674626, 7, 12, 76, 17, 0, 0.06%, 9, 0, 11, 281.32
1733674631, 7, 13, 76, 17, 0, 0.06%, 9, 0, 11, 317.75
1733674636, 7, 15, 76, 17, 0, 0.06%, 9, 0, 11, 288.30
1733674641, 7, 16, 76, 17, 0, 0.06%, 9, 0, 11, 317.03
1733674646, 7, 18, 76, 17, 0, 0.06%, 9, 0, 11, 293.99
1733674651, 7, 19, 76, 17, 0, 0.06%, 9, 0, 11, 318.56
1733674656, 7, 24, 76, 17, 0, 0.06%, 9, 0, 11, 322.38
1733674661, 7, 25, 76, 17, 0, 0.06%, 9, 0, 11, 283.72
1733674667, 7, 28, 76, 17, 0, 0.06%, 9, 0, 11, 329.55
1733674672, 7, 35, 76, 17, 0, 0.06%, 9, 0, 11, 364.07
1733674677, 7, 39, 76, 17, 0, 0.06%, 9, 0, 11, 344.35
1733674682, 7, 47, 76, 17, 0, 0.06%, 9, 0, 11, 314.10
1733674727, 7, 52, 76, 17, 0, 0.06%, 9, 0, 11, 334.54
1733674732, 7, 53, 76, 17, 0, 0.06%, 9, 0, 11, 340.11
1733674737, 7, 55, 76, 17, 0, 0.06%, 9, 0, 11, 335.98
1733674743, 7, 56, 76, 17, 0, 0.06%, 9, 0, 11, 282.89
1733674753, 7, 57, 76, 17, 0, 0.06%, 9, 0, 11, 341.51
1733674763, 7, 58, 76, 17, 0, 0.06%, 9, 0, 11, 400.87
1733675353, 7, 62, 76, 16, 0, 0.06%, 9, 0, 11, 348.60
1733675358, 7, 66, 76, 16, 0, 0.06%, 9, 0, 11, 349.09
1733675363, 7, 68, 76, 16, 0, 0.06%, 9, 0, 11, 336.90
1733675373, 7, 69, 76, 16, 0, 0.06%, 9, 0, 11, 351.76
1733675378, 7, 70, 76, 16, 0, 0.06%, 9, 0, 11, 325.25
1733675388, 7, 75, 76, 16, 0, 0.06%, 9, 0, 11, 346.15
1733675408, 8, 25, 76, 16, 0, 0.06%, 9, 0, 11, 310.02
1733675413, 8, 26, 76, 16, 0, 0.06%, 9, 0, 11, 280.17
1733675418, 8, 28, 76, 16, 0, 0.06%, 9, 0, 11, 349.23
1733675424, 8, 52, 76, 16, 0, 0.06%, 9, 0, 11, 354.85
1733675429, 8, 53, 76, 16, 0, 0.06%, 9, 0, 11, 359.28
1733675434, 8, 55, 76, 16, 0, 0.06%, 9, 0, 11, 361.77
1733675439, 8, 56, 76, 16, 0, 0.06%, 9, 0, 11, 335.65
1733675449, 8, 57, 76, 16, 0, 0.06%, 9, 0, 11, 293.21
1733675459, 8, 62, 76, 16, 0, 0.06%, 9, 0, 11, 369.58
1733675470, 8, 66, 76, 16, 0, 0.06%, 9, 0, 11, 346.66
1733675475, 8, 68, 76, 16, 0, 0.06%, 9, 0, 11, 340.25
1733675480, 8, 69, 76, 16, 0, 0.06%, 9, 0, 11, 327.57
1733675490, 8, 70, 76, 16, 0, 0.06%, 9, 0, 11, 359.10
1733675495, 8, 75, 76, 16, 0, 0.06%, 9, 0, 11, 444.17
1733675515, 9, 18, 76, 16, 0, 0.06%, 9, 0, 11, 320.38
1733675520, 9, 25, 76, 16, 0, 0.06%, 9, 0, 11, 288.74
1733675525, 9, 26, 76, 16, 0, 0.06%, 9, 0, 11, 313.52
1733675530, 9, 52, 76, 16, 0, 0.06%, 9, 0, 11, 323.44
1733675536, 9, 53, 76, 16, 0, 0.06%, 9, 0, 11, 374.06
1733675541, 9, 55, 76, 16, 0, 0.06%, 9, 0, 11, 362.46
1733675546, 9, 56, 76, 16, 0, 0.06%, 9, 0, 11, 412.50
1733675561, 9, 57, 76, 16, 0, 0.06%, 9, 0, 11, 330.21
1733675566, 9, 62, 76, 16, 0, 0.06%, 9, 0, 11, 357.60
1733675576, 9, 66, 76, 16, 0, 0.06%, 9, 0, 11, 363.33
1733675581, 9, 68, 76, 16, 0, 0.06%, 9, 0, 11, 356.14
1733675586, 9, 69, 76, 16, 0, 0.06%, 9, 0, 11, 332.95
1733675597, 9, 70, 76, 16, 0, 0.06%, 9, 0, 11, 370.60
1733675602, 9, 75, 76, 16, 0, 0.06%, 9, 0, 11, 379.73
1733675617, 10, 18, 76, 16, 0, 0.06%, 9, 0, 11, 367.40
1733675622, 10, 25, 76, 16, 0, 0.06%, 9, 0, 11, 299.66
1733675627, 10, 26, 76, 16, 0, 0.06%, 9, 0, 11, 345.56
1733675632, 10, 28, 76, 16, 0, 0.06%, 9, 0, 11, 346.30
1733675637, 10, 33, 76, 16, 0, 0.06%, 9, 0, 11, 314.76
1733675642, 10, 35, 76, 16, 0, 0.06%, 9, 0, 11, 325.32
1733675647, 10, 39, 76, 16, 0, 0.06%, 9, 0, 11, 337.48
1733675652, 10, 40, 76, 16, 0, 0.06%, 9, 0, 11, 341.86
1733675657, 10, 42, 76, 16, 0, 0.06%, 9, 0, 11, 318.07
1733675662, 10, 43, 76, 16, 0, 0.06%, 9, 0, 11, 309.82
1733675667, 10, 44, 76, 16, 0, 0.06%, 9, 0, 11, 310.72
1733675672, 10, 45, 76, 16, 0, 0.06%, 9, 0, 11, 296.20
1733675678, 10, 46, 76, 16, 0, 0.06%, 9, 0, 11, 328.08
1733675683, 10, 47, 76, 16, 0, 0.06%, 9, 0, 11, 353.04
1733675688, 10, 48, 76, 16, 0, 0.06%, 9, 0, 11, 303.93
1733675693, 10, 49, 76, 16, 0, 0.06%, 9, 0, 11, 367.07
1733675698, 10, 52, 76, 16, 0, 0.06%, 9, 0, 11, 320.08
1733675703, 10, 53, 76, 16, 0, 0.06%, 9, 0, 11, 353.14
1733675708, 10, 55, 76, 16, 0, 0.06%, 9, 0, 11, 351.72
1733675713, 10, 56, 76, 16, 0, 0.06%, 9, 0, 11, 419.40
1733675723, 10, 57, 76, 16, 0, 0.06%, 9, 0, 11, 389.09
1733675733, 10, 58, 76, 16, 0, 0.06%, 9, 0, 11, 378.73
1733675754, 10, 59, 76, 16, 0, 0.06%, 9, 0, 11, 334.40
1733675820, 10, 60, 76, 16, 0, 0.06%, 9, 0, 11, 431.79
1733675845, 10, 62, 76, 16, 0, 0.06%, 9, 0, 11, 335.74
1733675855, 10, 66, 76, 16, 0, 0.06%, 9, 0, 11, 330.95
1733675860, 10, 68, 76, 16, 0, 0.06%, 9, 0, 11, 361.54
1733675865, 10, 69, 76, 16, 0, 0.06%, 9, 0, 11, 327.75
1733675875, 10, 70, 76, 16, 0, 0.06%, 9, 0, 11, 373.40
1733675880, 10, 72, 76, 16, 0, 0.06%, 9, 0, 11, 363.64
1733676018, 10, 73, 76, 15, 0, 0.06%, 9, 0, 11, 354.95
1733676175, 10, 75, 76, 14, 0, 0.06%, 9, 0, 11, 296.13
1733676186, 11, 18, 76, 14, 0, 0.06%, 9, 0, 11, 362.81
1733676191, 11, 25, 76, 14, 0, 0.06%, 9, 0, 11, 307.61
1733676196, 11, 26, 76, 14, 0, 0.06%, 9, 0, 11, 297.41
1733676201, 11, 28, 76, 14, 0, 0.06%, 9, 0, 11, 353.88
1733676206, 11, 52, 76, 14, 0, 0.06%, 9, 0, 11, 352.07
1733676211, 11, 53, 76, 14, 0, 0.06%, 9, 0, 11, 365.08
1733676216, 11, 55, 76, 14, 0, 0.06%, 9, 0, 11, 361.19
1733676221, 11, 56, 76, 14, 0, 0.06%, 9, 0, 11, 352.06
1733676231, 11, 57, 76, 14, 0, 0.06%, 9, 0, 11, 335.75
1733676241, 11, 62, 76, 14, 0, 0.06%, 9, 0, 11, 380.90
1733676246, 11, 66, 76, 14, 0, 0.06%, 9, 0, 11, 321.84
1733676251, 11, 68, 76, 14, 0, 0.06%, 9, 0, 11, 334.42
1733676261, 11, 69, 76, 14, 0, 0.06%, 9, 0, 11, 380.85
1733676266, 11, 70, 76, 14, 0, 0.06%, 9, 0, 11, 366.65
1733676277, 11, 75, 76, 14, 0, 0.06%, 9, 0, 11, 409.38
1733676292, 12, 18, 76, 14, 0, 0.06%, 9, 0, 11, 336.53
1733676297, 12, 25, 76, 14, 0, 0.06%, 9, 0, 11, 282.76
1733676302, 12, 26, 76, 14, 0, 0.06%, 9, 0, 11, 329.03
1733676307, 12, 28, 76, 14, 0, 0.06%, 9, 0, 11, 335.23
1733676312, 12, 52, 76, 14, 0, 0.06%, 9, 0, 11, 319.08
1733676317, 12, 53, 76, 14, 0, 0.06%, 9, 0, 11, 334.38
1733676322, 12, 55, 76, 14, 0, 0.06%, 9, 0, 11, 365.58
1733676327, 12, 56, 76, 14, 0, 0.06%, 9, 0, 11, 276.11
1733676337, 12, 57, 76, 14, 0, 0.06%, 9, 0, 11, 329.12
1733676347, 12, 62, 76, 14, 0, 0.06%, 9, 0, 11, 366.36
1733676352, 12, 66, 76, 14, 0, 0.06%, 9, 0, 11, 371.66
1733676357, 12, 68, 76, 14, 0, 0.06%, 9, 0, 11, 377.73
1733676367, 12, 69, 76, 14, 0, 0.06%, 9, 0, 11, 333.42
1733676373, 12, 70, 76, 14, 0, 0.06%, 9, 0, 11, 342.88
1733676383, 12, 75, 76, 14, 0, 0.06%, 9, 0, 11, 293.88
1733676393, 13, 18, 76, 14, 0, 0.06%, 9, 0, 11, 335.49
1733676398, 13, 25, 77, 15, 0, 0.06%, 9, 0, 11, 306.80
1733676403, 13, 26, 77, 15, 0, 0.06%, 9, 0, 11, 298.24
1733676408, 13, 28, 77, 15, 0, 0.06%, 9, 0, 11, 324.09
1733676413, 13, 52, 77, 15, 0, 0.06%, 9, 0, 11, 367.13
1733676418, 13, 53, 77, 15, 0, 0.06%, 9, 0, 11, 349.81
1733676424, 13, 55, 77, 15, 0, 0.06%, 9, 0, 11, 364.94
1733676429, 13, 56, 77, 15, 0, 0.06%, 9, 0, 11, 389.88
1733676444, 13, 57, 77, 15, 0, 0.06%, 9, 0, 11, 333.32
1733676449, 13, 62, 77, 15, 0, 0.06%, 9, 0, 11, 334.40
1733676459, 13, 66, 77, 15, 0, 0.06%, 9, 0, 11, 338.18
1733676464, 13, 68, 77, 15, 0, 0.06%, 9, 0, 11, 361.72
1733676469, 13, 69, 77, 15, 0, 0.06%, 9, 0, 11, 374.32
1733676479, 13, 70, 77, 15, 0, 0.06%, 9, 0, 11, 401.32
1733676485, 13, 75, 77, 15, 0, 0.06%, 9, 0, 11, 383.38
1733676500, 13, 76, 78, 16, 0, 0.06%, 9, 0, 11, 379.07
1733676540, 13, 77, 78, 15, 0, 0.06%, 9, 0, 11, 364.37
1733676576, 14, 18, 78, 14, 0, 0.06%, 9, 0, 11, 348.99
1733676581, 14, 25, 78, 14, 0, 0.06%, 9, 0, 11, 293.34
1733676586, 14, 26, 78, 14, 0, 0.06%, 9, 0, 11, 316.07
1733676591, 14, 28, 78, 14, 0, 0.06%, 9, 0, 11, 358.95
1733676596, 14, 52, 78, 14, 0, 0.06%, 9, 0, 11, 348.98
1733676601, 14, 53, 78, 14, 0, 0.06%, 9, 0, 11, 359.67
1733676606, 14, 55, 78, 14, 0, 0.06%, 9, 0, 11, 355.91
1733676612, 14, 56, 78, 14, 0, 0.06%, 9, 0, 11, 304.05
1733676622, 14, 57, 78, 14, 0, 0.06%, 9, 0, 11, 335.09
1733676632, 14, 62, 78, 14, 0, 0.06%, 9, 0, 11, 338.68
1733676637, 14, 66, 78, 14, 0, 0.06%, 9, 0, 11, 357.87
1733676642, 14, 68, 78, 14, 0, 0.06%, 9, 0, 11, 334.20
1733676652, 14, 69, 78, 14, 0, 0.06%, 9, 0, 11, 362.57
1733676657, 14, 70, 78, 14, 0, 0.06%, 9, 0, 11, 350.16
1733676667, 14, 75, 78, 14, 0, 0.06%, 9, 0, 11, 324.52
1733676683, 14, 76, 78, 14, 0, 0.06%, 9, 0, 11, 468.93
1733676698, 14, 77, 78, 14, 0, 0.06%, 9, 0, 11, 322.56
1733676703, 14, 77, 79, 15, 0, 0.07%, 10, 0, 11, 476.58
1733676719, 14, 78, 79, 15, 1, 0.07%, 10, 0, 11, 332.01
1733676724, 14, 78, 80, 16, 1, 0.07%, 10, 0, 11, 282.55
1733676775, 14, 79, 80, 15, 1, 0.07%, 10, 0, 11, 344.95
1733676851, 15, 78, 80, 14, 0, 0.07%, 10, 0, 11, 268.07
1733676872, 15, 79, 80, 14, 0, 0.07%, 10, 0, 11, 284.87
1733676907, 16, 78, 80, 14, 0, 0.07%, 10, 0, 11, 263.58
1733676928, 16, 79, 80, 14, 0, 0.07%, 10, 0, 11, 287.17
1733676963, 17, 78, 80, 14, 0, 0.07%, 10, 0, 11, 271.04
1733676974, 17, 79, 80, 14, 0, 0.07%, 10, 0, 11, 270.97
1733676994, 18, 78, 80, 14, 0, 0.07%, 10, 0, 11, 259.97
1733677004, 18, 79, 80, 14, 0, 0.07%, 10, 0, 11, 279.95
1733677024, 19, 78, 80, 14, 0, 0.07%, 10, 0, 11, 253.33
1733677030, 19, 79, 80, 14, 0, 0.07%, 10, 0, 11, 272.44
1733677040, 20, 78, 80, 14, 0, 0.07%, 10, 0, 11, 255.83
1733677045, 20, 79, 80, 14, 0, 0.07%, 10, 0, 11, 290.47
1733677055, 21, 78, 80, 14, 0, 0.07%, 10, 0, 11, 265.17
1733677060, 21, 79, 80, 14, 0, 0.07%, 10, 0, 11, 284.78
1733677070, 22, 78, 80, 14, 0, 0.07%, 10, 0, 11, 287.92
1733677080, 22, 79, 80, 14, 0, 0.07%, 10, 0, 11, 251.32
1733677090, 23, 78, 80, 14, 0, 0.07%, 10, 0, 11, 285.10
1733677095, 23, 79, 80, 14, 0, 0.07%, 10, 0, 11, 268.63
1733677106, 24, 78, 80, 14, 0, 0.07%, 10, 0, 11, 279.44
1733677111, 24, 79, 80, 14, 0, 0.07%, 10, 0, 11, 256.64
1733677121, 25, 78, 80, 14, 0, 0.07%, 10, 0, 11, 262.05
1733677126, 25, 79, 80, 14, 0, 0.07%, 10, 0, 11, 275.25
1733677136, 26, 78, 80, 14, 0, 0.07%, 10, 0, 11, 283.11
1733677141, 26, 79, 80, 14, 0, 0.07%, 10, 0, 11, 304.65
1733677151, 27, 78, 80, 14, 0, 0.07%, 10, 0, 11, 276.67
1733677161, 27, 79, 80, 14, 0, 0.07%, 10, 0, 11, 254.23
1733677172, 28, 78, 80, 14, 0, 0.07%, 10, 0, 11, 277.07
1733677177, 28, 79, 80, 14, 0, 0.07%, 10, 0, 11, 264.85
1733677187, 29, 78, 80, 14, 0, 0.07%, 10, 0, 11, 265.65
1733677192, 29, 79, 80, 14, 0, 0.07%, 10, 0, 11, 277.53
1733677202, 30, 78, 80, 14, 0, 0.07%, 10, 0, 11, 273.87
1733677207, 30, 79, 80, 14, 0, 0.07%, 10, 0, 11, 294.25
1733677217, 31, 78, 80, 14, 0, 0.07%, 10, 0, 11, 284.96
1733677222, 31, 79, 80, 14, 0, 0.07%, 10, 0, 11, 299.34
1733677233, 32, 78, 80, 14, 0, 0.07%, 10, 0, 11, 292.38
1733677243, 32, 79, 80, 14, 0, 0.07%, 10, 0, 11, 266.32
1733677248, 33, 78, 80, 14, 0, 0.07%, 10, 0, 11, 300.14
1733677258, 33, 79, 80, 14, 0, 0.07%, 10, 0, 11, 258.46
1733677268, 34, 78, 80, 14, 0, 0.07%, 10, 0, 11, 266.93
1733677273, 34, 79, 80, 14, 0, 0.07%, 10, 0, 11, 263.01
1733677283, 35, 78, 80, 14, 0, 0.07%, 10, 0, 11, 260.15
1733677288, 35, 79, 80, 14, 0, 0.07%, 10, 0, 11, 278.01
1733677299, 36, 78, 80, 14, 0, 0.07%, 10, 0, 11, 262.04
1733677304, 36, 79, 80, 14, 0, 0.07%, 10, 0, 11, 277.05
1733677314, 37, 78, 80, 14, 0, 0.07%, 10, 0, 11, 293.69
1733677324, 37, 79, 80, 14, 0, 0.07%, 10, 0, 11, 257.88
1733677329, 38, 78, 80, 14, 0, 0.07%, 10, 0, 11, 288.52
1733677339, 38, 79, 80, 14, 0, 0.07%, 10, 0, 11, 261.86
1733677349, 39, 78, 80, 14, 0, 0.07%, 10, 0, 11, 277.60
1733677354, 39, 79, 80, 14, 0, 0.07%, 10, 0, 11, 273.51
1733677365, 40, 78, 80, 14, 0, 0.07%, 10, 0, 11, 259.03
1733677370, 40, 79, 80, 14, 0, 0.07%, 10, 0, 11, 282.61
1733677375, 40, 79, 81, 15, 0, 0.07%, 10, 0, 11, 242.71
1733677385, 40, 80, 81, 15, 0, 0.07%, 10, 0, 11, 330.73
1733677467, 41, 78, 81, 14, 0, 0.07%, 10, 0, 11, 271.32
1733677472, 41, 79, 81, 14, 0, 0.07%, 10, 0, 11, 270.78
1733677482, 41, 80, 81, 14, 0, 0.07%, 10, 0, 11, 241.05
1733677513, 42, 78, 81, 14, 0, 0.07%, 10, 0, 11, 317.59
1733677523, 42, 79, 81, 14, 0, 0.07%, 10, 0, 11, 258.99
1733677533, 42, 80, 81, 14, 0, 0.07%, 10, 0, 11, 250.62
1733677564, 43, 78, 81, 14, 0, 0.07%, 10, 0, 11, 264.65
1733677574, 43, 79, 81, 14, 0, 0.07%, 10, 0, 11, 253.78
1733677579, 43, 80, 81, 14, 0, 0.07%, 10, 0, 11, 314.20
1733677615, 44, 78, 81, 14, 0, 0.07%, 10, 0, 11, 255.47
1733677620, 44, 79, 81, 14, 0, 0.07%, 10, 0, 11, 288.82
1733677630, 44, 80, 81, 14, 0, 0.07%, 10, 0, 11, 270.79
1733677660, 45, 78, 81, 14, 0, 0.07%, 10, 0, 11, 310.90
1733677671, 45, 79, 81, 14, 0, 0.07%, 10, 0, 11, 250.87
1733677676, 45, 80, 81, 14, 0, 0.07%, 10, 0, 11, 325.28
1733677681, 45, 80, 82, 15, 0, 0.08%, 11, 0, 11, 261.42
1733677721, 45, 81, 82, 15, 1, 0.08%, 11, 0, 11, 348.63
1733677732, 45, 81, 83, 16, 1, 0.08%, 11, 0, 11, 491.02
1733677762, 45, 81, 84, 17, 1, 0.08%, 11, 0, 11, 513.87
1733677798, 45, 82, 84, 16, 0, 0.08%, 11, 0, 11, 338.97
1733677803, 45, 82, 85, 17, 0, 0.08%, 12, 0, 12, 472.06
1733677829, 45, 82, 87, 19, 0, 0.08%, 12, 0, 12, 493.22
1733677885, 45, 84, 87, 18, 1, 0.08%, 12, 0, 12, 376.32
1733677900, 45, 84, 88, 19, 1, 0.09%, 13, 0, 13, 519.78
1733677905, 45, 84, 89, 20, 1, 0.11%, 13, 0, 13, 513.34
1733677910, 45, 84, 90, 21, 1, 0.11%, 14, 0, 13, 520.20
1733677956, 45, 88, 91, 21, 2, 0.11%, 15, 0, 14, 372.68
1733677976, 45, 88, 92, 22, 2, 0.11%, 15, 0, 14, 527.54
1733678023, 45, 88, 93, 23, 2, 0.11%, 16, 0, 14, 518.01
1733678048, 45, 92, 93, 22, 3, 0.11%, 16, 0, 14, 306.96
1733678058, 45, 92, 94, 23, 3, 0.11%, 16, 0, 15, 348.79
1733678063, 45, 92, 97, 26, 3, 0.11%, 16, 0, 15, 447.77
1733678068, 45, 92, 99, 28, 3, 0.11%, 17, 0, 15, 471.45
1733678073, 45, 92, 100, 29, 3, 0.11%, 17, 0, 15, 482.55
1733678084, 45, 92, 101, 30, 3, 0.11%, 17, 0, 15, 468.26
1733678089, 45, 92, 102, 31, 3, 0.11%, 17, 0, 15, 479.92
1733678094, 45, 92, 103, 32, 3, 0.11%, 17, 0, 15, 474.07
1733678104, 45, 92, 104, 33, 3, 0.11%, 17, 0, 15, 490.65
1733678154, 46, 87, 104, 32, 3, 0.11%, 17, 0, 15, 396.93
1733678200, 46, 87, 105, 33, 3, 0.11%, 17, 0, 15, 333.58
1733678221, 46, 90, 106, 33, 2, 0.11%, 18, 0, 15, 400.96
1733678272, 46, 90, 113, 40, 2, 0.12%, 20, 0, 15, 346.16
1733678287, 46, 111, 113, 39, 4, 0.12%, 20, 0, 15, 251.39
1733678312, 46, 111, 115, 41, 4, 0.12%, 22, 0, 16, 145.23
1733678348, 46, 111, 116, 42, 4, 0.12%, 22, 0, 16, 151.55
1733678889, 46, 111, 117, 43, 4, 0.12%, 22, 0, 16, 312.19
1733678894, 46, 111, 118, 44, 4, 0.12%, 22, 0, 16, 318.64
1733678899, 46, 111, 119, 45, 4, 0.12%, 22, 0, 16, 323.71
1733678924, 46, 111, 121, 47, 4, 0.12%, 22, 0, 16, 316.31
1733678929, 46, 111, 122, 48, 4, 0.12%, 22, 0, 16, 312.83
1733678954, 46, 111, 123, 49, 4, 0.12%, 22, 0, 16, 322.70
1733678964, 46, 111, 124, 50, 4, 0.12%, 22, 0, 16, 311.72
1733679005, 47, 105, 125, 50, 5, 0.12%, 22, 0, 16, 391.67
1733679066, 47, 107, 125, 49, 5, 0.12%, 22, 0, 16, 433.10
1733679686, 47, 107, 126, 50, 5, 0.12%, 22, 0, 16, 275.87
1733679706, 47, 107, 127, 51, 5, 0.12%, 22, 0, 16, 310.73
1733679757, 47, 107, 128, 52, 5, 0.12%, 22, 0, 16, 315.81
1733679808, 47, 107, 129, 53, 5, 0.12%, 22, 0, 16, 288.77
1733679818, 47, 113, 129, 52, 4, 0.12%, 22, 0, 16, 258.27
1733680283, 47, 113, 131, 54, 4, 0.12%, 22, 0, 17, 313.86
1733680400, 47, 124, 132, 54, 3, 0.12%, 22, 0, 17, 348.29
1733680431, 47, 124, 133, 55, 3, 0.12%, 22, 0, 17, 524.25
1733680462, 47, 124, 134, 56, 3, 0.12%, 22, 0, 17, 519.33
1733680498, 47, 132, 134, 55, 3, 0.12%, 22, 0, 17, 433.88
1733680503, 47, 132, 135, 56, 3, 0.12%, 22, 0, 18, 483.86
1733680544, 47, 132, 136, 57, 3, 0.12%, 22, 0, 18, 534.40
1733680549, 47, 132, 137, 58, 3, 0.12%, 22, 0, 18, 532.00
1733680606, 47, 134, 137, 57, 2, 0.12%, 22, 0, 18, 331.82
1733680611, 47, 134, 138, 58, 2, 0.13%, 23, 0, 19, 423.62
1733680621, 47, 134, 140, 60, 2, 0.14%, 24, 0, 19, 514.21
1733680667, 47, 134, 141, 61, 2, 0.15%, 25, 0, 19, 519.63
1733680728, 47, 137, 142, 61, 5, 0.15%, 25, 0, 20, 420.61
1733680790, 47, 140, 145, 63, 5, 0.15%, 25, 0, 20, 372.39
1733680795, 47, 140, 147, 65, 5, 0.15%, 25, 0, 20, 283.37
1733680810, 47, 140, 148, 66, 5, 0.15%, 25, 0, 20, 262.69
1733680840, 47, 140, 149, 67, 5, 0.15%, 25, 0, 20, 268.66
1733680891, 47, 140, 150, 68, 5, 0.15%, 25, 0, 20, 255.58
1733680906, 47, 140, 151, 69, 5, 0.15%, 26, 0, 20, 262.91
1733680911, 47, 140, 152, 70, 5, 0.15%, 26, 0, 20, 254.04
1733680941, 47, 150, 153, 70, 6, 0.15%, 26, 0, 21, 307.32
1733680982, 47, 150, 154, 71, 6, 0.15%, 26, 0, 21, 252.21
1733681012, 47, 150, 155, 72, 6, 0.15%, 26, 0, 21, 264.57
1733681022, 47, 150, 156, 73, 6, 0.15%, 26, 0, 21, 259.82
1733681089, 48, 0, 157, 73, 5, 0.15%, 26, 0, 21, 420.38
1733681094, 48, 138, 159, 75, 5, 0.15%, 27, 0, 21, 431.39
1733681104, 48, 138, 160, 76, 5, 0.15%, 27, 0, 21, 492.37
1733681186, 48, 157, 160, 75, 6, 0.15%, 27, 0, 21, 330.44
1733681191, 48, 157, 162, 77, 6, 0.16%, 29, 0, 21, 433.69
1733681227, 48, 157, 163, 78, 6, 0.16%, 29, 0, 21, 531.22
1733681284, 48, 161, 163, 77, 8, 0.16%, 29, 0, 21, 360.93
1733681304, 48, 161, 164, 78, 8, 0.16%, 29, 0, 22, 529.38
1733681376, 49, 160, 164, 77, 7, 0.16%, 29, 0, 22, 392.08
1733681401, 49, 160, 165, 78, 7, 0.16%, 29, 0, 22, 526.36
1733681448, 49, 160, 166, 79, 7, 0.16%, 29, 0, 22, 491.42
1733681473, 49, 161, 166, 78, 6, 0.16%, 29, 0, 22, 461.62
1733681504, 49, 163, 166, 78, 6, 0.16%, 29, 0, 22, 335.68
1733681524, 49, 163, 167, 79, 6, 0.16%, 29, 0, 23, 509.96
1733681596, 49, 163, 168, 80, 6, 0.16%, 29, 0, 23, 354.60
1733681606, 49, 164, 168, 79, 6, 0.16%, 29, 0, 23, 409.10
1733681632, 49, 164, 170, 81, 6, 0.16%, 30, 0, 23, 518.50
1733681703, 49, 168, 170, 80, 6, 0.16%, 30, 0, 23, 332.83
1733681708, 49, 168, 172, 82, 6, 0.16%, 31, 0, 24, 308.41
1733681713, 49, 168, 173, 83, 6, 0.16%, 31, 0, 24, 272.10
1733681718, 49, 168, 174, 84, 6, 0.16%, 31, 0, 24, 263.21
1733681733, 49, 168, 175, 85, 6, 0.16%, 31, 0, 24, 266.06
1733681764, 49, 168, 176, 86, 6, 0.16%, 31, 0, 24, 265.74
1733681774, 49, 168, 177, 87, 6, 0.16%, 31, 0, 24, 266.54
1733681800, 49, 168, 178, 88, 6, 0.16%, 31, 0, 24, 266.83
1733681830, 49, 168, 179, 89, 6, 0.16%, 31, 0, 24, 277.06
1733681856, 49, 170, 180, 89, 5, 0.16%, 31, 0, 25, 335.58
1733681957, 50, 137, 180, 88, 6, 0.16%, 31, 0, 25, 374.37
1733681987, 50, 141, 181, 89, 6, 0.16%, 31, 0, 25, 383.89
1733682018, 50, 141, 182, 90, 6, 0.16%, 31, 0, 25, 527.54
1733682079, 50, 161, 182, 89, 5, 0.16%, 31, 0, 25, 466.01
1733682110, 50, 163, 182, 89, 5, 0.16%, 31, 0, 25, 399.49
1733682140, 50, 166, 182, 89, 5, 0.16%, 31, 0, 25, 382.03
1733682186, 50, 166, 183, 90, 5, 0.16%, 31, 0, 25, 524.25
1733682242, 50, 166, 184, 91, 5, 0.17%, 32, 0, 25, 368.59
1733682247, 50, 183, 185, 91, 6, 0.18%, 33, 0, 25, 334.89
1733682304, 50, 183, 186, 92, 6, 0.18%, 34, 0, 25, 330.10
1733682329, 50, 184, 186, 91, 5, 0.18%, 34, 0, 25, 320.19
1733682406, 50, 185, 186, 90, 4, 0.18%, 34, 0, 25, 352.53
1733682467, 50, 185, 189, 93, 4, 0.18%, 36, 0, 26, 402.70
1733682487, 50, 187, 189, 92, 4, 0.18%, 36, 0, 26, 287.76
1733682507, 50, 187, 190, 93, 4, 0.18%, 37, 0, 27, 360.21
1733682518, 50, 187, 194, 97, 4, 0.18%, 38, 0, 27, 297.00
1733682523, 50, 187, 200, 103, 4, 0.18%, 38, 0, 27, 269.91
1733682528, 50, 187, 203, 106, 4, 0.18%, 38, 0, 27, 273.48
1733682538, 50, 187, 204, 107, 4, 0.18%, 38, 0, 27, 268.58
1733682654, 50, 187, 205, 108, 4, 0.18%, 38, 0, 27, 394.89
1733682659, 50, 192, 205, 107, 6, 0.18%, 38, 0, 27, 301.84
1733682710, 50, 192, 206, 108, 6, 0.19%, 39, 0, 28, 430.31
1733682716, 50, 192, 207, 109, 6, 0.19%, 39, 0, 28, 394.21
1733682883, 50, 192, 208, 110, 6, 0.19%, 39, 0, 28, 317.59
1733682899, 50, 192, 209, 111, 6, 0.19%, 39, 0, 28, 488.72
1733682924, 50, 192, 210, 112, 6, 0.19%, 39, 0, 28, 493.05
1733682934, 50, 192, 211, 113, 6, 0.19%, 39, 0, 28, 495.99
1733682975, 50, 205, 212, 113, 7, 0.19%, 39, 0, 28, 330.98
1733683021, 50, 205, 213, 114, 7, 0.19%, 39, 0, 29, 274.80
1733683026, 50, 205, 214, 115, 7, 0.19%, 40, 0, 29, 280.14
1733683131, 50, 205, 215, 116, 7, 0.19%, 40, 0, 29, 353.48
1733683152, 50, 213, 215, 115, 7, 0.19%, 40, 0, 29, 300.63
1733683172, 50, 213, 216, 116, 7, 0.19%, 40, 0, 30, 307.46
1733683177, 50, 213, 217, 117, 7, 0.19%, 40, 0, 30, 326.97
1733683182, 50, 213, 218, 118, 7, 0.19%, 41, 0, 30, 337.89
1733683218, 50, 213, 219, 119, 7, 0.19%, 41, 0, 30, 339.58
1733683238, 50, 213, 220, 120, 7, 0.19%, 41, 0, 30, 338.43
1733683248, 50, 213, 221, 121, 7, 0.19%, 42, 0, 30, 345.11
1733683258, 50, 213, 222, 122, 7, 0.19%, 43, 0, 30, 347.19
1733683288, 50, 217, 223, 122, 10, 0.19%, 44, 0, 31, 279.55
1733683309, 50, 217, 224, 123, 10, 0.19%, 44, 0, 31, 276.67
1733683364, 50, 217, 225, 124, 10, 0.19%, 44, 0, 31, 343.93
1733683400, 50, 217, 226, 125, 10, 0.19%, 44, 0, 31, 338.95
1733683426, 50, 220, 226, 124, 9, 0.19%, 44, 0, 31, 293.85
1733683446, 50, 220, 227, 125, 9, 0.19%, 44, 0, 31, 322.93
1733683557, 50, 222, 227, 124, 9, 0.19%, 44, 0, 31, 290.06
1733683578, 50, 222, 228, 125, 9, 0.19%, 44, 0, 32, 270.23
1733683694, 51, 221, 228, 124, 8, 0.19%, 44, 0, 32, 344.50
1733683714, 51, 221, 229, 125, 8, 0.19%, 44, 0, 32, 266.42
1733683750, 51, 221, 230, 126, 8, 0.19%, 44, 0, 32, 339.93
1733683755, 51, 221, 231, 127, 8, 0.19%, 44, 0, 32, 340.13
1733683800, 51, 221, 232, 128, 8, 0.20%, 45, 0, 32, 336.64
1733683806, 51, 221, 233, 129, 8, 0.20%, 45, 0, 32, 342.09
1733683831, 51, 231, 233, 128, 9, 0.20%, 45, 0, 32, 302.79
1733683851, 51, 231, 234, 129, 9, 0.20%, 45, 0, 32, 139.83
1733683877, 51, 231, 235, 130, 9, 0.20%, 45, 0, 32, 300.33
1733683990, 52, 189, 235, 129, 9, 0.20%, 45, 0, 32, 353.41
1733684035, 52, 189, 236, 130, 9, 0.20%, 46, 0, 32, 298.85
1733684066, 52, 189, 237, 131, 9, 0.20%, 46, 0, 32, 302.34
1733684152, 52, 235, 237, 130, 10, 0.20%, 46, 0, 32, 289.97
1733684172, 52, 235, 239, 132, 10, 0.20%, 47, 0, 32, 333.15
1733684283, 52, 237, 239, 131, 10, 0.20%, 47, 0, 32, 314.56
1733684309, 52, 237, 240, 132, 10, 0.20%, 47, 0, 32, 299.05
1733684415, 52, 238, 240, 131, 9, 0.20%, 47, 0, 32, 370.31
1733684436, 52, 238, 241, 132, 9, 0.20%, 47, 0, 32, 312.66
1733684441, 52, 238, 243, 134, 9, 0.20%, 47, 0, 32, 348.76
1733684532, 52, 238, 244, 135, 9, 0.20%, 47, 0, 32, 338.91
1733684548, 52, 239, 244, 134, 9, 0.20%, 47, 0, 32, 362.49
1733684558, 52, 239, 245, 135, 9, 0.20%, 47, 0, 32, 318.82
1733684563, 52, 239, 246, 136, 9, 0.20%, 47, 0, 32, 311.62
1733684674, 53, 138, 246, 135, 9, 0.20%, 47, 0, 32, 446.96
1733684710, 53, 139, 246, 135, 9, 0.20%, 47, 0, 32, 401.83
1733684771, 53, 158, 246, 134, 9, 0.20%, 47, 0, 32, 399.46
1733684832, 53, 159, 246, 133, 9, 0.20%, 47, 0, 32, 373.69
1733684857, 53, 159, 247, 134, 9, 0.20%, 47, 0, 32, 527.70
1733684929, 53, 170, 247, 133, 9, 0.20%, 47, 0, 32, 428.23
1733684969, 53, 170, 248, 134, 9, 0.20%, 47, 0, 32, 481.23
1733685000, 53, 179, 248, 134, 9, 0.20%, 47, 0, 32, 387.70
1733685005, 53, 179, 249, 135, 9, 0.20%, 47, 0, 32, 290.68
1733685107, 53, 217, 249, 134, 9, 0.20%, 47, 0, 32, 310.32
1733685142, 53, 220, 249, 134, 9, 0.20%, 47, 0, 32, 335.24
1733685178, 53, 222, 249, 134, 9, 0.20%, 47, 0, 32, 317.53
1733685208, 53, 223, 249, 134, 9, 0.20%, 47, 0, 32, 314.79
1733685239, 53, 223, 250, 135, 9, 0.20%, 47, 0, 32, 324.56
1733685350, 53, 226, 250, 134, 9, 0.20%, 47, 0, 32, 327.94
1733685385, 53, 226, 251, 135, 9, 0.20%, 47, 0, 32, 334.06
1733685446, 53, 226, 252, 136, 9, 0.20%, 47, 0, 32, 342.27
1733685481, 53, 227, 252, 135, 8, 0.20%, 47, 0, 32, 288.96
1733685522, 53, 227, 253, 136, 8, 0.20%, 47, 0, 33, 224.03
1733685528, 53, 227, 254, 137, 8, 0.20%, 47, 0, 33, 306.58
1733685644, 53, 231, 254, 136, 8, 0.20%, 47, 0, 33, 274.11
1733685679, 53, 232, 254, 136, 8, 0.20%, 47, 0, 33, 288.97
1733685766, 53, 233, 254, 135, 7, 0.20%, 47, 0, 33, 313.23
1733685868, 53, 233, 255, 136, 7, 0.20%, 47, 0, 33, 370.52
1733685878, 53, 234, 255, 135, 7, 0.20%, 47, 0, 33, 350.55
1733685949, 53, 234, 256, 136, 7, 0.20%, 47, 0, 33, 331.13
1733686056, 53, 235, 256, 135, 7, 0.20%, 47, 0, 33, 373.38
1733686081, 53, 235, 257, 136, 7, 0.20%, 47, 0, 33, 443.08
1733686086, 53, 236, 257, 136, 7, 0.20%, 47, 0, 33, 385.69
1733686116, 53, 236, 258, 137, 7, 0.20%, 47, 0, 33, 325.51
1733686141, 53, 236, 259, 138, 7, 0.20%, 47, 0, 33, 309.31
1733686156, 53, 236, 260, 139, 7, 0.20%, 47, 0, 33, 315.15
1733686242, 53, 237, 260, 138, 7, 0.20%, 47, 0, 33, 364.65
1733686278, 53, 238, 260, 138, 7, 0.20%, 47, 0, 33, 378.54
1733686308, 53, 239, 260, 138, 7, 0.20%, 47, 0, 33, 325.88
1733686349, 53, 240, 260, 138, 7, 0.20%, 47, 0, 33, 288.44
1733686420, 53, 240, 261, 139, 7, 0.20%, 47, 0, 33, 320.07
1733686436, 53, 241, 261, 138, 7, 0.20%, 47, 0, 33, 323.23
1733686471, 53, 241, 262, 139, 7, 0.20%, 47, 0, 33, 349.08
1733686486, 53, 241, 263, 140, 7, 0.20%, 47, 0, 33, 383.86
1733686573, 53, 244, 263, 139, 7, 0.20%, 47, 0, 33, 425.17
1733686593, 53, 244, 264, 140, 7, 0.20%, 47, 0, 33, 293.25
1733686629, 53, 244, 265, 141, 7, 0.20%, 47, 0, 33, 298.38
1733686675, 53, 244, 266, 142, 7, 0.20%, 47, 0, 33, 303.42
1733686695, 53, 244, 267, 143, 7, 0.20%, 47, 0, 33, 357.89
1733686705, 53, 246, 267, 142, 7, 0.20%, 47, 0, 33, 435.39
1733686752, 53, 246, 268, 143, 7, 0.20%, 47, 0, 33, 527.89
1733686808, 53, 247, 268, 142, 7, 0.20%, 47, 0, 33, 313.79
1733686813, 53, 247, 269, 143, 7, 0.20%, 47, 0, 33, 358.96
1733686838, 53, 247, 270, 144, 7, 0.20%, 47, 0, 33, 269.23
1733686955, 53, 248, 270, 143, 7, 0.20%, 47, 0, 33, 379.31
1733687000, 53, 248, 271, 144, 7, 0.20%, 47, 0, 33, 251.01
1733687102, 53, 249, 271, 143, 6, 0.20%, 47, 0, 33, 331.54
1733687133, 53, 249, 272, 144, 6, 0.20%, 47, 0, 33, 293.82
