# unix_time, cycles_done, cur_path, paths_total, pending_total, pending_favs, map_size, unique_crashes, unique_hangs, max_depth, execs_per_sec
1733615187, 0, 0, 10, 10, 1, 0.00%, 0, 0, 1, 164.27
1733615192, 0, 2, 10, 10, 1, 0.00%, 0, 0, 1, 199.44
1733615197, 0, 3, 10, 9, 0, 0.00%, 0, 0, 1, 210.32
1733615202, 0, 4, 10, 8, 0, 0.00%, 0, 0, 1, 204.47
1733615212, 0, 5, 10, 7, 0, 0.00%, 0, 0, 1, 210.28
1733615217, 0, 6, 10, 6, 0, 0.00%, 0, 0, 1, 205.70
1733615228, 0, 7, 10, 5, 0, 0.00%, 0, 0, 1, 209.91
1733615233, 0, 8, 10, 4, 0, 0.00%, 0, 0, 1, 197.39
1733615243, 0, 9, 10, 3, 0, 0.00%, 0, 0, 1, 209.33
1733615248, 1, 0, 10, 2, 0, 0.00%, 0, 0, 1, 196.19
1733615258, 1, 1, 10, 1, 0, 0.00%, 0, 0, 1, 208.58
1733615268, 1, 2, 10, 0, 0, 0.00%, 0, 0, 1, 209.16
1733615274, 1, 3, 10, 0, 0, 0.00%, 0, 0, 1, 208.51
1733615279, 1, 4, 10, 0, 0, 0.00%, 0, 0, 1, 210.20
1733615284, 1, 5, 10, 0, 0, 0.00%, 0, 0, 1, 206.07
1733615289, 1, 7, 10, 0, 0, 0.00%, 0, 0, 1, 212.03
1733615294, 1, 8, 10, 0, 0, 0.00%, 0, 0, 1, 206.67
1733615299, 2, 0, 10, 0, 0, 0.00%, 0, 0, 1, 205.94
1733615304, 2, 1, 10, 0, 0, 0.00%, 0, 0, 1, 209.03
1733615309, 2, 3, 10, 0, 0, 0.00%, 0, 0, 1, 205.00
1733615315, 2, 4, 10, 0, 0, 0.00%, 0, 0, 1, 206.97
1733615320, 2, 6, 10, 0, 0, 0.00%, 0, 0, 1, 209.25
1733615325, 2, 7, 10, 0, 0, 0.00%, 0, 0, 1, 205.01
1733615330, 2, 8, 10, 0, 0, 0.00%, 0, 0, 1, 205.38
1733615335, 3, 0, 10, 0, 0, 0.00%, 0, 0, 1, 204.50
1733615340, 3, 1, 10, 0, 0, 0.00%, 0, 0, 1, 205.43
1733615345, 3, 3, 10, 0, 0, 0.00%, 0, 0, 1, 207.61
1733615350, 3, 4, 10, 0, 0, 0.00%, 0, 0, 1, 211.17
1733615355, 3, 6, 10, 0, 0, 0.00%, 0, 0, 1, 207.58
1733615361, 3, 7, 10, 0, 0, 0.00%, 0, 0, 1, 209.96
1733615366, 3, 9, 10, 0, 0, 0.00%, 0, 0, 1, 207.99
1733615371, 4, 0, 10, 0, 0, 0.00%, 0, 0, 1, 208.09
1733615376, 4, 2, 10, 0, 0, 0.00%, 0, 0, 1, 208.11
1733615381, 4, 3, 10, 0, 0, 0.00%, 0, 0, 1, 209.04
1733615386, 4, 4, 10, 0, 0, 0.00%, 0, 0, 1, 208.80
1733615391, 4, 6, 10, 0, 0, 0.00%, 0, 0, 1, 204.67
1733615396, 4, 7, 10, 0, 0, 0.00%, 0, 0, 1, 206.90
1733615401, 4, 9, 10, 0, 0, 0.00%, 0, 0, 1, 209.32
1733615406, 5, 0, 10, 0, 0, 0.00%, 0, 0, 1, 208.18
1733615411, 5, 2, 10, 0, 0, 0.00%, 0, 0, 1, 208.00
1733615416, 5, 3, 10, 0, 0, 0.00%, 0, 0, 1, 209.53
1733615421, 5, 4, 10, 0, 0, 0.00%, 0, 0, 1, 207.81
1733615426, 5, 6, 10, 0, 0, 0.00%, 0, 0, 1, 206.71
1733615431, 5, 7, 10, 0, 0, 0.00%, 0, 0, 1, 209.72
1733615436, 5, 9, 10, 0, 0, 0.00%, 0, 0, 1, 207.27
1733615441, 6, 0, 10, 0, 0, 0.00%, 0, 0, 1, 206.59
1733615447, 6, 2, 10, 0, 0, 0.00%, 0, 0, 1, 208.72
1733615452, 6, 3, 10, 0, 0, 0.00%, 0, 0, 1, 206.15
1733615457, 6, 4, 10, 0, 0, 0.00%, 0, 0, 1, 206.40
1733615462, 6, 6, 10, 0, 0, 0.00%, 0, 0, 1, 202.58
1733615467, 6, 7, 10, 0, 0, 0.00%, 0, 0, 1, 206.81
1733615472, 6, 9, 10, 0, 0, 0.00%, 0, 0, 1, 209.86
1733615477, 7, 0, 10, 0, 0, 0.00%, 0, 0, 1, 211.66
1733615482, 7, 2, 10, 0, 0, 0.00%, 0, 0, 1, 208.02
1733615487, 7, 3, 10, 0, 0, 0.00%, 0, 0, 1, 207.17
1733615492, 7, 5, 10, 0, 0, 0.00%, 0, 0, 1, 207.26
1733615497, 7, 6, 10, 0, 0, 0.00%, 0, 0, 1, 209.11
1733615502, 7, 7, 10, 0, 0, 0.00%, 0, 0, 1, 207.74
1733615508, 7, 9, 10, 0, 0, 0.00%, 0, 0, 1, 203.75
1733615513, 8, 0, 10, 0, 0, 0.00%, 0, 0, 1, 207.44
1733615518, 8, 2, 10, 0, 0, 0.00%, 0, 0, 1, 205.49
1733615523, 8, 3, 10, 0, 0, 0.00%, 0, 0, 1, 209.44
1733615528, 8, 5, 10, 0, 0, 0.00%, 0, 0, 1, 207.36
1733615533, 8, 6, 10, 0, 0, 0.00%, 0, 0, 1, 207.22
1733615538, 8, 8, 10, 0, 0, 0.00%, 0, 0, 1, 206.35
1733615543, 8, 9, 10, 0, 0, 0.00%, 0, 0, 1, 204.85
1733615548, 9, 1, 10, 0, 0, 0.00%, 0, 0, 1, 204.26
1733615553, 9, 2, 10, 0, 0, 0.00%, 0, 0, 1, 207.98
1733615558, 9, 3, 10, 0, 0, 0.00%, 0, 0, 1, 206.53
1733615564, 9, 5, 10, 0, 0, 0.00%, 0, 0, 1, 208.03
1733615569, 9, 6, 10, 0, 0, 0.00%, 0, 0, 1, 208.70
1733615574, 9, 8, 10, 0, 0, 0.00%, 0, 0, 1, 205.52
1733615579, 9, 9, 10, 0, 0, 0.00%, 0, 0, 1, 209.15
1733615584, 10, 1, 10, 0, 0, 0.00%, 0, 0, 1, 206.46
1733615589, 10, 2, 10, 0, 0, 0.00%, 0, 0, 1, 207.27
1733615594, 10, 4, 10, 0, 0, 0.00%, 0, 0, 1, 205.97
1733615599, 10, 5, 10, 0, 0, 0.00%, 0, 0, 1, 208.46
1733615604, 10, 6, 10, 0, 0, 0.00%, 0, 0, 1, 208.20
1733615609, 10, 8, 10, 0, 0, 0.00%, 0, 0, 1, 207.23
1733615614, 10, 9, 10, 0, 0, 0.00%, 0, 0, 1, 211.40
1733615619, 11, 1, 10, 0, 0, 0.00%, 0, 0, 1, 208.28
1733615625, 11, 2, 10, 0, 0, 0.00%, 0, 0, 1, 205.61
1733615630, 11, 4, 10, 0, 0, 0.00%, 0, 0, 1, 207.11
1733615635, 11, 5, 10, 0, 0, 0.00%, 0, 0, 1, 202.62
1733615640, 11, 6, 10, 0, 0, 0.00%, 0, 0, 1, 199.81
1733615645, 11, 8, 10, 0, 0, 0.00%, 0, 0, 1, 203.96
1733615650, 11, 9, 10, 0, 0, 0.00%, 0, 0, 1, 205.83
1733615655, 12, 1, 10, 0, 0, 0.00%, 0, 0, 1, 204.41
1733615660, 12, 2, 10, 0, 0, 0.00%, 0, 0, 1, 203.81
1733615665, 12, 4, 10, 0, 0, 0.00%, 0, 0, 1, 205.34
1733615670, 12, 5, 10, 0, 0, 0.00%, 0, 0, 1, 210.30
1733615676, 12, 6, 10, 0, 0, 0.00%, 0, 0, 1, 205.93
1733615681, 12, 8, 10, 0, 0, 0.00%, 0, 0, 1, 207.95
1733615686, 12, 9, 10, 0, 0, 0.00%, 0, 0, 1, 206.62
1733615691, 13, 1, 10, 0, 0, 0.00%, 0, 0, 1, 207.92
1733615696, 13, 2, 10, 0, 0, 0.00%, 0, 0, 1, 206.82
1733615701, 13, 4, 10, 0, 0, 0.00%, 0, 0, 1, 208.26
1733615706, 13, 5, 10, 0, 0, 0.00%, 0, 0, 1, 207.87
1733615711, 13, 7, 10, 0, 0, 0.00%, 0, 0, 1, 202.90
1733615716, 13, 8, 10, 0, 0, 0.00%, 0, 0, 1, 207.45
1733615721, 13, 9, 10, 0, 0, 0.00%, 0, 0, 1, 207.43
1733615726, 14, 1, 10, 0, 0, 0.00%, 0, 0, 1, 205.07
1733615732, 14, 2, 10, 0, 0, 0.00%, 0, 0, 1, 206.69
1733615737, 14, 4, 10, 0, 0, 0.00%, 0, 0, 1, 209.40
1733615742, 14, 5, 10, 0, 0, 0.00%, 0, 0, 1, 205.17
1733615747, 14, 7, 10, 0, 0, 0.00%, 0, 0, 1, 207.55
1733615752, 14, 8, 10, 0, 0, 0.00%, 0, 0, 1, 207.51
1733615757, 14, 9, 10, 0, 0, 0.00%, 0, 0, 1, 206.18
1733615762, 15, 1, 10, 0, 0, 0.00%, 0, 0, 1, 207.74
1733615767, 15, 3, 10, 0, 0, 0.00%, 0, 0, 1, 207.22
1733615773, 15, 4, 10, 0, 0, 0.00%, 0, 0, 1, 205.58
1733615778, 15, 5, 10, 0, 0, 0.00%, 0, 0, 1, 208.66
1733615783, 15, 7, 11, 1, 0, 0.05%, 1, 0, 2, 204.08
1733615788, 15, 10, 11, 1, 1, 0.05%, 1, 0, 2, 215.61
1733615833, 15, 10, 12, 2, 1, 0.05%, 2, 0, 3, 270.75
1733615859, 15, 10, 13, 3, 1, 0.05%, 2, 0, 3, 262.64
1733615910, 15, 11, 13, 2, 1, 0.05%, 2, 0, 3, 253.00
1733615915, 15, 11, 16, 5, 1, 0.05%, 2, 0, 4, 265.22
1733615930, 15, 11, 17, 6, 1, 0.05%, 3, 0, 4, 265.11
1733615946, 15, 11, 18, 7, 1, 0.05%, 3, 0, 4, 270.67
1733615966, 15, 11, 19, 8, 1, 0.05%, 4, 0, 4, 269.66
1733615981, 15, 11, 20, 9, 1, 0.06%, 5, 0, 4, 270.65
1733616016, 15, 18, 21, 9, 3, 0.06%, 5, 0, 5, 257.05
1733616021, 15, 18, 22, 10, 3, 0.06%, 6, 0, 5, 268.00
1733616026, 15, 18, 23, 11, 3, 0.06%, 6, 0, 5, 266.75
1733616031, 15, 18, 25, 13, 3, 0.06%, 6, 0, 5, 271.13
1733616052, 15, 18, 26, 14, 3, 0.06%, 6, 0, 5, 270.72
1733616077, 15, 18, 28, 16, 3, 0.06%, 6, 0, 5, 268.41
1733616102, 15, 18, 29, 17, 3, 0.06%, 6, 0, 5, 269.21
1733616138, 15, 18, 30, 18, 3, 0.06%, 6, 0, 5, 282.12
1733616153, 15, 18, 33, 21, 3, 0.06%, 6, 0, 5, 247.74
1733616168, 15, 18, 34, 22, 3, 0.06%, 6, 0, 5, 230.75
1733616173, 16, 16, 35, 22, 3, 0.06%, 6, 0, 5, 421.86
1733616184, 16, 16, 36, 23, 3, 0.06%, 6, 0, 5, 476.82
1733616214, 16, 16, 37, 24, 3, 0.06%, 7, 0, 5, 485.31
1733616245, 16, 36, 38, 24, 3, 0.06%, 8, 0, 6, 385.83
1733616250, 16, 36, 40, 26, 3, 0.06%, 8, 0, 6, 470.91
1733616296, 16, 36, 42, 28, 3, 0.06%, 8, 0, 6, 354.23
1733616311, 16, 37, 42, 27, 3, 0.06%, 8, 0, 6, 255.31
1733616316, 16, 37, 44, 29, 3, 0.06%, 8, 0, 7, 447.85
1733616332, 16, 37, 46, 31, 3, 0.06%, 8, 0, 7, 493.36
1733616352, 16, 37, 47, 32, 3, 0.06%, 8, 0, 7, 497.88
1733616382, 17, 21, 47, 31, 3, 0.06%, 8, 0, 7, 273.49
1733616418, 17, 21, 48, 32, 3, 0.06%, 8, 0, 7, 252.38
1733616434, 17, 22, 48, 31, 2, 0.06%, 8, 0, 7, 266.49
1733616459, 17, 22, 49, 32, 2, 0.06%, 8, 0, 7, 272.29
1733616519, 17, 22, 50, 33, 2, 0.06%, 9, 0, 7, 269.03
1733616525, 17, 22, 51, 34, 2, 0.06%, 9, 0, 7, 265.85
1733616545, 17, 49, 52, 34, 2, 0.06%, 9, 0, 7, 401.38
1733616560, 17, 49, 53, 35, 2, 0.06%, 9, 0, 7, 477.26
1733616590, 17, 49, 54, 36, 2, 0.06%, 9, 0, 7, 478.08
1733616616, 17, 49, 56, 38, 2, 0.06%, 9, 0, 7, 327.96
1733616626, 17, 49, 57, 39, 2, 0.06%, 9, 0, 7, 255.57
1733616631, 17, 50, 57, 38, 1, 0.06%, 9, 0, 7, 325.72
1733616636, 17, 50, 58, 39, 1, 0.06%, 9, 0, 7, 417.08
1733616682, 17, 50, 59, 40, 1, 0.06%, 9, 0, 7, 287.87
1733616687, 17, 51, 59, 39, 1, 0.06%, 9, 0, 7, 372.11
1733616717, 17, 51, 60, 40, 1, 0.06%, 9, 0, 8, 286.20
1733616722, 18, 37, 60, 39, 1, 0.06%, 9, 0, 8, 422.27
1733616737, 18, 42, 60, 39, 1, 0.06%, 9, 0, 8, 353.92
1733616743, 18, 42, 61, 40, 1, 0.06%, 9, 0, 8, 428.49
1733616783, 18, 42, 62, 41, 1, 0.06%, 9, 0, 8, 307.56
1733616788, 18, 43, 62, 40, 0, 0.06%, 9, 0, 8, 312.17
1733616799, 18, 43, 63, 41, 0, 0.06%, 9, 0, 8, 516.61
1733616844, 18, 44, 63, 40, 0, 0.06%, 9, 0, 8, 458.03
1733616895, 18, 45, 63, 39, 0, 0.06%, 9, 0, 8, 393.28
1733616972, 18, 45, 64, 40, 0, 0.06%, 9, 0, 8, 514.89
1733616977, 18, 45, 65, 41, 0, 0.06%, 9, 0, 8, 484.64
1733617013, 18, 45, 66, 42, 0, 0.06%, 9, 0, 8, 494.07
1733617049, 18, 49, 66, 41, 0, 0.06%, 9, 0, 8, 400.20
1733617069, 18, 50, 66, 41, 0, 0.06%, 9, 0, 8, 407.02
1733617084, 18, 51, 66, 41, 0, 0.06%, 9, 0, 8, 383.42
1733617094, 18, 51, 67, 42, 0, 0.06%, 9, 0, 8, 321.17
1733617105, 18, 57, 67, 42, 0, 0.06%, 9, 0, 8, 344.54
1733617140, 18, 58, 67, 41, 0, 0.06%, 9, 0, 8, 330.87
1733617377, 18, 58, 69, 43, 0, 0.06%, 9, 0, 8, 495.57
1733617412, 18, 58, 70, 44, 0, 0.06%, 9, 0, 8, 490.29
1733617438, 18, 59, 70, 43, 0, 0.06%, 9, 0, 8, 345.19
1733617544, 18, 60, 70, 42, 0, 0.06%, 9, 0, 8, 313.63
1733617615, 18, 62, 70, 41, 0, 0.06%, 9, 0, 8, 397.51
1733617661, 18, 63, 70, 40, 0, 0.06%, 9, 0, 8, 304.93
1733617758, 18, 64, 70, 39, 0, 0.06%, 9, 0, 8, 339.06
1733617957, 18, 65, 70, 38, 0, 0.06%, 9, 0, 8, 388.06
1733618091, 18, 66, 70, 37, 0, 0.06%, 9, 0, 8, 314.83
1733618281, 18, 66, 71, 38, 0, 0.06%, 9, 0, 9, 496.05
1733618337, 18, 67, 71, 37, 0, 0.06%, 9, 0, 9, 292.39
1733618779, 18, 68, 71, 36, 0, 0.06%, 9, 0, 9, 379.44
1733618876, 18, 70, 71, 35, 0, 0.06%, 9, 0, 9, 331.96
1733618881, 18, 70, 72, 36, 0, 0.06%, 9, 0, 10, 408.68
1733619096, 18, 71, 72, 35, 0, 0.06%, 9, 0, 10, 369.56
1733619218, 19, 37, 72, 34, 0, 0.06%, 9, 0, 10, 400.63
1733619233, 19, 42, 72, 34, 0, 0.06%, 9, 0, 10, 418.95
1733619249, 19, 43, 72, 34, 0, 0.06%, 9, 0, 10, 399.18
1733619264, 19, 44, 72, 34, 0, 0.06%, 9, 0, 10, 348.17
1733619284, 19, 45, 72, 34, 0, 0.06%, 9, 0, 10, 431.66
1733619300, 19, 46, 72, 34, 0, 0.06%, 9, 0, 10, 396.98
1733619341, 19, 60, 72, 33, 0, 0.06%, 9, 0, 10, 280.41
1733619366, 19, 62, 72, 33, 0, 0.06%, 9, 0, 10, 378.48
1733619391, 19, 63, 72, 33, 0, 0.06%, 9, 0, 10, 297.40
1733619417, 19, 64, 72, 33, 0, 0.06%, 9, 0, 10, 379.03
1733619447, 19, 65, 72, 33, 0, 0.06%, 9, 0, 10, 314.10
1733619571, 19, 66, 72, 33, 0, 0.06%, 9, 0, 10, 300.41
1733619761, 19, 70, 72, 33, 0, 0.06%, 9, 0, 10, 314.72
1733619858, 19, 71, 72, 33, 0, 0.06%, 9, 0, 10, 327.40
1733619889, 20, 18, 72, 33, 0, 0.06%, 9, 0, 10, 293.99
1733619904, 20, 19, 72, 33, 0, 0.06%, 9, 0, 10, 287.58
1733619944, 20, 20, 72, 32, 0, 0.06%, 9, 0, 10, 342.96
1733619979, 20, 21, 72, 31, 0, 0.06%, 9, 0, 10, 347.31
1733620000, 20, 22, 72, 31, 0, 0.06%, 9, 0, 10, 386.65
1733620020, 20, 23, 72, 31, 0, 0.06%, 9, 0, 10, 266.72
1733620092, 20, 23, 73, 32, 0, 0.06%, 9, 0, 10, 481.87
1733620565, 20, 26, 73, 31, 0, 0.06%, 9, 0, 10, 359.49
1733620610, 20, 33, 73, 30, 0, 0.06%, 9, 0, 10, 350.17
1733620646, 20, 37, 73, 29, 0, 0.06%, 9, 0, 10, 423.89
1733620661, 20, 42, 73, 29, 0, 0.06%, 9, 0, 10, 384.88
1733620676, 20, 43, 73, 29, 0, 0.06%, 9, 0, 10, 411.18
1733620692, 20, 44, 73, 29, 0, 0.06%, 9, 0, 10, 327.09
1733620712, 20, 45, 73, 29, 0, 0.06%, 9, 0, 10, 400.61
1733620732, 20, 46, 73, 29, 0, 0.06%, 9, 0, 10, 438.84
1733620748, 20, 47, 73, 29, 0, 0.06%, 9, 0, 10, 381.70
1733620783, 20, 60, 73, 28, 0, 0.06%, 9, 0, 10, 321.98
1733620814, 20, 62, 74, 29, 0, 0.06%, 9, 0, 10, 401.93
1733620839, 20, 63, 74, 29, 0, 0.06%, 9, 0, 10, 407.17
1733620864, 20, 64, 74, 29, 0, 0.06%, 9, 0, 10, 277.36
1733620890, 20, 65, 74, 29, 0, 0.06%, 9, 0, 10, 367.27
1733620920, 20, 73, 75, 30, 0, 0.06%, 9, 0, 10, 363.55
1733621037, 20, 74, 75, 29, 0, 0.06%, 9, 0, 10, 341.18
1733621159, 21, 19, 75, 28, 0, 0.06%, 9, 0, 10, 314.30
1733621179, 21, 21, 75, 28, 0, 0.06%, 9, 0, 10, 284.94
1733621200, 21, 22, 75, 28, 0, 0.06%, 9, 0, 10, 310.85
1733621210, 21, 22, 76, 29, 0, 0.06%, 9, 0, 10, 332.61
1733621220, 21, 25, 76, 29, 0, 0.06%, 9, 0, 10, 439.06
1733621261, 21, 26, 76, 28, 0, 0.06%, 9, 0, 10, 283.19
1733621281, 21, 30, 76, 28, 0, 0.06%, 9, 0, 10, 370.43
1733621311, 21, 31, 76, 27, 0, 0.06%, 9, 0, 10, 303.80
1733621347, 21, 32, 76, 26, 0, 0.06%, 9, 0, 10, 310.58
1733621449, 21, 33, 76, 25, 0, 0.06%, 9, 0, 10, 354.49
1733621469, 21, 36, 76, 25, 0, 0.06%, 9, 0, 10, 417.79
1733621484, 21, 37, 76, 25, 0, 0.06%, 9, 0, 10, 332.52
1733621490, 21, 38, 76, 25, 0, 0.06%, 9, 0, 10, 418.98
1733621520, 21, 39, 76, 24, 0, 0.06%, 9, 0, 10, 434.05
1733621679, 21, 42, 76, 23, 0, 0.06%, 9, 0, 10, 423.91
1733621694, 21, 43, 76, 23, 0, 0.06%, 9, 0, 10, 395.59
1733621709, 21, 44, 76, 23, 0, 0.06%, 9, 0, 10, 401.38
1733621725, 21, 45, 76, 23, 0, 0.06%, 9, 0, 10, 318.18
1733621745, 21, 46, 76, 23, 0, 0.06%, 9, 0, 10, 380.58
1733621760, 21, 47, 76, 23, 0, 0.06%, 9, 0, 10, 319.73
1733621780, 21, 48, 76, 23, 0, 0.06%, 9, 0, 10, 365.04
1733621959, 21, 49, 76, 22, 0, 0.06%, 9, 0, 10, 412.37
1733621974, 21, 50, 76, 22, 0, 0.06%, 9, 0, 10, 384.61
1733621989, 21, 51, 76, 22, 0, 0.06%, 9, 0, 10, 358.76
1733622010, 21, 52, 76, 22, 0, 0.06%, 9, 0, 10, 436.92
1733622182, 21, 52, 77, 23, 0, 0.06%, 9, 0, 10, 410.03
1733622229, 21, 53, 77, 22, 0, 0.06%, 9, 0, 10, 427.41
1733622259, 21, 54, 77, 21, 0, 0.06%, 9, 0, 10, 408.14
1733622290, 21, 56, 77, 20, 0, 0.06%, 9, 0, 10, 423.93
1733622325, 21, 57, 77, 19, 0, 0.06%, 9, 0, 10, 394.71
1733622341, 21, 58, 77, 19, 0, 0.06%, 9, 0, 10, 264.46
1733622366, 21, 59, 77, 19, 0, 0.06%, 9, 0, 10, 382.51
1733622391, 21, 60, 77, 19, 0, 0.06%, 9, 0, 10, 313.51
1733622422, 21, 61, 77, 19, 0, 0.06%, 9, 0, 10, 441.03
1733622467, 21, 62, 77, 18, 0, 0.06%, 9, 0, 10, 407.81
1733622493, 21, 63, 77, 18, 0, 0.06%, 9, 0, 10, 397.48
1733622518, 21, 64, 77, 18, 0, 0.06%, 9, 0, 10, 350.06
1733622544, 21, 65, 77, 18, 0, 0.06%, 9, 0, 10, 371.29
1733622585, 21, 66, 77, 18, 0, 0.06%, 9, 0, 10, 338.11
1733622610, 21, 67, 77, 18, 0, 0.06%, 9, 0, 10, 306.95
1733622645, 21, 68, 77, 18, 0, 0.06%, 9, 0, 10, 343.40
1733622671, 21, 69, 77, 18, 0, 0.06%, 9, 0, 10, 300.05
1733623082, 21, 70, 77, 17, 0, 0.06%, 9, 0, 10, 361.76
1733623107, 21, 71, 77, 17, 0, 0.06%, 9, 0, 10, 354.49
1733623306, 21, 73, 77, 17, 0, 0.06%, 9, 0, 10, 396.21
1733623332, 21, 74, 77, 17, 0, 0.06%, 9, 0, 10, 407.18
1733623357, 21, 76, 77, 17, 0, 0.06%, 9, 0, 10, 424.10
1733623362, 21, 76, 78, 18, 0, 0.06%, 9, 0, 10, 470.27
1733623454, 21, 77, 78, 17, 0, 0.06%, 9, 0, 10, 410.94
1733623551, 22, 36, 78, 16, 0, 0.06%, 9, 0, 10, 453.39
1733623567, 22, 37, 78, 16, 0, 0.06%, 9, 0, 10, 342.34
1733623572, 22, 38, 78, 16, 0, 0.06%, 9, 0, 10, 417.89
1733623587, 22, 39, 78, 16, 0, 0.06%, 9, 0, 10, 273.64
1733623602, 22, 39, 79, 17, 0, 0.06%, 9, 0, 10, 406.93
1733623607, 22, 42, 79, 17, 0, 0.06%, 9, 0, 10, 368.92
1733623613, 22, 44, 79, 17, 0, 0.06%, 9, 0, 10, 368.68
1733623618, 22, 45, 79, 17, 0, 0.06%, 9, 0, 10, 329.61
1733623623, 22, 46, 79, 17, 0, 0.06%, 9, 0, 10, 364.38
1733623643, 22, 49, 79, 17, 0, 0.06%, 9, 0, 10, 449.69
1733623658, 22, 50, 79, 17, 0, 0.06%, 9, 0, 10, 392.69
1733623669, 22, 50, 80, 18, 0, 0.06%, 9, 0, 10, 318.74
1733623679, 22, 51, 80, 18, 0, 0.06%, 9, 0, 10, 404.64
1733623694, 22, 52, 80, 18, 0, 0.06%, 9, 0, 10, 289.01
1733623709, 22, 53, 80, 18, 0, 0.06%, 9, 0, 10, 376.51
1733623730, 22, 54, 80, 18, 0, 0.06%, 9, 0, 10, 436.91
1733623745, 22, 56, 80, 18, 0, 0.06%, 9, 0, 10, 385.10
1733623760, 22, 57, 80, 18, 0, 0.06%, 9, 0, 10, 330.37
1733623780, 22, 58, 80, 18, 0, 0.06%, 9, 0, 10, 276.33
1733623801, 22, 59, 80, 18, 0, 0.06%, 9, 0, 10, 307.74
1733623826, 22, 60, 80, 18, 0, 0.06%, 9, 0, 10, 322.74
1733623841, 22, 61, 80, 18, 0, 0.06%, 9, 0, 10, 357.66
1733623867, 22, 62, 80, 18, 0, 0.06%, 9, 0, 10, 399.43
1733623882, 22, 63, 80, 18, 0, 0.06%, 9, 0, 10, 427.32
1733623892, 22, 64, 80, 18, 0, 0.06%, 9, 0, 10, 316.61
1733623907, 22, 65, 80, 18, 0, 0.06%, 9, 0, 10, 343.44
1733623923, 22, 66, 80, 18, 0, 0.06%, 9, 0, 10, 311.89
1733623948, 22, 67, 80, 18, 0, 0.06%, 9, 0, 10, 338.91
1733623984, 22, 70, 80, 18, 0, 0.06%, 9, 0, 10, 313.57
1733624010, 22, 71, 80, 18, 0, 0.06%, 9, 0, 10, 322.32
1733624035, 22, 73, 80, 18, 0, 0.06%, 9, 0, 10, 370.17
1733624060, 22, 74, 80, 18, 0, 0.06%, 9, 0, 10, 320.68
1733624086, 22, 76, 80, 18, 0, 0.06%, 9, 0, 10, 335.45
1733624111, 22, 77, 80, 18, 0, 0.06%, 9, 0, 10, 324.39
1733624137, 23, 37, 80, 18, 0, 0.06%, 9, 0, 10, 308.45
1733624142, 23, 42, 80, 18, 0, 0.06%, 9, 0, 10, 359.33
1733624147, 23, 43, 80, 18, 0, 0.06%, 9, 0, 10, 366.54
1733624152, 23, 44, 80, 18, 0, 0.06%, 9, 0, 10, 365.04
1733624157, 23, 45, 80, 18, 0, 0.06%, 9, 0, 10, 376.14
1733624162, 23, 46, 80, 18, 0, 0.06%, 9, 0, 10, 378.80
1733624167, 23, 49, 80, 18, 0, 0.06%, 9, 0, 10, 370.47
1733624172, 23, 51, 80, 18, 0, 0.06%, 9, 0, 10, 323.16
1733624182, 23, 52, 80, 18, 0, 0.06%, 9, 0, 10, 324.47
1733624203, 23, 53, 80, 18, 0, 0.06%, 9, 0, 10, 425.10
1733624223, 23, 54, 80, 18, 0, 0.06%, 9, 0, 10, 426.40
1733624238, 23, 56, 80, 18, 0, 0.06%, 9, 0, 10, 441.76
1733624253, 23, 59, 80, 18, 0, 0.06%, 9, 0, 10, 374.55
1733624279, 23, 60, 80, 18, 0, 0.06%, 9, 0, 10, 306.17
1733624294, 23, 61, 80, 18, 0, 0.06%, 9, 0, 10, 393.84
1733624319, 23, 62, 80, 18, 0, 0.06%, 9, 0, 10, 425.46
1733624329, 23, 63, 80, 18, 0, 0.06%, 9, 0, 10, 338.46
1733624344, 23, 64, 80, 18, 0, 0.06%, 9, 0, 10, 304.03
1733624360, 23, 65, 80, 18, 0, 0.06%, 9, 0, 10, 352.93
1733624375, 23, 66, 80, 18, 0, 0.06%, 9, 0, 10, 344.98
1733624390, 23, 70, 80, 18, 0, 0.06%, 9, 0, 10, 291.54
1733624406, 23, 71, 80, 18, 0, 0.06%, 9, 0, 10, 303.94
1733624421, 23, 73, 80, 18, 0, 0.06%, 9, 0, 10, 360.80
1733624447, 23, 74, 80, 18, 0, 0.06%, 9, 0, 10, 357.41
1733624472, 23, 76, 80, 18, 0, 0.06%, 9, 0, 10, 382.63
1733624498, 23, 77, 80, 18, 0, 0.06%, 9, 0, 10, 420.61
1733624523, 24, 37, 80, 18, 0, 0.06%, 9, 0, 10, 349.60
1733624528, 24, 43, 80, 18, 0, 0.06%, 9, 0, 10, 351.34
1733624533, 24, 44, 80, 18, 0, 0.06%, 9, 0, 10, 355.02
1733624538, 24, 45, 80, 18, 0, 0.06%, 9, 0, 10, 321.47
1733624543, 24, 46, 80, 18, 0, 0.06%, 9, 0, 10, 379.33
1733624549, 24, 49, 80, 18, 0, 0.06%, 9, 0, 10, 361.89
1733624554, 24, 51, 80, 18, 0, 0.06%, 9, 0, 10, 351.49
1733624559, 24, 52, 80, 18, 0, 0.06%, 9, 0, 10, 285.86
1733624579, 24, 53, 80, 18, 0, 0.06%, 9, 0, 10, 441.41
1733624595, 24, 54, 80, 18, 0, 0.06%, 9, 0, 10, 410.23
1733624610, 24, 56, 80, 18, 0, 0.06%, 9, 0, 10, 334.83
1733624625, 24, 59, 80, 18, 0, 0.06%, 9, 0, 10, 330.04
1733624640, 24, 60, 80, 18, 0, 0.06%, 9, 0, 10, 294.41
1733624651, 24, 61, 80, 18, 0, 0.06%, 9, 0, 10, 452.19
1733624671, 24, 62, 80, 18, 0, 0.06%, 9, 0, 10, 377.24
1733624676, 24, 63, 80, 18, 0, 0.06%, 9, 0, 10, 335.47
1733624686, 24, 64, 80, 18, 0, 0.06%, 9, 0, 10, 358.64
1733624697, 24, 65, 80, 18, 0, 0.06%, 9, 0, 10, 382.13
1733624702, 24, 73, 80, 18, 0, 0.06%, 9, 0, 10, 386.38
1733624732, 24, 74, 80, 18, 0, 0.06%, 9, 0, 10, 390.44
1733624757, 25, 37, 80, 18, 0, 0.06%, 9, 0, 10, 328.42
1733624762, 25, 42, 80, 18, 0, 0.06%, 9, 0, 10, 348.84
1733624767, 25, 44, 80, 18, 0, 0.06%, 9, 0, 10, 339.51
1733624772, 25, 45, 80, 18, 0, 0.06%, 9, 0, 10, 353.45
1733624783, 25, 60, 80, 18, 0, 0.06%, 9, 0, 10, 334.87
1733624793, 25, 62, 80, 18, 0, 0.06%, 9, 0, 10, 350.69
1733624798, 25, 63, 80, 18, 0, 0.06%, 9, 0, 10, 351.38
1733624808, 25, 64, 80, 18, 0, 0.06%, 9, 0, 10, 398.91
1733624813, 25, 65, 80, 18, 0, 0.06%, 9, 0, 10, 326.12
1733624823, 25, 73, 80, 18, 0, 0.06%, 9, 0, 10, 365.69
1733624834, 25, 74, 80, 18, 0, 0.06%, 9, 0, 10, 375.86
1733624839, 26, 37, 80, 18, 0, 0.06%, 9, 0, 10, 346.35
1733624844, 26, 42, 80, 18, 0, 0.06%, 9, 0, 10, 348.46
1733624849, 26, 43, 80, 18, 0, 0.06%, 9, 0, 10, 337.78
1733624854, 26, 45, 80, 18, 0, 0.06%, 9, 0, 10, 369.50
1733624864, 26, 46, 80, 18, 0, 0.06%, 9, 0, 10, 327.55
1733624869, 26, 60, 80, 18, 0, 0.06%, 9, 0, 10, 292.19
1733624874, 26, 62, 80, 18, 0, 0.06%, 9, 0, 10, 357.21
1733624879, 26, 63, 80, 18, 0, 0.06%, 9, 0, 10, 318.08
1733624889, 26, 64, 80, 18, 0, 0.06%, 9, 0, 10, 317.44
1733624899, 26, 65, 80, 18, 0, 0.06%, 9, 0, 10, 391.19
1733624904, 26, 73, 80, 18, 0, 0.06%, 9, 0, 10, 331.42
1733624915, 26, 74, 80, 18, 0, 0.06%, 9, 0, 10, 372.08
1733624925, 27, 42, 80, 18, 0, 0.06%, 9, 0, 10, 361.92
1733624930, 27, 43, 80, 18, 0, 0.06%, 9, 0, 10, 378.10
1733624935, 27, 44, 80, 18, 0, 0.06%, 9, 0, 10, 367.42
1733624940, 27, 45, 80, 18, 0, 0.06%, 9, 0, 10, 367.25
1733624945, 27, 46, 80, 18, 0, 0.06%, 9, 0, 10, 377.89
1733624950, 27, 60, 80, 18, 0, 0.06%, 9, 0, 10, 308.76
1733624960, 27, 62, 80, 18, 0, 0.06%, 9, 0, 10, 344.63
1733624965, 27, 63, 80, 18, 0, 0.06%, 9, 0, 10, 392.28
1733624970, 27, 64, 80, 18, 0, 0.06%, 9, 0, 10, 325.13
1733624981, 27, 65, 80, 18, 0, 0.06%, 9, 0, 10, 344.42
1733624991, 27, 73, 80, 18, 0, 0.06%, 9, 0, 10, 362.52
1733624996, 27, 74, 80, 18, 0, 0.06%, 9, 0, 10, 368.78
1733625006, 28, 42, 80, 18, 0, 0.06%, 9, 0, 10, 352.85
1733625011, 28, 43, 80, 18, 0, 0.06%, 9, 0, 10, 370.65
1733625016, 28, 44, 80, 18, 0, 0.06%, 9, 0, 10, 374.47
1733625021, 28, 45, 80, 18, 0, 0.06%, 9, 0, 10, 362.60
1733625026, 28, 46, 80, 18, 0, 0.06%, 9, 0, 10, 369.44
1733625031, 28, 60, 80, 18, 0, 0.06%, 9, 0, 10, 311.53
1733625041, 28, 62, 80, 18, 0, 0.06%, 9, 0, 10, 328.72
1733625046, 28, 63, 80, 18, 0, 0.06%, 9, 0, 10, 383.07
1733625057, 28, 64, 80, 18, 0, 0.06%, 9, 0, 10, 389.76
1733625062, 28, 65, 80, 18, 0, 0.06%, 9, 0, 10, 361.52
1733625072, 28, 73, 80, 18, 0, 0.06%, 9, 0, 10, 373.28
1733625082, 28, 74, 80, 18, 0, 0.06%, 9, 0, 10, 332.58
1733625087, 29, 37, 80, 18, 0, 0.06%, 9, 0, 10, 350.07
1733625092, 29, 42, 80, 18, 0, 0.06%, 9, 0, 10, 342.95
1733625097, 29, 43, 80, 18, 0, 0.06%, 9, 0, 10, 320.61
1733625102, 29, 45, 80, 18, 0, 0.06%, 9, 0, 10, 367.05
1733625112, 29, 60, 80, 18, 0, 0.06%, 9, 0, 10, 336.92
1733625122, 29, 62, 80, 18, 0, 0.06%, 9, 0, 10, 348.50
1733625127, 29, 63, 80, 18, 0, 0.06%, 9, 0, 10, 370.82
1733625137, 29, 64, 80, 18, 0, 0.06%, 9, 0, 10, 393.86
1733625143, 29, 65, 80, 18, 0, 0.06%, 9, 0, 10, 374.80
1733625153, 29, 73, 80, 18, 0, 0.06%, 9, 0, 10, 350.07
1733625163, 29, 74, 80, 18, 0, 0.06%, 9, 0, 10, 359.49
1733625168, 30, 37, 80, 18, 0, 0.06%, 9, 0, 10, 368.37
1733625173, 30, 42, 80, 18, 0, 0.06%, 9, 0, 10, 339.74
1733625178, 30, 43, 80, 18, 0, 0.06%, 9, 0, 10, 341.99
1733625183, 30, 44, 80, 18, 0, 0.06%, 9, 0, 10, 366.74
1733625188, 30, 45, 80, 18, 0, 0.06%, 9, 0, 10, 346.67
1733625193, 30, 46, 80, 18, 0, 0.06%, 9, 0, 10, 334.66
1733625198, 30, 60, 80, 18, 0, 0.06%, 9, 0, 10, 307.07
1733625204, 30, 62, 80, 18, 0, 0.06%, 9, 0, 10, 365.77
1733625209, 30, 63, 80, 18, 0, 0.06%, 9, 0, 10, 335.56
1733625219, 30, 64, 80, 18, 0, 0.06%, 9, 0, 10, 376.86
1733625229, 30, 65, 80, 18, 0, 0.06%, 9, 0, 10, 395.52
1733625234, 30, 73, 80, 18, 0, 0.06%, 9, 0, 10, 365.50
1733625244, 30, 74, 80, 18, 0, 0.06%, 9, 0, 10, 349.65
1733625250, 31, 37, 80, 18, 0, 0.06%, 9, 0, 10, 356.57
1733625255, 31, 42, 80, 18, 0, 0.06%, 9, 0, 10, 344.55
1733625260, 31, 43, 80, 18, 0, 0.06%, 9, 0, 10, 349.07
1733625265, 31, 44, 80, 18, 0, 0.06%, 9, 0, 10, 365.68
1733625270, 31, 45, 80, 18, 0, 0.06%, 9, 0, 10, 380.67
1733625275, 31, 46, 80, 18, 0, 0.06%, 9, 0, 10, 340.56
1733625280, 31, 60, 80, 18, 0, 0.06%, 9, 0, 10, 305.41
1733625285, 31, 61, 80, 18, 0, 0.06%, 9, 0, 10, 352.74
1733625300, 31, 62, 80, 18, 0, 0.06%, 9, 0, 10, 415.26
1733625310, 31, 63, 80, 18, 0, 0.06%, 9, 0, 10, 349.66
1733625367, 31, 64, 80, 18, 0, 0.06%, 9, 0, 10, 399.70
1733625526, 31, 65, 80, 18, 0, 0.06%, 9, 0, 10, 333.81
1733625537, 31, 66, 80, 18, 0, 0.06%, 9, 0, 10, 345.32
1733625552, 31, 67, 80, 18, 0, 0.06%, 9, 0, 10, 390.63
1733625974, 31, 68, 80, 18, 0, 0.06%, 9, 0, 10, 476.22
1733626046, 31, 69, 80, 18, 0, 0.06%, 9, 0, 10, 345.78
1733626416, 31, 70, 80, 18, 0, 0.06%, 9, 0, 10, 324.47
1733626431, 31, 71, 80, 18, 0, 0.06%, 9, 0, 10, 332.04
1733626446, 31, 72, 80, 18, 0, 0.06%, 9, 0, 10, 387.15
1733626554, 31, 73, 80, 17, 0, 0.06%, 9, 0, 10, 364.07
1733626559, 31, 74, 80, 17, 0, 0.06%, 9, 0, 10, 326.76
1733626569, 31, 75, 80, 17, 0, 0.06%, 9, 0, 10, 312.05
1733626961, 31, 76, 80, 16, 0, 0.06%, 9, 0, 10, 352.72
1733626987, 31, 77, 80, 16, 0, 0.06%, 9, 0, 10, 324.06
1733627012, 31, 78, 80, 16, 0, 0.06%, 9, 0, 10, 299.20
1733627408, 31, 79, 80, 15, 0, 0.06%, 9, 0, 10, 418.75
1733627601, 32, 19, 80, 14, 0, 0.06%, 9, 0, 10, 341.64
1733627621, 32, 21, 80, 14, 0, 0.06%, 9, 0, 10, 272.46
1733627631, 32, 22, 80, 14, 0, 0.06%, 9, 0, 10, 309.34
1733627641, 32, 25, 80, 14, 0, 0.06%, 9, 0, 10, 375.02
1733627656, 32, 26, 80, 14, 0, 0.06%, 9, 0, 10, 316.77
1733627682, 32, 30, 80, 14, 0, 0.06%, 9, 0, 10, 375.02
1733627697, 32, 31, 80, 14, 0, 0.06%, 9, 0, 10, 351.74
1733627717, 32, 32, 80, 14, 0, 0.06%, 9, 0, 10, 387.45
1733627732, 32, 33, 80, 14, 0, 0.06%, 9, 0, 10, 288.59
1733627753, 32, 36, 80, 14, 0, 0.06%, 9, 0, 10, 420.36
1733627768, 32, 37, 80, 14, 0, 0.06%, 9, 0, 10, 358.04
1733627773, 32, 38, 80, 14, 0, 0.06%, 9, 0, 10, 397.99
1733627789, 32, 39, 80, 14, 0, 0.06%, 9, 0, 10, 354.22
1733627809, 32, 42, 80, 14, 0, 0.06%, 9, 0, 10, 333.84
1733627814, 32, 43, 80, 14, 0, 0.06%, 9, 0, 10, 371.08
1733627819, 32, 44, 80, 14, 0, 0.06%, 9, 0, 10, 377.23
1733627824, 32, 45, 80, 14, 0, 0.06%, 9, 0, 10, 364.73
1733627829, 32, 46, 80, 14, 0, 0.06%, 9, 0, 10, 391.99
1733627834, 32, 47, 80, 14, 0, 0.06%, 9, 0, 10, 373.25
1733627854, 32, 48, 80, 14, 0, 0.06%, 9, 0, 10, 325.71
1733627874, 32, 49, 80, 14, 0, 0.06%, 9, 0, 10, 345.88
1733627880, 32, 50, 80, 14, 0, 0.06%, 9, 0, 10, 361.73
1733627885, 32, 51, 80, 14, 0, 0.06%, 9, 0, 10, 349.73
1733627890, 32, 52, 80, 14, 0, 0.06%, 9, 0, 10, 303.97
1733627900, 32, 53, 80, 14, 0, 0.06%, 9, 0, 10, 388.84
1733627910, 32, 54, 80, 14, 0, 0.06%, 9, 0, 10, 385.45
1733627920, 32, 56, 80, 14, 0, 0.06%, 9, 0, 10, 353.09
1733627925, 32, 57, 80, 14, 0, 0.06%, 9, 0, 10, 371.75
1733627946, 32, 58, 80, 14, 0, 0.06%, 9, 0, 10, 261.05
1733627966, 32, 59, 80, 14, 0, 0.06%, 9, 0, 10, 362.64
1733627976, 32, 60, 80, 14, 0, 0.06%, 9, 0, 10, 296.22
1733627981, 32, 61, 80, 14, 0, 0.06%, 9, 0, 10, 402.24
1733627996, 32, 62, 80, 14, 0, 0.06%, 9, 0, 10, 334.31
1733628001, 32, 63, 80, 14, 0, 0.06%, 9, 0, 10, 373.60
1733628006, 32, 64, 80, 14, 0, 0.06%, 9, 0, 10, 349.30
1733628017, 32, 65, 80, 14, 0, 0.06%, 9, 0, 10, 326.25
1733628027, 32, 66, 80, 14, 0, 0.06%, 9, 0, 10, 303.28
1733628037, 32, 67, 80, 14, 0, 0.06%, 9, 0, 10, 342.38
1733628057, 32, 68, 80, 14, 0, 0.06%, 9, 0, 10, 348.06
1733628083, 32, 69, 80, 14, 0, 0.06%, 9, 0, 10, 393.26
1733628118, 32, 70, 80, 14, 0, 0.06%, 9, 0, 10, 387.15
1733628128, 32, 71, 80, 14, 0, 0.06%, 9, 0, 10, 397.71
1733628133, 32, 73, 80, 14, 0, 0.06%, 9, 0, 10, 357.08
1733628144, 32, 74, 80, 14, 0, 0.06%, 9, 0, 10, 375.32
1733628149, 32, 75, 80, 14, 0, 0.06%, 9, 0, 10, 343.53
1733628174, 32, 76, 80, 14, 0, 0.06%, 9, 0, 10, 301.42
1733628200, 32, 77, 80, 14, 0, 0.06%, 9, 0, 10, 285.11
1733628230, 32, 78, 80, 14, 0, 0.06%, 9, 0, 10, 271.02
1733628255, 32, 79, 80, 14, 0, 0.06%, 9, 0, 10, 388.78
1733628271, 33, 19, 80, 14, 0, 0.06%, 9, 0, 10, 333.96
1733628281, 33, 21, 80, 14, 0, 0.06%, 9, 0, 10, 298.88
1733628291, 33, 22, 80, 14, 0, 0.06%, 9, 0, 10, 301.74
1733628301, 33, 26, 80, 14, 0, 0.06%, 9, 0, 10, 313.54
1733628311, 33, 33, 80, 14, 0, 0.06%, 9, 0, 10, 310.31
1733628321, 33, 36, 80, 14, 0, 0.06%, 9, 0, 10, 331.41
1733628326, 33, 37, 80, 14, 0, 0.06%, 9, 0, 10, 351.10
1733628332, 33, 38, 80, 14, 0, 0.06%, 9, 0, 10, 406.10
1733628347, 33, 39, 80, 14, 0, 0.06%, 9, 0, 10, 343.42
1733628368, 33, 42, 80, 14, 0, 0.06%, 9, 0, 10, 332.89
1733628373, 33, 43, 80, 14, 0, 0.06%, 9, 0, 10, 353.53
1733628378, 33, 44, 80, 14, 0, 0.06%, 9, 0, 10, 375.11
1733628383, 33, 45, 80, 14, 0, 0.06%, 9, 0, 10, 358.46
1733628388, 33, 46, 80, 14, 0, 0.06%, 9, 0, 10, 397.79
1733628393, 33, 47, 80, 14, 0, 0.06%, 9, 0, 10, 370.40
1733628413, 33, 48, 80, 14, 0, 0.06%, 9, 0, 10, 316.22
1733628433, 33, 49, 80, 14, 0, 0.06%, 9, 0, 10, 335.26
1733628438, 33, 51, 80, 14, 0, 0.06%, 9, 0, 10, 329.98
1733628443, 33, 52, 80, 14, 0, 0.06%, 9, 0, 10, 353.67
1733628454, 33, 53, 80, 14, 0, 0.06%, 9, 0, 10, 348.63
1733628459, 33, 54, 80, 14, 0, 0.06%, 9, 0, 10, 333.48
1733628464, 33, 56, 80, 14, 0, 0.06%, 9, 0, 10, 338.04
1733628469, 33, 57, 80, 14, 0, 0.06%, 9, 0, 10, 356.19
1733628474, 33, 58, 80, 14, 0, 0.06%, 9, 0, 10, 364.32
1733628489, 33, 59, 80, 14, 0, 0.06%, 9, 0, 10, 374.24
1733628494, 33, 60, 80, 14, 0, 0.06%, 9, 0, 10, 321.72
1733628504, 33, 61, 80, 14, 0, 0.06%, 9, 0, 10, 323.12
1733628509, 33, 62, 80, 14, 0, 0.06%, 9, 0, 10, 389.56
1733628514, 33, 63, 80, 14, 0, 0.06%, 9, 0, 10, 337.04
1733628525, 33, 64, 80, 14, 0, 0.06%, 9, 0, 10, 375.95
1733628535, 33, 65, 80, 14, 0, 0.06%, 9, 0, 10, 407.78
1733628540, 33, 66, 80, 14, 0, 0.06%, 9, 0, 10, 341.34
1733628550, 33, 67, 80, 14, 0, 0.06%, 9, 0, 10, 398.70
1733628570, 33, 68, 80, 14, 0, 0.06%, 9, 0, 10, 385.92
1733628586, 33, 69, 80, 14, 0, 0.06%, 9, 0, 10, 299.86
1733628616, 33, 70, 80, 14, 0, 0.06%, 9, 0, 10, 335.63
1733628626, 33, 71, 80, 14, 0, 0.06%, 9, 0, 10, 291.98
1733628636, 33, 73, 80, 14, 0, 0.06%, 9, 0, 10, 385.61
1733628642, 33, 74, 80, 14, 0, 0.06%, 9, 0, 10, 305.85
1733628652, 33, 75, 80, 14, 0, 0.06%, 9, 0, 10, 316.72
1733628677, 33, 76, 80, 14, 0, 0.06%, 9, 0, 10, 346.80
1733628692, 33, 77, 80, 14, 0, 0.06%, 9, 0, 10, 407.86
1733628703, 33, 78, 80, 14, 0, 0.06%, 9, 0, 10, 386.40
1733628733, 33, 79, 80, 14, 0, 0.06%, 9, 0, 10, 387.95
1733628748, 34, 36, 80, 14, 0, 0.06%, 9, 0, 10, 371.69
1733628753, 34, 37, 80, 14, 0, 0.06%, 9, 0, 10, 362.55
1733628759, 34, 38, 80, 14, 0, 0.06%, 9, 0, 10, 345.04
1733628764, 34, 39, 80, 14, 0, 0.06%, 9, 0, 10, 296.08
1733628774, 34, 42, 80, 14, 0, 0.06%, 9, 0, 10, 302.16
1733628779, 34, 44, 80, 14, 0, 0.06%, 9, 0, 10, 328.91
1733628784, 34, 45, 80, 14, 0, 0.06%, 9, 0, 10, 334.80
1733628794, 34, 49, 80, 14, 0, 0.06%, 9, 0, 10, 357.81
1733628799, 34, 50, 80, 14, 0, 0.06%, 9, 0, 10, 357.85
1733628804, 34, 51, 80, 14, 0, 0.06%, 9, 0, 10, 354.36
1733628809, 34, 52, 80, 14, 0, 0.06%, 9, 0, 10, 311.41
1733628819, 34, 53, 80, 14, 0, 0.06%, 9, 0, 10, 320.02
1733628824, 34, 56, 80, 14, 0, 0.06%, 9, 0, 10, 388.92
1733628829, 34, 57, 80, 14, 0, 0.06%, 9, 0, 10, 369.15
1733628834, 34, 58, 80, 14, 0, 0.06%, 9, 0, 10, 324.72
1733628845, 34, 59, 80, 14, 0, 0.06%, 9, 0, 10, 371.94
1733628850, 34, 60, 80, 14, 0, 0.06%, 9, 0, 10, 316.59
1733628860, 34, 61, 80, 14, 0, 0.06%, 9, 0, 10, 350.52
1733628865, 34, 62, 80, 14, 0, 0.06%, 9, 0, 10, 351.65
1733628875, 34, 63, 80, 14, 0, 0.06%, 9, 0, 10, 351.87
1733628880, 34, 64, 80, 14, 0, 0.06%, 9, 0, 10, 300.61
1733628890, 34, 65, 80, 14, 0, 0.06%, 9, 0, 10, 418.59
1733628895, 34, 66, 80, 14, 0, 0.06%, 9, 0, 10, 399.06
1733628906, 34, 67, 80, 14, 0, 0.06%, 9, 0, 10, 353.66
1733628921, 34, 68, 80, 14, 0, 0.06%, 9, 0, 10, 343.11
1733628936, 34, 69, 80, 14, 0, 0.06%, 9, 0, 10, 390.03
1733628957, 34, 70, 80, 14, 0, 0.06%, 9, 0, 10, 317.56
1733628967, 34, 71, 80, 14, 0, 0.06%, 9, 0, 10, 324.81
1733628977, 34, 73, 80, 14, 0, 0.06%, 9, 0, 10, 372.63
1733628982, 34, 74, 80, 14, 0, 0.06%, 9, 0, 10, 333.40
1733628992, 34, 76, 80, 14, 0, 0.06%, 9, 0, 10, 373.24
1733628997, 34, 77, 80, 14, 0, 0.06%, 9, 0, 10, 352.80
1733629008, 34, 78, 80, 14, 0, 0.06%, 9, 0, 10, 284.12
1733629033, 34, 79, 80, 14, 0, 0.06%, 9, 0, 10, 395.56
1733629053, 35, 37, 80, 14, 0, 0.06%, 9, 0, 10, 359.85
1733629059, 35, 38, 80, 14, 0, 0.06%, 9, 0, 10, 360.06
1733629064, 35, 39, 80, 14, 0, 0.06%, 9, 0, 10, 299.04
1733629074, 35, 43, 80, 14, 0, 0.06%, 9, 0, 10, 368.64
1733629079, 35, 44, 80, 14, 0, 0.06%, 9, 0, 10, 368.97
1733629084, 35, 45, 80, 14, 0, 0.06%, 9, 0, 10, 343.90
1733629089, 35, 46, 80, 14, 0, 0.06%, 9, 0, 10, 389.90
1733629094, 35, 49, 80, 14, 0, 0.06%, 9, 0, 10, 363.43
1733629099, 35, 50, 80, 14, 0, 0.06%, 9, 0, 10, 350.77
1733629104, 35, 51, 80, 14, 0, 0.06%, 9, 0, 10, 327.48
1733629109, 35, 52, 80, 14, 0, 0.06%, 9, 0, 10, 368.73
1733629114, 35, 53, 80, 14, 0, 0.06%, 9, 0, 10, 383.67
1733629120, 35, 54, 80, 14, 0, 0.06%, 9, 0, 10, 334.91
1733629125, 35, 56, 80, 14, 0, 0.06%, 9, 0, 10, 341.54
1733629130, 35, 57, 80, 14, 0, 0.06%, 9, 0, 10, 328.75
1733629135, 35, 58, 80, 14, 0, 0.06%, 9, 0, 10, 287.24
1733629140, 35, 59, 80, 14, 0, 0.06%, 9, 0, 10, 372.01
1733629150, 35, 60, 80, 14, 0, 0.06%, 9, 0, 10, 303.36
1733629155, 35, 61, 80, 14, 0, 0.06%, 9, 0, 10, 336.36
1733629165, 35, 62, 80, 14, 0, 0.06%, 9, 0, 10, 344.40
1733629170, 35, 63, 80, 14, 0, 0.06%, 9, 0, 10, 377.53
1733629175, 35, 64, 80, 14, 0, 0.06%, 9, 0, 10, 358.02
1733629185, 35, 65, 80, 14, 0, 0.06%, 9, 0, 10, 341.09
1733629196, 35, 66, 80, 14, 0, 0.06%, 9, 0, 10, 306.92
1733629206, 35, 67, 80, 14, 0, 0.06%, 9, 0, 10, 389.20
1733629221, 35, 68, 80, 14, 0, 0.06%, 9, 0, 10, 366.72
1733629231, 35, 69, 80, 14, 0, 0.06%, 9, 0, 10, 279.35
1733629251, 35, 70, 80, 14, 0, 0.06%, 9, 0, 10, 378.90
1733629257, 35, 71, 80, 14, 0, 0.06%, 9, 0, 10, 392.33
1733629267, 35, 73, 80, 14, 0, 0.06%, 9, 0, 10, 330.37
1733629277, 35, 74, 80, 14, 0, 0.06%, 9, 0, 10, 357.88
1733629282, 35, 76, 80, 14, 0, 0.06%, 9, 0, 10, 383.39
1733629287, 35, 77, 80, 14, 0, 0.06%, 9, 0, 10, 351.11
1733629298, 35, 78, 80, 14, 0, 0.06%, 9, 0, 10, 351.72
1733629323, 35, 79, 80, 14, 0, 0.06%, 9, 0, 10, 379.32
1733629338, 36, 36, 80, 14, 0, 0.06%, 9, 0, 10, 408.74
1733629343, 36, 37, 80, 14, 0, 0.06%, 9, 0, 10, 372.85
1733629348, 36, 38, 80, 14, 0, 0.06%, 9, 0, 10, 344.11
1733629353, 36, 39, 80, 14, 0, 0.06%, 9, 0, 10, 281.37
1733629364, 36, 43, 80, 14, 0, 0.06%, 9, 0, 10, 363.64
1733629369, 36, 44, 80, 14, 0, 0.06%, 9, 0, 10, 365.10
1733629374, 36, 45, 80, 14, 0, 0.06%, 9, 0, 10, 341.34
1733629379, 36, 46, 80, 14, 0, 0.06%, 9, 0, 10, 398.32
1733629384, 36, 49, 80, 14, 0, 0.06%, 9, 0, 10, 361.88
1733629389, 36, 50, 80, 14, 0, 0.06%, 9, 0, 10, 340.54
1733629394, 36, 51, 80, 14, 0, 0.06%, 9, 0, 10, 335.02
1733629399, 36, 52, 80, 14, 0, 0.06%, 9, 0, 10, 330.58
1733629404, 36, 53, 80, 14, 0, 0.06%, 9, 0, 10, 377.97
1733629409, 36, 54, 80, 14, 0, 0.06%, 9, 0, 10, 371.73
1733629414, 36, 56, 80, 14, 0, 0.06%, 9, 0, 10, 366.10
1733629419, 36, 57, 80, 14, 0, 0.06%, 9, 0, 10, 339.90
1733629425, 36, 58, 80, 14, 0, 0.06%, 9, 0, 10, 270.31
1733629435, 36, 59, 80, 14, 0, 0.06%, 9, 0, 10, 342.45
1733629440, 36, 60, 80, 14, 0, 0.06%, 9, 0, 10, 308.34
1733629450, 36, 61, 80, 14, 0, 0.06%, 9, 0, 10, 341.80
1733629455, 36, 62, 80, 14, 0, 0.06%, 9, 0, 10, 364.28
1733629460, 36, 63, 80, 14, 0, 0.06%, 9, 0, 10, 369.50
1733629470, 36, 64, 80, 14, 0, 0.06%, 9, 0, 10, 396.53
1733629475, 36, 65, 80, 14, 0, 0.06%, 9, 0, 10, 370.50
1733629486, 36, 66, 80, 14, 0, 0.06%, 9, 0, 10, 300.75
1733629496, 36, 67, 80, 14, 0, 0.06%, 9, 0, 10, 357.20
1733629511, 36, 68, 80, 14, 0, 0.06%, 9, 0, 10, 391.15
1733629516, 36, 69, 80, 14, 0, 0.06%, 9, 0, 10, 407.74
1733629531, 36, 70, 80, 14, 0, 0.06%, 9, 0, 10, 321.88
1733629542, 36, 71, 80, 14, 0, 0.06%, 9, 0, 10, 327.41
1733629552, 36, 73, 80, 14, 0, 0.06%, 9, 0, 10, 364.96
1733629557, 36, 74, 80, 14, 0, 0.06%, 9, 0, 10, 313.88
1733629567, 36, 76, 80, 14, 0, 0.06%, 9, 0, 10, 384.01
1733629572, 36, 77, 80, 14, 0, 0.06%, 9, 0, 10, 357.58
1733629582, 36, 78, 80, 14, 0, 0.06%, 9, 0, 10, 285.18
1733629597, 36, 79, 80, 14, 0, 0.06%, 9, 0, 10, 363.47
1733629607, 37, 36, 80, 14, 0, 0.06%, 9, 0, 10, 378.64
1733629613, 37, 37, 80, 14, 0, 0.06%, 9, 0, 10, 341.69
1733629618, 37, 39, 80, 14, 0, 0.06%, 9, 0, 10, 339.91
1733629628, 37, 42, 80, 14, 0, 0.06%, 9, 0, 10, 351.81
1733629633, 37, 43, 80, 14, 0, 0.06%, 9, 0, 10, 332.84
1733629638, 37, 44, 80, 14, 0, 0.06%, 9, 0, 10, 330.68
1733629643, 37, 45, 80, 14, 0, 0.06%, 9, 0, 10, 368.54
1733629648, 37, 46, 80, 14, 0, 0.06%, 9, 0, 10, 345.75
1733629653, 37, 49, 80, 14, 0, 0.06%, 9, 0, 10, 311.53
1733629658, 37, 50, 80, 14, 0, 0.06%, 9, 0, 10, 314.90
1733629663, 37, 52, 80, 14, 0, 0.06%, 9, 0, 10, 366.50
1733629674, 37, 53, 80, 14, 0, 0.06%, 9, 0, 10, 342.61
1733629679, 37, 54, 80, 14, 0, 0.06%, 9, 0, 10, 337.05
1733629684, 37, 56, 80, 14, 0, 0.06%, 9, 0, 10, 337.98
1733629689, 37, 58, 80, 14, 0, 0.06%, 9, 0, 10, 346.38
1733629699, 37, 59, 80, 14, 0, 0.06%, 9, 0, 10, 326.32
1733629709, 37, 60, 80, 14, 0, 0.06%, 9, 0, 10, 308.71
1733629714, 37, 61, 80, 14, 0, 0.06%, 9, 0, 10, 377.49
1733629719, 37, 62, 80, 14, 0, 0.06%, 9, 0, 10, 319.96
1733629729, 37, 63, 80, 14, 0, 0.06%, 9, 0, 10, 353.48
1733629735, 37, 64, 80, 14, 0, 0.06%, 9, 0, 10, 344.06
1733629745, 37, 65, 80, 14, 0, 0.06%, 9, 0, 10, 312.44
1733629755, 37, 66, 80, 14, 0, 0.06%, 9, 0, 10, 296.80
1733629765, 37, 67, 80, 14, 0, 0.06%, 9, 0, 10, 343.67
1733629780, 37, 68, 80, 14, 0, 0.06%, 9, 0, 10, 390.73
1733629785, 37, 69, 80, 14, 0, 0.06%, 9, 0, 10, 418.00
1733629801, 37, 70, 80, 14, 0, 0.06%, 9, 0, 10, 321.85
1733629811, 37, 71, 80, 14, 0, 0.06%, 9, 0, 10, 300.75
1733629821, 37, 73, 80, 14, 0, 0.06%, 9, 0, 10, 376.28
1733629826, 37, 74, 80, 14, 0, 0.06%, 9, 0, 10, 313.46
1733629836, 37, 76, 80, 14, 0, 0.06%, 9, 0, 10, 378.46
1733629841, 37, 77, 80, 14, 0, 0.06%, 9, 0, 10, 354.64
1733629851, 38, 37, 80, 14, 0, 0.06%, 9, 0, 10, 320.40
1733629856, 38, 42, 80, 14, 0, 0.06%, 9, 0, 10, 315.13
1733629861, 38, 44, 80, 14, 0, 0.06%, 9, 0, 10, 309.90
1733629866, 38, 45, 80, 14, 0, 0.06%, 9, 0, 10, 355.03
1733629877, 38, 49, 80, 14, 0, 0.06%, 9, 0, 10, 326.90
1733629882, 38, 51, 80, 14, 0, 0.06%, 9, 0, 10, 372.08
1733629887, 38, 52, 80, 14, 0, 0.06%, 9, 0, 10, 335.32
1733629897, 38, 53, 80, 14, 0, 0.06%, 9, 0, 10, 337.58
1733629902, 38, 54, 80, 14, 0, 0.06%, 9, 0, 10, 343.71
1733629907, 38, 59, 80, 14, 0, 0.06%, 9, 0, 10, 334.77
1733629917, 38, 60, 80, 14, 0, 0.06%, 9, 0, 10, 289.86
1733629922, 38, 61, 80, 14, 0, 0.06%, 9, 0, 10, 320.13
1733629933, 38, 62, 80, 14, 0, 0.06%, 9, 0, 10, 347.22
1733629938, 38, 63, 80, 14, 0, 0.06%, 9, 0, 10, 385.13
1733629943, 38, 64, 80, 14, 0, 0.06%, 9, 0, 10, 379.57
1733629953, 38, 65, 80, 14, 0, 0.06%, 9, 0, 10, 325.68
1733629963, 38, 66, 80, 14, 0, 0.06%, 9, 0, 10, 293.44
1733629973, 38, 70, 80, 14, 0, 0.06%, 9, 0, 10, 342.22
1733629983, 38, 71, 80, 14, 0, 0.06%, 9, 0, 10, 316.19
1733629994, 38, 73, 80, 14, 0, 0.06%, 9, 0, 10, 362.46
1733629999, 38, 74, 80, 14, 0, 0.06%, 9, 0, 10, 333.06
1733630009, 38, 76, 80, 14, 0, 0.06%, 9, 0, 10, 340.45
1733630014, 38, 77, 80, 14, 0, 0.06%, 9, 0, 10, 373.60
1733630024, 39, 42, 80, 14, 0, 0.06%, 9, 0, 10, 351.51
1733630029, 39, 43, 80, 14, 0, 0.06%, 9, 0, 10, 386.15
1733630034, 39, 44, 80, 14, 0, 0.06%, 9, 0, 10, 381.23
1733630039, 39, 45, 80, 14, 0, 0.06%, 9, 0, 10, 377.96
1733630044, 39, 46, 80, 14, 0, 0.06%, 9, 0, 10, 366.82
1733630049, 39, 49, 80, 14, 0, 0.06%, 9, 0, 10, 362.27
1733630054, 39, 51, 80, 14, 0, 0.06%, 9, 0, 10, 335.37
1733630060, 39, 52, 80, 14, 0, 0.06%, 9, 0, 10, 377.94
1733630065, 39, 53, 80, 14, 0, 0.06%, 9, 0, 10, 371.48
1733630070, 39, 54, 80, 14, 0, 0.06%, 9, 0, 10, 350.48
1733630075, 39, 56, 80, 14, 0, 0.06%, 9, 0, 10, 342.21
1733630080, 39, 59, 80, 14, 0, 0.06%, 9, 0, 10, 362.28
1733630085, 39, 60, 80, 14, 0, 0.06%, 9, 0, 10, 301.43
1733630095, 39, 61, 80, 14, 0, 0.06%, 9, 0, 10, 347.10
1733630100, 39, 62, 80, 14, 0, 0.06%, 9, 0, 10, 380.07
1733630105, 39, 63, 80, 14, 0, 0.06%, 9, 0, 10, 343.26
1733630115, 39, 64, 80, 14, 0, 0.06%, 9, 0, 10, 357.66
1733630125, 39, 65, 80, 14, 0, 0.06%, 9, 0, 10, 399.64
1733630131, 39, 66, 80, 14, 0, 0.06%, 9, 0, 10, 375.12
1733630141, 39, 70, 80, 14, 0, 0.06%, 9, 0, 10, 351.39
1733630151, 39, 71, 80, 14, 0, 0.06%, 9, 0, 10, 327.13
1733630161, 39, 73, 80, 14, 0, 0.06%, 9, 0, 10, 349.62
1733630171, 39, 74, 80, 14, 0, 0.06%, 9, 0, 10, 330.31
1733630176, 39, 76, 80, 14, 0, 0.06%, 9, 0, 10, 366.41
1733630181, 39, 77, 80, 14, 0, 0.06%, 9, 0, 10, 356.91
1733630191, 40, 37, 80, 14, 0, 0.06%, 9, 0, 10, 356.95
1733630197, 40, 42, 80, 14, 0, 0.06%, 9, 0, 10, 318.34
1733630202, 40, 44, 80, 14, 0, 0.06%, 9, 0, 10, 323.65
1733630207, 40, 45, 80, 14, 0, 0.06%, 9, 0, 10, 345.10
1733630212, 40, 46, 80, 14, 0, 0.06%, 9, 0, 10, 349.09
1733630217, 40, 49, 80, 14, 0, 0.06%, 9, 0, 10, 380.93
1733630222, 40, 51, 80, 14, 0, 0.06%, 9, 0, 10, 351.98
1733630227, 40, 52, 80, 14, 0, 0.06%, 9, 0, 10, 307.23
1733630237, 40, 54, 80, 14, 0, 0.06%, 9, 0, 10, 357.91
1733630242, 40, 56, 80, 14, 0, 0.06%, 9, 0, 10, 385.85
1733630247, 40, 59, 80, 14, 0, 0.06%, 9, 0, 10, 379.00
1733630252, 40, 60, 80, 14, 0, 0.06%, 9, 0, 10, 354.41
1733630263, 40, 61, 80, 14, 0, 0.06%, 9, 0, 10, 361.00
1733630268, 40, 62, 80, 14, 0, 0.06%, 9, 0, 10, 411.42
1733630273, 40, 63, 80, 14, 0, 0.06%, 9, 0, 10, 322.34
1733630283, 40, 64, 80, 14, 0, 0.06%, 9, 0, 10, 297.04
1733630293, 40, 65, 80, 14, 0, 0.06%, 9, 0, 10, 398.61
1733630298, 40, 66, 80, 14, 0, 0.06%, 9, 0, 10, 358.07
1733630313, 40, 70, 80, 14, 0, 0.06%, 9, 0, 10, 397.28
1733630318, 40, 71, 80, 14, 0, 0.06%, 9, 0, 10, 329.77
1733630329, 40, 73, 80, 14, 0, 0.06%, 9, 0, 10, 335.09
1733630339, 40, 74, 80, 14, 0, 0.06%, 9, 0, 10, 386.71
1733630344, 40, 76, 80, 14, 0, 0.06%, 9, 0, 10, 341.48
1733630354, 40, 77, 80, 14, 0, 0.06%, 9, 0, 10, 375.69
1733630359, 41, 37, 80, 14, 0, 0.06%, 9, 0, 10, 363.12
1733630364, 41, 42, 80, 14, 0, 0.06%, 9, 0, 10, 340.10
1733630369, 41, 43, 80, 14, 0, 0.06%, 9, 0, 10, 358.16
1733630374, 41, 45, 80, 14, 0, 0.06%, 9, 0, 10, 371.35
1733630384, 41, 46, 80, 14, 0, 0.06%, 9, 0, 10, 325.62
1733630389, 41, 51, 80, 14, 0, 0.06%, 9, 0, 10, 368.72
1733630394, 41, 52, 80, 14, 0, 0.06%, 9, 0, 10, 357.09
1733630404, 41, 53, 80, 14, 0, 0.06%, 9, 0, 10, 360.11
1733630409, 41, 54, 80, 14, 0, 0.06%, 9, 0, 10, 323.04
1733630415, 41, 59, 80, 14, 0, 0.06%, 9, 0, 10, 363.72
1733630425, 41, 60, 80, 14, 0, 0.06%, 9, 0, 10, 302.58
1733630430, 41, 61, 80, 14, 0, 0.06%, 9, 0, 10, 319.13
1733630440, 41, 62, 80, 14, 0, 0.06%, 9, 0, 10, 341.99
1733630445, 41, 63, 80, 14, 0, 0.06%, 9, 0, 10, 374.02
1733630450, 41, 64, 80, 14, 0, 0.06%, 9, 0, 10, 339.74
1733630460, 41, 65, 80, 14, 0, 0.06%, 9, 0, 10, 376.76
1733630470, 41, 66, 80, 14, 0, 0.06%, 9, 0, 10, 302.12
1733630481, 41, 70, 80, 14, 0, 0.06%, 9, 0, 10, 303.80
1733630491, 41, 71, 80, 14, 0, 0.06%, 9, 0, 10, 284.90
1733630501, 41, 73, 80, 14, 0, 0.06%, 9, 0, 10, 382.17
1733630506, 41, 74, 80, 14, 0, 0.06%, 9, 0, 10, 334.57
1733630516, 41, 76, 80, 14, 0, 0.06%, 9, 0, 10, 395.40
1733630521, 41, 77, 80, 14, 0, 0.06%, 9, 0, 10, 318.17
1733630531, 42, 37, 80, 14, 0, 0.06%, 9, 0, 10, 348.17
1733630536, 42, 43, 80, 14, 0, 0.06%, 9, 0, 10, 349.75
1733630541, 42, 44, 80, 14, 0, 0.06%, 9, 0, 10, 365.32
1733630547, 42, 45, 80, 14, 0, 0.06%, 9, 0, 10, 310.59
1733630552, 42, 46, 80, 14, 0, 0.06%, 9, 0, 10, 407.58
1733630557, 42, 49, 80, 14, 0, 0.06%, 9, 0, 10, 381.66
1733630562, 42, 51, 80, 14, 0, 0.06%, 9, 0, 10, 344.97
1733630567, 42, 52, 80, 14, 0, 0.06%, 9, 0, 10, 293.20
1733630577, 42, 54, 80, 14, 0, 0.06%, 9, 0, 10, 353.75
1733630582, 42, 56, 80, 14, 0, 0.06%, 9, 0, 10, 385.64
1733630587, 42, 59, 80, 14, 0, 0.06%, 9, 0, 10, 364.26
1733630597, 42, 60, 80, 14, 0, 0.06%, 9, 0, 10, 306.28
1733630602, 42, 61, 80, 14, 0, 0.06%, 9, 0, 10, 363.95
1733630607, 42, 62, 80, 14, 0, 0.06%, 9, 0, 10, 332.59
1733630617, 42, 63, 80, 14, 0, 0.06%, 9, 0, 10, 354.80
1733630622, 42, 64, 80, 14, 0, 0.06%, 9, 0, 10, 307.84
1733630632, 42, 65, 80, 14, 0, 0.06%, 9, 0, 10, 364.18
1733630643, 42, 66, 80, 14, 0, 0.06%, 9, 0, 10, 393.22
1733630648, 42, 70, 80, 14, 0, 0.06%, 9, 0, 10, 384.77
1733630658, 42, 71, 80, 14, 0, 0.06%, 9, 0, 10, 379.83
1733630668, 42, 73, 80, 14, 0, 0.06%, 9, 0, 10, 383.91
1733630678, 42, 74, 80, 14, 0, 0.06%, 9, 0, 10, 370.42
1733630684, 42, 76, 80, 14, 0, 0.06%, 9, 0, 10, 363.50
1733630694, 42, 77, 80, 14, 0, 0.06%, 9, 0, 10, 365.34
1733630699, 43, 37, 80, 14, 0, 0.06%, 9, 0, 10, 350.29
1733630704, 43, 42, 80, 14, 0, 0.06%, 9, 0, 10, 339.71
1733630709, 43, 44, 80, 14, 0, 0.06%, 9, 0, 10, 353.24
1733630714, 43, 45, 80, 14, 0, 0.06%, 9, 0, 10, 338.06
1733630724, 43, 49, 80, 14, 0, 0.06%, 9, 0, 10, 350.68
1733630729, 43, 51, 80, 14, 0, 0.06%, 9, 0, 10, 361.27
1733630734, 43, 52, 80, 14, 0, 0.06%, 9, 0, 10, 337.32
1733630744, 43, 53, 80, 14, 0, 0.06%, 9, 0, 10, 342.23
1733630749, 43, 56, 80, 14, 0, 0.06%, 9, 0, 10, 356.50
1733630754, 43, 59, 80, 14, 0, 0.06%, 9, 0, 10, 315.81
1733630765, 43, 60, 80, 14, 0, 0.06%, 9, 0, 10, 295.13
1733630770, 43, 61, 80, 14, 0, 0.06%, 9, 0, 10, 312.99
1733630780, 43, 62, 80, 14, 0, 0.06%, 9, 0, 10, 349.24
1733630785, 43, 63, 80, 14, 0, 0.06%, 9, 0, 10, 382.45
1733630790, 43, 64, 80, 14, 0, 0.06%, 9, 0, 10, 363.96
1733630800, 43, 65, 80, 14, 0, 0.06%, 9, 0, 10, 334.28
1733630810, 43, 66, 80, 14, 0, 0.06%, 9, 0, 10, 297.83
1733630821, 43, 70, 80, 14, 0, 0.06%, 9, 0, 10, 302.75
1733630831, 43, 71, 80, 14, 0, 0.06%, 9, 0, 10, 298.88
1733630841, 43, 73, 80, 14, 0, 0.06%, 9, 0, 10, 387.22
1733630846, 43, 74, 80, 14, 0, 0.06%, 9, 0, 10, 320.38
1733630856, 43, 76, 80, 14, 0, 0.06%, 9, 0, 10, 369.15
1733630861, 43, 77, 80, 14, 0, 0.06%, 9, 0, 10, 375.57
1733630871, 44, 42, 80, 14, 0, 0.06%, 9, 0, 10, 334.72
1733630876, 44, 43, 80, 14, 0, 0.06%, 9, 0, 10, 373.69
1733630881, 44, 44, 80, 14, 0, 0.06%, 9, 0, 10, 377.80
1733630887, 44, 45, 80, 14, 0, 0.06%, 9, 0, 10, 337.13
1733630892, 44, 46, 80, 14, 0, 0.06%, 9, 0, 10, 393.89
1733630897, 44, 49, 80, 14, 0, 0.06%, 9, 0, 10, 352.66
1733630902, 44, 51, 80, 14, 0, 0.06%, 9, 0, 10, 321.54
1733630907, 44, 52, 80, 14, 0, 0.06%, 9, 0, 10, 291.76
1733630912, 44, 53, 80, 14, 0, 0.06%, 9, 0, 10, 352.77
1733630917, 44, 54, 80, 14, 0, 0.06%, 9, 0, 10, 366.72
1733630922, 44, 56, 80, 14, 0, 0.06%, 9, 0, 10, 366.27
1733630927, 44, 59, 80, 14, 0, 0.06%, 9, 0, 10, 357.52
1733630932, 44, 59, 81, 15, 0, 0.07%, 10, 0, 10, 308.90
1733630937, 44, 80, 81, 15, 1, 0.07%, 10, 0, 10, 240.06
1733631014, 45, 80, 81, 14, 0, 0.07%, 10, 0, 10, 255.91
1733631049, 46, 80, 81, 14, 0, 0.07%, 10, 0, 10, 249.96
1733631085, 47, 80, 81, 14, 0, 0.07%, 10, 0, 10, 235.68
1733631120, 48, 80, 81, 14, 0, 0.07%, 10, 0, 10, 224.58
1733631155, 49, 80, 81, 14, 0, 0.07%, 10, 0, 10, 247.96
1733631191, 50, 80, 81, 14, 0, 0.07%, 10, 0, 10, 244.12
1733631221, 51, 80, 81, 14, 0, 0.07%, 10, 0, 10, 337.28
1733631257, 52, 80, 81, 14, 0, 0.07%, 10, 0, 10, 285.91
1733631292, 53, 80, 81, 14, 0, 0.07%, 10, 0, 10, 260.49
1733631323, 54, 80, 81, 14, 0, 0.07%, 10, 0, 10, 246.81
1733631359, 55, 80, 81, 14, 0, 0.07%, 10, 0, 10, 247.74
1733631369, 56, 80, 81, 14, 0, 0.07%, 10, 0, 10, 246.04
1733631379, 57, 80, 81, 14, 0, 0.07%, 10, 0, 10, 229.02
1733631384, 58, 80, 81, 14, 0, 0.07%, 10, 0, 10, 281.79
1733631394, 59, 80, 81, 14, 0, 0.07%, 10, 0, 10, 247.20
1733631404, 60, 80, 81, 14, 0, 0.07%, 10, 0, 10, 223.61
1733631414, 61, 80, 81, 14, 0, 0.07%, 10, 0, 10, 227.27
1733631425, 62, 80, 81, 14, 0, 0.07%, 10, 0, 10, 257.70
1733631430, 63, 80, 81, 14, 0, 0.07%, 10, 0, 10, 261.63
1733631440, 64, 80, 81, 14, 0, 0.07%, 10, 0, 10, 232.26
1733631445, 65, 80, 81, 14, 0, 0.07%, 10, 0, 10, 284.48
1733631455, 66, 80, 82, 15, 0, 0.08%, 11, 0, 10, 262.29
1733631465, 66, 81, 83, 16, 1, 0.08%, 12, 0, 11, 319.85
1733631485, 66, 81, 84, 17, 1, 0.08%, 12, 0, 11, 274.01
1733631582, 66, 82, 84, 16, 1, 0.08%, 12, 0, 11, 282.71
1733631592, 66, 82, 85, 17, 1, 0.10%, 13, 0, 12, 267.74
1733631632, 66, 82, 86, 18, 1, 0.10%, 14, 0, 12, 265.68
1733631693, 66, 85, 87, 18, 2, 0.10%, 14, 0, 13, 286.38
1733631698, 66, 85, 91, 22, 2, 0.10%, 14, 0, 13, 310.54
1733631703, 66, 85, 93, 24, 2, 0.10%, 14, 0, 13, 326.20
1733631718, 66, 85, 94, 25, 2, 0.10%, 14, 0, 13, 332.81
1733631784, 66, 85, 95, 26, 2, 0.11%, 15, 0, 13, 301.38
1733631789, 66, 94, 95, 25, 2, 0.11%, 15, 0, 13, 245.17
1733631795, 66, 94, 96, 26, 2, 0.11%, 15, 0, 14, 179.05
1733631810, 66, 94, 101, 31, 2, 0.11%, 20, 0, 14, 186.35
1733631830, 66, 94, 102, 32, 2, 0.11%, 20, 0, 14, 362.07
1733631866, 66, 94, 103, 33, 2, 0.11%, 20, 0, 14, 369.98
1733631876, 66, 94, 104, 34, 2, 0.11%, 20, 0, 14, 357.94
1733631881, 66, 94, 105, 35, 2, 0.11%, 20, 0, 14, 357.20
1733631906, 66, 96, 105, 34, 7, 0.11%, 20, 0, 14, 329.51
1733631937, 66, 96, 106, 35, 7, 0.11%, 20, 0, 15, 321.55
1733631947, 66, 96, 107, 36, 7, 0.11%, 20, 0, 15, 357.18
1733631962, 66, 96, 108, 37, 7, 0.11%, 20, 0, 15, 362.85
1733632033, 66, 96, 109, 38, 7, 0.11%, 20, 0, 15, 361.29
1733632053, 66, 98, 109, 37, 6, 0.11%, 20, 0, 15, 267.10
1733632084, 66, 98, 111, 39, 6, 0.11%, 20, 0, 15, 332.00
1733632099, 66, 98, 112, 40, 6, 0.11%, 20, 0, 15, 366.95
1733632109, 66, 98, 113, 41, 6, 0.11%, 20, 0, 15, 355.56
1733632170, 66, 98, 114, 42, 6, 0.11%, 20, 0, 15, 366.98
1733632175, 66, 98, 115, 43, 6, 0.11%, 20, 0, 15, 333.09
1733632196, 66, 99, 115, 42, 5, 0.11%, 20, 0, 15, 222.77
1733632226, 66, 99, 116, 43, 5, 0.11%, 20, 0, 15, 349.17
1733632262, 66, 99, 117, 44, 5, 0.11%, 20, 0, 15, 365.67
1733632267, 66, 99, 118, 45, 5, 0.11%, 20, 0, 15, 359.39
1733632338, 66, 100, 118, 44, 4, 0.11%, 20, 0, 15, 203.02
1733632369, 66, 100, 119, 45, 4, 0.11%, 20, 0, 15, 350.90
1733632394, 66, 100, 120, 46, 4, 0.11%, 20, 0, 15, 361.22
1733632480, 67, 84, 122, 47, 3, 0.12%, 22, 0, 15, 324.36
1733632496, 67, 84, 123, 48, 3, 0.12%, 22, 0, 15, 289.62
1733632607, 67, 84, 124, 49, 3, 0.12%, 22, 0, 15, 324.19
1733632623, 67, 120, 125, 49, 4, 0.12%, 22, 0, 15, 327.76
1733632689, 67, 120, 126, 50, 4, 0.13%, 23, 0, 15, 290.36
1733632745, 67, 120, 128, 52, 4, 0.13%, 23, 0, 15, 330.27
1733632765, 67, 125, 128, 51, 4, 0.13%, 23, 0, 15, 283.22
1733632770, 67, 125, 129, 52, 4, 0.13%, 23, 0, 15, 270.60
1733632775, 67, 125, 130, 53, 4, 0.13%, 23, 0, 15, 266.86
1733632866, 67, 125, 131, 54, 4, 0.13%, 23, 0, 15, 270.42
1733632912, 68, 97, 131, 53, 4, 0.13%, 23, 0, 15, 232.39
1733632947, 68, 97, 132, 54, 4, 0.13%, 23, 0, 15, 364.41
1733632988, 68, 97, 133, 55, 4, 0.13%, 23, 0, 15, 360.94
1733632998, 68, 97, 134, 56, 4, 0.13%, 23, 0, 15, 360.49
1733633054, 68, 121, 134, 55, 3, 0.13%, 23, 0, 15, 284.52
1733633079, 68, 121, 135, 56, 3, 0.13%, 23, 0, 15, 285.46
1733633124, 68, 121, 136, 57, 3, 0.13%, 23, 0, 15, 281.13
1733633160, 68, 122, 136, 56, 2, 0.13%, 23, 0, 15, 307.69
