# unix_time, cycles_done, cur_path, paths_total, pending_total, pending_favs, map_size, unique_crashes, unique_hangs, max_depth, execs_per_sec
1734861758, 0, 0, 10, 10, 1, 0.00%, 0, 0, 1, 167.36
1734861763, 0, 3, 10, 10, 1, 0.00%, 0, 0, 1, 200.58
1734861768, 0, 4, 10, 9, 0, 0.00%, 0, 0, 1, 206.60
1734861773, 0, 5, 10, 8, 0, 0.00%, 0, 0, 1, 204.48
1734861783, 0, 6, 10, 7, 0, 0.00%, 0, 0, 1, 206.78
1734861788, 0, 7, 10, 6, 0, 0.00%, 0, 0, 1, 198.17
1734861798, 0, 8, 10, 5, 0, 0.00%, 0, 0, 1, 208.41
1734861803, 0, 9, 10, 4, 0, 0.00%, 0, 0, 1, 198.57
1734861814, 1, 0, 10, 3, 0, 0.00%, 0, 0, 1, 208.53
1734861824, 1, 1, 10, 2, 0, 0.00%, 0, 0, 1, 209.53
1734861834, 1, 2, 10, 1, 0, 0.00%, 0, 0, 1, 210.33
1734861839, 1, 3, 10, 0, 0, 0.00%, 0, 0, 1, 207.95
1734861849, 1, 4, 10, 0, 0, 0.00%, 0, 0, 1, 207.91
1734861854, 1, 5, 10, 0, 0, 0.00%, 0, 0, 1, 208.37
1734861859, 1, 6, 10, 0, 0, 0.00%, 0, 0, 1, 208.09
1734861865, 1, 8, 10, 0, 0, 0.00%, 0, 0, 1, 210.02
1734861870, 1, 9, 10, 0, 0, 0.00%, 0, 0, 1, 210.19
1734861875, 2, 1, 10, 0, 0, 0.00%, 0, 0, 1, 206.65
1734861880, 2, 2, 10, 0, 0, 0.00%, 0, 0, 1, 209.21
1734861885, 2, 4, 10, 0, 0, 0.00%, 0, 0, 1, 207.78
1734861890, 2, 5, 10, 0, 0, 0.00%, 0, 0, 1, 203.09
1734861895, 2, 6, 10, 0, 0, 0.00%, 0, 0, 1, 205.09
1734861900, 2, 8, 10, 0, 0, 0.00%, 0, 0, 1, 207.40
1734861905, 2, 9, 10, 0, 0, 0.00%, 0, 0, 1, 210.52
1734861910, 3, 1, 10, 0, 0, 0.00%, 0, 0, 1, 207.63
1734861915, 3, 2, 10, 0, 0, 0.00%, 0, 0, 1, 209.68
1734861920, 3, 3, 10, 0, 0, 0.00%, 0, 0, 1, 208.02
1734861925, 3, 5, 10, 0, 0, 0.00%, 0, 0, 1, 206.45
1734861930, 3, 6, 10, 0, 0, 0.00%, 0, 0, 1, 207.94
1734861935, 3, 8, 10, 0, 0, 0.00%, 0, 0, 1, 210.27
1734861941, 3, 9, 10, 0, 0, 0.00%, 0, 0, 1, 207.52
1734861946, 4, 0, 10, 0, 0, 0.00%, 0, 0, 1, 205.04
1734861951, 4, 2, 10, 0, 0, 0.00%, 0, 0, 1, 207.65
1734861956, 4, 3, 10, 0, 0, 0.00%, 0, 0, 1, 205.00
1734861961, 4, 4, 10, 0, 0, 0.00%, 0, 0, 1, 206.46
1734861966, 4, 6, 10, 0, 0, 0.00%, 0, 0, 1, 206.42
1734861971, 4, 7, 10, 0, 0, 0.00%, 0, 0, 1, 204.96
1734861976, 4, 9, 10, 0, 0, 0.00%, 0, 0, 1, 207.68
1734861981, 5, 0, 10, 0, 0, 0.00%, 0, 0, 1, 208.43
1734861986, 5, 1, 10, 0, 0, 0.00%, 0, 0, 1, 205.30
1734861991, 5, 3, 10, 0, 0, 0.00%, 0, 0, 1, 208.10
1734861996, 5, 4, 10, 0, 0, 0.00%, 0, 0, 1, 208.21
1734862001, 5, 6, 10, 0, 0, 0.00%, 0, 0, 1, 207.61
1734862006, 5, 7, 10, 0, 0, 0.00%, 0, 0, 1, 203.41
1734862011, 5, 8, 10, 0, 0, 0.00%, 0, 0, 1, 204.61
1734862016, 6, 0, 10, 0, 0, 0.00%, 0, 0, 1, 208.61
1734862021, 6, 1, 10, 0, 0, 0.00%, 0, 0, 1, 207.24
1734862026, 6, 3, 10, 0, 0, 0.00%, 0, 0, 1, 206.16
1734862032, 6, 4, 10, 0, 0, 0.00%, 0, 0, 1, 205.70
1734862037, 6, 5, 10, 0, 0, 0.00%, 0, 0, 1, 208.31
1734862042, 6, 7, 10, 0, 0, 0.00%, 0, 0, 1, 203.64
1734862047, 6, 8, 10, 0, 0, 0.00%, 0, 0, 1, 207.40
1734862052, 7, 0, 10, 0, 0, 0.00%, 0, 0, 1, 210.36
1734862057, 7, 1, 10, 0, 0, 0.00%, 0, 0, 1, 209.14
1734862062, 7, 2, 10, 0, 0, 0.00%, 0, 0, 1, 210.51
1734862067, 7, 4, 10, 0, 0, 0.00%, 0, 0, 1, 206.60
1734862072, 7, 5, 10, 0, 0, 0.00%, 0, 0, 1, 204.86
1734862077, 7, 7, 10, 0, 0, 0.00%, 0, 0, 1, 208.10
1734862082, 7, 8, 10, 0, 0, 0.00%, 0, 0, 1, 205.99
1734862087, 7, 9, 10, 0, 0, 0.00%, 0, 0, 1, 210.58
1734862092, 8, 1, 10, 0, 0, 0.00%, 0, 0, 1, 210.20
1734862098, 8, 2, 10, 0, 0, 0.00%, 0, 0, 1, 210.29
1734862103, 8, 4, 10, 0, 0, 0.00%, 0, 0, 1, 208.78
1734862108, 8, 5, 10, 0, 0, 0.00%, 0, 0, 1, 211.31
1734862113, 8, 6, 10, 0, 0, 0.00%, 0, 0, 1, 203.48
1734862118, 8, 8, 10, 0, 0, 0.00%, 0, 0, 1, 208.01
1734862123, 8, 9, 10, 0, 0, 0.00%, 0, 0, 1, 208.54
1734862128, 9, 1, 10, 0, 0, 0.00%, 0, 0, 1, 206.95
1734862133, 9, 2, 10, 0, 0, 0.00%, 0, 0, 1, 209.02
1734862138, 9, 3, 10, 0, 0, 0.00%, 0, 0, 1, 209.10
1734862143, 9, 5, 10, 0, 0, 0.00%, 0, 0, 1, 206.19
1734862148, 9, 6, 11, 1, 0, 0.05%, 1, 0, 2, 207.89
1734862153, 9, 10, 11, 1, 1, 0.05%, 1, 0, 2, 250.39
1734862158, 9, 10, 12, 2, 1, 0.05%, 2, 0, 3, 267.83
1734862269, 9, 11, 12, 1, 1, 0.05%, 2, 0, 3, 219.31
1734862275, 9, 11, 15, 4, 1, 0.05%, 3, 0, 4, 258.69
1734862280, 9, 11, 16, 5, 1, 0.05%, 3, 0, 4, 264.61
1734862285, 9, 11, 17, 6, 1, 0.05%, 4, 0, 4, 270.95
1734862290, 9, 11, 18, 7, 1, 0.06%, 5, 0, 4, 272.64
1734862295, 9, 11, 19, 8, 1, 0.06%, 5, 0, 4, 269.94
1734862300, 9, 11, 20, 9, 1, 0.06%, 5, 0, 4, 268.04
1734862305, 9, 11, 21, 10, 1, 0.06%, 6, 0, 4, 265.50
1734862356, 9, 11, 22, 11, 1, 0.06%, 6, 0, 4, 268.34
1734862361, 9, 11, 23, 12, 1, 0.06%, 6, 0, 4, 256.38
1734862381, 9, 20, 27, 15, 4, 0.06%, 6, 0, 5, 443.90
1734862397, 9, 20, 29, 17, 4, 0.06%, 6, 0, 5, 412.14
1734862432, 9, 20, 31, 19, 4, 0.06%, 6, 0, 5, 410.29
1734862452, 9, 20, 33, 21, 4, 0.06%, 6, 0, 5, 254.26
1734862457, 9, 20, 34, 22, 4, 0.06%, 6, 0, 5, 233.33
1734862462, 9, 21, 37, 24, 4, 0.06%, 9, 0, 5, 356.13
1734862483, 9, 21, 39, 26, 4, 0.06%, 9, 0, 5, 455.15
1734862539, 9, 36, 41, 27, 6, 0.06%, 9, 0, 6, 404.81
1734862544, 9, 36, 42, 28, 6, 0.06%, 9, 0, 6, 474.16
1734862549, 9, 36, 43, 29, 6, 0.06%, 9, 0, 6, 487.25
1734862579, 9, 36, 44, 30, 6, 0.06%, 9, 0, 6, 493.43
1734862589, 9, 36, 45, 31, 6, 0.06%, 9, 0, 6, 343.42
1734862610, 10, 35, 46, 31, 5, 0.06%, 9, 0, 6, 444.73
1734862630, 10, 35, 47, 32, 5, 0.06%, 9, 0, 6, 479.62
1734862686, 10, 35, 49, 34, 5, 0.06%, 9, 0, 6, 291.02
1734862691, 11, 34, 50, 34, 4, 0.06%, 9, 0, 6, 418.54
1734862716, 11, 34, 51, 35, 4, 0.06%, 9, 0, 6, 493.50
1734862721, 11, 34, 52, 36, 4, 0.06%, 9, 0, 6, 492.03
1734862767, 11, 40, 52, 35, 3, 0.06%, 9, 0, 6, 276.78
1734862772, 11, 40, 53, 36, 3, 0.06%, 9, 0, 7, 348.31
1734862777, 11, 40, 54, 37, 3, 0.06%, 9, 0, 7, 411.47
1734862797, 11, 40, 55, 38, 3, 0.06%, 9, 0, 7, 433.63
1734862823, 11, 40, 56, 39, 3, 0.06%, 9, 0, 7, 440.52
1734862859, 11, 40, 57, 40, 3, 0.06%, 9, 0, 7, 297.55
1734862864, 11, 46, 57, 39, 3, 0.06%, 9, 0, 7, 339.77
1734862899, 11, 49, 57, 38, 3, 0.06%, 9, 0, 7, 394.03
1734862904, 11, 49, 58, 39, 3, 0.06%, 9, 0, 7, 457.32
1734862940, 11, 49, 59, 40, 3, 0.06%, 9, 0, 7, 319.73
1734862950, 11, 50, 59, 39, 3, 0.06%, 9, 0, 7, 442.19
1734862986, 11, 51, 59, 38, 3, 0.06%, 9, 0, 7, 374.92
1734862991, 11, 51, 60, 39, 3, 0.06%, 9, 0, 7, 497.62
1734863037, 11, 51, 61, 40, 3, 0.06%, 9, 0, 7, 476.59
1734863082, 12, 17, 61, 39, 3, 0.06%, 9, 0, 7, 305.27
1734863123, 12, 18, 61, 38, 2, 0.06%, 9, 0, 7, 275.16
1734863164, 12, 20, 61, 37, 1, 0.06%, 9, 0, 7, 336.54
1734863184, 12, 23, 61, 37, 1, 0.06%, 9, 0, 7, 275.66
1734863220, 12, 34, 61, 36, 0, 0.06%, 9, 0, 7, 291.26
1734863240, 12, 35, 62, 37, 0, 0.06%, 9, 0, 7, 430.36
1734863255, 12, 45, 62, 37, 0, 0.06%, 9, 0, 7, 394.07
1734863266, 12, 45, 63, 38, 0, 0.06%, 9, 0, 7, 470.05
1734863281, 12, 45, 64, 39, 0, 0.06%, 9, 0, 7, 474.10
1734863341, 12, 46, 64, 38, 0, 0.06%, 9, 0, 7, 384.07
1734863352, 12, 46, 65, 39, 0, 0.06%, 9, 0, 7, 331.10
1734863362, 12, 48, 65, 39, 0, 0.06%, 9, 0, 7, 317.70
1734863413, 12, 49, 65, 38, 0, 0.06%, 9, 0, 7, 419.01
1734863428, 12, 50, 65, 38, 0, 0.06%, 9, 0, 7, 375.32
1734863443, 12, 51, 65, 38, 0, 0.06%, 9, 0, 7, 302.11
1734863464, 12, 57, 65, 38, 0, 0.06%, 9, 0, 7, 394.23
1734863499, 12, 58, 65, 37, 0, 0.06%, 9, 0, 7, 381.14
1734863525, 12, 58, 67, 39, 0, 0.06%, 9, 0, 8, 361.22
1734863540, 12, 59, 67, 38, 0, 0.06%, 9, 0, 8, 375.73
1734863591, 12, 59, 68, 39, 0, 0.06%, 9, 0, 8, 466.02
1734863596, 12, 59, 69, 40, 0, 0.06%, 9, 0, 8, 476.23
1734863667, 12, 60, 69, 39, 0, 0.06%, 9, 0, 8, 323.53
1734863734, 12, 60, 70, 40, 0, 0.06%, 9, 0, 8, 472.78
1734863769, 12, 61, 70, 39, 0, 0.06%, 9, 0, 8, 388.20
1734863840, 12, 62, 70, 38, 0, 0.06%, 9, 0, 8, 370.34
1734863897, 12, 63, 70, 37, 0, 0.06%, 9, 0, 8, 411.58
1734863927, 12, 64, 70, 36, 0, 0.06%, 9, 0, 8, 370.40
1734863932, 12, 64, 71, 37, 0, 0.06%, 9, 0, 8, 434.35
1734864035, 12, 65, 71, 36, 0, 0.06%, 9, 0, 8, 464.76
1734864045, 12, 65, 72, 37, 0, 0.06%, 9, 0, 9, 492.82
1734864111, 12, 66, 72, 36, 0, 0.06%, 9, 0, 9, 446.25
1734864162, 12, 67, 72, 35, 0, 0.06%, 9, 0, 9, 290.28
1734864311, 12, 68, 72, 34, 0, 0.06%, 9, 0, 9, 357.02
1734864377, 12, 69, 73, 34, 0, 0.06%, 9, 0, 9, 279.10
1734864530, 12, 70, 73, 33, 0, 0.06%, 9, 0, 9, 370.99
1734864653, 12, 71, 73, 32, 0, 0.06%, 9, 0, 9, 414.35
1734864668, 12, 71, 74, 33, 0, 0.06%, 9, 0, 10, 305.04
1734864759, 12, 72, 74, 32, 0, 0.06%, 9, 0, 10, 389.83
1734864908, 12, 73, 74, 31, 0, 0.06%, 9, 0, 10, 415.00
1734864969, 13, 16, 74, 30, 0, 0.06%, 9, 0, 10, 323.77
1734865004, 13, 17, 74, 29, 0, 0.06%, 9, 0, 10, 309.85
1734865025, 13, 18, 74, 29, 0, 0.06%, 9, 0, 10, 304.69
1734865045, 13, 20, 74, 29, 0, 0.06%, 9, 0, 10, 344.09
1734865050, 13, 29, 74, 29, 0, 0.06%, 9, 0, 10, 331.52
1734865126, 13, 34, 74, 28, 0, 0.06%, 9, 0, 10, 360.85
1734865136, 13, 36, 74, 28, 0, 0.06%, 9, 0, 10, 428.50
1734865151, 13, 39, 74, 28, 0, 0.06%, 9, 0, 10, 348.67
1734865182, 13, 40, 74, 27, 0, 0.06%, 9, 0, 10, 292.30
1734865197, 13, 40, 75, 28, 0, 0.06%, 9, 0, 10, 360.25
1734865207, 13, 41, 75, 28, 0, 0.06%, 9, 0, 10, 421.07
1734865289, 13, 42, 75, 27, 0, 0.06%, 9, 0, 10, 287.19
1734865366, 13, 42, 77, 29, 0, 0.06%, 9, 0, 10, 496.41
1734865852, 13, 49, 77, 28, 0, 0.06%, 9, 0, 10, 369.29
1734865862, 13, 50, 77, 28, 0, 0.06%, 9, 0, 10, 376.95
1734865872, 13, 51, 77, 28, 0, 0.06%, 9, 0, 10, 369.00
1734865877, 13, 57, 77, 28, 0, 0.06%, 9, 0, 10, 358.54
1734865897, 13, 58, 77, 28, 0, 0.06%, 9, 0, 10, 423.48
1734865913, 13, 59, 77, 28, 0, 0.06%, 9, 0, 10, 402.77
1734865928, 13, 60, 77, 28, 0, 0.06%, 9, 0, 10, 323.73
1734865949, 13, 61, 77, 28, 0, 0.06%, 9, 0, 10, 454.72
1734865964, 13, 62, 77, 28, 0, 0.06%, 9, 0, 10, 388.48
1734865999, 13, 66, 77, 28, 0, 0.06%, 9, 0, 10, 409.46
1734866025, 13, 67, 77, 28, 0, 0.06%, 9, 0, 10, 317.14
1734866050, 13, 68, 77, 28, 0, 0.06%, 9, 0, 10, 361.54
1734866127, 13, 69, 77, 28, 0, 0.06%, 9, 0, 10, 381.43
1734866260, 13, 70, 77, 28, 0, 0.06%, 9, 0, 10, 439.11
1734866357, 13, 71, 77, 28, 0, 0.06%, 9, 0, 10, 367.60
1734866459, 13, 72, 77, 28, 0, 0.06%, 9, 0, 10, 376.01
1734866587, 13, 73, 77, 28, 0, 0.06%, 9, 0, 10, 330.31
1734866694, 14, 17, 77, 28, 0, 0.06%, 9, 0, 10, 311.30
1734866705, 14, 20, 77, 28, 0, 0.06%, 9, 0, 10, 317.44
1734866710, 14, 23, 77, 28, 0, 0.06%, 9, 0, 10, 311.06
1734866725, 14, 24, 77, 28, 0, 0.06%, 9, 0, 10, 317.92
1734866761, 14, 25, 77, 27, 0, 0.06%, 9, 0, 10, 268.57
1734866791, 14, 29, 77, 26, 0, 0.06%, 9, 0, 10, 326.86
1734866801, 14, 29, 78, 27, 0, 0.06%, 9, 0, 10, 317.26
1734866812, 14, 31, 78, 27, 0, 0.06%, 9, 0, 10, 408.57
1734866852, 14, 32, 78, 26, 0, 0.06%, 9, 0, 10, 317.22
1734866893, 14, 33, 78, 25, 0, 0.06%, 9, 0, 10, 352.54
1734866928, 14, 34, 78, 24, 0, 0.06%, 9, 0, 10, 346.29
1734866933, 14, 35, 78, 24, 0, 0.06%, 9, 0, 10, 379.12
1734866938, 14, 45, 78, 24, 0, 0.06%, 9, 0, 10, 336.81
1734866959, 14, 46, 78, 24, 0, 0.06%, 9, 0, 10, 369.00
1734866964, 14, 48, 78, 24, 0, 0.06%, 9, 0, 10, 297.83
1734866989, 14, 49, 78, 24, 0, 0.06%, 9, 0, 10, 338.77
1734866994, 14, 50, 78, 24, 0, 0.06%, 9, 0, 10, 387.25
1734867005, 14, 51, 78, 24, 0, 0.06%, 9, 0, 10, 402.11
1734867015, 14, 57, 78, 24, 0, 0.06%, 9, 0, 10, 360.61
1734867020, 14, 58, 78, 24, 0, 0.06%, 9, 0, 10, 331.27
1734867030, 14, 59, 78, 24, 0, 0.06%, 9, 0, 10, 367.08
1734867040, 14, 60, 78, 24, 0, 0.06%, 9, 0, 10, 401.69
1734867051, 14, 61, 78, 24, 0, 0.06%, 9, 0, 10, 452.17
1734867066, 14, 62, 78, 24, 0, 0.06%, 9, 0, 10, 436.12
1734867081, 14, 63, 78, 24, 0, 0.06%, 9, 0, 10, 390.59
1734867096, 14, 64, 78, 24, 0, 0.06%, 9, 0, 10, 337.82
1734867117, 14, 65, 78, 24, 0, 0.06%, 9, 0, 10, 448.54
1734867142, 14, 66, 78, 24, 0, 0.06%, 9, 0, 10, 468.15
1734867172, 14, 67, 78, 24, 0, 0.06%, 9, 0, 10, 366.31
1734867198, 14, 68, 78, 24, 0, 0.06%, 9, 0, 10, 331.44
1734867223, 14, 69, 78, 24, 0, 0.06%, 9, 0, 10, 345.04
1734867249, 14, 70, 78, 24, 0, 0.06%, 9, 0, 10, 344.83
1734867279, 14, 71, 78, 24, 0, 0.06%, 9, 0, 10, 404.90
1734867381, 14, 72, 78, 24, 0, 0.06%, 9, 0, 10, 295.03
1734867406, 14, 73, 78, 24, 0, 0.06%, 9, 0, 10, 359.53
1734867513, 14, 74, 78, 24, 0, 0.06%, 9, 0, 10, 361.22
1734867621, 14, 75, 78, 23, 0, 0.06%, 9, 0, 10, 345.42
1734867727, 14, 76, 78, 22, 0, 0.06%, 9, 0, 10, 380.27
1734867834, 14, 77, 78, 21, 0, 0.06%, 9, 0, 10, 353.11
1734867936, 15, 14, 78, 20, 0, 0.06%, 9, 0, 10, 298.07
1734867982, 15, 16, 78, 19, 0, 0.06%, 9, 0, 10, 362.77
1734867997, 15, 17, 78, 19, 0, 0.06%, 9, 0, 10, 308.77
1734868002, 15, 18, 78, 19, 0, 0.06%, 9, 0, 10, 301.67
1734868013, 15, 20, 78, 19, 0, 0.06%, 9, 0, 10, 342.54
1734868018, 15, 21, 78, 19, 0, 0.06%, 9, 0, 10, 420.38
1734868033, 15, 23, 78, 19, 0, 0.06%, 9, 0, 10, 278.95
1734868043, 15, 24, 78, 19, 0, 0.06%, 9, 0, 10, 318.26
1734868058, 15, 25, 78, 19, 0, 0.06%, 9, 0, 10, 324.05
1734868079, 15, 26, 78, 19, 0, 0.06%, 9, 0, 10, 335.87
1734868109, 15, 27, 78, 18, 0, 0.06%, 9, 0, 10, 348.32
1734868175, 15, 28, 78, 17, 0, 0.06%, 9, 0, 10, 276.56
1734868283, 15, 29, 78, 16, 0, 0.06%, 9, 0, 10, 309.71
1734868293, 15, 30, 78, 16, 0, 0.06%, 9, 0, 10, 263.04
1734868840, 15, 31, 78, 15, 0, 0.06%, 9, 0, 10, 293.58
1734868860, 15, 32, 78, 15, 0, 0.06%, 9, 0, 10, 364.65
1734868876, 15, 33, 78, 15, 0, 0.06%, 9, 0, 10, 302.42
1734868896, 15, 34, 78, 15, 0, 0.06%, 9, 0, 10, 365.44
1734868901, 15, 35, 78, 15, 0, 0.06%, 9, 0, 10, 333.93
1734868906, 15, 36, 78, 15, 0, 0.06%, 9, 0, 10, 423.50
1734868916, 15, 37, 78, 15, 0, 0.06%, 9, 0, 10, 423.31
1734868947, 15, 38, 78, 14, 0, 0.06%, 9, 0, 10, 446.63
1734869090, 15, 39, 78, 13, 0, 0.06%, 9, 0, 10, 400.44
1734869105, 15, 40, 78, 13, 0, 0.06%, 9, 0, 10, 341.26
1734869115, 15, 41, 78, 13, 0, 0.06%, 9, 0, 10, 386.49
1734869131, 15, 42, 78, 13, 0, 0.06%, 9, 0, 10, 364.16
1734869671, 15, 45, 78, 13, 0, 0.06%, 9, 0, 10, 311.65
1734869681, 15, 46, 78, 13, 0, 0.06%, 9, 0, 10, 399.56
1734869691, 15, 48, 78, 13, 0, 0.06%, 9, 0, 10, 288.83
1734869701, 15, 49, 78, 13, 0, 0.06%, 9, 0, 10, 324.78
1734869707, 15, 50, 78, 13, 0, 0.06%, 9, 0, 10, 299.62
1734869717, 15, 51, 78, 13, 0, 0.06%, 9, 0, 10, 375.23
1734869727, 15, 57, 78, 13, 0, 0.06%, 9, 0, 10, 381.34
1734869737, 15, 58, 78, 13, 0, 0.06%, 9, 0, 10, 345.57
1734869742, 15, 59, 78, 13, 0, 0.06%, 9, 0, 10, 314.01
1734869752, 15, 60, 78, 13, 0, 0.06%, 9, 0, 10, 389.10
1734869762, 15, 61, 78, 13, 0, 0.06%, 9, 0, 10, 359.14
1734869768, 15, 62, 78, 13, 0, 0.06%, 9, 0, 10, 354.79
1734869773, 15, 63, 78, 13, 0, 0.06%, 9, 0, 10, 445.12
1734869788, 15, 64, 78, 13, 0, 0.06%, 9, 0, 10, 351.78
1734869808, 15, 65, 78, 13, 0, 0.06%, 9, 0, 10, 440.33
1734869834, 15, 66, 78, 13, 0, 0.06%, 9, 0, 10, 340.38
1734869839, 15, 67, 78, 13, 0, 0.06%, 9, 0, 10, 382.95
1734869849, 15, 68, 78, 13, 0, 0.06%, 9, 0, 10, 355.21
1734869854, 15, 69, 78, 13, 0, 0.06%, 9, 0, 10, 349.31
1734869864, 15, 70, 78, 13, 0, 0.06%, 9, 0, 10, 374.43
1734869869, 15, 71, 78, 13, 0, 0.06%, 9, 0, 10, 330.51
1734869879, 15, 72, 78, 13, 0, 0.06%, 9, 0, 10, 383.18
1734869884, 15, 73, 78, 13, 0, 0.06%, 9, 0, 10, 360.08
1734869895, 15, 77, 78, 13, 0, 0.06%, 9, 0, 10, 331.22
1734869915, 16, 17, 78, 13, 0, 0.06%, 9, 0, 10, 299.63
1734869920, 16, 29, 78, 13, 0, 0.06%, 9, 0, 10, 334.17
1734869925, 16, 31, 78, 13, 0, 0.06%, 9, 0, 10, 303.90
1734869935, 16, 32, 78, 13, 0, 0.06%, 9, 0, 10, 343.51
1734869940, 16, 33, 78, 13, 0, 0.06%, 9, 0, 10, 327.27
1734869950, 16, 34, 78, 13, 0, 0.06%, 9, 0, 10, 339.94
1734869955, 16, 35, 78, 13, 0, 0.06%, 9, 0, 10, 345.31
1734869960, 16, 45, 78, 13, 0, 0.06%, 9, 0, 10, 353.52
1734869965, 16, 46, 78, 13, 0, 0.06%, 9, 0, 10, 371.88
1734869970, 16, 48, 78, 13, 0, 0.06%, 9, 0, 10, 307.02
1734869980, 16, 49, 78, 13, 0, 0.06%, 9, 0, 10, 330.42
1734869986, 16, 50, 78, 13, 0, 0.06%, 9, 0, 10, 344.25
1734869991, 16, 51, 78, 13, 0, 0.06%, 9, 0, 10, 361.21
1734869996, 16, 57, 78, 13, 0, 0.06%, 9, 0, 10, 406.09
1734870006, 16, 58, 78, 13, 0, 0.06%, 9, 0, 10, 345.77
1734870016, 16, 59, 78, 13, 0, 0.06%, 9, 0, 10, 363.84
1734870021, 16, 60, 78, 13, 0, 0.06%, 9, 0, 10, 323.28
1734870031, 16, 61, 78, 13, 0, 0.06%, 9, 0, 10, 314.82
1734870036, 16, 62, 78, 13, 0, 0.06%, 9, 0, 10, 329.67
1734870041, 16, 63, 78, 13, 0, 0.06%, 9, 0, 10, 340.54
1734870046, 16, 64, 78, 13, 0, 0.06%, 9, 0, 10, 339.16
1734870051, 16, 65, 78, 13, 0, 0.06%, 9, 0, 10, 356.45
1734870062, 16, 66, 78, 13, 0, 0.06%, 9, 0, 10, 355.17
1734870067, 16, 67, 78, 13, 0, 0.06%, 9, 0, 10, 374.49
1734870072, 16, 68, 78, 13, 0, 0.06%, 9, 0, 10, 376.39
1734870082, 16, 69, 78, 13, 0, 0.06%, 9, 0, 10, 349.82
1734870092, 16, 70, 78, 13, 0, 0.06%, 9, 0, 10, 355.51
1734870097, 16, 71, 78, 13, 0, 0.06%, 9, 0, 10, 389.69
1734870107, 16, 72, 78, 13, 0, 0.06%, 9, 0, 10, 354.57
1734870112, 16, 73, 78, 13, 0, 0.06%, 9, 0, 10, 312.43
1734870122, 16, 77, 78, 13, 0, 0.06%, 9, 0, 10, 341.01
1734870138, 17, 17, 78, 13, 0, 0.06%, 9, 0, 10, 293.71
1734870143, 17, 29, 78, 13, 0, 0.06%, 9, 0, 10, 288.02
1734870148, 17, 31, 78, 13, 0, 0.06%, 9, 0, 10, 313.85
1734870153, 17, 32, 78, 13, 0, 0.06%, 9, 0, 10, 332.15
1734870158, 17, 33, 78, 13, 0, 0.06%, 9, 0, 10, 339.68
1734870163, 17, 34, 78, 13, 0, 0.06%, 9, 0, 10, 340.59
1734870168, 17, 35, 78, 13, 0, 0.06%, 9, 0, 10, 329.87
1734870173, 17, 46, 78, 13, 0, 0.06%, 9, 0, 10, 340.41
1734870178, 17, 48, 78, 13, 0, 0.06%, 9, 0, 10, 317.69
1734870183, 17, 49, 78, 13, 0, 0.06%, 9, 0, 10, 333.66
1734870188, 17, 50, 78, 13, 0, 0.06%, 9, 0, 10, 370.65
1734870193, 17, 51, 78, 13, 0, 0.06%, 9, 0, 10, 381.40
1734870198, 17, 57, 78, 13, 0, 0.06%, 9, 0, 10, 372.78
1734870203, 17, 58, 78, 13, 0, 0.06%, 9, 0, 10, 353.40
1734870208, 17, 59, 78, 13, 0, 0.06%, 9, 0, 10, 347.43
1734870214, 17, 60, 78, 13, 0, 0.06%, 9, 0, 10, 371.44
1734870219, 17, 61, 78, 13, 0, 0.06%, 9, 0, 10, 352.81
1734870224, 17, 62, 78, 13, 0, 0.06%, 9, 0, 10, 368.99
1734870229, 17, 63, 78, 13, 0, 0.06%, 9, 0, 10, 332.95
1734870234, 17, 64, 78, 13, 0, 0.06%, 9, 0, 10, 346.23
1734870239, 17, 65, 78, 13, 0, 0.06%, 9, 0, 10, 347.81
1734870244, 17, 66, 78, 13, 0, 0.06%, 9, 0, 10, 364.03
1734870249, 17, 67, 78, 13, 0, 0.06%, 9, 0, 10, 332.09
1734870259, 17, 68, 78, 13, 0, 0.06%, 9, 0, 10, 369.83
1734870264, 17, 69, 78, 13, 0, 0.06%, 9, 0, 10, 325.89
1734870275, 17, 70, 78, 13, 0, 0.06%, 9, 0, 10, 369.14
1734870280, 17, 71, 78, 13, 0, 0.06%, 9, 0, 10, 331.11
1734870290, 17, 72, 78, 13, 0, 0.06%, 9, 0, 10, 397.01
1734870295, 17, 73, 78, 13, 0, 0.06%, 9, 0, 10, 374.07
1734870305, 17, 77, 78, 13, 0, 0.06%, 9, 0, 10, 354.41
1734870315, 18, 17, 78, 13, 0, 0.06%, 9, 0, 10, 299.50
1734870320, 18, 29, 78, 13, 0, 0.06%, 9, 0, 10, 300.88
1734870325, 18, 31, 78, 13, 0, 0.06%, 9, 0, 10, 291.42
1734870330, 18, 32, 78, 13, 0, 0.06%, 9, 0, 10, 319.71
1734870335, 18, 33, 78, 13, 0, 0.06%, 9, 0, 10, 316.55
1734870341, 18, 34, 78, 13, 0, 0.06%, 9, 0, 10, 334.88
1734870346, 18, 45, 78, 13, 0, 0.06%, 9, 0, 10, 340.66
1734870351, 18, 46, 78, 13, 0, 0.06%, 9, 0, 10, 365.15
1734870356, 18, 48, 78, 13, 0, 0.06%, 9, 0, 10, 316.93
1734870361, 18, 49, 78, 13, 0, 0.06%, 9, 0, 10, 346.76
1734870366, 18, 50, 78, 13, 0, 0.06%, 9, 0, 10, 348.74
1734870371, 18, 51, 78, 13, 0, 0.06%, 9, 0, 10, 363.12
1734870376, 18, 57, 78, 13, 0, 0.06%, 9, 0, 10, 340.37
1734870381, 18, 58, 78, 13, 0, 0.06%, 9, 0, 10, 331.55
1734870386, 18, 59, 78, 13, 0, 0.06%, 9, 0, 10, 347.57
1734870391, 18, 60, 78, 13, 0, 0.06%, 9, 0, 10, 331.13
1734870396, 18, 61, 78, 13, 0, 0.06%, 9, 0, 10, 359.44
1734870401, 18, 62, 78, 13, 0, 0.06%, 9, 0, 10, 350.24
1734870406, 18, 64, 78, 13, 0, 0.06%, 9, 0, 10, 353.28
1734870416, 18, 65, 78, 13, 0, 0.06%, 9, 0, 10, 363.15
1734870421, 18, 66, 78, 13, 0, 0.06%, 9, 0, 10, 359.81
1734870427, 18, 67, 78, 13, 0, 0.06%, 9, 0, 10, 341.55
1734870437, 18, 68, 78, 13, 0, 0.06%, 9, 0, 10, 360.43
1734870442, 18, 69, 78, 13, 0, 0.06%, 9, 0, 10, 326.39
1734870452, 18, 70, 78, 13, 0, 0.06%, 9, 0, 10, 379.13
1734870457, 18, 71, 78, 13, 0, 0.06%, 9, 0, 10, 328.58
1734870467, 18, 72, 78, 13, 0, 0.06%, 9, 0, 10, 370.25
1734870472, 18, 73, 78, 13, 0, 0.06%, 9, 0, 10, 342.70
1734870482, 18, 77, 78, 13, 0, 0.06%, 9, 0, 10, 319.85
1734870493, 19, 17, 78, 13, 0, 0.06%, 9, 0, 10, 310.11
1734870498, 19, 29, 78, 13, 0, 0.06%, 9, 0, 10, 315.45
1734870503, 19, 31, 78, 13, 0, 0.06%, 9, 0, 10, 296.53
1734870508, 19, 32, 78, 13, 0, 0.06%, 9, 0, 10, 330.34
1734870513, 19, 33, 78, 13, 0, 0.06%, 9, 0, 10, 322.38
1734870518, 19, 34, 78, 13, 0, 0.06%, 9, 0, 10, 326.83
1734870523, 19, 45, 78, 13, 0, 0.06%, 9, 0, 10, 359.66
1734870528, 19, 46, 78, 13, 0, 0.06%, 9, 0, 10, 381.53
1734870533, 19, 48, 78, 13, 0, 0.06%, 9, 0, 10, 317.96
1734870538, 19, 49, 78, 13, 0, 0.06%, 9, 0, 10, 333.27
1734870543, 19, 50, 78, 13, 0, 0.06%, 9, 0, 10, 354.14
1734870548, 19, 51, 78, 13, 0, 0.06%, 9, 0, 10, 351.73
1734870553, 19, 57, 78, 13, 0, 0.06%, 9, 0, 10, 350.61
1734870558, 19, 59, 78, 13, 0, 0.06%, 9, 0, 10, 356.34
1734870564, 19, 60, 78, 13, 0, 0.06%, 9, 0, 10, 360.04
1734870569, 19, 61, 78, 13, 0, 0.06%, 9, 0, 10, 373.57
1734870579, 19, 62, 78, 13, 0, 0.06%, 9, 0, 10, 327.26
1734870584, 19, 64, 78, 13, 0, 0.06%, 9, 0, 10, 328.84
1734870589, 19, 65, 78, 13, 0, 0.06%, 9, 0, 10, 382.08
1734870599, 19, 66, 78, 13, 0, 0.06%, 9, 0, 10, 351.16
1734870604, 19, 67, 78, 13, 0, 0.06%, 9, 0, 10, 341.68
1734870615, 19, 68, 78, 13, 0, 0.06%, 9, 0, 10, 348.59
1734870620, 19, 69, 78, 13, 0, 0.06%, 9, 0, 10, 313.07
1734870630, 19, 70, 78, 13, 0, 0.06%, 9, 0, 10, 387.30
1734870635, 19, 71, 78, 13, 0, 0.06%, 9, 0, 10, 328.14
1734870645, 19, 72, 78, 13, 0, 0.06%, 9, 0, 10, 396.38
1734870650, 19, 73, 78, 13, 0, 0.06%, 9, 0, 10, 331.42
1734870660, 19, 77, 78, 13, 0, 0.06%, 9, 0, 10, 347.93
1734870665, 20, 17, 78, 13, 0, 0.06%, 9, 0, 10, 317.46
1734870671, 20, 29, 78, 13, 0, 0.06%, 9, 0, 10, 305.48
1734870676, 20, 31, 78, 13, 0, 0.06%, 9, 0, 10, 301.91
1734870681, 20, 32, 78, 13, 0, 0.06%, 9, 0, 10, 338.58
1734870686, 20, 33, 78, 13, 0, 0.06%, 9, 0, 10, 326.26
1734870691, 20, 34, 78, 13, 0, 0.06%, 9, 0, 10, 326.83
1734870696, 20, 45, 78, 13, 0, 0.06%, 9, 0, 10, 366.92
1734870701, 20, 46, 78, 13, 0, 0.06%, 9, 0, 10, 377.26
1734870706, 20, 48, 78, 13, 0, 0.06%, 9, 0, 10, 305.98
1734870711, 20, 49, 78, 13, 0, 0.06%, 9, 0, 10, 334.20
1734870716, 20, 50, 78, 13, 0, 0.06%, 9, 0, 10, 342.58
1734870721, 20, 51, 78, 13, 0, 0.06%, 9, 0, 10, 357.58
1734870726, 20, 57, 78, 13, 0, 0.06%, 9, 0, 10, 330.62
1734870731, 20, 59, 78, 13, 0, 0.06%, 9, 0, 10, 356.69
1734870736, 20, 60, 78, 13, 0, 0.06%, 9, 0, 10, 357.31
1734870746, 20, 61, 78, 13, 0, 0.06%, 9, 0, 10, 340.64
1734870751, 20, 62, 78, 13, 0, 0.06%, 9, 0, 10, 355.94
1734870756, 20, 64, 78, 13, 0, 0.06%, 9, 0, 10, 334.10
1734870767, 20, 65, 78, 13, 0, 0.06%, 9, 0, 10, 346.33
1734870772, 20, 66, 78, 13, 0, 0.06%, 9, 0, 10, 347.40
1734870777, 20, 67, 78, 13, 0, 0.06%, 9, 0, 10, 335.36
1734870787, 20, 68, 78, 13, 0, 0.06%, 9, 0, 10, 373.94
1734870792, 20, 69, 78, 13, 0, 0.06%, 9, 0, 10, 300.48
1734870802, 20, 70, 78, 13, 0, 0.06%, 9, 0, 10, 381.80
1734870807, 20, 71, 78, 13, 0, 0.06%, 9, 0, 10, 317.36
1734870817, 20, 72, 78, 13, 0, 0.06%, 9, 0, 10, 383.84
1734870828, 20, 73, 78, 13, 0, 0.06%, 9, 0, 10, 323.35
1734870833, 20, 77, 78, 13, 0, 0.06%, 9, 0, 10, 344.05
1734870838, 21, 17, 78, 13, 0, 0.06%, 9, 0, 10, 315.63
1734870843, 21, 29, 78, 13, 0, 0.06%, 9, 0, 10, 304.77
1734870848, 21, 31, 78, 13, 0, 0.06%, 9, 0, 10, 307.38
1734870853, 21, 32, 78, 13, 0, 0.06%, 9, 0, 10, 304.24
1734870858, 21, 33, 78, 13, 0, 0.06%, 9, 0, 10, 322.04
1734870863, 21, 34, 78, 13, 0, 0.06%, 9, 0, 10, 349.88
1734870868, 21, 35, 78, 13, 0, 0.06%, 9, 0, 10, 339.73
1734870874, 21, 45, 78, 13, 0, 0.06%, 9, 0, 10, 332.28
1734870879, 21, 48, 78, 13, 0, 0.06%, 9, 0, 10, 326.25
1734870884, 21, 49, 78, 13, 0, 0.06%, 9, 0, 10, 306.71
1734870889, 21, 50, 78, 13, 0, 0.06%, 9, 0, 10, 363.25
1734870894, 21, 51, 78, 13, 0, 0.06%, 9, 0, 10, 366.24
1734870899, 21, 57, 78, 13, 0, 0.06%, 9, 0, 10, 383.09
1734870904, 21, 58, 78, 13, 0, 0.06%, 9, 0, 10, 356.58
1734870909, 21, 59, 78, 13, 0, 0.06%, 9, 0, 10, 373.08
1734870914, 21, 60, 78, 13, 0, 0.06%, 9, 0, 10, 380.50
1734870919, 21, 61, 78, 13, 0, 0.06%, 9, 0, 10, 369.33
1734870924, 21, 62, 78, 13, 0, 0.06%, 9, 0, 10, 364.76
1734870929, 21, 63, 78, 13, 0, 0.06%, 9, 0, 10, 337.07
1734870934, 21, 64, 78, 13, 0, 0.06%, 9, 0, 10, 334.79
1734870940, 21, 65, 78, 13, 0, 0.06%, 9, 0, 10, 361.29
1734870945, 21, 66, 78, 13, 0, 0.06%, 9, 0, 10, 394.35
1734870950, 21, 67, 78, 13, 0, 0.06%, 9, 0, 10, 340.18
1734870960, 21, 68, 78, 13, 0, 0.06%, 9, 0, 10, 386.79
1734870970, 21, 69, 78, 13, 0, 0.06%, 9, 0, 10, 360.99
1734870975, 21, 70, 78, 13, 0, 0.06%, 9, 0, 10, 303.30
1734870985, 21, 71, 78, 13, 0, 0.06%, 9, 0, 10, 379.99
1734870990, 21, 72, 78, 13, 0, 0.06%, 9, 0, 10, 353.15
1734871000, 21, 73, 78, 13, 0, 0.06%, 9, 0, 10, 334.60
1734871010, 21, 77, 78, 13, 0, 0.06%, 9, 0, 10, 337.27
1734871015, 22, 17, 78, 13, 0, 0.06%, 9, 0, 10, 290.86
1734871020, 22, 29, 78, 13, 0, 0.06%, 9, 0, 10, 291.90
1734871026, 22, 31, 78, 13, 0, 0.06%, 9, 0, 10, 297.45
1734871031, 22, 32, 78, 13, 0, 0.06%, 9, 0, 10, 318.20
1734871036, 22, 34, 78, 13, 0, 0.06%, 9, 0, 10, 346.18
1734871041, 22, 35, 78, 13, 0, 0.06%, 9, 0, 10, 360.74
1734871046, 22, 45, 78, 13, 0, 0.06%, 9, 0, 10, 353.16
1734871051, 22, 46, 78, 13, 0, 0.06%, 9, 0, 10, 337.27
1734871056, 22, 48, 78, 13, 0, 0.06%, 9, 0, 10, 299.29
1734871061, 22, 49, 78, 13, 0, 0.06%, 9, 0, 10, 337.75
1734871066, 22, 51, 78, 13, 0, 0.06%, 9, 0, 10, 340.10
1734871076, 22, 58, 78, 13, 0, 0.06%, 9, 0, 10, 342.60
1734871081, 22, 59, 78, 13, 0, 0.06%, 9, 0, 10, 328.71
1734871087, 22, 60, 78, 13, 0, 0.06%, 9, 0, 10, 328.70
1734871092, 22, 61, 78, 13, 0, 0.06%, 9, 0, 10, 343.98
1734871102, 22, 63, 78, 13, 0, 0.06%, 9, 0, 10, 338.48
1734871107, 22, 64, 78, 13, 0, 0.06%, 9, 0, 10, 321.12
1734871112, 22, 65, 78, 13, 0, 0.06%, 9, 0, 10, 385.69
1734871122, 22, 66, 78, 13, 0, 0.06%, 9, 0, 10, 329.26
1734871127, 22, 67, 78, 13, 0, 0.06%, 9, 0, 10, 338.79
1734871137, 22, 68, 78, 13, 0, 0.06%, 9, 0, 10, 361.81
1734871142, 22, 69, 78, 13, 0, 0.06%, 9, 0, 10, 327.21
1734871153, 22, 70, 78, 13, 0, 0.06%, 9, 0, 10, 367.94
1734871158, 22, 71, 78, 13, 0, 0.06%, 9, 0, 10, 344.40
1734871168, 22, 72, 78, 13, 0, 0.06%, 9, 0, 10, 390.95
1734871173, 22, 73, 78, 13, 0, 0.06%, 9, 0, 10, 336.06
1734871183, 22, 77, 78, 13, 0, 0.06%, 9, 0, 10, 334.44
1734871188, 23, 17, 78, 13, 0, 0.06%, 9, 0, 10, 313.66
1734871193, 23, 29, 78, 13, 0, 0.06%, 9, 0, 10, 313.33
1734871198, 23, 31, 78, 13, 0, 0.06%, 9, 0, 10, 296.76
1734871203, 23, 32, 78, 13, 0, 0.06%, 9, 0, 10, 330.31
1734871208, 23, 33, 78, 13, 0, 0.06%, 9, 0, 10, 337.58
1734871213, 23, 34, 78, 13, 0, 0.06%, 9, 0, 10, 336.38
1734871218, 23, 35, 78, 13, 0, 0.06%, 9, 0, 10, 353.13
1734871223, 23, 46, 78, 13, 0, 0.06%, 9, 0, 10, 336.46
1734871228, 23, 48, 78, 13, 0, 0.06%, 9, 0, 10, 310.91
1734871233, 23, 49, 78, 13, 0, 0.06%, 9, 0, 10, 348.67
1734871238, 23, 50, 78, 13, 0, 0.06%, 9, 0, 10, 363.88
1734871243, 23, 51, 78, 13, 0, 0.06%, 9, 0, 10, 373.24
1734871248, 23, 57, 78, 13, 0, 0.06%, 9, 0, 10, 363.17
1734871253, 23, 58, 78, 13, 0, 0.06%, 9, 0, 10, 351.45
1734871259, 23, 59, 78, 13, 0, 0.06%, 9, 0, 10, 357.21
1734871264, 23, 60, 78, 13, 0, 0.06%, 9, 0, 10, 368.66
1734871269, 23, 61, 78, 13, 0, 0.06%, 9, 0, 10, 373.40
1734871274, 23, 62, 78, 13, 0, 0.06%, 9, 0, 10, 368.12
1734871279, 23, 63, 78, 13, 0, 0.06%, 9, 0, 10, 349.11
1734871284, 23, 64, 78, 13, 0, 0.06%, 9, 0, 10, 337.29
1734871289, 23, 65, 78, 13, 0, 0.06%, 9, 0, 10, 360.61
1734871294, 23, 66, 78, 13, 0, 0.06%, 9, 0, 10, 377.44
1734871299, 23, 67, 78, 13, 0, 0.06%, 9, 0, 10, 334.79
1734871309, 23, 68, 78, 13, 0, 0.06%, 9, 0, 10, 394.63
1734871314, 23, 69, 78, 13, 0, 0.06%, 9, 0, 10, 352.84
1734871324, 23, 70, 78, 13, 0, 0.06%, 9, 0, 10, 380.44
1734871330, 23, 71, 78, 13, 0, 0.06%, 9, 0, 10, 351.28
1734871340, 23, 72, 78, 13, 0, 0.06%, 9, 0, 10, 370.88
1734871350, 23, 73, 78, 13, 0, 0.06%, 9, 0, 10, 318.12
1734871355, 23, 77, 78, 13, 0, 0.06%, 9, 0, 10, 337.40
1734871360, 24, 17, 78, 13, 0, 0.06%, 9, 0, 10, 309.89
1734871365, 24, 29, 78, 13, 0, 0.06%, 9, 0, 10, 313.37
1734871370, 24, 31, 78, 13, 0, 0.06%, 9, 0, 10, 298.04
1734871375, 24, 32, 78, 13, 0, 0.06%, 9, 0, 10, 328.43
1734871380, 24, 33, 78, 13, 0, 0.06%, 9, 0, 10, 344.22
1734871385, 24, 34, 78, 13, 0, 0.06%, 9, 0, 10, 346.04
1734871390, 24, 35, 78, 13, 0, 0.06%, 9, 0, 10, 332.08
1734871395, 24, 45, 78, 13, 0, 0.06%, 9, 0, 10, 329.76
1734871401, 24, 48, 78, 13, 0, 0.06%, 9, 0, 10, 311.17
1734871411, 24, 50, 78, 13, 0, 0.06%, 9, 0, 10, 327.06
1734871416, 24, 51, 78, 13, 0, 0.06%, 9, 0, 10, 347.33
1734871421, 24, 57, 78, 13, 0, 0.06%, 9, 0, 10, 384.94
1734871426, 24, 58, 78, 13, 0, 0.06%, 9, 0, 10, 354.84
1734871431, 24, 59, 78, 13, 0, 0.06%, 9, 0, 10, 353.20
1734871436, 24, 60, 78, 13, 0, 0.06%, 9, 0, 10, 362.61
1734871441, 24, 61, 78, 13, 0, 0.06%, 9, 0, 10, 331.69
1734871446, 24, 62, 78, 13, 0, 0.06%, 9, 0, 10, 362.53
1734871451, 24, 63, 78, 13, 0, 0.06%, 9, 0, 10, 388.98
1734871456, 24, 64, 78, 13, 0, 0.06%, 9, 0, 10, 366.58
1734871461, 24, 65, 78, 13, 0, 0.06%, 9, 0, 10, 387.22
1734871466, 24, 66, 78, 13, 0, 0.06%, 9, 0, 10, 367.18
1734871476, 24, 67, 78, 13, 0, 0.06%, 9, 0, 10, 379.37
1734871481, 24, 68, 78, 13, 0, 0.06%, 9, 0, 10, 312.68
1734871492, 24, 69, 78, 13, 0, 0.06%, 9, 0, 10, 381.91
1734871502, 24, 70, 78, 13, 0, 0.06%, 9, 0, 10, 347.77
1734871507, 24, 71, 78, 13, 0, 0.06%, 9, 0, 10, 370.66
1734871517, 24, 72, 78, 13, 0, 0.06%, 9, 0, 10, 370.85
1734871522, 24, 73, 78, 13, 0, 0.06%, 9, 0, 10, 316.30
1734871532, 24, 77, 78, 13, 0, 0.06%, 9, 0, 10, 349.81
1734871537, 25, 17, 78, 13, 0, 0.06%, 9, 0, 10, 318.77
1734871543, 25, 29, 78, 13, 0, 0.06%, 9, 0, 10, 302.54
1734871548, 25, 31, 78, 13, 0, 0.06%, 9, 0, 10, 308.81
1734871553, 25, 32, 78, 13, 0, 0.06%, 9, 0, 10, 302.56
1734871558, 25, 34, 78, 13, 0, 0.06%, 9, 0, 10, 327.19
1734871563, 25, 35, 78, 13, 0, 0.06%, 9, 0, 10, 378.29
1734871568, 25, 45, 78, 13, 0, 0.06%, 9, 0, 10, 344.89
1734871573, 25, 46, 78, 13, 0, 0.06%, 9, 0, 10, 334.83
1734871578, 25, 48, 78, 13, 0, 0.06%, 9, 0, 10, 302.24
1734871583, 25, 49, 78, 13, 0, 0.06%, 9, 0, 10, 347.88
1734871588, 25, 51, 78, 13, 0, 0.06%, 9, 0, 10, 343.21
1734871594, 25, 57, 78, 13, 0, 0.06%, 9, 0, 10, 356.84
1734871599, 25, 58, 78, 13, 0, 0.06%, 9, 0, 10, 384.15
1734871604, 25, 59, 78, 13, 0, 0.06%, 9, 0, 10, 367.37
1734871609, 25, 60, 78, 13, 0, 0.06%, 9, 0, 10, 371.18
1734871614, 25, 61, 78, 13, 0, 0.06%, 9, 0, 10, 329.38
1734871619, 25, 62, 78, 13, 0, 0.06%, 9, 0, 10, 378.37
1734871624, 25, 63, 78, 13, 0, 0.06%, 9, 0, 10, 378.95
1734871629, 25, 64, 78, 13, 0, 0.06%, 9, 0, 10, 366.22
1734871634, 25, 65, 78, 13, 0, 0.06%, 9, 0, 10, 380.12
1734871639, 25, 66, 78, 13, 0, 0.06%, 9, 0, 10, 321.89
1734871649, 25, 67, 78, 13, 0, 0.06%, 9, 0, 10, 398.14
1734871654, 25, 68, 78, 13, 0, 0.06%, 9, 0, 10, 366.99
1734871665, 25, 69, 78, 13, 0, 0.06%, 9, 0, 10, 395.54
1734871670, 25, 70, 78, 13, 0, 0.06%, 9, 0, 10, 348.77
1734871680, 25, 71, 78, 13, 0, 0.06%, 9, 0, 10, 381.88
1734871685, 25, 72, 78, 13, 0, 0.06%, 9, 0, 10, 356.82
1734871695, 25, 73, 78, 13, 0, 0.06%, 9, 0, 10, 309.22
1734871705, 25, 77, 78, 13, 0, 0.06%, 9, 0, 10, 345.31
1734871710, 26, 17, 78, 13, 0, 0.06%, 9, 0, 10, 293.47
1734871715, 26, 29, 78, 13, 0, 0.06%, 9, 0, 10, 314.91
1734871720, 26, 31, 78, 13, 0, 0.06%, 9, 0, 10, 302.46
1734871725, 26, 32, 78, 13, 0, 0.06%, 9, 0, 10, 316.95
1734871730, 26, 33, 78, 13, 0, 0.06%, 9, 0, 10, 315.93
1734871735, 26, 35, 78, 13, 0, 0.06%, 9, 0, 10, 380.10
1734871740, 26, 45, 78, 13, 0, 0.06%, 9, 0, 10, 363.17
1734871745, 26, 46, 78, 13, 0, 0.06%, 9, 0, 10, 355.66
1734871750, 26, 48, 78, 13, 0, 0.06%, 9, 0, 10, 302.54
1734871755, 26, 49, 78, 13, 0, 0.06%, 9, 0, 10, 321.01
1734871761, 26, 50, 78, 13, 0, 0.06%, 9, 0, 10, 338.86
1734871766, 26, 51, 78, 13, 0, 0.06%, 9, 0, 10, 340.78
1734871771, 26, 58, 78, 13, 0, 0.06%, 9, 0, 10, 360.95
1734871776, 26, 59, 78, 13, 0, 0.06%, 9, 0, 10, 333.79
1734871781, 26, 60, 78, 13, 0, 0.06%, 9, 0, 10, 318.74
1734871786, 26, 61, 78, 13, 0, 0.06%, 9, 0, 10, 338.74
1734871791, 26, 62, 78, 13, 0, 0.06%, 9, 0, 10, 359.95
1734871796, 26, 63, 78, 13, 0, 0.06%, 9, 0, 10, 348.46
1734871801, 26, 64, 78, 13, 0, 0.06%, 9, 0, 10, 314.48
1734871806, 26, 65, 78, 13, 0, 0.06%, 9, 0, 10, 358.85
1734871816, 26, 66, 78, 13, 0, 0.06%, 9, 0, 10, 363.09
1734871821, 26, 67, 78, 13, 0, 0.06%, 9, 0, 10, 367.38
1734871831, 26, 68, 78, 13, 0, 0.06%, 9, 0, 10, 347.95
1734871837, 26, 69, 78, 13, 0, 0.06%, 9, 0, 10, 336.74
1734871847, 26, 70, 78, 13, 0, 0.06%, 9, 0, 10, 351.76
1734871852, 26, 71, 78, 13, 0, 0.06%, 9, 0, 10, 335.89
1734871862, 26, 72, 78, 13, 0, 0.06%, 9, 0, 10, 387.83
1734871867, 26, 73, 78, 13, 0, 0.06%, 9, 0, 10, 317.54
1734871877, 26, 77, 78, 13, 0, 0.06%, 9, 0, 10, 327.71
1734871882, 27, 17, 78, 13, 0, 0.06%, 9, 0, 10, 319.82
1734871887, 27, 29, 78, 13, 0, 0.06%, 9, 0, 10, 312.99
1734871892, 27, 31, 78, 13, 0, 0.06%, 9, 0, 10, 296.56
1734871897, 27, 32, 78, 13, 0, 0.06%, 9, 0, 10, 326.87
1734871902, 27, 33, 78, 13, 0, 0.06%, 9, 0, 10, 335.70
1734871907, 27, 34, 78, 13, 0, 0.06%, 9, 0, 10, 332.61
1734871913, 27, 45, 78, 13, 0, 0.06%, 9, 0, 10, 328.30
1734871918, 27, 46, 78, 13, 0, 0.06%, 9, 0, 10, 376.16
1734871923, 27, 48, 78, 13, 0, 0.06%, 9, 0, 10, 314.90
1734871928, 27, 49, 78, 13, 0, 0.06%, 9, 0, 10, 347.81
1734871933, 27, 50, 78, 13, 0, 0.06%, 9, 0, 10, 350.61
1734871938, 27, 51, 78, 13, 0, 0.06%, 9, 0, 10, 356.35
1734871943, 27, 57, 78, 13, 0, 0.06%, 9, 0, 10, 341.50
1734871948, 27, 58, 78, 13, 0, 0.06%, 9, 0, 10, 340.59
1734871953, 27, 59, 78, 13, 0, 0.06%, 9, 0, 10, 337.46
1734871958, 27, 60, 78, 13, 0, 0.06%, 9, 0, 10, 333.33
1734871963, 27, 61, 78, 13, 0, 0.06%, 9, 0, 10, 338.77
1734871968, 27, 62, 78, 13, 0, 0.06%, 9, 0, 10, 354.29
1734871973, 27, 63, 78, 13, 0, 0.06%, 9, 0, 10, 336.01
1734871978, 27, 64, 78, 13, 0, 0.06%, 9, 0, 10, 328.61
1734871983, 27, 65, 78, 13, 0, 0.06%, 9, 0, 10, 332.09
1734871989, 27, 66, 78, 13, 0, 0.06%, 9, 0, 10, 370.20
1734871994, 27, 67, 78, 13, 0, 0.06%, 9, 0, 10, 341.75
1734872004, 27, 68, 78, 13, 0, 0.06%, 9, 0, 10, 378.13
1734872014, 27, 69, 78, 13, 0, 0.06%, 9, 0, 10, 380.06
1734872019, 27, 70, 78, 13, 0, 0.06%, 9, 0, 10, 350.74
1734872029, 27, 71, 78, 13, 0, 0.06%, 9, 0, 10, 371.63
1734872034, 27, 72, 78, 13, 0, 0.06%, 9, 0, 10, 315.17
1734872044, 27, 73, 78, 13, 0, 0.06%, 9, 0, 10, 343.32
1734872049, 27, 77, 78, 13, 0, 0.06%, 9, 0, 10, 342.29
1734872060, 28, 29, 78, 13, 0, 0.06%, 9, 0, 10, 306.30
1734872070, 28, 31, 78, 13, 0, 0.06%, 9, 0, 10, 285.51
1734872075, 28, 33, 78, 13, 0, 0.06%, 9, 0, 10, 324.53
1734872080, 28, 34, 78, 13, 0, 0.06%, 9, 0, 10, 324.04
1734872085, 28, 35, 78, 13, 0, 0.06%, 9, 0, 10, 358.47
1734872090, 28, 45, 78, 13, 0, 0.06%, 9, 0, 10, 360.78
1734872095, 28, 46, 78, 13, 0, 0.06%, 9, 0, 10, 338.79
1734872100, 28, 48, 78, 13, 0, 0.06%, 9, 0, 10, 309.20
1734872105, 28, 50, 78, 13, 0, 0.06%, 9, 0, 10, 326.26
1734872111, 28, 51, 78, 13, 0, 0.06%, 9, 0, 10, 326.15
1734872116, 28, 57, 78, 13, 0, 0.06%, 9, 0, 10, 343.63
1734872121, 28, 58, 78, 13, 0, 0.06%, 9, 0, 10, 359.05
1734872126, 28, 59, 78, 13, 0, 0.06%, 9, 0, 10, 355.87
1734872131, 28, 60, 78, 13, 0, 0.06%, 9, 0, 10, 334.01
1734872136, 28, 61, 78, 13, 0, 0.06%, 9, 0, 10, 328.31
1734872141, 28, 62, 78, 13, 0, 0.06%, 9, 0, 10, 351.50
1734872146, 28, 63, 78, 13, 0, 0.06%, 9, 0, 10, 376.70
1734872151, 28, 64, 78, 13, 0, 0.06%, 9, 0, 10, 359.47
1734872156, 28, 65, 78, 13, 0, 0.06%, 9, 0, 10, 381.89
1734872161, 28, 66, 78, 13, 0, 0.06%, 9, 0, 10, 309.12
1734872172, 28, 67, 78, 13, 0, 0.06%, 9, 0, 10, 381.86
1734872177, 28, 68, 78, 13, 0, 0.06%, 9, 0, 10, 347.92
1734872187, 28, 69, 78, 13, 0, 0.06%, 9, 0, 10, 372.68
1734872197, 28, 70, 78, 13, 0, 0.06%, 9, 0, 10, 343.97
1734872202, 28, 71, 78, 13, 0, 0.06%, 9, 0, 10, 359.48
1734872212, 28, 72, 78, 13, 0, 0.06%, 9, 0, 10, 379.00
1734872217, 28, 73, 78, 13, 0, 0.06%, 9, 0, 10, 347.31
1734872228, 28, 77, 78, 13, 0, 0.06%, 9, 0, 10, 341.75
1734872233, 29, 17, 78, 13, 0, 0.06%, 9, 0, 10, 318.53
1734872238, 29, 29, 78, 13, 0, 0.06%, 9, 0, 10, 313.43
1734872243, 29, 31, 78, 13, 0, 0.06%, 9, 0, 10, 301.72
1734872248, 29, 32, 78, 13, 0, 0.06%, 9, 0, 10, 332.77
1734872253, 29, 33, 78, 13, 0, 0.06%, 9, 0, 10, 336.61
1734872258, 29, 35, 78, 13, 0, 0.06%, 9, 0, 10, 332.42
1734872263, 29, 45, 78, 13, 0, 0.06%, 9, 0, 10, 351.11
1734872268, 29, 46, 78, 13, 0, 0.06%, 9, 0, 10, 356.80
1734872273, 29, 48, 78, 13, 0, 0.06%, 9, 0, 10, 292.52
1734872278, 29, 49, 78, 13, 0, 0.06%, 9, 0, 10, 321.46
1734872283, 29, 50, 78, 13, 0, 0.06%, 9, 0, 10, 338.47
1734872288, 29, 51, 78, 13, 0, 0.06%, 9, 0, 10, 355.03
1734872293, 29, 57, 78, 13, 0, 0.06%, 9, 0, 10, 343.03
1734872299, 29, 58, 78, 13, 0, 0.06%, 9, 0, 10, 332.37
1734872304, 29, 59, 78, 13, 0, 0.06%, 9, 0, 10, 341.29
1734872309, 29, 60, 78, 13, 0, 0.06%, 9, 0, 10, 349.62
1734872314, 29, 61, 78, 13, 0, 0.06%, 9, 0, 10, 373.63
1734872319, 29, 62, 78, 13, 0, 0.06%, 9, 0, 10, 337.59
1734872324, 29, 63, 78, 13, 0, 0.06%, 9, 0, 10, 344.32
1734872329, 29, 64, 78, 13, 0, 0.06%, 9, 0, 10, 331.62
1734872334, 29, 65, 78, 13, 0, 0.06%, 9, 0, 10, 352.44
1734872339, 29, 66, 78, 13, 0, 0.06%, 9, 0, 10, 366.87
1734872344, 29, 67, 78, 13, 0, 0.06%, 9, 0, 10, 336.37
1734872354, 29, 68, 78, 13, 0, 0.06%, 9, 0, 10, 379.20
1734872359, 29, 69, 78, 13, 0, 0.06%, 9, 0, 10, 352.02
1734872369, 29, 70, 78, 13, 0, 0.06%, 9, 0, 10, 359.22
1734872379, 29, 71, 78, 13, 0, 0.06%, 9, 0, 10, 360.21
1734872384, 29, 72, 78, 13, 0, 0.06%, 9, 0, 10, 306.97
1734872395, 29, 73, 78, 13, 0, 0.06%, 9, 0, 10, 334.92
1734872400, 29, 77, 78, 13, 0, 0.06%, 9, 0, 10, 315.52
1734872405, 30, 17, 78, 13, 0, 0.06%, 9, 0, 10, 340.65
1734872410, 30, 29, 78, 13, 0, 0.06%, 9, 0, 10, 322.03
1734872415, 30, 31, 78, 13, 0, 0.06%, 9, 0, 10, 305.35
1734872420, 30, 32, 78, 13, 0, 0.06%, 9, 0, 10, 337.42
1734872425, 30, 33, 78, 13, 0, 0.06%, 9, 0, 10, 341.63
1734872430, 30, 34, 78, 13, 0, 0.06%, 9, 0, 10, 352.39
1734872435, 30, 35, 78, 13, 0, 0.06%, 9, 0, 10, 321.72
1734872440, 30, 46, 78, 13, 0, 0.06%, 9, 0, 10, 326.33
1734872445, 30, 48, 78, 13, 0, 0.06%, 9, 0, 10, 327.10
1734872451, 30, 49, 78, 13, 0, 0.06%, 9, 0, 10, 354.65
1734872456, 30, 50, 78, 13, 0, 0.06%, 9, 0, 10, 350.39
1734872461, 30, 51, 78, 13, 0, 0.06%, 9, 0, 10, 375.16
1734872466, 30, 57, 78, 13, 0, 0.06%, 9, 0, 10, 365.33
1734872471, 30, 58, 78, 13, 0, 0.06%, 9, 0, 10, 353.42
1734872476, 30, 59, 78, 13, 0, 0.06%, 9, 0, 10, 352.49
1734872481, 30, 60, 78, 13, 0, 0.06%, 9, 0, 10, 355.51
1734872486, 30, 61, 78, 13, 0, 0.06%, 9, 0, 10, 368.90
1734872491, 30, 62, 78, 13, 0, 0.06%, 9, 0, 10, 341.88
1734872496, 30, 63, 78, 13, 0, 0.06%, 9, 0, 10, 331.99
1734872501, 30, 64, 78, 13, 0, 0.06%, 9, 0, 10, 355.88
1734872506, 30, 65, 78, 13, 0, 0.06%, 9, 0, 10, 364.49
1734872511, 30, 66, 78, 13, 0, 0.06%, 9, 0, 10, 380.70
1734872517, 30, 67, 78, 13, 0, 0.06%, 9, 0, 10, 336.66
1734872527, 30, 68, 78, 13, 0, 0.06%, 9, 0, 10, 388.14
1734872532, 30, 69, 78, 13, 0, 0.06%, 9, 0, 10, 345.82
1734872542, 30, 70, 78, 13, 0, 0.06%, 9, 0, 10, 374.37
1734872552, 30, 71, 78, 13, 0, 0.06%, 9, 0, 10, 356.21
1734872557, 30, 72, 78, 13, 0, 0.06%, 9, 0, 10, 321.91
1734872567, 30, 73, 78, 13, 0, 0.06%, 9, 0, 10, 348.18
1734872572, 30, 77, 78, 13, 0, 0.06%, 9, 0, 10, 303.61
1734872577, 31, 17, 78, 13, 0, 0.06%, 9, 0, 10, 332.87
1734872583, 31, 29, 78, 13, 0, 0.06%, 9, 0, 10, 311.42
1734872588, 31, 31, 78, 13, 0, 0.06%, 9, 0, 10, 307.38
1734872593, 31, 32, 78, 13, 0, 0.06%, 9, 0, 10, 315.27
1734872598, 31, 33, 78, 13, 0, 0.06%, 9, 0, 10, 337.29
1734872603, 31, 34, 78, 13, 0, 0.06%, 9, 0, 10, 348.39
1734872608, 31, 45, 78, 13, 0, 0.06%, 9, 0, 10, 354.90
1734872613, 31, 46, 78, 13, 0, 0.06%, 9, 0, 10, 357.61
1734872618, 31, 48, 78, 13, 0, 0.06%, 9, 0, 10, 316.14
1734872623, 31, 49, 78, 13, 0, 0.06%, 9, 0, 10, 355.26
1734872628, 31, 50, 78, 13, 0, 0.06%, 9, 0, 10, 353.18
1734872633, 31, 51, 78, 13, 0, 0.06%, 9, 0, 10, 358.61
1734872638, 31, 57, 78, 13, 0, 0.06%, 9, 0, 10, 357.87
1734872643, 31, 58, 78, 13, 0, 0.06%, 9, 0, 10, 357.99
1734872648, 31, 59, 78, 13, 0, 0.06%, 9, 0, 10, 362.31
1734872654, 31, 60, 78, 13, 0, 0.06%, 9, 0, 10, 344.72
1734872659, 31, 61, 78, 13, 0, 0.06%, 9, 0, 10, 365.28
1734872664, 31, 62, 78, 13, 0, 0.06%, 9, 0, 10, 351.81
1734872669, 31, 63, 78, 13, 0, 0.06%, 9, 0, 10, 350.06
1734872674, 31, 64, 78, 13, 0, 0.06%, 9, 0, 10, 336.42
1734872679, 31, 65, 78, 13, 0, 0.06%, 9, 0, 10, 351.21
1734872684, 31, 66, 78, 13, 0, 0.06%, 9, 0, 10, 371.28
1734872689, 31, 67, 78, 13, 0, 0.06%, 9, 0, 10, 343.17
1734872699, 31, 68, 78, 13, 0, 0.06%, 9, 0, 10, 394.76
1734872709, 31, 69, 78, 13, 0, 0.06%, 9, 0, 10, 379.22
1734872714, 31, 70, 78, 13, 0, 0.06%, 9, 0, 10, 330.95
1734872724, 31, 71, 78, 13, 0, 0.06%, 9, 0, 10, 360.34
1734872729, 31, 72, 78, 13, 0, 0.06%, 9, 0, 10, 324.60
1734872740, 31, 73, 78, 13, 0, 0.06%, 9, 0, 10, 343.22
1734872750, 31, 77, 78, 13, 0, 0.06%, 9, 0, 10, 337.31
1734872755, 32, 17, 78, 13, 0, 0.06%, 9, 0, 10, 301.32
1734872760, 32, 29, 78, 13, 0, 0.06%, 9, 0, 10, 297.91
1734872765, 32, 31, 78, 13, 0, 0.06%, 9, 0, 10, 283.61
1734872770, 32, 32, 78, 13, 0, 0.06%, 9, 0, 10, 328.79
1734872775, 32, 33, 78, 13, 0, 0.06%, 9, 0, 10, 327.02
1734872780, 32, 35, 78, 13, 0, 0.06%, 9, 0, 10, 342.51
1734872785, 32, 45, 78, 13, 0, 0.06%, 9, 0, 10, 375.62
1734872791, 32, 46, 78, 13, 0, 0.06%, 9, 0, 10, 354.28
1734872796, 32, 48, 78, 13, 0, 0.06%, 9, 0, 10, 306.14
1734872801, 32, 49, 78, 13, 0, 0.06%, 9, 0, 10, 322.16
1734872806, 32, 50, 78, 13, 0, 0.06%, 9, 0, 10, 327.74
1734872811, 32, 51, 78, 13, 0, 0.06%, 9, 0, 10, 359.77
1734872816, 32, 57, 78, 13, 0, 0.06%, 9, 0, 10, 348.81
1734872821, 32, 58, 78, 13, 0, 0.06%, 9, 0, 10, 336.40
1734872826, 32, 59, 78, 13, 0, 0.06%, 9, 0, 10, 342.26
1734872831, 32, 60, 78, 13, 0, 0.06%, 9, 0, 10, 352.73
1734872836, 32, 61, 78, 13, 0, 0.06%, 9, 0, 10, 376.70
1734872841, 32, 62, 78, 13, 0, 0.06%, 9, 0, 10, 347.02
1734872846, 32, 63, 78, 13, 0, 0.06%, 9, 0, 10, 346.32
1734872851, 32, 64, 78, 13, 0, 0.06%, 9, 0, 10, 340.27
1734872856, 32, 65, 78, 13, 0, 0.06%, 9, 0, 10, 355.62
1734872861, 32, 66, 78, 13, 0, 0.06%, 9, 0, 10, 385.01
1734872866, 32, 67, 78, 13, 0, 0.06%, 9, 0, 10, 341.37
1734872877, 32, 68, 78, 13, 0, 0.06%, 9, 0, 10, 399.75
1734872882, 32, 69, 78, 13, 0, 0.06%, 9, 0, 10, 347.45
1734872892, 32, 70, 78, 13, 0, 0.06%, 9, 0, 10, 365.40
1734872902, 32, 71, 78, 13, 0, 0.06%, 9, 0, 10, 371.74
1734872907, 32, 72, 78, 13, 0, 0.06%, 9, 0, 10, 333.42
1734872917, 32, 73, 78, 13, 0, 0.06%, 9, 0, 10, 335.05
1734872922, 32, 77, 78, 13, 0, 0.06%, 9, 0, 10, 319.78
1734872927, 33, 17, 78, 13, 0, 0.06%, 9, 0, 10, 326.82
1734872932, 33, 29, 78, 13, 0, 0.06%, 9, 0, 10, 315.30
1734872942, 33, 31, 78, 13, 0, 0.06%, 9, 0, 10, 302.05
1734872947, 33, 33, 78, 13, 0, 0.06%, 9, 0, 10, 326.16
1734872952, 33, 34, 78, 13, 0, 0.06%, 9, 0, 10, 330.42
1734872957, 33, 35, 78, 13, 0, 0.06%, 9, 0, 10, 350.65
1734872962, 33, 45, 78, 13, 0, 0.06%, 9, 0, 10, 344.27
1734872967, 33, 46, 78, 13, 0, 0.06%, 9, 0, 10, 337.47
1734872972, 33, 48, 78, 13, 0, 0.06%, 9, 0, 10, 305.85
1734872977, 33, 49, 78, 13, 0, 0.06%, 9, 0, 10, 324.73
1734872983, 33, 51, 78, 13, 0, 0.06%, 9, 0, 10, 337.24
1734872988, 33, 57, 78, 13, 0, 0.06%, 9, 0, 10, 340.03
1734872993, 33, 58, 78, 13, 0, 0.06%, 9, 0, 10, 363.82
1734872998, 33, 59, 78, 13, 0, 0.06%, 9, 0, 10, 362.70
1734873003, 33, 60, 78, 13, 0, 0.06%, 9, 0, 10, 366.94
1734873008, 33, 61, 78, 13, 0, 0.06%, 9, 0, 10, 296.94
1734873013, 33, 62, 78, 13, 0, 0.06%, 9, 0, 10, 346.04
1734873018, 33, 63, 78, 13, 0, 0.06%, 9, 0, 10, 388.11
1734873024, 33, 64, 78, 13, 0, 0.06%, 9, 0, 10, 343.99
1734873029, 33, 65, 78, 13, 0, 0.06%, 9, 0, 10, 392.32
1734873039, 33, 66, 78, 13, 0, 0.06%, 9, 0, 10, 335.20
1734873044, 33, 67, 78, 13, 0, 0.06%, 9, 0, 10, 368.43
1734873054, 33, 68, 78, 13, 0, 0.06%, 9, 0, 10, 350.41
1734873059, 33, 69, 78, 13, 0, 0.06%, 9, 0, 10, 313.97
1734873069, 33, 70, 78, 13, 0, 0.06%, 9, 0, 10, 372.41
1734873074, 33, 71, 78, 13, 0, 0.06%, 9, 0, 10, 324.44
1734873084, 33, 72, 78, 13, 0, 0.06%, 9, 0, 10, 390.16
1734873089, 33, 73, 78, 13, 0, 0.06%, 9, 0, 10, 345.62
1734873100, 33, 77, 78, 13, 0, 0.06%, 9, 0, 10, 340.93
1734873105, 34, 17, 78, 13, 0, 0.06%, 9, 0, 10, 321.85
1734873110, 34, 29, 78, 13, 0, 0.06%, 9, 0, 10, 320.60
1734873115, 34, 31, 78, 13, 0, 0.06%, 9, 0, 10, 284.19
1734873120, 34, 32, 78, 13, 0, 0.06%, 9, 0, 10, 331.87
1734873125, 34, 33, 78, 13, 0, 0.06%, 9, 0, 10, 331.99
1734873130, 34, 34, 78, 13, 0, 0.06%, 9, 0, 10, 336.75
1734873135, 34, 35, 78, 13, 0, 0.06%, 9, 0, 10, 338.15
1734873140, 34, 45, 78, 13, 0, 0.06%, 9, 0, 10, 319.56
1734873145, 34, 48, 78, 13, 0, 0.06%, 9, 0, 10, 324.90
1734873150, 34, 49, 78, 13, 0, 0.06%, 9, 0, 10, 336.98
1734873155, 34, 50, 78, 13, 0, 0.06%, 9, 0, 10, 372.64
1734873160, 34, 51, 78, 13, 0, 0.06%, 9, 0, 10, 369.92
1734873166, 34, 57, 78, 13, 0, 0.06%, 9, 0, 10, 369.15
1734873171, 34, 58, 78, 13, 0, 0.06%, 9, 0, 10, 346.33
1734873176, 34, 59, 78, 13, 0, 0.06%, 9, 0, 10, 346.81
1734873181, 34, 60, 78, 13, 0, 0.06%, 9, 0, 10, 354.60
1734873186, 34, 61, 78, 13, 0, 0.06%, 9, 0, 10, 374.04
1734873191, 34, 62, 78, 13, 0, 0.06%, 9, 0, 10, 361.34
1734873196, 34, 63, 78, 13, 0, 0.06%, 9, 0, 10, 370.99
1734873201, 34, 64, 78, 13, 0, 0.06%, 9, 0, 10, 348.55
1734873206, 34, 65, 78, 13, 0, 0.06%, 9, 0, 10, 343.12
1734873211, 34, 66, 78, 13, 0, 0.06%, 9, 0, 10, 380.70
1734873216, 34, 67, 78, 13, 0, 0.06%, 9, 0, 10, 345.39
1734873226, 34, 68, 78, 13, 0, 0.06%, 9, 0, 10, 373.81
1734873237, 34, 69, 78, 13, 0, 0.06%, 9, 0, 10, 377.06
1734873242, 34, 70, 78, 13, 0, 0.06%, 9, 0, 10, 322.13
1734873252, 34, 71, 78, 13, 0, 0.06%, 9, 0, 10, 376.26
1734873257, 34, 72, 78, 13, 0, 0.06%, 9, 0, 10, 298.81
1734873267, 34, 73, 78, 13, 0, 0.06%, 9, 0, 10, 336.82
1734873272, 34, 77, 78, 13, 0, 0.06%, 9, 0, 10, 333.05
1734873282, 35, 17, 78, 13, 0, 0.06%, 9, 0, 10, 305.42
1734873287, 35, 29, 78, 13, 0, 0.06%, 9, 0, 10, 325.53
1734873292, 35, 31, 78, 13, 0, 0.06%, 9, 0, 10, 298.13
1734873298, 35, 32, 78, 13, 0, 0.06%, 9, 0, 10, 324.01
1734873303, 35, 34, 78, 13, 0, 0.06%, 9, 0, 10, 329.57
1734873308, 35, 35, 78, 13, 0, 0.06%, 9, 0, 10, 349.40
1734873313, 35, 45, 78, 13, 0, 0.06%, 9, 0, 10, 367.63
1734873318, 35, 46, 78, 13, 0, 0.06%, 9, 0, 10, 354.27
1734873323, 35, 48, 78, 13, 0, 0.06%, 9, 0, 10, 296.05
1734873328, 35, 49, 78, 13, 0, 0.06%, 9, 0, 10, 326.62
1734873333, 35, 50, 78, 13, 0, 0.06%, 9, 0, 10, 318.80
1734873338, 35, 51, 78, 13, 0, 0.06%, 9, 0, 10, 345.79
1734873343, 35, 57, 78, 13, 0, 0.06%, 9, 0, 10, 329.62
1734873348, 35, 59, 78, 13, 0, 0.06%, 9, 0, 10, 331.28
1734873354, 35, 60, 78, 13, 0, 0.06%, 9, 0, 10, 343.85
1734873359, 35, 61, 78, 13, 0, 0.06%, 9, 0, 10, 361.36
1734873369, 35, 63, 78, 13, 0, 0.06%, 9, 0, 10, 357.17
1734873374, 35, 64, 78, 13, 0, 0.06%, 9, 0, 10, 314.75
1734873379, 35, 65, 78, 13, 0, 0.06%, 9, 0, 10, 353.87
1734873389, 35, 66, 78, 13, 0, 0.06%, 9, 0, 10, 350.20
1734873394, 35, 67, 78, 13, 0, 0.06%, 9, 0, 10, 343.50
1734873404, 35, 68, 78, 13, 0, 0.06%, 9, 0, 10, 334.10
1734873409, 35, 69, 78, 13, 0, 0.06%, 9, 0, 10, 304.81
1734873420, 35, 70, 78, 13, 0, 0.06%, 9, 0, 10, 363.09
1734873425, 35, 71, 78, 13, 0, 0.06%, 9, 0, 10, 309.90
1734873435, 35, 72, 78, 13, 0, 0.06%, 9, 0, 10, 361.97
1734873445, 35, 73, 78, 13, 0, 0.06%, 9, 0, 10, 316.85
1734873450, 35, 77, 78, 13, 0, 0.06%, 9, 0, 10, 310.85
1734873455, 36, 17, 78, 13, 0, 0.06%, 9, 0, 10, 321.84
1734873460, 36, 29, 78, 13, 0, 0.06%, 9, 0, 10, 297.23
1734873465, 36, 31, 78, 13, 0, 0.06%, 9, 0, 10, 301.28
1734873471, 36, 32, 78, 13, 0, 0.06%, 9, 0, 10, 320.19
1734873476, 36, 33, 78, 13, 0, 0.06%, 9, 0, 10, 343.79
1734873481, 36, 34, 78, 13, 0, 0.06%, 9, 0, 10, 345.76
1734873486, 36, 35, 78, 13, 0, 0.06%, 9, 0, 10, 340.18
1734873491, 36, 45, 78, 13, 0, 0.06%, 9, 0, 10, 321.63
1734873496, 36, 48, 78, 13, 0, 0.06%, 9, 0, 10, 322.17
1734873506, 36, 50, 78, 13, 0, 0.06%, 9, 0, 10, 334.91
1734873511, 36, 51, 78, 13, 0, 0.06%, 9, 0, 10, 345.92
1734873516, 36, 57, 78, 13, 0, 0.06%, 9, 0, 10, 380.23
1734873521, 36, 58, 78, 13, 0, 0.06%, 9, 0, 10, 359.56
1734873527, 36, 59, 78, 13, 0, 0.06%, 9, 0, 10, 354.52
1734873532, 36, 60, 78, 13, 0, 0.06%, 9, 0, 10, 367.24
1734873537, 36, 61, 78, 13, 0, 0.06%, 9, 0, 10, 374.27
1734873542, 36, 62, 78, 13, 0, 0.06%, 9, 0, 10, 381.90
1734873547, 36, 63, 78, 13, 0, 0.06%, 9, 0, 10, 370.70
1734873552, 36, 64, 78, 13, 0, 0.06%, 9, 0, 10, 348.65
1734873557, 36, 65, 78, 13, 0, 0.06%, 9, 0, 10, 345.05
1734873562, 36, 66, 78, 13, 0, 0.06%, 9, 0, 10, 377.75
1734873572, 36, 67, 78, 13, 0, 0.06%, 9, 0, 10, 377.35
1734873577, 36, 68, 78, 13, 0, 0.06%, 9, 0, 10, 371.43
1734873587, 36, 69, 78, 13, 0, 0.06%, 9, 0, 10, 384.27
1734873592, 36, 70, 78, 13, 0, 0.06%, 9, 0, 10, 329.99
1734873603, 36, 71, 78, 13, 0, 0.06%, 9, 0, 10, 379.39
1734873608, 36, 72, 78, 13, 0, 0.06%, 9, 0, 10, 328.35
1734873618, 36, 73, 78, 13, 0, 0.06%, 9, 0, 10, 350.11
1734873623, 36, 77, 78, 13, 0, 0.06%, 9, 0, 10, 329.89
1734873633, 37, 29, 78, 13, 0, 0.06%, 9, 0, 10, 314.70
1734873643, 37, 32, 78, 13, 0, 0.06%, 9, 0, 10, 308.22
1734873648, 37, 33, 78, 13, 0, 0.06%, 9, 0, 10, 339.81
1734873653, 37, 34, 78, 13, 0, 0.06%, 9, 0, 10, 356.19
1734873658, 37, 35, 78, 13, 0, 0.06%, 9, 0, 10, 343.91
1734873663, 37, 45, 78, 13, 0, 0.06%, 9, 0, 10, 337.70
1734873668, 37, 46, 78, 13, 0, 0.06%, 9, 0, 10, 320.49
1734873674, 37, 48, 78, 13, 0, 0.06%, 9, 0, 10, 307.63
1734873679, 37, 50, 78, 13, 0, 0.06%, 9, 0, 10, 343.05
1734873684, 37, 51, 78, 13, 0, 0.06%, 9, 0, 10, 314.35
1734873689, 37, 57, 78, 13, 0, 0.06%, 9, 0, 10, 321.80
1734873694, 37, 58, 78, 13, 0, 0.06%, 9, 0, 10, 375.59
1734873699, 37, 59, 78, 13, 0, 0.06%, 9, 0, 10, 378.71
1734873704, 37, 60, 78, 13, 0, 0.06%, 9, 0, 10, 367.02
1734873709, 37, 61, 78, 13, 0, 0.06%, 9, 0, 10, 351.48
1734873714, 37, 62, 78, 13, 0, 0.06%, 9, 0, 10, 392.79
1734873719, 37, 63, 78, 13, 0, 0.06%, 9, 0, 10, 369.36
1734873725, 37, 64, 78, 13, 0, 0.06%, 9, 0, 10, 343.04
1734873730, 37, 65, 78, 13, 0, 0.06%, 9, 0, 10, 388.43
1734873735, 37, 66, 78, 13, 0, 0.06%, 9, 0, 10, 317.76
1734873745, 37, 67, 78, 13, 0, 0.06%, 9, 0, 10, 373.78
1734873750, 37, 68, 78, 13, 0, 0.06%, 9, 0, 10, 357.01
1734873760, 37, 69, 78, 13, 0, 0.06%, 9, 0, 10, 371.96
1734873770, 37, 70, 78, 13, 0, 0.06%, 9, 0, 10, 348.31
1734873775, 37, 71, 78, 13, 0, 0.06%, 9, 0, 10, 346.76
1734873786, 37, 72, 78, 13, 0, 0.06%, 9, 0, 10, 379.91
1734873791, 37, 73, 78, 13, 0, 0.06%, 9, 0, 10, 315.57
1734873801, 37, 77, 78, 13, 0, 0.06%, 9, 0, 10, 344.78
1734873806, 38, 17, 78, 13, 0, 0.06%, 9, 0, 10, 309.43
1734873811, 38, 29, 78, 13, 0, 0.06%, 9, 0, 10, 311.22
1734873816, 38, 31, 78, 13, 0, 0.06%, 9, 0, 10, 290.72
1734873821, 38, 32, 78, 13, 0, 0.06%, 9, 0, 10, 312.06
1734873826, 38, 33, 78, 13, 0, 0.06%, 9, 0, 10, 324.37
1734873831, 38, 34, 78, 13, 0, 0.06%, 9, 0, 10, 316.23
1734873837, 38, 45, 78, 13, 0, 0.06%, 9, 0, 10, 366.44
1734873842, 38, 46, 78, 13, 0, 0.06%, 9, 0, 10, 365.52
1734873847, 38, 48, 78, 13, 0, 0.06%, 9, 0, 10, 307.63
1734873852, 38, 49, 78, 13, 0, 0.06%, 9, 0, 10, 321.60
1734873857, 38, 50, 78, 13, 0, 0.06%, 9, 0, 10, 328.10
1734873862, 38, 51, 78, 13, 0, 0.06%, 9, 0, 10, 347.84
1734873867, 38, 58, 78, 13, 0, 0.06%, 9, 0, 10, 346.14
1734873872, 38, 59, 78, 13, 0, 0.06%, 9, 0, 10, 322.48
1734873882, 38, 60, 78, 13, 0, 0.06%, 9, 0, 10, 350.81
1734873887, 38, 61, 78, 13, 0, 0.06%, 9, 0, 10, 352.93
1734873892, 38, 62, 78, 13, 0, 0.06%, 9, 0, 10, 326.63
1734873897, 38, 64, 78, 13, 0, 0.06%, 9, 0, 10, 328.06
1734873907, 38, 65, 78, 13, 0, 0.06%, 9, 0, 10, 350.88
1734873912, 38, 66, 78, 13, 0, 0.06%, 9, 0, 10, 352.07
1734873918, 38, 67, 78, 13, 0, 0.06%, 9, 0, 10, 329.35
1734873928, 38, 68, 78, 13, 0, 0.06%, 9, 0, 10, 368.17
1734873933, 38, 69, 78, 13, 0, 0.06%, 9, 0, 10, 317.11
1734873943, 38, 70, 78, 13, 0, 0.06%, 9, 0, 10, 365.02
1734873948, 38, 71, 78, 13, 0, 0.06%, 9, 0, 10, 344.09
1734873958, 38, 72, 78, 13, 0, 0.06%, 9, 0, 10, 378.76
1734873968, 38, 73, 78, 13, 0, 0.06%, 9, 0, 10, 335.90
1734873973, 38, 77, 78, 13, 0, 0.06%, 9, 0, 10, 312.13
1734873979, 39, 17, 78, 13, 0, 0.06%, 9, 0, 10, 322.45
1734873984, 39, 29, 78, 13, 0, 0.06%, 9, 0, 10, 297.35
1734873989, 39, 31, 78, 13, 0, 0.06%, 9, 0, 10, 310.35
1734873994, 39, 32, 78, 13, 0, 0.06%, 9, 0, 10, 299.54
1734873999, 39, 33, 78, 13, 0, 0.06%, 9, 0, 10, 334.84
1734874004, 39, 34, 78, 13, 0, 0.06%, 9, 0, 10, 332.84
1734874009, 39, 35, 78, 13, 0, 0.06%, 9, 0, 10, 357.49
1734874014, 39, 45, 78, 13, 0, 0.06%, 9, 0, 10, 355.97
1734874019, 39, 46, 78, 13, 0, 0.06%, 9, 0, 10, 343.10
1734874024, 39, 48, 78, 13, 0, 0.06%, 9, 0, 10, 297.90
1734874029, 39, 50, 78, 13, 0, 0.06%, 9, 0, 10, 318.29
1734874034, 39, 51, 78, 13, 0, 0.06%, 9, 0, 10, 317.97
1734874039, 39, 57, 78, 13, 0, 0.06%, 9, 0, 10, 362.25
1734874044, 39, 58, 78, 13, 0, 0.06%, 9, 0, 10, 369.35
1734874049, 39, 59, 78, 13, 0, 0.06%, 9, 0, 10, 375.49
1734874054, 39, 60, 78, 13, 0, 0.06%, 9, 0, 10, 376.10
1734874059, 39, 61, 78, 13, 0, 0.06%, 9, 0, 10, 381.92
1734874065, 39, 62, 78, 13, 0, 0.06%, 9, 0, 10, 369.61
1734874070, 39, 63, 78, 13, 0, 0.06%, 9, 0, 10, 359.64
1734874075, 39, 64, 78, 13, 0, 0.06%, 9, 0, 10, 360.12
1734874080, 39, 65, 78, 13, 0, 0.06%, 9, 0, 10, 383.40
1734874090, 39, 66, 78, 13, 0, 0.06%, 9, 0, 10, 323.36
1734874095, 39, 67, 78, 13, 0, 0.06%, 9, 0, 10, 364.97
1734874105, 39, 68, 78, 13, 0, 0.06%, 9, 0, 10, 341.24
1734874110, 39, 69, 78, 13, 0, 0.06%, 9, 0, 10, 303.23
1734874120, 39, 70, 78, 13, 0, 0.06%, 9, 0, 10, 364.27
1734874125, 39, 71, 78, 13, 0, 0.06%, 9, 0, 10, 329.28
1734874136, 39, 72, 78, 13, 0, 0.06%, 9, 0, 10, 393.77
1734874141, 39, 73, 78, 13, 0, 0.06%, 9, 0, 10, 336.10
1734874151, 39, 77, 78, 13, 0, 0.06%, 9, 0, 10, 337.82
1734874156, 40, 17, 78, 13, 0, 0.06%, 9, 0, 10, 300.01
1734874161, 40, 29, 78, 13, 0, 0.06%, 9, 0, 10, 302.61
1734874166, 40, 31, 78, 13, 0, 0.06%, 9, 0, 10, 294.77
1734874171, 40, 32, 78, 13, 0, 0.06%, 9, 0, 10, 329.03
1734874176, 40, 33, 78, 13, 0, 0.06%, 9, 0, 10, 338.90
1734874181, 40, 34, 78, 13, 0, 0.06%, 9, 0, 10, 345.30
1734874186, 40, 35, 78, 13, 0, 0.06%, 9, 0, 10, 346.85
1734874191, 40, 46, 78, 13, 0, 0.06%, 9, 0, 10, 341.37
1734874196, 40, 48, 78, 13, 0, 0.06%, 9, 0, 10, 320.14
1734874201, 40, 49, 78, 13, 0, 0.06%, 9, 0, 10, 306.37
1734874207, 40, 50, 78, 13, 0, 0.06%, 9, 0, 10, 359.96
1734874212, 40, 51, 78, 13, 0, 0.06%, 9, 0, 10, 363.63
1734874217, 40, 57, 78, 13, 0, 0.06%, 9, 0, 10, 358.92
1734874222, 40, 58, 78, 13, 0, 0.06%, 9, 0, 10, 343.18
1734874227, 40, 59, 78, 13, 0, 0.06%, 9, 0, 10, 364.43
1734874232, 40, 60, 78, 13, 0, 0.06%, 9, 0, 10, 367.76
1734874237, 40, 61, 78, 13, 0, 0.06%, 9, 0, 10, 373.82
1734874242, 40, 62, 78, 13, 0, 0.06%, 9, 0, 10, 368.76
1734874247, 40, 63, 78, 13, 0, 0.06%, 9, 0, 10, 358.51
1734874252, 40, 64, 78, 13, 0, 0.06%, 9, 0, 10, 347.10
1734874257, 40, 65, 78, 13, 0, 0.06%, 9, 0, 10, 356.86
1734874263, 40, 66, 78, 13, 0, 0.06%, 9, 0, 10, 374.81
1734874268, 40, 67, 78, 13, 0, 0.06%, 9, 0, 10, 354.69
1734874278, 40, 68, 78, 13, 0, 0.06%, 9, 0, 10, 409.24
1734874283, 40, 69, 78, 13, 0, 0.06%, 9, 0, 10, 374.89
1734874293, 40, 70, 78, 13, 0, 0.06%, 9, 0, 10, 314.80
1734874303, 40, 71, 78, 13, 0, 0.06%, 9, 0, 10, 363.12
1734874308, 40, 72, 78, 13, 0, 0.06%, 9, 0, 10, 314.87
1734874319, 40, 73, 78, 13, 0, 0.06%, 9, 0, 10, 337.94
1734874329, 40, 77, 78, 13, 0, 0.06%, 9, 0, 10, 352.72
1734874334, 41, 17, 78, 13, 0, 0.06%, 9, 0, 10, 293.97
1734874339, 41, 29, 78, 13, 0, 0.06%, 9, 0, 10, 304.71
1734874344, 41, 31, 78, 13, 0, 0.06%, 9, 0, 10, 299.82
1734874349, 41, 32, 78, 13, 0, 0.06%, 9, 0, 10, 324.23
1734874354, 41, 33, 78, 13, 0, 0.06%, 9, 0, 10, 322.02
1734874359, 41, 45, 78, 13, 0, 0.06%, 9, 0, 10, 340.42
1734874364, 41, 46, 78, 13, 0, 0.06%, 9, 0, 10, 351.83
1734874369, 41, 48, 78, 13, 0, 0.06%, 9, 0, 10, 314.87
1734874374, 41, 62, 78, 13, 0, 0.06%, 9, 0, 10, 347.80
1734874379, 41, 63, 78, 13, 0, 0.06%, 9, 0, 10, 368.48
1734874385, 41, 64, 78, 13, 0, 0.06%, 9, 0, 10, 360.67
1734874390, 41, 65, 78, 13, 0, 0.06%, 9, 0, 10, 356.35
1734874395, 41, 66, 78, 13, 0, 0.06%, 9, 0, 10, 358.65
1734874405, 41, 70, 78, 13, 0, 0.06%, 9, 0, 10, 339.43
1734874410, 41, 71, 78, 13, 0, 0.06%, 9, 0, 10, 372.86
1734874420, 41, 73, 78, 13, 0, 0.06%, 9, 0, 10, 326.22
1734874425, 42, 35, 78, 13, 0, 0.06%, 9, 0, 10, 348.03
1734874430, 42, 45, 78, 13, 0, 0.06%, 9, 0, 10, 346.14
1734874435, 42, 46, 78, 13, 0, 0.06%, 9, 0, 10, 331.43
1734874440, 42, 48, 78, 13, 0, 0.06%, 9, 0, 10, 294.68
1734874445, 42, 62, 78, 13, 0, 0.06%, 9, 0, 10, 338.95
1734874450, 42, 64, 78, 13, 0, 0.06%, 9, 0, 10, 343.29
1734874460, 42, 65, 78, 13, 0, 0.06%, 9, 0, 10, 340.87
1734874466, 42, 66, 78, 13, 0, 0.06%, 9, 0, 10, 377.55
1734874471, 42, 70, 78, 13, 0, 0.06%, 9, 0, 10, 396.18
1734874476, 42, 71, 78, 13, 0, 0.06%, 9, 0, 10, 361.06
1734874486, 42, 73, 78, 13, 0, 0.06%, 9, 0, 10, 339.98
1734874496, 43, 45, 78, 13, 0, 0.06%, 9, 0, 10, 356.03
1734874501, 43, 46, 78, 13, 0, 0.06%, 9, 0, 10, 364.65
1734874506, 43, 48, 78, 13, 0, 0.06%, 9, 0, 10, 312.59
1734874511, 43, 62, 78, 13, 0, 0.06%, 9, 0, 10, 353.40
1734874516, 43, 63, 78, 13, 0, 0.06%, 9, 0, 10, 349.44
1734874521, 43, 64, 78, 13, 0, 0.06%, 9, 0, 10, 367.43
1734874526, 43, 65, 78, 13, 0, 0.06%, 9, 0, 10, 363.68
1734874531, 43, 66, 78, 13, 0, 0.06%, 9, 0, 10, 394.02
1734874536, 43, 70, 78, 13, 0, 0.06%, 9, 0, 10, 317.10
1734874547, 43, 71, 78, 13, 0, 0.06%, 9, 0, 10, 392.66
1734874552, 43, 73, 78, 13, 0, 0.06%, 9, 0, 10, 334.46
1734874562, 44, 35, 78, 13, 0, 0.06%, 9, 0, 10, 351.32
1734874567, 44, 45, 78, 13, 0, 0.06%, 9, 0, 10, 331.55
1734874572, 44, 48, 78, 13, 0, 0.06%, 9, 0, 10, 321.59
1734874577, 44, 62, 78, 13, 0, 0.06%, 9, 0, 10, 288.58
1734874582, 44, 63, 78, 13, 0, 0.06%, 9, 0, 10, 349.04
1734874587, 44, 64, 78, 13, 0, 0.06%, 9, 0, 10, 341.83
1734874592, 44, 65, 78, 13, 0, 0.06%, 9, 0, 10, 377.32
1734874603, 44, 66, 78, 13, 0, 0.06%, 9, 0, 10, 350.86
1734874608, 44, 70, 78, 13, 0, 0.06%, 9, 0, 10, 369.39
1734874613, 44, 71, 78, 13, 0, 0.06%, 9, 0, 10, 343.05
1734874623, 44, 73, 78, 13, 0, 0.06%, 9, 0, 10, 339.37
1734874628, 45, 35, 78, 13, 0, 0.06%, 9, 0, 10, 357.84
1734874633, 45, 45, 78, 13, 0, 0.06%, 9, 0, 10, 358.58
1734874638, 45, 46, 78, 13, 0, 0.06%, 9, 0, 10, 367.78
1734874643, 45, 48, 78, 13, 0, 0.06%, 9, 0, 10, 303.43
1734874648, 45, 62, 78, 13, 0, 0.06%, 9, 0, 10, 334.26
1734874653, 45, 63, 78, 13, 0, 0.06%, 9, 0, 10, 349.14
1734874658, 45, 64, 78, 13, 0, 0.06%, 9, 0, 10, 346.30
1734874663, 45, 65, 78, 13, 0, 0.06%, 9, 0, 10, 363.56
1734874669, 45, 66, 78, 13, 0, 0.06%, 9, 0, 10, 365.62
1734874674, 45, 70, 78, 13, 0, 0.06%, 9, 0, 10, 355.62
1734874684, 45, 71, 78, 13, 0, 0.06%, 9, 0, 10, 352.83
1734874689, 45, 73, 78, 13, 0, 0.06%, 9, 0, 10, 350.36
1734874699, 46, 45, 78, 13, 0, 0.06%, 9, 0, 10, 335.71
1734874704, 46, 46, 78, 13, 0, 0.06%, 9, 0, 10, 354.63
1734874709, 46, 48, 78, 13, 0, 0.06%, 9, 0, 10, 317.45
1734874714, 46, 62, 78, 13, 0, 0.06%, 9, 0, 10, 339.74
1734874719, 46, 63, 78, 13, 0, 0.06%, 9, 0, 10, 367.59
1734874724, 46, 64, 78, 13, 0, 0.06%, 9, 0, 10, 367.28
1734874729, 46, 65, 78, 13, 0, 0.06%, 9, 0, 10, 406.32
1734874734, 46, 66, 78, 13, 0, 0.06%, 9, 0, 10, 331.90
1734874744, 46, 70, 78, 13, 0, 0.06%, 9, 0, 10, 364.38
1734874749, 46, 71, 78, 13, 0, 0.06%, 9, 0, 10, 365.65
1734874759, 46, 73, 78, 13, 0, 0.06%, 9, 0, 10, 333.70
1734874765, 47, 35, 78, 13, 0, 0.06%, 9, 0, 10, 343.63
1734874770, 47, 45, 78, 13, 0, 0.06%, 9, 0, 10, 360.02
1734874775, 47, 46, 78, 13, 0, 0.06%, 9, 0, 10, 350.61
1734874780, 47, 48, 78, 13, 0, 0.06%, 9, 0, 10, 305.45
1734874785, 47, 62, 78, 13, 0, 0.06%, 9, 0, 10, 332.24
1734874790, 47, 63, 78, 13, 0, 0.06%, 9, 0, 10, 349.73
1734874795, 47, 64, 78, 13, 0, 0.06%, 9, 0, 10, 358.62
1734874800, 47, 65, 78, 13, 0, 0.06%, 9, 0, 10, 360.66
1734874805, 47, 66, 78, 13, 0, 0.06%, 9, 0, 10, 352.06
1734874810, 47, 70, 78, 13, 0, 0.06%, 9, 0, 10, 356.61
1734874820, 47, 71, 78, 13, 0, 0.06%, 9, 0, 10, 364.98
1734874825, 47, 73, 78, 13, 0, 0.06%, 9, 0, 10, 341.97
1734874835, 48, 45, 78, 13, 0, 0.06%, 9, 0, 10, 331.18
1734874841, 48, 46, 78, 13, 0, 0.06%, 9, 0, 10, 363.18
1734874846, 48, 48, 78, 13, 0, 0.06%, 9, 0, 10, 311.02
1734874851, 48, 62, 78, 13, 0, 0.06%, 9, 0, 10, 361.59
1734874856, 48, 63, 78, 13, 0, 0.06%, 9, 0, 10, 369.87
1734874861, 48, 64, 78, 13, 0, 0.06%, 9, 0, 10, 365.29
1734874866, 48, 65, 78, 13, 0, 0.06%, 9, 0, 10, 385.78
1734874871, 48, 66, 78, 13, 0, 0.06%, 9, 0, 10, 385.73
1734874876, 48, 70, 78, 13, 0, 0.06%, 9, 0, 10, 344.97
1734874886, 48, 71, 78, 13, 0, 0.06%, 9, 0, 10, 378.18
1734874897, 48, 73, 78, 13, 0, 0.06%, 9, 0, 10, 331.75
1734874902, 49, 35, 78, 13, 0, 0.06%, 9, 0, 10, 355.87
1734874907, 49, 45, 78, 13, 0, 0.06%, 9, 0, 10, 352.81
1734874912, 49, 46, 78, 13, 0, 0.06%, 9, 0, 10, 347.25
1734874917, 49, 48, 78, 13, 0, 0.06%, 9, 0, 10, 294.46
1734874922, 49, 62, 78, 13, 0, 0.06%, 9, 0, 10, 338.25
1734874927, 49, 64, 78, 13, 0, 0.06%, 9, 0, 10, 333.14
1734874937, 49, 65, 78, 13, 0, 0.06%, 9, 0, 10, 369.12
1734874942, 49, 66, 78, 13, 0, 0.06%, 9, 0, 10, 356.13
1734874947, 49, 70, 78, 13, 0, 0.06%, 9, 0, 10, 394.33
1734874952, 49, 71, 78, 13, 0, 0.06%, 9, 0, 10, 304.08
1734874962, 49, 73, 78, 13, 0, 0.06%, 9, 0, 10, 331.04
1734874967, 50, 35, 78, 13, 0, 0.06%, 9, 0, 10, 364.88
1734874972, 50, 45, 78, 13, 0, 0.06%, 9, 0, 10, 383.82
1734874977, 50, 46, 78, 13, 0, 0.06%, 9, 0, 10, 357.38
1734874982, 50, 48, 78, 13, 0, 0.06%, 9, 0, 10, 312.78
1734874987, 50, 62, 78, 13, 0, 0.06%, 9, 0, 10, 355.13
1734874992, 50, 63, 78, 13, 0, 0.06%, 9, 0, 10, 333.89
1734874997, 50, 64, 78, 13, 0, 0.06%, 9, 0, 10, 353.25
1734875002, 50, 65, 78, 13, 0, 0.06%, 9, 0, 10, 356.02
1734875007, 50, 66, 78, 13, 0, 0.06%, 9, 0, 10, 399.09
1734875013, 50, 70, 78, 13, 0, 0.06%, 9, 0, 10, 320.20
1734875023, 50, 71, 78, 13, 0, 0.06%, 9, 0, 10, 385.09
1734875028, 50, 73, 78, 13, 0, 0.06%, 9, 0, 10, 322.45
1734875038, 51, 35, 78, 13, 0, 0.06%, 9, 0, 10, 348.06
1734875043, 51, 45, 78, 13, 0, 0.06%, 9, 0, 10, 327.63
1734875048, 51, 48, 78, 13, 0, 0.06%, 9, 0, 10, 338.06
1734875053, 51, 62, 78, 13, 0, 0.06%, 9, 0, 10, 304.71
1734875058, 51, 63, 78, 13, 0, 0.06%, 9, 0, 10, 368.46
1734875063, 51, 64, 78, 13, 0, 0.06%, 9, 0, 10, 332.66
1734875068, 51, 65, 78, 13, 0, 0.06%, 9, 0, 10, 368.08
1734875078, 51, 66, 78, 13, 0, 0.06%, 9, 0, 10, 356.88
1734875083, 51, 70, 78, 13, 0, 0.06%, 9, 0, 10, 381.17
1734875089, 51, 71, 78, 13, 0, 0.06%, 9, 0, 10, 329.68
1734875099, 51, 73, 78, 13, 0, 0.06%, 9, 0, 10, 333.67
1734875104, 52, 35, 78, 13, 0, 0.06%, 9, 0, 10, 365.06
1734875109, 52, 45, 78, 13, 0, 0.06%, 9, 0, 10, 368.29
1734875114, 52, 46, 78, 13, 0, 0.06%, 9, 0, 10, 355.03
1734875119, 52, 48, 78, 13, 0, 0.06%, 9, 0, 10, 305.87
1734875124, 52, 62, 78, 13, 0, 0.06%, 9, 0, 10, 346.05
1734875129, 52, 63, 78, 13, 0, 0.06%, 9, 0, 10, 329.19
1734875134, 52, 64, 78, 13, 0, 0.06%, 9, 0, 10, 349.13
1734875139, 52, 65, 78, 13, 0, 0.06%, 9, 0, 10, 366.55
1734875144, 52, 66, 78, 13, 0, 0.06%, 9, 0, 10, 379.97
1734875149, 52, 70, 78, 13, 0, 0.06%, 9, 0, 10, 353.06
1734875159, 52, 71, 78, 13, 0, 0.06%, 9, 0, 10, 371.57
1734875169, 52, 73, 78, 13, 0, 0.06%, 9, 0, 10, 322.23
1734875174, 53, 35, 78, 13, 0, 0.06%, 9, 0, 10, 350.49
1734875179, 53, 45, 78, 13, 0, 0.06%, 9, 0, 10, 334.75
1734875184, 53, 46, 78, 13, 0, 0.06%, 9, 0, 10, 328.72
1734875190, 53, 48, 78, 13, 0, 0.06%, 9, 0, 10, 309.31
1734875195, 53, 62, 78, 13, 0, 0.06%, 9, 0, 10, 323.95
1734875200, 53, 64, 78, 13, 0, 0.06%, 9, 0, 10, 342.75
1734875210, 53, 65, 78, 13, 0, 0.06%, 9, 0, 10, 340.76
1734875215, 53, 66, 78, 13, 0, 0.06%, 9, 0, 10, 354.14
1734875220, 53, 70, 78, 13, 0, 0.06%, 9, 0, 10, 376.36
1734875225, 53, 71, 78, 13, 0, 0.06%, 9, 0, 10, 344.27
1734875235, 53, 73, 78, 13, 0, 0.06%, 9, 0, 10, 335.66
1734875245, 54, 35, 78, 13, 0, 0.06%, 9, 0, 10, 315.50
1734875250, 54, 46, 78, 13, 0, 0.06%, 9, 0, 10, 339.30
1734875255, 54, 48, 78, 13, 0, 0.06%, 9, 0, 10, 318.85
1734875260, 54, 62, 78, 13, 0, 0.06%, 9, 0, 10, 340.72
1734875266, 54, 63, 78, 13, 0, 0.06%, 9, 0, 10, 363.07
1734875271, 54, 64, 78, 13, 0, 0.06%, 9, 0, 10, 361.29
1734875276, 54, 65, 78, 13, 0, 0.06%, 9, 0, 10, 392.73
1734875281, 54, 66, 78, 13, 0, 0.06%, 9, 0, 10, 374.67
1734875291, 54, 70, 78, 13, 0, 0.06%, 9, 0, 10, 365.05
1734875296, 54, 71, 78, 13, 0, 0.06%, 9, 0, 10, 366.34
1734875306, 54, 73, 78, 13, 0, 0.06%, 9, 0, 10, 334.69
1734875311, 55, 35, 78, 13, 0, 0.06%, 9, 0, 10, 342.25
1734875316, 55, 45, 78, 13, 0, 0.06%, 9, 0, 10, 357.50
1734875322, 55, 46, 78, 13, 0, 0.06%, 9, 0, 10, 342.13
1734875327, 55, 48, 78, 13, 0, 0.06%, 9, 0, 10, 304.58
1734875332, 55, 62, 78, 13, 0, 0.06%, 9, 0, 10, 350.79
1734875337, 55, 64, 78, 13, 0, 0.06%, 9, 0, 10, 339.89
1734875347, 55, 65, 78, 13, 0, 0.06%, 9, 0, 10, 353.90
1734875352, 55, 66, 78, 13, 0, 0.06%, 9, 0, 10, 344.45
1734875357, 55, 70, 78, 13, 0, 0.06%, 9, 0, 10, 302.52
1734875367, 55, 71, 78, 13, 0, 0.06%, 9, 0, 10, 369.24
1734875372, 55, 73, 78, 13, 0, 0.06%, 9, 0, 10, 322.74
1734875382, 56, 35, 78, 13, 0, 0.06%, 9, 0, 10, 327.08
1734875387, 56, 45, 78, 13, 0, 0.06%, 9, 0, 10, 342.68
1734875392, 56, 46, 78, 13, 0, 0.06%, 9, 0, 10, 320.42
1734875397, 56, 48, 78, 13, 0, 0.06%, 9, 0, 10, 297.50
1734875402, 56, 63, 78, 13, 0, 0.06%, 9, 0, 10, 359.94
1734875407, 56, 64, 78, 13, 0, 0.06%, 9, 0, 10, 321.52
1734875412, 56, 65, 78, 13, 0, 0.06%, 9, 0, 10, 366.00
1734875423, 56, 66, 78, 13, 0, 0.06%, 9, 0, 10, 363.05
1734875428, 56, 70, 78, 13, 0, 0.06%, 9, 0, 10, 388.03
1734875433, 56, 71, 78, 13, 0, 0.06%, 9, 0, 10, 326.00
1734875443, 56, 73, 78, 13, 0, 0.06%, 9, 0, 10, 333.53
1734875448, 57, 35, 78, 13, 0, 0.06%, 9, 0, 10, 366.42
1734875453, 57, 45, 78, 13, 0, 0.06%, 9, 0, 10, 356.34
1734875458, 57, 46, 78, 13, 0, 0.06%, 9, 0, 10, 348.66
1734875463, 57, 48, 78, 13, 0, 0.06%, 9, 0, 10, 290.74
1734875469, 57, 62, 78, 13, 0, 0.06%, 9, 0, 10, 349.74
1734875474, 57, 63, 78, 13, 0, 0.06%, 9, 0, 10, 349.21
1734875479, 57, 64, 78, 13, 0, 0.06%, 9, 0, 10, 327.40
1734875484, 57, 65, 78, 13, 0, 0.06%, 9, 0, 10, 339.82
1734875489, 57, 66, 78, 13, 0, 0.06%, 9, 0, 10, 369.95
1734875494, 57, 70, 78, 13, 0, 0.06%, 9, 0, 10, 328.45
1734875504, 57, 71, 78, 13, 0, 0.06%, 9, 0, 10, 371.02
1734875509, 57, 73, 78, 13, 0, 0.06%, 9, 0, 10, 335.83
1734875519, 58, 35, 78, 13, 0, 0.06%, 9, 0, 10, 325.71
1734875524, 58, 45, 78, 13, 0, 0.06%, 9, 0, 10, 313.21
1734875529, 58, 48, 78, 13, 0, 0.06%, 9, 0, 10, 313.17
1734875540, 58, 63, 78, 13, 0, 0.06%, 9, 0, 10, 330.39
1734875545, 58, 64, 78, 13, 0, 0.06%, 9, 0, 10, 313.59
1734875550, 58, 65, 78, 13, 0, 0.06%, 9, 0, 10, 317.57
1734875560, 58, 66, 78, 13, 0, 0.06%, 9, 0, 10, 353.13
1734875565, 58, 70, 78, 13, 0, 0.06%, 9, 0, 10, 346.96
1734875575, 58, 71, 78, 13, 0, 0.06%, 9, 0, 10, 337.09
1734875580, 58, 73, 78, 13, 0, 0.06%, 9, 0, 10, 330.42
1734875590, 59, 45, 78, 13, 0, 0.06%, 9, 0, 10, 345.85
1734875595, 59, 46, 78, 13, 0, 0.06%, 9, 0, 10, 376.25
1734875600, 59, 48, 78, 13, 0, 0.06%, 9, 0, 10, 312.19
1734875605, 59, 62, 78, 13, 0, 0.06%, 9, 0, 10, 357.97
1734875610, 59, 63, 78, 13, 0, 0.06%, 9, 0, 10, 357.30
1734875616, 59, 64, 78, 13, 0, 0.06%, 9, 0, 10, 370.19
1734875621, 59, 65, 78, 13, 0, 0.06%, 9, 0, 10, 384.82
1734875626, 59, 66, 78, 13, 0, 0.06%, 9, 0, 10, 351.29
1734875636, 59, 70, 78, 13, 0, 0.06%, 9, 0, 10, 358.13
1734875641, 59, 71, 78, 13, 0, 0.06%, 9, 0, 10, 343.06
1734875651, 59, 73, 78, 13, 0, 0.06%, 9, 0, 10, 353.94
1734875656, 60, 35, 78, 13, 0, 0.06%, 9, 0, 10, 364.96
1734875661, 60, 45, 78, 13, 0, 0.06%, 9, 0, 10, 342.26
1734875666, 60, 46, 78, 13, 0, 0.06%, 9, 0, 10, 339.74
1734875671, 60, 48, 78, 13, 0, 0.06%, 9, 0, 10, 307.50
1734875676, 60, 62, 78, 13, 0, 0.06%, 9, 0, 10, 338.77
1734875681, 60, 63, 78, 13, 0, 0.06%, 9, 0, 10, 330.98
1734875686, 60, 64, 78, 13, 0, 0.06%, 9, 0, 10, 340.49
1734875691, 60, 65, 78, 13, 0, 0.06%, 9, 0, 10, 361.44
1734875696, 60, 66, 78, 13, 0, 0.06%, 9, 0, 10, 375.41
1734875702, 60, 70, 78, 13, 0, 0.06%, 9, 0, 10, 372.42
1734875712, 60, 71, 78, 13, 0, 0.06%, 9, 0, 10, 355.39
1734875717, 60, 73, 78, 13, 0, 0.06%, 9, 0, 10, 332.09
1734875727, 61, 45, 78, 13, 0, 0.06%, 9, 0, 10, 352.56
1734875732, 61, 46, 78, 13, 0, 0.06%, 9, 0, 10, 377.41
1734875737, 61, 48, 78, 13, 0, 0.06%, 9, 0, 10, 318.19
1734875742, 61, 62, 78, 13, 0, 0.06%, 9, 0, 10, 358.14
1734875747, 61, 63, 78, 13, 0, 0.06%, 9, 0, 10, 365.50
1734875752, 61, 64, 78, 13, 0, 0.06%, 9, 0, 10, 364.18
1734875757, 61, 65, 78, 13, 0, 0.06%, 9, 0, 10, 366.13
1734875762, 61, 66, 78, 13, 0, 0.06%, 9, 0, 10, 364.26
1734875767, 61, 70, 78, 13, 0, 0.06%, 9, 0, 10, 367.90
1734875777, 61, 71, 78, 13, 0, 0.06%, 9, 0, 10, 383.71
1734875782, 61, 73, 78, 13, 0, 0.06%, 9, 0, 10, 338.65
1734875792, 62, 35, 78, 13, 0, 0.06%, 9, 0, 10, 345.53
1734875797, 62, 45, 78, 13, 0, 0.06%, 9, 0, 10, 348.61
1734875803, 62, 46, 78, 13, 0, 0.06%, 9, 0, 10, 317.88
1734875808, 62, 48, 78, 13, 0, 0.06%, 9, 0, 10, 294.80
1734875813, 62, 62, 78, 13, 0, 0.06%, 9, 0, 10, 326.21
1734875818, 62, 64, 78, 13, 0, 0.06%, 9, 0, 10, 334.78
1734875823, 62, 65, 78, 13, 0, 0.06%, 9, 0, 10, 373.20
1734875833, 62, 66, 78, 13, 0, 0.06%, 9, 0, 10, 330.97
1734875838, 62, 70, 78, 13, 0, 0.06%, 9, 0, 10, 337.31
1734875848, 62, 71, 78, 13, 0, 0.06%, 9, 0, 10, 340.55
1734875853, 62, 72, 78, 13, 0, 0.06%, 9, 0, 10, 307.92
1734875863, 62, 73, 78, 13, 0, 0.06%, 9, 0, 10, 346.15
1734875868, 62, 74, 78, 13, 0, 0.06%, 9, 0, 10, 348.88
1734875960, 62, 75, 78, 13, 0, 0.06%, 9, 0, 10, 372.88
1734876052, 62, 76, 78, 13, 0, 0.06%, 9, 0, 10, 387.93
1734876143, 62, 77, 78, 13, 0, 0.06%, 9, 0, 10, 331.59
1734876148, 63, 16, 78, 13, 0, 0.06%, 9, 0, 10, 351.64
1734876158, 63, 17, 78, 13, 0, 0.06%, 9, 0, 10, 300.99
1734876163, 63, 18, 78, 13, 0, 0.06%, 9, 0, 10, 288.42
1734876168, 63, 23, 78, 13, 0, 0.06%, 9, 0, 10, 302.71
1734876173, 63, 24, 78, 13, 0, 0.06%, 9, 0, 10, 301.67
1734876184, 63, 25, 78, 13, 0, 0.06%, 9, 0, 10, 311.98
1734876194, 63, 26, 78, 13, 0, 0.06%, 9, 0, 10, 390.09
1734876204, 63, 27, 78, 13, 0, 0.06%, 9, 0, 10, 330.81
1734876224, 63, 28, 78, 13, 0, 0.06%, 9, 0, 10, 367.26
1734876245, 63, 29, 78, 13, 0, 0.06%, 9, 0, 10, 298.99
1734876250, 63, 30, 78, 13, 0, 0.06%, 9, 0, 10, 273.83
1734876270, 63, 31, 78, 13, 0, 0.06%, 9, 0, 10, 296.18
1734876275, 63, 32, 78, 13, 0, 0.06%, 9, 0, 10, 301.03
1734876280, 63, 33, 78, 13, 0, 0.06%, 9, 0, 10, 349.68
1734876285, 63, 34, 78, 13, 0, 0.06%, 9, 0, 10, 358.34
1734876290, 63, 35, 78, 13, 0, 0.06%, 9, 0, 10, 340.56
1734876296, 63, 39, 78, 13, 0, 0.06%, 9, 0, 10, 339.62
1734876306, 63, 40, 78, 13, 0, 0.06%, 9, 0, 10, 355.24
1734876311, 63, 41, 78, 13, 0, 0.06%, 9, 0, 10, 356.51
1734876321, 63, 42, 78, 13, 0, 0.06%, 9, 0, 10, 345.20
1734876336, 63, 43, 78, 13, 0, 0.06%, 9, 0, 10, 415.20
1734876367, 63, 44, 78, 12, 0, 0.06%, 9, 0, 10, 318.07
1734876408, 63, 46, 78, 11, 0, 0.06%, 9, 0, 10, 359.26
1734876413, 63, 47, 78, 11, 0, 0.06%, 9, 0, 10, 273.82
1734877527, 63, 48, 78, 10, 0, 0.06%, 9, 0, 10, 279.60
1734877532, 63, 49, 78, 10, 0, 0.06%, 9, 0, 10, 331.68
1734877537, 63, 50, 78, 10, 0, 0.06%, 9, 0, 10, 356.26
1734877542, 63, 51, 78, 10, 0, 0.06%, 9, 0, 10, 363.93
1734877547, 63, 52, 78, 10, 0, 0.06%, 9, 0, 10, 356.59
1734877695, 63, 53, 78, 9, 0, 0.06%, 9, 0, 10, 289.32
1734877735, 63, 54, 78, 8, 0, 0.06%, 9, 0, 10, 401.88
1734877771, 63, 55, 78, 7, 0, 0.06%, 9, 0, 10, 379.72
1734877806, 63, 56, 78, 6, 0, 0.06%, 9, 0, 10, 340.23
1734878290, 63, 57, 78, 5, 0, 0.06%, 9, 0, 10, 323.83
1734878295, 63, 59, 78, 5, 0, 0.06%, 9, 0, 10, 334.36
1734878305, 63, 60, 78, 5, 0, 0.06%, 9, 0, 10, 346.87
1734878310, 63, 61, 78, 5, 0, 0.06%, 9, 0, 10, 327.57
1734878315, 63, 62, 78, 5, 0, 0.06%, 9, 0, 10, 337.63
1734878320, 63, 64, 78, 5, 0, 0.06%, 9, 0, 10, 351.14
1734878331, 63, 65, 78, 5, 0, 0.06%, 9, 0, 10, 345.42
1734878336, 63, 66, 78, 5, 0, 0.06%, 9, 0, 10, 355.26
1734878341, 63, 67, 78, 5, 0, 0.06%, 9, 0, 10, 332.16
1734878351, 63, 68, 78, 5, 0, 0.06%, 9, 0, 10, 370.99
1734878356, 63, 69, 78, 5, 0, 0.06%, 9, 0, 10, 321.41
1734878366, 63, 70, 78, 5, 0, 0.06%, 9, 0, 10, 377.96
1734878372, 63, 71, 78, 5, 0, 0.06%, 9, 0, 10, 322.51
1734878382, 63, 72, 78, 5, 0, 0.06%, 9, 0, 10, 399.80
1734878387, 63, 73, 78, 5, 0, 0.06%, 9, 0, 10, 352.45
1734878397, 63, 74, 78, 5, 0, 0.06%, 9, 0, 10, 314.80
1734878417, 63, 75, 78, 5, 0, 0.06%, 9, 0, 10, 310.22
1734878433, 63, 76, 78, 5, 0, 0.06%, 9, 0, 10, 348.08
1734878453, 63, 77, 78, 5, 0, 0.06%, 9, 0, 10, 354.15
1734878458, 64, 16, 78, 5, 0, 0.06%, 9, 0, 10, 338.39
1734878463, 64, 17, 78, 5, 0, 0.06%, 9, 0, 10, 300.80
1734878468, 64, 18, 78, 5, 0, 0.06%, 9, 0, 10, 304.90
1734878473, 64, 20, 78, 5, 0, 0.06%, 9, 0, 10, 304.74
1734878479, 64, 23, 78, 5, 0, 0.06%, 9, 0, 10, 311.54
1734878484, 64, 24, 78, 5, 0, 0.06%, 9, 0, 10, 297.07
1734878489, 64, 26, 78, 5, 0, 0.06%, 9, 0, 10, 317.88
1734878499, 64, 27, 78, 5, 0, 0.06%, 9, 0, 10, 342.55
1734878509, 64, 28, 78, 5, 0, 0.06%, 9, 0, 10, 363.76
1734878519, 64, 29, 78, 5, 0, 0.06%, 9, 0, 10, 323.67
1734878524, 64, 30, 78, 5, 0, 0.06%, 9, 0, 10, 314.94
1734878539, 64, 31, 78, 5, 0, 0.06%, 9, 0, 10, 295.72
1734878545, 64, 32, 78, 5, 0, 0.06%, 9, 0, 10, 324.99
1734878550, 64, 33, 78, 5, 0, 0.06%, 9, 0, 10, 310.46
1734878555, 64, 34, 78, 5, 0, 0.06%, 9, 0, 10, 329.57
1734878560, 64, 40, 78, 5, 0, 0.06%, 9, 0, 10, 303.60
1734878565, 64, 42, 78, 5, 0, 0.06%, 9, 0, 10, 349.78
1734878580, 64, 45, 78, 5, 0, 0.06%, 9, 0, 10, 355.93
1734878585, 64, 46, 78, 5, 0, 0.06%, 9, 0, 10, 336.37
1734878590, 64, 48, 78, 5, 0, 0.06%, 9, 0, 10, 294.54
1734878595, 64, 50, 78, 5, 0, 0.06%, 9, 0, 10, 354.74
1734878600, 64, 51, 78, 5, 0, 0.06%, 9, 0, 10, 339.87
1734878605, 64, 52, 78, 5, 0, 0.06%, 9, 0, 10, 332.90
1734878626, 64, 53, 78, 5, 0, 0.06%, 9, 0, 10, 308.44
1734878646, 64, 54, 78, 5, 0, 0.06%, 9, 0, 10, 417.45
1734878661, 64, 55, 78, 5, 0, 0.06%, 9, 0, 10, 362.76
1734878676, 64, 56, 78, 5, 0, 0.06%, 9, 0, 10, 351.71
1734878702, 64, 57, 78, 5, 0, 0.06%, 9, 0, 10, 339.15
1734878707, 64, 58, 78, 5, 0, 0.06%, 9, 0, 10, 354.62
1734878712, 64, 59, 78, 5, 0, 0.06%, 9, 0, 10, 358.20
1734878717, 64, 60, 78, 5, 0, 0.06%, 9, 0, 10, 380.43
1734878722, 64, 61, 78, 5, 0, 0.06%, 9, 0, 10, 366.33
1734878727, 64, 62, 78, 5, 0, 0.06%, 9, 0, 10, 356.11
1734878732, 64, 63, 78, 5, 0, 0.06%, 9, 0, 10, 343.43
1734878737, 64, 64, 78, 5, 0, 0.06%, 9, 0, 10, 353.69
1734878742, 64, 65, 78, 5, 0, 0.06%, 9, 0, 10, 368.90
1734878748, 64, 66, 78, 5, 0, 0.06%, 9, 0, 10, 406.51
1734878753, 64, 67, 78, 5, 0, 0.06%, 9, 0, 10, 346.81
1734878763, 64, 68, 78, 5, 0, 0.06%, 9, 0, 10, 373.56
1734878773, 64, 69, 78, 5, 0, 0.06%, 9, 0, 10, 372.46
1734878778, 64, 70, 78, 5, 0, 0.06%, 9, 0, 10, 346.33
1734878788, 64, 71, 78, 5, 0, 0.06%, 9, 0, 10, 354.36
1734878793, 64, 72, 78, 5, 0, 0.06%, 9, 0, 10, 324.64
1734878803, 64, 73, 78, 5, 0, 0.06%, 9, 0, 10, 335.33
1734878814, 64, 74, 78, 5, 0, 0.06%, 9, 0, 10, 316.26
1734878824, 64, 75, 78, 5, 0, 0.06%, 9, 0, 10, 371.80
1734878834, 64, 76, 78, 5, 0, 0.06%, 9, 0, 10, 379.07
1734878844, 64, 77, 78, 5, 0, 0.06%, 9, 0, 10, 324.46
1734878849, 65, 16, 78, 5, 0, 0.06%, 9, 0, 10, 327.23
1734878854, 65, 17, 78, 5, 0, 0.06%, 9, 0, 10, 286.70
1734878859, 65, 18, 78, 5, 0, 0.06%, 9, 0, 10, 283.59
1734878864, 65, 20, 78, 5, 0, 0.06%, 9, 0, 10, 321.91
1734878869, 65, 23, 78, 5, 0, 0.06%, 9, 0, 10, 320.34
1734878874, 65, 25, 78, 5, 0, 0.06%, 9, 0, 10, 302.43
1734878879, 65, 26, 78, 5, 0, 0.06%, 9, 0, 10, 330.01
1734878884, 65, 27, 78, 5, 0, 0.06%, 9, 0, 10, 353.73
1734878889, 65, 28, 78, 5, 0, 0.06%, 9, 0, 10, 352.88
1734878895, 65, 29, 78, 5, 0, 0.06%, 9, 0, 10, 318.00
1734878900, 65, 30, 78, 5, 0, 0.06%, 9, 0, 10, 391.05
1734878915, 65, 31, 78, 5, 0, 0.06%, 9, 0, 10, 312.67
1734878920, 65, 33, 78, 5, 0, 0.06%, 9, 0, 10, 342.17
1734878925, 65, 34, 78, 5, 0, 0.06%, 9, 0, 10, 346.64
1734878930, 65, 35, 78, 5, 0, 0.06%, 9, 0, 10, 343.98
1734878935, 65, 40, 78, 5, 0, 0.06%, 9, 0, 10, 315.22
1734878941, 65, 42, 78, 5, 0, 0.06%, 9, 0, 10, 264.51
1734878951, 65, 45, 78, 5, 0, 0.06%, 9, 0, 10, 335.04
1734878956, 65, 46, 78, 5, 0, 0.06%, 9, 0, 10, 344.14
1734878961, 65, 48, 78, 5, 0, 0.06%, 9, 0, 10, 288.58
1734878966, 65, 49, 78, 5, 0, 0.06%, 9, 0, 10, 295.97
1734878971, 65, 51, 78, 5, 0, 0.06%, 9, 0, 10, 325.99
1734878976, 65, 52, 78, 5, 0, 0.06%, 9, 0, 10, 363.71
1734878991, 65, 53, 78, 5, 0, 0.06%, 9, 0, 10, 311.16
1734879002, 65, 54, 78, 5, 0, 0.06%, 9, 0, 10, 345.27
1734879007, 65, 55, 78, 5, 0, 0.06%, 9, 0, 10, 342.16
1734879017, 65, 56, 78, 5, 0, 0.06%, 9, 0, 10, 325.39
1734879032, 65, 57, 78, 5, 0, 0.06%, 9, 0, 10, 364.46
1734879037, 65, 58, 78, 5, 0, 0.06%, 9, 0, 10, 340.03
1734879043, 65, 59, 78, 5, 0, 0.06%, 9, 0, 10, 353.65
1734879048, 65, 60, 78, 5, 0, 0.06%, 9, 0, 10, 349.83
1734879053, 65, 61, 78, 5, 0, 0.06%, 9, 0, 10, 372.21
1734879058, 65, 62, 78, 5, 0, 0.06%, 9, 0, 10, 371.53
1734879063, 65, 63, 78, 5, 0, 0.06%, 9, 0, 10, 337.36
1734879068, 65, 64, 78, 5, 0, 0.06%, 9, 0, 10, 334.46
1734879073, 65, 65, 78, 5, 0, 0.06%, 9, 0, 10, 332.85
1734879078, 65, 66, 78, 5, 0, 0.06%, 9, 0, 10, 357.76
1734879083, 65, 67, 78, 5, 0, 0.06%, 9, 0, 10, 318.39
1734879093, 65, 68, 78, 5, 0, 0.06%, 9, 0, 10, 373.16
1734879098, 65, 69, 78, 5, 0, 0.06%, 9, 0, 10, 316.99
1734879108, 65, 70, 78, 5, 0, 0.06%, 9, 0, 10, 397.12
1734879113, 65, 71, 78, 5, 0, 0.06%, 9, 0, 10, 330.42
1734879124, 65, 72, 78, 5, 0, 0.06%, 9, 0, 10, 388.77
1734879134, 65, 73, 78, 5, 0, 0.06%, 9, 0, 10, 325.29
1734879139, 65, 74, 78, 5, 0, 0.06%, 9, 0, 10, 324.76
1734879144, 65, 75, 78, 5, 0, 0.06%, 9, 0, 10, 303.54
1734879149, 65, 76, 78, 5, 0, 0.06%, 9, 0, 10, 321.30
1734879154, 65, 77, 78, 5, 0, 0.06%, 9, 0, 10, 360.03
1734879164, 66, 16, 78, 5, 0, 0.06%, 9, 0, 10, 315.62
1734879170, 66, 18, 78, 5, 0, 0.06%, 9, 0, 10, 307.66
1734879175, 66, 20, 78, 5, 0, 0.06%, 9, 0, 10, 293.10
1734879180, 66, 23, 78, 5, 0, 0.06%, 9, 0, 10, 305.30
1734879185, 66, 24, 78, 5, 0, 0.06%, 9, 0, 10, 302.73
1734879190, 66, 25, 78, 5, 0, 0.06%, 9, 0, 10, 331.56
1734879195, 66, 26, 78, 5, 0, 0.06%, 9, 0, 10, 333.32
1734879200, 66, 27, 78, 5, 0, 0.06%, 9, 0, 10, 330.70
1734879205, 66, 28, 78, 5, 0, 0.06%, 9, 0, 10, 336.12
1734879210, 66, 29, 78, 5, 0, 0.06%, 9, 0, 10, 325.91
1734879215, 66, 30, 78, 5, 0, 0.06%, 9, 0, 10, 305.66
1734879225, 66, 31, 78, 5, 0, 0.06%, 9, 0, 10, 314.73
1734879230, 66, 32, 78, 5, 0, 0.06%, 9, 0, 10, 348.95
1734879235, 66, 33, 78, 5, 0, 0.06%, 9, 0, 10, 309.72
1734879241, 66, 34, 78, 5, 0, 0.06%, 9, 0, 10, 335.31
1734879246, 66, 35, 78, 5, 0, 0.06%, 9, 0, 10, 333.87
1734879251, 66, 42, 78, 5, 0, 0.06%, 9, 0, 10, 356.63
1734879266, 66, 45, 78, 5, 0, 0.06%, 9, 0, 10, 351.49
1734879271, 66, 46, 78, 5, 0, 0.06%, 9, 0, 10, 333.97
1734879276, 66, 48, 78, 5, 0, 0.06%, 9, 0, 10, 302.10
1734879281, 66, 50, 78, 5, 0, 0.06%, 9, 0, 10, 335.27
1734879286, 66, 51, 78, 5, 0, 0.06%, 9, 0, 10, 318.73
1734879291, 66, 52, 78, 5, 0, 0.06%, 9, 0, 10, 347.21
1734879307, 66, 53, 78, 5, 0, 0.06%, 9, 0, 10, 304.23
1734879317, 66, 58, 78, 5, 0, 0.06%, 9, 0, 10, 325.23
1734879322, 66, 59, 78, 5, 0, 0.06%, 9, 0, 10, 329.96
1734879327, 66, 60, 78, 5, 0, 0.06%, 9, 0, 10, 315.78
1734879332, 66, 61, 78, 5, 0, 0.06%, 9, 0, 10, 339.10
1734879342, 66, 62, 78, 5, 0, 0.06%, 9, 0, 10, 327.23
1734879347, 66, 64, 78, 5, 0, 0.06%, 9, 0, 10, 337.60
1734879357, 66, 65, 78, 5, 0, 0.06%, 9, 0, 10, 337.47
1734879362, 66, 66, 78, 5, 0, 0.06%, 9, 0, 10, 363.00
1734879367, 66, 67, 78, 5, 0, 0.06%, 9, 0, 10, 340.22
1734879378, 66, 68, 78, 5, 0, 0.06%, 9, 0, 10, 349.58
1734879383, 66, 69, 78, 5, 0, 0.06%, 9, 0, 10, 327.17
1734879393, 66, 70, 78, 5, 0, 0.06%, 9, 0, 10, 373.30
1734879398, 66, 71, 78, 5, 0, 0.06%, 9, 0, 10, 348.23
1734879403, 66, 71, 79, 6, 0, 0.06%, 9, 0, 10, 371.05
1734879408, 66, 72, 79, 6, 0, 0.06%, 9, 0, 10, 352.54
1734879418, 66, 73, 79, 6, 0, 0.06%, 9, 0, 10, 339.92
1734879423, 66, 77, 79, 6, 0, 0.06%, 9, 0, 10, 301.69
1734879428, 66, 78, 79, 6, 0, 0.06%, 9, 0, 10, 315.53
1734879433, 66, 78, 80, 7, 0, 0.06%, 9, 0, 11, 472.76
1734879622, 66, 79, 80, 6, 0, 0.06%, 9, 0, 11, 429.24
