# unix_time, cycles_done, cur_path, paths_total, pending_total, pending_favs, map_size, unique_crashes, unique_hangs, max_depth, execs_per_sec
1733839716, 0, 0, 10, 10, 1, 0.00%, 0, 0, 1, 163.60
1733839721, 0, 4, 10, 10, 1, 0.00%, 0, 0, 1, 203.95
1733839726, 0, 5, 10, 9, 0, 0.00%, 0, 0, 1, 206.96
1733839731, 0, 6, 10, 8, 0, 0.00%, 0, 0, 1, 202.20
1733839741, 0, 7, 10, 7, 0, 0.00%, 0, 0, 1, 209.59
1733839746, 0, 8, 10, 6, 0, 0.00%, 0, 0, 1, 196.74
1733839756, 0, 9, 10, 5, 0, 0.00%, 0, 0, 1, 207.11
1733839761, 1, 0, 10, 4, 0, 0.00%, 0, 0, 1, 192.58
1733839772, 1, 1, 10, 3, 0, 0.00%, 0, 0, 1, 209.79
1733839782, 1, 2, 10, 2, 0, 0.00%, 0, 0, 1, 209.38
1733839792, 1, 3, 10, 1, 0, 0.00%, 0, 0, 1, 211.74
1733839797, 1, 4, 10, 0, 0, 0.00%, 0, 0, 1, 206.75
1733839807, 1, 5, 10, 0, 0, 0.00%, 0, 0, 1, 204.14
1733839812, 1, 6, 10, 0, 0, 0.00%, 0, 0, 1, 207.58
1733839817, 1, 7, 10, 0, 0, 0.00%, 0, 0, 1, 207.88
1733839822, 1, 9, 10, 0, 0, 0.00%, 0, 0, 1, 207.09
1733839827, 2, 0, 10, 0, 0, 0.00%, 0, 0, 1, 207.53
1733839832, 2, 2, 10, 0, 0, 0.00%, 0, 0, 1, 206.85
1733839837, 2, 3, 10, 0, 0, 0.00%, 0, 0, 1, 205.79
1733839842, 2, 5, 10, 0, 0, 0.00%, 0, 0, 1, 208.71
1733839847, 2, 6, 10, 0, 0, 0.00%, 0, 0, 1, 209.17
1733839852, 2, 7, 10, 0, 0, 0.00%, 0, 0, 1, 207.81
1733839857, 2, 9, 10, 0, 0, 0.00%, 0, 0, 1, 206.30
1733839862, 3, 0, 10, 0, 0, 0.00%, 0, 0, 1, 205.23
1733839868, 3, 2, 10, 0, 0, 0.00%, 0, 0, 1, 209.35
1733839873, 3, 3, 10, 0, 0, 0.00%, 0, 0, 1, 207.79
1733839878, 3, 4, 10, 0, 0, 0.00%, 0, 0, 1, 205.09
1733839883, 3, 6, 10, 0, 0, 0.00%, 0, 0, 1, 208.59
1733839888, 3, 7, 10, 0, 0, 0.00%, 0, 0, 1, 207.90
1733839893, 3, 9, 10, 0, 0, 0.00%, 0, 0, 1, 208.23
1733839898, 4, 0, 10, 0, 0, 0.00%, 0, 0, 1, 205.74
1733839903, 4, 2, 10, 0, 0, 0.00%, 0, 0, 1, 212.41
1733839908, 4, 3, 10, 0, 0, 0.00%, 0, 0, 1, 208.70
1733839913, 4, 5, 10, 0, 0, 0.00%, 0, 0, 1, 206.93
1733839918, 4, 6, 10, 0, 0, 0.00%, 0, 0, 1, 206.78
1733839923, 4, 7, 10, 0, 0, 0.00%, 0, 0, 1, 208.42
1733839928, 4, 9, 10, 0, 0, 0.00%, 0, 0, 1, 209.51
1733839933, 5, 0, 10, 0, 0, 0.00%, 0, 0, 1, 208.03
1733839938, 5, 2, 10, 0, 0, 0.00%, 0, 0, 1, 208.20
1733839943, 5, 3, 10, 0, 0, 0.00%, 0, 0, 1, 210.43
1733839948, 5, 5, 10, 0, 0, 0.00%, 0, 0, 1, 206.93
1733839953, 5, 6, 10, 0, 0, 0.00%, 0, 0, 1, 209.99
1733839959, 5, 7, 10, 0, 0, 0.00%, 0, 0, 1, 207.06
1733839964, 5, 9, 10, 0, 0, 0.00%, 0, 0, 1, 205.79
1733839969, 6, 1, 10, 0, 0, 0.00%, 0, 0, 1, 207.84
1733839974, 6, 2, 10, 0, 0, 0.00%, 0, 0, 1, 209.48
1733839979, 6, 3, 10, 0, 0, 0.00%, 0, 0, 1, 206.86
1733839984, 6, 5, 10, 0, 0, 0.00%, 0, 0, 1, 206.88
1733839989, 6, 10, 11, 1, 1, 0.05%, 1, 0, 2, 228.81
1733839994, 6, 10, 12, 2, 1, 0.05%, 2, 0, 3, 260.78
1733840030, 6, 10, 13, 3, 1, 0.05%, 3, 0, 3, 269.44
1733840110, 6, 12, 16, 5, 2, 0.06%, 5, 0, 4, 255.42
1733840115, 6, 12, 17, 6, 2, 0.06%, 5, 0, 4, 259.18
1733840120, 6, 12, 18, 7, 2, 0.06%, 5, 0, 4, 268.17
1733840131, 6, 12, 19, 8, 2, 0.06%, 5, 0, 4, 270.55
1733840136, 6, 12, 20, 9, 2, 0.06%, 6, 0, 4, 272.50
1733840146, 6, 12, 21, 10, 2, 0.06%, 6, 0, 4, 269.35
1733840166, 6, 12, 22, 11, 2, 0.06%, 6, 0, 4, 275.45
1733840197, 6, 12, 23, 12, 2, 0.06%, 6, 0, 4, 273.46
1733840212, 6, 12, 24, 13, 2, 0.06%, 7, 0, 4, 231.18
1733840222, 6, 23, 25, 13, 4, 0.06%, 7, 0, 5, 431.08
1733840227, 6, 23, 26, 14, 4, 0.06%, 7, 0, 5, 478.39
1733840237, 6, 23, 28, 16, 4, 0.06%, 8, 0, 5, 490.15
1733840263, 6, 23, 29, 17, 4, 0.06%, 8, 0, 5, 493.33
1733840288, 6, 23, 31, 19, 4, 0.06%, 8, 0, 5, 254.49
1733840293, 6, 26, 32, 19, 4, 0.06%, 9, 0, 6, 339.66
1733840345, 6, 31, 33, 19, 4, 0.06%, 9, 0, 7, 339.92
1733840350, 6, 31, 34, 20, 4, 0.06%, 9, 0, 7, 487.42
1733840355, 6, 31, 36, 22, 4, 0.06%, 9, 0, 7, 514.57
1733840385, 6, 31, 37, 23, 4, 0.06%, 9, 0, 7, 519.98
1733840390, 6, 31, 38, 24, 4, 0.06%, 9, 0, 7, 518.68
1733840415, 6, 35, 39, 24, 3, 0.06%, 9, 0, 7, 324.37
1733840421, 6, 35, 43, 28, 3, 0.06%, 9, 0, 8, 459.31
1733840451, 6, 35, 44, 29, 3, 0.06%, 9, 0, 8, 374.64
1733840462, 6, 35, 45, 30, 3, 0.06%, 9, 0, 8, 435.74
1733840472, 6, 35, 46, 31, 3, 0.06%, 9, 0, 8, 445.88
1733840477, 6, 35, 47, 32, 3, 0.06%, 9, 0, 8, 438.90
1733840482, 6, 35, 48, 33, 3, 0.06%, 9, 0, 8, 449.38
1733840502, 6, 35, 49, 34, 3, 0.06%, 9, 0, 8, 447.70
1733840518, 6, 35, 50, 35, 3, 0.06%, 9, 0, 8, 312.75
1733840528, 6, 45, 50, 34, 3, 0.06%, 9, 0, 8, 327.36
1733840533, 6, 45, 51, 35, 3, 0.06%, 9, 0, 9, 454.65
1733840599, 6, 45, 54, 38, 3, 0.06%, 9, 0, 9, 384.50
1733840604, 6, 45, 56, 40, 3, 0.06%, 9, 0, 9, 316.78
1733840614, 6, 47, 56, 39, 3, 0.06%, 9, 0, 9, 358.52
1733840619, 6, 47, 58, 41, 3, 0.06%, 9, 0, 9, 395.67
1733840625, 6, 47, 59, 42, 3, 0.06%, 9, 0, 9, 349.81
1733840808, 6, 49, 59, 41, 3, 0.06%, 9, 0, 9, 386.69
1733840870, 6, 49, 60, 42, 3, 0.06%, 9, 0, 9, 431.20
1733840910, 6, 49, 61, 43, 3, 0.06%, 9, 0, 9, 449.27
1733840925, 6, 49, 62, 44, 3, 0.06%, 9, 0, 9, 308.32
1733840935, 6, 49, 63, 45, 3, 0.06%, 9, 0, 9, 344.53
1733840940, 6, 50, 63, 44, 3, 0.06%, 9, 0, 9, 381.87
1733840976, 6, 50, 64, 45, 3, 0.06%, 9, 0, 10, 373.93
1733840991, 6, 51, 64, 44, 3, 0.06%, 9, 0, 10, 436.41
1733841062, 6, 52, 64, 43, 3, 0.06%, 9, 0, 10, 397.03
1733841128, 6, 53, 64, 42, 3, 0.06%, 9, 0, 10, 373.26
1733841204, 6, 53, 65, 43, 3, 0.06%, 9, 0, 10, 290.70
1733841214, 6, 56, 65, 42, 3, 0.06%, 9, 0, 10, 341.68
1733841316, 6, 57, 65, 41, 3, 0.06%, 9, 0, 10, 321.62
1733841428, 6, 59, 66, 41, 3, 0.06%, 9, 0, 10, 300.80
1733841851, 6, 60, 66, 40, 3, 0.06%, 9, 0, 10, 352.78
1733841973, 6, 60, 67, 41, 3, 0.06%, 9, 0, 10, 331.93
1733841983, 6, 63, 67, 40, 3, 0.06%, 9, 0, 10, 387.25
1733842131, 6, 65, 67, 39, 3, 0.06%, 9, 0, 10, 396.89
1733842263, 7, 11, 67, 38, 3, 0.06%, 9, 0, 10, 303.13
1733842278, 7, 22, 67, 37, 2, 0.06%, 9, 0, 10, 328.85
1733842313, 7, 47, 67, 36, 2, 0.06%, 9, 0, 10, 285.49
1733842329, 7, 48, 67, 36, 2, 0.06%, 9, 0, 10, 411.36
1733842379, 7, 51, 67, 35, 2, 0.06%, 9, 0, 10, 389.66
1733842405, 7, 52, 67, 35, 2, 0.06%, 9, 0, 10, 293.65
1733842420, 7, 53, 67, 35, 2, 0.06%, 9, 0, 10, 399.96
1733842465, 7, 56, 67, 35, 2, 0.06%, 9, 0, 10, 392.75
1733842476, 7, 57, 67, 35, 2, 0.06%, 9, 0, 10, 379.27
1733842491, 7, 58, 67, 35, 2, 0.06%, 9, 0, 10, 383.42
1733842654, 7, 59, 67, 34, 2, 0.06%, 9, 0, 10, 302.60
1733842674, 7, 60, 67, 34, 2, 0.06%, 9, 0, 10, 329.21
1733842689, 7, 63, 67, 34, 2, 0.06%, 9, 0, 10, 358.85
1733842700, 7, 65, 67, 34, 2, 0.06%, 9, 0, 10, 359.37
1733842787, 7, 66, 67, 34, 2, 0.06%, 9, 0, 10, 284.24
1733842848, 8, 11, 67, 33, 2, 0.06%, 9, 0, 10, 316.58
1733842853, 8, 14, 67, 33, 2, 0.06%, 9, 0, 10, 258.03
1733842898, 8, 22, 67, 32, 1, 0.06%, 9, 0, 10, 358.31
1733842908, 8, 27, 67, 32, 1, 0.06%, 9, 0, 10, 393.13
1733842939, 8, 28, 67, 31, 1, 0.06%, 9, 0, 10, 312.00
1733842985, 8, 45, 67, 30, 1, 0.06%, 9, 0, 10, 350.58
1733843000, 8, 47, 67, 30, 1, 0.06%, 9, 0, 10, 351.20
1733843015, 8, 48, 67, 30, 1, 0.06%, 9, 0, 10, 391.82
1733843025, 8, 49, 67, 30, 1, 0.06%, 9, 0, 10, 333.57
1733843040, 8, 50, 67, 30, 1, 0.06%, 9, 0, 10, 373.42
1733843050, 8, 51, 67, 30, 1, 0.06%, 9, 0, 10, 313.84
1733843070, 8, 52, 67, 30, 1, 0.06%, 9, 0, 10, 286.56
1733843086, 8, 53, 67, 30, 1, 0.06%, 9, 0, 10, 397.44
1733843096, 8, 56, 67, 30, 1, 0.06%, 9, 0, 10, 342.08
1733843111, 8, 57, 67, 30, 1, 0.06%, 9, 0, 10, 392.96
1733843121, 8, 58, 67, 30, 1, 0.06%, 9, 0, 10, 352.09
1733843136, 8, 59, 67, 30, 1, 0.06%, 9, 0, 10, 348.94
1733843156, 8, 60, 67, 30, 1, 0.06%, 9, 0, 10, 309.45
1733843172, 8, 63, 67, 30, 1, 0.06%, 9, 0, 10, 332.11
1733843187, 8, 65, 67, 30, 1, 0.06%, 9, 0, 10, 374.00
1733843202, 8, 66, 67, 30, 1, 0.06%, 9, 0, 10, 406.09
1733843212, 9, 11, 67, 30, 1, 0.06%, 9, 0, 10, 308.04
1733843217, 9, 14, 67, 30, 1, 0.06%, 9, 0, 10, 284.05
1733843228, 9, 22, 67, 30, 1, 0.06%, 9, 0, 10, 320.39
1733843238, 9, 27, 67, 30, 1, 0.06%, 9, 0, 10, 364.01
1733843248, 9, 28, 67, 30, 1, 0.06%, 9, 0, 10, 281.82
1733843258, 9, 45, 67, 30, 1, 0.06%, 9, 0, 10, 354.68
1733843273, 9, 47, 67, 30, 1, 0.06%, 9, 0, 10, 371.18
1733843278, 9, 48, 67, 30, 1, 0.06%, 9, 0, 10, 356.02
1733843293, 9, 49, 67, 30, 1, 0.06%, 9, 0, 10, 372.85
1733843309, 9, 50, 67, 30, 1, 0.06%, 9, 0, 10, 379.66
1733843319, 9, 51, 67, 30, 1, 0.06%, 9, 0, 10, 324.83
1733843329, 9, 52, 67, 30, 1, 0.06%, 9, 0, 10, 298.57
1733843334, 9, 53, 67, 30, 1, 0.06%, 9, 0, 10, 323.90
1733843344, 9, 56, 67, 30, 1, 0.06%, 9, 0, 10, 363.92
1733843349, 9, 57, 67, 30, 1, 0.06%, 9, 0, 10, 372.42
1733843359, 9, 58, 67, 30, 1, 0.06%, 9, 0, 10, 375.57
1733843369, 9, 59, 67, 30, 1, 0.06%, 9, 0, 10, 359.43
1733843385, 9, 60, 67, 30, 1, 0.06%, 9, 0, 10, 333.22
1733843390, 9, 63, 67, 30, 1, 0.06%, 9, 0, 10, 337.02
1733843400, 9, 65, 67, 30, 1, 0.06%, 9, 0, 10, 304.15
1733843410, 9, 66, 67, 30, 1, 0.06%, 9, 0, 10, 395.16
1733843420, 10, 11, 67, 30, 1, 0.06%, 9, 0, 10, 344.84
1733843425, 10, 14, 67, 30, 1, 0.06%, 9, 0, 10, 281.70
1733843435, 10, 22, 67, 30, 1, 0.06%, 9, 0, 10, 309.66
1733843440, 10, 27, 67, 30, 1, 0.06%, 9, 0, 10, 342.14
1733843445, 10, 28, 67, 30, 1, 0.06%, 9, 0, 10, 326.42
1733843460, 10, 45, 67, 30, 1, 0.06%, 9, 0, 10, 326.77
1733843466, 10, 47, 67, 30, 1, 0.06%, 9, 0, 10, 343.37
1733843476, 10, 48, 67, 30, 1, 0.06%, 9, 0, 10, 303.21
1733843481, 10, 49, 67, 30, 1, 0.06%, 9, 0, 10, 361.51
1733843486, 10, 50, 67, 30, 1, 0.06%, 9, 0, 10, 319.35
1733843496, 10, 51, 67, 30, 1, 0.06%, 9, 0, 10, 311.51
1733843501, 10, 52, 67, 30, 1, 0.06%, 9, 0, 10, 316.78
1733843511, 10, 53, 67, 30, 1, 0.06%, 9, 0, 10, 361.15
1733843516, 10, 56, 67, 30, 1, 0.06%, 9, 0, 10, 337.35
1733843526, 10, 57, 67, 30, 1, 0.06%, 9, 0, 10, 352.91
1733843531, 10, 58, 67, 30, 1, 0.06%, 9, 0, 10, 293.21
1733843542, 10, 59, 67, 30, 1, 0.06%, 9, 0, 10, 308.29
1733843552, 10, 60, 67, 30, 1, 0.06%, 9, 0, 10, 319.95
1733843562, 10, 63, 67, 30, 1, 0.06%, 9, 0, 10, 325.58
1733843572, 10, 65, 67, 30, 1, 0.06%, 9, 0, 10, 350.10
1733843577, 10, 66, 67, 30, 1, 0.06%, 9, 0, 10, 360.41
1733843582, 11, 11, 67, 30, 1, 0.06%, 9, 0, 10, 344.55
1733843588, 11, 14, 67, 30, 1, 0.06%, 9, 0, 10, 291.20
1733843593, 11, 22, 67, 30, 1, 0.06%, 9, 0, 10, 320.14
1733843598, 11, 27, 67, 30, 1, 0.06%, 9, 0, 10, 328.40
1733843603, 11, 28, 67, 30, 1, 0.06%, 9, 0, 10, 303.59
1733843608, 11, 45, 67, 30, 1, 0.06%, 9, 0, 10, 367.94
1733843613, 11, 47, 67, 30, 1, 0.06%, 9, 0, 10, 299.01
1733843623, 11, 48, 67, 30, 1, 0.06%, 9, 0, 10, 355.73
1733843628, 11, 49, 67, 30, 1, 0.06%, 9, 0, 10, 337.17
1733843638, 11, 50, 67, 30, 1, 0.06%, 9, 0, 10, 334.96
1733843643, 11, 51, 67, 30, 1, 0.06%, 9, 0, 10, 327.07
1733843653, 11, 52, 67, 30, 1, 0.06%, 9, 0, 10, 321.53
1733843659, 11, 53, 67, 30, 1, 0.06%, 9, 0, 10, 367.86
1733843664, 11, 56, 67, 30, 1, 0.06%, 9, 0, 10, 310.78
1733843674, 11, 57, 67, 30, 1, 0.06%, 9, 0, 10, 362.57
1733843684, 11, 58, 67, 30, 1, 0.06%, 9, 0, 10, 344.53
1733843689, 11, 59, 67, 30, 1, 0.06%, 9, 0, 10, 372.19
1733843704, 11, 60, 67, 30, 1, 0.06%, 9, 0, 10, 330.41
1733843714, 11, 63, 67, 30, 1, 0.06%, 9, 0, 10, 314.07
1733843719, 11, 65, 67, 30, 1, 0.06%, 9, 0, 10, 292.93
1733843730, 11, 66, 67, 30, 1, 0.06%, 9, 0, 10, 353.93
1733843735, 12, 11, 67, 30, 1, 0.06%, 9, 0, 10, 315.02
1733843740, 12, 14, 67, 30, 1, 0.06%, 9, 0, 10, 284.68
1733843745, 12, 22, 67, 30, 1, 0.06%, 9, 0, 10, 313.17
1733843750, 12, 27, 67, 30, 1, 0.06%, 9, 0, 10, 327.56
1733843755, 12, 45, 67, 30, 1, 0.06%, 9, 0, 10, 300.62
1733843765, 12, 47, 67, 30, 1, 0.06%, 9, 0, 10, 333.99
1733843775, 12, 48, 67, 30, 1, 0.06%, 9, 0, 10, 314.86
1733843781, 12, 49, 67, 30, 1, 0.06%, 9, 0, 10, 362.23
1733843786, 12, 50, 67, 30, 1, 0.06%, 9, 0, 10, 367.98
1733843796, 12, 51, 67, 30, 1, 0.06%, 9, 0, 10, 323.25
1733843801, 12, 52, 67, 30, 1, 0.06%, 9, 0, 10, 303.38
1733843806, 12, 53, 67, 30, 1, 0.06%, 9, 0, 10, 308.69
1733843816, 12, 56, 67, 30, 1, 0.06%, 9, 0, 10, 370.74
1733843821, 12, 57, 67, 30, 1, 0.06%, 9, 0, 10, 323.07
1733843831, 12, 58, 67, 30, 1, 0.06%, 9, 0, 10, 377.09
1733843836, 12, 59, 67, 30, 1, 0.06%, 9, 0, 10, 365.23
1733843852, 12, 60, 67, 30, 1, 0.06%, 9, 0, 10, 320.24
1733843862, 12, 63, 67, 30, 1, 0.06%, 9, 0, 10, 317.52
1733843867, 12, 65, 67, 30, 1, 0.06%, 9, 0, 10, 344.95
1733843877, 12, 66, 67, 30, 1, 0.06%, 9, 0, 10, 343.47
1733843882, 13, 11, 67, 30, 1, 0.06%, 9, 0, 10, 317.75
1733843887, 13, 14, 67, 30, 1, 0.06%, 9, 0, 10, 278.83
1733843892, 13, 22, 67, 30, 1, 0.06%, 9, 0, 10, 318.28
1733843897, 13, 28, 67, 30, 1, 0.06%, 9, 0, 10, 309.01
1733843902, 13, 45, 67, 30, 1, 0.06%, 9, 0, 10, 294.13
1733843912, 13, 47, 67, 30, 1, 0.06%, 9, 0, 10, 360.36
1733843923, 13, 48, 67, 30, 1, 0.06%, 9, 0, 10, 327.00
1733843928, 13, 49, 67, 30, 1, 0.06%, 9, 0, 10, 351.49
1733843933, 13, 50, 67, 30, 1, 0.06%, 9, 0, 10, 333.02
1733843943, 13, 51, 67, 30, 1, 0.06%, 9, 0, 10, 300.88
1733843948, 13, 52, 67, 30, 1, 0.06%, 9, 0, 10, 298.81
1733843958, 13, 53, 67, 30, 1, 0.06%, 9, 0, 10, 342.34
1733843963, 13, 56, 67, 30, 1, 0.06%, 9, 0, 10, 351.44
1733843973, 13, 57, 67, 30, 1, 0.06%, 9, 0, 10, 348.62
1733843978, 13, 58, 67, 30, 1, 0.06%, 9, 0, 10, 340.53
1733843988, 13, 59, 67, 30, 1, 0.06%, 9, 0, 10, 279.75
1733843999, 13, 60, 67, 30, 1, 0.06%, 9, 0, 10, 343.06
1733844009, 13, 63, 67, 30, 1, 0.06%, 9, 0, 10, 331.43
1733844014, 13, 65, 67, 30, 1, 0.06%, 9, 0, 10, 298.12
1733844024, 13, 66, 67, 30, 1, 0.06%, 9, 0, 10, 363.77
1733844029, 14, 11, 67, 30, 1, 0.06%, 9, 0, 10, 311.49
1733844034, 14, 14, 67, 30, 1, 0.06%, 9, 0, 10, 267.37
1733844039, 14, 22, 67, 30, 1, 0.06%, 9, 0, 10, 314.92
1733844044, 14, 28, 67, 30, 1, 0.06%, 9, 0, 10, 325.82
1733844055, 14, 45, 67, 30, 1, 0.06%, 9, 0, 10, 335.36
1733844060, 14, 47, 67, 30, 1, 0.06%, 9, 0, 10, 337.44
1733844070, 14, 48, 67, 30, 1, 0.06%, 9, 0, 10, 328.41
1733844075, 14, 49, 67, 30, 1, 0.06%, 9, 0, 10, 362.41
1733844080, 14, 50, 67, 30, 1, 0.06%, 9, 0, 10, 333.46
1733844090, 14, 51, 67, 30, 1, 0.06%, 9, 0, 10, 303.36
1733844095, 14, 52, 67, 30, 1, 0.06%, 9, 0, 10, 304.26
1733844105, 14, 53, 67, 30, 1, 0.06%, 9, 0, 10, 347.33
1733844111, 14, 56, 67, 30, 1, 0.06%, 9, 0, 10, 352.66
1733844121, 14, 57, 67, 30, 1, 0.06%, 9, 0, 10, 341.14
1733844126, 14, 58, 67, 30, 1, 0.06%, 9, 0, 10, 308.55
1733844136, 14, 59, 67, 30, 1, 0.06%, 9, 0, 10, 308.42
1733844146, 14, 60, 67, 30, 1, 0.06%, 9, 0, 10, 337.70
1733844151, 14, 60, 68, 31, 1, 0.06%, 9, 0, 10, 355.55
1733844156, 14, 63, 68, 31, 1, 0.06%, 9, 0, 10, 325.11
1733844167, 14, 65, 68, 31, 1, 0.06%, 9, 0, 10, 343.44
1733844177, 14, 66, 68, 31, 1, 0.06%, 9, 0, 10, 351.95
1733844182, 14, 67, 69, 32, 1, 0.06%, 9, 0, 11, 379.85
1733844314, 15, 22, 69, 31, 1, 0.06%, 9, 0, 11, 339.33
1733844319, 15, 47, 69, 31, 1, 0.06%, 9, 0, 11, 325.00
1733844329, 15, 48, 69, 31, 1, 0.06%, 9, 0, 11, 372.74
1733844334, 15, 51, 69, 31, 1, 0.06%, 9, 0, 11, 342.75
1733844344, 15, 52, 69, 31, 1, 0.06%, 9, 0, 11, 296.09
1733844349, 15, 53, 69, 31, 1, 0.06%, 9, 0, 11, 322.25
1733844359, 15, 56, 69, 31, 1, 0.06%, 9, 0, 11, 366.29
1733844364, 15, 57, 69, 31, 1, 0.06%, 9, 0, 11, 327.83
1733844374, 15, 58, 69, 31, 1, 0.06%, 9, 0, 11, 372.37
1733844380, 15, 65, 69, 31, 1, 0.06%, 9, 0, 11, 331.51
1733844390, 16, 22, 69, 31, 1, 0.06%, 9, 0, 11, 340.61
1733844395, 16, 47, 69, 31, 1, 0.06%, 9, 0, 11, 323.79
1733844405, 16, 48, 69, 31, 1, 0.06%, 9, 0, 11, 372.98
1733844410, 16, 51, 69, 31, 1, 0.06%, 9, 0, 11, 333.95
1733844420, 16, 52, 69, 31, 1, 0.06%, 9, 0, 11, 310.97
1733844425, 16, 53, 69, 31, 1, 0.06%, 9, 0, 11, 344.11
1733844435, 16, 56, 69, 31, 1, 0.06%, 9, 0, 11, 346.40
1733844440, 16, 57, 69, 31, 1, 0.06%, 9, 0, 11, 340.36
1733844450, 16, 58, 69, 31, 1, 0.06%, 9, 0, 11, 355.07
1733844456, 16, 65, 69, 31, 1, 0.06%, 9, 0, 11, 335.41
1733844466, 17, 22, 69, 31, 1, 0.06%, 9, 0, 11, 330.47
1733844471, 17, 47, 69, 31, 1, 0.06%, 9, 0, 11, 328.89
1733844481, 17, 48, 69, 31, 1, 0.06%, 9, 0, 11, 373.52
1733844486, 17, 51, 69, 31, 1, 0.06%, 9, 0, 11, 315.84
1733844496, 17, 52, 69, 31, 1, 0.06%, 9, 0, 11, 302.90
1733844501, 17, 53, 69, 31, 1, 0.06%, 9, 0, 11, 295.54
1733844512, 17, 56, 69, 31, 1, 0.06%, 9, 0, 11, 369.14
1733844517, 17, 57, 69, 31, 1, 0.06%, 9, 0, 11, 341.51
1733844527, 17, 58, 69, 31, 1, 0.06%, 9, 0, 11, 374.59
1733844532, 17, 65, 69, 31, 1, 0.06%, 9, 0, 11, 357.16
1733844542, 18, 22, 69, 31, 1, 0.06%, 9, 0, 11, 330.01
1733844547, 18, 47, 69, 31, 1, 0.06%, 9, 0, 11, 298.97
1733844557, 18, 48, 69, 31, 1, 0.06%, 9, 0, 11, 376.05
1733844563, 18, 51, 69, 31, 1, 0.06%, 9, 0, 11, 335.64
1733844568, 18, 51, 70, 32, 1, 0.06%, 9, 0, 11, 337.93
1733844573, 18, 52, 70, 32, 1, 0.06%, 9, 0, 11, 297.01
1733844578, 18, 53, 70, 32, 1, 0.06%, 9, 0, 11, 356.36
1733844583, 18, 56, 70, 32, 1, 0.06%, 9, 0, 11, 336.33
1733844593, 18, 57, 70, 32, 1, 0.06%, 9, 0, 11, 371.91
1733844598, 18, 58, 70, 32, 1, 0.06%, 9, 0, 11, 322.78
1733844608, 18, 65, 70, 32, 1, 0.06%, 9, 0, 11, 354.43
1733844618, 18, 69, 70, 32, 1, 0.06%, 9, 0, 11, 392.88
1733844751, 19, 11, 70, 31, 1, 0.06%, 9, 0, 11, 299.59
1733844756, 19, 22, 70, 31, 1, 0.06%, 9, 0, 11, 316.30
1733844761, 19, 47, 70, 31, 1, 0.06%, 9, 0, 11, 370.47
1733844766, 19, 48, 70, 31, 1, 0.06%, 9, 0, 11, 382.33
1733844776, 19, 51, 70, 31, 1, 0.06%, 9, 0, 11, 316.38
1733844781, 19, 52, 70, 31, 1, 0.06%, 9, 0, 11, 295.94
1733844791, 19, 53, 70, 31, 1, 0.06%, 9, 0, 11, 341.69
1733844796, 19, 56, 70, 31, 1, 0.06%, 9, 0, 11, 357.04
1733844802, 19, 57, 70, 31, 1, 0.06%, 9, 0, 11, 325.62
1733844812, 19, 58, 70, 31, 1, 0.06%, 9, 0, 11, 335.55
1733844822, 19, 65, 70, 31, 1, 0.06%, 9, 0, 11, 348.40
1733844827, 19, 69, 70, 31, 1, 0.06%, 9, 0, 11, 317.83
1733844857, 20, 22, 70, 31, 1, 0.06%, 9, 0, 11, 352.63
1733844863, 20, 47, 70, 31, 1, 0.06%, 9, 0, 11, 315.85
1733844873, 20, 48, 70, 31, 1, 0.06%, 9, 0, 11, 361.48
1733844878, 20, 51, 70, 31, 1, 0.06%, 9, 0, 11, 337.91
1733844888, 20, 52, 70, 31, 1, 0.06%, 9, 0, 11, 317.28
1733844893, 20, 53, 70, 31, 1, 0.06%, 9, 0, 11, 367.41
1733844898, 20, 56, 70, 31, 1, 0.06%, 9, 0, 11, 346.73
1733844908, 20, 57, 70, 31, 1, 0.06%, 9, 0, 11, 362.47
1733844913, 20, 58, 70, 31, 1, 0.06%, 9, 0, 11, 338.27
1733844923, 20, 65, 70, 31, 1, 0.06%, 9, 0, 11, 357.72
1733844928, 20, 69, 70, 31, 1, 0.06%, 9, 0, 11, 359.18
1733844959, 21, 11, 70, 31, 1, 0.06%, 9, 0, 11, 307.17
1733844964, 21, 22, 71, 32, 1, 0.06%, 9, 0, 11, 323.71
1733844969, 21, 47, 71, 32, 1, 0.06%, 9, 0, 11, 365.66
1733844974, 21, 48, 71, 32, 1, 0.06%, 9, 0, 11, 324.15
1733844984, 21, 51, 71, 32, 1, 0.06%, 9, 0, 11, 320.98
1733844989, 21, 52, 71, 32, 1, 0.06%, 9, 0, 11, 318.03
1733845000, 21, 53, 71, 32, 1, 0.06%, 9, 0, 11, 361.01
1733845005, 21, 56, 71, 32, 1, 0.06%, 9, 0, 11, 356.84
1733845015, 21, 57, 71, 32, 1, 0.06%, 9, 0, 11, 349.27
1733845020, 21, 58, 71, 32, 1, 0.06%, 9, 0, 11, 355.93
1733845030, 21, 65, 71, 32, 1, 0.06%, 9, 0, 11, 379.76
1733845035, 21, 69, 71, 32, 1, 0.06%, 9, 0, 11, 299.43
1733845061, 22, 11, 72, 33, 1, 0.06%, 9, 0, 11, 404.55
1733845066, 22, 22, 72, 33, 1, 0.06%, 9, 0, 11, 330.78
1733845071, 22, 47, 72, 33, 1, 0.06%, 9, 0, 11, 343.03
1733845081, 22, 48, 72, 33, 1, 0.06%, 9, 0, 11, 342.53
1733845086, 22, 51, 72, 33, 1, 0.06%, 9, 0, 11, 335.61
1733845091, 22, 52, 72, 33, 1, 0.06%, 9, 0, 11, 333.35
1733845101, 22, 53, 72, 33, 1, 0.06%, 9, 0, 11, 358.84
1733845106, 22, 56, 72, 33, 1, 0.06%, 9, 0, 11, 353.77
1733845116, 22, 57, 72, 33, 1, 0.06%, 9, 0, 11, 356.12
1733845121, 22, 58, 72, 33, 1, 0.06%, 9, 0, 11, 318.35
1733845131, 22, 65, 72, 33, 1, 0.06%, 9, 0, 11, 365.90
1733845137, 22, 69, 72, 33, 1, 0.06%, 9, 0, 11, 343.95
1733845152, 23, 11, 72, 33, 1, 0.06%, 9, 0, 11, 339.94
1733845157, 23, 22, 72, 33, 1, 0.06%, 9, 0, 11, 325.45
1733845162, 23, 47, 72, 33, 1, 0.06%, 9, 0, 11, 344.99
1733845172, 23, 48, 73, 34, 1, 0.06%, 9, 0, 11, 342.23
1733845177, 23, 51, 73, 34, 1, 0.06%, 9, 0, 11, 316.65
1733845187, 23, 52, 73, 34, 1, 0.06%, 9, 0, 11, 309.87
1733845192, 23, 53, 73, 34, 1, 0.06%, 9, 0, 11, 313.49
1733845202, 23, 56, 73, 34, 1, 0.06%, 9, 0, 11, 351.41
1733845207, 23, 57, 73, 34, 1, 0.06%, 9, 0, 11, 355.26
1733845212, 23, 58, 73, 34, 1, 0.06%, 9, 0, 11, 352.70
1733845222, 23, 65, 73, 34, 1, 0.06%, 9, 0, 11, 338.32
1733845233, 23, 69, 73, 34, 1, 0.06%, 9, 0, 11, 376.23
1733845243, 24, 11, 73, 34, 1, 0.06%, 9, 0, 11, 374.61
1733845248, 24, 22, 73, 34, 1, 0.06%, 9, 0, 11, 324.86
1733845253, 24, 47, 73, 34, 1, 0.06%, 9, 0, 11, 350.01
1733845263, 24, 48, 73, 34, 1, 0.06%, 9, 0, 11, 347.63
1733845268, 24, 51, 73, 34, 1, 0.06%, 9, 0, 11, 333.36
1733845273, 24, 52, 73, 34, 1, 0.06%, 9, 0, 11, 329.07
1733845283, 24, 53, 73, 34, 1, 0.06%, 9, 0, 11, 351.27
1733845288, 24, 56, 73, 34, 1, 0.06%, 9, 0, 11, 340.06
1733845299, 24, 57, 73, 34, 1, 0.06%, 9, 0, 11, 339.77
1733845304, 24, 58, 73, 34, 1, 0.06%, 9, 0, 11, 323.00
1733845436, 24, 59, 73, 34, 1, 0.06%, 9, 0, 11, 274.31
1733845835, 24, 60, 73, 34, 1, 0.06%, 9, 0, 11, 306.04
1733845845, 24, 63, 73, 34, 1, 0.06%, 9, 0, 11, 342.00
1733845855, 24, 65, 73, 34, 1, 0.06%, 9, 0, 11, 346.95
1733845860, 24, 66, 73, 34, 1, 0.06%, 9, 0, 11, 357.90
1733845865, 24, 67, 73, 34, 1, 0.06%, 9, 0, 11, 357.19
1733845895, 24, 68, 73, 34, 1, 0.06%, 9, 0, 11, 370.24
1733846033, 24, 69, 73, 33, 1, 0.06%, 9, 0, 11, 273.42
1733846130, 25, 14, 73, 33, 1, 0.06%, 9, 0, 11, 293.62
1733846135, 25, 22, 73, 33, 1, 0.06%, 9, 0, 11, 321.51
1733846140, 25, 27, 73, 33, 1, 0.06%, 9, 0, 11, 343.30
1733846145, 25, 28, 73, 33, 1, 0.06%, 9, 0, 11, 315.41
1733846150, 25, 45, 73, 33, 1, 0.06%, 9, 0, 11, 351.34
1733846155, 25, 47, 73, 33, 1, 0.06%, 9, 0, 11, 328.38
1733846166, 25, 48, 73, 33, 1, 0.06%, 9, 0, 11, 367.91
1733846171, 25, 49, 73, 33, 1, 0.06%, 9, 0, 11, 304.16
1733846181, 25, 50, 73, 33, 1, 0.06%, 9, 0, 11, 342.81
1733846186, 25, 51, 73, 33, 1, 0.06%, 9, 0, 11, 321.90
1733846196, 25, 52, 73, 33, 1, 0.06%, 9, 0, 11, 305.74
1733846201, 25, 53, 73, 33, 1, 0.06%, 9, 0, 11, 370.82
1733846206, 25, 56, 73, 33, 1, 0.06%, 9, 0, 11, 336.10
1733846216, 25, 57, 73, 33, 1, 0.06%, 9, 0, 11, 363.05
1733846221, 25, 58, 73, 33, 1, 0.06%, 9, 0, 11, 343.63
1733846231, 25, 59, 73, 33, 1, 0.06%, 9, 0, 11, 317.48
1733846242, 25, 60, 73, 33, 1, 0.06%, 9, 0, 11, 330.84
1733846252, 25, 63, 73, 33, 1, 0.06%, 9, 0, 11, 335.78
1733846262, 25, 65, 73, 33, 1, 0.06%, 9, 0, 11, 351.50
1733846267, 25, 66, 73, 33, 1, 0.06%, 9, 0, 11, 379.72
1733846272, 25, 67, 73, 33, 1, 0.06%, 9, 0, 11, 326.43
1733846302, 25, 68, 73, 33, 1, 0.06%, 9, 0, 11, 322.99
1733846333, 25, 69, 73, 33, 1, 0.06%, 9, 0, 11, 374.44
1733846338, 26, 11, 73, 33, 1, 0.06%, 9, 0, 11, 358.85
1733846343, 26, 14, 73, 33, 1, 0.06%, 9, 0, 11, 301.95
1733846348, 26, 22, 73, 33, 1, 0.06%, 9, 0, 11, 338.98
1733846353, 26, 27, 73, 33, 1, 0.06%, 9, 0, 11, 333.66
1733846358, 26, 28, 73, 33, 1, 0.06%, 9, 0, 11, 307.94
1733846363, 26, 45, 73, 33, 1, 0.06%, 9, 0, 11, 357.45
1733846368, 26, 47, 73, 33, 1, 0.06%, 9, 0, 11, 353.26
1733846379, 26, 48, 73, 33, 1, 0.06%, 9, 0, 11, 348.50
1733846384, 26, 49, 73, 33, 1, 0.06%, 9, 0, 11, 374.71
1733846389, 26, 50, 73, 33, 1, 0.06%, 9, 0, 11, 341.40
1733846399, 26, 51, 73, 33, 1, 0.06%, 9, 0, 11, 299.53
1733846404, 26, 52, 74, 34, 1, 0.06%, 9, 0, 11, 314.28
1733846409, 26, 53, 74, 34, 1, 0.06%, 9, 0, 11, 320.85
1733846419, 26, 56, 74, 34, 1, 0.06%, 9, 0, 11, 362.11
1733846424, 26, 57, 74, 34, 1, 0.06%, 9, 0, 11, 320.98
1733846434, 26, 58, 74, 34, 1, 0.06%, 9, 0, 11, 349.57
1733846439, 26, 59, 74, 34, 1, 0.06%, 9, 0, 11, 335.38
1733846455, 26, 60, 74, 34, 1, 0.06%, 9, 0, 11, 342.96
1733846460, 26, 63, 74, 34, 1, 0.06%, 9, 0, 11, 325.19
1733846470, 26, 65, 74, 34, 1, 0.06%, 9, 0, 11, 368.58
1733846475, 26, 66, 74, 34, 1, 0.06%, 9, 0, 11, 330.97
1733846485, 26, 67, 74, 34, 1, 0.06%, 9, 0, 11, 349.82
1733846500, 26, 68, 74, 34, 1, 0.06%, 9, 0, 11, 336.80
1733846525, 26, 69, 74, 34, 1, 0.06%, 9, 0, 11, 351.64
1733846536, 26, 73, 74, 34, 1, 0.06%, 9, 0, 11, 325.07
1733846556, 26, 73, 75, 35, 1, 0.06%, 9, 0, 11, 394.69
1733847005, 26, 74, 75, 34, 1, 0.06%, 9, 0, 11, 354.51
1733847481, 27, 11, 75, 33, 1, 0.06%, 9, 0, 11, 351.28
1733847486, 27, 22, 75, 33, 1, 0.06%, 9, 0, 11, 335.66
1733847491, 27, 47, 75, 33, 1, 0.06%, 9, 0, 11, 364.00
1733847501, 27, 48, 75, 33, 1, 0.06%, 9, 0, 11, 329.66
1733847506, 27, 51, 75, 33, 1, 0.06%, 9, 0, 11, 323.20
1733847512, 27, 52, 75, 33, 1, 0.06%, 9, 0, 11, 306.63
1733847522, 27, 53, 75, 33, 1, 0.06%, 9, 0, 11, 339.23
1733847527, 27, 56, 75, 33, 1, 0.06%, 9, 0, 11, 297.24
1733847537, 27, 57, 75, 33, 1, 0.06%, 9, 0, 11, 363.79
1733847542, 27, 58, 75, 33, 1, 0.06%, 9, 0, 11, 331.17
1733847552, 27, 65, 75, 33, 1, 0.06%, 9, 0, 11, 358.76
1733847562, 27, 69, 75, 33, 1, 0.06%, 9, 0, 11, 352.03
1733847567, 27, 73, 75, 33, 1, 0.06%, 9, 0, 11, 429.46
1733847603, 27, 74, 75, 33, 1, 0.06%, 9, 0, 11, 263.94
1733847634, 28, 22, 75, 33, 1, 0.06%, 9, 0, 11, 341.40
1733847639, 28, 47, 75, 33, 1, 0.06%, 9, 0, 11, 314.27
1733847649, 28, 48, 75, 33, 1, 0.06%, 9, 0, 11, 363.97
1733847654, 28, 51, 75, 33, 1, 0.06%, 9, 0, 11, 339.40
1733847664, 28, 52, 75, 33, 1, 0.06%, 9, 0, 11, 326.55
1733847669, 28, 53, 75, 33, 1, 0.06%, 9, 0, 11, 352.88
1733847674, 28, 56, 75, 33, 1, 0.06%, 9, 0, 11, 358.23
1733847684, 28, 57, 75, 33, 1, 0.06%, 9, 0, 11, 360.56
1733847695, 28, 58, 75, 33, 1, 0.06%, 9, 0, 11, 336.26
1733847700, 28, 65, 75, 33, 1, 0.06%, 9, 0, 11, 319.39
1733847710, 28, 69, 75, 33, 1, 0.06%, 9, 0, 11, 357.96
1733847715, 28, 73, 75, 33, 1, 0.06%, 9, 0, 11, 366.56
1733847746, 28, 74, 75, 33, 1, 0.06%, 9, 0, 11, 421.91
1733847776, 29, 11, 75, 33, 1, 0.06%, 9, 0, 11, 341.97
1733847781, 29, 22, 75, 33, 1, 0.06%, 9, 0, 11, 319.05
1733847786, 29, 47, 75, 33, 1, 0.06%, 9, 0, 11, 369.32
1733847792, 29, 48, 75, 33, 1, 0.06%, 9, 0, 11, 330.41
1733847802, 29, 51, 75, 33, 1, 0.06%, 9, 0, 11, 323.59
1733847807, 29, 52, 75, 33, 1, 0.06%, 9, 0, 11, 313.38
1733847817, 29, 53, 75, 33, 1, 0.06%, 9, 0, 11, 321.31
1733847822, 29, 56, 75, 33, 1, 0.06%, 9, 0, 11, 333.59
1733847832, 29, 57, 75, 33, 1, 0.06%, 9, 0, 11, 361.43
1733847837, 29, 58, 75, 33, 1, 0.06%, 9, 0, 11, 321.34
1733847847, 29, 65, 75, 33, 1, 0.06%, 9, 0, 11, 357.11
1733847857, 29, 69, 75, 33, 1, 0.06%, 9, 0, 11, 346.21
1733847862, 29, 73, 75, 33, 1, 0.06%, 9, 0, 11, 394.72
1733847898, 29, 74, 75, 33, 1, 0.06%, 9, 0, 11, 260.89
1733847929, 30, 22, 75, 33, 1, 0.06%, 9, 0, 11, 352.51
1733847934, 30, 47, 75, 33, 1, 0.06%, 9, 0, 11, 291.67
1733847944, 30, 48, 75, 33, 1, 0.06%, 9, 0, 11, 360.76
1733847949, 30, 51, 75, 33, 1, 0.06%, 9, 0, 11, 329.19
1733847954, 30, 52, 75, 33, 1, 0.06%, 9, 0, 11, 322.67
1733847964, 30, 53, 75, 33, 1, 0.06%, 9, 0, 11, 365.04
1733847969, 30, 56, 75, 33, 1, 0.06%, 9, 0, 11, 363.69
1733847975, 30, 57, 75, 33, 1, 0.06%, 9, 0, 11, 352.64
1733847985, 30, 58, 75, 33, 1, 0.06%, 9, 0, 11, 345.56
1733847995, 30, 65, 75, 33, 1, 0.06%, 9, 0, 11, 347.43
1733848000, 30, 69, 75, 33, 1, 0.06%, 9, 0, 11, 303.19
1733848010, 30, 73, 75, 33, 1, 0.06%, 9, 0, 11, 314.16
1733848041, 30, 74, 75, 33, 1, 0.06%, 9, 0, 11, 385.36
1733848076, 31, 22, 75, 33, 1, 0.06%, 9, 0, 11, 340.53
1733848081, 31, 47, 75, 33, 1, 0.06%, 9, 0, 11, 318.36
1733848091, 31, 48, 75, 33, 1, 0.06%, 9, 0, 11, 471.53
1733848107, 31, 49, 75, 33, 1, 0.06%, 9, 0, 11, 392.37
1733848188, 31, 50, 75, 33, 1, 0.06%, 9, 0, 11, 413.63
1733848204, 31, 51, 75, 33, 1, 0.06%, 9, 0, 11, 457.41
1733848229, 31, 52, 75, 33, 1, 0.06%, 9, 0, 11, 438.05
1733848250, 31, 53, 75, 33, 1, 0.06%, 9, 0, 11, 431.41
1733848300, 31, 54, 75, 33, 1, 0.06%, 9, 0, 11, 345.30
1733848361, 31, 55, 75, 32, 1, 0.06%, 9, 0, 11, 335.59
1733848417, 31, 56, 75, 31, 1, 0.06%, 9, 0, 11, 344.32
1733848498, 31, 57, 75, 31, 1, 0.06%, 9, 0, 11, 446.88
1733848574, 31, 58, 75, 31, 1, 0.06%, 9, 0, 11, 317.49
1733848718, 31, 59, 75, 31, 1, 0.06%, 9, 0, 11, 279.74
1733849141, 31, 60, 75, 31, 1, 0.06%, 9, 0, 11, 370.28
1733849243, 31, 61, 75, 31, 1, 0.06%, 9, 0, 11, 322.27
1733849299, 31, 62, 75, 30, 1, 0.06%, 9, 0, 11, 335.57
1733849360, 31, 63, 75, 29, 1, 0.06%, 9, 0, 11, 284.44
1733849478, 31, 64, 75, 29, 1, 0.06%, 9, 0, 11, 485.09
1733849544, 31, 65, 75, 28, 1, 0.06%, 9, 0, 11, 337.27
1733849646, 31, 66, 75, 28, 1, 0.06%, 9, 0, 11, 338.00
1733849656, 31, 67, 75, 28, 1, 0.06%, 9, 0, 11, 350.30
1733849672, 31, 68, 75, 28, 1, 0.06%, 9, 0, 11, 336.67
1733849682, 31, 69, 75, 28, 1, 0.06%, 9, 0, 11, 321.40
1733849692, 31, 73, 75, 28, 1, 0.06%, 9, 0, 11, 405.16
1733850147, 31, 74, 75, 28, 1, 0.06%, 9, 0, 11, 284.53
1733850602, 32, 14, 75, 28, 1, 0.06%, 9, 0, 11, 278.53
1733850607, 32, 22, 75, 28, 1, 0.06%, 9, 0, 11, 273.95
1733850612, 32, 27, 75, 28, 1, 0.06%, 9, 0, 11, 325.18
1733850617, 32, 28, 75, 28, 1, 0.06%, 9, 0, 11, 304.79
1733850623, 32, 45, 75, 28, 1, 0.06%, 9, 0, 11, 311.04
1733850633, 32, 47, 75, 28, 1, 0.06%, 9, 0, 11, 365.79
1733850643, 32, 48, 75, 28, 1, 0.06%, 9, 0, 11, 333.90
1733850648, 32, 49, 75, 28, 1, 0.06%, 9, 0, 11, 363.40
1733850653, 32, 50, 75, 28, 1, 0.06%, 9, 0, 11, 346.08
1733850663, 32, 51, 75, 28, 1, 0.06%, 9, 0, 11, 321.14
1733850668, 32, 52, 75, 28, 1, 0.06%, 9, 0, 11, 316.58
1733850673, 32, 53, 75, 28, 1, 0.06%, 9, 0, 11, 326.20
1733850683, 32, 56, 75, 28, 1, 0.06%, 9, 0, 11, 368.85
1733850688, 32, 57, 75, 28, 1, 0.06%, 9, 0, 11, 330.05
1733850698, 32, 58, 75, 28, 1, 0.06%, 9, 0, 11, 358.19
1733850704, 32, 59, 75, 28, 1, 0.06%, 9, 0, 11, 344.91
1733850719, 32, 60, 75, 28, 1, 0.06%, 9, 0, 11, 340.29
1733850729, 32, 63, 75, 28, 1, 0.06%, 9, 0, 11, 328.91
1733850734, 32, 65, 75, 28, 1, 0.06%, 9, 0, 11, 345.69
1733850744, 32, 66, 75, 28, 1, 0.06%, 9, 0, 11, 358.16
1733850749, 32, 67, 75, 28, 1, 0.06%, 9, 0, 11, 331.32
1733850759, 32, 68, 75, 28, 1, 0.06%, 9, 0, 11, 330.89
1733850775, 32, 69, 75, 28, 1, 0.06%, 9, 0, 11, 367.25
1733850785, 32, 73, 75, 28, 1, 0.06%, 9, 0, 11, 260.27
1733850800, 32, 74, 75, 28, 1, 0.06%, 9, 0, 11, 351.55
1733850821, 33, 11, 75, 28, 1, 0.06%, 9, 0, 11, 317.32
1733850826, 33, 14, 75, 28, 1, 0.06%, 9, 0, 11, 290.70
1733850831, 33, 22, 75, 28, 1, 0.06%, 9, 0, 11, 305.20
1733850836, 33, 28, 75, 28, 1, 0.06%, 9, 0, 11, 318.86
1733850841, 33, 45, 75, 28, 1, 0.06%, 9, 0, 11, 305.43
1733850851, 33, 47, 75, 28, 1, 0.06%, 9, 0, 11, 352.38
1733850862, 33, 48, 75, 28, 1, 0.06%, 9, 0, 11, 350.86
1733850867, 33, 49, 75, 28, 1, 0.06%, 9, 0, 11, 378.56
1733850872, 33, 50, 75, 28, 1, 0.06%, 9, 0, 11, 327.35
1733850882, 33, 51, 75, 28, 1, 0.06%, 9, 0, 11, 311.87
1733850887, 33, 52, 75, 28, 1, 0.06%, 9, 0, 11, 295.76
1733850897, 33, 53, 75, 28, 1, 0.06%, 9, 0, 11, 348.80
1733850902, 33, 56, 75, 28, 1, 0.06%, 9, 0, 11, 346.68
1733850912, 33, 57, 75, 28, 1, 0.06%, 9, 0, 11, 350.31
1733850917, 33, 58, 75, 28, 1, 0.06%, 9, 0, 11, 325.47
1733850928, 33, 59, 75, 28, 1, 0.06%, 9, 0, 11, 285.07
1733850938, 33, 60, 75, 28, 1, 0.06%, 9, 0, 11, 345.77
1733850948, 33, 63, 75, 28, 1, 0.06%, 9, 0, 11, 334.17
1733850953, 33, 65, 75, 28, 1, 0.06%, 9, 0, 11, 364.65
1733850964, 33, 66, 75, 28, 1, 0.06%, 9, 0, 11, 370.92
1733850969, 33, 67, 75, 28, 1, 0.06%, 9, 0, 11, 322.94
1733850979, 33, 68, 75, 28, 1, 0.06%, 9, 0, 11, 336.70
1733850989, 33, 69, 75, 28, 1, 0.06%, 9, 0, 11, 339.73
1733850994, 33, 73, 75, 28, 1, 0.06%, 9, 0, 11, 389.10
1733851014, 33, 74, 75, 28, 1, 0.06%, 9, 0, 11, 383.58
1733851035, 34, 11, 75, 28, 1, 0.06%, 9, 0, 11, 302.29
1733851040, 34, 14, 75, 28, 1, 0.06%, 9, 0, 11, 286.62
1733851045, 34, 27, 75, 28, 1, 0.06%, 9, 0, 11, 306.19
1733851050, 34, 28, 75, 28, 1, 0.06%, 9, 0, 11, 312.34
1733851055, 34, 45, 75, 28, 1, 0.06%, 9, 0, 11, 304.33
1733851065, 34, 47, 75, 28, 1, 0.06%, 9, 0, 11, 331.48
1733851075, 34, 48, 75, 28, 1, 0.06%, 9, 0, 11, 334.61
1733851081, 34, 49, 75, 28, 1, 0.06%, 9, 0, 11, 372.71
1733851086, 34, 50, 75, 28, 1, 0.06%, 9, 0, 11, 346.01
1733851096, 34, 51, 75, 28, 1, 0.06%, 9, 0, 11, 323.34
1733851101, 34, 52, 75, 28, 1, 0.06%, 9, 0, 11, 320.70
1733851106, 34, 53, 75, 28, 1, 0.06%, 9, 0, 11, 300.70
1733851116, 34, 56, 75, 28, 1, 0.06%, 9, 0, 11, 373.04
1733851121, 34, 57, 75, 28, 1, 0.06%, 9, 0, 11, 323.47
1733851131, 34, 58, 75, 28, 1, 0.06%, 9, 0, 11, 342.09
1733851142, 34, 59, 75, 28, 1, 0.06%, 9, 0, 11, 260.92
1733851152, 34, 60, 75, 28, 1, 0.06%, 9, 0, 11, 339.23
1733851162, 34, 63, 75, 28, 1, 0.06%, 9, 0, 11, 323.64
1733851167, 34, 65, 75, 28, 1, 0.06%, 9, 0, 11, 295.74
1733851177, 34, 66, 75, 28, 1, 0.06%, 9, 0, 11, 362.86
1733851182, 34, 67, 75, 28, 1, 0.06%, 9, 0, 11, 340.23
1733851192, 34, 68, 75, 28, 1, 0.06%, 9, 0, 11, 341.46
1733851197, 34, 69, 75, 28, 1, 0.06%, 9, 0, 11, 320.48
1733851208, 34, 73, 75, 28, 1, 0.06%, 9, 0, 11, 348.86
1733851223, 34, 74, 75, 28, 1, 0.06%, 9, 0, 11, 288.11
1733851233, 35, 11, 75, 28, 1, 0.06%, 9, 0, 11, 338.41
1733851238, 35, 14, 75, 28, 1, 0.06%, 9, 0, 11, 287.60
1733851243, 35, 22, 75, 28, 1, 0.06%, 9, 0, 11, 307.68
1733851248, 35, 27, 75, 28, 1, 0.06%, 9, 0, 11, 337.85
1733851253, 35, 28, 75, 28, 1, 0.06%, 9, 0, 11, 294.48
1733851259, 35, 45, 75, 28, 1, 0.06%, 9, 0, 11, 335.85
1733851264, 35, 47, 75, 28, 1, 0.06%, 9, 0, 11, 335.85
1733851274, 35, 48, 75, 28, 1, 0.06%, 9, 0, 11, 348.86
1733851279, 35, 49, 75, 28, 1, 0.06%, 9, 0, 11, 373.66
1733851284, 35, 50, 75, 28, 1, 0.06%, 9, 0, 11, 363.97
1733851294, 35, 51, 75, 28, 1, 0.06%, 9, 0, 11, 305.16
1733851299, 35, 52, 75, 28, 1, 0.06%, 9, 0, 11, 313.47
1733851309, 35, 53, 75, 28, 1, 0.06%, 9, 0, 11, 354.39
1733851314, 35, 56, 75, 28, 1, 0.06%, 9, 0, 11, 386.50
1733851319, 35, 57, 75, 28, 1, 0.06%, 9, 0, 11, 318.13
1733851329, 35, 58, 75, 28, 1, 0.06%, 9, 0, 11, 386.63
1733851334, 35, 59, 75, 28, 1, 0.06%, 9, 0, 11, 328.49
1733851350, 35, 60, 75, 28, 1, 0.06%, 9, 0, 11, 344.01
1733851360, 35, 63, 75, 28, 1, 0.06%, 9, 0, 11, 315.46
1733851365, 35, 65, 75, 28, 1, 0.06%, 9, 0, 11, 324.90
1733851375, 35, 66, 75, 28, 1, 0.06%, 9, 0, 11, 364.13
1733851380, 35, 67, 75, 28, 1, 0.06%, 9, 0, 11, 336.31
1733851390, 35, 68, 75, 28, 1, 0.06%, 9, 0, 11, 343.59
1733851395, 35, 69, 75, 28, 1, 0.06%, 9, 0, 11, 334.20
1733851405, 35, 73, 75, 28, 1, 0.06%, 9, 0, 11, 389.10
1733851421, 35, 74, 75, 28, 1, 0.06%, 9, 0, 11, 324.37
1733851431, 36, 11, 75, 28, 1, 0.06%, 9, 0, 11, 361.40
1733851436, 36, 14, 75, 28, 1, 0.06%, 9, 0, 11, 292.41
1733851441, 36, 22, 75, 28, 1, 0.06%, 9, 0, 11, 304.19
1733851446, 36, 27, 75, 28, 1, 0.06%, 9, 0, 11, 340.78
1733851451, 36, 28, 75, 28, 1, 0.06%, 9, 0, 11, 289.88
1733851456, 36, 45, 75, 28, 1, 0.06%, 9, 0, 11, 328.91
1733851461, 36, 47, 75, 28, 1, 0.06%, 9, 0, 11, 339.60
1733851471, 36, 48, 75, 28, 1, 0.06%, 9, 0, 11, 368.33
1733851481, 36, 49, 75, 28, 1, 0.06%, 9, 0, 11, 346.78
1733851486, 36, 50, 75, 28, 1, 0.06%, 9, 0, 11, 359.36
1733851491, 36, 51, 75, 28, 1, 0.06%, 9, 0, 11, 338.41
1733851501, 36, 52, 75, 28, 1, 0.06%, 9, 0, 11, 315.38
1733851507, 36, 53, 75, 28, 1, 0.06%, 9, 0, 11, 364.46
1733851517, 36, 56, 75, 28, 1, 0.06%, 9, 0, 11, 348.30
1733851522, 36, 57, 75, 28, 1, 0.06%, 9, 0, 11, 360.22
1733851527, 36, 58, 75, 28, 1, 0.06%, 9, 0, 11, 347.33
1733851537, 36, 59, 75, 28, 1, 0.06%, 9, 0, 11, 354.89
1733851552, 36, 60, 75, 28, 1, 0.06%, 9, 0, 11, 348.37
1733851557, 36, 63, 75, 28, 1, 0.06%, 9, 0, 11, 337.49
1733851567, 36, 65, 75, 28, 1, 0.06%, 9, 0, 11, 359.43
1733851572, 36, 66, 75, 28, 1, 0.06%, 9, 0, 11, 372.00
1733851582, 36, 67, 75, 28, 1, 0.06%, 9, 0, 11, 348.32
1733851588, 36, 68, 75, 28, 1, 0.06%, 9, 0, 11, 333.16
1733851598, 36, 69, 75, 28, 1, 0.06%, 9, 0, 11, 335.97
1733851608, 36, 73, 75, 28, 1, 0.06%, 9, 0, 11, 279.77
1733851618, 36, 74, 75, 28, 1, 0.06%, 9, 0, 11, 381.35
1733851633, 37, 14, 75, 28, 1, 0.06%, 9, 0, 11, 325.17
1733851643, 37, 27, 75, 28, 1, 0.06%, 9, 0, 11, 303.57
1733851648, 37, 28, 75, 28, 1, 0.06%, 9, 0, 11, 319.39
1733851653, 37, 45, 75, 28, 1, 0.06%, 9, 0, 11, 339.05
1733851664, 37, 47, 75, 28, 1, 0.06%, 9, 0, 11, 359.65
1733851674, 37, 48, 75, 28, 1, 0.06%, 9, 0, 11, 340.44
1733851679, 37, 49, 75, 28, 1, 0.06%, 9, 0, 11, 375.00
1733851684, 37, 50, 75, 28, 1, 0.06%, 9, 0, 11, 392.71
1733851689, 37, 51, 75, 28, 1, 0.06%, 9, 0, 11, 327.88
1733851699, 37, 52, 75, 28, 1, 0.06%, 9, 0, 11, 297.59
1733851704, 37, 53, 75, 28, 1, 0.06%, 9, 0, 11, 333.61
1733851715, 37, 56, 75, 28, 1, 0.06%, 9, 0, 11, 353.50
1733851720, 37, 57, 75, 28, 1, 0.06%, 9, 0, 11, 364.76
1733851725, 37, 58, 75, 28, 1, 0.06%, 9, 0, 11, 346.54
1733851735, 37, 59, 75, 28, 1, 0.06%, 9, 0, 11, 382.07
1733851750, 37, 60, 75, 28, 1, 0.06%, 9, 0, 11, 322.18
1733851755, 37, 63, 75, 28, 1, 0.06%, 9, 0, 11, 309.91
1733851765, 37, 65, 75, 28, 1, 0.06%, 9, 0, 11, 374.62
1733851770, 37, 66, 75, 28, 1, 0.06%, 9, 0, 11, 330.41
1733851781, 37, 67, 75, 28, 1, 0.06%, 9, 0, 11, 348.76
1733851786, 37, 68, 75, 28, 1, 0.06%, 9, 0, 11, 312.21
1733851796, 37, 69, 75, 28, 1, 0.06%, 9, 0, 11, 327.46
1733851806, 37, 73, 75, 28, 1, 0.06%, 9, 0, 11, 298.32
1733851816, 37, 74, 75, 28, 1, 0.06%, 9, 0, 11, 346.20
1733851832, 38, 11, 75, 28, 1, 0.06%, 9, 0, 11, 332.70
1733851837, 38, 14, 75, 28, 1, 0.06%, 9, 0, 11, 285.22
1733851842, 38, 22, 75, 28, 1, 0.06%, 9, 0, 11, 325.27
1733851847, 38, 28, 75, 28, 1, 0.06%, 9, 0, 11, 323.61
1733851852, 38, 45, 75, 28, 1, 0.06%, 9, 0, 11, 305.04
1733851862, 38, 47, 75, 28, 1, 0.06%, 9, 0, 11, 370.10
1733851872, 38, 48, 75, 28, 1, 0.06%, 9, 0, 11, 341.76
1733851877, 38, 49, 75, 28, 1, 0.06%, 9, 0, 11, 377.26
1733851883, 38, 50, 75, 28, 1, 0.06%, 9, 0, 11, 312.09
1733851893, 38, 51, 75, 28, 1, 0.06%, 9, 0, 11, 322.19
1733851898, 38, 52, 75, 28, 1, 0.06%, 9, 0, 11, 321.25
1733851908, 38, 53, 75, 28, 1, 0.06%, 9, 0, 11, 326.03
1733851913, 38, 56, 75, 28, 1, 0.06%, 9, 0, 11, 360.71
1733851923, 38, 57, 75, 28, 1, 0.06%, 9, 0, 11, 345.93
1733851928, 38, 58, 75, 28, 1, 0.06%, 9, 0, 11, 307.32
1733851938, 38, 59, 75, 28, 1, 0.06%, 9, 0, 11, 266.30
1733851948, 38, 60, 75, 28, 1, 0.06%, 9, 0, 11, 349.76
1733851958, 38, 63, 75, 28, 1, 0.06%, 9, 0, 11, 326.72
1733851963, 38, 65, 75, 28, 1, 0.06%, 9, 0, 11, 320.67
1733851973, 38, 66, 75, 28, 1, 0.06%, 9, 0, 11, 354.29
1733851979, 38, 67, 75, 28, 1, 0.06%, 9, 0, 11, 325.79
1733851989, 38, 68, 75, 28, 1, 0.06%, 9, 0, 11, 328.56
1733851994, 38, 69, 75, 28, 1, 0.06%, 9, 0, 11, 334.01
1733852004, 38, 73, 75, 28, 1, 0.06%, 9, 0, 11, 367.57
1733852019, 38, 74, 75, 28, 1, 0.06%, 9, 0, 11, 308.84
1733852034, 39, 14, 75, 28, 1, 0.06%, 9, 0, 11, 281.23
1733852039, 39, 22, 75, 28, 1, 0.06%, 9, 0, 11, 324.22
1733852045, 39, 27, 75, 28, 1, 0.06%, 9, 0, 11, 339.01
1733852050, 39, 28, 75, 28, 1, 0.06%, 9, 0, 11, 292.94
1733852055, 39, 45, 75, 28, 1, 0.06%, 9, 0, 11, 347.01
1733852060, 39, 47, 75, 28, 1, 0.06%, 9, 0, 11, 345.59
1733852070, 39, 48, 75, 28, 1, 0.06%, 9, 0, 11, 352.20
1733852080, 39, 49, 75, 28, 1, 0.06%, 9, 0, 11, 367.33
1733852085, 39, 50, 75, 28, 1, 0.06%, 9, 0, 11, 396.51
1733852090, 39, 51, 75, 28, 1, 0.06%, 9, 0, 11, 329.00
1733852096, 39, 52, 75, 28, 1, 0.06%, 9, 0, 11, 317.38
1733852106, 39, 53, 75, 28, 1, 0.06%, 9, 0, 11, 363.00
1733852111, 39, 56, 75, 28, 1, 0.06%, 9, 0, 11, 307.81
1733852121, 39, 57, 75, 28, 1, 0.06%, 9, 0, 11, 362.53
1733852126, 39, 58, 75, 28, 1, 0.06%, 9, 0, 11, 327.00
1733852136, 39, 59, 75, 28, 1, 0.06%, 9, 0, 11, 328.92
1733852146, 39, 60, 75, 28, 1, 0.06%, 9, 0, 11, 358.54
1733852156, 39, 63, 75, 28, 1, 0.06%, 9, 0, 11, 317.13
1733852167, 39, 65, 75, 28, 1, 0.06%, 9, 0, 11, 371.99
1733852172, 39, 66, 75, 28, 1, 0.06%, 9, 0, 11, 325.78
1733852182, 39, 67, 75, 28, 1, 0.06%, 9, 0, 11, 341.27
1733852187, 39, 68, 75, 28, 1, 0.06%, 9, 0, 11, 307.97
1733852197, 39, 69, 75, 28, 1, 0.06%, 9, 0, 11, 344.04
1733852202, 39, 73, 75, 28, 1, 0.06%, 9, 0, 11, 378.46
1733852218, 39, 74, 75, 28, 1, 0.06%, 9, 0, 11, 380.12
1733852233, 40, 22, 75, 28, 1, 0.06%, 9, 0, 11, 355.83
1733852238, 40, 47, 75, 28, 1, 0.06%, 9, 0, 11, 300.15
1733852248, 40, 48, 75, 28, 1, 0.06%, 9, 0, 11, 350.81
1733852253, 40, 51, 75, 28, 1, 0.06%, 9, 0, 11, 331.85
1733852264, 40, 52, 75, 28, 1, 0.06%, 9, 0, 11, 305.39
1733852269, 40, 53, 75, 28, 1, 0.06%, 9, 0, 11, 344.89
1733852279, 40, 56, 75, 28, 1, 0.06%, 9, 0, 11, 342.37
1733852284, 40, 57, 75, 28, 1, 0.06%, 9, 0, 11, 354.93
1733852289, 40, 58, 75, 28, 1, 0.06%, 9, 0, 11, 339.45
1733852299, 40, 65, 75, 28, 1, 0.06%, 9, 0, 11, 341.65
1733852309, 40, 69, 75, 28, 1, 0.06%, 9, 0, 11, 363.15
1733852314, 40, 73, 75, 28, 1, 0.06%, 9, 0, 11, 377.41
1733852329, 40, 74, 75, 28, 1, 0.06%, 9, 0, 11, 346.00
1733852345, 41, 22, 75, 28, 1, 0.06%, 9, 0, 11, 347.55
1733852350, 41, 47, 75, 28, 1, 0.06%, 9, 0, 11, 316.40
1733852360, 41, 48, 75, 28, 1, 0.06%, 9, 0, 11, 333.79
1733852365, 41, 51, 75, 28, 1, 0.06%, 9, 0, 11, 319.75
1733852375, 41, 52, 75, 28, 1, 0.06%, 9, 0, 11, 314.23
1733852380, 41, 53, 75, 28, 1, 0.06%, 9, 0, 11, 351.73
1733852390, 41, 56, 75, 28, 1, 0.06%, 9, 0, 11, 333.00
1733852395, 41, 57, 75, 28, 1, 0.06%, 9, 0, 11, 354.82
1733852405, 41, 58, 75, 28, 1, 0.06%, 9, 0, 11, 346.45
1733852410, 41, 65, 75, 28, 1, 0.06%, 9, 0, 11, 307.84
1733852420, 41, 69, 75, 28, 1, 0.06%, 9, 0, 11, 350.88
1733852431, 41, 73, 75, 28, 1, 0.06%, 9, 0, 11, 273.47
1733852441, 41, 74, 75, 28, 1, 0.06%, 9, 0, 11, 414.26
1733852456, 42, 22, 75, 28, 1, 0.06%, 9, 0, 11, 332.90
1733852461, 42, 47, 75, 28, 1, 0.06%, 9, 0, 11, 330.24
1733852471, 42, 48, 75, 28, 1, 0.06%, 9, 0, 11, 376.72
1733852476, 42, 51, 75, 28, 1, 0.06%, 9, 0, 11, 329.97
1733852486, 42, 52, 75, 28, 1, 0.06%, 9, 0, 11, 315.18
1733852491, 42, 53, 75, 28, 1, 0.06%, 9, 0, 11, 315.61
1733852501, 42, 56, 75, 28, 1, 0.06%, 9, 0, 11, 370.20
1733852506, 42, 57, 75, 28, 1, 0.06%, 9, 0, 11, 378.80
1733852517, 42, 58, 75, 28, 1, 0.06%, 9, 0, 11, 340.22
1733852522, 42, 65, 75, 28, 1, 0.06%, 9, 0, 11, 331.68
1733852532, 42, 69, 75, 28, 1, 0.06%, 9, 0, 11, 363.99
1733852537, 42, 73, 75, 28, 1, 0.06%, 9, 0, 11, 403.54
1733852552, 42, 74, 75, 28, 1, 0.06%, 9, 0, 11, 353.92
1733852567, 43, 22, 75, 28, 1, 0.06%, 9, 0, 11, 346.62
1733852572, 43, 47, 75, 28, 1, 0.06%, 9, 0, 11, 295.99
1733852583, 43, 48, 75, 28, 1, 0.06%, 9, 0, 11, 345.58
1733852588, 43, 51, 75, 28, 1, 0.06%, 9, 0, 11, 341.87
1733852593, 43, 52, 75, 28, 1, 0.06%, 9, 0, 11, 320.15
1733852603, 43, 53, 75, 28, 1, 0.06%, 9, 0, 11, 349.79
1733852608, 43, 56, 75, 28, 1, 0.06%, 9, 0, 11, 342.02
1733852618, 43, 57, 75, 28, 1, 0.06%, 9, 0, 11, 365.74
1733852623, 43, 58, 75, 28, 1, 0.06%, 9, 0, 11, 353.04
1733852633, 43, 65, 75, 28, 1, 0.06%, 9, 0, 11, 354.05
1733852643, 43, 69, 75, 28, 1, 0.06%, 9, 0, 11, 368.82
1733852648, 43, 73, 75, 28, 1, 0.06%, 9, 0, 11, 387.52
1733852664, 43, 74, 75, 28, 1, 0.06%, 9, 0, 11, 341.41
1733852679, 44, 22, 75, 28, 1, 0.06%, 9, 0, 11, 342.08
1733852684, 44, 47, 75, 28, 1, 0.06%, 9, 0, 11, 283.08
1733852694, 44, 48, 75, 28, 1, 0.06%, 9, 0, 11, 360.24
1733852699, 44, 51, 75, 28, 1, 0.06%, 9, 0, 11, 321.88
1733852709, 44, 52, 75, 28, 1, 0.06%, 9, 0, 11, 293.34
1733852715, 44, 53, 75, 28, 1, 0.06%, 9, 0, 11, 304.82
1733852725, 44, 56, 75, 28, 1, 0.06%, 9, 0, 11, 351.70
1733852730, 44, 57, 75, 28, 1, 0.06%, 9, 0, 11, 335.97
1733852740, 44, 58, 75, 28, 1, 0.06%, 9, 0, 11, 384.35
1733852745, 44, 65, 75, 28, 1, 0.06%, 9, 0, 11, 329.12
1733852755, 44, 69, 75, 28, 1, 0.06%, 9, 0, 11, 353.13
1733852765, 44, 73, 75, 28, 1, 0.06%, 9, 0, 11, 278.91
1733852775, 44, 74, 75, 28, 1, 0.06%, 9, 0, 11, 395.18
1733852790, 45, 22, 75, 28, 1, 0.06%, 9, 0, 11, 340.92
1733852795, 45, 47, 75, 28, 1, 0.06%, 9, 0, 11, 355.46
1733852805, 45, 48, 75, 28, 1, 0.06%, 9, 0, 11, 378.24
1733852816, 45, 51, 75, 28, 1, 0.06%, 9, 0, 11, 296.37
1733852821, 45, 52, 75, 28, 1, 0.06%, 9, 0, 11, 307.99
1733852826, 45, 53, 75, 28, 1, 0.06%, 9, 0, 11, 336.30
1733852836, 45, 56, 75, 28, 1, 0.06%, 9, 0, 11, 385.61
1733852841, 45, 57, 75, 28, 1, 0.06%, 9, 0, 11, 345.72
1733852851, 45, 58, 75, 28, 1, 0.06%, 9, 0, 11, 374.30
1733852856, 45, 65, 75, 28, 1, 0.06%, 9, 0, 11, 346.66
1733852866, 45, 69, 75, 28, 1, 0.06%, 9, 0, 11, 364.25
1733852871, 45, 73, 75, 28, 1, 0.06%, 9, 0, 11, 328.89
1733852886, 45, 74, 75, 28, 1, 0.06%, 9, 0, 11, 386.44
1733852902, 46, 22, 75, 28, 1, 0.06%, 9, 0, 11, 358.50
1733852907, 46, 47, 75, 28, 1, 0.06%, 9, 0, 11, 301.14
1733852917, 46, 48, 75, 28, 1, 0.06%, 9, 0, 11, 371.41
1733852922, 46, 51, 75, 28, 1, 0.06%, 9, 0, 11, 337.84
1733852927, 46, 52, 75, 28, 1, 0.06%, 9, 0, 11, 308.26
1733852937, 46, 53, 75, 28, 1, 0.06%, 9, 0, 11, 358.31
1733852943, 46, 56, 75, 28, 1, 0.06%, 9, 0, 11, 332.61
1733852953, 46, 57, 75, 28, 1, 0.06%, 9, 0, 11, 372.43
1733852958, 46, 58, 75, 28, 1, 0.06%, 9, 0, 11, 330.56
1733852968, 46, 65, 75, 28, 1, 0.06%, 9, 0, 11, 361.49
1733852978, 46, 69, 75, 28, 1, 0.06%, 9, 0, 11, 346.43
1733852983, 46, 73, 75, 28, 1, 0.06%, 9, 0, 11, 385.39
1733852998, 46, 74, 75, 28, 1, 0.06%, 9, 0, 11, 357.29
1733853014, 47, 22, 75, 28, 1, 0.06%, 9, 0, 11, 344.03
1733853019, 47, 47, 75, 28, 1, 0.06%, 9, 0, 11, 323.61
1733853029, 47, 48, 75, 28, 1, 0.06%, 9, 0, 11, 317.50
1733853034, 47, 51, 75, 28, 1, 0.06%, 9, 0, 11, 331.59
1733853044, 47, 52, 75, 28, 1, 0.06%, 9, 0, 11, 277.12
1733853049, 47, 53, 75, 28, 1, 0.06%, 9, 0, 11, 341.24
1733853059, 47, 56, 75, 28, 1, 0.06%, 9, 0, 11, 349.27
1733853064, 47, 57, 75, 28, 1, 0.06%, 9, 0, 11, 371.31
1733853069, 47, 58, 75, 28, 1, 0.06%, 9, 0, 11, 340.93
1733853079, 47, 65, 75, 28, 1, 0.06%, 9, 0, 11, 368.64
1733853090, 47, 69, 75, 28, 1, 0.06%, 9, 0, 11, 350.70
1733853095, 47, 73, 75, 28, 1, 0.06%, 9, 0, 11, 389.10
1733853110, 47, 74, 75, 28, 1, 0.06%, 9, 0, 11, 351.54
1733853125, 48, 22, 75, 28, 1, 0.06%, 9, 0, 11, 340.90
1733853130, 48, 47, 75, 28, 1, 0.06%, 9, 0, 11, 288.90
1733853141, 48, 48, 75, 28, 1, 0.06%, 9, 0, 11, 360.77
1733853146, 48, 51, 75, 28, 1, 0.06%, 9, 0, 11, 328.26
1733853156, 48, 52, 75, 28, 1, 0.06%, 9, 0, 11, 315.28
1733853161, 48, 53, 75, 28, 1, 0.06%, 9, 0, 11, 366.23
1733853166, 48, 56, 75, 28, 1, 0.06%, 9, 0, 11, 319.46
1733853176, 48, 57, 75, 28, 1, 0.06%, 9, 0, 11, 351.84
1733853181, 48, 58, 75, 28, 1, 0.06%, 9, 0, 11, 323.82
1733853191, 48, 65, 75, 28, 1, 0.06%, 9, 0, 11, 337.17
1733853201, 48, 69, 75, 28, 1, 0.06%, 9, 0, 11, 368.44
1733853206, 48, 73, 75, 28, 1, 0.06%, 9, 0, 11, 350.06
1733853222, 48, 74, 75, 28, 1, 0.06%, 9, 0, 11, 364.72
1733853237, 49, 22, 75, 28, 1, 0.06%, 9, 0, 11, 342.39
1733853242, 49, 47, 75, 28, 1, 0.06%, 9, 0, 11, 328.18
1733853252, 49, 48, 75, 28, 1, 0.06%, 9, 0, 11, 350.04
1733853257, 49, 51, 75, 28, 1, 0.06%, 9, 0, 11, 322.40
1733853268, 49, 52, 75, 28, 1, 0.06%, 9, 0, 11, 317.18
1733853273, 49, 53, 75, 28, 1, 0.06%, 9, 0, 11, 374.84
1733853278, 49, 56, 75, 28, 1, 0.06%, 9, 0, 11, 339.93
1733853288, 49, 57, 75, 28, 1, 0.06%, 9, 0, 11, 360.02
1733853293, 49, 58, 75, 28, 1, 0.06%, 9, 0, 11, 344.82
1733853303, 49, 65, 75, 28, 1, 0.06%, 9, 0, 11, 377.33
1733853308, 49, 69, 75, 28, 1, 0.06%, 9, 0, 11, 357.36
1733853318, 49, 73, 75, 28, 1, 0.06%, 9, 0, 11, 396.53
1733853333, 49, 74, 75, 28, 1, 0.06%, 9, 0, 11, 327.02
1733853349, 50, 22, 75, 28, 1, 0.06%, 9, 0, 11, 350.22
1733853354, 50, 47, 75, 28, 1, 0.06%, 9, 0, 11, 340.32
1733853364, 50, 48, 75, 28, 1, 0.06%, 9, 0, 11, 351.44
1733853369, 50, 51, 75, 28, 1, 0.06%, 9, 0, 11, 332.08
1733853374, 50, 52, 75, 28, 1, 0.06%, 9, 0, 11, 315.23
1733853384, 50, 53, 75, 28, 1, 0.06%, 9, 0, 11, 333.32
1733853389, 50, 56, 75, 28, 1, 0.06%, 9, 0, 11, 362.39
1733853400, 50, 57, 75, 28, 1, 0.06%, 9, 0, 11, 342.84
1733853405, 50, 58, 75, 28, 1, 0.06%, 9, 0, 11, 304.63
1733853415, 50, 65, 75, 28, 1, 0.06%, 9, 0, 11, 366.22
1733853420, 50, 69, 75, 28, 1, 0.06%, 9, 0, 11, 351.83
1733853430, 50, 73, 75, 28, 1, 0.06%, 9, 0, 11, 384.18
1733853445, 50, 74, 75, 28, 1, 0.06%, 9, 0, 11, 301.35
1733853456, 51, 11, 75, 28, 1, 0.06%, 9, 0, 11, 335.22
1733853461, 51, 22, 75, 28, 1, 0.06%, 9, 0, 11, 323.90
1733853466, 51, 47, 75, 28, 1, 0.06%, 9, 0, 11, 331.33
1733853476, 51, 48, 75, 28, 1, 0.06%, 9, 0, 11, 358.58
1733853481, 51, 51, 75, 28, 1, 0.06%, 9, 0, 11, 315.41
1733853486, 51, 52, 75, 28, 1, 0.06%, 9, 0, 11, 304.46
1733853496, 51, 53, 75, 28, 1, 0.06%, 9, 0, 11, 326.57
1733853501, 51, 56, 75, 28, 1, 0.06%, 9, 0, 11, 316.74
1733853511, 51, 57, 75, 28, 1, 0.06%, 9, 0, 11, 349.61
1733853516, 51, 58, 75, 28, 1, 0.06%, 9, 0, 11, 319.89
1733853527, 51, 65, 75, 28, 1, 0.06%, 9, 0, 11, 367.50
1733853532, 51, 69, 75, 28, 1, 0.06%, 9, 0, 11, 351.08
1733853542, 51, 73, 75, 28, 1, 0.06%, 9, 0, 11, 357.25
1733853557, 51, 74, 75, 28, 1, 0.06%, 9, 0, 11, 287.59
1733853567, 52, 11, 75, 28, 1, 0.06%, 9, 0, 11, 323.87
1733853572, 52, 22, 75, 28, 1, 0.06%, 9, 0, 11, 336.14
1733853577, 52, 47, 75, 28, 1, 0.06%, 9, 0, 11, 352.10
1733853587, 52, 48, 75, 28, 1, 0.06%, 9, 0, 11, 318.65
1733853592, 52, 51, 75, 28, 1, 0.06%, 9, 0, 11, 316.69
1733853597, 52, 52, 75, 28, 1, 0.06%, 9, 0, 11, 305.64
1733853608, 52, 53, 75, 28, 1, 0.06%, 9, 0, 11, 351.77
1733853613, 52, 56, 75, 28, 1, 0.06%, 9, 0, 11, 328.85
1733853623, 52, 57, 75, 28, 1, 0.06%, 9, 0, 11, 339.73
1733853633, 52, 58, 75, 28, 1, 0.06%, 9, 0, 11, 367.25
1733853638, 52, 65, 75, 28, 1, 0.06%, 9, 0, 11, 298.54
1733853648, 52, 69, 75, 28, 1, 0.06%, 9, 0, 11, 321.86
1733853658, 52, 73, 75, 28, 1, 0.06%, 9, 0, 11, 290.43
1733853668, 52, 74, 75, 28, 1, 0.06%, 9, 0, 11, 347.54
1733853684, 53, 22, 75, 28, 1, 0.06%, 9, 0, 11, 339.90
1733853689, 53, 47, 75, 28, 1, 0.06%, 9, 0, 11, 356.19
1733853699, 53, 48, 75, 28, 1, 0.06%, 9, 0, 11, 346.26
1733853709, 53, 51, 75, 28, 1, 0.06%, 9, 0, 11, 324.79
1733853714, 53, 52, 75, 28, 1, 0.06%, 9, 0, 11, 303.10
1733853719, 53, 53, 75, 28, 1, 0.06%, 9, 0, 11, 320.19
1733853729, 53, 56, 75, 28, 1, 0.06%, 9, 0, 11, 359.77
1733853734, 53, 57, 75, 28, 1, 0.06%, 9, 0, 11, 331.74
1733853744, 53, 58, 75, 28, 1, 0.06%, 9, 0, 11, 327.82
1733853754, 53, 65, 75, 28, 1, 0.06%, 9, 0, 11, 357.79
1733853759, 53, 69, 75, 28, 1, 0.06%, 9, 0, 11, 321.77
1733853770, 53, 73, 75, 28, 1, 0.06%, 9, 0, 11, 318.80
1733853785, 53, 74, 75, 28, 1, 0.06%, 9, 0, 11, 261.39
1733853795, 54, 11, 75, 28, 1, 0.06%, 9, 0, 11, 306.84
1733853800, 54, 22, 75, 28, 1, 0.06%, 9, 0, 11, 312.11
1733853805, 54, 47, 75, 28, 1, 0.06%, 9, 0, 11, 369.03
1733853811, 54, 48, 75, 28, 1, 0.06%, 9, 0, 11, 326.05
1733853821, 54, 51, 75, 28, 1, 0.06%, 9, 0, 11, 312.68
1733853826, 54, 52, 75, 28, 1, 0.06%, 9, 0, 11, 308.86
1733853836, 54, 53, 75, 28, 1, 0.06%, 9, 0, 11, 346.40
1733853841, 54, 56, 75, 28, 1, 0.06%, 9, 0, 11, 378.01
1733853846, 54, 57, 75, 28, 1, 0.06%, 9, 0, 11, 355.22
1733853856, 54, 58, 75, 28, 1, 0.06%, 9, 0, 11, 369.56
1733853861, 54, 65, 75, 28, 1, 0.06%, 9, 0, 11, 346.42
1733853871, 54, 69, 75, 28, 1, 0.06%, 9, 0, 11, 336.59
1733853882, 54, 73, 75, 28, 1, 0.06%, 9, 0, 11, 293.31
1733853892, 54, 74, 75, 28, 1, 0.06%, 9, 0, 11, 363.22
1733853907, 55, 11, 75, 28, 1, 0.06%, 9, 0, 11, 309.08
1733853912, 55, 47, 75, 28, 1, 0.06%, 9, 0, 11, 312.20
1733853922, 55, 48, 75, 28, 1, 0.06%, 9, 0, 11, 349.16
1733853933, 55, 51, 75, 28, 1, 0.06%, 9, 0, 11, 308.43
1733853938, 55, 52, 75, 28, 1, 0.06%, 9, 0, 11, 314.82
1733853948, 55, 53, 75, 28, 1, 0.06%, 9, 0, 11, 339.54
1733853953, 55, 56, 75, 28, 1, 0.06%, 9, 0, 11, 376.34
1733853958, 55, 57, 75, 28, 1, 0.06%, 9, 0, 11, 357.35
1733853968, 55, 58, 75, 28, 1, 0.06%, 9, 0, 11, 340.07
1733853973, 55, 65, 75, 28, 1, 0.06%, 9, 0, 11, 348.83
1733853983, 55, 69, 75, 28, 1, 0.06%, 9, 0, 11, 348.97
1733853994, 55, 73, 75, 28, 1, 0.06%, 9, 0, 11, 284.36
1733854004, 55, 74, 75, 28, 1, 0.06%, 9, 0, 11, 383.44
1733854019, 56, 11, 75, 28, 1, 0.06%, 9, 0, 11, 309.18
1733854024, 56, 47, 75, 28, 1, 0.06%, 9, 0, 11, 349.67
1733854034, 56, 48, 75, 28, 1, 0.06%, 9, 0, 11, 384.24
1733854039, 56, 51, 75, 28, 1, 0.06%, 9, 0, 11, 340.85
1733854050, 56, 52, 75, 28, 1, 0.06%, 9, 0, 11, 317.06
1733854055, 56, 53, 75, 28, 1, 0.06%, 9, 0, 11, 315.15
1733854065, 56, 56, 75, 28, 1, 0.06%, 9, 0, 11, 353.27
1733854070, 56, 57, 75, 28, 1, 0.06%, 9, 0, 11, 370.52
1733854075, 56, 58, 75, 28, 1, 0.06%, 9, 0, 11, 368.52
1733854085, 56, 65, 75, 28, 1, 0.06%, 9, 0, 11, 356.49
1733854095, 56, 69, 75, 28, 1, 0.06%, 9, 0, 11, 363.67
1733854100, 56, 73, 75, 28, 1, 0.06%, 9, 0, 11, 365.87
1733854116, 56, 74, 75, 28, 1, 0.06%, 9, 0, 11, 368.52
1733854131, 57, 22, 75, 28, 1, 0.06%, 9, 0, 11, 340.98
1733854136, 57, 47, 75, 28, 1, 0.06%, 9, 0, 11, 295.45
1733854146, 57, 48, 75, 28, 1, 0.06%, 9, 0, 11, 370.33
1733854151, 57, 51, 75, 28, 1, 0.06%, 9, 0, 11, 325.79
1733854161, 57, 52, 75, 28, 1, 0.06%, 9, 0, 11, 310.00
1733854167, 57, 53, 75, 28, 1, 0.06%, 9, 0, 11, 344.10
1733854177, 57, 56, 75, 28, 1, 0.06%, 9, 0, 11, 342.07
1733854182, 57, 57, 75, 28, 1, 0.06%, 9, 0, 11, 347.04
1733854192, 57, 58, 75, 28, 1, 0.06%, 9, 0, 11, 360.27
1733854197, 57, 65, 75, 28, 1, 0.06%, 9, 0, 11, 336.75
1733854207, 57, 69, 75, 28, 1, 0.06%, 9, 0, 11, 358.09
1733854218, 57, 73, 75, 28, 1, 0.06%, 9, 0, 11, 267.81
1733854228, 57, 74, 75, 28, 1, 0.06%, 9, 0, 11, 385.98
1733854243, 58, 22, 75, 28, 1, 0.06%, 9, 0, 11, 348.63
1733854248, 58, 47, 75, 28, 1, 0.06%, 9, 0, 11, 301.72
1733854258, 58, 48, 75, 28, 1, 0.06%, 9, 0, 11, 364.67
1733854263, 58, 51, 75, 28, 1, 0.06%, 9, 0, 11, 327.57
1733854268, 58, 52, 75, 28, 1, 0.06%, 9, 0, 11, 350.14
1733854279, 58, 53, 75, 28, 1, 0.06%, 9, 0, 11, 362.47
1733854284, 58, 56, 75, 28, 1, 0.06%, 9, 0, 11, 328.60
1733854294, 58, 57, 75, 28, 1, 0.06%, 9, 0, 11, 353.78
1733854299, 58, 58, 75, 28, 1, 0.06%, 9, 0, 11, 342.93
1733854309, 58, 65, 75, 28, 1, 0.06%, 9, 0, 11, 358.18
1733854314, 58, 69, 75, 28, 1, 0.06%, 9, 0, 11, 340.78
1733854324, 58, 73, 75, 28, 1, 0.06%, 9, 0, 11, 363.59
1733854340, 58, 74, 75, 28, 1, 0.06%, 9, 0, 11, 308.40
1733854355, 59, 22, 75, 28, 1, 0.06%, 9, 0, 11, 326.07
1733854360, 59, 47, 75, 28, 1, 0.06%, 9, 0, 11, 319.56
1733854370, 59, 48, 75, 28, 1, 0.06%, 9, 0, 11, 351.69
1733854375, 59, 51, 75, 28, 1, 0.06%, 9, 0, 11, 323.40
1733854380, 59, 52, 75, 28, 1, 0.06%, 9, 0, 11, 333.15
1733854390, 59, 53, 75, 28, 1, 0.06%, 9, 0, 11, 360.52
1733854395, 59, 56, 75, 28, 1, 0.06%, 9, 0, 11, 328.10
1733854406, 59, 57, 75, 28, 1, 0.06%, 9, 0, 11, 380.21
1733854411, 59, 58, 75, 28, 1, 0.06%, 9, 0, 11, 339.06
1733854421, 59, 65, 75, 28, 1, 0.06%, 9, 0, 11, 362.74
1733854426, 59, 69, 75, 28, 1, 0.06%, 9, 0, 11, 308.14
1733854436, 59, 73, 75, 28, 1, 0.06%, 9, 0, 11, 332.60
1733854451, 59, 74, 75, 28, 1, 0.06%, 9, 0, 11, 278.56
1733854461, 60, 11, 75, 28, 1, 0.06%, 9, 0, 11, 321.71
1733854466, 60, 22, 75, 28, 1, 0.06%, 9, 0, 11, 308.34
1733854472, 60, 47, 75, 28, 1, 0.06%, 9, 0, 11, 350.10
1733854482, 60, 48, 75, 28, 1, 0.06%, 9, 0, 11, 353.20
1733854487, 60, 51, 75, 28, 1, 0.06%, 9, 0, 11, 336.24
1733854492, 60, 52, 75, 28, 1, 0.06%, 9, 0, 11, 318.88
1733854502, 60, 53, 75, 28, 1, 0.06%, 9, 0, 11, 348.23
1733854507, 60, 56, 75, 28, 1, 0.06%, 9, 0, 11, 352.58
1733854517, 60, 57, 75, 28, 1, 0.06%, 9, 0, 11, 371.87
1733854522, 60, 58, 75, 28, 1, 0.06%, 9, 0, 11, 330.53
1733854664, 60, 59, 75, 28, 1, 0.06%, 9, 0, 11, 334.69
1733855096, 60, 60, 75, 28, 1, 0.06%, 9, 0, 11, 395.04
1733855199, 60, 61, 75, 28, 1, 0.06%, 9, 0, 11, 416.45
1733855225, 60, 62, 75, 28, 1, 0.06%, 9, 0, 11, 459.19
1733855240, 60, 63, 75, 28, 1, 0.06%, 9, 0, 11, 362.43
1733855357, 60, 64, 75, 28, 1, 0.06%, 9, 0, 11, 358.29
1733855587, 60, 65, 75, 28, 1, 0.06%, 9, 0, 11, 395.80
1733855690, 60, 66, 75, 28, 1, 0.06%, 9, 0, 11, 447.20
1733855736, 60, 67, 75, 28, 1, 0.06%, 9, 0, 11, 461.40
1733855837, 60, 68, 75, 28, 1, 0.06%, 9, 0, 11, 354.65
1733855940, 60, 69, 75, 28, 1, 0.06%, 9, 0, 11, 324.29
1733856103, 60, 70, 76, 29, 1, 0.06%, 9, 0, 11, 351.54
1733856143, 60, 71, 76, 28, 1, 0.06%, 9, 0, 11, 380.27
1733856256, 60, 72, 76, 27, 1, 0.06%, 9, 0, 11, 371.11
1733856367, 60, 73, 76, 26, 1, 0.06%, 9, 0, 11, 397.14
1733856879, 60, 74, 76, 26, 1, 0.06%, 9, 0, 11, 301.94
1733857389, 60, 75, 76, 26, 1, 0.06%, 9, 0, 11, 377.21
1733857430, 61, 11, 76, 25, 1, 0.06%, 9, 0, 11, 332.33
1733857435, 61, 13, 76, 25, 1, 0.06%, 9, 0, 11, 301.62
1733857476, 61, 14, 76, 24, 0, 0.06%, 9, 0, 11, 296.30
1733857481, 61, 15, 76, 24, 0, 0.06%, 9, 0, 11, 302.50
1733857516, 61, 16, 76, 23, 0, 0.06%, 9, 0, 11, 408.90
1733857552, 61, 17, 76, 22, 0, 0.06%, 9, 0, 11, 305.00
1733857588, 61, 18, 76, 21, 0, 0.06%, 9, 0, 11, 348.09
1733857628, 61, 19, 76, 20, 0, 0.06%, 9, 0, 11, 313.61
1733857679, 61, 20, 76, 19, 0, 0.06%, 9, 0, 11, 358.09
1733857710, 61, 21, 76, 18, 0, 0.06%, 9, 0, 11, 419.59
