# unix_time, cycles_done, cur_path, paths_total, pending_total, pending_favs, map_size, unique_crashes, unique_hangs, max_depth, execs_per_sec
1733561187, 0, 0, 10, 10, 1, 0.00%, 0, 0, 1, 170.94
1733561192, 0, 2, 10, 10, 1, 0.00%, 0, 0, 1, 201.12
1733561198, 0, 3, 10, 9, 0, 0.00%, 0, 0, 1, 207.02
1733561203, 0, 4, 10, 8, 0, 0.00%, 0, 0, 1, 202.12
1733561213, 0, 5, 10, 7, 0, 0.00%, 0, 0, 1, 210.67
1733561218, 0, 6, 10, 6, 0, 0.00%, 0, 0, 1, 199.84
1733561228, 0, 7, 10, 5, 0, 0.00%, 0, 0, 1, 211.14
1733561233, 0, 8, 10, 4, 0, 0.00%, 0, 0, 1, 195.99
1733561243, 0, 9, 10, 3, 0, 0.00%, 0, 0, 1, 209.37
1733561248, 1, 0, 10, 2, 0, 0.00%, 0, 0, 1, 191.73
1733561259, 1, 1, 10, 1, 0, 0.00%, 0, 0, 1, 210.84
1733561269, 1, 2, 10, 0, 0, 0.00%, 0, 0, 1, 211.06
1733561279, 1, 3, 10, 0, 0, 0.00%, 0, 0, 1, 203.85
1733561284, 1, 5, 10, 0, 0, 0.00%, 0, 0, 1, 208.05
1733561289, 1, 6, 10, 0, 0, 0.00%, 0, 0, 1, 208.92
1733561294, 1, 8, 10, 0, 0, 0.00%, 0, 0, 1, 203.56
1733561299, 1, 9, 10, 0, 0, 0.00%, 0, 0, 1, 203.52
1733561304, 2, 0, 10, 0, 0, 0.00%, 0, 0, 1, 201.48
1733561309, 2, 2, 10, 0, 0, 0.00%, 0, 0, 1, 204.79
1733561315, 2, 3, 10, 0, 0, 0.00%, 0, 0, 1, 203.16
1733561320, 2, 5, 10, 0, 0, 0.00%, 0, 0, 1, 204.38
1733561325, 2, 6, 10, 0, 0, 0.00%, 0, 0, 1, 208.08
1733561330, 2, 7, 10, 0, 0, 0.00%, 0, 0, 1, 206.23
1733561335, 2, 9, 10, 0, 0, 0.00%, 0, 0, 1, 205.79
1733561340, 3, 0, 10, 0, 0, 0.00%, 0, 0, 1, 207.06
1733561345, 3, 2, 10, 0, 0, 0.00%, 0, 0, 1, 208.42
1733561350, 3, 3, 10, 0, 0, 0.00%, 0, 0, 1, 208.31
1733561355, 3, 4, 10, 0, 0, 0.00%, 0, 0, 1, 208.37
1733561361, 3, 6, 10, 0, 0, 0.00%, 0, 0, 1, 204.41
1733561366, 3, 7, 10, 0, 0, 0.00%, 0, 0, 1, 203.50
1733561371, 3, 9, 10, 0, 0, 0.00%, 0, 0, 1, 209.45
1733561376, 4, 0, 10, 0, 0, 0.00%, 0, 0, 1, 207.43
1733561381, 4, 2, 10, 0, 0, 0.00%, 0, 0, 1, 206.33
1733561386, 4, 3, 10, 0, 0, 0.00%, 0, 0, 1, 211.06
1733561392, 4, 4, 10, 0, 0, 0.00%, 0, 0, 1, 209.24
1733561397, 4, 6, 10, 0, 0, 0.00%, 0, 0, 1, 206.36
1733561402, 4, 7, 10, 0, 0, 0.00%, 0, 0, 1, 206.78
1733561407, 4, 9, 10, 0, 0, 0.00%, 0, 0, 1, 208.37
1733561412, 5, 0, 10, 0, 0, 0.00%, 0, 0, 1, 209.91
1733561417, 5, 1, 10, 0, 0, 0.00%, 0, 0, 1, 207.03
1733561422, 5, 3, 10, 0, 0, 0.00%, 0, 0, 1, 210.42
1733561427, 5, 4, 10, 0, 0, 0.00%, 0, 0, 1, 209.38
1733561432, 5, 6, 10, 0, 0, 0.00%, 0, 0, 1, 207.78
1733561437, 5, 7, 10, 0, 0, 0.00%, 0, 0, 1, 205.50
1733561442, 5, 9, 10, 0, 0, 0.00%, 0, 0, 1, 208.20
1733561447, 6, 0, 10, 0, 0, 0.00%, 0, 0, 1, 205.38
1733561452, 6, 1, 10, 0, 0, 0.00%, 0, 0, 1, 207.43
1733561457, 6, 3, 10, 0, 0, 0.00%, 0, 0, 1, 210.05
1733561462, 6, 4, 10, 0, 0, 0.00%, 0, 0, 1, 207.63
1733561467, 6, 6, 10, 0, 0, 0.00%, 0, 0, 1, 206.36
1733561472, 6, 7, 10, 0, 0, 0.00%, 0, 0, 1, 207.85
1733561477, 6, 8, 10, 0, 0, 0.00%, 0, 0, 1, 206.32
1733561483, 7, 0, 10, 0, 0, 0.00%, 0, 0, 1, 209.01
1733561488, 7, 1, 10, 0, 0, 0.00%, 0, 0, 1, 208.36
1733561493, 7, 3, 10, 0, 0, 0.00%, 0, 0, 1, 208.08
1733561498, 7, 4, 10, 0, 0, 0.00%, 0, 0, 1, 208.97
1733561503, 7, 5, 10, 0, 0, 0.00%, 0, 0, 1, 210.04
1733561508, 7, 7, 10, 0, 0, 0.00%, 0, 0, 1, 208.36
1733561513, 7, 8, 10, 0, 0, 0.00%, 0, 0, 1, 205.39
1733561518, 8, 0, 10, 0, 0, 0.00%, 0, 0, 1, 205.69
1733561523, 8, 1, 10, 0, 0, 0.00%, 0, 0, 1, 211.44
1733561528, 8, 2, 10, 0, 0, 0.00%, 0, 0, 1, 208.46
1733561533, 8, 4, 10, 0, 0, 0.00%, 0, 0, 1, 203.63
1733561538, 8, 5, 10, 0, 0, 0.00%, 0, 0, 1, 208.03
1733561543, 8, 7, 10, 0, 0, 0.00%, 0, 0, 1, 207.06
1733561548, 8, 8, 10, 0, 0, 0.00%, 0, 0, 1, 205.17
1733561553, 8, 9, 10, 0, 0, 0.00%, 0, 0, 1, 207.13
1733561558, 9, 1, 10, 0, 0, 0.00%, 0, 0, 1, 208.36
1733561564, 9, 2, 10, 0, 0, 0.00%, 0, 0, 1, 207.28
1733561569, 9, 4, 10, 0, 0, 0.00%, 0, 0, 1, 206.67
1733561574, 9, 5, 10, 0, 0, 0.00%, 0, 0, 1, 206.67
1733561579, 9, 6, 10, 0, 0, 0.00%, 0, 0, 1, 207.81
1733561584, 9, 8, 10, 0, 0, 0.00%, 0, 0, 1, 208.88
1733561589, 9, 9, 10, 0, 0, 0.00%, 0, 0, 1, 208.03
1733561594, 10, 1, 10, 0, 0, 0.00%, 0, 0, 1, 209.17
1733561599, 10, 2, 10, 0, 0, 0.00%, 0, 0, 1, 204.43
1733561604, 10, 3, 10, 0, 0, 0.00%, 0, 0, 1, 207.23
1733561609, 10, 5, 10, 0, 0, 0.00%, 0, 0, 1, 207.98
1733561614, 10, 6, 10, 0, 0, 0.00%, 0, 0, 1, 211.80
1733561620, 10, 8, 10, 0, 0, 0.00%, 0, 0, 1, 210.35
1733561625, 10, 9, 10, 0, 0, 0.00%, 0, 0, 1, 206.84
1733561630, 11, 1, 10, 0, 0, 0.00%, 0, 0, 1, 206.48
1733561635, 11, 2, 10, 0, 0, 0.00%, 0, 0, 1, 207.89
1733561640, 11, 3, 10, 0, 0, 0.00%, 0, 0, 1, 207.32
1733561645, 11, 5, 10, 0, 0, 0.00%, 0, 0, 1, 207.26
1733561650, 11, 6, 10, 0, 0, 0.00%, 0, 0, 1, 206.68
1733561655, 11, 8, 10, 0, 0, 0.00%, 0, 0, 1, 206.87
1733561660, 11, 9, 10, 0, 0, 0.00%, 0, 0, 1, 209.98
1733561665, 12, 0, 10, 0, 0, 0.00%, 0, 0, 1, 212.03
1733561670, 12, 2, 10, 0, 0, 0.00%, 0, 0, 1, 207.84
1733561676, 12, 3, 10, 0, 0, 0.00%, 0, 0, 1, 206.53
1733561681, 12, 5, 10, 0, 0, 0.00%, 0, 0, 1, 205.46
1733561686, 12, 6, 10, 0, 0, 0.00%, 0, 0, 1, 205.81
1733561691, 12, 8, 10, 0, 0, 0.00%, 0, 0, 1, 211.03
1733561696, 12, 9, 10, 0, 0, 0.00%, 0, 0, 1, 206.91
1733561701, 13, 0, 10, 0, 0, 0.00%, 0, 0, 1, 206.33
1733561706, 13, 2, 10, 0, 0, 0.00%, 0, 0, 1, 204.82
1733561711, 13, 10, 11, 1, 1, 0.05%, 1, 0, 2, 237.48
1733561716, 13, 10, 12, 2, 1, 0.05%, 2, 0, 3, 260.89
1733561783, 13, 10, 13, 3, 1, 0.05%, 3, 0, 3, 271.42
1733561803, 13, 10, 15, 5, 1, 0.05%, 4, 0, 3, 249.74
1733561808, 13, 10, 16, 6, 1, 0.06%, 5, 0, 3, 222.96
1733561834, 13, 13, 19, 8, 4, 0.06%, 5, 0, 4, 259.42
1733561839, 13, 13, 20, 9, 4, 0.06%, 5, 0, 4, 271.68
1733561859, 13, 13, 21, 10, 4, 0.06%, 5, 0, 4, 273.01
1733561864, 13, 13, 23, 12, 4, 0.06%, 6, 0, 4, 266.46
1733561869, 13, 13, 24, 13, 4, 0.06%, 6, 0, 4, 271.21
1733561874, 13, 13, 25, 14, 4, 0.06%, 7, 0, 4, 275.38
1733561879, 13, 13, 26, 15, 4, 0.06%, 7, 0, 4, 269.50
1733561884, 13, 13, 27, 16, 4, 0.06%, 8, 0, 4, 272.11
1733561895, 13, 13, 29, 18, 4, 0.06%, 8, 0, 4, 268.81
1733561900, 13, 13, 30, 19, 4, 0.06%, 8, 0, 4, 268.81
1733561940, 13, 13, 31, 20, 4, 0.06%, 8, 0, 4, 270.21
1733561945, 13, 13, 33, 22, 4, 0.06%, 8, 0, 4, 267.54
1733561961, 13, 24, 33, 21, 5, 0.06%, 8, 0, 4, 274.89
1733561966, 13, 24, 34, 22, 5, 0.06%, 8, 0, 5, 443.02
1733561981, 13, 24, 35, 23, 5, 0.06%, 8, 0, 5, 480.08
1733561986, 13, 24, 36, 24, 5, 0.06%, 9, 0, 5, 491.15
1733562002, 13, 24, 37, 25, 5, 0.06%, 9, 0, 5, 478.36
1733562037, 13, 35, 38, 25, 5, 0.06%, 9, 0, 6, 413.60
1733562073, 13, 35, 39, 26, 5, 0.06%, 9, 0, 6, 488.48
1733562104, 13, 35, 40, 27, 5, 0.06%, 9, 0, 6, 237.86
1733562109, 14, 26, 40, 26, 4, 0.06%, 9, 0, 6, 398.09
1733562119, 14, 26, 41, 27, 4, 0.06%, 9, 0, 6, 491.76
1733562140, 14, 26, 42, 28, 4, 0.06%, 9, 0, 6, 499.12
1733562145, 14, 26, 43, 29, 4, 0.06%, 9, 0, 6, 491.32
1733562175, 14, 26, 45, 31, 4, 0.06%, 9, 0, 6, 269.24
1733562180, 14, 33, 46, 31, 3, 0.06%, 9, 0, 6, 327.37
1733562185, 14, 33, 47, 32, 3, 0.06%, 9, 0, 6, 384.78
1733562196, 14, 33, 48, 33, 3, 0.06%, 9, 0, 6, 445.46
1733562231, 14, 33, 50, 35, 3, 0.06%, 9, 0, 6, 276.64
1733562241, 14, 34, 50, 34, 3, 0.06%, 9, 0, 6, 337.18
1733562277, 14, 35, 50, 33, 2, 0.06%, 9, 0, 6, 318.38
1733562292, 14, 35, 51, 34, 2, 0.06%, 9, 0, 6, 284.61
1733562297, 14, 37, 52, 35, 2, 0.06%, 9, 0, 6, 377.02
1733562312, 14, 37, 53, 36, 2, 0.06%, 9, 0, 7, 451.64
1733562323, 14, 37, 54, 37, 2, 0.06%, 9, 0, 7, 457.27
1733562348, 14, 37, 55, 38, 2, 0.06%, 9, 0, 7, 455.36
1733562383, 14, 37, 59, 42, 2, 0.06%, 9, 0, 7, 322.95
1733562388, 14, 38, 60, 42, 2, 0.06%, 9, 0, 7, 391.28
1733562414, 14, 38, 61, 43, 2, 0.06%, 9, 0, 7, 305.03
1733562424, 14, 40, 61, 42, 1, 0.06%, 9, 0, 7, 444.12
1733562429, 14, 40, 62, 43, 1, 0.06%, 9, 0, 7, 455.31
1733562444, 14, 40, 63, 44, 1, 0.06%, 9, 0, 7, 474.08
1733562469, 14, 40, 64, 45, 1, 0.06%, 9, 0, 7, 476.63
1733562510, 14, 41, 64, 44, 1, 0.06%, 9, 0, 7, 421.40
1733562530, 14, 41, 65, 45, 1, 0.06%, 9, 0, 7, 527.27
1733562555, 14, 42, 65, 44, 1, 0.06%, 9, 0, 7, 311.53
1733562734, 14, 49, 65, 43, 1, 0.06%, 9, 0, 7, 404.57
1733562779, 14, 50, 65, 42, 0, 0.06%, 9, 0, 7, 407.61
1733562790, 14, 50, 66, 43, 0, 0.06%, 9, 0, 7, 523.67
1733562795, 14, 50, 67, 44, 0, 0.06%, 9, 0, 7, 518.31
1733562861, 14, 51, 67, 43, 0, 0.06%, 9, 0, 7, 300.56
1733562962, 14, 53, 67, 42, 0, 0.06%, 9, 0, 7, 252.67
1733563034, 14, 53, 69, 44, 0, 0.06%, 9, 0, 8, 501.15
1733563446, 14, 55, 69, 43, 0, 0.06%, 9, 0, 8, 343.09
1733563482, 14, 65, 69, 42, 0, 0.06%, 9, 0, 8, 504.30
1733563517, 14, 66, 69, 41, 0, 0.06%, 9, 0, 8, 390.47
1733563574, 15, 24, 69, 40, 0, 0.06%, 9, 0, 8, 451.82
1733563589, 15, 31, 70, 41, 0, 0.06%, 9, 0, 8, 351.38
1733563619, 15, 33, 70, 40, 0, 0.06%, 9, 0, 8, 326.79
1733563650, 15, 34, 70, 40, 0, 0.06%, 9, 0, 8, 424.32
1733563670, 15, 36, 70, 40, 0, 0.06%, 9, 0, 8, 489.53
1733563706, 15, 40, 70, 39, 0, 0.06%, 9, 0, 8, 437.74
1733563721, 15, 41, 70, 39, 0, 0.06%, 9, 0, 8, 378.28
1733563746, 15, 42, 70, 39, 0, 0.06%, 9, 0, 8, 414.76
1733563899, 15, 45, 70, 39, 0, 0.06%, 9, 0, 8, 360.46
1733563940, 15, 46, 70, 38, 0, 0.06%, 9, 0, 8, 428.48
1733563970, 15, 47, 70, 37, 0, 0.06%, 9, 0, 8, 223.72
1733564037, 15, 47, 72, 39, 0, 0.06%, 9, 0, 8, 479.08
1733564465, 15, 61, 72, 38, 0, 0.06%, 9, 0, 8, 376.81
1733564501, 15, 62, 72, 37, 0, 0.06%, 9, 0, 8, 263.26
1733565004, 15, 65, 72, 36, 0, 0.06%, 9, 0, 8, 518.90
1733565025, 15, 66, 72, 36, 0, 0.06%, 9, 0, 8, 327.19
1733565071, 15, 67, 72, 36, 0, 0.06%, 9, 0, 8, 373.00
1733565188, 15, 68, 72, 35, 0, 0.06%, 9, 0, 8, 286.13
1733565311, 15, 69, 72, 34, 0, 0.06%, 9, 0, 8, 371.24
1733565367, 15, 70, 72, 33, 0, 0.06%, 9, 0, 8, 414.38
1733565469, 15, 71, 72, 32, 0, 0.06%, 9, 0, 8, 389.42
1733565571, 16, 12, 72, 31, 0, 0.06%, 9, 0, 8, 283.19
1733565592, 16, 14, 72, 30, 0, 0.06%, 9, 0, 8, 273.29
1733565623, 16, 24, 72, 29, 0, 0.06%, 9, 0, 8, 421.37
1733565638, 16, 30, 72, 29, 0, 0.06%, 9, 0, 8, 390.66
1733565678, 16, 31, 72, 28, 0, 0.06%, 9, 0, 8, 370.01
1733565699, 16, 33, 72, 28, 0, 0.06%, 9, 0, 8, 426.48
1733565714, 16, 34, 72, 28, 0, 0.06%, 9, 0, 8, 347.51
1733565734, 16, 35, 72, 28, 0, 0.06%, 9, 0, 8, 394.88
1733565750, 16, 36, 72, 28, 0, 0.06%, 9, 0, 8, 324.02
1733565765, 16, 37, 72, 28, 0, 0.06%, 9, 0, 8, 351.90
1733565785, 16, 38, 72, 28, 0, 0.06%, 9, 0, 8, 396.88
1733565806, 16, 39, 72, 28, 0, 0.06%, 9, 0, 8, 361.10
1733565846, 16, 45, 72, 27, 0, 0.06%, 9, 0, 8, 429.93
1733565861, 16, 46, 72, 27, 0, 0.06%, 9, 0, 8, 338.84
1733565876, 16, 47, 72, 27, 0, 0.06%, 9, 0, 8, 351.68
1733565901, 16, 48, 72, 27, 0, 0.06%, 9, 0, 8, 295.08
1733566013, 16, 49, 72, 26, 0, 0.06%, 9, 0, 8, 289.56
1733566034, 16, 50, 72, 26, 0, 0.06%, 9, 0, 8, 384.06
1733566049, 16, 51, 72, 26, 0, 0.06%, 9, 0, 8, 336.86
1733566069, 16, 52, 72, 26, 0, 0.06%, 9, 0, 8, 407.23
1733566100, 16, 53, 72, 25, 0, 0.06%, 9, 0, 8, 274.49
1733566568, 16, 54, 72, 25, 0, 0.06%, 9, 0, 8, 365.02
1733566604, 16, 55, 72, 24, 0, 0.06%, 9, 0, 8, 272.10
1733566624, 16, 56, 72, 24, 0, 0.06%, 9, 0, 8, 374.72
1733566715, 16, 57, 72, 23, 0, 0.06%, 9, 0, 8, 249.23
1733567157, 16, 58, 72, 22, 0, 0.06%, 9, 0, 8, 300.19
1733567365, 16, 60, 72, 21, 0, 0.06%, 9, 0, 8, 364.22
1733567426, 16, 61, 72, 20, 0, 0.06%, 9, 0, 8, 329.46
1733567447, 16, 62, 72, 20, 0, 0.06%, 9, 0, 8, 301.48
1733567472, 16, 63, 72, 20, 0, 0.06%, 9, 0, 8, 377.83
1733567523, 16, 64, 72, 19, 0, 0.06%, 9, 0, 8, 344.80
1733567564, 16, 65, 72, 18, 0, 0.06%, 9, 0, 8, 429.81
1733567579, 16, 66, 72, 18, 0, 0.06%, 9, 0, 8, 405.75
1733567594, 16, 67, 72, 18, 0, 0.06%, 9, 0, 8, 333.91
1733567696, 16, 68, 72, 18, 0, 0.06%, 9, 0, 8, 343.79
1733567792, 16, 69, 72, 18, 0, 0.06%, 9, 0, 8, 399.91
1733567808, 16, 70, 72, 18, 0, 0.06%, 9, 0, 8, 354.97
1733567828, 16, 71, 72, 18, 0, 0.06%, 9, 0, 8, 308.57
1733567848, 17, 12, 72, 18, 0, 0.06%, 9, 0, 8, 301.13
1733567858, 17, 14, 72, 18, 0, 0.06%, 9, 0, 8, 273.45
1733567868, 17, 15, 72, 18, 0, 0.06%, 9, 0, 8, 285.21
1733567889, 17, 16, 72, 17, 0, 0.06%, 9, 0, 8, 265.11
1733567914, 17, 21, 72, 16, 0, 0.06%, 9, 0, 8, 371.21
1733567945, 17, 24, 72, 15, 0, 0.06%, 9, 0, 8, 398.66
1733567955, 17, 26, 72, 15, 0, 0.06%, 9, 0, 8, 448.83
1733567970, 17, 30, 72, 15, 0, 0.06%, 9, 0, 8, 294.50
1733567991, 17, 31, 72, 15, 0, 0.06%, 9, 0, 8, 359.36
1733568011, 17, 32, 72, 15, 0, 0.06%, 9, 0, 8, 371.38
1733568042, 17, 33, 72, 14, 0, 0.06%, 9, 0, 8, 398.90
1733568052, 17, 34, 72, 14, 0, 0.06%, 9, 0, 8, 366.11
1733568057, 17, 35, 72, 14, 0, 0.06%, 9, 0, 8, 332.03
1733568067, 17, 36, 72, 14, 0, 0.06%, 9, 0, 8, 383.33
1733568082, 17, 37, 72, 14, 0, 0.06%, 9, 0, 8, 359.44
1733568103, 17, 38, 72, 14, 0, 0.06%, 9, 0, 8, 393.84
1733568113, 17, 38, 73, 15, 0, 0.06%, 9, 0, 8, 312.38
1733568118, 17, 39, 73, 15, 0, 0.06%, 9, 0, 8, 397.96
1733568138, 17, 40, 73, 15, 0, 0.06%, 9, 0, 8, 423.42
1733568153, 17, 41, 73, 15, 0, 0.06%, 9, 0, 8, 345.13
1733568174, 17, 42, 73, 15, 0, 0.06%, 9, 0, 8, 374.81
1733568189, 17, 45, 73, 15, 0, 0.06%, 9, 0, 8, 313.59
1733568209, 17, 46, 73, 15, 0, 0.06%, 9, 0, 8, 427.72
1733568225, 17, 47, 73, 15, 0, 0.06%, 9, 0, 8, 326.64
1733568250, 17, 48, 73, 15, 0, 0.06%, 9, 0, 8, 316.89
1733568270, 17, 49, 73, 15, 0, 0.06%, 9, 0, 8, 439.82
1733568296, 17, 50, 73, 15, 0, 0.06%, 9, 0, 8, 398.63
1733568316, 17, 51, 73, 15, 0, 0.06%, 9, 0, 8, 324.77
1733568408, 17, 52, 73, 15, 0, 0.06%, 9, 0, 8, 428.45
1733568423, 17, 53, 73, 15, 0, 0.06%, 9, 0, 8, 365.31
1733568448, 17, 54, 73, 15, 0, 0.06%, 9, 0, 8, 420.22
1733568464, 17, 55, 73, 15, 0, 0.06%, 9, 0, 8, 381.48
1733568479, 17, 60, 73, 15, 0, 0.06%, 9, 0, 8, 354.14
1733568571, 17, 61, 73, 15, 0, 0.06%, 9, 0, 8, 424.55
1733568586, 17, 62, 73, 15, 0, 0.06%, 9, 0, 8, 407.57
1733568611, 17, 63, 73, 15, 0, 0.06%, 9, 0, 8, 383.03
1733568632, 17, 64, 73, 15, 0, 0.06%, 9, 0, 8, 428.15
1733568647, 17, 65, 73, 15, 0, 0.06%, 9, 0, 8, 400.55
1733568657, 17, 66, 73, 15, 0, 0.06%, 9, 0, 8, 374.15
1733568662, 17, 67, 73, 15, 0, 0.06%, 9, 0, 8, 361.51
1733568693, 17, 68, 73, 15, 0, 0.06%, 9, 0, 8, 360.35
1733568723, 17, 69, 73, 15, 0, 0.06%, 9, 0, 8, 423.17
1733568738, 17, 70, 73, 15, 0, 0.06%, 9, 0, 8, 405.57
1733568754, 17, 71, 73, 15, 0, 0.06%, 9, 0, 8, 317.93
1733568774, 17, 72, 73, 15, 0, 0.06%, 9, 0, 8, 290.48
1733568887, 18, 12, 73, 14, 0, 0.06%, 9, 0, 8, 316.14
1733568897, 18, 14, 73, 14, 0, 0.06%, 9, 0, 8, 264.52
1733568907, 18, 15, 73, 14, 0, 0.06%, 9, 0, 8, 281.82
1733568917, 18, 16, 73, 14, 0, 0.06%, 9, 0, 8, 271.29
1733568928, 18, 21, 73, 14, 0, 0.06%, 9, 0, 8, 381.37
1733568943, 18, 24, 73, 14, 0, 0.06%, 9, 0, 8, 336.01
1733568948, 18, 26, 73, 14, 0, 0.06%, 9, 0, 8, 412.70
1733568963, 18, 30, 73, 14, 0, 0.06%, 9, 0, 8, 266.17
1733568984, 18, 31, 73, 14, 0, 0.06%, 9, 0, 8, 384.55
1733568994, 18, 32, 73, 14, 0, 0.06%, 9, 0, 8, 412.77
1733569009, 18, 33, 73, 14, 0, 0.06%, 9, 0, 8, 303.63
1733569014, 18, 34, 73, 14, 0, 0.06%, 9, 0, 8, 356.99
1733569019, 18, 36, 73, 14, 0, 0.06%, 9, 0, 8, 418.36
1733569029, 18, 38, 73, 14, 0, 0.06%, 9, 0, 8, 347.35
1733569039, 18, 40, 73, 14, 0, 0.06%, 9, 0, 8, 340.65
1733569044, 18, 41, 73, 14, 0, 0.06%, 9, 0, 8, 349.57
1733569055, 18, 42, 73, 14, 0, 0.06%, 9, 0, 8, 287.68
1733569065, 18, 45, 73, 14, 0, 0.06%, 9, 0, 8, 301.81
1733569075, 18, 46, 73, 14, 0, 0.06%, 9, 0, 8, 392.06
1733569085, 18, 47, 73, 14, 0, 0.06%, 9, 0, 8, 322.27
1733569100, 18, 48, 73, 14, 0, 0.06%, 9, 0, 8, 320.92
1733569121, 18, 49, 73, 14, 0, 0.06%, 9, 0, 8, 295.61
1733569131, 18, 50, 73, 14, 0, 0.06%, 9, 0, 8, 341.42
1733569141, 18, 51, 73, 14, 0, 0.06%, 9, 0, 8, 350.61
1733569151, 18, 53, 73, 14, 0, 0.06%, 9, 0, 8, 352.06
1733569166, 18, 55, 73, 14, 0, 0.06%, 9, 0, 8, 378.85
1733569176, 18, 60, 73, 14, 0, 0.06%, 9, 0, 8, 366.97
1733569196, 18, 61, 73, 14, 0, 0.06%, 9, 0, 8, 353.22
1733569202, 18, 62, 73, 14, 0, 0.06%, 9, 0, 8, 397.49
1733569222, 18, 63, 73, 14, 0, 0.06%, 9, 0, 8, 438.89
1733569238, 18, 64, 73, 14, 0, 0.06%, 9, 0, 8, 424.07
1733569253, 18, 65, 73, 14, 0, 0.06%, 9, 0, 8, 349.87
1733569263, 18, 66, 73, 14, 0, 0.06%, 9, 0, 8, 392.11
1733569273, 18, 67, 73, 14, 0, 0.06%, 9, 0, 8, 393.22
1733569288, 18, 68, 73, 14, 0, 0.06%, 9, 0, 8, 392.97
1733569299, 18, 69, 73, 14, 0, 0.06%, 9, 0, 8, 286.44
1733569309, 18, 70, 73, 14, 0, 0.06%, 9, 0, 8, 327.67
1733569319, 18, 71, 73, 14, 0, 0.06%, 9, 0, 8, 335.04
1733569329, 18, 72, 73, 14, 0, 0.06%, 9, 0, 8, 343.93
1733569349, 19, 14, 73, 14, 0, 0.06%, 9, 0, 8, 322.32
1733569360, 19, 15, 73, 14, 0, 0.06%, 9, 0, 8, 283.32
1733569370, 19, 16, 73, 14, 0, 0.06%, 9, 0, 8, 266.49
1733569380, 19, 21, 73, 14, 0, 0.06%, 9, 0, 8, 432.74
1733569395, 19, 24, 73, 14, 0, 0.06%, 9, 0, 8, 359.09
1733569400, 19, 26, 73, 14, 0, 0.06%, 9, 0, 8, 383.33
1733569411, 19, 30, 73, 14, 0, 0.06%, 9, 0, 8, 343.73
1733569416, 19, 31, 73, 14, 0, 0.06%, 9, 0, 8, 307.67
1733569421, 19, 32, 73, 14, 0, 0.06%, 9, 0, 8, 328.19
1733569441, 19, 33, 73, 14, 0, 0.06%, 9, 0, 8, 314.82
1733569446, 19, 34, 73, 14, 0, 0.06%, 9, 0, 8, 314.09
1733569451, 19, 36, 73, 14, 0, 0.06%, 9, 0, 8, 325.42
1733569456, 19, 40, 73, 14, 0, 0.06%, 9, 0, 8, 308.90
1733569466, 19, 41, 73, 14, 0, 0.06%, 9, 0, 8, 347.18
1733569476, 19, 42, 73, 14, 0, 0.06%, 9, 0, 8, 308.29
1733569487, 19, 45, 73, 14, 0, 0.06%, 9, 0, 8, 394.84
1733569497, 19, 46, 73, 14, 0, 0.06%, 9, 0, 8, 366.81
1733569507, 19, 47, 73, 14, 0, 0.06%, 9, 0, 8, 258.53
1733569522, 19, 48, 73, 14, 0, 0.06%, 9, 0, 8, 312.36
1733569532, 19, 49, 73, 14, 0, 0.06%, 9, 0, 8, 298.97
1733569542, 19, 50, 73, 14, 0, 0.06%, 9, 0, 8, 372.43
1733569552, 19, 51, 73, 14, 0, 0.06%, 9, 0, 8, 371.63
1733569563, 19, 53, 73, 14, 0, 0.06%, 9, 0, 8, 303.76
1733569578, 19, 55, 73, 14, 0, 0.06%, 9, 0, 8, 382.90
1733569588, 19, 60, 73, 14, 0, 0.06%, 9, 0, 8, 365.62
1733569593, 19, 61, 73, 14, 0, 0.06%, 9, 0, 8, 315.34
1733569603, 19, 62, 73, 14, 0, 0.06%, 9, 0, 8, 421.52
1733569623, 19, 63, 74, 15, 0, 0.06%, 9, 0, 8, 415.37
1733569633, 19, 64, 74, 15, 0, 0.06%, 9, 0, 8, 367.53
1733569644, 19, 66, 74, 15, 0, 0.06%, 9, 0, 8, 320.85
1733569649, 19, 67, 74, 15, 0, 0.06%, 9, 0, 8, 333.03
1733569664, 19, 68, 74, 15, 0, 0.06%, 9, 0, 8, 361.88
1733569679, 19, 69, 74, 15, 0, 0.06%, 9, 0, 8, 380.60
1733569684, 19, 70, 74, 15, 0, 0.06%, 9, 0, 8, 349.42
1733569694, 19, 71, 74, 15, 0, 0.06%, 9, 0, 8, 305.49
1733569705, 19, 72, 74, 15, 0, 0.06%, 9, 0, 8, 322.73
1733569725, 19, 73, 74, 15, 0, 0.06%, 9, 0, 8, 405.70
1733569730, 19, 73, 75, 16, 0, 0.06%, 9, 0, 8, 506.90
1733569801, 19, 74, 75, 15, 0, 0.06%, 9, 0, 8, 390.58
1733569888, 20, 14, 75, 14, 0, 0.06%, 9, 0, 8, 305.80
1733569893, 20, 15, 75, 14, 0, 0.06%, 9, 0, 8, 302.42
1733569898, 20, 16, 75, 14, 0, 0.06%, 9, 0, 8, 273.52
1733569903, 20, 21, 75, 14, 0, 0.06%, 9, 0, 8, 386.57
1733569913, 20, 24, 75, 14, 0, 0.06%, 9, 0, 8, 316.26
1733569918, 20, 30, 75, 14, 0, 0.06%, 9, 0, 8, 306.35
1733569923, 20, 31, 75, 14, 0, 0.06%, 9, 0, 8, 323.23
1733569929, 20, 32, 75, 14, 0, 0.06%, 9, 0, 8, 358.42
1733569939, 20, 33, 75, 14, 0, 0.06%, 9, 0, 8, 341.00
1733569944, 20, 34, 75, 14, 0, 0.06%, 9, 0, 8, 333.94
1733569949, 20, 38, 75, 14, 0, 0.06%, 9, 0, 8, 338.34
1733569954, 20, 40, 75, 14, 0, 0.06%, 9, 0, 8, 344.83
1733569959, 20, 41, 75, 14, 0, 0.06%, 9, 0, 8, 359.81
1733569964, 20, 42, 75, 14, 0, 0.06%, 9, 0, 8, 309.48
1733569969, 20, 45, 75, 14, 0, 0.06%, 9, 0, 8, 355.29
1733569975, 20, 46, 75, 14, 0, 0.06%, 9, 0, 8, 370.77
1733569980, 20, 47, 75, 14, 0, 0.06%, 9, 0, 8, 353.27
1733569990, 20, 48, 75, 14, 0, 0.06%, 9, 0, 8, 318.47
1733570005, 20, 49, 75, 14, 0, 0.06%, 9, 0, 8, 297.18
1733570010, 20, 51, 75, 14, 0, 0.06%, 9, 0, 8, 338.46
1733570020, 20, 53, 75, 14, 0, 0.06%, 9, 0, 8, 262.15
1733570031, 20, 55, 75, 14, 0, 0.06%, 9, 0, 8, 348.68
1733570036, 20, 60, 75, 14, 0, 0.06%, 9, 0, 8, 389.27
1733570046, 20, 61, 75, 14, 0, 0.06%, 9, 0, 8, 329.05
1733570051, 20, 62, 75, 14, 0, 0.06%, 9, 0, 8, 295.21
1733570061, 20, 63, 75, 14, 0, 0.06%, 9, 0, 8, 383.97
1733570071, 20, 64, 75, 14, 0, 0.06%, 9, 0, 8, 389.38
1733570081, 20, 65, 75, 14, 0, 0.06%, 9, 0, 8, 341.70
1733570086, 20, 69, 75, 14, 0, 0.06%, 9, 0, 8, 345.50
1733570097, 20, 70, 75, 14, 0, 0.06%, 9, 0, 8, 351.56
1733570107, 20, 71, 75, 14, 0, 0.06%, 9, 0, 8, 343.64
1733570117, 20, 72, 75, 14, 0, 0.06%, 9, 0, 8, 350.48
1733570137, 20, 73, 75, 14, 0, 0.06%, 9, 0, 8, 421.23
1733570152, 20, 74, 75, 14, 0, 0.06%, 9, 0, 8, 281.27
1733570178, 21, 15, 75, 14, 0, 0.06%, 9, 0, 8, 305.99
1733570183, 21, 21, 75, 14, 0, 0.06%, 9, 0, 8, 285.33
1733570188, 21, 24, 75, 14, 0, 0.06%, 9, 0, 8, 367.68
1733570193, 21, 26, 75, 14, 0, 0.06%, 9, 0, 8, 358.16
1733570198, 21, 31, 75, 14, 0, 0.06%, 9, 0, 8, 347.85
1733570203, 21, 32, 75, 14, 0, 0.06%, 9, 0, 8, 340.31
1733570208, 21, 33, 75, 14, 0, 0.06%, 9, 0, 8, 318.82
1733570213, 21, 36, 75, 14, 0, 0.06%, 9, 0, 8, 339.48
1733570218, 21, 40, 75, 14, 0, 0.06%, 9, 0, 8, 367.17
1733570223, 21, 41, 75, 14, 0, 0.06%, 9, 0, 8, 364.55
1733570228, 21, 42, 75, 14, 0, 0.06%, 9, 0, 8, 320.63
1733570233, 21, 45, 75, 14, 0, 0.06%, 9, 0, 8, 341.04
1733570238, 21, 46, 75, 14, 0, 0.06%, 9, 0, 8, 378.45
1733570244, 21, 47, 75, 14, 0, 0.06%, 9, 0, 8, 379.17
1733570254, 21, 48, 75, 14, 0, 0.06%, 9, 0, 8, 330.42
1733570264, 21, 49, 75, 14, 0, 0.06%, 9, 0, 8, 308.97
1733570269, 21, 51, 75, 14, 0, 0.06%, 9, 0, 8, 343.55
1733570279, 21, 60, 75, 14, 0, 0.06%, 9, 0, 8, 332.33
1733570289, 21, 62, 75, 14, 0, 0.06%, 9, 0, 8, 377.12
1733570305, 21, 63, 75, 14, 0, 0.06%, 9, 0, 8, 375.31
1733570310, 21, 64, 75, 14, 0, 0.06%, 9, 0, 8, 369.11
1733570315, 21, 65, 75, 14, 0, 0.06%, 9, 0, 8, 344.97
1733570320, 21, 66, 75, 14, 0, 0.06%, 9, 0, 8, 362.97
1733570325, 21, 69, 75, 14, 0, 0.06%, 9, 0, 8, 331.73
1733570330, 21, 70, 75, 14, 0, 0.06%, 9, 0, 8, 351.83
1733570335, 21, 71, 75, 14, 0, 0.06%, 9, 0, 8, 349.04
1733570340, 21, 72, 75, 14, 0, 0.06%, 9, 0, 8, 401.57
1733570350, 21, 73, 75, 14, 0, 0.06%, 9, 0, 8, 432.71
1733570365, 21, 74, 75, 14, 0, 0.06%, 9, 0, 8, 404.98
1733570391, 22, 16, 75, 14, 0, 0.06%, 9, 0, 8, 298.00
1733570396, 22, 21, 75, 14, 0, 0.06%, 9, 0, 8, 321.10
1733570401, 22, 24, 75, 14, 0, 0.06%, 9, 0, 8, 338.67
1733570406, 22, 26, 75, 14, 0, 0.06%, 9, 0, 8, 317.23
1733570411, 22, 32, 75, 14, 0, 0.06%, 9, 0, 8, 327.28
1733570416, 22, 33, 75, 14, 0, 0.06%, 9, 0, 8, 303.19
1733570421, 22, 34, 75, 14, 0, 0.06%, 9, 0, 8, 365.94
1733570426, 22, 36, 75, 14, 0, 0.06%, 9, 0, 8, 367.47
1733570431, 22, 40, 75, 14, 0, 0.06%, 9, 0, 8, 357.41
1733570436, 22, 41, 75, 14, 0, 0.06%, 9, 0, 8, 343.94
1733570441, 22, 42, 75, 14, 0, 0.06%, 9, 0, 8, 361.03
1733570447, 22, 45, 75, 14, 0, 0.06%, 9, 0, 8, 364.11
1733570452, 22, 46, 75, 14, 0, 0.06%, 9, 0, 8, 344.39
1733570457, 22, 47, 75, 14, 0, 0.06%, 9, 0, 8, 323.98
1733570467, 22, 48, 75, 14, 0, 0.06%, 9, 0, 8, 326.55
1733570472, 22, 49, 75, 14, 0, 0.06%, 9, 0, 8, 306.20
1733570477, 22, 50, 75, 14, 0, 0.06%, 9, 0, 8, 326.18
1733570482, 22, 51, 75, 14, 0, 0.06%, 9, 0, 8, 338.09
1733570487, 22, 55, 75, 14, 0, 0.06%, 9, 0, 8, 364.08
1733570492, 22, 60, 75, 14, 0, 0.06%, 9, 0, 8, 349.73
1733570497, 22, 61, 75, 14, 0, 0.06%, 9, 0, 8, 359.06
1733570503, 22, 62, 75, 14, 0, 0.06%, 9, 0, 8, 416.58
1733570518, 22, 63, 75, 14, 0, 0.06%, 9, 0, 8, 340.80
1733570523, 22, 64, 75, 14, 0, 0.06%, 9, 0, 8, 341.53
1733570528, 22, 66, 75, 14, 0, 0.06%, 9, 0, 8, 360.62
1733570533, 22, 69, 75, 14, 0, 0.06%, 9, 0, 8, 331.33
1733570538, 22, 70, 75, 14, 0, 0.06%, 9, 0, 8, 329.40
1733570543, 22, 71, 75, 14, 0, 0.06%, 9, 0, 8, 328.09
1733570548, 22, 72, 75, 14, 0, 0.06%, 9, 0, 8, 333.38
1733570558, 22, 73, 75, 14, 0, 0.06%, 9, 0, 8, 439.76
1733570574, 22, 74, 75, 14, 0, 0.06%, 9, 0, 8, 360.58
1733570599, 23, 15, 75, 14, 0, 0.06%, 9, 0, 8, 317.22
1733570604, 23, 21, 75, 14, 0, 0.06%, 9, 0, 8, 340.19
1733570609, 23, 24, 75, 14, 0, 0.06%, 9, 0, 8, 356.77
1733570614, 23, 26, 75, 14, 0, 0.06%, 9, 0, 8, 351.40
1733570619, 23, 31, 75, 14, 0, 0.06%, 9, 0, 8, 331.64
1733570624, 23, 32, 75, 14, 0, 0.06%, 9, 0, 8, 327.11
1733570629, 23, 34, 75, 14, 0, 0.06%, 9, 0, 8, 360.34
1733570635, 23, 36, 75, 14, 0, 0.06%, 9, 0, 8, 376.38
1733570640, 23, 40, 75, 14, 0, 0.06%, 9, 0, 8, 360.88
1733570645, 23, 41, 75, 14, 0, 0.06%, 9, 0, 8, 354.69
1733570650, 23, 42, 75, 14, 0, 0.06%, 9, 0, 8, 357.85
1733570655, 23, 45, 75, 14, 0, 0.06%, 9, 0, 8, 361.78
1733570660, 23, 46, 75, 14, 0, 0.06%, 9, 0, 8, 345.13
1733570665, 23, 47, 75, 14, 0, 0.06%, 9, 0, 8, 321.85
1733570675, 23, 48, 75, 14, 0, 0.06%, 9, 0, 8, 340.42
1733570680, 23, 49, 75, 14, 0, 0.06%, 9, 0, 8, 322.31
1733570685, 23, 50, 75, 14, 0, 0.06%, 9, 0, 8, 332.28
1733570691, 23, 51, 75, 14, 0, 0.06%, 9, 0, 8, 324.35
1733570696, 23, 55, 75, 14, 0, 0.06%, 9, 0, 8, 337.57
1733570701, 23, 60, 75, 14, 0, 0.06%, 9, 0, 8, 317.88
1733570706, 23, 61, 75, 14, 0, 0.06%, 9, 0, 8, 344.31
1733570711, 23, 62, 75, 14, 0, 0.06%, 9, 0, 8, 419.92
1733570726, 23, 63, 75, 14, 0, 0.06%, 9, 0, 8, 359.74
1733570731, 23, 64, 75, 14, 0, 0.06%, 9, 0, 8, 332.39
1733570736, 23, 65, 75, 14, 0, 0.06%, 9, 0, 8, 330.30
1733570741, 23, 66, 75, 14, 0, 0.06%, 9, 0, 8, 340.11
1733570746, 23, 69, 75, 14, 0, 0.06%, 9, 0, 8, 299.53
1733570751, 23, 70, 75, 14, 0, 0.06%, 9, 0, 8, 320.87
1733570757, 23, 71, 75, 14, 0, 0.06%, 9, 0, 8, 344.82
1733570762, 23, 72, 75, 14, 0, 0.06%, 9, 0, 8, 354.82
1733570767, 23, 73, 75, 14, 0, 0.06%, 9, 0, 8, 384.44
1733570777, 23, 74, 75, 14, 0, 0.06%, 9, 0, 8, 382.59
1733570792, 24, 16, 75, 14, 0, 0.06%, 9, 0, 8, 284.02
1733570797, 24, 21, 75, 14, 0, 0.06%, 9, 0, 8, 315.48
1733570802, 24, 26, 75, 14, 0, 0.06%, 9, 0, 8, 347.36
1733570807, 24, 31, 75, 14, 0, 0.06%, 9, 0, 8, 365.52
1733570812, 24, 32, 75, 14, 0, 0.06%, 9, 0, 8, 339.78
1733570817, 24, 33, 75, 14, 0, 0.06%, 9, 0, 8, 337.30
1733570822, 24, 34, 75, 14, 0, 0.06%, 9, 0, 8, 340.52
1733570828, 24, 40, 75, 14, 0, 0.06%, 9, 0, 8, 372.71
1733570833, 24, 41, 75, 14, 0, 0.06%, 9, 0, 8, 347.53
1733570838, 24, 42, 75, 14, 0, 0.06%, 9, 0, 8, 313.19
1733570848, 24, 46, 75, 14, 0, 0.06%, 9, 0, 8, 336.81
1733570853, 24, 47, 75, 14, 0, 0.06%, 9, 0, 8, 382.59
1733570868, 24, 48, 75, 14, 0, 0.06%, 9, 0, 8, 307.52
1733570873, 24, 49, 75, 14, 0, 0.06%, 9, 0, 8, 299.99
1733570878, 24, 50, 75, 14, 0, 0.06%, 9, 0, 8, 315.47
1733570883, 24, 51, 75, 14, 0, 0.06%, 9, 0, 8, 341.10
1733570889, 24, 55, 75, 14, 0, 0.06%, 9, 0, 8, 336.80
1733570894, 24, 60, 75, 14, 0, 0.06%, 9, 0, 8, 328.14
1733570899, 24, 61, 75, 14, 0, 0.06%, 9, 0, 8, 326.20
1733570904, 24, 62, 75, 14, 0, 0.06%, 9, 0, 8, 288.46
1733570914, 24, 63, 75, 14, 0, 0.06%, 9, 0, 8, 374.67
1733570919, 24, 64, 75, 14, 0, 0.06%, 9, 0, 8, 373.11
1733570924, 24, 65, 75, 14, 0, 0.06%, 9, 0, 8, 360.52
1733570929, 24, 66, 75, 14, 0, 0.06%, 9, 0, 8, 362.99
1733570934, 24, 69, 75, 14, 0, 0.06%, 9, 0, 8, 361.44
1733570939, 24, 70, 75, 14, 0, 0.06%, 9, 0, 8, 363.61
1733570944, 24, 71, 75, 14, 0, 0.06%, 9, 0, 8, 354.65
1733570949, 24, 72, 75, 14, 0, 0.06%, 9, 0, 8, 343.96
1733570954, 24, 73, 75, 14, 0, 0.06%, 9, 0, 8, 325.34
1733570965, 24, 74, 75, 14, 0, 0.06%, 9, 0, 8, 364.61
1733570980, 25, 16, 75, 14, 0, 0.06%, 9, 0, 8, 294.00
1733570985, 25, 21, 75, 14, 0, 0.06%, 9, 0, 8, 313.64
1733570990, 25, 26, 75, 14, 0, 0.06%, 9, 0, 8, 363.84
1733570995, 25, 31, 75, 14, 0, 0.06%, 9, 0, 8, 361.37
1733571000, 25, 32, 75, 14, 0, 0.06%, 9, 0, 8, 345.80
1733571005, 25, 33, 75, 14, 0, 0.06%, 9, 0, 8, 342.49
1733571010, 25, 34, 75, 14, 0, 0.06%, 9, 0, 8, 353.34
1733571015, 25, 40, 75, 14, 0, 0.06%, 9, 0, 8, 347.90
1733571020, 25, 41, 75, 14, 0, 0.06%, 9, 0, 8, 387.11
1733571025, 25, 42, 75, 14, 0, 0.06%, 9, 0, 8, 318.20
1733571035, 25, 46, 75, 14, 0, 0.06%, 9, 0, 8, 316.50
1733571040, 25, 47, 75, 14, 0, 0.06%, 9, 0, 8, 390.95
1733571056, 25, 48, 75, 14, 0, 0.06%, 9, 0, 8, 312.46
1733571061, 25, 49, 75, 14, 0, 0.06%, 9, 0, 8, 301.36
1733571066, 25, 50, 75, 14, 0, 0.06%, 9, 0, 8, 344.32
1733571071, 25, 51, 75, 14, 0, 0.06%, 9, 0, 8, 328.31
1733571076, 25, 55, 75, 14, 0, 0.06%, 9, 0, 8, 340.34
1733571081, 25, 60, 75, 14, 0, 0.06%, 9, 0, 8, 324.20
1733571086, 25, 61, 75, 14, 0, 0.06%, 9, 0, 8, 328.08
1733571091, 25, 62, 75, 14, 0, 0.06%, 9, 0, 8, 292.11
1733571101, 25, 63, 75, 14, 0, 0.06%, 9, 0, 8, 336.97
1733571106, 25, 64, 75, 14, 0, 0.06%, 9, 0, 8, 369.93
1733571111, 25, 65, 75, 14, 0, 0.06%, 9, 0, 8, 370.91
1733571116, 25, 66, 75, 14, 0, 0.06%, 9, 0, 8, 371.25
1733571121, 25, 69, 75, 14, 0, 0.06%, 9, 0, 8, 370.62
1733571126, 25, 70, 75, 14, 0, 0.06%, 9, 0, 8, 359.79
1733571132, 25, 71, 75, 14, 0, 0.06%, 9, 0, 8, 364.80
1733571137, 25, 72, 75, 14, 0, 0.06%, 9, 0, 8, 370.89
1733571142, 25, 73, 75, 14, 0, 0.06%, 9, 0, 8, 346.12
1733571152, 25, 74, 75, 14, 0, 0.06%, 9, 0, 8, 355.63
1733571167, 26, 16, 75, 14, 0, 0.06%, 9, 0, 8, 312.29
1733571172, 26, 21, 75, 14, 0, 0.06%, 9, 0, 8, 331.83
1733571177, 26, 24, 75, 14, 0, 0.06%, 9, 0, 8, 318.82
1733571182, 26, 31, 75, 14, 0, 0.06%, 9, 0, 8, 361.29
1733571187, 26, 32, 75, 14, 0, 0.06%, 9, 0, 8, 369.11
1733571193, 26, 33, 75, 14, 0, 0.06%, 9, 0, 8, 353.20
1733571198, 26, 34, 75, 14, 0, 0.06%, 9, 0, 8, 331.89
1733571203, 26, 36, 75, 14, 0, 0.06%, 9, 0, 8, 347.35
1733571208, 26, 41, 75, 14, 0, 0.06%, 9, 0, 8, 340.58
1733571213, 26, 42, 75, 14, 0, 0.06%, 9, 0, 8, 350.19
1733571223, 26, 45, 75, 14, 0, 0.06%, 9, 0, 8, 331.91
1733571228, 26, 47, 75, 14, 0, 0.06%, 9, 0, 8, 335.28
1733571243, 26, 48, 75, 14, 0, 0.06%, 9, 0, 8, 319.60
1733571248, 26, 49, 75, 14, 0, 0.06%, 9, 0, 8, 311.28
1733571253, 26, 50, 75, 14, 0, 0.06%, 9, 0, 8, 333.32
1733571259, 26, 51, 75, 14, 0, 0.06%, 9, 0, 8, 340.13
1733571264, 26, 55, 75, 14, 0, 0.06%, 9, 0, 8, 337.46
1733571269, 26, 60, 75, 14, 0, 0.06%, 9, 0, 8, 339.87
1733571274, 26, 61, 75, 14, 0, 0.06%, 9, 0, 8, 336.09
1733571279, 26, 62, 75, 14, 0, 0.06%, 9, 0, 8, 304.80
1733571289, 26, 63, 75, 14, 0, 0.06%, 9, 0, 8, 319.10
1733571294, 26, 64, 75, 14, 0, 0.06%, 9, 0, 8, 378.30
1733571299, 26, 65, 75, 14, 0, 0.06%, 9, 0, 8, 374.23
1733571304, 26, 66, 75, 14, 0, 0.06%, 9, 0, 8, 361.55
1733571309, 26, 69, 75, 14, 0, 0.06%, 9, 0, 8, 367.15
1733571314, 26, 70, 75, 14, 0, 0.06%, 9, 0, 8, 364.92
1733571320, 26, 71, 75, 14, 0, 0.06%, 9, 0, 8, 361.96
1733571325, 26, 72, 75, 14, 0, 0.06%, 9, 0, 8, 364.41
1733571330, 26, 73, 75, 14, 0, 0.06%, 9, 0, 8, 349.61
1733571335, 26, 74, 75, 14, 0, 0.06%, 9, 0, 8, 367.18
1733571345, 27, 16, 75, 14, 0, 0.06%, 9, 0, 8, 291.16
1733571350, 27, 21, 75, 14, 0, 0.06%, 9, 0, 8, 296.06
1733571355, 27, 26, 75, 14, 0, 0.06%, 9, 0, 8, 360.29
1733571360, 27, 31, 75, 14, 0, 0.06%, 9, 0, 8, 354.27
1733571366, 27, 32, 75, 14, 0, 0.06%, 9, 0, 8, 336.39
1733571371, 27, 33, 75, 14, 0, 0.06%, 9, 0, 8, 330.43
1733571376, 27, 34, 75, 14, 0, 0.06%, 9, 0, 8, 331.19
1733571381, 27, 36, 75, 14, 0, 0.06%, 9, 0, 8, 335.05
1733571386, 27, 41, 75, 14, 0, 0.06%, 9, 0, 8, 317.90
1733571391, 27, 42, 75, 14, 0, 0.06%, 9, 0, 8, 351.70
1733571401, 27, 45, 75, 14, 0, 0.06%, 9, 0, 8, 326.71
1733571406, 27, 47, 75, 14, 0, 0.06%, 9, 0, 8, 338.18
1733571421, 27, 48, 75, 14, 0, 0.06%, 9, 0, 8, 327.89
1733571427, 27, 49, 75, 14, 0, 0.06%, 9, 0, 8, 311.58
1733571432, 27, 50, 75, 14, 0, 0.06%, 9, 0, 8, 341.36
1733571437, 27, 51, 75, 14, 0, 0.06%, 9, 0, 8, 345.69
1733571442, 27, 55, 75, 14, 0, 0.06%, 9, 0, 8, 357.82
1733571447, 27, 60, 75, 14, 0, 0.06%, 9, 0, 8, 353.67
1733571452, 27, 61, 75, 14, 0, 0.06%, 9, 0, 8, 329.34
1733571457, 27, 62, 75, 14, 0, 0.06%, 9, 0, 8, 294.00
1733571467, 27, 63, 75, 14, 0, 0.06%, 9, 0, 8, 354.90
1733571472, 27, 64, 75, 14, 0, 0.06%, 9, 0, 8, 359.84
1733571477, 27, 65, 75, 14, 0, 0.06%, 9, 0, 8, 379.22
1733571482, 27, 66, 75, 14, 0, 0.06%, 9, 0, 8, 364.76
1733571488, 27, 69, 75, 14, 0, 0.06%, 9, 0, 8, 361.75
1733571493, 27, 70, 75, 14, 0, 0.06%, 9, 0, 8, 345.77
1733571498, 27, 71, 75, 14, 0, 0.06%, 9, 0, 8, 332.52
1733571503, 27, 72, 75, 14, 0, 0.06%, 9, 0, 8, 358.17
1733571508, 27, 73, 75, 14, 0, 0.06%, 9, 0, 8, 374.25
1733571513, 27, 74, 75, 14, 0, 0.06%, 9, 0, 8, 378.69
1733571518, 28, 21, 75, 14, 0, 0.06%, 9, 0, 8, 353.77
1733571523, 28, 24, 75, 14, 0, 0.06%, 9, 0, 8, 361.60
1733571528, 28, 26, 75, 14, 0, 0.06%, 9, 0, 8, 364.60
1733571533, 28, 31, 75, 14, 0, 0.06%, 9, 0, 8, 354.61
1733571538, 28, 32, 75, 14, 0, 0.06%, 9, 0, 8, 330.65
1733571543, 28, 33, 75, 14, 0, 0.06%, 9, 0, 8, 318.08
1733571548, 28, 36, 75, 14, 0, 0.06%, 9, 0, 8, 318.30
1733571553, 28, 40, 75, 14, 0, 0.06%, 9, 0, 8, 397.54
1733571558, 28, 41, 75, 14, 0, 0.06%, 9, 0, 8, 364.96
1733571563, 28, 42, 75, 14, 0, 0.06%, 9, 0, 8, 348.57
1733571569, 28, 45, 75, 14, 0, 0.06%, 9, 0, 8, 382.33
1733571574, 28, 46, 75, 14, 0, 0.06%, 9, 0, 8, 354.57
1733571579, 28, 47, 75, 14, 0, 0.06%, 9, 0, 8, 354.77
1733571589, 28, 48, 75, 14, 0, 0.06%, 9, 0, 8, 333.86
1733571599, 28, 49, 75, 14, 0, 0.06%, 9, 0, 8, 284.64
1733571604, 28, 50, 75, 14, 0, 0.06%, 9, 0, 8, 311.74
1733571609, 28, 61, 75, 14, 0, 0.06%, 9, 0, 8, 329.32
1733571614, 28, 62, 75, 14, 0, 0.06%, 9, 0, 8, 416.44
1733571630, 28, 63, 75, 14, 0, 0.06%, 9, 0, 8, 355.37
1733571635, 28, 64, 75, 14, 0, 0.06%, 9, 0, 8, 351.23
1733571640, 28, 65, 75, 14, 0, 0.06%, 9, 0, 8, 326.16
1733571645, 28, 66, 75, 14, 0, 0.06%, 9, 0, 8, 340.86
1733571650, 28, 69, 75, 14, 0, 0.06%, 9, 0, 8, 322.16
1733571655, 28, 70, 75, 14, 0, 0.06%, 9, 0, 8, 339.86
1733571660, 28, 71, 75, 14, 0, 0.06%, 9, 0, 8, 340.20
1733571665, 28, 72, 75, 14, 0, 0.06%, 9, 0, 8, 361.96
1733571670, 28, 73, 75, 14, 0, 0.06%, 9, 0, 8, 361.12
1733571675, 28, 74, 75, 14, 0, 0.06%, 9, 0, 8, 387.99
1733571680, 29, 21, 75, 14, 0, 0.06%, 9, 0, 8, 380.58
1733571685, 29, 24, 75, 14, 0, 0.06%, 9, 0, 8, 349.45
1733571691, 29, 26, 75, 14, 0, 0.06%, 9, 0, 8, 340.21
1733571696, 29, 31, 75, 14, 0, 0.06%, 9, 0, 8, 341.25
1733571701, 29, 33, 75, 14, 0, 0.06%, 9, 0, 8, 324.85
1733571706, 29, 34, 75, 14, 0, 0.06%, 9, 0, 8, 347.69
1733571711, 29, 36, 75, 14, 0, 0.06%, 9, 0, 8, 365.66
1733571716, 29, 40, 75, 14, 0, 0.06%, 9, 0, 8, 351.40
1733571721, 29, 41, 75, 14, 0, 0.06%, 9, 0, 8, 354.62
1733571726, 29, 42, 75, 14, 0, 0.06%, 9, 0, 8, 362.81
1733571731, 29, 45, 75, 14, 0, 0.06%, 9, 0, 8, 371.97
1733571736, 29, 46, 75, 14, 0, 0.06%, 9, 0, 8, 331.89
1733571741, 29, 47, 75, 14, 0, 0.06%, 9, 0, 8, 326.64
1733571751, 29, 48, 75, 14, 0, 0.06%, 9, 0, 8, 329.54
1733571756, 29, 49, 75, 14, 0, 0.06%, 9, 0, 8, 305.71
1733571761, 29, 50, 75, 14, 0, 0.06%, 9, 0, 8, 294.95
1733571767, 29, 55, 75, 14, 0, 0.06%, 9, 0, 8, 361.77
1733571772, 29, 61, 75, 14, 0, 0.06%, 9, 0, 8, 350.60
1733571777, 29, 62, 75, 14, 0, 0.06%, 9, 0, 8, 393.31
1733571792, 29, 63, 75, 14, 0, 0.06%, 9, 0, 8, 373.53
1733571797, 29, 65, 75, 14, 0, 0.06%, 9, 0, 8, 363.99
1733571802, 29, 66, 75, 14, 0, 0.06%, 9, 0, 8, 374.94
1733571807, 29, 69, 75, 14, 0, 0.06%, 9, 0, 8, 392.03
1733571812, 29, 70, 75, 14, 0, 0.06%, 9, 0, 8, 357.43
1733571817, 29, 71, 75, 14, 0, 0.06%, 9, 0, 8, 353.11
1733571822, 29, 72, 75, 14, 0, 0.06%, 9, 0, 8, 313.53
1733571827, 29, 73, 75, 14, 0, 0.06%, 9, 0, 8, 336.01
1733571832, 29, 74, 75, 14, 0, 0.06%, 9, 0, 8, 351.47
1733571843, 30, 21, 75, 14, 0, 0.06%, 9, 0, 8, 338.06
1733571848, 30, 24, 75, 14, 0, 0.06%, 9, 0, 8, 325.80
1733571853, 30, 31, 75, 14, 0, 0.06%, 9, 0, 8, 330.00
1733571858, 30, 32, 75, 14, 0, 0.06%, 9, 0, 8, 352.48
1733571863, 30, 33, 75, 14, 0, 0.06%, 9, 0, 8, 375.59
1733571868, 30, 34, 75, 14, 0, 0.06%, 9, 0, 8, 349.71
1733571873, 30, 36, 75, 14, 0, 0.06%, 9, 0, 8, 345.00
1733571878, 30, 40, 75, 14, 0, 0.06%, 9, 0, 8, 336.39
1733571883, 30, 42, 75, 14, 0, 0.06%, 9, 0, 8, 351.29
1733571893, 30, 45, 75, 14, 0, 0.06%, 9, 0, 8, 338.62
1733571898, 30, 46, 75, 14, 0, 0.06%, 9, 0, 8, 333.95
1733571903, 30, 47, 75, 14, 0, 0.06%, 9, 0, 8, 279.53
1733571914, 30, 48, 75, 14, 0, 0.06%, 9, 0, 8, 323.68
1733571919, 30, 49, 75, 14, 0, 0.06%, 9, 0, 8, 301.84
1733571924, 30, 50, 75, 14, 0, 0.06%, 9, 0, 8, 354.34
1733571929, 30, 55, 75, 14, 0, 0.06%, 9, 0, 8, 357.85
1733571934, 30, 61, 75, 14, 0, 0.06%, 9, 0, 8, 346.24
1733571939, 30, 62, 75, 14, 0, 0.06%, 9, 0, 8, 303.25
1733571949, 30, 63, 75, 14, 0, 0.06%, 9, 0, 8, 351.20
1733571954, 30, 64, 75, 14, 0, 0.06%, 9, 0, 8, 353.93
1733571959, 30, 65, 75, 14, 0, 0.06%, 9, 0, 8, 378.05
1733571964, 30, 66, 75, 14, 0, 0.06%, 9, 0, 8, 360.69
1733571969, 30, 69, 75, 14, 0, 0.06%, 9, 0, 8, 364.40
1733571974, 30, 70, 75, 14, 0, 0.06%, 9, 0, 8, 361.45
1733571979, 30, 71, 75, 14, 0, 0.06%, 9, 0, 8, 360.95
1733571985, 30, 72, 75, 14, 0, 0.06%, 9, 0, 8, 321.84
1733571990, 30, 73, 75, 14, 0, 0.06%, 9, 0, 8, 312.51
1733571995, 30, 74, 75, 14, 0, 0.06%, 9, 0, 8, 336.43
1733572005, 31, 24, 75, 14, 0, 0.06%, 9, 0, 8, 351.08
1733572010, 31, 26, 75, 14, 0, 0.06%, 9, 0, 8, 333.80
1733572015, 31, 31, 75, 14, 0, 0.06%, 9, 0, 8, 358.34
1733572020, 31, 32, 75, 14, 0, 0.06%, 9, 0, 8, 338.13
1733572025, 31, 33, 75, 14, 0, 0.06%, 9, 0, 8, 334.65
1733572030, 31, 34, 75, 14, 0, 0.06%, 9, 0, 8, 348.91
1733572035, 31, 36, 75, 14, 0, 0.06%, 9, 0, 8, 323.12
1733572040, 31, 40, 75, 14, 0, 0.06%, 9, 0, 8, 332.21
1733572045, 31, 42, 75, 14, 0, 0.06%, 9, 0, 8, 357.66
1733572056, 31, 45, 75, 14, 0, 0.06%, 9, 0, 8, 341.52
1733572061, 31, 46, 75, 14, 0, 0.06%, 9, 0, 8, 322.86
1733572066, 31, 47, 75, 14, 0, 0.06%, 9, 0, 8, 267.43
1733572076, 31, 48, 75, 14, 0, 0.06%, 9, 0, 8, 301.49
1733572081, 31, 49, 75, 14, 0, 0.06%, 9, 0, 8, 292.36
1733572086, 31, 50, 75, 14, 0, 0.06%, 9, 0, 8, 349.01
1733572092, 31, 55, 75, 14, 0, 0.06%, 9, 0, 8, 334.11
1733572097, 31, 61, 75, 14, 0, 0.06%, 9, 0, 8, 332.17
1733572102, 31, 62, 75, 14, 0, 0.06%, 9, 0, 8, 288.35
1733572112, 31, 63, 75, 14, 0, 0.06%, 9, 0, 8, 369.72
1733572117, 31, 64, 75, 14, 0, 0.06%, 9, 0, 8, 374.64
1733572122, 31, 65, 75, 14, 0, 0.06%, 9, 0, 8, 358.39
1733572127, 31, 66, 75, 14, 0, 0.06%, 9, 0, 8, 355.85
1733572132, 31, 69, 75, 14, 0, 0.06%, 9, 0, 8, 353.00
1733572137, 31, 70, 75, 14, 0, 0.06%, 9, 0, 8, 345.73
1733572143, 31, 71, 75, 14, 0, 0.06%, 9, 0, 8, 357.08
1733572148, 31, 72, 75, 14, 0, 0.06%, 9, 0, 8, 362.90
1733572153, 31, 73, 75, 14, 0, 0.06%, 9, 0, 8, 384.76
1733572158, 31, 74, 75, 14, 0, 0.06%, 9, 0, 8, 396.21
1733572163, 32, 21, 75, 14, 0, 0.06%, 9, 0, 8, 350.00
1733572168, 32, 24, 75, 14, 0, 0.06%, 9, 0, 8, 367.53
1733572173, 32, 26, 75, 14, 0, 0.06%, 9, 0, 8, 349.00
1733572178, 32, 31, 75, 14, 0, 0.06%, 9, 0, 8, 325.67
1733572183, 32, 32, 75, 14, 0, 0.06%, 9, 0, 8, 323.14
1733572188, 32, 33, 75, 14, 0, 0.06%, 9, 0, 8, 311.92
1733572194, 32, 36, 75, 14, 0, 0.06%, 9, 0, 8, 354.75
1733572199, 32, 40, 75, 14, 0, 0.06%, 9, 0, 8, 361.99
1733572204, 32, 41, 75, 14, 0, 0.06%, 9, 0, 8, 349.31
1733572209, 32, 42, 76, 15, 0, 0.06%, 9, 0, 8, 299.75
1733572219, 32, 46, 76, 15, 0, 0.06%, 9, 0, 8, 323.90
1733572224, 32, 47, 76, 15, 0, 0.06%, 9, 0, 8, 409.52
1733572240, 32, 48, 76, 15, 0, 0.06%, 9, 0, 8, 304.66
1733572245, 32, 49, 76, 15, 0, 0.06%, 9, 0, 8, 300.97
1733572250, 32, 50, 76, 15, 0, 0.06%, 9, 0, 8, 335.89
1733572255, 32, 55, 76, 15, 0, 0.06%, 9, 0, 8, 336.34
1733572260, 32, 62, 76, 15, 0, 0.06%, 9, 0, 8, 376.29
1733572275, 32, 63, 76, 15, 0, 0.06%, 9, 0, 8, 380.17
1733572280, 32, 64, 76, 15, 0, 0.06%, 9, 0, 8, 363.43
1733572285, 32, 65, 76, 15, 0, 0.06%, 9, 0, 8, 357.98
1733572290, 32, 66, 76, 15, 0, 0.06%, 9, 0, 8, 323.79
1733572295, 32, 69, 76, 15, 0, 0.06%, 9, 0, 8, 351.09
1733572300, 32, 70, 76, 15, 0, 0.06%, 9, 0, 8, 359.47
1733572305, 32, 71, 76, 15, 0, 0.06%, 9, 0, 8, 337.17
1733572310, 32, 72, 76, 15, 0, 0.06%, 9, 0, 8, 365.66
1733572315, 32, 73, 76, 15, 0, 0.06%, 9, 0, 8, 367.17
1733572320, 32, 74, 76, 15, 0, 0.06%, 9, 0, 8, 395.33
1733572325, 32, 75, 77, 16, 0, 0.06%, 9, 0, 8, 346.81
1733572412, 32, 76, 77, 15, 0, 0.06%, 9, 0, 8, 386.48
1733572499, 33, 21, 77, 14, 0, 0.06%, 9, 0, 8, 327.99
1733572504, 33, 24, 77, 14, 0, 0.06%, 9, 0, 8, 308.27
1733572509, 33, 26, 77, 14, 0, 0.06%, 9, 0, 8, 325.08
1733572514, 33, 31, 77, 14, 0, 0.06%, 9, 0, 8, 322.56
1733572519, 33, 32, 77, 14, 0, 0.06%, 9, 0, 8, 329.30
1733572524, 33, 34, 77, 14, 0, 0.06%, 9, 0, 8, 366.84
1733572534, 33, 36, 77, 14, 0, 0.06%, 9, 0, 8, 334.28
1733572539, 33, 41, 77, 14, 0, 0.06%, 9, 0, 8, 335.21
1733572545, 33, 42, 77, 14, 0, 0.06%, 9, 0, 8, 356.42
1733572555, 33, 45, 77, 14, 0, 0.06%, 9, 0, 8, 333.01
1733572560, 33, 47, 77, 14, 0, 0.06%, 9, 0, 8, 406.11
1733572575, 33, 48, 77, 14, 0, 0.06%, 9, 0, 8, 312.22
1733572580, 33, 49, 77, 14, 0, 0.06%, 9, 0, 8, 306.82
1733572585, 33, 50, 77, 14, 0, 0.06%, 9, 0, 8, 333.32
1733572590, 33, 55, 77, 14, 0, 0.06%, 9, 0, 8, 316.57
1733572596, 33, 62, 77, 14, 0, 0.06%, 9, 0, 8, 343.31
1733572611, 33, 63, 77, 14, 0, 0.06%, 9, 0, 8, 363.32
1733572616, 33, 64, 77, 14, 0, 0.06%, 9, 0, 8, 362.87
1733572621, 33, 65, 77, 14, 0, 0.06%, 9, 0, 8, 346.83
1733572626, 33, 66, 77, 14, 0, 0.06%, 9, 0, 8, 339.45
1733572631, 33, 69, 77, 14, 0, 0.06%, 9, 0, 8, 351.83
1733572637, 33, 70, 77, 14, 0, 0.06%, 9, 0, 8, 342.87
1733572642, 33, 71, 77, 14, 0, 0.06%, 9, 0, 8, 329.95
1733572647, 33, 72, 77, 14, 0, 0.06%, 9, 0, 8, 363.24
1733572652, 33, 73, 77, 14, 0, 0.06%, 9, 0, 8, 370.81
1733572657, 33, 74, 77, 14, 0, 0.06%, 9, 0, 8, 367.79
1733572667, 33, 75, 77, 14, 0, 0.06%, 9, 0, 8, 449.86
1733572682, 33, 76, 77, 14, 0, 0.06%, 9, 0, 8, 433.63
1733572702, 34, 24, 77, 14, 0, 0.06%, 9, 0, 8, 366.11
1733572707, 34, 26, 77, 14, 0, 0.06%, 9, 0, 8, 374.62
1733572712, 34, 31, 77, 14, 0, 0.06%, 9, 0, 8, 344.91
1733572717, 34, 32, 77, 14, 0, 0.06%, 9, 0, 8, 329.82
1733572722, 34, 33, 77, 14, 0, 0.06%, 9, 0, 8, 338.08
1733572728, 34, 34, 77, 14, 0, 0.06%, 9, 0, 8, 337.38
1733572733, 34, 40, 77, 14, 0, 0.06%, 9, 0, 8, 377.63
1733572738, 34, 41, 77, 14, 0, 0.06%, 9, 0, 8, 376.13
1733572743, 34, 42, 77, 14, 0, 0.06%, 9, 0, 8, 316.35
1733572748, 34, 45, 77, 14, 0, 0.06%, 9, 0, 8, 377.03
1733572753, 34, 46, 77, 14, 0, 0.06%, 9, 0, 8, 370.08
1733572758, 34, 47, 77, 14, 0, 0.06%, 9, 0, 8, 381.77
1733572768, 34, 48, 77, 14, 0, 0.06%, 9, 0, 8, 342.73
1733572778, 34, 49, 77, 14, 0, 0.06%, 9, 0, 8, 293.85
1733572783, 34, 50, 77, 14, 0, 0.06%, 9, 0, 8, 334.72
1733572788, 34, 61, 77, 14, 0, 0.06%, 9, 0, 8, 323.70
1733572793, 34, 62, 77, 14, 0, 0.06%, 9, 0, 8, 418.51
1733572808, 34, 63, 77, 14, 0, 0.06%, 9, 0, 8, 346.92
1733572814, 34, 64, 77, 14, 0, 0.06%, 9, 0, 8, 374.73
1733572819, 34, 65, 77, 14, 0, 0.06%, 9, 0, 8, 326.38
1733572824, 34, 66, 77, 14, 0, 0.06%, 9, 0, 8, 330.25
1733572829, 34, 70, 77, 14, 0, 0.06%, 9, 0, 8, 355.95
1733572834, 34, 71, 77, 14, 0, 0.06%, 9, 0, 8, 357.23
1733572839, 34, 72, 77, 14, 0, 0.06%, 9, 0, 8, 339.75
1733572849, 34, 73, 77, 14, 0, 0.06%, 9, 0, 8, 337.73
1733572854, 34, 74, 77, 14, 0, 0.06%, 9, 0, 8, 366.61
1733572859, 34, 75, 77, 14, 0, 0.06%, 9, 0, 8, 383.80
1733572874, 34, 76, 77, 14, 0, 0.06%, 9, 0, 8, 391.83
1733572890, 35, 21, 77, 14, 0, 0.06%, 9, 0, 8, 353.75
1733572895, 35, 24, 77, 14, 0, 0.06%, 9, 0, 8, 377.63
1733572900, 35, 26, 77, 14, 0, 0.06%, 9, 0, 8, 351.22
1733572905, 35, 31, 77, 14, 0, 0.06%, 9, 0, 8, 328.70
1733572910, 35, 32, 77, 14, 0, 0.06%, 9, 0, 8, 329.60
1733572915, 35, 33, 77, 14, 0, 0.06%, 9, 0, 8, 335.08
1733572920, 35, 36, 77, 14, 0, 0.06%, 9, 0, 8, 329.80
1733572925, 35, 40, 77, 14, 0, 0.06%, 9, 0, 8, 359.97
1733572930, 35, 41, 77, 14, 0, 0.06%, 9, 0, 8, 358.27
1733572935, 35, 42, 77, 14, 0, 0.06%, 9, 0, 8, 306.75
1733572945, 35, 46, 77, 14, 0, 0.06%, 9, 0, 8, 354.71
1733572950, 35, 47, 77, 14, 0, 0.06%, 9, 0, 8, 389.49
1733572965, 35, 48, 77, 14, 0, 0.06%, 9, 0, 8, 330.04
1733572970, 35, 49, 77, 14, 0, 0.06%, 9, 0, 8, 288.23
1733572975, 35, 50, 77, 14, 0, 0.06%, 9, 0, 8, 337.68
1733572980, 35, 61, 77, 14, 0, 0.06%, 9, 0, 8, 325.91
1733572986, 35, 62, 77, 14, 0, 0.06%, 9, 0, 8, 361.00
1733573001, 35, 63, 77, 14, 0, 0.06%, 9, 0, 8, 377.97
1733573006, 35, 64, 77, 14, 0, 0.06%, 9, 0, 8, 353.10
1733573011, 35, 65, 77, 14, 0, 0.06%, 9, 0, 8, 345.03
1733573016, 35, 66, 77, 14, 0, 0.06%, 9, 0, 8, 358.86
1733573021, 35, 69, 77, 14, 0, 0.06%, 9, 0, 8, 354.66
1733573026, 35, 70, 77, 14, 0, 0.06%, 9, 0, 8, 344.46
1733573031, 35, 71, 77, 14, 0, 0.06%, 9, 0, 8, 340.34
1733573036, 35, 72, 77, 14, 0, 0.06%, 9, 0, 8, 371.22
1733573041, 35, 73, 77, 14, 0, 0.06%, 9, 0, 8, 347.44
1733573046, 35, 74, 77, 14, 0, 0.06%, 9, 0, 8, 340.58
1733573056, 35, 75, 77, 14, 0, 0.06%, 9, 0, 8, 432.57
1733573071, 35, 76, 77, 14, 0, 0.06%, 9, 0, 8, 326.17
1733573092, 36, 24, 77, 14, 0, 0.06%, 9, 0, 8, 363.08
1733573097, 36, 26, 77, 14, 0, 0.06%, 9, 0, 8, 376.87
1733573102, 36, 31, 77, 14, 0, 0.06%, 9, 0, 8, 346.81
1733573107, 36, 32, 77, 14, 0, 0.06%, 9, 0, 8, 337.54
1733573112, 36, 33, 77, 14, 0, 0.06%, 9, 0, 8, 315.90
1733573117, 36, 36, 77, 14, 0, 0.06%, 9, 0, 8, 311.34
1733573122, 36, 40, 77, 14, 0, 0.06%, 9, 0, 8, 371.66
1733573127, 36, 41, 77, 14, 0, 0.06%, 9, 0, 8, 371.77
1733573132, 36, 42, 77, 14, 0, 0.06%, 9, 0, 8, 342.65
1733573137, 36, 45, 77, 14, 0, 0.06%, 9, 0, 8, 355.41
1733573142, 36, 46, 77, 14, 0, 0.06%, 9, 0, 8, 367.34
1733573147, 36, 47, 77, 14, 0, 0.06%, 9, 0, 8, 383.70
1733573158, 36, 61, 77, 14, 0, 0.06%, 9, 0, 8, 324.47
1733573163, 36, 62, 77, 14, 0, 0.06%, 9, 0, 8, 399.04
1733573178, 36, 63, 77, 14, 0, 0.06%, 9, 0, 8, 363.00
1733573183, 36, 64, 77, 14, 0, 0.06%, 9, 0, 8, 342.02
1733573188, 36, 73, 77, 14, 0, 0.06%, 9, 0, 8, 348.81
1733573193, 36, 74, 77, 14, 0, 0.06%, 9, 0, 8, 378.89
1733573198, 36, 75, 77, 14, 0, 0.06%, 9, 0, 8, 313.88
1733573219, 36, 76, 77, 14, 0, 0.06%, 9, 0, 8, 407.80
1733573234, 37, 21, 77, 14, 0, 0.06%, 9, 0, 8, 353.88
1733573239, 37, 26, 77, 14, 0, 0.06%, 9, 0, 8, 349.63
1733573244, 37, 32, 77, 14, 0, 0.06%, 9, 0, 8, 340.28
1733573250, 37, 40, 77, 14, 0, 0.06%, 9, 0, 8, 324.16
1733573255, 37, 41, 77, 14, 0, 0.06%, 9, 0, 8, 330.51
1733573260, 37, 42, 77, 14, 0, 0.06%, 9, 0, 8, 363.55
1733573265, 37, 61, 77, 14, 0, 0.06%, 9, 0, 8, 357.84
1733573270, 37, 62, 77, 14, 0, 0.06%, 9, 0, 8, 367.27
1733573285, 37, 64, 77, 14, 0, 0.06%, 9, 0, 8, 341.77
1733573290, 37, 65, 77, 14, 0, 0.06%, 9, 0, 8, 346.13
1733573295, 37, 66, 77, 14, 0, 0.06%, 9, 0, 8, 403.60
1733573300, 37, 67, 77, 14, 0, 0.06%, 9, 0, 8, 373.62
1733573311, 37, 68, 77, 14, 0, 0.06%, 9, 0, 8, 345.34
1733573316, 37, 69, 77, 14, 0, 0.06%, 9, 0, 8, 351.97
1733573321, 37, 70, 77, 14, 0, 0.06%, 9, 0, 8, 367.71
1733573326, 37, 71, 77, 14, 0, 0.06%, 9, 0, 8, 336.55
1733573331, 37, 72, 77, 14, 0, 0.06%, 9, 0, 8, 309.38
1733573336, 37, 73, 77, 14, 0, 0.06%, 9, 0, 8, 342.91
1733573346, 37, 74, 77, 14, 0, 0.06%, 9, 0, 8, 369.10
1733573351, 37, 75, 77, 14, 0, 0.06%, 9, 0, 8, 405.42
1733573366, 37, 76, 77, 14, 0, 0.06%, 9, 0, 8, 336.31
1733573386, 38, 11, 77, 14, 0, 0.06%, 9, 0, 8, 312.61
1733573407, 38, 14, 77, 13, 0, 0.06%, 9, 0, 8, 293.99
1733573412, 38, 16, 77, 13, 0, 0.06%, 9, 0, 8, 280.01
1733573417, 38, 21, 77, 13, 0, 0.06%, 9, 0, 8, 316.79
1733573422, 38, 22, 77, 13, 0, 0.06%, 9, 0, 8, 346.71
1733573457, 38, 24, 77, 12, 0, 0.06%, 9, 0, 8, 306.57
1733573463, 38, 26, 77, 12, 0, 0.06%, 9, 0, 8, 332.25
1733573468, 38, 28, 77, 12, 0, 0.06%, 9, 0, 8, 362.52
1733573565, 38, 30, 77, 11, 0, 0.06%, 9, 0, 8, 355.38
1733573570, 38, 31, 77, 11, 0, 0.06%, 9, 0, 8, 363.37
1733573575, 38, 32, 77, 11, 0, 0.06%, 9, 0, 8, 360.39
1733573580, 38, 33, 77, 11, 0, 0.06%, 9, 0, 8, 359.08
1733573585, 38, 35, 77, 11, 0, 0.06%, 9, 0, 8, 333.96
1733573590, 38, 36, 77, 11, 0, 0.06%, 9, 0, 8, 378.51
1733573595, 38, 37, 77, 11, 0, 0.06%, 9, 0, 8, 413.03
1733573605, 38, 39, 77, 11, 0, 0.06%, 9, 0, 8, 333.65
1733573625, 38, 41, 77, 11, 0, 0.06%, 9, 0, 8, 348.76
1733573630, 38, 42, 77, 11, 0, 0.06%, 9, 0, 8, 349.70
1733573641, 38, 43, 77, 11, 0, 0.06%, 9, 0, 8, 302.54
1733573687, 38, 44, 77, 10, 0, 0.06%, 9, 0, 8, 284.17
1733573849, 38, 45, 77, 9, 0, 0.06%, 9, 0, 8, 329.19
1733573854, 38, 46, 77, 9, 0, 0.06%, 9, 0, 8, 313.27
1733573860, 38, 47, 77, 9, 0, 0.06%, 9, 0, 8, 283.09
1733573870, 38, 48, 77, 9, 0, 0.06%, 9, 0, 8, 329.70
1733573875, 38, 49, 77, 9, 0, 0.06%, 9, 0, 8, 305.71
1733573880, 38, 50, 77, 9, 0, 0.06%, 9, 0, 8, 359.44
1733573885, 38, 51, 77, 9, 0, 0.06%, 9, 0, 8, 361.80
1733573890, 38, 52, 77, 9, 0, 0.06%, 9, 0, 8, 376.98
1733573910, 38, 53, 77, 9, 0, 0.06%, 9, 0, 8, 266.35
1733573921, 38, 54, 77, 9, 0, 0.06%, 9, 0, 8, 430.71
1733573936, 38, 55, 77, 9, 0, 0.06%, 9, 0, 8, 325.41
1733573941, 38, 56, 77, 9, 0, 0.06%, 9, 0, 8, 336.55
1733573961, 38, 57, 77, 9, 0, 0.06%, 9, 0, 8, 291.89
1733573987, 38, 58, 77, 9, 0, 0.06%, 9, 0, 8, 322.96
1733574007, 38, 59, 77, 9, 0, 0.06%, 9, 0, 8, 361.41
1733574402, 38, 60, 77, 8, 0, 0.06%, 9, 0, 8, 346.65
1733574479, 38, 61, 77, 8, 0, 0.06%, 9, 0, 8, 326.28
1733574484, 38, 62, 77, 8, 0, 0.06%, 9, 0, 8, 275.56
1733574494, 38, 63, 77, 8, 0, 0.06%, 9, 0, 8, 380.07
1733574499, 38, 64, 77, 8, 0, 0.06%, 9, 0, 8, 368.89
1733574504, 38, 65, 77, 8, 0, 0.06%, 9, 0, 8, 345.14
1733574509, 38, 66, 77, 8, 0, 0.06%, 9, 0, 8, 364.25
1733574515, 38, 67, 77, 8, 0, 0.06%, 9, 0, 8, 381.67
1733574520, 38, 68, 77, 8, 0, 0.06%, 9, 0, 8, 334.63
1733574530, 38, 69, 77, 8, 0, 0.06%, 9, 0, 8, 360.66
1733574535, 38, 70, 77, 8, 0, 0.06%, 9, 0, 8, 344.65
1733574540, 38, 71, 77, 8, 0, 0.06%, 9, 0, 8, 348.88
1733574545, 38, 72, 77, 8, 0, 0.06%, 9, 0, 8, 367.03
1733574550, 38, 73, 77, 8, 0, 0.06%, 9, 0, 8, 367.42
1733574555, 38, 74, 77, 8, 0, 0.06%, 9, 0, 8, 380.06
1733574560, 38, 75, 77, 8, 0, 0.06%, 9, 0, 8, 347.79
1733574580, 38, 76, 77, 8, 0, 0.06%, 9, 0, 8, 427.46
1733574595, 39, 12, 77, 8, 0, 0.06%, 9, 0, 8, 318.41
1733574600, 39, 15, 77, 8, 0, 0.06%, 9, 0, 8, 292.35
1733574605, 39, 21, 77, 8, 0, 0.06%, 9, 0, 8, 340.32
1733574610, 39, 24, 77, 8, 0, 0.06%, 9, 0, 8, 336.86
1733574616, 39, 26, 77, 8, 0, 0.06%, 9, 0, 8, 331.16
1733574621, 39, 30, 77, 8, 0, 0.06%, 9, 0, 8, 321.37
1733574626, 39, 31, 77, 8, 0, 0.06%, 9, 0, 8, 347.78
1733574631, 39, 33, 77, 8, 0, 0.06%, 9, 0, 8, 342.20
1733574636, 39, 34, 77, 8, 0, 0.06%, 9, 0, 8, 365.39
1733574641, 39, 35, 77, 8, 0, 0.06%, 9, 0, 8, 351.95
1733574646, 39, 36, 77, 8, 0, 0.06%, 9, 0, 8, 337.13
1733574651, 39, 37, 77, 8, 0, 0.06%, 9, 0, 8, 357.15
1733574656, 39, 39, 77, 8, 0, 0.06%, 9, 0, 8, 348.82
1733574666, 39, 40, 77, 8, 0, 0.06%, 9, 0, 8, 349.34
1733574672, 39, 41, 77, 8, 0, 0.06%, 9, 0, 8, 348.74
1733574677, 39, 42, 77, 8, 0, 0.06%, 9, 0, 8, 371.61
1733574682, 39, 45, 77, 8, 0, 0.06%, 9, 0, 8, 355.14
1733574687, 39, 46, 77, 8, 0, 0.06%, 9, 0, 8, 331.02
1733574692, 39, 47, 77, 8, 0, 0.06%, 9, 0, 8, 287.44
1733574702, 39, 48, 77, 8, 0, 0.06%, 9, 0, 8, 330.89
1733574707, 39, 49, 77, 8, 0, 0.06%, 9, 0, 8, 298.13
1733574713, 39, 50, 77, 8, 0, 0.06%, 9, 0, 8, 343.74
1733574718, 39, 51, 77, 8, 0, 0.06%, 9, 0, 8, 362.46
1733574723, 39, 52, 77, 8, 0, 0.06%, 9, 0, 8, 402.34
1733574733, 39, 53, 77, 8, 0, 0.06%, 9, 0, 8, 296.45
1733574743, 39, 54, 77, 8, 0, 0.06%, 9, 0, 8, 401.64
1733574753, 39, 55, 77, 8, 0, 0.06%, 9, 0, 8, 318.23
1733574758, 39, 60, 77, 8, 0, 0.06%, 9, 0, 8, 344.00
1733574763, 39, 61, 77, 8, 0, 0.06%, 9, 0, 8, 343.57
1733574769, 39, 62, 77, 8, 0, 0.06%, 9, 0, 8, 285.99
1733574779, 39, 63, 77, 8, 0, 0.06%, 9, 0, 8, 363.92
1733574784, 39, 64, 77, 8, 0, 0.06%, 9, 0, 8, 377.32
1733574789, 39, 65, 77, 8, 0, 0.06%, 9, 0, 8, 364.83
1733574794, 39, 66, 77, 8, 0, 0.06%, 9, 0, 8, 365.86
1733574799, 39, 67, 77, 8, 0, 0.06%, 9, 0, 8, 370.51
1733574804, 39, 68, 77, 8, 0, 0.06%, 9, 0, 8, 307.69
1733574814, 39, 69, 77, 8, 0, 0.06%, 9, 0, 8, 360.30
1733574819, 39, 70, 77, 8, 0, 0.06%, 9, 0, 8, 349.57
1733574824, 39, 71, 77, 8, 0, 0.06%, 9, 0, 8, 344.38
1733574830, 39, 72, 77, 8, 0, 0.06%, 9, 0, 8, 366.10
1733574835, 39, 73, 77, 8, 0, 0.06%, 9, 0, 8, 330.64
1733574840, 39, 74, 77, 8, 0, 0.06%, 9, 0, 8, 306.21
1733574850, 39, 75, 77, 8, 0, 0.06%, 9, 0, 8, 381.60
1733574865, 39, 76, 77, 8, 0, 0.06%, 9, 0, 8, 351.13
1733574886, 40, 14, 77, 8, 0, 0.06%, 9, 0, 8, 283.02
1733574891, 40, 16, 77, 8, 0, 0.06%, 9, 0, 8, 279.60
1733574896, 40, 21, 77, 8, 0, 0.06%, 9, 0, 8, 321.79
1733574901, 40, 24, 77, 8, 0, 0.06%, 9, 0, 8, 312.63
1733574906, 40, 30, 77, 8, 0, 0.06%, 9, 0, 8, 352.21
1733574911, 40, 31, 77, 8, 0, 0.06%, 9, 0, 8, 371.77
1733574916, 40, 32, 77, 8, 0, 0.06%, 9, 0, 8, 342.12
1733574921, 40, 33, 77, 8, 0, 0.06%, 9, 0, 8, 341.95
1733574926, 40, 34, 77, 8, 0, 0.06%, 9, 0, 8, 327.77
1733574931, 40, 35, 77, 8, 0, 0.06%, 9, 0, 8, 325.87
1733574936, 40, 37, 77, 8, 0, 0.06%, 9, 0, 8, 334.24
1733574941, 40, 38, 77, 8, 0, 0.06%, 9, 0, 8, 347.98
1733574946, 40, 39, 77, 8, 0, 0.06%, 9, 0, 8, 345.86
1733574951, 40, 40, 77, 8, 0, 0.06%, 9, 0, 8, 353.10
1733574957, 40, 41, 77, 8, 0, 0.06%, 9, 0, 8, 362.88
1733574962, 40, 42, 77, 8, 0, 0.06%, 9, 0, 8, 357.18
1733574967, 40, 45, 77, 8, 0, 0.06%, 9, 0, 8, 361.59
1733574972, 40, 46, 77, 8, 0, 0.06%, 9, 0, 8, 345.52
1733574977, 40, 47, 77, 8, 0, 0.06%, 9, 0, 8, 319.23
1733574987, 40, 48, 77, 8, 0, 0.06%, 9, 0, 8, 329.34
1733574992, 40, 49, 77, 8, 0, 0.06%, 9, 0, 8, 307.05
1733574998, 40, 50, 77, 8, 0, 0.06%, 9, 0, 8, 342.99
1733575003, 40, 51, 77, 8, 0, 0.06%, 9, 0, 8, 342.34
1733575008, 40, 52, 77, 8, 0, 0.06%, 9, 0, 8, 402.10
1733575018, 40, 53, 77, 8, 0, 0.06%, 9, 0, 8, 328.95
1733575028, 40, 54, 77, 8, 0, 0.06%, 9, 0, 8, 370.50
1733575038, 40, 55, 77, 8, 0, 0.06%, 9, 0, 8, 368.74
1733575043, 40, 60, 77, 8, 0, 0.06%, 9, 0, 8, 354.03
1733575048, 40, 61, 77, 8, 0, 0.06%, 9, 0, 8, 326.23
1733575053, 40, 62, 77, 8, 0, 0.06%, 9, 0, 8, 328.14
1733575064, 40, 63, 77, 8, 0, 0.06%, 9, 0, 8, 341.04
1733575069, 40, 64, 77, 8, 0, 0.06%, 9, 0, 8, 315.57
1733575074, 40, 65, 77, 8, 0, 0.06%, 9, 0, 8, 349.02
1733575079, 40, 66, 77, 8, 0, 0.06%, 9, 0, 8, 362.56
1733575084, 40, 67, 77, 8, 0, 0.06%, 9, 0, 8, 339.47
1733575094, 40, 68, 77, 8, 0, 0.06%, 9, 0, 8, 333.81
1733575099, 40, 69, 77, 8, 0, 0.06%, 9, 0, 8, 339.37
1733575104, 40, 70, 77, 8, 0, 0.06%, 9, 0, 8, 319.76
1733575109, 40, 71, 77, 8, 0, 0.06%, 9, 0, 8, 315.91
1733575114, 40, 72, 77, 8, 0, 0.06%, 9, 0, 8, 348.61
1733575124, 40, 73, 77, 8, 0, 0.06%, 9, 0, 8, 346.02
1733575129, 40, 74, 77, 8, 0, 0.06%, 9, 0, 8, 371.25
1733575135, 40, 75, 77, 8, 0, 0.06%, 9, 0, 8, 384.70
1733575140, 40, 76, 77, 8, 0, 0.06%, 9, 0, 8, 366.69
1733575145, 41, 12, 77, 8, 0, 0.06%, 9, 0, 8, 314.89
1733575150, 41, 15, 77, 8, 0, 0.06%, 9, 0, 8, 284.83
1733575155, 41, 21, 77, 8, 0, 0.06%, 9, 0, 8, 336.95
1733575160, 41, 24, 77, 8, 0, 0.06%, 9, 0, 8, 331.41
1733575165, 41, 26, 77, 8, 0, 0.06%, 9, 0, 8, 334.51
1733575170, 41, 30, 77, 8, 0, 0.06%, 9, 0, 8, 312.29
1733575175, 41, 32, 77, 8, 0, 0.06%, 9, 0, 8, 308.06
1733575180, 41, 33, 77, 8, 0, 0.06%, 9, 0, 8, 359.46
1733575185, 41, 34, 77, 8, 0, 0.06%, 9, 0, 8, 376.41
1733575191, 41, 35, 77, 8, 0, 0.06%, 9, 0, 8, 339.66
1733575196, 41, 36, 77, 8, 0, 0.06%, 9, 0, 8, 327.03
1733575201, 41, 37, 77, 8, 0, 0.06%, 9, 0, 8, 319.91
1733575206, 41, 39, 77, 8, 0, 0.06%, 9, 0, 8, 341.21
1733575211, 41, 40, 77, 8, 0, 0.06%, 9, 0, 8, 369.23
1733575216, 41, 41, 77, 8, 0, 0.06%, 9, 0, 8, 370.07
1733575221, 41, 42, 77, 8, 0, 0.06%, 9, 0, 8, 341.87
1733575226, 41, 45, 77, 8, 0, 0.06%, 9, 0, 8, 349.91
1733575231, 41, 46, 77, 8, 0, 0.06%, 9, 0, 8, 358.49
1733575236, 41, 47, 77, 8, 0, 0.06%, 9, 0, 8, 375.67
1733575246, 41, 48, 77, 8, 0, 0.06%, 9, 0, 8, 343.63
1733575257, 41, 49, 77, 8, 0, 0.06%, 9, 0, 8, 311.80
1733575262, 41, 50, 77, 8, 0, 0.06%, 9, 0, 8, 318.84
1733575267, 41, 51, 77, 8, 0, 0.06%, 9, 0, 8, 320.07
1733575272, 41, 53, 77, 8, 0, 0.06%, 9, 0, 8, 350.18
1733575287, 41, 54, 77, 8, 0, 0.06%, 9, 0, 8, 331.40
1733575292, 41, 55, 77, 8, 0, 0.06%, 9, 0, 8, 318.98
1733575297, 41, 60, 77, 8, 0, 0.06%, 9, 0, 8, 326.17
1733575302, 41, 61, 77, 8, 0, 0.06%, 9, 0, 8, 329.83
1733575307, 41, 62, 77, 8, 0, 0.06%, 9, 0, 8, 278.38
1733575318, 41, 63, 77, 8, 0, 0.06%, 9, 0, 8, 388.88
1733575323, 41, 64, 77, 8, 0, 0.06%, 9, 0, 8, 369.67
1733575328, 41, 65, 77, 8, 0, 0.06%, 9, 0, 8, 349.04
1733575333, 41, 66, 77, 8, 0, 0.06%, 9, 0, 8, 353.14
1733575338, 41, 67, 77, 8, 0, 0.06%, 9, 0, 8, 380.03
1733575343, 41, 68, 77, 8, 0, 0.06%, 9, 0, 8, 332.89
1733575353, 41, 69, 77, 8, 0, 0.06%, 9, 0, 8, 330.98
1733575358, 41, 70, 77, 8, 0, 0.06%, 9, 0, 8, 349.28
1733575363, 41, 71, 77, 8, 0, 0.06%, 9, 0, 8, 341.69
1733575368, 41, 72, 77, 8, 0, 0.06%, 9, 0, 8, 369.84
1733575373, 41, 73, 77, 8, 0, 0.06%, 9, 0, 8, 370.26
1733575378, 41, 74, 77, 8, 0, 0.06%, 9, 0, 8, 364.53
1733575389, 41, 75, 77, 8, 0, 0.06%, 9, 0, 8, 345.01
1733575394, 41, 76, 77, 8, 0, 0.06%, 9, 0, 8, 356.34
1733575399, 42, 14, 77, 8, 0, 0.06%, 9, 0, 8, 300.44
1733575404, 42, 16, 77, 8, 0, 0.06%, 9, 0, 8, 288.72
1733575409, 42, 24, 77, 8, 0, 0.06%, 9, 0, 8, 335.68
1733575414, 42, 26, 77, 8, 0, 0.06%, 9, 0, 8, 370.53
1733575419, 42, 30, 77, 8, 0, 0.06%, 9, 0, 8, 343.44
1733575424, 42, 31, 77, 8, 0, 0.06%, 9, 0, 8, 352.10
1733575429, 42, 32, 77, 8, 0, 0.06%, 9, 0, 8, 323.15
1733575435, 42, 34, 77, 8, 0, 0.06%, 9, 0, 8, 339.63
1733575440, 42, 35, 77, 8, 0, 0.06%, 9, 0, 8, 354.43
1733575445, 42, 36, 77, 8, 0, 0.06%, 9, 0, 8, 372.28
1733575450, 42, 37, 77, 8, 0, 0.06%, 9, 0, 8, 352.35
1733575455, 42, 38, 77, 8, 0, 0.06%, 9, 0, 8, 324.14
1733575460, 42, 39, 77, 8, 0, 0.06%, 9, 0, 8, 338.99
1733575465, 42, 41, 77, 8, 0, 0.06%, 9, 0, 8, 361.37
1733575470, 42, 42, 77, 8, 0, 0.06%, 9, 0, 8, 348.88
1733575480, 42, 45, 77, 8, 0, 0.06%, 9, 0, 8, 316.66
1733575486, 42, 46, 77, 8, 0, 0.06%, 9, 0, 8, 312.29
1733575491, 42, 47, 77, 8, 0, 0.06%, 9, 0, 8, 259.07
1733575501, 42, 48, 77, 8, 0, 0.06%, 9, 0, 8, 320.91
1733575506, 42, 49, 77, 8, 0, 0.06%, 9, 0, 8, 305.83
1733575511, 42, 50, 77, 8, 0, 0.06%, 9, 0, 8, 350.31
1733575516, 42, 51, 77, 8, 0, 0.06%, 9, 0, 8, 346.92
1733575521, 42, 52, 77, 8, 0, 0.06%, 9, 0, 8, 349.98
1733575526, 42, 53, 77, 8, 0, 0.06%, 9, 0, 8, 325.06
1733575536, 42, 54, 77, 8, 0, 0.06%, 9, 0, 8, 374.70
1733575541, 42, 55, 77, 8, 0, 0.06%, 9, 0, 8, 361.16
1733575546, 42, 60, 77, 8, 0, 0.06%, 9, 0, 8, 355.97
1733575551, 42, 61, 77, 8, 0, 0.06%, 9, 0, 8, 337.23
1733575556, 42, 62, 77, 8, 0, 0.06%, 9, 0, 8, 381.06
1733575571, 42, 63, 77, 8, 0, 0.06%, 9, 0, 8, 350.16
1733575577, 42, 64, 77, 8, 0, 0.06%, 9, 0, 8, 326.87
1733575582, 42, 66, 77, 8, 0, 0.06%, 9, 0, 8, 324.84
1733575587, 42, 67, 77, 8, 0, 0.06%, 9, 0, 8, 343.47
1733575597, 42, 68, 77, 8, 0, 0.06%, 9, 0, 8, 358.60
1733575602, 42, 69, 77, 8, 0, 0.06%, 9, 0, 8, 337.62
1733575607, 42, 70, 77, 8, 0, 0.06%, 9, 0, 8, 318.41
1733575617, 42, 71, 77, 8, 0, 0.06%, 9, 0, 8, 328.83
1733575622, 42, 72, 77, 8, 0, 0.06%, 9, 0, 8, 364.52
1733575627, 42, 73, 77, 8, 0, 0.06%, 9, 0, 8, 359.85
1733575633, 42, 74, 77, 8, 0, 0.06%, 9, 0, 8, 375.30
1733575638, 42, 75, 77, 8, 0, 0.06%, 9, 0, 8, 351.96
1733575643, 42, 76, 77, 8, 0, 0.06%, 9, 0, 8, 329.44
1733575648, 43, 12, 77, 8, 0, 0.06%, 9, 0, 8, 318.42
1733575653, 43, 15, 77, 8, 0, 0.06%, 9, 0, 8, 289.70
1733575658, 43, 21, 77, 8, 0, 0.06%, 9, 0, 8, 309.71
1733575663, 43, 24, 77, 8, 0, 0.06%, 9, 0, 8, 367.27
1733575668, 43, 26, 77, 8, 0, 0.06%, 9, 0, 8, 342.72
1733575673, 43, 30, 77, 8, 0, 0.06%, 9, 0, 8, 345.86
1733575678, 43, 31, 77, 8, 0, 0.06%, 9, 0, 8, 349.07
1733575684, 43, 33, 77, 8, 0, 0.06%, 9, 0, 8, 317.89
1733575689, 43, 34, 77, 8, 0, 0.06%, 9, 0, 8, 361.70
1733575694, 43, 35, 77, 8, 0, 0.06%, 9, 0, 8, 351.90
1733575699, 43, 36, 77, 8, 0, 0.06%, 9, 0, 8, 353.24
1733575704, 43, 37, 77, 8, 0, 0.06%, 9, 0, 8, 334.16
1733575709, 43, 38, 77, 8, 0, 0.06%, 9, 0, 8, 327.41
1733575714, 43, 40, 77, 8, 0, 0.06%, 9, 0, 8, 328.89
1733575719, 43, 41, 77, 8, 0, 0.06%, 9, 0, 8, 345.04
1733575724, 43, 42, 77, 8, 0, 0.06%, 9, 0, 8, 326.95
1733575734, 43, 45, 77, 8, 0, 0.06%, 9, 0, 8, 324.07
1733575739, 43, 47, 77, 8, 0, 0.06%, 9, 0, 8, 415.65
1733575755, 43, 48, 77, 8, 0, 0.06%, 9, 0, 8, 314.68
1733575760, 43, 49, 77, 8, 0, 0.06%, 9, 0, 8, 294.20
1733575765, 43, 50, 77, 8, 0, 0.06%, 9, 0, 8, 336.56
1733575770, 43, 51, 77, 8, 0, 0.06%, 9, 0, 8, 344.79
1733575775, 43, 53, 77, 8, 0, 0.06%, 9, 0, 8, 336.36
1733575790, 43, 54, 77, 8, 0, 0.06%, 9, 0, 8, 345.09
1733575795, 43, 55, 77, 8, 0, 0.06%, 9, 0, 8, 336.28
1733575800, 43, 60, 77, 8, 0, 0.06%, 9, 0, 8, 331.14
1733575805, 43, 61, 77, 8, 0, 0.06%, 9, 0, 8, 326.50
1733575810, 43, 62, 77, 8, 0, 0.06%, 9, 0, 8, 279.01
1733575821, 43, 63, 77, 8, 0, 0.06%, 9, 0, 8, 359.53
1733575826, 43, 64, 77, 8, 0, 0.06%, 9, 0, 8, 368.56
1733575831, 43, 65, 77, 8, 0, 0.06%, 9, 0, 8, 355.74
1733575836, 43, 66, 77, 8, 0, 0.06%, 9, 0, 8, 353.75
1733575841, 43, 67, 77, 8, 0, 0.06%, 9, 0, 8, 379.02
1733575846, 43, 68, 77, 8, 0, 0.06%, 9, 0, 8, 334.34
1733575856, 43, 69, 77, 8, 0, 0.06%, 9, 0, 8, 352.63
1733575861, 43, 70, 77, 8, 0, 0.06%, 9, 0, 8, 368.53
1733575866, 43, 71, 77, 8, 0, 0.06%, 9, 0, 8, 363.83
1733575871, 43, 72, 77, 8, 0, 0.06%, 9, 0, 8, 362.94
1733575876, 43, 73, 77, 8, 0, 0.06%, 9, 0, 8, 323.07
1733575881, 43, 74, 77, 8, 0, 0.06%, 9, 0, 8, 321.66
1733575891, 43, 75, 77, 8, 0, 0.06%, 9, 0, 8, 360.78
1733575896, 43, 76, 77, 8, 0, 0.06%, 9, 0, 8, 369.07
1733575902, 44, 12, 77, 8, 0, 0.06%, 9, 0, 8, 312.24
1733575907, 44, 15, 77, 8, 0, 0.06%, 9, 0, 8, 300.23
1733575912, 44, 21, 77, 8, 0, 0.06%, 9, 0, 8, 333.56
1733575917, 44, 24, 77, 8, 0, 0.06%, 9, 0, 8, 336.53
1733575922, 44, 26, 77, 8, 0, 0.06%, 9, 0, 8, 333.83
1733575927, 44, 30, 77, 8, 0, 0.06%, 9, 0, 8, 334.02
1733575932, 44, 32, 77, 8, 0, 0.06%, 9, 0, 8, 348.64
1733575937, 44, 33, 77, 8, 0, 0.06%, 9, 0, 8, 370.78
1733575942, 44, 34, 77, 8, 0, 0.06%, 9, 0, 8, 345.24
1733575947, 44, 35, 77, 8, 0, 0.06%, 9, 0, 8, 324.02
1733575952, 44, 36, 77, 8, 0, 0.06%, 9, 0, 8, 328.43
1733575957, 44, 38, 77, 8, 0, 0.06%, 9, 0, 8, 350.69
1733575962, 44, 39, 77, 8, 0, 0.06%, 9, 0, 8, 341.64
1733575967, 44, 40, 77, 8, 0, 0.06%, 9, 0, 8, 361.78
1733575972, 44, 41, 77, 8, 0, 0.06%, 9, 0, 8, 356.98
1733575978, 44, 42, 77, 8, 0, 0.06%, 9, 0, 8, 332.28
1733575983, 44, 45, 77, 8, 0, 0.06%, 9, 0, 8, 332.82
1733575988, 44, 46, 77, 8, 0, 0.06%, 9, 0, 8, 367.43
1733575993, 44, 47, 77, 8, 0, 0.06%, 9, 0, 8, 392.17
1733576003, 44, 48, 77, 8, 0, 0.06%, 9, 0, 8, 349.77
1733576013, 44, 49, 77, 8, 0, 0.06%, 9, 0, 8, 300.78
1733576018, 44, 51, 77, 8, 0, 0.06%, 9, 0, 8, 343.24
1733576028, 44, 53, 77, 8, 0, 0.06%, 9, 0, 8, 345.61
1733576043, 44, 54, 77, 8, 0, 0.06%, 9, 0, 8, 355.71
1733576048, 44, 60, 77, 8, 0, 0.06%, 9, 0, 8, 338.82
1733576059, 44, 62, 77, 8, 0, 0.06%, 9, 0, 8, 354.21
1733576074, 44, 63, 77, 8, 0, 0.06%, 9, 0, 8, 374.99
1733576079, 44, 64, 77, 8, 0, 0.06%, 9, 0, 8, 376.97
1733576084, 44, 65, 77, 8, 0, 0.06%, 9, 0, 8, 367.94
1733576089, 44, 66, 77, 8, 0, 0.06%, 9, 0, 8, 358.50
1733576094, 44, 67, 77, 8, 0, 0.06%, 9, 0, 8, 363.38
1733576099, 44, 68, 77, 8, 0, 0.06%, 9, 0, 8, 351.70
1733576109, 44, 70, 77, 8, 0, 0.06%, 9, 0, 8, 370.83
1733576114, 44, 71, 77, 8, 0, 0.06%, 9, 0, 8, 363.46
1733576125, 44, 72, 77, 8, 0, 0.06%, 9, 0, 8, 349.02
1733576130, 44, 73, 77, 8, 0, 0.06%, 9, 0, 8, 335.77
1733576135, 44, 74, 77, 8, 0, 0.06%, 9, 0, 8, 378.45
1733576140, 44, 75, 77, 8, 0, 0.06%, 9, 0, 8, 321.06
1733576145, 44, 76, 77, 8, 0, 0.06%, 9, 0, 8, 336.89
1733576150, 45, 12, 77, 8, 0, 0.06%, 9, 0, 8, 332.69
1733576155, 45, 15, 77, 8, 0, 0.06%, 9, 0, 8, 289.68
1733576160, 45, 21, 77, 8, 0, 0.06%, 9, 0, 8, 305.79
1733576165, 45, 24, 77, 8, 0, 0.06%, 9, 0, 8, 367.07
1733576170, 45, 26, 77, 8, 0, 0.06%, 9, 0, 8, 352.74
1733576175, 45, 30, 77, 8, 0, 0.06%, 9, 0, 8, 334.81
1733576181, 45, 31, 77, 8, 0, 0.06%, 9, 0, 8, 329.04
1733576186, 45, 32, 77, 8, 0, 0.06%, 9, 0, 8, 320.76
1733576191, 45, 34, 77, 8, 0, 0.06%, 9, 0, 8, 327.63
1733576196, 45, 35, 77, 8, 0, 0.06%, 9, 0, 8, 358.59
1733576201, 45, 36, 77, 8, 0, 0.06%, 9, 0, 8, 357.56
1733576206, 45, 37, 77, 8, 0, 0.06%, 9, 0, 8, 343.98
1733576211, 45, 38, 77, 8, 0, 0.06%, 9, 0, 8, 324.91
1733576216, 45, 39, 77, 8, 0, 0.06%, 9, 0, 8, 327.85
1733576221, 45, 40, 77, 8, 0, 0.06%, 9, 0, 8, 336.69
1733576226, 45, 42, 77, 8, 0, 0.06%, 9, 0, 8, 374.29
1733576236, 45, 45, 77, 8, 0, 0.06%, 9, 0, 8, 347.27
1733576241, 45, 47, 77, 8, 0, 0.06%, 9, 0, 8, 356.98
1733576256, 45, 48, 77, 8, 0, 0.06%, 9, 0, 8, 324.73
1733576261, 45, 49, 77, 8, 0, 0.06%, 9, 0, 8, 313.67
1733576267, 45, 50, 77, 8, 0, 0.06%, 9, 0, 8, 331.90
1733576272, 45, 51, 77, 8, 0, 0.06%, 9, 0, 8, 340.93
1733576277, 45, 52, 77, 8, 0, 0.06%, 9, 0, 8, 336.91
1733576282, 45, 53, 77, 8, 0, 0.06%, 9, 0, 8, 289.63
1733576292, 45, 54, 77, 8, 0, 0.06%, 9, 0, 8, 354.67
1733576297, 45, 55, 77, 8, 0, 0.06%, 9, 0, 8, 344.66
1733576302, 45, 60, 77, 8, 0, 0.06%, 9, 0, 8, 345.35
1733576307, 45, 61, 77, 8, 0, 0.06%, 9, 0, 8, 334.89
1733576312, 45, 62, 77, 8, 0, 0.06%, 9, 0, 8, 318.42
1733576322, 45, 63, 77, 8, 0, 0.06%, 9, 0, 8, 345.40
1733576327, 45, 64, 77, 8, 0, 0.06%, 9, 0, 8, 365.30
1733576332, 45, 65, 77, 8, 0, 0.06%, 9, 0, 8, 383.61
1733576337, 45, 66, 77, 8, 0, 0.06%, 9, 0, 8, 367.01
1733576343, 45, 67, 77, 8, 0, 0.06%, 9, 0, 8, 365.66
1733576353, 45, 68, 77, 8, 0, 0.06%, 9, 0, 8, 334.23
1733576358, 45, 69, 77, 8, 0, 0.06%, 9, 0, 8, 366.51
1733576363, 45, 70, 77, 8, 0, 0.06%, 9, 0, 8, 386.84
1733576368, 45, 71, 77, 8, 0, 0.06%, 9, 0, 8, 372.50
1733576373, 45, 72, 77, 8, 0, 0.06%, 9, 0, 8, 303.64
1733576378, 45, 73, 77, 8, 0, 0.06%, 9, 0, 8, 330.54
1733576383, 45, 74, 77, 8, 0, 0.06%, 9, 0, 8, 340.54
1733576393, 45, 75, 77, 8, 0, 0.06%, 9, 0, 8, 361.38
1733576398, 45, 76, 77, 8, 0, 0.06%, 9, 0, 8, 376.34
1733576403, 46, 14, 77, 8, 0, 0.06%, 9, 0, 8, 317.39
1733576408, 46, 16, 77, 8, 0, 0.06%, 9, 0, 8, 299.94
1733576413, 46, 21, 77, 8, 0, 0.06%, 9, 0, 8, 321.11
1733576419, 46, 24, 77, 8, 0, 0.06%, 9, 0, 8, 310.09
1733576424, 46, 30, 77, 8, 0, 0.06%, 9, 0, 8, 324.72
1733576429, 46, 31, 77, 8, 0, 0.06%, 9, 0, 8, 369.11
1733576434, 46, 32, 77, 8, 0, 0.06%, 9, 0, 8, 347.73
1733576439, 46, 33, 77, 8, 0, 0.06%, 9, 0, 8, 336.71
1733576444, 46, 34, 77, 8, 0, 0.06%, 9, 0, 8, 325.10
1733576449, 46, 35, 77, 8, 0, 0.06%, 9, 0, 8, 333.78
1733576454, 46, 37, 77, 8, 0, 0.06%, 9, 0, 8, 348.14
1733576459, 46, 38, 77, 8, 0, 0.06%, 9, 0, 8, 332.19
1733576465, 46, 39, 77, 8, 0, 0.06%, 9, 0, 8, 362.12
1733576470, 46, 40, 77, 8, 0, 0.06%, 9, 0, 8, 337.19
1733576475, 46, 41, 77, 8, 0, 0.06%, 9, 0, 8, 349.19
1733576480, 46, 42, 77, 8, 0, 0.06%, 9, 0, 8, 360.04
1733576485, 46, 45, 77, 8, 0, 0.06%, 9, 0, 8, 376.19
1733576490, 46, 46, 77, 8, 0, 0.06%, 9, 0, 8, 353.91
1733576495, 46, 47, 77, 8, 0, 0.06%, 9, 0, 8, 327.83
1733576505, 46, 48, 77, 8, 0, 0.06%, 9, 0, 8, 332.34
1733576510, 46, 49, 77, 8, 0, 0.06%, 9, 0, 8, 309.57
1733576515, 46, 50, 77, 8, 0, 0.06%, 9, 0, 8, 333.70
1733576521, 46, 51, 77, 8, 0, 0.06%, 9, 0, 8, 320.43
1733576526, 46, 52, 77, 8, 0, 0.06%, 9, 0, 8, 379.55
1733576531, 46, 53, 77, 8, 0, 0.06%, 9, 0, 8, 406.80
1733576541, 46, 54, 77, 8, 0, 0.06%, 9, 0, 8, 339.94
1733576546, 46, 55, 77, 8, 0, 0.06%, 9, 0, 8, 379.38
1733576551, 46, 60, 77, 8, 0, 0.06%, 9, 0, 8, 366.12
1733576556, 46, 61, 77, 8, 0, 0.06%, 9, 0, 8, 357.08
1733576561, 46, 62, 77, 8, 0, 0.06%, 9, 0, 8, 376.68
1733576577, 46, 63, 77, 8, 0, 0.06%, 9, 0, 8, 354.43
1733576582, 46, 65, 77, 8, 0, 0.06%, 9, 0, 8, 354.95
1733576587, 46, 66, 77, 8, 0, 0.06%, 9, 0, 8, 351.38
1733576592, 46, 67, 77, 8, 0, 0.06%, 9, 0, 8, 319.55
1733576602, 46, 68, 77, 8, 0, 0.06%, 9, 0, 8, 361.39
1733576607, 46, 69, 77, 8, 0, 0.06%, 9, 0, 8, 302.96
1733576612, 46, 70, 77, 8, 0, 0.06%, 9, 0, 8, 345.45
1733576617, 46, 71, 77, 8, 0, 0.06%, 9, 0, 8, 340.63
1733576627, 46, 72, 77, 8, 0, 0.06%, 9, 0, 8, 370.09
1733576632, 46, 73, 77, 8, 0, 0.06%, 9, 0, 8, 355.89
1733576637, 46, 74, 77, 8, 0, 0.06%, 9, 0, 8, 364.55
1733576642, 46, 75, 77, 8, 0, 0.06%, 9, 0, 8, 359.54
1733576647, 46, 76, 77, 8, 0, 0.06%, 9, 0, 8, 338.37
1733576652, 47, 12, 77, 8, 0, 0.06%, 9, 0, 8, 335.95
1733576658, 47, 15, 77, 8, 0, 0.06%, 9, 0, 8, 290.22
1733576663, 47, 21, 77, 8, 0, 0.06%, 9, 0, 8, 301.06
1733576668, 47, 24, 77, 8, 0, 0.06%, 9, 0, 8, 354.53
1733576673, 47, 26, 77, 8, 0, 0.06%, 9, 0, 8, 358.65
1733576678, 47, 30, 77, 8, 0, 0.06%, 9, 0, 8, 328.98
1733576683, 47, 31, 77, 8, 0, 0.06%, 9, 0, 8, 328.20
1733576688, 47, 32, 77, 8, 0, 0.06%, 9, 0, 8, 324.87
1733576693, 47, 33, 77, 8, 0, 0.06%, 9, 0, 8, 325.34
1733576698, 47, 35, 77, 8, 0, 0.06%, 9, 0, 8, 316.14
1733576703, 47, 36, 77, 8, 0, 0.06%, 9, 0, 8, 352.97
1733576708, 47, 37, 77, 8, 0, 0.06%, 9, 0, 8, 362.55
1733576713, 47, 38, 77, 8, 0, 0.06%, 9, 0, 8, 338.30
1733576718, 47, 39, 77, 8, 0, 0.06%, 9, 0, 8, 339.12
1733576723, 47, 40, 77, 8, 0, 0.06%, 9, 0, 8, 328.52
1733576728, 47, 41, 77, 8, 0, 0.06%, 9, 0, 8, 346.81
1733576733, 47, 42, 77, 8, 0, 0.06%, 9, 0, 8, 355.79
1733576739, 47, 45, 77, 8, 0, 0.06%, 9, 0, 8, 360.49
1733576744, 47, 46, 77, 8, 0, 0.06%, 9, 0, 8, 324.63
1733576749, 47, 47, 77, 8, 0, 0.06%, 9, 0, 8, 290.46
1733576759, 47, 48, 77, 8, 0, 0.06%, 9, 0, 8, 321.90
1733576764, 47, 49, 77, 8, 0, 0.06%, 9, 0, 8, 302.26
1733576769, 47, 50, 77, 8, 0, 0.06%, 9, 0, 8, 300.73
1733576774, 47, 51, 77, 8, 0, 0.06%, 9, 0, 8, 334.48
1733576779, 47, 52, 77, 8, 0, 0.06%, 9, 0, 8, 341.97
1733576784, 47, 53, 77, 8, 0, 0.06%, 9, 0, 8, 407.65
1733576800, 47, 55, 77, 8, 0, 0.06%, 9, 0, 8, 387.86
1733576805, 47, 60, 77, 8, 0, 0.06%, 9, 0, 8, 356.80
1733576810, 47, 61, 77, 8, 0, 0.06%, 9, 0, 8, 372.70
1733576815, 47, 62, 77, 8, 0, 0.06%, 9, 0, 8, 392.23
1733576830, 47, 63, 77, 8, 0, 0.06%, 9, 0, 8, 355.75
1733576835, 47, 64, 77, 8, 0, 0.06%, 9, 0, 8, 332.09
1733576840, 47, 66, 77, 8, 0, 0.06%, 9, 0, 8, 339.84
1733576846, 47, 67, 77, 8, 0, 0.06%, 9, 0, 8, 327.24
1733576856, 47, 68, 77, 8, 0, 0.06%, 9, 0, 8, 373.29
1733576861, 47, 69, 77, 8, 0, 0.06%, 9, 0, 8, 339.99
1733576866, 47, 70, 77, 8, 0, 0.06%, 9, 0, 8, 310.62
1733576871, 47, 71, 77, 8, 0, 0.06%, 9, 0, 8, 325.68
1733576881, 47, 72, 77, 8, 0, 0.06%, 9, 0, 8, 347.28
1733576886, 47, 73, 77, 8, 0, 0.06%, 9, 0, 8, 339.78
1733576891, 47, 74, 77, 8, 0, 0.06%, 9, 0, 8, 380.07
1733576896, 47, 75, 77, 8, 0, 0.06%, 9, 0, 8, 340.39
1733576901, 47, 76, 77, 8, 0, 0.06%, 9, 0, 8, 324.36
1733576906, 48, 12, 77, 8, 0, 0.06%, 9, 0, 8, 332.43
1733576911, 48, 15, 77, 8, 0, 0.06%, 9, 0, 8, 285.07
1733576916, 48, 16, 77, 8, 0, 0.06%, 9, 0, 8, 267.70
1733576922, 48, 24, 77, 8, 0, 0.06%, 9, 0, 8, 335.37
1733576927, 48, 26, 77, 8, 0, 0.06%, 9, 0, 8, 370.25
1733576932, 48, 30, 77, 8, 0, 0.06%, 9, 0, 8, 342.99
1733576937, 48, 31, 77, 8, 0, 0.06%, 9, 0, 8, 316.64
1733576942, 48, 32, 77, 8, 0, 0.06%, 9, 0, 8, 331.57
1733576947, 48, 33, 77, 8, 0, 0.06%, 9, 0, 8, 320.41
1733576952, 48, 35, 77, 8, 0, 0.06%, 9, 0, 8, 350.69
1733576958, 48, 36, 77, 8, 0, 0.06%, 9, 0, 8, 364.01
1733576963, 48, 37, 77, 8, 0, 0.06%, 9, 0, 8, 347.91
1733576968, 48, 38, 77, 8, 0, 0.06%, 9, 0, 8, 329.40
1733576973, 48, 39, 77, 8, 0, 0.06%, 9, 0, 8, 332.01
1733576978, 48, 41, 77, 8, 0, 0.06%, 9, 0, 8, 355.02
1733576983, 48, 42, 77, 8, 0, 0.06%, 9, 0, 8, 346.22
1733576993, 48, 45, 77, 8, 0, 0.06%, 9, 0, 8, 339.67
1733576998, 48, 47, 77, 8, 0, 0.06%, 9, 0, 8, 345.54
1733577013, 48, 48, 77, 8, 0, 0.06%, 9, 0, 8, 321.62
1733577018, 48, 49, 77, 8, 0, 0.06%, 9, 0, 8, 298.16
1733577023, 48, 50, 77, 8, 0, 0.06%, 9, 0, 8, 321.96
1733577029, 48, 51, 77, 8, 0, 0.06%, 9, 0, 8, 343.77
1733577034, 48, 52, 77, 8, 0, 0.06%, 9, 0, 8, 322.92
1733577039, 48, 53, 77, 8, 0, 0.06%, 9, 0, 8, 313.11
1733577049, 48, 54, 77, 8, 0, 0.06%, 9, 0, 8, 365.36
1733577054, 48, 55, 77, 8, 0, 0.06%, 9, 0, 8, 357.93
1733577059, 48, 60, 77, 8, 0, 0.06%, 9, 0, 8, 348.51
1733577064, 48, 61, 77, 8, 0, 0.06%, 9, 0, 8, 368.38
1733577069, 48, 62, 77, 8, 0, 0.06%, 9, 0, 8, 339.18
1733577080, 48, 63, 77, 8, 0, 0.06%, 9, 0, 8, 345.08
1733577090, 48, 65, 77, 8, 0, 0.06%, 9, 0, 8, 335.76
1733577095, 48, 66, 77, 8, 0, 0.06%, 9, 0, 8, 333.52
1733577100, 48, 67, 77, 8, 0, 0.06%, 9, 0, 8, 310.69
1733577110, 48, 68, 77, 8, 0, 0.06%, 9, 0, 8, 361.18
1733577115, 48, 69, 77, 8, 0, 0.06%, 9, 0, 8, 314.17
1733577120, 48, 70, 77, 8, 0, 0.06%, 9, 0, 8, 328.50
1733577125, 48, 71, 77, 8, 0, 0.06%, 9, 0, 8, 321.83
1733577135, 48, 72, 77, 8, 0, 0.06%, 9, 0, 8, 352.57
1733577140, 48, 73, 77, 8, 0, 0.06%, 9, 0, 8, 359.30
1733577145, 48, 74, 77, 8, 0, 0.06%, 9, 0, 8, 370.41
1733577150, 48, 75, 77, 8, 0, 0.06%, 9, 0, 8, 341.29
1733577155, 48, 76, 77, 8, 0, 0.06%, 9, 0, 8, 338.50
1733577160, 49, 12, 77, 8, 0, 0.06%, 9, 0, 8, 324.60
1733577165, 49, 15, 77, 8, 0, 0.06%, 9, 0, 8, 288.06
1733577171, 49, 21, 77, 8, 0, 0.06%, 9, 0, 8, 338.59
1733577176, 49, 24, 77, 8, 0, 0.06%, 9, 0, 8, 368.16
1733577181, 49, 26, 77, 8, 0, 0.06%, 9, 0, 8, 360.66
1733577186, 49, 30, 77, 8, 0, 0.06%, 9, 0, 8, 331.09
1733577191, 49, 31, 77, 8, 0, 0.06%, 9, 0, 8, 311.68
1733577196, 49, 32, 77, 8, 0, 0.06%, 9, 0, 8, 331.12
1733577201, 49, 34, 77, 8, 0, 0.06%, 9, 0, 8, 348.07
1733577206, 49, 35, 77, 8, 0, 0.06%, 9, 0, 8, 339.79
1733577211, 49, 36, 77, 8, 0, 0.06%, 9, 0, 8, 361.34
1733577216, 49, 37, 77, 8, 0, 0.06%, 9, 0, 8, 351.10
1733577221, 49, 38, 77, 8, 0, 0.06%, 9, 0, 8, 327.50
1733577226, 49, 39, 77, 8, 0, 0.06%, 9, 0, 8, 334.28
1733577231, 49, 41, 77, 8, 0, 0.06%, 9, 0, 8, 358.16
1733577236, 49, 42, 77, 8, 0, 0.06%, 9, 0, 8, 336.06
1733577247, 49, 46, 77, 8, 0, 0.06%, 9, 0, 8, 350.81
1733577252, 49, 47, 77, 8, 0, 0.06%, 9, 0, 8, 397.31
1733577267, 49, 48, 77, 8, 0, 0.06%, 9, 0, 8, 313.38
1733577272, 49, 49, 77, 8, 0, 0.06%, 9, 0, 8, 291.02
1733577277, 49, 50, 77, 8, 0, 0.06%, 9, 0, 8, 323.43
1733577282, 49, 51, 77, 8, 0, 0.06%, 9, 0, 8, 331.85
1733577288, 49, 52, 77, 8, 0, 0.06%, 9, 0, 8, 342.13
1733577293, 49, 53, 77, 8, 0, 0.06%, 9, 0, 8, 281.41
1733577303, 49, 54, 77, 8, 0, 0.06%, 9, 0, 8, 357.44
1733577308, 49, 55, 77, 8, 0, 0.06%, 9, 0, 8, 346.64
1733577313, 49, 60, 77, 8, 0, 0.06%, 9, 0, 8, 332.99
1733577318, 49, 61, 77, 8, 0, 0.06%, 9, 0, 8, 324.54
1733577323, 49, 62, 77, 8, 0, 0.06%, 9, 0, 8, 292.38
1733577333, 49, 63, 77, 8, 0, 0.06%, 9, 0, 8, 365.95
1733577338, 49, 64, 77, 8, 0, 0.06%, 9, 0, 8, 390.01
1733577343, 49, 65, 77, 8, 0, 0.06%, 9, 0, 8, 366.43
1733577348, 49, 66, 77, 8, 0, 0.06%, 9, 0, 8, 359.07
1733577354, 49, 67, 77, 8, 0, 0.06%, 9, 0, 8, 368.35
1733577359, 49, 68, 77, 8, 0, 0.06%, 9, 0, 8, 316.54
1733577369, 49, 69, 77, 8, 0, 0.06%, 9, 0, 8, 356.30
1733577374, 49, 70, 77, 8, 0, 0.06%, 9, 0, 8, 353.26
1733577379, 49, 71, 77, 8, 0, 0.06%, 9, 0, 8, 356.01
1733577384, 49, 72, 77, 8, 0, 0.06%, 9, 0, 8, 365.71
1733577389, 49, 73, 77, 8, 0, 0.06%, 9, 0, 8, 374.12
1733577394, 49, 74, 77, 8, 0, 0.06%, 9, 0, 8, 378.07
1733577404, 49, 75, 77, 8, 0, 0.06%, 9, 0, 8, 325.71
1733577409, 49, 76, 77, 8, 0, 0.06%, 9, 0, 8, 349.60
1733577414, 50, 14, 77, 8, 0, 0.06%, 9, 0, 8, 296.21
1733577419, 50, 16, 77, 8, 0, 0.06%, 9, 0, 8, 284.93
1733577424, 50, 21, 77, 8, 0, 0.06%, 9, 0, 8, 321.86
1733577429, 50, 24, 77, 8, 0, 0.06%, 9, 0, 8, 330.54
1733577435, 50, 30, 77, 8, 0, 0.06%, 9, 0, 8, 361.59
1733577440, 50, 31, 77, 8, 0, 0.06%, 9, 0, 8, 358.90
1733577445, 50, 32, 77, 8, 0, 0.06%, 9, 0, 8, 344.26
1733577450, 50, 33, 77, 8, 0, 0.06%, 9, 0, 8, 342.31
1733577455, 50, 34, 77, 8, 0, 0.06%, 9, 0, 8, 345.96
1733577460, 50, 36, 77, 8, 0, 0.06%, 9, 0, 8, 335.80
1733577465, 50, 37, 77, 8, 0, 0.06%, 9, 0, 8, 368.42
1733577470, 50, 38, 77, 8, 0, 0.06%, 9, 0, 8, 354.03
1733577475, 50, 39, 77, 8, 0, 0.06%, 9, 0, 8, 344.32
1733577480, 50, 40, 77, 8, 0, 0.06%, 9, 0, 8, 347.01
1733577485, 50, 41, 77, 8, 0, 0.06%, 9, 0, 8, 331.13
1733577490, 50, 42, 77, 8, 0, 0.06%, 9, 0, 8, 367.96
1733577495, 50, 45, 77, 8, 0, 0.06%, 9, 0, 8, 362.57
1733577500, 50, 46, 77, 8, 0, 0.06%, 9, 0, 8, 346.30
1733577506, 50, 47, 77, 8, 0, 0.06%, 9, 0, 8, 299.71
1733577516, 50, 48, 77, 8, 0, 0.06%, 9, 0, 8, 319.97
1733577521, 50, 49, 77, 8, 0, 0.06%, 9, 0, 8, 303.54
1733577526, 50, 50, 77, 8, 0, 0.06%, 9, 0, 8, 326.55
1733577531, 50, 51, 77, 8, 0, 0.06%, 9, 0, 8, 338.60
1733577536, 50, 52, 77, 8, 0, 0.06%, 9, 0, 8, 361.16
1733577541, 50, 53, 77, 8, 0, 0.06%, 9, 0, 8, 401.90
1733577556, 50, 55, 77, 8, 0, 0.06%, 9, 0, 8, 349.66
1733577561, 50, 60, 77, 8, 0, 0.06%, 9, 0, 8, 328.39
1733577566, 50, 61, 77, 8, 0, 0.06%, 9, 0, 8, 327.74
1733577571, 50, 62, 77, 8, 0, 0.06%, 9, 0, 8, 383.80
1733577586, 50, 63, 77, 8, 0, 0.06%, 9, 0, 8, 370.04
1733577591, 50, 64, 77, 8, 0, 0.06%, 9, 0, 8, 349.50
1733577596, 50, 65, 77, 8, 0, 0.06%, 9, 0, 8, 359.78
1733577601, 50, 66, 77, 8, 0, 0.06%, 9, 0, 8, 345.84
1733577606, 50, 67, 77, 8, 0, 0.06%, 9, 0, 8, 357.28
1733577611, 50, 68, 77, 8, 0, 0.06%, 9, 0, 8, 339.52
1733577622, 50, 69, 77, 8, 0, 0.06%, 9, 0, 8, 346.94
1733577627, 50, 70, 77, 8, 0, 0.06%, 9, 0, 8, 353.45
1733577632, 50, 71, 77, 8, 0, 0.06%, 9, 0, 8, 346.17
1733577637, 50, 72, 77, 8, 0, 0.06%, 9, 0, 8, 371.27
1733577642, 50, 73, 77, 8, 0, 0.06%, 9, 0, 8, 380.87
1733577647, 50, 74, 77, 8, 0, 0.06%, 9, 0, 8, 388.69
1733577652, 50, 75, 77, 8, 0, 0.06%, 9, 0, 8, 338.27
1733577657, 50, 76, 77, 8, 0, 0.06%, 9, 0, 8, 334.40
1733577662, 51, 12, 77, 8, 0, 0.06%, 9, 0, 8, 315.96
1733577667, 51, 15, 77, 8, 0, 0.06%, 9, 0, 8, 295.23
1733577672, 51, 21, 77, 8, 0, 0.06%, 9, 0, 8, 282.99
1733577677, 51, 24, 77, 8, 0, 0.06%, 9, 0, 8, 348.03
1733577682, 51, 26, 77, 8, 0, 0.06%, 9, 0, 8, 358.47
1733577687, 51, 30, 77, 8, 0, 0.06%, 9, 0, 8, 334.98
1733577693, 51, 31, 77, 8, 0, 0.06%, 9, 0, 8, 311.77
1733577698, 51, 32, 77, 8, 0, 0.06%, 9, 0, 8, 334.22
1733577703, 51, 33, 77, 8, 0, 0.06%, 9, 0, 8, 331.07
1733577708, 51, 35, 77, 8, 0, 0.06%, 9, 0, 8, 365.76
1733577713, 51, 36, 77, 8, 0, 0.06%, 9, 0, 8, 368.64
1733577718, 51, 37, 77, 8, 0, 0.06%, 9, 0, 8, 345.55
1733577723, 51, 38, 77, 8, 0, 0.06%, 9, 0, 8, 332.65
1733577728, 51, 39, 77, 8, 0, 0.06%, 9, 0, 8, 340.06
1733577733, 51, 40, 77, 8, 0, 0.06%, 9, 0, 8, 329.72
1733577738, 51, 42, 77, 8, 0, 0.06%, 9, 0, 8, 366.10
1733577748, 51, 45, 77, 8, 0, 0.06%, 9, 0, 8, 334.01
1733577754, 51, 46, 77, 8, 0, 0.06%, 9, 0, 8, 314.75
1733577759, 51, 47, 77, 8, 0, 0.06%, 9, 0, 8, 268.38
1733577769, 51, 48, 77, 8, 0, 0.06%, 9, 0, 8, 325.08
1733577774, 51, 49, 77, 8, 0, 0.06%, 9, 0, 8, 310.57
1733577779, 51, 50, 77, 8, 0, 0.06%, 9, 0, 8, 341.63
1733577784, 51, 51, 77, 8, 0, 0.06%, 9, 0, 8, 350.85
1733577789, 51, 52, 77, 8, 0, 0.06%, 9, 0, 8, 352.56
1733577795, 51, 53, 77, 8, 0, 0.06%, 9, 0, 8, 302.01
1733577805, 51, 54, 77, 8, 0, 0.06%, 9, 0, 8, 367.18
1733577810, 51, 55, 77, 8, 0, 0.06%, 9, 0, 8, 348.58
1733577815, 51, 60, 77, 8, 0, 0.06%, 9, 0, 8, 346.47
1733577820, 51, 61, 77, 8, 0, 0.06%, 9, 0, 8, 345.50
1733577825, 51, 62, 77, 8, 0, 0.06%, 9, 0, 8, 308.70
1733577835, 51, 63, 77, 8, 0, 0.06%, 9, 0, 8, 314.05
1733577840, 51, 64, 77, 8, 0, 0.06%, 9, 0, 8, 333.53
1733577845, 51, 65, 77, 8, 0, 0.06%, 9, 0, 8, 350.39
1733577850, 51, 66, 77, 8, 0, 0.06%, 9, 0, 8, 330.61
1733577856, 51, 67, 77, 8, 0, 0.06%, 9, 0, 8, 349.42
1733577866, 51, 68, 77, 8, 0, 0.06%, 9, 0, 8, 338.99
1733577871, 51, 69, 77, 8, 0, 0.06%, 9, 0, 8, 337.19
1733577876, 51, 70, 77, 8, 0, 0.06%, 9, 0, 8, 330.02
1733577881, 51, 71, 77, 8, 0, 0.06%, 9, 0, 8, 312.46
1733577886, 51, 72, 77, 8, 0, 0.06%, 9, 0, 8, 337.48
1733577896, 51, 73, 77, 8, 0, 0.06%, 9, 0, 8, 348.29
1733577901, 51, 74, 77, 8, 0, 0.06%, 9, 0, 8, 364.63
1733577906, 51, 75, 77, 8, 0, 0.06%, 9, 0, 8, 349.35
1733577911, 51, 76, 77, 8, 0, 0.06%, 9, 0, 8, 378.57
1733577917, 52, 12, 77, 8, 0, 0.06%, 9, 0, 8, 319.10
1733577922, 52, 15, 77, 8, 0, 0.06%, 9, 0, 8, 293.45
1733577927, 52, 21, 77, 8, 0, 0.06%, 9, 0, 8, 339.32
1733577932, 52, 24, 77, 8, 0, 0.06%, 9, 0, 8, 345.98
1733577937, 52, 26, 77, 8, 0, 0.06%, 9, 0, 8, 332.37
1733577942, 52, 31, 77, 8, 0, 0.06%, 9, 0, 8, 326.87
1733577947, 52, 32, 77, 8, 0, 0.06%, 9, 0, 8, 363.92
1733577952, 52, 33, 77, 8, 0, 0.06%, 9, 0, 8, 369.69
1733577957, 52, 34, 77, 8, 0, 0.06%, 9, 0, 8, 356.09
1733577962, 52, 35, 77, 8, 0, 0.06%, 9, 0, 8, 335.21
1733577968, 52, 36, 77, 8, 0, 0.06%, 9, 0, 8, 330.69
1733577973, 52, 38, 77, 8, 0, 0.06%, 9, 0, 8, 325.14
1733577978, 52, 39, 77, 8, 0, 0.06%, 9, 0, 8, 350.82
1733577983, 52, 40, 77, 8, 0, 0.06%, 9, 0, 8, 376.28
1733577988, 52, 41, 77, 8, 0, 0.06%, 9, 0, 8, 357.58
1733577993, 52, 42, 77, 8, 0, 0.06%, 9, 0, 8, 360.43
1733577998, 52, 45, 77, 8, 0, 0.06%, 9, 0, 8, 374.68
1733578003, 52, 46, 77, 8, 0, 0.06%, 9, 0, 8, 349.59
1733578008, 52, 47, 77, 8, 0, 0.06%, 9, 0, 8, 340.12
1733578018, 52, 48, 77, 8, 0, 0.06%, 9, 0, 8, 324.63
1733578023, 52, 49, 77, 8, 0, 0.06%, 9, 0, 8, 328.20
1733578029, 52, 50, 77, 8, 0, 0.06%, 9, 0, 8, 329.00
1733578034, 52, 51, 77, 8, 0, 0.06%, 9, 0, 8, 331.43
1733578039, 52, 52, 77, 8, 0, 0.06%, 9, 0, 8, 357.79
1733578044, 52, 53, 77, 8, 0, 0.06%, 9, 0, 8, 399.82
1733578054, 52, 54, 77, 8, 0, 0.06%, 9, 0, 8, 346.10
1733578059, 52, 55, 77, 8, 0, 0.06%, 9, 0, 8, 344.47
1733578064, 52, 60, 77, 8, 0, 0.06%, 9, 0, 8, 342.87
1733578069, 52, 61, 77, 8, 0, 0.06%, 9, 0, 8, 346.64
1733578074, 52, 62, 77, 8, 0, 0.06%, 9, 0, 8, 382.99
1733578090, 52, 63, 77, 8, 0, 0.06%, 9, 0, 8, 353.39
1733578095, 52, 64, 77, 8, 0, 0.06%, 9, 0, 8, 355.69
1733578100, 52, 66, 77, 8, 0, 0.06%, 9, 0, 8, 366.00
1733578105, 52, 67, 77, 8, 0, 0.06%, 9, 0, 8, 342.61
1733578115, 52, 68, 77, 8, 0, 0.06%, 9, 0, 8, 365.98
1733578120, 52, 69, 77, 8, 0, 0.06%, 9, 0, 8, 319.39
1733578125, 52, 70, 77, 8, 0, 0.06%, 9, 0, 8, 326.25
1733578136, 52, 71, 77, 8, 0, 0.06%, 9, 0, 8, 325.99
1733578141, 52, 72, 77, 8, 0, 0.06%, 9, 0, 8, 336.24
1733578146, 52, 73, 77, 8, 0, 0.06%, 9, 0, 8, 354.20
1733578151, 52, 74, 77, 8, 0, 0.06%, 9, 0, 8, 387.56
1733578156, 52, 75, 77, 8, 0, 0.06%, 9, 0, 8, 354.25
1733578161, 52, 76, 77, 8, 0, 0.06%, 9, 0, 8, 378.18
1733578166, 53, 12, 77, 8, 0, 0.06%, 9, 0, 8, 303.57
1733578171, 53, 15, 77, 8, 0, 0.06%, 9, 0, 8, 284.52
1733578176, 53, 21, 77, 8, 0, 0.06%, 9, 0, 8, 308.49
1733578181, 53, 24, 77, 8, 0, 0.06%, 9, 0, 8, 340.65
1733578186, 53, 26, 77, 8, 0, 0.06%, 9, 0, 8, 349.98
1733578191, 53, 30, 77, 8, 0, 0.06%, 9, 0, 8, 334.52
1733578197, 53, 31, 77, 8, 0, 0.06%, 9, 0, 8, 334.39
1733578202, 53, 32, 77, 8, 0, 0.06%, 9, 0, 8, 316.52
1733578207, 53, 33, 77, 8, 0, 0.06%, 9, 0, 8, 322.64
1733578212, 53, 34, 77, 8, 0, 0.06%, 9, 0, 8, 311.37
1733578217, 53, 36, 77, 8, 0, 0.06%, 9, 0, 8, 369.52
1733578222, 53, 37, 77, 8, 0, 0.06%, 9, 0, 8, 356.40
1733578227, 53, 38, 77, 8, 0, 0.06%, 9, 0, 8, 342.98
1733578232, 53, 39, 77, 8, 0, 0.06%, 9, 0, 8, 325.99
1733578237, 53, 40, 77, 8, 0, 0.06%, 9, 0, 8, 323.63
1733578242, 53, 41, 77, 8, 0, 0.06%, 9, 0, 8, 336.61
1733578247, 53, 42, 77, 8, 0, 0.06%, 9, 0, 8, 365.58
1733578252, 53, 45, 77, 8, 0, 0.06%, 9, 0, 8, 357.69
1733578257, 53, 46, 77, 8, 0, 0.06%, 9, 0, 8, 335.39
1733578262, 53, 47, 77, 8, 0, 0.06%, 9, 0, 8, 324.03
1733578273, 53, 48, 77, 8, 0, 0.06%, 9, 0, 8, 333.15
1733578278, 53, 49, 77, 8, 0, 0.06%, 9, 0, 8, 308.68
1733578283, 53, 50, 77, 8, 0, 0.06%, 9, 0, 8, 313.87
1733578288, 53, 51, 77, 8, 0, 0.06%, 9, 0, 8, 325.96
1733578293, 53, 52, 77, 8, 0, 0.06%, 9, 0, 8, 360.86
1733578298, 53, 53, 77, 8, 0, 0.06%, 9, 0, 8, 405.28
1733578308, 53, 54, 77, 8, 0, 0.06%, 9, 0, 8, 346.29
1733578313, 53, 55, 77, 8, 0, 0.06%, 9, 0, 8, 392.39
1733578318, 53, 60, 77, 8, 0, 0.06%, 9, 0, 8, 351.60
1733578323, 53, 61, 77, 8, 0, 0.06%, 9, 0, 8, 365.83
1733578329, 53, 62, 77, 8, 0, 0.06%, 9, 0, 8, 397.60
1733578344, 53, 63, 77, 8, 0, 0.06%, 9, 0, 8, 359.80
1733578349, 53, 65, 77, 8, 0, 0.06%, 9, 0, 8, 346.27
1733578354, 53, 66, 77, 8, 0, 0.06%, 9, 0, 8, 359.22
1733578359, 53, 67, 77, 8, 0, 0.06%, 9, 0, 8, 336.54
1733578369, 53, 68, 77, 8, 0, 0.06%, 9, 0, 8, 345.39
1733578374, 53, 69, 77, 8, 0, 0.06%, 9, 0, 8, 345.99
1733578379, 53, 70, 77, 8, 0, 0.06%, 9, 0, 8, 363.84
1733578384, 53, 71, 77, 8, 0, 0.06%, 9, 0, 8, 341.29
1733578389, 53, 72, 77, 8, 0, 0.06%, 9, 0, 8, 314.62
1733578399, 53, 73, 77, 8, 0, 0.06%, 9, 0, 8, 330.45
1733578405, 53, 74, 77, 8, 0, 0.06%, 9, 0, 8, 356.68
1733578410, 53, 75, 77, 8, 0, 0.06%, 9, 0, 8, 384.49
1733578415, 53, 76, 77, 8, 0, 0.06%, 9, 0, 8, 389.33
1733578420, 54, 12, 77, 8, 0, 0.06%, 9, 0, 8, 306.49
1733578425, 54, 15, 77, 8, 0, 0.06%, 9, 0, 8, 288.72
1733578430, 54, 21, 77, 8, 0, 0.06%, 9, 0, 8, 332.81
1733578435, 54, 24, 77, 8, 0, 0.06%, 9, 0, 8, 349.16
1733578440, 54, 26, 77, 8, 0, 0.06%, 9, 0, 8, 337.09
1733578445, 54, 30, 77, 8, 0, 0.06%, 9, 0, 8, 321.34
1733578450, 54, 32, 77, 8, 0, 0.06%, 9, 0, 8, 312.12
1733578455, 54, 33, 77, 8, 0, 0.06%, 9, 0, 8, 324.26
1733578460, 54, 34, 77, 8, 0, 0.06%, 9, 0, 8, 365.94
1733578466, 54, 35, 77, 8, 0, 0.06%, 9, 0, 8, 364.98
1733578471, 54, 36, 77, 8, 0, 0.06%, 9, 0, 8, 345.99
1733578476, 54, 37, 77, 8, 0, 0.06%, 9, 0, 8, 353.20
1733578481, 54, 39, 77, 8, 0, 0.06%, 9, 0, 8, 360.19
1733578486, 54, 40, 77, 8, 0, 0.06%, 9, 0, 8, 369.17
1733578491, 54, 41, 77, 8, 0, 0.06%, 9, 0, 8, 367.32
1733578496, 54, 42, 77, 8, 0, 0.06%, 9, 0, 8, 330.77
1733578501, 54, 45, 77, 8, 0, 0.06%, 9, 0, 8, 350.78
1733578506, 54, 46, 77, 8, 0, 0.06%, 9, 0, 8, 372.28
1733578511, 54, 47, 77, 8, 0, 0.06%, 9, 0, 8, 370.07
1733578521, 54, 48, 77, 8, 0, 0.06%, 9, 0, 8, 346.64
1733578531, 54, 49, 77, 8, 0, 0.06%, 9, 0, 8, 309.22
1733578536, 54, 50, 77, 8, 0, 0.06%, 9, 0, 8, 313.30
1733578542, 54, 51, 77, 8, 0, 0.06%, 9, 0, 8, 336.13
1733578547, 54, 53, 77, 8, 0, 0.06%, 9, 0, 8, 344.37
1733578562, 54, 54, 77, 8, 0, 0.06%, 9, 0, 8, 330.66
1733578567, 54, 55, 77, 8, 0, 0.06%, 9, 0, 8, 335.35
1733578572, 54, 60, 77, 8, 0, 0.06%, 9, 0, 8, 312.47
1733578577, 54, 61, 77, 8, 0, 0.06%, 9, 0, 8, 332.67
1733578583, 54, 62, 77, 8, 0, 0.06%, 9, 0, 8, 275.34
1733578593, 54, 63, 77, 8, 0, 0.06%, 9, 0, 8, 372.12
1733578598, 54, 64, 77, 8, 0, 0.06%, 9, 0, 8, 369.64
1733578603, 54, 65, 77, 8, 0, 0.06%, 9, 0, 8, 374.35
1733578608, 54, 66, 77, 8, 0, 0.06%, 9, 0, 8, 336.70
1733578613, 54, 67, 77, 8, 0, 0.06%, 9, 0, 8, 339.84
1733578618, 54, 68, 77, 8, 0, 0.06%, 9, 0, 8, 359.22
1733578628, 54, 69, 77, 8, 0, 0.06%, 9, 0, 8, 355.44
1733578633, 54, 70, 77, 8, 0, 0.06%, 9, 0, 8, 330.43
1733578638, 54, 71, 77, 8, 0, 0.06%, 9, 0, 8, 332.06
1733578643, 54, 72, 77, 8, 0, 0.06%, 9, 0, 8, 364.10
1733578648, 54, 73, 77, 8, 0, 0.06%, 9, 0, 8, 359.35
1733578653, 54, 74, 77, 8, 0, 0.06%, 9, 0, 8, 368.17
1733578659, 54, 75, 77, 8, 0, 0.06%, 9, 0, 8, 307.17
1733578664, 54, 76, 77, 8, 0, 0.06%, 9, 0, 8, 334.09
1733578669, 55, 12, 77, 8, 0, 0.06%, 9, 0, 8, 332.60
1733578674, 55, 15, 77, 8, 0, 0.06%, 9, 0, 8, 291.07
1733578679, 55, 21, 77, 8, 0, 0.06%, 9, 0, 8, 292.55
1733578684, 55, 24, 77, 8, 0, 0.06%, 9, 0, 8, 351.85
1733578689, 55, 26, 77, 8, 0, 0.06%, 9, 0, 8, 361.90
1733578694, 55, 30, 77, 8, 0, 0.06%, 9, 0, 8, 350.44
1733578699, 55, 31, 77, 8, 0, 0.06%, 9, 0, 8, 340.83
1733578704, 55, 33, 77, 8, 0, 0.06%, 9, 0, 8, 332.00
1733578709, 55, 34, 77, 8, 0, 0.06%, 9, 0, 8, 376.61
1733578714, 55, 35, 77, 8, 0, 0.06%, 9, 0, 8, 362.69
1733578719, 55, 36, 77, 8, 0, 0.06%, 9, 0, 8, 359.55
1733578724, 55, 37, 77, 8, 0, 0.06%, 9, 0, 8, 346.39
1733578729, 55, 38, 77, 8, 0, 0.06%, 9, 0, 8, 327.92
1733578734, 55, 39, 77, 8, 0, 0.06%, 9, 0, 8, 306.31
1733578740, 55, 41, 77, 8, 0, 0.06%, 9, 0, 8, 341.92
1733578745, 55, 42, 77, 8, 0, 0.06%, 9, 0, 8, 327.59
1733578755, 55, 46, 77, 8, 0, 0.06%, 9, 0, 8, 365.12
1733578760, 55, 47, 77, 8, 0, 0.06%, 9, 0, 8, 405.43
1733578775, 55, 48, 77, 8, 0, 0.06%, 9, 0, 8, 309.65
1733578780, 55, 49, 77, 8, 0, 0.06%, 9, 0, 8, 311.36
1733578785, 55, 50, 77, 8, 0, 0.06%, 9, 0, 8, 329.32
1733578791, 55, 51, 77, 8, 0, 0.06%, 9, 0, 8, 334.95
1733578796, 55, 52, 77, 8, 0, 0.06%, 9, 0, 8, 340.29
1733578801, 55, 53, 77, 8, 0, 0.06%, 9, 0, 8, 268.73
1733578811, 55, 54, 77, 8, 0, 0.06%, 9, 0, 8, 344.76
1733578816, 55, 55, 77, 8, 0, 0.06%, 9, 0, 8, 335.20
1733578821, 55, 60, 77, 8, 0, 0.06%, 9, 0, 8, 333.08
1733578826, 55, 61, 77, 8, 0, 0.06%, 9, 0, 8, 330.09
1733578831, 55, 62, 77, 8, 0, 0.06%, 9, 0, 8, 275.87
1733578842, 55, 63, 77, 8, 0, 0.06%, 9, 0, 8, 364.09
1733578847, 55, 64, 77, 8, 0, 0.06%, 9, 0, 8, 373.18
1733578852, 55, 65, 77, 8, 0, 0.06%, 9, 0, 8, 362.88
1733578857, 55, 66, 77, 8, 0, 0.06%, 9, 0, 8, 348.62
1733578862, 55, 67, 77, 8, 0, 0.06%, 9, 0, 8, 366.22
1733578867, 55, 68, 77, 8, 0, 0.06%, 9, 0, 8, 311.99
1733578877, 55, 69, 77, 8, 0, 0.06%, 9, 0, 8, 343.91
1733578882, 55, 70, 77, 8, 0, 0.06%, 9, 0, 8, 344.96
1733578887, 55, 71, 77, 8, 0, 0.06%, 9, 0, 8, 355.15
1733578892, 55, 72, 77, 8, 0, 0.06%, 9, 0, 8, 361.47
1733578897, 55, 73, 77, 8, 0, 0.06%, 9, 0, 8, 351.43
1733578902, 55, 74, 77, 8, 0, 0.06%, 9, 0, 8, 322.65
1733578912, 55, 75, 77, 8, 0, 0.06%, 9, 0, 8, 358.80
1733578917, 55, 76, 77, 8, 0, 0.06%, 9, 0, 8, 337.54
1733578922, 56, 14, 77, 8, 0, 0.06%, 9, 0, 8, 293.65
1733578928, 56, 16, 77, 8, 0, 0.06%, 9, 0, 8, 290.55
1733578933, 56, 21, 77, 8, 0, 0.06%, 9, 0, 8, 318.07
1733578938, 56, 24, 77, 8, 0, 0.06%, 9, 0, 8, 335.09
1733578943, 56, 30, 77, 8, 0, 0.06%, 9, 0, 8, 332.61
1733578948, 56, 31, 77, 8, 0, 0.06%, 9, 0, 8, 366.41
1733578953, 56, 32, 77, 8, 0, 0.06%, 9, 0, 8, 352.56
1733578958, 56, 33, 77, 8, 0, 0.06%, 9, 0, 8, 343.83
1733578963, 56, 34, 77, 8, 0, 0.06%, 9, 0, 8, 351.23
1733578968, 56, 35, 77, 8, 0, 0.06%, 9, 0, 8, 323.53
1733578973, 56, 36, 77, 8, 0, 0.06%, 9, 0, 8, 329.20
1733578978, 56, 38, 77, 8, 0, 0.06%, 9, 0, 8, 334.31
1733578983, 56, 39, 77, 8, 0, 0.06%, 9, 0, 8, 331.64
1733578988, 56, 40, 77, 8, 0, 0.06%, 9, 0, 8, 372.62
1733578994, 56, 41, 77, 8, 0, 0.06%, 9, 0, 8, 351.73
1733578999, 56, 42, 77, 8, 0, 0.06%, 9, 0, 8, 331.07
1733579004, 56, 45, 77, 8, 0, 0.06%, 9, 0, 8, 312.32
1733579009, 56, 46, 77, 8, 0, 0.06%, 9, 0, 8, 384.82
1733579014, 56, 47, 77, 8, 0, 0.06%, 9, 0, 8, 374.98
1733579029, 56, 48, 77, 8, 0, 0.06%, 9, 0, 8, 309.71
1733579034, 56, 49, 77, 8, 0, 0.06%, 9, 0, 8, 300.21
1733579039, 56, 50, 77, 8, 0, 0.06%, 9, 0, 8, 330.27
1733579044, 56, 51, 77, 8, 0, 0.06%, 9, 0, 8, 345.25
1733579049, 56, 53, 77, 8, 0, 0.06%, 9, 0, 8, 333.54
1733579065, 56, 54, 77, 8, 0, 0.06%, 9, 0, 8, 351.63
1733579070, 56, 60, 77, 8, 0, 0.06%, 9, 0, 8, 352.47
1733579075, 56, 61, 77, 8, 0, 0.06%, 9, 0, 8, 337.74
1733579080, 56, 62, 77, 8, 0, 0.06%, 9, 0, 8, 386.97
1733579095, 56, 63, 77, 8, 0, 0.06%, 9, 0, 8, 370.11
1733579100, 56, 64, 77, 8, 0, 0.06%, 9, 0, 8, 356.38
1733579105, 56, 65, 77, 8, 0, 0.06%, 9, 0, 8, 362.45
1733579110, 56, 66, 77, 8, 0, 0.06%, 9, 0, 8, 365.01
1733579115, 56, 67, 77, 8, 0, 0.06%, 9, 0, 8, 359.44
1733579121, 56, 68, 77, 8, 0, 0.06%, 9, 0, 8, 364.62
1733579131, 56, 69, 77, 8, 0, 0.06%, 9, 0, 8, 333.63
1733579136, 56, 70, 77, 8, 0, 0.06%, 9, 0, 8, 338.59
1733579141, 56, 71, 77, 8, 0, 0.06%, 9, 0, 8, 341.28
1733579146, 56, 72, 77, 8, 0, 0.06%, 9, 0, 8, 344.94
1733579151, 56, 73, 77, 8, 0, 0.06%, 9, 0, 8, 343.71
1733579156, 56, 74, 77, 8, 0, 0.06%, 9, 0, 8, 360.72
1733579161, 56, 75, 77, 8, 0, 0.06%, 9, 0, 8, 328.53
1733579166, 56, 76, 77, 8, 0, 0.06%, 9, 0, 8, 322.89
1733579171, 57, 12, 77, 8, 0, 0.06%, 9, 0, 8, 315.75
1733579176, 57, 14, 77, 8, 0, 0.06%, 9, 0, 8, 292.56
1733579181, 57, 16, 77, 8, 0, 0.06%, 9, 0, 8, 288.94
