# unix_time, cycles_done, cur_path, paths_total, pending_total, pending_favs, map_size, unique_crashes, unique_hangs, max_depth, execs_per_sec
1735525764, 0, 0, 10, 10, 1, 0.00%, 0, 0, 1, 176.21
1735525770, 0, 4, 10, 10, 1, 0.00%, 0, 0, 1, 205.49
1735525775, 0, 5, 10, 9, 0, 0.00%, 0, 0, 1, 211.26
1735525780, 0, 6, 10, 8, 0, 0.00%, 0, 0, 1, 204.93
1735525790, 0, 7, 10, 7, 0, 0.00%, 0, 0, 1, 212.84
1735525795, 0, 8, 10, 6, 0, 0.00%, 0, 0, 1, 196.76
1735525805, 0, 9, 10, 5, 0, 0.00%, 0, 0, 1, 211.38
1735525811, 1, 0, 10, 4, 0, 0.00%, 0, 0, 1, 213.65
1735525821, 1, 1, 10, 3, 0, 0.00%, 0, 0, 1, 210.13
1735525831, 1, 2, 10, 2, 0, 0.00%, 0, 0, 1, 214.78
1735525841, 1, 3, 10, 1, 0, 0.00%, 0, 0, 1, 213.83
1735525846, 1, 4, 10, 0, 0, 0.00%, 0, 0, 1, 212.82
1735525857, 1, 5, 10, 0, 0, 0.00%, 0, 0, 1, 208.69
1735525862, 1, 6, 10, 0, 0, 0.00%, 0, 0, 1, 213.29
1735525867, 1, 8, 10, 0, 0, 0.00%, 0, 0, 1, 214.29
1735525872, 1, 9, 10, 0, 0, 0.00%, 0, 0, 1, 210.37
1735525877, 2, 0, 10, 0, 0, 0.00%, 0, 0, 1, 211.23
1735525882, 2, 2, 10, 0, 0, 0.00%, 0, 0, 1, 211.72
1735525887, 2, 3, 10, 0, 0, 0.00%, 0, 0, 1, 211.45
1735525893, 2, 5, 10, 0, 0, 0.00%, 0, 0, 1, 210.33
1735525898, 2, 6, 10, 0, 0, 0.00%, 0, 0, 1, 212.20
1735525903, 2, 8, 10, 0, 0, 0.00%, 0, 0, 1, 210.78
1735525908, 2, 9, 10, 0, 0, 0.00%, 0, 0, 1, 210.70
1735525913, 3, 1, 10, 0, 0, 0.00%, 0, 0, 1, 210.20
1735525919, 3, 2, 10, 0, 0, 0.00%, 0, 0, 1, 210.55
1735525924, 3, 4, 10, 0, 0, 0.00%, 0, 0, 1, 208.03
1735525929, 3, 5, 10, 0, 0, 0.00%, 0, 0, 1, 207.87
1735525934, 3, 6, 10, 0, 0, 0.00%, 0, 0, 1, 209.36
1735525939, 3, 8, 10, 0, 0, 0.00%, 0, 0, 1, 210.66
1735525944, 3, 9, 10, 0, 0, 0.00%, 0, 0, 1, 214.05
1735525949, 4, 1, 10, 0, 0, 0.00%, 0, 0, 1, 214.03
1735525954, 4, 2, 10, 0, 0, 0.00%, 0, 0, 1, 215.36
1735525959, 4, 4, 10, 0, 0, 0.00%, 0, 0, 1, 212.56
1735525965, 4, 5, 10, 0, 0, 0.00%, 0, 0, 1, 214.81
1735525970, 4, 7, 10, 0, 0, 0.00%, 0, 0, 1, 207.44
1735525975, 4, 8, 10, 0, 0, 0.00%, 0, 0, 1, 207.16
1735525980, 5, 0, 10, 0, 0, 0.00%, 0, 0, 1, 211.70
1735525985, 5, 1, 10, 0, 0, 0.00%, 0, 0, 1, 209.34
1735525990, 5, 2, 10, 0, 0, 0.00%, 0, 0, 1, 207.99
1735525995, 5, 4, 10, 0, 0, 0.00%, 0, 0, 1, 208.70
1735526000, 5, 5, 10, 0, 0, 0.00%, 0, 0, 1, 211.02
1735526005, 5, 7, 10, 0, 0, 0.00%, 0, 0, 1, 205.91
1735526010, 5, 8, 10, 0, 0, 0.00%, 0, 0, 1, 210.40
1735526015, 5, 9, 10, 0, 0, 0.00%, 0, 0, 1, 211.35
1735526020, 6, 1, 10, 0, 0, 0.00%, 0, 0, 1, 210.81
1735526026, 6, 2, 10, 0, 0, 0.00%, 0, 0, 1, 209.78
1735526031, 6, 4, 10, 0, 0, 0.00%, 0, 0, 1, 212.38
1735526036, 6, 5, 10, 0, 0, 0.00%, 0, 0, 1, 211.60
1735526041, 6, 7, 10, 0, 0, 0.00%, 0, 0, 1, 211.62
1735526046, 6, 8, 10, 0, 0, 0.00%, 0, 0, 1, 213.24
1735526051, 7, 0, 10, 0, 0, 0.00%, 0, 0, 1, 209.72
1735526056, 7, 1, 10, 0, 0, 0.00%, 0, 0, 1, 215.27
1735526061, 7, 2, 10, 0, 0, 0.00%, 0, 0, 1, 215.07
1735526067, 7, 4, 10, 0, 0, 0.00%, 0, 0, 1, 210.73
1735526072, 7, 5, 10, 0, 0, 0.00%, 0, 0, 1, 212.65
1735526077, 7, 7, 10, 0, 0, 0.00%, 0, 0, 1, 208.91
1735526082, 7, 8, 10, 0, 0, 0.00%, 0, 0, 1, 210.18
1735526087, 8, 0, 10, 0, 0, 0.00%, 0, 0, 1, 209.78
1735526092, 8, 1, 10, 0, 0, 0.00%, 0, 0, 1, 211.27
1735526097, 8, 10, 11, 1, 1, 0.05%, 1, 0, 2, 213.23
1735526123, 8, 10, 12, 2, 1, 0.05%, 2, 0, 3, 272.90
1735526169, 8, 10, 13, 3, 1, 0.05%, 2, 0, 3, 276.58
1735526219, 8, 11, 13, 2, 1, 0.05%, 2, 0, 3, 263.72
1735526230, 8, 11, 16, 5, 1, 0.05%, 3, 0, 4, 277.73
1735526235, 8, 11, 18, 7, 1, 0.05%, 4, 0, 4, 273.04
1735526240, 8, 11, 20, 9, 1, 0.06%, 5, 0, 4, 275.72
1735526245, 8, 11, 21, 10, 1, 0.06%, 6, 0, 4, 272.84
1735526291, 8, 11, 22, 11, 1, 0.06%, 7, 0, 4, 271.52
1735526321, 8, 20, 22, 10, 5, 0.06%, 7, 0, 4, 215.82
1735526326, 8, 20, 23, 11, 5, 0.06%, 7, 0, 5, 240.33
1735526392, 8, 20, 24, 12, 5, 0.06%, 7, 0, 5, 231.42
1735526398, 8, 21, 25, 12, 4, 0.06%, 7, 0, 5, 341.70
1735526403, 8, 21, 26, 13, 4, 0.06%, 7, 0, 5, 446.84
1735526408, 8, 21, 27, 14, 4, 0.06%, 7, 0, 5, 472.11
1735526418, 8, 21, 28, 15, 4, 0.06%, 7, 0, 5, 483.21
1735526433, 8, 21, 29, 16, 4, 0.06%, 7, 0, 5, 485.33
1735526439, 8, 21, 31, 18, 4, 0.06%, 8, 0, 5, 479.64
1735526454, 8, 21, 33, 20, 4, 0.06%, 8, 0, 5, 305.81
1735526459, 8, 21, 36, 23, 4, 0.06%, 9, 0, 5, 286.44
1735526464, 8, 21, 37, 24, 4, 0.06%, 9, 0, 5, 249.24
1735526474, 8, 35, 38, 24, 5, 0.06%, 9, 0, 6, 470.07
1735526484, 8, 35, 39, 25, 5, 0.06%, 9, 0, 6, 520.86
1735526490, 8, 35, 40, 26, 5, 0.06%, 9, 0, 6, 519.47
1735526495, 8, 35, 41, 27, 5, 0.06%, 9, 0, 6, 523.01
1735526500, 8, 35, 42, 28, 5, 0.06%, 9, 0, 6, 519.94
1735526505, 8, 35, 43, 29, 5, 0.06%, 9, 0, 6, 521.77
1735526525, 8, 35, 44, 30, 5, 0.06%, 9, 0, 6, 442.45
1735526551, 8, 40, 44, 29, 4, 0.06%, 9, 0, 6, 349.35
1735526561, 8, 40, 46, 31, 4, 0.06%, 9, 0, 7, 487.59
1735526566, 8, 40, 47, 32, 4, 0.06%, 9, 0, 7, 485.92
1735526571, 8, 40, 50, 35, 4, 0.06%, 9, 0, 7, 477.43
1735526576, 8, 40, 52, 37, 4, 0.06%, 9, 0, 7, 515.13
1735526653, 8, 40, 53, 38, 4, 0.06%, 9, 0, 7, 285.25
1735526658, 8, 41, 54, 38, 4, 0.06%, 9, 0, 7, 470.95
1735526673, 8, 41, 55, 39, 4, 0.06%, 9, 0, 7, 497.40
1735526699, 8, 41, 56, 40, 4, 0.06%, 9, 0, 7, 480.65
1735526729, 8, 41, 57, 41, 4, 0.06%, 9, 0, 7, 324.47
1735526740, 9, 17, 57, 40, 3, 0.06%, 9, 0, 7, 417.48
1735526745, 9, 17, 58, 41, 3, 0.06%, 9, 0, 7, 472.19
1735526785, 9, 18, 58, 40, 2, 0.06%, 9, 0, 7, 302.71
1735526795, 9, 18, 59, 41, 2, 0.06%, 9, 0, 7, 313.10
1735526840, 9, 18, 63, 45, 2, 0.06%, 9, 0, 7, 322.33
1735526846, 9, 18, 65, 47, 2, 0.06%, 9, 0, 7, 320.45
1735526851, 9, 18, 66, 48, 2, 0.06%, 9, 0, 7, 299.89
1735526856, 9, 29, 66, 47, 1, 0.06%, 9, 0, 7, 332.87
1735526886, 9, 33, 66, 46, 1, 0.06%, 9, 0, 7, 340.25
1735526891, 9, 33, 67, 47, 1, 0.06%, 9, 0, 7, 295.48
1735526912, 9, 33, 68, 48, 1, 0.06%, 9, 0, 7, 280.62
1735527019, 9, 36, 69, 48, 1, 0.06%, 9, 0, 7, 451.07
1735527049, 9, 38, 69, 47, 1, 0.06%, 9, 0, 7, 490.25
1735527080, 9, 57, 69, 46, 1, 0.06%, 9, 0, 7, 408.42
1735527115, 9, 58, 69, 45, 1, 0.06%, 9, 0, 7, 251.33
1735527187, 9, 58, 71, 47, 1, 0.06%, 9, 0, 7, 503.03
1735527610, 9, 66, 71, 46, 1, 0.06%, 9, 0, 7, 445.64
1735527635, 9, 67, 71, 45, 1, 0.06%, 9, 0, 7, 332.58
1735527901, 9, 67, 72, 46, 1, 0.06%, 9, 0, 7, 411.94
1735527906, 9, 67, 73, 47, 1, 0.06%, 9, 0, 7, 406.90
1735527983, 9, 68, 73, 46, 1, 0.06%, 9, 0, 7, 354.07
1735528044, 9, 71, 73, 45, 1, 0.06%, 9, 0, 7, 324.67
1735528125, 9, 72, 73, 44, 1, 0.06%, 9, 0, 7, 351.95
1735528366, 10, 13, 73, 43, 1, 0.06%, 9, 0, 7, 327.95
1735528406, 10, 17, 73, 42, 0, 0.06%, 9, 0, 7, 427.21
1735528422, 10, 18, 73, 42, 0, 0.06%, 9, 0, 7, 309.96
1735528442, 10, 19, 73, 42, 0, 0.06%, 9, 0, 7, 362.30
1735528472, 10, 21, 73, 41, 0, 0.06%, 9, 0, 7, 318.96
1735528492, 10, 23, 73, 41, 0, 0.06%, 9, 0, 7, 271.79
1735528533, 10, 23, 74, 42, 0, 0.06%, 9, 0, 7, 322.19
1735528538, 10, 24, 74, 41, 0, 0.06%, 9, 0, 7, 328.53
1735528569, 10, 25, 74, 40, 0, 0.06%, 9, 0, 7, 353.85
1735528609, 10, 26, 74, 39, 0, 0.06%, 9, 0, 7, 365.17
1735528670, 10, 27, 74, 38, 0, 0.06%, 9, 0, 7, 430.84
1735528696, 10, 27, 76, 40, 0, 0.06%, 9, 0, 7, 487.74
1735528808, 10, 29, 76, 39, 0, 0.06%, 9, 0, 7, 443.67
1735528823, 10, 33, 76, 39, 0, 0.06%, 9, 0, 7, 299.18
1735528844, 10, 35, 76, 39, 0, 0.06%, 9, 0, 7, 433.11
1735528859, 10, 36, 76, 39, 0, 0.06%, 9, 0, 7, 450.07
1735528874, 10, 37, 76, 39, 0, 0.06%, 9, 0, 7, 358.24
1735528889, 10, 37, 77, 40, 0, 0.06%, 9, 0, 7, 480.94
1735528930, 10, 38, 77, 39, 0, 0.06%, 9, 0, 7, 498.78
1735528950, 10, 39, 77, 39, 0, 0.06%, 9, 0, 7, 400.10
1735529002, 10, 40, 77, 38, 0, 0.06%, 9, 0, 7, 377.15
1735529094, 10, 41, 77, 38, 0, 0.06%, 9, 0, 7, 298.97
1735529114, 10, 53, 77, 38, 0, 0.06%, 9, 0, 7, 441.43
1735529150, 10, 54, 77, 37, 0, 0.06%, 9, 0, 7, 375.50
1735529207, 10, 55, 77, 36, 0, 0.06%, 9, 0, 7, 406.17
1735529288, 10, 57, 77, 35, 0, 0.06%, 9, 0, 7, 316.12
1735529294, 10, 57, 78, 36, 0, 0.06%, 9, 0, 7, 408.50
1735529309, 10, 65, 78, 36, 0, 0.06%, 9, 0, 7, 512.95
1735529344, 10, 66, 78, 35, 0, 0.06%, 9, 0, 7, 444.85
1735529360, 10, 67, 78, 35, 0, 0.06%, 9, 0, 7, 356.21
1735529385, 10, 68, 78, 35, 0, 0.06%, 9, 0, 7, 330.36
1735529405, 10, 71, 78, 35, 0, 0.06%, 9, 0, 7, 335.46
1735529420, 10, 72, 78, 35, 0, 0.06%, 9, 0, 7, 395.03
1735529446, 10, 77, 79, 36, 0, 0.06%, 9, 0, 7, 373.54
1735529537, 10, 78, 79, 35, 0, 0.06%, 9, 0, 7, 369.46
1735529630, 11, 13, 79, 34, 0, 0.06%, 9, 0, 7, 392.98
1735529650, 11, 17, 79, 34, 0, 0.06%, 9, 0, 7, 344.64
1735529655, 11, 18, 79, 34, 0, 0.06%, 9, 0, 7, 314.21
1735529660, 11, 19, 79, 34, 0, 0.06%, 9, 0, 7, 374.38
1735529681, 11, 23, 79, 34, 0, 0.06%, 9, 0, 7, 263.71
1735529701, 11, 25, 79, 34, 0, 0.06%, 9, 0, 7, 400.16
1735529716, 11, 27, 79, 34, 0, 0.06%, 9, 0, 7, 312.18
1735529737, 11, 29, 79, 34, 0, 0.06%, 9, 0, 7, 311.73
1735529742, 11, 31, 79, 34, 0, 0.06%, 9, 0, 7, 346.77
1735529773, 11, 32, 79, 33, 0, 0.06%, 9, 0, 7, 283.49
1735529808, 11, 33, 79, 32, 0, 0.06%, 9, 0, 7, 288.00
1735529813, 11, 35, 79, 32, 0, 0.06%, 9, 0, 7, 363.28
1735529818, 11, 36, 79, 32, 0, 0.06%, 9, 0, 7, 329.36
1735529823, 11, 37, 79, 32, 0, 0.06%, 9, 0, 7, 426.60
1735529839, 11, 38, 79, 32, 0, 0.06%, 9, 0, 7, 345.20
1735529844, 11, 39, 79, 32, 0, 0.06%, 9, 0, 7, 459.94
1735529859, 11, 40, 79, 32, 0, 0.06%, 9, 0, 7, 365.73
1735529864, 11, 42, 79, 32, 0, 0.06%, 9, 0, 7, 360.70
1735529926, 11, 43, 79, 31, 0, 0.06%, 9, 0, 7, 404.16
1735530140, 11, 44, 79, 30, 0, 0.06%, 9, 0, 7, 337.67
1735530175, 11, 45, 79, 29, 0, 0.06%, 9, 0, 7, 315.30
1735530211, 11, 46, 79, 28, 0, 0.06%, 9, 0, 7, 358.90
1735530277, 11, 47, 79, 27, 0, 0.06%, 9, 0, 7, 360.18
1735530370, 11, 53, 79, 26, 0, 0.06%, 9, 0, 7, 421.82
1735530385, 11, 54, 79, 26, 0, 0.06%, 9, 0, 7, 307.61
1735530405, 11, 55, 79, 26, 0, 0.06%, 9, 0, 7, 415.87
1735530421, 11, 57, 79, 26, 0, 0.06%, 9, 0, 7, 351.15
1735530431, 11, 58, 79, 26, 0, 0.06%, 9, 0, 7, 350.36
1735530456, 11, 65, 79, 26, 0, 0.06%, 9, 0, 7, 395.44
1735530471, 11, 66, 79, 26, 0, 0.06%, 9, 0, 7, 386.59
1735530482, 11, 67, 79, 26, 0, 0.06%, 9, 0, 7, 313.41
1735530497, 11, 68, 79, 26, 0, 0.06%, 9, 0, 7, 323.21
1735530507, 11, 71, 79, 26, 0, 0.06%, 9, 0, 7, 342.28
1735530517, 11, 72, 79, 26, 0, 0.06%, 9, 0, 7, 296.50
1735530533, 11, 74, 79, 26, 0, 0.06%, 9, 0, 7, 400.12
1735530635, 11, 77, 79, 25, 0, 0.06%, 9, 0, 7, 305.92
1735530655, 11, 78, 79, 25, 0, 0.06%, 9, 0, 7, 418.65
1735530670, 12, 17, 79, 25, 0, 0.06%, 9, 0, 7, 337.02
1735530675, 12, 29, 79, 25, 0, 0.06%, 9, 0, 7, 354.65
1735530680, 12, 33, 79, 25, 0, 0.06%, 9, 0, 7, 293.43
1735530685, 12, 36, 79, 25, 0, 0.06%, 9, 0, 7, 337.16
1735530690, 12, 38, 79, 25, 0, 0.06%, 9, 0, 7, 344.41
1735530695, 12, 53, 79, 25, 0, 0.06%, 9, 0, 7, 378.57
1735530700, 12, 54, 79, 25, 0, 0.06%, 9, 0, 7, 385.34
1735530706, 12, 55, 79, 25, 0, 0.06%, 9, 0, 7, 381.88
1735530711, 12, 57, 79, 25, 0, 0.06%, 9, 0, 7, 369.75
1735530716, 12, 65, 79, 25, 0, 0.06%, 9, 0, 7, 399.64
1735530726, 12, 66, 79, 25, 0, 0.06%, 9, 0, 7, 323.62
1735530731, 12, 67, 79, 25, 0, 0.06%, 9, 0, 7, 267.19
1735530741, 12, 68, 79, 25, 0, 0.06%, 9, 0, 7, 333.89
1735530746, 12, 71, 79, 25, 0, 0.06%, 9, 0, 7, 331.73
1735530751, 12, 72, 79, 25, 0, 0.06%, 9, 0, 7, 305.61
1735530762, 12, 77, 79, 25, 0, 0.06%, 9, 0, 7, 413.78
1735530772, 12, 78, 79, 25, 0, 0.06%, 9, 0, 7, 396.91
1735530782, 13, 17, 79, 25, 0, 0.06%, 9, 0, 7, 328.90
1735530787, 13, 33, 79, 25, 0, 0.06%, 9, 0, 7, 308.24
1735530792, 13, 36, 79, 25, 0, 0.06%, 9, 0, 7, 310.26
1735530797, 13, 38, 79, 25, 0, 0.06%, 9, 0, 7, 364.11
1735530802, 13, 41, 79, 25, 0, 0.06%, 9, 0, 7, 386.58
1735530807, 13, 53, 79, 25, 0, 0.06%, 9, 0, 7, 366.75
1735530812, 13, 54, 79, 25, 0, 0.06%, 9, 0, 7, 356.33
1735530817, 13, 55, 79, 25, 0, 0.06%, 9, 0, 7, 351.06
1735530822, 13, 65, 79, 25, 0, 0.06%, 9, 0, 7, 364.66
1735530828, 13, 66, 79, 25, 0, 0.06%, 9, 0, 7, 365.28
1735530833, 13, 67, 79, 25, 0, 0.06%, 9, 0, 7, 396.51
1735530843, 13, 68, 79, 25, 0, 0.06%, 9, 0, 7, 347.22
1735530848, 13, 71, 79, 25, 0, 0.06%, 9, 0, 7, 326.02
1735530858, 13, 72, 79, 25, 0, 0.06%, 9, 0, 7, 303.41
1735530863, 13, 77, 79, 25, 0, 0.06%, 9, 0, 7, 360.20
1735530874, 13, 78, 79, 25, 0, 0.06%, 9, 0, 7, 372.10
1735530884, 14, 17, 79, 25, 0, 0.06%, 9, 0, 7, 353.43
1735530889, 14, 29, 79, 25, 0, 0.06%, 9, 0, 7, 335.28
1735530894, 14, 33, 79, 25, 0, 0.06%, 9, 0, 7, 312.33
1735530899, 14, 36, 79, 25, 0, 0.06%, 9, 0, 7, 330.47
1735530904, 14, 41, 79, 25, 0, 0.06%, 9, 0, 7, 355.29
1735530909, 14, 53, 79, 25, 0, 0.06%, 9, 0, 7, 383.14
1735530914, 14, 54, 79, 25, 0, 0.06%, 9, 0, 7, 374.24
1735530919, 14, 55, 79, 25, 0, 0.06%, 9, 0, 7, 383.26
1735530924, 14, 57, 79, 25, 0, 0.06%, 9, 0, 7, 372.41
1735530929, 14, 65, 79, 25, 0, 0.06%, 9, 0, 7, 350.52
1735530934, 14, 66, 79, 25, 0, 0.06%, 9, 0, 7, 348.66
1735530939, 14, 67, 79, 25, 0, 0.06%, 9, 0, 7, 284.27
1735530950, 14, 68, 79, 25, 0, 0.06%, 9, 0, 7, 343.47
1735530955, 14, 71, 79, 25, 0, 0.06%, 9, 0, 7, 345.19
1735530960, 14, 72, 79, 25, 0, 0.06%, 9, 0, 7, 307.81
1735530970, 14, 77, 79, 25, 0, 0.06%, 9, 0, 7, 364.73
1735530975, 14, 78, 79, 25, 0, 0.06%, 9, 0, 7, 365.40
1735530980, 15, 17, 79, 25, 0, 0.06%, 9, 0, 7, 355.76
1735530985, 15, 29, 79, 25, 0, 0.06%, 9, 0, 7, 349.42
1735530990, 15, 33, 79, 25, 0, 0.06%, 9, 0, 7, 321.22
1735530995, 15, 36, 79, 25, 0, 0.06%, 9, 0, 7, 319.32
1735531000, 15, 41, 79, 25, 0, 0.06%, 9, 0, 7, 366.77
1735531005, 15, 53, 79, 25, 0, 0.06%, 9, 0, 7, 385.63
1735531010, 15, 54, 79, 25, 0, 0.06%, 9, 0, 7, 376.89
1735531015, 15, 55, 79, 25, 0, 0.06%, 9, 0, 7, 382.30
1735531020, 15, 57, 79, 25, 0, 0.06%, 9, 0, 7, 368.46
1735531026, 15, 65, 79, 25, 0, 0.06%, 9, 0, 7, 360.27
1735531031, 15, 67, 79, 25, 0, 0.06%, 9, 0, 7, 399.18
1735531046, 15, 68, 79, 25, 0, 0.06%, 9, 0, 7, 332.75
1735531051, 15, 71, 79, 25, 0, 0.06%, 9, 0, 7, 319.14
1735531056, 15, 72, 79, 25, 0, 0.06%, 9, 0, 7, 276.33
1735531066, 15, 77, 79, 25, 0, 0.06%, 9, 0, 7, 356.90
1735531071, 15, 78, 79, 25, 0, 0.06%, 9, 0, 7, 362.23
1735531077, 16, 17, 79, 25, 0, 0.06%, 9, 0, 7, 340.57
1735531082, 16, 33, 79, 25, 0, 0.06%, 9, 0, 7, 309.91
1735531087, 16, 57, 79, 25, 0, 0.06%, 9, 0, 7, 336.55
1735531092, 16, 67, 79, 25, 0, 0.06%, 9, 0, 7, 369.61
1735531107, 16, 68, 79, 25, 0, 0.06%, 9, 0, 7, 322.01
1735531112, 16, 69, 79, 25, 0, 0.06%, 9, 0, 7, 369.90
1735531215, 16, 71, 79, 24, 0, 0.06%, 9, 0, 7, 322.50
1735531220, 16, 72, 79, 24, 0, 0.06%, 9, 0, 7, 401.48
1735531230, 16, 73, 79, 24, 0, 0.06%, 9, 0, 7, 359.07
1735531337, 16, 74, 79, 23, 0, 0.06%, 9, 0, 7, 374.03
1735531352, 16, 75, 79, 23, 0, 0.06%, 9, 0, 7, 364.29
1735531460, 16, 76, 79, 22, 0, 0.06%, 9, 0, 7, 302.41
1735532010, 16, 77, 79, 21, 0, 0.06%, 9, 0, 7, 277.58
1735532015, 16, 78, 79, 21, 0, 0.06%, 9, 0, 7, 347.65
1735532020, 17, 13, 79, 21, 0, 0.06%, 9, 0, 7, 351.76
1735532025, 17, 17, 79, 21, 0, 0.06%, 9, 0, 7, 324.17
1735532030, 17, 18, 79, 21, 0, 0.06%, 9, 0, 7, 302.37
1735532036, 17, 19, 79, 21, 0, 0.06%, 9, 0, 7, 312.27
1735532041, 17, 23, 79, 21, 0, 0.06%, 9, 0, 7, 287.15
1735532046, 17, 25, 79, 21, 0, 0.06%, 9, 0, 7, 336.68
1735532051, 17, 27, 79, 21, 0, 0.06%, 9, 0, 7, 344.59
1735532056, 17, 29, 79, 21, 0, 0.06%, 9, 0, 7, 376.70
1735532061, 17, 31, 79, 21, 0, 0.06%, 9, 0, 7, 395.95
1735532076, 17, 32, 79, 21, 0, 0.06%, 9, 0, 7, 333.31
1735532097, 17, 33, 79, 21, 0, 0.06%, 9, 0, 7, 298.46
1735532102, 17, 35, 79, 21, 0, 0.06%, 9, 0, 7, 357.65
1735532107, 17, 36, 79, 21, 0, 0.06%, 9, 0, 7, 337.95
1735532112, 17, 37, 79, 21, 0, 0.06%, 9, 0, 7, 335.96
1735532117, 17, 39, 79, 21, 0, 0.06%, 9, 0, 7, 347.51
1735532122, 17, 40, 79, 21, 0, 0.06%, 9, 0, 7, 342.16
1735532127, 17, 41, 79, 21, 0, 0.06%, 9, 0, 7, 344.12
1735532132, 17, 42, 79, 21, 0, 0.06%, 9, 0, 7, 353.21
1735532152, 17, 43, 79, 21, 0, 0.06%, 9, 0, 7, 344.04
1735532173, 17, 44, 79, 21, 0, 0.06%, 9, 0, 7, 353.50
1735532193, 17, 45, 79, 21, 0, 0.06%, 9, 0, 7, 403.79
1735532214, 17, 46, 79, 21, 0, 0.06%, 9, 0, 7, 314.97
1735532269, 17, 47, 79, 21, 0, 0.06%, 9, 0, 7, 361.52
1735532290, 17, 48, 79, 21, 0, 0.06%, 9, 0, 7, 344.46
1735532387, 17, 49, 79, 20, 0, 0.06%, 9, 0, 7, 295.92
1735532489, 17, 50, 79, 19, 0, 0.06%, 9, 0, 7, 333.11
1735532596, 17, 53, 79, 18, 0, 0.06%, 9, 0, 7, 336.27
1735532601, 17, 54, 79, 18, 0, 0.06%, 9, 0, 7, 345.57
1735532606, 17, 55, 79, 18, 0, 0.06%, 9, 0, 7, 372.36
1735532611, 17, 57, 79, 18, 0, 0.06%, 9, 0, 7, 352.64
1735532616, 17, 58, 79, 18, 0, 0.06%, 9, 0, 7, 357.34
1735532631, 17, 65, 79, 18, 0, 0.06%, 9, 0, 7, 346.59
1735532636, 17, 66, 79, 18, 0, 0.06%, 9, 0, 7, 374.48
1735532641, 17, 67, 79, 18, 0, 0.06%, 9, 0, 7, 357.89
1735532651, 17, 68, 79, 18, 0, 0.06%, 9, 0, 7, 340.69
1735532656, 17, 71, 79, 18, 0, 0.06%, 9, 0, 7, 315.01
1735532661, 17, 72, 79, 18, 0, 0.06%, 9, 0, 7, 343.03
1735532672, 17, 74, 79, 18, 0, 0.06%, 9, 0, 7, 353.16
1735532682, 17, 75, 79, 18, 0, 0.06%, 9, 0, 7, 345.35
1735532702, 17, 77, 79, 18, 0, 0.06%, 9, 0, 7, 362.03
1735532707, 17, 78, 79, 18, 0, 0.06%, 9, 0, 7, 367.81
1735532712, 18, 18, 79, 18, 0, 0.06%, 9, 0, 7, 340.66
1735532722, 18, 25, 79, 18, 0, 0.06%, 9, 0, 7, 308.78
1735532727, 18, 27, 79, 18, 0, 0.06%, 9, 0, 7, 333.74
1735532737, 18, 31, 79, 18, 0, 0.06%, 9, 0, 7, 349.66
1735532742, 18, 32, 79, 18, 0, 0.06%, 9, 0, 7, 353.81
1735532747, 18, 33, 79, 18, 0, 0.06%, 9, 0, 7, 305.83
1735532753, 18, 36, 79, 18, 0, 0.06%, 9, 0, 7, 355.10
1735532758, 18, 38, 79, 18, 0, 0.06%, 9, 0, 7, 348.49
1735532763, 18, 41, 79, 18, 0, 0.06%, 9, 0, 7, 339.03
1735532768, 18, 54, 79, 18, 0, 0.06%, 9, 0, 7, 342.28
1735532773, 18, 55, 79, 18, 0, 0.06%, 9, 0, 7, 340.84
1735532783, 18, 58, 79, 18, 0, 0.06%, 9, 0, 7, 323.70
1735532798, 18, 65, 79, 18, 0, 0.06%, 9, 0, 7, 351.24
1735532803, 18, 66, 79, 18, 0, 0.06%, 9, 0, 7, 325.59
1735532809, 18, 67, 79, 18, 0, 0.06%, 9, 0, 7, 268.84
1735532819, 18, 68, 79, 18, 0, 0.06%, 9, 0, 7, 321.36
1735532824, 18, 71, 79, 18, 0, 0.06%, 9, 0, 7, 334.56
1735532829, 18, 72, 79, 18, 0, 0.06%, 9, 0, 7, 320.69
1735532839, 18, 74, 79, 18, 0, 0.06%, 9, 0, 7, 379.73
1735532849, 18, 75, 79, 18, 0, 0.06%, 9, 0, 7, 366.42
1735532859, 18, 77, 79, 18, 0, 0.06%, 9, 0, 7, 344.56
1735532864, 18, 78, 79, 18, 0, 0.06%, 9, 0, 7, 350.78
1735532869, 19, 17, 79, 18, 0, 0.06%, 9, 0, 7, 344.77
1735532874, 19, 18, 79, 18, 0, 0.06%, 9, 0, 7, 296.88
1735532880, 19, 19, 79, 18, 0, 0.06%, 9, 0, 7, 315.40
1735532885, 19, 27, 79, 18, 0, 0.06%, 9, 0, 7, 337.99
1735532895, 19, 31, 79, 18, 0, 0.06%, 9, 0, 7, 342.15
1735532900, 19, 32, 79, 18, 0, 0.06%, 9, 0, 7, 341.94
1735532905, 19, 33, 79, 18, 0, 0.06%, 9, 0, 7, 301.78
1735532910, 19, 36, 79, 18, 0, 0.06%, 9, 0, 7, 348.40
1735532915, 19, 38, 79, 18, 0, 0.06%, 9, 0, 7, 359.05
1735532920, 19, 41, 79, 18, 0, 0.06%, 9, 0, 7, 355.09
1735532926, 19, 54, 79, 18, 0, 0.06%, 9, 0, 7, 349.83
1735532931, 19, 55, 79, 18, 0, 0.06%, 9, 0, 7, 344.01
1735532936, 19, 57, 79, 18, 0, 0.06%, 9, 0, 7, 364.97
1735532941, 19, 58, 79, 18, 0, 0.06%, 9, 0, 7, 406.52
1735532956, 19, 66, 79, 18, 0, 0.06%, 9, 0, 7, 359.73
1735532961, 19, 67, 79, 18, 0, 0.06%, 9, 0, 7, 373.21
1735532976, 19, 68, 79, 18, 0, 0.06%, 9, 0, 7, 329.96
1735532982, 19, 71, 79, 18, 0, 0.06%, 9, 0, 7, 324.83
1735532987, 19, 72, 79, 18, 0, 0.06%, 9, 0, 7, 282.26
1735532997, 19, 74, 79, 18, 0, 0.06%, 9, 0, 7, 347.20
1735533002, 19, 75, 79, 18, 0, 0.06%, 9, 0, 7, 386.10
1735533012, 19, 77, 79, 18, 0, 0.06%, 9, 0, 7, 345.55
1735533017, 19, 78, 79, 18, 0, 0.06%, 9, 0, 7, 371.56
1735533022, 20, 17, 79, 18, 0, 0.06%, 9, 0, 7, 339.80
1735533027, 20, 18, 79, 18, 0, 0.06%, 9, 0, 7, 313.03
1735533032, 20, 25, 79, 18, 0, 0.06%, 9, 0, 7, 318.68
1735533037, 20, 27, 79, 18, 0, 0.06%, 9, 0, 7, 334.95
1735533047, 20, 31, 79, 18, 0, 0.06%, 9, 0, 7, 334.70
1735533053, 20, 32, 79, 18, 0, 0.06%, 9, 0, 7, 345.61
1735533058, 20, 33, 79, 18, 0, 0.06%, 9, 0, 7, 303.98
1735533063, 20, 36, 79, 18, 0, 0.06%, 9, 0, 7, 355.33
1735533068, 20, 38, 79, 18, 0, 0.06%, 9, 0, 7, 345.32
1735533073, 20, 41, 79, 18, 0, 0.06%, 9, 0, 7, 352.33
1735533078, 20, 53, 79, 18, 0, 0.06%, 9, 0, 7, 333.78
1735533083, 20, 54, 79, 18, 0, 0.06%, 9, 0, 7, 332.73
1735533088, 20, 55, 79, 18, 0, 0.06%, 9, 0, 7, 350.97
1735533093, 20, 57, 79, 18, 0, 0.06%, 9, 0, 7, 359.57
1735533098, 20, 58, 79, 18, 0, 0.06%, 9, 0, 7, 274.92
1735533108, 20, 65, 79, 18, 0, 0.06%, 9, 0, 7, 353.22
1735533113, 20, 66, 79, 18, 0, 0.06%, 9, 0, 7, 343.52
1735533119, 20, 67, 79, 18, 0, 0.06%, 9, 0, 7, 268.26
1735533129, 20, 68, 79, 18, 0, 0.06%, 9, 0, 7, 340.28
1735533134, 20, 71, 79, 18, 0, 0.06%, 9, 0, 7, 329.83
1735533139, 20, 72, 79, 18, 0, 0.06%, 9, 0, 7, 307.73
1735533149, 20, 74, 79, 18, 0, 0.06%, 9, 0, 7, 355.82
1735533154, 20, 75, 79, 18, 0, 0.06%, 9, 0, 7, 362.20
1735533159, 20, 77, 79, 18, 0, 0.06%, 9, 0, 7, 377.36
1735533164, 20, 78, 79, 18, 0, 0.06%, 9, 0, 7, 377.14
1735533169, 21, 17, 79, 18, 0, 0.06%, 9, 0, 7, 359.35
1735533174, 21, 18, 79, 18, 0, 0.06%, 9, 0, 7, 312.34
1735533179, 21, 19, 79, 18, 0, 0.06%, 9, 0, 7, 340.42
1735533184, 21, 25, 79, 18, 0, 0.06%, 9, 0, 7, 344.48
1735533189, 21, 27, 79, 18, 0, 0.06%, 9, 0, 7, 351.41
1735533195, 21, 29, 79, 18, 0, 0.06%, 9, 0, 7, 340.44
1735533200, 21, 31, 79, 18, 0, 0.06%, 9, 0, 7, 335.05
1735533205, 21, 32, 79, 18, 0, 0.06%, 9, 0, 7, 315.07
1735533210, 21, 33, 79, 18, 0, 0.06%, 9, 0, 7, 307.20
1735533215, 21, 38, 79, 18, 0, 0.06%, 9, 0, 7, 398.02
1735533220, 21, 41, 79, 18, 0, 0.06%, 9, 0, 7, 369.18
1735533225, 21, 53, 79, 18, 0, 0.06%, 9, 0, 7, 359.71
1735533230, 21, 54, 79, 18, 0, 0.06%, 9, 0, 7, 342.07
1735533235, 21, 55, 79, 18, 0, 0.06%, 9, 0, 7, 349.36
1735533240, 21, 57, 79, 18, 0, 0.06%, 9, 0, 7, 351.73
1735533245, 21, 58, 79, 18, 0, 0.06%, 9, 0, 7, 291.09
1735533256, 21, 65, 79, 18, 0, 0.06%, 9, 0, 7, 360.96
1735533261, 21, 66, 79, 18, 0, 0.06%, 9, 0, 7, 361.11
1735533266, 21, 67, 79, 18, 0, 0.06%, 9, 0, 7, 289.28
1735533276, 21, 68, 79, 18, 0, 0.06%, 9, 0, 7, 328.66
1735533281, 21, 71, 79, 18, 0, 0.06%, 9, 0, 7, 329.96
1735533286, 21, 72, 79, 18, 0, 0.06%, 9, 0, 7, 336.72
1735533296, 21, 74, 79, 18, 0, 0.06%, 9, 0, 7, 374.74
1735533301, 21, 75, 79, 18, 0, 0.06%, 9, 0, 7, 361.45
1735533306, 21, 77, 79, 18, 0, 0.06%, 9, 0, 7, 361.69
1735533312, 21, 78, 79, 18, 0, 0.06%, 9, 0, 7, 362.02
1735533317, 22, 17, 79, 18, 0, 0.06%, 9, 0, 7, 386.60
1735533322, 22, 18, 79, 18, 0, 0.06%, 9, 0, 7, 327.92
1735533327, 22, 19, 79, 18, 0, 0.06%, 9, 0, 7, 329.83
1735533332, 22, 25, 79, 18, 0, 0.06%, 9, 0, 7, 337.76
1735533337, 22, 27, 79, 18, 0, 0.06%, 9, 0, 7, 348.85
1735533342, 22, 29, 79, 18, 0, 0.06%, 9, 0, 7, 344.89
1735533347, 22, 31, 79, 18, 0, 0.06%, 9, 0, 7, 336.10
1735533352, 22, 32, 79, 18, 0, 0.06%, 9, 0, 7, 330.71
1735533357, 22, 33, 79, 18, 0, 0.06%, 9, 0, 7, 305.09
1735533362, 22, 36, 79, 18, 0, 0.06%, 9, 0, 7, 342.57
1735533367, 22, 41, 79, 18, 0, 0.06%, 9, 0, 7, 351.93
1735533372, 22, 53, 79, 18, 0, 0.06%, 9, 0, 7, 383.54
1735533377, 22, 54, 79, 18, 0, 0.06%, 9, 0, 7, 370.64
1735533382, 22, 55, 79, 18, 0, 0.06%, 9, 0, 7, 385.86
1735533387, 22, 57, 79, 18, 0, 0.06%, 9, 0, 7, 360.41
1735533392, 22, 58, 79, 18, 0, 0.06%, 9, 0, 7, 330.11
1735533403, 22, 65, 79, 18, 0, 0.06%, 9, 0, 7, 369.23
1735533408, 22, 66, 79, 18, 0, 0.06%, 9, 0, 7, 347.58
1735533413, 22, 67, 79, 18, 0, 0.06%, 9, 0, 7, 349.45
1735533423, 22, 68, 79, 18, 0, 0.06%, 9, 0, 7, 341.13
1735533428, 22, 71, 79, 18, 0, 0.06%, 9, 0, 7, 318.22
1735533433, 22, 72, 79, 18, 0, 0.06%, 9, 0, 7, 356.94
1735533443, 22, 77, 79, 18, 0, 0.06%, 9, 0, 7, 341.40
1735533448, 22, 78, 79, 18, 0, 0.06%, 9, 0, 7, 353.45
1735533453, 23, 17, 79, 18, 0, 0.06%, 9, 0, 7, 384.79
1735533458, 23, 29, 79, 18, 0, 0.06%, 9, 0, 7, 376.30
1735533464, 23, 33, 79, 18, 0, 0.06%, 9, 0, 7, 322.11
1735533469, 23, 36, 79, 18, 0, 0.06%, 9, 0, 7, 350.72
1735533474, 23, 38, 79, 18, 0, 0.06%, 9, 0, 7, 344.27
1735533479, 23, 41, 79, 18, 0, 0.06%, 9, 0, 7, 349.87
1735533484, 23, 54, 79, 18, 0, 0.06%, 9, 0, 7, 345.87
1735533489, 23, 55, 79, 18, 0, 0.06%, 9, 0, 7, 341.78
1735533494, 23, 57, 79, 18, 0, 0.06%, 9, 0, 7, 369.22
1735533499, 23, 65, 79, 18, 0, 0.06%, 9, 0, 7, 386.42
1735533504, 23, 66, 79, 18, 0, 0.06%, 9, 0, 7, 367.95
1735533509, 23, 67, 79, 18, 0, 0.06%, 9, 0, 7, 331.86
1735533519, 23, 68, 79, 18, 0, 0.06%, 9, 0, 7, 331.56
1735533524, 23, 71, 79, 18, 0, 0.06%, 9, 0, 7, 332.52
1735533529, 23, 72, 79, 18, 0, 0.06%, 9, 0, 7, 397.57
1735533540, 23, 77, 79, 18, 0, 0.06%, 9, 0, 7, 336.99
1735533545, 23, 78, 79, 18, 0, 0.06%, 9, 0, 7, 336.35
1735533550, 24, 17, 79, 18, 0, 0.06%, 9, 0, 7, 400.01
1735533555, 24, 29, 79, 18, 0, 0.06%, 9, 0, 7, 364.37
1735533560, 24, 33, 79, 18, 0, 0.06%, 9, 0, 7, 298.48
1735533565, 24, 36, 79, 18, 0, 0.06%, 9, 0, 7, 342.94
1735533570, 24, 38, 79, 18, 0, 0.06%, 9, 0, 7, 324.69
1735533575, 24, 41, 79, 18, 0, 0.06%, 9, 0, 7, 336.38
1735533580, 24, 54, 79, 18, 0, 0.06%, 9, 0, 7, 332.93
1735533585, 24, 55, 79, 18, 0, 0.06%, 9, 0, 7, 335.71
1735533590, 24, 57, 79, 18, 0, 0.06%, 9, 0, 7, 364.14
1735533596, 24, 65, 79, 18, 0, 0.06%, 9, 0, 7, 399.06
1735533601, 24, 66, 79, 18, 0, 0.06%, 9, 0, 7, 347.20
1735533606, 24, 67, 79, 18, 0, 0.06%, 9, 0, 7, 309.56
1735533616, 24, 68, 79, 18, 0, 0.06%, 9, 0, 7, 335.15
1735533621, 24, 71, 79, 18, 0, 0.06%, 9, 0, 7, 337.60
1735533626, 24, 72, 79, 18, 0, 0.06%, 9, 0, 7, 375.10
1735533636, 24, 77, 79, 18, 0, 0.06%, 9, 0, 7, 371.79
1735533641, 24, 78, 79, 18, 0, 0.06%, 9, 0, 7, 359.34
1735533646, 25, 17, 79, 18, 0, 0.06%, 9, 0, 7, 378.93
1735533651, 25, 29, 79, 18, 0, 0.06%, 9, 0, 7, 344.31
1735533656, 25, 33, 79, 18, 0, 0.06%, 9, 0, 7, 291.39
1735533661, 25, 36, 79, 18, 0, 0.06%, 9, 0, 7, 340.53
1735533666, 25, 38, 79, 18, 0, 0.06%, 9, 0, 7, 346.07
1735533671, 25, 41, 79, 18, 0, 0.06%, 9, 0, 7, 351.56
1735533677, 25, 54, 79, 18, 0, 0.06%, 9, 0, 7, 356.98
1735533682, 25, 55, 79, 18, 0, 0.06%, 9, 0, 7, 337.88
1735533687, 25, 57, 79, 18, 0, 0.06%, 9, 0, 7, 361.24
1735533692, 25, 65, 79, 18, 0, 0.06%, 9, 0, 7, 383.20
1735533697, 25, 66, 79, 18, 0, 0.06%, 9, 0, 7, 369.50
1735533702, 25, 67, 79, 18, 0, 0.06%, 9, 0, 7, 323.72
1735533712, 25, 68, 79, 18, 0, 0.06%, 9, 0, 7, 346.86
1735533717, 25, 71, 79, 18, 0, 0.06%, 9, 0, 7, 338.23
1735533722, 25, 72, 79, 18, 0, 0.06%, 9, 0, 7, 367.96
1735533732, 25, 77, 79, 18, 0, 0.06%, 9, 0, 7, 371.51
1735533737, 25, 78, 79, 18, 0, 0.06%, 9, 0, 7, 366.08
1735533743, 26, 17, 79, 18, 0, 0.06%, 9, 0, 7, 379.23
1735533748, 26, 29, 79, 18, 0, 0.06%, 9, 0, 7, 361.54
1735533753, 26, 33, 79, 18, 0, 0.06%, 9, 0, 7, 308.76
1735533758, 26, 36, 79, 18, 0, 0.06%, 9, 0, 7, 326.57
1735533763, 26, 41, 79, 18, 0, 0.06%, 9, 0, 7, 333.88
1735533768, 26, 53, 79, 18, 0, 0.06%, 9, 0, 7, 359.49
1735533773, 26, 54, 79, 18, 0, 0.06%, 9, 0, 7, 380.06
1735533778, 26, 55, 79, 18, 0, 0.06%, 9, 0, 7, 362.06
1735533783, 26, 57, 79, 18, 0, 0.06%, 9, 0, 7, 376.33
1735533788, 26, 65, 79, 18, 0, 0.06%, 9, 0, 7, 354.81
1735533793, 26, 66, 79, 18, 0, 0.06%, 9, 0, 7, 339.52
1735533799, 26, 67, 79, 18, 0, 0.06%, 9, 0, 7, 285.87
1735533809, 26, 68, 79, 18, 0, 0.06%, 9, 0, 7, 329.21
1735533814, 26, 71, 79, 18, 0, 0.06%, 9, 0, 7, 329.26
1735533819, 26, 72, 79, 18, 0, 0.06%, 9, 0, 7, 347.88
1735533829, 26, 77, 79, 18, 0, 0.06%, 9, 0, 7, 373.34
1735533834, 26, 78, 79, 18, 0, 0.06%, 9, 0, 7, 369.52
1735533839, 27, 17, 79, 18, 0, 0.06%, 9, 0, 7, 374.08
1735533844, 27, 29, 79, 18, 0, 0.06%, 9, 0, 7, 354.27
1735533849, 27, 33, 79, 18, 0, 0.06%, 9, 0, 7, 301.74
1735533854, 27, 36, 79, 18, 0, 0.06%, 9, 0, 7, 351.82
1735533859, 27, 38, 79, 18, 0, 0.06%, 9, 0, 7, 335.71
1735533864, 27, 41, 79, 18, 0, 0.06%, 9, 0, 7, 331.67
1735533869, 27, 54, 79, 18, 0, 0.06%, 9, 0, 7, 328.04
1735533874, 27, 55, 79, 18, 0, 0.06%, 9, 0, 7, 333.71
1735533879, 27, 57, 79, 18, 0, 0.06%, 9, 0, 7, 370.22
1735533884, 27, 66, 79, 18, 0, 0.06%, 9, 0, 7, 383.43
1735533889, 27, 67, 79, 18, 0, 0.06%, 9, 0, 7, 371.64
1735533900, 27, 68, 79, 18, 0, 0.06%, 9, 0, 7, 337.01
1735533905, 27, 71, 79, 18, 0, 0.06%, 9, 0, 7, 321.47
1735533915, 27, 72, 79, 18, 0, 0.06%, 9, 0, 7, 281.22
1735533925, 27, 77, 79, 18, 0, 0.06%, 9, 0, 7, 355.98
1735533930, 27, 78, 79, 18, 0, 0.06%, 9, 0, 7, 370.83
1735533935, 28, 13, 79, 18, 0, 0.06%, 9, 0, 7, 327.15
1735533940, 28, 18, 79, 18, 0, 0.06%, 9, 0, 7, 331.46
1735533945, 28, 19, 79, 18, 0, 0.06%, 9, 0, 7, 332.31
1735533951, 28, 20, 79, 18, 0, 0.06%, 9, 0, 7, 295.74
1735533971, 28, 22, 79, 18, 0, 0.06%, 9, 0, 7, 302.33
1735534017, 28, 23, 79, 17, 0, 0.06%, 9, 0, 7, 312.25
1735534027, 28, 27, 79, 17, 0, 0.06%, 9, 0, 7, 343.19
1735534032, 28, 29, 79, 17, 0, 0.06%, 9, 0, 7, 355.74
1735534037, 28, 31, 79, 17, 0, 0.06%, 9, 0, 7, 350.70
1735534042, 28, 32, 79, 17, 0, 0.06%, 9, 0, 7, 342.24
1735534047, 28, 33, 79, 17, 0, 0.06%, 9, 0, 7, 303.08
1735534052, 28, 35, 79, 17, 0, 0.06%, 9, 0, 7, 343.25
1735534057, 28, 36, 79, 17, 0, 0.06%, 9, 0, 7, 349.11
1735534062, 28, 37, 79, 17, 0, 0.06%, 9, 0, 7, 349.81
1735534068, 28, 39, 79, 17, 0, 0.06%, 9, 0, 7, 343.50
1735534073, 28, 40, 79, 17, 0, 0.06%, 9, 0, 7, 350.29
1735534078, 28, 41, 79, 17, 0, 0.06%, 9, 0, 7, 363.31
1735534083, 28, 42, 79, 17, 0, 0.06%, 9, 0, 7, 343.74
1735534088, 28, 43, 79, 17, 0, 0.06%, 9, 0, 7, 359.74
1735534098, 28, 44, 79, 17, 0, 0.06%, 9, 0, 7, 334.98
1735534103, 28, 45, 79, 17, 0, 0.06%, 9, 0, 7, 324.89
1735534108, 28, 47, 79, 17, 0, 0.06%, 9, 0, 7, 348.70
1735534180, 28, 48, 79, 17, 0, 0.06%, 9, 0, 7, 337.82
1735534266, 28, 49, 79, 17, 0, 0.06%, 9, 0, 7, 320.02
1735534353, 28, 50, 79, 17, 0, 0.06%, 9, 0, 7, 374.37
1735534445, 28, 51, 79, 17, 0, 0.06%, 9, 0, 7, 359.60
1735534547, 28, 52, 79, 16, 0, 0.06%, 9, 0, 7, 365.18
1735534587, 28, 53, 79, 15, 0, 0.06%, 9, 0, 7, 353.64
1735534592, 28, 54, 79, 15, 0, 0.06%, 9, 0, 7, 348.19
1735534597, 28, 55, 79, 15, 0, 0.06%, 9, 0, 7, 368.48
1735534602, 28, 56, 79, 15, 0, 0.06%, 9, 0, 7, 475.84
1735534638, 28, 57, 79, 14, 0, 0.06%, 9, 0, 7, 345.42
1735534643, 28, 58, 79, 14, 0, 0.06%, 9, 0, 7, 289.94
1735534653, 28, 59, 79, 14, 0, 0.06%, 9, 0, 7, 408.65
1735534694, 28, 60, 79, 13, 0, 0.06%, 9, 0, 7, 293.14
1735534739, 28, 61, 79, 12, 0, 0.06%, 9, 0, 7, 346.80
1735534923, 28, 66, 79, 11, 0, 0.06%, 9, 0, 7, 345.82
1735534928, 28, 67, 79, 11, 0, 0.06%, 9, 0, 7, 379.06
1735534943, 28, 68, 79, 11, 0, 0.06%, 9, 0, 7, 325.91
1735534948, 28, 71, 79, 11, 0, 0.06%, 9, 0, 7, 312.56
1735534954, 28, 72, 79, 11, 0, 0.06%, 9, 0, 7, 276.92
1735534964, 28, 73, 79, 11, 0, 0.06%, 9, 0, 7, 391.48
1735534979, 28, 74, 79, 11, 0, 0.06%, 9, 0, 7, 299.57
1735534984, 28, 75, 79, 11, 0, 0.06%, 9, 0, 7, 324.61
1735534994, 28, 76, 79, 11, 0, 0.06%, 9, 0, 7, 307.13
1735535020, 28, 77, 79, 11, 0, 0.06%, 9, 0, 7, 369.22
1735535025, 28, 78, 79, 11, 0, 0.06%, 9, 0, 7, 377.41
1735535030, 29, 13, 79, 11, 0, 0.06%, 9, 0, 7, 324.22
1735535035, 29, 17, 79, 11, 0, 0.06%, 9, 0, 7, 324.43
1735535040, 29, 18, 79, 11, 0, 0.06%, 9, 0, 7, 295.08
1735535045, 29, 19, 79, 11, 0, 0.06%, 9, 0, 7, 327.22
1735535050, 29, 23, 79, 11, 0, 0.06%, 9, 0, 7, 292.12
1735535055, 29, 25, 79, 11, 0, 0.06%, 9, 0, 7, 330.34
1735535060, 29, 27, 79, 11, 0, 0.06%, 9, 0, 7, 339.32
1735535065, 29, 29, 79, 11, 0, 0.06%, 9, 0, 7, 339.16
1735535070, 29, 31, 79, 11, 0, 0.06%, 9, 0, 7, 323.60
1735535075, 29, 33, 79, 11, 0, 0.06%, 9, 0, 7, 318.52
1735535080, 29, 36, 79, 11, 0, 0.06%, 9, 0, 7, 339.72
1735535085, 29, 38, 79, 11, 0, 0.06%, 9, 0, 7, 382.38
1735535091, 29, 40, 79, 11, 0, 0.06%, 9, 0, 7, 358.36
1735535096, 29, 41, 79, 11, 0, 0.06%, 9, 0, 7, 363.87
1735535101, 29, 44, 79, 11, 0, 0.06%, 9, 0, 7, 343.87
1735535106, 29, 45, 79, 11, 0, 0.06%, 9, 0, 7, 342.82
1735535111, 29, 47, 79, 11, 0, 0.06%, 9, 0, 7, 355.90
1735535116, 29, 48, 79, 11, 0, 0.06%, 9, 0, 7, 342.02
1735535121, 29, 49, 79, 11, 0, 0.06%, 9, 0, 7, 342.22
1735535126, 29, 50, 79, 11, 0, 0.06%, 9, 0, 7, 356.20
1735535131, 29, 51, 79, 11, 0, 0.06%, 9, 0, 7, 368.30
1735535152, 29, 53, 79, 11, 0, 0.06%, 9, 0, 7, 323.52
1735535157, 29, 54, 79, 11, 0, 0.06%, 9, 0, 7, 341.83
1735535162, 29, 55, 79, 11, 0, 0.06%, 9, 0, 7, 361.30
1735535167, 29, 58, 79, 11, 0, 0.06%, 9, 0, 7, 377.95
1735535182, 29, 60, 79, 11, 0, 0.06%, 9, 0, 7, 298.16
1735535202, 29, 65, 79, 11, 0, 0.06%, 9, 0, 7, 325.04
1735535207, 29, 66, 80, 12, 0, 0.07%, 10, 0, 7, 377.90
1735535213, 29, 79, 80, 12, 1, 0.07%, 10, 0, 7, 253.95
1735535263, 30, 79, 80, 11, 0, 0.07%, 10, 0, 7, 272.67
1735535288, 31, 79, 80, 11, 0, 0.07%, 10, 0, 7, 231.52
1735535309, 32, 79, 80, 11, 0, 0.07%, 10, 0, 7, 254.34
1735535334, 33, 79, 80, 11, 0, 0.07%, 10, 0, 7, 227.49
1735535355, 34, 79, 80, 11, 0, 0.07%, 10, 0, 7, 249.73
1735535375, 35, 79, 80, 11, 0, 0.07%, 10, 0, 7, 332.27
1735535401, 36, 79, 80, 11, 0, 0.07%, 10, 0, 7, 243.08
1735535411, 37, 79, 80, 11, 0, 0.07%, 10, 0, 7, 255.40
1735535416, 38, 79, 80, 11, 0, 0.07%, 10, 0, 7, 251.08
1735535421, 39, 79, 80, 11, 0, 0.07%, 10, 0, 7, 267.23
1735535426, 40, 79, 80, 11, 0, 0.07%, 10, 0, 7, 271.64
1735535436, 41, 79, 82, 13, 0, 0.09%, 12, 0, 8, 245.45
1735535447, 41, 81, 82, 13, 1, 0.09%, 12, 0, 8, 292.79
1735535528, 42, 80, 84, 14, 0, 0.09%, 12, 0, 9, 438.33
1735535533, 42, 80, 85, 15, 0, 0.09%, 12, 0, 9, 482.35
1735535543, 42, 80, 86, 16, 0, 0.09%, 12, 0, 9, 486.89
1735535559, 42, 80, 87, 17, 0, 0.09%, 13, 0, 9, 480.20
1735535599, 42, 86, 91, 20, 1, 0.12%, 16, 0, 10, 441.34
1735535604, 42, 86, 93, 22, 1, 0.12%, 17, 0, 10, 465.06
1735535609, 42, 86, 94, 23, 1, 0.12%, 17, 0, 10, 489.29
1735535630, 42, 86, 95, 24, 1, 0.12%, 18, 0, 10, 479.88
1735535635, 42, 86, 96, 25, 1, 0.12%, 18, 0, 10, 485.21
1735535666, 42, 86, 99, 28, 1, 0.13%, 19, 0, 10, 297.67
1735535671, 42, 97, 103, 31, 4, 0.13%, 19, 0, 11, 387.09
1735535681, 42, 97, 104, 32, 4, 0.13%, 19, 0, 11, 427.28
1735535696, 42, 97, 106, 34, 4, 0.13%, 19, 0, 11, 419.23
1735535701, 42, 97, 107, 35, 4, 0.13%, 19, 0, 11, 430.80
1735535732, 42, 97, 108, 36, 4, 0.13%, 19, 0, 11, 428.16
1735535772, 43, 94, 108, 35, 3, 0.13%, 19, 0, 11, 211.03
1735535783, 43, 94, 111, 38, 3, 0.13%, 19, 0, 11, 343.50
1735535788, 43, 94, 114, 41, 3, 0.13%, 19, 0, 11, 416.80
1735535793, 43, 94, 115, 42, 3, 0.13%, 19, 0, 11, 419.67
1735535823, 43, 94, 116, 43, 3, 0.13%, 20, 0, 11, 437.82
1735535844, 43, 94, 117, 44, 3, 0.13%, 20, 0, 11, 312.44
1735535854, 43, 94, 118, 45, 3, 0.13%, 20, 0, 11, 327.38
1735535859, 43, 94, 119, 46, 3, 0.13%, 20, 0, 11, 312.07
1735535864, 44, 88, 119, 45, 3, 0.13%, 20, 0, 11, 470.98
1735535869, 44, 88, 120, 46, 3, 0.13%, 20, 0, 11, 519.50
1735535910, 44, 88, 121, 47, 3, 0.13%, 20, 0, 11, 448.68
1735535930, 45, 87, 121, 46, 2, 0.13%, 20, 0, 11, 390.32
1735535935, 45, 87, 122, 47, 2, 0.13%, 20, 0, 11, 407.91
1735536006, 45, 115, 122, 46, 1, 0.13%, 20, 0, 11, 276.25
1735536011, 45, 115, 127, 51, 1, 0.14%, 25, 0, 12, 180.95
1735536032, 45, 115, 128, 52, 1, 0.14%, 25, 0, 12, 408.95
1735536042, 45, 115, 130, 54, 1, 0.14%, 25, 0, 12, 413.71
1735536047, 45, 115, 131, 55, 1, 0.14%, 25, 0, 12, 411.94
1735536098, 45, 122, 131, 54, 5, 0.14%, 25, 0, 12, 242.42
1735536103, 45, 122, 132, 55, 5, 0.14%, 25, 0, 13, 190.58
1735536159, 45, 126, 132, 54, 4, 0.14%, 25, 0, 13, 230.33
1735536164, 45, 126, 133, 55, 4, 0.14%, 25, 0, 13, 192.28
1735536174, 45, 126, 134, 56, 4, 0.14%, 25, 0, 13, 386.47
1735536204, 45, 126, 135, 57, 4, 0.14%, 25, 0, 13, 402.25
1735536250, 45, 134, 135, 56, 4, 0.14%, 25, 0, 13, 227.61
1735536260, 45, 134, 136, 57, 4, 0.14%, 25, 0, 14, 152.98
1735536270, 45, 134, 138, 59, 4, 0.14%, 25, 0, 14, 313.70
1735536351, 46, 123, 138, 58, 4, 0.14%, 25, 0, 14, 310.61
1735536356, 46, 123, 139, 59, 4, 0.14%, 25, 0, 14, 190.52
1735536413, 46, 124, 139, 58, 4, 0.14%, 25, 0, 14, 232.52
1735536418, 46, 124, 140, 59, 4, 0.14%, 25, 0, 14, 188.73
1735536423, 46, 124, 141, 60, 4, 0.14%, 25, 0, 14, 343.38
1735536443, 46, 124, 142, 61, 4, 0.14%, 25, 0, 14, 412.62
1735536499, 47, 88, 142, 60, 4, 0.14%, 25, 0, 14, 347.73
1735536524, 47, 119, 144, 62, 4, 0.14%, 25, 0, 14, 429.97
1735536545, 47, 119, 145, 63, 4, 0.14%, 25, 0, 14, 539.61
1735536555, 47, 119, 146, 64, 4, 0.14%, 25, 0, 14, 543.58
