# unix_time, cycles_done, cur_path, paths_total, pending_total, pending_favs, map_size, unique_crashes, unique_hangs, max_depth, execs_per_sec
1733803716, 0, 0, 10, 10, 1, 0.00%, 0, 0, 1, 169.49
1733803721, 0, 4, 10, 10, 1, 0.00%, 0, 0, 1, 192.20
1733803726, 0, 5, 10, 9, 0, 0.00%, 0, 0, 1, 201.92
1733803731, 0, 6, 10, 8, 0, 0.00%, 0, 0, 1, 200.94
1733803741, 0, 7, 10, 7, 0, 0.00%, 0, 0, 1, 205.98
1733803746, 0, 8, 10, 6, 0, 0.00%, 0, 0, 1, 195.45
1733803756, 0, 9, 10, 5, 0, 0.00%, 0, 0, 1, 203.65
1733803762, 1, 0, 10, 4, 0, 0.00%, 0, 0, 1, 200.29
1733803772, 1, 1, 10, 3, 0, 0.00%, 0, 0, 1, 195.95
1733803782, 1, 2, 10, 2, 0, 0.00%, 0, 0, 1, 195.72
1733803792, 1, 3, 10, 1, 0, 0.00%, 0, 0, 1, 196.29
1733803802, 1, 4, 10, 0, 0, 0.00%, 0, 0, 1, 198.69
1733803812, 1, 5, 10, 0, 0, 0.00%, 0, 0, 1, 201.07
1733803817, 1, 6, 10, 0, 0, 0.00%, 0, 0, 1, 201.42
1733803822, 1, 7, 10, 0, 0, 0.00%, 0, 0, 1, 202.49
1733803827, 1, 9, 10, 0, 0, 0.00%, 0, 0, 1, 200.10
1733803832, 2, 0, 10, 0, 0, 0.00%, 0, 0, 1, 201.20
1733803837, 2, 1, 10, 0, 0, 0.00%, 0, 0, 1, 200.61
1733803842, 2, 3, 10, 0, 0, 0.00%, 0, 0, 1, 199.86
1733803848, 2, 4, 10, 0, 0, 0.00%, 0, 0, 1, 197.56
1733803853, 2, 6, 10, 0, 0, 0.00%, 0, 0, 1, 199.35
1733803858, 2, 7, 10, 0, 0, 0.00%, 0, 0, 1, 201.23
1733803863, 2, 8, 10, 0, 0, 0.00%, 0, 0, 1, 201.02
1733803868, 3, 0, 10, 0, 0, 0.00%, 0, 0, 1, 203.94
1733803873, 3, 1, 10, 0, 0, 0.00%, 0, 0, 1, 201.45
1733803878, 3, 2, 10, 0, 0, 0.00%, 0, 0, 1, 200.05
1733803883, 3, 4, 10, 0, 0, 0.00%, 0, 0, 1, 200.82
1733803889, 3, 5, 10, 0, 0, 0.00%, 0, 0, 1, 197.35
1733803894, 3, 7, 10, 0, 0, 0.00%, 0, 0, 1, 202.23
1733803899, 3, 8, 10, 0, 0, 0.00%, 0, 0, 1, 201.21
1733803904, 3, 9, 10, 0, 0, 0.00%, 0, 0, 1, 199.21
1733803909, 4, 1, 10, 0, 0, 0.00%, 0, 0, 1, 199.76
1733803914, 4, 2, 10, 0, 0, 0.00%, 0, 0, 1, 197.87
1733803919, 4, 3, 10, 0, 0, 0.00%, 0, 0, 1, 199.11
1733803924, 4, 5, 10, 0, 0, 0.00%, 0, 0, 1, 204.02
1733803929, 4, 6, 10, 0, 0, 0.00%, 0, 0, 1, 198.30
1733803934, 4, 7, 10, 0, 0, 0.00%, 0, 0, 1, 201.44
1733803939, 4, 9, 10, 0, 0, 0.00%, 0, 0, 1, 202.25
1733803944, 5, 0, 10, 0, 0, 0.00%, 0, 0, 1, 199.76
1733803949, 5, 1, 10, 0, 0, 0.00%, 0, 0, 1, 201.76
1733803955, 5, 3, 10, 0, 0, 0.00%, 0, 0, 1, 197.58
1733803960, 5, 4, 10, 0, 0, 0.00%, 0, 0, 1, 203.03
1733803965, 5, 6, 10, 0, 0, 0.00%, 0, 0, 1, 200.09
1733803970, 5, 7, 10, 0, 0, 0.00%, 0, 0, 1, 195.64
1733803975, 5, 8, 10, 0, 0, 0.00%, 0, 0, 1, 200.57
1733803980, 6, 0, 10, 0, 0, 0.00%, 0, 0, 1, 197.13
1733803985, 6, 1, 10, 0, 0, 0.00%, 0, 0, 1, 199.19
1733803990, 6, 2, 10, 0, 0, 0.00%, 0, 0, 1, 207.19
1733803995, 6, 4, 10, 0, 0, 0.00%, 0, 0, 1, 202.60
1733804000, 6, 5, 10, 0, 0, 0.00%, 0, 0, 1, 197.42
1733804006, 6, 6, 10, 0, 0, 0.00%, 0, 0, 1, 200.48
1733804011, 6, 8, 10, 0, 0, 0.00%, 0, 0, 1, 198.49
1733804016, 6, 9, 10, 0, 0, 0.00%, 0, 0, 1, 199.17
1733804021, 7, 1, 10, 0, 0, 0.00%, 0, 0, 1, 196.86
1733804026, 7, 2, 10, 0, 0, 0.00%, 0, 0, 1, 202.70
1733804031, 7, 10, 12, 2, 1, 0.05%, 2, 0, 3, 204.24
1733804067, 7, 10, 13, 3, 1, 0.05%, 3, 0, 3, 203.06
1733804102, 7, 10, 14, 4, 1, 0.05%, 4, 0, 3, 202.70
1733804153, 7, 10, 15, 5, 1, 0.05%, 4, 0, 3, 209.73
1733804178, 7, 12, 18, 7, 3, 0.06%, 5, 0, 4, 252.58
1733804188, 7, 12, 19, 8, 3, 0.06%, 5, 0, 4, 267.20
1733804198, 7, 12, 21, 10, 3, 0.06%, 6, 0, 4, 266.26
1733804290, 7, 12, 22, 11, 3, 0.06%, 6, 0, 4, 264.50
1733804315, 7, 16, 23, 11, 4, 0.06%, 6, 0, 5, 231.51
1733804320, 7, 16, 24, 12, 4, 0.06%, 6, 0, 5, 250.85
1733804326, 7, 16, 25, 13, 4, 0.06%, 6, 0, 5, 260.53
1733804336, 7, 16, 26, 14, 4, 0.06%, 6, 0, 5, 261.14
1733804341, 7, 16, 27, 15, 4, 0.06%, 6, 0, 5, 261.59
1733804361, 7, 16, 28, 16, 4, 0.06%, 6, 0, 5, 264.68
1733804366, 7, 16, 29, 17, 4, 0.06%, 6, 0, 5, 267.49
1733804392, 7, 16, 30, 18, 4, 0.06%, 6, 0, 5, 266.32
1733804432, 7, 20, 32, 19, 3, 0.06%, 6, 0, 5, 261.34
1733804503, 7, 20, 33, 20, 3, 0.06%, 6, 0, 5, 264.02
1733804528, 7, 20, 34, 21, 3, 0.06%, 6, 0, 5, 277.00
1733804544, 7, 27, 36, 22, 2, 0.06%, 6, 0, 6, 337.75
1733804554, 7, 27, 37, 23, 2, 0.06%, 6, 0, 6, 364.41
1733804564, 7, 27, 38, 24, 2, 0.06%, 6, 0, 6, 361.44
1733804600, 7, 27, 39, 25, 2, 0.06%, 6, 0, 6, 368.44
1733804630, 8, 13, 40, 25, 2, 0.06%, 7, 0, 6, 334.69
1733804651, 8, 13, 41, 26, 2, 0.06%, 7, 0, 6, 271.84
1733804656, 8, 39, 41, 25, 2, 0.06%, 7, 0, 6, 372.19
1733804661, 8, 39, 44, 28, 2, 0.06%, 7, 0, 6, 454.16
1733804692, 8, 39, 46, 30, 2, 0.06%, 8, 0, 6, 497.01
1733804707, 8, 39, 47, 31, 2, 0.06%, 8, 0, 6, 414.33
1733804712, 8, 39, 48, 32, 2, 0.06%, 9, 0, 6, 288.53
1733804727, 8, 44, 49, 32, 3, 0.06%, 9, 0, 6, 263.69
1733804737, 8, 44, 50, 33, 3, 0.06%, 9, 0, 6, 466.21
1733804758, 8, 44, 52, 35, 3, 0.06%, 9, 0, 6, 475.08
1733804763, 8, 44, 53, 36, 3, 0.06%, 9, 0, 6, 480.73
1733804778, 8, 44, 54, 37, 3, 0.06%, 9, 0, 6, 469.12
1733804814, 8, 47, 54, 36, 3, 0.06%, 9, 0, 6, 381.23
1733804824, 8, 47, 55, 37, 3, 0.06%, 9, 0, 6, 457.68
1733804865, 8, 54, 56, 37, 2, 0.06%, 9, 0, 7, 435.82
1733804870, 8, 54, 57, 38, 2, 0.06%, 9, 0, 7, 459.54
1733804885, 8, 54, 58, 39, 2, 0.06%, 9, 0, 7, 467.40
1733804895, 8, 54, 59, 40, 2, 0.06%, 9, 0, 7, 465.97
1733804951, 8, 55, 59, 39, 2, 0.06%, 9, 0, 7, 386.29
1733804986, 8, 56, 59, 38, 2, 0.06%, 9, 0, 7, 319.26
1733805007, 8, 56, 60, 39, 2, 0.06%, 9, 0, 8, 509.55
1733805053, 8, 56, 61, 40, 2, 0.06%, 9, 0, 8, 458.32
1733805068, 9, 44, 61, 39, 2, 0.06%, 9, 0, 8, 372.37
1733805088, 9, 48, 61, 39, 2, 0.06%, 9, 0, 8, 371.78
1733805119, 9, 48, 64, 42, 2, 0.06%, 9, 0, 8, 284.13
1733805124, 9, 49, 65, 42, 1, 0.06%, 9, 0, 8, 278.96
1733805237, 9, 49, 66, 43, 1, 0.06%, 9, 0, 8, 519.49
1733805242, 9, 49, 67, 44, 1, 0.06%, 9, 0, 8, 496.62
1733805298, 9, 49, 68, 45, 1, 0.06%, 9, 0, 8, 482.43
1733805318, 9, 50, 68, 44, 1, 0.06%, 9, 0, 8, 314.79
1733805384, 9, 50, 69, 45, 1, 0.06%, 9, 0, 8, 499.52
1733805781, 9, 54, 69, 44, 1, 0.06%, 9, 0, 8, 437.57
1733805796, 9, 55, 69, 44, 1, 0.06%, 9, 0, 8, 342.78
1733805816, 9, 56, 69, 44, 1, 0.06%, 9, 0, 8, 424.55
1733805827, 9, 56, 70, 45, 1, 0.06%, 9, 0, 8, 275.54
1733805832, 9, 57, 70, 45, 1, 0.06%, 9, 0, 8, 352.25
1733805867, 9, 58, 70, 44, 1, 0.06%, 9, 0, 8, 315.08
1733805903, 9, 59, 70, 43, 1, 0.06%, 9, 0, 8, 363.98
1733805963, 9, 59, 71, 44, 1, 0.06%, 9, 0, 9, 350.18
1733806044, 9, 60, 71, 43, 1, 0.06%, 9, 0, 9, 294.25
1733806142, 9, 60, 72, 44, 1, 0.06%, 9, 0, 9, 478.88
1733806208, 9, 69, 72, 43, 1, 0.06%, 9, 0, 9, 427.60
1733806259, 9, 70, 72, 42, 1, 0.06%, 9, 0, 9, 377.56
1733806264, 9, 70, 73, 43, 1, 0.06%, 9, 0, 10, 479.38
1733806366, 9, 71, 73, 42, 1, 0.06%, 9, 0, 10, 411.30
1733806376, 9, 71, 74, 43, 1, 0.06%, 9, 0, 10, 521.45
1733806478, 10, 11, 74, 42, 1, 0.06%, 9, 0, 10, 292.88
1733806498, 10, 27, 74, 41, 0, 0.06%, 9, 0, 10, 310.75
1733806508, 10, 34, 74, 41, 0, 0.06%, 9, 0, 10, 390.51
1733806539, 10, 35, 74, 40, 0, 0.06%, 9, 0, 10, 367.08
1733806580, 10, 36, 74, 39, 0, 0.06%, 9, 0, 10, 327.69
1733806646, 10, 36, 75, 40, 0, 0.06%, 9, 0, 10, 408.55
1733806692, 10, 47, 75, 39, 0, 0.06%, 9, 0, 10, 409.15
1733806707, 10, 54, 75, 39, 0, 0.06%, 9, 0, 10, 309.81
1733806712, 10, 55, 75, 39, 0, 0.06%, 9, 0, 10, 330.61
1733806717, 10, 56, 75, 39, 0, 0.06%, 9, 0, 10, 292.46
1733806722, 10, 57, 75, 39, 0, 0.06%, 9, 0, 10, 362.31
1733806742, 10, 58, 75, 39, 0, 0.06%, 9, 0, 10, 421.99
1733806752, 10, 58, 76, 40, 0, 0.06%, 9, 0, 10, 332.95
1733806758, 10, 59, 76, 40, 0, 0.06%, 9, 0, 10, 349.61
1733806783, 10, 60, 76, 40, 0, 0.06%, 9, 0, 10, 319.83
1733806813, 10, 69, 76, 40, 0, 0.06%, 9, 0, 10, 422.89
1733806839, 10, 70, 76, 40, 0, 0.06%, 9, 0, 10, 317.09
1733806869, 10, 71, 76, 40, 0, 0.06%, 9, 0, 10, 457.10
1733806895, 10, 72, 76, 40, 0, 0.06%, 9, 0, 10, 397.90
1733806991, 10, 73, 76, 39, 0, 0.06%, 9, 0, 10, 396.53
1733807104, 10, 75, 76, 38, 0, 0.06%, 9, 0, 10, 362.02
1733807263, 11, 11, 76, 37, 0, 0.06%, 9, 0, 10, 303.51
1733807268, 11, 12, 76, 37, 0, 0.06%, 9, 0, 10, 289.94
1733807273, 11, 15, 76, 37, 0, 0.06%, 9, 0, 10, 288.26
1733807314, 11, 16, 76, 36, 0, 0.06%, 9, 0, 10, 292.64
1733807324, 11, 22, 76, 36, 0, 0.06%, 9, 0, 10, 356.95
1733807354, 11, 23, 76, 35, 0, 0.06%, 9, 0, 10, 329.72
1733807390, 11, 24, 76, 34, 0, 0.06%, 9, 0, 10, 286.29
1733807421, 11, 24, 78, 36, 0, 0.06%, 9, 0, 10, 485.63
1733807534, 11, 27, 78, 35, 0, 0.06%, 9, 0, 10, 322.06
1733807539, 11, 34, 78, 35, 0, 0.06%, 9, 0, 10, 318.60
1733807549, 11, 35, 78, 35, 0, 0.06%, 9, 0, 10, 361.16
1733807559, 11, 36, 78, 35, 0, 0.06%, 9, 0, 10, 347.92
1733807569, 11, 37, 78, 35, 0, 0.06%, 9, 0, 10, 264.93
1733808159, 11, 47, 78, 34, 0, 0.06%, 9, 0, 10, 310.97
1733808164, 11, 54, 78, 34, 0, 0.06%, 9, 0, 10, 350.80
1733808169, 11, 55, 78, 34, 0, 0.06%, 9, 0, 10, 363.89
1733808174, 11, 56, 78, 34, 0, 0.06%, 9, 0, 10, 379.03
1733808179, 11, 57, 78, 34, 0, 0.06%, 9, 0, 10, 372.40
1733808184, 11, 58, 78, 34, 0, 0.06%, 9, 0, 10, 374.68
1733808189, 11, 59, 78, 34, 0, 0.06%, 9, 0, 10, 342.54
1733808194, 11, 60, 78, 34, 0, 0.06%, 9, 0, 10, 321.97
1733808204, 11, 69, 78, 34, 0, 0.06%, 9, 0, 10, 435.68
1733808214, 11, 70, 78, 34, 0, 0.06%, 9, 0, 10, 330.87
1733808230, 11, 71, 78, 34, 0, 0.06%, 9, 0, 10, 330.97
1733808245, 11, 72, 78, 34, 0, 0.06%, 9, 0, 10, 399.53
1733808270, 11, 73, 78, 34, 0, 0.06%, 9, 0, 10, 383.48
1733808295, 11, 75, 78, 34, 0, 0.06%, 9, 0, 10, 370.14
1733808321, 12, 47, 78, 34, 0, 0.06%, 9, 0, 10, 346.97
1733808326, 12, 54, 78, 34, 0, 0.06%, 9, 0, 10, 324.73
1733808331, 12, 56, 78, 34, 0, 0.06%, 9, 0, 10, 334.49
1733808341, 12, 58, 78, 34, 0, 0.06%, 9, 0, 10, 378.64
1733808346, 12, 59, 78, 34, 0, 0.06%, 9, 0, 10, 337.53
1733808356, 12, 60, 78, 34, 0, 0.06%, 9, 0, 10, 393.89
1733808361, 12, 69, 78, 34, 0, 0.06%, 9, 0, 10, 352.68
1733808372, 12, 70, 78, 34, 0, 0.06%, 9, 0, 10, 339.07
1733808377, 12, 71, 78, 34, 0, 0.06%, 9, 0, 10, 300.99
1733808387, 12, 72, 78, 34, 0, 0.06%, 9, 0, 10, 427.09
1733808397, 12, 73, 78, 34, 0, 0.06%, 9, 0, 10, 329.46
1733808412, 12, 75, 78, 34, 0, 0.06%, 9, 0, 10, 309.79
1733808428, 13, 47, 78, 34, 0, 0.06%, 9, 0, 10, 349.41
1733808433, 13, 54, 78, 34, 0, 0.06%, 9, 0, 10, 324.04
1733808438, 13, 55, 78, 34, 0, 0.06%, 9, 0, 10, 352.59
1733808443, 13, 56, 78, 34, 0, 0.06%, 9, 0, 10, 355.76
1733808448, 13, 58, 78, 34, 0, 0.06%, 9, 0, 10, 338.70
1733808453, 13, 59, 78, 34, 0, 0.06%, 9, 0, 10, 317.56
1733808463, 13, 60, 78, 34, 0, 0.06%, 9, 0, 10, 307.05
1733808473, 13, 69, 78, 34, 0, 0.06%, 9, 0, 10, 355.37
1733808478, 13, 70, 78, 34, 0, 0.06%, 9, 0, 10, 332.85
1733808488, 13, 71, 78, 34, 0, 0.06%, 9, 0, 10, 367.35
1733808493, 13, 72, 78, 34, 0, 0.06%, 9, 0, 10, 392.18
1733808504, 13, 73, 78, 34, 0, 0.06%, 9, 0, 10, 381.86
1733808509, 13, 75, 78, 34, 0, 0.06%, 9, 0, 10, 348.55
1733808524, 14, 47, 78, 34, 0, 0.06%, 9, 0, 10, 338.50
1733808529, 14, 54, 78, 34, 0, 0.06%, 9, 0, 10, 348.38
1733808534, 14, 55, 78, 34, 0, 0.06%, 9, 0, 10, 333.58
1733808539, 14, 56, 78, 34, 0, 0.06%, 9, 0, 10, 327.11
1733808544, 14, 58, 78, 34, 0, 0.06%, 9, 0, 10, 352.61
1733808549, 14, 59, 78, 34, 0, 0.06%, 9, 0, 10, 342.92
1733808559, 14, 60, 78, 34, 0, 0.06%, 9, 0, 10, 342.05
1733808570, 14, 69, 78, 34, 0, 0.06%, 9, 0, 10, 323.57
1733808575, 14, 70, 78, 34, 0, 0.06%, 9, 0, 10, 316.03
1733808585, 14, 71, 78, 34, 0, 0.06%, 9, 0, 10, 361.77
1733808590, 14, 72, 78, 34, 0, 0.06%, 9, 0, 10, 340.14
1733808600, 14, 73, 78, 34, 0, 0.06%, 9, 0, 10, 381.45
1733808605, 14, 75, 78, 34, 0, 0.06%, 9, 0, 10, 312.42
1733808615, 15, 47, 78, 34, 0, 0.06%, 9, 0, 10, 321.07
1733808620, 15, 54, 78, 34, 0, 0.06%, 9, 0, 10, 325.78
1733808625, 15, 55, 78, 34, 0, 0.06%, 9, 0, 10, 317.03
1733808630, 15, 56, 78, 34, 0, 0.06%, 9, 0, 10, 356.10
1733808635, 15, 58, 78, 34, 0, 0.06%, 9, 0, 10, 330.83
1733808641, 15, 59, 78, 34, 0, 0.06%, 9, 0, 10, 317.85
1733808651, 15, 60, 78, 34, 0, 0.06%, 9, 0, 10, 353.91
1733808661, 15, 69, 78, 34, 0, 0.06%, 9, 0, 10, 350.78
1733808666, 15, 70, 78, 34, 0, 0.06%, 9, 0, 10, 329.21
1733808671, 15, 71, 78, 34, 0, 0.06%, 9, 0, 10, 359.25
1733808681, 15, 72, 78, 34, 0, 0.06%, 9, 0, 10, 390.63
1733808686, 15, 73, 78, 34, 0, 0.06%, 9, 0, 10, 338.64
1733808696, 15, 75, 78, 34, 0, 0.06%, 9, 0, 10, 382.63
1733808706, 16, 54, 78, 34, 0, 0.06%, 9, 0, 10, 350.46
1733808711, 16, 55, 78, 34, 0, 0.06%, 9, 0, 10, 368.24
1733808716, 16, 56, 78, 34, 0, 0.06%, 9, 0, 10, 370.96
1733808722, 16, 57, 78, 34, 0, 0.06%, 9, 0, 10, 367.12
1733808727, 16, 58, 78, 34, 0, 0.06%, 9, 0, 10, 356.29
1733808732, 16, 59, 78, 34, 0, 0.06%, 9, 0, 10, 336.78
1733808737, 16, 60, 78, 34, 0, 0.06%, 9, 0, 10, 351.21
1733808747, 16, 69, 78, 34, 0, 0.06%, 9, 0, 10, 382.40
1733808757, 16, 70, 78, 34, 0, 0.06%, 9, 0, 10, 335.28
1733808762, 16, 71, 78, 34, 0, 0.06%, 9, 0, 10, 355.37
1733808772, 16, 72, 78, 34, 0, 0.06%, 9, 0, 10, 354.55
1733808777, 16, 73, 78, 34, 0, 0.06%, 9, 0, 10, 372.22
1733808782, 16, 75, 78, 34, 0, 0.06%, 9, 0, 10, 377.77
1733808793, 17, 47, 78, 34, 0, 0.06%, 9, 0, 10, 353.02
1733808798, 17, 54, 78, 34, 0, 0.06%, 9, 0, 10, 348.95
1733808803, 17, 55, 78, 34, 0, 0.06%, 9, 0, 10, 345.33
1733808808, 17, 56, 78, 34, 0, 0.06%, 9, 0, 10, 365.59
1733808813, 17, 58, 78, 34, 0, 0.06%, 9, 0, 10, 363.77
1733808818, 17, 59, 78, 34, 0, 0.06%, 9, 0, 10, 340.73
1733808828, 17, 60, 78, 34, 0, 0.06%, 9, 0, 10, 389.26
1733808838, 17, 69, 78, 34, 0, 0.06%, 9, 0, 10, 327.77
1733808843, 17, 70, 78, 34, 0, 0.06%, 9, 0, 10, 337.62
1733808848, 17, 71, 78, 34, 0, 0.06%, 9, 0, 10, 338.93
1733808858, 17, 72, 78, 34, 0, 0.06%, 9, 0, 10, 387.39
1733808864, 17, 73, 78, 34, 0, 0.06%, 9, 0, 10, 323.99
1733808874, 17, 75, 78, 34, 0, 0.06%, 9, 0, 10, 395.54
1733808879, 18, 47, 78, 34, 0, 0.06%, 9, 0, 10, 388.44
1733808884, 18, 54, 78, 34, 0, 0.06%, 9, 0, 10, 382.23
1733808889, 18, 55, 78, 34, 0, 0.06%, 9, 0, 10, 344.38
1733808894, 18, 56, 78, 34, 0, 0.06%, 9, 0, 10, 360.62
1733808899, 18, 57, 78, 34, 0, 0.06%, 9, 0, 10, 351.21
1733808904, 18, 58, 78, 34, 0, 0.06%, 9, 0, 10, 349.55
1733808909, 18, 59, 78, 34, 0, 0.06%, 9, 0, 10, 340.07
1733808914, 18, 60, 78, 34, 0, 0.06%, 9, 0, 10, 328.54
1733808995, 18, 61, 78, 34, 0, 0.06%, 9, 0, 10, 390.64
1733809109, 18, 62, 78, 33, 0, 0.06%, 9, 0, 10, 375.75
1733809247, 18, 63, 78, 32, 0, 0.06%, 9, 0, 10, 387.45
1733809395, 18, 65, 78, 31, 0, 0.06%, 9, 0, 10, 364.28
1733809477, 18, 66, 78, 30, 0, 0.06%, 9, 0, 10, 326.72
1733809564, 18, 67, 78, 29, 0, 0.06%, 9, 0, 10, 263.60
1733810003, 18, 68, 78, 28, 0, 0.06%, 9, 0, 10, 362.51
1733810105, 18, 69, 78, 27, 0, 0.06%, 9, 0, 10, 326.74
1733810115, 18, 70, 78, 27, 0, 0.06%, 9, 0, 10, 335.59
1733810120, 18, 71, 78, 27, 0, 0.06%, 9, 0, 10, 303.65
1733810131, 18, 72, 78, 27, 0, 0.06%, 9, 0, 10, 367.52
1733810136, 18, 73, 78, 27, 0, 0.06%, 9, 0, 10, 331.02
1733810146, 18, 75, 78, 27, 0, 0.06%, 9, 0, 10, 371.59
1733810156, 18, 76, 78, 27, 0, 0.06%, 9, 0, 10, 395.42
1733810258, 18, 77, 78, 26, 0, 0.06%, 9, 0, 10, 346.48
1733810365, 19, 20, 78, 25, 0, 0.06%, 9, 0, 10, 269.77
1733810375, 19, 21, 78, 25, 0, 0.06%, 9, 0, 10, 351.67
1733810410, 19, 30, 78, 24, 0, 0.06%, 9, 0, 10, 385.33
1733810476, 19, 31, 78, 23, 0, 0.06%, 9, 0, 10, 414.85
1733810517, 19, 32, 78, 22, 0, 0.06%, 9, 0, 10, 235.11
1733811086, 19, 47, 78, 21, 0, 0.06%, 9, 0, 10, 331.39
1733811091, 19, 54, 78, 21, 0, 0.06%, 9, 0, 10, 333.57
1733811096, 19, 55, 78, 21, 0, 0.06%, 9, 0, 10, 308.77
1733811101, 19, 56, 78, 21, 0, 0.06%, 9, 0, 10, 347.55
1733811106, 19, 58, 78, 21, 0, 0.06%, 9, 0, 10, 365.24
1733811111, 19, 59, 78, 21, 0, 0.06%, 9, 0, 10, 342.57
1733811121, 19, 60, 78, 21, 0, 0.06%, 9, 0, 10, 368.45
1733811126, 19, 69, 78, 21, 0, 0.06%, 9, 0, 10, 352.89
1733811136, 19, 70, 78, 21, 0, 0.06%, 9, 0, 10, 328.66
1733811141, 19, 71, 78, 21, 0, 0.06%, 9, 0, 10, 317.74
1733811151, 19, 72, 78, 21, 0, 0.06%, 9, 0, 10, 382.95
1733811157, 19, 73, 78, 21, 0, 0.06%, 9, 0, 10, 336.97
1733811167, 19, 75, 78, 21, 0, 0.06%, 9, 0, 10, 341.23
1733811177, 20, 47, 78, 21, 0, 0.06%, 9, 0, 10, 335.95
1733811182, 20, 55, 78, 21, 0, 0.06%, 9, 0, 10, 320.14
1733811187, 20, 56, 78, 21, 0, 0.06%, 9, 0, 10, 316.87
1733811192, 20, 57, 78, 21, 0, 0.06%, 9, 0, 10, 349.11
1733811197, 20, 58, 78, 21, 0, 0.06%, 9, 0, 10, 374.53
1733811202, 20, 59, 78, 21, 0, 0.06%, 9, 0, 10, 356.10
1733811212, 20, 60, 78, 21, 0, 0.06%, 9, 0, 10, 380.04
1733811218, 20, 69, 78, 21, 0, 0.06%, 9, 0, 10, 406.52
1733811228, 20, 70, 78, 21, 0, 0.06%, 9, 0, 10, 322.54
1733811233, 20, 71, 78, 21, 0, 0.06%, 9, 0, 10, 338.44
1733811243, 20, 72, 78, 21, 0, 0.06%, 9, 0, 10, 348.41
1733811248, 20, 73, 78, 21, 0, 0.06%, 9, 0, 10, 338.18
1733811258, 20, 75, 78, 21, 0, 0.06%, 9, 0, 10, 398.57
1733811263, 21, 47, 78, 21, 0, 0.06%, 9, 0, 10, 371.14
1733811268, 21, 54, 78, 21, 0, 0.06%, 9, 0, 10, 360.57
1733811273, 21, 55, 78, 21, 0, 0.06%, 9, 0, 10, 344.39
1733811278, 21, 56, 78, 21, 0, 0.06%, 9, 0, 10, 363.41
1733811283, 21, 57, 78, 21, 0, 0.06%, 9, 0, 10, 352.69
1733811288, 21, 58, 78, 21, 0, 0.06%, 9, 0, 10, 335.23
1733811293, 21, 59, 78, 21, 0, 0.06%, 9, 0, 10, 336.97
1733811298, 21, 60, 78, 21, 0, 0.06%, 9, 0, 10, 325.04
1733811309, 21, 69, 78, 21, 0, 0.06%, 9, 0, 10, 352.68
1733811314, 21, 70, 78, 21, 0, 0.06%, 9, 0, 10, 307.84
1733811324, 21, 71, 78, 21, 0, 0.06%, 9, 0, 10, 393.01
1733811329, 21, 72, 78, 21, 0, 0.06%, 9, 0, 10, 360.30
1733811339, 21, 73, 78, 21, 0, 0.06%, 9, 0, 10, 382.06
1733811344, 21, 75, 78, 21, 0, 0.06%, 9, 0, 10, 326.50
1733811354, 22, 47, 78, 21, 0, 0.06%, 9, 0, 10, 340.12
1733811359, 22, 54, 78, 21, 0, 0.06%, 9, 0, 10, 327.16
1733811364, 22, 55, 78, 21, 0, 0.06%, 9, 0, 10, 319.57
1733811369, 22, 56, 78, 21, 0, 0.06%, 9, 0, 10, 346.06
1733811374, 22, 58, 78, 21, 0, 0.06%, 9, 0, 10, 337.62
1733811380, 22, 59, 78, 21, 0, 0.06%, 9, 0, 10, 307.62
1733811390, 22, 60, 78, 21, 0, 0.06%, 9, 0, 10, 363.98
1733811400, 22, 69, 78, 21, 0, 0.06%, 9, 0, 10, 357.94
1733811405, 22, 70, 78, 21, 0, 0.06%, 9, 0, 10, 337.32
1733811410, 22, 71, 78, 21, 0, 0.06%, 9, 0, 10, 321.91
1733811420, 22, 72, 78, 21, 0, 0.06%, 9, 0, 10, 381.05
1733811430, 22, 73, 78, 21, 0, 0.06%, 9, 0, 10, 367.47
1733811435, 22, 75, 78, 21, 0, 0.06%, 9, 0, 10, 313.36
1733811445, 23, 47, 78, 21, 0, 0.06%, 9, 0, 10, 326.23
1733811450, 23, 54, 78, 21, 0, 0.06%, 9, 0, 10, 320.64
1733811456, 23, 56, 78, 21, 0, 0.06%, 9, 0, 10, 351.11
1733811461, 23, 57, 78, 21, 0, 0.06%, 9, 0, 10, 364.61
1733811466, 23, 58, 78, 21, 0, 0.06%, 9, 0, 10, 390.03
1733811471, 23, 59, 78, 21, 0, 0.06%, 9, 0, 10, 327.08
1733811481, 23, 60, 78, 21, 0, 0.06%, 9, 0, 10, 390.64
1733811486, 23, 69, 78, 21, 0, 0.06%, 9, 0, 10, 332.35
1733811496, 23, 70, 78, 21, 0, 0.06%, 9, 0, 10, 322.73
1733811501, 23, 71, 78, 21, 0, 0.06%, 9, 0, 10, 342.04
1733811511, 23, 72, 78, 21, 0, 0.06%, 9, 0, 10, 390.00
1733811516, 23, 73, 78, 21, 0, 0.06%, 9, 0, 10, 348.30
1733811526, 23, 75, 78, 21, 0, 0.06%, 9, 0, 10, 377.09
1733811537, 24, 54, 78, 21, 0, 0.06%, 9, 0, 10, 304.68
1733811542, 24, 55, 78, 21, 0, 0.06%, 9, 0, 10, 354.46
1733811547, 24, 56, 78, 21, 0, 0.06%, 9, 0, 10, 340.51
1733811552, 24, 57, 78, 21, 0, 0.06%, 9, 0, 10, 378.32
1733811557, 24, 58, 78, 21, 0, 0.06%, 9, 0, 10, 360.34
1733811562, 24, 59, 78, 21, 0, 0.06%, 9, 0, 10, 330.51
1733811567, 24, 60, 78, 21, 0, 0.06%, 9, 0, 10, 336.39
1733811578, 24, 69, 78, 21, 0, 0.06%, 9, 0, 10, 383.27
1733811583, 24, 70, 78, 21, 0, 0.06%, 9, 0, 10, 327.89
1733811593, 24, 71, 78, 21, 0, 0.06%, 9, 0, 10, 381.11
1733811598, 24, 72, 78, 21, 0, 0.06%, 9, 0, 10, 368.26
1733811608, 24, 73, 78, 21, 0, 0.06%, 9, 0, 10, 354.37
1733811613, 24, 75, 78, 21, 0, 0.06%, 9, 0, 10, 317.71
1733811624, 25, 47, 78, 21, 0, 0.06%, 9, 0, 10, 349.96
1733811629, 25, 55, 78, 21, 0, 0.06%, 9, 0, 10, 332.39
1733811634, 25, 56, 78, 21, 0, 0.06%, 9, 0, 10, 322.38
1733811639, 25, 57, 78, 21, 0, 0.06%, 9, 0, 10, 333.10
1733811644, 25, 58, 78, 21, 0, 0.06%, 9, 0, 10, 374.94
1733811649, 25, 59, 78, 21, 0, 0.06%, 9, 0, 10, 336.01
1733811659, 25, 60, 78, 21, 0, 0.06%, 9, 0, 10, 371.70
1733811664, 25, 69, 78, 21, 0, 0.06%, 9, 0, 10, 333.90
1733811674, 25, 70, 78, 21, 0, 0.06%, 9, 0, 10, 333.10
1733811679, 25, 71, 78, 21, 0, 0.06%, 9, 0, 10, 346.43
1733811689, 25, 72, 78, 21, 0, 0.06%, 9, 0, 10, 386.40
1733811694, 25, 73, 78, 21, 0, 0.06%, 9, 0, 10, 364.92
1733811705, 25, 75, 78, 21, 0, 0.06%, 9, 0, 10, 380.47
1733811715, 26, 54, 78, 21, 0, 0.06%, 9, 0, 10, 337.01
1733811720, 26, 55, 78, 21, 0, 0.06%, 9, 0, 10, 364.74
1733811725, 26, 56, 78, 21, 0, 0.06%, 9, 0, 10, 374.85
1733811730, 26, 57, 78, 21, 0, 0.06%, 9, 0, 10, 356.32
1733811735, 26, 58, 78, 21, 0, 0.06%, 9, 0, 10, 347.30
1733811740, 26, 59, 78, 21, 0, 0.06%, 9, 0, 10, 335.15
1733811750, 26, 60, 78, 21, 0, 0.06%, 9, 0, 10, 364.54
1733811755, 26, 69, 78, 21, 0, 0.06%, 9, 0, 10, 372.95
1733811760, 26, 70, 78, 21, 0, 0.06%, 9, 0, 10, 344.93
1733811770, 26, 71, 78, 21, 0, 0.06%, 9, 0, 10, 326.23
1733811781, 26, 72, 78, 21, 0, 0.06%, 9, 0, 10, 353.72
1733811786, 26, 73, 78, 21, 0, 0.06%, 9, 0, 10, 354.66
1733811796, 26, 75, 78, 21, 0, 0.06%, 9, 0, 10, 384.04
1733811801, 27, 47, 78, 21, 0, 0.06%, 9, 0, 10, 377.23
1733811806, 27, 54, 78, 21, 0, 0.06%, 9, 0, 10, 349.31
1733811811, 27, 55, 78, 21, 0, 0.06%, 9, 0, 10, 341.48
1733811816, 27, 56, 78, 21, 0, 0.06%, 9, 0, 10, 350.58
1733811821, 27, 57, 78, 21, 0, 0.06%, 9, 0, 10, 341.04
1733811826, 27, 58, 78, 21, 0, 0.06%, 9, 0, 10, 335.48
1733811831, 27, 59, 78, 21, 0, 0.06%, 9, 0, 10, 336.87
1733811836, 27, 60, 78, 21, 0, 0.06%, 9, 0, 10, 333.78
1733811847, 27, 69, 78, 21, 0, 0.06%, 9, 0, 10, 354.05
1733811852, 27, 70, 78, 21, 0, 0.06%, 9, 0, 10, 334.58
1733811857, 27, 71, 78, 21, 0, 0.06%, 9, 0, 10, 374.09
1733811867, 27, 72, 78, 21, 0, 0.06%, 9, 0, 10, 389.32
1733811872, 27, 73, 78, 21, 0, 0.06%, 9, 0, 10, 355.75
1733811882, 27, 75, 78, 21, 0, 0.06%, 9, 0, 10, 334.48
1733811892, 28, 47, 78, 21, 0, 0.06%, 9, 0, 10, 327.91
1733811897, 28, 55, 78, 21, 0, 0.06%, 9, 0, 10, 334.47
1733811902, 28, 56, 78, 21, 0, 0.06%, 9, 0, 10, 317.33
1733811907, 28, 57, 78, 21, 0, 0.06%, 9, 0, 10, 365.03
1733811912, 28, 58, 78, 21, 0, 0.06%, 9, 0, 10, 373.29
1733811918, 28, 59, 78, 21, 0, 0.06%, 9, 0, 10, 325.31
1733811928, 28, 60, 78, 21, 0, 0.06%, 9, 0, 10, 377.01
1733811933, 28, 69, 78, 21, 0, 0.06%, 9, 0, 10, 377.39
1733811943, 28, 70, 78, 21, 0, 0.06%, 9, 0, 10, 353.34
1733811948, 28, 71, 78, 21, 0, 0.06%, 9, 0, 10, 327.68
1733811958, 28, 72, 78, 21, 0, 0.06%, 9, 0, 10, 380.37
1733811963, 28, 73, 78, 21, 0, 0.06%, 9, 0, 10, 355.98
1733812040, 28, 74, 78, 21, 0, 0.06%, 9, 0, 10, 345.21
1733812142, 28, 75, 78, 20, 0, 0.06%, 9, 0, 10, 313.83
1733812183, 28, 76, 78, 20, 0, 0.06%, 9, 0, 10, 396.05
1733812198, 28, 77, 78, 20, 0, 0.06%, 9, 0, 10, 347.22
1733812218, 29, 11, 78, 20, 0, 0.06%, 9, 0, 10, 291.72
1733812223, 29, 12, 78, 20, 0, 0.06%, 9, 0, 10, 273.22
1733812228, 29, 14, 78, 20, 0, 0.06%, 9, 0, 10, 325.50
1733812249, 29, 15, 78, 19, 0, 0.06%, 9, 0, 10, 316.32
1733812259, 29, 16, 78, 19, 0, 0.06%, 9, 0, 10, 332.27
1733812269, 29, 17, 78, 19, 0, 0.06%, 9, 0, 10, 345.44
1733812304, 29, 18, 78, 18, 0, 0.06%, 9, 0, 10, 365.86
1733812340, 29, 19, 78, 17, 0, 0.06%, 9, 0, 10, 454.02
1733812380, 29, 20, 78, 16, 0, 0.06%, 9, 0, 10, 303.70
1733812385, 29, 21, 78, 16, 0, 0.06%, 9, 0, 10, 303.43
1733812395, 29, 22, 78, 16, 0, 0.06%, 9, 0, 10, 336.66
1733812406, 29, 23, 78, 16, 0, 0.06%, 9, 0, 10, 356.76
1733812421, 29, 24, 78, 16, 0, 0.06%, 9, 0, 10, 432.24
1733812538, 29, 26, 78, 16, 0, 0.06%, 9, 0, 10, 473.38
1733812579, 29, 27, 78, 15, 0, 0.06%, 9, 0, 10, 325.34
1733812584, 29, 28, 78, 15, 0, 0.06%, 9, 0, 10, 320.90
1733812615, 29, 28, 80, 17, 0, 0.06%, 9, 0, 10, 482.49
1733812731, 29, 30, 80, 16, 0, 0.06%, 9, 0, 10, 358.58
1733812741, 29, 31, 80, 16, 0, 0.06%, 9, 0, 10, 358.51
1733812746, 29, 32, 80, 16, 0, 0.06%, 9, 0, 10, 333.44
1733812767, 29, 33, 80, 16, 0, 0.06%, 9, 0, 10, 377.10
1733812945, 29, 34, 80, 15, 0, 0.06%, 9, 0, 10, 333.22
1733812950, 29, 35, 80, 15, 0, 0.06%, 9, 0, 10, 315.47
1733812960, 29, 36, 80, 15, 0, 0.06%, 9, 0, 10, 328.68
1733812970, 29, 37, 80, 15, 0, 0.06%, 9, 0, 10, 409.13
1733812990, 29, 38, 80, 15, 0, 0.06%, 9, 0, 10, 390.35
1733813021, 29, 39, 80, 14, 0, 0.06%, 9, 0, 10, 381.87
1733813041, 29, 40, 80, 14, 0, 0.06%, 9, 0, 10, 339.92
1733813077, 29, 41, 80, 13, 0, 0.06%, 9, 0, 10, 424.76
1733813113, 29, 42, 80, 12, 0, 0.06%, 9, 0, 10, 414.20
1733813143, 29, 43, 80, 11, 0, 0.06%, 9, 0, 10, 433.62
1733813174, 29, 44, 80, 10, 0, 0.06%, 9, 0, 10, 414.70
1733813179, 29, 45, 80, 10, 0, 0.06%, 9, 0, 10, 377.94
1733813214, 29, 46, 80, 9, 0, 0.06%, 9, 0, 10, 363.21
1733813306, 29, 47, 80, 8, 0, 0.06%, 9, 0, 10, 329.63
1733813311, 29, 48, 80, 8, 0, 0.06%, 9, 0, 10, 388.13
1733813331, 29, 49, 80, 8, 0, 0.06%, 9, 0, 10, 345.81
1733813464, 29, 50, 80, 8, 0, 0.06%, 9, 0, 10, 384.94
1733813937, 29, 51, 80, 8, 0, 0.06%, 9, 0, 10, 336.44
1733813972, 29, 52, 80, 7, 0, 0.06%, 9, 0, 10, 405.52
1733814054, 29, 53, 80, 6, 0, 0.06%, 9, 0, 10, 374.18
1733814110, 29, 54, 80, 5, 0, 0.06%, 9, 0, 10, 377.12
1733814115, 29, 55, 80, 5, 0, 0.06%, 9, 0, 10, 364.97
1733814120, 29, 56, 80, 5, 0, 0.06%, 9, 0, 10, 366.48
1733814125, 29, 57, 80, 5, 0, 0.06%, 9, 0, 10, 356.25
1733814130, 29, 58, 80, 5, 0, 0.06%, 9, 0, 10, 355.10
1733814135, 29, 59, 80, 5, 0, 0.06%, 9, 0, 10, 336.31
1733814140, 29, 60, 80, 5, 0, 0.06%, 9, 0, 10, 328.99
1733814150, 29, 61, 80, 5, 0, 0.06%, 9, 0, 10, 389.43
1733814166, 29, 62, 80, 5, 0, 0.06%, 9, 0, 10, 342.07
1733814186, 29, 63, 80, 5, 0, 0.06%, 9, 0, 10, 307.24
1733814206, 29, 65, 80, 5, 0, 0.06%, 9, 0, 10, 358.76
1733814227, 29, 66, 80, 5, 0, 0.06%, 9, 0, 10, 405.25
1733814242, 29, 67, 80, 5, 0, 0.06%, 9, 0, 10, 420.63
1733814267, 29, 68, 80, 5, 0, 0.06%, 9, 0, 10, 389.18
1733814359, 29, 69, 80, 5, 0, 0.06%, 9, 0, 10, 331.39
1733814364, 29, 70, 80, 5, 0, 0.06%, 9, 0, 10, 334.12
1733814374, 29, 71, 80, 5, 0, 0.06%, 9, 0, 10, 371.55
1733814379, 29, 72, 80, 5, 0, 0.06%, 9, 0, 10, 370.98
1733814389, 29, 73, 80, 5, 0, 0.06%, 9, 0, 10, 381.32
1733814394, 29, 74, 80, 5, 0, 0.06%, 9, 0, 10, 364.15
1733814414, 29, 75, 80, 5, 0, 0.06%, 9, 0, 10, 377.89
1733814419, 30, 11, 80, 5, 0, 0.06%, 9, 0, 10, 306.58
1733814425, 30, 27, 80, 5, 0, 0.06%, 9, 0, 10, 306.56
1733814430, 30, 34, 80, 5, 0, 0.06%, 9, 0, 10, 337.52
1733814440, 30, 35, 80, 5, 0, 0.06%, 9, 0, 10, 374.69
1733814450, 30, 36, 80, 5, 0, 0.06%, 9, 0, 10, 350.23
1733814460, 30, 37, 80, 5, 0, 0.06%, 9, 0, 10, 332.18
1733814476, 30, 40, 80, 5, 0, 0.06%, 9, 0, 10, 388.73
1733814491, 30, 44, 80, 5, 0, 0.06%, 9, 0, 10, 330.95
1733814496, 30, 46, 80, 5, 0, 0.06%, 9, 0, 10, 342.17
1733814516, 30, 47, 80, 5, 0, 0.06%, 9, 0, 10, 317.13
1733814521, 30, 48, 80, 5, 0, 0.06%, 9, 0, 10, 348.04
1733814526, 30, 49, 80, 5, 0, 0.06%, 9, 0, 10, 358.98
1733814531, 30, 50, 80, 5, 0, 0.06%, 9, 0, 10, 345.27
1733814541, 30, 51, 80, 5, 0, 0.06%, 9, 0, 10, 397.22
1733814562, 30, 52, 80, 5, 0, 0.06%, 9, 0, 10, 398.63
1733814577, 30, 53, 80, 5, 0, 0.06%, 9, 0, 10, 329.03
1733814597, 30, 54, 80, 5, 0, 0.06%, 9, 0, 10, 332.10
1733814603, 30, 56, 80, 5, 0, 0.06%, 9, 0, 10, 326.94
1733814608, 30, 57, 80, 5, 0, 0.06%, 9, 0, 10, 376.84
1733814613, 30, 58, 80, 5, 0, 0.06%, 9, 0, 10, 378.91
1733814618, 30, 59, 80, 5, 0, 0.06%, 9, 0, 10, 325.79
1733814628, 30, 60, 80, 5, 0, 0.06%, 9, 0, 10, 383.56
1733814633, 30, 61, 80, 5, 0, 0.06%, 9, 0, 10, 365.15
1733814643, 30, 62, 80, 5, 0, 0.06%, 9, 0, 10, 352.51
1733814658, 30, 63, 80, 5, 0, 0.06%, 9, 0, 10, 395.59
1733814668, 30, 65, 80, 5, 0, 0.06%, 9, 0, 10, 387.55
1733814673, 30, 66, 80, 5, 0, 0.06%, 9, 0, 10, 345.99
1733814689, 30, 67, 80, 5, 0, 0.06%, 9, 0, 10, 266.39
1733814704, 30, 68, 80, 5, 0, 0.06%, 9, 0, 10, 389.78
1733814714, 30, 69, 80, 5, 0, 0.06%, 9, 0, 10, 339.59
1733814719, 30, 70, 80, 5, 0, 0.06%, 9, 0, 10, 333.34
1733814729, 30, 71, 80, 5, 0, 0.06%, 9, 0, 10, 361.19
1733814735, 30, 72, 80, 5, 0, 0.06%, 9, 0, 10, 370.94
1733814740, 30, 73, 80, 5, 0, 0.06%, 9, 0, 10, 375.34
1733814750, 30, 74, 80, 5, 0, 0.06%, 9, 0, 10, 357.97
1733814760, 30, 75, 80, 5, 0, 0.06%, 9, 0, 10, 357.65
1733814770, 31, 27, 80, 5, 0, 0.06%, 9, 0, 10, 332.45
1733814775, 31, 34, 80, 5, 0, 0.06%, 9, 0, 10, 331.31
1733814780, 31, 35, 80, 5, 0, 0.06%, 9, 0, 10, 329.95
1733814785, 31, 36, 80, 5, 0, 0.06%, 9, 0, 10, 337.68
1733814790, 31, 37, 80, 5, 0, 0.06%, 9, 0, 10, 403.63
1733814806, 31, 40, 80, 5, 0, 0.06%, 9, 0, 10, 374.21
1733814811, 31, 44, 80, 5, 0, 0.06%, 9, 0, 10, 348.55
1733814816, 31, 46, 80, 5, 0, 0.06%, 9, 0, 10, 350.60
1733814821, 31, 47, 80, 5, 0, 0.06%, 9, 0, 10, 346.31
1733814826, 31, 48, 80, 5, 0, 0.06%, 9, 0, 10, 331.69
1733814831, 31, 49, 80, 5, 0, 0.06%, 9, 0, 10, 350.36
1733814836, 31, 50, 80, 5, 0, 0.06%, 9, 0, 10, 404.29
1733814851, 31, 55, 80, 5, 0, 0.06%, 9, 0, 10, 357.94
1733814856, 31, 56, 80, 5, 0, 0.06%, 9, 0, 10, 349.53
1733814861, 31, 57, 80, 5, 0, 0.06%, 9, 0, 10, 380.68
1733814866, 31, 58, 80, 5, 0, 0.06%, 9, 0, 10, 367.48
1733814871, 31, 59, 80, 5, 0, 0.06%, 9, 0, 10, 334.99
1733814876, 31, 60, 80, 5, 0, 0.06%, 9, 0, 10, 356.52
1733814887, 31, 69, 80, 5, 0, 0.06%, 9, 0, 10, 409.07
1733814892, 31, 70, 80, 5, 0, 0.06%, 9, 0, 10, 338.03
1733814902, 31, 71, 80, 5, 0, 0.06%, 9, 0, 10, 363.01
1733814912, 31, 72, 80, 5, 0, 0.06%, 9, 0, 10, 387.83
1733814917, 31, 73, 80, 5, 0, 0.06%, 9, 0, 10, 379.02
1733814927, 31, 74, 80, 5, 0, 0.06%, 9, 0, 10, 346.97
1733814937, 31, 75, 80, 5, 0, 0.06%, 9, 0, 10, 382.85
1733814942, 32, 11, 80, 5, 0, 0.06%, 9, 0, 10, 335.30
1733814947, 32, 27, 80, 5, 0, 0.06%, 9, 0, 10, 327.11
1733814953, 32, 34, 80, 5, 0, 0.06%, 9, 0, 10, 328.89
1733814958, 32, 36, 80, 5, 0, 0.06%, 9, 0, 10, 338.23
1733814968, 32, 37, 80, 5, 0, 0.06%, 9, 0, 10, 294.65
1733814978, 32, 40, 80, 5, 0, 0.06%, 9, 0, 10, 350.83
1733814983, 32, 46, 80, 5, 0, 0.06%, 9, 0, 10, 333.59
1733814988, 32, 47, 80, 5, 0, 0.06%, 9, 0, 10, 378.02
1733814993, 32, 54, 80, 5, 0, 0.06%, 9, 0, 10, 356.87
1733814998, 32, 55, 80, 5, 0, 0.06%, 9, 0, 10, 335.51
1733815004, 32, 56, 80, 5, 0, 0.06%, 9, 0, 10, 349.07
1733815009, 32, 57, 80, 5, 0, 0.06%, 9, 0, 10, 339.35
1733815014, 32, 58, 80, 5, 0, 0.06%, 9, 0, 10, 349.23
1733815019, 32, 59, 80, 5, 0, 0.06%, 9, 0, 10, 324.45
1733815024, 32, 60, 80, 5, 0, 0.06%, 9, 0, 10, 304.98
1733815034, 32, 69, 80, 5, 0, 0.06%, 9, 0, 10, 341.55
1733815039, 32, 70, 80, 5, 0, 0.06%, 9, 0, 10, 346.72
1733815049, 32, 71, 80, 5, 0, 0.06%, 9, 0, 10, 367.79
1733815054, 32, 72, 80, 5, 0, 0.06%, 9, 0, 10, 327.82
1733815064, 32, 73, 80, 5, 0, 0.06%, 9, 0, 10, 387.60
1733815069, 32, 74, 80, 5, 0, 0.06%, 9, 0, 10, 339.97
1733815075, 32, 75, 80, 5, 0, 0.06%, 9, 0, 10, 323.58
1733815085, 33, 27, 80, 5, 0, 0.06%, 9, 0, 10, 312.63
1733815090, 33, 34, 80, 5, 0, 0.06%, 9, 0, 10, 336.65
1733815095, 33, 35, 80, 5, 0, 0.06%, 9, 0, 10, 341.29
1733815100, 33, 36, 80, 5, 0, 0.06%, 9, 0, 10, 353.81
1733815105, 33, 37, 80, 5, 0, 0.06%, 9, 0, 10, 416.44
1733815120, 33, 47, 80, 5, 0, 0.06%, 9, 0, 10, 333.29
1733815125, 33, 54, 80, 5, 0, 0.06%, 9, 0, 10, 315.90
1733815130, 33, 56, 80, 5, 0, 0.06%, 9, 0, 10, 332.47
1733815135, 33, 57, 80, 5, 0, 0.06%, 9, 0, 10, 343.44
1733815141, 33, 58, 80, 5, 0, 0.06%, 9, 0, 10, 343.02
1733815146, 33, 59, 80, 5, 0, 0.06%, 9, 0, 10, 333.99
1733815156, 33, 60, 80, 5, 0, 0.06%, 9, 0, 10, 346.44
1733815166, 33, 69, 80, 5, 0, 0.06%, 9, 0, 10, 352.05
1733815171, 33, 70, 80, 5, 0, 0.06%, 9, 0, 10, 350.75
1733815176, 33, 71, 80, 5, 0, 0.06%, 9, 0, 10, 321.44
1733815186, 33, 72, 80, 5, 0, 0.06%, 9, 0, 10, 387.21
1733815191, 33, 73, 80, 5, 0, 0.06%, 9, 0, 10, 346.92
1733815202, 33, 75, 80, 5, 0, 0.06%, 9, 0, 10, 346.10
1733815212, 34, 47, 80, 5, 0, 0.06%, 9, 0, 10, 320.43
1733815217, 34, 55, 80, 5, 0, 0.06%, 9, 0, 10, 328.34
1733815222, 34, 56, 80, 5, 0, 0.06%, 9, 0, 10, 305.77
1733815227, 34, 57, 80, 5, 0, 0.06%, 9, 0, 10, 335.07
1733815232, 34, 58, 80, 5, 0, 0.06%, 9, 0, 10, 377.44
1733815237, 34, 59, 80, 5, 0, 0.06%, 9, 0, 10, 346.85
1733815247, 34, 60, 80, 5, 0, 0.06%, 9, 0, 10, 365.87
1733815252, 34, 69, 80, 5, 0, 0.06%, 9, 0, 10, 369.58
1733815262, 34, 70, 80, 5, 0, 0.06%, 9, 0, 10, 318.77
1733815267, 34, 71, 80, 5, 0, 0.06%, 9, 0, 10, 340.17
1733815278, 34, 72, 80, 5, 0, 0.06%, 9, 0, 10, 348.35
1733815283, 34, 73, 80, 5, 0, 0.06%, 9, 0, 10, 313.79
1733815293, 34, 75, 80, 5, 0, 0.06%, 9, 0, 10, 386.61
1733815298, 35, 47, 80, 5, 0, 0.06%, 9, 0, 10, 368.55
1733815303, 35, 54, 80, 5, 0, 0.06%, 9, 0, 10, 363.92
1733815308, 35, 55, 80, 5, 0, 0.06%, 9, 0, 10, 355.22
1733815313, 35, 56, 80, 5, 0, 0.06%, 9, 0, 10, 352.28
1733815318, 35, 57, 80, 5, 0, 0.06%, 9, 0, 10, 332.54
1733815323, 35, 58, 80, 5, 0, 0.06%, 9, 0, 10, 322.46
1733815329, 35, 59, 80, 5, 0, 0.06%, 9, 0, 10, 329.08
1733815334, 35, 60, 80, 5, 0, 0.06%, 9, 0, 10, 318.20
1733815344, 35, 69, 80, 5, 0, 0.06%, 9, 0, 10, 349.93
1733815349, 35, 70, 80, 5, 0, 0.06%, 9, 0, 10, 341.21
1733815359, 35, 71, 80, 5, 0, 0.06%, 9, 0, 10, 383.21
1733815364, 35, 72, 80, 5, 0, 0.06%, 9, 0, 10, 355.22
1733815374, 35, 73, 80, 5, 0, 0.06%, 9, 0, 10, 369.42
1733815380, 35, 75, 80, 5, 0, 0.06%, 9, 0, 10, 314.60
1733815390, 36, 47, 80, 5, 0, 0.06%, 9, 0, 10, 334.84
1733815395, 36, 54, 80, 5, 0, 0.06%, 9, 0, 10, 321.19
1733815400, 36, 55, 80, 5, 0, 0.06%, 9, 0, 10, 317.06
1733815405, 36, 56, 80, 5, 0, 0.06%, 9, 0, 10, 339.70
1733815410, 36, 57, 80, 5, 0, 0.06%, 9, 0, 10, 330.70
1733815415, 36, 59, 80, 5, 0, 0.06%, 9, 0, 10, 322.96
1733815425, 36, 60, 80, 5, 0, 0.06%, 9, 0, 10, 333.79
1733815435, 36, 69, 80, 5, 0, 0.06%, 9, 0, 10, 373.62
1733815441, 36, 70, 80, 5, 0, 0.06%, 9, 0, 10, 335.08
1733815451, 36, 71, 80, 5, 0, 0.06%, 9, 0, 10, 346.54
1733815456, 36, 72, 80, 5, 0, 0.06%, 9, 0, 10, 396.23
1733815461, 36, 73, 80, 5, 0, 0.06%, 9, 0, 10, 373.66
1733815471, 36, 75, 80, 5, 0, 0.06%, 9, 0, 10, 355.09
1733815481, 37, 47, 80, 5, 0, 0.06%, 9, 0, 10, 321.61
1733815486, 37, 55, 80, 5, 0, 0.06%, 9, 0, 10, 334.83
1733815491, 37, 56, 80, 5, 0, 0.06%, 9, 0, 10, 337.92
1733815496, 37, 57, 80, 5, 0, 0.06%, 9, 0, 10, 359.41
1733815501, 37, 58, 80, 5, 0, 0.06%, 9, 0, 10, 370.43
1733815507, 37, 59, 80, 5, 0, 0.06%, 9, 0, 10, 334.51
1733815517, 37, 60, 80, 5, 0, 0.06%, 9, 0, 10, 368.97
1733815522, 37, 69, 80, 5, 0, 0.06%, 9, 0, 10, 327.07
1733815532, 37, 70, 80, 5, 0, 0.06%, 9, 0, 10, 329.64
1733815537, 37, 71, 80, 5, 0, 0.06%, 9, 0, 10, 314.33
1733815547, 37, 72, 80, 5, 0, 0.06%, 9, 0, 10, 380.46
1733815552, 37, 73, 80, 5, 0, 0.06%, 9, 0, 10, 335.42
1733815562, 37, 75, 80, 5, 0, 0.06%, 9, 0, 10, 325.61
1733815572, 38, 47, 80, 5, 0, 0.06%, 9, 0, 10, 328.39
1733815577, 38, 55, 80, 5, 0, 0.06%, 9, 0, 10, 348.71
1733815583, 38, 56, 80, 5, 0, 0.06%, 9, 0, 10, 321.56
1733815588, 38, 57, 80, 5, 0, 0.06%, 9, 0, 10, 341.23
1733815593, 38, 58, 80, 5, 0, 0.06%, 9, 0, 10, 369.29
1733815598, 38, 59, 80, 5, 0, 0.06%, 9, 0, 10, 316.63
1733815608, 38, 60, 80, 5, 0, 0.06%, 9, 0, 10, 348.22
1733815618, 38, 69, 80, 5, 0, 0.06%, 9, 0, 10, 376.94
1733815623, 38, 70, 80, 5, 0, 0.06%, 9, 0, 10, 328.74
1733815628, 38, 71, 80, 5, 0, 0.06%, 9, 0, 10, 317.06
1733815638, 38, 72, 80, 5, 0, 0.06%, 9, 0, 10, 389.91
1733815643, 38, 73, 80, 5, 0, 0.06%, 9, 0, 10, 348.62
1733815654, 38, 75, 80, 5, 0, 0.06%, 9, 0, 10, 353.09
1733815664, 39, 47, 80, 5, 0, 0.06%, 9, 0, 10, 300.58
1733815669, 39, 54, 80, 5, 0, 0.06%, 9, 0, 10, 316.87
1733815674, 39, 56, 80, 5, 0, 0.06%, 9, 0, 10, 332.14
1733815684, 39, 58, 80, 5, 0, 0.06%, 9, 0, 10, 384.66
1733815689, 39, 59, 80, 5, 0, 0.06%, 9, 0, 10, 346.48
1733815699, 39, 60, 80, 5, 0, 0.06%, 9, 0, 10, 364.55
1733815709, 39, 69, 80, 5, 0, 0.06%, 9, 0, 10, 344.37
1733815714, 39, 70, 80, 5, 0, 0.06%, 9, 0, 10, 336.91
1733815719, 39, 71, 80, 5, 0, 0.06%, 9, 0, 10, 340.78
1733815729, 39, 72, 80, 5, 0, 0.06%, 9, 0, 10, 378.21
1733815734, 39, 73, 80, 5, 0, 0.06%, 9, 0, 10, 334.11
1733815745, 39, 75, 80, 5, 0, 0.06%, 9, 0, 10, 391.47
1733815750, 40, 47, 80, 5, 0, 0.06%, 9, 0, 10, 322.86
1733815755, 40, 54, 80, 5, 0, 0.06%, 9, 0, 10, 308.09
1733815760, 40, 55, 80, 5, 0, 0.06%, 9, 0, 10, 358.72
1733815765, 40, 56, 80, 5, 0, 0.06%, 9, 0, 10, 355.55
1733815770, 40, 57, 80, 5, 0, 0.06%, 9, 0, 10, 379.26
1733815775, 40, 58, 80, 5, 0, 0.06%, 9, 0, 10, 365.20
1733815780, 40, 59, 80, 5, 0, 0.06%, 9, 0, 10, 333.23
1733815790, 40, 60, 80, 5, 0, 0.06%, 9, 0, 10, 365.72
1733815795, 40, 69, 80, 5, 0, 0.06%, 9, 0, 10, 354.66
1733815805, 40, 70, 80, 5, 0, 0.06%, 9, 0, 10, 336.05
1733815810, 40, 71, 80, 5, 0, 0.06%, 9, 0, 10, 337.97
1733815820, 40, 72, 80, 5, 0, 0.06%, 9, 0, 10, 371.91
1733815826, 40, 73, 80, 5, 0, 0.06%, 9, 0, 10, 335.33
1733815836, 40, 75, 80, 5, 0, 0.06%, 9, 0, 10, 380.20
1733815841, 41, 47, 80, 5, 0, 0.06%, 9, 0, 10, 354.68
1733815846, 41, 54, 80, 5, 0, 0.06%, 9, 0, 10, 373.44
1733815851, 41, 55, 80, 5, 0, 0.06%, 9, 0, 10, 347.22
1733815856, 41, 56, 80, 5, 0, 0.06%, 9, 0, 10, 358.86
1733815861, 41, 57, 80, 5, 0, 0.06%, 9, 0, 10, 359.47
1733815866, 41, 58, 80, 5, 0, 0.06%, 9, 0, 10, 346.94
1733815871, 41, 59, 80, 5, 0, 0.06%, 9, 0, 10, 335.67
1733815876, 41, 60, 80, 5, 0, 0.06%, 9, 0, 10, 324.45
1733815886, 41, 69, 80, 5, 0, 0.06%, 9, 0, 10, 392.79
1733815892, 41, 70, 80, 5, 0, 0.06%, 9, 0, 10, 321.53
1733815902, 41, 71, 80, 5, 0, 0.06%, 9, 0, 10, 377.15
1733815912, 41, 72, 80, 5, 0, 0.06%, 9, 0, 10, 368.60
1733815917, 41, 73, 80, 5, 0, 0.06%, 9, 0, 10, 380.60
1733815922, 41, 75, 80, 5, 0, 0.06%, 9, 0, 10, 357.66
1733815932, 42, 47, 80, 5, 0, 0.06%, 9, 0, 10, 362.86
1733815937, 42, 54, 80, 5, 0, 0.06%, 9, 0, 10, 354.82
1733815942, 42, 55, 80, 5, 0, 0.06%, 9, 0, 10, 341.08
1733815947, 42, 56, 80, 5, 0, 0.06%, 9, 0, 10, 355.45
1733815952, 42, 57, 80, 5, 0, 0.06%, 9, 0, 10, 331.37
1733815957, 42, 58, 80, 5, 0, 0.06%, 9, 0, 10, 314.75
1733815962, 42, 59, 80, 5, 0, 0.06%, 9, 0, 10, 324.27
1733815968, 42, 60, 80, 5, 0, 0.06%, 9, 0, 10, 320.09
1733815978, 42, 69, 80, 5, 0, 0.06%, 9, 0, 10, 363.87
1733815983, 42, 70, 80, 5, 0, 0.06%, 9, 0, 10, 335.56
1733815993, 42, 71, 80, 5, 0, 0.06%, 9, 0, 10, 378.12
1733815998, 42, 72, 80, 5, 0, 0.06%, 9, 0, 10, 305.48
1733816008, 42, 73, 80, 5, 0, 0.06%, 9, 0, 10, 376.84
1733816013, 42, 75, 80, 5, 0, 0.06%, 9, 0, 10, 329.18
1733816023, 43, 47, 80, 5, 0, 0.06%, 9, 0, 10, 371.45
1733816028, 43, 54, 80, 5, 0, 0.06%, 9, 0, 10, 346.40
1733816033, 43, 55, 80, 5, 0, 0.06%, 9, 0, 10, 347.32
1733816039, 43, 56, 80, 5, 0, 0.06%, 9, 0, 10, 346.55
1733816044, 43, 57, 80, 5, 0, 0.06%, 9, 0, 10, 337.50
1733816049, 43, 58, 80, 5, 0, 0.06%, 9, 0, 10, 333.67
1733816054, 43, 59, 80, 5, 0, 0.06%, 9, 0, 10, 311.10
1733816059, 43, 60, 80, 5, 0, 0.06%, 9, 0, 10, 302.38
1733816069, 43, 69, 80, 5, 0, 0.06%, 9, 0, 10, 363.38
1733816074, 43, 70, 80, 5, 0, 0.06%, 9, 0, 10, 335.11
1733816085, 43, 71, 80, 5, 0, 0.06%, 9, 0, 10, 352.39
1733816090, 43, 72, 80, 5, 0, 0.06%, 9, 0, 10, 354.01
1733816100, 43, 73, 80, 5, 0, 0.06%, 9, 0, 10, 365.66
1733816105, 43, 75, 80, 5, 0, 0.06%, 9, 0, 10, 348.06
1733816115, 44, 47, 80, 5, 0, 0.06%, 9, 0, 10, 358.67
1733816120, 44, 54, 80, 5, 0, 0.06%, 9, 0, 10, 346.77
1733816125, 44, 55, 80, 5, 0, 0.06%, 9, 0, 10, 330.94
1733816130, 44, 56, 80, 5, 0, 0.06%, 9, 0, 10, 336.13
1733816135, 44, 57, 80, 5, 0, 0.06%, 9, 0, 10, 354.79
1733816140, 44, 58, 80, 5, 0, 0.06%, 9, 0, 10, 353.04
1733816145, 44, 59, 80, 5, 0, 0.06%, 9, 0, 10, 314.57
1733816150, 44, 60, 80, 5, 0, 0.06%, 9, 0, 10, 291.64
1733816160, 44, 69, 80, 5, 0, 0.06%, 9, 0, 10, 371.80
1733816166, 44, 70, 80, 5, 0, 0.06%, 9, 0, 10, 336.41
1733816176, 44, 71, 80, 5, 0, 0.06%, 9, 0, 10, 391.63
1733816181, 44, 72, 80, 5, 0, 0.06%, 9, 0, 10, 346.88
1733816191, 44, 73, 80, 5, 0, 0.06%, 9, 0, 10, 379.12
1733816196, 44, 75, 80, 5, 0, 0.06%, 9, 0, 10, 331.06
1733816206, 45, 47, 80, 5, 0, 0.06%, 9, 0, 10, 346.71
1733816211, 45, 54, 80, 5, 0, 0.06%, 9, 0, 10, 340.97
1733816216, 45, 55, 80, 5, 0, 0.06%, 9, 0, 10, 337.00
1733816221, 45, 56, 80, 5, 0, 0.06%, 9, 0, 10, 348.70
1733816226, 45, 57, 80, 5, 0, 0.06%, 9, 0, 10, 318.37
1733816231, 45, 59, 80, 5, 0, 0.06%, 9, 0, 10, 332.89
1733816241, 45, 60, 80, 5, 0, 0.06%, 9, 0, 10, 346.64
1733816252, 45, 69, 80, 5, 0, 0.06%, 9, 0, 10, 354.82
1733816257, 45, 70, 80, 5, 0, 0.06%, 9, 0, 10, 338.81
1733816262, 45, 71, 80, 5, 0, 0.06%, 9, 0, 10, 344.79
1733816272, 45, 72, 80, 5, 0, 0.06%, 9, 0, 10, 379.50
1733816277, 45, 73, 80, 5, 0, 0.06%, 9, 0, 10, 347.87
1733816287, 45, 75, 80, 5, 0, 0.06%, 9, 0, 10, 385.36
1733816297, 46, 54, 80, 5, 0, 0.06%, 9, 0, 10, 353.80
1733816302, 46, 55, 80, 5, 0, 0.06%, 9, 0, 10, 384.52
1733816307, 46, 56, 80, 5, 0, 0.06%, 9, 0, 10, 362.42
1733816312, 46, 57, 80, 5, 0, 0.06%, 9, 0, 10, 370.25
1733816317, 46, 58, 80, 5, 0, 0.06%, 9, 0, 10, 358.47
1733816322, 46, 59, 80, 5, 0, 0.06%, 9, 0, 10, 335.89
1733816328, 46, 60, 80, 5, 0, 0.06%, 9, 0, 10, 336.87
1733816338, 46, 69, 80, 5, 0, 0.06%, 9, 0, 10, 376.79
1733816343, 46, 70, 80, 5, 0, 0.06%, 9, 0, 10, 349.86
1733816353, 46, 71, 80, 5, 0, 0.06%, 9, 0, 10, 365.81
1733816358, 46, 72, 80, 5, 0, 0.06%, 9, 0, 10, 360.01
1733816368, 46, 73, 80, 5, 0, 0.06%, 9, 0, 10, 384.84
1733816378, 46, 75, 80, 5, 0, 0.06%, 9, 0, 10, 354.79
1733816383, 47, 47, 80, 5, 0, 0.06%, 9, 0, 10, 366.36
1733816388, 47, 54, 80, 5, 0, 0.06%, 9, 0, 10, 367.95
1733816393, 47, 55, 80, 5, 0, 0.06%, 9, 0, 10, 352.29
1733816398, 47, 56, 80, 5, 0, 0.06%, 9, 0, 10, 342.92
1733816404, 47, 57, 80, 5, 0, 0.06%, 9, 0, 10, 340.90
1733816409, 47, 58, 80, 5, 0, 0.06%, 9, 0, 10, 331.48
1733816414, 47, 59, 80, 5, 0, 0.06%, 9, 0, 10, 324.31
1733816419, 47, 60, 80, 5, 0, 0.06%, 9, 0, 10, 327.56
1733816429, 47, 69, 80, 5, 0, 0.06%, 9, 0, 10, 401.16
1733816434, 47, 70, 80, 5, 0, 0.06%, 9, 0, 10, 339.92
1733816444, 47, 71, 80, 5, 0, 0.06%, 9, 0, 10, 386.73
1733816449, 47, 72, 80, 5, 0, 0.06%, 9, 0, 10, 335.32
1733816459, 47, 73, 80, 5, 0, 0.06%, 9, 0, 10, 375.10
1733816469, 47, 75, 80, 5, 0, 0.06%, 9, 0, 10, 394.30
1733816474, 48, 47, 80, 5, 0, 0.06%, 9, 0, 10, 378.84
1733816479, 48, 54, 80, 5, 0, 0.06%, 9, 0, 10, 345.53
1733816484, 48, 55, 80, 5, 0, 0.06%, 9, 0, 10, 348.57
1733816489, 48, 56, 80, 5, 0, 0.06%, 9, 0, 10, 364.28
1733816494, 48, 57, 80, 5, 0, 0.06%, 9, 0, 10, 339.53
1733816499, 48, 58, 80, 5, 0, 0.06%, 9, 0, 10, 330.03
1733816505, 48, 59, 80, 5, 0, 0.06%, 9, 0, 10, 311.05
1733816510, 48, 60, 80, 5, 0, 0.06%, 9, 0, 10, 309.01
1733816520, 48, 69, 80, 5, 0, 0.06%, 9, 0, 10, 356.93
1733816525, 48, 70, 80, 5, 0, 0.06%, 9, 0, 10, 331.35
1733816535, 48, 71, 80, 5, 0, 0.06%, 9, 0, 10, 370.33
1733816540, 48, 72, 80, 5, 0, 0.06%, 9, 0, 10, 346.76
1733816550, 48, 73, 80, 5, 0, 0.06%, 9, 0, 10, 389.35
1733816555, 48, 75, 80, 5, 0, 0.06%, 9, 0, 10, 340.03
1733816565, 49, 47, 80, 5, 0, 0.06%, 9, 0, 10, 345.55
1733816570, 49, 54, 80, 5, 0, 0.06%, 9, 0, 10, 342.02
1733816575, 49, 55, 80, 5, 0, 0.06%, 9, 0, 10, 318.08
1733816580, 49, 56, 80, 5, 0, 0.06%, 9, 0, 10, 330.52
1733816586, 49, 58, 80, 5, 0, 0.06%, 9, 0, 10, 334.24
1733816591, 49, 59, 80, 5, 0, 0.06%, 9, 0, 10, 313.41
1733816601, 49, 60, 80, 5, 0, 0.06%, 9, 0, 10, 323.85
1733816611, 49, 69, 80, 5, 0, 0.06%, 9, 0, 10, 364.72
1733816616, 49, 70, 80, 5, 0, 0.06%, 9, 0, 10, 336.06
1733816621, 49, 71, 80, 5, 0, 0.06%, 9, 0, 10, 364.74
1733816631, 49, 72, 80, 5, 0, 0.06%, 9, 0, 10, 381.04
1733816641, 49, 73, 80, 5, 0, 0.06%, 9, 0, 10, 346.63
1733816646, 49, 75, 80, 5, 0, 0.06%, 9, 0, 10, 301.28
1733816657, 50, 47, 80, 5, 0, 0.06%, 9, 0, 10, 338.61
1733816662, 50, 54, 80, 5, 0, 0.06%, 9, 0, 10, 343.45
1733816667, 50, 55, 80, 5, 0, 0.06%, 9, 0, 10, 311.18
1733816672, 50, 56, 80, 5, 0, 0.06%, 9, 0, 10, 323.26
1733816677, 50, 58, 80, 5, 0, 0.06%, 9, 0, 10, 348.13
1733816682, 50, 59, 80, 5, 0, 0.06%, 9, 0, 10, 325.01
1733816692, 50, 60, 80, 5, 0, 0.06%, 9, 0, 10, 360.26
1733816702, 50, 69, 80, 5, 0, 0.06%, 9, 0, 10, 347.41
1733816707, 50, 70, 80, 5, 0, 0.06%, 9, 0, 10, 342.46
1733816712, 50, 71, 80, 5, 0, 0.06%, 9, 0, 10, 324.95
1733816722, 50, 72, 80, 5, 0, 0.06%, 9, 0, 10, 360.21
1733816727, 50, 73, 80, 5, 0, 0.06%, 9, 0, 10, 343.87
1733816738, 50, 75, 80, 5, 0, 0.06%, 9, 0, 10, 296.53
1733816748, 51, 47, 80, 5, 0, 0.06%, 9, 0, 10, 322.92
1733816753, 51, 55, 80, 5, 0, 0.06%, 9, 0, 10, 331.99
1733816758, 51, 56, 80, 5, 0, 0.06%, 9, 0, 10, 323.34
1733816763, 51, 57, 80, 5, 0, 0.06%, 9, 0, 10, 380.73
1733816768, 51, 58, 80, 5, 0, 0.06%, 9, 0, 10, 379.41
1733816773, 51, 59, 80, 5, 0, 0.06%, 9, 0, 10, 328.45
1733816783, 51, 60, 80, 5, 0, 0.06%, 9, 0, 10, 389.48
1733816788, 51, 69, 80, 5, 0, 0.06%, 9, 0, 10, 370.83
1733816799, 51, 70, 80, 5, 0, 0.06%, 9, 0, 10, 344.59
1733816804, 51, 71, 80, 5, 0, 0.06%, 9, 0, 10, 364.00
1733816814, 51, 72, 80, 5, 0, 0.06%, 9, 0, 10, 365.63
1733816819, 51, 73, 80, 5, 0, 0.06%, 9, 0, 10, 370.37
1733816829, 51, 75, 80, 5, 0, 0.06%, 9, 0, 10, 375.21
1733816834, 52, 47, 80, 5, 0, 0.06%, 9, 0, 10, 381.10
1733816839, 52, 54, 80, 5, 0, 0.06%, 9, 0, 10, 351.36
1733816844, 52, 55, 80, 5, 0, 0.06%, 9, 0, 10, 345.23
1733816849, 52, 56, 80, 5, 0, 0.06%, 9, 0, 10, 340.41
1733816854, 52, 57, 80, 5, 0, 0.06%, 9, 0, 10, 354.32
1733816859, 52, 58, 80, 5, 0, 0.06%, 9, 0, 10, 323.71
1733816864, 52, 59, 80, 5, 0, 0.06%, 9, 0, 10, 317.96
1733816870, 52, 60, 80, 5, 0, 0.06%, 9, 0, 10, 314.19
1733816880, 52, 69, 80, 5, 0, 0.06%, 9, 0, 10, 377.94
1733816885, 52, 70, 80, 5, 0, 0.06%, 9, 0, 10, 341.64
1733816895, 52, 71, 80, 5, 0, 0.06%, 9, 0, 10, 349.92
1733816905, 52, 72, 80, 5, 0, 0.06%, 9, 0, 10, 385.34
1733816910, 52, 73, 80, 5, 0, 0.06%, 9, 0, 10, 386.27
1733816920, 52, 75, 80, 5, 0, 0.06%, 9, 0, 10, 390.05
1733816925, 53, 47, 80, 5, 0, 0.06%, 9, 0, 10, 374.66
1733816930, 53, 54, 80, 5, 0, 0.06%, 9, 0, 10, 357.59
1733816935, 53, 55, 80, 5, 0, 0.06%, 9, 0, 10, 342.37
1733816941, 53, 56, 80, 5, 0, 0.06%, 9, 0, 10, 371.71
1733816946, 53, 57, 80, 5, 0, 0.06%, 9, 0, 10, 345.00
1733816951, 53, 58, 80, 5, 0, 0.06%, 9, 0, 10, 336.45
1733816956, 53, 59, 80, 5, 0, 0.06%, 9, 0, 10, 327.92
1733816961, 53, 60, 80, 5, 0, 0.06%, 9, 0, 10, 314.80
1733816971, 53, 69, 80, 5, 0, 0.06%, 9, 0, 10, 360.38
1733816976, 53, 70, 80, 5, 0, 0.06%, 9, 0, 10, 348.03
1733816986, 53, 71, 80, 5, 0, 0.06%, 9, 0, 10, 394.01
1733816991, 53, 72, 80, 5, 0, 0.06%, 9, 0, 10, 352.94
1733817001, 53, 73, 80, 5, 0, 0.06%, 9, 0, 10, 392.13
1733817006, 53, 75, 80, 5, 0, 0.06%, 9, 0, 10, 315.58
1733817017, 54, 47, 80, 5, 0, 0.06%, 9, 0, 10, 334.32
1733817022, 54, 54, 80, 5, 0, 0.06%, 9, 0, 10, 346.73
1733817027, 54, 56, 80, 5, 0, 0.06%, 9, 0, 10, 348.65
1733817037, 54, 58, 80, 5, 0, 0.06%, 9, 0, 10, 348.86
1733817042, 54, 59, 80, 5, 0, 0.06%, 9, 0, 10, 308.77
1733817052, 54, 60, 80, 5, 0, 0.06%, 9, 0, 10, 374.52
1733817062, 54, 69, 80, 5, 0, 0.06%, 9, 0, 10, 361.26
1733817067, 54, 70, 80, 5, 0, 0.06%, 9, 0, 10, 342.30
1733817072, 54, 71, 80, 5, 0, 0.06%, 9, 0, 10, 315.83
1733817082, 54, 72, 80, 5, 0, 0.06%, 9, 0, 10, 381.82
1733817088, 54, 73, 80, 5, 0, 0.06%, 9, 0, 10, 336.19
1733817098, 54, 75, 80, 5, 0, 0.06%, 9, 0, 10, 380.42
1733817108, 55, 54, 80, 5, 0, 0.06%, 9, 0, 10, 331.03
1733817113, 55, 55, 80, 5, 0, 0.06%, 9, 0, 10, 359.58
1733817118, 55, 56, 80, 5, 0, 0.06%, 9, 0, 10, 355.08
1733817123, 55, 57, 80, 5, 0, 0.06%, 9, 0, 10, 392.03
1733817128, 55, 58, 80, 5, 0, 0.06%, 9, 0, 10, 357.00
1733817133, 55, 59, 80, 5, 0, 0.06%, 9, 0, 10, 330.72
1733817138, 55, 60, 80, 5, 0, 0.06%, 9, 0, 10, 304.12
1733817148, 55, 69, 80, 5, 0, 0.06%, 9, 0, 10, 407.16
1733817153, 55, 70, 80, 5, 0, 0.06%, 9, 0, 10, 326.47
1733817163, 55, 71, 80, 5, 0, 0.06%, 9, 0, 10, 373.64
1733817174, 55, 72, 80, 5, 0, 0.06%, 9, 0, 10, 352.48
1733817179, 55, 73, 80, 5, 0, 0.06%, 9, 0, 10, 363.15
1733817184, 55, 75, 80, 5, 0, 0.06%, 9, 0, 10, 373.93
1733817194, 56, 47, 80, 5, 0, 0.06%, 9, 0, 10, 363.87
1733817199, 56, 54, 80, 5, 0, 0.06%, 9, 0, 10, 323.23
1733817204, 56, 55, 80, 5, 0, 0.06%, 9, 0, 10, 339.41
1733817209, 56, 56, 80, 5, 0, 0.06%, 9, 0, 10, 338.03
1733817214, 56, 57, 80, 5, 0, 0.06%, 9, 0, 10, 338.89
1733817220, 56, 58, 80, 5, 0, 0.06%, 9, 0, 10, 343.39
1733817225, 56, 59, 80, 5, 0, 0.06%, 9, 0, 10, 342.81
1733817230, 56, 60, 80, 5, 0, 0.06%, 9, 0, 10, 340.97
1733817240, 56, 69, 80, 5, 0, 0.06%, 9, 0, 10, 365.39
1733817245, 56, 70, 80, 5, 0, 0.06%, 9, 0, 10, 334.05
1733817250, 56, 71, 80, 5, 0, 0.06%, 9, 0, 10, 340.62
1733817260, 56, 72, 80, 5, 0, 0.06%, 9, 0, 10, 396.73
1733817265, 56, 73, 80, 5, 0, 0.06%, 9, 0, 10, 342.61
1733817275, 56, 75, 80, 5, 0, 0.06%, 9, 0, 10, 307.57
1733817286, 57, 47, 80, 5, 0, 0.06%, 9, 0, 10, 320.64
1733817291, 57, 55, 80, 5, 0, 0.06%, 9, 0, 10, 334.22
1733817296, 57, 56, 80, 5, 0, 0.06%, 9, 0, 10, 313.19
1733817301, 57, 57, 80, 5, 0, 0.06%, 9, 0, 10, 369.15
1733817306, 57, 58, 80, 5, 0, 0.06%, 9, 0, 10, 375.81
1733817311, 57, 59, 80, 5, 0, 0.06%, 9, 0, 10, 330.73
1733817321, 57, 60, 80, 5, 0, 0.06%, 9, 0, 10, 385.56
1733817326, 57, 69, 80, 5, 0, 0.06%, 9, 0, 10, 389.52
1733817336, 57, 70, 80, 5, 0, 0.06%, 9, 0, 10, 334.62
1733817341, 57, 71, 80, 5, 0, 0.06%, 9, 0, 10, 348.33
1733817352, 57, 72, 80, 5, 0, 0.06%, 9, 0, 10, 376.04
1733817357, 57, 73, 80, 5, 0, 0.06%, 9, 0, 10, 348.66
1733817367, 57, 75, 80, 5, 0, 0.06%, 9, 0, 10, 377.10
1733817377, 58, 54, 80, 5, 0, 0.06%, 9, 0, 10, 317.15
1733817382, 58, 55, 80, 5, 0, 0.06%, 9, 0, 10, 360.18
1733817387, 58, 56, 80, 5, 0, 0.06%, 9, 0, 10, 359.90
1733817392, 58, 57, 80, 5, 0, 0.06%, 9, 0, 10, 361.02
1733817397, 58, 58, 80, 5, 0, 0.06%, 9, 0, 10, 354.14
1733817402, 58, 59, 80, 5, 0, 0.06%, 9, 0, 10, 342.76
1733817407, 58, 60, 80, 5, 0, 0.06%, 9, 0, 10, 357.56
1733817417, 58, 61, 80, 5, 0, 0.06%, 9, 0, 10, 335.24
1733817505, 58, 62, 80, 5, 0, 0.06%, 9, 0, 10, 347.10
1733817623, 58, 63, 80, 5, 0, 0.06%, 9, 0, 10, 374.86
1733817742, 58, 64, 80, 5, 0, 0.06%, 9, 0, 10, 337.62
1733817787, 58, 65, 80, 4, 0, 0.06%, 9, 0, 10, 322.54
1733817849, 58, 66, 80, 4, 0, 0.06%, 9, 0, 10, 324.37
1733817910, 58, 67, 80, 4, 0, 0.06%, 9, 0, 10, 368.53
1733818319, 58, 68, 80, 4, 0, 0.06%, 9, 0, 10, 330.86
1733818400, 58, 69, 80, 4, 0, 0.06%, 9, 0, 10, 383.08
1733818410, 58, 70, 80, 4, 0, 0.06%, 9, 0, 10, 350.90
1733818420, 58, 71, 80, 4, 0, 0.06%, 9, 0, 10, 445.21
1733818471, 58, 72, 80, 4, 0, 0.06%, 9, 0, 10, 360.92
1733818476, 58, 73, 80, 4, 0, 0.06%, 9, 0, 10, 367.52
1733818522, 58, 74, 80, 4, 0, 0.06%, 9, 0, 10, 335.93
1733818527, 58, 75, 80, 4, 0, 0.06%, 9, 0, 10, 349.44
1733818651, 58, 76, 80, 4, 0, 0.06%, 9, 0, 10, 368.00
1733818656, 58, 77, 80, 4, 0, 0.06%, 9, 0, 10, 343.59
1733818666, 58, 78, 80, 4, 0, 0.06%, 9, 0, 10, 327.93
1733818773, 58, 79, 80, 3, 0, 0.06%, 9, 0, 10, 318.15
1733818885, 59, 11, 80, 2, 0, 0.06%, 9, 0, 10, 273.95
1733818890, 59, 12, 80, 2, 0, 0.06%, 9, 0, 10, 289.71
1733818895, 59, 13, 80, 2, 0, 0.06%, 9, 0, 10, 330.42
1733818900, 59, 14, 80, 2, 0, 0.06%, 9, 0, 10, 307.64
1733818905, 59, 15, 80, 2, 0, 0.06%, 9, 0, 10, 292.27
1733818910, 59, 16, 80, 2, 0, 0.06%, 9, 0, 10, 271.65
1733818920, 59, 17, 80, 2, 0, 0.06%, 9, 0, 10, 358.69
1733818930, 59, 18, 80, 2, 0, 0.06%, 9, 0, 10, 351.79
1733818940, 59, 19, 80, 2, 0, 0.06%, 9, 0, 10, 340.54
1733818945, 59, 20, 80, 2, 0, 0.06%, 9, 0, 10, 317.47
1733818955, 59, 21, 80, 2, 0, 0.06%, 9, 0, 10, 340.24
1733818965, 59, 22, 80, 2, 0, 0.06%, 9, 0, 10, 301.07
1733818971, 59, 23, 80, 2, 0, 0.06%, 9, 0, 10, 341.90
1733818981, 59, 24, 80, 2, 0, 0.06%, 9, 0, 10, 317.24
1733818991, 59, 25, 80, 2, 0, 0.06%, 9, 0, 10, 350.54
1733819098, 59, 26, 80, 1, 0, 0.06%, 9, 0, 10, 352.82
1733819108, 59, 27, 80, 1, 0, 0.06%, 9, 0, 10, 324.41
1733819113, 59, 28, 80, 1, 0, 0.06%, 9, 0, 10, 382.18
1733819123, 59, 29, 80, 1, 0, 0.06%, 9, 0, 10, 377.03
1733819175, 59, 30, 80, 0, 0, 0.06%, 9, 0, 10, 350.65
1733819185, 59, 31, 80, 0, 0, 0.06%, 9, 0, 10, 352.28
1733819195, 59, 32, 80, 0, 0, 0.06%, 9, 0, 10, 300.71
1733819210, 59, 33, 80, 0, 0, 0.06%, 9, 0, 10, 292.12
1733819220, 59, 34, 80, 0, 0, 0.06%, 9, 0, 10, 343.40
1733819225, 59, 35, 80, 0, 0, 0.06%, 9, 0, 10, 334.55
1733819230, 59, 36, 80, 0, 0, 0.06%, 9, 0, 10, 344.15
1733819235, 59, 37, 80, 0, 0, 0.06%, 9, 0, 10, 384.70
1733819251, 59, 38, 80, 0, 0, 0.06%, 9, 0, 10, 357.38
1733819261, 59, 40, 80, 0, 0, 0.06%, 9, 0, 10, 336.15
1733819266, 59, 41, 80, 0, 0, 0.06%, 9, 0, 10, 356.80
1733819291, 59, 42, 80, 0, 0, 0.06%, 9, 0, 10, 354.11
1733819312, 59, 43, 80, 0, 0, 0.06%, 9, 0, 10, 452.35
1733819327, 59, 44, 80, 0, 0, 0.06%, 9, 0, 10, 321.45
1733819332, 59, 45, 80, 0, 0, 0.06%, 9, 0, 10, 338.37
1733819352, 59, 46, 80, 0, 0, 0.06%, 9, 0, 10, 388.29
1733819418, 59, 47, 80, 0, 0, 0.06%, 9, 0, 10, 324.14
1733819423, 59, 48, 80, 0, 0, 0.06%, 9, 0, 10, 364.08
1733819428, 59, 49, 80, 0, 0, 0.06%, 9, 0, 10, 379.91
1733819552, 59, 50, 80, 0, 0, 0.06%, 9, 0, 10, 308.95
1733820009, 59, 51, 80, 0, 0, 0.06%, 9, 0, 10, 325.27
1733820014, 59, 52, 80, 0, 0, 0.06%, 9, 0, 10, 342.78
1733820019, 59, 53, 80, 0, 0, 0.06%, 9, 0, 10, 382.94
1733820024, 59, 54, 80, 0, 0, 0.06%, 9, 0, 10, 377.06
1733820029, 59, 55, 80, 0, 0, 0.06%, 9, 0, 10, 361.01
1733820034, 59, 56, 80, 0, 0, 0.06%, 9, 0, 10, 377.76
1733820039, 59, 57, 80, 0, 0, 0.06%, 9, 0, 10, 356.46
1733820044, 59, 59, 80, 0, 0, 0.06%, 9, 0, 10, 330.66
1733820055, 59, 60, 80, 0, 0, 0.06%, 9, 0, 10, 355.71
1733820060, 59, 61, 80, 0, 0, 0.06%, 9, 0, 10, 371.86
1733820070, 59, 62, 80, 0, 0, 0.06%, 9, 0, 10, 377.61
1733820075, 59, 63, 80, 0, 0, 0.06%, 9, 0, 10, 382.50
1733820080, 59, 65, 80, 0, 0, 0.06%, 9, 0, 10, 387.65
1733820085, 59, 66, 80, 0, 0, 0.06%, 9, 0, 10, 355.03
1733820090, 59, 67, 80, 0, 0, 0.06%, 9, 0, 10, 417.52
1733820106, 59, 68, 80, 0, 0, 0.06%, 9, 0, 10, 360.10
1733820111, 59, 69, 80, 0, 0, 0.06%, 9, 0, 10, 374.17
1733820116, 59, 70, 80, 0, 0, 0.06%, 9, 0, 10, 341.67
1733820121, 59, 71, 80, 0, 0, 0.06%, 9, 0, 10, 358.87
1733820131, 59, 72, 80, 0, 0, 0.06%, 9, 0, 10, 387.32
1733820136, 59, 73, 80, 0, 0, 0.06%, 9, 0, 10, 330.28
1733820146, 59, 74, 80, 0, 0, 0.06%, 9, 0, 10, 362.18
1733820151, 59, 75, 80, 0, 0, 0.06%, 9, 0, 10, 302.76
1733820161, 59, 76, 80, 0, 0, 0.06%, 9, 0, 10, 392.14
1733820172, 59, 77, 80, 0, 0, 0.06%, 9, 0, 10, 346.37
1733820177, 59, 78, 80, 0, 0, 0.06%, 9, 0, 10, 315.66
1733820197, 59, 79, 80, 0, 0, 0.06%, 9, 0, 10, 335.77
1733820218, 60, 15, 80, 0, 0, 0.06%, 9, 0, 10, 310.92
1733820228, 60, 16, 80, 0, 0, 0.06%, 9, 0, 10, 318.47
1733820233, 60, 17, 80, 0, 0, 0.06%, 9, 0, 10, 343.72
1733820243, 60, 18, 80, 0, 0, 0.06%, 9, 0, 10, 361.69
1733820253, 60, 19, 80, 0, 0, 0.06%, 9, 0, 10, 347.70
1733820263, 60, 21, 80, 0, 0, 0.06%, 9, 0, 10, 281.47
1733820273, 60, 22, 80, 0, 0, 0.06%, 9, 0, 10, 311.59
1733820284, 60, 23, 80, 0, 0, 0.06%, 9, 0, 10, 345.69
1733820294, 60, 24, 80, 0, 0, 0.06%, 9, 0, 10, 351.68
1733820304, 60, 25, 80, 0, 0, 0.06%, 9, 0, 10, 330.47
1733820314, 60, 26, 80, 0, 0, 0.06%, 9, 0, 10, 351.49
1733820324, 60, 27, 80, 0, 0, 0.06%, 9, 0, 10, 309.53
1733820329, 60, 28, 80, 0, 0, 0.06%, 9, 0, 10, 360.95
1733820334, 60, 29, 80, 0, 0, 0.06%, 9, 0, 10, 340.59
1733820344, 60, 30, 80, 0, 0, 0.06%, 9, 0, 10, 290.84
1733820354, 60, 31, 80, 0, 0, 0.06%, 9, 0, 10, 324.12
1733820365, 60, 32, 80, 0, 0, 0.06%, 9, 0, 10, 392.05
1733820380, 60, 33, 80, 0, 0, 0.06%, 9, 0, 10, 344.26
1733820390, 60, 34, 80, 0, 0, 0.06%, 9, 0, 10, 289.30
1733820395, 60, 35, 80, 0, 0, 0.06%, 9, 0, 10, 323.64
1733820400, 60, 36, 80, 0, 0, 0.06%, 9, 0, 10, 293.28
1733820405, 60, 37, 80, 0, 0, 0.06%, 9, 0, 10, 383.75
1733820421, 60, 38, 80, 0, 0, 0.06%, 9, 0, 10, 378.24
1733820431, 60, 44, 80, 0, 0, 0.06%, 9, 0, 10, 326.41
1733820436, 60, 46, 80, 0, 0, 0.06%, 9, 0, 10, 316.93
1733820441, 60, 47, 80, 0, 0, 0.06%, 9, 0, 10, 323.23
1733820446, 60, 48, 80, 0, 0, 0.06%, 9, 0, 10, 353.74
1733820451, 60, 49, 80, 0, 0, 0.06%, 9, 0, 10, 303.06
1733820456, 60, 50, 80, 0, 0, 0.06%, 9, 0, 10, 336.82
1733820471, 60, 51, 80, 0, 0, 0.06%, 9, 0, 10, 341.55
1733820476, 60, 52, 80, 0, 0, 0.06%, 9, 0, 10, 370.54
1733820482, 60, 53, 80, 0, 0, 0.06%, 9, 0, 10, 359.96
1733820487, 60, 55, 80, 0, 0, 0.06%, 9, 0, 10, 334.76
1733820492, 60, 56, 80, 0, 0, 0.06%, 9, 0, 10, 308.90
1733820497, 60, 57, 80, 0, 0, 0.06%, 9, 0, 10, 359.58
1733820502, 60, 58, 80, 0, 0, 0.06%, 9, 0, 10, 367.15
1733820507, 60, 59, 80, 0, 0, 0.06%, 9, 0, 10, 325.28
1733820517, 60, 60, 80, 0, 0, 0.06%, 9, 0, 10, 377.22
1733820522, 60, 61, 80, 0, 0, 0.06%, 9, 0, 10, 332.44
1733820532, 60, 62, 80, 0, 0, 0.06%, 9, 0, 10, 351.45
1733820537, 60, 63, 80, 0, 0, 0.06%, 9, 0, 10, 356.96
1733820543, 60, 65, 80, 0, 0, 0.06%, 9, 0, 10, 344.63
1733820548, 60, 66, 80, 0, 0, 0.06%, 9, 0, 10, 323.80
1733820553, 60, 67, 80, 0, 0, 0.06%, 9, 0, 10, 407.69
1733820568, 60, 68, 80, 0, 0, 0.06%, 9, 0, 10, 366.86
1733820573, 60, 69, 80, 0, 0, 0.06%, 9, 0, 10, 343.50
1733820578, 60, 70, 80, 0, 0, 0.06%, 9, 0, 10, 346.58
1733820588, 60, 71, 80, 0, 0, 0.06%, 9, 0, 10, 376.19
1733820593, 60, 72, 80, 0, 0, 0.06%, 9, 0, 10, 340.92
1733820603, 60, 73, 80, 0, 0, 0.06%, 9, 0, 10, 378.51
1733820608, 60, 74, 80, 0, 0, 0.06%, 9, 0, 10, 339.04
1733820614, 60, 75, 80, 0, 0, 0.06%, 9, 0, 10, 340.33
1733820624, 60, 76, 80, 0, 0, 0.06%, 9, 0, 10, 374.39
1733820634, 60, 77, 80, 0, 0, 0.06%, 9, 0, 10, 368.37
1733820639, 60, 78, 80, 0, 0, 0.06%, 9, 0, 10, 319.05
1733820664, 60, 79, 80, 0, 0, 0.06%, 9, 0, 10, 383.61
1733820679, 61, 11, 80, 0, 0, 0.06%, 9, 0, 10, 290.24
1733820685, 61, 15, 80, 0, 0, 0.06%, 9, 0, 10, 310.14
1733820690, 61, 16, 80, 0, 0, 0.06%, 9, 0, 10, 324.48
1733820695, 61, 17, 80, 0, 0, 0.06%, 9, 0, 10, 354.51
1733820705, 61, 18, 80, 0, 0, 0.06%, 9, 0, 10, 339.40
1733820710, 61, 19, 80, 0, 0, 0.06%, 9, 0, 10, 335.52
1733820720, 61, 20, 80, 0, 0, 0.06%, 9, 0, 10, 304.00
1733820725, 61, 21, 80, 0, 0, 0.06%, 9, 0, 10, 331.62
1733820730, 61, 22, 80, 0, 0, 0.06%, 9, 0, 10, 342.42
1733820735, 61, 23, 80, 0, 0, 0.06%, 9, 0, 10, 332.20
1733820740, 61, 24, 80, 0, 0, 0.06%, 9, 0, 10, 332.49
1733820745, 61, 25, 80, 0, 0, 0.06%, 9, 0, 10, 375.18
1733820755, 61, 26, 80, 0, 0, 0.06%, 9, 0, 10, 365.34
1733820760, 61, 27, 80, 0, 0, 0.06%, 9, 0, 10, 318.84
1733820765, 61, 28, 80, 0, 0, 0.06%, 9, 0, 10, 305.65
1733820776, 61, 29, 80, 0, 0, 0.06%, 9, 0, 10, 289.63
1733820786, 61, 30, 80, 0, 0, 0.06%, 9, 0, 10, 294.70
1733820791, 61, 31, 80, 0, 0, 0.06%, 9, 0, 10, 348.68
1733820796, 61, 32, 80, 0, 0, 0.06%, 9, 0, 10, 409.18
1733820811, 61, 33, 80, 0, 0, 0.06%, 9, 0, 10, 384.67
1733820822, 61, 34, 80, 0, 0, 0.06%, 9, 0, 10, 304.65
1733820827, 61, 36, 80, 0, 0, 0.06%, 9, 0, 10, 311.77
1733820832, 61, 37, 80, 0, 0, 0.06%, 9, 0, 10, 323.34
1733820847, 61, 38, 80, 0, 0, 0.06%, 9, 0, 10, 363.30
1733820857, 61, 40, 80, 0, 0, 0.06%, 9, 0, 10, 320.16
1733820862, 61, 44, 80, 0, 0, 0.06%, 9, 0, 10, 336.40
1733820867, 61, 46, 80, 0, 0, 0.06%, 9, 0, 10, 350.57
1733820872, 61, 47, 80, 0, 0, 0.06%, 9, 0, 10, 345.45
1733820877, 61, 49, 80, 0, 0, 0.06%, 9, 0, 10, 336.88
1733820888, 61, 50, 80, 0, 0, 0.06%, 9, 0, 10, 301.83
1733820898, 61, 51, 80, 0, 0, 0.06%, 9, 0, 10, 360.31
1733820903, 61, 52, 80, 0, 0, 0.06%, 9, 0, 10, 362.35
1733820908, 61, 53, 80, 0, 0, 0.06%, 9, 0, 10, 359.78
1733820913, 61, 54, 80, 0, 0, 0.06%, 9, 0, 10, 358.71
1733820918, 61, 55, 80, 0, 0, 0.06%, 9, 0, 10, 333.69
1733820923, 61, 56, 80, 0, 0, 0.06%, 9, 0, 10, 354.76
1733820928, 61, 58, 80, 0, 0, 0.06%, 9, 0, 10, 341.05
1733820933, 61, 59, 80, 0, 0, 0.06%, 9, 0, 10, 315.02
1733820943, 61, 60, 80, 0, 0, 0.06%, 9, 0, 10, 371.90
1733820954, 61, 61, 80, 0, 0, 0.06%, 9, 0, 10, 349.51
1733820959, 61, 62, 80, 0, 0, 0.06%, 9, 0, 10, 366.46
1733820964, 61, 63, 80, 0, 0, 0.06%, 9, 0, 10, 323.17
1733820969, 61, 65, 80, 0, 0, 0.06%, 9, 0, 10, 331.13
1733820974, 61, 66, 80, 0, 0, 0.06%, 9, 0, 10, 334.09
1733820984, 61, 67, 80, 0, 0, 0.06%, 9, 0, 10, 272.41
1733820994, 61, 68, 80, 0, 0, 0.06%, 9, 0, 10, 366.67
1733820999, 61, 69, 80, 0, 0, 0.06%, 9, 0, 10, 385.29
1733821004, 61, 70, 80, 0, 0, 0.06%, 9, 0, 10, 344.20
1733821015, 61, 71, 80, 0, 0, 0.06%, 9, 0, 10, 379.59
1733821020, 61, 72, 80, 0, 0, 0.06%, 9, 0, 10, 356.36
1733821030, 61, 73, 80, 0, 0, 0.06%, 9, 0, 10, 381.63
1733821035, 61, 74, 80, 0, 0, 0.06%, 9, 0, 10, 320.80
1733821045, 61, 75, 80, 0, 0, 0.06%, 9, 0, 10, 358.89
1733821050, 61, 76, 80, 0, 0, 0.06%, 9, 0, 10, 335.63
1733821055, 61, 77, 80, 0, 0, 0.06%, 9, 0, 10, 314.12
1733821060, 61, 78, 80, 0, 0, 0.06%, 9, 0, 10, 331.30
1733821080, 61, 79, 80, 0, 0, 0.06%, 9, 0, 10, 339.32
1733821101, 62, 11, 80, 0, 0, 0.06%, 9, 0, 10, 263.10
1733821106, 62, 15, 80, 0, 0, 0.06%, 9, 0, 10, 305.06
1733821111, 62, 16, 80, 0, 0, 0.06%, 9, 0, 10, 313.79
1733821116, 62, 17, 80, 0, 0, 0.06%, 9, 0, 10, 328.07
1733821121, 62, 18, 80, 0, 0, 0.06%, 9, 0, 10, 308.45
1733821126, 62, 19, 80, 0, 0, 0.06%, 9, 0, 10, 329.40
1733821131, 62, 20, 80, 0, 0, 0.06%, 9, 0, 10, 296.55
1733821136, 62, 21, 80, 0, 0, 0.06%, 9, 0, 10, 303.81
1733821141, 62, 23, 80, 0, 0, 0.06%, 9, 0, 10, 311.55
1733821146, 62, 24, 80, 0, 0, 0.06%, 9, 0, 10, 313.51
1733821156, 62, 25, 80, 0, 0, 0.06%, 9, 0, 10, 359.41
1733821167, 62, 27, 80, 0, 0, 0.06%, 9, 0, 10, 336.69
1733821172, 62, 28, 80, 0, 0, 0.06%, 9, 0, 10, 317.84
1733821177, 62, 29, 80, 0, 0, 0.06%, 9, 0, 10, 330.27
1733821192, 62, 30, 80, 0, 0, 0.06%, 9, 0, 10, 301.58
1733821197, 62, 32, 80, 0, 0, 0.06%, 9, 0, 10, 316.19
1733821212, 62, 33, 80, 0, 0, 0.06%, 9, 0, 10, 340.42
1733821217, 62, 34, 80, 0, 0, 0.06%, 9, 0, 10, 354.79
1733821222, 62, 35, 80, 0, 0, 0.06%, 9, 0, 10, 336.49
1733821227, 62, 36, 80, 0, 0, 0.06%, 9, 0, 10, 342.89
1733821233, 62, 37, 80, 0, 0, 0.06%, 9, 0, 10, 386.95
1733821248, 62, 38, 80, 0, 0, 0.06%, 9, 0, 10, 324.74
1733821253, 62, 44, 80, 0, 0, 0.06%, 9, 0, 10, 345.82
1733821258, 62, 46, 80, 0, 0, 0.06%, 9, 0, 10, 297.70
1733821263, 62, 47, 80, 0, 0, 0.06%, 9, 0, 10, 336.39
1733821268, 62, 48, 80, 0, 0, 0.06%, 9, 0, 10, 328.28
1733821273, 62, 49, 80, 0, 0, 0.06%, 9, 0, 10, 313.73
1733821278, 62, 50, 80, 0, 0, 0.06%, 9, 0, 10, 367.48
1733821294, 62, 51, 80, 0, 0, 0.06%, 9, 0, 10, 330.55
1733821299, 62, 52, 80, 0, 0, 0.06%, 9, 0, 10, 355.97
1733821304, 62, 53, 80, 0, 0, 0.06%, 9, 0, 10, 328.34
1733821309, 62, 55, 80, 0, 0, 0.06%, 9, 0, 10, 335.90
1733821314, 62, 56, 80, 0, 0, 0.06%, 9, 0, 10, 312.45
1733821319, 62, 57, 80, 0, 0, 0.06%, 9, 0, 10, 316.94
1733821324, 62, 58, 80, 0, 0, 0.06%, 9, 0, 10, 384.52
1733821329, 62, 59, 80, 0, 0, 0.06%, 9, 0, 10, 321.06
1733821339, 62, 60, 80, 0, 0, 0.06%, 9, 0, 10, 382.83
1733821344, 62, 61, 80, 0, 0, 0.06%, 9, 0, 10, 347.25
1733821349, 62, 62, 80, 0, 0, 0.06%, 9, 0, 10, 361.75
1733821359, 62, 63, 80, 0, 0, 0.06%, 9, 0, 10, 375.16
1733821364, 62, 65, 80, 0, 0, 0.06%, 9, 0, 10, 365.21
1733821369, 62, 66, 80, 0, 0, 0.06%, 9, 0, 10, 350.55
1733821374, 62, 67, 80, 0, 0, 0.06%, 9, 0, 10, 407.27
1733821390, 62, 68, 80, 0, 0, 0.06%, 9, 0, 10, 348.74
1733821395, 62, 69, 80, 0, 0, 0.06%, 9, 0, 10, 355.51
1733821400, 62, 70, 80, 0, 0, 0.06%, 9, 0, 10, 330.76
1733821410, 62, 71, 80, 0, 0, 0.06%, 9, 0, 10, 360.39
1733821415, 62, 72, 80, 0, 0, 0.06%, 9, 0, 10, 355.67
1733821425, 62, 73, 80, 0, 0, 0.06%, 9, 0, 10, 368.12
1733821430, 62, 74, 80, 0, 0, 0.06%, 9, 0, 10, 311.92
1733821440, 62, 75, 80, 0, 0, 0.06%, 9, 0, 10, 379.21
1733821446, 62, 76, 80, 0, 0, 0.06%, 9, 0, 10, 357.02
1733821451, 62, 77, 80, 0, 0, 0.06%, 9, 0, 10, 307.45
1733821456, 62, 78, 80, 0, 0, 0.06%, 9, 0, 10, 312.22
1733821476, 62, 79, 80, 0, 0, 0.06%, 9, 0, 10, 370.48
1733821491, 63, 11, 80, 0, 0, 0.06%, 9, 0, 10, 292.62
1733821496, 63, 15, 80, 0, 0, 0.06%, 9, 0, 10, 306.35
1733821502, 63, 16, 80, 0, 0, 0.06%, 9, 0, 10, 316.29
1733821507, 63, 17, 80, 0, 0, 0.06%, 9, 0, 10, 333.06
1733821512, 63, 18, 80, 0, 0, 0.06%, 9, 0, 10, 325.51
1733821517, 63, 19, 80, 0, 0, 0.06%, 9, 0, 10, 329.15
1733821522, 63, 20, 80, 0, 0, 0.06%, 9, 0, 10, 280.92
1733821527, 63, 21, 80, 0, 0, 0.06%, 9, 0, 10, 312.75
1733821532, 63, 22, 80, 0, 0, 0.06%, 9, 0, 10, 306.90
1733821537, 63, 23, 80, 0, 0, 0.06%, 9, 0, 10, 306.50
1733821542, 63, 24, 80, 0, 0, 0.06%, 9, 0, 10, 335.42
1733821547, 63, 25, 80, 0, 0, 0.06%, 9, 0, 10, 325.74
1733821552, 63, 26, 80, 0, 0, 0.06%, 9, 0, 10, 337.84
1733821557, 63, 27, 80, 0, 0, 0.06%, 9, 0, 10, 306.53
1733821562, 63, 28, 80, 0, 0, 0.06%, 9, 0, 10, 342.18
1733821567, 63, 29, 80, 0, 0, 0.06%, 9, 0, 10, 292.79
1733821573, 63, 30, 80, 0, 0, 0.06%, 9, 0, 10, 318.27
1733821578, 63, 31, 80, 0, 0, 0.06%, 9, 0, 10, 334.00
1733821583, 63, 32, 80, 0, 0, 0.06%, 9, 0, 10, 269.93
1733821593, 63, 33, 80, 0, 0, 0.06%, 9, 0, 10, 347.33
1733821598, 63, 34, 80, 0, 0, 0.06%, 9, 0, 10, 349.32
1733821603, 63, 35, 80, 0, 0, 0.06%, 9, 0, 10, 330.32
1733821608, 63, 36, 80, 0, 0, 0.06%, 9, 0, 10, 336.00
1733821614, 63, 37, 80, 0, 0, 0.06%, 9, 0, 10, 413.99
1733821629, 63, 38, 80, 0, 0, 0.06%, 9, 0, 10, 317.56
1733821634, 63, 40, 80, 0, 0, 0.06%, 9, 0, 10, 319.57
1733821639, 63, 44, 80, 0, 0, 0.06%, 9, 0, 10, 316.74
1733821644, 63, 46, 80, 0, 0, 0.06%, 9, 0, 10, 327.53
1733821649, 63, 48, 80, 0, 0, 0.06%, 9, 0, 10, 338.54
1733821654, 63, 49, 80, 0, 0, 0.06%, 9, 0, 10, 344.45
1733821664, 63, 50, 80, 0, 0, 0.06%, 9, 0, 10, 275.72
1733821674, 63, 51, 80, 0, 0, 0.06%, 9, 0, 10, 355.60
1733821679, 63, 52, 80, 0, 0, 0.06%, 9, 0, 10, 338.82
1733821684, 63, 53, 80, 0, 0, 0.06%, 9, 0, 10, 364.41
1733821690, 63, 55, 80, 0, 0, 0.06%, 9, 0, 10, 338.07
1733821695, 63, 56, 80, 0, 0, 0.06%, 9, 0, 10, 320.77
1733821700, 63, 57, 80, 0, 0, 0.06%, 9, 0, 10, 370.33
1733821705, 63, 58, 80, 0, 0, 0.06%, 9, 0, 10, 369.16
1733821710, 63, 59, 80, 0, 0, 0.06%, 9, 0, 10, 329.70
