# unix_time, cycles_done, cur_path, paths_total, pending_total, pending_favs, map_size, unique_crashes, unique_hangs, max_depth, execs_per_sec
1734241902, 0, 0, 10, 10, 1, 0.00%, 0, 0, 1, 173.54
1734241907, 0, 2, 11, 11, 1, 0.05%, 1, 0, 2, 200.79
1734241917, 0, 10, 11, 10, 1, 0.05%, 1, 0, 2, 235.20
1734241927, 0, 10, 12, 11, 1, 0.05%, 2, 0, 3, 262.07
1734241932, 0, 10, 13, 12, 1, 0.05%, 2, 0, 3, 267.41
1734241963, 0, 11, 16, 14, 1, 0.06%, 5, 0, 4, 247.76
1734241969, 0, 11, 18, 16, 1, 0.06%, 5, 0, 4, 326.35
1734241974, 0, 11, 19, 17, 1, 0.06%, 6, 0, 4, 342.44
1734241984, 0, 11, 20, 18, 1, 0.06%, 6, 0, 4, 344.75
1734242004, 0, 11, 21, 19, 1, 0.06%, 6, 0, 4, 347.02
1734242034, 0, 18, 21, 18, 4, 0.06%, 6, 0, 4, 379.72
1734242040, 0, 18, 22, 19, 4, 0.06%, 6, 0, 5, 460.09
1734242050, 0, 20, 24, 20, 3, 0.06%, 6, 0, 5, 447.38
1734242055, 0, 20, 25, 21, 3, 0.06%, 6, 0, 5, 415.25
1734242060, 0, 20, 27, 23, 3, 0.06%, 6, 0, 5, 418.12
1734242065, 0, 20, 28, 24, 3, 0.06%, 6, 0, 5, 421.19
1734242111, 0, 25, 29, 24, 3, 0.06%, 6, 0, 5, 436.04
1734242116, 0, 25, 31, 26, 3, 0.06%, 6, 0, 6, 410.50
1734242147, 0, 27, 33, 27, 3, 0.06%, 7, 0, 6, 449.47
1734242152, 0, 27, 34, 28, 3, 0.06%, 7, 0, 6, 408.42
1734242157, 0, 27, 36, 30, 3, 0.06%, 8, 0, 6, 426.75
1734242162, 0, 27, 38, 32, 3, 0.06%, 8, 0, 6, 428.27
1734242207, 0, 31, 39, 32, 5, 0.06%, 9, 0, 7, 453.86
1734242222, 0, 38, 39, 31, 6, 0.06%, 9, 0, 7, 515.98
1734242227, 0, 38, 40, 32, 6, 0.06%, 9, 0, 8, 429.95
1734242243, 1, 35, 40, 31, 5, 0.06%, 9, 0, 8, 499.24
1734242258, 2, 18, 40, 30, 5, 0.06%, 9, 0, 8, 424.45
1734242263, 2, 21, 40, 30, 5, 0.06%, 9, 0, 8, 305.76
1734242273, 3, 18, 40, 29, 5, 0.06%, 9, 0, 8, 344.34
1734242278, 3, 21, 40, 29, 5, 0.06%, 9, 0, 8, 306.59
1734242283, 4, 18, 41, 30, 5, 0.06%, 9, 0, 8, 320.00
1734242293, 4, 21, 41, 30, 5, 0.06%, 9, 0, 8, 275.12
1734242298, 4, 40, 41, 30, 5, 0.06%, 9, 0, 8, 442.00
1734242304, 4, 40, 42, 31, 5, 0.06%, 9, 0, 8, 464.83
1734242314, 4, 40, 43, 32, 5, 0.06%, 9, 0, 8, 461.03
1734242385, 4, 41, 43, 31, 5, 0.06%, 9, 0, 8, 443.16
1734242416, 4, 42, 43, 30, 5, 0.06%, 9, 0, 8, 284.28
1734242457, 5, 21, 43, 29, 5, 0.06%, 9, 0, 8, 313.32
1734242462, 5, 31, 43, 29, 5, 0.06%, 9, 0, 8, 319.78
1734242472, 5, 34, 43, 29, 5, 0.06%, 9, 0, 8, 418.75
1734242477, 5, 34, 44, 30, 5, 0.06%, 9, 0, 8, 454.71
1734242492, 5, 35, 44, 29, 5, 0.06%, 9, 0, 8, 302.62
1734242497, 5, 38, 44, 29, 5, 0.06%, 9, 0, 8, 297.69
1734242502, 5, 39, 44, 29, 5, 0.06%, 9, 0, 8, 382.03
1734242507, 5, 39, 45, 30, 5, 0.06%, 9, 0, 9, 431.91
1734242512, 5, 39, 46, 31, 5, 0.06%, 9, 0, 9, 452.05
1734242538, 5, 39, 48, 33, 5, 0.06%, 9, 0, 9, 451.64
1734242553, 5, 43, 48, 32, 6, 0.06%, 9, 0, 9, 400.39
1734242584, 5, 43, 49, 33, 6, 0.06%, 9, 0, 9, 294.18
1734242589, 5, 47, 49, 32, 5, 0.06%, 9, 0, 9, 483.33
1734242599, 5, 47, 50, 33, 5, 0.06%, 9, 0, 10, 492.29
1734242604, 5, 47, 52, 35, 5, 0.06%, 9, 0, 10, 487.93
1734242644, 5, 47, 53, 36, 5, 0.06%, 9, 0, 10, 496.87
1734242685, 5, 48, 53, 35, 5, 0.06%, 9, 0, 10, 335.13
1734242716, 5, 48, 58, 40, 5, 0.06%, 9, 0, 10, 479.27
1734242838, 5, 49, 58, 39, 5, 0.06%, 9, 0, 10, 260.50
1734242883, 5, 49, 60, 41, 5, 0.06%, 9, 0, 11, 530.86
1734242899, 5, 49, 62, 43, 5, 0.06%, 9, 0, 11, 532.77
1734243124, 5, 50, 62, 42, 5, 0.06%, 9, 0, 11, 376.29
1734243149, 5, 50, 63, 43, 5, 0.06%, 9, 0, 11, 485.51
1734243201, 6, 18, 63, 42, 5, 0.06%, 9, 0, 11, 355.04
1734243206, 6, 21, 63, 42, 5, 0.06%, 9, 0, 11, 339.58
1734243211, 6, 40, 64, 43, 5, 0.06%, 9, 0, 11, 332.32
1734243216, 6, 41, 64, 43, 5, 0.06%, 9, 0, 11, 328.82
1734243221, 6, 42, 64, 43, 5, 0.06%, 9, 0, 11, 319.49
1734243226, 6, 63, 64, 43, 5, 0.06%, 9, 0, 11, 499.71
1734243261, 7, 18, 64, 42, 5, 0.06%, 9, 0, 11, 337.00
1734243266, 7, 21, 64, 42, 5, 0.06%, 9, 0, 11, 345.38
1734243271, 7, 40, 64, 42, 5, 0.06%, 9, 0, 11, 324.83
1734243276, 7, 41, 64, 42, 5, 0.06%, 9, 0, 11, 332.61
1734243281, 7, 42, 64, 42, 5, 0.06%, 9, 0, 11, 323.05
1734243287, 7, 63, 64, 42, 5, 0.06%, 9, 0, 11, 347.03
1734243297, 8, 21, 64, 42, 5, 0.06%, 9, 0, 11, 337.56
1734243302, 8, 40, 64, 42, 5, 0.06%, 9, 0, 11, 365.53
1734243307, 8, 41, 64, 42, 5, 0.06%, 9, 0, 11, 357.91
1734243312, 8, 42, 64, 42, 5, 0.06%, 9, 0, 11, 338.18
1734243317, 8, 63, 64, 42, 5, 0.06%, 9, 0, 11, 391.72
1734243327, 9, 18, 65, 43, 5, 0.06%, 9, 0, 11, 346.11
1734243332, 9, 21, 65, 43, 5, 0.06%, 9, 0, 11, 322.40
1734243337, 9, 41, 65, 43, 5, 0.06%, 9, 0, 11, 316.90
1734243342, 9, 42, 65, 43, 5, 0.06%, 9, 0, 11, 336.26
1734243348, 9, 63, 65, 43, 5, 0.06%, 9, 0, 11, 349.90
1734243353, 9, 64, 65, 43, 5, 0.06%, 9, 0, 11, 369.10
1734243373, 9, 64, 66, 44, 5, 0.06%, 9, 0, 11, 504.35
1734243404, 9, 65, 66, 43, 5, 0.06%, 9, 0, 11, 365.94
1734243439, 9, 65, 67, 44, 5, 0.06%, 9, 0, 11, 500.07
1734243475, 9, 66, 68, 44, 5, 0.06%, 9, 0, 11, 354.79
1734243556, 9, 67, 68, 43, 5, 0.06%, 9, 0, 11, 302.47
1734243643, 9, 67, 69, 44, 5, 0.07%, 10, 0, 11, 268.38
1734243658, 9, 68, 71, 45, 6, 0.07%, 10, 0, 11, 241.09
1734243679, 9, 68, 72, 46, 6, 0.07%, 10, 0, 11, 216.54
1734243791, 9, 69, 72, 45, 5, 0.07%, 10, 0, 11, 294.22
1734243826, 9, 69, 73, 46, 5, 0.07%, 10, 0, 11, 288.57
1734243892, 9, 69, 74, 47, 5, 0.07%, 10, 0, 11, 312.66
1734243902, 9, 71, 74, 46, 5, 0.07%, 10, 0, 11, 323.25
1734243973, 9, 72, 74, 45, 5, 0.07%, 10, 0, 11, 288.34
1734244039, 9, 73, 75, 45, 5, 0.07%, 10, 0, 12, 306.49
1734244049, 9, 73, 76, 46, 5, 0.07%, 10, 0, 12, 266.76
1734244160, 10, 11, 76, 45, 5, 0.07%, 10, 0, 12, 303.52
1734244166, 10, 12, 76, 45, 5, 0.07%, 10, 0, 12, 292.16
1734244171, 10, 13, 76, 44, 5, 0.07%, 10, 0, 12, 304.90
1734244181, 10, 14, 76, 43, 4, 0.07%, 10, 0, 12, 296.79
1734244191, 10, 15, 76, 42, 3, 0.07%, 10, 0, 12, 285.39
1734244201, 10, 35, 76, 41, 2, 0.07%, 10, 0, 12, 353.52
1734244206, 10, 36, 76, 41, 2, 0.07%, 10, 0, 12, 415.55
1734244216, 10, 37, 76, 40, 1, 0.07%, 10, 0, 12, 432.45
1734244221, 10, 44, 76, 39, 1, 0.07%, 10, 0, 12, 343.51
1734244524, 10, 44, 77, 40, 1, 0.07%, 10, 0, 12, 488.19
1734244540, 10, 44, 78, 41, 1, 0.07%, 10, 0, 12, 496.86
1734244580, 10, 45, 78, 40, 1, 0.07%, 10, 0, 12, 291.60
1734244641, 10, 46, 78, 39, 0, 0.07%, 10, 0, 12, 349.53
1734244718, 10, 47, 78, 38, 0, 0.07%, 10, 0, 12, 378.27
1734244728, 10, 48, 78, 38, 0, 0.07%, 10, 0, 12, 328.19
1734244743, 10, 49, 78, 38, 0, 0.07%, 10, 0, 12, 305.07
1734244758, 10, 50, 78, 38, 0, 0.07%, 10, 0, 12, 356.05
1734244773, 10, 51, 78, 38, 0, 0.07%, 10, 0, 12, 331.47
1734244860, 10, 52, 78, 37, 0, 0.07%, 10, 0, 12, 325.87
1734245017, 10, 53, 78, 36, 0, 0.07%, 10, 0, 12, 412.19
1734245134, 10, 54, 78, 35, 0, 0.07%, 10, 0, 12, 378.65
1734245252, 10, 63, 78, 34, 0, 0.07%, 10, 0, 12, 379.29
1734245257, 10, 64, 78, 34, 0, 0.07%, 10, 0, 12, 448.51
1734245272, 10, 68, 78, 34, 0, 0.07%, 10, 0, 12, 292.63
1734245307, 10, 69, 78, 34, 0, 0.07%, 10, 0, 12, 221.30
1734245343, 10, 70, 78, 34, 0, 0.07%, 10, 0, 12, 238.75
1734245414, 10, 71, 78, 33, 0, 0.07%, 10, 0, 12, 235.45
1734245450, 10, 72, 78, 33, 0, 0.07%, 10, 0, 12, 224.41
1734245485, 10, 73, 78, 33, 0, 0.07%, 10, 0, 12, 276.33
1734245516, 10, 74, 78, 33, 0, 0.07%, 10, 0, 12, 348.20
1734245598, 10, 75, 78, 32, 0, 0.07%, 10, 0, 12, 324.97
1734245673, 10, 76, 78, 31, 0, 0.07%, 10, 0, 12, 362.44
1734245967, 10, 76, 79, 32, 0, 0.07%, 10, 0, 12, 482.52
1734246027, 10, 77, 79, 31, 0, 0.07%, 10, 0, 12, 446.20
1734246248, 10, 78, 79, 30, 0, 0.07%, 10, 0, 12, 425.74
1734246576, 11, 12, 79, 29, 0, 0.07%, 10, 0, 12, 295.66
1734246581, 11, 13, 79, 29, 0, 0.07%, 10, 0, 12, 279.18
1734246586, 11, 14, 79, 29, 0, 0.07%, 10, 0, 12, 303.22
1734246591, 11, 15, 79, 29, 0, 0.07%, 10, 0, 12, 309.50
1734246596, 11, 16, 79, 29, 0, 0.07%, 10, 0, 12, 382.09
1734246612, 11, 17, 79, 28, 0, 0.07%, 10, 0, 12, 382.09
1734246622, 11, 19, 79, 27, 0, 0.07%, 10, 0, 12, 349.65
1734246632, 11, 25, 79, 26, 0, 0.07%, 10, 0, 12, 368.14
1734246637, 11, 26, 79, 26, 0, 0.07%, 10, 0, 12, 395.30
1734246657, 11, 29, 79, 25, 0, 0.07%, 10, 0, 12, 481.63
1734246673, 11, 30, 79, 24, 0, 0.07%, 10, 0, 12, 381.96
1734246688, 11, 36, 79, 23, 0, 0.07%, 10, 0, 12, 368.87
1734246693, 11, 37, 79, 23, 0, 0.07%, 10, 0, 12, 371.77
1734246698, 11, 39, 79, 23, 0, 0.07%, 10, 0, 12, 337.42
1734246703, 11, 44, 79, 23, 0, 0.07%, 10, 0, 12, 335.36
1734246724, 11, 46, 79, 23, 0, 0.07%, 10, 0, 12, 394.74
1734246739, 11, 48, 79, 23, 0, 0.07%, 10, 0, 12, 348.61
1734246744, 11, 50, 79, 23, 0, 0.07%, 10, 0, 12, 371.75
1734246749, 11, 52, 79, 23, 0, 0.07%, 10, 0, 12, 353.52
1734246764, 11, 53, 79, 23, 0, 0.07%, 10, 0, 12, 310.97
1734246780, 11, 54, 79, 23, 0, 0.07%, 10, 0, 12, 308.84
1734246795, 11, 55, 79, 23, 0, 0.07%, 10, 0, 12, 387.81
1734246912, 11, 56, 79, 22, 0, 0.07%, 10, 0, 12, 413.17
1734247034, 11, 62, 79, 21, 0, 0.07%, 10, 0, 12, 390.09
1734247090, 11, 68, 79, 20, 0, 0.07%, 10, 0, 12, 228.02
1734247105, 11, 69, 80, 21, 0, 0.08%, 11, 0, 12, 249.49
1734247126, 11, 79, 80, 21, 1, 0.08%, 11, 0, 12, 309.07
1734247156, 11, 79, 81, 22, 1, 0.08%, 11, 0, 12, 329.37
1734247227, 11, 80, 81, 21, 0, 0.08%, 11, 0, 12, 452.31
1734247232, 11, 80, 82, 22, 0, 0.08%, 11, 0, 13, 382.23
1734247293, 11, 81, 82, 21, 0, 0.08%, 11, 0, 13, 432.91
1734247359, 12, 79, 82, 20, 0, 0.08%, 11, 0, 13, 315.97
1734247389, 12, 80, 82, 20, 0, 0.08%, 11, 0, 13, 314.23
1734247415, 12, 81, 82, 20, 0, 0.08%, 11, 0, 13, 320.18
1734247445, 13, 79, 82, 20, 0, 0.08%, 11, 0, 13, 272.67
1734247461, 13, 80, 83, 21, 0, 0.08%, 11, 0, 13, 304.48
1734247481, 13, 81, 83, 21, 0, 0.08%, 11, 0, 13, 303.84
1734247496, 13, 82, 83, 21, 0, 0.08%, 11, 0, 13, 430.33
1734247501, 13, 82, 84, 22, 0, 0.08%, 12, 0, 14, 477.91
1734247567, 13, 83, 87, 24, 1, 0.11%, 15, 0, 15, 378.29
1734247572, 13, 83, 88, 25, 1, 0.11%, 16, 0, 15, 338.56
1734247592, 13, 83, 89, 26, 1, 0.11%, 16, 0, 15, 362.09
1734247607, 13, 83, 90, 27, 1, 0.11%, 16, 0, 15, 359.01
1734247683, 13, 85, 90, 26, 4, 0.11%, 16, 0, 15, 356.89
1734247699, 13, 85, 91, 27, 4, 0.11%, 17, 0, 16, 362.83
1734247745, 13, 85, 92, 28, 4, 0.11%, 17, 0, 16, 364.21
1734247775, 13, 85, 93, 29, 4, 0.11%, 17, 0, 16, 357.68
1734247800, 13, 87, 93, 28, 4, 0.11%, 17, 0, 16, 303.33
1734247805, 13, 87, 94, 29, 4, 0.11%, 18, 0, 16, 214.00
1734247846, 13, 87, 98, 33, 4, 0.11%, 18, 0, 16, 303.12
1734247862, 13, 87, 99, 34, 4, 0.11%, 18, 0, 16, 353.67
1734247867, 13, 87, 100, 35, 4, 0.11%, 18, 0, 16, 357.27
1734247882, 13, 87, 102, 37, 4, 0.11%, 18, 0, 16, 354.77
1734247963, 14, 86, 102, 36, 4, 0.11%, 18, 0, 16, 363.44
1734247968, 14, 86, 103, 37, 4, 0.11%, 18, 0, 16, 332.80
1734248080, 14, 90, 103, 36, 4, 0.11%, 18, 0, 16, 317.39
1734248096, 14, 90, 104, 37, 4, 0.11%, 18, 0, 17, 348.63
1734248101, 14, 90, 105, 38, 4, 0.11%, 18, 0, 17, 356.85
1734248177, 14, 90, 106, 39, 4, 0.11%, 18, 0, 17, 320.38
1734248202, 15, 84, 106, 38, 3, 0.11%, 18, 0, 17, 352.55
1734248278, 15, 84, 107, 39, 3, 0.11%, 18, 0, 17, 391.94
1734248283, 15, 93, 108, 39, 2, 0.11%, 18, 0, 17, 332.80
1734248293, 15, 93, 113, 44, 2, 0.12%, 23, 0, 17, 170.80
1734248360, 15, 93, 114, 45, 2, 0.12%, 23, 0, 17, 362.84
1734248365, 15, 93, 115, 46, 2, 0.12%, 23, 0, 17, 358.58
1734248375, 15, 93, 116, 47, 2, 0.12%, 23, 0, 17, 349.38
1734248441, 15, 108, 116, 46, 6, 0.12%, 23, 0, 17, 259.41
1734248486, 15, 108, 117, 47, 6, 0.12%, 23, 0, 18, 350.71
1734248597, 15, 109, 117, 46, 6, 0.12%, 23, 0, 18, 260.96
1734248638, 15, 109, 118, 47, 6, 0.12%, 23, 0, 18, 315.85
1734248674, 15, 109, 119, 48, 6, 0.12%, 23, 0, 18, 367.10
1734248744, 15, 111, 119, 47, 5, 0.12%, 23, 0, 18, 409.27
1734248790, 15, 111, 120, 48, 5, 0.12%, 23, 0, 18, 338.06
1734248897, 15, 112, 120, 47, 4, 0.12%, 23, 0, 18, 329.15
1734248948, 15, 112, 121, 48, 4, 0.12%, 23, 0, 18, 368.50
1734248963, 15, 112, 122, 49, 4, 0.12%, 23, 0, 18, 365.59
1734248968, 15, 112, 123, 50, 4, 0.12%, 23, 0, 18, 369.54
1734249029, 15, 112, 124, 51, 4, 0.12%, 23, 0, 18, 375.65
1734249049, 16, 110, 124, 50, 4, 0.12%, 23, 0, 18, 341.43
1734249095, 16, 110, 125, 51, 4, 0.12%, 23, 0, 18, 347.81
1734249202, 17, 84, 125, 50, 3, 0.12%, 23, 0, 18, 381.83
1734249237, 17, 86, 125, 50, 3, 0.12%, 23, 0, 18, 378.00
1734249268, 17, 90, 125, 50, 3, 0.12%, 23, 0, 18, 356.15
1734249303, 17, 92, 125, 50, 3, 0.12%, 23, 0, 18, 352.28
1734249308, 17, 92, 141, 66, 3, 0.14%, 25, 0, 18, 348.25
1734249313, 17, 92, 147, 72, 3, 0.14%, 25, 0, 18, 411.17
1734249329, 17, 92, 148, 73, 3, 0.14%, 25, 0, 18, 506.67
1734249406, 17, 125, 148, 72, 5, 0.14%, 25, 0, 18, 342.57
1734249411, 17, 125, 149, 73, 5, 0.14%, 26, 0, 18, 368.76
1734249451, 17, 125, 150, 74, 5, 0.14%, 27, 0, 18, 522.86
1734249482, 17, 125, 151, 75, 5, 0.14%, 27, 0, 18, 522.72
1734249512, 17, 149, 151, 74, 6, 0.14%, 27, 0, 18, 313.29
1734249563, 17, 149, 152, 75, 6, 0.14%, 27, 0, 19, 343.92
1734249573, 17, 151, 152, 74, 5, 0.14%, 27, 0, 19, 344.79
1734249578, 17, 151, 156, 78, 5, 0.15%, 29, 0, 20, 368.36
1734249589, 17, 151, 157, 79, 5, 0.15%, 29, 0, 20, 493.78
1734249609, 17, 151, 158, 80, 5, 0.15%, 29, 0, 20, 507.72
1734249670, 17, 153, 158, 79, 7, 0.15%, 29, 0, 20, 335.81
1734249736, 17, 154, 158, 78, 6, 0.15%, 29, 0, 20, 293.70
1734249771, 17, 154, 159, 79, 6, 0.15%, 29, 0, 21, 503.16
1734249827, 17, 158, 159, 78, 5, 0.15%, 29, 0, 21, 384.79
1734249832, 17, 158, 160, 79, 5, 0.15%, 29, 0, 22, 360.78
1734249862, 17, 158, 161, 80, 5, 0.15%, 29, 0, 22, 518.61
1734249933, 18, 84, 161, 79, 5, 0.15%, 29, 0, 22, 406.95
1734249964, 18, 106, 161, 79, 5, 0.15%, 29, 0, 22, 337.22
1734249974, 18, 106, 162, 80, 5, 0.15%, 29, 0, 22, 447.59
1734250025, 18, 148, 162, 79, 6, 0.15%, 29, 0, 22, 306.54
1734250096, 18, 149, 162, 78, 6, 0.15%, 29, 0, 22, 442.14
1734250127, 18, 153, 162, 78, 6, 0.15%, 29, 0, 22, 392.15
1734250158, 19, 149, 162, 78, 6, 0.15%, 29, 0, 22, 370.58
1734250188, 19, 153, 162, 78, 6, 0.15%, 29, 0, 22, 376.66
1734250219, 20, 149, 162, 78, 6, 0.15%, 29, 0, 22, 316.24
1734250249, 20, 153, 162, 78, 6, 0.15%, 29, 0, 22, 418.62
1734250280, 20, 154, 162, 78, 6, 0.15%, 29, 0, 22, 398.21
1734250300, 20, 154, 163, 79, 6, 0.15%, 29, 0, 22, 385.70
1734250310, 20, 155, 163, 79, 6, 0.15%, 29, 0, 22, 351.29
1734250372, 20, 161, 163, 78, 6, 0.15%, 29, 0, 22, 398.03
1734250433, 20, 161, 164, 79, 6, 0.15%, 29, 0, 22, 392.04
1734250443, 21, 148, 164, 78, 5, 0.15%, 29, 0, 22, 428.81
1734250474, 21, 149, 164, 78, 5, 0.15%, 29, 0, 22, 390.96
1734250494, 21, 153, 164, 78, 5, 0.15%, 29, 0, 22, 415.89
1734250519, 22, 149, 164, 78, 5, 0.15%, 29, 0, 22, 447.74
1734250530, 22, 153, 164, 78, 5, 0.15%, 29, 0, 22, 404.34
1734250545, 23, 149, 164, 78, 5, 0.15%, 29, 0, 22, 426.94
1734250555, 23, 153, 164, 78, 5, 0.15%, 29, 0, 22, 421.99
1734250560, 23, 153, 165, 79, 5, 0.15%, 29, 0, 22, 363.41
1734250565, 24, 149, 165, 79, 5, 0.15%, 29, 0, 22, 350.38
1734250580, 24, 153, 165, 79, 5, 0.15%, 29, 0, 22, 438.91
1734250590, 25, 149, 165, 79, 5, 0.15%, 29, 0, 22, 399.87
1734250601, 25, 153, 165, 79, 5, 0.15%, 29, 0, 22, 338.84
1734250616, 26, 149, 165, 79, 5, 0.15%, 29, 0, 22, 434.20
1734250626, 26, 153, 165, 79, 5, 0.15%, 29, 0, 22, 354.06
1734250641, 27, 149, 165, 79, 5, 0.15%, 29, 0, 22, 415.21
1734250652, 27, 153, 165, 79, 5, 0.15%, 29, 0, 22, 447.58
1734250662, 28, 149, 165, 79, 5, 0.15%, 29, 0, 22, 397.88
1734250677, 28, 153, 165, 79, 5, 0.15%, 29, 0, 22, 430.24
1734250687, 29, 149, 165, 79, 5, 0.15%, 29, 0, 22, 361.75
1734250697, 29, 153, 165, 79, 5, 0.15%, 29, 0, 22, 373.31
1734250712, 29, 154, 165, 79, 5, 0.15%, 29, 0, 22, 457.97
1734250738, 29, 155, 165, 79, 5, 0.15%, 29, 0, 22, 394.56
1734250768, 29, 158, 165, 79, 5, 0.15%, 29, 0, 22, 369.34
1734250799, 29, 159, 165, 79, 5, 0.15%, 29, 0, 22, 358.61
1734250875, 29, 160, 165, 78, 5, 0.15%, 29, 0, 22, 317.27
1734250880, 29, 160, 166, 79, 5, 0.15%, 29, 0, 23, 396.31
1734250931, 29, 160, 167, 80, 5, 0.15%, 29, 0, 23, 415.93
1734250951, 29, 161, 167, 79, 5, 0.15%, 29, 0, 23, 453.59
1734250961, 29, 161, 168, 80, 5, 0.15%, 29, 0, 23, 415.45
1734250982, 29, 163, 168, 80, 5, 0.15%, 29, 0, 23, 384.42
1734250987, 29, 163, 169, 81, 5, 0.15%, 29, 0, 23, 387.13
1734251100, 29, 163, 170, 82, 5, 0.15%, 29, 0, 23, 525.38
1734251161, 29, 165, 170, 81, 5, 0.15%, 29, 0, 23, 329.95
1734251166, 29, 165, 173, 84, 5, 0.15%, 30, 0, 24, 410.61
1734251232, 29, 170, 173, 83, 6, 0.15%, 30, 0, 24, 434.60
1734251273, 29, 170, 175, 85, 6, 0.15%, 30, 0, 25, 511.82
1734251340, 29, 173, 175, 84, 5, 0.15%, 30, 0, 25, 346.86
1734251374, 29, 173, 176, 85, 5, 0.15%, 30, 0, 26, 437.29
1734251385, 29, 173, 177, 86, 5, 0.15%, 30, 0, 26, 445.92
1734251465, 29, 174, 177, 85, 5, 0.15%, 30, 0, 26, 308.16
1734251470, 29, 174, 178, 86, 5, 0.15%, 30, 0, 26, 387.34
1734251511, 29, 174, 179, 87, 5, 0.15%, 30, 0, 26, 511.62
1734251531, 29, 174, 180, 88, 5, 0.15%, 30, 0, 26, 517.91
1734251537, 29, 174, 181, 89, 5, 0.15%, 30, 0, 26, 511.71
1734251587, 29, 175, 181, 88, 5, 0.15%, 30, 0, 26, 387.98
1734251668, 29, 176, 181, 87, 5, 0.15%, 30, 0, 26, 316.39
1734251754, 29, 177, 181, 86, 5, 0.15%, 30, 0, 26, 318.12
1734251841, 30, 148, 181, 85, 5, 0.15%, 30, 0, 26, 431.06
1734251871, 30, 149, 181, 85, 5, 0.15%, 30, 0, 26, 377.22
1734251886, 30, 152, 181, 85, 5, 0.15%, 30, 0, 26, 335.50
1734251947, 30, 153, 181, 84, 5, 0.15%, 30, 0, 26, 433.80
1734251958, 30, 171, 181, 84, 5, 0.15%, 30, 0, 26, 399.88
1734251963, 30, 171, 182, 85, 5, 0.15%, 30, 0, 26, 395.29
1734252034, 30, 181, 183, 85, 5, 0.15%, 30, 0, 26, 332.00
1734252080, 30, 181, 184, 86, 5, 0.15%, 30, 0, 26, 516.01
1734252095, 30, 181, 185, 87, 5, 0.15%, 30, 0, 26, 516.96
1734252136, 30, 182, 185, 86, 5, 0.15%, 30, 0, 26, 315.91
1734252207, 31, 149, 185, 85, 5, 0.15%, 30, 0, 26, 347.21
1734252222, 32, 149, 185, 85, 5, 0.15%, 30, 0, 26, 441.15
1734252232, 33, 149, 185, 85, 5, 0.15%, 30, 0, 26, 367.69
1734252247, 34, 149, 185, 85, 5, 0.15%, 30, 0, 26, 431.68
1734252257, 35, 149, 185, 85, 5, 0.15%, 30, 0, 26, 446.58
1734252267, 36, 149, 185, 85, 5, 0.15%, 30, 0, 26, 415.01
1734252278, 37, 149, 185, 85, 5, 0.15%, 30, 0, 26, 367.08
1734252293, 38, 149, 185, 85, 5, 0.15%, 30, 0, 26, 450.43
1734252303, 39, 149, 185, 85, 5, 0.15%, 30, 0, 26, 417.25
1734252313, 40, 149, 185, 85, 5, 0.15%, 30, 0, 26, 367.62
1734252329, 41, 149, 185, 85, 5, 0.15%, 30, 0, 26, 442.22
1734252339, 42, 149, 185, 85, 5, 0.15%, 30, 0, 26, 362.04
1734252354, 43, 149, 185, 85, 5, 0.15%, 30, 0, 26, 431.07
1734252364, 44, 149, 185, 85, 5, 0.15%, 30, 0, 26, 411.10
1734252374, 45, 149, 185, 85, 5, 0.15%, 30, 0, 26, 360.93
1734252389, 46, 149, 185, 85, 5, 0.15%, 30, 0, 26, 421.44
1734252400, 47, 149, 185, 85, 5, 0.15%, 30, 0, 26, 391.27
1734252410, 47, 152, 185, 85, 5, 0.15%, 30, 0, 26, 389.36
1734252445, 47, 153, 185, 85, 5, 0.15%, 30, 0, 26, 402.58
1734252455, 47, 155, 185, 85, 5, 0.15%, 30, 0, 26, 393.26
1734252486, 47, 161, 185, 85, 5, 0.15%, 30, 0, 26, 330.04
1734252521, 47, 163, 185, 85, 5, 0.15%, 30, 0, 26, 402.24
1734252613, 47, 167, 185, 85, 5, 0.15%, 30, 0, 26, 372.65
1734252730, 47, 170, 185, 84, 5, 0.15%, 30, 0, 26, 438.91
1734252761, 47, 171, 185, 84, 5, 0.15%, 30, 0, 26, 424.93
1734252791, 47, 173, 185, 84, 5, 0.15%, 30, 0, 26, 403.26
1734252802, 47, 173, 186, 85, 5, 0.15%, 30, 0, 26, 400.09
1734252822, 47, 174, 186, 85, 5, 0.15%, 30, 0, 26, 407.09
1734252853, 47, 175, 186, 85, 5, 0.15%, 30, 0, 26, 365.46
1734252883, 47, 176, 186, 85, 5, 0.15%, 30, 0, 26, 401.20
1734252914, 47, 177, 186, 85, 5, 0.15%, 30, 0, 26, 349.52
1734252944, 47, 178, 186, 85, 5, 0.15%, 30, 0, 26, 410.11
1734253046, 47, 181, 186, 84, 5, 0.15%, 30, 0, 26, 344.51
1734253076, 47, 182, 186, 84, 5, 0.15%, 30, 0, 26, 432.13
1734253107, 47, 183, 186, 84, 5, 0.15%, 30, 0, 26, 278.85
1734253194, 47, 183, 187, 85, 5, 0.15%, 30, 0, 27, 498.02
1734253244, 47, 183, 188, 86, 5, 0.15%, 30, 0, 27, 477.36
1734253269, 47, 184, 188, 85, 5, 0.15%, 30, 0, 27, 307.83
1734253350, 48, 86, 188, 84, 5, 0.15%, 30, 0, 27, 375.63
1734253386, 48, 102, 188, 84, 5, 0.15%, 30, 0, 27, 417.74
1734253443, 48, 106, 188, 83, 4, 0.15%, 30, 0, 27, 283.48
1734253468, 48, 108, 188, 83, 4, 0.15%, 30, 0, 27, 357.78
1734253504, 48, 109, 188, 83, 4, 0.15%, 30, 0, 27, 327.09
1734253539, 48, 110, 188, 83, 4, 0.15%, 30, 0, 27, 312.73
1734253575, 48, 111, 188, 83, 4, 0.15%, 30, 0, 27, 344.53
1734253610, 48, 112, 188, 83, 4, 0.15%, 30, 0, 27, 329.49
1734253640, 48, 116, 188, 83, 4, 0.15%, 30, 0, 27, 267.83
1734253671, 48, 116, 190, 85, 4, 0.15%, 30, 0, 27, 347.95
1734253778, 48, 117, 190, 84, 3, 0.15%, 30, 0, 27, 340.12
1734253813, 48, 117, 191, 85, 3, 0.15%, 30, 0, 27, 327.68
1734253849, 48, 117, 192, 86, 3, 0.15%, 30, 0, 27, 357.29
1734253925, 48, 119, 192, 85, 3, 0.15%, 30, 0, 27, 177.29
1734253981, 48, 119, 193, 86, 3, 0.15%, 30, 0, 27, 351.14
1734253986, 48, 119, 194, 87, 3, 0.15%, 30, 0, 27, 372.94
1734254087, 48, 124, 194, 86, 3, 0.15%, 30, 0, 27, 297.35
1734254118, 48, 124, 195, 87, 3, 0.15%, 30, 0, 27, 277.24
1734254229, 48, 148, 195, 86, 3, 0.15%, 30, 0, 27, 389.30
1734254260, 48, 149, 195, 86, 3, 0.15%, 30, 0, 27, 333.82
1734254275, 48, 152, 195, 86, 3, 0.15%, 30, 0, 27, 445.66
1734254300, 48, 155, 195, 86, 3, 0.15%, 30, 0, 27, 381.26
1734254336, 48, 175, 195, 86, 3, 0.15%, 30, 0, 27, 399.78
1734254366, 48, 177, 195, 86, 3, 0.15%, 30, 0, 27, 401.71
1734254382, 48, 177, 196, 87, 3, 0.15%, 30, 0, 27, 394.34
1734254402, 48, 195, 197, 88, 3, 0.15%, 30, 0, 28, 288.14
1734254478, 48, 196, 197, 87, 3, 0.15%, 30, 0, 28, 317.50
1734254569, 49, 148, 197, 86, 3, 0.15%, 30, 0, 28, 380.17
1734254590, 49, 149, 197, 86, 3, 0.15%, 30, 0, 28, 404.73
1734254605, 49, 152, 197, 86, 3, 0.15%, 30, 0, 28, 469.64
1734254635, 50, 148, 197, 86, 3, 0.15%, 30, 0, 28, 401.16
1734254646, 50, 149, 197, 86, 3, 0.15%, 30, 0, 28, 390.72
1734254661, 50, 152, 197, 86, 3, 0.15%, 30, 0, 28, 446.41
1734254681, 51, 148, 197, 86, 3, 0.15%, 30, 0, 28, 485.81
1734254691, 51, 149, 197, 86, 3, 0.15%, 30, 0, 28, 396.29
1734254701, 51, 152, 197, 86, 3, 0.15%, 30, 0, 28, 381.03
1734254716, 52, 148, 198, 87, 3, 0.15%, 30, 0, 28, 446.32
1734254732, 52, 149, 198, 87, 3, 0.15%, 30, 0, 28, 445.64
1734254742, 52, 152, 198, 87, 3, 0.15%, 30, 0, 28, 356.10
1734254757, 52, 197, 198, 87, 3, 0.15%, 30, 0, 28, 336.95
1734254798, 52, 197, 199, 88, 3, 0.15%, 30, 0, 28, 515.21
1734254858, 53, 149, 199, 87, 3, 0.15%, 30, 0, 28, 391.28
1734254873, 54, 149, 199, 87, 3, 0.15%, 30, 0, 28, 434.06
1734254884, 55, 149, 199, 87, 3, 0.15%, 30, 0, 28, 460.83
1734254894, 56, 149, 199, 87, 3, 0.15%, 30, 0, 28, 391.57
1734254904, 57, 149, 199, 87, 3, 0.15%, 30, 0, 28, 366.00
1734254919, 58, 149, 199, 87, 3, 0.15%, 30, 0, 28, 422.47
1734254930, 59, 149, 199, 87, 3, 0.15%, 30, 0, 28, 449.66
1734254940, 60, 149, 199, 87, 3, 0.15%, 30, 0, 28, 380.06
1734254950, 61, 149, 199, 87, 3, 0.15%, 30, 0, 28, 403.82
1734254965, 62, 149, 199, 87, 3, 0.15%, 30, 0, 28, 452.76
1734254975, 63, 149, 199, 87, 3, 0.15%, 30, 0, 28, 415.46
1734254990, 64, 149, 199, 87, 3, 0.15%, 30, 0, 28, 427.18
1734255000, 65, 149, 199, 87, 3, 0.15%, 30, 0, 28, 425.45
1734255011, 66, 149, 199, 87, 3, 0.15%, 30, 0, 28, 392.57
1734255021, 67, 149, 199, 87, 3, 0.15%, 30, 0, 28, 355.00
1734255036, 68, 149, 199, 87, 3, 0.15%, 30, 0, 28, 428.23
1734255046, 69, 149, 199, 87, 3, 0.15%, 30, 0, 28, 337.03
1734255061, 70, 149, 199, 87, 3, 0.15%, 30, 0, 28, 449.95
1734255071, 71, 149, 199, 87, 3, 0.15%, 30, 0, 28, 425.13
1734255081, 72, 149, 199, 87, 3, 0.15%, 30, 0, 28, 407.42
1734255096, 73, 149, 199, 87, 3, 0.15%, 30, 0, 28, 436.33
1734255107, 74, 149, 199, 87, 3, 0.15%, 30, 0, 28, 384.78
1734255117, 75, 149, 199, 87, 3, 0.15%, 30, 0, 28, 382.66
1734255132, 76, 149, 199, 87, 3, 0.15%, 30, 0, 28, 452.77
1734255142, 77, 149, 199, 87, 3, 0.15%, 30, 0, 28, 409.77
1734255152, 78, 149, 199, 87, 3, 0.15%, 30, 0, 28, 335.36
1734255168, 79, 149, 199, 87, 3, 0.15%, 30, 0, 28, 440.58
1734255178, 80, 149, 199, 87, 3, 0.15%, 30, 0, 28, 404.00
1734255193, 81, 149, 199, 87, 3, 0.15%, 30, 0, 28, 411.71
1734255203, 82, 149, 199, 87, 3, 0.15%, 30, 0, 28, 395.85
1734255213, 83, 149, 199, 87, 3, 0.15%, 30, 0, 28, 377.04
1734255229, 84, 149, 199, 87, 3, 0.15%, 30, 0, 28, 446.57
1734255239, 85, 149, 199, 87, 3, 0.15%, 30, 0, 28, 361.52
1734255254, 86, 149, 199, 87, 3, 0.15%, 30, 0, 28, 435.94
1734255264, 87, 149, 199, 87, 3, 0.15%, 30, 0, 28, 449.67
1734255275, 87, 152, 199, 87, 3, 0.15%, 30, 0, 28, 353.52
1734255290, 87, 153, 199, 87, 3, 0.15%, 30, 0, 28, 440.17
1734255300, 87, 155, 199, 87, 3, 0.15%, 30, 0, 28, 415.09
1734255326, 87, 161, 199, 87, 3, 0.15%, 30, 0, 28, 467.56
1734255351, 87, 163, 199, 87, 3, 0.15%, 30, 0, 28, 392.65
1734255387, 87, 167, 199, 87, 3, 0.15%, 30, 0, 28, 396.64
1734255418, 87, 168, 199, 87, 3, 0.15%, 30, 0, 28, 428.84
1734255540, 87, 169, 199, 86, 3, 0.15%, 30, 0, 28, 434.26
1734255739, 87, 170, 199, 85, 3, 0.15%, 30, 0, 28, 463.45
1734255765, 87, 171, 199, 85, 3, 0.15%, 30, 0, 28, 379.67
1734255795, 87, 173, 199, 85, 3, 0.15%, 30, 0, 28, 402.59
1734255831, 87, 174, 199, 85, 3, 0.15%, 30, 0, 28, 458.15
1734255856, 87, 175, 199, 85, 3, 0.15%, 30, 0, 28, 383.61
1734255876, 87, 175, 200, 86, 3, 0.16%, 31, 0, 28, 342.50
1734255891, 87, 199, 201, 87, 2, 0.17%, 32, 0, 28, 327.92
1734255897, 87, 199, 203, 89, 2, 0.17%, 32, 0, 28, 307.62
1734255902, 87, 199, 204, 90, 2, 0.17%, 32, 0, 28, 279.82
1734255907, 87, 199, 205, 91, 2, 0.17%, 32, 0, 28, 277.85
1734255912, 87, 199, 206, 92, 2, 0.17%, 32, 0, 28, 282.67
1734255917, 87, 199, 208, 94, 2, 0.17%, 32, 0, 28, 284.39
1734255927, 87, 199, 209, 95, 2, 0.17%, 32, 0, 28, 284.27
1734255937, 87, 199, 211, 97, 2, 0.17%, 32, 0, 28, 278.32
1734255983, 87, 199, 212, 98, 2, 0.17%, 32, 0, 28, 283.86
1734256014, 87, 199, 213, 99, 2, 0.17%, 33, 0, 28, 285.46
1734256039, 87, 212, 214, 99, 4, 0.17%, 33, 0, 29, 298.76
1734256050, 87, 212, 215, 100, 4, 0.17%, 33, 0, 29, 267.78
1734256055, 87, 212, 216, 101, 4, 0.17%, 33, 0, 29, 278.85
1734256183, 88, 200, 216, 100, 4, 0.17%, 33, 0, 29, 379.39
1734256188, 88, 200, 217, 101, 4, 0.17%, 33, 0, 29, 308.52
1734256269, 88, 216, 217, 100, 4, 0.17%, 33, 0, 29, 378.98
1734256274, 88, 216, 218, 101, 4, 0.17%, 33, 0, 30, 312.65
1734256305, 88, 216, 219, 102, 4, 0.17%, 33, 0, 30, 273.10
1734256371, 88, 216, 220, 103, 4, 0.17%, 33, 0, 30, 274.66
1734256416, 88, 217, 221, 103, 3, 0.17%, 33, 0, 31, 343.61
1734256507, 89, 93, 221, 102, 4, 0.17%, 33, 0, 31, 217.29
1734256584, 89, 108, 221, 102, 4, 0.17%, 33, 0, 31, 344.18
1734256619, 89, 109, 221, 102, 4, 0.17%, 33, 0, 31, 355.71
1734256655, 89, 110, 221, 102, 4, 0.17%, 33, 0, 31, 329.47
1734256685, 89, 112, 221, 102, 4, 0.17%, 33, 0, 31, 337.29
1734256715, 89, 116, 221, 102, 4, 0.17%, 33, 0, 31, 364.39
1734256751, 89, 117, 221, 102, 4, 0.17%, 33, 0, 31, 367.87
1734256781, 89, 118, 221, 102, 4, 0.17%, 33, 0, 31, 385.17
1734256919, 89, 120, 221, 101, 4, 0.17%, 33, 0, 31, 250.51
1734256954, 89, 120, 222, 102, 4, 0.17%, 33, 0, 31, 324.86
1734256974, 89, 120, 223, 103, 4, 0.17%, 33, 0, 31, 355.33
1734257065, 89, 121, 223, 102, 3, 0.17%, 33, 0, 31, 211.88
1734257397, 89, 124, 223, 101, 3, 0.17%, 33, 0, 31, 376.13
1734257407, 89, 124, 224, 102, 3, 0.17%, 33, 0, 31, 360.72
1734257442, 89, 148, 224, 102, 3, 0.17%, 33, 0, 31, 445.08
1734257453, 89, 149, 224, 102, 3, 0.17%, 33, 0, 31, 409.28
1734257458, 89, 152, 224, 102, 3, 0.17%, 33, 0, 31, 381.62
1734257468, 89, 153, 224, 102, 3, 0.17%, 33, 0, 31, 433.79
1734257478, 89, 171, 224, 102, 3, 0.17%, 33, 0, 31, 355.62
1734257508, 89, 181, 224, 102, 3, 0.17%, 33, 0, 31, 329.09
1734257544, 89, 182, 224, 102, 3, 0.17%, 33, 0, 31, 457.00
1734257574, 89, 183, 224, 102, 3, 0.17%, 33, 0, 31, 441.72
1734257605, 89, 184, 224, 102, 3, 0.17%, 33, 0, 31, 454.67
1734257615, 89, 184, 225, 103, 3, 0.17%, 33, 0, 31, 365.61
1734257635, 89, 186, 225, 103, 3, 0.17%, 33, 0, 31, 326.98
1734257803, 89, 187, 225, 102, 3, 0.17%, 33, 0, 31, 377.92
1734257925, 89, 187, 226, 103, 3, 0.17%, 33, 0, 31, 492.19
1734257955, 89, 187, 227, 104, 3, 0.17%, 33, 0, 31, 508.25
1734258006, 89, 188, 227, 103, 3, 0.17%, 33, 0, 31, 310.38
1734258133, 89, 194, 227, 102, 3, 0.17%, 33, 0, 31, 303.45
1734258200, 89, 194, 228, 103, 3, 0.17%, 33, 0, 31, 441.34
1734258261, 89, 197, 228, 102, 3, 0.17%, 33, 0, 31, 365.86
1734258291, 89, 198, 228, 102, 3, 0.17%, 33, 0, 31, 311.81
1734258342, 89, 198, 229, 103, 3, 0.17%, 33, 0, 31, 520.88
1734258397, 89, 212, 229, 102, 3, 0.17%, 33, 0, 31, 443.72
1734258438, 89, 213, 229, 102, 3, 0.17%, 33, 0, 31, 332.61
1734258453, 89, 213, 230, 103, 3, 0.17%, 33, 0, 31, 273.16
1734258458, 89, 213, 232, 105, 3, 0.17%, 33, 0, 31, 272.13
1734258595, 89, 228, 232, 104, 2, 0.17%, 33, 0, 31, 300.54
1734258676, 89, 229, 232, 103, 2, 0.17%, 33, 0, 31, 338.23
1734258748, 89, 229, 233, 104, 2, 0.17%, 33, 0, 31, 496.62
1734258829, 89, 230, 233, 103, 2, 0.17%, 33, 0, 31, 339.78
1734258844, 89, 230, 234, 104, 2, 0.17%, 33, 0, 31, 279.95
1734258854, 89, 230, 235, 105, 2, 0.17%, 33, 0, 31, 256.03
1734258981, 89, 232, 235, 104, 2, 0.17%, 33, 0, 31, 312.95
1734259093, 89, 232, 236, 105, 2, 0.17%, 33, 0, 32, 513.93
1734259108, 89, 232, 237, 106, 2, 0.17%, 33, 0, 32, 515.69
1734259153, 89, 232, 238, 107, 2, 0.17%, 33, 0, 32, 373.21
1734259169, 89, 235, 238, 106, 3, 0.17%, 33, 0, 32, 319.66
1734259352, 89, 235, 239, 107, 3, 0.17%, 33, 0, 33, 514.36
1734259423, 89, 236, 239, 106, 3, 0.17%, 33, 0, 33, 279.47
1734259626, 89, 236, 240, 107, 3, 0.17%, 33, 0, 33, 466.09
1734259687, 89, 236, 241, 108, 3, 0.17%, 33, 0, 33, 462.36
1734259708, 89, 236, 242, 109, 3, 0.17%, 33, 0, 33, 506.59
1734259713, 89, 236, 243, 110, 3, 0.17%, 33, 0, 33, 510.33
1734259738, 89, 236, 245, 112, 3, 0.17%, 33, 0, 33, 502.84
1734259769, 89, 237, 245, 111, 3, 0.17%, 33, 0, 33, 345.21
1734259820, 89, 237, 246, 112, 3, 0.17%, 33, 0, 33, 374.38
1734259891, 89, 237, 247, 113, 3, 0.17%, 33, 0, 33, 369.39
