# unix_time, cycles_done, cur_path, paths_total, pending_total, pending_favs, map_size, unique_crashes, unique_hangs, max_depth, execs_per_sec
1733749716, 0, 0, 10, 10, 1, 0.00%, 0, 0, 1, 166.67
1733749721, 0, 4, 10, 10, 1, 0.00%, 0, 0, 1, 199.95
1733749726, 0, 5, 10, 9, 0, 0.00%, 0, 0, 1, 204.31
1733749731, 0, 6, 10, 8, 0, 0.00%, 0, 0, 1, 203.73
1733749741, 0, 7, 10, 7, 0, 0.00%, 0, 0, 1, 209.18
1733749746, 0, 8, 10, 6, 0, 0.00%, 0, 0, 1, 201.77
1733749756, 0, 9, 10, 5, 0, 0.00%, 0, 0, 1, 210.74
1733749761, 1, 0, 10, 4, 0, 0.00%, 0, 0, 1, 197.26
1733749771, 1, 1, 10, 3, 0, 0.00%, 0, 0, 1, 212.68
1733749782, 1, 2, 10, 2, 0, 0.00%, 0, 0, 1, 209.14
1733749792, 1, 3, 10, 1, 0, 0.00%, 0, 0, 1, 207.40
1733749802, 1, 4, 10, 0, 0, 0.00%, 0, 0, 1, 213.04
1733749807, 1, 5, 10, 0, 0, 0.00%, 0, 0, 1, 205.83
1733749812, 1, 6, 10, 0, 0, 0.00%, 0, 0, 1, 207.82
1733749817, 1, 7, 10, 0, 0, 0.00%, 0, 0, 1, 209.17
1733749822, 1, 9, 10, 0, 0, 0.00%, 0, 0, 1, 210.99
1733749827, 2, 0, 10, 0, 0, 0.00%, 0, 0, 1, 208.42
1733749832, 2, 2, 10, 0, 0, 0.00%, 0, 0, 1, 206.14
1733749837, 2, 3, 10, 0, 0, 0.00%, 0, 0, 1, 205.20
1733749843, 2, 5, 10, 0, 0, 0.00%, 0, 0, 1, 208.34
1733749848, 2, 6, 10, 0, 0, 0.00%, 0, 0, 1, 212.63
1733749853, 2, 8, 10, 0, 0, 0.00%, 0, 0, 1, 210.01
1733749858, 2, 9, 10, 0, 0, 0.00%, 0, 0, 1, 209.40
1733749863, 3, 1, 10, 0, 0, 0.00%, 0, 0, 1, 205.80
1733749868, 3, 2, 10, 0, 0, 0.00%, 0, 0, 1, 205.92
1733749873, 3, 3, 10, 0, 0, 0.00%, 0, 0, 1, 209.93
1733749878, 3, 5, 10, 0, 0, 0.00%, 0, 0, 1, 207.54
1733749883, 3, 6, 10, 0, 0, 0.00%, 0, 0, 1, 204.16
1733749888, 3, 8, 10, 0, 0, 0.00%, 0, 0, 1, 208.87
1733749893, 3, 9, 10, 0, 0, 0.00%, 0, 0, 1, 204.22
1733749898, 4, 1, 10, 0, 0, 0.00%, 0, 0, 1, 205.30
1733749903, 4, 2, 10, 0, 0, 0.00%, 0, 0, 1, 204.99
1733749908, 4, 3, 10, 0, 0, 0.00%, 0, 0, 1, 207.35
1733749913, 4, 5, 10, 0, 0, 0.00%, 0, 0, 1, 205.57
1733749918, 4, 6, 10, 0, 0, 0.00%, 0, 0, 1, 208.47
1733749923, 4, 8, 10, 0, 0, 0.00%, 0, 0, 1, 205.25
1733749928, 4, 9, 10, 0, 0, 0.00%, 0, 0, 1, 205.18
1733749933, 5, 1, 10, 0, 0, 0.00%, 0, 0, 1, 209.25
1733749938, 5, 2, 10, 0, 0, 0.00%, 0, 0, 1, 211.00
1733749944, 5, 3, 10, 0, 0, 0.00%, 0, 0, 1, 210.84
1733749949, 5, 5, 10, 0, 0, 0.00%, 0, 0, 1, 207.37
1733749954, 5, 6, 10, 0, 0, 0.00%, 0, 0, 1, 205.90
1733749959, 5, 8, 10, 0, 0, 0.00%, 0, 0, 1, 205.65
1733749964, 5, 9, 10, 0, 0, 0.00%, 0, 0, 1, 209.47
1733749969, 6, 1, 10, 0, 0, 0.00%, 0, 0, 1, 211.43
1733749974, 6, 2, 10, 0, 0, 0.00%, 0, 0, 1, 208.66
1733749979, 6, 3, 10, 0, 0, 0.00%, 0, 0, 1, 207.51
1733749984, 6, 5, 10, 0, 0, 0.00%, 0, 0, 1, 207.53
1733749989, 6, 6, 10, 0, 0, 0.00%, 0, 0, 1, 209.27
1733749994, 6, 8, 10, 0, 0, 0.00%, 0, 0, 1, 205.69
1733749999, 6, 9, 10, 0, 0, 0.00%, 0, 0, 1, 206.07
1733750004, 7, 1, 10, 0, 0, 0.00%, 0, 0, 1, 207.42
1733750009, 7, 2, 10, 0, 0, 0.00%, 0, 0, 1, 207.46
1733750014, 7, 4, 10, 0, 0, 0.00%, 0, 0, 1, 206.49
1733750019, 7, 5, 10, 0, 0, 0.00%, 0, 0, 1, 206.81
1733750024, 7, 6, 10, 0, 0, 0.00%, 0, 0, 1, 208.08
1733750029, 7, 8, 10, 0, 0, 0.00%, 0, 0, 1, 206.39
1733750034, 7, 9, 10, 0, 0, 0.00%, 0, 0, 1, 204.79
1733750039, 8, 1, 10, 0, 0, 0.00%, 0, 0, 1, 206.64
1733750044, 8, 2, 10, 0, 0, 0.00%, 0, 0, 1, 209.90
1733750049, 8, 4, 10, 0, 0, 0.00%, 0, 0, 1, 208.55
1733750054, 8, 5, 10, 0, 0, 0.00%, 0, 0, 1, 206.72
1733750060, 8, 6, 10, 0, 0, 0.00%, 0, 0, 1, 206.93
1733750065, 8, 8, 10, 0, 0, 0.00%, 0, 0, 1, 208.43
1733750070, 8, 9, 10, 0, 0, 0.00%, 0, 0, 1, 208.81
1733750075, 9, 1, 10, 0, 0, 0.00%, 0, 0, 1, 207.42
1733750080, 9, 2, 10, 0, 0, 0.00%, 0, 0, 1, 209.99
1733750085, 9, 10, 11, 1, 1, 0.05%, 1, 0, 2, 212.45
1733750090, 9, 10, 12, 2, 1, 0.05%, 2, 0, 3, 226.61
1733750192, 9, 10, 13, 3, 1, 0.05%, 3, 0, 3, 214.73
1733750222, 9, 12, 15, 4, 2, 0.05%, 4, 0, 4, 256.64
1733750227, 9, 12, 18, 7, 2, 0.05%, 4, 0, 4, 269.36
1733750243, 9, 12, 19, 8, 2, 0.06%, 5, 0, 4, 271.10
1733750253, 9, 12, 20, 9, 2, 0.06%, 6, 0, 4, 274.53
1733750263, 9, 12, 21, 10, 2, 0.06%, 6, 0, 4, 273.69
1733750329, 9, 18, 22, 10, 4, 0.06%, 6, 0, 5, 243.60
1733750334, 9, 18, 23, 11, 4, 0.06%, 6, 0, 5, 257.70
1733750339, 9, 18, 25, 13, 4, 0.06%, 6, 0, 5, 263.69
1733750354, 9, 18, 27, 15, 4, 0.06%, 6, 0, 5, 256.71
1733750370, 9, 18, 28, 16, 4, 0.06%, 6, 0, 5, 257.62
1733750385, 9, 18, 29, 17, 4, 0.06%, 6, 0, 5, 256.73
1733750395, 9, 18, 30, 18, 4, 0.06%, 6, 0, 5, 256.76
1733750440, 9, 19, 33, 20, 3, 0.06%, 9, 0, 5, 356.71
1733750445, 9, 19, 34, 21, 3, 0.06%, 9, 0, 5, 411.00
1733750471, 9, 19, 35, 22, 3, 0.06%, 9, 0, 5, 431.94
1733750521, 9, 32, 36, 22, 5, 0.06%, 9, 0, 6, 371.02
1733750526, 9, 32, 37, 23, 5, 0.06%, 9, 0, 6, 439.06
1733750597, 9, 34, 38, 23, 4, 0.06%, 9, 0, 6, 420.30
1733750608, 9, 34, 40, 25, 4, 0.06%, 9, 0, 6, 460.50
1733750613, 9, 34, 41, 26, 4, 0.06%, 9, 0, 6, 466.86
1733750618, 9, 34, 42, 27, 4, 0.06%, 9, 0, 6, 470.78
1733750648, 9, 34, 43, 28, 4, 0.06%, 9, 0, 6, 419.40
1733750673, 9, 36, 43, 27, 4, 0.06%, 9, 0, 6, 290.96
1733750678, 9, 36, 44, 28, 4, 0.06%, 9, 0, 7, 369.36
1733750704, 9, 36, 46, 30, 4, 0.07%, 10, 0, 7, 395.77
1733750729, 9, 36, 47, 31, 4, 0.07%, 10, 0, 7, 402.29
1733750759, 9, 36, 48, 32, 4, 0.07%, 10, 0, 7, 284.55
1733750769, 9, 36, 49, 33, 4, 0.07%, 10, 0, 7, 279.67
1733750775, 9, 44, 49, 32, 5, 0.07%, 10, 0, 7, 224.51
1733750800, 9, 44, 50, 33, 5, 0.07%, 10, 0, 8, 231.88
1733750851, 9, 44, 52, 35, 5, 0.07%, 10, 0, 8, 262.37
1733750861, 9, 44, 53, 36, 5, 0.07%, 10, 0, 8, 258.49
1733750866, 10, 13, 53, 35, 4, 0.07%, 10, 0, 8, 245.98
1733750871, 10, 13, 54, 36, 4, 0.07%, 10, 0, 8, 263.70
1733750881, 10, 13, 55, 37, 4, 0.07%, 10, 0, 8, 268.39
1733750891, 10, 13, 56, 38, 4, 0.07%, 10, 0, 8, 268.75
1733750896, 10, 13, 57, 39, 4, 0.07%, 10, 0, 8, 270.56
1733750942, 10, 13, 58, 40, 4, 0.07%, 10, 0, 8, 267.34
1733751003, 10, 31, 58, 39, 3, 0.07%, 10, 0, 8, 357.38
1733751008, 10, 31, 59, 40, 3, 0.07%, 10, 0, 8, 433.80
1733751044, 10, 31, 60, 41, 3, 0.07%, 10, 0, 8, 302.72
1733751054, 10, 37, 60, 40, 2, 0.07%, 10, 0, 8, 284.32
1733751099, 10, 41, 60, 39, 2, 0.07%, 10, 0, 8, 341.67
1733751135, 10, 47, 60, 38, 2, 0.07%, 10, 0, 8, 335.66
1733751145, 10, 47, 61, 39, 2, 0.07%, 10, 0, 8, 499.79
1733751175, 10, 47, 63, 41, 2, 0.07%, 10, 0, 8, 307.08
1733751190, 10, 51, 63, 40, 2, 0.07%, 10, 0, 8, 345.56
1733751338, 10, 51, 64, 41, 2, 0.07%, 10, 0, 9, 495.22
1733751461, 10, 51, 66, 43, 2, 0.07%, 10, 0, 9, 509.04
1733751486, 10, 51, 68, 45, 2, 0.07%, 10, 0, 9, 501.32
1733751496, 10, 51, 69, 46, 2, 0.07%, 10, 0, 9, 495.49
1733751526, 10, 58, 69, 45, 2, 0.07%, 10, 0, 9, 273.17
1733751567, 10, 59, 69, 44, 2, 0.07%, 10, 0, 9, 427.27
1733751603, 10, 60, 69, 43, 2, 0.07%, 10, 0, 9, 270.94
1733751732, 10, 60, 70, 44, 2, 0.07%, 10, 0, 9, 515.72
1733751747, 10, 60, 72, 46, 2, 0.07%, 10, 0, 9, 503.63
1733751798, 10, 61, 72, 45, 2, 0.07%, 10, 0, 9, 309.84
1733751803, 10, 61, 73, 46, 2, 0.07%, 10, 0, 9, 462.93
1733751813, 10, 61, 74, 47, 2, 0.07%, 10, 0, 9, 505.80
1733751864, 10, 61, 75, 48, 2, 0.08%, 11, 0, 9, 270.10
1733751874, 10, 74, 75, 47, 3, 0.08%, 11, 0, 9, 299.99
1733751935, 10, 74, 77, 49, 3, 0.08%, 11, 0, 10, 274.24
1733751950, 10, 75, 77, 48, 2, 0.08%, 11, 0, 10, 319.42
1733751961, 10, 75, 78, 49, 2, 0.08%, 11, 0, 11, 506.44
1733752022, 10, 76, 79, 49, 2, 0.08%, 11, 0, 11, 238.60
1733752027, 10, 76, 81, 51, 2, 0.08%, 12, 0, 11, 375.86
1733752052, 10, 76, 82, 52, 2, 0.08%, 12, 0, 11, 445.23
1733752103, 10, 80, 82, 51, 3, 0.08%, 12, 0, 11, 292.64
1733752108, 10, 80, 83, 52, 3, 0.08%, 12, 0, 12, 330.05
1733752123, 10, 80, 84, 53, 3, 0.10%, 13, 0, 12, 336.05
1733752179, 10, 80, 85, 54, 3, 0.10%, 13, 0, 12, 321.73
1733752194, 10, 83, 86, 54, 3, 0.10%, 13, 0, 13, 279.35
1733752199, 10, 83, 87, 55, 3, 0.10%, 15, 0, 13, 342.41
1733752204, 10, 83, 88, 56, 3, 0.10%, 15, 0, 13, 363.84
1733752209, 10, 83, 89, 57, 3, 0.10%, 15, 0, 13, 363.54
1733752239, 10, 83, 90, 58, 3, 0.10%, 15, 0, 13, 368.20
1733752275, 10, 83, 91, 59, 3, 0.10%, 15, 0, 13, 365.51
1733752315, 10, 85, 91, 58, 4, 0.10%, 15, 0, 13, 321.21
1733752321, 10, 85, 92, 59, 4, 0.10%, 15, 0, 14, 363.39
1733752432, 10, 86, 92, 58, 3, 0.10%, 15, 0, 14, 241.20
1733752437, 10, 86, 93, 59, 3, 0.10%, 15, 0, 14, 334.80
1733752442, 10, 86, 97, 63, 3, 0.10%, 15, 0, 14, 360.01
1733752473, 10, 86, 98, 64, 3, 0.12%, 16, 0, 14, 389.06
1733752488, 10, 86, 99, 65, 3, 0.12%, 16, 0, 14, 386.40
1733752513, 10, 86, 100, 66, 3, 0.12%, 16, 0, 14, 375.97
1733752549, 10, 97, 102, 67, 3, 0.12%, 17, 0, 15, 360.46
1733752559, 10, 97, 103, 68, 3, 0.12%, 17, 0, 15, 422.51
1733752565, 10, 97, 104, 69, 3, 0.12%, 17, 0, 15, 429.06
1733752570, 10, 97, 105, 70, 3, 0.12%, 17, 0, 15, 421.10
1733752580, 10, 97, 107, 72, 3, 0.12%, 17, 0, 15, 432.51
1733752590, 10, 97, 108, 73, 3, 0.12%, 17, 0, 15, 421.27
1733752611, 10, 97, 109, 74, 3, 0.12%, 17, 0, 15, 432.05
1733752651, 10, 100, 109, 73, 3, 0.12%, 17, 0, 15, 386.47
1733752672, 10, 100, 110, 74, 3, 0.12%, 17, 0, 16, 486.21
1733752707, 10, 100, 111, 75, 3, 0.12%, 18, 0, 16, 481.33
1733752722, 10, 100, 112, 76, 3, 0.12%, 18, 0, 16, 308.77
1733752748, 10, 110, 112, 75, 3, 0.12%, 18, 0, 16, 316.24
1733752753, 10, 110, 113, 76, 3, 0.12%, 18, 0, 17, 449.42
1733752763, 10, 110, 114, 77, 3, 0.12%, 18, 0, 17, 481.52
1733752788, 10, 110, 115, 78, 3, 0.12%, 18, 0, 17, 476.35
1733752844, 10, 110, 116, 79, 3, 0.13%, 19, 0, 17, 248.84
1733752849, 10, 115, 116, 78, 4, 0.13%, 19, 0, 17, 344.46
1733752864, 10, 115, 117, 79, 4, 0.13%, 19, 0, 18, 483.55
1733752946, 10, 117, 119, 80, 4, 0.13%, 20, 0, 19, 257.98
1733752961, 10, 117, 120, 81, 4, 0.13%, 20, 0, 19, 406.76
1733753032, 10, 117, 121, 82, 4, 0.13%, 20, 0, 19, 310.97
1733753037, 10, 117, 125, 86, 4, 0.13%, 21, 0, 19, 320.11
1733753062, 10, 124, 125, 85, 5, 0.13%, 21, 0, 19, 287.39
1733753088, 10, 124, 126, 86, 5, 0.14%, 22, 0, 20, 411.87
1733753119, 10, 124, 127, 87, 5, 0.14%, 22, 0, 20, 405.71
1733753191, 10, 124, 128, 88, 5, 0.14%, 22, 0, 20, 493.03
1733753196, 10, 124, 129, 89, 5, 0.14%, 22, 0, 20, 488.35
1733753257, 10, 124, 131, 91, 5, 0.14%, 22, 0, 20, 301.25
1733753262, 10, 125, 131, 90, 5, 0.14%, 22, 0, 20, 305.71
1733753375, 10, 125, 132, 91, 5, 0.14%, 22, 0, 21, 485.10
1733753466, 10, 129, 134, 92, 4, 0.14%, 23, 0, 21, 380.86
1733753477, 10, 129, 135, 93, 4, 0.14%, 23, 0, 21, 344.02
1733753552, 10, 129, 136, 94, 4, 0.14%, 23, 0, 21, 332.67
1733753557, 10, 129, 137, 95, 4, 0.14%, 23, 0, 21, 325.92
1733753578, 10, 129, 138, 96, 4, 0.14%, 23, 0, 21, 313.88
1733753603, 10, 133, 139, 96, 5, 0.14%, 23, 0, 22, 351.26
1733753680, 10, 138, 139, 95, 4, 0.14%, 23, 0, 22, 374.89
1733753690, 10, 138, 141, 97, 4, 0.14%, 23, 0, 23, 346.28
1733753710, 10, 138, 142, 98, 4, 0.14%, 23, 0, 23, 358.87
1733753801, 10, 139, 142, 97, 5, 0.14%, 23, 0, 23, 316.38
1733753842, 10, 139, 144, 99, 5, 0.14%, 23, 0, 24, 358.15
1733753847, 10, 139, 145, 100, 5, 0.14%, 23, 0, 24, 362.01
1733753892, 10, 139, 146, 101, 5, 0.14%, 23, 0, 24, 372.35
1733753923, 10, 140, 146, 100, 5, 0.14%, 23, 0, 24, 366.39
1733753928, 10, 140, 147, 101, 5, 0.14%, 23, 0, 24, 472.02
1733753958, 10, 140, 148, 102, 5, 0.14%, 23, 0, 24, 493.37
1733754019, 10, 141, 148, 101, 4, 0.14%, 23, 0, 24, 445.35
1733754050, 10, 141, 149, 102, 4, 0.14%, 23, 0, 24, 525.03
1733754111, 10, 146, 149, 101, 4, 0.14%, 23, 0, 24, 366.11
1733754121, 10, 146, 150, 102, 4, 0.14%, 23, 0, 25, 510.98
1733754203, 10, 147, 150, 101, 4, 0.14%, 23, 0, 25, 378.27
1733754233, 10, 147, 151, 102, 4, 0.14%, 23, 0, 25, 525.78
1733754299, 10, 148, 151, 101, 4, 0.14%, 23, 0, 25, 387.70
1733754320, 10, 148, 152, 102, 4, 0.14%, 23, 0, 25, 503.42
1733754355, 10, 148, 153, 103, 4, 0.14%, 23, 0, 25, 502.73
1733754396, 10, 149, 153, 102, 4, 0.14%, 23, 0, 25, 414.65
1733754421, 10, 149, 154, 103, 4, 0.14%, 23, 0, 26, 512.50
1733754493, 10, 150, 154, 102, 4, 0.14%, 23, 0, 26, 332.86
1733754498, 10, 150, 155, 103, 4, 0.14%, 23, 0, 26, 389.80
1733754524, 10, 150, 156, 104, 4, 0.14%, 23, 0, 26, 516.78
1733754610, 10, 151, 156, 103, 4, 0.14%, 23, 0, 26, 335.84
1733754671, 10, 151, 157, 104, 4, 0.14%, 23, 0, 26, 510.58
1733754707, 10, 151, 158, 105, 4, 0.14%, 23, 0, 26, 510.12
1733754742, 10, 152, 159, 105, 4, 0.14%, 23, 0, 26, 301.86
1733754839, 11, 85, 159, 104, 4, 0.14%, 23, 0, 26, 299.13
1733754870, 11, 91, 159, 104, 4, 0.14%, 23, 0, 26, 287.66
1733754875, 11, 91, 160, 105, 4, 0.14%, 23, 0, 26, 276.96
1733754960, 11, 91, 161, 106, 4, 0.14%, 23, 0, 26, 273.34
1733755021, 11, 125, 161, 105, 4, 0.14%, 23, 0, 26, 356.30
1733755057, 11, 131, 161, 105, 4, 0.14%, 23, 0, 26, 264.73
1733755170, 11, 131, 162, 106, 4, 0.14%, 23, 0, 26, 493.96
1733755190, 11, 131, 163, 107, 4, 0.14%, 23, 0, 26, 486.68
1733755261, 11, 159, 163, 106, 5, 0.14%, 23, 0, 26, 409.74
1733755322, 11, 160, 163, 105, 5, 0.14%, 23, 0, 26, 327.45
1733755383, 11, 161, 163, 104, 5, 0.14%, 23, 0, 26, 256.08
1733755541, 11, 162, 163, 103, 4, 0.14%, 23, 0, 26, 288.79
1733755700, 11, 162, 164, 104, 4, 0.14%, 23, 0, 26, 490.32
1733755761, 12, 11, 164, 103, 4, 0.14%, 23, 0, 26, 331.98
1733755787, 12, 24, 164, 102, 4, 0.14%, 23, 0, 26, 333.04
1733755823, 12, 31, 164, 101, 4, 0.14%, 23, 0, 26, 414.28
1733755838, 12, 32, 164, 101, 4, 0.14%, 23, 0, 26, 372.56
1733755858, 12, 34, 164, 101, 4, 0.14%, 23, 0, 26, 428.14
1733755873, 12, 35, 164, 101, 4, 0.14%, 23, 0, 26, 370.48
1733755909, 12, 37, 164, 100, 4, 0.14%, 23, 0, 26, 439.86
1733755929, 12, 38, 164, 100, 4, 0.14%, 23, 0, 26, 428.34
1733755985, 12, 39, 164, 99, 4, 0.14%, 23, 0, 26, 400.22
1733756021, 12, 40, 164, 98, 4, 0.14%, 23, 0, 26, 279.64
1733756350, 12, 40, 165, 99, 4, 0.14%, 23, 0, 26, 470.07
1733756385, 12, 41, 165, 98, 4, 0.14%, 23, 0, 26, 340.01
1733756411, 12, 42, 165, 98, 4, 0.14%, 23, 0, 26, 380.58
1733756446, 12, 46, 165, 97, 4, 0.14%, 23, 0, 26, 378.87
1733756624, 12, 47, 165, 96, 4, 0.14%, 23, 0, 26, 442.01
1733756639, 12, 51, 165, 96, 4, 0.14%, 23, 0, 26, 356.57
1733756664, 12, 58, 165, 96, 4, 0.14%, 23, 0, 26, 385.95
1733756685, 12, 59, 165, 96, 4, 0.14%, 23, 0, 26, 410.65
1733756710, 12, 60, 165, 96, 4, 0.14%, 23, 0, 26, 397.24
1733756736, 12, 61, 165, 96, 4, 0.14%, 23, 0, 26, 424.46
1733756761, 12, 62, 165, 96, 4, 0.14%, 23, 0, 26, 328.62
1733756812, 12, 63, 165, 95, 4, 0.14%, 23, 0, 26, 276.37
1733757121, 12, 85, 165, 94, 4, 0.14%, 23, 0, 26, 358.50
1733757136, 12, 91, 165, 94, 4, 0.14%, 23, 0, 26, 283.25
1733757172, 12, 91, 166, 95, 4, 0.14%, 23, 0, 26, 270.64
1733757182, 12, 97, 166, 95, 4, 0.14%, 23, 0, 26, 433.09
1733757212, 12, 100, 166, 95, 4, 0.14%, 23, 0, 26, 362.65
1733757248, 12, 109, 166, 95, 4, 0.14%, 23, 0, 26, 448.08
1733757309, 12, 110, 166, 94, 4, 0.14%, 23, 0, 26, 456.26
1733757339, 12, 112, 166, 94, 4, 0.14%, 23, 0, 26, 363.64
1733757400, 12, 113, 166, 93, 3, 0.14%, 23, 0, 26, 400.27
1733757461, 12, 114, 166, 92, 3, 0.14%, 23, 0, 26, 217.53
1733758003, 12, 115, 166, 91, 3, 0.14%, 23, 0, 26, 290.07
1733758044, 12, 116, 166, 91, 3, 0.14%, 23, 0, 26, 288.33
1733758130, 12, 130, 166, 90, 3, 0.14%, 23, 0, 26, 300.39
1733758192, 12, 133, 166, 89, 3, 0.14%, 23, 0, 26, 376.58
1733758232, 12, 138, 166, 89, 3, 0.14%, 23, 0, 26, 376.55
1733758268, 12, 139, 166, 89, 3, 0.14%, 23, 0, 26, 381.12
1733758313, 12, 140, 166, 89, 3, 0.14%, 23, 0, 26, 328.69
1733758339, 12, 140, 167, 90, 3, 0.14%, 24, 0, 26, 276.91
1733758354, 12, 166, 167, 90, 3, 0.14%, 24, 0, 26, 222.56
1733758431, 12, 166, 168, 91, 3, 0.14%, 25, 0, 26, 147.44
1733758559, 12, 166, 174, 97, 3, 0.15%, 26, 0, 26, 273.92
1733758564, 12, 166, 175, 98, 3, 0.15%, 26, 0, 26, 284.70
1733758569, 12, 166, 176, 99, 3, 0.15%, 26, 0, 26, 286.66
1733758574, 12, 166, 177, 100, 3, 0.15%, 26, 0, 26, 281.53
1733758590, 12, 166, 178, 101, 3, 0.15%, 26, 0, 26, 290.96
1733758676, 12, 166, 179, 102, 3, 0.15%, 26, 0, 26, 284.36
1733758696, 12, 173, 180, 102, 3, 0.15%, 26, 0, 26, 306.80
1733758702, 12, 173, 181, 103, 3, 0.15%, 27, 0, 26, 181.12
1733758727, 12, 173, 182, 104, 3, 0.15%, 27, 0, 26, 147.74
1733758732, 12, 173, 183, 105, 3, 0.15%, 27, 0, 26, 155.51
1733758738, 12, 173, 186, 108, 3, 0.15%, 30, 0, 26, 147.95
1733758789, 12, 173, 189, 111, 3, 0.15%, 30, 0, 26, 307.44
1733758804, 12, 173, 190, 112, 3, 0.15%, 30, 0, 26, 330.87
1733758809, 12, 173, 192, 114, 3, 0.15%, 30, 0, 26, 323.41
1733758824, 12, 173, 193, 115, 3, 0.15%, 30, 0, 26, 314.61
1733758865, 12, 173, 194, 116, 3, 0.15%, 30, 0, 26, 319.70
1733758901, 12, 173, 195, 117, 3, 0.15%, 30, 0, 26, 271.81
1733758916, 12, 180, 195, 116, 6, 0.15%, 30, 0, 26, 260.98
1733759003, 12, 180, 196, 117, 6, 0.15%, 30, 0, 27, 338.69
1733759018, 12, 180, 197, 118, 6, 0.15%, 30, 0, 27, 317.01
1733759099, 12, 180, 198, 119, 6, 0.15%, 30, 0, 27, 312.03
1733759109, 12, 180, 200, 121, 6, 0.15%, 30, 0, 27, 294.91
1733759134, 12, 184, 200, 120, 6, 0.15%, 30, 0, 27, 237.72
1733759205, 12, 184, 201, 121, 6, 0.15%, 30, 0, 27, 324.50
1733759322, 12, 185, 201, 120, 6, 0.15%, 30, 0, 27, 255.25
1733759394, 12, 185, 202, 121, 6, 0.15%, 30, 0, 27, 328.68
1733759414, 12, 185, 203, 122, 6, 0.15%, 30, 0, 27, 319.68
1733759510, 12, 192, 203, 121, 6, 0.15%, 30, 0, 27, 304.80
1733759659, 12, 192, 204, 122, 6, 0.15%, 30, 0, 27, 303.23
1733759669, 12, 192, 205, 123, 6, 0.15%, 30, 0, 27, 356.65
1733759674, 12, 198, 205, 122, 6, 0.15%, 30, 0, 27, 303.98
1733759801, 12, 198, 206, 123, 6, 0.15%, 30, 0, 28, 320.18
1733759852, 12, 198, 207, 124, 6, 0.15%, 30, 0, 28, 319.28
1733759878, 12, 198, 208, 125, 6, 0.15%, 30, 0, 28, 300.31
1733759908, 13, 85, 208, 124, 6, 0.15%, 30, 0, 28, 344.32
1733759913, 13, 85, 209, 125, 6, 0.15%, 30, 0, 28, 296.60
1733759923, 13, 91, 209, 125, 6, 0.15%, 30, 0, 28, 285.82
1733759943, 13, 115, 210, 126, 6, 0.15%, 30, 0, 28, 345.90
1733759959, 13, 116, 210, 126, 6, 0.15%, 30, 0, 28, 316.67
1733760004, 13, 130, 210, 126, 6, 0.15%, 30, 0, 28, 405.75
1733760040, 13, 133, 210, 126, 6, 0.15%, 30, 0, 28, 351.64
1733760066, 13, 138, 210, 126, 6, 0.15%, 30, 0, 28, 336.51
1733760092, 13, 139, 210, 126, 6, 0.15%, 30, 0, 28, 347.24
1733760117, 13, 140, 210, 126, 6, 0.15%, 30, 0, 28, 445.60
1733760142, 13, 141, 210, 126, 6, 0.15%, 30, 0, 28, 411.75
1733760173, 13, 142, 210, 126, 6, 0.15%, 30, 0, 28, 360.96
1733760249, 13, 143, 210, 125, 6, 0.15%, 30, 0, 28, 327.05
1733760325, 13, 144, 210, 124, 6, 0.15%, 30, 0, 28, 347.27
1733760411, 13, 145, 210, 123, 6, 0.15%, 30, 0, 28, 262.06
1733760497, 13, 146, 210, 122, 6, 0.15%, 30, 0, 28, 498.05
1733760528, 13, 147, 210, 122, 6, 0.15%, 30, 0, 28, 390.42
1733760564, 13, 147, 211, 123, 6, 0.15%, 30, 0, 28, 375.61
1733760569, 13, 148, 211, 123, 6, 0.15%, 30, 0, 28, 404.83
1733760615, 13, 149, 211, 123, 6, 0.15%, 30, 0, 28, 462.62
1733760645, 13, 150, 211, 123, 6, 0.15%, 30, 0, 28, 401.75
1733760676, 13, 151, 211, 123, 6, 0.15%, 30, 0, 28, 325.19
1733760711, 13, 152, 211, 123, 6, 0.15%, 30, 0, 28, 442.44
1733760732, 13, 152, 212, 124, 6, 0.17%, 31, 0, 28, 328.60
1733760742, 13, 211, 218, 130, 6, 0.17%, 31, 0, 28, 330.66
1733760885, 13, 212, 220, 131, 6, 0.17%, 31, 0, 28, 330.85
1733760890, 13, 212, 223, 134, 6, 0.17%, 31, 0, 28, 270.23
1733760895, 13, 212, 224, 135, 6, 0.17%, 31, 0, 28, 275.91
1733760900, 13, 212, 225, 136, 6, 0.17%, 31, 0, 28, 269.23
1733760905, 13, 212, 226, 137, 6, 0.17%, 31, 0, 28, 268.66
1733760910, 13, 212, 227, 138, 6, 0.17%, 31, 0, 28, 270.29
1733760935, 13, 212, 228, 139, 6, 0.17%, 31, 0, 28, 274.56
1733760966, 13, 212, 229, 140, 6, 0.17%, 31, 0, 28, 266.12
1733760976, 13, 212, 230, 141, 6, 0.17%, 31, 0, 28, 277.91
1733760992, 13, 212, 231, 142, 6, 0.17%, 31, 0, 28, 275.16
1733761027, 14, 85, 231, 141, 6, 0.17%, 31, 0, 28, 271.16
1733761037, 14, 91, 231, 141, 6, 0.17%, 31, 0, 28, 285.34
1733761053, 14, 91, 232, 142, 6, 0.17%, 31, 0, 28, 274.69
1733761058, 14, 159, 232, 142, 6, 0.17%, 31, 0, 28, 363.30
1733761093, 14, 160, 233, 143, 6, 0.17%, 31, 0, 28, 438.48
1733761134, 14, 232, 233, 143, 6, 0.17%, 31, 0, 28, 422.86
1733761150, 14, 232, 234, 144, 6, 0.17%, 31, 0, 28, 527.91
1733761231, 14, 233, 234, 143, 6, 0.17%, 31, 0, 28, 356.72
1733761262, 14, 233, 235, 144, 6, 0.17%, 31, 0, 28, 522.83
1733761338, 14, 234, 235, 143, 6, 0.17%, 31, 0, 28, 336.49
1733761430, 15, 85, 235, 142, 6, 0.17%, 31, 0, 28, 341.18
1733761440, 15, 91, 235, 142, 6, 0.17%, 31, 0, 28, 294.05
1733761450, 15, 159, 235, 142, 6, 0.17%, 31, 0, 28, 435.37
1733761466, 15, 160, 235, 142, 6, 0.17%, 31, 0, 28, 354.71
1733761481, 15, 232, 235, 142, 6, 0.17%, 31, 0, 28, 327.77
1733761511, 15, 233, 235, 142, 6, 0.17%, 31, 0, 28, 296.12
1733761527, 15, 233, 236, 143, 6, 0.18%, 32, 0, 28, 293.73
1733761547, 15, 235, 236, 143, 6, 0.18%, 32, 0, 28, 302.20
1733761603, 15, 235, 238, 145, 6, 0.18%, 33, 0, 28, 291.38
1733761608, 15, 235, 240, 147, 6, 0.18%, 34, 0, 28, 311.81
1733761628, 15, 239, 244, 150, 7, 0.18%, 34, 0, 28, 321.31
1733761633, 15, 239, 245, 151, 7, 0.18%, 34, 0, 28, 320.25
1733761669, 15, 239, 246, 152, 7, 0.18%, 34, 0, 28, 310.73
1733761689, 15, 239, 247, 153, 7, 0.18%, 34, 0, 28, 317.11
1733761739, 15, 239, 248, 154, 7, 0.18%, 35, 0, 28, 376.92
1733761755, 15, 247, 248, 153, 7, 0.18%, 35, 0, 28, 280.67
1733761765, 15, 247, 256, 161, 7, 0.19%, 36, 0, 28, 324.59
1733761770, 15, 247, 257, 162, 7, 0.19%, 37, 0, 28, 361.53
1733761877, 15, 256, 257, 161, 8, 0.19%, 37, 0, 28, 268.27
1733761887, 15, 256, 259, 163, 8, 0.19%, 38, 0, 28, 332.12
1733761892, 15, 256, 262, 166, 8, 0.19%, 39, 0, 28, 360.59
1733761917, 15, 256, 265, 169, 8, 0.19%, 41, 0, 28, 370.68
1733761933, 15, 256, 266, 170, 8, 0.19%, 41, 0, 28, 368.96
1733761999, 15, 264, 266, 169, 9, 0.19%, 41, 0, 28, 260.29
1733762039, 15, 264, 267, 170, 9, 0.20%, 42, 0, 28, 171.88
1733762070, 15, 264, 268, 171, 9, 0.20%, 42, 0, 28, 172.73
1733762569, 15, 264, 270, 173, 9, 0.20%, 42, 0, 28, 217.27
1733762574, 15, 264, 272, 175, 9, 0.20%, 42, 0, 28, 287.48
1733762579, 15, 264, 273, 176, 9, 0.20%, 42, 0, 28, 299.67
1733762585, 15, 264, 275, 178, 9, 0.20%, 42, 0, 28, 304.99
1733762590, 15, 264, 276, 179, 9, 0.20%, 42, 0, 28, 306.34
1733762605, 15, 264, 277, 180, 9, 0.20%, 42, 0, 28, 307.49
1733762610, 15, 264, 278, 181, 9, 0.20%, 42, 0, 28, 310.11
1733762696, 15, 266, 278, 180, 10, 0.20%, 42, 0, 28, 327.79
1733763267, 15, 266, 280, 182, 10, 0.20%, 42, 0, 28, 208.84
1733763328, 15, 266, 282, 184, 10, 0.20%, 42, 0, 28, 308.73
1733763374, 15, 266, 283, 185, 10, 0.20%, 42, 0, 28, 301.96
1733763389, 15, 266, 284, 186, 10, 0.20%, 42, 0, 28, 304.91
1733763404, 16, 254, 284, 185, 9, 0.20%, 42, 0, 28, 315.50
1733763475, 16, 258, 284, 184, 8, 0.20%, 42, 0, 28, 284.68
1733763551, 16, 258, 286, 186, 8, 0.20%, 42, 0, 28, 337.75
1733763556, 16, 260, 286, 185, 7, 0.20%, 42, 0, 28, 265.06
1733763597, 16, 260, 287, 186, 7, 0.20%, 42, 0, 28, 347.78
1733763658, 16, 260, 288, 187, 7, 0.20%, 42, 0, 28, 355.81
1733763713, 16, 262, 288, 186, 6, 0.20%, 42, 0, 28, 248.58
1733763784, 16, 274, 288, 185, 6, 0.20%, 42, 0, 28, 228.95
1733764477, 16, 275, 288, 184, 6, 0.20%, 42, 0, 28, 216.45
1733765058, 16, 275, 289, 185, 6, 0.20%, 42, 0, 28, 308.73
1733765139, 17, 254, 289, 184, 6, 0.20%, 42, 0, 28, 325.94
1733765175, 18, 254, 290, 185, 6, 0.20%, 42, 0, 28, 346.76
1733765210, 18, 254, 291, 186, 6, 0.20%, 42, 0, 28, 352.53
1733765221, 18, 254, 292, 187, 6, 0.20%, 43, 0, 28, 279.73
1733765226, 18, 291, 292, 187, 7, 0.20%, 43, 0, 28, 296.60
1733765307, 19, 291, 292, 186, 6, 0.20%, 43, 0, 28, 313.05
1733765348, 20, 85, 292, 186, 6, 0.20%, 43, 0, 28, 299.28
1733765353, 20, 91, 292, 186, 6, 0.20%, 43, 0, 28, 295.82
1733765363, 20, 159, 292, 186, 6, 0.20%, 43, 0, 28, 381.47
1733765383, 20, 160, 292, 186, 6, 0.20%, 43, 0, 28, 426.32
1733765398, 20, 232, 292, 186, 6, 0.20%, 43, 0, 28, 432.12
1733765429, 20, 233, 292, 186, 6, 0.20%, 43, 0, 28, 369.41
1733765460, 20, 234, 292, 186, 6, 0.20%, 43, 0, 28, 329.45
1733765465, 20, 234, 293, 187, 6, 0.20%, 43, 0, 28, 478.49
1733765501, 20, 237, 293, 187, 6, 0.20%, 43, 0, 28, 321.51
1733765582, 20, 237, 297, 191, 6, 0.20%, 43, 0, 28, 311.83
1733765587, 20, 239, 297, 190, 5, 0.20%, 43, 0, 28, 318.54
1733765628, 20, 240, 297, 190, 5, 0.20%, 43, 0, 28, 318.16
1733765658, 20, 240, 298, 191, 5, 0.20%, 43, 0, 28, 314.57
1733765754, 20, 254, 298, 190, 5, 0.20%, 43, 0, 28, 309.60
1733765769, 20, 254, 300, 192, 5, 0.20%, 43, 0, 28, 314.61
1733765774, 20, 254, 302, 194, 5, 0.20%, 43, 0, 28, 320.24
1733765779, 20, 260, 302, 194, 5, 0.20%, 43, 0, 28, 300.00
1733765815, 20, 289, 302, 194, 5, 0.20%, 43, 0, 28, 338.88
1733765820, 20, 289, 303, 195, 5, 0.20%, 43, 0, 28, 339.89
1733765886, 20, 289, 304, 196, 5, 0.20%, 43, 0, 28, 344.92
1733765937, 20, 291, 304, 195, 5, 0.20%, 43, 0, 28, 294.73
1733765973, 20, 292, 304, 195, 5, 0.20%, 43, 0, 28, 287.41
1733766029, 20, 292, 306, 197, 5, 0.20%, 43, 0, 28, 482.67
1733766074, 20, 292, 307, 198, 5, 0.20%, 43, 0, 28, 521.24
1733766110, 21, 291, 307, 197, 5, 0.20%, 43, 0, 28, 298.51
1733766135, 21, 291, 309, 199, 5, 0.20%, 43, 0, 28, 297.25
1733766151, 22, 291, 309, 199, 5, 0.20%, 43, 0, 28, 307.14
1733766171, 23, 291, 310, 200, 5, 0.20%, 43, 0, 28, 306.02
1733766186, 23, 291, 311, 201, 5, 0.20%, 43, 0, 28, 323.52
1733766196, 23, 309, 311, 201, 5, 0.20%, 43, 0, 28, 322.60
1733766212, 23, 309, 312, 202, 5, 0.20%, 43, 0, 28, 363.02
1733766313, 23, 310, 312, 201, 5, 0.20%, 43, 0, 28, 276.73
1733766425, 23, 310, 314, 203, 5, 0.20%, 43, 0, 28, 319.17
1733766450, 23, 310, 315, 204, 5, 0.20%, 43, 0, 28, 344.91
1733766541, 23, 311, 315, 203, 5, 0.20%, 43, 0, 28, 284.59
1733766556, 23, 311, 316, 204, 5, 0.20%, 43, 0, 28, 357.25
1733766663, 23, 315, 316, 203, 5, 0.20%, 43, 0, 28, 266.77
1733766694, 23, 315, 317, 204, 5, 0.20%, 43, 0, 28, 360.18
1733766795, 24, 13, 317, 203, 5, 0.20%, 43, 0, 28, 354.19
1733766816, 24, 18, 317, 203, 5, 0.20%, 43, 0, 28, 299.49
1733766836, 24, 21, 317, 203, 5, 0.20%, 43, 0, 28, 291.65
1733766882, 24, 22, 317, 202, 5, 0.20%, 43, 0, 28, 369.20
1733766989, 24, 23, 317, 201, 5, 0.20%, 43, 0, 28, 444.16
1733767055, 24, 53, 317, 200, 5, 0.20%, 43, 0, 28, 275.49
1733767101, 24, 54, 317, 199, 5, 0.20%, 43, 0, 28, 406.80
1733767167, 24, 55, 317, 198, 5, 0.20%, 43, 0, 28, 327.84
1733767638, 24, 85, 317, 197, 5, 0.20%, 43, 0, 28, 379.50
1733767648, 24, 91, 317, 197, 5, 0.20%, 43, 0, 28, 305.05
1733767658, 24, 125, 317, 197, 5, 0.20%, 43, 0, 28, 363.78
1733767673, 24, 131, 317, 197, 5, 0.20%, 43, 0, 28, 301.44
1733767709, 24, 159, 317, 197, 5, 0.20%, 43, 0, 28, 429.73
