# unix_time, cycles_done, cur_path, paths_total, pending_total, pending_favs, map_size, unique_crashes, unique_hangs, max_depth, execs_per_sec
1733525187, 0, 0, 10, 10, 1, 0.00%, 0, 0, 1, 162.27
1733525192, 0, 4, 10, 10, 1, 0.00%, 0, 0, 1, 195.90
1733525197, 0, 5, 10, 9, 0, 0.00%, 0, 0, 1, 206.02
1733525202, 0, 6, 10, 8, 0, 0.00%, 0, 0, 1, 201.27
1733525213, 0, 7, 10, 7, 0, 0.00%, 0, 0, 1, 208.19
1733525218, 0, 8, 10, 6, 0, 0.00%, 0, 0, 1, 197.39
1733525228, 0, 9, 10, 5, 0, 0.00%, 0, 0, 1, 206.87
1733525233, 1, 0, 10, 4, 0, 0.00%, 0, 0, 1, 195.44
1733525243, 1, 1, 10, 3, 0, 0.00%, 0, 0, 1, 191.83
1733525253, 1, 2, 10, 2, 0, 0.00%, 0, 0, 1, 196.96
1733525264, 1, 3, 10, 1, 0, 0.00%, 0, 0, 1, 210.19
1733525274, 1, 4, 10, 0, 0, 0.00%, 0, 0, 1, 205.56
1733525284, 1, 5, 10, 0, 0, 0.00%, 0, 0, 1, 207.60
1733525289, 1, 7, 11, 1, 0, 0.05%, 1, 0, 2, 206.53
1733525295, 1, 10, 11, 1, 1, 0.05%, 1, 0, 2, 230.09
1733525335, 2, 10, 11, 0, 0, 0.05%, 1, 0, 2, 225.12
1733525340, 3, 10, 11, 0, 0, 0.05%, 1, 0, 2, 213.83
1733525351, 4, 10, 11, 0, 0, 0.05%, 1, 0, 2, 218.13
1733525361, 5, 10, 11, 0, 0, 0.05%, 1, 0, 2, 231.87
1733525371, 6, 10, 11, 0, 0, 0.05%, 1, 0, 2, 232.74
1733525381, 6, 11, 17, 6, 1, 0.06%, 6, 0, 4, 266.52
1733525387, 6, 11, 23, 12, 1, 0.06%, 8, 0, 4, 419.93
1733525392, 6, 11, 24, 13, 1, 0.06%, 8, 0, 4, 450.02
1733525402, 6, 11, 25, 14, 1, 0.06%, 8, 0, 4, 460.38
1733525423, 6, 11, 26, 15, 1, 0.06%, 8, 0, 4, 468.18
1733525458, 6, 17, 27, 15, 6, 0.06%, 8, 0, 5, 284.12
1733525469, 6, 17, 30, 18, 6, 0.06%, 8, 0, 5, 393.57
1733525504, 6, 17, 31, 19, 6, 0.06%, 8, 0, 5, 383.97
1733525540, 7, 15, 32, 19, 6, 0.06%, 8, 0, 5, 322.24
1733525586, 7, 16, 33, 19, 6, 0.06%, 8, 0, 5, 337.40
1733525606, 7, 16, 34, 20, 6, 0.06%, 8, 0, 5, 524.08
1733525622, 7, 16, 35, 21, 6, 0.06%, 8, 0, 5, 523.26
1733525657, 8, 13, 36, 21, 5, 0.06%, 8, 0, 5, 381.43
1733525693, 8, 13, 37, 22, 5, 0.06%, 8, 0, 5, 262.68
1733525703, 8, 13, 38, 23, 5, 0.06%, 8, 0, 5, 276.82
1733525708, 8, 14, 40, 24, 4, 0.06%, 8, 0, 5, 345.65
1733525723, 8, 14, 42, 26, 4, 0.06%, 8, 0, 5, 388.03
1733525789, 8, 15, 42, 25, 4, 0.06%, 8, 0, 5, 263.32
1733525794, 8, 15, 43, 26, 4, 0.06%, 8, 0, 5, 381.49
1733525804, 8, 16, 44, 27, 4, 0.06%, 8, 0, 5, 328.74
1733525809, 8, 18, 44, 27, 4, 0.06%, 8, 0, 5, 297.04
1733525814, 8, 18, 46, 29, 4, 0.06%, 8, 0, 5, 359.61
1733525860, 8, 18, 47, 30, 4, 0.06%, 8, 0, 5, 313.70
1733525865, 8, 18, 48, 31, 4, 0.06%, 8, 0, 5, 297.72
1733525870, 8, 31, 49, 31, 4, 0.06%, 8, 0, 6, 415.56
1733525875, 8, 31, 50, 32, 4, 0.06%, 8, 0, 6, 450.80
1733525931, 8, 31, 51, 33, 4, 0.06%, 8, 0, 6, 459.67
1733525956, 8, 35, 51, 32, 3, 0.06%, 8, 0, 6, 338.82
1733525992, 8, 36, 51, 31, 3, 0.06%, 8, 0, 6, 349.09
1733526027, 8, 37, 51, 30, 2, 0.06%, 8, 0, 6, 364.70
1733526032, 8, 37, 53, 32, 2, 0.06%, 8, 0, 6, 478.35
1733526073, 8, 37, 55, 34, 2, 0.06%, 8, 0, 6, 523.22
1733526099, 8, 37, 56, 35, 2, 0.06%, 8, 0, 6, 309.07
1733526109, 8, 42, 56, 34, 3, 0.06%, 8, 0, 6, 360.67
1733526150, 8, 42, 58, 36, 3, 0.06%, 8, 0, 6, 472.29
1733526155, 8, 42, 59, 37, 3, 0.06%, 8, 0, 6, 490.18
1733526222, 8, 46, 59, 36, 3, 0.06%, 8, 0, 6, 353.33
1733526267, 8, 47, 59, 35, 3, 0.06%, 8, 0, 6, 360.13
1733526313, 8, 51, 59, 34, 3, 0.06%, 8, 0, 6, 304.44
1733526349, 8, 51, 60, 35, 3, 0.06%, 8, 0, 7, 512.93
1733526374, 8, 51, 61, 36, 3, 0.06%, 8, 0, 7, 515.97
1733526400, 8, 51, 62, 37, 3, 0.06%, 8, 0, 7, 516.85
1733526420, 8, 52, 63, 37, 3, 0.06%, 8, 0, 7, 340.63
1733526486, 8, 53, 63, 36, 3, 0.06%, 8, 0, 7, 289.10
1733526491, 8, 53, 64, 37, 3, 0.06%, 8, 0, 7, 390.06
1733526598, 8, 55, 64, 36, 3, 0.06%, 8, 0, 7, 437.22
1733526624, 8, 55, 65, 37, 3, 0.06%, 8, 0, 7, 297.39
1733526634, 8, 56, 65, 36, 3, 0.06%, 8, 0, 7, 414.34
1733526689, 8, 57, 66, 36, 3, 0.06%, 8, 0, 7, 338.86
1733526801, 9, 18, 66, 35, 3, 0.06%, 8, 0, 7, 365.84
1733526811, 9, 40, 66, 35, 3, 0.06%, 8, 0, 7, 334.00
1733526821, 9, 40, 67, 36, 3, 0.06%, 8, 0, 7, 447.97
1733526862, 9, 42, 67, 35, 3, 0.06%, 8, 0, 7, 345.39
1733526882, 9, 43, 67, 35, 3, 0.06%, 8, 0, 7, 345.14
1733526948, 9, 44, 67, 34, 3, 0.06%, 8, 0, 7, 313.23
1733526984, 9, 45, 67, 33, 2, 0.06%, 8, 0, 7, 408.24
1733527025, 9, 46, 67, 32, 2, 0.06%, 8, 0, 7, 423.29
1733527041, 9, 47, 67, 32, 2, 0.06%, 8, 0, 7, 303.13
1733527061, 9, 48, 67, 32, 2, 0.06%, 8, 0, 7, 305.67
1733527096, 9, 49, 67, 31, 2, 0.06%, 8, 0, 7, 345.34
1733527173, 9, 49, 68, 32, 2, 0.06%, 8, 0, 7, 477.63
1733527204, 9, 51, 68, 31, 2, 0.06%, 8, 0, 7, 358.13
1733527220, 9, 52, 68, 31, 2, 0.06%, 8, 0, 7, 338.38
1733527240, 9, 53, 68, 31, 2, 0.06%, 8, 0, 7, 311.28
1733527260, 9, 54, 68, 31, 2, 0.06%, 8, 0, 7, 410.85
1733527265, 9, 54, 69, 32, 2, 0.06%, 8, 0, 7, 473.62
1733527342, 9, 59, 69, 31, 2, 0.06%, 8, 0, 7, 348.89
1733527429, 9, 60, 69, 30, 2, 0.06%, 8, 0, 7, 389.59
1733527516, 9, 66, 69, 29, 2, 0.06%, 8, 0, 7, 383.80
1733527578, 10, 18, 69, 28, 2, 0.06%, 8, 0, 7, 361.04
1733527588, 10, 40, 69, 28, 2, 0.06%, 8, 0, 7, 409.71
1733527603, 10, 44, 69, 28, 2, 0.06%, 8, 0, 7, 330.03
1733527623, 10, 45, 69, 28, 2, 0.06%, 8, 0, 7, 405.44
1733527638, 10, 46, 69, 28, 2, 0.06%, 8, 0, 7, 351.68
1733527643, 10, 47, 69, 28, 2, 0.06%, 8, 0, 7, 300.25
1733527648, 10, 48, 69, 28, 2, 0.06%, 8, 0, 7, 353.13
1733527668, 10, 49, 69, 28, 2, 0.06%, 8, 0, 7, 396.61
1733527689, 10, 50, 69, 28, 2, 0.06%, 8, 0, 7, 415.17
1733528065, 10, 51, 69, 27, 2, 0.06%, 8, 0, 7, 348.49
1733528070, 10, 52, 69, 27, 2, 0.06%, 8, 0, 7, 333.57
1733528075, 10, 53, 69, 27, 2, 0.06%, 8, 0, 7, 310.70
1733528080, 10, 54, 69, 27, 2, 0.06%, 8, 0, 7, 385.53
1733528095, 10, 55, 69, 27, 2, 0.06%, 8, 0, 7, 368.96
1733528115, 10, 56, 69, 27, 2, 0.06%, 8, 0, 7, 303.66
1733528136, 10, 57, 69, 27, 2, 0.06%, 8, 0, 7, 305.89
1733528156, 10, 58, 69, 27, 2, 0.06%, 8, 0, 7, 391.25
1733528252, 10, 59, 69, 26, 2, 0.06%, 8, 0, 7, 365.29
1733528273, 10, 60, 69, 26, 2, 0.06%, 8, 0, 7, 442.35
1733528288, 10, 61, 69, 26, 2, 0.06%, 8, 0, 7, 281.70
1733528359, 10, 61, 71, 28, 2, 0.06%, 8, 0, 8, 486.98
1733528731, 10, 62, 71, 27, 2, 0.06%, 8, 0, 8, 402.71
1733528741, 10, 62, 72, 28, 2, 0.06%, 8, 0, 8, 488.43
1733528756, 10, 62, 73, 29, 2, 0.06%, 8, 0, 8, 482.75
1733528817, 10, 64, 73, 28, 2, 0.06%, 8, 0, 8, 287.57
1733528888, 10, 65, 73, 27, 2, 0.06%, 8, 0, 8, 388.76
1733529005, 10, 66, 73, 26, 2, 0.06%, 8, 0, 8, 409.18
1733529020, 11, 18, 73, 26, 2, 0.06%, 8, 0, 8, 293.04
1733529025, 11, 40, 73, 26, 2, 0.06%, 8, 0, 8, 365.58
1733529030, 11, 44, 73, 26, 2, 0.06%, 8, 0, 8, 339.37
1733529035, 11, 45, 73, 26, 2, 0.06%, 8, 0, 8, 345.21
1733529040, 11, 47, 73, 26, 2, 0.06%, 8, 0, 8, 312.10
1733529045, 11, 66, 73, 26, 2, 0.06%, 8, 0, 8, 381.28
1733529055, 12, 18, 73, 26, 2, 0.06%, 8, 0, 8, 316.19
1733529061, 12, 44, 73, 26, 2, 0.06%, 8, 0, 8, 303.88
1733529066, 12, 45, 73, 26, 2, 0.06%, 8, 0, 8, 323.18
1733529071, 12, 47, 73, 26, 2, 0.06%, 8, 0, 8, 323.92
1733529076, 12, 66, 73, 26, 2, 0.06%, 8, 0, 8, 330.16
1733529081, 13, 18, 73, 26, 2, 0.06%, 8, 0, 8, 359.35
1733529086, 13, 40, 73, 26, 2, 0.06%, 8, 0, 8, 360.53
1733529091, 13, 44, 73, 26, 2, 0.06%, 8, 0, 8, 320.03
1733529096, 13, 45, 73, 26, 2, 0.06%, 8, 0, 8, 337.22
1733529101, 13, 47, 73, 26, 2, 0.06%, 8, 0, 8, 313.75
1733529106, 13, 66, 73, 26, 2, 0.06%, 8, 0, 8, 338.42
1733529112, 14, 18, 73, 26, 2, 0.06%, 8, 0, 8, 320.43
1733529117, 14, 40, 73, 26, 2, 0.06%, 8, 0, 8, 308.98
1733529122, 14, 44, 73, 26, 2, 0.06%, 8, 0, 8, 318.78
1733529127, 14, 47, 73, 26, 2, 0.06%, 8, 0, 8, 322.83
1733529132, 14, 66, 73, 26, 2, 0.06%, 8, 0, 8, 323.58
1733529137, 15, 18, 73, 26, 2, 0.06%, 8, 0, 8, 353.59
1733529142, 15, 40, 73, 26, 2, 0.06%, 8, 0, 8, 355.50
1733529147, 15, 44, 73, 26, 2, 0.06%, 8, 0, 8, 341.23
1733529152, 15, 45, 73, 26, 2, 0.06%, 8, 0, 8, 333.95
1733529157, 15, 47, 73, 26, 2, 0.06%, 8, 0, 8, 321.01
1733529162, 15, 66, 73, 26, 2, 0.06%, 8, 0, 8, 341.36
1733529167, 16, 18, 73, 26, 2, 0.06%, 8, 0, 8, 328.98
1733529172, 16, 40, 73, 26, 2, 0.06%, 8, 0, 8, 328.81
1733529177, 16, 44, 73, 26, 2, 0.06%, 8, 0, 8, 312.04
1733529182, 16, 47, 73, 26, 2, 0.06%, 8, 0, 8, 313.89
1733529188, 16, 66, 73, 26, 2, 0.06%, 8, 0, 8, 315.23
1733529193, 17, 18, 73, 26, 2, 0.06%, 8, 0, 8, 332.94
1733529198, 17, 40, 73, 26, 2, 0.06%, 8, 0, 8, 340.51
1733529203, 17, 44, 73, 26, 2, 0.06%, 8, 0, 8, 335.23
1733529208, 17, 45, 73, 26, 2, 0.06%, 8, 0, 8, 352.30
1733529213, 17, 47, 73, 26, 2, 0.06%, 8, 0, 8, 326.14
1733529218, 17, 66, 73, 26, 2, 0.06%, 8, 0, 8, 339.51
1733529223, 18, 18, 73, 26, 2, 0.06%, 8, 0, 8, 332.34
1733529228, 18, 40, 73, 26, 2, 0.06%, 8, 0, 8, 319.04
1733529233, 18, 44, 73, 26, 2, 0.06%, 8, 0, 8, 303.16
1733529238, 18, 45, 73, 26, 2, 0.06%, 8, 0, 8, 313.76
1733529243, 18, 47, 73, 26, 2, 0.06%, 8, 0, 8, 315.70
1733529248, 18, 66, 73, 26, 2, 0.06%, 8, 0, 8, 322.55
1733529253, 19, 18, 73, 26, 2, 0.06%, 8, 0, 8, 308.21
1733529259, 19, 44, 73, 26, 2, 0.06%, 8, 0, 8, 320.39
1733529264, 19, 45, 73, 26, 2, 0.06%, 8, 0, 8, 329.16
1733529269, 19, 47, 73, 26, 2, 0.06%, 8, 0, 8, 315.26
1733529274, 19, 66, 73, 26, 2, 0.06%, 8, 0, 8, 325.06
1733529279, 20, 18, 73, 26, 2, 0.06%, 8, 0, 8, 334.62
1733529284, 20, 40, 73, 26, 2, 0.06%, 8, 0, 8, 355.35
1733529289, 20, 44, 73, 26, 2, 0.06%, 8, 0, 8, 331.10
1733529294, 20, 45, 73, 26, 2, 0.06%, 8, 0, 8, 338.81
1733529299, 20, 47, 73, 26, 2, 0.06%, 8, 0, 8, 319.74
1733529304, 20, 66, 73, 26, 2, 0.06%, 8, 0, 8, 340.73
1733529309, 21, 18, 73, 26, 2, 0.06%, 8, 0, 8, 321.48
1733529314, 21, 40, 73, 26, 2, 0.06%, 8, 0, 8, 323.18
1733529319, 21, 44, 73, 26, 2, 0.06%, 8, 0, 8, 312.09
1733529324, 21, 45, 73, 26, 2, 0.06%, 8, 0, 8, 312.89
1733529329, 21, 47, 73, 26, 2, 0.06%, 8, 0, 8, 300.50
1733529335, 21, 66, 73, 26, 2, 0.06%, 8, 0, 8, 331.22
1733529340, 22, 40, 73, 26, 2, 0.06%, 8, 0, 8, 333.48
1733529345, 22, 44, 73, 26, 2, 0.06%, 8, 0, 8, 327.92
1733529350, 22, 45, 73, 26, 2, 0.06%, 8, 0, 8, 335.86
1733529355, 22, 47, 73, 26, 2, 0.06%, 8, 0, 8, 320.15
1733529360, 22, 66, 73, 26, 2, 0.06%, 8, 0, 8, 328.54
1733529365, 23, 18, 73, 26, 2, 0.06%, 8, 0, 8, 339.42
1733529370, 23, 40, 74, 27, 2, 0.06%, 8, 0, 8, 374.43
1733529376, 23, 44, 74, 27, 2, 0.06%, 8, 0, 8, 345.97
1733529381, 23, 45, 74, 27, 2, 0.06%, 8, 0, 8, 355.56
1733529386, 23, 47, 74, 27, 2, 0.06%, 8, 0, 8, 310.82
1733529391, 23, 66, 74, 27, 2, 0.06%, 8, 0, 8, 343.63
1733529396, 23, 73, 74, 27, 2, 0.06%, 8, 0, 8, 310.89
1733529401, 23, 73, 75, 28, 2, 0.06%, 8, 0, 8, 402.71
1733529748, 23, 74, 75, 27, 2, 0.06%, 8, 0, 8, 342.61
1733529844, 24, 13, 75, 26, 2, 0.06%, 8, 0, 8, 380.08
1733529854, 24, 16, 75, 26, 2, 0.06%, 8, 0, 8, 335.80
1733529859, 24, 32, 75, 26, 2, 0.06%, 8, 0, 8, 363.38
1733529890, 24, 33, 75, 25, 2, 0.06%, 8, 0, 8, 375.90
1733529931, 24, 34, 75, 24, 2, 0.06%, 8, 0, 8, 447.31
1733529967, 24, 35, 75, 23, 2, 0.06%, 8, 0, 8, 412.96
1733529982, 24, 36, 75, 23, 2, 0.06%, 8, 0, 8, 385.29
1733529997, 24, 37, 75, 23, 2, 0.06%, 8, 0, 8, 336.00
1733530017, 24, 38, 75, 23, 2, 0.06%, 8, 0, 8, 477.71
1733530058, 24, 39, 75, 22, 2, 0.06%, 8, 0, 8, 373.77
1733530099, 24, 43, 75, 21, 2, 0.06%, 8, 0, 8, 322.99
1733530119, 24, 46, 75, 21, 2, 0.06%, 8, 0, 8, 351.15
1733530124, 24, 51, 75, 21, 2, 0.06%, 8, 0, 8, 347.89
1733530129, 24, 52, 75, 21, 2, 0.06%, 8, 0, 8, 342.18
1733530134, 24, 53, 75, 21, 2, 0.06%, 8, 0, 8, 336.73
1733530139, 24, 54, 75, 21, 2, 0.06%, 8, 0, 8, 341.97
1733530144, 24, 56, 75, 21, 2, 0.06%, 8, 0, 8, 313.35
1733530149, 24, 57, 75, 21, 2, 0.06%, 8, 0, 8, 317.30
1733530154, 24, 58, 75, 21, 2, 0.06%, 8, 0, 8, 352.08
1733530175, 24, 59, 75, 21, 2, 0.06%, 8, 0, 8, 332.58
1733530180, 24, 60, 75, 21, 2, 0.06%, 8, 0, 8, 360.16
1733530185, 24, 61, 75, 21, 2, 0.06%, 8, 0, 8, 320.20
1733530205, 24, 62, 75, 21, 2, 0.06%, 8, 0, 8, 418.16
1733530220, 24, 63, 75, 21, 2, 0.06%, 8, 0, 8, 354.79
1733530332, 24, 64, 75, 20, 2, 0.06%, 8, 0, 8, 330.37
1733530352, 24, 65, 75, 20, 2, 0.06%, 8, 0, 8, 336.24
1733530372, 24, 71, 76, 21, 2, 0.06%, 8, 0, 9, 339.92
1733530454, 24, 72, 76, 20, 2, 0.06%, 8, 0, 9, 409.90
1733530546, 24, 72, 77, 21, 2, 0.06%, 8, 0, 9, 487.27
1733530566, 24, 72, 78, 22, 2, 0.06%, 8, 0, 9, 477.27
1733530602, 24, 75, 78, 21, 2, 0.06%, 8, 0, 9, 369.49
1733530684, 24, 76, 78, 20, 2, 0.06%, 8, 0, 9, 390.18
1733530780, 24, 77, 78, 19, 2, 0.06%, 8, 0, 9, 346.87
1733530984, 25, 16, 78, 18, 2, 0.06%, 8, 0, 9, 370.86
1733530989, 25, 32, 78, 18, 2, 0.06%, 8, 0, 9, 383.48
1733530999, 25, 33, 78, 18, 2, 0.06%, 8, 0, 9, 336.38
1733531005, 25, 34, 78, 18, 2, 0.06%, 8, 0, 9, 375.80
1733531015, 25, 42, 78, 18, 2, 0.06%, 8, 0, 9, 362.19
1733531020, 25, 43, 78, 18, 2, 0.06%, 8, 0, 9, 353.82
1733531025, 25, 56, 78, 18, 2, 0.06%, 8, 0, 9, 319.71
1733531030, 25, 57, 78, 18, 2, 0.06%, 8, 0, 9, 323.68
1733531035, 25, 58, 78, 18, 2, 0.06%, 8, 0, 9, 349.19
1733531040, 25, 62, 78, 18, 2, 0.06%, 8, 0, 9, 355.16
1733531045, 25, 64, 78, 18, 2, 0.06%, 8, 0, 9, 359.02
1733531050, 25, 65, 78, 18, 2, 0.06%, 8, 0, 9, 337.07
1733531055, 25, 71, 78, 18, 2, 0.06%, 8, 0, 9, 371.77
1733531081, 25, 72, 78, 18, 2, 0.06%, 8, 0, 9, 352.14
1733531106, 25, 75, 78, 18, 2, 0.06%, 8, 0, 9, 273.61
1733531132, 25, 76, 78, 18, 2, 0.06%, 8, 0, 9, 351.19
1733531157, 25, 77, 78, 18, 2, 0.06%, 8, 0, 9, 362.71
1733531187, 26, 16, 78, 18, 2, 0.06%, 8, 0, 9, 329.22
1733531193, 26, 32, 78, 18, 2, 0.06%, 8, 0, 9, 326.82
1733531198, 26, 33, 78, 18, 2, 0.06%, 8, 0, 9, 360.87
1733531208, 26, 34, 78, 18, 2, 0.06%, 8, 0, 9, 380.36
1733531218, 26, 42, 78, 18, 2, 0.06%, 8, 0, 9, 337.17
1733531223, 26, 43, 78, 18, 2, 0.06%, 8, 0, 9, 335.63
1733531228, 26, 56, 78, 18, 2, 0.06%, 8, 0, 9, 317.36
1733531233, 26, 57, 78, 18, 2, 0.06%, 8, 0, 9, 317.52
1733531238, 26, 58, 78, 18, 2, 0.06%, 8, 0, 9, 356.17
1733531243, 26, 62, 78, 18, 2, 0.06%, 8, 0, 9, 342.23
1733531248, 26, 64, 78, 18, 2, 0.06%, 8, 0, 9, 349.14
1733531253, 26, 65, 78, 18, 2, 0.06%, 8, 0, 9, 331.14
1733531258, 26, 71, 78, 18, 2, 0.06%, 8, 0, 9, 407.54
1733531268, 26, 72, 78, 18, 2, 0.06%, 8, 0, 9, 328.56
1733531284, 26, 75, 78, 18, 2, 0.06%, 8, 0, 9, 326.27
1733531309, 26, 76, 78, 18, 2, 0.06%, 8, 0, 9, 332.79
1733531334, 26, 77, 78, 18, 2, 0.06%, 8, 0, 9, 343.96
1733531365, 27, 32, 78, 18, 2, 0.06%, 8, 0, 9, 349.30
1733531375, 27, 33, 78, 18, 2, 0.06%, 8, 0, 9, 356.46
1733531385, 27, 34, 78, 18, 2, 0.06%, 8, 0, 9, 402.68
1733531395, 27, 42, 78, 18, 2, 0.06%, 8, 0, 9, 348.49
1733531400, 27, 43, 78, 18, 2, 0.06%, 8, 0, 9, 343.42
1733531405, 27, 56, 78, 18, 2, 0.06%, 8, 0, 9, 309.39
1733531410, 27, 57, 78, 18, 2, 0.06%, 8, 0, 9, 324.97
1733531415, 27, 58, 78, 18, 2, 0.06%, 8, 0, 9, 343.90
1733531420, 27, 62, 78, 18, 2, 0.06%, 8, 0, 9, 345.94
1733531425, 27, 64, 78, 18, 2, 0.06%, 8, 0, 9, 345.25
1733531430, 27, 65, 78, 18, 2, 0.06%, 8, 0, 9, 336.82
1733531435, 27, 71, 78, 18, 2, 0.06%, 8, 0, 9, 386.40
1733531446, 27, 72, 78, 18, 2, 0.06%, 8, 0, 9, 353.73
1733531461, 27, 75, 78, 18, 2, 0.06%, 8, 0, 9, 370.70
1733531486, 27, 76, 78, 18, 2, 0.06%, 8, 0, 9, 327.32
1733531517, 27, 77, 78, 18, 2, 0.06%, 8, 0, 9, 375.20
1733531542, 28, 16, 78, 18, 2, 0.06%, 8, 0, 9, 357.08
1733531547, 28, 32, 78, 18, 2, 0.06%, 8, 0, 9, 326.87
1733531552, 28, 34, 78, 18, 2, 0.06%, 8, 0, 9, 333.99
1733531557, 28, 42, 78, 18, 2, 0.06%, 8, 0, 9, 329.37
1733531562, 28, 43, 78, 18, 2, 0.06%, 8, 0, 9, 346.75
1733531568, 28, 56, 78, 18, 2, 0.06%, 8, 0, 9, 313.45
1733531573, 28, 57, 78, 18, 2, 0.06%, 8, 0, 9, 301.43
1733531578, 28, 58, 78, 18, 2, 0.06%, 8, 0, 9, 334.30
1733531583, 28, 62, 78, 18, 2, 0.06%, 8, 0, 9, 361.87
1733531588, 28, 64, 78, 18, 2, 0.06%, 8, 0, 9, 325.67
1733531593, 28, 65, 78, 18, 2, 0.06%, 8, 0, 9, 337.51
1733531598, 28, 71, 78, 18, 2, 0.06%, 8, 0, 9, 329.14
1733531608, 28, 72, 78, 18, 2, 0.06%, 8, 0, 9, 326.55
1733531618, 28, 75, 78, 18, 2, 0.06%, 8, 0, 9, 423.05
1733531644, 28, 76, 78, 18, 2, 0.06%, 8, 0, 9, 421.03
1733531664, 28, 77, 78, 18, 2, 0.06%, 8, 0, 9, 393.80
1733531694, 29, 13, 78, 18, 2, 0.06%, 8, 0, 9, 371.29
1733531699, 29, 14, 78, 18, 2, 0.06%, 8, 0, 9, 348.94
1733531709, 29, 15, 78, 18, 2, 0.06%, 8, 0, 9, 386.48
1733531719, 29, 16, 78, 18, 2, 0.06%, 8, 0, 9, 346.36
1733531724, 29, 17, 78, 18, 2, 0.06%, 8, 0, 9, 318.26
1733531730, 29, 18, 78, 18, 2, 0.06%, 8, 0, 9, 315.36
1733531735, 29, 26, 78, 18, 2, 0.06%, 8, 0, 9, 329.18
1733531770, 29, 27, 78, 17, 1, 0.06%, 8, 0, 9, 313.20
1733531811, 29, 28, 78, 16, 1, 0.06%, 8, 0, 9, 398.48
1733531846, 29, 29, 78, 15, 1, 0.06%, 8, 0, 9, 360.89
1733531887, 29, 30, 78, 14, 1, 0.06%, 8, 0, 9, 389.39
1733531917, 29, 31, 78, 13, 1, 0.06%, 8, 0, 9, 298.77
1733531927, 29, 32, 78, 13, 1, 0.06%, 8, 0, 9, 353.65
1733531932, 29, 33, 78, 13, 1, 0.06%, 8, 0, 9, 358.34
1733531937, 29, 34, 78, 13, 1, 0.06%, 8, 0, 9, 364.94
1733531942, 29, 35, 78, 13, 1, 0.06%, 8, 0, 9, 337.38
1733531947, 29, 36, 78, 13, 1, 0.06%, 8, 0, 9, 331.28
1733531952, 29, 38, 78, 13, 1, 0.06%, 8, 0, 9, 323.68
1733531972, 29, 39, 78, 13, 1, 0.06%, 8, 0, 9, 461.11
1733531988, 29, 40, 78, 13, 1, 0.06%, 8, 0, 9, 331.09
1733531993, 29, 41, 78, 13, 1, 0.06%, 8, 0, 9, 298.58
1733532043, 29, 42, 78, 12, 1, 0.06%, 8, 0, 9, 329.91
1733532048, 29, 43, 78, 12, 1, 0.06%, 8, 0, 9, 359.34
1733532053, 29, 44, 78, 12, 1, 0.06%, 8, 0, 9, 335.83
1733532058, 29, 45, 78, 12, 1, 0.06%, 8, 0, 9, 330.34
1733532063, 29, 47, 78, 12, 1, 0.06%, 8, 0, 9, 325.33
1733532069, 29, 48, 78, 12, 1, 0.06%, 8, 0, 9, 302.33
1733532074, 29, 49, 78, 12, 1, 0.06%, 8, 0, 9, 318.46
1733532079, 29, 50, 78, 12, 1, 0.06%, 8, 0, 9, 367.28
1733532104, 29, 51, 78, 12, 1, 0.06%, 8, 0, 9, 359.27
1733532109, 29, 52, 78, 12, 1, 0.06%, 8, 0, 9, 354.17
1733532114, 29, 53, 78, 12, 1, 0.06%, 8, 0, 9, 335.85
1733532119, 29, 54, 78, 12, 1, 0.06%, 8, 0, 9, 345.13
1733532125, 29, 55, 78, 12, 1, 0.06%, 8, 0, 9, 380.24
1733532130, 29, 56, 78, 12, 1, 0.06%, 8, 0, 9, 325.85
1733532135, 29, 57, 78, 12, 1, 0.06%, 8, 0, 9, 305.63
1733532140, 29, 58, 78, 12, 1, 0.06%, 8, 0, 9, 322.61
1733532145, 29, 59, 78, 12, 1, 0.06%, 8, 0, 9, 320.29
1733532150, 29, 60, 78, 12, 1, 0.06%, 8, 0, 9, 329.48
1733532160, 29, 61, 78, 12, 1, 0.06%, 8, 0, 9, 264.57
1733532170, 29, 62, 78, 12, 1, 0.06%, 8, 0, 9, 348.73
1733532175, 29, 63, 78, 12, 1, 0.06%, 8, 0, 9, 332.00
1733532190, 29, 64, 78, 12, 1, 0.06%, 8, 0, 9, 325.51
1733532195, 29, 65, 78, 12, 1, 0.06%, 8, 0, 9, 327.72
1733532205, 29, 66, 78, 12, 1, 0.06%, 8, 0, 9, 366.64
1733532210, 29, 67, 78, 12, 1, 0.06%, 8, 0, 9, 400.82
1733532359, 29, 68, 78, 11, 1, 0.06%, 8, 0, 9, 388.24
1733532451, 29, 69, 78, 10, 1, 0.06%, 8, 0, 9, 321.95
1733532609, 29, 70, 78, 9, 1, 0.06%, 8, 0, 9, 378.21
1733532762, 29, 71, 78, 8, 1, 0.06%, 8, 0, 9, 295.85
1733532772, 29, 72, 78, 8, 1, 0.06%, 8, 0, 9, 347.18
1733532782, 29, 73, 78, 8, 1, 0.06%, 8, 0, 9, 266.26
1733532803, 29, 74, 78, 8, 1, 0.06%, 8, 0, 9, 310.04
1733532823, 29, 75, 78, 8, 1, 0.06%, 8, 0, 9, 419.55
1733532843, 29, 76, 78, 8, 1, 0.06%, 8, 0, 9, 339.11
1733532874, 29, 77, 78, 8, 1, 0.06%, 8, 0, 9, 399.33
1733532899, 30, 13, 78, 8, 1, 0.06%, 8, 0, 9, 346.52
1733532904, 30, 16, 78, 8, 1, 0.06%, 8, 0, 9, 326.49
1733532909, 30, 17, 78, 8, 1, 0.06%, 8, 0, 9, 356.31
1733532919, 30, 18, 78, 8, 1, 0.06%, 8, 0, 9, 323.07
1733532925, 30, 26, 78, 8, 1, 0.06%, 8, 0, 9, 336.00
1733532930, 30, 27, 78, 8, 1, 0.06%, 8, 0, 9, 342.65
1733532940, 30, 28, 78, 8, 1, 0.06%, 8, 0, 9, 378.07
1733532950, 30, 29, 78, 8, 1, 0.06%, 8, 0, 9, 364.96
1733532955, 30, 30, 78, 8, 1, 0.06%, 8, 0, 9, 332.75
1733532965, 30, 32, 78, 8, 1, 0.06%, 8, 0, 9, 345.41
1733532970, 30, 33, 78, 8, 1, 0.06%, 8, 0, 9, 341.45
1733532976, 30, 34, 78, 8, 1, 0.06%, 8, 0, 9, 348.92
1733532981, 30, 35, 78, 8, 1, 0.06%, 8, 0, 9, 320.60
1733532986, 30, 36, 78, 8, 1, 0.06%, 8, 0, 9, 319.57
1733532991, 30, 38, 78, 8, 1, 0.06%, 8, 0, 9, 354.39
1733532996, 30, 39, 78, 8, 1, 0.06%, 8, 0, 9, 382.24
1733533001, 30, 40, 78, 8, 1, 0.06%, 8, 0, 9, 359.47
1733533006, 30, 42, 78, 8, 1, 0.06%, 8, 0, 9, 356.37
1733533011, 30, 43, 78, 8, 1, 0.06%, 8, 0, 9, 347.22
1733533016, 30, 44, 78, 8, 1, 0.06%, 8, 0, 9, 329.89
1733533021, 30, 45, 78, 8, 1, 0.06%, 8, 0, 9, 315.87
1733533026, 30, 47, 78, 8, 1, 0.06%, 8, 0, 9, 329.28
1733533031, 30, 51, 78, 8, 1, 0.06%, 8, 0, 9, 315.75
1733533037, 30, 52, 78, 8, 1, 0.06%, 8, 0, 9, 314.93
1733533042, 30, 53, 78, 8, 1, 0.06%, 8, 0, 9, 336.73
1733533052, 30, 54, 78, 8, 1, 0.06%, 8, 0, 9, 360.20
1733533057, 30, 56, 78, 8, 1, 0.06%, 8, 0, 9, 318.56
1733533062, 30, 57, 78, 8, 1, 0.06%, 8, 0, 9, 336.94
1733533067, 30, 58, 78, 8, 1, 0.06%, 8, 0, 9, 334.84
1733533072, 30, 59, 78, 8, 1, 0.06%, 8, 0, 9, 353.84
1733533077, 30, 60, 78, 8, 1, 0.06%, 8, 0, 9, 355.03
1733533082, 30, 61, 78, 8, 1, 0.06%, 8, 0, 9, 323.80
1733533092, 30, 62, 78, 8, 1, 0.06%, 8, 0, 9, 374.88
1733533097, 30, 63, 78, 8, 1, 0.06%, 8, 0, 9, 340.34
1733533103, 30, 64, 78, 8, 1, 0.06%, 8, 0, 9, 371.76
1733533108, 30, 65, 78, 8, 1, 0.06%, 8, 0, 9, 335.98
1733533113, 30, 66, 78, 8, 1, 0.06%, 8, 0, 9, 339.96
1733533118, 30, 68, 78, 8, 1, 0.06%, 8, 0, 9, 314.86
1733533138, 30, 69, 78, 8, 1, 0.06%, 8, 0, 9, 390.45
1733533163, 30, 70, 78, 8, 1, 0.06%, 8, 0, 9, 345.66
1733533189, 30, 71, 78, 8, 1, 0.06%, 8, 0, 9, 270.52
1733533199, 30, 72, 78, 8, 1, 0.06%, 8, 0, 9, 390.11
1733533204, 30, 73, 78, 8, 1, 0.06%, 8, 0, 9, 382.10
1733533230, 30, 74, 78, 8, 1, 0.06%, 8, 0, 9, 388.47
1733533250, 30, 75, 78, 8, 1, 0.06%, 8, 0, 9, 354.44
1733533255, 30, 76, 78, 8, 1, 0.06%, 8, 0, 9, 392.27
1733533265, 30, 77, 78, 8, 1, 0.06%, 8, 0, 9, 392.86
1733533276, 31, 16, 78, 8, 1, 0.06%, 8, 0, 9, 371.73
1733533281, 31, 17, 78, 8, 1, 0.06%, 8, 0, 9, 351.35
1733533286, 31, 18, 78, 8, 1, 0.06%, 8, 0, 9, 330.23
1733533291, 31, 26, 78, 8, 1, 0.06%, 8, 0, 9, 349.91
1733533301, 31, 27, 78, 8, 1, 0.06%, 8, 0, 9, 356.89
1733533306, 31, 28, 78, 8, 1, 0.06%, 8, 0, 9, 313.92
1733533316, 31, 29, 78, 8, 1, 0.06%, 8, 0, 9, 384.44
1733533327, 31, 30, 78, 8, 1, 0.06%, 8, 0, 9, 347.60
1733533332, 31, 32, 78, 8, 1, 0.06%, 8, 0, 9, 309.66
1733533337, 31, 33, 78, 8, 1, 0.06%, 8, 0, 9, 354.08
1733533342, 31, 34, 78, 8, 1, 0.06%, 8, 0, 9, 375.80
1733533347, 31, 35, 78, 8, 1, 0.06%, 8, 0, 9, 345.19
1733533352, 31, 36, 78, 8, 1, 0.06%, 8, 0, 9, 343.03
1733533357, 31, 37, 78, 8, 1, 0.06%, 8, 0, 9, 328.76
1733533362, 31, 38, 78, 8, 1, 0.06%, 8, 0, 9, 341.78
1733533367, 31, 40, 78, 8, 1, 0.06%, 8, 0, 9, 336.04
1733533372, 31, 42, 78, 8, 1, 0.06%, 8, 0, 9, 349.33
1733533377, 31, 43, 78, 8, 1, 0.06%, 8, 0, 9, 356.23
1733533382, 31, 44, 78, 8, 1, 0.06%, 8, 0, 9, 341.87
1733533387, 31, 45, 78, 8, 1, 0.06%, 8, 0, 9, 345.56
1733533393, 31, 46, 78, 8, 1, 0.06%, 8, 0, 9, 355.57
1733533398, 31, 47, 78, 8, 1, 0.06%, 8, 0, 9, 322.36
1733533403, 31, 51, 78, 8, 1, 0.06%, 8, 0, 9, 341.42
1733533408, 31, 52, 78, 8, 1, 0.06%, 8, 0, 9, 341.03
1733533413, 31, 53, 78, 8, 1, 0.06%, 8, 0, 9, 324.16
1733533418, 31, 54, 78, 8, 1, 0.06%, 8, 0, 9, 363.11
1733533423, 31, 56, 78, 8, 1, 0.06%, 8, 0, 9, 324.57
1733533428, 31, 57, 78, 8, 1, 0.06%, 8, 0, 9, 332.50
1733533433, 31, 58, 78, 8, 1, 0.06%, 8, 0, 9, 346.64
1733533438, 31, 59, 78, 8, 1, 0.06%, 8, 0, 9, 332.03
1733533443, 31, 60, 78, 8, 1, 0.06%, 8, 0, 9, 332.20
1733533448, 31, 61, 78, 8, 1, 0.06%, 8, 0, 9, 393.60
1733533459, 31, 62, 78, 8, 1, 0.06%, 8, 0, 9, 354.44
1733533464, 31, 63, 78, 8, 1, 0.06%, 8, 0, 9, 328.32
1733533474, 31, 64, 78, 8, 1, 0.06%, 8, 0, 9, 352.77
1733533479, 31, 65, 78, 8, 1, 0.06%, 8, 0, 9, 328.26
1733533484, 31, 66, 78, 8, 1, 0.06%, 8, 0, 9, 348.00
1733533489, 31, 68, 78, 8, 1, 0.06%, 8, 0, 9, 380.92
1733533494, 31, 69, 78, 8, 1, 0.06%, 8, 0, 9, 358.23
1733533510, 31, 70, 78, 8, 1, 0.06%, 8, 0, 9, 350.56
1733533525, 31, 71, 78, 8, 1, 0.06%, 8, 0, 9, 368.99
1733533530, 31, 72, 78, 8, 1, 0.06%, 8, 0, 9, 360.99
1733533540, 31, 73, 78, 8, 1, 0.06%, 8, 0, 9, 267.28
1733533560, 31, 74, 78, 8, 1, 0.06%, 8, 0, 9, 343.15
1733533581, 31, 75, 78, 8, 1, 0.06%, 8, 0, 9, 357.48
1733533586, 31, 76, 78, 8, 1, 0.06%, 8, 0, 9, 322.15
1733533596, 31, 77, 78, 8, 1, 0.06%, 8, 0, 9, 328.35
1733533606, 32, 13, 78, 8, 1, 0.06%, 8, 0, 9, 335.42
1733533611, 32, 17, 78, 8, 1, 0.06%, 8, 0, 9, 341.42
1733533616, 32, 18, 78, 8, 1, 0.06%, 8, 0, 9, 336.05
1733533621, 32, 26, 78, 8, 1, 0.06%, 8, 0, 9, 339.97
1733533626, 32, 27, 78, 8, 1, 0.06%, 8, 0, 9, 353.69
1733533631, 32, 28, 78, 8, 1, 0.06%, 8, 0, 9, 347.24
1733533636, 32, 29, 78, 8, 1, 0.06%, 8, 0, 9, 341.90
1733533641, 32, 30, 78, 8, 1, 0.06%, 8, 0, 9, 330.57
1733533646, 32, 33, 78, 8, 1, 0.06%, 8, 0, 9, 327.22
1733533651, 32, 34, 78, 8, 1, 0.06%, 8, 0, 9, 386.92
1733533656, 32, 35, 78, 8, 1, 0.06%, 8, 0, 9, 360.00
1733533661, 32, 36, 78, 8, 1, 0.06%, 8, 0, 9, 343.51
1733533666, 32, 37, 78, 8, 1, 0.06%, 8, 0, 9, 328.57
1733533672, 32, 38, 78, 8, 1, 0.06%, 8, 0, 9, 335.14
1733533677, 32, 40, 78, 8, 1, 0.06%, 8, 0, 9, 348.71
1733533682, 32, 42, 78, 8, 1, 0.06%, 8, 0, 9, 342.53
1733533687, 32, 43, 78, 8, 1, 0.06%, 8, 0, 9, 332.93
1733533692, 32, 44, 78, 8, 1, 0.06%, 8, 0, 9, 358.52
1733533697, 32, 45, 78, 8, 1, 0.06%, 8, 0, 9, 355.16
1733533702, 32, 46, 78, 8, 1, 0.06%, 8, 0, 9, 354.09
1733533707, 32, 47, 78, 8, 1, 0.06%, 8, 0, 9, 316.28
1733533712, 32, 51, 78, 8, 1, 0.06%, 8, 0, 9, 337.76
1733533717, 32, 52, 78, 8, 1, 0.06%, 8, 0, 9, 333.14
1733533722, 32, 53, 78, 8, 1, 0.06%, 8, 0, 9, 327.25
1733533727, 32, 54, 78, 8, 1, 0.06%, 8, 0, 9, 365.22
1733533732, 32, 56, 78, 8, 1, 0.06%, 8, 0, 9, 325.95
1733533737, 32, 57, 78, 8, 1, 0.06%, 8, 0, 9, 319.90
1733533742, 32, 58, 78, 8, 1, 0.06%, 8, 0, 9, 317.88
1733533747, 32, 59, 78, 8, 1, 0.06%, 8, 0, 9, 324.37
1733533752, 32, 60, 78, 8, 1, 0.06%, 8, 0, 9, 322.67
1733533762, 32, 61, 78, 8, 1, 0.06%, 8, 0, 9, 258.74
1733533773, 32, 62, 78, 8, 1, 0.06%, 8, 0, 9, 348.45
1733533778, 32, 63, 78, 8, 1, 0.06%, 8, 0, 9, 334.93
1733533783, 32, 64, 78, 8, 1, 0.06%, 8, 0, 9, 349.04
1733533788, 32, 65, 78, 8, 1, 0.06%, 8, 0, 9, 327.04
1733533793, 32, 66, 78, 8, 1, 0.06%, 8, 0, 9, 337.07
1733533798, 32, 71, 78, 8, 1, 0.06%, 8, 0, 9, 378.29
1733533803, 32, 72, 78, 8, 1, 0.06%, 8, 0, 9, 361.94
1733533813, 32, 73, 78, 8, 1, 0.06%, 8, 0, 9, 338.43
1733533839, 32, 74, 78, 8, 1, 0.06%, 8, 0, 9, 387.26
1733533854, 32, 75, 78, 8, 1, 0.06%, 8, 0, 9, 316.21
1733533864, 32, 76, 78, 8, 1, 0.06%, 8, 0, 9, 379.09
1733533869, 32, 77, 78, 8, 1, 0.06%, 8, 0, 9, 363.28
1733533879, 33, 16, 78, 8, 1, 0.06%, 8, 0, 9, 388.22
1733533884, 33, 18, 78, 8, 1, 0.06%, 8, 0, 9, 346.94
1733533889, 33, 32, 78, 8, 1, 0.06%, 8, 0, 9, 337.41
1733533894, 33, 33, 78, 8, 1, 0.06%, 8, 0, 9, 322.15
1733533900, 33, 34, 78, 8, 1, 0.06%, 8, 0, 9, 324.63
1733533905, 33, 42, 78, 8, 1, 0.06%, 8, 0, 9, 328.71
1733533910, 33, 43, 78, 8, 1, 0.06%, 8, 0, 9, 321.89
1733533915, 33, 44, 78, 8, 1, 0.06%, 8, 0, 9, 333.73
1733533920, 33, 45, 78, 8, 1, 0.06%, 8, 0, 9, 349.27
1733533925, 33, 47, 78, 8, 1, 0.06%, 8, 0, 9, 324.30
1733533930, 33, 56, 78, 8, 1, 0.06%, 8, 0, 9, 312.63
1733533935, 33, 57, 78, 8, 1, 0.06%, 8, 0, 9, 317.27
1733533940, 33, 58, 78, 8, 1, 0.06%, 8, 0, 9, 308.27
1733533945, 33, 62, 78, 8, 1, 0.06%, 8, 0, 9, 362.57
1733533950, 33, 64, 78, 8, 1, 0.06%, 8, 0, 9, 346.03
1733533956, 33, 65, 78, 8, 1, 0.06%, 8, 0, 9, 315.75
1733533961, 33, 66, 78, 8, 1, 0.06%, 8, 0, 9, 317.94
1733533966, 33, 71, 78, 8, 1, 0.06%, 8, 0, 9, 335.78
1733533976, 33, 72, 78, 8, 1, 0.06%, 8, 0, 9, 384.09
1733533981, 33, 73, 78, 8, 1, 0.06%, 8, 0, 9, 383.95
1733533996, 33, 74, 78, 8, 1, 0.06%, 8, 0, 9, 307.44
1733534006, 33, 75, 78, 8, 1, 0.06%, 8, 0, 9, 351.99
1733534016, 33, 76, 78, 8, 1, 0.06%, 8, 0, 9, 374.02
1733534021, 33, 77, 78, 8, 1, 0.06%, 8, 0, 9, 311.87
1733534032, 34, 16, 78, 8, 1, 0.06%, 8, 0, 9, 352.42
1733534037, 34, 18, 78, 8, 1, 0.06%, 8, 0, 9, 317.51
1733534042, 34, 32, 78, 8, 1, 0.06%, 8, 0, 9, 327.07
1733534047, 34, 34, 78, 8, 1, 0.06%, 8, 0, 9, 327.45
1733534052, 34, 40, 78, 8, 1, 0.06%, 8, 0, 9, 365.06
1733534057, 34, 42, 78, 8, 1, 0.06%, 8, 0, 9, 373.96
1733534062, 34, 43, 78, 8, 1, 0.06%, 8, 0, 9, 371.91
1733534067, 34, 44, 78, 8, 1, 0.06%, 8, 0, 9, 347.59
1733534072, 34, 45, 78, 8, 1, 0.06%, 8, 0, 9, 342.56
1733534077, 34, 47, 78, 8, 1, 0.06%, 8, 0, 9, 303.49
1733534082, 34, 56, 78, 8, 1, 0.06%, 8, 0, 9, 319.87
1733534088, 34, 57, 78, 8, 1, 0.06%, 8, 0, 9, 317.95
1733534093, 34, 58, 78, 8, 1, 0.06%, 8, 0, 9, 347.88
1733534098, 34, 62, 78, 8, 1, 0.06%, 8, 0, 9, 361.25
1733534103, 34, 64, 78, 8, 1, 0.06%, 8, 0, 9, 375.37
1733534108, 34, 65, 78, 8, 1, 0.06%, 8, 0, 9, 341.06
1733534113, 34, 66, 78, 8, 1, 0.06%, 8, 0, 9, 356.61
1733534118, 34, 71, 78, 8, 1, 0.06%, 8, 0, 9, 353.36
1733534128, 34, 72, 78, 8, 1, 0.06%, 8, 0, 9, 372.76
1733534133, 34, 73, 78, 8, 1, 0.06%, 8, 0, 9, 385.64
1733534148, 34, 74, 78, 8, 1, 0.06%, 8, 0, 9, 326.53
1733534159, 34, 75, 78, 8, 1, 0.06%, 8, 0, 9, 363.87
1733534164, 34, 76, 78, 8, 1, 0.06%, 8, 0, 9, 372.09
1733534174, 34, 77, 78, 8, 1, 0.06%, 8, 0, 9, 320.68
1733534184, 35, 16, 78, 8, 1, 0.06%, 8, 0, 9, 344.37
1733534189, 35, 18, 78, 8, 1, 0.06%, 8, 0, 9, 331.46
1733534194, 35, 33, 78, 8, 1, 0.06%, 8, 0, 9, 352.78
1733534199, 35, 34, 78, 8, 1, 0.06%, 8, 0, 9, 366.65
1733534204, 35, 40, 78, 8, 1, 0.06%, 8, 0, 9, 367.27
1733534209, 35, 42, 78, 8, 1, 0.06%, 8, 0, 9, 358.09
1733534214, 35, 43, 79, 9, 1, 0.06%, 8, 0, 9, 367.24
1733534220, 35, 44, 79, 9, 1, 0.06%, 8, 0, 9, 333.57
1733534225, 35, 45, 79, 9, 1, 0.06%, 8, 0, 9, 339.56
1733534230, 35, 47, 79, 9, 1, 0.06%, 8, 0, 9, 303.51
1733534235, 35, 56, 79, 9, 1, 0.06%, 8, 0, 9, 307.31
1733534240, 35, 57, 79, 9, 1, 0.06%, 8, 0, 9, 332.42
1733534245, 35, 58, 79, 9, 1, 0.06%, 8, 0, 9, 366.12
1733534250, 35, 62, 79, 9, 1, 0.06%, 8, 0, 9, 350.41
1733534255, 35, 64, 79, 9, 1, 0.06%, 8, 0, 9, 363.06
1733534260, 35, 65, 79, 9, 1, 0.06%, 8, 0, 9, 333.35
1733534265, 35, 66, 79, 9, 1, 0.06%, 8, 0, 9, 352.70
1733534270, 35, 71, 79, 9, 1, 0.06%, 8, 0, 9, 344.09
1733534280, 35, 72, 79, 9, 1, 0.06%, 8, 0, 9, 388.14
1733534285, 35, 73, 79, 9, 1, 0.06%, 8, 0, 9, 367.66
1733534301, 35, 74, 79, 9, 1, 0.06%, 8, 0, 9, 381.44
1733534311, 35, 75, 79, 9, 1, 0.06%, 8, 0, 9, 374.85
1733534316, 35, 76, 79, 9, 1, 0.06%, 8, 0, 9, 322.33
1733534326, 35, 77, 79, 9, 1, 0.06%, 8, 0, 9, 364.38
1733534336, 35, 78, 79, 9, 1, 0.06%, 8, 0, 9, 359.22
1733534356, 35, 78, 80, 10, 1, 0.06%, 8, 0, 9, 455.12
1733534458, 35, 79, 80, 9, 1, 0.06%, 8, 0, 9, 359.83
1733534580, 36, 16, 80, 8, 1, 0.06%, 8, 0, 9, 354.98
1733534585, 36, 18, 80, 8, 1, 0.06%, 8, 0, 9, 326.54
1733534590, 36, 32, 80, 8, 1, 0.06%, 8, 0, 9, 321.92
1733534595, 36, 33, 80, 8, 1, 0.06%, 8, 0, 9, 328.17
1733534600, 36, 40, 80, 8, 1, 0.06%, 8, 0, 9, 325.04
1733534605, 36, 42, 80, 8, 1, 0.06%, 8, 0, 9, 322.15
1733534610, 36, 43, 80, 8, 1, 0.06%, 8, 0, 9, 322.69
1733534615, 36, 44, 80, 8, 1, 0.06%, 8, 0, 9, 328.76
1733534621, 36, 45, 80, 8, 1, 0.06%, 8, 0, 9, 360.61
1733534626, 36, 47, 80, 8, 1, 0.06%, 8, 0, 9, 318.57
1733534631, 36, 56, 80, 8, 1, 0.06%, 8, 0, 9, 312.03
1733534636, 36, 57, 80, 8, 1, 0.06%, 8, 0, 9, 332.19
1733534641, 36, 58, 80, 8, 1, 0.06%, 8, 0, 9, 368.36
1733534646, 36, 62, 80, 8, 1, 0.06%, 8, 0, 9, 371.38
1733534651, 36, 64, 80, 8, 1, 0.06%, 8, 0, 9, 382.70
1733534656, 36, 65, 80, 8, 1, 0.06%, 8, 0, 9, 342.04
1733534661, 36, 66, 80, 8, 1, 0.06%, 8, 0, 9, 348.36
1733534666, 36, 71, 80, 8, 1, 0.06%, 8, 0, 9, 307.07
1733534676, 36, 72, 80, 8, 1, 0.06%, 8, 0, 9, 383.45
1733534681, 36, 73, 80, 8, 1, 0.06%, 8, 0, 9, 417.15
1733534692, 36, 74, 80, 8, 1, 0.06%, 8, 0, 9, 320.48
1733534697, 36, 75, 80, 8, 1, 0.06%, 8, 0, 9, 325.18
1733534707, 36, 76, 80, 8, 1, 0.06%, 8, 0, 9, 372.15
1733534712, 36, 77, 80, 8, 1, 0.06%, 8, 0, 9, 356.36
1733534722, 36, 78, 80, 8, 1, 0.06%, 8, 0, 9, 335.41
1733534742, 36, 79, 80, 8, 1, 0.06%, 8, 0, 9, 322.95
1733534763, 37, 16, 80, 8, 1, 0.06%, 8, 0, 9, 332.64
1733534768, 37, 18, 80, 8, 1, 0.06%, 8, 0, 9, 328.53
1733534773, 37, 32, 80, 8, 1, 0.06%, 8, 0, 9, 329.37
1733534778, 37, 34, 80, 8, 1, 0.06%, 8, 0, 9, 369.42
1733534783, 37, 40, 80, 8, 1, 0.06%, 8, 0, 9, 369.48
1733534788, 37, 42, 80, 8, 1, 0.06%, 8, 0, 9, 373.10
1733534793, 37, 43, 80, 8, 1, 0.06%, 8, 0, 9, 360.97
1733534798, 37, 44, 80, 8, 1, 0.06%, 8, 0, 9, 338.24
1733534803, 37, 45, 80, 8, 1, 0.06%, 8, 0, 9, 351.13
1733534808, 37, 47, 80, 8, 1, 0.06%, 8, 0, 9, 305.45
1733534813, 37, 56, 80, 8, 1, 0.06%, 8, 0, 9, 311.63
1733534818, 37, 57, 80, 8, 1, 0.06%, 8, 0, 9, 313.51
1733534823, 37, 58, 80, 8, 1, 0.06%, 8, 0, 9, 348.14
1733534828, 37, 62, 80, 8, 1, 0.06%, 8, 0, 9, 331.15
1733534833, 37, 64, 80, 8, 1, 0.06%, 8, 0, 9, 353.83
1733534839, 37, 65, 80, 8, 1, 0.06%, 8, 0, 9, 334.17
1733534844, 37, 66, 80, 8, 1, 0.06%, 8, 0, 9, 343.14
1733534849, 37, 71, 80, 8, 1, 0.06%, 8, 0, 9, 384.88
1733534854, 37, 72, 80, 8, 1, 0.06%, 8, 0, 9, 335.47
1733534864, 37, 73, 80, 8, 1, 0.06%, 8, 0, 9, 330.76
1733534874, 37, 74, 80, 8, 1, 0.06%, 8, 0, 9, 353.40
1733534879, 37, 75, 80, 8, 1, 0.06%, 8, 0, 9, 365.77
1733534889, 37, 76, 80, 8, 1, 0.06%, 8, 0, 9, 365.93
1733534894, 37, 77, 80, 8, 1, 0.06%, 8, 0, 9, 305.87
1733534904, 37, 78, 80, 8, 1, 0.06%, 8, 0, 9, 362.38
1733534925, 37, 79, 80, 8, 1, 0.06%, 8, 0, 9, 332.34
1733534945, 38, 18, 80, 8, 1, 0.06%, 8, 0, 9, 339.37
1733534950, 38, 32, 80, 8, 1, 0.06%, 8, 0, 9, 347.90
1733534955, 38, 33, 80, 8, 1, 0.06%, 8, 0, 9, 364.94
1733534960, 38, 34, 80, 8, 1, 0.06%, 8, 0, 9, 353.89
1733534965, 38, 40, 80, 8, 1, 0.06%, 8, 0, 9, 341.70
1733534970, 38, 42, 80, 8, 1, 0.06%, 8, 0, 9, 334.49
1733534975, 38, 43, 80, 8, 1, 0.06%, 8, 0, 9, 332.74
1733534980, 38, 44, 80, 8, 1, 0.06%, 8, 0, 9, 331.71
1733534986, 38, 45, 80, 8, 1, 0.06%, 8, 0, 9, 332.58
1733534991, 38, 47, 80, 8, 1, 0.06%, 8, 0, 9, 307.66
1733534996, 38, 56, 80, 8, 1, 0.06%, 8, 0, 9, 308.25
1733535001, 38, 57, 80, 8, 1, 0.06%, 8, 0, 9, 314.80
1733535006, 38, 58, 80, 8, 1, 0.06%, 8, 0, 9, 348.51
1733535011, 38, 62, 80, 8, 1, 0.06%, 8, 0, 9, 354.00
1733535016, 38, 64, 80, 8, 1, 0.06%, 8, 0, 9, 360.80
1733535021, 38, 65, 80, 8, 1, 0.06%, 8, 0, 9, 340.95
1733535026, 38, 66, 80, 8, 1, 0.06%, 8, 0, 9, 346.73
1733535031, 38, 71, 80, 8, 1, 0.06%, 8, 0, 9, 376.54
1733535036, 38, 72, 80, 8, 1, 0.06%, 8, 0, 9, 368.69
1733535046, 38, 73, 80, 8, 1, 0.06%, 8, 0, 9, 330.27
1733535057, 38, 74, 80, 8, 1, 0.06%, 8, 0, 9, 371.76
1733535062, 38, 75, 80, 8, 1, 0.06%, 8, 0, 9, 387.16
1733535072, 38, 76, 80, 8, 1, 0.06%, 8, 0, 9, 349.03
1733535077, 38, 77, 80, 8, 1, 0.06%, 8, 0, 9, 299.54
1733535087, 38, 78, 80, 8, 1, 0.06%, 8, 0, 9, 351.03
1733535107, 38, 79, 80, 8, 1, 0.06%, 8, 0, 9, 339.87
1733535128, 39, 16, 80, 8, 1, 0.06%, 8, 0, 9, 327.15
1733535133, 39, 32, 80, 8, 1, 0.06%, 8, 0, 9, 353.97
1733535138, 39, 33, 80, 8, 1, 0.06%, 8, 0, 9, 368.68
1733535143, 39, 34, 80, 8, 1, 0.06%, 8, 0, 9, 374.56
1733535148, 39, 40, 80, 8, 1, 0.06%, 8, 0, 9, 352.65
1733535153, 39, 42, 80, 8, 1, 0.06%, 8, 0, 9, 355.94
1733535158, 39, 43, 80, 8, 1, 0.06%, 8, 0, 9, 343.87
1733535163, 39, 45, 80, 8, 1, 0.06%, 8, 0, 9, 318.60
1733535169, 39, 47, 80, 8, 1, 0.06%, 8, 0, 9, 321.04
1733535174, 39, 56, 80, 8, 1, 0.06%, 8, 0, 9, 314.91
1733535179, 39, 57, 80, 8, 1, 0.06%, 8, 0, 9, 307.08
1733535189, 39, 58, 80, 8, 1, 0.06%, 8, 0, 9, 335.40
1733535194, 39, 64, 80, 8, 1, 0.06%, 8, 0, 9, 345.59
1733535204, 39, 65, 80, 8, 1, 0.06%, 8, 0, 9, 315.53
1733535209, 39, 66, 80, 8, 1, 0.06%, 8, 0, 9, 356.86
1733535214, 39, 71, 80, 8, 1, 0.06%, 8, 0, 9, 353.30
1733535220, 39, 72, 80, 8, 1, 0.06%, 8, 0, 9, 353.73
1733535230, 39, 73, 80, 8, 1, 0.06%, 8, 0, 9, 263.23
1733535240, 39, 74, 80, 8, 1, 0.06%, 8, 0, 9, 346.51
1733535245, 39, 75, 80, 8, 1, 0.06%, 8, 0, 9, 349.78
1733535250, 39, 76, 80, 8, 1, 0.06%, 8, 0, 9, 352.87
1733535260, 39, 77, 80, 8, 1, 0.06%, 8, 0, 9, 374.39
1733535266, 39, 78, 80, 8, 1, 0.06%, 8, 0, 9, 388.44
1733535286, 39, 79, 80, 8, 1, 0.06%, 8, 0, 9, 310.21
1733535306, 40, 16, 80, 8, 1, 0.06%, 8, 0, 9, 330.12
1733535311, 40, 18, 80, 8, 1, 0.06%, 8, 0, 9, 331.05
1733535316, 40, 32, 80, 8, 1, 0.06%, 8, 0, 9, 316.08
1733535321, 40, 34, 80, 8, 1, 0.06%, 8, 0, 9, 326.19
1733535327, 40, 40, 80, 8, 1, 0.06%, 8, 0, 9, 377.86
1733535332, 40, 42, 80, 8, 1, 0.06%, 8, 0, 9, 375.08
1733535337, 40, 43, 80, 8, 1, 0.06%, 8, 0, 9, 359.50
1733535342, 40, 44, 80, 8, 1, 0.06%, 8, 0, 9, 325.54
1733535347, 40, 45, 80, 8, 1, 0.06%, 8, 0, 9, 331.27
1733535352, 40, 47, 80, 8, 1, 0.06%, 8, 0, 9, 316.55
1733535357, 40, 56, 80, 8, 1, 0.06%, 8, 0, 9, 299.90
1733535362, 40, 57, 80, 8, 1, 0.06%, 8, 0, 9, 318.07
1733535367, 40, 58, 80, 8, 1, 0.06%, 8, 0, 9, 372.84
1733535372, 40, 62, 80, 8, 1, 0.06%, 8, 0, 9, 366.83
1733535377, 40, 64, 80, 8, 1, 0.06%, 8, 0, 9, 377.38
1733535382, 40, 65, 80, 8, 1, 0.06%, 8, 0, 9, 344.00
1733535388, 40, 66, 80, 8, 1, 0.06%, 8, 0, 9, 351.38
1733535393, 40, 71, 80, 8, 1, 0.06%, 8, 0, 9, 379.48
1733535398, 40, 72, 80, 8, 1, 0.06%, 8, 0, 9, 362.70
1733535408, 40, 73, 80, 8, 1, 0.06%, 8, 0, 9, 335.21
1733535418, 40, 74, 80, 8, 1, 0.06%, 8, 0, 9, 370.51
1733535423, 40, 75, 80, 8, 1, 0.06%, 8, 0, 9, 359.63
1733535433, 40, 76, 80, 8, 1, 0.06%, 8, 0, 9, 378.36
1733535438, 40, 77, 80, 8, 1, 0.06%, 8, 0, 9, 304.91
1733535448, 40, 78, 80, 8, 1, 0.06%, 8, 0, 9, 344.42
1733535469, 40, 79, 80, 8, 1, 0.06%, 8, 0, 9, 327.96
1733535484, 41, 16, 80, 8, 1, 0.06%, 8, 0, 9, 360.03
1733535489, 41, 18, 80, 8, 1, 0.06%, 8, 0, 9, 347.24
1733535494, 41, 32, 80, 8, 1, 0.06%, 8, 0, 9, 323.68
1733535499, 41, 33, 80, 8, 1, 0.06%, 8, 0, 9, 336.41
1733535504, 41, 34, 80, 8, 1, 0.06%, 8, 0, 9, 336.35
1733535509, 41, 42, 80, 8, 1, 0.06%, 8, 0, 9, 331.72
1733535514, 41, 43, 80, 8, 1, 0.06%, 8, 0, 9, 321.25
1733535520, 41, 44, 80, 8, 1, 0.06%, 8, 0, 9, 346.90
1733535525, 41, 45, 80, 8, 1, 0.06%, 8, 0, 9, 352.81
1733535530, 41, 47, 80, 8, 1, 0.06%, 8, 0, 9, 314.78
1733535535, 41, 56, 80, 8, 1, 0.06%, 8, 0, 9, 308.32
1733535540, 41, 57, 80, 8, 1, 0.06%, 8, 0, 9, 313.06
1733535545, 41, 58, 80, 8, 1, 0.06%, 8, 0, 9, 306.39
1733535555, 41, 64, 80, 8, 1, 0.06%, 8, 0, 9, 335.62
1733535560, 41, 65, 80, 8, 1, 0.06%, 8, 0, 9, 365.55
1733535570, 41, 66, 80, 8, 1, 0.06%, 8, 0, 9, 339.46
1733535575, 41, 71, 80, 8, 1, 0.06%, 8, 0, 9, 365.27
1733535580, 41, 72, 80, 8, 1, 0.06%, 8, 0, 9, 329.58
1733535590, 41, 73, 80, 8, 1, 0.06%, 8, 0, 9, 279.68
1733535601, 41, 74, 80, 8, 1, 0.06%, 8, 0, 9, 354.82
1733535606, 41, 75, 80, 8, 1, 0.06%, 8, 0, 9, 379.63
1733535611, 41, 76, 80, 8, 1, 0.06%, 8, 0, 9, 322.46
1733535621, 41, 77, 80, 8, 1, 0.06%, 8, 0, 9, 311.24
1733535631, 41, 78, 80, 8, 1, 0.06%, 8, 0, 9, 335.54
1733535651, 41, 79, 80, 8, 1, 0.06%, 8, 0, 9, 332.02
1733535672, 42, 18, 80, 8, 1, 0.06%, 8, 0, 9, 330.77
1733535677, 42, 32, 80, 8, 1, 0.06%, 8, 0, 9, 358.05
1733535682, 42, 33, 80, 8, 1, 0.06%, 8, 0, 9, 375.34
1733535687, 42, 34, 80, 8, 1, 0.06%, 8, 0, 9, 341.95
1733535692, 42, 40, 80, 8, 1, 0.06%, 8, 0, 9, 346.74
1733535697, 42, 42, 80, 8, 1, 0.06%, 8, 0, 9, 337.09
1733535702, 42, 43, 80, 8, 1, 0.06%, 8, 0, 9, 321.13
1733535707, 42, 45, 80, 8, 1, 0.06%, 8, 0, 9, 322.19
1733535712, 42, 47, 80, 8, 1, 0.06%, 8, 0, 9, 310.25
1733535717, 42, 56, 80, 8, 1, 0.06%, 8, 0, 9, 306.00
1733535722, 42, 57, 80, 8, 1, 0.06%, 8, 0, 9, 317.33
1733535728, 42, 58, 80, 8, 1, 0.06%, 8, 0, 9, 335.37
1733535738, 42, 64, 80, 8, 1, 0.06%, 8, 0, 9, 348.72
1733535748, 42, 65, 80, 8, 1, 0.06%, 8, 0, 9, 312.21
1733535753, 42, 66, 80, 8, 1, 0.06%, 8, 0, 9, 330.71
1733535758, 42, 71, 80, 8, 1, 0.06%, 8, 0, 9, 349.55
1733535763, 42, 72, 80, 8, 1, 0.06%, 8, 0, 9, 313.16
1733535773, 42, 73, 80, 8, 1, 0.06%, 8, 0, 9, 293.42
1733535783, 42, 74, 80, 8, 1, 0.06%, 8, 0, 9, 354.48
1733535788, 42, 75, 80, 8, 1, 0.06%, 8, 0, 9, 388.85
1733535793, 42, 76, 80, 8, 1, 0.06%, 8, 0, 9, 309.73
1733535804, 42, 77, 80, 8, 1, 0.06%, 8, 0, 9, 314.28
1733535814, 42, 78, 80, 8, 1, 0.06%, 8, 0, 9, 352.46
1733535834, 42, 79, 80, 8, 1, 0.06%, 8, 0, 9, 332.11
1733535850, 43, 16, 80, 8, 1, 0.06%, 8, 0, 9, 343.18
1733535855, 43, 18, 80, 8, 1, 0.06%, 8, 0, 9, 338.26
1733535860, 43, 32, 80, 8, 1, 0.06%, 8, 0, 9, 360.64
1733535865, 43, 33, 80, 8, 1, 0.06%, 8, 0, 9, 355.84
1733535870, 43, 34, 80, 8, 1, 0.06%, 8, 0, 9, 350.90
1733535875, 43, 40, 80, 8, 1, 0.06%, 8, 0, 9, 336.82
1733535880, 43, 42, 80, 8, 1, 0.06%, 8, 0, 9, 324.84
1733535885, 43, 44, 80, 8, 1, 0.06%, 8, 0, 9, 346.69
1733535890, 43, 45, 80, 8, 1, 0.06%, 8, 0, 9, 336.60
1733535895, 43, 47, 80, 8, 1, 0.06%, 8, 0, 9, 326.88
1733535900, 43, 56, 80, 8, 1, 0.06%, 8, 0, 9, 313.37
1733535905, 43, 57, 80, 8, 1, 0.06%, 8, 0, 9, 317.57
1733535910, 43, 58, 80, 8, 1, 0.06%, 8, 0, 9, 318.07
1733535915, 43, 62, 80, 8, 1, 0.06%, 8, 0, 9, 361.03
1733535921, 43, 64, 80, 8, 1, 0.06%, 8, 0, 9, 336.20
1733535926, 43, 65, 80, 8, 1, 0.06%, 8, 0, 9, 345.90
1733535931, 43, 66, 80, 8, 1, 0.06%, 8, 0, 9, 309.99
1733535936, 43, 71, 80, 8, 1, 0.06%, 8, 0, 9, 352.93
1733535946, 43, 72, 80, 8, 1, 0.06%, 8, 0, 9, 380.01
1733535951, 43, 73, 80, 8, 1, 0.06%, 8, 0, 9, 339.32
1733535961, 43, 74, 80, 8, 1, 0.06%, 8, 0, 9, 353.28
1733535971, 43, 75, 80, 8, 1, 0.06%, 8, 0, 9, 349.14
1733535976, 43, 76, 80, 8, 1, 0.06%, 8, 0, 9, 373.33
1733535982, 43, 77, 80, 8, 1, 0.06%, 8, 0, 9, 350.87
1733535992, 43, 78, 80, 8, 1, 0.06%, 8, 0, 9, 336.58
1733536002, 43, 79, 80, 8, 1, 0.06%, 8, 0, 9, 353.15
1733536012, 44, 16, 80, 8, 1, 0.06%, 8, 0, 9, 366.31
1733536017, 44, 18, 80, 8, 1, 0.06%, 8, 0, 9, 341.68
1733536022, 44, 32, 80, 8, 1, 0.06%, 8, 0, 9, 355.45
1733536027, 44, 33, 80, 8, 1, 0.06%, 8, 0, 9, 362.26
1733536032, 44, 34, 80, 8, 1, 0.06%, 8, 0, 9, 350.26
1733536037, 44, 40, 80, 8, 1, 0.06%, 8, 0, 9, 337.11
1733536043, 44, 42, 80, 8, 1, 0.06%, 8, 0, 9, 336.70
1733536048, 44, 43, 80, 8, 1, 0.06%, 8, 0, 9, 337.05
1733536053, 44, 44, 80, 8, 1, 0.06%, 8, 0, 9, 309.52
1733536058, 44, 47, 80, 8, 1, 0.06%, 8, 0, 9, 320.36
1733536068, 44, 56, 80, 8, 1, 0.06%, 8, 0, 9, 312.73
1733536073, 44, 57, 80, 8, 1, 0.06%, 8, 0, 9, 317.58
1733536078, 44, 58, 80, 8, 1, 0.06%, 8, 0, 9, 329.61
1733536083, 44, 66, 80, 8, 1, 0.06%, 8, 0, 9, 339.28
1733536088, 44, 73, 80, 8, 1, 0.06%, 8, 0, 9, 276.96
1733536098, 44, 74, 80, 8, 1, 0.06%, 8, 0, 9, 340.29
1733536103, 45, 18, 80, 8, 1, 0.06%, 8, 0, 9, 312.62
1733536108, 45, 40, 80, 8, 1, 0.06%, 8, 0, 9, 321.54
1733536114, 45, 44, 80, 8, 1, 0.06%, 8, 0, 9, 303.76
1733536119, 45, 47, 80, 8, 1, 0.06%, 8, 0, 9, 312.39
1733536124, 45, 66, 80, 8, 1, 0.06%, 8, 0, 9, 300.73
1733536129, 45, 73, 80, 8, 1, 0.06%, 8, 0, 9, 341.78
1733536139, 45, 74, 80, 8, 1, 0.06%, 8, 0, 9, 344.14
1733536144, 46, 18, 80, 8, 1, 0.06%, 8, 0, 9, 328.49
1733536149, 46, 40, 80, 8, 1, 0.06%, 8, 0, 9, 336.15
1733536155, 46, 44, 80, 8, 1, 0.06%, 8, 0, 9, 324.48
1733536160, 46, 45, 80, 8, 1, 0.06%, 8, 0, 9, 358.58
1733536165, 46, 47, 80, 8, 1, 0.06%, 8, 0, 9, 326.31
1733536170, 46, 66, 80, 8, 1, 0.06%, 8, 0, 9, 360.22
1733536175, 46, 73, 80, 8, 1, 0.06%, 8, 0, 9, 324.75
1733536185, 46, 74, 80, 8, 1, 0.06%, 8, 0, 9, 363.68
1733536190, 47, 18, 80, 8, 1, 0.06%, 8, 0, 9, 344.54
1733536195, 47, 40, 80, 8, 1, 0.06%, 8, 0, 9, 342.91
1733536200, 47, 44, 80, 8, 1, 0.06%, 8, 0, 9, 336.31
1733536205, 47, 45, 80, 8, 1, 0.06%, 8, 0, 9, 334.95
1733536210, 47, 47, 80, 8, 1, 0.06%, 8, 0, 9, 315.53
1733536215, 47, 66, 80, 8, 1, 0.06%, 8, 0, 9, 316.54
1733536220, 47, 73, 80, 8, 1, 0.06%, 8, 0, 9, 260.82
1733536230, 47, 74, 80, 8, 1, 0.06%, 8, 0, 9, 339.70
1733536235, 48, 18, 80, 8, 1, 0.06%, 8, 0, 9, 320.03
1733536241, 48, 40, 80, 8, 1, 0.06%, 8, 0, 9, 329.73
1733536246, 48, 45, 80, 8, 1, 0.06%, 8, 0, 9, 322.07
1733536251, 48, 47, 80, 8, 1, 0.06%, 8, 0, 9, 326.86
1733536256, 48, 66, 80, 8, 1, 0.06%, 8, 0, 9, 318.40
1733536261, 48, 73, 80, 8, 1, 0.06%, 8, 0, 9, 377.91
1733536271, 48, 74, 80, 8, 1, 0.06%, 8, 0, 9, 325.46
1733536276, 49, 18, 80, 8, 1, 0.06%, 8, 0, 9, 354.81
1733536281, 49, 40, 80, 8, 1, 0.06%, 8, 0, 9, 336.32
1733536286, 49, 44, 80, 8, 1, 0.06%, 8, 0, 9, 349.55
1733536291, 49, 45, 80, 8, 1, 0.06%, 8, 0, 9, 356.09
1733536296, 49, 47, 80, 8, 1, 0.06%, 8, 0, 9, 310.24
1733536301, 49, 66, 80, 8, 1, 0.06%, 8, 0, 9, 356.70
1733536307, 49, 73, 80, 8, 1, 0.06%, 8, 0, 9, 315.39
1733536317, 49, 74, 80, 8, 1, 0.06%, 8, 0, 9, 355.65
1733536322, 50, 18, 80, 8, 1, 0.06%, 8, 0, 9, 340.84
1733536327, 50, 40, 80, 8, 1, 0.06%, 8, 0, 9, 338.09
1733536332, 50, 44, 80, 8, 1, 0.06%, 8, 0, 9, 332.19
1733536337, 50, 47, 80, 8, 1, 0.06%, 8, 0, 9, 344.25
1733536342, 50, 66, 80, 8, 1, 0.06%, 8, 0, 9, 330.24
1733536347, 50, 73, 80, 8, 1, 0.06%, 8, 0, 9, 376.45
1733536357, 50, 74, 80, 8, 1, 0.06%, 8, 0, 9, 344.28
1733536362, 51, 18, 80, 8, 1, 0.06%, 8, 0, 9, 337.92
1733536367, 51, 40, 80, 8, 1, 0.06%, 8, 0, 9, 311.72
1733536372, 51, 44, 80, 8, 1, 0.06%, 8, 0, 9, 328.72
1733536377, 51, 45, 80, 8, 1, 0.06%, 8, 0, 9, 362.64
1733536382, 51, 47, 80, 8, 1, 0.06%, 8, 0, 9, 305.14
1733536387, 51, 66, 80, 8, 1, 0.06%, 8, 0, 9, 333.28
1733536393, 51, 73, 80, 8, 1, 0.06%, 8, 0, 9, 367.62
1733536403, 51, 74, 80, 8, 1, 0.06%, 8, 0, 9, 354.79
1733536408, 52, 18, 80, 8, 1, 0.06%, 8, 0, 9, 369.89
1733536413, 52, 40, 80, 8, 1, 0.06%, 8, 0, 9, 346.41
1733536418, 52, 44, 80, 8, 1, 0.06%, 8, 0, 9, 319.51
1733536423, 52, 45, 80, 8, 1, 0.06%, 8, 0, 9, 337.24
1733536428, 52, 47, 80, 8, 1, 0.06%, 8, 0, 9, 306.25
1733536433, 52, 66, 80, 8, 1, 0.06%, 8, 0, 9, 322.13
1733536438, 52, 73, 80, 8, 1, 0.06%, 8, 0, 9, 292.64
1733536449, 52, 74, 80, 8, 1, 0.06%, 8, 0, 9, 347.72
1733536454, 53, 18, 80, 8, 1, 0.06%, 8, 0, 9, 334.93
1733536459, 53, 44, 80, 8, 1, 0.06%, 8, 0, 9, 331.20
1733536464, 53, 45, 80, 8, 1, 0.06%, 8, 0, 9, 331.97
1733536469, 53, 47, 80, 8, 1, 0.06%, 8, 0, 9, 317.73
1733536474, 53, 66, 80, 8, 1, 0.06%, 8, 0, 9, 306.86
1733536479, 53, 73, 80, 8, 1, 0.06%, 8, 0, 9, 369.72
1733536489, 53, 74, 80, 8, 1, 0.06%, 8, 0, 9, 324.69
1733536495, 54, 18, 80, 8, 1, 0.06%, 8, 0, 9, 364.05
1733536500, 54, 40, 80, 8, 1, 0.06%, 8, 0, 9, 357.41
1733536505, 54, 44, 80, 8, 1, 0.06%, 8, 0, 9, 331.79
1733536510, 54, 45, 80, 8, 1, 0.06%, 8, 0, 9, 343.97
1733536515, 54, 47, 80, 8, 1, 0.06%, 8, 0, 9, 319.36
1733536520, 54, 66, 80, 8, 1, 0.06%, 8, 0, 9, 333.62
1733536525, 54, 73, 80, 8, 1, 0.06%, 8, 0, 9, 283.83
1733536535, 54, 74, 80, 8, 1, 0.06%, 8, 0, 9, 355.72
1733536540, 55, 18, 80, 8, 1, 0.06%, 8, 0, 9, 330.95
1733536545, 55, 40, 80, 8, 1, 0.06%, 8, 0, 9, 323.64
1733536551, 55, 44, 80, 8, 1, 0.06%, 8, 0, 9, 305.49
1733536556, 55, 45, 80, 8, 1, 0.06%, 8, 0, 9, 306.08
1733536561, 55, 66, 80, 8, 1, 0.06%, 8, 0, 9, 305.64
1733536566, 55, 73, 80, 8, 1, 0.06%, 8, 0, 9, 317.81
1733536576, 55, 74, 80, 8, 1, 0.06%, 8, 0, 9, 354.46
1733536586, 56, 40, 80, 8, 1, 0.06%, 8, 0, 9, 317.97
1733536591, 56, 44, 80, 8, 1, 0.06%, 8, 0, 9, 324.17
1733536596, 56, 45, 80, 8, 1, 0.06%, 8, 0, 9, 350.31
1733536601, 56, 47, 80, 8, 1, 0.06%, 8, 0, 9, 319.38
1733536606, 56, 66, 80, 8, 1, 0.06%, 8, 0, 9, 333.89
1733536612, 56, 73, 80, 8, 1, 0.06%, 8, 0, 9, 376.32
1733536622, 56, 74, 80, 8, 1, 0.06%, 8, 0, 9, 333.73
1733536627, 57, 18, 80, 8, 1, 0.06%, 8, 0, 9, 339.45
1733536632, 57, 40, 80, 8, 1, 0.06%, 8, 0, 9, 351.58
1733536637, 57, 44, 80, 8, 1, 0.06%, 8, 0, 9, 335.23
1733536642, 57, 45, 80, 8, 1, 0.06%, 8, 0, 9, 355.57
1733536647, 57, 47, 80, 8, 1, 0.06%, 8, 0, 9, 314.49
1733536652, 57, 66, 80, 8, 1, 0.06%, 8, 0, 9, 344.26
1733536657, 57, 73, 80, 8, 1, 0.06%, 8, 0, 9, 297.90
1733536668, 57, 74, 80, 8, 1, 0.06%, 8, 0, 9, 358.54
1733536673, 58, 18, 80, 8, 1, 0.06%, 8, 0, 9, 325.98
1733536678, 58, 40, 80, 8, 1, 0.06%, 8, 0, 9, 321.06
1733536683, 58, 45, 80, 8, 1, 0.06%, 8, 0, 9, 328.38
1733536688, 58, 47, 80, 8, 1, 0.06%, 8, 0, 9, 317.99
1733536693, 58, 66, 80, 8, 1, 0.06%, 8, 0, 9, 304.92
1733536698, 58, 73, 80, 8, 1, 0.06%, 8, 0, 9, 347.57
1733536709, 58, 74, 80, 8, 1, 0.06%, 8, 0, 9, 332.05
1733536714, 59, 18, 80, 8, 1, 0.06%, 8, 0, 9, 338.28
1733536719, 59, 40, 80, 8, 1, 0.06%, 8, 0, 9, 340.64
1733536724, 59, 44, 80, 8, 1, 0.06%, 8, 0, 9, 342.51
1733536729, 59, 45, 80, 8, 1, 0.06%, 8, 0, 9, 331.52
1733536734, 59, 47, 80, 8, 1, 0.06%, 8, 0, 9, 316.49
1733536739, 59, 66, 80, 8, 1, 0.06%, 8, 0, 9, 361.67
1733536744, 59, 73, 80, 8, 1, 0.06%, 8, 0, 9, 308.00
1733536754, 59, 74, 80, 8, 1, 0.06%, 8, 0, 9, 340.77
1733536760, 60, 18, 80, 8, 1, 0.06%, 8, 0, 9, 325.88
1733536765, 60, 40, 80, 8, 1, 0.06%, 8, 0, 9, 329.40
1733536770, 60, 44, 80, 8, 1, 0.06%, 8, 0, 9, 335.49
1733536775, 60, 45, 80, 8, 1, 0.06%, 8, 0, 9, 342.46
1733536780, 60, 47, 80, 8, 1, 0.06%, 8, 0, 9, 296.60
1733536785, 60, 66, 80, 8, 1, 0.06%, 8, 0, 9, 345.67
1733536790, 60, 73, 80, 8, 1, 0.06%, 8, 0, 9, 292.46
1733536800, 60, 74, 80, 8, 1, 0.06%, 8, 0, 9, 331.60
1733536805, 61, 40, 80, 8, 1, 0.06%, 8, 0, 9, 320.21
1733536810, 61, 44, 80, 8, 1, 0.06%, 8, 0, 9, 314.71
1733536815, 61, 45, 80, 8, 1, 0.06%, 8, 0, 9, 324.17
1733536820, 61, 47, 80, 8, 1, 0.06%, 8, 0, 9, 317.97
1733536826, 61, 48, 80, 8, 1, 0.06%, 8, 0, 9, 350.72
1733536831, 61, 49, 80, 8, 1, 0.06%, 8, 0, 9, 350.75
1733536836, 61, 50, 80, 8, 1, 0.06%, 8, 0, 9, 399.11
1733536851, 61, 51, 80, 8, 1, 0.06%, 8, 0, 9, 335.69
1733536856, 61, 52, 80, 8, 1, 0.06%, 8, 0, 9, 453.26
1733536897, 61, 53, 80, 8, 1, 0.06%, 8, 0, 9, 387.76
1733536978, 61, 54, 80, 8, 1, 0.06%, 8, 0, 9, 342.21
1733536983, 61, 55, 80, 8, 1, 0.06%, 8, 0, 9, 336.74
1733536988, 61, 56, 80, 8, 1, 0.06%, 8, 0, 9, 327.42
1733536994, 61, 57, 80, 8, 1, 0.06%, 8, 0, 9, 324.29
1733536999, 61, 58, 80, 8, 1, 0.06%, 8, 0, 9, 355.38
1733537004, 61, 59, 80, 8, 1, 0.06%, 8, 0, 9, 366.51
1733537009, 61, 60, 80, 8, 1, 0.06%, 8, 0, 9, 369.00
1733537014, 61, 61, 80, 8, 1, 0.06%, 8, 0, 9, 330.50
1733537440, 61, 62, 80, 8, 1, 0.06%, 8, 0, 9, 348.45
1733537445, 61, 63, 80, 8, 1, 0.06%, 8, 0, 9, 410.15
1733537522, 61, 64, 80, 8, 1, 0.06%, 8, 0, 9, 318.62
1733537532, 61, 65, 80, 8, 1, 0.06%, 8, 0, 9, 334.25
1733537537, 61, 66, 80, 8, 1, 0.06%, 8, 0, 9, 456.75
1733537572, 61, 67, 80, 8, 1, 0.06%, 8, 0, 9, 312.32
1733537593, 61, 68, 80, 8, 1, 0.06%, 8, 0, 9, 355.08
1733537598, 61, 69, 80, 8, 1, 0.06%, 8, 0, 9, 404.76
1733537608, 61, 70, 80, 8, 1, 0.06%, 8, 0, 9, 358.77
1733537624, 61, 71, 80, 8, 1, 0.06%, 8, 0, 9, 313.04
1733537634, 61, 72, 80, 8, 1, 0.06%, 8, 0, 9, 364.70
1733537644, 61, 73, 80, 8, 1, 0.06%, 8, 0, 9, 291.33
1733537984, 61, 74, 80, 8, 1, 0.06%, 8, 0, 9, 329.56
1733537989, 61, 75, 80, 8, 1, 0.06%, 8, 0, 9, 365.20
1733537994, 61, 76, 80, 8, 1, 0.06%, 8, 0, 9, 305.60
1733538004, 61, 77, 80, 8, 1, 0.06%, 8, 0, 9, 351.64
1733538014, 61, 78, 80, 8, 1, 0.06%, 8, 0, 9, 347.54
1733538025, 61, 79, 80, 8, 1, 0.06%, 8, 0, 9, 333.73
1733538035, 62, 15, 80, 8, 1, 0.06%, 8, 0, 9, 370.72
1733538040, 62, 16, 80, 8, 1, 0.06%, 8, 0, 9, 364.42
1733538045, 62, 17, 80, 8, 1, 0.06%, 8, 0, 9, 338.78
1733538050, 62, 18, 80, 8, 1, 0.06%, 8, 0, 9, 318.72
1733538055, 62, 26, 80, 8, 1, 0.06%, 8, 0, 9, 299.59
1733538060, 62, 27, 80, 8, 1, 0.06%, 8, 0, 9, 322.20
1733538066, 62, 28, 80, 8, 1, 0.06%, 8, 0, 9, 321.04
1733538071, 62, 30, 80, 8, 1, 0.06%, 8, 0, 9, 324.42
1733538076, 62, 31, 80, 8, 1, 0.06%, 8, 0, 9, 350.22
1733538086, 62, 32, 80, 8, 1, 0.06%, 8, 0, 9, 337.56
1733538091, 62, 33, 80, 8, 1, 0.06%, 8, 0, 9, 349.55
1733538096, 62, 34, 80, 8, 1, 0.06%, 8, 0, 9, 342.54
1733538101, 62, 36, 80, 8, 1, 0.06%, 8, 0, 9, 322.02
1733538107, 62, 37, 80, 8, 1, 0.06%, 8, 0, 9, 365.20
1733538112, 62, 38, 80, 8, 1, 0.06%, 8, 0, 9, 363.85
1733538117, 62, 39, 80, 8, 1, 0.06%, 8, 0, 9, 365.67
1733538122, 62, 40, 80, 8, 1, 0.06%, 8, 0, 9, 341.50
1733538127, 62, 42, 80, 8, 1, 0.06%, 8, 0, 9, 354.33
1733538132, 62, 43, 80, 8, 1, 0.06%, 8, 0, 9, 337.61
1733538137, 62, 44, 80, 8, 1, 0.06%, 8, 0, 9, 318.75
1733538142, 62, 45, 80, 8, 1, 0.06%, 8, 0, 9, 326.17
1733538147, 62, 47, 80, 8, 1, 0.06%, 8, 0, 9, 310.83
1733538157, 62, 49, 80, 8, 1, 0.06%, 8, 0, 9, 317.36
1733538162, 62, 50, 80, 8, 1, 0.06%, 8, 0, 9, 341.63
1733538177, 62, 51, 80, 8, 1, 0.06%, 8, 0, 9, 366.03
1733538183, 62, 52, 80, 8, 1, 0.06%, 8, 0, 9, 349.57
1733538188, 62, 53, 80, 8, 1, 0.06%, 8, 0, 9, 326.88
1733538193, 62, 54, 80, 8, 1, 0.06%, 8, 0, 9, 363.96
1733538198, 62, 55, 80, 8, 1, 0.06%, 8, 0, 9, 344.32
1733538203, 62, 56, 80, 8, 1, 0.06%, 8, 0, 9, 306.38
1733538208, 62, 57, 80, 8, 1, 0.06%, 8, 0, 9, 323.54
1733538213, 62, 58, 80, 8, 1, 0.06%, 8, 0, 9, 358.58
1733538218, 62, 59, 80, 8, 1, 0.06%, 8, 0, 9, 379.45
1733538223, 62, 60, 80, 8, 1, 0.06%, 8, 0, 9, 355.93
1733538228, 62, 61, 80, 8, 1, 0.06%, 8, 0, 9, 405.60
1733538238, 62, 62, 80, 8, 1, 0.06%, 8, 0, 9, 394.19
1733538243, 62, 63, 80, 8, 1, 0.06%, 8, 0, 9, 327.70
1733538249, 62, 64, 80, 8, 1, 0.06%, 8, 0, 9, 314.29
1733538254, 62, 65, 80, 8, 1, 0.06%, 8, 0, 9, 352.99
1733538264, 62, 66, 80, 8, 1, 0.06%, 8, 0, 9, 317.83
1733538269, 62, 67, 80, 8, 1, 0.06%, 8, 0, 9, 401.94
1733538279, 62, 68, 80, 8, 1, 0.06%, 8, 0, 9, 352.36
1733538284, 62, 69, 80, 8, 1, 0.06%, 8, 0, 9, 389.70
1733538289, 62, 70, 80, 8, 1, 0.06%, 8, 0, 9, 314.44
1733538299, 62, 71, 80, 8, 1, 0.06%, 8, 0, 9, 368.03
1733538305, 62, 72, 80, 8, 1, 0.06%, 8, 0, 9, 321.63
1733538315, 62, 73, 80, 8, 1, 0.06%, 8, 0, 9, 293.76
1733538325, 62, 74, 80, 8, 1, 0.06%, 8, 0, 9, 359.20
1733538330, 62, 75, 80, 8, 1, 0.06%, 8, 0, 9, 390.28
1733538335, 62, 76, 80, 8, 1, 0.06%, 8, 0, 9, 336.27
1733538345, 62, 77, 80, 8, 1, 0.06%, 8, 0, 9, 340.63
1733538355, 62, 78, 80, 8, 1, 0.06%, 8, 0, 9, 349.70
1733538365, 62, 79, 80, 8, 1, 0.06%, 8, 0, 9, 325.12
1733538375, 63, 13, 80, 8, 1, 0.06%, 8, 0, 9, 330.48
1733538380, 63, 15, 80, 8, 1, 0.06%, 8, 0, 9, 335.42
1733538385, 63, 17, 80, 8, 1, 0.06%, 8, 0, 9, 347.37
1733538390, 63, 18, 80, 8, 1, 0.06%, 8, 0, 9, 343.02
1733538395, 63, 26, 80, 8, 1, 0.06%, 8, 0, 9, 347.98
1733538401, 63, 27, 80, 8, 1, 0.06%, 8, 0, 9, 363.01
1733538406, 63, 28, 80, 8, 1, 0.06%, 8, 0, 9, 351.43
1733538411, 63, 29, 80, 8, 1, 0.06%, 8, 0, 9, 324.43
1733538416, 63, 30, 80, 8, 1, 0.06%, 8, 0, 9, 317.24
1733538421, 63, 31, 80, 8, 1, 0.06%, 8, 0, 9, 334.28
1733538426, 63, 32, 80, 8, 1, 0.06%, 8, 0, 9, 352.77
1733538431, 63, 33, 80, 8, 1, 0.06%, 8, 0, 9, 372.70
1733538436, 63, 34, 80, 8, 1, 0.06%, 8, 0, 9, 354.07
1733538441, 63, 35, 80, 8, 1, 0.06%, 8, 0, 9, 353.12
1733538446, 63, 36, 80, 8, 1, 0.06%, 8, 0, 9, 325.94
1733538451, 63, 37, 80, 8, 1, 0.06%, 8, 0, 9, 323.21
1733538456, 63, 39, 80, 8, 1, 0.06%, 8, 0, 9, 353.60
1733538461, 63, 40, 80, 8, 1, 0.06%, 8, 0, 9, 371.34
1733538466, 63, 42, 80, 8, 1, 0.06%, 8, 0, 9, 366.28
1733538471, 63, 43, 80, 8, 1, 0.06%, 8, 0, 9, 367.47
1733538476, 63, 44, 80, 8, 1, 0.06%, 8, 0, 9, 345.10
1733538481, 63, 45, 80, 8, 1, 0.06%, 8, 0, 9, 353.10
1733538486, 63, 46, 80, 8, 1, 0.06%, 8, 0, 9, 352.20
1733538491, 63, 47, 80, 8, 1, 0.06%, 8, 0, 9, 313.89
1733538496, 63, 48, 80, 8, 1, 0.06%, 8, 0, 9, 327.43
1733538502, 63, 49, 80, 8, 1, 0.06%, 8, 0, 9, 331.73
1733538507, 63, 50, 80, 8, 1, 0.06%, 8, 0, 9, 302.34
1733538517, 63, 51, 80, 8, 1, 0.06%, 8, 0, 9, 372.89
1733538522, 63, 52, 80, 8, 1, 0.06%, 8, 0, 9, 363.39
1733538527, 63, 53, 80, 8, 1, 0.06%, 8, 0, 9, 334.73
1733538532, 63, 54, 80, 8, 1, 0.06%, 8, 0, 9, 375.05
1733538537, 63, 55, 80, 8, 1, 0.06%, 8, 0, 9, 363.05
1733538542, 63, 56, 80, 8, 1, 0.06%, 8, 0, 9, 328.04
1733538547, 63, 57, 80, 8, 1, 0.06%, 8, 0, 9, 326.54
1733538552, 63, 58, 80, 8, 1, 0.06%, 8, 0, 9, 345.12
1733538557, 63, 59, 80, 8, 1, 0.06%, 8, 0, 9, 338.76
1733538562, 63, 60, 80, 8, 1, 0.06%, 8, 0, 9, 341.34
1733538568, 63, 61, 80, 8, 1, 0.06%, 8, 0, 9, 431.88
1733538578, 63, 62, 80, 8, 1, 0.06%, 8, 0, 9, 352.61
1733538583, 63, 63, 80, 8, 1, 0.06%, 8, 0, 9, 337.65
1733538588, 63, 64, 80, 8, 1, 0.06%, 8, 0, 9, 321.22
1733538593, 63, 65, 80, 8, 1, 0.06%, 8, 0, 9, 365.06
1733538603, 63, 66, 80, 8, 1, 0.06%, 8, 0, 9, 328.30
1733538609, 63, 67, 80, 8, 1, 0.06%, 8, 0, 9, 364.12
1733538614, 63, 68, 80, 8, 1, 0.06%, 8, 0, 9, 386.40
1733538619, 63, 69, 80, 8, 1, 0.06%, 8, 0, 9, 412.68
1733538629, 63, 70, 80, 8, 1, 0.06%, 8, 0, 9, 364.29
1733538634, 63, 71, 80, 8, 1, 0.06%, 8, 0, 9, 391.45
1733538639, 63, 72, 80, 8, 1, 0.06%, 8, 0, 9, 346.06
1733538649, 63, 73, 80, 8, 1, 0.06%, 8, 0, 9, 324.29
1733538659, 63, 74, 80, 8, 1, 0.06%, 8, 0, 9, 363.74
1733538664, 63, 75, 80, 8, 1, 0.06%, 8, 0, 9, 350.75
1733538674, 63, 76, 80, 8, 1, 0.06%, 8, 0, 9, 373.37
1733538679, 63, 77, 80, 8, 1, 0.06%, 8, 0, 9, 307.19
1733538690, 63, 78, 80, 8, 1, 0.06%, 8, 0, 9, 350.38
1733538695, 63, 79, 80, 8, 1, 0.06%, 8, 0, 9, 333.38
1733538700, 64, 13, 80, 8, 1, 0.06%, 8, 0, 9, 357.60
1733538705, 64, 15, 80, 8, 1, 0.06%, 8, 0, 9, 369.50
1733538710, 64, 17, 80, 8, 1, 0.06%, 8, 0, 9, 355.78
1733538715, 64, 18, 80, 8, 1, 0.06%, 8, 0, 9, 337.63
1733538720, 64, 26, 80, 8, 1, 0.06%, 8, 0, 9, 329.66
1733538725, 64, 27, 80, 8, 1, 0.06%, 8, 0, 9, 350.51
1733538730, 64, 28, 80, 8, 1, 0.06%, 8, 0, 9, 352.97
1733538735, 64, 29, 80, 8, 1, 0.06%, 8, 0, 9, 340.33
1733538740, 64, 30, 80, 8, 1, 0.06%, 8, 0, 9, 332.39
1733538745, 64, 31, 80, 8, 1, 0.06%, 8, 0, 9, 323.89
1733538750, 64, 33, 80, 8, 1, 0.06%, 8, 0, 9, 337.50
1733538755, 64, 34, 80, 8, 1, 0.06%, 8, 0, 9, 354.31
1733538760, 64, 35, 80, 8, 1, 0.06%, 8, 0, 9, 359.48
1733538766, 64, 36, 80, 8, 1, 0.06%, 8, 0, 9, 352.58
1733538771, 64, 37, 80, 8, 1, 0.06%, 8, 0, 9, 356.45
1733538776, 64, 38, 80, 8, 1, 0.06%, 8, 0, 9, 346.42
1733538781, 64, 39, 80, 8, 1, 0.06%, 8, 0, 9, 332.77
1733538786, 64, 42, 80, 8, 1, 0.06%, 8, 0, 9, 341.74
1733538791, 64, 43, 80, 8, 1, 0.06%, 8, 0, 9, 328.69
1733538796, 64, 44, 80, 8, 1, 0.06%, 8, 0, 9, 323.74
1733538801, 64, 45, 80, 8, 1, 0.06%, 8, 0, 9, 351.93
1733538806, 64, 46, 80, 8, 1, 0.06%, 8, 0, 9, 370.04
1733538811, 64, 47, 80, 8, 1, 0.06%, 8, 0, 9, 331.83
1733538816, 64, 48, 80, 8, 1, 0.06%, 8, 0, 9, 348.91
1733538821, 64, 49, 80, 8, 1, 0.06%, 8, 0, 9, 369.72
1733538826, 64, 50, 80, 8, 1, 0.06%, 8, 0, 9, 365.51
1733538836, 64, 51, 80, 8, 1, 0.06%, 8, 0, 9, 352.80
1733538841, 64, 52, 80, 8, 1, 0.06%, 8, 0, 9, 367.43
1733538846, 64, 53, 80, 8, 1, 0.06%, 8, 0, 9, 330.59
1733538851, 64, 54, 80, 8, 1, 0.06%, 8, 0, 9, 318.04
1733538857, 64, 55, 80, 8, 1, 0.06%, 8, 0, 9, 400.03
1733538862, 64, 56, 80, 8, 1, 0.06%, 8, 0, 9, 337.28
1733538867, 64, 57, 80, 8, 1, 0.06%, 8, 0, 9, 327.33
1733538872, 64, 58, 80, 8, 1, 0.06%, 8, 0, 9, 307.15
1733538877, 64, 59, 80, 8, 1, 0.06%, 8, 0, 9, 339.72
1733538887, 64, 60, 80, 8, 1, 0.06%, 8, 0, 9, 365.84
1733538892, 64, 61, 80, 8, 1, 0.06%, 8, 0, 9, 271.37
1733538902, 64, 62, 80, 8, 1, 0.06%, 8, 0, 9, 330.41
1733538907, 64, 63, 80, 8, 1, 0.06%, 8, 0, 9, 298.78
1733538912, 64, 64, 80, 8, 1, 0.06%, 8, 0, 9, 350.87
1733538918, 64, 65, 80, 8, 1, 0.06%, 8, 0, 9, 325.27
1733538923, 64, 66, 80, 8, 1, 0.06%, 8, 0, 9, 357.43
1733538928, 64, 67, 80, 8, 1, 0.06%, 8, 0, 9, 357.02
1733538933, 64, 68, 80, 8, 1, 0.06%, 8, 0, 9, 374.76
1733538938, 64, 69, 80, 8, 1, 0.06%, 8, 0, 9, 317.28
1733538948, 64, 70, 80, 8, 1, 0.06%, 8, 0, 9, 392.44
1733538953, 64, 71, 80, 8, 1, 0.06%, 8, 0, 9, 328.47
1733538963, 64, 72, 80, 8, 1, 0.06%, 8, 0, 9, 356.35
1733538973, 64, 73, 80, 8, 1, 0.06%, 8, 0, 9, 296.55
1733538983, 64, 74, 80, 8, 1, 0.06%, 8, 0, 9, 339.04
1733538988, 64, 75, 80, 8, 1, 0.06%, 8, 0, 9, 343.32
1733538994, 64, 76, 80, 8, 1, 0.06%, 8, 0, 9, 365.54
1733539004, 64, 77, 80, 8, 1, 0.06%, 8, 0, 9, 396.90
1733539009, 64, 78, 80, 8, 1, 0.06%, 8, 0, 9, 339.19
1733539019, 64, 79, 80, 8, 1, 0.06%, 8, 0, 9, 339.91
1733539024, 65, 13, 80, 8, 1, 0.06%, 8, 0, 9, 335.29
1733539029, 65, 16, 80, 8, 1, 0.06%, 8, 0, 9, 336.20
1733539034, 65, 17, 80, 8, 1, 0.06%, 8, 0, 9, 345.70
1733539039, 65, 18, 80, 8, 1, 0.06%, 8, 0, 9, 336.63
1733539044, 65, 26, 80, 8, 1, 0.06%, 8, 0, 9, 335.12
1733539049, 65, 27, 80, 8, 1, 0.06%, 8, 0, 9, 329.24
1733539054, 65, 28, 80, 8, 1, 0.06%, 8, 0, 9, 342.64
1733539059, 65, 29, 80, 8, 1, 0.06%, 8, 0, 9, 334.26
1733539065, 65, 31, 80, 8, 1, 0.06%, 8, 0, 9, 320.46
1733539070, 65, 32, 80, 8, 1, 0.06%, 8, 0, 9, 352.35
1733539075, 65, 33, 80, 8, 1, 0.06%, 8, 0, 9, 376.88
1733539080, 65, 34, 80, 8, 1, 0.06%, 8, 0, 9, 355.19
1733539085, 65, 35, 80, 8, 1, 0.06%, 8, 0, 9, 339.00
1733539090, 65, 36, 80, 8, 1, 0.06%, 8, 0, 9, 329.30
1733539095, 65, 38, 80, 8, 1, 0.06%, 8, 0, 9, 326.34
1733539100, 65, 39, 80, 8, 1, 0.06%, 8, 0, 9, 380.23
1733539105, 65, 40, 80, 8, 1, 0.06%, 8, 0, 9, 351.98
1733539110, 65, 42, 80, 8, 1, 0.06%, 8, 0, 9, 354.99
1733539115, 65, 43, 80, 8, 1, 0.06%, 8, 0, 9, 345.29
1733539120, 65, 44, 80, 8, 1, 0.06%, 8, 0, 9, 317.69
1733539125, 65, 45, 80, 8, 1, 0.06%, 8, 0, 9, 339.02
1733539131, 65, 46, 80, 8, 1, 0.06%, 8, 0, 9, 350.54
1733539136, 65, 47, 80, 8, 1, 0.06%, 8, 0, 9, 320.31
1733539141, 65, 49, 80, 8, 1, 0.06%, 8, 0, 9, 325.36
1733539146, 65, 50, 80, 8, 1, 0.06%, 8, 0, 9, 334.46
1733539161, 65, 51, 80, 8, 1, 0.06%, 8, 0, 9, 361.68
1733539166, 65, 52, 80, 8, 1, 0.06%, 8, 0, 9, 334.03
1733539171, 65, 53, 80, 8, 1, 0.06%, 8, 0, 9, 319.29
1733539176, 65, 54, 80, 8, 1, 0.06%, 8, 0, 9, 362.05
1733539181, 65, 55, 80, 8, 1, 0.06%, 8, 0, 9, 342.21
1733539186, 65, 56, 80, 8, 1, 0.06%, 8, 0, 9, 321.98
1733539191, 65, 57, 80, 8, 1, 0.06%, 8, 0, 9, 333.49
1733539196, 65, 58, 80, 8, 1, 0.06%, 8, 0, 9, 348.18
1733539201, 65, 59, 80, 8, 1, 0.06%, 8, 0, 9, 368.54
1733539207, 65, 60, 80, 8, 1, 0.06%, 8, 0, 9, 361.98
1733539212, 65, 61, 80, 8, 1, 0.06%, 8, 0, 9, 334.86
1733539222, 65, 62, 80, 8, 1, 0.06%, 8, 0, 9, 373.00
1733539227, 65, 63, 80, 8, 1, 0.06%, 8, 0, 9, 335.83
1733539232, 65, 64, 80, 8, 1, 0.06%, 8, 0, 9, 350.09
1733539237, 65, 65, 80, 8, 1, 0.06%, 8, 0, 9, 332.83
1733539242, 65, 66, 80, 8, 1, 0.06%, 8, 0, 9, 341.71
1733539247, 65, 68, 80, 8, 1, 0.06%, 8, 0, 9, 319.60
1733539252, 65, 69, 80, 8, 1, 0.06%, 8, 0, 9, 345.37
1733539262, 65, 70, 80, 8, 1, 0.06%, 8, 0, 9, 390.31
1733539267, 65, 71, 80, 8, 1, 0.06%, 8, 0, 9, 304.11
1733539278, 65, 72, 80, 8, 1, 0.06%, 8, 0, 9, 380.38
1733539283, 65, 73, 80, 8, 1, 0.06%, 8, 0, 9, 368.11
1733539293, 65, 74, 80, 8, 1, 0.06%, 8, 0, 9, 326.34
1733539298, 65, 75, 80, 8, 1, 0.06%, 8, 0, 9, 342.46
1733539308, 65, 76, 80, 8, 1, 0.06%, 8, 0, 9, 390.66
1733539313, 65, 77, 80, 8, 1, 0.06%, 8, 0, 9, 342.01
1733539324, 65, 78, 80, 8, 1, 0.06%, 8, 0, 9, 317.05
1733539334, 65, 79, 80, 8, 1, 0.06%, 8, 0, 9, 323.09
1733539339, 66, 13, 80, 8, 1, 0.06%, 8, 0, 9, 345.02
1733539344, 66, 17, 80, 8, 1, 0.06%, 8, 0, 9, 354.96
1733539349, 66, 18, 80, 8, 1, 0.06%, 8, 0, 9, 338.35
1733539354, 66, 26, 80, 8, 1, 0.06%, 8, 0, 9, 335.05
1733539359, 66, 27, 80, 8, 1, 0.06%, 8, 0, 9, 348.48
1733539364, 66, 28, 80, 8, 1, 0.06%, 8, 0, 9, 345.55
1733539369, 66, 29, 80, 8, 1, 0.06%, 8, 0, 9, 342.33
1733539374, 66, 30, 80, 8, 1, 0.06%, 8, 0, 9, 338.51
1733539379, 66, 33, 80, 8, 1, 0.06%, 8, 0, 9, 340.22
1733539384, 66, 34, 80, 8, 1, 0.06%, 8, 0, 9, 368.24
1733539389, 66, 35, 80, 8, 1, 0.06%, 8, 0, 9, 366.53
1733539395, 66, 36, 80, 8, 1, 0.06%, 8, 0, 9, 356.88
1733539400, 66, 37, 80, 8, 1, 0.06%, 8, 0, 9, 335.63
1733539405, 66, 38, 80, 8, 1, 0.06%, 8, 0, 9, 341.37
1733539410, 66, 40, 80, 8, 1, 0.06%, 8, 0, 9, 323.25
1733539415, 66, 42, 80, 8, 1, 0.06%, 8, 0, 9, 319.12
1733539420, 66, 43, 80, 8, 1, 0.06%, 8, 0, 9, 349.74
1733539425, 66, 44, 80, 8, 1, 0.06%, 8, 0, 9, 360.82
1733539430, 66, 45, 80, 8, 1, 0.06%, 8, 0, 9, 356.46
1733539435, 66, 46, 80, 8, 1, 0.06%, 8, 0, 9, 360.66
1733539440, 66, 47, 80, 8, 1, 0.06%, 8, 0, 9, 317.73
1733539445, 66, 51, 80, 8, 1, 0.06%, 8, 0, 9, 349.90
1733539450, 66, 52, 80, 8, 1, 0.06%, 8, 0, 9, 348.98
1733539456, 66, 53, 80, 8, 1, 0.06%, 8, 0, 9, 311.92
1733539461, 66, 54, 80, 8, 1, 0.06%, 8, 0, 9, 363.19
1733539466, 66, 56, 80, 8, 1, 0.06%, 8, 0, 9, 330.75
1733539471, 66, 57, 80, 8, 1, 0.06%, 8, 0, 9, 327.75
1733539476, 66, 58, 80, 8, 1, 0.06%, 8, 0, 9, 347.99
1733539481, 66, 59, 80, 8, 1, 0.06%, 8, 0, 9, 336.64
1733539486, 66, 60, 80, 8, 1, 0.06%, 8, 0, 9, 310.69
1733539491, 66, 61, 80, 8, 1, 0.06%, 8, 0, 9, 382.09
1733539506, 66, 63, 80, 8, 1, 0.06%, 8, 0, 9, 339.77
1733539516, 66, 64, 80, 8, 1, 0.06%, 8, 0, 9, 337.19
1733539522, 66, 65, 80, 8, 1, 0.06%, 8, 0, 9, 340.49
1733539527, 66, 66, 80, 8, 1, 0.06%, 8, 0, 9, 335.19
1733539532, 66, 68, 80, 8, 1, 0.06%, 8, 0, 9, 373.02
1733539537, 66, 69, 80, 8, 1, 0.06%, 8, 0, 9, 395.12
1733539542, 66, 70, 80, 8, 1, 0.06%, 8, 0, 9, 366.75
1733539552, 66, 71, 80, 8, 1, 0.06%, 8, 0, 9, 392.93
1733539557, 66, 72, 80, 8, 1, 0.06%, 8, 0, 9, 354.77
1733539567, 66, 73, 80, 8, 1, 0.06%, 8, 0, 9, 329.30
1733539577, 66, 74, 80, 8, 1, 0.06%, 8, 0, 9, 381.31
1733539582, 66, 75, 80, 8, 1, 0.06%, 8, 0, 9, 370.09
1733539592, 66, 76, 80, 8, 1, 0.06%, 8, 0, 9, 354.69
1733539597, 66, 77, 80, 8, 1, 0.06%, 8, 0, 9, 334.15
1733539608, 66, 78, 80, 8, 1, 0.06%, 8, 0, 9, 330.96
1733539613, 66, 79, 80, 8, 1, 0.06%, 8, 0, 9, 301.66
1733539618, 67, 13, 80, 8, 1, 0.06%, 8, 0, 9, 327.94
1733539623, 67, 16, 80, 8, 1, 0.06%, 8, 0, 9, 382.56
1733539628, 67, 17, 80, 8, 1, 0.06%, 8, 0, 9, 339.21
1733539633, 67, 18, 80, 8, 1, 0.06%, 8, 0, 9, 322.68
1733539638, 67, 26, 80, 8, 1, 0.06%, 8, 0, 9, 317.01
1733539643, 67, 27, 80, 8, 1, 0.06%, 8, 0, 9, 336.81
1733539648, 67, 28, 80, 8, 1, 0.06%, 8, 0, 9, 337.29
1733539653, 67, 29, 80, 8, 1, 0.06%, 8, 0, 9, 328.46
1733539658, 67, 32, 80, 8, 1, 0.06%, 8, 0, 9, 324.71
1733539663, 67, 33, 80, 8, 1, 0.06%, 8, 0, 9, 322.46
1733539668, 67, 34, 80, 8, 1, 0.06%, 8, 0, 9, 374.51
1733539673, 67, 35, 80, 8, 1, 0.06%, 8, 0, 9, 359.24
1733539678, 67, 36, 80, 8, 1, 0.06%, 8, 0, 9, 357.86
1733539683, 67, 37, 80, 8, 1, 0.06%, 8, 0, 9, 350.23
1733539688, 67, 38, 80, 8, 1, 0.06%, 8, 0, 9, 352.50
1733539693, 67, 40, 80, 8, 1, 0.06%, 8, 0, 9, 399.87
1733539698, 67, 42, 80, 8, 1, 0.06%, 8, 0, 9, 381.26
1733539703, 67, 43, 80, 8, 1, 0.06%, 8, 0, 9, 375.92
1733539709, 67, 44, 80, 8, 1, 0.06%, 8, 0, 9, 318.80
1733539714, 67, 45, 80, 8, 1, 0.06%, 8, 0, 9, 332.09
1733539719, 67, 46, 80, 8, 1, 0.06%, 8, 0, 9, 354.27
1733539724, 67, 47, 80, 8, 1, 0.06%, 8, 0, 9, 308.37
1733539729, 67, 51, 80, 8, 1, 0.06%, 8, 0, 9, 332.26
1733539734, 67, 52, 80, 8, 1, 0.06%, 8, 0, 9, 329.70
1733539739, 67, 53, 80, 8, 1, 0.06%, 8, 0, 9, 325.14
1733539744, 67, 54, 80, 8, 1, 0.06%, 8, 0, 9, 347.65
1733539749, 67, 56, 80, 8, 1, 0.06%, 8, 0, 9, 309.15
1733539754, 67, 57, 80, 8, 1, 0.06%, 8, 0, 9, 325.73
1733539759, 67, 58, 80, 8, 1, 0.06%, 8, 0, 9, 348.63
1733539764, 67, 59, 80, 8, 1, 0.06%, 8, 0, 9, 355.94
1733539769, 67, 60, 80, 8, 1, 0.06%, 8, 0, 9, 383.49
1733539774, 67, 61, 80, 8, 1, 0.06%, 8, 0, 9, 371.69
1733539785, 67, 62, 80, 8, 1, 0.06%, 8, 0, 9, 368.95
1733539790, 67, 63, 80, 8, 1, 0.06%, 8, 0, 9, 333.28
1733539795, 67, 64, 80, 8, 1, 0.06%, 8, 0, 9, 325.19
1733539800, 67, 65, 80, 8, 1, 0.06%, 8, 0, 9, 326.40
1733539810, 67, 66, 80, 8, 1, 0.06%, 8, 0, 9, 336.77
1733539815, 67, 68, 80, 8, 1, 0.06%, 8, 0, 9, 348.61
1733539820, 67, 69, 80, 8, 1, 0.06%, 8, 0, 9, 362.06
1733539825, 67, 70, 80, 8, 1, 0.06%, 8, 0, 9, 376.93
1733539835, 67, 71, 80, 8, 1, 0.06%, 8, 0, 9, 370.81
1733539840, 67, 72, 80, 8, 1, 0.06%, 8, 0, 9, 381.76
1733539850, 67, 73, 80, 8, 1, 0.06%, 8, 0, 9, 260.49
1733539856, 67, 74, 80, 8, 1, 0.06%, 8, 0, 9, 361.92
1733539866, 67, 75, 80, 8, 1, 0.06%, 8, 0, 9, 343.48
1733539871, 67, 76, 80, 8, 1, 0.06%, 8, 0, 9, 372.76
1733539881, 67, 77, 80, 8, 1, 0.06%, 8, 0, 9, 380.32
1733539891, 67, 78, 80, 8, 1, 0.06%, 8, 0, 9, 345.56
1733539896, 67, 79, 80, 8, 1, 0.06%, 8, 0, 9, 318.85
1733539901, 68, 13, 80, 8, 1, 0.06%, 8, 0, 9, 318.42
1733539906, 68, 17, 80, 8, 1, 0.06%, 8, 0, 9, 344.09
1733539911, 68, 18, 80, 8, 1, 0.06%, 8, 0, 9, 340.87
1733539917, 68, 26, 80, 8, 1, 0.06%, 8, 0, 9, 332.62
1733539922, 68, 27, 80, 8, 1, 0.06%, 8, 0, 9, 351.19
1733539927, 68, 28, 80, 8, 1, 0.06%, 8, 0, 9, 343.11
1733539932, 68, 29, 80, 8, 1, 0.06%, 8, 0, 9, 342.06
1733539937, 68, 30, 80, 8, 1, 0.06%, 8, 0, 9, 333.36
1733539942, 68, 33, 80, 8, 1, 0.06%, 8, 0, 9, 314.06
1733539947, 68, 34, 80, 8, 1, 0.06%, 8, 0, 9, 355.02
1733539952, 68, 35, 80, 8, 1, 0.06%, 8, 0, 9, 368.01
1733539957, 68, 36, 80, 8, 1, 0.06%, 8, 0, 9, 351.43
1733539962, 68, 37, 80, 8, 1, 0.06%, 8, 0, 9, 340.79
1733539967, 68, 38, 80, 8, 1, 0.06%, 8, 0, 9, 357.30
1733539972, 68, 39, 80, 8, 1, 0.06%, 8, 0, 9, 335.01
1733539977, 68, 42, 80, 8, 1, 0.06%, 8, 0, 9, 339.45
1733539982, 68, 43, 80, 8, 1, 0.06%, 8, 0, 9, 321.97
1733539987, 68, 44, 80, 8, 1, 0.06%, 8, 0, 9, 340.55
1733539992, 68, 45, 80, 8, 1, 0.06%, 8, 0, 9, 358.54
1733539998, 68, 46, 80, 8, 1, 0.06%, 8, 0, 9, 362.51
1733540003, 68, 47, 80, 8, 1, 0.06%, 8, 0, 9, 312.54
1733540008, 68, 51, 80, 8, 1, 0.06%, 8, 0, 9, 355.51
1733540013, 68, 52, 80, 8, 1, 0.06%, 8, 0, 9, 352.75
1733540018, 68, 53, 80, 8, 1, 0.06%, 8, 0, 9, 330.04
1733540023, 68, 54, 80, 8, 1, 0.06%, 8, 0, 9, 372.97
1733540028, 68, 56, 80, 8, 1, 0.06%, 8, 0, 9, 344.88
1733540033, 68, 57, 80, 8, 1, 0.06%, 8, 0, 9, 338.83
1733540038, 68, 58, 80, 8, 1, 0.06%, 8, 0, 9, 357.73
1733540043, 68, 59, 80, 8, 1, 0.06%, 8, 0, 9, 359.36
1733540048, 68, 60, 80, 8, 1, 0.06%, 8, 0, 9, 338.65
1733540053, 68, 61, 80, 8, 1, 0.06%, 8, 0, 9, 409.82
1733540064, 68, 62, 80, 8, 1, 0.06%, 8, 0, 9, 345.30
1733540069, 68, 63, 80, 8, 1, 0.06%, 8, 0, 9, 317.14
1733540079, 68, 64, 80, 8, 1, 0.06%, 8, 0, 9, 338.32
1733540084, 68, 65, 80, 8, 1, 0.06%, 8, 0, 9, 316.65
1733540089, 68, 66, 80, 8, 1, 0.06%, 8, 0, 9, 332.51
1733540094, 68, 68, 80, 8, 1, 0.06%, 8, 0, 9, 364.44
1733540099, 68, 69, 80, 8, 1, 0.06%, 8, 0, 9, 398.83
1733540104, 68, 70, 80, 8, 1, 0.06%, 8, 0, 9, 353.23
1733540114, 68, 71, 80, 8, 1, 0.06%, 8, 0, 9, 385.23
1733540119, 68, 72, 80, 8, 1, 0.06%, 8, 0, 9, 346.15
1733540129, 68, 73, 80, 8, 1, 0.06%, 8, 0, 9, 330.60
1733540140, 68, 74, 80, 8, 1, 0.06%, 8, 0, 9, 368.90
1733540145, 68, 75, 80, 8, 1, 0.06%, 8, 0, 9, 377.38
1733540150, 68, 76, 80, 8, 1, 0.06%, 8, 0, 9, 373.96
1733540160, 68, 77, 80, 8, 1, 0.06%, 8, 0, 9, 287.25
1733540170, 68, 78, 80, 8, 1, 0.06%, 8, 0, 9, 333.39
1733540175, 68, 79, 80, 8, 1, 0.06%, 8, 0, 9, 325.05
1733540180, 69, 13, 80, 8, 1, 0.06%, 8, 0, 9, 355.75
1733540185, 69, 16, 80, 8, 1, 0.06%, 8, 0, 9, 351.22
1733540190, 69, 17, 80, 8, 1, 0.06%, 8, 0, 9, 319.27
1733540195, 69, 18, 80, 8, 1, 0.06%, 8, 0, 9, 316.28
1733540201, 69, 26, 80, 8, 1, 0.06%, 8, 0, 9, 316.60
1733540206, 69, 28, 80, 8, 1, 0.06%, 8, 0, 9, 327.48
1733540211, 69, 29, 80, 8, 1, 0.06%, 8, 0, 9, 338.64
1733540216, 69, 30, 80, 8, 1, 0.06%, 8, 0, 9, 360.26
1733540221, 69, 32, 80, 8, 1, 0.06%, 8, 0, 9, 357.27
1733540226, 69, 33, 80, 8, 1, 0.06%, 8, 0, 9, 358.64
1733540231, 69, 34, 80, 8, 1, 0.06%, 8, 0, 9, 339.03
1733540236, 69, 35, 80, 8, 1, 0.06%, 8, 0, 9, 341.88
1733540241, 69, 37, 80, 8, 1, 0.06%, 8, 0, 9, 339.82
1733540246, 69, 38, 80, 8, 1, 0.06%, 8, 0, 9, 359.10
1733540251, 69, 39, 80, 8, 1, 0.06%, 8, 0, 9, 385.19
1733540256, 69, 40, 80, 8, 1, 0.06%, 8, 0, 9, 352.29
1733540261, 69, 42, 80, 8, 1, 0.06%, 8, 0, 9, 349.02
1733540266, 69, 43, 80, 8, 1, 0.06%, 8, 0, 9, 332.22
1733540272, 69, 44, 80, 8, 1, 0.06%, 8, 0, 9, 322.18
1733540277, 69, 45, 80, 8, 1, 0.06%, 8, 0, 9, 317.37
1733540282, 69, 46, 80, 8, 1, 0.06%, 8, 0, 9, 313.02
1733540287, 69, 47, 80, 8, 1, 0.06%, 8, 0, 9, 310.35
1733540292, 69, 51, 80, 8, 1, 0.06%, 8, 0, 9, 346.19
1733540297, 69, 53, 80, 8, 1, 0.06%, 8, 0, 9, 363.15
1733540307, 69, 54, 80, 8, 1, 0.06%, 8, 0, 9, 358.40
1733540312, 69, 56, 80, 8, 1, 0.06%, 8, 0, 9, 315.67
1733540317, 69, 57, 80, 8, 1, 0.06%, 8, 0, 9, 332.37
1733540322, 69, 58, 80, 8, 1, 0.06%, 8, 0, 9, 347.47
1733540327, 69, 59, 80, 8, 1, 0.06%, 8, 0, 9, 346.42
1733540332, 69, 60, 80, 8, 1, 0.06%, 8, 0, 9, 371.43
1733540337, 69, 61, 80, 8, 1, 0.06%, 8, 0, 9, 330.09
1733540348, 69, 62, 80, 8, 1, 0.06%, 8, 0, 9, 377.11
1733540353, 69, 63, 80, 8, 1, 0.06%, 8, 0, 9, 322.14
1733540358, 69, 64, 80, 8, 1, 0.06%, 8, 0, 9, 376.91
1733540363, 69, 65, 80, 8, 1, 0.06%, 8, 0, 9, 342.46
1733540368, 69, 66, 80, 8, 1, 0.06%, 8, 0, 9, 340.89
1733540373, 69, 68, 80, 8, 1, 0.06%, 8, 0, 9, 351.75
1733540378, 69, 69, 80, 8, 1, 0.06%, 8, 0, 9, 332.99
1733540388, 69, 70, 80, 8, 1, 0.06%, 8, 0, 9, 383.85
1733540398, 69, 71, 80, 8, 1, 0.06%, 8, 0, 9, 344.82
1733540403, 69, 72, 80, 8, 1, 0.06%, 8, 0, 9, 360.70
1733540414, 69, 73, 80, 8, 1, 0.06%, 8, 0, 9, 262.98
1733540424, 69, 74, 80, 8, 1, 0.06%, 8, 0, 9, 341.90
1733540429, 69, 75, 80, 8, 1, 0.06%, 8, 0, 9, 351.19
1733540434, 69, 76, 80, 8, 1, 0.06%, 8, 0, 9, 393.81
1733540439, 69, 77, 80, 8, 1, 0.06%, 8, 0, 9, 345.97
1733540449, 69, 78, 80, 8, 1, 0.06%, 8, 0, 9, 333.51
1733540454, 69, 79, 80, 8, 1, 0.06%, 8, 0, 9, 327.67
1733540464, 70, 16, 80, 8, 1, 0.06%, 8, 0, 9, 334.42
1733540469, 70, 17, 80, 8, 1, 0.06%, 8, 0, 9, 347.25
1733540474, 70, 18, 80, 8, 1, 0.06%, 8, 0, 9, 338.36
1733540480, 70, 26, 80, 8, 1, 0.06%, 8, 0, 9, 328.17
1733540485, 70, 27, 80, 8, 1, 0.06%, 8, 0, 9, 354.10
1733540490, 70, 28, 80, 8, 1, 0.06%, 8, 0, 9, 327.82
1733540495, 70, 29, 80, 8, 1, 0.06%, 8, 0, 9, 324.29
1733540500, 70, 30, 80, 8, 1, 0.06%, 8, 0, 9, 324.01
1733540505, 70, 33, 80, 8, 1, 0.06%, 8, 0, 9, 355.24
1733540510, 70, 34, 80, 8, 1, 0.06%, 8, 0, 9, 377.26
1733540516, 70, 35, 80, 8, 1, 0.06%, 8, 0, 9, 354.05
1733540521, 70, 36, 80, 8, 1, 0.06%, 8, 0, 9, 359.41
1733540526, 70, 37, 80, 8, 1, 0.06%, 8, 0, 9, 340.84
1733540531, 70, 39, 80, 8, 1, 0.06%, 8, 0, 9, 347.40
1733540536, 70, 40, 80, 8, 1, 0.06%, 8, 0, 9, 377.35
1733540541, 70, 42, 80, 8, 1, 0.06%, 8, 0, 9, 390.68
1733540546, 70, 43, 80, 8, 1, 0.06%, 8, 0, 9, 354.69
1733540551, 70, 44, 80, 8, 1, 0.06%, 8, 0, 9, 338.58
1733540556, 70, 45, 80, 8, 1, 0.06%, 8, 0, 9, 335.38
1733540561, 70, 46, 80, 8, 1, 0.06%, 8, 0, 9, 343.28
1733540566, 70, 47, 80, 8, 1, 0.06%, 8, 0, 9, 295.41
1733540571, 70, 51, 80, 8, 1, 0.06%, 8, 0, 9, 349.29
1733540576, 70, 52, 80, 8, 1, 0.06%, 8, 0, 9, 338.48
1733540581, 70, 53, 80, 8, 1, 0.06%, 8, 0, 9, 318.57
1733540586, 70, 54, 80, 8, 1, 0.06%, 8, 0, 9, 347.03
1733540591, 70, 56, 80, 8, 1, 0.06%, 8, 0, 9, 323.41
1733540596, 70, 57, 80, 8, 1, 0.06%, 8, 0, 9, 335.39
1733540601, 70, 58, 80, 8, 1, 0.06%, 8, 0, 9, 358.61
1733540607, 70, 59, 80, 8, 1, 0.06%, 8, 0, 9, 377.70
1733540612, 70, 60, 80, 8, 1, 0.06%, 8, 0, 9, 365.84
1733540617, 70, 61, 80, 8, 1, 0.06%, 8, 0, 9, 392.45
1733540627, 70, 62, 80, 8, 1, 0.06%, 8, 0, 9, 380.17
1733540632, 70, 63, 80, 8, 1, 0.06%, 8, 0, 9, 329.42
1733540637, 70, 64, 80, 8, 1, 0.06%, 8, 0, 9, 310.53
1733540642, 70, 65, 80, 8, 1, 0.06%, 8, 0, 9, 346.46
1733540652, 70, 66, 80, 8, 1, 0.06%, 8, 0, 9, 327.35
1733540657, 70, 68, 80, 8, 1, 0.06%, 8, 0, 9, 348.25
1733540663, 70, 69, 80, 8, 1, 0.06%, 8, 0, 9, 377.99
1733540668, 70, 70, 80, 8, 1, 0.06%, 8, 0, 9, 345.87
1733540678, 70, 71, 80, 8, 1, 0.06%, 8, 0, 9, 378.78
1733540683, 70, 72, 80, 8, 1, 0.06%, 8, 0, 9, 336.64
1733540693, 70, 73, 80, 8, 1, 0.06%, 8, 0, 9, 275.77
1733540703, 70, 74, 80, 8, 1, 0.06%, 8, 0, 9, 340.06
1733540708, 70, 75, 80, 8, 1, 0.06%, 8, 0, 9, 379.45
1733540713, 70, 76, 80, 8, 1, 0.06%, 8, 0, 9, 338.18
1733540724, 70, 77, 80, 8, 1, 0.06%, 8, 0, 9, 366.00
1733540734, 70, 78, 80, 8, 1, 0.06%, 8, 0, 9, 335.71
1733540739, 70, 79, 80, 8, 1, 0.06%, 8, 0, 9, 329.00
1733540744, 71, 13, 80, 8, 1, 0.06%, 8, 0, 9, 352.02
1733540749, 71, 17, 80, 8, 1, 0.06%, 8, 0, 9, 334.79
1733540754, 71, 18, 80, 8, 1, 0.06%, 8, 0, 9, 329.31
1733540759, 71, 26, 80, 8, 1, 0.06%, 8, 0, 9, 338.79
1733540765, 71, 27, 80, 8, 1, 0.06%, 8, 0, 9, 337.61
1733540770, 71, 28, 80, 8, 1, 0.06%, 8, 0, 9, 350.98
1733540775, 71, 29, 80, 8, 1, 0.06%, 8, 0, 9, 342.45
1733540780, 71, 30, 80, 8, 1, 0.06%, 8, 0, 9, 329.06
1733540785, 71, 33, 80, 8, 1, 0.06%, 8, 0, 9, 326.45
1733540790, 71, 34, 80, 8, 1, 0.06%, 8, 0, 9, 360.35
1733540795, 71, 35, 80, 8, 1, 0.06%, 8, 0, 9, 372.96
1733540800, 71, 36, 80, 8, 1, 0.06%, 8, 0, 9, 356.95
1733540805, 71, 37, 80, 8, 1, 0.06%, 8, 0, 9, 344.10
1733540810, 71, 38, 80, 8, 1, 0.06%, 8, 0, 9, 328.96
1733540815, 71, 40, 80, 8, 1, 0.06%, 8, 0, 9, 327.70
1733540820, 71, 42, 80, 8, 1, 0.06%, 8, 0, 9, 344.26
1733540825, 71, 43, 80, 8, 1, 0.06%, 8, 0, 9, 374.24
1733540830, 71, 44, 80, 8, 1, 0.06%, 8, 0, 9, 343.40
1733540835, 71, 45, 80, 8, 1, 0.06%, 8, 0, 9, 344.72
1733540840, 71, 46, 80, 8, 1, 0.06%, 8, 0, 9, 348.86
1733540845, 71, 47, 80, 8, 1, 0.06%, 8, 0, 9, 322.98
1733540851, 71, 51, 80, 8, 1, 0.06%, 8, 0, 9, 339.12
1733540856, 71, 52, 80, 8, 1, 0.06%, 8, 0, 9, 354.55
1733540861, 71, 53, 80, 8, 1, 0.06%, 8, 0, 9, 323.94
1733540866, 71, 54, 80, 8, 1, 0.06%, 8, 0, 9, 362.14
1733540871, 71, 56, 80, 8, 1, 0.06%, 8, 0, 9, 326.00
1733540876, 71, 57, 80, 8, 1, 0.06%, 8, 0, 9, 332.07
1733540881, 71, 58, 80, 8, 1, 0.06%, 8, 0, 9, 366.88
1733540886, 71, 59, 80, 8, 1, 0.06%, 8, 0, 9, 365.77
1733540891, 71, 60, 80, 8, 1, 0.06%, 8, 0, 9, 371.40
1733540896, 71, 61, 80, 8, 1, 0.06%, 8, 0, 9, 403.52
1733540906, 71, 62, 80, 8, 1, 0.06%, 8, 0, 9, 343.77
1733540911, 71, 63, 80, 8, 1, 0.06%, 8, 0, 9, 332.23
1733540917, 71, 64, 80, 8, 1, 0.06%, 8, 0, 9, 329.09
1733540927, 71, 65, 80, 8, 1, 0.06%, 8, 0, 9, 342.93
1733540932, 71, 66, 80, 8, 1, 0.06%, 8, 0, 9, 340.78
1733540937, 71, 68, 80, 8, 1, 0.06%, 8, 0, 9, 350.88
1733540942, 71, 69, 80, 8, 1, 0.06%, 8, 0, 9, 372.59
1733540947, 71, 70, 80, 8, 1, 0.06%, 8, 0, 9, 306.75
1733540957, 71, 71, 80, 8, 1, 0.06%, 8, 0, 9, 381.16
1733540962, 71, 72, 80, 8, 1, 0.06%, 8, 0, 9, 323.36
1733540973, 71, 73, 80, 8, 1, 0.06%, 8, 0, 9, 292.19
1733540983, 71, 74, 80, 8, 1, 0.06%, 8, 0, 9, 352.02
1733540988, 71, 75, 80, 8, 1, 0.06%, 8, 0, 9, 388.61
1733540998, 71, 76, 80, 8, 1, 0.06%, 8, 0, 9, 355.91
1733541003, 71, 77, 80, 8, 1, 0.06%, 8, 0, 9, 316.61
1733541013, 71, 78, 80, 8, 1, 0.06%, 8, 0, 9, 332.22
1733541018, 71, 79, 80, 8, 1, 0.06%, 8, 0, 9, 319.62
1733541023, 72, 13, 80, 8, 1, 0.06%, 8, 0, 9, 361.88
1733541028, 72, 16, 80, 8, 1, 0.06%, 8, 0, 9, 370.38
1733541034, 72, 17, 80, 8, 1, 0.06%, 8, 0, 9, 327.75
1733541039, 72, 18, 80, 8, 1, 0.06%, 8, 0, 9, 317.62
1733541044, 72, 26, 80, 8, 1, 0.06%, 8, 0, 9, 307.34
1733541049, 72, 28, 80, 8, 1, 0.06%, 8, 0, 9, 328.97
1733541054, 72, 29, 80, 8, 1, 0.06%, 8, 0, 9, 350.72
1733541059, 72, 30, 80, 8, 1, 0.06%, 8, 0, 9, 360.67
1733541064, 72, 32, 80, 8, 1, 0.06%, 8, 0, 9, 346.68
1733541069, 72, 33, 80, 8, 1, 0.06%, 8, 0, 9, 358.42
1733541074, 72, 34, 80, 8, 1, 0.06%, 8, 0, 9, 349.90
1733541079, 72, 35, 80, 8, 1, 0.06%, 8, 0, 9, 335.45
1733541084, 72, 37, 80, 8, 1, 0.06%, 8, 0, 9, 349.13
1733541089, 72, 38, 80, 8, 1, 0.06%, 8, 0, 9, 370.53
1733541094, 72, 39, 80, 8, 1, 0.06%, 8, 0, 9, 366.94
1733541099, 72, 40, 80, 8, 1, 0.06%, 8, 0, 9, 351.24
1733541104, 72, 42, 80, 8, 1, 0.06%, 8, 0, 9, 348.23
1733541109, 72, 43, 80, 8, 1, 0.06%, 8, 0, 9, 352.18
1733541115, 72, 44, 80, 8, 1, 0.06%, 8, 0, 9, 334.87
1733541120, 72, 45, 80, 8, 1, 0.06%, 8, 0, 9, 340.74
1733541125, 72, 47, 80, 8, 1, 0.06%, 8, 0, 9, 332.75
1733541130, 72, 51, 80, 8, 1, 0.06%, 8, 0, 9, 293.22
1733541135, 72, 52, 80, 8, 1, 0.06%, 8, 0, 9, 349.48
1733541140, 72, 53, 80, 8, 1, 0.06%, 8, 0, 9, 333.95
1733541145, 72, 54, 80, 8, 1, 0.06%, 8, 0, 9, 330.97
1733541150, 72, 56, 80, 8, 1, 0.06%, 8, 0, 9, 342.32
1733541155, 72, 57, 80, 8, 1, 0.06%, 8, 0, 9, 342.20
1733541165, 72, 58, 80, 8, 1, 0.06%, 8, 0, 9, 341.67
1733541170, 72, 59, 80, 8, 1, 0.06%, 8, 0, 9, 344.43
1733541176, 72, 60, 80, 8, 1, 0.06%, 8, 0, 9, 351.20
1733541181, 72, 61, 80, 8, 1, 0.06%, 8, 0, 9, 305.95
1733541191, 72, 62, 80, 8, 1, 0.06%, 8, 0, 9, 368.07
1733541196, 72, 63, 80, 8, 1, 0.06%, 8, 0, 9, 331.13
1733541201, 72, 64, 80, 8, 1, 0.06%, 8, 0, 9, 391.51
1733541206, 72, 65, 80, 8, 1, 0.06%, 8, 0, 9, 331.77
1733541211, 72, 66, 80, 8, 1, 0.06%, 8, 0, 9, 332.11
1733541216, 72, 68, 80, 8, 1, 0.06%, 8, 0, 9, 341.87
1733541221, 72, 69, 80, 8, 1, 0.06%, 8, 0, 9, 327.36
1733541231, 72, 70, 80, 8, 1, 0.06%, 8, 0, 9, 399.98
1733541236, 72, 71, 80, 8, 1, 0.06%, 8, 0, 9, 345.37
1733541247, 72, 72, 80, 8, 1, 0.06%, 8, 0, 9, 359.99
1733541257, 72, 73, 80, 8, 1, 0.06%, 8, 0, 9, 261.37
1733541267, 72, 74, 80, 8, 1, 0.06%, 8, 0, 9, 340.96
1733541272, 72, 75, 80, 8, 1, 0.06%, 8, 0, 9, 386.75
1733541277, 72, 76, 80, 8, 1, 0.06%, 8, 0, 9, 371.75
1733541287, 72, 77, 80, 8, 1, 0.06%, 8, 0, 9, 377.54
1733541292, 72, 78, 80, 8, 1, 0.06%, 8, 0, 9, 361.28
1733541302, 72, 79, 80, 8, 1, 0.06%, 8, 0, 9, 330.16
1733541307, 73, 13, 80, 8, 1, 0.06%, 8, 0, 9, 330.70
1733541312, 73, 17, 80, 8, 1, 0.06%, 8, 0, 9, 332.23
1733541318, 73, 18, 80, 8, 1, 0.06%, 8, 0, 9, 313.40
1733541323, 73, 26, 80, 8, 1, 0.06%, 8, 0, 9, 325.13
1733541328, 73, 27, 80, 8, 1, 0.06%, 8, 0, 9, 356.49
1733541333, 73, 28, 80, 8, 1, 0.06%, 8, 0, 9, 351.15
1733541338, 73, 29, 80, 8, 1, 0.06%, 8, 0, 9, 354.00
1733541343, 73, 30, 80, 8, 1, 0.06%, 8, 0, 9, 334.80
1733541348, 73, 32, 80, 8, 1, 0.06%, 8, 0, 9, 331.48
1733541353, 73, 34, 80, 8, 1, 0.06%, 8, 0, 9, 364.93
1733541358, 73, 35, 80, 8, 1, 0.06%, 8, 0, 9, 371.10
1733541363, 73, 36, 80, 8, 1, 0.06%, 8, 0, 9, 353.98
1733541368, 73, 37, 80, 8, 1, 0.06%, 8, 0, 9, 352.64
1733541373, 73, 38, 80, 8, 1, 0.06%, 8, 0, 9, 353.06
1733541378, 73, 39, 80, 8, 1, 0.06%, 8, 0, 9, 339.84
1733541383, 73, 40, 80, 8, 1, 0.06%, 8, 0, 9, 328.63
1733541388, 73, 43, 80, 8, 1, 0.06%, 8, 0, 9, 333.61
1733541399, 73, 45, 80, 8, 1, 0.06%, 8, 0, 9, 335.85
1733541404, 73, 46, 80, 8, 1, 0.06%, 8, 0, 9, 366.87
1733541409, 73, 47, 80, 8, 1, 0.06%, 8, 0, 9, 309.11
1733541414, 73, 51, 80, 8, 1, 0.06%, 8, 0, 9, 345.51
1733541419, 73, 52, 80, 8, 1, 0.06%, 8, 0, 9, 361.30
1733541424, 73, 53, 80, 8, 1, 0.06%, 8, 0, 9, 336.47
1733541429, 73, 54, 80, 8, 1, 0.06%, 8, 0, 9, 311.56
1733541434, 73, 56, 80, 8, 1, 0.06%, 8, 0, 9, 353.38
1733541439, 73, 57, 80, 8, 1, 0.06%, 8, 0, 9, 338.12
1733541444, 73, 58, 80, 8, 1, 0.06%, 8, 0, 9, 316.93
1733541449, 73, 59, 80, 8, 1, 0.06%, 8, 0, 9, 332.51
1733541454, 73, 60, 80, 8, 1, 0.06%, 8, 0, 9, 335.74
1733541465, 73, 61, 80, 8, 1, 0.06%, 8, 0, 9, 265.74
1733541475, 73, 62, 80, 8, 1, 0.06%, 8, 0, 9, 341.93
1733541480, 73, 63, 80, 8, 1, 0.06%, 8, 0, 9, 321.39
1733541485, 73, 64, 80, 8, 1, 0.06%, 8, 0, 9, 362.55
1733541490, 73, 65, 80, 8, 1, 0.06%, 8, 0, 9, 338.44
1733541495, 73, 66, 80, 8, 1, 0.06%, 8, 0, 9, 343.80
1733541500, 73, 68, 80, 8, 1, 0.06%, 8, 0, 9, 369.54
1733541505, 73, 69, 80, 8, 1, 0.06%, 8, 0, 9, 392.87
1733541515, 73, 70, 80, 8, 1, 0.06%, 8, 0, 9, 368.55
1733541520, 73, 71, 80, 8, 1, 0.06%, 8, 0, 9, 381.10
1733541525, 73, 72, 80, 8, 1, 0.06%, 8, 0, 9, 387.17
1733541535, 73, 73, 80, 8, 1, 0.06%, 8, 0, 9, 330.48
1733541546, 73, 74, 80, 8, 1, 0.06%, 8, 0, 9, 356.44
1733541551, 73, 75, 80, 8, 1, 0.06%, 8, 0, 9, 368.97
1733541561, 73, 76, 80, 8, 1, 0.06%, 8, 0, 9, 339.99
1733541566, 73, 77, 80, 8, 1, 0.06%, 8, 0, 9, 307.54
1733541576, 73, 78, 80, 8, 1, 0.06%, 8, 0, 9, 323.55
1733541581, 73, 79, 80, 8, 1, 0.06%, 8, 0, 9, 321.82
1733541586, 74, 13, 80, 8, 1, 0.06%, 8, 0, 9, 379.20
1733541591, 74, 16, 80, 8, 1, 0.06%, 8, 0, 9, 359.34
1733541596, 74, 18, 80, 8, 1, 0.06%, 8, 0, 9, 335.39
1733541601, 74, 32, 80, 8, 1, 0.06%, 8, 0, 9, 331.25
1733541606, 74, 33, 80, 8, 1, 0.06%, 8, 0, 9, 313.96
1733541611, 74, 35, 80, 8, 1, 0.06%, 8, 0, 9, 347.01
1733541616, 74, 36, 80, 8, 1, 0.06%, 8, 0, 9, 373.55
1733541622, 74, 37, 80, 8, 1, 0.06%, 8, 0, 9, 373.31
1733541627, 74, 38, 80, 8, 1, 0.06%, 8, 0, 9, 346.51
1733541632, 74, 39, 80, 8, 1, 0.06%, 8, 0, 9, 324.43
1733541637, 74, 40, 80, 8, 1, 0.06%, 8, 0, 9, 331.01
1733541642, 74, 42, 80, 8, 1, 0.06%, 8, 0, 9, 332.69
1733541647, 74, 44, 80, 8, 1, 0.06%, 8, 0, 9, 349.48
1733541652, 74, 45, 80, 8, 1, 0.06%, 8, 0, 9, 349.25
1733541657, 74, 46, 80, 8, 1, 0.06%, 8, 0, 9, 387.35
1733541662, 74, 47, 80, 8, 1, 0.06%, 8, 0, 9, 330.74
1733541667, 74, 51, 80, 8, 1, 0.06%, 8, 0, 9, 356.06
1733541672, 74, 52, 80, 8, 1, 0.06%, 8, 0, 9, 363.00
1733541677, 74, 53, 80, 8, 1, 0.06%, 8, 0, 9, 327.05
1733541682, 74, 54, 80, 8, 1, 0.06%, 8, 0, 9, 359.32
1733541687, 74, 56, 80, 8, 1, 0.06%, 8, 0, 9, 331.39
1733541692, 74, 57, 80, 8, 1, 0.06%, 8, 0, 9, 316.82
1733541697, 74, 58, 80, 8, 1, 0.06%, 8, 0, 9, 306.84
1733541702, 74, 59, 80, 8, 1, 0.06%, 8, 0, 9, 338.73
1733541707, 74, 60, 80, 8, 1, 0.06%, 8, 0, 9, 343.85
1733541718, 74, 61, 80, 8, 1, 0.06%, 8, 0, 9, 264.86
1733541728, 74, 62, 80, 8, 1, 0.06%, 8, 0, 9, 351.74
1733541733, 74, 64, 80, 8, 1, 0.06%, 8, 0, 9, 359.58
1733541738, 74, 65, 80, 8, 1, 0.06%, 8, 0, 9, 323.88
1733541743, 74, 66, 80, 8, 1, 0.06%, 8, 0, 9, 338.73
1733541748, 74, 71, 80, 8, 1, 0.06%, 8, 0, 9, 377.53
1733541753, 74, 72, 80, 8, 1, 0.06%, 8, 0, 9, 376.79
1733541763, 74, 73, 80, 8, 1, 0.06%, 8, 0, 9, 263.98
1733541774, 74, 74, 80, 8, 1, 0.06%, 8, 0, 9, 337.28
1733541779, 74, 75, 80, 8, 1, 0.06%, 8, 0, 9, 360.76
1733541784, 74, 76, 80, 8, 1, 0.06%, 8, 0, 9, 288.43
1733541794, 74, 77, 80, 8, 1, 0.06%, 8, 0, 9, 319.86
1733541804, 74, 78, 80, 8, 1, 0.06%, 8, 0, 9, 344.52
1733541809, 74, 79, 80, 8, 1, 0.06%, 8, 0, 9, 330.38
1733541814, 75, 16, 80, 8, 1, 0.06%, 8, 0, 9, 348.34
1733541819, 75, 18, 80, 8, 1, 0.06%, 8, 0, 9, 322.97
1733541824, 75, 32, 80, 8, 1, 0.06%, 8, 0, 9, 327.08
1733541829, 75, 33, 80, 8, 1, 0.06%, 8, 0, 9, 335.91
1733541834, 75, 34, 80, 8, 1, 0.06%, 8, 0, 9, 320.33
1733541839, 75, 42, 80, 8, 1, 0.06%, 8, 0, 9, 326.30
1733541844, 75, 43, 80, 8, 1, 0.06%, 8, 0, 9, 376.12
1733541849, 75, 44, 80, 8, 1, 0.06%, 8, 0, 9, 364.62
1733541854, 75, 45, 80, 8, 1, 0.06%, 8, 0, 9, 356.09
1733541859, 75, 47, 80, 8, 1, 0.06%, 8, 0, 9, 315.09
1733541864, 75, 56, 80, 8, 1, 0.06%, 8, 0, 9, 319.42
1733541869, 75, 57, 80, 8, 1, 0.06%, 8, 0, 9, 330.81
1733541874, 75, 58, 80, 8, 1, 0.06%, 8, 0, 9, 354.46
1733541879, 75, 62, 80, 8, 1, 0.06%, 8, 0, 9, 367.66
1733541885, 75, 64, 80, 8, 1, 0.06%, 8, 0, 9, 362.36
1733541890, 75, 65, 80, 8, 1, 0.06%, 8, 0, 9, 330.02
1733541895, 75, 66, 80, 8, 1, 0.06%, 8, 0, 9, 312.47
1733541900, 75, 71, 80, 8, 1, 0.06%, 8, 0, 9, 319.51
1733541910, 75, 72, 80, 8, 1, 0.06%, 8, 0, 9, 384.43
1733541915, 75, 73, 80, 8, 1, 0.06%, 8, 0, 9, 389.86
1733541925, 75, 74, 80, 8, 1, 0.06%, 8, 0, 9, 324.69
1733541930, 75, 75, 80, 8, 1, 0.06%, 8, 0, 9, 331.41
1733541941, 75, 76, 80, 8, 1, 0.06%, 8, 0, 9, 370.08
1733541946, 75, 77, 80, 8, 1, 0.06%, 8, 0, 9, 335.63
1733541956, 75, 78, 80, 8, 1, 0.06%, 8, 0, 9, 336.36
1733541961, 75, 79, 80, 8, 1, 0.06%, 8, 0, 9, 320.13
1733541966, 76, 16, 80, 8, 1, 0.06%, 8, 0, 9, 370.08
1733541971, 76, 18, 80, 8, 1, 0.06%, 8, 0, 9, 336.46
1733541976, 76, 32, 80, 8, 1, 0.06%, 8, 0, 9, 354.46
1733541981, 76, 33, 80, 8, 1, 0.06%, 8, 0, 9, 352.46
1733541987, 76, 34, 80, 8, 1, 0.06%, 8, 0, 9, 337.61
1733541992, 76, 40, 80, 8, 1, 0.06%, 8, 0, 9, 336.32
1733541997, 76, 43, 80, 8, 1, 0.06%, 8, 0, 9, 352.66
1733542002, 76, 44, 80, 8, 1, 0.06%, 8, 0, 9, 347.82
1733542007, 76, 45, 80, 8, 1, 0.06%, 8, 0, 9, 319.17
1733542012, 76, 47, 80, 8, 1, 0.06%, 8, 0, 9, 308.29
1733542017, 76, 56, 80, 8, 1, 0.06%, 8, 0, 9, 314.40
1733542022, 76, 57, 80, 8, 1, 0.06%, 8, 0, 9, 303.84
1733542027, 76, 58, 80, 8, 1, 0.06%, 8, 0, 9, 320.39
1733542032, 76, 62, 80, 8, 1, 0.06%, 8, 0, 9, 356.50
1733542037, 76, 64, 80, 8, 1, 0.06%, 8, 0, 9, 336.69
1733542042, 76, 65, 80, 8, 1, 0.06%, 8, 0, 9, 337.37
1733542052, 76, 66, 80, 8, 1, 0.06%, 8, 0, 9, 351.61
1733542058, 76, 71, 80, 8, 1, 0.06%, 8, 0, 9, 360.19
1733542063, 76, 72, 80, 8, 1, 0.06%, 8, 0, 9, 365.35
1733542073, 76, 73, 80, 8, 1, 0.06%, 8, 0, 9, 265.54
1733542083, 76, 74, 80, 8, 1, 0.06%, 8, 0, 9, 358.74
1733542088, 76, 75, 80, 8, 1, 0.06%, 8, 0, 9, 370.08
1733542093, 76, 76, 80, 8, 1, 0.06%, 8, 0, 9, 330.22
1733542103, 76, 77, 80, 8, 1, 0.06%, 8, 0, 9, 374.79
1733542113, 76, 78, 80, 8, 1, 0.06%, 8, 0, 9, 318.46
1733542119, 76, 79, 80, 8, 1, 0.06%, 8, 0, 9, 318.88
1733542124, 77, 16, 80, 8, 1, 0.06%, 8, 0, 9, 338.46
1733542129, 77, 18, 80, 8, 1, 0.06%, 8, 0, 9, 336.99
1733542134, 77, 32, 80, 8, 1, 0.06%, 8, 0, 9, 336.70
1733542139, 77, 34, 80, 8, 1, 0.06%, 8, 0, 9, 341.43
1733542144, 77, 40, 80, 8, 1, 0.06%, 8, 0, 9, 335.57
1733542149, 77, 42, 80, 8, 1, 0.06%, 8, 0, 9, 337.79
1733542154, 77, 43, 80, 8, 1, 0.06%, 8, 0, 9, 375.58
1733542159, 77, 44, 80, 8, 1, 0.06%, 8, 0, 9, 350.86
1733542164, 77, 45, 80, 8, 1, 0.06%, 8, 0, 9, 359.93
1733542169, 77, 47, 80, 8, 1, 0.06%, 8, 0, 9, 315.13
1733542174, 77, 56, 80, 8, 1, 0.06%, 8, 0, 9, 303.63
1733542179, 77, 57, 80, 8, 1, 0.06%, 8, 0, 9, 320.23
1733542184, 77, 58, 80, 8, 1, 0.06%, 8, 0, 9, 340.56
1733542189, 77, 62, 80, 8, 1, 0.06%, 8, 0, 9, 361.45
1733542194, 77, 64, 80, 8, 1, 0.06%, 8, 0, 9, 336.74
1733542199, 77, 65, 80, 8, 1, 0.06%, 8, 0, 9, 341.78
1733542204, 77, 66, 80, 8, 1, 0.06%, 8, 0, 9, 325.67
1733542210, 77, 71, 80, 8, 1, 0.06%, 8, 0, 9, 323.41
1733542220, 77, 72, 80, 8, 1, 0.06%, 8, 0, 9, 375.58
1733542225, 77, 73, 80, 8, 1, 0.06%, 8, 0, 9, 396.48
1733542235, 77, 74, 80, 8, 1, 0.06%, 8, 0, 9, 324.28
1733542245, 77, 75, 80, 8, 1, 0.06%, 8, 0, 9, 356.19
1733542250, 77, 76, 80, 8, 1, 0.06%, 8, 0, 9, 374.43
1733542255, 77, 77, 80, 8, 1, 0.06%, 8, 0, 9, 361.92
1733542265, 77, 78, 80, 8, 1, 0.06%, 8, 0, 9, 325.32
1733542270, 77, 79, 80, 8, 1, 0.06%, 8, 0, 9, 338.22
1733542281, 78, 18, 80, 8, 1, 0.06%, 8, 0, 9, 344.40
1733542286, 78, 32, 80, 8, 1, 0.06%, 8, 0, 9, 365.25
1733542291, 78, 33, 80, 8, 1, 0.06%, 8, 0, 9, 369.00
1733542296, 78, 34, 80, 8, 1, 0.06%, 8, 0, 9, 367.02
1733542301, 78, 40, 80, 8, 1, 0.06%, 8, 0, 9, 329.69
1733542306, 78, 42, 80, 8, 1, 0.06%, 8, 0, 9, 354.57
1733542311, 78, 43, 80, 8, 1, 0.06%, 8, 0, 9, 336.54
1733542316, 78, 44, 80, 8, 1, 0.06%, 8, 0, 9, 324.52
1733542321, 78, 47, 80, 8, 1, 0.06%, 8, 0, 9, 331.90
1733542326, 78, 56, 80, 8, 1, 0.06%, 8, 0, 9, 313.03
1733542331, 78, 57, 80, 8, 1, 0.06%, 8, 0, 9, 308.94
1733542341, 78, 58, 80, 8, 1, 0.06%, 8, 0, 9, 336.21
1733542346, 78, 62, 80, 8, 1, 0.06%, 8, 0, 9, 342.67
1733542351, 78, 64, 80, 8, 1, 0.06%, 8, 0, 9, 342.36
1733542356, 78, 65, 80, 8, 1, 0.06%, 8, 0, 9, 321.71
1733542362, 78, 66, 80, 8, 1, 0.06%, 8, 0, 9, 344.79
1733542367, 78, 71, 80, 8, 1, 0.06%, 8, 0, 9, 385.58
1733542372, 78, 72, 80, 8, 1, 0.06%, 8, 0, 9, 341.24
1733542382, 78, 73, 80, 8, 1, 0.06%, 8, 0, 9, 327.81
1733542392, 78, 74, 80, 8, 1, 0.06%, 8, 0, 9, 357.48
1733542397, 78, 75, 80, 8, 1, 0.06%, 8, 0, 9, 372.43
1733542408, 78, 76, 80, 8, 1, 0.06%, 8, 0, 9, 340.34
1733542413, 78, 77, 80, 8, 1, 0.06%, 8, 0, 9, 315.62
1733542423, 78, 78, 80, 8, 1, 0.06%, 8, 0, 9, 337.62
1733542428, 78, 79, 80, 8, 1, 0.06%, 8, 0, 9, 326.44
1733542433, 79, 16, 80, 8, 1, 0.06%, 8, 0, 9, 371.73
1733542438, 79, 18, 80, 8, 1, 0.06%, 8, 0, 9, 340.35
1733542443, 79, 32, 80, 8, 1, 0.06%, 8, 0, 9, 322.95
1733542448, 79, 33, 80, 8, 1, 0.06%, 8, 0, 9, 336.41
1733542453, 79, 34, 80, 8, 1, 0.06%, 8, 0, 9, 345.19
1733542458, 79, 42, 80, 8, 1, 0.06%, 8, 0, 9, 340.88
1733542464, 79, 43, 80, 8, 1, 0.06%, 8, 0, 9, 333.41
1733542469, 79, 44, 80, 8, 1, 0.06%, 8, 0, 9, 354.56
1733542474, 79, 45, 80, 8, 1, 0.06%, 8, 0, 9, 349.89
1733542479, 79, 47, 80, 8, 1, 0.06%, 8, 0, 9, 319.01
1733542484, 79, 56, 80, 8, 1, 0.06%, 8, 0, 9, 318.28
1733542489, 79, 57, 80, 8, 1, 0.06%, 8, 0, 9, 327.16
1733542494, 79, 58, 80, 8, 1, 0.06%, 8, 0, 9, 334.95
1733542499, 79, 62, 80, 8, 1, 0.06%, 8, 0, 9, 371.78
1733542504, 79, 64, 80, 8, 1, 0.06%, 8, 0, 9, 351.65
1733542509, 79, 65, 80, 8, 1, 0.06%, 8, 0, 9, 338.06
1733542514, 79, 66, 80, 8, 1, 0.06%, 8, 0, 9, 310.46
1733542519, 79, 71, 80, 8, 1, 0.06%, 8, 0, 9, 330.42
1733542530, 79, 72, 80, 8, 1, 0.06%, 8, 0, 9, 380.65
1733542540, 79, 73, 80, 8, 1, 0.06%, 8, 0, 9, 283.63
1733542550, 79, 74, 80, 8, 1, 0.06%, 8, 0, 9, 349.47
1733542555, 79, 75, 80, 8, 1, 0.06%, 8, 0, 9, 390.56
1733542560, 79, 76, 80, 8, 1, 0.06%, 8, 0, 9, 393.53
1733542571, 79, 77, 80, 8, 1, 0.06%, 8, 0, 9, 391.99
1733542576, 79, 78, 80, 8, 1, 0.06%, 8, 0, 9, 343.01
1733542581, 79, 79, 80, 8, 1, 0.06%, 8, 0, 9, 340.58
1733542591, 80, 18, 80, 8, 1, 0.06%, 8, 0, 9, 324.86
1733542596, 80, 32, 80, 8, 1, 0.06%, 8, 0, 9, 316.41
1733542601, 80, 33, 80, 8, 1, 0.06%, 8, 0, 9, 331.99
1733542606, 80, 34, 80, 8, 1, 0.06%, 8, 0, 9, 378.55
1733542611, 80, 40, 80, 8, 1, 0.06%, 8, 0, 9, 344.14
1733542616, 80, 42, 80, 8, 1, 0.06%, 8, 0, 9, 360.40
1733542621, 80, 43, 80, 8, 1, 0.06%, 8, 0, 9, 353.10
1733542627, 80, 44, 80, 8, 1, 0.06%, 8, 0, 9, 310.24
1733542632, 80, 47, 80, 8, 1, 0.06%, 8, 0, 9, 338.86
1733542637, 80, 56, 80, 8, 1, 0.06%, 8, 0, 9, 316.23
1733542642, 80, 57, 80, 8, 1, 0.06%, 8, 0, 9, 322.14
1733542652, 80, 58, 80, 8, 1, 0.06%, 8, 0, 9, 325.81
1733542657, 80, 62, 80, 8, 1, 0.06%, 8, 0, 9, 329.89
1733542662, 80, 64, 80, 8, 1, 0.06%, 8, 0, 9, 361.38
1733542667, 80, 65, 80, 8, 1, 0.06%, 8, 0, 9, 334.30
1733542672, 80, 66, 80, 8, 1, 0.06%, 8, 0, 9, 350.52
1733542677, 80, 71, 80, 8, 1, 0.06%, 8, 0, 9, 365.66
1733542682, 80, 72, 80, 8, 1, 0.06%, 8, 0, 9, 346.56
1733542693, 80, 73, 80, 8, 1, 0.06%, 8, 0, 9, 280.39
1733542703, 80, 74, 80, 8, 1, 0.06%, 8, 0, 9, 349.95
1733542708, 80, 75, 80, 8, 1, 0.06%, 8, 0, 9, 367.76
1733542713, 80, 76, 80, 8, 1, 0.06%, 8, 0, 9, 322.88
1733542723, 80, 77, 80, 8, 1, 0.06%, 8, 0, 9, 359.02
1733542733, 80, 78, 80, 8, 1, 0.06%, 8, 0, 9, 352.75
1733542738, 80, 79, 80, 8, 1, 0.06%, 8, 0, 9, 335.10
1733542743, 81, 16, 80, 8, 1, 0.06%, 8, 0, 9, 342.93
1733542748, 81, 18, 80, 8, 1, 0.06%, 8, 0, 9, 318.90
1733542753, 81, 33, 80, 8, 1, 0.06%, 8, 0, 9, 338.61
1733542758, 81, 34, 80, 8, 1, 0.06%, 8, 0, 9, 350.07
1733542763, 81, 40, 80, 8, 1, 0.06%, 8, 0, 9, 350.37
1733542768, 81, 42, 80, 8, 1, 0.06%, 8, 0, 9, 374.01
1733542773, 81, 43, 80, 8, 1, 0.06%, 8, 0, 9, 371.53
1733542778, 81, 44, 80, 8, 1, 0.06%, 8, 0, 9, 331.30
1733542783, 81, 45, 80, 8, 1, 0.06%, 8, 0, 9, 347.95
1733542788, 81, 47, 80, 8, 1, 0.06%, 8, 0, 9, 321.33
1733542793, 81, 56, 80, 8, 1, 0.06%, 8, 0, 9, 306.11
1733542799, 81, 57, 80, 8, 1, 0.06%, 8, 0, 9, 319.29
1733542804, 81, 58, 80, 8, 1, 0.06%, 8, 0, 9, 351.49
1733542809, 81, 62, 80, 8, 1, 0.06%, 8, 0, 9, 373.56
1733542814, 81, 64, 80, 8, 1, 0.06%, 8, 0, 9, 362.39
1733542819, 81, 65, 80, 8, 1, 0.06%, 8, 0, 9, 337.89
1733542824, 81, 66, 80, 8, 1, 0.06%, 8, 0, 9, 359.42
1733542829, 81, 71, 80, 8, 1, 0.06%, 8, 0, 9, 380.74
1733542834, 81, 72, 80, 8, 1, 0.06%, 8, 0, 9, 368.38
1733542844, 81, 73, 80, 8, 1, 0.06%, 8, 0, 9, 333.46
1733542854, 81, 74, 80, 8, 1, 0.06%, 8, 0, 9, 377.09
1733542859, 81, 75, 80, 8, 1, 0.06%, 8, 0, 9, 375.58
1733542864, 81, 76, 80, 8, 1, 0.06%, 8, 0, 9, 363.40
1733542875, 81, 77, 80, 8, 1, 0.06%, 8, 0, 9, 309.81
1733542885, 81, 78, 80, 8, 1, 0.06%, 8, 0, 9, 331.32
1733542890, 81, 79, 80, 8, 1, 0.06%, 8, 0, 9, 332.61
1733542895, 82, 16, 80, 8, 1, 0.06%, 8, 0, 9, 350.53
1733542900, 82, 18, 80, 8, 1, 0.06%, 8, 0, 9, 310.25
1733542905, 82, 32, 80, 8, 1, 0.06%, 8, 0, 9, 323.63
1733542910, 82, 33, 80, 8, 1, 0.06%, 8, 0, 9, 328.73
1733542915, 82, 40, 80, 8, 1, 0.06%, 8, 0, 9, 347.18
1733542920, 82, 42, 80, 8, 1, 0.06%, 8, 0, 9, 346.62
1733542925, 82, 43, 80, 8, 1, 0.06%, 8, 0, 9, 369.05
1733542930, 82, 44, 80, 8, 1, 0.06%, 8, 0, 9, 352.28
1733542935, 82, 45, 80, 8, 1, 0.06%, 8, 0, 9, 361.05
1733542940, 82, 47, 80, 8, 1, 0.06%, 8, 0, 9, 320.09
1733542946, 82, 56, 80, 8, 1, 0.06%, 8, 0, 9, 311.22
1733542951, 82, 57, 80, 8, 1, 0.06%, 8, 0, 9, 324.37
1733542956, 82, 58, 80, 8, 1, 0.06%, 8, 0, 9, 354.11
1733542961, 82, 62, 80, 8, 1, 0.06%, 8, 0, 9, 370.02
1733542966, 82, 64, 80, 8, 1, 0.06%, 8, 0, 9, 385.25
1733542971, 82, 65, 80, 8, 1, 0.06%, 8, 0, 9, 338.82
1733542976, 82, 66, 80, 8, 1, 0.06%, 8, 0, 9, 367.83
1733542981, 82, 71, 80, 8, 1, 0.06%, 8, 0, 9, 360.28
1733542991, 82, 72, 80, 8, 1, 0.06%, 8, 0, 9, 364.73
1733542996, 82, 73, 80, 8, 1, 0.06%, 8, 0, 9, 360.50
1733543006, 82, 74, 80, 8, 1, 0.06%, 8, 0, 9, 378.96
1733543011, 82, 75, 80, 8, 1, 0.06%, 8, 0, 9, 388.87
1733543016, 82, 76, 80, 8, 1, 0.06%, 8, 0, 9, 342.99
1733543027, 82, 77, 80, 8, 1, 0.06%, 8, 0, 9, 307.39
1733543037, 82, 78, 80, 8, 1, 0.06%, 8, 0, 9, 334.21
1733543042, 82, 79, 80, 8, 1, 0.06%, 8, 0, 9, 328.35
1733543047, 83, 16, 80, 8, 1, 0.06%, 8, 0, 9, 365.58
1733543052, 83, 18, 80, 8, 1, 0.06%, 8, 0, 9, 344.32
1733543057, 83, 32, 80, 8, 1, 0.06%, 8, 0, 9, 326.41
1733543062, 83, 33, 80, 8, 1, 0.06%, 8, 0, 9, 334.96
1733543067, 83, 34, 80, 8, 1, 0.06%, 8, 0, 9, 320.74
1733543072, 83, 42, 80, 8, 1, 0.06%, 8, 0, 9, 316.14
1733543077, 83, 43, 80, 8, 1, 0.06%, 8, 0, 9, 325.16
1733543082, 83, 44, 80, 8, 1, 0.06%, 8, 0, 9, 331.50
1733543087, 83, 45, 80, 8, 1, 0.06%, 8, 0, 9, 356.07
1733543092, 83, 47, 80, 8, 1, 0.06%, 8, 0, 9, 326.21
1733543097, 83, 56, 80, 8, 1, 0.06%, 8, 0, 9, 316.91
1733543102, 83, 57, 80, 8, 1, 0.06%, 8, 0, 9, 321.27
1733543107, 83, 58, 80, 8, 1, 0.06%, 8, 0, 9, 292.75
1733543113, 83, 62, 80, 8, 1, 0.06%, 8, 0, 9, 392.97
1733543118, 83, 64, 80, 8, 1, 0.06%, 8, 0, 9, 350.79
1733543123, 83, 65, 80, 8, 1, 0.06%, 8, 0, 9, 309.44
1733543128, 83, 66, 80, 8, 1, 0.06%, 8, 0, 9, 315.93
1733543133, 83, 71, 80, 8, 1, 0.06%, 8, 0, 9, 340.78
1733543143, 83, 72, 80, 8, 1, 0.06%, 8, 0, 9, 350.39
1733543153, 83, 73, 80, 8, 1, 0.06%, 8, 0, 9, 279.19
1733543164, 83, 74, 80, 8, 1, 0.06%, 8, 0, 9, 342.56
1733543169, 83, 75, 80, 8, 1, 0.06%, 8, 0, 9, 361.95
1733543174, 83, 76, 80, 8, 1, 0.06%, 8, 0, 9, 376.26
