# unix_time, cycles_done, cur_path, paths_total, pending_total, pending_favs, map_size, unique_crashes, unique_hangs, max_depth, execs_per_sec
1735233808, 0, 0, 10, 10, 1, 0.00%, 0, 0, 1, 174.67
1735233813, 0, 3, 10, 10, 1, 0.00%, 0, 0, 1, 203.83
1735233818, 0, 4, 10, 9, 0, 0.00%, 0, 0, 1, 209.38
1735233823, 0, 5, 10, 8, 0, 0.00%, 0, 0, 1, 210.26
1735233833, 0, 6, 10, 7, 0, 0.00%, 0, 0, 1, 211.14
1735233838, 0, 7, 10, 6, 0, 0.00%, 0, 0, 1, 202.34
1735233848, 0, 8, 10, 5, 0, 0.00%, 0, 0, 1, 214.41
1735233853, 0, 9, 10, 4, 0, 0.00%, 0, 0, 1, 195.09
1735233863, 1, 0, 10, 3, 0, 0.00%, 0, 0, 1, 212.84
1735233868, 1, 1, 10, 2, 0, 0.00%, 0, 0, 1, 210.85
1735233878, 1, 2, 10, 1, 0, 0.00%, 0, 0, 1, 206.99
1735233889, 1, 3, 10, 0, 0, 0.00%, 0, 0, 1, 197.38
1735233899, 1, 4, 10, 0, 0, 0.00%, 0, 0, 1, 209.21
1735233904, 1, 5, 10, 0, 0, 0.00%, 0, 0, 1, 210.29
1735233909, 1, 7, 10, 0, 0, 0.00%, 0, 0, 1, 207.82
1735233914, 1, 8, 10, 0, 0, 0.00%, 0, 0, 1, 207.25
1735233919, 2, 0, 10, 0, 0, 0.00%, 0, 0, 1, 208.02
1735233924, 2, 1, 10, 0, 0, 0.00%, 0, 0, 1, 210.49
1735233929, 2, 2, 11, 1, 0, 0.05%, 1, 0, 2, 206.72
1735233934, 2, 10, 12, 2, 1, 0.05%, 2, 0, 3, 269.16
1735233949, 2, 10, 13, 3, 1, 0.05%, 3, 0, 3, 296.93
1735233955, 2, 10, 14, 4, 1, 0.05%, 4, 0, 3, 301.11
1735233965, 2, 10, 15, 5, 1, 0.06%, 5, 0, 3, 293.21
1735233975, 2, 10, 17, 7, 1, 0.06%, 6, 0, 3, 297.34
1735233985, 2, 10, 18, 8, 1, 0.06%, 6, 0, 3, 301.66
1735234020, 2, 10, 20, 10, 1, 0.06%, 7, 0, 3, 259.80
1735234025, 2, 10, 23, 13, 1, 0.06%, 7, 0, 3, 263.97
1735234031, 2, 19, 25, 14, 5, 0.06%, 9, 0, 4, 287.85
1735234041, 2, 19, 26, 15, 5, 0.06%, 9, 0, 4, 450.31
1735234051, 2, 24, 26, 14, 6, 0.06%, 9, 0, 4, 280.88
1735234056, 2, 24, 27, 15, 6, 0.06%, 9, 0, 5, 444.47
1735234061, 2, 24, 29, 17, 6, 0.06%, 9, 0, 5, 487.87
1735234067, 2, 24, 30, 18, 6, 0.06%, 9, 0, 5, 501.56
1735234087, 2, 24, 32, 20, 6, 0.06%, 9, 0, 5, 499.30
1735234092, 2, 24, 33, 21, 6, 0.06%, 9, 0, 5, 505.11
1735234107, 2, 24, 35, 23, 6, 0.06%, 9, 0, 5, 310.60
1735234117, 3, 15, 36, 23, 6, 0.06%, 9, 0, 5, 364.17
1735234122, 3, 15, 37, 24, 6, 0.06%, 9, 0, 5, 452.18
1735234143, 3, 15, 38, 25, 6, 0.06%, 9, 0, 5, 394.43
1735234148, 3, 23, 39, 25, 5, 0.06%, 9, 0, 5, 326.63
1735234168, 3, 23, 40, 26, 5, 0.06%, 9, 0, 5, 318.63
1735234178, 4, 13, 43, 28, 5, 0.06%, 9, 0, 5, 273.58
1735234209, 4, 13, 44, 29, 5, 0.06%, 9, 0, 5, 278.61
1735234300, 4, 14, 44, 28, 4, 0.06%, 9, 0, 5, 247.88
1735234315, 4, 23, 44, 27, 3, 0.06%, 9, 0, 5, 312.82
1735234320, 4, 23, 45, 28, 3, 0.06%, 9, 0, 5, 263.53
1735234325, 4, 24, 45, 28, 3, 0.06%, 9, 0, 5, 323.75
1735234335, 4, 35, 46, 29, 3, 0.06%, 9, 0, 5, 382.71
1735234361, 4, 36, 46, 28, 3, 0.06%, 9, 0, 5, 397.22
1735234381, 4, 38, 46, 27, 3, 0.06%, 9, 0, 5, 356.55
1735234402, 4, 39, 46, 26, 2, 0.06%, 9, 0, 5, 368.74
1735234438, 4, 39, 48, 28, 2, 0.06%, 9, 0, 6, 419.14
1735234468, 4, 39, 50, 30, 2, 0.06%, 9, 0, 6, 465.23
1735234478, 4, 39, 51, 31, 2, 0.06%, 9, 0, 6, 465.69
1735234483, 4, 39, 52, 32, 2, 0.06%, 9, 0, 6, 466.11
1735234499, 4, 44, 52, 31, 2, 0.06%, 9, 0, 6, 448.13
1735234529, 4, 45, 52, 30, 2, 0.06%, 9, 0, 6, 375.42
1735234539, 4, 45, 53, 31, 2, 0.06%, 9, 0, 6, 485.21
1735234580, 4, 46, 53, 30, 2, 0.06%, 9, 0, 6, 412.82
1735234652, 4, 52, 53, 29, 2, 0.06%, 9, 0, 6, 287.24
1735234903, 4, 52, 56, 32, 2, 0.06%, 9, 0, 7, 471.80
1735234913, 4, 52, 57, 33, 2, 0.06%, 9, 0, 7, 491.30
1735234918, 4, 52, 59, 35, 2, 0.06%, 9, 0, 7, 490.10
1735234979, 5, 11, 59, 34, 2, 0.06%, 9, 0, 7, 296.64
1735234984, 5, 11, 60, 35, 2, 0.06%, 9, 0, 7, 288.91
1735234989, 5, 14, 60, 34, 1, 0.06%, 9, 0, 7, 256.66
1735234995, 5, 16, 60, 34, 1, 0.06%, 9, 0, 7, 374.12
1735235010, 5, 20, 60, 33, 1, 0.06%, 9, 0, 7, 354.65
1735235020, 5, 21, 60, 32, 1, 0.06%, 9, 0, 7, 315.33
1735235030, 5, 22, 60, 31, 1, 0.06%, 9, 0, 7, 378.82
1735235040, 5, 23, 60, 30, 1, 0.06%, 9, 0, 7, 348.11
1735235045, 5, 24, 60, 30, 1, 0.06%, 9, 0, 7, 358.58
1735235050, 5, 27, 60, 30, 1, 0.06%, 9, 0, 7, 402.36
1735235065, 5, 28, 60, 29, 1, 0.06%, 9, 0, 7, 411.69
1735235091, 5, 29, 60, 28, 1, 0.06%, 9, 0, 7, 473.01
1735235117, 5, 38, 60, 27, 1, 0.06%, 9, 0, 7, 350.47
1735235122, 5, 39, 60, 27, 1, 0.06%, 9, 0, 7, 307.17
1735235132, 5, 44, 60, 27, 1, 0.06%, 9, 0, 7, 384.05
1735235142, 5, 59, 62, 29, 1, 0.06%, 9, 0, 7, 399.07
1735235254, 5, 59, 63, 30, 1, 0.06%, 9, 0, 7, 423.52
1735235289, 5, 62, 63, 29, 1, 0.06%, 9, 0, 7, 380.65
1735235355, 6, 12, 63, 28, 1, 0.06%, 9, 0, 7, 368.70
1735235366, 6, 13, 63, 27, 1, 0.06%, 9, 0, 7, 320.38
1735235371, 6, 15, 63, 27, 1, 0.06%, 9, 0, 7, 303.84
1735235376, 6, 17, 63, 27, 1, 0.06%, 9, 0, 7, 301.97
1735235386, 6, 18, 63, 26, 1, 0.06%, 9, 0, 7, 309.26
1735235396, 6, 19, 63, 25, 1, 0.06%, 9, 0, 7, 328.18
1735235401, 6, 23, 63, 25, 1, 0.06%, 9, 0, 7, 363.18
1735235406, 6, 24, 63, 25, 1, 0.06%, 9, 0, 7, 352.97
1735235411, 6, 25, 63, 25, 1, 0.06%, 9, 0, 7, 426.38
1735235427, 6, 26, 63, 24, 1, 0.06%, 9, 0, 7, 404.47
1735235442, 6, 27, 63, 23, 0, 0.06%, 9, 0, 7, 399.99
1735235457, 6, 28, 63, 23, 0, 0.06%, 9, 0, 7, 440.14
1735235478, 6, 29, 63, 23, 0, 0.06%, 9, 0, 7, 477.34
1735235493, 6, 30, 63, 23, 0, 0.06%, 9, 0, 7, 339.81
1735235513, 6, 31, 63, 22, 0, 0.06%, 9, 0, 7, 428.16
1735235534, 6, 32, 63, 21, 0, 0.06%, 9, 0, 7, 375.85
1735235554, 6, 33, 63, 20, 0, 0.06%, 9, 0, 7, 370.17
1735235569, 6, 34, 63, 19, 0, 0.06%, 9, 0, 7, 376.52
1735235605, 6, 35, 63, 18, 0, 0.06%, 9, 0, 7, 349.59
1735235615, 6, 36, 63, 18, 0, 0.06%, 9, 0, 7, 328.13
1735235620, 6, 37, 63, 18, 0, 0.06%, 9, 0, 7, 330.40
1735235641, 6, 38, 63, 17, 0, 0.06%, 9, 0, 7, 354.92
1735235646, 6, 39, 63, 17, 0, 0.06%, 9, 0, 7, 353.24
1735235656, 6, 44, 63, 17, 0, 0.06%, 9, 0, 7, 344.18
1735235661, 6, 45, 63, 17, 0, 0.06%, 9, 0, 7, 348.98
1735235666, 6, 46, 63, 17, 0, 0.06%, 9, 0, 7, 433.50
1735235702, 6, 47, 63, 17, 0, 0.06%, 9, 0, 7, 384.42
1735235783, 6, 48, 63, 16, 0, 0.06%, 9, 0, 7, 330.68
1735235860, 6, 52, 64, 16, 0, 0.06%, 9, 0, 7, 375.43
1735235870, 6, 53, 64, 16, 0, 0.06%, 9, 0, 7, 337.80
1735236044, 6, 54, 64, 15, 0, 0.06%, 9, 0, 7, 460.93
1735236171, 6, 55, 64, 14, 0, 0.06%, 9, 0, 7, 480.61
1735236340, 6, 56, 64, 13, 0, 0.06%, 9, 0, 7, 305.78
1735236807, 6, 59, 64, 12, 0, 0.06%, 9, 0, 7, 378.05
1735236818, 6, 60, 64, 12, 0, 0.06%, 9, 0, 7, 383.85
1735236914, 6, 61, 64, 11, 0, 0.06%, 9, 0, 7, 357.36
1735236995, 6, 61, 65, 12, 0, 0.06%, 9, 0, 7, 414.64
1735237031, 6, 63, 65, 11, 0, 0.06%, 9, 0, 7, 407.24
1735237153, 6, 64, 65, 10, 0, 0.06%, 9, 0, 7, 330.35
1735237194, 6, 64, 66, 11, 0, 0.06%, 9, 0, 7, 270.51
1735237250, 6, 64, 67, 12, 0, 0.06%, 9, 0, 7, 305.06
1735237255, 6, 65, 67, 11, 0, 0.06%, 9, 0, 7, 305.07
1735237270, 6, 65, 68, 12, 0, 0.06%, 9, 0, 8, 486.28
1735237377, 6, 66, 69, 12, 0, 0.06%, 9, 0, 8, 420.43
1735237397, 6, 66, 70, 13, 0, 0.06%, 9, 0, 8, 492.63
1735237433, 6, 67, 70, 12, 0, 0.06%, 9, 0, 8, 372.54
1735237565, 6, 68, 70, 11, 0, 0.06%, 9, 0, 8, 418.68
1735237616, 6, 69, 70, 10, 0, 0.06%, 9, 0, 8, 334.83
1735237642, 6, 69, 71, 11, 0, 0.06%, 9, 0, 9, 473.49
1735237703, 6, 70, 71, 10, 0, 0.06%, 9, 0, 9, 394.57
1735237913, 7, 13, 71, 9, 0, 0.06%, 9, 0, 9, 319.41
1735237918, 7, 17, 71, 9, 0, 0.06%, 9, 0, 9, 310.09
1735237923, 7, 18, 71, 9, 0, 0.06%, 9, 0, 9, 304.56
1735237928, 7, 19, 71, 9, 0, 0.06%, 9, 0, 9, 336.29
1735237933, 7, 23, 71, 9, 0, 0.06%, 9, 0, 9, 345.54
1735237938, 7, 24, 71, 9, 0, 0.06%, 9, 0, 9, 326.80
1735237943, 7, 26, 71, 9, 0, 0.06%, 9, 0, 9, 328.58
1735237949, 7, 27, 71, 9, 0, 0.06%, 9, 0, 9, 364.56
1735237954, 7, 28, 71, 9, 0, 0.06%, 9, 0, 9, 353.76
1735237959, 7, 29, 71, 9, 0, 0.06%, 9, 0, 9, 407.55
1735237969, 7, 30, 71, 9, 0, 0.06%, 9, 0, 9, 386.31
1735237979, 7, 31, 71, 9, 0, 0.06%, 9, 0, 9, 330.37
1735237994, 7, 32, 71, 9, 0, 0.06%, 9, 0, 9, 331.73
1735238004, 7, 33, 71, 9, 0, 0.06%, 9, 0, 9, 300.67
1735238014, 7, 34, 71, 9, 0, 0.06%, 9, 0, 9, 373.09
1735238040, 7, 35, 71, 9, 0, 0.06%, 9, 0, 9, 350.31
1735238045, 7, 36, 71, 9, 0, 0.06%, 9, 0, 9, 394.39
1735238055, 7, 37, 71, 9, 0, 0.06%, 9, 0, 9, 454.80
1735238065, 7, 38, 71, 9, 0, 0.06%, 9, 0, 9, 335.98
1735238070, 7, 39, 71, 9, 0, 0.06%, 9, 0, 9, 329.76
1735238075, 7, 40, 71, 9, 0, 0.06%, 9, 0, 9, 445.53
1735238111, 7, 41, 71, 8, 0, 0.06%, 9, 0, 9, 365.25
1735238147, 7, 42, 71, 7, 0, 0.06%, 9, 0, 9, 366.42
1735238177, 7, 43, 71, 6, 0, 0.06%, 9, 0, 9, 303.77
1735238218, 7, 45, 71, 5, 0, 0.06%, 9, 0, 9, 353.26
1735238223, 7, 46, 71, 5, 0, 0.06%, 9, 0, 9, 346.96
1735238228, 7, 47, 71, 5, 0, 0.06%, 9, 0, 9, 338.31
1735238233, 7, 48, 71, 5, 0, 0.06%, 9, 0, 9, 331.47
1735238238, 7, 49, 71, 5, 0, 0.06%, 9, 0, 9, 375.94
1735238340, 7, 50, 71, 4, 0, 0.06%, 9, 0, 9, 447.15
1735238625, 7, 52, 71, 3, 0, 0.06%, 9, 0, 9, 309.02
1735238641, 7, 53, 71, 3, 0, 0.06%, 9, 0, 9, 371.26
1735238646, 7, 54, 71, 3, 0, 0.06%, 9, 0, 9, 341.47
1735238743, 7, 55, 71, 3, 0, 0.06%, 9, 0, 9, 365.67
1735238748, 7, 56, 71, 3, 0, 0.06%, 9, 0, 9, 451.53
1735238763, 7, 57, 71, 3, 0, 0.06%, 9, 0, 9, 406.64
1735239069, 7, 64, 71, 2, 0, 0.06%, 9, 0, 9, 290.57
1735239080, 7, 65, 71, 2, 0, 0.06%, 9, 0, 9, 338.01
1735239090, 7, 66, 71, 2, 0, 0.06%, 9, 0, 9, 391.20
1735239105, 7, 67, 71, 2, 0, 0.06%, 9, 0, 9, 379.24
1735239115, 7, 68, 71, 2, 0, 0.06%, 9, 0, 9, 358.48
1735239136, 7, 69, 71, 2, 0, 0.06%, 9, 0, 9, 351.11
1735239151, 7, 70, 71, 2, 0, 0.06%, 9, 0, 9, 294.35
1735239171, 8, 13, 71, 2, 0, 0.06%, 9, 0, 9, 290.86
1735239176, 8, 41, 71, 2, 0, 0.06%, 9, 0, 9, 336.95
1735239181, 8, 42, 71, 2, 0, 0.06%, 9, 0, 9, 335.81
1735239186, 8, 43, 71, 2, 0, 0.06%, 9, 0, 9, 342.49
1735239191, 8, 64, 71, 2, 0, 0.06%, 9, 0, 9, 308.24
1735239202, 8, 65, 71, 2, 0, 0.06%, 9, 0, 9, 323.58
1735239212, 8, 66, 71, 2, 0, 0.06%, 9, 0, 9, 371.18
1735239222, 8, 67, 71, 2, 0, 0.06%, 9, 0, 9, 364.55
1735239237, 8, 68, 71, 2, 0, 0.06%, 9, 0, 9, 362.51
1735239247, 8, 69, 71, 2, 0, 0.06%, 9, 0, 9, 365.31
1735239262, 8, 70, 71, 2, 0, 0.06%, 9, 0, 9, 334.35
1735239277, 9, 13, 71, 2, 0, 0.06%, 9, 0, 9, 296.39
1735239282, 9, 41, 71, 2, 0, 0.06%, 9, 0, 9, 328.74
1735239287, 9, 42, 71, 2, 0, 0.06%, 9, 0, 9, 333.15
1735239292, 9, 43, 71, 2, 0, 0.06%, 9, 0, 9, 348.48
1735239297, 9, 64, 71, 2, 0, 0.06%, 9, 0, 9, 312.17
1735239302, 9, 65, 71, 2, 0, 0.06%, 9, 0, 9, 322.45
1735239307, 9, 66, 71, 2, 0, 0.06%, 9, 0, 9, 361.87
1735239313, 9, 67, 71, 2, 0, 0.06%, 9, 0, 9, 333.84
1735239323, 9, 68, 71, 2, 0, 0.06%, 9, 0, 9, 470.74
1735239338, 9, 69, 71, 2, 0, 0.06%, 9, 0, 9, 433.46
1735239353, 9, 70, 71, 2, 0, 0.06%, 9, 0, 9, 379.68
1735239522, 10, 11, 71, 2, 0, 0.06%, 9, 0, 9, 292.85
1735239527, 10, 14, 71, 2, 0, 0.06%, 9, 0, 9, 306.35
1735239532, 10, 16, 71, 2, 0, 0.06%, 9, 0, 9, 312.37
1735239537, 10, 17, 71, 2, 0, 0.06%, 9, 0, 9, 313.96
1735239542, 10, 19, 71, 2, 0, 0.06%, 9, 0, 9, 316.08
1735239547, 10, 20, 71, 2, 0, 0.06%, 9, 0, 9, 313.12
1735239552, 10, 22, 71, 2, 0, 0.06%, 9, 0, 9, 314.78
1735239557, 10, 23, 71, 2, 0, 0.06%, 9, 0, 9, 342.95
1735239562, 10, 24, 71, 2, 0, 0.06%, 9, 0, 9, 340.15
1735239567, 10, 26, 71, 2, 0, 0.06%, 9, 0, 9, 338.32
1735239572, 10, 27, 71, 2, 0, 0.06%, 9, 0, 9, 349.54
1735239577, 10, 28, 71, 2, 0, 0.06%, 9, 0, 9, 324.61
1735239582, 10, 30, 71, 2, 0, 0.06%, 9, 0, 9, 346.70
1735239587, 10, 31, 71, 2, 0, 0.06%, 9, 0, 9, 354.62
1735239592, 10, 32, 71, 2, 0, 0.06%, 9, 0, 9, 346.94
1735239597, 10, 33, 71, 2, 0, 0.06%, 9, 0, 9, 349.00
1735239602, 10, 34, 71, 2, 0, 0.06%, 9, 0, 9, 347.80
1735239608, 10, 35, 71, 2, 0, 0.06%, 9, 0, 9, 337.45
1735239613, 10, 36, 71, 2, 0, 0.06%, 9, 0, 9, 342.94
1735239618, 10, 37, 71, 2, 0, 0.06%, 9, 0, 9, 359.04
1735239623, 10, 38, 71, 2, 0, 0.06%, 9, 0, 9, 352.88
1735239628, 10, 39, 71, 2, 0, 0.06%, 9, 0, 9, 352.67
1735239669, 10, 40, 71, 2, 0, 0.06%, 9, 0, 9, 325.12
1735239674, 10, 41, 71, 2, 0, 0.06%, 9, 0, 9, 343.38
1735239679, 10, 42, 71, 2, 0, 0.06%, 9, 0, 9, 332.50
1735239684, 10, 43, 71, 2, 0, 0.06%, 9, 0, 9, 335.24
1735239689, 10, 44, 71, 2, 0, 0.06%, 9, 0, 9, 321.97
1735239694, 10, 46, 71, 2, 0, 0.06%, 9, 0, 9, 328.57
1735239725, 10, 47, 71, 2, 0, 0.06%, 9, 0, 9, 298.28
1735239781, 10, 48, 71, 2, 0, 0.06%, 9, 0, 9, 433.28
1735239832, 10, 49, 71, 2, 0, 0.06%, 9, 0, 9, 434.24
1735239903, 10, 50, 71, 2, 0, 0.06%, 9, 0, 9, 330.58
1735240158, 10, 51, 71, 2, 0, 0.06%, 9, 0, 9, 337.93
1735240183, 10, 51, 73, 4, 0, 0.06%, 9, 0, 9, 441.49
1735240259, 10, 52, 73, 3, 0, 0.06%, 9, 0, 9, 390.69
1735240269, 10, 53, 73, 3, 0, 0.06%, 9, 0, 9, 343.08
1735240279, 10, 54, 73, 3, 0, 0.06%, 9, 0, 9, 354.12
1735240284, 10, 55, 73, 3, 0, 0.06%, 9, 0, 9, 294.13
1735240289, 10, 56, 73, 3, 0, 0.06%, 9, 0, 9, 339.24
1735240305, 10, 57, 73, 3, 0, 0.06%, 9, 0, 9, 381.08
1735240473, 10, 58, 73, 3, 0, 0.06%, 9, 0, 9, 450.25
1735240784, 10, 59, 73, 2, 0, 0.06%, 9, 0, 9, 323.64
1735240789, 10, 60, 73, 2, 0, 0.06%, 9, 0, 9, 347.21
1735240799, 10, 61, 73, 2, 0, 0.06%, 9, 0, 9, 332.64
1735240810, 10, 62, 73, 2, 0, 0.06%, 9, 0, 9, 308.53
1735240962, 10, 64, 73, 2, 0, 0.06%, 9, 0, 9, 454.45
1735241018, 10, 65, 73, 2, 0, 0.06%, 9, 0, 9, 442.66
1735241110, 10, 66, 73, 2, 0, 0.06%, 9, 0, 9, 297.62
1735241115, 10, 67, 73, 2, 0, 0.06%, 9, 0, 9, 318.84
1735241125, 10, 68, 73, 2, 0, 0.06%, 9, 0, 9, 355.06
1735241130, 10, 69, 73, 2, 0, 0.06%, 9, 0, 9, 397.93
1735241145, 10, 70, 73, 2, 0, 0.06%, 9, 0, 9, 345.31
1735241314, 11, 35, 73, 2, 0, 0.06%, 9, 0, 9, 328.35
1735241319, 11, 36, 73, 2, 0, 0.06%, 9, 0, 9, 373.06
1735241324, 11, 37, 73, 2, 0, 0.06%, 9, 0, 9, 375.98
1735241330, 11, 40, 73, 2, 0, 0.06%, 9, 0, 9, 345.22
1735241335, 11, 41, 73, 2, 0, 0.06%, 9, 0, 9, 328.53
1735241340, 11, 43, 73, 2, 0, 0.06%, 9, 0, 9, 342.44
1735241345, 11, 44, 73, 2, 0, 0.06%, 9, 0, 9, 368.06
1735241350, 11, 45, 73, 2, 0, 0.06%, 9, 0, 9, 349.11
1735241355, 11, 52, 73, 2, 0, 0.06%, 9, 0, 9, 316.19
1735241365, 11, 53, 73, 2, 0, 0.06%, 9, 0, 9, 306.80
1735241370, 11, 54, 73, 2, 0, 0.06%, 9, 0, 9, 366.68
1735241380, 11, 55, 73, 2, 0, 0.06%, 9, 0, 9, 386.40
1735241385, 11, 56, 73, 2, 0, 0.06%, 9, 0, 9, 413.04
1735241401, 11, 64, 73, 2, 0, 0.06%, 9, 0, 9, 322.34
1735241406, 11, 65, 73, 2, 0, 0.06%, 9, 0, 9, 346.82
1735241411, 11, 66, 74, 3, 0, 0.06%, 9, 0, 9, 360.22
1735241416, 11, 67, 74, 3, 0, 0.06%, 9, 0, 9, 364.68
1735241421, 11, 68, 74, 3, 0, 0.06%, 9, 0, 9, 340.98
1735241431, 11, 69, 74, 3, 0, 0.06%, 9, 0, 9, 356.30
1735241436, 11, 70, 74, 3, 0, 0.06%, 9, 0, 9, 312.94
1735241446, 11, 73, 74, 3, 0, 0.06%, 9, 0, 9, 241.77
1735243201, 12, 11, 74, 2, 0, 0.06%, 9, 0, 9, 299.38
1735243206, 12, 15, 74, 2, 0, 0.06%, 9, 0, 9, 310.10
1735243211, 12, 20, 74, 2, 0, 0.06%, 9, 0, 9, 324.26
1735243216, 12, 22, 74, 2, 0, 0.06%, 9, 0, 9, 318.69
1735243221, 12, 26, 74, 2, 0, 0.06%, 9, 0, 9, 328.41
1735243226, 12, 27, 74, 2, 0, 0.06%, 9, 0, 9, 381.91
1735243231, 12, 28, 74, 2, 0, 0.06%, 9, 0, 9, 367.40
1735243236, 12, 29, 74, 2, 0, 0.06%, 9, 0, 9, 343.60
1735243241, 12, 30, 74, 2, 0, 0.06%, 9, 0, 9, 346.40
1735243246, 12, 31, 74, 2, 0, 0.06%, 9, 0, 9, 341.82
1735243251, 12, 33, 74, 2, 0, 0.06%, 9, 0, 9, 329.98
1735243256, 12, 34, 74, 2, 0, 0.06%, 9, 0, 9, 369.33
1735243261, 12, 35, 74, 2, 0, 0.06%, 9, 0, 9, 369.01
1735243266, 12, 36, 74, 2, 0, 0.06%, 9, 0, 9, 348.53
1735243271, 12, 37, 74, 2, 0, 0.06%, 9, 0, 9, 348.57
1735243277, 12, 44, 74, 2, 0, 0.06%, 9, 0, 9, 329.07
1735243282, 12, 46, 74, 2, 0, 0.06%, 9, 0, 9, 343.40
1735243287, 12, 49, 74, 2, 0, 0.06%, 9, 0, 9, 329.11
1735243292, 12, 49, 75, 3, 0, 0.06%, 9, 0, 9, 356.27
1735243297, 12, 52, 75, 3, 0, 0.06%, 9, 0, 9, 274.41
1735243307, 12, 53, 75, 3, 0, 0.06%, 9, 0, 9, 379.96
1735243312, 12, 54, 75, 3, 0, 0.06%, 9, 0, 9, 306.02
1735243317, 12, 55, 75, 3, 0, 0.06%, 9, 0, 9, 328.81
1735243327, 12, 56, 75, 3, 0, 0.06%, 9, 0, 9, 398.81
1735243343, 12, 57, 76, 4, 0, 0.06%, 9, 0, 9, 310.32
1735243353, 12, 58, 76, 4, 0, 0.06%, 9, 0, 9, 304.52
1735243491, 12, 59, 76, 4, 0, 0.06%, 9, 0, 9, 330.76
1735243501, 12, 60, 76, 4, 0, 0.06%, 9, 0, 9, 334.37
1735243506, 12, 61, 76, 4, 0, 0.06%, 9, 0, 9, 327.25
1735243511, 12, 62, 76, 4, 0, 0.06%, 9, 0, 9, 345.46
1735243516, 12, 64, 76, 4, 0, 0.06%, 9, 0, 9, 333.11
1735243521, 12, 65, 76, 4, 0, 0.06%, 9, 0, 9, 324.86
1735243526, 12, 66, 76, 4, 0, 0.06%, 9, 0, 9, 348.40
1735243536, 12, 67, 76, 4, 0, 0.06%, 9, 0, 9, 339.59
1735243638, 12, 68, 76, 4, 0, 0.06%, 9, 0, 9, 406.87
1735243648, 12, 69, 77, 5, 0, 0.06%, 9, 0, 9, 348.03
1735243658, 12, 70, 77, 5, 0, 0.06%, 9, 0, 9, 376.40
1735243669, 12, 74, 77, 5, 0, 0.06%, 9, 0, 9, 390.84
1735243781, 12, 75, 77, 4, 0, 0.06%, 9, 0, 9, 393.62
1735243904, 12, 76, 78, 4, 0, 0.06%, 9, 0, 10, 359.41
1735243954, 12, 77, 78, 3, 0, 0.06%, 9, 0, 10, 326.16
1735244010, 13, 14, 78, 2, 0, 0.06%, 9, 0, 10, 307.70
1735244015, 13, 16, 78, 2, 0, 0.06%, 9, 0, 10, 309.15
1735244020, 13, 21, 78, 2, 0, 0.06%, 9, 0, 10, 326.76
1735244025, 13, 24, 78, 2, 0, 0.06%, 9, 0, 10, 361.38
1735244030, 13, 26, 78, 2, 0, 0.06%, 9, 0, 10, 348.10
1735244035, 13, 27, 78, 2, 0, 0.06%, 9, 0, 10, 343.47
1735244040, 13, 28, 78, 2, 0, 0.06%, 9, 0, 10, 340.26
1735244045, 13, 30, 78, 2, 0, 0.06%, 9, 0, 10, 366.21
1735244051, 13, 31, 78, 2, 0, 0.06%, 9, 0, 10, 375.77
1735244056, 13, 32, 78, 2, 0, 0.06%, 9, 0, 10, 356.91
1735244061, 13, 33, 78, 2, 0, 0.06%, 9, 0, 10, 338.15
1735244066, 13, 34, 78, 2, 0, 0.06%, 9, 0, 10, 351.32
1735244071, 13, 35, 78, 2, 0, 0.06%, 9, 0, 10, 346.14
1735244076, 13, 37, 78, 2, 0, 0.06%, 9, 0, 10, 372.61
1735244081, 13, 44, 78, 2, 0, 0.06%, 9, 0, 10, 368.83
1735244086, 13, 45, 78, 2, 0, 0.06%, 9, 0, 10, 359.55
1735244091, 13, 46, 78, 2, 0, 0.06%, 9, 0, 10, 353.70
1735244096, 13, 49, 78, 2, 0, 0.06%, 9, 0, 10, 374.83
1735244102, 13, 52, 78, 2, 0, 0.06%, 9, 0, 10, 324.51
1735244112, 13, 53, 78, 2, 0, 0.06%, 9, 0, 10, 329.20
1735244117, 13, 54, 78, 2, 0, 0.06%, 9, 0, 10, 369.47
1735244127, 13, 55, 78, 2, 0, 0.06%, 9, 0, 10, 385.81
1735244132, 13, 56, 78, 2, 0, 0.06%, 9, 0, 10, 415.39
1735244147, 13, 57, 78, 2, 0, 0.06%, 9, 0, 10, 319.66
1735244158, 13, 58, 78, 2, 0, 0.06%, 9, 0, 10, 302.67
1735244168, 13, 59, 78, 2, 0, 0.06%, 9, 0, 10, 361.16
1735244173, 13, 60, 78, 2, 0, 0.06%, 9, 0, 10, 345.68
1735244178, 13, 61, 78, 2, 0, 0.06%, 9, 0, 10, 344.02
1735244183, 13, 62, 78, 2, 0, 0.06%, 9, 0, 10, 347.33
1735244188, 13, 64, 78, 2, 0, 0.06%, 9, 0, 10, 325.43
1735244193, 13, 65, 78, 2, 0, 0.06%, 9, 0, 10, 295.56
1735244198, 13, 66, 78, 2, 0, 0.06%, 9, 0, 10, 333.11
1735244203, 13, 67, 78, 2, 0, 0.06%, 9, 0, 10, 309.38
1735244213, 13, 68, 78, 2, 0, 0.06%, 9, 0, 10, 342.48
1735244218, 13, 69, 78, 2, 0, 0.06%, 9, 0, 10, 352.38
1735244228, 13, 70, 78, 2, 0, 0.06%, 9, 0, 10, 392.20
1735244233, 13, 74, 78, 2, 0, 0.06%, 9, 0, 10, 339.71
1735244254, 13, 75, 78, 2, 0, 0.06%, 9, 0, 10, 392.38
1735244351, 13, 76, 78, 2, 0, 0.06%, 9, 0, 10, 337.93
1735244381, 13, 77, 78, 2, 0, 0.06%, 9, 0, 10, 409.00
1735244406, 14, 11, 78, 2, 0, 0.06%, 9, 0, 10, 278.01
1735244412, 14, 15, 78, 2, 0, 0.06%, 9, 0, 10, 306.08
1735244417, 14, 21, 78, 2, 0, 0.06%, 9, 0, 10, 328.11
1735244422, 14, 24, 78, 2, 0, 0.06%, 9, 0, 10, 354.61
1735244427, 14, 26, 78, 2, 0, 0.06%, 9, 0, 10, 344.91
1735244432, 14, 27, 78, 2, 0, 0.06%, 9, 0, 10, 350.41
1735244437, 14, 28, 78, 2, 0, 0.06%, 9, 0, 10, 359.50
1735244442, 14, 29, 78, 2, 0, 0.06%, 9, 0, 10, 321.36
1735244447, 14, 31, 78, 2, 0, 0.06%, 9, 0, 10, 333.32
1735244452, 14, 32, 78, 2, 0, 0.06%, 9, 0, 10, 380.94
1735244457, 14, 33, 78, 2, 0, 0.06%, 9, 0, 10, 347.06
1735244462, 14, 34, 78, 2, 0, 0.06%, 9, 0, 10, 375.78
1735244467, 14, 35, 78, 2, 0, 0.06%, 9, 0, 10, 344.81
1735244472, 14, 36, 78, 2, 0, 0.06%, 9, 0, 10, 316.13
1735244478, 14, 44, 78, 2, 0, 0.06%, 9, 0, 10, 307.41
1735244483, 14, 45, 78, 2, 0, 0.06%, 9, 0, 10, 371.83
1735244488, 14, 46, 78, 2, 0, 0.06%, 9, 0, 10, 368.02
1735244493, 14, 49, 78, 2, 0, 0.06%, 9, 0, 10, 385.23
1735244498, 14, 52, 78, 2, 0, 0.06%, 9, 0, 10, 358.03
1735244508, 14, 53, 78, 2, 0, 0.06%, 9, 0, 10, 318.97
1735244518, 14, 54, 78, 2, 0, 0.06%, 9, 0, 10, 365.01
1735244523, 14, 55, 78, 2, 0, 0.06%, 9, 0, 10, 328.94
1735244528, 14, 56, 78, 2, 0, 0.06%, 9, 0, 10, 356.98
1735244544, 14, 57, 78, 2, 0, 0.06%, 9, 0, 10, 407.07
1735244554, 14, 58, 78, 2, 0, 0.06%, 9, 0, 10, 391.85
1735244564, 14, 59, 78, 2, 0, 0.06%, 9, 0, 10, 326.17
1735244569, 14, 60, 78, 2, 0, 0.06%, 9, 0, 10, 334.17
1735244574, 14, 61, 78, 2, 0, 0.06%, 9, 0, 10, 342.85
1735244579, 14, 62, 78, 2, 0, 0.06%, 9, 0, 10, 343.19
1735244589, 14, 64, 78, 2, 0, 0.06%, 9, 0, 10, 322.41
1735244594, 14, 65, 78, 2, 0, 0.06%, 9, 0, 10, 340.98
1735244599, 14, 66, 78, 2, 0, 0.06%, 9, 0, 10, 326.80
