# unix_time, cycles_done, cur_path, paths_total, pending_total, pending_favs, map_size, unique_crashes, unique_hangs, max_depth, execs_per_sec
1733731715, 0, 0, 10, 10, 1, 0.00%, 0, 0, 1, 171.31
1733731721, 0, 4, 10, 10, 1, 0.00%, 0, 0, 1, 201.50
1733731726, 0, 5, 10, 9, 0, 0.00%, 0, 0, 1, 206.53
1733731731, 0, 6, 10, 8, 0, 0.00%, 0, 0, 1, 201.20
1733731741, 0, 7, 10, 7, 0, 0.00%, 0, 0, 1, 206.96
1733731746, 0, 8, 10, 6, 0, 0.00%, 0, 0, 1, 198.57
1733731756, 0, 9, 10, 5, 0, 0.00%, 0, 0, 1, 207.32
1733731761, 1, 0, 10, 4, 0, 0.00%, 0, 0, 1, 198.03
1733731771, 1, 1, 10, 3, 0, 0.00%, 0, 0, 1, 195.62
1733731781, 1, 2, 10, 2, 0, 0.00%, 0, 0, 1, 193.18
1733731792, 1, 3, 10, 1, 0, 0.00%, 0, 0, 1, 191.06
1733731802, 1, 4, 10, 0, 0, 0.00%, 0, 0, 1, 186.31
1733731807, 1, 4, 11, 1, 0, 0.05%, 1, 0, 2, 205.75
1733731817, 1, 10, 14, 4, 1, 0.06%, 4, 0, 3, 211.14
1733731883, 1, 10, 17, 7, 1, 0.06%, 4, 0, 3, 219.90
1733731893, 1, 11, 19, 8, 3, 0.06%, 4, 0, 4, 251.16
1733731898, 1, 11, 20, 9, 3, 0.06%, 5, 0, 4, 263.02
1733731913, 1, 11, 21, 10, 3, 0.06%, 5, 0, 4, 269.19
1733731918, 1, 11, 23, 12, 3, 0.06%, 6, 0, 4, 265.72
1733731923, 1, 11, 24, 13, 3, 0.06%, 7, 0, 4, 263.74
1733731928, 1, 11, 25, 14, 3, 0.06%, 7, 0, 4, 270.97
1733732020, 1, 19, 26, 14, 5, 0.06%, 7, 0, 5, 220.84
1733732055, 1, 19, 27, 15, 5, 0.06%, 8, 0, 5, 236.19
1733732061, 1, 26, 28, 15, 5, 0.06%, 8, 0, 6, 349.94
1733732066, 1, 26, 29, 16, 5, 0.06%, 8, 0, 6, 441.53
1733732102, 2, 12, 29, 15, 5, 0.06%, 8, 0, 6, 340.09
1733732117, 2, 13, 30, 15, 4, 0.06%, 8, 0, 6, 403.96
1733732122, 2, 13, 32, 17, 4, 0.06%, 8, 0, 6, 396.33
1733732127, 2, 22, 32, 16, 3, 0.06%, 8, 0, 6, 279.96
1733732132, 2, 22, 33, 17, 3, 0.06%, 8, 0, 6, 265.39
1733732148, 2, 22, 34, 18, 3, 0.06%, 8, 0, 6, 264.19
1733732153, 2, 22, 35, 19, 3, 0.06%, 8, 0, 6, 264.68
1733732213, 2, 22, 36, 20, 3, 0.06%, 8, 0, 6, 267.25
1733732234, 2, 23, 36, 19, 2, 0.06%, 8, 0, 6, 211.07
1733732239, 2, 23, 37, 20, 2, 0.06%, 8, 0, 6, 226.21
1733732244, 2, 23, 38, 21, 2, 0.06%, 8, 0, 6, 231.23
1733732284, 2, 23, 39, 22, 2, 0.06%, 8, 0, 6, 232.44
1733732356, 2, 29, 39, 21, 1, 0.06%, 8, 0, 6, 374.59
1733732361, 2, 29, 40, 22, 1, 0.06%, 8, 0, 6, 417.51
1733732382, 2, 29, 41, 23, 1, 0.06%, 8, 0, 6, 436.03
1733732387, 2, 29, 42, 24, 1, 0.06%, 8, 0, 6, 419.05
1733732402, 2, 29, 43, 25, 1, 0.06%, 8, 0, 6, 421.12
1733732422, 2, 29, 45, 27, 1, 0.06%, 8, 0, 6, 249.36
1733732427, 3, 13, 45, 26, 1, 0.06%, 8, 0, 6, 309.99
1733732432, 3, 15, 46, 27, 1, 0.06%, 8, 0, 6, 381.02
1733732437, 3, 15, 47, 28, 1, 0.06%, 8, 0, 6, 458.36
1733732448, 3, 15, 48, 29, 1, 0.06%, 8, 0, 6, 477.35
1733732473, 3, 26, 48, 28, 1, 0.06%, 8, 0, 6, 327.23
1733732478, 3, 27, 48, 28, 1, 0.06%, 8, 0, 6, 395.32
1733732483, 3, 27, 49, 29, 1, 0.06%, 8, 0, 7, 462.79
1733732488, 3, 27, 50, 30, 1, 0.06%, 8, 0, 7, 477.89
1733732493, 3, 27, 51, 31, 1, 0.06%, 8, 0, 7, 472.25
1733732534, 3, 27, 52, 32, 1, 0.06%, 8, 0, 7, 306.89
1733732539, 3, 27, 54, 34, 1, 0.06%, 8, 0, 7, 311.37
1733732544, 3, 28, 54, 33, 1, 0.06%, 8, 0, 7, 401.76
1733732565, 3, 29, 54, 32, 1, 0.06%, 8, 0, 7, 335.45
1733732570, 3, 30, 54, 32, 1, 0.06%, 8, 0, 7, 339.54
1733732580, 3, 30, 55, 33, 1, 0.06%, 8, 0, 7, 401.62
1733732600, 3, 39, 56, 33, 1, 0.06%, 8, 0, 7, 331.72
1733732626, 3, 44, 56, 32, 1, 0.06%, 8, 0, 7, 346.37
1733732666, 3, 45, 56, 31, 1, 0.06%, 8, 0, 7, 303.08
1733732687, 3, 45, 59, 34, 1, 0.06%, 8, 0, 7, 308.21
1733732793, 3, 48, 59, 33, 1, 0.06%, 8, 0, 7, 393.40
1733732813, 3, 49, 59, 32, 0, 0.06%, 8, 0, 7, 463.65
1733732834, 3, 50, 59, 31, 0, 0.06%, 8, 0, 7, 320.00
1733732839, 3, 50, 62, 34, 0, 0.06%, 8, 0, 8, 344.33
1733732941, 3, 54, 62, 33, 0, 0.06%, 8, 0, 8, 266.54
1733732972, 3, 54, 64, 35, 0, 0.06%, 8, 0, 8, 483.20
1733733068, 3, 56, 64, 34, 0, 0.06%, 8, 0, 8, 395.55
1733733134, 3, 57, 64, 33, 0, 0.06%, 8, 0, 8, 425.68
1733733160, 3, 58, 64, 32, 0, 0.06%, 8, 0, 8, 341.69
1733733185, 4, 13, 64, 31, 0, 0.06%, 8, 0, 8, 336.11
1733733190, 4, 14, 64, 31, 0, 0.06%, 8, 0, 8, 399.90
1733733200, 4, 15, 64, 30, 0, 0.06%, 8, 0, 8, 454.59
1733733205, 4, 16, 64, 30, 0, 0.06%, 8, 0, 8, 397.19
1733733216, 4, 16, 66, 32, 0, 0.06%, 8, 0, 8, 328.53
1733733221, 4, 23, 66, 31, 0, 0.06%, 8, 0, 8, 281.55
1733733226, 4, 29, 66, 31, 0, 0.06%, 8, 0, 8, 292.95
1733733231, 4, 36, 66, 31, 0, 0.06%, 8, 0, 8, 259.51
1733733256, 4, 37, 66, 30, 0, 0.06%, 8, 0, 8, 330.71
1733733277, 4, 38, 66, 29, 0, 0.06%, 8, 0, 8, 389.86
1733733307, 4, 39, 66, 28, 0, 0.06%, 8, 0, 8, 270.29
1733733318, 4, 40, 66, 28, 0, 0.06%, 8, 0, 8, 421.24
1733733338, 4, 41, 66, 27, 0, 0.06%, 8, 0, 8, 331.01
1733733384, 4, 42, 66, 26, 0, 0.06%, 8, 0, 8, 382.04
1733733409, 4, 45, 66, 25, 0, 0.06%, 8, 0, 8, 316.06
1733733419, 4, 46, 66, 25, 0, 0.06%, 8, 0, 8, 301.47
1733733440, 4, 47, 66, 24, 0, 0.06%, 8, 0, 8, 287.30
1733733756, 4, 48, 66, 23, 0, 0.06%, 8, 0, 8, 345.37
1733733761, 4, 49, 66, 23, 0, 0.06%, 8, 0, 8, 346.54
1733733771, 4, 50, 66, 23, 0, 0.06%, 8, 0, 8, 313.44
1733733781, 4, 51, 66, 23, 0, 0.06%, 8, 0, 8, 320.38
1733733806, 4, 52, 66, 22, 0, 0.06%, 8, 0, 8, 344.46
1733733827, 4, 53, 66, 21, 0, 0.06%, 8, 0, 8, 308.46
1733733893, 4, 53, 67, 22, 0, 0.06%, 8, 0, 8, 473.96
1733733908, 4, 54, 67, 21, 0, 0.06%, 8, 0, 8, 352.67
1733733918, 4, 55, 67, 21, 0, 0.06%, 8, 0, 8, 302.04
1733733974, 4, 55, 69, 23, 0, 0.06%, 8, 0, 8, 498.16
1733734162, 4, 59, 69, 22, 0, 0.06%, 8, 0, 8, 372.90
1733734248, 4, 60, 69, 21, 0, 0.06%, 8, 0, 8, 346.85
1733734339, 4, 61, 69, 20, 0, 0.06%, 8, 0, 8, 363.97
1733734426, 4, 62, 69, 19, 0, 0.06%, 8, 0, 8, 420.12
1733734512, 4, 62, 70, 20, 0, 0.06%, 8, 0, 8, 324.84
1733734517, 4, 64, 70, 19, 0, 0.06%, 8, 0, 8, 327.40
1733734782, 5, 14, 70, 18, 0, 0.06%, 8, 0, 8, 332.65
1733734787, 5, 29, 70, 18, 0, 0.06%, 8, 0, 8, 352.85
1733734792, 5, 39, 70, 18, 0, 0.06%, 8, 0, 8, 294.07
1733734797, 5, 40, 70, 18, 0, 0.06%, 8, 0, 8, 367.86
1733734807, 5, 41, 70, 18, 0, 0.06%, 8, 0, 8, 386.62
1733734817, 5, 42, 70, 18, 0, 0.06%, 8, 0, 8, 349.17
1733734828, 5, 43, 70, 18, 0, 0.06%, 8, 0, 8, 419.61
1733734883, 5, 44, 70, 17, 0, 0.06%, 8, 0, 8, 300.46
1733734924, 5, 45, 70, 17, 0, 0.06%, 8, 0, 8, 385.09
1733734944, 5, 46, 70, 17, 0, 0.06%, 8, 0, 8, 317.28
1733734965, 5, 47, 70, 17, 0, 0.06%, 8, 0, 8, 287.63
1733735261, 5, 48, 70, 17, 0, 0.06%, 8, 0, 8, 367.39
1733735271, 5, 49, 70, 17, 0, 0.06%, 8, 0, 8, 329.29
1733735276, 5, 50, 70, 17, 0, 0.06%, 8, 0, 8, 308.51
1733735286, 5, 51, 70, 17, 0, 0.06%, 8, 0, 8, 328.03
1733735296, 5, 52, 70, 17, 0, 0.06%, 8, 0, 8, 385.86
1733735311, 5, 53, 70, 17, 0, 0.06%, 8, 0, 8, 365.78
1733735316, 5, 53, 71, 18, 0, 0.06%, 8, 0, 8, 324.24
1733735321, 5, 54, 71, 18, 0, 0.06%, 8, 0, 8, 370.32
1733735332, 5, 55, 71, 18, 0, 0.06%, 8, 0, 8, 343.51
1733735347, 5, 56, 71, 18, 0, 0.06%, 8, 0, 8, 312.63
1733735413, 5, 57, 71, 18, 0, 0.06%, 8, 0, 8, 459.24
1733735434, 5, 58, 71, 18, 0, 0.06%, 8, 0, 8, 325.66
1733735454, 5, 59, 71, 18, 0, 0.06%, 8, 0, 8, 392.05
1733735465, 5, 59, 72, 19, 0, 0.06%, 8, 0, 9, 332.04
1733735470, 5, 60, 72, 19, 0, 0.06%, 8, 0, 9, 394.89
1733735480, 5, 61, 72, 19, 0, 0.06%, 8, 0, 9, 320.08
1733735495, 5, 62, 72, 19, 0, 0.06%, 8, 0, 9, 318.82
1733735505, 5, 63, 72, 19, 0, 0.06%, 8, 0, 9, 401.29
1733735602, 5, 64, 72, 18, 0, 0.06%, 8, 0, 9, 356.59
1733735714, 5, 65, 72, 18, 0, 0.06%, 8, 0, 9, 346.94
1733735948, 5, 65, 73, 19, 0, 0.06%, 8, 0, 9, 307.30
1733735953, 5, 66, 73, 18, 0, 0.06%, 8, 0, 9, 317.23
1733736055, 5, 67, 73, 17, 0, 0.06%, 8, 0, 9, 307.27
1733736238, 5, 68, 73, 16, 0, 0.06%, 8, 0, 9, 354.55
1733736421, 5, 70, 73, 15, 0, 0.06%, 8, 0, 9, 402.85
1733736528, 5, 71, 73, 14, 0, 0.06%, 8, 0, 9, 345.79
1733736670, 6, 14, 73, 13, 0, 0.06%, 8, 0, 9, 312.48
1733736675, 6, 26, 73, 13, 0, 0.06%, 8, 0, 9, 360.81
1733736680, 6, 27, 73, 13, 0, 0.06%, 8, 0, 9, 348.78
1733736685, 6, 28, 73, 13, 0, 0.06%, 8, 0, 9, 335.81
1733736690, 6, 29, 73, 13, 0, 0.06%, 8, 0, 9, 318.25
1733736695, 6, 39, 73, 13, 0, 0.06%, 8, 0, 9, 280.68
1733736700, 6, 40, 73, 13, 0, 0.06%, 8, 0, 9, 322.21
1733736705, 6, 41, 73, 13, 0, 0.06%, 8, 0, 9, 336.75
1733736710, 6, 42, 73, 13, 0, 0.06%, 8, 0, 9, 335.23
1733736716, 6, 43, 73, 13, 0, 0.06%, 8, 0, 9, 316.21
1733736726, 6, 45, 73, 13, 0, 0.06%, 8, 0, 9, 329.33
1733736731, 6, 46, 73, 13, 0, 0.06%, 8, 0, 9, 310.35
1733736741, 6, 47, 73, 13, 0, 0.06%, 8, 0, 9, 382.97
1733736752, 6, 47, 74, 14, 0, 0.06%, 8, 0, 9, 440.88
1733736762, 6, 48, 74, 14, 0, 0.06%, 8, 0, 9, 323.72
1733736767, 6, 49, 74, 14, 0, 0.06%, 8, 0, 9, 307.45
1733736772, 6, 50, 74, 14, 0, 0.06%, 8, 0, 9, 326.36
1733736777, 6, 51, 74, 14, 0, 0.06%, 8, 0, 9, 336.95
1733736782, 6, 52, 74, 14, 0, 0.06%, 8, 0, 9, 318.31
1733736792, 6, 53, 74, 14, 0, 0.06%, 8, 0, 9, 330.91
1733736802, 6, 56, 74, 14, 0, 0.06%, 8, 0, 9, 379.30
1733736812, 6, 57, 74, 14, 0, 0.06%, 8, 0, 9, 400.46
1733736823, 6, 58, 74, 14, 0, 0.06%, 8, 0, 9, 365.97
1733736833, 6, 59, 74, 14, 0, 0.06%, 8, 0, 9, 388.73
1733736843, 6, 60, 74, 14, 0, 0.06%, 8, 0, 9, 296.08
1733736858, 6, 61, 74, 14, 0, 0.06%, 8, 0, 9, 336.22
1733736873, 6, 66, 74, 14, 0, 0.06%, 8, 0, 9, 380.85
1733736878, 6, 70, 74, 14, 0, 0.06%, 8, 0, 9, 332.87
1733736955, 6, 71, 74, 14, 0, 0.06%, 8, 0, 9, 357.36
1733736970, 6, 73, 74, 14, 0, 0.06%, 8, 0, 9, 255.48
1733736991, 6, 73, 75, 15, 0, 0.06%, 8, 0, 9, 422.64
1733737443, 6, 74, 75, 14, 0, 0.06%, 8, 0, 9, 281.69
1733737927, 7, 26, 75, 13, 0, 0.06%, 8, 0, 9, 315.85
1733737932, 7, 28, 75, 13, 0, 0.06%, 8, 0, 9, 351.66
1733737937, 7, 44, 75, 13, 0, 0.06%, 8, 0, 9, 353.89
1733737942, 7, 48, 75, 13, 0, 0.06%, 8, 0, 9, 382.05
1733737947, 7, 49, 75, 13, 0, 0.06%, 8, 0, 9, 351.92
1733737952, 7, 50, 75, 13, 0, 0.06%, 8, 0, 9, 347.34
1733737957, 7, 51, 75, 13, 0, 0.06%, 8, 0, 9, 366.60
1733737962, 7, 52, 75, 13, 0, 0.06%, 8, 0, 9, 337.97
1733737967, 7, 53, 75, 13, 0, 0.06%, 8, 0, 9, 366.88
1733737972, 7, 59, 75, 13, 0, 0.06%, 8, 0, 9, 349.76
1733737982, 7, 60, 75, 13, 0, 0.06%, 8, 0, 9, 350.79
1733737987, 7, 61, 75, 13, 0, 0.06%, 8, 0, 9, 330.64
1733737997, 7, 66, 75, 13, 0, 0.06%, 8, 0, 9, 368.29
1733738003, 7, 67, 75, 13, 0, 0.06%, 8, 0, 9, 312.17
1733738008, 7, 68, 75, 13, 0, 0.06%, 8, 0, 9, 345.86
1733738018, 7, 69, 75, 13, 0, 0.06%, 8, 0, 9, 382.38
1733738181, 7, 70, 75, 12, 0, 0.06%, 8, 0, 9, 348.79
1733738186, 7, 71, 75, 12, 0, 0.06%, 8, 0, 9, 345.87
1733738196, 7, 72, 75, 12, 0, 0.06%, 8, 0, 9, 371.30
1733738319, 7, 73, 75, 11, 0, 0.06%, 8, 0, 9, 359.24
1733738339, 7, 74, 75, 11, 0, 0.06%, 8, 0, 9, 406.82
1733738360, 8, 14, 75, 11, 0, 0.06%, 8, 0, 9, 338.34
1733738365, 8, 19, 75, 11, 0, 0.06%, 8, 0, 9, 289.97
1733738370, 8, 20, 75, 11, 0, 0.06%, 8, 0, 9, 374.26
1733738396, 8, 22, 75, 10, 0, 0.06%, 8, 0, 9, 303.58
1733738401, 8, 23, 75, 10, 0, 0.06%, 8, 0, 9, 281.38
1733738406, 8, 25, 75, 10, 0, 0.06%, 8, 0, 9, 309.43
1733738421, 8, 26, 75, 9, 0, 0.06%, 8, 0, 9, 309.66
1733738426, 8, 27, 75, 9, 0, 0.06%, 8, 0, 9, 351.73
1733738431, 8, 28, 75, 9, 0, 0.06%, 8, 0, 9, 367.37
1733738436, 8, 29, 75, 9, 0, 0.06%, 8, 0, 9, 345.06
1733738441, 8, 30, 75, 9, 0, 0.06%, 8, 0, 9, 351.14
1733738451, 8, 31, 75, 9, 0, 0.06%, 8, 0, 9, 343.40
1733738472, 8, 32, 75, 8, 0, 0.06%, 8, 0, 9, 352.86
1733738487, 8, 33, 75, 7, 0, 0.06%, 8, 0, 9, 323.63
1733738513, 8, 34, 75, 6, 0, 0.06%, 8, 0, 9, 371.20
1733738533, 8, 35, 75, 5, 0, 0.06%, 8, 0, 9, 365.74
1733738553, 8, 36, 75, 4, 0, 0.06%, 8, 0, 9, 270.17
1733738564, 8, 37, 75, 4, 0, 0.06%, 8, 0, 9, 338.91
1733738574, 8, 38, 75, 4, 0, 0.06%, 8, 0, 9, 279.65
1733738584, 8, 39, 75, 4, 0, 0.06%, 8, 0, 9, 281.69
1733738589, 8, 40, 75, 4, 0, 0.06%, 8, 0, 9, 323.11
1733738595, 8, 41, 75, 4, 0, 0.06%, 8, 0, 9, 340.38
1733738600, 8, 42, 75, 4, 0, 0.06%, 8, 0, 9, 343.31
1733738605, 8, 43, 75, 4, 0, 0.06%, 8, 0, 9, 322.56
1733738610, 8, 44, 75, 4, 0, 0.06%, 8, 0, 9, 348.66
1733738615, 8, 45, 75, 4, 0, 0.06%, 8, 0, 9, 298.81
1733738620, 8, 46, 75, 4, 0, 0.06%, 8, 0, 9, 321.62
1733738625, 8, 47, 75, 4, 0, 0.06%, 8, 0, 9, 339.91
1733738635, 8, 48, 75, 4, 0, 0.06%, 8, 0, 9, 365.38
1733738640, 8, 49, 75, 4, 0, 0.06%, 8, 0, 9, 367.90
1733738645, 8, 50, 75, 4, 0, 0.06%, 8, 0, 9, 341.21
1733738650, 8, 51, 75, 4, 0, 0.06%, 8, 0, 9, 334.00
1733738655, 8, 52, 75, 4, 0, 0.06%, 8, 0, 9, 361.70
1733738660, 8, 53, 75, 4, 0, 0.06%, 8, 0, 9, 380.00
1733738665, 8, 54, 75, 4, 0, 0.06%, 8, 0, 9, 324.53
1733738670, 8, 55, 75, 4, 0, 0.06%, 8, 0, 9, 344.45
1733738914, 8, 56, 75, 4, 0, 0.06%, 8, 0, 9, 302.38
1733738919, 8, 57, 75, 4, 0, 0.06%, 8, 0, 9, 339.51
1733738924, 8, 58, 75, 4, 0, 0.06%, 8, 0, 9, 335.42
1733738929, 8, 59, 75, 4, 0, 0.06%, 8, 0, 9, 334.15
1733738939, 8, 60, 75, 4, 0, 0.06%, 8, 0, 9, 356.20
1733738944, 8, 61, 75, 4, 0, 0.06%, 8, 0, 9, 317.07
1733738954, 8, 62, 75, 4, 0, 0.06%, 8, 0, 9, 371.74
1733738964, 8, 63, 75, 4, 0, 0.06%, 8, 0, 9, 366.12
1733738974, 8, 64, 75, 4, 0, 0.06%, 8, 0, 9, 324.90
1733738980, 8, 65, 75, 4, 0, 0.06%, 8, 0, 9, 352.11
1733738990, 8, 66, 75, 4, 0, 0.06%, 8, 0, 9, 374.50
1733738995, 8, 67, 75, 4, 0, 0.06%, 8, 0, 9, 344.96
1733739005, 8, 68, 75, 4, 0, 0.06%, 8, 0, 9, 348.78
1733739010, 8, 69, 75, 4, 0, 0.06%, 8, 0, 9, 300.37
1733739147, 8, 70, 75, 4, 0, 0.06%, 8, 0, 9, 358.41
1733739152, 8, 71, 75, 4, 0, 0.06%, 8, 0, 9, 322.98
1733739163, 8, 72, 75, 4, 0, 0.06%, 8, 0, 9, 366.38
1733739173, 8, 73, 75, 4, 0, 0.06%, 8, 0, 9, 389.94
1733739193, 8, 74, 75, 4, 0, 0.06%, 8, 0, 9, 314.23
1733739208, 9, 13, 75, 4, 0, 0.06%, 8, 0, 9, 345.81
1733739214, 9, 15, 75, 4, 0, 0.06%, 8, 0, 9, 340.00
1733739219, 9, 22, 75, 4, 0, 0.06%, 8, 0, 9, 309.75
1733739224, 9, 27, 75, 4, 0, 0.06%, 8, 0, 9, 336.93
1733739229, 9, 28, 75, 4, 0, 0.06%, 8, 0, 9, 359.81
1733739234, 9, 29, 75, 4, 0, 0.06%, 8, 0, 9, 350.10
1733739239, 9, 32, 75, 4, 0, 0.06%, 8, 0, 9, 325.09
1733739249, 9, 33, 75, 4, 0, 0.06%, 8, 0, 9, 355.07
1733739259, 9, 34, 75, 4, 0, 0.06%, 8, 0, 9, 357.59
1733739269, 9, 35, 75, 4, 0, 0.06%, 8, 0, 9, 321.52
1733739274, 9, 39, 75, 4, 0, 0.06%, 8, 0, 9, 311.82
1733739279, 9, 40, 75, 4, 0, 0.06%, 8, 0, 9, 352.59
1733739284, 9, 41, 75, 4, 0, 0.06%, 8, 0, 9, 344.19
1733739289, 9, 42, 75, 4, 0, 0.06%, 8, 0, 9, 367.96
1733739294, 9, 43, 75, 4, 0, 0.06%, 8, 0, 9, 330.40
1733739299, 9, 44, 75, 4, 0, 0.06%, 8, 0, 9, 346.71
1733739305, 9, 45, 75, 4, 0, 0.06%, 8, 0, 9, 303.59
1733739310, 9, 46, 75, 4, 0, 0.06%, 8, 0, 9, 339.40
1733739315, 9, 47, 75, 4, 0, 0.06%, 8, 0, 9, 327.93
1733739325, 9, 48, 75, 4, 0, 0.06%, 8, 0, 9, 384.51
1733739330, 9, 49, 75, 4, 0, 0.06%, 8, 0, 9, 361.53
1733739335, 9, 50, 75, 4, 0, 0.06%, 8, 0, 9, 356.14
1733739340, 9, 51, 75, 4, 0, 0.06%, 8, 0, 9, 361.11
1733739345, 9, 52, 75, 4, 0, 0.06%, 8, 0, 9, 346.52
1733739350, 9, 53, 75, 4, 0, 0.06%, 8, 0, 9, 359.36
1733739355, 9, 55, 75, 4, 0, 0.06%, 8, 0, 9, 299.01
1733739365, 9, 56, 75, 4, 0, 0.06%, 8, 0, 9, 333.98
1733739370, 9, 57, 75, 4, 0, 0.06%, 8, 0, 9, 336.25
1733739376, 9, 59, 75, 4, 0, 0.06%, 8, 0, 9, 318.12
1733739386, 9, 60, 75, 4, 0, 0.06%, 8, 0, 9, 378.54
1733739396, 9, 61, 75, 4, 0, 0.06%, 8, 0, 9, 320.84
1733739401, 9, 64, 75, 4, 0, 0.06%, 8, 0, 9, 303.82
1733739411, 9, 65, 75, 4, 0, 0.06%, 8, 0, 9, 338.53
1733739416, 9, 66, 75, 4, 0, 0.06%, 8, 0, 9, 311.64
1733739426, 9, 69, 75, 4, 0, 0.06%, 8, 0, 9, 341.22
1733739432, 9, 70, 75, 4, 0, 0.06%, 8, 0, 9, 364.10
1733739442, 9, 71, 75, 4, 0, 0.06%, 8, 0, 9, 346.57
1733739447, 9, 72, 75, 4, 0, 0.06%, 8, 0, 9, 335.17
1733739452, 9, 73, 75, 4, 0, 0.06%, 8, 0, 9, 418.01
1733739467, 9, 74, 75, 4, 0, 0.06%, 8, 0, 9, 406.01
1733739482, 10, 13, 75, 4, 0, 0.06%, 8, 0, 9, 348.49
1733739487, 10, 15, 75, 4, 0, 0.06%, 8, 0, 9, 322.14
1733739492, 10, 22, 75, 4, 0, 0.06%, 8, 0, 9, 291.23
1733739497, 10, 27, 75, 4, 0, 0.06%, 8, 0, 9, 335.24
1733739503, 10, 28, 75, 4, 0, 0.06%, 8, 0, 9, 335.25
1733739508, 10, 29, 75, 4, 0, 0.06%, 8, 0, 9, 347.45
1733739513, 10, 32, 75, 4, 0, 0.06%, 8, 0, 9, 337.16
1733739518, 10, 33, 75, 4, 0, 0.06%, 8, 0, 9, 306.11
1733739523, 10, 34, 75, 4, 0, 0.06%, 8, 0, 9, 309.80
1733739528, 10, 35, 75, 4, 0, 0.06%, 8, 0, 9, 312.67
1733739533, 10, 39, 75, 4, 0, 0.06%, 8, 0, 9, 287.00
1733739538, 10, 40, 75, 4, 0, 0.06%, 8, 0, 9, 323.64
1733739543, 10, 41, 75, 4, 0, 0.06%, 8, 0, 9, 330.24
1733739548, 10, 42, 75, 4, 0, 0.06%, 8, 0, 9, 322.95
1733739554, 10, 43, 75, 4, 0, 0.06%, 8, 0, 9, 311.91
1733739559, 10, 44, 75, 4, 0, 0.06%, 8, 0, 9, 320.41
1733739564, 10, 45, 75, 4, 0, 0.06%, 8, 0, 9, 312.76
1733739569, 10, 46, 75, 4, 0, 0.06%, 8, 0, 9, 334.20
1733739574, 10, 47, 75, 4, 0, 0.06%, 8, 0, 9, 270.25
1733739584, 10, 48, 75, 4, 0, 0.06%, 8, 0, 9, 347.78
1733739589, 10, 49, 75, 4, 0, 0.06%, 8, 0, 9, 319.78
1733739594, 10, 50, 75, 4, 0, 0.06%, 8, 0, 9, 341.90
1733739599, 10, 51, 75, 4, 0, 0.06%, 8, 0, 9, 353.58
1733739604, 10, 52, 75, 4, 0, 0.06%, 8, 0, 9, 326.99
1733739609, 10, 53, 75, 4, 0, 0.06%, 8, 0, 9, 334.17
1733739614, 10, 55, 75, 4, 0, 0.06%, 8, 0, 9, 339.26
1733739619, 10, 56, 75, 4, 0, 0.06%, 8, 0, 9, 359.16
1733739624, 10, 57, 75, 4, 0, 0.06%, 8, 0, 9, 363.52
1733739630, 10, 58, 75, 4, 0, 0.06%, 8, 0, 9, 363.31
1733739635, 10, 59, 75, 4, 0, 0.06%, 8, 0, 9, 371.80
1733739645, 10, 60, 75, 4, 0, 0.06%, 8, 0, 9, 327.79
1733739650, 10, 61, 75, 4, 0, 0.06%, 8, 0, 9, 346.00
1733739660, 10, 64, 75, 4, 0, 0.06%, 8, 0, 9, 351.18
1733739665, 10, 65, 75, 4, 0, 0.06%, 8, 0, 9, 332.02
1733739675, 10, 66, 75, 4, 0, 0.06%, 8, 0, 9, 370.69
1733739680, 10, 69, 75, 4, 0, 0.06%, 8, 0, 9, 341.72
1733739691, 10, 70, 75, 4, 0, 0.06%, 8, 0, 9, 339.89
1733739696, 10, 71, 75, 4, 0, 0.06%, 8, 0, 9, 345.67
1733739706, 10, 72, 75, 4, 0, 0.06%, 8, 0, 9, 321.30
1733739711, 10, 73, 75, 4, 0, 0.06%, 8, 0, 9, 361.49
1733739726, 10, 74, 75, 4, 0, 0.06%, 8, 0, 9, 374.01
1733739741, 11, 14, 75, 4, 0, 0.06%, 8, 0, 9, 344.81
1733739746, 11, 22, 75, 4, 0, 0.06%, 8, 0, 9, 310.36
1733739751, 11, 26, 75, 4, 0, 0.06%, 8, 0, 9, 348.83
1733739756, 11, 27, 75, 4, 0, 0.06%, 8, 0, 9, 343.85
1733739761, 11, 28, 75, 4, 0, 0.06%, 8, 0, 9, 340.53
1733739766, 11, 29, 75, 4, 0, 0.06%, 8, 0, 9, 332.05
1733739771, 11, 32, 75, 4, 0, 0.06%, 8, 0, 9, 312.49
1733739776, 11, 33, 75, 4, 0, 0.06%, 8, 0, 9, 326.05
1733739781, 11, 34, 75, 4, 0, 0.06%, 8, 0, 9, 313.69
1733739786, 11, 39, 75, 4, 0, 0.06%, 8, 0, 9, 306.76
1733739796, 11, 41, 75, 4, 0, 0.06%, 8, 0, 9, 326.99
1733739802, 11, 42, 75, 4, 0, 0.06%, 8, 0, 9, 361.29
1733739807, 11, 43, 75, 4, 0, 0.06%, 8, 0, 9, 327.94
1733739812, 11, 44, 75, 4, 0, 0.06%, 8, 0, 9, 338.27
1733739817, 11, 45, 75, 4, 0, 0.06%, 8, 0, 9, 317.06
1733739822, 11, 46, 75, 4, 0, 0.06%, 8, 0, 9, 349.40
1733739827, 11, 47, 75, 4, 0, 0.06%, 8, 0, 9, 387.55
1733739837, 11, 48, 75, 4, 0, 0.06%, 8, 0, 9, 344.56
1733739842, 11, 49, 75, 4, 0, 0.06%, 8, 0, 9, 391.28
1733739847, 11, 50, 75, 4, 0, 0.06%, 8, 0, 9, 332.37
1733739853, 11, 51, 75, 4, 0, 0.06%, 8, 0, 9, 344.60
1733739858, 11, 52, 75, 4, 0, 0.06%, 8, 0, 9, 362.29
1733739863, 11, 53, 75, 4, 0, 0.06%, 8, 0, 9, 341.26
1733739868, 11, 55, 75, 4, 0, 0.06%, 8, 0, 9, 341.82
1733739878, 11, 56, 75, 4, 0, 0.06%, 8, 0, 9, 337.55
1733739883, 11, 57, 75, 4, 0, 0.06%, 8, 0, 9, 324.58
1733739888, 11, 58, 75, 4, 0, 0.06%, 8, 0, 9, 328.07
1733739893, 11, 59, 75, 4, 0, 0.06%, 8, 0, 9, 351.84
1733739898, 11, 60, 75, 4, 0, 0.06%, 8, 0, 9, 322.96
1733739908, 11, 61, 75, 4, 0, 0.06%, 8, 0, 9, 368.03
1733739913, 11, 64, 75, 4, 0, 0.06%, 8, 0, 9, 326.09
1733739924, 11, 65, 75, 4, 0, 0.06%, 8, 0, 9, 292.90
1733739934, 11, 66, 75, 4, 0, 0.06%, 8, 0, 9, 349.96
1733739939, 11, 70, 75, 4, 0, 0.06%, 8, 0, 9, 315.98
1733739949, 11, 71, 75, 4, 0, 0.06%, 8, 0, 9, 352.79
1733739954, 11, 73, 75, 4, 0, 0.06%, 8, 0, 9, 394.17
1733739970, 11, 74, 75, 4, 0, 0.06%, 8, 0, 9, 408.32
1733739985, 12, 13, 75, 4, 0, 0.06%, 8, 0, 9, 337.44
1733739990, 12, 15, 75, 4, 0, 0.06%, 8, 0, 9, 326.10
1733739995, 12, 27, 75, 4, 0, 0.06%, 8, 0, 9, 348.76
1733740000, 12, 28, 75, 4, 0, 0.06%, 8, 0, 9, 362.23
1733740005, 12, 29, 75, 4, 0, 0.06%, 8, 0, 9, 353.68
1733740010, 12, 39, 75, 4, 0, 0.06%, 8, 0, 9, 295.57
1733740015, 12, 40, 75, 4, 0, 0.06%, 8, 0, 9, 337.14
1733740020, 12, 41, 75, 4, 0, 0.06%, 8, 0, 9, 338.15
1733740025, 12, 42, 75, 4, 0, 0.06%, 8, 0, 9, 326.81
1733740030, 12, 43, 75, 4, 0, 0.06%, 8, 0, 9, 286.66
1733740035, 12, 44, 75, 4, 0, 0.06%, 8, 0, 9, 324.80
1733740041, 12, 45, 75, 4, 0, 0.06%, 8, 0, 9, 312.41
1733740046, 12, 46, 75, 4, 0, 0.06%, 8, 0, 9, 330.90
1733740051, 12, 47, 75, 4, 0, 0.06%, 8, 0, 9, 325.71
1733740061, 12, 48, 75, 4, 0, 0.06%, 8, 0, 9, 369.44
1733740066, 12, 49, 75, 4, 0, 0.06%, 8, 0, 9, 368.62
1733740071, 12, 50, 75, 4, 0, 0.06%, 8, 0, 9, 356.17
1733740076, 12, 51, 75, 4, 0, 0.06%, 8, 0, 9, 359.85
1733740081, 12, 52, 75, 4, 0, 0.06%, 8, 0, 9, 351.47
1733740086, 12, 53, 75, 4, 0, 0.06%, 8, 0, 9, 360.67
1733740091, 12, 56, 75, 4, 0, 0.06%, 8, 0, 9, 369.70
1733740096, 12, 57, 75, 4, 0, 0.06%, 8, 0, 9, 378.83
1733740101, 12, 58, 75, 4, 0, 0.06%, 8, 0, 9, 349.56
1733740106, 12, 59, 75, 4, 0, 0.06%, 8, 0, 9, 372.27
1733740111, 12, 60, 75, 4, 0, 0.06%, 8, 0, 9, 313.41
1733740121, 12, 61, 75, 4, 0, 0.06%, 8, 0, 9, 361.70
1733740127, 12, 66, 75, 4, 0, 0.06%, 8, 0, 9, 326.55
1733740137, 12, 70, 75, 4, 0, 0.06%, 8, 0, 9, 372.31
1733740147, 12, 71, 75, 4, 0, 0.06%, 8, 0, 9, 334.87
1733740152, 12, 73, 75, 4, 0, 0.06%, 8, 0, 9, 406.32
1733740167, 12, 74, 75, 4, 0, 0.06%, 8, 0, 9, 402.02
1733740182, 13, 13, 75, 4, 0, 0.06%, 8, 0, 9, 335.07
1733740187, 13, 15, 75, 4, 0, 0.06%, 8, 0, 9, 325.59
1733740192, 13, 27, 75, 4, 0, 0.06%, 8, 0, 9, 335.46
1733740197, 13, 28, 75, 4, 0, 0.06%, 8, 0, 9, 366.62
1733740203, 13, 29, 75, 4, 0, 0.06%, 8, 0, 9, 339.19
1733740208, 13, 39, 75, 4, 0, 0.06%, 8, 0, 9, 292.67
1733740213, 13, 40, 75, 4, 0, 0.06%, 8, 0, 9, 326.73
1733740218, 13, 41, 75, 4, 0, 0.06%, 8, 0, 9, 356.34
1733740223, 13, 42, 75, 4, 0, 0.06%, 8, 0, 9, 333.92
1733740228, 13, 43, 75, 4, 0, 0.06%, 8, 0, 9, 309.47
1733740233, 13, 44, 75, 4, 0, 0.06%, 8, 0, 9, 346.89
1733740238, 13, 45, 75, 4, 0, 0.06%, 8, 0, 9, 326.42
1733740243, 13, 46, 75, 4, 0, 0.06%, 8, 0, 9, 325.06
1733740248, 13, 47, 75, 4, 0, 0.06%, 8, 0, 9, 297.10
1733740258, 13, 48, 75, 4, 0, 0.06%, 8, 0, 9, 355.02
1733740263, 13, 49, 75, 4, 0, 0.06%, 8, 0, 9, 339.93
1733740268, 13, 50, 75, 4, 0, 0.06%, 8, 0, 9, 357.25
1733740274, 13, 51, 75, 4, 0, 0.06%, 8, 0, 9, 343.28
1733740279, 13, 52, 75, 4, 0, 0.06%, 8, 0, 9, 344.32
1733740284, 13, 53, 75, 4, 0, 0.06%, 8, 0, 9, 341.86
1733740289, 13, 56, 75, 4, 0, 0.06%, 8, 0, 9, 345.57
1733740294, 13, 57, 75, 4, 0, 0.06%, 8, 0, 9, 341.13
1733740299, 13, 58, 75, 4, 0, 0.06%, 8, 0, 9, 342.22
1733740304, 13, 59, 75, 4, 0, 0.06%, 8, 0, 9, 369.13
1733740309, 13, 60, 75, 4, 0, 0.06%, 8, 0, 9, 305.59
1733740319, 13, 61, 75, 4, 0, 0.06%, 8, 0, 9, 360.71
1733740324, 13, 66, 75, 4, 0, 0.06%, 8, 0, 9, 339.46
1733740334, 13, 70, 75, 4, 0, 0.06%, 8, 0, 9, 383.95
1733740339, 13, 71, 75, 4, 0, 0.06%, 8, 0, 9, 317.49
1733740350, 13, 73, 75, 4, 0, 0.06%, 8, 0, 9, 370.44
1733740365, 13, 74, 75, 4, 0, 0.06%, 8, 0, 9, 352.84
1733740380, 14, 14, 75, 4, 0, 0.06%, 8, 0, 9, 331.88
1733740385, 14, 26, 75, 4, 0, 0.06%, 8, 0, 9, 353.88
1733740390, 14, 27, 75, 4, 0, 0.06%, 8, 0, 9, 339.50
1733740395, 14, 28, 75, 4, 0, 0.06%, 8, 0, 9, 329.28
1733740400, 14, 29, 75, 4, 0, 0.06%, 8, 0, 9, 311.70
1733740405, 14, 39, 75, 4, 0, 0.06%, 8, 0, 9, 285.34
1733740410, 14, 40, 75, 4, 0, 0.06%, 8, 0, 9, 322.74
1733740415, 14, 41, 75, 4, 0, 0.06%, 8, 0, 9, 305.92
1733740420, 14, 42, 75, 4, 0, 0.06%, 8, 0, 9, 326.98
1733740426, 14, 43, 75, 4, 0, 0.06%, 8, 0, 9, 315.33
1733740431, 14, 44, 75, 4, 0, 0.06%, 8, 0, 9, 329.72
1733740436, 14, 45, 75, 4, 0, 0.06%, 8, 0, 9, 306.16
1733740441, 14, 46, 75, 4, 0, 0.06%, 8, 0, 9, 321.38
1733740446, 14, 47, 75, 4, 0, 0.06%, 8, 0, 9, 263.81
1733740456, 14, 48, 75, 4, 0, 0.06%, 8, 0, 9, 341.75
1733740461, 14, 49, 75, 4, 0, 0.06%, 8, 0, 9, 326.18
1733740466, 14, 50, 75, 4, 0, 0.06%, 8, 0, 9, 325.76
1733740471, 14, 51, 75, 4, 0, 0.06%, 8, 0, 9, 329.39
1733740476, 14, 52, 75, 4, 0, 0.06%, 8, 0, 9, 315.75
1733740481, 14, 53, 75, 4, 0, 0.06%, 8, 0, 9, 341.79
1733740486, 14, 56, 75, 4, 0, 0.06%, 8, 0, 9, 365.97
1733740491, 14, 57, 75, 4, 0, 0.06%, 8, 0, 9, 360.31
1733740496, 14, 58, 75, 4, 0, 0.06%, 8, 0, 9, 362.64
1733740501, 14, 59, 75, 4, 0, 0.06%, 8, 0, 9, 358.96
1733740506, 14, 60, 75, 4, 0, 0.06%, 8, 0, 9, 303.19
1733740517, 14, 61, 75, 4, 0, 0.06%, 8, 0, 9, 364.35
1733740522, 14, 66, 75, 4, 0, 0.06%, 8, 0, 9, 338.26
1733740532, 14, 70, 75, 4, 0, 0.06%, 8, 0, 9, 385.25
1733740537, 14, 71, 75, 4, 0, 0.06%, 8, 0, 9, 335.46
1733740547, 14, 73, 75, 4, 0, 0.06%, 8, 0, 9, 381.37
1733740562, 14, 74, 75, 4, 0, 0.06%, 8, 0, 9, 382.31
1733740578, 15, 14, 75, 4, 0, 0.06%, 8, 0, 9, 343.83
1733740583, 15, 26, 75, 4, 0, 0.06%, 8, 0, 9, 365.81
1733740588, 15, 27, 75, 4, 0, 0.06%, 8, 0, 9, 350.75
1733740593, 15, 28, 75, 4, 0, 0.06%, 8, 0, 9, 331.33
1733740598, 15, 29, 75, 4, 0, 0.06%, 8, 0, 9, 331.39
1733740603, 15, 39, 75, 4, 0, 0.06%, 8, 0, 9, 293.38
1733740608, 15, 40, 75, 4, 0, 0.06%, 8, 0, 9, 325.22
1733740613, 15, 42, 75, 4, 0, 0.06%, 8, 0, 9, 356.11
1733740619, 15, 43, 75, 4, 0, 0.06%, 8, 0, 9, 310.58
1733740624, 15, 44, 75, 4, 0, 0.06%, 8, 0, 9, 309.58
1733740629, 15, 45, 75, 4, 0, 0.06%, 8, 0, 9, 309.53
1733740634, 15, 46, 75, 4, 0, 0.06%, 8, 0, 9, 304.33
1733740639, 15, 47, 75, 4, 0, 0.06%, 8, 0, 9, 362.10
1733740654, 15, 48, 75, 4, 0, 0.06%, 8, 0, 9, 342.33
1733740659, 15, 50, 75, 4, 0, 0.06%, 8, 0, 9, 355.46
1733740669, 15, 51, 75, 4, 0, 0.06%, 8, 0, 9, 327.62
1733740674, 15, 53, 75, 4, 0, 0.06%, 8, 0, 9, 328.44
1733740684, 15, 56, 75, 4, 0, 0.06%, 8, 0, 9, 336.02
1733740689, 15, 57, 75, 4, 0, 0.06%, 8, 0, 9, 324.06
1733740694, 15, 59, 75, 4, 0, 0.06%, 8, 0, 9, 339.07
1733740705, 15, 60, 75, 4, 0, 0.06%, 8, 0, 9, 359.78
1733740715, 15, 61, 75, 4, 0, 0.06%, 8, 0, 9, 342.40
1733740720, 15, 66, 75, 4, 0, 0.06%, 8, 0, 9, 297.91
1733740730, 15, 70, 75, 4, 0, 0.06%, 8, 0, 9, 346.66
1733740735, 15, 71, 75, 4, 0, 0.06%, 8, 0, 9, 306.20
1733740745, 15, 73, 75, 4, 0, 0.06%, 8, 0, 9, 367.76
1733740760, 15, 74, 75, 4, 0, 0.06%, 8, 0, 9, 351.81
1733740776, 16, 14, 75, 4, 0, 0.06%, 8, 0, 9, 336.88
1733740781, 16, 26, 75, 4, 0, 0.06%, 8, 0, 9, 347.01
1733740786, 16, 27, 75, 4, 0, 0.06%, 8, 0, 9, 330.97
1733740791, 16, 28, 75, 4, 0, 0.06%, 8, 0, 9, 327.21
1733740796, 16, 29, 76, 5, 0, 0.06%, 8, 0, 9, 337.12
1733740801, 16, 39, 76, 5, 0, 0.06%, 8, 0, 9, 292.75
1733740806, 16, 41, 76, 5, 0, 0.06%, 8, 0, 9, 341.44
1733740811, 16, 42, 76, 5, 0, 0.06%, 8, 0, 9, 348.12
1733740816, 16, 43, 76, 5, 0, 0.06%, 8, 0, 9, 312.30
1733740821, 16, 44, 76, 5, 0, 0.06%, 8, 0, 9, 303.60
1733740826, 16, 45, 76, 5, 0, 0.06%, 8, 0, 9, 311.63
1733740831, 16, 46, 76, 5, 0, 0.06%, 8, 0, 9, 313.93
1733740836, 16, 47, 76, 5, 0, 0.06%, 8, 0, 9, 374.80
1733740852, 16, 49, 76, 5, 0, 0.06%, 8, 0, 9, 337.44
1733740857, 16, 50, 76, 5, 0, 0.06%, 8, 0, 9, 340.15
1733740867, 16, 52, 76, 5, 0, 0.06%, 8, 0, 9, 323.09
1733740872, 16, 53, 76, 5, 0, 0.06%, 8, 0, 9, 321.75
1733740877, 16, 56, 76, 5, 0, 0.06%, 8, 0, 9, 346.78
1733740882, 16, 56, 78, 7, 0, 0.06%, 8, 0, 9, 428.43
1733740887, 16, 57, 78, 7, 0, 0.06%, 8, 0, 9, 389.40
1733740892, 16, 58, 78, 7, 0, 0.06%, 8, 0, 9, 371.01
1733740897, 16, 59, 78, 7, 0, 0.06%, 8, 0, 9, 371.04
1733740902, 16, 60, 78, 7, 0, 0.06%, 8, 0, 9, 308.65
1733740912, 16, 61, 78, 7, 0, 0.06%, 8, 0, 9, 371.55
1733740917, 16, 66, 78, 7, 0, 0.06%, 8, 0, 9, 333.37
1733740928, 16, 70, 78, 7, 0, 0.06%, 8, 0, 9, 388.38
1733740933, 16, 71, 78, 7, 0, 0.06%, 8, 0, 9, 319.01
1733740943, 16, 73, 78, 7, 0, 0.06%, 8, 0, 9, 409.56
1733740958, 16, 74, 78, 7, 0, 0.06%, 8, 0, 9, 433.92
1733740973, 16, 75, 79, 8, 0, 0.06%, 8, 0, 9, 382.19
1733741070, 16, 76, 79, 7, 0, 0.06%, 8, 0, 9, 353.31
1733741166, 16, 77, 79, 6, 0, 0.06%, 8, 0, 9, 308.48
1733741227, 17, 26, 79, 5, 0, 0.06%, 8, 0, 9, 319.92
1733741232, 17, 27, 79, 5, 0, 0.06%, 8, 0, 9, 322.15
1733741237, 17, 44, 79, 5, 0, 0.06%, 8, 0, 9, 336.37
1733741242, 17, 48, 79, 5, 0, 0.06%, 8, 0, 9, 360.30
1733741248, 17, 49, 79, 5, 0, 0.06%, 8, 0, 9, 383.03
1733741253, 17, 50, 79, 5, 0, 0.06%, 8, 0, 9, 344.87
1733741258, 17, 51, 79, 5, 0, 0.06%, 8, 0, 9, 363.39
1733741263, 17, 52, 79, 5, 0, 0.06%, 8, 0, 9, 357.27
1733741268, 17, 53, 79, 5, 0, 0.06%, 8, 0, 9, 363.96
1733741273, 17, 59, 79, 5, 0, 0.06%, 8, 0, 9, 359.40
1733741283, 17, 60, 79, 5, 0, 0.06%, 8, 0, 9, 347.92
1733741288, 17, 61, 79, 5, 0, 0.06%, 8, 0, 9, 346.53
1733741298, 17, 66, 79, 5, 0, 0.06%, 8, 0, 9, 351.33
1733741303, 17, 70, 79, 5, 0, 0.06%, 8, 0, 9, 375.17
1733741314, 17, 71, 79, 5, 0, 0.06%, 8, 0, 9, 335.13
1733741319, 17, 77, 79, 5, 0, 0.06%, 8, 0, 9, 329.45
1733741339, 18, 26, 79, 5, 0, 0.06%, 8, 0, 9, 339.79
1733741344, 18, 28, 79, 5, 0, 0.06%, 8, 0, 9, 341.32
1733741349, 18, 44, 79, 5, 0, 0.06%, 8, 0, 9, 347.45
1733741354, 18, 48, 79, 5, 0, 0.06%, 8, 0, 9, 351.82
1733741359, 18, 49, 79, 5, 0, 0.06%, 8, 0, 9, 358.27
1733741364, 18, 50, 79, 5, 0, 0.06%, 8, 0, 9, 329.37
1733741369, 18, 51, 79, 5, 0, 0.06%, 8, 0, 9, 351.93
1733741374, 18, 52, 79, 5, 0, 0.06%, 8, 0, 9, 361.67
1733741380, 18, 53, 79, 5, 0, 0.06%, 8, 0, 9, 364.00
1733741385, 18, 59, 79, 5, 0, 0.06%, 8, 0, 9, 337.44
1733741395, 18, 60, 79, 5, 0, 0.06%, 8, 0, 9, 343.99
1733741400, 18, 61, 79, 5, 0, 0.06%, 8, 0, 9, 296.91
1733741410, 18, 66, 79, 5, 0, 0.06%, 8, 0, 9, 369.67
1733741415, 18, 70, 79, 5, 0, 0.06%, 8, 0, 9, 331.19
1733741425, 18, 71, 79, 5, 0, 0.06%, 8, 0, 9, 369.19
1733741430, 18, 77, 79, 5, 0, 0.06%, 8, 0, 9, 324.50
1733741450, 19, 26, 79, 5, 0, 0.06%, 8, 0, 9, 331.72
1733741455, 19, 27, 79, 5, 0, 0.06%, 8, 0, 9, 323.50
1733741460, 19, 28, 79, 5, 0, 0.06%, 8, 0, 9, 328.13
1733741465, 19, 44, 79, 5, 0, 0.06%, 8, 0, 9, 309.20
1733741470, 19, 48, 79, 5, 0, 0.06%, 8, 0, 9, 311.53
1733741476, 19, 50, 79, 5, 0, 0.06%, 8, 0, 9, 328.35
1733741486, 19, 51, 79, 5, 0, 0.06%, 8, 0, 9, 326.74
1733741491, 19, 53, 79, 5, 0, 0.06%, 8, 0, 9, 354.27
1733741501, 19, 59, 79, 5, 0, 0.06%, 8, 0, 9, 346.14
1733741506, 19, 60, 79, 5, 0, 0.06%, 8, 0, 9, 381.19
1733741511, 19, 61, 79, 5, 0, 0.06%, 8, 0, 9, 329.28
1733741521, 19, 66, 79, 5, 0, 0.06%, 8, 0, 9, 352.43
1733741531, 19, 70, 79, 5, 0, 0.06%, 8, 0, 9, 354.24
1733741536, 19, 71, 79, 5, 0, 0.06%, 8, 0, 9, 351.36
1733741546, 19, 77, 79, 5, 0, 0.06%, 8, 0, 9, 433.28
1733741562, 20, 26, 79, 5, 0, 0.06%, 8, 0, 9, 312.30
1733741567, 20, 27, 79, 5, 0, 0.06%, 8, 0, 9, 357.97
1733741572, 20, 28, 79, 5, 0, 0.06%, 8, 0, 9, 339.47
1733741577, 20, 44, 79, 5, 0, 0.06%, 8, 0, 9, 341.42
1733741582, 20, 48, 79, 5, 0, 0.06%, 8, 0, 9, 337.56
1733741587, 20, 49, 79, 5, 0, 0.06%, 8, 0, 9, 351.99
1733741592, 20, 50, 79, 5, 0, 0.06%, 8, 0, 9, 348.08
1733741597, 20, 51, 79, 5, 0, 0.06%, 8, 0, 9, 337.59
1733741602, 20, 52, 79, 5, 0, 0.06%, 8, 0, 9, 350.32
1733741607, 20, 53, 79, 5, 0, 0.06%, 8, 0, 9, 335.02
1733741612, 20, 59, 79, 5, 0, 0.06%, 8, 0, 9, 352.58
1733741617, 20, 60, 79, 5, 0, 0.06%, 8, 0, 9, 321.77
1733741628, 20, 61, 79, 5, 0, 0.06%, 8, 0, 9, 357.41
1733741633, 20, 66, 79, 5, 0, 0.06%, 8, 0, 9, 337.42
1733741643, 20, 70, 79, 5, 0, 0.06%, 8, 0, 9, 369.25
1733741648, 20, 71, 79, 5, 0, 0.06%, 8, 0, 9, 336.24
1733741658, 20, 77, 79, 5, 0, 0.06%, 8, 0, 9, 354.71
1733741663, 21, 26, 79, 5, 0, 0.06%, 8, 0, 9, 329.12
1733741668, 21, 27, 79, 5, 0, 0.06%, 8, 0, 9, 318.86
1733741673, 21, 28, 79, 5, 0, 0.06%, 8, 0, 9, 321.81
1733741679, 21, 48, 79, 5, 0, 0.06%, 8, 0, 9, 341.85
1733741684, 21, 49, 79, 5, 0, 0.06%, 8, 0, 9, 367.07
1733741689, 21, 50, 79, 5, 0, 0.06%, 8, 0, 9, 333.90
1733741694, 21, 51, 79, 5, 0, 0.06%, 8, 0, 9, 361.31
1733741699, 21, 52, 79, 5, 0, 0.06%, 8, 0, 9, 356.67
1733741704, 21, 53, 79, 5, 0, 0.06%, 8, 0, 9, 375.19
1733741709, 21, 59, 79, 5, 0, 0.06%, 8, 0, 9, 342.29
1733741719, 21, 60, 79, 5, 0, 0.06%, 8, 0, 9, 355.10
1733741724, 21, 61, 79, 5, 0, 0.06%, 8, 0, 9, 363.67
1733741729, 21, 66, 79, 5, 0, 0.06%, 8, 0, 9, 369.00
1733741739, 21, 70, 79, 5, 0, 0.06%, 8, 0, 9, 398.38
1733741744, 21, 71, 79, 5, 0, 0.06%, 8, 0, 9, 329.90
1733741755, 21, 77, 79, 5, 0, 0.06%, 8, 0, 9, 340.58
1733741760, 22, 26, 79, 5, 0, 0.06%, 8, 0, 9, 366.80
1733741765, 22, 27, 79, 5, 0, 0.06%, 8, 0, 9, 339.00
1733741770, 22, 28, 79, 5, 0, 0.06%, 8, 0, 9, 323.21
1733741775, 22, 44, 79, 5, 0, 0.06%, 8, 0, 9, 339.70
1733741780, 22, 48, 79, 5, 0, 0.06%, 8, 0, 9, 322.28
1733741785, 22, 49, 79, 5, 0, 0.06%, 8, 0, 9, 339.61
1733741790, 22, 50, 79, 5, 0, 0.06%, 8, 0, 9, 349.27
1733741795, 22, 51, 79, 5, 0, 0.06%, 8, 0, 9, 323.40
1733741800, 22, 52, 79, 5, 0, 0.06%, 8, 0, 9, 333.71
1733741805, 22, 53, 79, 5, 0, 0.06%, 8, 0, 9, 340.67
1733741810, 22, 59, 79, 5, 0, 0.06%, 8, 0, 9, 351.25
1733741815, 22, 60, 79, 5, 0, 0.06%, 8, 0, 9, 346.82
1733741826, 22, 61, 79, 5, 0, 0.06%, 8, 0, 9, 344.62
1733741831, 22, 66, 79, 5, 0, 0.06%, 8, 0, 9, 329.47
1733741841, 22, 70, 79, 5, 0, 0.06%, 8, 0, 9, 359.17
1733741846, 22, 71, 79, 5, 0, 0.06%, 8, 0, 9, 335.87
1733741856, 22, 77, 79, 5, 0, 0.06%, 8, 0, 9, 341.29
1733741861, 23, 26, 79, 5, 0, 0.06%, 8, 0, 9, 330.40
1733741866, 23, 27, 79, 5, 0, 0.06%, 8, 0, 9, 323.01
1733741871, 23, 28, 79, 5, 0, 0.06%, 8, 0, 9, 324.69
1733741876, 23, 44, 79, 5, 0, 0.06%, 8, 0, 9, 332.86
1733741881, 23, 48, 79, 5, 0, 0.06%, 8, 0, 9, 310.51
1733741886, 23, 50, 79, 5, 0, 0.06%, 8, 0, 9, 341.21
1733741896, 23, 52, 79, 5, 0, 0.06%, 8, 0, 9, 333.63
1733741901, 23, 53, 79, 5, 0, 0.06%, 8, 0, 9, 320.06
1733741906, 23, 59, 79, 5, 0, 0.06%, 8, 0, 9, 343.18
1733741916, 23, 60, 79, 5, 0, 0.06%, 8, 0, 9, 361.74
1733741922, 23, 61, 79, 5, 0, 0.06%, 8, 0, 9, 320.97
1733741932, 23, 66, 79, 5, 0, 0.06%, 8, 0, 9, 377.28
1733741937, 23, 70, 79, 5, 0, 0.06%, 8, 0, 9, 321.45
1733741947, 23, 71, 79, 5, 0, 0.06%, 8, 0, 9, 362.29
1733741957, 23, 77, 79, 5, 0, 0.06%, 8, 0, 9, 350.12
1733741962, 24, 27, 79, 5, 0, 0.06%, 8, 0, 9, 334.67
1733741967, 24, 28, 79, 5, 0, 0.06%, 8, 0, 9, 375.24
1733741972, 24, 44, 79, 5, 0, 0.06%, 8, 0, 9, 347.38
1733741977, 24, 48, 79, 5, 0, 0.06%, 8, 0, 9, 365.79
1733741982, 24, 49, 79, 5, 0, 0.06%, 8, 0, 9, 350.75
1733741987, 24, 50, 79, 5, 0, 0.06%, 8, 0, 9, 355.44
1733741992, 24, 51, 79, 5, 0, 0.06%, 8, 0, 9, 352.70
1733741998, 24, 52, 79, 5, 0, 0.06%, 8, 0, 9, 338.46
1733742003, 24, 53, 79, 5, 0, 0.06%, 8, 0, 9, 341.11
1733742008, 24, 59, 79, 5, 0, 0.06%, 8, 0, 9, 354.64
1733742013, 24, 60, 79, 5, 0, 0.06%, 8, 0, 9, 312.05
1733742023, 24, 61, 79, 5, 0, 0.06%, 8, 0, 9, 369.31
1733742028, 24, 66, 79, 5, 0, 0.06%, 8, 0, 9, 328.28
1733742038, 24, 70, 79, 5, 0, 0.06%, 8, 0, 9, 385.84
1733742043, 24, 71, 79, 5, 0, 0.06%, 8, 0, 9, 331.57
1733742054, 24, 77, 79, 5, 0, 0.06%, 8, 0, 9, 376.38
1733742059, 25, 26, 79, 5, 0, 0.06%, 8, 0, 9, 366.40
1733742064, 25, 27, 79, 5, 0, 0.06%, 8, 0, 9, 323.00
1733742069, 25, 28, 79, 5, 0, 0.06%, 8, 0, 9, 323.01
1733742074, 25, 44, 79, 5, 0, 0.06%, 8, 0, 9, 323.78
1733742079, 25, 48, 79, 5, 0, 0.06%, 8, 0, 9, 325.86
1733742084, 25, 49, 79, 5, 0, 0.06%, 8, 0, 9, 317.76
1733742089, 25, 50, 79, 5, 0, 0.06%, 8, 0, 9, 337.83
1733742094, 25, 51, 79, 5, 0, 0.06%, 8, 0, 9, 343.58
1733742099, 25, 52, 79, 5, 0, 0.06%, 8, 0, 9, 319.76
1733742104, 25, 53, 79, 5, 0, 0.06%, 8, 0, 9, 316.13
1733742109, 25, 59, 79, 5, 0, 0.06%, 8, 0, 9, 350.53
1733742114, 25, 60, 79, 5, 0, 0.06%, 8, 0, 9, 358.26
1733742125, 25, 61, 79, 5, 0, 0.06%, 8, 0, 9, 358.08
1733742130, 25, 66, 79, 5, 0, 0.06%, 8, 0, 9, 362.37
1733742140, 25, 70, 79, 5, 0, 0.06%, 8, 0, 9, 348.20
1733742145, 25, 71, 79, 5, 0, 0.06%, 8, 0, 9, 360.34
1733742155, 25, 77, 79, 5, 0, 0.06%, 8, 0, 9, 333.05
1733742160, 26, 26, 79, 5, 0, 0.06%, 8, 0, 9, 332.85
1733742165, 26, 28, 79, 5, 0, 0.06%, 8, 0, 9, 302.55
1733742170, 26, 44, 79, 5, 0, 0.06%, 8, 0, 9, 319.20
1733742175, 26, 48, 79, 5, 0, 0.06%, 8, 0, 9, 380.44
1733742180, 26, 49, 79, 5, 0, 0.06%, 8, 0, 9, 361.06
1733742186, 26, 50, 79, 5, 0, 0.06%, 8, 0, 9, 352.78
1733742191, 26, 51, 79, 5, 0, 0.06%, 8, 0, 9, 364.00
1733742196, 26, 52, 79, 5, 0, 0.06%, 8, 0, 9, 370.03
1733742201, 26, 53, 79, 5, 0, 0.06%, 8, 0, 9, 354.60
1733742206, 26, 59, 79, 5, 0, 0.06%, 8, 0, 9, 369.41
1733742216, 26, 60, 79, 5, 0, 0.06%, 8, 0, 9, 338.30
1733742221, 26, 61, 79, 5, 0, 0.06%, 8, 0, 9, 345.92
1733742231, 26, 66, 79, 5, 0, 0.06%, 8, 0, 9, 343.95
1733742236, 26, 70, 79, 5, 0, 0.06%, 8, 0, 9, 372.45
1733742246, 26, 71, 79, 5, 0, 0.06%, 8, 0, 9, 332.66
1733742251, 26, 77, 79, 5, 0, 0.06%, 8, 0, 9, 355.55
1733742256, 27, 26, 79, 5, 0, 0.06%, 8, 0, 9, 372.37
1733742262, 27, 27, 79, 5, 0, 0.06%, 8, 0, 9, 337.35
1733742267, 27, 28, 79, 5, 0, 0.06%, 8, 0, 9, 352.16
1733742272, 27, 44, 79, 5, 0, 0.06%, 8, 0, 9, 375.01
1733742277, 27, 48, 79, 5, 0, 0.06%, 8, 0, 9, 339.21
1733742282, 27, 50, 79, 5, 0, 0.06%, 8, 0, 9, 358.61
1733742292, 27, 51, 79, 5, 0, 0.06%, 8, 0, 9, 313.24
1733742297, 27, 53, 79, 5, 0, 0.06%, 8, 0, 9, 336.38
1733742307, 27, 59, 79, 5, 0, 0.06%, 8, 0, 9, 340.49
1733742312, 27, 60, 79, 5, 0, 0.06%, 8, 0, 9, 372.71
1733742317, 27, 61, 79, 5, 0, 0.06%, 8, 0, 9, 309.35
1733742328, 27, 66, 79, 5, 0, 0.06%, 8, 0, 9, 349.96
1733742338, 27, 70, 79, 5, 0, 0.06%, 8, 0, 9, 348.20
1733742343, 27, 71, 79, 5, 0, 0.06%, 8, 0, 9, 370.55
1733742353, 27, 77, 79, 5, 0, 0.06%, 8, 0, 9, 358.62
1733742358, 28, 27, 79, 5, 0, 0.06%, 8, 0, 9, 368.27
1733742363, 28, 28, 79, 5, 0, 0.06%, 8, 0, 9, 374.86
1733742368, 28, 44, 79, 5, 0, 0.06%, 8, 0, 9, 364.01
1733742373, 28, 48, 79, 5, 0, 0.06%, 8, 0, 9, 349.64
1733742378, 28, 49, 79, 5, 0, 0.06%, 8, 0, 9, 349.13
1733742383, 28, 50, 79, 5, 0, 0.06%, 8, 0, 9, 358.52
1733742388, 28, 51, 79, 5, 0, 0.06%, 8, 0, 9, 337.14
1733742393, 28, 52, 79, 5, 0, 0.06%, 8, 0, 9, 343.29
1733742398, 28, 53, 79, 5, 0, 0.06%, 8, 0, 9, 351.12
1733742403, 28, 59, 79, 5, 0, 0.06%, 8, 0, 9, 365.79
1733742409, 28, 60, 79, 5, 0, 0.06%, 8, 0, 9, 326.12
1733742419, 28, 61, 79, 5, 0, 0.06%, 8, 0, 9, 369.63
1733742429, 28, 66, 79, 5, 0, 0.06%, 8, 0, 9, 342.06
1733742434, 28, 70, 79, 5, 0, 0.06%, 8, 0, 9, 352.25
1733742444, 28, 71, 79, 5, 0, 0.06%, 8, 0, 9, 335.07
1733742449, 28, 77, 79, 5, 0, 0.06%, 8, 0, 9, 323.34
1733742454, 29, 26, 79, 5, 0, 0.06%, 8, 0, 9, 373.33
1733742459, 29, 27, 79, 5, 0, 0.06%, 8, 0, 9, 353.72
1733742464, 29, 28, 79, 5, 0, 0.06%, 8, 0, 9, 352.79
1733742470, 29, 44, 79, 5, 0, 0.06%, 8, 0, 9, 343.49
1733742475, 29, 48, 79, 5, 0, 0.06%, 8, 0, 9, 330.95
1733742480, 29, 49, 79, 5, 0, 0.06%, 8, 0, 9, 329.50
1733742485, 29, 50, 79, 5, 0, 0.06%, 8, 0, 9, 350.35
1733742490, 29, 51, 79, 5, 0, 0.06%, 8, 0, 9, 340.73
1733742495, 29, 53, 79, 5, 0, 0.06%, 8, 0, 9, 322.09
1733742505, 29, 59, 79, 5, 0, 0.06%, 8, 0, 9, 345.06
1733742510, 29, 60, 79, 5, 0, 0.06%, 8, 0, 9, 366.48
1733742515, 29, 61, 79, 5, 0, 0.06%, 8, 0, 9, 352.08
1733742525, 29, 66, 79, 5, 0, 0.06%, 8, 0, 9, 387.36
1733742530, 29, 70, 79, 5, 0, 0.06%, 8, 0, 9, 313.49
1733742540, 29, 71, 79, 5, 0, 0.06%, 8, 0, 9, 357.81
1733742551, 29, 77, 79, 5, 0, 0.06%, 8, 0, 9, 336.13
1733742556, 30, 27, 79, 5, 0, 0.06%, 8, 0, 9, 350.63
1733742561, 30, 28, 79, 5, 0, 0.06%, 8, 0, 9, 348.28
1733742566, 30, 44, 79, 5, 0, 0.06%, 8, 0, 9, 330.00
1733742571, 30, 48, 79, 5, 0, 0.06%, 8, 0, 9, 364.76
1733742576, 30, 49, 79, 5, 0, 0.06%, 8, 0, 9, 355.03
1733742581, 30, 50, 79, 5, 0, 0.06%, 8, 0, 9, 358.01
1733742586, 30, 51, 79, 5, 0, 0.06%, 8, 0, 9, 362.18
1733742591, 30, 52, 79, 5, 0, 0.06%, 8, 0, 9, 341.34
1733742596, 30, 53, 79, 5, 0, 0.06%, 8, 0, 9, 353.00
1733742601, 30, 59, 79, 5, 0, 0.06%, 8, 0, 9, 363.86
1733742611, 30, 60, 79, 5, 0, 0.06%, 8, 0, 9, 340.83
1733742616, 30, 61, 79, 5, 0, 0.06%, 8, 0, 9, 320.25
1733742621, 30, 66, 79, 5, 0, 0.06%, 8, 0, 9, 350.62
1733742632, 30, 70, 79, 5, 0, 0.06%, 8, 0, 9, 354.37
1733742642, 30, 71, 79, 5, 0, 0.06%, 8, 0, 9, 335.61
1733742647, 30, 77, 79, 5, 0, 0.06%, 8, 0, 9, 280.16
1733742652, 31, 26, 79, 5, 0, 0.06%, 8, 0, 9, 340.68
1733742657, 31, 27, 79, 5, 0, 0.06%, 8, 0, 9, 358.55
1733742662, 31, 28, 79, 5, 0, 0.06%, 8, 0, 9, 353.41
1733742667, 31, 44, 79, 5, 0, 0.06%, 8, 0, 9, 347.50
1733742672, 31, 48, 79, 5, 0, 0.06%, 8, 0, 9, 363.73
1733742677, 31, 49, 79, 5, 0, 0.06%, 8, 0, 9, 340.90
1733742682, 31, 50, 79, 5, 0, 0.06%, 8, 0, 9, 338.59
1733742687, 31, 51, 79, 5, 0, 0.06%, 8, 0, 9, 340.99
1733742692, 31, 52, 79, 5, 0, 0.06%, 8, 0, 9, 337.93
1733742697, 31, 53, 79, 5, 0, 0.06%, 8, 0, 9, 337.86
1733742703, 31, 59, 79, 5, 0, 0.06%, 8, 0, 9, 349.53
1733742708, 31, 60, 79, 5, 0, 0.06%, 8, 0, 9, 324.83
1733742718, 31, 61, 79, 5, 0, 0.06%, 8, 0, 9, 354.30
1733742723, 31, 66, 79, 5, 0, 0.06%, 8, 0, 9, 305.41
1733742733, 31, 70, 79, 5, 0, 0.06%, 8, 0, 9, 371.39
1733742738, 31, 71, 79, 5, 0, 0.06%, 8, 0, 9, 349.82
1733742748, 31, 77, 79, 5, 0, 0.06%, 8, 0, 9, 346.06
1733742754, 32, 26, 79, 5, 0, 0.06%, 8, 0, 9, 340.57
1733742759, 32, 27, 79, 5, 0, 0.06%, 8, 0, 9, 333.19
1733742764, 32, 44, 79, 5, 0, 0.06%, 8, 0, 9, 325.44
1733742774, 32, 49, 79, 5, 0, 0.06%, 8, 0, 9, 322.91
1733742779, 32, 50, 79, 5, 0, 0.06%, 8, 0, 9, 316.41
1733742789, 32, 52, 79, 5, 0, 0.06%, 8, 0, 9, 338.11
1733742794, 32, 53, 79, 5, 0, 0.06%, 8, 0, 9, 335.84
1733742799, 32, 59, 79, 5, 0, 0.06%, 8, 0, 9, 313.75
1733742809, 32, 60, 79, 5, 0, 0.06%, 8, 0, 9, 345.96
1733742814, 32, 61, 79, 5, 0, 0.06%, 8, 0, 9, 303.60
1733742824, 32, 66, 79, 5, 0, 0.06%, 8, 0, 9, 379.81
1733742830, 32, 70, 79, 5, 0, 0.06%, 8, 0, 9, 334.22
1733742840, 32, 71, 79, 5, 0, 0.06%, 8, 0, 9, 368.56
1733742850, 32, 77, 79, 5, 0, 0.06%, 8, 0, 9, 341.84
1733742855, 33, 27, 79, 5, 0, 0.06%, 8, 0, 9, 327.80
1733742860, 33, 28, 79, 5, 0, 0.06%, 8, 0, 9, 383.57
1733742865, 33, 44, 79, 5, 0, 0.06%, 8, 0, 9, 345.14
1733742870, 33, 48, 79, 5, 0, 0.06%, 8, 0, 9, 358.70
1733742875, 33, 49, 79, 5, 0, 0.06%, 8, 0, 9, 342.40
1733742880, 33, 50, 79, 5, 0, 0.06%, 8, 0, 9, 337.12
1733742885, 33, 51, 79, 5, 0, 0.06%, 8, 0, 9, 353.59
1733742891, 33, 52, 79, 5, 0, 0.06%, 8, 0, 9, 343.55
1733742896, 33, 53, 79, 5, 0, 0.06%, 8, 0, 9, 358.54
1733742901, 33, 59, 79, 5, 0, 0.06%, 8, 0, 9, 363.20
1733742906, 33, 60, 79, 5, 0, 0.06%, 8, 0, 9, 334.75
1733742916, 33, 61, 79, 5, 0, 0.06%, 8, 0, 9, 353.29
1733742926, 33, 66, 79, 5, 0, 0.06%, 8, 0, 9, 362.35
1733742931, 33, 70, 79, 5, 0, 0.06%, 8, 0, 9, 362.27
1733742941, 33, 71, 79, 5, 0, 0.06%, 8, 0, 9, 358.50
1733742946, 33, 77, 79, 5, 0, 0.06%, 8, 0, 9, 369.72
1733742951, 34, 26, 79, 5, 0, 0.06%, 8, 0, 9, 359.75
1733742956, 34, 27, 79, 5, 0, 0.06%, 8, 0, 9, 346.11
1733742961, 34, 28, 79, 5, 0, 0.06%, 8, 0, 9, 345.51
1733742966, 34, 44, 79, 5, 0, 0.06%, 8, 0, 9, 346.61
1733742972, 34, 48, 79, 5, 0, 0.06%, 8, 0, 9, 331.81
1733742977, 34, 49, 79, 5, 0, 0.06%, 8, 0, 9, 331.98
1733742982, 34, 50, 79, 5, 0, 0.06%, 8, 0, 9, 340.87
1733742987, 34, 51, 79, 5, 0, 0.06%, 8, 0, 9, 325.78
1733742992, 34, 52, 79, 5, 0, 0.06%, 8, 0, 9, 332.46
1733742997, 34, 53, 79, 5, 0, 0.06%, 8, 0, 9, 341.14
1733743002, 34, 59, 79, 5, 0, 0.06%, 8, 0, 9, 359.42
1733743007, 34, 60, 79, 5, 0, 0.06%, 8, 0, 9, 307.83
1733743017, 34, 61, 79, 5, 0, 0.06%, 8, 0, 9, 355.32
1733743022, 34, 66, 79, 5, 0, 0.06%, 8, 0, 9, 296.99
1733743032, 34, 70, 79, 5, 0, 0.06%, 8, 0, 9, 358.81
1733743037, 34, 71, 79, 5, 0, 0.06%, 8, 0, 9, 297.43
1733743047, 34, 77, 79, 5, 0, 0.06%, 8, 0, 9, 358.48
1733743052, 35, 26, 79, 5, 0, 0.06%, 8, 0, 9, 357.43
1733743058, 35, 27, 79, 5, 0, 0.06%, 8, 0, 9, 321.08
1733743063, 35, 28, 79, 5, 0, 0.06%, 8, 0, 9, 330.57
1733743068, 35, 44, 79, 5, 0, 0.06%, 8, 0, 9, 338.37
1733743073, 35, 49, 79, 5, 0, 0.06%, 8, 0, 9, 322.13
1733743078, 35, 50, 79, 5, 0, 0.06%, 8, 0, 9, 333.10
1733743088, 35, 51, 79, 5, 0, 0.06%, 8, 0, 9, 316.42
1733743093, 35, 52, 79, 5, 0, 0.06%, 8, 0, 9, 306.36
1733743098, 35, 53, 79, 5, 0, 0.06%, 8, 0, 9, 318.65
1733743103, 35, 59, 79, 5, 0, 0.06%, 8, 0, 9, 350.42
1733743108, 35, 60, 79, 5, 0, 0.06%, 8, 0, 9, 338.98
1733743118, 35, 61, 79, 5, 0, 0.06%, 8, 0, 9, 334.54
1733743123, 35, 66, 79, 5, 0, 0.06%, 8, 0, 9, 355.85
1733743134, 35, 70, 79, 5, 0, 0.06%, 8, 0, 9, 363.26
1733743139, 35, 71, 79, 5, 0, 0.06%, 8, 0, 9, 302.08
1733743149, 35, 77, 79, 5, 0, 0.06%, 8, 0, 9, 347.64
1733743154, 36, 26, 79, 5, 0, 0.06%, 8, 0, 9, 329.50
1733743159, 36, 27, 79, 5, 0, 0.06%, 8, 0, 9, 321.85
1733743164, 36, 28, 79, 5, 0, 0.06%, 8, 0, 9, 332.88
1733743169, 36, 44, 79, 5, 0, 0.06%, 8, 0, 9, 328.85
1733743174, 36, 45, 79, 5, 0, 0.06%, 8, 0, 9, 312.67
1733743179, 36, 46, 79, 5, 0, 0.06%, 8, 0, 9, 312.89
1733743184, 36, 47, 79, 5, 0, 0.06%, 8, 0, 9, 268.89
1733743194, 36, 48, 79, 5, 0, 0.06%, 8, 0, 9, 348.56
1733743199, 36, 49, 79, 5, 0, 0.06%, 8, 0, 9, 337.75
1733743205, 36, 50, 79, 5, 0, 0.06%, 8, 0, 9, 339.11
1733743210, 36, 51, 79, 5, 0, 0.06%, 8, 0, 9, 330.60
1733743215, 36, 52, 79, 5, 0, 0.06%, 8, 0, 9, 332.59
1733743220, 36, 53, 79, 5, 0, 0.06%, 8, 0, 9, 339.79
1733743225, 36, 54, 79, 5, 0, 0.06%, 8, 0, 9, 353.24
1733743230, 36, 55, 79, 5, 0, 0.06%, 8, 0, 9, 289.48
1733743240, 36, 56, 79, 5, 0, 0.06%, 8, 0, 9, 344.02
1733743245, 36, 58, 79, 5, 0, 0.06%, 8, 0, 9, 339.57
1733743251, 36, 59, 79, 5, 0, 0.06%, 8, 0, 9, 325.17
1733743261, 36, 60, 79, 5, 0, 0.06%, 8, 0, 9, 353.35
1733743271, 36, 61, 79, 5, 0, 0.06%, 8, 0, 9, 349.38
1733743276, 36, 62, 79, 5, 0, 0.06%, 8, 0, 9, 351.67
1733743281, 36, 63, 79, 5, 0, 0.06%, 8, 0, 9, 332.32
1733743291, 36, 64, 79, 5, 0, 0.06%, 8, 0, 9, 300.45
1733743545, 36, 65, 79, 5, 0, 0.06%, 8, 0, 9, 282.99
1733743794, 36, 66, 79, 5, 0, 0.06%, 8, 0, 9, 369.64
1733743804, 36, 67, 79, 5, 0, 0.06%, 8, 0, 9, 356.37
1733743809, 36, 68, 79, 5, 0, 0.06%, 8, 0, 9, 358.33
1733743814, 36, 69, 79, 5, 0, 0.06%, 8, 0, 9, 328.53
1733743819, 36, 70, 79, 5, 0, 0.06%, 8, 0, 9, 346.58
1733743830, 36, 71, 79, 5, 0, 0.06%, 8, 0, 9, 352.61
1733743835, 36, 72, 79, 5, 0, 0.06%, 8, 0, 9, 317.10
1733743896, 36, 73, 79, 5, 0, 0.06%, 8, 0, 9, 399.97
1733743911, 36, 74, 79, 5, 0, 0.06%, 8, 0, 9, 420.49
1733743927, 36, 75, 79, 5, 0, 0.06%, 8, 0, 9, 360.06
1733743947, 36, 76, 79, 5, 0, 0.06%, 8, 0, 9, 403.29
1733743962, 36, 77, 79, 5, 0, 0.06%, 8, 0, 9, 314.84
1733743967, 36, 78, 79, 5, 0, 0.06%, 8, 0, 9, 349.22
1733744069, 37, 13, 79, 4, 0, 0.06%, 8, 0, 9, 324.82
1733744074, 37, 15, 79, 4, 0, 0.06%, 8, 0, 9, 330.93
1733744079, 37, 17, 79, 4, 0, 0.06%, 8, 0, 9, 298.72
1733744105, 37, 18, 79, 3, 0, 0.06%, 8, 0, 9, 397.01
1733744130, 37, 19, 79, 2, 0, 0.06%, 8, 0, 9, 284.56
1733744135, 37, 20, 79, 2, 0, 0.06%, 8, 0, 9, 322.35
1733744140, 37, 21, 79, 2, 0, 0.06%, 8, 0, 9, 379.96
1733744155, 37, 22, 79, 1, 0, 0.06%, 8, 0, 9, 304.15
1733744161, 37, 23, 79, 1, 0, 0.06%, 8, 0, 9, 273.63
1733744166, 37, 25, 79, 1, 0, 0.06%, 8, 0, 9, 315.56
1733744171, 37, 26, 79, 1, 0, 0.06%, 8, 0, 9, 342.01
1733744176, 37, 27, 79, 1, 0, 0.06%, 8, 0, 9, 334.27
1733744181, 37, 28, 79, 1, 0, 0.06%, 8, 0, 9, 329.68
1733744186, 37, 29, 79, 1, 0, 0.06%, 8, 0, 9, 327.14
1733744191, 37, 31, 79, 1, 0, 0.06%, 8, 0, 9, 321.91
1733744201, 37, 32, 79, 1, 0, 0.06%, 8, 0, 9, 315.22
1733744207, 37, 33, 79, 1, 0, 0.06%, 8, 0, 9, 320.50
1733744212, 37, 34, 79, 1, 0, 0.06%, 8, 0, 9, 317.95
1733744217, 37, 35, 79, 1, 0, 0.06%, 8, 0, 9, 316.74
1733744222, 37, 36, 79, 1, 0, 0.06%, 8, 0, 9, 272.88
1733744227, 37, 37, 79, 1, 0, 0.06%, 8, 0, 9, 287.08
1733744232, 37, 38, 79, 1, 0, 0.06%, 8, 0, 9, 279.50
1733744237, 37, 39, 79, 1, 0, 0.06%, 8, 0, 9, 277.25
1733744242, 37, 40, 79, 1, 0, 0.06%, 8, 0, 9, 332.84
1733744247, 37, 41, 79, 1, 0, 0.06%, 8, 0, 9, 333.12
1733744252, 37, 42, 79, 1, 0, 0.06%, 8, 0, 9, 327.94
1733744257, 37, 43, 79, 1, 0, 0.06%, 8, 0, 9, 312.29
1733744262, 37, 44, 79, 1, 0, 0.06%, 8, 0, 9, 329.47
1733744267, 37, 45, 79, 1, 0, 0.06%, 8, 0, 9, 297.86
1733744273, 37, 46, 79, 1, 0, 0.06%, 8, 0, 9, 312.14
1733744278, 37, 47, 79, 1, 0, 0.06%, 8, 0, 9, 299.96
1733744288, 37, 48, 79, 1, 0, 0.06%, 8, 0, 9, 361.22
1733744293, 37, 49, 79, 1, 0, 0.06%, 8, 0, 9, 337.52
1733744298, 37, 50, 79, 1, 0, 0.06%, 8, 0, 9, 331.65
1733744303, 37, 51, 79, 1, 0, 0.06%, 8, 0, 9, 344.51
1733744308, 37, 52, 79, 1, 0, 0.06%, 8, 0, 9, 349.90
1733744313, 37, 53, 79, 1, 0, 0.06%, 8, 0, 9, 351.72
1733744318, 37, 54, 79, 1, 0, 0.06%, 8, 0, 9, 298.20
1733744323, 37, 55, 79, 1, 0, 0.06%, 8, 0, 9, 347.58
1733744333, 37, 56, 79, 1, 0, 0.06%, 8, 0, 9, 367.80
1733744338, 37, 57, 79, 1, 0, 0.06%, 8, 0, 9, 355.75
1733744343, 37, 58, 79, 1, 0, 0.06%, 8, 0, 9, 332.64
1733744348, 37, 59, 79, 1, 0, 0.06%, 8, 0, 9, 353.90
1733744354, 37, 60, 79, 1, 0, 0.06%, 8, 0, 9, 332.00
1733744364, 37, 61, 79, 1, 0, 0.06%, 8, 0, 9, 358.43
1733744369, 37, 62, 79, 1, 0, 0.06%, 8, 0, 9, 359.63
1733744374, 37, 63, 79, 1, 0, 0.06%, 8, 0, 9, 327.50
1733744379, 37, 64, 79, 1, 0, 0.06%, 8, 0, 9, 353.54
1733744389, 37, 65, 79, 1, 0, 0.06%, 8, 0, 9, 280.34
1733744638, 37, 66, 79, 1, 0, 0.06%, 8, 0, 9, 291.27
1733744648, 37, 67, 79, 1, 0, 0.06%, 8, 0, 9, 360.09
1733744653, 37, 68, 79, 1, 0, 0.06%, 8, 0, 9, 309.35
1733744658, 37, 69, 79, 1, 0, 0.06%, 8, 0, 9, 330.80
1733744668, 37, 70, 79, 1, 0, 0.06%, 8, 0, 9, 359.03
1733744673, 37, 71, 79, 1, 0, 0.06%, 8, 0, 9, 337.01
1733744683, 37, 72, 79, 1, 0, 0.06%, 8, 0, 9, 340.71
1733744688, 37, 73, 79, 1, 0, 0.06%, 8, 0, 9, 393.43
1733744704, 37, 74, 79, 1, 0, 0.06%, 8, 0, 9, 391.90
1733744719, 37, 75, 79, 1, 0, 0.06%, 8, 0, 9, 407.61
1733744734, 37, 76, 79, 1, 0, 0.06%, 8, 0, 9, 352.99
1733744754, 37, 77, 79, 1, 0, 0.06%, 8, 0, 9, 379.02
1733744759, 37, 78, 79, 1, 0, 0.06%, 8, 0, 9, 361.65
1733744779, 38, 15, 79, 1, 0, 0.06%, 8, 0, 9, 330.87
1733744785, 38, 19, 79, 1, 0, 0.06%, 8, 0, 9, 291.77
1733744790, 38, 20, 79, 1, 0, 0.06%, 8, 0, 9, 320.93
1733744795, 38, 22, 79, 1, 0, 0.06%, 8, 0, 9, 285.65
1733744800, 38, 23, 79, 1, 0, 0.06%, 8, 0, 9, 263.49
1733744805, 38, 25, 79, 1, 0, 0.06%, 8, 0, 9, 304.76
1733744810, 38, 26, 79, 1, 0, 0.06%, 8, 0, 9, 327.17
1733744815, 38, 27, 79, 1, 0, 0.06%, 8, 0, 9, 330.61
1733744820, 38, 29, 79, 1, 0, 0.06%, 8, 0, 9, 332.57
1733744825, 38, 30, 79, 1, 0, 0.06%, 8, 0, 9, 339.83
1733744830, 38, 31, 79, 1, 0, 0.06%, 8, 0, 9, 345.98
1733744835, 38, 32, 79, 1, 0, 0.06%, 8, 0, 9, 323.09
1733744840, 38, 33, 79, 1, 0, 0.06%, 8, 0, 9, 320.92
1733744845, 38, 34, 79, 1, 0, 0.06%, 8, 0, 9, 313.49
1733744850, 38, 35, 79, 1, 0, 0.06%, 8, 0, 9, 289.57
1733744855, 38, 36, 79, 1, 0, 0.06%, 8, 0, 9, 272.18
1733744861, 38, 37, 79, 1, 0, 0.06%, 8, 0, 9, 306.08
1733744866, 38, 38, 79, 1, 0, 0.06%, 8, 0, 9, 292.08
1733744871, 38, 39, 79, 1, 0, 0.06%, 8, 0, 9, 294.99
1733744876, 38, 40, 79, 1, 0, 0.06%, 8, 0, 9, 312.60
1733744881, 38, 41, 79, 1, 0, 0.06%, 8, 0, 9, 337.03
1733744886, 38, 43, 79, 1, 0, 0.06%, 8, 0, 9, 341.08
1733744891, 38, 44, 79, 1, 0, 0.06%, 8, 0, 9, 312.52
1733744896, 38, 45, 79, 1, 0, 0.06%, 8, 0, 9, 303.43
1733744906, 38, 47, 79, 1, 0, 0.06%, 8, 0, 9, 366.94
1733744921, 38, 48, 79, 1, 0, 0.06%, 8, 0, 9, 344.69
1733744926, 38, 50, 79, 1, 0, 0.06%, 8, 0, 9, 360.28
1733744937, 38, 51, 79, 1, 0, 0.06%, 8, 0, 9, 323.38
1733744942, 38, 53, 79, 1, 0, 0.06%, 8, 0, 9, 341.33
1733744952, 38, 54, 79, 1, 0, 0.06%, 8, 0, 9, 355.25
1733744957, 38, 55, 79, 1, 0, 0.06%, 8, 0, 9, 362.64
1733744962, 38, 56, 79, 1, 0, 0.06%, 8, 0, 9, 321.99
1733744967, 38, 57, 79, 1, 0, 0.06%, 8, 0, 9, 361.49
1733744972, 38, 58, 79, 1, 0, 0.06%, 8, 0, 9, 358.86
1733744977, 38, 59, 79, 1, 0, 0.06%, 8, 0, 9, 359.43
1733744988, 38, 60, 79, 1, 0, 0.06%, 8, 0, 9, 325.18
1733744993, 38, 61, 79, 1, 0, 0.06%, 8, 0, 9, 324.15
1733745003, 38, 62, 79, 1, 0, 0.06%, 8, 0, 9, 327.69
1733745008, 38, 63, 79, 1, 0, 0.06%, 8, 0, 9, 310.15
1733745013, 38, 64, 79, 1, 0, 0.06%, 8, 0, 9, 310.42
1733745018, 38, 65, 79, 1, 0, 0.06%, 8, 0, 9, 364.03
1733745028, 38, 66, 79, 1, 0, 0.06%, 8, 0, 9, 380.72
1733745033, 38, 67, 79, 1, 0, 0.06%, 8, 0, 9, 357.91
1733745044, 38, 68, 79, 1, 0, 0.06%, 8, 0, 9, 352.46
1733745049, 38, 69, 79, 1, 0, 0.06%, 8, 0, 9, 317.38
1733745054, 38, 70, 79, 1, 0, 0.06%, 8, 0, 9, 320.75
1733745064, 38, 71, 79, 1, 0, 0.06%, 8, 0, 9, 363.32
1733745074, 38, 72, 79, 1, 0, 0.06%, 8, 0, 9, 309.11
1733745079, 38, 73, 79, 1, 0, 0.06%, 8, 0, 9, 328.78
1733745094, 38, 74, 79, 1, 0, 0.06%, 8, 0, 9, 338.56
1733745110, 38, 75, 79, 1, 0, 0.06%, 8, 0, 9, 420.45
1733745125, 38, 76, 79, 1, 0, 0.06%, 8, 0, 9, 372.53
1733745140, 38, 77, 79, 1, 0, 0.06%, 8, 0, 9, 310.37
1733745145, 38, 78, 79, 1, 0, 0.06%, 8, 0, 9, 347.15
1733745166, 39, 14, 79, 1, 0, 0.06%, 8, 0, 9, 325.76
1733745171, 39, 19, 79, 1, 0, 0.06%, 8, 0, 9, 307.12
1733745176, 39, 20, 79, 1, 0, 0.06%, 8, 0, 9, 285.96
1733745181, 39, 22, 79, 1, 0, 0.06%, 8, 0, 9, 308.05
1733745186, 39, 23, 79, 1, 0, 0.06%, 8, 0, 9, 289.75
1733745191, 39, 25, 79, 1, 0, 0.06%, 8, 0, 9, 314.73
1733745196, 39, 26, 79, 1, 0, 0.06%, 8, 0, 9, 330.12
1733745201, 39, 27, 79, 1, 0, 0.06%, 8, 0, 9, 331.00
1733745206, 39, 28, 79, 1, 0, 0.06%, 8, 0, 9, 344.10
1733745212, 39, 29, 79, 1, 0, 0.06%, 8, 0, 9, 325.48
1733745217, 39, 30, 79, 1, 0, 0.06%, 8, 0, 9, 301.35
1733745222, 39, 32, 79, 1, 0, 0.06%, 8, 0, 9, 314.10
1733745227, 39, 33, 79, 1, 0, 0.06%, 8, 0, 9, 346.65
1733745232, 39, 34, 79, 1, 0, 0.06%, 8, 0, 9, 333.17
1733745237, 39, 35, 79, 1, 0, 0.06%, 8, 0, 9, 345.91
1733745242, 39, 36, 79, 1, 0, 0.06%, 8, 0, 9, 297.78
1733745247, 39, 37, 79, 1, 0, 0.06%, 8, 0, 9, 309.60
1733745252, 39, 38, 79, 1, 0, 0.06%, 8, 0, 9, 279.30
1733745257, 39, 39, 79, 1, 0, 0.06%, 8, 0, 9, 281.59
1733745262, 39, 40, 79, 1, 0, 0.06%, 8, 0, 9, 308.06
1733745267, 39, 41, 79, 1, 0, 0.06%, 8, 0, 9, 340.80
1733745272, 39, 42, 79, 1, 0, 0.06%, 8, 0, 9, 331.89
1733745277, 39, 43, 79, 1, 0, 0.06%, 8, 0, 9, 305.30
1733745282, 39, 44, 79, 1, 0, 0.06%, 8, 0, 9, 328.03
1733745288, 39, 45, 79, 1, 0, 0.06%, 8, 0, 9, 297.15
1733745293, 39, 46, 79, 1, 0, 0.06%, 8, 0, 9, 318.91
1733745298, 39, 47, 79, 1, 0, 0.06%, 8, 0, 9, 305.32
1733745308, 39, 48, 79, 1, 0, 0.06%, 8, 0, 9, 381.85
1733745313, 39, 49, 79, 1, 0, 0.06%, 8, 0, 9, 339.21
1733745318, 39, 50, 79, 1, 0, 0.06%, 8, 0, 9, 339.14
1733745323, 39, 51, 79, 1, 0, 0.06%, 8, 0, 9, 355.51
1733745328, 39, 52, 79, 1, 0, 0.06%, 8, 0, 9, 350.02
1733745333, 39, 53, 79, 1, 0, 0.06%, 8, 0, 9, 352.77
1733745338, 39, 54, 79, 1, 0, 0.06%, 8, 0, 9, 344.61
1733745343, 39, 55, 79, 1, 0, 0.06%, 8, 0, 9, 359.36
1733745354, 39, 56, 79, 1, 0, 0.06%, 8, 0, 9, 349.21
1733745359, 39, 57, 79, 1, 0, 0.06%, 8, 0, 9, 348.33
1733745364, 39, 58, 79, 1, 0, 0.06%, 8, 0, 9, 339.46
1733745369, 39, 59, 79, 1, 0, 0.06%, 8, 0, 9, 357.91
1733745374, 39, 60, 79, 1, 0, 0.06%, 8, 0, 9, 370.07
1733745384, 39, 61, 79, 1, 0, 0.06%, 8, 0, 9, 341.43
1733745389, 39, 62, 79, 1, 0, 0.06%, 8, 0, 9, 356.17
1733745394, 39, 63, 79, 1, 0, 0.06%, 8, 0, 9, 361.54
1733745399, 39, 64, 79, 1, 0, 0.06%, 8, 0, 9, 306.03
1733745409, 39, 65, 79, 1, 0, 0.06%, 8, 0, 9, 358.59
1733745415, 39, 66, 79, 1, 0, 0.06%, 8, 0, 9, 373.16
1733745425, 39, 67, 79, 1, 0, 0.06%, 8, 0, 9, 335.81
1733745430, 39, 68, 79, 1, 0, 0.06%, 8, 0, 9, 342.85
1733745435, 39, 69, 79, 1, 0, 0.06%, 8, 0, 9, 337.60
1733745440, 39, 70, 79, 1, 0, 0.06%, 8, 0, 9, 308.16
1733745450, 39, 71, 79, 1, 0, 0.06%, 8, 0, 9, 381.52
1733745455, 39, 72, 79, 1, 0, 0.06%, 8, 0, 9, 336.08
1733745465, 39, 73, 79, 1, 0, 0.06%, 8, 0, 9, 298.55
1733745481, 39, 74, 79, 1, 0, 0.06%, 8, 0, 9, 297.50
1733745491, 39, 75, 79, 1, 0, 0.06%, 8, 0, 9, 368.06
1733745496, 39, 76, 79, 1, 0, 0.06%, 8, 0, 9, 331.23
1733745506, 39, 77, 79, 1, 0, 0.06%, 8, 0, 9, 354.20
1733745511, 39, 78, 79, 1, 0, 0.06%, 8, 0, 9, 383.02
1733745526, 40, 13, 79, 1, 0, 0.06%, 8, 0, 9, 328.07
1733745531, 40, 15, 79, 1, 0, 0.06%, 8, 0, 9, 330.83
1733745536, 40, 19, 79, 1, 0, 0.06%, 8, 0, 9, 284.25
1733745541, 40, 20, 79, 1, 0, 0.06%, 8, 0, 9, 300.69
1733745546, 40, 22, 79, 1, 0, 0.06%, 8, 0, 9, 292.00
1733745552, 40, 23, 79, 1, 0, 0.06%, 8, 0, 9, 256.23
1733745557, 40, 25, 79, 1, 0, 0.06%, 8, 0, 9, 296.29
1733745562, 40, 26, 79, 1, 0, 0.06%, 8, 0, 9, 312.94
1733745567, 40, 28, 79, 1, 0, 0.06%, 8, 0, 9, 338.01
1733745572, 40, 29, 79, 1, 0, 0.06%, 8, 0, 9, 361.98
1733745577, 40, 30, 79, 1, 0, 0.06%, 8, 0, 9, 327.12
1733745582, 40, 31, 79, 1, 0, 0.06%, 8, 0, 9, 325.56
1733745587, 40, 32, 79, 1, 0, 0.06%, 8, 0, 9, 316.66
1733745592, 40, 33, 79, 1, 0, 0.06%, 8, 0, 9, 310.36
1733745597, 40, 34, 79, 1, 0, 0.06%, 8, 0, 9, 294.39
1733745602, 40, 35, 79, 1, 0, 0.06%, 8, 0, 9, 312.60
1733745607, 40, 36, 79, 1, 0, 0.06%, 8, 0, 9, 282.84
1733745612, 40, 37, 79, 1, 0, 0.06%, 8, 0, 9, 292.91
1733745617, 40, 38, 79, 1, 0, 0.06%, 8, 0, 9, 288.74
1733745623, 40, 39, 79, 1, 0, 0.06%, 8, 0, 9, 280.72
1733745628, 40, 40, 79, 1, 0, 0.06%, 8, 0, 9, 318.13
1733745633, 40, 41, 79, 1, 0, 0.06%, 8, 0, 9, 322.61
1733745638, 40, 43, 79, 1, 0, 0.06%, 8, 0, 9, 318.47
1733745643, 40, 44, 79, 1, 0, 0.06%, 8, 0, 9, 319.88
1733745648, 40, 45, 79, 1, 0, 0.06%, 8, 0, 9, 325.46
1733745653, 40, 46, 79, 1, 0, 0.06%, 8, 0, 9, 314.20
1733745658, 40, 47, 79, 1, 0, 0.06%, 8, 0, 9, 378.60
1733745673, 40, 48, 79, 1, 0, 0.06%, 8, 0, 9, 337.08
1733745678, 40, 50, 79, 1, 0, 0.06%, 8, 0, 9, 330.35
1733745688, 40, 51, 79, 1, 0, 0.06%, 8, 0, 9, 305.12
1733745693, 40, 52, 79, 1, 0, 0.06%, 8, 0, 9, 321.42
1733745698, 40, 53, 79, 1, 0, 0.06%, 8, 0, 9, 335.90
1733745704, 40, 54, 79, 1, 0, 0.06%, 8, 0, 9, 338.19
1733745709, 40, 55, 79, 1, 0, 0.06%, 8, 0, 9, 315.92
1733745714, 40, 56, 79, 1, 0, 0.06%, 8, 0, 9, 312.35
1733745719, 40, 57, 79, 1, 0, 0.06%, 8, 0, 9, 376.55
1733745724, 40, 58, 79, 1, 0, 0.06%, 8, 0, 9, 377.50
1733745729, 40, 59, 79, 1, 0, 0.06%, 8, 0, 9, 338.39
1733745739, 40, 60, 79, 1, 0, 0.06%, 8, 0, 9, 356.28
1733745744, 40, 61, 79, 1, 0, 0.06%, 8, 0, 9, 361.55
1733745755, 40, 62, 79, 1, 0, 0.06%, 8, 0, 9, 326.63
1733745760, 40, 63, 79, 1, 0, 0.06%, 8, 0, 9, 318.71
1733745765, 40, 64, 79, 1, 0, 0.06%, 8, 0, 9, 341.27
1733745770, 40, 65, 79, 1, 0, 0.06%, 8, 0, 9, 347.43
1733745780, 40, 66, 79, 1, 0, 0.06%, 8, 0, 9, 369.36
1733745785, 40, 67, 79, 1, 0, 0.06%, 8, 0, 9, 345.92
1733745790, 40, 68, 79, 1, 0, 0.06%, 8, 0, 9, 332.78
1733745800, 40, 69, 79, 1, 0, 0.06%, 8, 0, 9, 352.95
1733745805, 40, 70, 79, 1, 0, 0.06%, 8, 0, 9, 345.04
1733745815, 40, 71, 79, 1, 0, 0.06%, 8, 0, 9, 336.86
1733745820, 40, 72, 79, 1, 0, 0.06%, 8, 0, 9, 297.03
1733745825, 40, 73, 79, 1, 0, 0.06%, 8, 0, 9, 330.76
1733745841, 40, 74, 79, 1, 0, 0.06%, 8, 0, 9, 390.66
1733745856, 40, 75, 79, 1, 0, 0.06%, 8, 0, 9, 313.49
1733745861, 40, 76, 79, 1, 0, 0.06%, 8, 0, 9, 350.41
1733745866, 40, 77, 79, 1, 0, 0.06%, 8, 0, 9, 377.76
1733745871, 40, 78, 79, 1, 0, 0.06%, 8, 0, 9, 353.71
1733745876, 41, 13, 79, 1, 0, 0.06%, 8, 0, 9, 358.53
1733745881, 41, 15, 79, 1, 0, 0.06%, 8, 0, 9, 351.97
1733745886, 41, 19, 79, 1, 0, 0.06%, 8, 0, 9, 291.00
1733745891, 41, 20, 79, 1, 0, 0.06%, 8, 0, 9, 307.84
1733745896, 41, 22, 79, 1, 0, 0.06%, 8, 0, 9, 299.89
1733745902, 41, 23, 79, 1, 0, 0.06%, 8, 0, 9, 286.29
1733745907, 41, 25, 79, 1, 0, 0.06%, 8, 0, 9, 298.49
1733745912, 41, 27, 79, 1, 0, 0.06%, 8, 0, 9, 357.33
1733745917, 41, 28, 79, 1, 0, 0.06%, 8, 0, 9, 366.29
1733745922, 41, 29, 79, 1, 0, 0.06%, 8, 0, 9, 348.51
1733745927, 41, 30, 79, 1, 0, 0.06%, 8, 0, 9, 319.56
1733745932, 41, 31, 79, 1, 0, 0.06%, 8, 0, 9, 324.76
1733745937, 41, 32, 79, 1, 0, 0.06%, 8, 0, 9, 321.27
1733745942, 41, 33, 79, 1, 0, 0.06%, 8, 0, 9, 321.26
1733745947, 41, 34, 79, 1, 0, 0.06%, 8, 0, 9, 319.54
1733745952, 41, 35, 79, 1, 0, 0.06%, 8, 0, 9, 308.20
1733745957, 41, 36, 79, 1, 0, 0.06%, 8, 0, 9, 280.30
1733745963, 41, 38, 79, 1, 0, 0.06%, 8, 0, 9, 309.85
1733745973, 41, 39, 79, 1, 0, 0.06%, 8, 0, 9, 282.65
1733745978, 41, 41, 79, 1, 0, 0.06%, 8, 0, 9, 302.87
1733745983, 41, 42, 79, 1, 0, 0.06%, 8, 0, 9, 363.51
1733745988, 41, 43, 79, 1, 0, 0.06%, 8, 0, 9, 334.02
1733745993, 41, 44, 79, 1, 0, 0.06%, 8, 0, 9, 348.80
1733745998, 41, 45, 79, 1, 0, 0.06%, 8, 0, 9, 328.42
1733746003, 41, 46, 79, 1, 0, 0.06%, 8, 0, 9, 357.07
1733746009, 41, 47, 79, 1, 0, 0.06%, 8, 0, 9, 375.16
1733746019, 41, 48, 79, 1, 0, 0.06%, 8, 0, 9, 360.58
1733746024, 41, 49, 79, 1, 0, 0.06%, 8, 0, 9, 373.56
1733746029, 41, 50, 79, 1, 0, 0.06%, 8, 0, 9, 333.56
1733746034, 41, 51, 79, 1, 0, 0.06%, 8, 0, 9, 333.02
1733746039, 41, 52, 79, 1, 0, 0.06%, 8, 0, 9, 363.61
1733746044, 41, 53, 79, 1, 0, 0.06%, 8, 0, 9, 359.78
1733746049, 41, 54, 79, 1, 0, 0.06%, 8, 0, 9, 324.39
1733746054, 41, 55, 79, 1, 0, 0.06%, 8, 0, 9, 367.88
1733746064, 41, 56, 79, 1, 0, 0.06%, 8, 0, 9, 355.94
1733746069, 41, 57, 79, 1, 0, 0.06%, 8, 0, 9, 347.69
1733746074, 41, 58, 79, 1, 0, 0.06%, 8, 0, 9, 346.53
1733746080, 41, 59, 79, 1, 0, 0.06%, 8, 0, 9, 369.01
1733746085, 41, 60, 79, 1, 0, 0.06%, 8, 0, 9, 362.13
1733746095, 41, 61, 79, 1, 0, 0.06%, 8, 0, 9, 327.57
1733746100, 41, 62, 79, 1, 0, 0.06%, 8, 0, 9, 348.58
1733746105, 41, 63, 79, 1, 0, 0.06%, 8, 0, 9, 331.13
1733746110, 41, 64, 79, 1, 0, 0.06%, 8, 0, 9, 324.93
1733746120, 41, 65, 79, 1, 0, 0.06%, 8, 0, 9, 351.35
1733746125, 41, 66, 79, 1, 0, 0.06%, 8, 0, 9, 323.07
1733746135, 41, 67, 79, 1, 0, 0.06%, 8, 0, 9, 361.30
1733746140, 41, 68, 79, 1, 0, 0.06%, 8, 0, 9, 291.97
1733746150, 41, 69, 79, 1, 0, 0.06%, 8, 0, 9, 330.94
1733746155, 41, 70, 79, 1, 0, 0.06%, 8, 0, 9, 352.71
1733746161, 41, 71, 79, 1, 0, 0.06%, 8, 0, 9, 335.81
1733746171, 41, 72, 79, 1, 0, 0.06%, 8, 0, 9, 347.30
1733746176, 41, 73, 79, 1, 0, 0.06%, 8, 0, 9, 393.89
1733746191, 41, 74, 79, 1, 0, 0.06%, 8, 0, 9, 390.95
1733746201, 41, 74, 80, 2, 0, 0.07%, 9, 0, 9, 410.61
1733746206, 41, 79, 80, 2, 1, 0.07%, 9, 0, 9, 284.59
1733746262, 42, 79, 80, 1, 0, 0.07%, 9, 0, 9, 230.71
1733746287, 43, 79, 80, 1, 0, 0.07%, 9, 0, 9, 221.04
1733746308, 44, 79, 80, 1, 0, 0.07%, 9, 0, 9, 282.15
1733746333, 45, 79, 80, 1, 0, 0.07%, 9, 0, 9, 252.82
1733746358, 46, 79, 80, 1, 0, 0.07%, 9, 0, 9, 226.55
1733746379, 47, 79, 80, 1, 0, 0.07%, 9, 0, 9, 276.10
1733746384, 47, 79, 81, 2, 0, 0.08%, 10, 0, 9, 244.97
1733746414, 47, 80, 82, 3, 1, 0.08%, 10, 0, 9, 433.00
1733746424, 47, 80, 83, 4, 1, 0.08%, 10, 0, 9, 479.86
1733746480, 47, 81, 83, 3, 0, 0.08%, 10, 0, 9, 321.83
1733746486, 47, 81, 84, 4, 0, 0.08%, 11, 0, 10, 474.19
1733746496, 47, 81, 85, 5, 0, 0.08%, 11, 0, 10, 485.87
1733746557, 47, 83, 85, 4, 1, 0.08%, 11, 0, 10, 356.49
1733746562, 47, 83, 86, 5, 1, 0.10%, 12, 0, 11, 466.63
1733746572, 47, 83, 87, 6, 1, 0.11%, 13, 0, 11, 483.61
1733746582, 47, 83, 88, 7, 1, 0.11%, 14, 0, 11, 488.24
1733746587, 47, 83, 89, 8, 1, 0.11%, 14, 0, 11, 488.34
1733746602, 47, 83, 90, 9, 1, 0.11%, 14, 0, 11, 490.28
1733746628, 47, 86, 90, 8, 3, 0.11%, 14, 0, 11, 372.09
1733746694, 47, 87, 90, 7, 2, 0.11%, 14, 0, 11, 371.50
1733746720, 47, 87, 91, 8, 2, 0.11%, 14, 0, 12, 527.99
1733746786, 48, 85, 91, 7, 1, 0.11%, 14, 0, 12, 358.33
1733746796, 48, 85, 92, 8, 1, 0.11%, 15, 0, 12, 424.37
1733746801, 48, 85, 94, 10, 1, 0.11%, 15, 0, 12, 427.41
1733746816, 48, 85, 95, 11, 1, 0.11%, 15, 0, 12, 426.99
1733746852, 48, 85, 96, 12, 1, 0.11%, 15, 0, 12, 433.12
1733746887, 48, 91, 96, 11, 1, 0.11%, 15, 0, 12, 287.70
1733746897, 48, 91, 97, 12, 1, 0.11%, 15, 0, 13, 457.68
1733746902, 48, 91, 98, 13, 1, 0.11%, 15, 0, 13, 480.82
1733746933, 48, 91, 99, 14, 1, 0.11%, 15, 0, 13, 477.89
1733746938, 48, 91, 100, 15, 1, 0.11%, 15, 0, 13, 477.31
1733746948, 48, 91, 101, 16, 1, 0.12%, 16, 0, 13, 477.47
1733746984, 48, 100, 102, 16, 2, 0.13%, 17, 0, 13, 342.19
1733747004, 48, 100, 103, 17, 2, 0.13%, 18, 0, 14, 256.74
1733747055, 48, 100, 107, 21, 2, 0.14%, 19, 0, 14, 344.60
1733747106, 48, 100, 113, 27, 2, 0.14%, 19, 0, 14, 448.18
1733747142, 48, 100, 114, 28, 2, 0.14%, 19, 0, 14, 416.80
1733747480, 48, 100, 115, 29, 2, 0.14%, 19, 0, 14, 479.47
1733747516, 48, 100, 116, 30, 2, 0.14%, 19, 0, 14, 484.32
1733747551, 48, 101, 116, 29, 3, 0.14%, 19, 0, 14, 343.08
1733747633, 48, 102, 116, 28, 2, 0.14%, 19, 0, 14, 197.75
1733747699, 48, 102, 117, 29, 2, 0.14%, 19, 0, 15, 347.13
1733747704, 48, 102, 118, 30, 2, 0.14%, 20, 0, 15, 317.85
1733747729, 48, 102, 119, 31, 2, 0.15%, 21, 0, 15, 389.75
1733748131, 48, 102, 120, 32, 2, 0.15%, 21, 0, 15, 474.63
1733748202, 48, 117, 120, 31, 3, 0.15%, 21, 0, 15, 187.05
1733748735, 48, 118, 120, 30, 2, 0.15%, 21, 0, 15, 210.02
1733748801, 48, 118, 121, 31, 2, 0.15%, 21, 0, 16, 332.82
1733749242, 48, 118, 122, 32, 2, 0.15%, 21, 0, 16, 483.94
1733749303, 48, 120, 122, 31, 1, 0.15%, 21, 0, 16, 195.73
