# unix_time, cycles_done, cur_path, paths_total, pending_total, pending_favs, map_size, unique_crashes, unique_hangs, max_depth, execs_per_sec
1733713716, 0, 0, 10, 10, 1, 0.00%, 0, 0, 1, 173.54
1733713721, 0, 4, 10, 10, 1, 0.00%, 0, 0, 1, 201.00
1733713726, 0, 5, 10, 9, 0, 0.00%, 0, 0, 1, 207.86
1733713731, 0, 6, 10, 8, 0, 0.00%, 0, 0, 1, 203.86
1733713741, 0, 7, 10, 7, 0, 0.00%, 0, 0, 1, 207.69
1733713746, 0, 8, 10, 6, 0, 0.00%, 0, 0, 1, 198.91
1733713756, 0, 9, 10, 5, 0, 0.00%, 0, 0, 1, 210.43
1733713761, 1, 0, 10, 4, 0, 0.00%, 0, 0, 1, 195.09
1733713772, 1, 1, 10, 3, 0, 0.00%, 0, 0, 1, 200.75
1733713782, 1, 2, 10, 2, 0, 0.00%, 0, 0, 1, 211.55
1733713792, 1, 3, 10, 1, 0, 0.00%, 0, 0, 1, 207.77
1733713802, 1, 4, 10, 0, 0, 0.00%, 0, 0, 1, 212.51
1733713812, 1, 6, 10, 0, 0, 0.00%, 0, 0, 1, 208.49
1733713817, 1, 7, 10, 0, 0, 0.00%, 0, 0, 1, 208.90
1733713822, 1, 8, 10, 0, 0, 0.00%, 0, 0, 1, 206.69
1733713827, 2, 0, 10, 0, 0, 0.00%, 0, 0, 1, 202.41
1733713832, 2, 1, 10, 0, 0, 0.00%, 0, 0, 1, 206.50
1733713837, 2, 3, 10, 0, 0, 0.00%, 0, 0, 1, 204.52
1733713842, 2, 4, 10, 0, 0, 0.00%, 0, 0, 1, 209.07
1733713847, 2, 5, 10, 0, 0, 0.00%, 0, 0, 1, 207.13
1733713852, 2, 7, 10, 0, 0, 0.00%, 0, 0, 1, 205.79
1733713857, 2, 8, 10, 0, 0, 0.00%, 0, 0, 1, 205.55
1733713862, 2, 9, 10, 0, 0, 0.00%, 0, 0, 1, 203.96
1733713868, 3, 1, 10, 0, 0, 0.00%, 0, 0, 1, 206.91
1733713873, 3, 2, 10, 0, 0, 0.00%, 0, 0, 1, 207.03
1733713878, 3, 4, 10, 0, 0, 0.00%, 0, 0, 1, 208.44
1733713883, 3, 5, 10, 0, 0, 0.00%, 0, 0, 1, 206.24
1733713888, 3, 7, 10, 0, 0, 0.00%, 0, 0, 1, 206.39
1733713893, 3, 8, 10, 0, 0, 0.00%, 0, 0, 1, 208.82
1733713898, 3, 9, 10, 0, 0, 0.00%, 0, 0, 1, 203.57
1733713903, 4, 1, 10, 0, 0, 0.00%, 0, 0, 1, 206.49
1733713908, 4, 2, 10, 0, 0, 0.00%, 0, 0, 1, 204.91
1733713913, 4, 3, 10, 0, 0, 0.00%, 0, 0, 1, 205.88
1733713918, 4, 5, 10, 0, 0, 0.00%, 0, 0, 1, 210.14
1733713923, 4, 6, 10, 0, 0, 0.00%, 0, 0, 1, 203.26
1733713928, 4, 8, 10, 0, 0, 0.00%, 0, 0, 1, 207.31
1733713933, 4, 9, 10, 0, 0, 0.00%, 0, 0, 1, 208.93
1733713938, 5, 1, 10, 0, 0, 0.00%, 0, 0, 1, 206.66
1733713944, 5, 2, 10, 0, 0, 0.00%, 0, 0, 1, 206.16
1733713949, 5, 3, 10, 0, 0, 0.00%, 0, 0, 1, 205.44
1733713954, 5, 5, 10, 0, 0, 0.00%, 0, 0, 1, 206.48
1733713959, 5, 6, 10, 0, 0, 0.00%, 0, 0, 1, 206.07
1733713964, 5, 7, 10, 0, 0, 0.00%, 0, 0, 1, 207.90
1733713969, 5, 9, 10, 0, 0, 0.00%, 0, 0, 1, 207.79
1733713974, 6, 0, 10, 0, 0, 0.00%, 0, 0, 1, 208.84
1733713979, 6, 2, 10, 0, 0, 0.00%, 0, 0, 1, 207.33
1733713984, 6, 3, 10, 0, 0, 0.00%, 0, 0, 1, 205.05
1733713989, 6, 5, 10, 0, 0, 0.00%, 0, 0, 1, 211.99
1733713994, 6, 6, 10, 0, 0, 0.00%, 0, 0, 1, 207.21
1733713999, 6, 7, 10, 0, 0, 0.00%, 0, 0, 1, 206.79
1733714004, 6, 9, 10, 0, 0, 0.00%, 0, 0, 1, 206.67
1733714009, 7, 0, 10, 0, 0, 0.00%, 1, 0, 1, 205.64
1733714014, 7, 1, 10, 0, 0, 0.00%, 1, 0, 1, 205.91
1733714019, 7, 3, 10, 0, 0, 0.00%, 1, 0, 1, 207.85
1733714024, 7, 4, 10, 0, 0, 0.00%, 1, 0, 1, 203.41
1733714029, 7, 6, 10, 0, 0, 0.00%, 1, 0, 1, 206.22
1733714034, 7, 7, 10, 0, 0, 0.00%, 1, 0, 1, 208.42
1733714039, 7, 8, 10, 0, 0, 0.00%, 1, 0, 1, 209.05
1733714044, 8, 0, 10, 0, 0, 0.00%, 1, 0, 1, 208.04
1733714049, 8, 1, 10, 0, 0, 0.00%, 1, 0, 1, 207.51
1733714055, 8, 3, 10, 0, 0, 0.00%, 1, 0, 1, 206.61
1733714060, 8, 4, 10, 0, 0, 0.00%, 1, 0, 1, 209.93
1733714065, 8, 5, 10, 0, 0, 0.00%, 1, 0, 1, 212.01
1733714070, 8, 7, 10, 0, 0, 0.00%, 1, 0, 1, 211.29
1733714075, 8, 8, 10, 0, 0, 0.00%, 1, 0, 1, 203.01
1733714080, 9, 0, 10, 0, 0, 0.00%, 1, 0, 1, 206.47
1733714085, 9, 1, 10, 0, 0, 0.00%, 1, 0, 1, 206.92
1733714090, 9, 2, 10, 0, 0, 0.00%, 1, 0, 1, 206.02
1733714095, 9, 4, 10, 0, 0, 0.00%, 1, 0, 1, 205.54
1733714100, 9, 5, 10, 0, 0, 0.00%, 1, 0, 1, 207.87
1733714105, 9, 7, 10, 0, 0, 0.00%, 1, 0, 1, 211.48
1733714110, 9, 8, 10, 0, 0, 0.00%, 1, 0, 1, 208.93
1733714115, 9, 9, 10, 0, 0, 0.00%, 1, 0, 1, 212.51
1733714120, 10, 1, 10, 0, 0, 0.00%, 1, 0, 1, 205.55
1733714125, 10, 2, 10, 0, 0, 0.00%, 1, 0, 1, 206.16
1733714130, 10, 4, 10, 0, 0, 0.00%, 1, 0, 1, 206.51
1733714135, 10, 5, 10, 0, 0, 0.00%, 1, 0, 1, 209.95
1733714140, 10, 6, 11, 1, 0, 0.05%, 2, 0, 2, 210.83
1733714145, 10, 10, 11, 1, 1, 0.05%, 2, 0, 2, 252.06
1733714176, 10, 10, 12, 2, 1, 0.05%, 3, 0, 3, 269.76
1733714247, 10, 10, 13, 3, 1, 0.05%, 4, 0, 3, 223.32
1733714252, 10, 10, 14, 4, 1, 0.05%, 4, 0, 3, 217.09
1733714262, 10, 12, 15, 4, 2, 0.05%, 5, 0, 4, 223.12
1733714267, 10, 12, 18, 7, 2, 0.05%, 5, 0, 4, 262.02
1733714272, 10, 12, 19, 8, 2, 0.05%, 5, 0, 4, 272.28
1733714282, 10, 12, 20, 9, 2, 0.06%, 6, 0, 4, 272.53
1733714292, 10, 12, 21, 10, 2, 0.06%, 6, 0, 4, 266.92
1733714303, 10, 12, 22, 11, 2, 0.06%, 6, 0, 4, 274.10
1733714338, 10, 12, 23, 12, 2, 0.06%, 7, 0, 4, 274.45
1733714343, 10, 12, 24, 13, 2, 0.06%, 7, 0, 4, 272.27
1733714363, 10, 12, 25, 14, 2, 0.06%, 7, 0, 4, 227.30
1733714368, 10, 22, 27, 15, 3, 0.06%, 7, 0, 5, 262.69
1733714389, 10, 22, 28, 16, 3, 0.06%, 7, 0, 5, 269.22
1733714440, 10, 22, 29, 17, 3, 0.06%, 7, 0, 5, 266.63
1733714450, 10, 22, 30, 18, 3, 0.06%, 7, 0, 5, 268.03
1733714475, 10, 22, 32, 20, 3, 0.06%, 7, 0, 5, 242.12
1733714485, 11, 19, 36, 23, 2, 0.06%, 10, 0, 5, 409.76
1733714490, 11, 19, 38, 25, 2, 0.06%, 10, 0, 5, 459.37
1733714556, 11, 34, 39, 25, 4, 0.06%, 10, 0, 6, 388.35
1733714566, 11, 34, 41, 27, 4, 0.06%, 10, 0, 6, 502.66
1733714576, 11, 34, 42, 28, 4, 0.06%, 10, 0, 6, 508.47
1733714586, 11, 34, 43, 29, 4, 0.06%, 10, 0, 6, 513.56
1733714592, 11, 34, 44, 30, 4, 0.06%, 10, 0, 6, 510.71
1733714627, 12, 33, 44, 29, 3, 0.06%, 10, 0, 6, 416.21
1733714632, 12, 33, 45, 30, 3, 0.06%, 10, 0, 6, 494.98
1733714693, 12, 40, 45, 29, 2, 0.06%, 10, 0, 6, 340.45
1733714698, 12, 40, 47, 31, 2, 0.06%, 10, 0, 7, 487.53
1733714714, 12, 40, 48, 32, 2, 0.06%, 10, 0, 7, 484.97
1733714739, 12, 40, 49, 33, 2, 0.06%, 10, 0, 7, 487.78
1733714765, 12, 40, 50, 34, 2, 0.06%, 10, 0, 7, 310.72
1733714770, 12, 41, 50, 33, 2, 0.06%, 10, 0, 7, 273.53
1733714785, 12, 41, 51, 34, 2, 0.06%, 10, 0, 7, 496.67
1733714790, 12, 41, 52, 35, 2, 0.06%, 10, 0, 7, 495.90
1733714795, 12, 41, 56, 39, 2, 0.06%, 10, 0, 7, 490.95
1733714902, 12, 43, 56, 38, 2, 0.06%, 10, 0, 7, 458.60
1733714918, 12, 43, 57, 39, 2, 0.06%, 10, 0, 7, 495.70
1733714948, 12, 44, 57, 38, 2, 0.06%, 10, 0, 7, 368.14
1733714963, 12, 44, 59, 40, 2, 0.06%, 10, 0, 7, 279.23
1733714979, 12, 44, 60, 41, 2, 0.06%, 10, 0, 7, 282.41
1733715010, 12, 44, 61, 42, 2, 0.06%, 10, 0, 7, 285.57
1733715075, 12, 44, 62, 43, 2, 0.06%, 10, 0, 7, 278.71
1733715086, 12, 45, 62, 42, 2, 0.06%, 10, 0, 7, 476.19
1733715111, 12, 45, 63, 43, 2, 0.06%, 10, 0, 8, 349.61
1733715122, 12, 46, 63, 42, 2, 0.06%, 10, 0, 8, 423.07
1733715142, 12, 46, 64, 43, 2, 0.06%, 10, 0, 8, 314.29
1733715157, 12, 47, 64, 42, 1, 0.06%, 10, 0, 8, 370.73
1733715245, 12, 47, 65, 43, 1, 0.06%, 10, 0, 8, 375.25
1733715290, 12, 48, 65, 42, 1, 0.06%, 10, 0, 8, 475.71
1733715326, 12, 49, 65, 41, 1, 0.06%, 10, 0, 8, 246.48
1733715351, 12, 49, 66, 42, 1, 0.06%, 10, 0, 8, 259.50
1733715408, 12, 49, 68, 44, 1, 0.06%, 10, 0, 8, 479.24
1733715907, 12, 57, 68, 43, 1, 0.06%, 10, 0, 8, 303.45
1733715947, 12, 58, 68, 42, 1, 0.06%, 10, 0, 8, 400.38
1733715983, 12, 59, 68, 41, 1, 0.06%, 10, 0, 8, 407.11
1733716049, 12, 60, 68, 40, 1, 0.06%, 10, 0, 8, 383.14
1733716085, 12, 62, 68, 39, 1, 0.06%, 10, 0, 8, 338.85
1733716136, 13, 33, 68, 38, 1, 0.06%, 10, 0, 8, 388.28
1733716151, 13, 33, 69, 39, 1, 0.06%, 10, 0, 8, 305.30
1733716156, 13, 44, 69, 39, 1, 0.06%, 10, 0, 8, 281.41
1733716176, 13, 57, 69, 39, 1, 0.06%, 10, 0, 8, 432.49
1733716192, 13, 58, 69, 39, 1, 0.06%, 10, 0, 8, 385.12
1733716207, 13, 59, 69, 39, 1, 0.06%, 10, 0, 8, 313.47
1733716228, 13, 60, 69, 39, 1, 0.06%, 10, 0, 8, 328.22
1733716238, 13, 60, 70, 40, 1, 0.06%, 10, 0, 8, 350.92
1733716248, 13, 62, 70, 40, 1, 0.06%, 10, 0, 8, 430.05
1733716273, 13, 68, 70, 40, 1, 0.06%, 10, 0, 8, 369.74
1733716365, 13, 69, 70, 39, 1, 0.06%, 10, 0, 8, 321.36
1733716471, 14, 11, 70, 38, 1, 0.06%, 10, 0, 8, 301.67
1733716497, 14, 14, 70, 37, 1, 0.06%, 10, 0, 8, 295.05
1733716537, 14, 22, 70, 36, 0, 0.06%, 10, 0, 8, 302.68
1733716558, 14, 25, 70, 36, 0, 0.06%, 10, 0, 8, 358.62
1733716589, 14, 26, 70, 35, 0, 0.06%, 10, 0, 8, 378.82
1733716609, 14, 26, 71, 36, 0, 0.06%, 10, 0, 8, 433.80
1733716650, 14, 29, 71, 35, 0, 0.06%, 10, 0, 8, 348.49
1733716685, 14, 33, 71, 34, 0, 0.06%, 10, 0, 8, 329.87
1733716690, 14, 39, 71, 34, 0, 0.06%, 10, 0, 8, 314.36
1733716726, 14, 41, 71, 33, 0, 0.06%, 10, 0, 8, 355.13
1733716741, 14, 44, 71, 33, 0, 0.06%, 10, 0, 8, 296.95
1733716766, 14, 50, 71, 33, 0, 0.06%, 10, 0, 8, 314.88
1733716802, 14, 57, 71, 32, 0, 0.06%, 10, 0, 8, 418.00
1733716817, 14, 58, 71, 32, 0, 0.06%, 10, 0, 8, 406.08
1733716837, 14, 59, 71, 32, 0, 0.06%, 10, 0, 8, 318.33
1733716853, 14, 60, 71, 32, 0, 0.06%, 10, 0, 8, 306.02
1733716873, 14, 62, 71, 32, 0, 0.06%, 10, 0, 8, 410.97
1733716899, 14, 68, 71, 32, 0, 0.06%, 10, 0, 8, 376.58
1733716919, 14, 69, 71, 32, 0, 0.06%, 10, 0, 8, 409.42
1733716944, 15, 33, 71, 32, 0, 0.06%, 10, 0, 8, 397.77
1733716954, 15, 44, 71, 32, 0, 0.06%, 10, 0, 8, 293.42
1733716959, 15, 57, 71, 32, 0, 0.06%, 10, 0, 8, 328.24
1733716965, 15, 58, 71, 32, 0, 0.06%, 10, 0, 8, 319.73
1733716970, 15, 59, 71, 32, 0, 0.06%, 10, 0, 8, 322.11
1733716975, 15, 62, 71, 32, 0, 0.06%, 10, 0, 8, 342.87
1733716985, 15, 68, 71, 32, 0, 0.06%, 10, 0, 8, 427.23
1733717000, 15, 69, 71, 32, 0, 0.06%, 10, 0, 8, 307.97
1733717025, 16, 33, 71, 32, 0, 0.06%, 10, 0, 8, 372.13
1733717035, 16, 44, 71, 32, 0, 0.06%, 10, 0, 8, 313.19
1733717040, 16, 57, 71, 32, 0, 0.06%, 10, 0, 8, 335.66
1733717046, 16, 58, 71, 32, 0, 0.06%, 10, 0, 8, 316.82
1733717051, 16, 59, 71, 32, 0, 0.06%, 10, 0, 8, 323.27
1733717056, 16, 60, 71, 32, 0, 0.06%, 10, 0, 8, 322.67
1733717061, 16, 62, 71, 32, 0, 0.06%, 10, 0, 8, 331.92
1733717066, 16, 68, 71, 32, 0, 0.06%, 10, 0, 8, 403.19
1733717076, 16, 69, 71, 32, 0, 0.06%, 10, 0, 8, 423.01
1733717086, 17, 33, 71, 32, 0, 0.06%, 10, 0, 8, 355.04
1733717091, 17, 44, 71, 32, 0, 0.06%, 10, 0, 8, 312.57
1733717096, 17, 57, 71, 32, 0, 0.06%, 10, 0, 8, 347.10
1733717101, 17, 58, 71, 32, 0, 0.06%, 10, 0, 8, 355.39
1733717106, 17, 59, 71, 32, 0, 0.06%, 10, 0, 8, 313.61
1733717111, 17, 60, 71, 32, 0, 0.06%, 10, 0, 8, 336.25
1733717116, 17, 62, 71, 32, 0, 0.06%, 10, 0, 8, 358.98
1733717122, 17, 68, 71, 32, 0, 0.06%, 10, 0, 8, 332.18
1733717127, 17, 69, 71, 32, 0, 0.06%, 10, 0, 8, 326.12
1733717137, 18, 33, 71, 32, 0, 0.06%, 10, 0, 8, 330.22
1733717142, 18, 44, 71, 32, 0, 0.06%, 10, 0, 8, 299.64
1733717147, 18, 58, 71, 32, 0, 0.06%, 10, 0, 8, 315.28
1733717152, 18, 59, 71, 32, 0, 0.06%, 10, 0, 8, 321.21
1733717157, 18, 60, 71, 32, 0, 0.06%, 10, 0, 8, 313.20
1733717162, 18, 62, 71, 32, 0, 0.06%, 10, 0, 8, 339.87
1733717173, 18, 68, 71, 32, 0, 0.06%, 10, 0, 8, 352.04
1733717178, 18, 69, 71, 32, 0, 0.06%, 10, 0, 8, 387.18
1733717183, 19, 33, 71, 32, 0, 0.06%, 10, 0, 8, 376.50
1733717188, 19, 44, 71, 32, 0, 0.06%, 10, 0, 8, 296.45
1733717193, 19, 57, 71, 32, 0, 0.06%, 10, 0, 8, 349.80
1733717198, 19, 58, 71, 32, 0, 0.06%, 10, 0, 8, 339.43
1733717203, 19, 59, 71, 32, 0, 0.06%, 10, 0, 8, 320.53
1733717208, 19, 60, 71, 32, 0, 0.06%, 10, 0, 8, 338.47
1733717213, 19, 62, 71, 32, 0, 0.06%, 10, 0, 8, 361.95
1733717218, 19, 68, 71, 32, 0, 0.06%, 10, 0, 8, 306.36
1733717223, 19, 69, 71, 32, 0, 0.06%, 10, 0, 8, 331.90
1733717233, 19, 70, 72, 33, 0, 0.06%, 10, 0, 8, 398.38
1733717340, 19, 71, 72, 32, 0, 0.06%, 10, 0, 8, 388.40
1733717442, 20, 11, 72, 31, 0, 0.06%, 10, 0, 8, 287.74
1733717453, 20, 13, 72, 31, 0, 0.06%, 10, 0, 8, 269.29
1733717473, 20, 14, 72, 30, 0, 0.06%, 10, 0, 8, 287.43
1733717494, 20, 19, 74, 32, 0, 0.06%, 10, 0, 8, 299.76
1733717534, 20, 21, 74, 32, 0, 0.06%, 10, 0, 8, 338.73
1733717570, 20, 24, 74, 31, 0, 0.06%, 10, 0, 8, 325.19
1733717605, 20, 29, 74, 30, 0, 0.06%, 10, 0, 8, 361.05
1733717626, 20, 39, 74, 30, 0, 0.06%, 10, 0, 8, 332.42
1733717646, 20, 41, 74, 30, 0, 0.06%, 10, 0, 8, 373.90
1733717656, 20, 44, 74, 30, 0, 0.06%, 10, 0, 8, 290.66
1733717661, 20, 50, 74, 30, 0, 0.06%, 10, 0, 8, 362.11
1733717676, 20, 51, 74, 30, 0, 0.06%, 10, 0, 8, 343.31
1733717743, 20, 52, 74, 29, 0, 0.06%, 10, 0, 8, 366.70
1733717844, 20, 53, 74, 28, 0, 0.06%, 10, 0, 8, 319.95
1733717946, 20, 57, 74, 27, 0, 0.06%, 10, 0, 8, 323.07
1733717951, 20, 59, 74, 27, 0, 0.06%, 10, 0, 8, 329.82
1733717957, 20, 60, 74, 27, 0, 0.06%, 10, 0, 8, 311.58
1733717962, 20, 62, 74, 27, 0, 0.06%, 10, 0, 8, 369.88
1733717972, 20, 68, 74, 27, 0, 0.06%, 10, 0, 8, 318.23
1733717977, 20, 69, 74, 27, 0, 0.06%, 10, 0, 8, 372.15
1733717982, 21, 33, 74, 27, 0, 0.06%, 10, 0, 8, 369.86
1733717987, 21, 44, 74, 27, 0, 0.06%, 10, 0, 8, 300.37
1733717992, 21, 57, 74, 27, 0, 0.06%, 10, 0, 8, 347.85
1733717997, 21, 58, 74, 27, 0, 0.06%, 10, 0, 8, 343.63
1733718002, 21, 59, 74, 27, 0, 0.06%, 10, 0, 8, 313.01
1733718008, 21, 60, 74, 27, 0, 0.06%, 10, 0, 8, 324.50
1733718013, 21, 62, 74, 27, 0, 0.06%, 10, 0, 8, 357.54
1733718018, 21, 68, 74, 27, 0, 0.06%, 10, 0, 8, 325.38
1733718023, 21, 69, 74, 27, 0, 0.06%, 10, 0, 8, 309.23
1733718033, 22, 33, 74, 27, 0, 0.06%, 10, 0, 8, 329.94
1733718038, 22, 44, 74, 27, 0, 0.06%, 10, 0, 8, 304.15
1733718043, 22, 58, 74, 27, 0, 0.06%, 10, 0, 8, 317.46
1733718048, 22, 59, 74, 27, 0, 0.06%, 10, 0, 8, 307.33
1733718053, 22, 60, 74, 27, 0, 0.06%, 10, 0, 8, 315.39
1733718058, 22, 62, 74, 27, 0, 0.06%, 10, 0, 8, 346.54
1733718069, 22, 68, 74, 27, 0, 0.06%, 10, 0, 8, 339.53
1733718074, 22, 69, 74, 27, 0, 0.06%, 10, 0, 8, 376.66
1733718079, 23, 33, 74, 27, 0, 0.06%, 10, 0, 8, 370.69
1733718084, 23, 44, 74, 27, 0, 0.06%, 10, 0, 8, 295.96
1733718089, 23, 57, 74, 27, 0, 0.06%, 10, 0, 8, 342.45
1733718094, 23, 58, 74, 27, 0, 0.06%, 10, 0, 8, 365.50
1733718099, 23, 59, 74, 27, 0, 0.06%, 10, 0, 8, 324.16
1733718104, 23, 60, 74, 27, 0, 0.06%, 10, 0, 8, 336.74
1733718109, 23, 62, 74, 27, 0, 0.06%, 10, 0, 8, 365.72
1733718114, 23, 68, 74, 27, 0, 0.06%, 10, 0, 8, 322.26
1733718119, 23, 69, 74, 27, 0, 0.06%, 10, 0, 8, 324.86
1733718129, 24, 33, 74, 27, 0, 0.06%, 10, 0, 8, 325.97
1733718134, 24, 44, 74, 27, 0, 0.06%, 10, 0, 8, 299.02
1733718139, 24, 57, 74, 27, 0, 0.06%, 10, 0, 8, 323.11
1733718144, 24, 59, 74, 27, 0, 0.06%, 10, 0, 8, 325.61
1733718149, 24, 60, 74, 27, 0, 0.06%, 10, 0, 8, 301.77
1733718154, 24, 62, 74, 27, 0, 0.06%, 10, 0, 8, 343.53
1733718164, 24, 68, 74, 27, 0, 0.06%, 10, 0, 8, 351.45
1733718169, 24, 69, 74, 27, 0, 0.06%, 10, 0, 8, 376.71
1733718175, 25, 33, 74, 27, 0, 0.06%, 10, 0, 8, 380.79
1733718180, 25, 44, 74, 27, 0, 0.06%, 10, 0, 8, 305.00
1733718185, 25, 57, 74, 27, 0, 0.06%, 10, 0, 8, 348.45
1733718190, 25, 58, 74, 27, 0, 0.06%, 10, 0, 8, 339.56
1733718195, 25, 59, 74, 27, 0, 0.06%, 10, 0, 8, 318.19
1733718200, 25, 60, 74, 27, 0, 0.06%, 10, 0, 8, 349.06
1733718205, 25, 62, 74, 27, 0, 0.06%, 10, 0, 8, 355.24
1733718210, 25, 68, 74, 27, 0, 0.06%, 10, 0, 8, 322.14
1733718215, 25, 69, 74, 27, 0, 0.06%, 10, 0, 8, 329.81
1733718225, 26, 33, 74, 27, 0, 0.06%, 10, 0, 8, 333.96
1733718230, 26, 44, 74, 27, 0, 0.06%, 10, 0, 8, 286.38
1733718235, 26, 57, 74, 27, 0, 0.06%, 10, 0, 8, 309.25
1733718240, 26, 58, 74, 27, 0, 0.06%, 10, 0, 8, 320.33
1733718245, 26, 59, 75, 28, 0, 0.06%, 10, 0, 8, 323.98
1733718250, 26, 60, 75, 28, 0, 0.06%, 10, 0, 8, 342.01
1733718255, 26, 62, 75, 28, 0, 0.06%, 10, 0, 8, 362.58
1733718261, 26, 68, 75, 28, 0, 0.06%, 10, 0, 8, 347.06
1733718266, 26, 69, 75, 28, 0, 0.06%, 10, 0, 8, 312.70
1733718276, 26, 74, 76, 29, 0, 0.06%, 10, 0, 9, 383.10
1733718389, 26, 75, 76, 28, 0, 0.06%, 10, 0, 9, 402.50
1733718470, 26, 75, 77, 29, 0, 0.06%, 10, 0, 10, 486.29
1733718516, 26, 76, 77, 28, 0, 0.06%, 10, 0, 10, 423.94
1733718526, 26, 76, 78, 29, 0, 0.06%, 10, 0, 11, 391.42
1733718741, 26, 77, 78, 28, 0, 0.06%, 10, 0, 11, 323.00
1733718971, 27, 11, 78, 27, 0, 0.06%, 10, 0, 11, 335.47
1733718976, 27, 13, 78, 27, 0, 0.06%, 10, 0, 11, 333.21
1733718986, 27, 14, 78, 27, 0, 0.06%, 10, 0, 11, 286.67
1733718997, 27, 19, 78, 27, 0, 0.06%, 10, 0, 11, 302.88
1733719007, 27, 21, 78, 27, 0, 0.06%, 10, 0, 11, 368.43
1733719022, 27, 22, 78, 27, 0, 0.06%, 10, 0, 11, 313.42
1733719032, 27, 24, 78, 27, 0, 0.06%, 10, 0, 11, 331.21
1733719053, 27, 25, 78, 27, 0, 0.06%, 10, 0, 11, 334.07
1733719068, 27, 26, 78, 27, 0, 0.06%, 10, 0, 11, 313.46
1733719088, 27, 27, 78, 27, 0, 0.06%, 10, 0, 11, 412.09
1733719210, 27, 28, 78, 26, 0, 0.06%, 10, 0, 11, 229.60
1733720053, 27, 29, 78, 25, 0, 0.06%, 10, 0, 11, 311.01
1733720063, 27, 30, 78, 25, 0, 0.06%, 10, 0, 11, 381.67
1733720104, 27, 31, 78, 24, 0, 0.06%, 10, 0, 11, 330.99
1733720165, 27, 32, 78, 23, 0, 0.06%, 10, 0, 11, 361.68
1733720195, 27, 33, 78, 22, 0, 0.06%, 10, 0, 11, 351.14
1733720200, 27, 39, 78, 22, 0, 0.06%, 10, 0, 11, 380.87
1733720211, 27, 40, 78, 22, 0, 0.06%, 10, 0, 11, 450.72
1733720226, 27, 41, 78, 22, 0, 0.06%, 10, 0, 11, 303.67
1733720236, 27, 43, 78, 22, 0, 0.06%, 10, 0, 11, 387.43
1733720256, 27, 44, 78, 22, 0, 0.06%, 10, 0, 11, 289.89
1733720261, 27, 45, 78, 22, 0, 0.06%, 10, 0, 11, 443.72
1733720277, 27, 46, 78, 22, 0, 0.06%, 10, 0, 11, 413.70
1733720292, 27, 47, 78, 22, 0, 0.06%, 10, 0, 11, 297.93
1733720312, 27, 48, 78, 22, 0, 0.06%, 10, 0, 11, 332.67
1733720333, 27, 49, 78, 22, 0, 0.06%, 10, 0, 11, 304.36
1733720358, 27, 50, 78, 22, 0, 0.06%, 10, 0, 11, 391.16
1733720373, 27, 51, 78, 22, 0, 0.06%, 10, 0, 11, 325.57
1733720393, 27, 52, 78, 22, 0, 0.06%, 10, 0, 11, 387.86
1733720409, 27, 53, 78, 22, 0, 0.06%, 10, 0, 11, 355.29
1733720429, 27, 54, 78, 22, 0, 0.06%, 10, 0, 11, 356.65
1733720531, 27, 55, 78, 21, 0, 0.06%, 10, 0, 11, 295.27
1733720637, 27, 57, 78, 20, 0, 0.06%, 10, 0, 11, 343.14
1733720642, 27, 58, 78, 20, 0, 0.06%, 10, 0, 11, 378.03
1733720647, 27, 59, 78, 20, 0, 0.06%, 10, 0, 11, 333.12
1733720652, 27, 60, 78, 20, 0, 0.06%, 10, 0, 11, 361.25
1733720657, 27, 62, 78, 20, 0, 0.06%, 10, 0, 11, 371.91
1733720662, 27, 68, 78, 20, 0, 0.06%, 10, 0, 11, 344.17
1733720668, 27, 69, 78, 20, 0, 0.06%, 10, 0, 11, 352.76
1733720678, 27, 74, 78, 20, 0, 0.06%, 10, 0, 11, 340.26
1733720703, 27, 75, 78, 20, 0, 0.06%, 10, 0, 11, 327.21
1733720729, 27, 76, 78, 20, 0, 0.06%, 10, 0, 11, 342.87
1733720759, 27, 77, 78, 20, 0, 0.06%, 10, 0, 11, 313.93
1733720790, 28, 14, 78, 20, 0, 0.06%, 10, 0, 11, 305.03
1733720800, 28, 29, 78, 20, 0, 0.06%, 10, 0, 11, 325.50
1733720810, 28, 39, 78, 20, 0, 0.06%, 10, 0, 11, 355.39
1733720821, 28, 41, 78, 20, 0, 0.06%, 10, 0, 11, 356.17
1733720831, 28, 44, 78, 20, 0, 0.06%, 10, 0, 11, 296.82
1733720836, 28, 50, 78, 20, 0, 0.06%, 10, 0, 11, 320.79
1733720841, 28, 51, 78, 20, 0, 0.06%, 10, 0, 11, 371.05
1733720856, 28, 52, 78, 20, 0, 0.06%, 10, 0, 11, 309.23
1733720876, 28, 58, 78, 20, 0, 0.06%, 10, 0, 11, 335.09
1733720881, 28, 59, 78, 20, 0, 0.06%, 10, 0, 11, 330.95
1733720886, 28, 60, 78, 20, 0, 0.06%, 10, 0, 11, 342.58
1733720891, 28, 62, 78, 20, 0, 0.06%, 10, 0, 11, 378.20
1733720901, 28, 68, 78, 20, 0, 0.06%, 10, 0, 11, 349.16
1733720906, 28, 69, 78, 20, 0, 0.06%, 10, 0, 11, 386.64
1733720912, 28, 74, 78, 20, 0, 0.06%, 10, 0, 11, 337.88
1733720942, 28, 75, 78, 20, 0, 0.06%, 10, 0, 11, 393.11
1733720967, 28, 76, 78, 20, 0, 0.06%, 10, 0, 11, 313.82
1733720993, 28, 77, 78, 20, 0, 0.06%, 10, 0, 11, 393.94
1733721023, 29, 33, 78, 20, 0, 0.06%, 10, 0, 11, 343.18
1733721028, 29, 44, 78, 20, 0, 0.06%, 10, 0, 11, 310.79
1733721034, 29, 57, 78, 20, 0, 0.06%, 10, 0, 11, 339.82
1733721039, 29, 58, 78, 20, 0, 0.06%, 10, 0, 11, 331.50
1733721044, 29, 59, 78, 20, 0, 0.06%, 10, 0, 11, 329.62
1733721049, 29, 60, 78, 20, 0, 0.06%, 10, 0, 11, 309.35
1733721054, 29, 62, 78, 20, 0, 0.06%, 10, 0, 11, 305.69
1733721059, 29, 68, 78, 20, 0, 0.06%, 10, 0, 11, 361.06
1733721064, 29, 69, 78, 20, 0, 0.06%, 10, 0, 11, 387.18
1733721069, 29, 74, 78, 20, 0, 0.06%, 10, 0, 11, 323.62
1733721099, 29, 75, 78, 20, 0, 0.06%, 10, 0, 11, 417.38
1733721125, 29, 76, 78, 20, 0, 0.06%, 10, 0, 11, 341.66
1733721155, 29, 77, 78, 20, 0, 0.06%, 10, 0, 11, 310.14
1733721181, 30, 33, 78, 20, 0, 0.06%, 10, 0, 11, 391.43
1733721186, 30, 44, 78, 20, 0, 0.06%, 10, 0, 11, 321.01
1733721191, 30, 57, 78, 20, 0, 0.06%, 10, 0, 11, 349.37
1733721196, 30, 58, 78, 20, 0, 0.06%, 10, 0, 11, 354.77
1733721201, 30, 59, 78, 20, 0, 0.06%, 10, 0, 11, 331.20
1733721206, 30, 60, 78, 20, 0, 0.06%, 10, 0, 11, 349.02
1733721211, 30, 62, 78, 20, 0, 0.06%, 10, 0, 11, 371.63
1733721216, 30, 68, 78, 20, 0, 0.06%, 10, 0, 11, 381.10
1733721221, 30, 69, 78, 20, 0, 0.06%, 10, 0, 11, 367.65
1733721231, 30, 74, 78, 20, 0, 0.06%, 10, 0, 11, 337.65
1733721257, 30, 75, 78, 20, 0, 0.06%, 10, 0, 11, 346.99
1733721282, 30, 76, 78, 20, 0, 0.06%, 10, 0, 11, 338.85
1733721313, 30, 77, 78, 20, 0, 0.06%, 10, 0, 11, 281.71
1733721338, 31, 33, 78, 20, 0, 0.06%, 10, 0, 11, 380.72
1733721343, 31, 44, 78, 20, 0, 0.06%, 10, 0, 11, 313.64
1733721348, 31, 57, 79, 21, 0, 0.06%, 10, 0, 11, 340.42
1733721354, 31, 58, 79, 21, 0, 0.06%, 10, 0, 11, 341.72
1733721359, 31, 59, 79, 21, 0, 0.06%, 10, 0, 11, 330.91
1733721364, 31, 62, 79, 21, 0, 0.06%, 10, 0, 11, 339.49
1733721374, 31, 68, 79, 21, 0, 0.06%, 10, 0, 11, 347.14
1733721379, 31, 69, 79, 21, 0, 0.06%, 10, 0, 11, 383.54
1733721384, 31, 74, 79, 21, 0, 0.06%, 10, 0, 11, 338.31
1733721415, 31, 75, 79, 21, 0, 0.06%, 10, 0, 11, 423.17
1733721440, 31, 76, 79, 21, 0, 0.06%, 10, 0, 11, 285.42
1733721470, 31, 77, 79, 21, 0, 0.06%, 10, 0, 11, 328.77
1733721496, 31, 78, 79, 21, 0, 0.06%, 10, 0, 11, 347.39
1733721613, 32, 33, 79, 20, 0, 0.06%, 10, 0, 11, 369.30
1733721618, 32, 44, 79, 20, 0, 0.06%, 10, 0, 11, 302.90
1733721623, 32, 58, 79, 20, 0, 0.06%, 10, 0, 11, 329.08
1733721628, 32, 59, 79, 20, 0, 0.06%, 10, 0, 11, 327.34
1733721633, 32, 60, 79, 20, 0, 0.06%, 10, 0, 11, 371.34
1733721638, 32, 62, 79, 20, 0, 0.06%, 10, 0, 11, 373.40
1733721644, 32, 68, 79, 20, 0, 0.06%, 10, 0, 11, 350.60
1733721649, 32, 69, 79, 20, 0, 0.06%, 10, 0, 11, 361.15
1733721659, 32, 74, 79, 20, 0, 0.06%, 10, 0, 11, 346.43
1733721674, 32, 75, 79, 20, 0, 0.06%, 10, 0, 11, 416.30
1733721689, 32, 76, 79, 20, 0, 0.06%, 10, 0, 11, 320.54
1733721705, 32, 77, 79, 20, 0, 0.06%, 10, 0, 11, 291.86
1733721720, 32, 78, 79, 20, 0, 0.06%, 10, 0, 11, 325.16
1733721750, 33, 44, 79, 20, 0, 0.06%, 10, 0, 11, 339.19
1733721755, 33, 57, 79, 20, 0, 0.06%, 10, 0, 11, 298.05
1733721760, 33, 58, 79, 20, 0, 0.06%, 10, 0, 11, 356.06
1733721766, 33, 59, 79, 20, 0, 0.06%, 10, 0, 11, 340.15
1733721771, 33, 60, 79, 20, 0, 0.06%, 10, 0, 11, 362.33
1733721776, 33, 62, 79, 20, 0, 0.06%, 10, 0, 11, 391.13
1733721781, 33, 68, 79, 20, 0, 0.06%, 10, 0, 11, 311.60
1733721786, 33, 69, 79, 20, 0, 0.06%, 10, 0, 11, 338.81
1733721796, 33, 74, 79, 20, 0, 0.06%, 10, 0, 11, 335.94
1733721811, 33, 75, 79, 20, 0, 0.06%, 10, 0, 11, 428.58
1733721821, 33, 76, 79, 20, 0, 0.06%, 10, 0, 11, 310.73
1733721842, 33, 77, 79, 20, 0, 0.06%, 10, 0, 11, 310.07
1733721857, 33, 78, 79, 20, 0, 0.06%, 10, 0, 11, 357.44
1733721888, 34, 44, 79, 20, 0, 0.06%, 10, 0, 11, 317.45
1733721893, 34, 57, 79, 20, 0, 0.06%, 10, 0, 11, 310.96
1733721898, 34, 58, 79, 20, 0, 0.06%, 10, 0, 11, 365.69
1733721903, 34, 59, 79, 20, 0, 0.06%, 10, 0, 11, 328.15
1733721908, 34, 60, 79, 20, 0, 0.06%, 10, 0, 11, 349.27
1733721913, 34, 62, 79, 20, 0, 0.06%, 10, 0, 11, 389.71
1733721918, 34, 68, 79, 20, 0, 0.06%, 10, 0, 11, 338.41
1733721928, 34, 69, 79, 20, 0, 0.06%, 10, 0, 11, 352.41
1733721933, 34, 74, 79, 20, 0, 0.06%, 10, 0, 11, 334.46
1733721943, 34, 75, 79, 20, 0, 0.06%, 10, 0, 11, 359.12
1733721948, 34, 76, 79, 20, 0, 0.06%, 10, 0, 11, 312.72
1733721959, 34, 77, 79, 20, 0, 0.06%, 10, 0, 11, 305.98
1733721969, 34, 78, 79, 20, 0, 0.06%, 10, 0, 11, 348.70
1733721994, 35, 33, 79, 20, 0, 0.06%, 10, 0, 11, 352.26
1733721999, 35, 44, 79, 20, 0, 0.06%, 10, 0, 11, 325.10
1733722004, 35, 57, 79, 20, 0, 0.06%, 10, 0, 11, 356.39
1733722009, 35, 58, 79, 20, 0, 0.06%, 10, 0, 11, 346.27
1733722015, 35, 59, 79, 20, 0, 0.06%, 10, 0, 11, 334.94
1733722020, 35, 60, 79, 20, 0, 0.06%, 10, 0, 11, 335.41
1733722025, 35, 62, 79, 20, 0, 0.06%, 10, 0, 11, 355.11
1733722030, 35, 68, 79, 20, 0, 0.06%, 10, 0, 11, 377.98
1733722035, 35, 69, 79, 20, 0, 0.06%, 10, 0, 11, 387.19
1733722040, 35, 74, 79, 20, 0, 0.06%, 10, 0, 11, 337.46
1733722050, 35, 75, 79, 20, 0, 0.06%, 10, 0, 11, 354.92
1733722060, 35, 76, 79, 20, 0, 0.06%, 10, 0, 11, 362.58
1733722071, 35, 77, 79, 20, 0, 0.06%, 10, 0, 11, 337.49
1733722081, 35, 78, 79, 20, 0, 0.06%, 10, 0, 11, 340.22
1733722106, 36, 33, 79, 20, 0, 0.06%, 10, 0, 11, 364.48
1733722111, 36, 44, 79, 20, 0, 0.06%, 10, 0, 11, 317.05
1733722117, 36, 57, 79, 20, 0, 0.06%, 10, 0, 11, 339.80
1733722122, 36, 58, 79, 20, 0, 0.06%, 10, 0, 11, 352.00
1733722127, 36, 59, 79, 20, 0, 0.06%, 10, 0, 11, 315.66
1733722132, 36, 60, 79, 20, 0, 0.06%, 10, 0, 11, 333.50
1733722137, 36, 62, 79, 20, 0, 0.06%, 10, 0, 11, 366.25
1733722142, 36, 68, 79, 20, 0, 0.06%, 10, 0, 11, 381.33
1733722147, 36, 69, 79, 20, 0, 0.06%, 10, 0, 11, 337.49
1733722157, 36, 74, 79, 20, 0, 0.06%, 10, 0, 11, 355.31
1733722162, 36, 75, 79, 20, 0, 0.06%, 10, 0, 11, 373.82
1733722172, 36, 76, 79, 20, 0, 0.06%, 10, 0, 11, 360.52
1733722183, 36, 77, 79, 20, 0, 0.06%, 10, 0, 11, 324.67
1733722193, 36, 78, 79, 20, 0, 0.06%, 10, 0, 11, 346.97
1733722223, 37, 44, 79, 20, 0, 0.06%, 10, 0, 11, 330.13
1733722228, 37, 57, 79, 20, 0, 0.06%, 10, 0, 11, 320.20
1733722233, 37, 58, 79, 20, 0, 0.06%, 10, 0, 11, 337.32
1733722238, 37, 59, 79, 20, 0, 0.06%, 10, 0, 11, 324.02
1733722243, 37, 60, 79, 20, 0, 0.06%, 10, 0, 11, 366.89
1733722248, 37, 62, 79, 20, 0, 0.06%, 10, 0, 11, 385.27
1733722253, 37, 68, 79, 20, 0, 0.06%, 10, 0, 11, 336.84
1733722258, 37, 69, 79, 20, 0, 0.06%, 10, 0, 11, 344.25
1733722269, 37, 74, 79, 20, 0, 0.06%, 10, 0, 11, 335.06
1733722279, 37, 75, 79, 20, 0, 0.06%, 10, 0, 11, 355.00
1733722284, 37, 76, 79, 20, 0, 0.06%, 10, 0, 11, 311.25
1733722294, 37, 77, 79, 20, 0, 0.06%, 10, 0, 11, 326.44
1733722304, 37, 78, 79, 20, 0, 0.06%, 10, 0, 11, 348.51
1733722335, 38, 33, 79, 20, 0, 0.06%, 10, 0, 11, 351.59
1733722340, 38, 44, 79, 20, 0, 0.06%, 10, 0, 11, 303.06
1733722345, 38, 57, 79, 20, 0, 0.06%, 10, 0, 11, 314.44
1733722350, 38, 59, 79, 20, 0, 0.06%, 10, 0, 11, 336.21
1733722360, 38, 62, 79, 20, 0, 0.06%, 10, 0, 11, 313.04
1733722370, 38, 68, 79, 20, 0, 0.06%, 10, 0, 11, 355.93
1733722375, 38, 69, 79, 20, 0, 0.06%, 10, 0, 11, 384.29
1733722380, 38, 70, 79, 20, 0, 0.06%, 10, 0, 11, 337.05
1733722401, 38, 71, 79, 20, 0, 0.06%, 10, 0, 11, 354.85
1733722416, 38, 72, 79, 20, 0, 0.06%, 10, 0, 11, 307.30
1733722513, 38, 73, 79, 19, 0, 0.06%, 10, 0, 11, 360.62
1733722604, 38, 74, 79, 18, 0, 0.06%, 10, 0, 11, 319.47
1733722614, 38, 75, 79, 18, 0, 0.06%, 10, 0, 11, 369.41
1733722619, 38, 76, 79, 18, 0, 0.06%, 10, 0, 11, 320.59
1733722629, 38, 77, 79, 18, 0, 0.06%, 10, 0, 11, 342.55
1733722639, 38, 78, 79, 18, 0, 0.06%, 10, 0, 11, 362.60
1733722655, 39, 11, 79, 18, 0, 0.06%, 10, 0, 11, 312.15
1733722660, 39, 13, 79, 18, 0, 0.06%, 10, 0, 11, 317.73
1733722665, 39, 14, 79, 18, 0, 0.06%, 10, 0, 11, 298.08
1733722670, 39, 19, 79, 18, 0, 0.06%, 10, 0, 11, 291.18
1733722680, 39, 21, 79, 18, 0, 0.06%, 10, 0, 11, 353.14
1733722690, 39, 22, 79, 18, 0, 0.06%, 10, 0, 11, 285.28
1733722700, 39, 24, 79, 18, 0, 0.06%, 10, 0, 11, 318.50
1733722705, 39, 25, 79, 18, 0, 0.06%, 10, 0, 11, 306.17
1733722715, 39, 26, 79, 18, 0, 0.06%, 10, 0, 11, 364.45
1733722726, 39, 27, 79, 18, 0, 0.06%, 10, 0, 11, 329.10
1733722746, 39, 28, 79, 18, 0, 0.06%, 10, 0, 11, 362.25
1733722776, 39, 29, 79, 18, 0, 0.06%, 10, 0, 11, 315.62
1733722781, 39, 30, 79, 18, 0, 0.06%, 10, 0, 11, 395.48
1733722797, 39, 31, 79, 18, 0, 0.06%, 10, 0, 11, 369.65
1733722812, 39, 32, 79, 18, 0, 0.06%, 10, 0, 11, 368.68
1733722832, 39, 33, 79, 18, 0, 0.06%, 10, 0, 11, 326.52
1733722837, 39, 34, 79, 18, 0, 0.06%, 10, 0, 11, 301.07
1733722853, 39, 35, 79, 18, 0, 0.06%, 10, 0, 11, 332.52
1733722893, 39, 37, 79, 17, 0, 0.06%, 10, 0, 11, 315.84
1733722934, 39, 38, 79, 16, 0, 0.06%, 10, 0, 11, 433.65
1733722965, 39, 39, 79, 15, 0, 0.06%, 10, 0, 11, 311.81
1733722975, 39, 40, 79, 15, 0, 0.06%, 10, 0, 11, 499.30
1733722985, 39, 41, 79, 15, 0, 0.06%, 10, 0, 11, 331.55
1733722990, 39, 42, 79, 15, 0, 0.06%, 10, 0, 11, 354.21
1733723041, 39, 43, 79, 14, 0, 0.06%, 10, 0, 11, 411.95
1733723056, 39, 44, 79, 14, 0, 0.06%, 10, 0, 11, 303.66
1733723061, 39, 45, 79, 14, 0, 0.06%, 10, 0, 11, 498.57
1733723082, 39, 46, 79, 14, 0, 0.06%, 10, 0, 11, 312.65
1733723102, 39, 47, 79, 14, 0, 0.06%, 10, 0, 11, 333.99
1733723122, 39, 48, 79, 14, 0, 0.06%, 10, 0, 11, 525.06
1733723148, 39, 49, 79, 14, 0, 0.06%, 10, 0, 11, 274.01
1733723720, 39, 50, 79, 14, 0, 0.06%, 10, 0, 11, 336.51
1733723725, 39, 51, 79, 14, 0, 0.06%, 10, 0, 11, 336.59
1733723730, 39, 52, 79, 14, 0, 0.06%, 10, 0, 11, 339.74
1733723735, 39, 53, 79, 14, 0, 0.06%, 10, 0, 11, 333.88
1733723755, 39, 54, 79, 14, 0, 0.06%, 10, 0, 11, 367.51
1733723770, 39, 55, 79, 14, 0, 0.06%, 10, 0, 11, 298.15
1733723786, 39, 56, 79, 14, 0, 0.06%, 10, 0, 11, 328.17
1733723826, 39, 57, 79, 13, 0, 0.06%, 10, 0, 11, 334.16
1733723831, 39, 58, 79, 13, 0, 0.06%, 10, 0, 11, 338.50
1733723836, 39, 59, 79, 13, 0, 0.06%, 10, 0, 11, 328.89
1733723841, 39, 60, 79, 13, 0, 0.06%, 10, 0, 11, 317.45
1733723846, 39, 61, 79, 13, 0, 0.06%, 10, 0, 11, 475.78
1733723872, 39, 62, 79, 12, 0, 0.06%, 10, 0, 11, 351.47
1733723882, 39, 63, 79, 12, 0, 0.06%, 10, 0, 11, 392.91
1733724015, 39, 64, 79, 11, 0, 0.06%, 10, 0, 11, 394.53
1733724133, 39, 65, 79, 10, 0, 0.06%, 10, 0, 11, 254.31
1733724766, 39, 68, 79, 9, 0, 0.06%, 10, 0, 11, 373.10
1733724771, 39, 69, 79, 9, 0, 0.06%, 10, 0, 11, 356.63
1733724776, 39, 70, 79, 9, 0, 0.06%, 10, 0, 11, 371.43
1733724791, 39, 71, 79, 9, 0, 0.06%, 10, 0, 11, 321.37
1733724811, 39, 74, 79, 9, 0, 0.06%, 10, 0, 11, 343.23
1733724816, 39, 75, 79, 9, 0, 0.06%, 10, 0, 11, 317.78
1733724826, 39, 76, 79, 9, 0, 0.06%, 10, 0, 11, 285.50
1733724836, 39, 77, 79, 9, 0, 0.06%, 10, 0, 11, 320.35
1733724847, 39, 78, 79, 9, 0, 0.06%, 10, 0, 11, 346.85
1733724862, 40, 14, 79, 9, 0, 0.06%, 10, 0, 11, 318.02
1733724867, 40, 22, 79, 9, 0, 0.06%, 10, 0, 11, 307.09
1733724872, 40, 25, 79, 9, 0, 0.06%, 10, 0, 11, 325.96
1733724877, 40, 26, 79, 9, 0, 0.06%, 10, 0, 11, 318.09
1733724887, 40, 27, 79, 9, 0, 0.06%, 10, 0, 11, 320.36
1733724897, 40, 28, 79, 9, 0, 0.06%, 10, 0, 11, 390.41
1733724918, 40, 29, 79, 9, 0, 0.06%, 10, 0, 11, 358.72
1733724923, 40, 33, 79, 9, 0, 0.06%, 10, 0, 11, 382.83
1733724928, 40, 39, 79, 9, 0, 0.06%, 10, 0, 11, 347.97
1733724933, 40, 41, 79, 9, 0, 0.06%, 10, 0, 11, 358.15
1733724938, 40, 44, 79, 9, 0, 0.06%, 10, 0, 11, 295.72
1733724943, 40, 50, 79, 9, 0, 0.06%, 10, 0, 11, 324.93
1733724948, 40, 51, 79, 9, 0, 0.06%, 10, 0, 11, 333.38
1733724953, 40, 52, 79, 9, 0, 0.06%, 10, 0, 11, 357.20
1733724958, 40, 53, 79, 9, 0, 0.06%, 10, 0, 11, 345.44
1733724963, 40, 54, 79, 9, 0, 0.06%, 10, 0, 11, 383.88
1733724979, 40, 55, 79, 9, 0, 0.06%, 10, 0, 11, 348.10
1733724994, 40, 57, 79, 9, 0, 0.06%, 10, 0, 11, 353.58
1733724999, 40, 58, 79, 9, 0, 0.06%, 10, 0, 11, 371.34
1733725004, 40, 59, 79, 9, 0, 0.06%, 10, 0, 11, 329.94
1733725009, 40, 60, 79, 9, 0, 0.06%, 10, 0, 11, 347.73
1733725014, 40, 62, 79, 9, 0, 0.06%, 10, 0, 11, 350.98
1733725019, 40, 68, 79, 9, 0, 0.06%, 10, 0, 11, 359.77
1733725029, 40, 69, 79, 9, 0, 0.06%, 10, 0, 11, 353.87
1733725034, 40, 70, 79, 9, 0, 0.06%, 10, 0, 11, 345.98
1733725044, 40, 74, 79, 9, 0, 0.06%, 10, 0, 11, 335.11
1733725054, 40, 75, 79, 9, 0, 0.06%, 10, 0, 11, 363.63
1733725059, 40, 76, 79, 9, 0, 0.06%, 10, 0, 11, 318.71
1733725070, 40, 77, 79, 9, 0, 0.06%, 10, 0, 11, 348.57
1733725080, 40, 78, 79, 9, 0, 0.06%, 10, 0, 11, 307.72
1733725095, 41, 14, 79, 9, 0, 0.06%, 10, 0, 11, 336.63
1733725100, 41, 29, 79, 9, 0, 0.06%, 10, 0, 11, 317.04
1733725105, 41, 33, 79, 9, 0, 0.06%, 10, 0, 11, 336.04
1733725110, 41, 39, 79, 9, 0, 0.06%, 10, 0, 11, 326.97
1733725115, 41, 41, 79, 9, 0, 0.06%, 10, 0, 11, 340.74
1733725121, 41, 44, 79, 9, 0, 0.06%, 10, 0, 11, 309.23
1733725126, 41, 50, 79, 9, 0, 0.06%, 10, 0, 11, 319.22
1733725131, 41, 52, 79, 9, 0, 0.06%, 10, 0, 11, 322.75
1733725141, 41, 53, 79, 9, 0, 0.06%, 10, 0, 11, 341.48
1733725146, 41, 54, 79, 9, 0, 0.06%, 10, 0, 11, 356.71
1733725151, 41, 55, 79, 9, 0, 0.06%, 10, 0, 11, 336.06
1733725156, 41, 57, 79, 9, 0, 0.06%, 10, 0, 11, 328.48
1733725161, 41, 59, 79, 9, 0, 0.06%, 10, 0, 11, 338.65
1733725171, 41, 62, 79, 9, 0, 0.06%, 10, 0, 11, 323.55
1733725181, 41, 68, 79, 9, 0, 0.06%, 10, 0, 11, 360.68
1733725186, 41, 69, 79, 9, 0, 0.06%, 10, 0, 11, 373.08
1733725191, 41, 74, 79, 9, 0, 0.06%, 10, 0, 11, 319.47
1733725202, 41, 75, 79, 9, 0, 0.06%, 10, 0, 11, 374.37
1733725207, 41, 76, 79, 9, 0, 0.06%, 10, 0, 11, 363.21
1733725217, 41, 77, 79, 9, 0, 0.06%, 10, 0, 11, 380.46
1733725227, 41, 78, 79, 9, 0, 0.06%, 10, 0, 11, 348.94
1733725237, 42, 14, 79, 9, 0, 0.06%, 10, 0, 11, 316.16
1733725242, 42, 29, 79, 9, 0, 0.06%, 10, 0, 11, 311.79
1733725247, 42, 39, 79, 9, 0, 0.06%, 10, 0, 11, 339.65
1733725252, 42, 41, 79, 9, 0, 0.06%, 10, 0, 11, 326.77
1733725257, 42, 44, 79, 9, 0, 0.06%, 10, 0, 11, 326.79
1733725262, 42, 50, 79, 9, 0, 0.06%, 10, 0, 11, 307.25
1733725267, 42, 51, 79, 9, 0, 0.06%, 10, 0, 11, 338.02
1733725273, 42, 52, 79, 9, 0, 0.06%, 10, 0, 11, 342.20
1733725278, 42, 53, 79, 9, 0, 0.06%, 10, 0, 11, 331.28
1733725283, 42, 54, 79, 9, 0, 0.06%, 10, 0, 11, 305.39
1733725288, 42, 55, 79, 9, 0, 0.06%, 10, 0, 11, 325.49
1733725293, 42, 79, 80, 10, 1, 0.07%, 11, 0, 11, 330.21
1733725369, 43, 79, 80, 9, 0, 0.07%, 11, 0, 11, 270.30
1733725404, 44, 79, 80, 9, 0, 0.07%, 11, 0, 11, 241.48
1733725435, 45, 79, 80, 9, 0, 0.07%, 11, 0, 11, 301.72
1733725470, 46, 79, 80, 9, 0, 0.07%, 11, 0, 11, 256.78
1733725506, 47, 79, 80, 9, 0, 0.07%, 11, 0, 11, 244.36
1733725536, 48, 79, 80, 9, 0, 0.07%, 11, 0, 11, 288.25
1733725566, 49, 79, 80, 9, 0, 0.07%, 11, 0, 11, 322.22
1733725602, 50, 79, 80, 9, 0, 0.07%, 11, 0, 11, 257.22
1733725632, 51, 79, 80, 9, 0, 0.07%, 11, 0, 11, 287.08
1733725668, 52, 79, 80, 9, 0, 0.07%, 11, 0, 11, 249.68
1733725683, 53, 79, 80, 9, 0, 0.07%, 11, 0, 11, 268.22
1733725698, 54, 79, 80, 9, 0, 0.07%, 11, 0, 11, 271.52
1733725709, 55, 79, 80, 9, 0, 0.07%, 11, 0, 11, 265.46
1733725714, 56, 79, 80, 9, 0, 0.07%, 11, 0, 11, 276.77
1733725724, 57, 79, 80, 9, 0, 0.07%, 11, 0, 11, 253.32
1733725729, 58, 79, 80, 9, 0, 0.07%, 11, 0, 11, 279.40
1733725739, 59, 79, 80, 9, 0, 0.07%, 11, 0, 11, 263.36
1733725749, 60, 79, 80, 9, 0, 0.07%, 11, 0, 11, 257.82
1733725754, 61, 79, 80, 9, 0, 0.07%, 11, 0, 11, 278.68
1733725764, 62, 79, 80, 9, 0, 0.07%, 11, 0, 11, 254.78
1733725769, 63, 79, 80, 9, 0, 0.07%, 11, 0, 11, 290.23
1733725780, 64, 79, 80, 9, 0, 0.07%, 11, 0, 11, 260.33
1733725790, 65, 79, 80, 9, 0, 0.07%, 11, 0, 11, 259.59
1733725795, 66, 79, 80, 9, 0, 0.07%, 11, 0, 11, 276.76
1733725805, 67, 79, 80, 9, 0, 0.07%, 11, 0, 11, 242.06
1733725815, 68, 79, 80, 9, 0, 0.07%, 11, 0, 11, 245.98
1733725820, 69, 79, 80, 9, 0, 0.07%, 11, 0, 11, 260.32
1733725830, 70, 79, 80, 9, 0, 0.07%, 11, 0, 11, 253.74
1733725840, 71, 79, 80, 9, 0, 0.07%, 11, 0, 11, 259.08
1733725845, 72, 79, 80, 9, 0, 0.07%, 11, 0, 11, 271.94
1733725856, 73, 79, 80, 9, 0, 0.07%, 11, 0, 11, 242.10
1733725866, 74, 79, 80, 9, 0, 0.07%, 11, 0, 11, 258.54
1733725871, 75, 79, 80, 9, 0, 0.07%, 11, 0, 11, 259.96
1733725881, 76, 79, 80, 9, 0, 0.07%, 11, 0, 11, 246.94
1733725891, 77, 79, 80, 9, 0, 0.07%, 11, 0, 11, 252.87
1733725896, 78, 79, 80, 9, 0, 0.07%, 11, 0, 11, 272.09
1733725906, 79, 79, 80, 9, 0, 0.07%, 11, 0, 11, 248.49
1733725916, 80, 79, 80, 9, 0, 0.07%, 11, 0, 11, 243.46
1733725922, 81, 79, 80, 9, 0, 0.07%, 11, 0, 11, 265.10
1733725932, 82, 79, 80, 9, 0, 0.07%, 11, 0, 11, 252.97
1733725942, 83, 79, 80, 9, 0, 0.07%, 11, 0, 11, 281.99
1733725947, 84, 79, 80, 9, 0, 0.07%, 11, 0, 11, 259.68
1733725957, 85, 79, 80, 9, 0, 0.07%, 11, 0, 11, 271.71
1733725962, 86, 79, 80, 9, 0, 0.07%, 11, 0, 11, 279.69
1733725968, 86, 79, 82, 11, 0, 0.09%, 13, 0, 11, 263.23
1733725983, 86, 81, 82, 11, 1, 0.09%, 13, 0, 11, 299.31
1733726064, 87, 80, 82, 10, 0, 0.09%, 13, 0, 11, 383.01
1733726069, 87, 80, 83, 11, 0, 0.09%, 13, 0, 11, 456.22
1733726095, 87, 80, 84, 12, 0, 0.09%, 13, 0, 11, 485.97
1733726135, 87, 81, 84, 11, 0, 0.09%, 13, 0, 11, 287.33
1733726175, 87, 82, 84, 11, 0, 0.09%, 13, 0, 11, 366.63
1733726221, 87, 83, 85, 11, 0, 0.09%, 14, 0, 11, 320.87
1733726272, 87, 84, 85, 10, 1, 0.09%, 14, 0, 11, 445.39
1733726283, 87, 84, 87, 12, 1, 0.11%, 15, 0, 12, 485.12
1733726313, 87, 84, 88, 13, 1, 0.11%, 16, 0, 12, 487.68
1733726338, 87, 87, 88, 12, 2, 0.11%, 16, 0, 12, 282.17
1733726343, 87, 87, 107, 31, 2, 0.13%, 18, 0, 13, 304.26
1733726353, 87, 87, 108, 32, 2, 0.13%, 18, 0, 13, 500.57
1733726384, 87, 87, 109, 33, 2, 0.13%, 18, 0, 13, 505.62
1733726394, 87, 87, 110, 34, 2, 0.13%, 18, 0, 13, 507.58
1733726399, 87, 87, 110, 34, 2, 0.13%, 19, 0, 13, 508.02
1733726409, 87, 87, 111, 35, 2, 0.13%, 19, 0, 13, 511.52
1733726430, 87, 109, 111, 34, 4, 0.13%, 19, 0, 13, 350.48
1733726435, 87, 109, 112, 35, 4, 0.13%, 19, 0, 14, 431.28
1733726506, 88, 88, 113, 35, 3, 0.13%, 20, 0, 14, 361.57
1733726511, 88, 88, 114, 36, 3, 0.13%, 20, 0, 14, 459.11
1733726516, 88, 88, 115, 37, 3, 0.13%, 20, 0, 14, 506.11
1733726567, 88, 88, 116, 38, 3, 0.13%, 21, 0, 14, 515.94
1733726597, 88, 115, 116, 37, 4, 0.13%, 21, 0, 14, 362.62
1733726602, 88, 115, 118, 39, 4, 0.14%, 23, 0, 15, 389.86
1733726607, 88, 115, 119, 40, 4, 0.14%, 23, 0, 15, 485.40
1733726618, 88, 115, 120, 41, 4, 0.14%, 23, 0, 15, 519.17
1733726623, 88, 115, 121, 42, 4, 0.14%, 23, 0, 15, 510.73
1733726693, 88, 116, 121, 41, 5, 0.14%, 23, 0, 15, 315.30
1733726708, 88, 116, 122, 42, 5, 0.14%, 23, 0, 16, 509.00
1733726718, 88, 116, 123, 43, 5, 0.14%, 23, 0, 16, 519.77
1733726784, 88, 117, 123, 42, 4, 0.14%, 23, 0, 16, 352.12
1733726805, 88, 117, 124, 43, 4, 0.14%, 23, 0, 16, 517.72
1733726881, 88, 119, 126, 44, 3, 0.14%, 23, 0, 16, 357.74
1733726916, 88, 119, 127, 45, 3, 0.14%, 23, 0, 16, 436.95
1733726921, 88, 119, 128, 46, 3, 0.14%, 23, 0, 16, 429.28
1733726977, 88, 123, 128, 45, 2, 0.14%, 23, 0, 16, 403.44
1733726982, 88, 123, 129, 46, 2, 0.15%, 24, 0, 17, 419.87
1733727002, 88, 123, 130, 47, 2, 0.15%, 24, 0, 17, 522.04
1733727012, 88, 123, 131, 48, 2, 0.15%, 24, 0, 17, 524.73
1733727033, 88, 123, 132, 49, 2, 0.15%, 24, 0, 17, 528.95
1733727073, 88, 128, 133, 49, 3, 0.15%, 25, 0, 18, 342.88
1733727078, 88, 128, 134, 50, 3, 0.15%, 25, 0, 18, 411.81
1733727129, 88, 128, 135, 51, 3, 0.15%, 25, 0, 18, 318.40
1733727139, 88, 132, 136, 51, 3, 0.15%, 25, 0, 19, 388.07
1733727154, 88, 132, 137, 52, 3, 0.15%, 25, 0, 19, 515.49
1733727206, 88, 132, 138, 53, 3, 0.15%, 25, 0, 19, 520.19
1733727231, 88, 133, 138, 52, 3, 0.15%, 25, 0, 19, 332.33
1733727246, 88, 133, 139, 53, 3, 0.15%, 25, 0, 19, 524.27
1733727262, 88, 133, 141, 55, 3, 0.15%, 26, 0, 19, 519.08
1733727317, 88, 133, 142, 56, 3, 0.15%, 26, 0, 19, 317.86
1733727328, 88, 140, 142, 55, 4, 0.15%, 26, 0, 19, 344.67
1733727333, 88, 140, 143, 56, 4, 0.15%, 27, 0, 20, 208.20
1733727343, 88, 140, 149, 62, 4, 0.15%, 27, 0, 20, 394.60
1733727348, 88, 140, 150, 63, 4, 0.15%, 27, 0, 20, 406.74
1733727404, 88, 140, 151, 64, 4, 0.15%, 27, 0, 20, 416.51
1733727439, 88, 142, 151, 63, 4, 0.15%, 27, 0, 20, 305.16
1733727444, 88, 142, 153, 65, 4, 0.16%, 28, 0, 21, 189.54
1733727450, 88, 142, 154, 66, 4, 0.16%, 28, 0, 21, 342.12
1733727455, 88, 142, 155, 67, 4, 0.16%, 29, 0, 21, 402.33
1733727470, 88, 142, 156, 68, 4, 0.16%, 29, 0, 21, 435.75
1733727475, 88, 142, 157, 69, 4, 0.16%, 29, 0, 21, 424.56
1733727490, 88, 142, 158, 70, 4, 0.16%, 30, 0, 21, 424.91
1733727495, 88, 142, 159, 71, 4, 0.16%, 31, 0, 21, 423.48
1733727552, 88, 157, 159, 70, 7, 0.16%, 31, 0, 21, 272.07
1733727587, 88, 157, 160, 71, 7, 0.16%, 31, 0, 22, 433.35
1733727659, 88, 158, 161, 71, 6, 0.16%, 32, 0, 22, 264.00
1733727674, 88, 158, 162, 72, 6, 0.16%, 32, 0, 22, 427.24
1733727715, 88, 158, 163, 73, 6, 0.16%, 32, 0, 22, 435.69
1733727766, 88, 160, 163, 72, 6, 0.16%, 32, 0, 22, 307.02
1733727776, 88, 160, 164, 73, 6, 0.16%, 32, 0, 23, 345.46
1733727826, 88, 160, 165, 74, 6, 0.16%, 32, 0, 23, 426.54
1733727872, 89, 151, 166, 74, 5, 0.17%, 33, 0, 23, 277.95
1733727892, 89, 151, 167, 75, 5, 0.17%, 33, 0, 23, 429.65
1733727984, 89, 165, 167, 74, 5, 0.17%, 33, 0, 23, 248.29
1733727999, 89, 165, 168, 75, 5, 0.17%, 34, 0, 23, 451.52
1733728009, 89, 165, 169, 76, 5, 0.17%, 34, 0, 23, 459.20
1733728085, 89, 167, 172, 78, 5, 0.18%, 37, 0, 24, 225.31
1733728095, 89, 167, 173, 79, 5, 0.18%, 37, 0, 24, 429.11
1733728186, 89, 169, 173, 78, 7, 0.18%, 37, 0, 24, 334.14
1733728191, 89, 169, 175, 80, 7, 0.18%, 39, 0, 25, 207.47
1733728258, 89, 171, 175, 79, 8, 0.18%, 39, 0, 25, 334.06
1733728263, 89, 171, 176, 80, 8, 0.18%, 40, 0, 25, 233.75
1733728278, 89, 171, 177, 81, 8, 0.18%, 40, 0, 25, 438.64
1733728364, 89, 173, 178, 81, 8, 0.18%, 41, 0, 26, 317.74
1733728374, 89, 173, 179, 82, 8, 0.18%, 41, 0, 26, 388.57
1733728470, 89, 175, 181, 83, 10, 0.18%, 43, 0, 26, 346.83
1733728475, 89, 175, 183, 85, 10, 0.19%, 45, 0, 26, 215.23
1733728491, 89, 175, 184, 86, 10, 0.19%, 45, 0, 26, 442.58
1733728577, 89, 177, 187, 88, 11, 0.19%, 47, 0, 27, 284.03
1733728582, 89, 177, 187, 88, 11, 0.19%, 48, 0, 27, 230.79
1733728587, 89, 177, 188, 89, 11, 0.19%, 49, 0, 27, 389.02
1733728597, 89, 177, 189, 90, 11, 0.19%, 49, 0, 27, 442.72
1733728683, 89, 180, 192, 92, 13, 0.20%, 52, 0, 27, 232.32
1733728688, 89, 180, 194, 94, 13, 0.20%, 54, 0, 27, 170.26
1733728694, 89, 180, 201, 101, 13, 0.21%, 61, 0, 27, 162.02
1733728709, 89, 180, 203, 103, 13, 0.22%, 63, 0, 27, 199.83
1733728725, 89, 180, 204, 104, 13, 0.22%, 63, 0, 27, 376.24
1733728730, 89, 180, 205, 105, 13, 0.22%, 64, 0, 27, 397.50
1733728805, 89, 180, 206, 106, 13, 0.22%, 64, 0, 27, 345.91
1733728825, 89, 189, 208, 107, 27, 0.22%, 66, 0, 28, 293.18
1733728866, 89, 189, 210, 109, 27, 0.22%, 67, 0, 28, 341.24
1733728886, 89, 189, 211, 110, 27, 0.22%, 68, 0, 28, 402.64
1733728967, 89, 190, 212, 110, 30, 0.22%, 69, 0, 28, 252.03
1733729008, 89, 190, 213, 111, 30, 0.22%, 69, 0, 28, 368.96
1733729013, 89, 190, 214, 112, 30, 0.23%, 70, 0, 28, 395.87
1733729085, 89, 190, 215, 113, 30, 0.23%, 71, 0, 28, 407.85
1733729110, 89, 191, 216, 113, 32, 0.23%, 72, 0, 28, 276.15
1733729151, 89, 191, 217, 114, 32, 0.23%, 72, 0, 28, 357.45
1733729252, 89, 204, 217, 113, 32, 0.23%, 72, 0, 28, 316.24
1733729283, 89, 204, 218, 114, 32, 0.23%, 73, 0, 28, 491.61
1733729303, 89, 204, 219, 115, 32, 0.23%, 73, 0, 28, 478.36
1733729343, 89, 204, 220, 116, 32, 0.23%, 73, 0, 28, 389.79
1733729348, 89, 210, 221, 116, 32, 0.23%, 74, 0, 29, 279.91
1733729389, 89, 210, 222, 117, 32, 0.23%, 74, 0, 29, 363.38
1733729485, 89, 210, 224, 119, 32, 0.23%, 74, 0, 29, 392.07
1733729491, 89, 211, 224, 118, 32, 0.23%, 74, 0, 29, 385.98
1733729496, 89, 211, 225, 119, 32, 0.23%, 75, 0, 29, 214.39
1733729537, 89, 211, 226, 120, 32, 0.23%, 75, 0, 29, 388.29
1733729633, 89, 220, 228, 121, 32, 0.24%, 76, 0, 30, 225.95
1733729638, 89, 220, 228, 121, 32, 0.24%, 77, 0, 30, 167.53
1733729679, 89, 220, 229, 122, 32, 0.24%, 77, 0, 30, 392.35
1733729776, 89, 224, 229, 121, 33, 0.24%, 77, 0, 30, 326.63
1733729822, 89, 224, 230, 122, 33, 0.24%, 77, 0, 30, 394.40
1733729862, 89, 224, 231, 123, 33, 0.24%, 77, 0, 30, 402.68
1733729918, 89, 226, 231, 122, 32, 0.24%, 77, 0, 30, 366.42
1733729923, 89, 226, 232, 123, 32, 0.24%, 78, 0, 31, 210.73
1733729964, 89, 226, 233, 124, 32, 0.24%, 78, 0, 31, 379.42
1733730061, 89, 227, 233, 123, 32, 0.24%, 78, 0, 31, 383.91
1733730112, 89, 227, 234, 124, 32, 0.24%, 78, 0, 31, 403.60
1733730208, 89, 231, 234, 123, 31, 0.24%, 78, 0, 31, 218.51
1733730213, 89, 231, 235, 124, 31, 0.24%, 79, 0, 32, 166.56
1733730249, 89, 231, 236, 125, 31, 0.24%, 79, 0, 32, 386.04
1733730350, 89, 234, 236, 124, 31, 0.24%, 79, 0, 32, 315.83
1733730391, 89, 234, 237, 125, 31, 0.24%, 79, 0, 33, 389.95
1733730492, 90, 215, 237, 124, 30, 0.24%, 79, 0, 33, 271.71
1733730538, 90, 215, 238, 125, 30, 0.24%, 79, 0, 33, 386.06
1733730619, 90, 215, 239, 126, 30, 0.24%, 79, 0, 33, 288.32
1733730630, 90, 215, 240, 127, 30, 0.24%, 79, 0, 33, 363.23
1733730640, 90, 217, 240, 126, 29, 0.24%, 79, 0, 33, 223.93
1733730882, 90, 217, 241, 127, 29, 0.24%, 79, 0, 33, 311.01
1733730907, 90, 217, 242, 128, 29, 0.24%, 79, 0, 33, 306.79
1733730978, 90, 217, 244, 130, 29, 0.24%, 79, 0, 33, 304.16
1733730983, 90, 217, 245, 131, 29, 0.24%, 79, 0, 33, 360.45
1733730998, 91, 213, 245, 130, 29, 0.24%, 79, 0, 33, 266.46
1733731039, 91, 213, 246, 131, 29, 0.24%, 79, 0, 33, 354.34
1733731141, 91, 214, 246, 130, 28, 0.24%, 79, 0, 33, 327.41
1733731187, 91, 214, 247, 131, 28, 0.24%, 79, 0, 33, 405.16
1733731278, 92, 196, 247, 130, 28, 0.24%, 79, 0, 33, 287.16
1733731324, 92, 196, 248, 131, 28, 0.24%, 79, 0, 33, 398.36
1733731421, 92, 208, 248, 130, 27, 0.24%, 79, 0, 33, 309.41
1733731467, 92, 208, 249, 131, 27, 0.24%, 79, 0, 33, 400.44
1733731477, 92, 208, 250, 132, 27, 0.24%, 79, 0, 33, 403.72
1733731568, 93, 192, 250, 131, 26, 0.24%, 79, 0, 33, 246.87
1733731614, 93, 192, 251, 132, 26, 0.24%, 79, 0, 33, 395.63
1733731690, 93, 192, 252, 133, 26, 0.24%, 79, 0, 33, 340.34
1733731695, 93, 192, 253, 134, 26, 0.24%, 79, 0, 33, 375.28
1733731710, 93, 194, 253, 133, 26, 0.24%, 79, 0, 33, 301.32
