# unix_time, cycles_done, cur_path, paths_total, pending_total, pending_favs, map_size, unique_crashes, unique_hangs, max_depth, execs_per_sec
1734717758, 0, 0, 10, 10, 1, 0.00%, 0, 0, 1, 171.31
1734717763, 0, 4, 10, 10, 1, 0.00%, 0, 0, 1, 201.83
1734717768, 0, 5, 10, 9, 0, 0.00%, 0, 0, 1, 210.97
1734717773, 0, 6, 10, 8, 0, 0.00%, 0, 0, 1, 201.89
1734717783, 0, 7, 10, 7, 0, 0.00%, 0, 0, 1, 210.50
1734717788, 0, 8, 10, 6, 0, 0.00%, 0, 0, 1, 197.21
1734717798, 0, 9, 10, 5, 0, 0.00%, 0, 0, 1, 210.32
1734717803, 1, 0, 10, 4, 0, 0.00%, 0, 0, 1, 196.53
1734717814, 1, 1, 10, 3, 0, 0.00%, 0, 0, 1, 191.21
1734717824, 1, 2, 10, 2, 0, 0.00%, 0, 0, 1, 208.20
1734717834, 1, 3, 10, 1, 0, 0.00%, 0, 0, 1, 208.00
1734717844, 1, 4, 10, 0, 0, 0.00%, 0, 0, 1, 210.23
1734717854, 1, 6, 10, 0, 0, 0.00%, 0, 0, 1, 206.57
1734717859, 1, 7, 10, 0, 0, 0.00%, 0, 0, 1, 203.78
1734717864, 1, 8, 10, 0, 0, 0.00%, 0, 0, 1, 203.92
1734717869, 2, 0, 10, 0, 0, 0.00%, 0, 0, 1, 204.78
1734717874, 2, 1, 10, 0, 0, 0.00%, 0, 0, 1, 208.74
1734717879, 2, 2, 10, 0, 0, 0.00%, 0, 0, 1, 208.84
1734717885, 2, 4, 10, 0, 0, 0.00%, 0, 0, 1, 205.88
1734717890, 2, 5, 10, 0, 0, 0.00%, 0, 0, 1, 208.78
1734717895, 2, 7, 10, 0, 0, 0.00%, 0, 0, 1, 208.29
1734717900, 2, 8, 10, 0, 0, 0.00%, 0, 0, 1, 205.74
1734717905, 3, 0, 10, 0, 0, 0.00%, 0, 0, 1, 206.35
1734717910, 3, 1, 10, 0, 0, 0.00%, 0, 0, 1, 209.39
1734717915, 3, 2, 10, 0, 0, 0.00%, 0, 0, 1, 205.57
1734717920, 3, 4, 10, 0, 0, 0.00%, 0, 0, 1, 204.82
1734717925, 3, 5, 10, 0, 0, 0.00%, 0, 0, 1, 207.91
1734717930, 3, 7, 10, 0, 0, 0.00%, 0, 0, 1, 205.26
1734717935, 3, 8, 10, 0, 0, 0.00%, 0, 0, 1, 204.26
1734717941, 3, 10, 13, 3, 1, 0.05%, 2, 0, 3, 226.89
1734717982, 3, 10, 14, 4, 1, 0.05%, 3, 0, 3, 236.78
1734718043, 3, 10, 15, 5, 1, 0.05%, 3, 0, 3, 234.17
1734718058, 3, 13, 15, 4, 1, 0.05%, 3, 0, 3, 415.10
1734718069, 3, 13, 16, 5, 1, 0.05%, 3, 0, 4, 282.82
1734718074, 3, 14, 19, 7, 0, 0.06%, 6, 0, 4, 289.74
1734718079, 3, 14, 20, 8, 0, 0.06%, 6, 0, 4, 381.14
1734718089, 3, 14, 21, 9, 0, 0.06%, 6, 0, 4, 402.69
1734718124, 3, 18, 23, 10, 3, 0.06%, 7, 0, 5, 354.46
1734718130, 3, 18, 24, 11, 3, 0.06%, 7, 0, 5, 452.00
1734718165, 3, 18, 25, 12, 3, 0.06%, 7, 0, 5, 469.57
1734718170, 3, 18, 26, 13, 3, 0.06%, 7, 0, 5, 470.78
1734718185, 3, 21, 27, 13, 3, 0.06%, 8, 0, 6, 242.78
1734718190, 3, 21, 30, 16, 3, 0.06%, 8, 0, 6, 284.75
1734718221, 3, 21, 31, 17, 3, 0.06%, 8, 0, 6, 302.66
1734718251, 3, 21, 32, 18, 3, 0.06%, 9, 0, 6, 301.01
1734718272, 3, 21, 33, 19, 3, 0.06%, 9, 0, 6, 261.33
1734718282, 3, 31, 34, 19, 3, 0.06%, 9, 0, 7, 260.13
1734718287, 3, 31, 35, 20, 3, 0.06%, 9, 0, 7, 275.42
1734718317, 3, 31, 36, 21, 3, 0.06%, 9, 0, 7, 277.86
1734718328, 3, 31, 37, 22, 3, 0.06%, 9, 0, 7, 276.54
1734718363, 3, 31, 38, 23, 3, 0.06%, 9, 0, 7, 264.15
1734718368, 3, 31, 39, 24, 3, 0.06%, 9, 0, 7, 270.12
1734718373, 3, 31, 40, 25, 3, 0.06%, 9, 0, 7, 264.18
1734718379, 3, 39, 40, 24, 2, 0.06%, 9, 0, 7, 273.60
1734718384, 3, 39, 43, 27, 2, 0.06%, 9, 0, 8, 435.44
1734718389, 3, 39, 44, 28, 2, 0.06%, 9, 0, 8, 471.04
1734718440, 4, 16, 45, 28, 2, 0.06%, 9, 0, 8, 364.48
1734718461, 4, 16, 46, 29, 2, 0.06%, 9, 0, 8, 306.22
1734718466, 4, 44, 46, 28, 1, 0.06%, 9, 0, 8, 362.63
1734718496, 4, 44, 48, 30, 1, 0.06%, 9, 0, 8, 277.03
1734718506, 4, 46, 48, 29, 1, 0.06%, 9, 0, 8, 464.85
1734718512, 4, 46, 49, 30, 1, 0.06%, 9, 0, 8, 518.70
1734718558, 4, 48, 49, 29, 1, 0.06%, 9, 0, 8, 430.31
1734718593, 5, 16, 49, 28, 1, 0.06%, 9, 0, 8, 323.99
1734718603, 5, 44, 51, 30, 1, 0.06%, 9, 0, 8, 342.51
1734718613, 5, 46, 51, 30, 1, 0.06%, 9, 0, 8, 317.57
1734718619, 5, 48, 52, 31, 1, 0.06%, 9, 0, 8, 352.89
1734718624, 5, 49, 52, 31, 1, 0.06%, 9, 0, 8, 414.34
1734718634, 5, 49, 53, 32, 1, 0.06%, 9, 0, 8, 453.97
1734718649, 5, 49, 54, 33, 1, 0.06%, 9, 0, 8, 455.03
1734718669, 5, 49, 55, 34, 1, 0.06%, 9, 0, 8, 464.78
1734718674, 5, 49, 56, 35, 1, 0.06%, 9, 0, 8, 449.91
1734718710, 5, 50, 57, 35, 1, 0.06%, 9, 0, 8, 289.31
1734718720, 5, 50, 58, 36, 1, 0.06%, 9, 0, 8, 476.70
1734718725, 5, 50, 59, 37, 1, 0.06%, 9, 0, 8, 483.07
1734718766, 5, 50, 60, 38, 1, 0.06%, 9, 0, 8, 489.53
1734718771, 5, 50, 61, 39, 1, 0.06%, 9, 0, 8, 487.73
1734718776, 5, 50, 62, 40, 1, 0.06%, 9, 0, 8, 484.52
1734718791, 5, 50, 63, 41, 1, 0.06%, 9, 0, 8, 321.32
1734718796, 6, 26, 63, 40, 1, 0.06%, 9, 0, 8, 303.20
1734718816, 6, 39, 63, 39, 0, 0.06%, 9, 0, 8, 354.55
1734718827, 6, 40, 63, 39, 0, 0.06%, 9, 0, 8, 317.46
1734718832, 6, 40, 64, 40, 0, 0.06%, 9, 0, 9, 347.73
1734718872, 6, 41, 64, 39, 0, 0.06%, 9, 0, 9, 348.54
1734718898, 6, 42, 64, 38, 0, 0.06%, 9, 0, 9, 371.50
1734718928, 6, 46, 64, 37, 0, 0.06%, 9, 0, 9, 290.48
1734718934, 6, 48, 64, 37, 0, 0.06%, 9, 0, 9, 337.26
1734718939, 6, 49, 64, 37, 0, 0.06%, 9, 0, 9, 314.21
1734718949, 6, 50, 64, 37, 0, 0.06%, 9, 0, 9, 337.75
1734718959, 6, 51, 64, 37, 0, 0.06%, 9, 0, 9, 399.96
1734719025, 6, 51, 65, 38, 0, 0.06%, 9, 0, 9, 504.26
1734719040, 6, 51, 66, 39, 0, 0.06%, 9, 0, 9, 515.98
1734719081, 6, 52, 66, 38, 0, 0.06%, 9, 0, 9, 340.09
1734719142, 6, 52, 68, 40, 0, 0.06%, 9, 0, 9, 425.87
1734719157, 6, 52, 69, 41, 0, 0.06%, 9, 0, 9, 483.38
1734719224, 6, 53, 69, 40, 0, 0.06%, 9, 0, 9, 462.80
1734719280, 6, 54, 69, 39, 0, 0.06%, 9, 0, 9, 341.41
1734719295, 6, 54, 70, 40, 0, 0.06%, 9, 0, 9, 477.48
1734719300, 6, 54, 71, 41, 0, 0.06%, 9, 0, 9, 478.10
1734719371, 6, 55, 71, 40, 0, 0.06%, 9, 0, 9, 328.35
1734719412, 6, 56, 71, 39, 0, 0.06%, 9, 0, 9, 456.71
1734719448, 6, 57, 71, 38, 0, 0.06%, 9, 0, 9, 224.42
1734719499, 6, 57, 72, 39, 0, 0.06%, 9, 0, 9, 478.55
1734719504, 6, 57, 73, 40, 0, 0.06%, 9, 0, 9, 471.12
1734719570, 6, 58, 73, 39, 0, 0.06%, 9, 0, 9, 365.13
1734719616, 6, 58, 74, 40, 0, 0.06%, 9, 0, 9, 459.08
1734719656, 6, 62, 74, 39, 0, 0.06%, 9, 0, 9, 276.19
1734719692, 6, 63, 75, 39, 0, 0.06%, 9, 0, 10, 326.64
1734719814, 6, 69, 75, 38, 0, 0.06%, 9, 0, 10, 361.95
1734720244, 6, 74, 75, 37, 0, 0.06%, 9, 0, 10, 373.42
1734720366, 7, 16, 75, 36, 0, 0.06%, 9, 0, 10, 347.99
1734720371, 7, 18, 75, 36, 0, 0.06%, 9, 0, 10, 346.33
1734720382, 7, 21, 75, 36, 0, 0.06%, 9, 0, 10, 356.37
1734720392, 7, 22, 75, 36, 0, 0.06%, 9, 0, 10, 362.10
1734720397, 7, 22, 76, 37, 0, 0.06%, 9, 0, 10, 418.00
1734720417, 7, 23, 76, 36, 0, 0.06%, 9, 0, 10, 391.60
1734720438, 7, 24, 76, 35, 0, 0.06%, 9, 0, 10, 434.05
1734720458, 7, 25, 76, 34, 0, 0.06%, 9, 0, 10, 347.01
1734720483, 7, 26, 76, 33, 0, 0.06%, 9, 0, 10, 356.98
1734720493, 7, 27, 76, 33, 0, 0.06%, 9, 0, 10, 363.80
1734720508, 7, 28, 76, 32, 0, 0.06%, 9, 0, 10, 343.53
1734720529, 7, 29, 76, 31, 0, 0.06%, 9, 0, 10, 396.18
1734720549, 7, 32, 76, 30, 0, 0.06%, 9, 0, 10, 403.70
1734720569, 7, 39, 76, 29, 0, 0.06%, 9, 0, 10, 381.77
1734720579, 7, 40, 76, 29, 0, 0.06%, 9, 0, 10, 338.27
1734720589, 7, 41, 76, 29, 0, 0.06%, 9, 0, 10, 331.45
1734720605, 7, 42, 76, 29, 0, 0.06%, 9, 0, 10, 389.92
1734720615, 7, 43, 76, 29, 0, 0.06%, 9, 0, 10, 321.87
1734720651, 7, 46, 76, 28, 0, 0.06%, 9, 0, 10, 376.87
1734720656, 7, 47, 76, 28, 0, 0.06%, 9, 0, 10, 391.98
1734720681, 7, 47, 77, 29, 0, 0.06%, 9, 0, 10, 312.92
1734720686, 7, 48, 77, 28, 0, 0.06%, 9, 0, 10, 322.06
1734720691, 7, 49, 77, 28, 0, 0.06%, 9, 0, 10, 339.09
1734720697, 7, 50, 77, 28, 0, 0.06%, 9, 0, 10, 337.31
1734720702, 7, 51, 77, 28, 0, 0.06%, 9, 0, 10, 359.97
1734720717, 7, 52, 77, 28, 0, 0.06%, 9, 0, 10, 377.90
1734720727, 7, 53, 77, 28, 0, 0.06%, 9, 0, 10, 392.06
1734720738, 7, 54, 77, 28, 0, 0.06%, 9, 0, 10, 474.79
1734720753, 7, 55, 77, 28, 0, 0.06%, 9, 0, 10, 374.76
1734720763, 7, 56, 77, 28, 0, 0.06%, 9, 0, 10, 455.97
1734720773, 7, 57, 77, 28, 0, 0.06%, 9, 0, 10, 453.50
1734720793, 7, 62, 77, 28, 0, 0.06%, 9, 0, 10, 419.08
1734720803, 7, 63, 77, 28, 0, 0.06%, 9, 0, 10, 393.61
1734720814, 7, 69, 77, 28, 0, 0.06%, 9, 0, 10, 391.69
1734720834, 7, 70, 77, 28, 0, 0.06%, 9, 0, 10, 281.60
1734720839, 7, 70, 78, 29, 0, 0.06%, 9, 0, 10, 350.65
1734721410, 7, 74, 78, 28, 0, 0.06%, 9, 0, 10, 342.04
1734721425, 8, 26, 78, 28, 0, 0.06%, 9, 0, 10, 316.03
1734721435, 8, 39, 78, 28, 0, 0.06%, 9, 0, 10, 328.29
1734721440, 8, 40, 78, 28, 0, 0.06%, 9, 0, 10, 334.65
1734721450, 8, 41, 78, 28, 0, 0.06%, 9, 0, 10, 289.01
1734721465, 8, 42, 78, 28, 0, 0.06%, 9, 0, 10, 381.63
1734721481, 8, 43, 78, 28, 0, 0.06%, 9, 0, 10, 360.36
1734721491, 8, 63, 78, 28, 0, 0.06%, 9, 0, 10, 329.33
1734721506, 8, 74, 78, 28, 0, 0.06%, 9, 0, 10, 384.95
1734721521, 9, 26, 78, 28, 0, 0.06%, 9, 0, 10, 288.93
1734721526, 9, 39, 78, 28, 0, 0.06%, 9, 0, 10, 330.72
1734721531, 9, 40, 78, 28, 0, 0.06%, 9, 0, 10, 323.46
1734721536, 9, 41, 78, 28, 0, 0.06%, 9, 0, 10, 359.73
1734721541, 9, 42, 78, 28, 0, 0.06%, 9, 0, 10, 303.06
1734721552, 9, 43, 78, 28, 0, 0.06%, 9, 0, 10, 393.37
1734721562, 9, 63, 78, 28, 0, 0.06%, 9, 0, 10, 330.04
1734721572, 9, 74, 78, 28, 0, 0.06%, 9, 0, 10, 347.95
1734721577, 10, 26, 78, 28, 0, 0.06%, 9, 0, 10, 308.24
1734721582, 10, 39, 78, 28, 0, 0.06%, 9, 0, 10, 313.21
1734721587, 10, 40, 78, 28, 0, 0.06%, 9, 0, 10, 356.03
1734721592, 10, 41, 78, 28, 0, 0.06%, 9, 0, 10, 300.71
1734721602, 10, 42, 78, 28, 0, 0.06%, 9, 0, 10, 353.90
1734721607, 10, 43, 78, 28, 0, 0.06%, 9, 0, 10, 361.00
1734721612, 10, 63, 78, 28, 0, 0.06%, 9, 0, 10, 331.57
1734721622, 10, 74, 78, 28, 0, 0.06%, 9, 0, 10, 358.97
1734721627, 11, 26, 78, 28, 0, 0.06%, 9, 0, 10, 304.00
1734721633, 11, 39, 78, 28, 0, 0.06%, 9, 0, 10, 298.95
1734721638, 11, 40, 78, 28, 0, 0.06%, 9, 0, 10, 319.76
1734721648, 11, 41, 78, 28, 0, 0.06%, 9, 0, 10, 317.73
1734721653, 11, 42, 78, 28, 0, 0.06%, 9, 0, 10, 364.30
1734721658, 11, 43, 78, 28, 0, 0.06%, 9, 0, 10, 333.78
1734721668, 11, 63, 78, 28, 0, 0.06%, 9, 0, 10, 359.51
1734721673, 11, 64, 78, 28, 0, 0.06%, 9, 0, 10, 428.97
1734721724, 11, 65, 78, 27, 0, 0.06%, 9, 0, 10, 385.80
1734721739, 11, 65, 79, 28, 0, 0.06%, 9, 0, 10, 381.06
1734721810, 11, 66, 79, 27, 0, 0.06%, 9, 0, 10, 315.20
1734721969, 11, 67, 79, 26, 0, 0.06%, 9, 0, 10, 394.73
1734722076, 11, 68, 79, 25, 0, 0.06%, 9, 0, 10, 380.67
1734722182, 11, 69, 79, 24, 0, 0.06%, 9, 0, 10, 282.46
1734722202, 11, 70, 79, 24, 0, 0.06%, 9, 0, 10, 330.40
1734722223, 11, 73, 79, 24, 0, 0.06%, 9, 0, 10, 302.51
1734722279, 11, 74, 79, 23, 0, 0.06%, 9, 0, 10, 362.57
1734722361, 11, 75, 79, 23, 0, 0.06%, 9, 0, 10, 294.03
1734722427, 11, 75, 80, 24, 0, 0.06%, 9, 0, 10, 501.56
1734722834, 11, 76, 80, 23, 0, 0.06%, 9, 0, 10, 314.34
1734723267, 12, 26, 80, 22, 0, 0.06%, 9, 0, 10, 306.11
1734723272, 12, 39, 81, 23, 0, 0.06%, 9, 0, 10, 323.48
1734723277, 12, 40, 81, 23, 0, 0.06%, 9, 0, 10, 326.72
1734723282, 12, 41, 81, 23, 0, 0.06%, 9, 0, 10, 318.27
1734723292, 12, 42, 81, 23, 0, 0.06%, 9, 0, 10, 344.14
1734723297, 12, 43, 81, 23, 0, 0.06%, 9, 0, 10, 350.64
1734723302, 12, 63, 81, 23, 0, 0.06%, 9, 0, 10, 318.80
1734723313, 12, 74, 81, 23, 0, 0.06%, 9, 0, 10, 347.04
1734723318, 13, 26, 81, 23, 0, 0.06%, 9, 0, 10, 328.89
1734723323, 13, 39, 81, 23, 0, 0.06%, 9, 0, 10, 347.33
1734723328, 13, 40, 81, 23, 0, 0.06%, 9, 0, 10, 329.36
1734723338, 13, 41, 81, 23, 0, 0.06%, 9, 0, 10, 336.60
1734723343, 13, 42, 81, 23, 0, 0.06%, 9, 0, 10, 349.22
1734723348, 13, 43, 81, 23, 0, 0.06%, 9, 0, 10, 355.56
1734723358, 13, 63, 81, 23, 0, 0.06%, 9, 0, 10, 358.47
1734723363, 13, 74, 81, 23, 0, 0.06%, 9, 0, 10, 372.54
1734723369, 14, 26, 81, 23, 0, 0.06%, 9, 0, 10, 328.34
1734723374, 14, 39, 81, 23, 0, 0.06%, 9, 0, 10, 314.87
1734723379, 14, 40, 81, 23, 0, 0.06%, 9, 0, 10, 326.00
1734723389, 14, 41, 81, 23, 0, 0.06%, 9, 0, 10, 319.46
1734723394, 14, 42, 81, 23, 0, 0.06%, 9, 0, 10, 333.45
1734723399, 14, 43, 81, 23, 0, 0.06%, 9, 0, 10, 357.49
1734723404, 14, 63, 81, 23, 0, 0.06%, 9, 0, 10, 333.35
1734723414, 14, 74, 81, 23, 0, 0.06%, 9, 0, 10, 353.92
1734723424, 15, 26, 81, 23, 0, 0.06%, 9, 0, 10, 285.70
1734723429, 15, 39, 81, 23, 0, 0.06%, 9, 0, 10, 323.06
1734723434, 15, 40, 81, 23, 0, 0.06%, 9, 0, 10, 316.07
1734723439, 15, 41, 81, 23, 0, 0.06%, 9, 0, 10, 335.76
1734723444, 15, 42, 81, 23, 0, 0.06%, 9, 0, 10, 338.19
1734723455, 15, 43, 81, 23, 0, 0.06%, 9, 0, 10, 325.22
1734723460, 15, 63, 81, 23, 0, 0.06%, 9, 0, 10, 371.28
1734723465, 15, 74, 81, 23, 0, 0.06%, 9, 0, 10, 345.89
1734723475, 16, 26, 81, 23, 0, 0.06%, 9, 0, 10, 295.74
1734723480, 16, 39, 81, 23, 0, 0.06%, 9, 0, 10, 330.25
1734723485, 16, 40, 81, 23, 0, 0.06%, 9, 0, 10, 314.29
1734723490, 16, 41, 81, 23, 0, 0.06%, 9, 0, 10, 332.25
1734723495, 16, 42, 81, 23, 0, 0.06%, 9, 0, 10, 327.73
1734723505, 16, 43, 81, 23, 0, 0.06%, 9, 0, 10, 322.17
1734723510, 16, 63, 81, 23, 0, 0.06%, 9, 0, 10, 358.40
1734723515, 16, 74, 81, 23, 0, 0.06%, 9, 0, 10, 301.75
1734723525, 17, 26, 81, 23, 0, 0.06%, 9, 0, 10, 302.23
1734723531, 17, 39, 81, 23, 0, 0.06%, 9, 0, 10, 321.78
1734723536, 17, 40, 81, 23, 0, 0.06%, 9, 0, 10, 314.67
1734723541, 17, 41, 81, 23, 0, 0.06%, 9, 0, 10, 353.03
1734723546, 17, 42, 81, 23, 0, 0.06%, 9, 0, 10, 299.27
1734723556, 17, 43, 81, 23, 0, 0.06%, 9, 0, 10, 338.73
1734723561, 17, 63, 81, 23, 0, 0.06%, 9, 0, 10, 342.98
1734723571, 17, 74, 81, 23, 0, 0.06%, 9, 0, 10, 321.64
1734723576, 18, 26, 81, 23, 0, 0.06%, 9, 0, 10, 296.16
1734723581, 18, 39, 81, 23, 0, 0.06%, 9, 0, 10, 323.12
1734723586, 18, 40, 81, 23, 0, 0.06%, 9, 0, 10, 328.60
1734723597, 18, 41, 81, 23, 0, 0.06%, 9, 0, 10, 314.19
1734723602, 18, 42, 81, 23, 0, 0.06%, 9, 0, 10, 351.40
1734723607, 18, 43, 81, 23, 0, 0.06%, 9, 0, 10, 356.00
1734723612, 18, 63, 81, 23, 0, 0.06%, 9, 0, 10, 334.52
1734723622, 18, 74, 81, 23, 0, 0.06%, 9, 0, 10, 373.84
1734723627, 19, 26, 81, 23, 0, 0.06%, 9, 0, 10, 313.92
1734723632, 19, 39, 81, 23, 0, 0.06%, 9, 0, 10, 312.37
1734723637, 19, 40, 81, 23, 0, 0.06%, 9, 0, 10, 340.88
1734723647, 19, 41, 81, 23, 0, 0.06%, 9, 0, 10, 326.80
1734723652, 19, 42, 81, 23, 0, 0.06%, 9, 0, 10, 332.15
1734723658, 19, 43, 81, 23, 0, 0.06%, 9, 0, 10, 358.32
1734723663, 19, 63, 81, 23, 0, 0.06%, 9, 0, 10, 350.72
1734723673, 19, 74, 81, 23, 0, 0.06%, 9, 0, 10, 361.82
1734723683, 20, 39, 81, 23, 0, 0.06%, 9, 0, 10, 309.45
1734723688, 20, 40, 81, 23, 0, 0.06%, 9, 0, 10, 323.23
1734723698, 20, 41, 81, 23, 0, 0.06%, 9, 0, 10, 322.88
1734723703, 20, 42, 81, 23, 0, 0.06%, 9, 0, 10, 368.18
1734723708, 20, 43, 81, 23, 0, 0.06%, 9, 0, 10, 338.39
1734723718, 20, 63, 81, 23, 0, 0.06%, 9, 0, 10, 340.97
1734723723, 20, 74, 81, 23, 0, 0.06%, 9, 0, 10, 343.29
1734723734, 21, 26, 81, 23, 0, 0.06%, 9, 0, 10, 303.84
1734723739, 21, 39, 81, 23, 0, 0.06%, 9, 0, 10, 333.80
1734723744, 21, 40, 81, 23, 0, 0.06%, 9, 0, 10, 311.94
1734723749, 21, 41, 81, 23, 0, 0.06%, 9, 0, 10, 343.83
1734723754, 21, 42, 81, 23, 0, 0.06%, 9, 0, 10, 320.29
1734723764, 21, 43, 81, 23, 0, 0.06%, 9, 0, 10, 342.69
1734723769, 21, 63, 81, 23, 0, 0.06%, 9, 0, 10, 373.05
1734723774, 21, 74, 81, 23, 0, 0.06%, 9, 0, 10, 322.42
1734723784, 22, 26, 81, 23, 0, 0.06%, 9, 0, 10, 310.36
1734723790, 22, 27, 81, 23, 0, 0.06%, 9, 0, 10, 357.36
1734723795, 22, 28, 81, 23, 0, 0.06%, 9, 0, 10, 317.66
1734723805, 22, 29, 81, 23, 0, 0.06%, 9, 0, 10, 347.69
1734723815, 22, 30, 81, 23, 0, 0.06%, 9, 0, 10, 364.74
1734723830, 22, 31, 81, 22, 0, 0.06%, 9, 0, 10, 316.07
1734723840, 22, 32, 81, 22, 0, 0.06%, 9, 0, 10, 385.59
1734723856, 22, 33, 81, 22, 0, 0.06%, 9, 0, 10, 435.45
1734723881, 22, 34, 81, 21, 0, 0.06%, 9, 0, 10, 318.70
1734723901, 22, 35, 81, 20, 0, 0.06%, 9, 0, 10, 394.90
1734723917, 22, 36, 81, 19, 0, 0.06%, 9, 0, 10, 435.66
1734723937, 22, 37, 81, 18, 0, 0.06%, 9, 0, 10, 340.47
1734724156, 22, 38, 81, 17, 0, 0.06%, 9, 0, 10, 380.61
1734724212, 22, 39, 81, 16, 0, 0.06%, 9, 0, 10, 389.03
1734724252, 22, 40, 81, 16, 0, 0.06%, 9, 0, 10, 307.61
1734724263, 22, 41, 81, 16, 0, 0.06%, 9, 0, 10, 325.73
1734724268, 22, 42, 81, 16, 0, 0.06%, 9, 0, 10, 364.97
1734724273, 22, 43, 81, 16, 0, 0.06%, 9, 0, 10, 302.93
1734724283, 22, 44, 81, 16, 0, 0.06%, 9, 0, 10, 320.32
1734724288, 22, 46, 81, 16, 0, 0.06%, 9, 0, 10, 316.42
1734724293, 22, 48, 81, 16, 0, 0.06%, 9, 0, 10, 313.50
1734724298, 22, 49, 81, 16, 0, 0.06%, 9, 0, 10, 353.90
1734724303, 22, 50, 81, 16, 0, 0.06%, 9, 0, 10, 357.93
1734724308, 22, 51, 81, 16, 0, 0.06%, 9, 0, 10, 341.93
1734724318, 22, 52, 81, 16, 0, 0.06%, 9, 0, 10, 339.05
1734724324, 22, 53, 81, 16, 0, 0.06%, 9, 0, 10, 332.49
1734724329, 22, 54, 81, 16, 0, 0.06%, 9, 0, 10, 325.89
1734724334, 22, 55, 81, 16, 0, 0.06%, 9, 0, 10, 334.80
1734724339, 22, 56, 81, 16, 0, 0.06%, 9, 0, 10, 319.14
1734724344, 22, 57, 81, 16, 0, 0.06%, 9, 0, 10, 337.06
1734724359, 22, 58, 81, 16, 0, 0.06%, 9, 0, 10, 364.61
1734724369, 22, 59, 81, 16, 0, 0.06%, 9, 0, 10, 366.23
1734724435, 22, 60, 81, 15, 0, 0.06%, 9, 0, 10, 399.58
1734724465, 22, 61, 81, 14, 0, 0.06%, 9, 0, 10, 412.80
1734724521, 22, 62, 81, 13, 0, 0.06%, 9, 0, 10, 330.14
1734724537, 22, 63, 81, 13, 0, 0.06%, 9, 0, 10, 358.21
1734724542, 22, 64, 81, 13, 0, 0.06%, 9, 0, 10, 372.46
1734724618, 22, 65, 81, 13, 0, 0.06%, 9, 0, 10, 375.97
1734724695, 22, 66, 81, 13, 0, 0.06%, 9, 0, 10, 357.83
1734724710, 22, 67, 81, 13, 0, 0.06%, 9, 0, 10, 392.27
1734724725, 22, 68, 81, 13, 0, 0.06%, 9, 0, 10, 402.20
1734724735, 22, 69, 81, 13, 0, 0.06%, 9, 0, 10, 409.88
1734725135, 22, 70, 81, 13, 0, 0.06%, 9, 0, 10, 431.34
1734725687, 22, 71, 81, 13, 0, 0.06%, 9, 0, 10, 270.29
1734725768, 22, 72, 81, 12, 0, 0.06%, 9, 0, 10, 256.86
1734725854, 22, 73, 81, 11, 0, 0.06%, 9, 0, 10, 424.29
1734725936, 22, 74, 81, 11, 0, 0.06%, 9, 0, 10, 341.32
1734725941, 22, 77, 81, 11, 0, 0.06%, 9, 0, 10, 283.90
1734726549, 23, 26, 81, 10, 0, 0.06%, 9, 0, 10, 292.93
1734726554, 23, 39, 81, 10, 0, 0.06%, 9, 0, 10, 336.68
1734726559, 23, 40, 81, 10, 0, 0.06%, 9, 0, 10, 330.04
1734726564, 23, 41, 81, 10, 0, 0.06%, 9, 0, 10, 329.99
1734726574, 23, 42, 81, 10, 0, 0.06%, 9, 0, 10, 322.99
1734726579, 23, 43, 81, 10, 0, 0.06%, 9, 0, 10, 339.07
1734726584, 23, 63, 81, 10, 0, 0.06%, 9, 0, 10, 351.39
1734726594, 23, 74, 81, 10, 0, 0.06%, 9, 0, 10, 335.41
1734726599, 24, 26, 81, 10, 0, 0.06%, 9, 0, 10, 322.66
1734726604, 24, 39, 81, 10, 0, 0.06%, 9, 0, 10, 332.22
1734726609, 24, 40, 81, 10, 0, 0.06%, 9, 0, 10, 337.51
1734726614, 24, 41, 81, 10, 0, 0.06%, 9, 0, 10, 296.83
1734726625, 24, 42, 81, 10, 0, 0.06%, 9, 0, 10, 341.69
1734726630, 24, 43, 81, 10, 0, 0.06%, 9, 0, 10, 366.04
1734726635, 24, 63, 81, 10, 0, 0.06%, 9, 0, 10, 286.88
1734726645, 24, 74, 81, 10, 0, 0.06%, 9, 0, 10, 344.23
1734726650, 25, 26, 81, 10, 0, 0.06%, 9, 0, 10, 329.14
1734726655, 25, 39, 81, 10, 0, 0.06%, 9, 0, 10, 298.53
1734726660, 25, 40, 81, 10, 0, 0.06%, 9, 0, 10, 326.28
1734726670, 25, 41, 81, 10, 0, 0.06%, 9, 0, 10, 327.66
1734726676, 25, 42, 81, 10, 0, 0.06%, 9, 0, 10, 345.53
1734726681, 25, 43, 81, 10, 0, 0.06%, 9, 0, 10, 372.77
1734726686, 25, 63, 81, 10, 0, 0.06%, 9, 0, 10, 326.22
1734726696, 25, 74, 81, 10, 0, 0.06%, 9, 0, 10, 368.99
1734726701, 26, 26, 81, 10, 0, 0.06%, 9, 0, 10, 337.58
1734726706, 26, 39, 81, 10, 0, 0.06%, 9, 0, 10, 311.56
1734726711, 26, 40, 81, 10, 0, 0.06%, 9, 0, 10, 315.79
1734726721, 26, 41, 81, 10, 0, 0.06%, 9, 0, 10, 327.67
1734726726, 26, 42, 81, 10, 0, 0.06%, 9, 0, 10, 355.43
1734726731, 26, 43, 81, 10, 0, 0.06%, 9, 0, 10, 337.01
1734726741, 26, 63, 81, 10, 0, 0.06%, 9, 0, 10, 356.00
1734726747, 26, 74, 81, 10, 0, 0.06%, 9, 0, 10, 344.54
1734726757, 27, 39, 81, 10, 0, 0.06%, 9, 0, 10, 320.82
1734726762, 27, 40, 81, 10, 0, 0.06%, 9, 0, 10, 307.08
1734726772, 27, 41, 81, 10, 0, 0.06%, 9, 0, 10, 331.83
1734726777, 27, 42, 81, 10, 0, 0.06%, 9, 0, 10, 339.41
1734726782, 27, 43, 81, 10, 0, 0.06%, 9, 0, 10, 351.99
1734726792, 27, 63, 81, 10, 0, 0.06%, 9, 0, 10, 324.98
1734726797, 27, 74, 81, 10, 0, 0.06%, 9, 0, 10, 338.55
1734726808, 28, 26, 81, 10, 0, 0.06%, 9, 0, 10, 298.54
1734726813, 28, 39, 81, 10, 0, 0.06%, 9, 0, 10, 318.21
1734726818, 28, 40, 81, 10, 0, 0.06%, 9, 0, 10, 298.06
1734726823, 28, 41, 81, 10, 0, 0.06%, 9, 0, 10, 347.90
1734726828, 28, 42, 81, 10, 0, 0.06%, 9, 0, 10, 329.69
1734726838, 28, 43, 81, 10, 0, 0.06%, 9, 0, 10, 330.00
1734726843, 28, 63, 81, 10, 0, 0.06%, 9, 0, 10, 343.37
1734726848, 28, 74, 81, 10, 0, 0.06%, 9, 0, 10, 329.17
1734726858, 29, 26, 81, 10, 0, 0.06%, 9, 0, 10, 318.67
1734726863, 29, 39, 81, 10, 0, 0.06%, 9, 0, 10, 320.25
1734726868, 29, 40, 81, 10, 0, 0.06%, 9, 0, 10, 318.33
1734726873, 29, 41, 81, 10, 0, 0.06%, 9, 0, 10, 313.59
1734726883, 29, 42, 81, 10, 0, 0.06%, 9, 0, 10, 323.33
1734726888, 29, 43, 81, 10, 0, 0.06%, 9, 0, 10, 342.51
1734726893, 29, 63, 81, 10, 0, 0.06%, 9, 0, 10, 343.39
1734726899, 29, 74, 81, 10, 0, 0.06%, 9, 0, 10, 341.13
1734726909, 30, 26, 81, 10, 0, 0.06%, 9, 0, 10, 311.71
1734726914, 30, 39, 81, 10, 0, 0.06%, 9, 0, 10, 326.89
1734726919, 30, 40, 81, 10, 0, 0.06%, 9, 0, 10, 329.70
1734726924, 30, 41, 81, 10, 0, 0.06%, 9, 0, 10, 351.68
1734726929, 30, 42, 81, 10, 0, 0.06%, 9, 0, 10, 321.84
1734726939, 30, 43, 81, 10, 0, 0.06%, 9, 0, 10, 320.00
1734726944, 30, 63, 81, 10, 0, 0.06%, 9, 0, 10, 358.90
1734726950, 30, 74, 81, 10, 0, 0.06%, 9, 0, 10, 310.89
1734726960, 31, 26, 81, 10, 0, 0.06%, 9, 0, 10, 306.31
1734726965, 31, 39, 81, 10, 0, 0.06%, 9, 0, 10, 346.38
1734726970, 31, 40, 81, 10, 0, 0.06%, 9, 0, 10, 314.95
1734726975, 31, 41, 81, 10, 0, 0.06%, 9, 0, 10, 352.13
1734726980, 31, 42, 81, 10, 0, 0.06%, 9, 0, 10, 290.78
1734726990, 31, 43, 81, 10, 0, 0.06%, 9, 0, 10, 331.22
1734726995, 31, 63, 81, 10, 0, 0.06%, 9, 0, 10, 361.47
1734727000, 31, 74, 81, 10, 0, 0.06%, 9, 0, 10, 334.14
1734727010, 32, 26, 81, 10, 0, 0.06%, 9, 0, 10, 308.35
1734727015, 32, 39, 81, 10, 0, 0.06%, 9, 0, 10, 337.45
1734727020, 32, 40, 81, 10, 0, 0.06%, 9, 0, 10, 328.03
1734727025, 32, 41, 81, 10, 0, 0.06%, 9, 0, 10, 311.10
1734727035, 32, 42, 81, 10, 0, 0.06%, 9, 0, 10, 322.19
1734727041, 32, 43, 81, 10, 0, 0.06%, 9, 0, 10, 366.57
1734727046, 32, 63, 81, 10, 0, 0.06%, 9, 0, 10, 317.06
1734727056, 32, 74, 81, 10, 0, 0.06%, 9, 0, 10, 350.76
1734727061, 33, 26, 81, 10, 0, 0.06%, 9, 0, 10, 318.31
1734727066, 33, 39, 81, 10, 0, 0.06%, 9, 0, 10, 347.72
1734727071, 33, 40, 81, 10, 0, 0.06%, 9, 0, 10, 322.09
1734727081, 33, 41, 81, 10, 0, 0.06%, 9, 0, 10, 327.34
1734727086, 33, 42, 81, 10, 0, 0.06%, 9, 0, 10, 337.12
1734727091, 33, 43, 81, 10, 0, 0.06%, 9, 0, 10, 359.88
1734727101, 33, 63, 81, 10, 0, 0.06%, 9, 0, 10, 338.68
1734727106, 33, 74, 81, 10, 0, 0.06%, 9, 0, 10, 370.91
1734727111, 34, 26, 81, 10, 0, 0.06%, 9, 0, 10, 341.98
1734727116, 34, 39, 81, 10, 0, 0.06%, 9, 0, 10, 319.71
1734727121, 34, 40, 81, 10, 0, 0.06%, 9, 0, 10, 321.92
1734727131, 34, 41, 81, 10, 0, 0.06%, 9, 0, 10, 327.50
1734727136, 34, 42, 81, 10, 0, 0.06%, 9, 0, 10, 322.18
1734727141, 34, 43, 81, 10, 0, 0.06%, 9, 0, 10, 363.69
1734727147, 34, 63, 81, 10, 0, 0.06%, 9, 0, 10, 323.68
1734727157, 34, 74, 81, 10, 0, 0.06%, 9, 0, 10, 361.69
1734727162, 35, 26, 81, 10, 0, 0.06%, 9, 0, 10, 318.33
1734727167, 35, 39, 81, 10, 0, 0.06%, 9, 0, 10, 309.87
1734727172, 35, 40, 81, 10, 0, 0.06%, 9, 0, 10, 335.81
1734727182, 35, 41, 81, 10, 0, 0.06%, 9, 0, 10, 301.31
1734727187, 35, 42, 81, 10, 0, 0.06%, 9, 0, 10, 349.36
1734727198, 35, 43, 81, 10, 0, 0.06%, 9, 0, 10, 338.78
1734727203, 35, 63, 81, 10, 0, 0.06%, 9, 0, 10, 345.23
1734727208, 35, 74, 81, 10, 0, 0.06%, 9, 0, 10, 352.88
1734727218, 36, 26, 81, 10, 0, 0.06%, 9, 0, 10, 306.12
1734727223, 36, 39, 81, 10, 0, 0.06%, 9, 0, 10, 321.30
1734727228, 36, 40, 81, 10, 0, 0.06%, 9, 0, 10, 289.99
1734727233, 36, 41, 81, 10, 0, 0.06%, 9, 0, 10, 346.30
1734727238, 36, 42, 81, 10, 0, 0.06%, 9, 0, 10, 345.26
1734727248, 36, 43, 81, 10, 0, 0.06%, 9, 0, 10, 331.77
1734727253, 36, 63, 81, 10, 0, 0.06%, 9, 0, 10, 362.55
1734727258, 36, 74, 81, 10, 0, 0.06%, 9, 0, 10, 312.77
1734727268, 37, 26, 81, 10, 0, 0.06%, 9, 0, 10, 299.71
1734727273, 37, 39, 81, 10, 0, 0.06%, 9, 0, 10, 330.50
1734727279, 37, 40, 81, 10, 0, 0.06%, 9, 0, 10, 322.72
1734727284, 37, 41, 81, 10, 0, 0.06%, 9, 0, 10, 325.59
1734727294, 37, 42, 81, 10, 0, 0.06%, 9, 0, 10, 336.27
1734727299, 37, 43, 81, 10, 0, 0.06%, 9, 0, 10, 336.00
1734727304, 37, 63, 81, 10, 0, 0.06%, 9, 0, 10, 289.70
1734727314, 37, 74, 81, 10, 0, 0.06%, 9, 0, 10, 357.33
1734727319, 38, 26, 81, 10, 0, 0.06%, 9, 0, 10, 329.05
1734727324, 38, 39, 81, 10, 0, 0.06%, 9, 0, 10, 334.05
1734727329, 38, 40, 81, 10, 0, 0.06%, 9, 0, 10, 325.07
1734727340, 38, 41, 81, 10, 0, 0.06%, 9, 0, 10, 312.69
1734727345, 38, 42, 81, 10, 0, 0.06%, 9, 0, 10, 340.55
1734727350, 38, 43, 81, 10, 0, 0.06%, 9, 0, 10, 365.48
1734727355, 38, 63, 81, 10, 0, 0.06%, 9, 0, 10, 313.91
1734727365, 38, 74, 81, 10, 0, 0.06%, 9, 0, 10, 355.92
1734727370, 39, 26, 81, 10, 0, 0.06%, 9, 0, 10, 316.95
1734727375, 39, 39, 81, 10, 0, 0.06%, 9, 0, 10, 303.81
1734727380, 39, 40, 81, 10, 0, 0.06%, 9, 0, 10, 339.45
1734727390, 39, 41, 81, 10, 0, 0.06%, 9, 0, 10, 329.00
1734727396, 39, 42, 81, 10, 0, 0.06%, 9, 0, 10, 357.87
1734727401, 39, 43, 81, 10, 0, 0.06%, 9, 0, 10, 341.39
1734727411, 39, 63, 81, 10, 0, 0.06%, 9, 0, 10, 323.15
1734727416, 39, 74, 81, 10, 0, 0.06%, 9, 0, 10, 356.93
1734727426, 40, 26, 81, 10, 0, 0.06%, 9, 0, 10, 317.57
1734727431, 40, 40, 81, 10, 0, 0.06%, 9, 0, 10, 318.72
1734727441, 40, 41, 81, 10, 0, 0.06%, 9, 0, 10, 306.00
1734727446, 40, 42, 81, 10, 0, 0.06%, 9, 0, 10, 356.93
1734727451, 40, 43, 81, 10, 0, 0.06%, 9, 0, 10, 324.46
1734727461, 40, 63, 81, 10, 0, 0.06%, 9, 0, 10, 346.16
1734727466, 40, 74, 81, 10, 0, 0.06%, 9, 0, 10, 303.07
1734727477, 41, 26, 81, 10, 0, 0.06%, 9, 0, 10, 308.18
1734727482, 41, 40, 81, 10, 0, 0.06%, 9, 0, 10, 333.35
1734727492, 41, 41, 81, 10, 0, 0.06%, 9, 0, 10, 320.59
1734727497, 41, 42, 81, 10, 0, 0.06%, 9, 0, 10, 309.79
1734727507, 41, 43, 81, 10, 0, 0.06%, 9, 0, 10, 334.45
1734727512, 41, 63, 81, 10, 0, 0.06%, 9, 0, 10, 365.99
1734727517, 41, 74, 81, 10, 0, 0.06%, 9, 0, 10, 321.21
1734727527, 42, 26, 81, 10, 0, 0.06%, 9, 0, 10, 301.15
1734727532, 42, 39, 81, 10, 0, 0.06%, 9, 0, 10, 325.57
1734727537, 42, 40, 81, 10, 0, 0.06%, 9, 0, 10, 324.46
1734727542, 42, 41, 81, 10, 0, 0.06%, 9, 0, 10, 346.90
1734727553, 42, 42, 81, 10, 0, 0.06%, 9, 0, 10, 322.87
1734727558, 42, 43, 81, 10, 0, 0.06%, 9, 0, 10, 357.32
1734727563, 42, 63, 81, 10, 0, 0.06%, 9, 0, 10, 369.51
1734727573, 42, 74, 81, 10, 0, 0.06%, 9, 0, 10, 333.50
1734727578, 43, 26, 81, 10, 0, 0.06%, 9, 0, 10, 312.15
1734727583, 43, 39, 81, 10, 0, 0.06%, 9, 0, 10, 355.00
1734727588, 43, 40, 81, 10, 0, 0.06%, 9, 0, 10, 337.43
1734727593, 43, 41, 81, 10, 0, 0.06%, 9, 0, 10, 316.34
1734727603, 43, 42, 81, 10, 0, 0.06%, 9, 0, 10, 334.71
1734727608, 43, 43, 81, 10, 0, 0.06%, 9, 0, 10, 364.78
1734727613, 43, 63, 81, 10, 0, 0.06%, 9, 0, 10, 337.41
1734727624, 43, 74, 81, 10, 0, 0.06%, 9, 0, 10, 355.02
1734727629, 44, 26, 81, 10, 0, 0.06%, 9, 0, 10, 325.30
1734727634, 44, 39, 81, 10, 0, 0.06%, 9, 0, 10, 340.22
1734727639, 44, 40, 81, 10, 0, 0.06%, 9, 0, 10, 329.35
1734727649, 44, 41, 81, 10, 0, 0.06%, 9, 0, 10, 310.31
1734727654, 44, 42, 81, 10, 0, 0.06%, 9, 0, 10, 324.39
1734727659, 44, 43, 81, 10, 0, 0.06%, 9, 0, 10, 340.35
1734727669, 44, 63, 81, 10, 0, 0.06%, 9, 0, 10, 332.19
1734727674, 44, 74, 81, 10, 0, 0.06%, 9, 0, 10, 343.85
1734727684, 45, 26, 81, 10, 0, 0.06%, 9, 0, 10, 301.94
1734727689, 45, 39, 81, 10, 0, 0.06%, 9, 0, 10, 317.39
1734727694, 45, 40, 81, 10, 0, 0.06%, 9, 0, 10, 312.85
1734727700, 45, 41, 81, 10, 0, 0.06%, 9, 0, 10, 339.06
1734727705, 45, 42, 81, 10, 0, 0.06%, 9, 0, 10, 334.43
1734727715, 45, 43, 81, 10, 0, 0.06%, 9, 0, 10, 337.40
1734727720, 45, 63, 81, 10, 0, 0.06%, 9, 0, 10, 355.01
1734727725, 45, 74, 81, 10, 0, 0.06%, 9, 0, 10, 326.25
1734727735, 46, 26, 81, 10, 0, 0.06%, 9, 0, 10, 310.37
1734727740, 46, 39, 81, 10, 0, 0.06%, 9, 0, 10, 328.54
1734727745, 46, 40, 81, 10, 0, 0.06%, 9, 0, 10, 308.60
1734727750, 46, 41, 81, 10, 0, 0.06%, 9, 0, 10, 332.82
1734727755, 46, 42, 81, 10, 0, 0.06%, 9, 0, 10, 309.90
1734727765, 46, 43, 81, 10, 0, 0.06%, 9, 0, 10, 299.31
1734727771, 46, 63, 81, 10, 0, 0.06%, 9, 0, 10, 347.02
1734727776, 46, 74, 81, 10, 0, 0.06%, 9, 0, 10, 356.14
1734727786, 47, 26, 81, 10, 0, 0.06%, 9, 0, 10, 279.38
1734727791, 47, 39, 81, 10, 0, 0.06%, 9, 0, 10, 310.89
1734727796, 47, 40, 81, 10, 0, 0.06%, 9, 0, 10, 299.83
1734727801, 47, 41, 81, 10, 0, 0.06%, 9, 0, 10, 347.13
1734727806, 47, 42, 81, 10, 0, 0.06%, 9, 0, 10, 321.76
1734727816, 47, 43, 81, 10, 0, 0.06%, 9, 0, 10, 331.11
1734727821, 47, 63, 81, 10, 0, 0.06%, 9, 0, 10, 346.47
1734727831, 47, 74, 81, 10, 0, 0.06%, 9, 0, 10, 361.29
1734727837, 48, 26, 81, 10, 0, 0.06%, 9, 0, 10, 329.19
1734727842, 48, 39, 81, 10, 0, 0.06%, 9, 0, 10, 333.56
1734727847, 48, 40, 81, 10, 0, 0.06%, 9, 0, 10, 321.33
1734727852, 48, 41, 81, 10, 0, 0.06%, 9, 0, 10, 319.05
1734727862, 48, 42, 81, 10, 0, 0.06%, 9, 0, 10, 326.03
1734727867, 48, 43, 81, 10, 0, 0.06%, 9, 0, 10, 335.46
1734727872, 48, 63, 81, 10, 0, 0.06%, 9, 0, 10, 328.05
1734727882, 48, 74, 81, 10, 0, 0.06%, 9, 0, 10, 349.62
1734727887, 49, 26, 81, 10, 0, 0.06%, 9, 0, 10, 307.96
1734727892, 49, 39, 81, 10, 0, 0.06%, 9, 0, 10, 345.62
1734727898, 49, 40, 81, 10, 0, 0.06%, 9, 0, 10, 326.67
1734727908, 49, 41, 81, 10, 0, 0.06%, 9, 0, 10, 318.77
1734727913, 49, 42, 81, 10, 0, 0.06%, 9, 0, 10, 326.57
1734727918, 49, 43, 81, 10, 0, 0.06%, 9, 0, 10, 347.29
1734727923, 49, 63, 81, 10, 0, 0.06%, 9, 0, 10, 335.04
1734727933, 49, 74, 81, 10, 0, 0.06%, 9, 0, 10, 360.86
1734727938, 50, 26, 81, 10, 0, 0.06%, 9, 0, 10, 297.33
1734727943, 50, 39, 81, 10, 0, 0.06%, 9, 0, 10, 328.08
1734727948, 50, 40, 81, 10, 0, 0.06%, 9, 0, 10, 330.83
1734727953, 50, 41, 81, 10, 0, 0.06%, 9, 0, 10, 314.71
1734727964, 50, 42, 81, 10, 0, 0.06%, 9, 0, 10, 328.03
1734727969, 50, 43, 81, 10, 0, 0.06%, 9, 0, 10, 350.04
1734727974, 50, 63, 81, 10, 0, 0.06%, 9, 0, 10, 315.06
1734727984, 50, 74, 81, 10, 0, 0.06%, 9, 0, 10, 382.00
1734727989, 51, 26, 81, 10, 0, 0.06%, 9, 0, 10, 334.34
1734727994, 51, 39, 81, 10, 0, 0.06%, 9, 0, 10, 327.68
1734727999, 51, 40, 81, 10, 0, 0.06%, 9, 0, 10, 339.76
1734728009, 51, 41, 81, 10, 0, 0.06%, 9, 0, 10, 291.89
1734728014, 51, 42, 81, 10, 0, 0.06%, 9, 0, 10, 364.26
1734728019, 51, 43, 81, 10, 0, 0.06%, 9, 0, 10, 349.25
1734728024, 51, 63, 81, 10, 0, 0.06%, 9, 0, 10, 317.78
1734728034, 51, 74, 81, 10, 0, 0.06%, 9, 0, 10, 363.06
1734728039, 52, 26, 81, 10, 0, 0.06%, 9, 0, 10, 320.84
1734728044, 52, 39, 81, 10, 0, 0.06%, 9, 0, 10, 331.53
1734728049, 52, 40, 81, 10, 0, 0.06%, 9, 0, 10, 335.93
1734728059, 52, 41, 81, 10, 0, 0.06%, 9, 0, 10, 334.43
1734728064, 52, 42, 81, 10, 0, 0.06%, 9, 0, 10, 348.02
1734728070, 52, 43, 81, 10, 0, 0.06%, 9, 0, 10, 366.76
1734728075, 52, 63, 81, 10, 0, 0.06%, 9, 0, 10, 315.93
1734728085, 52, 74, 81, 10, 0, 0.06%, 9, 0, 10, 379.09
1734728090, 53, 26, 81, 10, 0, 0.06%, 9, 0, 10, 323.28
1734728095, 53, 39, 81, 10, 0, 0.06%, 9, 0, 10, 319.15
1734728100, 53, 40, 81, 10, 0, 0.06%, 9, 0, 10, 319.27
1734728110, 53, 41, 81, 10, 0, 0.06%, 9, 0, 10, 302.35
1734728115, 53, 42, 81, 10, 0, 0.06%, 9, 0, 10, 362.57
1734728121, 53, 43, 81, 10, 0, 0.06%, 9, 0, 10, 297.27
1734728131, 53, 63, 81, 10, 0, 0.06%, 9, 0, 10, 345.75
1734728136, 53, 74, 81, 10, 0, 0.06%, 9, 0, 10, 344.32
1734728146, 54, 26, 81, 10, 0, 0.06%, 9, 0, 10, 310.25
1734728151, 54, 39, 81, 10, 0, 0.06%, 9, 0, 10, 345.79
1734728156, 54, 40, 81, 10, 0, 0.06%, 9, 0, 10, 307.67
1734728161, 54, 41, 81, 10, 0, 0.06%, 9, 0, 10, 337.24
1734728166, 54, 42, 81, 10, 0, 0.06%, 9, 0, 10, 342.71
1734728176, 54, 43, 81, 10, 0, 0.06%, 9, 0, 10, 328.12
1734728181, 54, 63, 81, 10, 0, 0.06%, 9, 0, 10, 375.15
1734728186, 54, 74, 81, 10, 0, 0.06%, 9, 0, 10, 306.00
1734728196, 55, 26, 81, 10, 0, 0.06%, 9, 0, 10, 303.22
1734728201, 55, 39, 81, 10, 0, 0.06%, 9, 0, 10, 329.40
1734728207, 55, 40, 81, 10, 0, 0.06%, 9, 0, 10, 303.61
1734728212, 55, 41, 81, 10, 0, 0.06%, 9, 0, 10, 320.04
1734728222, 55, 42, 81, 10, 0, 0.06%, 9, 0, 10, 311.34
1734728227, 55, 43, 81, 10, 0, 0.06%, 9, 0, 10, 324.87
1734728232, 55, 63, 81, 10, 0, 0.06%, 9, 0, 10, 341.10
1734728242, 55, 74, 81, 10, 0, 0.06%, 9, 0, 10, 363.43
1734728247, 56, 26, 81, 10, 0, 0.06%, 9, 0, 10, 311.33
1734728252, 56, 39, 81, 10, 0, 0.06%, 9, 0, 10, 341.26
1734728257, 56, 40, 81, 10, 0, 0.06%, 9, 0, 10, 321.58
1734728262, 56, 41, 81, 10, 0, 0.06%, 9, 0, 10, 334.76
1734728272, 56, 42, 81, 10, 0, 0.06%, 9, 0, 10, 345.92
1734728278, 56, 43, 81, 10, 0, 0.06%, 9, 0, 10, 336.49
1734728283, 56, 63, 81, 10, 0, 0.06%, 9, 0, 10, 357.14
1734728293, 56, 74, 81, 10, 0, 0.06%, 9, 0, 10, 336.71
1734728298, 57, 26, 81, 10, 0, 0.06%, 9, 0, 10, 309.06
1734728303, 57, 39, 81, 10, 0, 0.06%, 9, 0, 10, 336.43
1734728308, 57, 40, 81, 10, 0, 0.06%, 9, 0, 10, 323.59
1734728318, 57, 41, 81, 10, 0, 0.06%, 9, 0, 10, 319.02
1734728323, 57, 42, 81, 10, 0, 0.06%, 9, 0, 10, 353.67
1734728328, 57, 43, 81, 10, 0, 0.06%, 9, 0, 10, 358.92
1734728334, 57, 63, 81, 10, 0, 0.06%, 9, 0, 10, 345.95
1734728344, 57, 74, 81, 10, 0, 0.06%, 9, 0, 10, 350.07
1734728349, 58, 26, 81, 10, 0, 0.06%, 9, 0, 10, 312.78
1734728354, 58, 39, 81, 10, 0, 0.06%, 9, 0, 10, 356.08
1734728359, 58, 40, 81, 10, 0, 0.06%, 9, 0, 10, 325.71
1734728364, 58, 41, 81, 10, 0, 0.06%, 9, 0, 10, 328.95
1734728374, 58, 42, 81, 10, 0, 0.06%, 9, 0, 10, 330.99
1734728379, 58, 43, 81, 10, 0, 0.06%, 9, 0, 10, 341.17
1734728384, 58, 63, 81, 10, 0, 0.06%, 9, 0, 10, 347.07
1734728394, 58, 74, 81, 10, 0, 0.06%, 9, 0, 10, 335.55
1734728399, 59, 26, 81, 10, 0, 0.06%, 9, 0, 10, 301.14
1734728404, 59, 39, 81, 10, 0, 0.06%, 9, 0, 10, 313.42
1734728409, 59, 40, 81, 10, 0, 0.06%, 9, 0, 10, 310.44
1734728419, 59, 41, 81, 10, 0, 0.06%, 9, 0, 10, 292.22
1734728424, 59, 42, 81, 10, 0, 0.06%, 9, 0, 10, 340.98
1734728429, 59, 43, 81, 10, 0, 0.06%, 9, 0, 10, 371.25
1734728439, 59, 63, 81, 10, 0, 0.06%, 9, 0, 10, 327.62
1734728444, 59, 74, 81, 10, 0, 0.06%, 9, 0, 10, 360.84
1734728455, 60, 39, 81, 10, 0, 0.06%, 9, 0, 10, 308.07
1734728460, 60, 40, 81, 10, 0, 0.06%, 9, 0, 10, 331.97
1734728470, 60, 41, 81, 10, 0, 0.06%, 9, 0, 10, 333.79
1734728475, 60, 42, 81, 10, 0, 0.06%, 9, 0, 10, 348.15
1734728480, 60, 43, 81, 10, 0, 0.06%, 9, 0, 10, 336.02
1734728490, 60, 63, 81, 10, 0, 0.06%, 9, 0, 10, 345.36
1734728495, 60, 74, 81, 10, 0, 0.06%, 9, 0, 10, 313.49
1734728505, 61, 26, 81, 10, 0, 0.06%, 9, 0, 10, 301.83
1734728510, 61, 39, 81, 10, 0, 0.06%, 9, 0, 10, 313.57
1734728515, 61, 40, 81, 10, 0, 0.06%, 9, 0, 10, 304.53
1734728520, 61, 41, 81, 10, 0, 0.06%, 9, 0, 10, 307.38
1734728530, 61, 42, 81, 10, 0, 0.06%, 9, 0, 10, 334.56
1734728535, 61, 43, 81, 10, 0, 0.06%, 9, 0, 10, 353.26
1734728540, 61, 63, 81, 10, 0, 0.06%, 9, 0, 10, 318.86
1734728550, 61, 74, 81, 10, 0, 0.06%, 9, 0, 10, 355.72
1734728555, 62, 26, 81, 10, 0, 0.06%, 9, 0, 10, 303.97
1734728560, 62, 39, 81, 10, 0, 0.06%, 9, 0, 10, 288.37
1734728565, 62, 40, 81, 10, 0, 0.06%, 9, 0, 10, 339.85
1734728576, 62, 41, 81, 10, 0, 0.06%, 9, 0, 10, 328.14
1734728581, 62, 42, 81, 10, 0, 0.06%, 9, 0, 10, 343.67
1734728586, 62, 43, 81, 10, 0, 0.06%, 9, 0, 10, 360.08
1734728591, 62, 63, 81, 10, 0, 0.06%, 9, 0, 10, 337.49
1734728601, 62, 74, 81, 10, 0, 0.06%, 9, 0, 10, 358.87
1734728611, 63, 26, 81, 10, 0, 0.06%, 9, 0, 10, 292.66
1734728616, 63, 39, 81, 10, 0, 0.06%, 9, 0, 10, 317.37
1734728621, 63, 40, 81, 10, 0, 0.06%, 9, 0, 10, 291.16
1734728626, 63, 41, 81, 10, 0, 0.06%, 9, 0, 10, 336.16
1734728631, 63, 42, 81, 10, 0, 0.06%, 9, 0, 10, 332.98
1734728642, 63, 43, 81, 10, 0, 0.06%, 9, 0, 10, 327.95
1734728647, 63, 63, 81, 10, 0, 0.06%, 9, 0, 10, 362.62
1734728652, 63, 74, 81, 10, 0, 0.06%, 9, 0, 10, 313.60
1734728662, 64, 26, 81, 10, 0, 0.06%, 9, 0, 10, 305.51
1734728667, 64, 39, 81, 10, 0, 0.06%, 9, 0, 10, 338.35
1734728672, 64, 40, 81, 10, 0, 0.06%, 9, 0, 10, 318.53
1734728677, 64, 41, 81, 10, 0, 0.06%, 9, 0, 10, 353.99
1734728682, 64, 42, 81, 10, 0, 0.06%, 9, 0, 10, 331.93
1734728692, 64, 43, 81, 10, 0, 0.06%, 9, 0, 10, 322.94
1734728697, 64, 63, 81, 10, 0, 0.06%, 9, 0, 10, 347.28
1734728707, 64, 74, 81, 10, 0, 0.06%, 9, 0, 10, 344.64
1734728713, 64, 75, 81, 10, 0, 0.06%, 9, 0, 10, 374.49
1734729154, 64, 76, 81, 10, 0, 0.06%, 9, 0, 10, 283.09
1734729552, 64, 77, 81, 10, 0, 0.06%, 9, 0, 10, 406.66
1734729577, 64, 78, 81, 10, 0, 0.06%, 9, 0, 10, 480.36
1734729766, 64, 80, 81, 9, 0, 0.06%, 9, 0, 10, 423.76
1734729898, 65, 10, 81, 8, 0, 0.06%, 9, 0, 10, 281.78
1734729903, 65, 12, 81, 8, 0, 0.06%, 9, 0, 10, 263.01
1734729913, 65, 15, 81, 7, 0, 0.06%, 9, 0, 10, 307.41
1734729939, 65, 16, 81, 6, 0, 0.06%, 9, 0, 10, 341.15
1734729944, 65, 24, 81, 6, 0, 0.06%, 9, 0, 10, 395.13
1734729959, 65, 26, 81, 6, 0, 0.06%, 9, 0, 10, 316.02
1734729964, 65, 28, 81, 6, 0, 0.06%, 9, 0, 10, 324.80
1734729974, 65, 31, 81, 6, 0, 0.06%, 9, 0, 10, 367.19
1734729984, 65, 32, 81, 6, 0, 0.06%, 9, 0, 10, 353.82
1734729989, 65, 33, 81, 6, 0, 0.06%, 9, 0, 10, 303.56
1734730010, 65, 34, 81, 6, 0, 0.06%, 9, 0, 10, 298.31
1734730020, 65, 35, 81, 6, 0, 0.06%, 9, 0, 10, 345.36
1734730030, 65, 36, 81, 6, 0, 0.06%, 9, 0, 10, 383.45
1734730040, 65, 37, 81, 6, 0, 0.06%, 9, 0, 10, 311.85
1734730255, 65, 38, 81, 6, 0, 0.06%, 9, 0, 10, 375.28
1734730265, 65, 39, 81, 6, 0, 0.06%, 9, 0, 10, 332.28
1734730270, 65, 40, 81, 6, 0, 0.06%, 9, 0, 10, 335.02
1734730275, 65, 41, 81, 6, 0, 0.06%, 9, 0, 10, 337.53
1734730285, 65, 42, 81, 6, 0, 0.06%, 9, 0, 10, 381.13
1734730296, 65, 43, 81, 6, 0, 0.06%, 9, 0, 10, 388.07
1734730311, 65, 44, 81, 6, 0, 0.06%, 9, 0, 10, 333.48
1734730316, 65, 46, 81, 6, 0, 0.06%, 9, 0, 10, 342.08
1734730321, 65, 48, 81, 6, 0, 0.06%, 9, 0, 10, 358.30
1734730326, 65, 49, 81, 6, 0, 0.06%, 9, 0, 10, 347.58
1734730331, 65, 50, 81, 6, 0, 0.06%, 9, 0, 10, 349.48
1734730336, 65, 51, 81, 6, 0, 0.06%, 9, 0, 10, 338.22
1734730341, 65, 52, 81, 6, 0, 0.06%, 9, 0, 10, 376.58
1734730346, 65, 53, 81, 6, 0, 0.06%, 9, 0, 10, 345.87
1734730352, 65, 54, 81, 6, 0, 0.06%, 9, 0, 10, 369.01
1734730357, 65, 55, 81, 6, 0, 0.06%, 9, 0, 10, 358.66
1734730362, 65, 56, 81, 6, 0, 0.06%, 9, 0, 10, 329.19
1734730367, 65, 57, 81, 6, 0, 0.06%, 9, 0, 10, 407.85
1734730382, 65, 58, 81, 6, 0, 0.06%, 9, 0, 10, 358.78
1734730392, 65, 59, 81, 6, 0, 0.06%, 9, 0, 10, 353.02
1734730402, 65, 60, 81, 6, 0, 0.06%, 9, 0, 10, 344.08
1734730407, 65, 61, 81, 6, 0, 0.06%, 9, 0, 10, 345.55
1734730417, 65, 62, 81, 6, 0, 0.06%, 9, 0, 10, 383.12
1734730423, 65, 63, 81, 6, 0, 0.06%, 9, 0, 10, 359.23
1734730509, 65, 64, 81, 6, 0, 0.06%, 9, 0, 10, 429.97
1734730520, 65, 65, 81, 6, 0, 0.06%, 9, 0, 10, 325.71
1734730535, 65, 66, 81, 6, 0, 0.06%, 9, 0, 10, 343.69
1734730550, 65, 67, 81, 6, 0, 0.06%, 9, 0, 10, 382.33
1734730565, 65, 68, 81, 6, 0, 0.06%, 9, 0, 10, 402.89
1734730576, 65, 69, 81, 6, 0, 0.06%, 9, 0, 10, 385.86
1734730591, 65, 70, 81, 6, 0, 0.06%, 9, 0, 10, 420.27
1734730606, 65, 71, 81, 6, 0, 0.06%, 9, 0, 10, 324.95
1734730632, 65, 72, 81, 6, 0, 0.06%, 9, 0, 10, 371.03
1734730657, 65, 73, 81, 6, 0, 0.06%, 9, 0, 10, 319.38
1734730673, 65, 74, 81, 6, 0, 0.06%, 9, 0, 10, 341.68
1734730683, 65, 77, 81, 6, 0, 0.06%, 9, 0, 10, 322.11
1734730703, 65, 78, 81, 6, 0, 0.06%, 9, 0, 10, 352.68
1734730734, 65, 80, 81, 6, 0, 0.06%, 9, 0, 10, 411.13
1734730749, 66, 16, 81, 6, 0, 0.06%, 9, 0, 10, 350.98
1734730754, 66, 26, 81, 6, 0, 0.06%, 9, 0, 10, 323.10
1734730759, 66, 39, 81, 6, 0, 0.06%, 9, 0, 10, 342.48
1734730764, 66, 40, 81, 6, 0, 0.06%, 9, 0, 10, 326.98
1734730769, 66, 41, 81, 6, 0, 0.06%, 9, 0, 10, 319.66
1734730779, 66, 42, 81, 6, 0, 0.06%, 9, 0, 10, 340.14
1734730785, 66, 43, 81, 6, 0, 0.06%, 9, 0, 10, 363.82
1734730790, 66, 44, 81, 6, 0, 0.06%, 9, 0, 10, 347.25
1734730795, 66, 46, 81, 6, 0, 0.06%, 9, 0, 10, 364.59
1734730800, 66, 48, 81, 6, 0, 0.06%, 9, 0, 10, 356.09
1734730805, 66, 49, 81, 6, 0, 0.06%, 9, 0, 10, 332.72
1734730810, 66, 50, 81, 6, 0, 0.06%, 9, 0, 10, 329.49
1734730815, 66, 51, 81, 6, 0, 0.06%, 9, 0, 10, 380.76
1734730820, 66, 52, 81, 6, 0, 0.06%, 9, 0, 10, 341.34
1734730825, 66, 53, 81, 6, 0, 0.06%, 9, 0, 10, 358.07
1734730830, 66, 54, 81, 6, 0, 0.06%, 9, 0, 10, 361.34
1734730835, 66, 55, 81, 6, 0, 0.06%, 9, 0, 10, 357.40
1734730840, 66, 56, 81, 6, 0, 0.06%, 9, 0, 10, 350.75
1734730846, 66, 57, 81, 6, 0, 0.06%, 9, 0, 10, 386.98
1734730861, 66, 58, 81, 6, 0, 0.06%, 9, 0, 10, 355.84
1734730866, 66, 59, 81, 6, 0, 0.06%, 9, 0, 10, 354.91
1734730871, 66, 60, 81, 6, 0, 0.06%, 9, 0, 10, 338.38
1734730876, 66, 61, 81, 6, 0, 0.06%, 9, 0, 10, 325.88
1734730881, 66, 62, 81, 6, 0, 0.06%, 9, 0, 10, 346.15
1734730886, 66, 63, 81, 6, 0, 0.06%, 9, 0, 10, 333.37
1734730896, 66, 64, 81, 6, 0, 0.06%, 9, 0, 10, 365.74
1734730901, 66, 65, 81, 6, 0, 0.06%, 9, 0, 10, 377.11
1734730911, 66, 66, 81, 6, 0, 0.06%, 9, 0, 10, 368.17
1734730916, 66, 67, 81, 6, 0, 0.06%, 9, 0, 10, 348.39
1734730927, 66, 68, 81, 6, 0, 0.06%, 9, 0, 10, 377.09
1734730932, 66, 69, 81, 6, 0, 0.06%, 9, 0, 10, 387.76
1734730947, 66, 70, 81, 6, 0, 0.06%, 9, 0, 10, 338.09
1734730963, 66, 71, 81, 6, 0, 0.06%, 9, 0, 10, 438.44
1734730988, 66, 72, 81, 6, 0, 0.06%, 9, 0, 10, 416.07
1734731013, 66, 73, 81, 6, 0, 0.06%, 9, 0, 10, 294.77
1734731023, 66, 74, 81, 6, 0, 0.06%, 9, 0, 10, 370.03
1734731028, 66, 77, 81, 6, 0, 0.06%, 9, 0, 10, 384.42
1734731054, 66, 78, 81, 6, 0, 0.06%, 9, 0, 10, 341.71
1734731069, 66, 80, 81, 6, 0, 0.06%, 9, 0, 10, 364.33
1734731089, 67, 16, 81, 6, 0, 0.06%, 9, 0, 10, 312.36
1734731094, 67, 26, 81, 6, 0, 0.06%, 9, 0, 10, 286.54
1734731099, 67, 39, 81, 6, 0, 0.06%, 9, 0, 10, 329.65
1734731104, 67, 40, 81, 6, 0, 0.06%, 9, 0, 10, 312.47
1734731109, 67, 41, 81, 6, 0, 0.06%, 9, 0, 10, 330.19
1734731115, 67, 42, 81, 6, 0, 0.06%, 9, 0, 10, 338.02
1734731125, 67, 43, 81, 6, 0, 0.06%, 9, 0, 10, 312.35
1734731130, 67, 44, 81, 6, 0, 0.06%, 9, 0, 10, 322.99
1734731135, 67, 46, 81, 6, 0, 0.06%, 9, 0, 10, 327.46
1734731140, 67, 49, 81, 6, 0, 0.06%, 9, 0, 10, 360.11
1734731145, 67, 50, 81, 6, 0, 0.06%, 9, 0, 10, 362.10
1734731150, 67, 51, 81, 6, 0, 0.06%, 9, 0, 10, 307.78
1734731160, 67, 52, 81, 6, 0, 0.06%, 9, 0, 10, 351.21
1734731165, 67, 53, 81, 6, 0, 0.06%, 9, 0, 10, 362.36
1734731170, 67, 54, 81, 6, 0, 0.06%, 9, 0, 10, 321.42
1734731175, 67, 55, 81, 6, 0, 0.06%, 9, 0, 10, 324.01
1734731180, 67, 57, 81, 6, 0, 0.06%, 9, 0, 10, 358.71
1734731201, 67, 58, 81, 6, 0, 0.06%, 9, 0, 10, 374.55
1734731206, 67, 59, 81, 6, 0, 0.06%, 9, 0, 10, 365.28
1734731211, 67, 60, 81, 6, 0, 0.06%, 9, 0, 10, 337.46
1734731216, 67, 61, 81, 6, 0, 0.06%, 9, 0, 10, 368.11
1734731221, 67, 62, 81, 6, 0, 0.06%, 9, 0, 10, 374.43
1734731226, 67, 63, 81, 6, 0, 0.06%, 9, 0, 10, 342.31
1734731236, 67, 64, 81, 6, 0, 0.06%, 9, 0, 10, 368.06
1734731241, 67, 65, 81, 6, 0, 0.06%, 9, 0, 10, 400.70
1734731247, 67, 66, 81, 6, 0, 0.06%, 9, 0, 10, 357.85
1734731257, 67, 67, 81, 6, 0, 0.06%, 9, 0, 10, 401.12
1734731262, 67, 68, 81, 6, 0, 0.06%, 9, 0, 10, 335.98
1734731272, 67, 69, 81, 6, 0, 0.06%, 9, 0, 10, 311.71
1734731287, 67, 70, 81, 6, 0, 0.06%, 9, 0, 10, 289.56
1734731303, 67, 71, 81, 6, 0, 0.06%, 9, 0, 10, 379.18
1734731323, 67, 72, 81, 6, 0, 0.06%, 9, 0, 10, 322.89
1734731338, 67, 73, 81, 6, 0, 0.06%, 9, 0, 10, 327.88
1734731348, 67, 74, 81, 6, 0, 0.06%, 9, 0, 10, 358.85
1734731354, 67, 77, 81, 6, 0, 0.06%, 9, 0, 10, 392.80
1734731374, 67, 78, 81, 6, 0, 0.06%, 9, 0, 10, 377.20
1734731389, 67, 80, 81, 6, 0, 0.06%, 9, 0, 10, 349.13
1734731394, 68, 16, 81, 6, 0, 0.06%, 9, 0, 10, 329.56
1734731399, 68, 26, 81, 6, 0, 0.06%, 9, 0, 10, 293.78
1734731404, 68, 39, 81, 6, 0, 0.06%, 9, 0, 10, 326.39
1734731409, 68, 40, 81, 6, 0, 0.06%, 9, 0, 10, 314.08
1734731414, 68, 41, 81, 6, 0, 0.06%, 9, 0, 10, 341.10
1734731424, 68, 42, 81, 6, 0, 0.06%, 9, 0, 10, 302.27
1734731430, 68, 43, 81, 6, 0, 0.06%, 9, 0, 10, 326.72
1734731435, 68, 44, 81, 6, 0, 0.06%, 9, 0, 10, 350.14
1734731440, 68, 46, 81, 6, 0, 0.06%, 9, 0, 10, 344.23
1734731445, 68, 48, 81, 6, 0, 0.06%, 9, 0, 10, 327.55
1734731450, 68, 49, 81, 6, 0, 0.06%, 9, 0, 10, 331.28
1734731455, 68, 51, 81, 6, 0, 0.06%, 9, 0, 10, 353.67
1734731465, 68, 52, 81, 6, 0, 0.06%, 9, 0, 10, 361.01
1734731470, 68, 53, 81, 6, 0, 0.06%, 9, 0, 10, 363.42
1734731475, 68, 54, 81, 6, 0, 0.06%, 9, 0, 10, 350.73
1734731480, 68, 55, 81, 6, 0, 0.06%, 9, 0, 10, 325.47
1734731485, 68, 56, 81, 6, 0, 0.06%, 9, 0, 10, 314.27
1734731490, 68, 57, 81, 6, 0, 0.06%, 9, 0, 10, 362.24
1734731506, 68, 58, 81, 6, 0, 0.06%, 9, 0, 10, 334.36
1734731511, 68, 59, 81, 6, 0, 0.06%, 9, 0, 10, 328.60
1734731516, 68, 60, 81, 6, 0, 0.06%, 9, 0, 10, 353.13
1734731521, 68, 61, 81, 6, 0, 0.06%, 9, 0, 10, 350.45
1734731526, 68, 62, 81, 6, 0, 0.06%, 9, 0, 10, 347.35
1734731531, 68, 63, 81, 6, 0, 0.06%, 9, 0, 10, 322.19
1734731541, 68, 64, 81, 6, 0, 0.06%, 9, 0, 10, 381.17
1734731546, 68, 65, 81, 6, 0, 0.06%, 9, 0, 10, 345.75
1734731556, 68, 66, 81, 6, 0, 0.06%, 9, 0, 10, 390.02
1734731561, 68, 67, 81, 6, 0, 0.06%, 9, 0, 10, 338.07
1734731571, 68, 68, 81, 6, 0, 0.06%, 9, 0, 10, 380.32
1734731576, 68, 69, 81, 6, 0, 0.06%, 9, 0, 10, 389.77
1734731592, 68, 70, 81, 6, 0, 0.06%, 9, 0, 10, 405.76
1734731607, 68, 71, 81, 6, 0, 0.06%, 9, 0, 10, 417.05
1734731627, 68, 72, 81, 6, 0, 0.06%, 9, 0, 10, 451.12
1734731648, 68, 73, 81, 6, 0, 0.06%, 9, 0, 10, 360.88
1734731653, 68, 74, 81, 6, 0, 0.06%, 9, 0, 10, 332.16
1734731663, 68, 77, 81, 6, 0, 0.06%, 9, 0, 10, 325.98
1734731678, 68, 78, 81, 6, 0, 0.06%, 9, 0, 10, 355.62
1734731693, 68, 80, 81, 6, 0, 0.06%, 9, 0, 10, 367.49
1734731698, 69, 16, 81, 6, 0, 0.06%, 9, 0, 10, 330.75
1734731703, 69, 26, 81, 6, 0, 0.06%, 9, 0, 10, 312.33
1734731709, 69, 39, 81, 6, 0, 0.06%, 9, 0, 10, 310.68
1734731714, 69, 40, 81, 6, 0, 0.06%, 9, 0, 10, 306.32
1734731719, 69, 41, 81, 6, 0, 0.06%, 9, 0, 10, 348.30
1734731724, 69, 42, 81, 6, 0, 0.06%, 9, 0, 10, 337.43
1734731734, 69, 43, 81, 6, 0, 0.06%, 9, 0, 10, 309.88
1734731739, 69, 44, 81, 6, 0, 0.06%, 9, 0, 10, 332.43
1734731744, 69, 46, 81, 6, 0, 0.06%, 9, 0, 10, 347.50
1734731749, 69, 48, 81, 6, 0, 0.06%, 9, 0, 10, 350.60
1734731754, 69, 50, 81, 6, 0, 0.06%, 9, 0, 10, 329.03
1734731759, 69, 51, 81, 6, 0, 0.06%, 9, 0, 10, 336.21
1734731769, 69, 52, 81, 6, 0, 0.06%, 9, 0, 10, 350.89
1734731775, 69, 53, 81, 6, 0, 0.06%, 9, 0, 10, 351.22
1734731780, 69, 54, 81, 6, 0, 0.06%, 9, 0, 10, 349.64
1734731785, 69, 55, 81, 6, 0, 0.06%, 9, 0, 10, 332.88
1734731790, 69, 56, 81, 6, 0, 0.06%, 9, 0, 10, 328.00
1734731795, 69, 57, 81, 6, 0, 0.06%, 9, 0, 10, 351.15
1734731810, 69, 58, 81, 6, 0, 0.06%, 9, 0, 10, 374.48
1734731815, 69, 59, 81, 6, 0, 0.06%, 9, 0, 10, 344.99
1734731820, 69, 60, 81, 6, 0, 0.06%, 9, 0, 10, 366.08
1734731825, 69, 61, 81, 6, 0, 0.06%, 9, 0, 10, 363.81
1734731830, 69, 62, 81, 6, 0, 0.06%, 9, 0, 10, 348.28
1734731835, 69, 63, 81, 6, 0, 0.06%, 9, 0, 10, 339.79
1734731845, 69, 64, 81, 6, 0, 0.06%, 9, 0, 10, 375.88
1734731850, 69, 65, 81, 6, 0, 0.06%, 9, 0, 10, 387.58
1734731860, 69, 66, 81, 6, 0, 0.06%, 9, 0, 10, 368.90
1734731865, 69, 67, 81, 6, 0, 0.06%, 9, 0, 10, 332.36
1734731876, 69, 68, 81, 6, 0, 0.06%, 9, 0, 10, 356.81
1734731881, 69, 69, 81, 6, 0, 0.06%, 9, 0, 10, 375.55
1734731896, 69, 70, 81, 6, 0, 0.06%, 9, 0, 10, 430.95
1734731911, 69, 71, 81, 6, 0, 0.06%, 9, 0, 10, 412.02
1734731931, 69, 72, 81, 6, 0, 0.06%, 9, 0, 10, 448.11
1734731952, 69, 73, 81, 6, 0, 0.06%, 9, 0, 10, 360.58
1734731957, 69, 74, 81, 6, 0, 0.06%, 9, 0, 10, 321.38
1734731967, 69, 77, 81, 6, 0, 0.06%, 9, 0, 10, 361.15
1734731982, 69, 78, 81, 6, 0, 0.06%, 9, 0, 10, 318.72
1734731993, 69, 80, 81, 6, 0, 0.06%, 9, 0, 10, 361.71
1734731998, 70, 16, 81, 6, 0, 0.06%, 9, 0, 10, 346.91
1734732003, 70, 26, 81, 6, 0, 0.06%, 9, 0, 10, 310.76
1734732008, 70, 39, 81, 6, 0, 0.06%, 9, 0, 10, 337.71
1734732013, 70, 40, 81, 6, 0, 0.06%, 9, 0, 10, 318.36
1734732018, 70, 41, 81, 6, 0, 0.06%, 9, 0, 10, 346.20
1734732023, 70, 42, 81, 6, 0, 0.06%, 9, 0, 10, 336.94
1734732028, 70, 43, 81, 6, 0, 0.06%, 9, 0, 10, 305.09
1734732038, 70, 44, 81, 6, 0, 0.06%, 9, 0, 10, 320.49
1734732044, 70, 46, 81, 6, 0, 0.06%, 9, 0, 10, 319.28
1734732049, 70, 48, 81, 6, 0, 0.06%, 9, 0, 10, 330.10
1734732054, 70, 50, 81, 6, 0, 0.06%, 9, 0, 10, 323.93
1734732059, 70, 51, 81, 6, 0, 0.06%, 9, 0, 10, 301.36
1734732069, 70, 52, 81, 6, 0, 0.06%, 9, 0, 10, 376.82
1734732074, 70, 53, 81, 6, 0, 0.06%, 9, 0, 10, 362.00
1734732079, 70, 54, 81, 6, 0, 0.06%, 9, 0, 10, 351.25
1734732084, 70, 55, 81, 6, 0, 0.06%, 9, 0, 10, 341.26
1734732089, 70, 56, 81, 6, 0, 0.06%, 9, 0, 10, 344.95
1734732094, 70, 57, 81, 6, 0, 0.06%, 9, 0, 10, 342.43
1734732109, 70, 58, 81, 6, 0, 0.06%, 9, 0, 10, 341.84
1734732114, 70, 59, 81, 6, 0, 0.06%, 9, 0, 10, 314.09
1734732119, 70, 60, 81, 6, 0, 0.06%, 9, 0, 10, 327.02
1734732125, 70, 61, 81, 6, 0, 0.06%, 9, 0, 10, 355.57
1734732135, 70, 63, 81, 6, 0, 0.06%, 9, 0, 10, 335.11
1734732145, 70, 64, 81, 6, 0, 0.06%, 9, 0, 10, 388.85
1734732150, 70, 65, 81, 6, 0, 0.06%, 9, 0, 10, 320.39
1734732160, 70, 66, 81, 6, 0, 0.06%, 9, 0, 10, 291.10
1734732170, 70, 67, 81, 6, 0, 0.06%, 9, 0, 10, 378.33
1734732175, 70, 68, 81, 6, 0, 0.06%, 9, 0, 10, 326.73
1734732185, 70, 69, 81, 6, 0, 0.06%, 9, 0, 10, 299.20
1734732196, 70, 70, 81, 6, 0, 0.06%, 9, 0, 10, 334.58
1734732216, 70, 71, 81, 6, 0, 0.06%, 9, 0, 10, 389.26
1734732236, 70, 72, 81, 6, 0, 0.06%, 9, 0, 10, 333.45
1734732252, 70, 73, 81, 6, 0, 0.06%, 9, 0, 10, 330.15
1734732262, 70, 74, 81, 6, 0, 0.06%, 9, 0, 10, 357.83
1734732267, 70, 77, 81, 6, 0, 0.06%, 9, 0, 10, 352.45
1734732287, 70, 78, 81, 6, 0, 0.06%, 9, 0, 10, 381.34
1734732292, 70, 80, 81, 6, 0, 0.06%, 9, 0, 10, 361.70
1734732302, 71, 16, 81, 6, 0, 0.06%, 9, 0, 10, 328.91
1734732307, 71, 39, 81, 6, 0, 0.06%, 9, 0, 10, 303.94
1734732312, 71, 40, 81, 6, 0, 0.06%, 9, 0, 10, 311.84
1734732322, 71, 41, 81, 6, 0, 0.06%, 9, 0, 10, 343.18
1734732328, 71, 42, 81, 6, 0, 0.06%, 9, 0, 10, 360.92
1734732333, 71, 43, 81, 6, 0, 0.06%, 9, 0, 10, 361.93
1734732338, 71, 44, 81, 6, 0, 0.06%, 9, 0, 10, 324.33
1734732343, 71, 46, 81, 6, 0, 0.06%, 9, 0, 10, 353.36
1734732348, 71, 48, 81, 6, 0, 0.06%, 9, 0, 10, 381.45
1734732353, 71, 49, 81, 6, 0, 0.06%, 9, 0, 10, 342.71
1734732358, 71, 50, 81, 6, 0, 0.06%, 9, 0, 10, 352.22
1734732363, 71, 51, 81, 6, 0, 0.06%, 9, 0, 10, 391.35
1734732368, 71, 52, 81, 6, 0, 0.06%, 9, 0, 10, 326.21
1734732373, 71, 53, 81, 6, 0, 0.06%, 9, 0, 10, 344.49
1734732378, 71, 54, 81, 6, 0, 0.06%, 9, 0, 10, 341.48
1734732383, 71, 55, 81, 6, 0, 0.06%, 9, 0, 10, 360.54
1734732388, 71, 56, 81, 6, 0, 0.06%, 9, 0, 10, 367.74
1734732394, 71, 57, 81, 6, 0, 0.06%, 9, 0, 10, 451.12
1734732414, 71, 58, 81, 6, 0, 0.06%, 9, 0, 10, 374.69
1734732419, 71, 59, 81, 6, 0, 0.06%, 9, 0, 10, 337.88
1734732424, 71, 60, 81, 6, 0, 0.06%, 9, 0, 10, 343.35
1734732429, 71, 61, 81, 6, 0, 0.06%, 9, 0, 10, 341.83
1734732434, 71, 62, 81, 6, 0, 0.06%, 9, 0, 10, 334.58
1734732439, 71, 63, 81, 6, 0, 0.06%, 9, 0, 10, 337.00
1734732444, 71, 64, 81, 6, 0, 0.06%, 9, 0, 10, 382.10
1734732455, 71, 65, 81, 6, 0, 0.06%, 9, 0, 10, 342.51
1734732460, 71, 66, 81, 6, 0, 0.06%, 9, 0, 10, 329.84
1734732470, 71, 67, 81, 6, 0, 0.06%, 9, 0, 10, 372.12
1734732475, 71, 68, 81, 6, 0, 0.06%, 9, 0, 10, 290.01
1734732485, 71, 69, 81, 6, 0, 0.06%, 9, 0, 10, 310.85
1734732500, 71, 70, 81, 6, 0, 0.06%, 9, 0, 10, 303.55
1734732516, 71, 71, 81, 6, 0, 0.06%, 9, 0, 10, 404.77
1734732536, 71, 72, 81, 6, 0, 0.06%, 9, 0, 10, 344.86
1734732556, 71, 73, 81, 6, 0, 0.06%, 9, 0, 10, 350.31
1734732561, 71, 74, 81, 6, 0, 0.06%, 9, 0, 10, 359.96
1734732571, 71, 77, 81, 6, 0, 0.06%, 9, 0, 10, 297.23
1734732586, 71, 78, 81, 6, 0, 0.06%, 9, 0, 10, 348.37
1734732597, 71, 80, 81, 6, 0, 0.06%, 9, 0, 10, 345.19
1734732602, 72, 16, 81, 6, 0, 0.06%, 9, 0, 10, 325.26
1734732607, 72, 26, 81, 6, 0, 0.06%, 9, 0, 10, 300.96
1734732612, 72, 39, 81, 6, 0, 0.06%, 9, 0, 10, 322.55
1734732617, 72, 40, 81, 6, 0, 0.06%, 9, 0, 10, 316.41
1734732622, 72, 41, 81, 6, 0, 0.06%, 9, 0, 10, 325.48
1734732627, 72, 42, 81, 6, 0, 0.06%, 9, 0, 10, 366.30
1734732637, 72, 43, 81, 6, 0, 0.06%, 9, 0, 10, 313.89
1734732642, 72, 46, 81, 6, 0, 0.06%, 9, 0, 10, 344.10
1734732647, 72, 48, 81, 6, 0, 0.06%, 9, 0, 10, 377.71
1734732652, 72, 49, 81, 6, 0, 0.06%, 9, 0, 10, 354.14
1734732657, 72, 50, 81, 6, 0, 0.06%, 9, 0, 10, 368.18
1734732662, 72, 51, 81, 6, 0, 0.06%, 9, 0, 10, 390.25
1734732673, 72, 52, 81, 6, 0, 0.06%, 9, 0, 10, 332.24
1734732678, 72, 53, 81, 6, 0, 0.06%, 9, 0, 10, 352.12
1734732683, 72, 54, 81, 6, 0, 0.06%, 9, 0, 10, 326.35
1734732688, 72, 56, 81, 6, 0, 0.06%, 9, 0, 10, 337.63
1734732693, 72, 57, 81, 6, 0, 0.06%, 9, 0, 10, 390.00
1734732713, 72, 58, 81, 6, 0, 0.06%, 9, 0, 10, 361.14
1734732718, 72, 59, 81, 6, 0, 0.06%, 9, 0, 10, 369.34
1734732723, 72, 60, 81, 6, 0, 0.06%, 9, 0, 10, 368.41
1734732728, 72, 61, 81, 6, 0, 0.06%, 9, 0, 10, 378.62
1734732733, 72, 62, 81, 6, 0, 0.06%, 9, 0, 10, 368.02
1734732739, 72, 63, 81, 6, 0, 0.06%, 9, 0, 10, 339.52
1734732744, 72, 64, 81, 6, 0, 0.06%, 9, 0, 10, 351.48
1734732754, 72, 65, 81, 6, 0, 0.06%, 9, 0, 10, 383.22
1734732759, 72, 66, 81, 6, 0, 0.06%, 9, 0, 10, 343.49
1734732769, 72, 67, 81, 6, 0, 0.06%, 9, 0, 10, 376.00
1734732774, 72, 68, 81, 6, 0, 0.06%, 9, 0, 10, 343.86
1734732784, 72, 69, 81, 6, 0, 0.06%, 9, 0, 10, 357.00
1734732800, 72, 70, 81, 6, 0, 0.06%, 9, 0, 10, 346.05
1734732815, 72, 71, 81, 6, 0, 0.06%, 9, 0, 10, 432.16
1734732836, 72, 72, 81, 6, 0, 0.06%, 9, 0, 10, 399.28
1734732856, 72, 73, 81, 6, 0, 0.06%, 9, 0, 10, 378.11
1734732861, 72, 74, 81, 6, 0, 0.06%, 9, 0, 10, 339.34
1734732871, 72, 77, 81, 6, 0, 0.06%, 9, 0, 10, 326.29
1734732886, 72, 78, 81, 6, 0, 0.06%, 9, 0, 10, 332.06
1734732896, 72, 80, 81, 6, 0, 0.06%, 9, 0, 10, 349.96
1734732901, 73, 26, 81, 6, 0, 0.06%, 9, 0, 10, 312.85
1734732906, 73, 39, 81, 6, 0, 0.06%, 9, 0, 10, 346.48
1734732912, 73, 40, 81, 6, 0, 0.06%, 9, 0, 10, 316.29
1734732917, 73, 41, 81, 6, 0, 0.06%, 9, 0, 10, 319.39
1734732927, 73, 42, 81, 6, 0, 0.06%, 9, 0, 10, 308.86
1734732932, 73, 43, 81, 6, 0, 0.06%, 9, 0, 10, 333.71
1734732937, 73, 63, 81, 6, 0, 0.06%, 9, 0, 10, 357.21
1734732942, 73, 74, 81, 6, 0, 0.06%, 9, 0, 10, 324.70
1734732952, 74, 26, 81, 6, 0, 0.06%, 9, 0, 10, 301.89
1734732957, 74, 39, 81, 6, 0, 0.06%, 9, 0, 10, 324.75
1734732962, 74, 40, 81, 6, 0, 0.06%, 9, 0, 10, 333.21
1734732967, 74, 41, 81, 6, 0, 0.06%, 9, 0, 10, 315.11
1734732977, 74, 42, 81, 6, 0, 0.06%, 9, 0, 10, 320.55
1734732983, 74, 43, 81, 6, 0, 0.06%, 9, 0, 10, 357.91
1734732988, 74, 63, 81, 6, 0, 0.06%, 9, 0, 10, 304.84
1734732998, 74, 74, 81, 6, 0, 0.06%, 9, 0, 10, 367.00
1734733003, 75, 26, 81, 6, 0, 0.06%, 9, 0, 10, 317.98
1734733008, 75, 39, 81, 6, 0, 0.06%, 9, 0, 10, 330.45
1734733013, 75, 40, 81, 6, 0, 0.06%, 9, 0, 10, 331.01
1734733023, 75, 41, 81, 6, 0, 0.06%, 9, 0, 10, 332.90
1734733028, 75, 42, 81, 6, 0, 0.06%, 9, 0, 10, 338.04
1734733034, 75, 43, 81, 6, 0, 0.06%, 9, 0, 10, 370.07
1734733039, 75, 63, 81, 6, 0, 0.06%, 9, 0, 10, 306.41
1734733049, 75, 74, 81, 6, 0, 0.06%, 9, 0, 10, 356.63
1734733054, 76, 26, 81, 6, 0, 0.06%, 9, 0, 10, 292.00
1734733059, 76, 39, 81, 6, 0, 0.06%, 9, 0, 10, 305.29
1734733064, 76, 40, 81, 6, 0, 0.06%, 9, 0, 10, 317.89
1734733074, 76, 41, 81, 6, 0, 0.06%, 9, 0, 10, 332.21
1734733079, 76, 42, 81, 6, 0, 0.06%, 9, 0, 10, 356.59
1734733084, 76, 43, 81, 6, 0, 0.06%, 9, 0, 10, 313.02
1734733094, 76, 63, 81, 6, 0, 0.06%, 9, 0, 10, 341.87
1734733099, 76, 74, 81, 6, 0, 0.06%, 9, 0, 10, 338.51
1734733110, 77, 26, 81, 6, 0, 0.06%, 9, 0, 10, 304.73
1734733115, 77, 39, 81, 6, 0, 0.06%, 9, 0, 10, 316.80
1734733120, 77, 40, 81, 6, 0, 0.06%, 9, 0, 10, 306.22
1734733125, 77, 41, 81, 6, 0, 0.06%, 9, 0, 10, 344.61
1734733135, 77, 42, 81, 6, 0, 0.06%, 9, 0, 10, 330.24
1734733140, 77, 43, 81, 6, 0, 0.06%, 9, 0, 10, 339.96
1734733145, 77, 63, 81, 6, 0, 0.06%, 9, 0, 10, 350.26
1734733155, 77, 74, 81, 6, 0, 0.06%, 9, 0, 10, 339.29
1734733160, 78, 26, 81, 6, 0, 0.06%, 9, 0, 10, 310.06
1734733165, 78, 39, 81, 6, 0, 0.06%, 9, 0, 10, 344.80
1734733170, 78, 40, 81, 6, 0, 0.06%, 9, 0, 10, 331.03
1734733175, 78, 41, 81, 6, 0, 0.06%, 9, 0, 10, 311.07
1734733186, 78, 42, 81, 6, 0, 0.06%, 9, 0, 10, 317.67
1734733191, 78, 43, 81, 6, 0, 0.06%, 9, 0, 10, 348.31
1734733196, 78, 63, 81, 6, 0, 0.06%, 9, 0, 10, 318.83
1734733206, 78, 74, 81, 6, 0, 0.06%, 9, 0, 10, 352.94
1734733211, 79, 26, 81, 6, 0, 0.06%, 9, 0, 10, 316.26
1734733216, 79, 39, 81, 6, 0, 0.06%, 9, 0, 10, 302.04
1734733221, 79, 40, 81, 6, 0, 0.06%, 9, 0, 10, 313.94
1734733231, 79, 41, 81, 6, 0, 0.06%, 9, 0, 10, 321.07
1734733236, 79, 42, 81, 6, 0, 0.06%, 9, 0, 10, 337.48
1734733241, 79, 43, 81, 6, 0, 0.06%, 9, 0, 10, 338.61
1734733252, 79, 63, 81, 6, 0, 0.06%, 9, 0, 10, 315.09
1734733257, 79, 74, 81, 6, 0, 0.06%, 9, 0, 10, 369.35
1734733267, 80, 26, 81, 6, 0, 0.06%, 9, 0, 10, 284.28
1734733272, 80, 39, 81, 6, 0, 0.06%, 9, 0, 10, 329.52
1734733277, 80, 40, 81, 6, 0, 0.06%, 9, 0, 10, 296.66
1734733282, 80, 41, 81, 6, 0, 0.06%, 9, 0, 10, 348.28
1734733287, 80, 42, 81, 6, 0, 0.06%, 9, 0, 10, 305.65
1734733298, 80, 43, 81, 6, 0, 0.06%, 9, 0, 10, 315.57
1734733303, 80, 63, 81, 6, 0, 0.06%, 9, 0, 10, 355.24
1734733308, 80, 74, 81, 6, 0, 0.06%, 9, 0, 10, 313.06
1734733318, 81, 26, 81, 6, 0, 0.06%, 9, 0, 10, 317.00
1734733323, 81, 39, 81, 6, 0, 0.06%, 9, 0, 10, 335.72
1734733328, 81, 40, 81, 6, 0, 0.06%, 9, 0, 10, 319.22
1734733333, 81, 41, 81, 6, 0, 0.06%, 9, 0, 10, 351.22
1734733338, 81, 42, 81, 6, 0, 0.06%, 9, 0, 10, 305.34
1734733348, 81, 43, 81, 6, 0, 0.06%, 9, 0, 10, 337.43
1734733353, 81, 63, 81, 6, 0, 0.06%, 9, 0, 10, 346.81
1734733364, 81, 74, 81, 6, 0, 0.06%, 9, 0, 10, 343.47
1734733369, 82, 26, 81, 6, 0, 0.06%, 9, 0, 10, 305.89
1734733374, 82, 39, 81, 6, 0, 0.06%, 9, 0, 10, 349.27
1734733379, 82, 40, 81, 6, 0, 0.06%, 9, 0, 10, 321.08
1734733384, 82, 41, 81, 6, 0, 0.06%, 9, 0, 10, 343.74
1734733394, 82, 42, 81, 6, 0, 0.06%, 9, 0, 10, 318.61
1734733399, 82, 43, 81, 6, 0, 0.06%, 9, 0, 10, 338.23
1734733404, 82, 63, 81, 6, 0, 0.06%, 9, 0, 10, 298.59
1734733415, 82, 74, 81, 6, 0, 0.06%, 9, 0, 10, 352.29
1734733420, 83, 26, 81, 6, 0, 0.06%, 9, 0, 10, 323.60
1734733425, 83, 39, 81, 6, 0, 0.06%, 9, 0, 10, 335.84
1734733430, 83, 40, 81, 6, 0, 0.06%, 9, 0, 10, 334.57
1734733440, 83, 41, 81, 6, 0, 0.06%, 9, 0, 10, 328.73
1734733445, 83, 42, 81, 6, 0, 0.06%, 9, 0, 10, 341.50
1734733450, 83, 43, 81, 6, 0, 0.06%, 9, 0, 10, 360.60
1734733455, 83, 63, 81, 6, 0, 0.06%, 9, 0, 10, 325.53
1734733465, 83, 74, 81, 6, 0, 0.06%, 9, 0, 10, 343.11
1734733470, 84, 26, 81, 6, 0, 0.06%, 9, 0, 10, 308.76
1734733475, 84, 39, 81, 6, 0, 0.06%, 9, 0, 10, 309.23
1734733480, 84, 40, 81, 6, 0, 0.06%, 9, 0, 10, 328.95
1734733491, 84, 41, 81, 6, 0, 0.06%, 9, 0, 10, 315.09
1734733496, 84, 42, 81, 6, 0, 0.06%, 9, 0, 10, 319.78
1734733501, 84, 43, 81, 6, 0, 0.06%, 9, 0, 10, 349.31
1734733511, 84, 63, 81, 6, 0, 0.06%, 9, 0, 10, 330.61
1734733516, 84, 74, 81, 6, 0, 0.06%, 9, 0, 10, 366.33
1734733521, 85, 26, 81, 6, 0, 0.06%, 9, 0, 10, 310.52
1734733526, 85, 39, 81, 6, 0, 0.06%, 9, 0, 10, 310.98
1734733532, 85, 40, 81, 6, 0, 0.06%, 9, 0, 10, 315.40
1734733542, 85, 41, 81, 6, 0, 0.06%, 9, 0, 10, 338.92
1734733547, 85, 42, 81, 6, 0, 0.06%, 9, 0, 10, 352.42
1734733557, 85, 43, 81, 6, 0, 0.06%, 9, 0, 10, 319.00
1734733562, 85, 63, 81, 6, 0, 0.06%, 9, 0, 10, 370.91
1734733567, 85, 74, 81, 6, 0, 0.06%, 9, 0, 10, 347.18
1734733577, 86, 26, 81, 6, 0, 0.06%, 9, 0, 10, 292.19
1734733582, 86, 39, 81, 6, 0, 0.06%, 9, 0, 10, 313.42
1734733588, 86, 40, 81, 6, 0, 0.06%, 9, 0, 10, 304.05
1734733593, 86, 41, 81, 6, 0, 0.06%, 9, 0, 10, 342.34
1734733603, 86, 42, 81, 6, 0, 0.06%, 9, 0, 10, 317.41
1734733608, 86, 43, 81, 6, 0, 0.06%, 9, 0, 10, 334.37
1734733613, 86, 63, 81, 6, 0, 0.06%, 9, 0, 10, 330.29
1734733623, 86, 74, 81, 6, 0, 0.06%, 9, 0, 10, 338.35
1734733628, 87, 26, 81, 6, 0, 0.06%, 9, 0, 10, 297.68
1734733633, 87, 39, 81, 6, 0, 0.06%, 9, 0, 10, 310.06
1734733638, 87, 40, 81, 6, 0, 0.06%, 9, 0, 10, 330.14
1734733649, 87, 41, 81, 6, 0, 0.06%, 9, 0, 10, 310.16
1734733654, 87, 42, 81, 6, 0, 0.06%, 9, 0, 10, 348.11
1734733659, 87, 43, 81, 6, 0, 0.06%, 9, 0, 10, 354.74
1734733669, 87, 63, 81, 6, 0, 0.06%, 9, 0, 10, 350.21
1734733674, 87, 74, 81, 6, 0, 0.06%, 9, 0, 10, 324.74
1734733684, 88, 26, 81, 6, 0, 0.06%, 9, 0, 10, 315.31
1734733689, 88, 39, 81, 6, 0, 0.06%, 9, 0, 10, 326.93
1734733694, 88, 40, 81, 6, 0, 0.06%, 9, 0, 10, 320.29
1734733699, 88, 41, 81, 6, 0, 0.06%, 9, 0, 10, 330.96
1734733704, 88, 42, 81, 6, 0, 0.06%, 9, 0, 10, 349.54
1734733709, 88, 43, 81, 6, 0, 0.06%, 9, 0, 10, 336.31
1734733719, 88, 63, 81, 6, 0, 0.06%, 9, 0, 10, 343.82
1734733724, 88, 74, 81, 6, 0, 0.06%, 9, 0, 10, 330.95
1734733735, 89, 26, 81, 6, 0, 0.06%, 9, 0, 10, 316.33
1734733740, 89, 39, 81, 6, 0, 0.06%, 9, 0, 10, 323.59
1734733745, 89, 40, 81, 6, 0, 0.06%, 9, 0, 10, 314.29
1734733750, 89, 41, 81, 6, 0, 0.06%, 9, 0, 10, 329.60
1734733760, 89, 42, 81, 6, 0, 0.06%, 9, 0, 10, 328.38
1734733765, 89, 43, 81, 6, 0, 0.06%, 9, 0, 10, 334.34
1734733770, 89, 63, 81, 6, 0, 0.06%, 9, 0, 10, 356.61
1734733780, 89, 74, 81, 6, 0, 0.06%, 9, 0, 10, 356.71
1734733785, 90, 26, 81, 6, 0, 0.06%, 9, 0, 10, 310.22
1734733790, 90, 39, 81, 6, 0, 0.06%, 9, 0, 10, 345.24
1734733795, 90, 40, 81, 6, 0, 0.06%, 9, 0, 10, 331.11
1734733800, 90, 41, 81, 6, 0, 0.06%, 9, 0, 10, 323.12
1734733811, 90, 42, 81, 6, 0, 0.06%, 9, 0, 10, 326.86
1734733816, 90, 43, 81, 6, 0, 0.06%, 9, 0, 10, 352.46
1734733821, 90, 63, 81, 6, 0, 0.06%, 9, 0, 10, 288.05
1734733831, 90, 74, 81, 6, 0, 0.06%, 9, 0, 10, 369.92
1734733836, 91, 26, 81, 6, 0, 0.06%, 9, 0, 10, 327.74
1734733841, 91, 39, 81, 6, 0, 0.06%, 9, 0, 10, 334.02
1734733846, 91, 40, 81, 6, 0, 0.06%, 9, 0, 10, 335.90
1734733856, 91, 41, 81, 6, 0, 0.06%, 9, 0, 10, 324.38
1734733861, 91, 42, 81, 6, 0, 0.06%, 9, 0, 10, 344.43
1734733867, 91, 43, 81, 6, 0, 0.06%, 9, 0, 10, 363.51
1734733872, 91, 63, 81, 6, 0, 0.06%, 9, 0, 10, 342.55
1734733882, 91, 74, 81, 6, 0, 0.06%, 9, 0, 10, 368.60
1734733887, 92, 26, 81, 6, 0, 0.06%, 9, 0, 10, 310.69
1734733892, 92, 39, 81, 6, 0, 0.06%, 9, 0, 10, 296.29
1734733897, 92, 40, 81, 6, 0, 0.06%, 9, 0, 10, 309.61
1734733907, 92, 41, 81, 6, 0, 0.06%, 9, 0, 10, 327.70
1734733912, 92, 42, 81, 6, 0, 0.06%, 9, 0, 10, 350.57
1734733917, 92, 43, 81, 6, 0, 0.06%, 9, 0, 10, 350.48
1734733928, 92, 63, 81, 6, 0, 0.06%, 9, 0, 10, 358.54
1734733933, 92, 74, 81, 6, 0, 0.06%, 9, 0, 10, 374.47
1734733943, 93, 39, 81, 6, 0, 0.06%, 9, 0, 10, 305.18
1734733948, 93, 40, 81, 6, 0, 0.06%, 9, 0, 10, 335.47
1734733958, 93, 41, 81, 6, 0, 0.06%, 9, 0, 10, 314.94
1734733963, 93, 42, 81, 6, 0, 0.06%, 9, 0, 10, 344.07
1734733968, 93, 43, 81, 6, 0, 0.06%, 9, 0, 10, 352.30
1734733979, 93, 63, 81, 6, 0, 0.06%, 9, 0, 10, 342.57
1734733984, 93, 74, 81, 6, 0, 0.06%, 9, 0, 10, 364.91
1734733989, 94, 26, 81, 6, 0, 0.06%, 9, 0, 10, 335.78
1734733999, 94, 40, 81, 6, 0, 0.06%, 9, 0, 10, 325.83
1734734009, 94, 41, 81, 6, 0, 0.06%, 9, 0, 10, 331.65
1734734014, 94, 42, 81, 6, 0, 0.06%, 9, 0, 10, 358.39
1734734019, 94, 43, 81, 6, 0, 0.06%, 9, 0, 10, 357.78
1734734029, 94, 63, 81, 6, 0, 0.06%, 9, 0, 10, 325.21
1734734034, 94, 74, 81, 6, 0, 0.06%, 9, 0, 10, 357.09
1734734039, 95, 26, 81, 6, 0, 0.06%, 9, 0, 10, 356.83
1734734044, 95, 39, 81, 6, 0, 0.06%, 9, 0, 10, 332.21
1734734049, 95, 40, 81, 6, 0, 0.06%, 9, 0, 10, 329.41
1734734060, 95, 41, 81, 6, 0, 0.06%, 9, 0, 10, 331.11
1734734065, 95, 42, 81, 6, 0, 0.06%, 9, 0, 10, 345.91
1734734070, 95, 43, 81, 6, 0, 0.06%, 9, 0, 10, 352.68
1734734075, 95, 63, 81, 6, 0, 0.06%, 9, 0, 10, 321.42
1734734085, 95, 74, 81, 6, 0, 0.06%, 9, 0, 10, 352.59
1734734090, 96, 26, 81, 6, 0, 0.06%, 9, 0, 10, 315.49
1734734095, 96, 39, 81, 6, 0, 0.06%, 9, 0, 10, 334.15
1734734100, 96, 40, 81, 6, 0, 0.06%, 9, 0, 10, 328.65
1734734105, 96, 41, 81, 6, 0, 0.06%, 9, 0, 10, 361.78
1734734110, 96, 42, 81, 6, 0, 0.06%, 9, 0, 10, 308.57
1734734120, 96, 43, 81, 6, 0, 0.06%, 9, 0, 10, 347.51
1734734125, 96, 63, 81, 6, 0, 0.06%, 9, 0, 10, 355.37
1734734130, 96, 74, 81, 6, 0, 0.06%, 9, 0, 10, 367.89
1734734141, 97, 26, 81, 6, 0, 0.06%, 9, 0, 10, 302.29
1734734146, 97, 40, 81, 6, 0, 0.06%, 9, 0, 10, 322.06
1734734156, 97, 41, 81, 6, 0, 0.06%, 9, 0, 10, 317.38
1734734161, 97, 42, 81, 6, 0, 0.06%, 9, 0, 10, 358.51
1734734166, 97, 43, 81, 6, 0, 0.06%, 9, 0, 10, 297.17
1734734176, 97, 63, 81, 6, 0, 0.06%, 9, 0, 10, 375.77
1734734181, 97, 74, 81, 6, 0, 0.06%, 9, 0, 10, 300.96
1734734191, 98, 26, 81, 6, 0, 0.06%, 9, 0, 10, 310.70
1734734197, 98, 39, 81, 6, 0, 0.06%, 9, 0, 10, 350.54
1734734202, 98, 40, 81, 6, 0, 0.06%, 9, 0, 10, 340.53
1734734207, 98, 41, 81, 6, 0, 0.06%, 9, 0, 10, 340.73
1734734212, 98, 42, 81, 6, 0, 0.06%, 9, 0, 10, 346.24
1734734222, 98, 43, 81, 6, 0, 0.06%, 9, 0, 10, 328.66
1734734227, 98, 63, 81, 6, 0, 0.06%, 9, 0, 10, 372.66
1734734232, 98, 74, 81, 6, 0, 0.06%, 9, 0, 10, 323.52
1734734242, 99, 26, 81, 6, 0, 0.06%, 9, 0, 10, 306.07
1734734247, 99, 39, 81, 6, 0, 0.06%, 9, 0, 10, 321.30
1734734252, 99, 40, 81, 6, 0, 0.06%, 9, 0, 10, 340.18
1734734257, 99, 41, 81, 6, 0, 0.06%, 9, 0, 10, 352.19
1734734262, 99, 42, 81, 6, 0, 0.06%, 9, 0, 10, 345.24
1734734272, 99, 43, 81, 6, 0, 0.06%, 9, 0, 10, 313.11
1734734277, 99, 63, 81, 6, 0, 0.06%, 9, 0, 10, 369.70
1734734283, 99, 74, 81, 6, 0, 0.06%, 9, 0, 10, 339.87
1734734293, 100, 26, 81, 6, 0, 0.06%, 9, 0, 10, 305.82
1734734298, 100, 39, 81, 6, 0, 0.06%, 9, 0, 10, 326.78
1734734303, 100, 40, 81, 6, 0, 0.06%, 9, 0, 10, 315.50
1734734308, 100, 41, 81, 6, 0, 0.06%, 9, 0, 10, 314.36
1734734318, 100, 42, 81, 6, 0, 0.06%, 9, 0, 10, 329.87
1734734323, 100, 43, 81, 6, 0, 0.06%, 9, 0, 10, 355.75
1734734328, 100, 63, 81, 6, 0, 0.06%, 9, 0, 10, 299.57
1734734338, 100, 74, 81, 6, 0, 0.06%, 9, 0, 10, 343.07
1734734343, 101, 26, 81, 6, 0, 0.06%, 9, 0, 10, 311.10
1734734348, 101, 39, 81, 6, 0, 0.06%, 9, 0, 10, 321.45
1734734353, 101, 40, 81, 6, 0, 0.06%, 9, 0, 10, 329.95
1734734358, 101, 41, 81, 6, 0, 0.06%, 9, 0, 10, 306.00
1734734369, 101, 42, 81, 6, 0, 0.06%, 9, 0, 10, 319.47
1734734374, 101, 43, 81, 6, 0, 0.06%, 9, 0, 10, 355.70
1734734379, 101, 63, 81, 6, 0, 0.06%, 9, 0, 10, 322.96
1734734389, 101, 74, 81, 6, 0, 0.06%, 9, 0, 10, 356.14
1734734399, 102, 26, 81, 6, 0, 0.06%, 9, 0, 10, 299.57
1734734405, 102, 40, 81, 6, 0, 0.06%, 9, 0, 10, 323.26
1734734415, 102, 41, 81, 6, 0, 0.06%, 9, 0, 10, 313.14
1734734420, 102, 42, 81, 6, 0, 0.06%, 9, 0, 10, 351.14
1734734425, 102, 43, 81, 6, 0, 0.06%, 9, 0, 10, 312.05
1734734435, 102, 63, 81, 6, 0, 0.06%, 9, 0, 10, 333.64
1734734440, 102, 74, 81, 6, 0, 0.06%, 9, 0, 10, 337.74
1734734450, 103, 26, 81, 6, 0, 0.06%, 9, 0, 10, 301.86
1734734455, 103, 39, 81, 6, 0, 0.06%, 9, 0, 10, 323.93
1734734460, 103, 40, 81, 6, 0, 0.06%, 9, 0, 10, 311.94
1734734466, 103, 41, 81, 6, 0, 0.06%, 9, 0, 10, 349.71
1734734471, 103, 42, 81, 6, 0, 0.06%, 9, 0, 10, 349.21
1734734481, 103, 43, 81, 6, 0, 0.06%, 9, 0, 10, 338.43
1734734486, 103, 63, 81, 6, 0, 0.06%, 9, 0, 10, 360.31
1734734491, 103, 74, 81, 6, 0, 0.06%, 9, 0, 10, 343.10
1734734501, 104, 26, 81, 6, 0, 0.06%, 9, 0, 10, 317.17
1734734506, 104, 39, 81, 6, 0, 0.06%, 9, 0, 10, 333.05
1734734511, 104, 40, 81, 6, 0, 0.06%, 9, 0, 10, 332.40
1734734516, 104, 41, 81, 6, 0, 0.06%, 9, 0, 10, 342.39
1734734526, 104, 42, 81, 6, 0, 0.06%, 9, 0, 10, 323.89
1734734532, 104, 43, 81, 6, 0, 0.06%, 9, 0, 10, 355.27
1734734537, 104, 63, 81, 6, 0, 0.06%, 9, 0, 10, 354.51
1734734547, 104, 74, 81, 6, 0, 0.06%, 9, 0, 10, 336.27
1734734552, 105, 26, 81, 6, 0, 0.06%, 9, 0, 10, 307.94
1734734557, 105, 39, 81, 6, 0, 0.06%, 9, 0, 10, 344.42
1734734562, 105, 40, 81, 6, 0, 0.06%, 9, 0, 10, 338.67
1734734567, 105, 41, 81, 6, 0, 0.06%, 9, 0, 10, 332.38
1734734577, 105, 42, 81, 6, 0, 0.06%, 9, 0, 10, 329.04
1734734582, 105, 43, 81, 6, 0, 0.06%, 9, 0, 10, 368.83
1734734588, 105, 63, 81, 6, 0, 0.06%, 9, 0, 10, 307.03
1734734598, 105, 74, 81, 6, 0, 0.06%, 9, 0, 10, 364.05
1734734603, 106, 26, 81, 6, 0, 0.06%, 9, 0, 10, 320.89
1734734608, 106, 39, 81, 6, 0, 0.06%, 9, 0, 10, 348.30
1734734613, 106, 40, 81, 6, 0, 0.06%, 9, 0, 10, 336.72
1734734623, 106, 41, 81, 6, 0, 0.06%, 9, 0, 10, 308.04
1734734628, 106, 42, 81, 6, 0, 0.06%, 9, 0, 10, 326.79
1734734633, 106, 43, 81, 6, 0, 0.06%, 9, 0, 10, 361.92
1734734638, 106, 63, 81, 6, 0, 0.06%, 9, 0, 10, 334.06
1734734649, 106, 74, 81, 6, 0, 0.06%, 9, 0, 10, 349.71
1734734654, 107, 26, 81, 6, 0, 0.06%, 9, 0, 10, 311.50
1734734659, 107, 39, 81, 6, 0, 0.06%, 9, 0, 10, 308.71
1734734664, 107, 40, 81, 6, 0, 0.06%, 9, 0, 10, 319.13
1734734674, 107, 41, 81, 6, 0, 0.06%, 9, 0, 10, 330.47
1734734679, 107, 42, 81, 6, 0, 0.06%, 9, 0, 10, 364.84
1734734684, 107, 43, 81, 6, 0, 0.06%, 9, 0, 10, 303.51
1734734694, 107, 63, 81, 6, 0, 0.06%, 9, 0, 10, 350.20
1734734699, 107, 74, 81, 6, 0, 0.06%, 9, 0, 10, 346.43
1734734709, 108, 26, 81, 6, 0, 0.06%, 9, 0, 10, 302.63
1734734714, 108, 39, 81, 6, 0, 0.06%, 9, 0, 10, 308.98
1734734719, 108, 40, 81, 6, 0, 0.06%, 9, 0, 10, 295.40
1734734725, 108, 41, 81, 6, 0, 0.06%, 9, 0, 10, 353.14
1734734730, 108, 42, 81, 6, 0, 0.06%, 9, 0, 10, 333.01
1734734740, 108, 43, 81, 6, 0, 0.06%, 9, 0, 10, 328.19
1734734745, 108, 63, 81, 6, 0, 0.06%, 9, 0, 10, 358.73
1734734750, 108, 74, 81, 6, 0, 0.06%, 9, 0, 10, 330.10
1734734760, 109, 26, 81, 6, 0, 0.06%, 9, 0, 10, 292.55
1734734765, 109, 39, 81, 6, 0, 0.06%, 9, 0, 10, 332.02
1734734770, 109, 40, 81, 6, 0, 0.06%, 9, 0, 10, 316.00
1734734775, 109, 41, 81, 6, 0, 0.06%, 9, 0, 10, 363.03
1734734780, 109, 42, 81, 6, 0, 0.06%, 9, 0, 10, 368.72
1734734785, 109, 43, 81, 6, 0, 0.06%, 9, 0, 10, 342.63
1734734796, 109, 63, 81, 6, 0, 0.06%, 9, 0, 10, 355.12
1734734801, 109, 74, 81, 6, 0, 0.06%, 9, 0, 10, 365.73
1734734811, 110, 26, 81, 6, 0, 0.06%, 9, 0, 10, 312.05
1734734816, 110, 40, 81, 6, 0, 0.06%, 9, 0, 10, 307.07
1734734826, 110, 41, 81, 6, 0, 0.06%, 9, 0, 10, 323.92
1734734831, 110, 42, 81, 6, 0, 0.06%, 9, 0, 10, 328.67
1734734841, 110, 43, 81, 6, 0, 0.06%, 9, 0, 10, 344.74
1734734846, 110, 63, 81, 6, 0, 0.06%, 9, 0, 10, 373.62
1734734851, 110, 74, 81, 6, 0, 0.06%, 9, 0, 10, 327.50
1734734861, 111, 26, 81, 6, 0, 0.06%, 9, 0, 10, 305.49
1734734866, 111, 39, 81, 6, 0, 0.06%, 9, 0, 10, 336.19
1734734871, 111, 40, 81, 6, 0, 0.06%, 9, 0, 10, 328.60
1734734876, 111, 41, 81, 6, 0, 0.06%, 9, 0, 10, 340.80
1734734887, 111, 42, 81, 6, 0, 0.06%, 9, 0, 10, 310.25
1734734892, 111, 43, 81, 6, 0, 0.06%, 9, 0, 10, 350.64
1734734897, 111, 63, 81, 6, 0, 0.06%, 9, 0, 10, 356.79
1734734902, 111, 74, 81, 6, 0, 0.06%, 9, 0, 10, 354.79
1734734912, 112, 26, 81, 6, 0, 0.06%, 9, 0, 10, 302.30
1734734917, 112, 39, 81, 6, 0, 0.06%, 9, 0, 10, 327.44
1734734922, 112, 40, 81, 6, 0, 0.06%, 9, 0, 10, 324.54
1734734927, 112, 41, 81, 6, 0, 0.06%, 9, 0, 10, 340.25
1734734937, 112, 42, 81, 6, 0, 0.06%, 9, 0, 10, 316.59
1734734942, 112, 43, 81, 6, 0, 0.06%, 9, 0, 10, 343.94
1734734947, 112, 63, 81, 6, 0, 0.06%, 9, 0, 10, 320.05
1734734957, 112, 74, 81, 6, 0, 0.06%, 9, 0, 10, 364.48
1734734962, 113, 26, 81, 6, 0, 0.06%, 9, 0, 10, 315.42
1734734967, 113, 39, 81, 6, 0, 0.06%, 9, 0, 10, 297.68
1734734972, 113, 40, 81, 6, 0, 0.06%, 9, 0, 10, 314.45
1734734983, 113, 41, 81, 6, 0, 0.06%, 9, 0, 10, 341.83
1734734988, 113, 42, 81, 6, 0, 0.06%, 9, 0, 10, 342.57
1734734998, 113, 43, 81, 6, 0, 0.06%, 9, 0, 10, 325.14
1734735003, 113, 63, 81, 6, 0, 0.06%, 9, 0, 10, 367.74
1734735008, 113, 74, 81, 6, 0, 0.06%, 9, 0, 10, 323.33
1734735018, 114, 26, 81, 6, 0, 0.06%, 9, 0, 10, 298.70
1734735023, 114, 39, 81, 6, 0, 0.06%, 9, 0, 10, 331.29
1734735028, 114, 40, 81, 6, 0, 0.06%, 9, 0, 10, 334.94
1734735033, 114, 41, 81, 6, 0, 0.06%, 9, 0, 10, 324.70
1734735043, 114, 42, 81, 6, 0, 0.06%, 9, 0, 10, 337.77
1734735048, 114, 43, 81, 6, 0, 0.06%, 9, 0, 10, 360.20
1734735053, 114, 63, 81, 6, 0, 0.06%, 9, 0, 10, 351.54
1734735058, 114, 74, 81, 6, 0, 0.06%, 9, 0, 10, 333.77
1734735068, 115, 26, 81, 6, 0, 0.06%, 9, 0, 10, 316.23
1734735074, 115, 39, 81, 6, 0, 0.06%, 9, 0, 10, 329.06
1734735079, 115, 40, 81, 6, 0, 0.06%, 9, 0, 10, 333.87
1734735084, 115, 41, 81, 6, 0, 0.06%, 9, 0, 10, 328.71
1734735094, 115, 42, 81, 6, 0, 0.06%, 9, 0, 10, 308.66
1734735099, 115, 43, 81, 6, 0, 0.06%, 9, 0, 10, 336.37
1734735104, 115, 63, 81, 6, 0, 0.06%, 9, 0, 10, 321.36
1734735114, 115, 74, 81, 6, 0, 0.06%, 9, 0, 10, 351.22
1734735119, 116, 26, 81, 6, 0, 0.06%, 9, 0, 10, 282.99
1734735124, 116, 39, 81, 6, 0, 0.06%, 9, 0, 10, 333.60
1734735129, 116, 40, 81, 6, 0, 0.06%, 9, 0, 10, 336.39
1734735139, 116, 41, 81, 6, 0, 0.06%, 9, 0, 10, 309.47
1734735144, 116, 42, 81, 6, 0, 0.06%, 9, 0, 10, 341.89
1734735149, 116, 43, 81, 6, 0, 0.06%, 9, 0, 10, 353.66
1734735159, 116, 63, 81, 6, 0, 0.06%, 9, 0, 10, 341.87
1734735164, 116, 74, 81, 6, 0, 0.06%, 9, 0, 10, 340.74
1734735175, 117, 26, 81, 6, 0, 0.06%, 9, 0, 10, 279.07
1734735180, 117, 40, 81, 6, 0, 0.06%, 9, 0, 10, 346.23
1734735190, 117, 41, 81, 6, 0, 0.06%, 9, 0, 10, 325.57
1734735195, 117, 42, 81, 6, 0, 0.06%, 9, 0, 10, 357.99
1734735200, 117, 43, 81, 6, 0, 0.06%, 9, 0, 10, 294.74
1734735210, 117, 63, 81, 6, 0, 0.06%, 9, 0, 10, 356.85
1734735215, 117, 74, 81, 6, 0, 0.06%, 9, 0, 10, 329.63
1734735225, 118, 26, 81, 6, 0, 0.06%, 9, 0, 10, 306.63
1734735230, 118, 39, 81, 6, 0, 0.06%, 9, 0, 10, 333.01
1734735236, 118, 40, 81, 6, 0, 0.06%, 9, 0, 10, 317.47
1734735241, 118, 41, 81, 6, 0, 0.06%, 9, 0, 10, 341.78
1734735246, 118, 42, 81, 6, 0, 0.06%, 9, 0, 10, 329.00
1734735256, 118, 43, 81, 6, 0, 0.06%, 9, 0, 10, 324.67
1734735261, 118, 63, 81, 6, 0, 0.06%, 9, 0, 10, 346.66
1734735271, 118, 74, 81, 6, 0, 0.06%, 9, 0, 10, 343.00
1734735276, 119, 26, 81, 6, 0, 0.06%, 9, 0, 10, 322.11
1734735281, 119, 39, 81, 6, 0, 0.06%, 9, 0, 10, 333.35
1734735286, 119, 40, 81, 6, 0, 0.06%, 9, 0, 10, 330.90
1734735296, 119, 41, 81, 6, 0, 0.06%, 9, 0, 10, 323.84
1734735301, 119, 42, 81, 6, 0, 0.06%, 9, 0, 10, 344.06
1734735306, 119, 43, 81, 6, 0, 0.06%, 9, 0, 10, 356.24
1734735311, 119, 63, 81, 6, 0, 0.06%, 9, 0, 10, 315.24
1734735321, 119, 74, 81, 6, 0, 0.06%, 9, 0, 10, 342.09
1734735332, 120, 26, 81, 6, 0, 0.06%, 9, 0, 10, 298.04
1734735337, 120, 39, 81, 6, 0, 0.06%, 9, 0, 10, 324.95
1734735342, 120, 40, 81, 6, 0, 0.06%, 9, 0, 10, 319.02
1734735347, 120, 41, 81, 6, 0, 0.06%, 9, 0, 10, 346.00
1734735352, 120, 42, 81, 6, 0, 0.06%, 9, 0, 10, 336.66
1734735362, 120, 43, 81, 6, 0, 0.06%, 9, 0, 10, 334.55
1734735367, 120, 63, 81, 6, 0, 0.06%, 9, 0, 10, 358.34
1734735372, 120, 74, 81, 6, 0, 0.06%, 9, 0, 10, 312.05
1734735382, 121, 26, 81, 6, 0, 0.06%, 9, 0, 10, 320.32
1734735387, 121, 39, 81, 6, 0, 0.06%, 9, 0, 10, 324.44
1734735392, 121, 40, 81, 6, 0, 0.06%, 9, 0, 10, 314.26
1734735397, 121, 41, 81, 6, 0, 0.06%, 9, 0, 10, 329.24
1734735407, 121, 42, 81, 6, 0, 0.06%, 9, 0, 10, 335.45
1734735413, 121, 43, 81, 6, 0, 0.06%, 9, 0, 10, 346.30
1734735418, 121, 63, 81, 6, 0, 0.06%, 9, 0, 10, 347.89
1734735428, 121, 74, 81, 6, 0, 0.06%, 9, 0, 10, 345.28
1734735433, 122, 26, 81, 6, 0, 0.06%, 9, 0, 10, 323.03
1734735438, 122, 39, 81, 6, 0, 0.06%, 9, 0, 10, 336.99
1734735443, 122, 40, 81, 6, 0, 0.06%, 9, 0, 10, 336.79
1734735448, 122, 41, 81, 6, 0, 0.06%, 9, 0, 10, 338.01
1734735458, 122, 42, 81, 6, 0, 0.06%, 9, 0, 10, 343.67
1734735463, 122, 43, 81, 6, 0, 0.06%, 9, 0, 10, 344.55
1734735468, 122, 63, 81, 6, 0, 0.06%, 9, 0, 10, 343.83
1734735478, 122, 74, 81, 6, 0, 0.06%, 9, 0, 10, 368.80
1734735484, 123, 26, 81, 6, 0, 0.06%, 9, 0, 10, 317.72
1734735489, 123, 39, 81, 6, 0, 0.06%, 9, 0, 10, 346.58
1734735494, 123, 40, 81, 6, 0, 0.06%, 9, 0, 10, 330.11
1734735499, 123, 41, 81, 6, 0, 0.06%, 9, 0, 10, 300.51
1734735509, 123, 42, 81, 6, 0, 0.06%, 9, 0, 10, 329.77
1734735514, 123, 43, 81, 6, 0, 0.06%, 9, 0, 10, 360.25
1734735519, 123, 63, 81, 6, 0, 0.06%, 9, 0, 10, 311.57
1734735529, 123, 74, 81, 6, 0, 0.06%, 9, 0, 10, 354.68
1734735535, 124, 26, 81, 6, 0, 0.06%, 9, 0, 10, 303.17
1734735540, 124, 39, 81, 6, 0, 0.06%, 9, 0, 10, 312.99
1734735545, 124, 40, 81, 6, 0, 0.06%, 9, 0, 10, 314.65
1734735555, 124, 41, 81, 6, 0, 0.06%, 9, 0, 10, 308.29
1734735560, 124, 42, 81, 6, 0, 0.06%, 9, 0, 10, 345.42
1734735565, 124, 43, 81, 6, 0, 0.06%, 9, 0, 10, 351.02
1734735575, 124, 63, 81, 6, 0, 0.06%, 9, 0, 10, 344.34
1734735580, 124, 74, 81, 6, 0, 0.06%, 9, 0, 10, 344.17
1734735590, 125, 26, 81, 6, 0, 0.06%, 9, 0, 10, 299.47
1734735595, 125, 39, 81, 6, 0, 0.06%, 9, 0, 10, 326.88
1734735600, 125, 40, 81, 6, 0, 0.06%, 9, 0, 10, 308.97
1734735606, 125, 41, 81, 6, 0, 0.06%, 9, 0, 10, 336.91
1734735611, 125, 42, 81, 6, 0, 0.06%, 9, 0, 10, 332.57
1734735621, 125, 43, 81, 6, 0, 0.06%, 9, 0, 10, 337.20
1734735626, 125, 63, 81, 6, 0, 0.06%, 9, 0, 10, 367.49
1734735631, 125, 74, 81, 6, 0, 0.06%, 9, 0, 10, 314.34
1734735641, 126, 26, 81, 6, 0, 0.06%, 9, 0, 10, 303.70
1734735646, 126, 39, 81, 6, 0, 0.06%, 9, 0, 10, 323.36
1734735651, 126, 40, 81, 6, 0, 0.06%, 9, 0, 10, 328.47
1734735656, 126, 41, 81, 6, 0, 0.06%, 9, 0, 10, 332.00
1734735667, 126, 42, 81, 6, 0, 0.06%, 9, 0, 10, 302.75
1734735672, 126, 43, 81, 6, 0, 0.06%, 9, 0, 10, 353.35
1734735677, 126, 63, 81, 6, 0, 0.06%, 9, 0, 10, 332.70
1734735687, 126, 74, 81, 6, 0, 0.06%, 9, 0, 10, 345.63
1734735692, 127, 26, 81, 6, 0, 0.06%, 9, 0, 10, 303.42
1734735697, 127, 39, 81, 6, 0, 0.06%, 9, 0, 10, 325.45
1734735702, 127, 40, 81, 6, 0, 0.06%, 9, 0, 10, 326.54
1734735712, 127, 41, 81, 6, 0, 0.06%, 9, 0, 10, 350.10
1734735717, 127, 42, 81, 6, 0, 0.06%, 9, 0, 10, 337.63
1734735722, 127, 43, 81, 6, 0, 0.06%, 9, 0, 10, 363.93
1734735732, 127, 63, 81, 6, 0, 0.06%, 9, 0, 10, 352.83
1734735737, 127, 74, 81, 6, 0, 0.06%, 9, 0, 10, 362.67
1734735742, 128, 26, 81, 6, 0, 0.06%, 9, 0, 10, 315.37
1734735747, 128, 39, 81, 6, 0, 0.06%, 9, 0, 10, 306.20
1734735752, 128, 40, 81, 6, 0, 0.06%, 9, 0, 10, 317.46
