# unix_time, cycles_done, cur_path, paths_total, pending_total, pending_favs, map_size, unique_crashes, unique_hangs, max_depth, execs_per_sec
1735073935, 0, 0, 10, 10, 1, 0.00%, 0, 0, 1, 164.95
1735073940, 0, 2, 10, 10, 1, 0.00%, 0, 0, 1, 202.35
1735073945, 0, 3, 10, 9, 0, 0.00%, 0, 0, 1, 211.29
1735073951, 0, 4, 10, 8, 0, 0.00%, 0, 0, 1, 206.43
1735073961, 0, 5, 10, 7, 0, 0.00%, 0, 0, 1, 214.77
1735073966, 0, 6, 10, 6, 0, 0.00%, 0, 0, 1, 198.65
1735073976, 0, 7, 10, 5, 0, 0.00%, 0, 0, 1, 212.99
1735073982, 0, 8, 10, 4, 0, 0.00%, 0, 0, 1, 214.96
1735073987, 0, 9, 10, 3, 0, 0.00%, 0, 0, 1, 205.76
1735073997, 1, 0, 10, 2, 0, 0.00%, 0, 0, 1, 212.87
1735074007, 1, 1, 10, 1, 0, 0.00%, 0, 0, 1, 213.27
1735074012, 1, 2, 10, 0, 0, 0.00%, 0, 0, 1, 214.76
1735074022, 1, 3, 10, 0, 0, 0.00%, 0, 0, 1, 212.61
1735074027, 1, 4, 10, 0, 0, 0.00%, 0, 0, 1, 208.70
1735074033, 1, 6, 10, 0, 0, 0.00%, 0, 0, 1, 212.73
1735074038, 1, 7, 10, 0, 0, 0.00%, 0, 0, 1, 211.35
1735074043, 1, 8, 10, 0, 0, 0.00%, 0, 0, 1, 213.51
1735074048, 2, 0, 10, 0, 0, 0.00%, 0, 0, 1, 210.90
1735074053, 2, 1, 10, 0, 0, 0.00%, 0, 0, 1, 212.24
1735074058, 2, 3, 10, 0, 0, 0.00%, 0, 0, 1, 209.91
1735074063, 2, 4, 10, 0, 0, 0.00%, 0, 0, 1, 211.73
1735074068, 2, 6, 10, 0, 0, 0.00%, 0, 0, 1, 209.48
1735074073, 2, 7, 10, 0, 0, 0.00%, 0, 0, 1, 212.84
1735074078, 2, 8, 10, 0, 0, 0.00%, 0, 0, 1, 211.71
1735074084, 3, 0, 10, 0, 0, 0.00%, 0, 0, 1, 211.63
1735074089, 3, 1, 10, 0, 0, 0.00%, 0, 0, 1, 211.31
1735074094, 3, 3, 10, 0, 0, 0.00%, 0, 0, 1, 215.46
1735074099, 3, 4, 10, 0, 0, 0.00%, 0, 0, 1, 213.10
1735074104, 3, 6, 10, 0, 0, 0.00%, 0, 0, 1, 213.49
1735074109, 3, 7, 10, 0, 0, 0.00%, 0, 0, 1, 212.48
1735074115, 3, 9, 10, 0, 0, 0.00%, 0, 0, 1, 211.83
1735074120, 4, 0, 10, 0, 0, 0.00%, 0, 0, 1, 211.39
1735074125, 4, 2, 10, 0, 0, 0.00%, 0, 0, 1, 208.94
1735074130, 4, 3, 10, 0, 0, 0.00%, 0, 0, 1, 213.07
1735074135, 4, 5, 10, 0, 0, 0.00%, 0, 0, 1, 214.27
1735074141, 4, 6, 10, 0, 0, 0.00%, 0, 0, 1, 212.84
1735074146, 4, 8, 10, 0, 0, 0.00%, 0, 0, 1, 215.25
1735074151, 4, 9, 10, 0, 0, 0.00%, 0, 0, 1, 209.04
1735074156, 5, 1, 10, 0, 0, 0.00%, 0, 0, 1, 210.00
1735074161, 5, 2, 10, 0, 0, 0.00%, 0, 0, 1, 212.67
1735074166, 5, 3, 10, 0, 0, 0.00%, 0, 0, 1, 210.22
1735074171, 5, 5, 10, 0, 0, 0.00%, 0, 0, 1, 212.20
1735074177, 5, 6, 10, 0, 0, 0.00%, 0, 0, 1, 212.43
1735074182, 5, 8, 10, 0, 0, 0.00%, 0, 0, 1, 210.99
1735074187, 5, 9, 10, 0, 0, 0.00%, 0, 0, 1, 210.31
1735074192, 6, 1, 10, 0, 0, 0.00%, 0, 0, 1, 212.73
1735074197, 6, 2, 10, 0, 0, 0.00%, 0, 0, 1, 214.15
1735074202, 6, 4, 10, 0, 0, 0.00%, 0, 0, 1, 213.43
1735074207, 6, 5, 10, 0, 0, 0.00%, 0, 0, 1, 213.59
1735074212, 6, 6, 10, 0, 0, 0.00%, 0, 0, 1, 213.64
1735074217, 6, 8, 10, 0, 0, 0.00%, 0, 0, 1, 211.33
1735074223, 6, 9, 10, 0, 0, 0.00%, 0, 0, 1, 208.14
1735074228, 7, 1, 10, 0, 0, 0.00%, 0, 0, 1, 213.32
1735074233, 7, 2, 10, 0, 0, 0.00%, 0, 0, 1, 212.21
1735074238, 7, 4, 10, 0, 0, 0.00%, 0, 0, 1, 213.67
1735074243, 7, 5, 10, 0, 0, 0.00%, 0, 0, 1, 210.58
1735074248, 7, 7, 10, 0, 0, 0.00%, 0, 0, 1, 211.47
1735074253, 7, 8, 10, 0, 0, 0.00%, 0, 0, 1, 211.62
1735074259, 8, 0, 10, 0, 0, 0.00%, 0, 0, 1, 214.13
1735074264, 8, 1, 10, 0, 0, 0.00%, 0, 0, 1, 211.39
1735074269, 8, 2, 10, 0, 0, 0.00%, 0, 0, 1, 209.34
1735074274, 8, 4, 10, 0, 0, 0.00%, 0, 0, 1, 211.11
1735074279, 8, 5, 10, 0, 0, 0.00%, 0, 0, 1, 212.30
1735074284, 8, 7, 10, 0, 0, 0.00%, 0, 0, 1, 211.26
1735074289, 8, 8, 10, 0, 0, 0.00%, 0, 0, 1, 210.62
1735074294, 9, 0, 10, 0, 0, 0.00%, 0, 0, 1, 211.65
1735074299, 9, 1, 10, 0, 0, 0.00%, 0, 0, 1, 209.93
1735074305, 9, 2, 11, 1, 0, 0.05%, 1, 0, 2, 212.50
1735074310, 9, 10, 11, 1, 1, 0.05%, 1, 0, 2, 268.68
1735074325, 9, 10, 13, 3, 1, 0.05%, 2, 0, 3, 297.59
1735074330, 9, 10, 13, 3, 1, 0.05%, 3, 0, 3, 296.87
1735074341, 9, 10, 14, 4, 1, 0.05%, 4, 0, 3, 298.97
1735074351, 9, 10, 15, 5, 1, 0.06%, 5, 0, 3, 295.51
1735074412, 9, 10, 16, 6, 1, 0.06%, 5, 0, 3, 208.56
1735074417, 9, 10, 17, 7, 1, 0.06%, 6, 0, 3, 223.51
1735074422, 9, 16, 17, 6, 5, 0.06%, 6, 0, 3, 237.13
1735074427, 9, 16, 19, 8, 5, 0.06%, 7, 0, 4, 271.96
1735074432, 9, 16, 20, 9, 5, 0.06%, 7, 0, 4, 279.94
1735074442, 9, 16, 21, 10, 5, 0.06%, 7, 0, 4, 280.82
1735074457, 9, 16, 23, 12, 5, 0.06%, 7, 0, 4, 280.22
1735074518, 9, 16, 24, 13, 5, 0.06%, 8, 0, 4, 280.11
1735074544, 9, 16, 25, 14, 5, 0.06%, 8, 0, 4, 244.65
1735074549, 9, 23, 25, 13, 5, 0.06%, 8, 0, 4, 294.73
1735074554, 9, 23, 27, 15, 5, 0.06%, 9, 0, 5, 444.40
1735074579, 9, 23, 28, 16, 5, 0.06%, 9, 0, 5, 486.90
1735074584, 9, 23, 29, 17, 5, 0.06%, 9, 0, 5, 491.20
1735074589, 9, 23, 31, 19, 5, 0.06%, 9, 0, 5, 487.32
1735074594, 9, 23, 32, 20, 5, 0.06%, 9, 0, 5, 489.51
1735074604, 9, 23, 35, 23, 5, 0.06%, 9, 0, 5, 307.98
1735074610, 9, 23, 36, 24, 5, 0.06%, 9, 0, 5, 263.40
1735074625, 9, 25, 36, 23, 5, 0.06%, 9, 0, 5, 426.32
1735074635, 9, 25, 37, 24, 5, 0.06%, 9, 0, 6, 485.09
1735074640, 9, 25, 38, 25, 5, 0.06%, 9, 0, 6, 489.61
1735074650, 9, 25, 41, 28, 5, 0.06%, 9, 0, 6, 468.12
1735074685, 9, 25, 45, 32, 5, 0.06%, 9, 0, 6, 307.10
1735074701, 9, 43, 45, 31, 4, 0.06%, 9, 0, 6, 344.94
1735074716, 9, 43, 47, 33, 4, 0.06%, 9, 0, 7, 509.96
1735074741, 9, 43, 48, 34, 4, 0.06%, 9, 0, 7, 505.14
1735074767, 9, 43, 49, 35, 4, 0.06%, 9, 0, 7, 500.66
1735074772, 9, 43, 51, 37, 4, 0.06%, 9, 0, 7, 505.06
1735074792, 9, 49, 51, 36, 4, 0.06%, 9, 0, 7, 387.65
1735074823, 9, 49, 52, 37, 4, 0.06%, 9, 0, 8, 490.36
1735074828, 9, 49, 53, 38, 4, 0.06%, 9, 0, 8, 497.75
1735074838, 9, 49, 55, 40, 4, 0.06%, 9, 0, 8, 494.55
1735074894, 10, 13, 55, 39, 4, 0.06%, 9, 0, 8, 322.15
1735074905, 10, 13, 56, 40, 4, 0.06%, 9, 0, 8, 298.67
1735074930, 10, 14, 56, 39, 3, 0.06%, 9, 0, 8, 291.66
1735074951, 10, 15, 56, 38, 2, 0.06%, 9, 0, 8, 262.63
1735074961, 10, 15, 57, 39, 2, 0.06%, 9, 0, 8, 269.12
1735074991, 10, 25, 57, 38, 1, 0.06%, 9, 0, 8, 434.64
1735075006, 10, 36, 57, 38, 1, 0.06%, 9, 0, 8, 458.71
1735075012, 10, 36, 58, 39, 1, 0.06%, 9, 0, 8, 484.59
1735075052, 10, 37, 58, 38, 1, 0.06%, 9, 0, 8, 429.91
1735075062, 10, 37, 59, 39, 1, 0.06%, 9, 0, 8, 479.68
1735075098, 10, 37, 60, 40, 1, 0.06%, 9, 0, 8, 296.97
1735075103, 10, 38, 60, 39, 1, 0.06%, 9, 0, 8, 345.16
1735075133, 10, 38, 61, 40, 1, 0.06%, 9, 0, 8, 469.91
1735075144, 10, 38, 62, 41, 1, 0.06%, 9, 0, 8, 487.76
1735075189, 10, 38, 63, 42, 1, 0.06%, 9, 0, 8, 487.63
1735075210, 10, 39, 63, 41, 1, 0.06%, 9, 0, 8, 402.11
1735075220, 10, 39, 64, 42, 1, 0.06%, 9, 0, 8, 486.03
1735075260, 10, 41, 64, 41, 1, 0.06%, 9, 0, 8, 424.53
1735075306, 10, 42, 64, 40, 1, 0.06%, 9, 0, 8, 291.99
1735075352, 10, 43, 64, 39, 1, 0.06%, 9, 0, 8, 469.31
1735075392, 10, 45, 64, 39, 1, 0.06%, 9, 0, 8, 453.05
1735075443, 10, 46, 64, 38, 1, 0.06%, 9, 0, 8, 452.38
1735075479, 10, 46, 65, 39, 1, 0.06%, 9, 0, 8, 495.88
1735075509, 10, 49, 65, 38, 1, 0.06%, 9, 0, 8, 353.79
1735075529, 10, 51, 65, 38, 1, 0.06%, 9, 0, 8, 416.76
1735075591, 10, 51, 66, 39, 1, 0.06%, 9, 0, 9, 476.95
1735075652, 10, 55, 67, 39, 1, 0.06%, 9, 0, 9, 479.51
1735075688, 10, 56, 67, 38, 1, 0.06%, 9, 0, 9, 345.76
1735075754, 10, 57, 67, 37, 1, 0.06%, 9, 0, 9, 325.45
1735075949, 10, 57, 68, 38, 1, 0.06%, 9, 0, 9, 497.84
1735076020, 10, 59, 68, 37, 1, 0.06%, 9, 0, 9, 330.83
1735076025, 10, 59, 69, 38, 1, 0.06%, 9, 0, 9, 405.75
1735076318, 10, 60, 69, 37, 1, 0.06%, 9, 0, 9, 490.24
1735076353, 10, 61, 70, 37, 1, 0.06%, 9, 0, 9, 362.28
1735076441, 10, 62, 70, 36, 1, 0.06%, 9, 0, 9, 272.01
1735076972, 10, 68, 70, 35, 1, 0.06%, 9, 0, 9, 374.54
1735077187, 10, 69, 70, 34, 1, 0.06%, 9, 0, 9, 354.19
1735077289, 11, 11, 70, 33, 1, 0.06%, 9, 0, 9, 361.50
1735077310, 11, 12, 70, 32, 1, 0.06%, 9, 0, 9, 374.44
1735077325, 11, 13, 70, 31, 1, 0.06%, 9, 0, 9, 316.09
1735077335, 11, 14, 70, 31, 1, 0.06%, 9, 0, 9, 296.81
1735077345, 11, 15, 70, 31, 1, 0.06%, 9, 0, 9, 287.59
1735077356, 11, 18, 70, 31, 1, 0.06%, 9, 0, 9, 394.63
1735077386, 11, 22, 70, 30, 0, 0.06%, 9, 0, 9, 487.62
1735077427, 11, 23, 70, 29, 0, 0.06%, 9, 0, 9, 448.79
1735077442, 11, 24, 70, 29, 0, 0.06%, 9, 0, 9, 487.55
1735077453, 11, 24, 71, 30, 0, 0.06%, 9, 0, 9, 500.43
1735077493, 11, 26, 71, 29, 0, 0.06%, 9, 0, 9, 429.93
1735077523, 11, 27, 71, 28, 0, 0.06%, 9, 0, 9, 418.07
1735077595, 11, 28, 71, 27, 0, 0.06%, 9, 0, 9, 436.84
1735077636, 11, 28, 73, 29, 0, 0.06%, 9, 0, 9, 489.75
1735077886, 11, 30, 73, 28, 0, 0.06%, 9, 0, 9, 428.83
1735077942, 11, 32, 73, 27, 0, 0.06%, 9, 0, 9, 384.99
1735077977, 11, 33, 73, 26, 0, 0.06%, 9, 0, 9, 395.40
1735078013, 11, 34, 73, 25, 0, 0.06%, 9, 0, 9, 362.10
1735078084, 11, 37, 73, 24, 0, 0.06%, 9, 0, 9, 406.53
1735078109, 11, 38, 73, 24, 0, 0.06%, 9, 0, 9, 432.30
1735078125, 11, 42, 73, 24, 0, 0.06%, 9, 0, 9, 317.69
1735078145, 11, 43, 73, 24, 0, 0.06%, 9, 0, 9, 371.14
1735078155, 11, 45, 73, 24, 0, 0.06%, 9, 0, 9, 449.35
1735078171, 11, 46, 73, 24, 0, 0.06%, 9, 0, 9, 404.04
1735078186, 11, 47, 73, 24, 0, 0.06%, 9, 0, 9, 445.07
1735078262, 11, 48, 73, 23, 0, 0.06%, 9, 0, 9, 337.05
1735078380, 11, 49, 73, 22, 0, 0.06%, 9, 0, 9, 462.67
1735078416, 11, 50, 73, 22, 0, 0.06%, 9, 0, 9, 380.59
1735078498, 11, 51, 73, 21, 0, 0.06%, 9, 0, 9, 385.94
1735078585, 11, 52, 73, 21, 0, 0.06%, 9, 0, 9, 400.42
1735078692, 11, 53, 73, 20, 0, 0.06%, 9, 0, 9, 327.81
1735078893, 11, 54, 73, 19, 0, 0.06%, 9, 0, 9, 356.53
1735078980, 11, 55, 73, 18, 0, 0.06%, 9, 0, 9, 329.15
1735079000, 11, 59, 73, 18, 0, 0.06%, 9, 0, 9, 328.66
1735079015, 11, 59, 75, 20, 0, 0.06%, 9, 0, 9, 343.45
1735079021, 11, 60, 75, 20, 0, 0.06%, 9, 0, 9, 288.56
1735079041, 11, 61, 75, 20, 0, 0.06%, 9, 0, 9, 369.79
1735079056, 11, 62, 75, 20, 0, 0.06%, 9, 0, 9, 366.15
1735079081, 11, 63, 75, 20, 0, 0.06%, 9, 0, 9, 328.02
1735079117, 11, 65, 75, 19, 0, 0.06%, 9, 0, 9, 429.91
1735079291, 11, 68, 75, 18, 0, 0.06%, 9, 0, 9, 337.30
1735079596, 11, 69, 75, 18, 0, 0.06%, 9, 0, 9, 391.45
1735079616, 11, 70, 75, 18, 0, 0.06%, 9, 0, 9, 429.19
1735079647, 12, 18, 75, 17, 0, 0.06%, 9, 0, 9, 448.34
1735079662, 12, 24, 75, 17, 0, 0.06%, 9, 0, 9, 360.52
1735079683, 12, 38, 75, 17, 0, 0.06%, 9, 0, 9, 352.85
1735079688, 12, 49, 76, 18, 0, 0.06%, 9, 0, 9, 338.49
1735079693, 12, 51, 76, 18, 0, 0.06%, 9, 0, 9, 337.36
1735079708, 12, 52, 76, 18, 0, 0.06%, 9, 0, 9, 423.89
1735079728, 12, 54, 76, 18, 0, 0.06%, 9, 0, 9, 386.37
1735079753, 12, 60, 76, 18, 0, 0.06%, 9, 0, 9, 423.73
1735079764, 12, 61, 76, 18, 0, 0.06%, 9, 0, 9, 383.39
1735079774, 12, 62, 76, 18, 0, 0.06%, 9, 0, 9, 290.40
1735079789, 12, 63, 76, 18, 0, 0.06%, 9, 0, 9, 426.96
1735079804, 12, 65, 76, 18, 0, 0.06%, 9, 0, 9, 327.16
1735079830, 12, 66, 76, 18, 0, 0.06%, 9, 0, 9, 291.59
1735080158, 12, 67, 76, 17, 0, 0.06%, 9, 0, 9, 379.54
1735080486, 12, 68, 76, 16, 0, 0.06%, 9, 0, 9, 330.68
1735080792, 12, 69, 76, 16, 0, 0.06%, 9, 0, 9, 393.29
1735080802, 12, 70, 76, 16, 0, 0.06%, 9, 0, 9, 343.04
1735080838, 12, 70, 77, 17, 0, 0.06%, 9, 0, 9, 418.61
1735080859, 12, 71, 77, 17, 0, 0.06%, 9, 0, 9, 362.92
1735080981, 12, 73, 77, 16, 0, 0.06%, 9, 0, 9, 342.12
1735081149, 12, 75, 77, 15, 0, 0.06%, 9, 0, 9, 302.97
1735081154, 12, 75, 78, 16, 0, 0.06%, 9, 0, 9, 378.60
1735081312, 12, 76, 78, 15, 0, 0.06%, 9, 0, 9, 403.22
1735081317, 12, 76, 79, 16, 0, 0.06%, 9, 0, 9, 465.75
1735081362, 12, 77, 79, 15, 0, 0.06%, 9, 0, 9, 401.03
1735081541, 12, 78, 79, 14, 0, 0.06%, 9, 0, 9, 431.62
1735081571, 13, 12, 79, 13, 0, 0.06%, 9, 0, 9, 363.98
1735081581, 13, 18, 79, 13, 0, 0.06%, 9, 0, 9, 384.94
1735081586, 13, 24, 79, 13, 0, 0.06%, 9, 0, 9, 340.83
1735081597, 13, 38, 79, 13, 0, 0.06%, 9, 0, 9, 357.91
1735081602, 13, 43, 79, 13, 0, 0.06%, 9, 0, 9, 366.76
1735081607, 13, 45, 79, 13, 0, 0.06%, 9, 0, 9, 406.19
1735081617, 13, 46, 79, 13, 0, 0.06%, 9, 0, 9, 390.97
1735081627, 13, 47, 79, 13, 0, 0.06%, 9, 0, 9, 452.77
1735081642, 13, 48, 79, 13, 0, 0.06%, 9, 0, 9, 437.19
1735081657, 13, 49, 79, 13, 0, 0.06%, 9, 0, 9, 357.10
1735081662, 13, 50, 79, 13, 0, 0.06%, 9, 0, 9, 413.55
1735081677, 13, 51, 79, 13, 0, 0.06%, 9, 0, 9, 313.29
1735081687, 13, 52, 79, 13, 0, 0.06%, 9, 0, 9, 419.63
1735081774, 13, 53, 79, 13, 0, 0.06%, 9, 0, 9, 281.47
1735081800, 13, 54, 79, 13, 0, 0.06%, 9, 0, 9, 374.31
1735081820, 13, 57, 79, 13, 0, 0.06%, 9, 0, 9, 312.81
1735081840, 13, 60, 79, 13, 0, 0.06%, 9, 0, 9, 402.86
1735081851, 13, 61, 79, 13, 0, 0.06%, 9, 0, 9, 398.38
1735081856, 13, 62, 79, 13, 0, 0.06%, 9, 0, 9, 374.70
1735081876, 13, 63, 79, 13, 0, 0.06%, 9, 0, 9, 414.58
1735081881, 13, 64, 79, 13, 0, 0.06%, 9, 0, 9, 417.98
1735081999, 13, 65, 79, 12, 0, 0.06%, 9, 0, 9, 288.13
1735082153, 13, 69, 79, 12, 0, 0.06%, 9, 0, 9, 375.48
1735082168, 13, 70, 79, 12, 0, 0.06%, 9, 0, 9, 392.82
1735082173, 13, 75, 79, 12, 0, 0.06%, 9, 0, 9, 389.49
1735082194, 13, 76, 79, 12, 0, 0.06%, 9, 0, 9, 363.66
1735082214, 13, 77, 79, 12, 0, 0.06%, 9, 0, 9, 363.21
1735082239, 13, 78, 79, 12, 0, 0.06%, 9, 0, 9, 404.94
1735082254, 14, 18, 79, 12, 0, 0.06%, 9, 0, 9, 375.52
1735082260, 14, 24, 79, 12, 0, 0.06%, 9, 0, 9, 369.54
1735082265, 14, 38, 79, 12, 0, 0.06%, 9, 0, 9, 349.42
1735082270, 14, 49, 79, 12, 0, 0.06%, 9, 0, 9, 344.44
1735082275, 14, 51, 79, 12, 0, 0.06%, 9, 0, 9, 362.18
1735082280, 14, 52, 79, 12, 0, 0.06%, 9, 0, 9, 389.37
1735082290, 14, 54, 79, 12, 0, 0.06%, 9, 0, 9, 347.76
1735082295, 14, 60, 79, 12, 0, 0.06%, 9, 0, 9, 367.95
1735082300, 14, 61, 79, 12, 0, 0.06%, 9, 0, 9, 384.59
1735082305, 14, 62, 79, 12, 0, 0.06%, 9, 0, 9, 316.86
1735082316, 14, 63, 79, 12, 0, 0.06%, 9, 0, 9, 403.24
1735082326, 14, 65, 79, 12, 0, 0.06%, 9, 0, 9, 398.01
1735082341, 14, 69, 79, 12, 0, 0.06%, 9, 0, 9, 358.85
1735082346, 14, 70, 79, 12, 0, 0.06%, 9, 0, 9, 388.58
1735082356, 14, 75, 79, 12, 0, 0.06%, 9, 0, 9, 349.56
1735082376, 14, 76, 79, 12, 0, 0.06%, 9, 0, 9, 442.45
1735082391, 14, 77, 79, 12, 0, 0.06%, 9, 0, 9, 317.15
1735082422, 14, 78, 79, 12, 0, 0.06%, 9, 0, 9, 427.17
1735082437, 15, 18, 79, 12, 0, 0.06%, 9, 0, 9, 384.47
1735082442, 15, 24, 79, 12, 0, 0.06%, 9, 0, 9, 353.68
1735082447, 15, 49, 79, 12, 0, 0.06%, 9, 0, 9, 354.74
1735082452, 15, 51, 79, 12, 0, 0.06%, 9, 0, 9, 348.64
1735082463, 15, 52, 79, 12, 0, 0.06%, 9, 0, 9, 392.56
1735082468, 15, 54, 79, 12, 0, 0.06%, 9, 0, 9, 373.92
1735082478, 15, 61, 79, 12, 0, 0.06%, 9, 0, 9, 350.47
1735082483, 15, 62, 79, 12, 0, 0.06%, 9, 0, 9, 378.93
1735082498, 15, 63, 79, 12, 0, 0.06%, 9, 0, 9, 382.64
1735082503, 15, 65, 79, 12, 0, 0.06%, 9, 0, 9, 372.84
1735082513, 15, 69, 79, 12, 0, 0.06%, 9, 0, 9, 342.88
1735082518, 15, 70, 79, 12, 0, 0.06%, 9, 0, 9, 406.22
1735082529, 15, 75, 79, 12, 0, 0.06%, 9, 0, 9, 334.57
1735082534, 15, 76, 79, 12, 0, 0.06%, 9, 0, 9, 357.65
1735082539, 15, 77, 79, 12, 0, 0.06%, 9, 0, 9, 353.50
1735082544, 15, 78, 79, 12, 0, 0.06%, 9, 0, 9, 370.08
1735082549, 16, 18, 79, 12, 0, 0.06%, 9, 0, 9, 367.96
1735082554, 16, 24, 79, 12, 0, 0.06%, 9, 0, 9, 394.69
1735082559, 16, 38, 79, 12, 0, 0.06%, 9, 0, 9, 385.72
1735082564, 16, 49, 79, 12, 0, 0.06%, 9, 0, 9, 374.72
1735082569, 16, 51, 79, 12, 0, 0.06%, 9, 0, 9, 406.64
1735082574, 16, 52, 79, 12, 0, 0.06%, 9, 0, 9, 347.55
1735082584, 16, 54, 79, 12, 0, 0.06%, 9, 0, 9, 371.28
1735082589, 16, 60, 79, 12, 0, 0.06%, 9, 0, 9, 379.19
1735082594, 16, 61, 79, 12, 0, 0.06%, 9, 0, 9, 364.90
1735082600, 16, 62, 79, 12, 0, 0.06%, 9, 0, 9, 361.82
1735082615, 16, 63, 79, 12, 0, 0.06%, 9, 0, 9, 493.35
1735082625, 16, 64, 79, 12, 0, 0.06%, 9, 0, 9, 410.24
1735082728, 16, 65, 79, 12, 0, 0.06%, 9, 0, 9, 401.24
1735082877, 16, 66, 79, 12, 0, 0.06%, 9, 0, 9, 376.82
1735083294, 16, 67, 79, 12, 0, 0.06%, 9, 0, 9, 283.99
1735083603, 16, 68, 79, 12, 0, 0.06%, 9, 0, 9, 293.62
1735083619, 16, 69, 79, 12, 0, 0.06%, 9, 0, 9, 338.98
1735083629, 16, 70, 79, 12, 0, 0.06%, 9, 0, 9, 311.09
1735083634, 16, 71, 79, 12, 0, 0.06%, 9, 0, 9, 375.76
1735083746, 16, 72, 79, 12, 0, 0.06%, 9, 0, 9, 394.67
1735083868, 16, 73, 79, 11, 0, 0.06%, 9, 0, 9, 402.68
1735084017, 16, 74, 79, 11, 0, 0.06%, 9, 0, 9, 308.53
1735084195, 16, 75, 79, 10, 0, 0.06%, 9, 0, 9, 327.68
1735084200, 16, 76, 79, 10, 0, 0.06%, 9, 0, 9, 436.45
1735084277, 16, 77, 79, 10, 0, 0.06%, 9, 0, 9, 320.45
1735084287, 16, 78, 79, 10, 0, 0.06%, 9, 0, 9, 337.63
1735084369, 17, 11, 79, 10, 0, 0.06%, 9, 0, 9, 305.65
1735084379, 17, 13, 79, 10, 0, 0.06%, 9, 0, 9, 331.87
1735084384, 17, 14, 79, 10, 0, 0.06%, 9, 0, 9, 311.55
1735084389, 17, 15, 79, 10, 0, 0.06%, 9, 0, 9, 288.37
1735084394, 17, 18, 79, 10, 0, 0.06%, 9, 0, 9, 346.50
1735084399, 17, 22, 79, 10, 0, 0.06%, 9, 0, 9, 396.68
1735084415, 17, 24, 79, 10, 0, 0.06%, 9, 0, 9, 342.85
1735084420, 17, 27, 79, 10, 0, 0.06%, 9, 0, 9, 355.44
1735084480, 17, 28, 79, 10, 0, 0.06%, 9, 0, 9, 309.43
