# unix_time, cycles_done, cur_path, paths_total, pending_total, pending_favs, map_size, unique_crashes, unique_hangs, max_depth, execs_per_sec
1735644043, 0, 0, 10, 10, 1, 0.00%, 0, 0, 1, 162.27
1735644048, 0, 2, 10, 10, 1, 0.00%, 0, 0, 1, 200.77
1735644053, 0, 3, 10, 9, 0, 0.00%, 0, 0, 1, 208.04
1735644058, 0, 4, 10, 8, 0, 0.00%, 0, 0, 1, 202.08
1735644068, 0, 5, 10, 7, 0, 0.00%, 0, 0, 1, 210.07
1735644073, 0, 6, 10, 6, 0, 0.00%, 0, 0, 1, 201.99
1735644083, 0, 7, 10, 5, 0, 0.00%, 0, 0, 1, 208.43
1735644088, 0, 8, 10, 4, 0, 0.00%, 0, 0, 1, 197.97
1735644099, 0, 9, 10, 3, 0, 0.00%, 0, 0, 1, 212.59
1735644104, 1, 0, 10, 2, 0, 0.00%, 0, 0, 1, 194.47
1735644114, 1, 1, 10, 1, 0, 0.00%, 0, 0, 1, 211.03
1735644124, 1, 2, 10, 0, 0, 0.00%, 0, 0, 1, 210.09
1735644134, 1, 3, 10, 0, 0, 0.00%, 0, 0, 1, 210.84
1735644139, 1, 5, 10, 0, 0, 0.00%, 0, 0, 1, 212.44
1735644144, 1, 6, 10, 0, 0, 0.00%, 0, 0, 1, 210.79
1735644149, 1, 8, 10, 0, 0, 0.00%, 0, 0, 1, 207.36
1735644154, 1, 9, 10, 0, 0, 0.00%, 0, 0, 1, 211.70
1735644159, 2, 1, 10, 0, 0, 0.00%, 0, 0, 1, 210.94
1735644164, 2, 2, 10, 0, 0, 0.00%, 0, 0, 1, 207.48
1735644169, 2, 3, 10, 0, 0, 0.00%, 0, 0, 1, 209.82
1735644174, 2, 5, 10, 0, 0, 0.00%, 0, 0, 1, 205.95
1735644179, 2, 6, 10, 0, 0, 0.00%, 0, 0, 1, 208.17
1735644184, 2, 8, 10, 0, 0, 0.00%, 0, 0, 1, 209.00
1735644189, 2, 9, 10, 0, 0, 0.00%, 0, 0, 1, 206.99
1735644194, 3, 0, 10, 0, 0, 0.00%, 0, 0, 1, 211.58
1735644200, 3, 2, 10, 0, 0, 0.00%, 0, 0, 1, 208.94
1735644205, 3, 3, 10, 0, 0, 0.00%, 0, 0, 1, 209.45
1735644210, 3, 5, 10, 0, 0, 0.00%, 0, 0, 1, 204.91
1735644215, 3, 6, 10, 0, 0, 0.00%, 0, 0, 1, 207.21
1735644220, 3, 7, 10, 0, 0, 0.00%, 0, 0, 1, 206.51
1735644225, 3, 9, 10, 0, 0, 0.00%, 0, 0, 1, 205.98
1735644230, 4, 0, 10, 0, 0, 0.00%, 0, 0, 1, 212.21
1735644235, 4, 2, 10, 0, 0, 0.00%, 0, 0, 1, 206.50
1735644240, 4, 3, 10, 0, 0, 0.00%, 0, 0, 1, 210.44
1735644245, 4, 5, 10, 0, 0, 0.00%, 0, 0, 1, 210.50
1735644250, 4, 6, 10, 0, 0, 0.00%, 0, 0, 1, 209.25
1735644255, 4, 7, 10, 0, 0, 0.00%, 0, 0, 1, 206.12
1735644261, 4, 9, 10, 0, 0, 0.00%, 0, 0, 1, 209.08
1735644266, 5, 0, 10, 0, 0, 0.00%, 0, 0, 1, 213.19
1735644271, 5, 2, 10, 0, 0, 0.00%, 0, 0, 1, 210.41
1735644276, 5, 3, 10, 0, 0, 0.00%, 0, 0, 1, 210.41
1735644281, 5, 5, 10, 0, 0, 0.00%, 0, 0, 1, 212.13
1735644286, 5, 6, 10, 0, 0, 0.00%, 0, 0, 1, 212.13
1735644291, 5, 7, 10, 0, 0, 0.00%, 0, 0, 1, 211.07
1735644296, 5, 9, 10, 0, 0, 0.00%, 0, 0, 1, 207.56
1735644301, 6, 0, 10, 0, 0, 0.00%, 0, 0, 1, 208.00
1735644306, 6, 2, 10, 0, 0, 0.00%, 0, 0, 1, 206.71
1735644312, 6, 3, 10, 0, 0, 0.00%, 0, 0, 1, 206.12
1735644317, 6, 4, 10, 0, 0, 0.00%, 0, 0, 1, 211.02
1735644322, 6, 6, 10, 0, 0, 0.00%, 0, 0, 1, 210.84
1735644327, 6, 7, 10, 0, 0, 0.00%, 0, 0, 1, 209.89
1735644332, 6, 9, 10, 0, 0, 0.00%, 0, 0, 1, 205.56
1735644337, 7, 0, 10, 0, 0, 0.00%, 0, 0, 1, 207.95
1735644342, 7, 1, 10, 0, 0, 0.00%, 0, 0, 1, 209.73
1735644347, 7, 3, 10, 0, 0, 0.00%, 0, 0, 1, 208.56
1735644352, 7, 4, 10, 0, 0, 0.00%, 0, 0, 1, 210.51
1735644357, 7, 6, 10, 0, 0, 0.00%, 0, 0, 1, 208.33
1735644362, 7, 7, 10, 0, 0, 0.00%, 0, 0, 1, 211.18
1735644368, 7, 9, 10, 0, 0, 0.00%, 0, 0, 1, 210.42
1735644373, 8, 0, 10, 0, 0, 0.00%, 0, 0, 1, 212.46
1735644378, 8, 2, 10, 0, 0, 0.00%, 0, 0, 1, 209.66
1735644383, 8, 3, 10, 0, 0, 0.00%, 0, 0, 1, 210.60
1735644388, 8, 4, 10, 0, 0, 0.00%, 0, 0, 1, 209.41
1735644393, 8, 6, 10, 0, 0, 0.00%, 0, 0, 1, 206.91
1735644398, 8, 7, 10, 0, 0, 0.00%, 0, 0, 1, 209.38
1735644404, 8, 9, 10, 0, 0, 0.00%, 0, 0, 1, 210.99
1735644409, 9, 0, 10, 0, 0, 0.00%, 0, 0, 1, 208.07
1735644414, 9, 2, 10, 0, 0, 0.00%, 0, 0, 1, 205.96
1735644419, 9, 3, 10, 0, 0, 0.00%, 0, 0, 1, 210.60
1735644424, 9, 4, 10, 0, 0, 0.00%, 0, 0, 1, 206.90
1735644429, 9, 6, 10, 0, 0, 0.00%, 0, 0, 1, 206.44
1735644434, 9, 7, 10, 0, 0, 0.00%, 0, 0, 1, 211.86
1735644439, 9, 9, 10, 0, 0, 0.00%, 0, 0, 1, 210.90
1735644444, 10, 0, 10, 0, 0, 0.00%, 0, 0, 1, 208.73
1735644449, 10, 1, 10, 0, 0, 0.00%, 0, 0, 1, 207.99
1735644454, 10, 3, 10, 0, 0, 0.00%, 0, 0, 1, 211.76
1735644459, 10, 4, 10, 0, 0, 0.00%, 0, 0, 1, 211.64
1735644464, 10, 6, 10, 0, 0, 0.00%, 0, 0, 1, 210.60
1735644469, 10, 7, 10, 0, 0, 0.00%, 0, 0, 1, 208.43
1735644475, 10, 9, 10, 0, 0, 0.00%, 0, 0, 1, 210.00
1735644480, 11, 0, 10, 0, 0, 0.00%, 0, 0, 1, 208.78
1735644485, 11, 1, 10, 0, 0, 0.00%, 0, 0, 1, 209.52
1735644490, 11, 3, 10, 0, 0, 0.00%, 0, 0, 1, 208.46
1735644495, 11, 4, 10, 0, 0, 0.00%, 0, 0, 1, 210.18
1735644500, 11, 6, 10, 0, 0, 0.00%, 0, 0, 1, 211.89
1735644505, 11, 7, 10, 0, 0, 0.00%, 0, 0, 1, 208.15
1735644510, 11, 8, 10, 0, 0, 0.00%, 0, 0, 1, 208.43
1735644515, 12, 0, 10, 0, 0, 0.00%, 0, 0, 1, 209.89
1735644520, 12, 1, 10, 0, 0, 0.00%, 0, 0, 1, 207.57
1735644525, 12, 3, 10, 0, 0, 0.00%, 0, 0, 1, 207.08
1735644530, 12, 4, 10, 0, 0, 0.00%, 0, 0, 1, 209.84
1735644535, 12, 6, 10, 0, 0, 0.00%, 0, 0, 1, 209.10
1735644540, 12, 7, 10, 0, 0, 0.00%, 0, 0, 1, 210.72
1735644545, 12, 8, 10, 0, 0, 0.00%, 0, 0, 1, 213.42
1735644550, 13, 0, 10, 0, 0, 0.00%, 0, 0, 1, 210.35
1735644556, 13, 1, 10, 0, 0, 0.00%, 0, 0, 1, 212.14
1735644561, 13, 3, 10, 0, 0, 0.00%, 0, 0, 1, 210.64
1735644566, 13, 4, 10, 0, 0, 0.00%, 0, 0, 1, 211.62
1735644571, 13, 6, 10, 0, 0, 0.00%, 0, 0, 1, 209.66
1735644576, 13, 7, 10, 0, 0, 0.00%, 0, 0, 1, 209.39
1735644581, 13, 8, 10, 0, 0, 0.00%, 0, 0, 1, 212.16
1735644586, 14, 0, 10, 0, 0, 0.00%, 0, 0, 1, 210.47
1735644591, 14, 1, 10, 0, 0, 0.00%, 0, 0, 1, 212.91
1735644596, 14, 3, 10, 0, 0, 0.00%, 0, 0, 1, 208.97
1735644601, 14, 4, 10, 0, 0, 0.00%, 0, 0, 1, 208.31
1735644606, 14, 5, 10, 0, 0, 0.00%, 0, 0, 1, 209.56
1735644611, 14, 7, 10, 0, 0, 0.00%, 0, 0, 1, 210.62
1735644616, 14, 8, 10, 0, 0, 0.00%, 0, 0, 1, 212.48
1735644621, 15, 0, 10, 0, 0, 0.00%, 0, 0, 1, 211.98
1735644626, 15, 1, 10, 0, 0, 0.00%, 0, 0, 1, 211.09
1735644631, 15, 3, 10, 0, 0, 0.00%, 0, 0, 1, 211.44
1735644636, 15, 4, 10, 0, 0, 0.00%, 0, 0, 1, 210.35
1735644641, 15, 5, 10, 0, 0, 0.00%, 0, 0, 1, 211.30
1735644646, 15, 7, 10, 0, 0, 0.00%, 0, 0, 1, 211.63
1735644652, 15, 8, 10, 0, 0, 0.00%, 0, 0, 1, 213.25
1735644657, 16, 0, 10, 0, 0, 0.00%, 0, 0, 1, 212.15
1735644662, 16, 1, 10, 0, 0, 0.00%, 0, 0, 1, 210.81
1735644667, 16, 3, 10, 0, 0, 0.00%, 0, 0, 1, 217.93
1735644672, 16, 4, 10, 0, 0, 0.00%, 0, 0, 1, 218.24
1735644677, 16, 5, 10, 0, 0, 0.00%, 0, 0, 1, 214.67
1735644682, 16, 7, 10, 0, 0, 0.00%, 0, 0, 1, 215.91
1735644687, 16, 8, 10, 0, 0, 0.00%, 0, 0, 1, 214.59
1735644692, 17, 0, 10, 0, 0, 0.00%, 0, 0, 1, 217.13
1735644697, 17, 1, 10, 0, 0, 0.00%, 0, 0, 1, 215.21
1735644702, 17, 3, 10, 0, 0, 0.00%, 0, 0, 1, 217.53
1735644707, 17, 4, 10, 0, 0, 0.00%, 0, 0, 1, 218.30
1735644712, 17, 6, 10, 0, 0, 0.00%, 0, 0, 1, 215.48
1735644717, 17, 7, 10, 0, 0, 0.00%, 0, 0, 1, 218.66
1735644722, 17, 9, 10, 0, 0, 0.00%, 0, 0, 1, 215.06
1735644728, 18, 0, 10, 0, 0, 0.00%, 0, 0, 1, 218.56
1735644733, 18, 2, 10, 0, 0, 0.00%, 0, 0, 1, 215.70
1735644738, 18, 3, 10, 0, 0, 0.00%, 0, 0, 1, 213.95
1735644743, 18, 4, 10, 0, 0, 0.00%, 0, 0, 1, 213.03
1735644748, 18, 6, 10, 0, 0, 0.00%, 0, 0, 1, 214.92
1735644753, 18, 7, 10, 0, 0, 0.00%, 0, 0, 1, 214.50
1735644758, 18, 9, 10, 0, 0, 0.00%, 0, 0, 1, 215.89
1735644763, 19, 0, 10, 0, 0, 0.00%, 0, 0, 1, 210.90
1735644768, 19, 2, 10, 0, 0, 0.00%, 0, 0, 1, 214.68
1735644773, 19, 3, 10, 0, 0, 0.00%, 0, 0, 1, 213.53
1735644778, 19, 5, 10, 0, 0, 0.00%, 0, 0, 1, 216.15
1735644783, 19, 6, 10, 0, 0, 0.00%, 0, 0, 1, 214.30
1735644788, 19, 8, 10, 0, 0, 0.00%, 0, 0, 1, 216.41
1735644793, 19, 9, 10, 0, 0, 0.00%, 0, 0, 1, 213.90
1735644799, 20, 0, 10, 0, 0, 0.00%, 0, 0, 1, 214.22
1735644804, 20, 2, 10, 0, 0, 0.00%, 0, 0, 1, 214.50
1735644809, 20, 3, 10, 0, 0, 0.00%, 0, 0, 1, 216.90
1735644814, 20, 4, 11, 1, 0, 0.05%, 1, 0, 2, 214.60
1735644819, 20, 10, 11, 1, 1, 0.05%, 1, 0, 2, 256.78
1735644849, 20, 10, 12, 2, 1, 0.05%, 2, 0, 3, 269.20
1735644930, 20, 10, 14, 4, 1, 0.05%, 3, 0, 3, 251.66
1735644936, 20, 12, 14, 3, 2, 0.05%, 3, 0, 3, 255.10
1735644941, 20, 12, 16, 5, 2, 0.05%, 3, 0, 4, 269.88
1735644946, 20, 12, 17, 6, 2, 0.05%, 4, 0, 4, 268.68
1735644951, 20, 12, 18, 7, 2, 0.05%, 4, 0, 4, 274.01
1735644956, 20, 12, 19, 8, 2, 0.05%, 4, 0, 4, 271.62
1735644961, 20, 12, 21, 10, 2, 0.05%, 4, 0, 4, 270.48
1735644966, 20, 12, 22, 11, 2, 0.06%, 5, 0, 4, 283.07
1735644971, 20, 12, 23, 12, 2, 0.06%, 6, 0, 4, 279.74
1735644981, 20, 12, 24, 13, 2, 0.06%, 6, 0, 4, 277.44
1735644986, 20, 12, 26, 15, 2, 0.06%, 7, 0, 4, 269.86
1735645042, 20, 21, 26, 14, 5, 0.06%, 7, 0, 4, 253.39
1735645047, 20, 21, 27, 15, 5, 0.06%, 7, 0, 5, 440.50
1735645057, 20, 21, 29, 17, 5, 0.06%, 7, 0, 5, 483.45
1735645083, 20, 21, 30, 18, 5, 0.06%, 8, 0, 5, 486.08
1735645113, 20, 24, 31, 18, 6, 0.06%, 9, 0, 5, 278.28
1735645129, 20, 24, 32, 19, 6, 0.06%, 9, 0, 5, 466.80
1735645165, 20, 24, 33, 20, 6, 0.06%, 9, 0, 5, 459.10
1735645170, 20, 24, 35, 22, 6, 0.06%, 9, 0, 5, 313.65
1735645190, 20, 30, 36, 22, 6, 0.06%, 9, 0, 6, 393.63
1735645196, 20, 30, 37, 23, 6, 0.06%, 9, 0, 6, 472.27
1735645211, 20, 30, 38, 24, 6, 0.06%, 9, 0, 6, 496.46
1735645221, 20, 30, 39, 25, 6, 0.06%, 9, 0, 6, 499.32
1735645231, 20, 30, 40, 26, 6, 0.06%, 9, 0, 6, 493.90
1735645241, 20, 30, 41, 27, 6, 0.06%, 9, 0, 6, 383.89
1735645261, 21, 25, 42, 27, 5, 0.06%, 9, 0, 6, 252.84
1735645277, 21, 25, 43, 28, 5, 0.06%, 9, 0, 6, 235.59
1735645287, 21, 25, 44, 29, 5, 0.06%, 9, 0, 6, 234.30
1735645384, 21, 25, 45, 30, 5, 0.06%, 9, 0, 6, 284.06
1735645389, 21, 29, 45, 29, 4, 0.06%, 9, 0, 6, 345.94
1735645394, 21, 29, 46, 30, 4, 0.06%, 9, 0, 6, 444.31
1735645429, 21, 29, 49, 33, 4, 0.06%, 9, 0, 6, 332.64
1735645435, 21, 29, 50, 34, 4, 0.06%, 9, 0, 6, 288.70
1735645440, 21, 36, 51, 34, 4, 0.06%, 9, 0, 7, 353.30
1735645445, 21, 36, 52, 35, 4, 0.06%, 9, 0, 7, 398.30
1735645450, 21, 36, 53, 36, 4, 0.06%, 9, 0, 7, 406.30
1735645536, 21, 38, 56, 38, 4, 0.06%, 9, 0, 7, 358.68
1735645628, 21, 38, 57, 39, 4, 0.06%, 9, 0, 7, 305.41
1735645633, 21, 45, 57, 38, 4, 0.06%, 9, 0, 7, 304.99
1735645648, 21, 45, 58, 39, 4, 0.06%, 9, 0, 7, 486.73
1735645658, 21, 45, 60, 41, 4, 0.06%, 9, 0, 7, 482.31
1735645715, 22, 21, 60, 40, 3, 0.06%, 9, 0, 7, 381.94
1735645725, 22, 21, 63, 43, 3, 0.06%, 9, 0, 7, 344.72
1735645735, 22, 26, 63, 43, 3, 0.06%, 9, 0, 7, 439.01
1735645765, 22, 27, 63, 42, 2, 0.06%, 9, 0, 7, 477.41
1735645801, 22, 28, 63, 41, 2, 0.06%, 9, 0, 7, 440.09
1735645878, 22, 28, 64, 42, 2, 0.06%, 9, 0, 7, 483.48
1735645888, 22, 28, 65, 43, 2, 0.06%, 9, 0, 7, 491.56
1735645904, 22, 28, 66, 44, 2, 0.06%, 9, 0, 7, 490.32
1735645955, 22, 29, 66, 43, 2, 0.06%, 9, 0, 7, 354.94
1735645965, 22, 29, 67, 44, 2, 0.06%, 9, 0, 7, 356.89
1735645975, 22, 33, 67, 44, 2, 0.06%, 9, 0, 7, 471.76
1735645995, 22, 33, 68, 45, 2, 0.06%, 9, 0, 7, 368.32
1735646005, 22, 34, 68, 44, 2, 0.06%, 9, 0, 7, 477.04
1735646036, 22, 36, 68, 43, 2, 0.06%, 9, 0, 7, 330.44
1735646056, 22, 39, 68, 43, 2, 0.06%, 9, 0, 7, 418.32
1735646102, 22, 39, 69, 44, 2, 0.06%, 9, 0, 7, 452.50
1735646138, 22, 41, 69, 43, 2, 0.06%, 9, 0, 7, 270.87
1735646183, 22, 42, 69, 42, 2, 0.06%, 9, 0, 7, 261.50
1735646254, 22, 42, 70, 43, 2, 0.06%, 9, 0, 7, 505.90
1735646265, 22, 42, 71, 44, 2, 0.06%, 9, 0, 7, 503.75
1735646671, 22, 45, 71, 43, 2, 0.06%, 9, 0, 7, 410.15
1735646686, 22, 46, 71, 43, 2, 0.06%, 9, 0, 7, 338.94
1735647103, 22, 60, 71, 42, 2, 0.06%, 9, 0, 7, 387.90
1735647398, 22, 68, 72, 42, 2, 0.06%, 9, 0, 8, 360.98
1735647495, 22, 71, 72, 41, 2, 0.06%, 9, 0, 8, 348.40
1735647606, 23, 16, 72, 40, 2, 0.06%, 9, 0, 8, 383.43
1735647627, 23, 16, 73, 41, 2, 0.06%, 9, 0, 8, 362.90
1735647637, 23, 21, 73, 40, 2, 0.06%, 9, 0, 8, 378.98
1735647657, 23, 22, 73, 40, 2, 0.06%, 9, 0, 8, 275.96
1735647703, 23, 24, 73, 39, 1, 0.06%, 9, 0, 8, 418.07
1735647718, 23, 26, 73, 39, 1, 0.06%, 9, 0, 8, 424.02
1735647733, 23, 27, 73, 39, 1, 0.06%, 9, 0, 8, 412.22
1735647748, 23, 28, 73, 39, 1, 0.06%, 9, 0, 8, 306.23
1735647768, 23, 30, 73, 39, 1, 0.06%, 9, 0, 8, 479.78
1735647784, 23, 31, 73, 39, 1, 0.06%, 9, 0, 8, 428.85
1735647814, 23, 32, 73, 38, 1, 0.06%, 9, 0, 8, 232.68
1735648111, 23, 32, 74, 39, 1, 0.06%, 9, 0, 8, 484.03
1735648152, 23, 33, 74, 38, 1, 0.06%, 9, 0, 8, 455.86
1735648167, 23, 34, 74, 38, 1, 0.06%, 9, 0, 8, 428.09
1735648182, 23, 35, 74, 38, 1, 0.06%, 9, 0, 8, 361.47
1735648213, 23, 36, 74, 37, 1, 0.06%, 9, 0, 8, 365.68
1735648233, 23, 37, 74, 37, 1, 0.06%, 9, 0, 8, 428.44
1735648284, 23, 38, 74, 36, 1, 0.06%, 9, 0, 8, 474.11
1735648360, 23, 39, 74, 36, 1, 0.06%, 9, 0, 8, 360.29
1735648380, 23, 44, 74, 36, 1, 0.06%, 9, 0, 8, 395.23
1735648411, 23, 50, 74, 35, 1, 0.06%, 9, 0, 8, 284.65
1735648461, 23, 51, 74, 34, 1, 0.06%, 9, 0, 8, 377.15
1735648508, 23, 52, 74, 33, 1, 0.06%, 9, 0, 8, 398.24
1735648558, 23, 60, 74, 32, 1, 0.06%, 9, 0, 8, 359.41
1735648579, 23, 61, 74, 32, 1, 0.06%, 9, 0, 8, 391.96
1735648818, 23, 68, 74, 31, 1, 0.06%, 9, 0, 8, 370.98
1735648833, 23, 71, 74, 31, 1, 0.06%, 9, 0, 8, 334.01
1735648859, 23, 72, 74, 31, 1, 0.06%, 9, 0, 8, 328.70
1735648904, 24, 22, 74, 30, 1, 0.06%, 9, 0, 8, 281.66
1735648915, 24, 22, 75, 31, 1, 0.06%, 9, 0, 8, 329.94
1735648925, 24, 36, 75, 31, 1, 0.06%, 9, 0, 8, 399.38
1735648940, 24, 39, 75, 31, 1, 0.06%, 9, 0, 8, 389.85
1735648955, 24, 44, 75, 31, 1, 0.06%, 9, 0, 8, 372.68
1735648971, 24, 50, 75, 31, 1, 0.06%, 9, 0, 8, 292.30
1735648991, 24, 51, 75, 31, 1, 0.06%, 9, 0, 8, 404.17
1735649021, 24, 52, 75, 31, 1, 0.06%, 9, 0, 8, 402.77
1735649052, 24, 53, 75, 31, 1, 0.06%, 9, 0, 8, 359.51
1735649138, 24, 54, 75, 30, 1, 0.06%, 9, 0, 8, 366.73
1735649230, 24, 55, 75, 29, 1, 0.06%, 9, 0, 8, 367.93
1735649321, 24, 57, 75, 28, 1, 0.06%, 9, 0, 8, 421.53
1735649352, 24, 58, 75, 27, 1, 0.06%, 9, 0, 8, 369.91
1735649408, 24, 59, 75, 26, 1, 0.06%, 9, 0, 8, 465.42
1735649438, 24, 60, 75, 25, 1, 0.06%, 9, 0, 8, 352.75
1735649458, 24, 61, 75, 25, 1, 0.06%, 9, 0, 8, 325.49
1735649478, 24, 62, 75, 25, 1, 0.06%, 9, 0, 8, 330.49
1735649585, 24, 63, 75, 24, 1, 0.06%, 9, 0, 8, 374.93
1735649667, 24, 63, 76, 25, 1, 0.06%, 9, 0, 8, 459.60
1735649672, 24, 63, 77, 26, 1, 0.06%, 9, 0, 8, 493.83
1735649743, 24, 64, 77, 25, 1, 0.06%, 9, 0, 8, 392.67
1735649830, 24, 65, 77, 24, 1, 0.06%, 9, 0, 8, 302.59
1735649923, 24, 66, 77, 23, 1, 0.06%, 9, 0, 8, 382.70
1735649989, 24, 67, 77, 22, 1, 0.06%, 9, 0, 8, 468.34
1735650030, 24, 68, 77, 21, 1, 0.06%, 9, 0, 8, 396.96
1735650045, 24, 71, 77, 21, 1, 0.06%, 9, 0, 8, 379.78
1735650071, 24, 72, 77, 21, 1, 0.06%, 9, 0, 8, 413.88
1735650117, 24, 73, 77, 21, 1, 0.06%, 9, 0, 8, 387.44
1735650122, 24, 73, 78, 22, 1, 0.06%, 9, 0, 8, 469.51
1735650162, 24, 74, 78, 21, 1, 0.06%, 9, 0, 8, 361.45
1735650270, 24, 75, 78, 20, 1, 0.06%, 9, 0, 8, 374.00
1735650393, 24, 76, 78, 19, 1, 0.06%, 9, 0, 8, 363.95
1735650500, 25, 22, 78, 18, 1, 0.06%, 9, 0, 8, 304.97
1735650520, 25, 29, 78, 18, 1, 0.06%, 9, 0, 8, 416.27
1735650535, 25, 36, 78, 18, 1, 0.06%, 9, 0, 8, 346.73
1735650556, 25, 39, 78, 18, 1, 0.06%, 9, 0, 8, 409.60
1735650571, 25, 44, 78, 18, 1, 0.06%, 9, 0, 8, 378.38
1735650586, 25, 45, 78, 18, 1, 0.06%, 9, 0, 8, 313.61
1735650607, 25, 46, 78, 18, 1, 0.06%, 9, 0, 8, 278.41
1735650632, 25, 47, 78, 18, 1, 0.06%, 9, 0, 8, 393.06
1735650668, 25, 48, 78, 17, 1, 0.06%, 9, 0, 8, 388.09
1735650699, 25, 49, 78, 16, 0, 0.06%, 9, 0, 8, 346.66
1735650922, 25, 50, 78, 15, 0, 0.06%, 9, 0, 8, 312.18
1735650937, 25, 51, 78, 15, 0, 0.06%, 9, 0, 8, 311.10
1735650957, 25, 52, 78, 15, 0, 0.06%, 9, 0, 8, 313.45
1735650977, 25, 68, 78, 15, 0, 0.06%, 9, 0, 8, 388.72
1735650992, 25, 71, 78, 15, 0, 0.06%, 9, 0, 8, 327.08
1735651017, 25, 72, 78, 15, 0, 0.06%, 9, 0, 8, 376.78
1735651038, 25, 74, 78, 15, 0, 0.06%, 9, 0, 8, 409.15
1735651053, 26, 22, 78, 15, 0, 0.06%, 9, 0, 8, 289.87
1735651073, 26, 36, 78, 15, 0, 0.06%, 9, 0, 8, 320.94
1735651078, 26, 39, 78, 15, 0, 0.06%, 9, 0, 8, 360.01
1735651098, 26, 44, 78, 15, 0, 0.06%, 9, 0, 8, 385.44
1735651114, 26, 50, 78, 15, 0, 0.06%, 9, 0, 8, 315.55
1735651134, 26, 51, 78, 15, 0, 0.06%, 9, 0, 8, 301.98
1735651154, 26, 52, 78, 15, 0, 0.06%, 9, 0, 8, 306.68
1735651169, 26, 68, 78, 15, 0, 0.06%, 9, 0, 8, 341.17
1735651190, 26, 71, 78, 15, 0, 0.06%, 9, 0, 8, 335.12
1735651215, 26, 72, 78, 15, 0, 0.06%, 9, 0, 8, 350.71
1735651235, 26, 74, 78, 15, 0, 0.06%, 9, 0, 8, 409.22
1735651251, 27, 22, 78, 15, 0, 0.06%, 9, 0, 8, 290.37
1735651271, 27, 36, 78, 15, 0, 0.06%, 9, 0, 8, 340.18
1735651276, 27, 39, 78, 15, 0, 0.06%, 9, 0, 8, 352.79
1735651281, 27, 44, 78, 15, 0, 0.06%, 9, 0, 8, 389.92
1735651296, 27, 50, 78, 15, 0, 0.06%, 9, 0, 8, 313.05
1735651317, 27, 51, 78, 15, 0, 0.06%, 9, 0, 8, 300.76
1735651337, 27, 52, 78, 15, 0, 0.06%, 9, 0, 8, 317.03
1735651357, 27, 68, 78, 15, 0, 0.06%, 9, 0, 8, 349.06
1735651362, 27, 71, 78, 15, 0, 0.06%, 9, 0, 8, 309.76
1735651377, 27, 72, 78, 15, 0, 0.06%, 9, 0, 8, 350.24
1735651397, 27, 74, 78, 15, 0, 0.06%, 9, 0, 8, 400.25
1735651413, 28, 22, 78, 15, 0, 0.06%, 9, 0, 8, 294.87
1735651418, 28, 36, 78, 15, 0, 0.06%, 9, 0, 8, 345.71
1735651423, 28, 39, 78, 15, 0, 0.06%, 9, 0, 8, 362.56
1735651428, 28, 44, 78, 15, 0, 0.06%, 9, 0, 8, 372.29
1735651438, 28, 50, 78, 15, 0, 0.06%, 9, 0, 8, 318.22
1735651448, 28, 51, 78, 15, 0, 0.06%, 9, 0, 8, 304.10
1735651453, 28, 52, 78, 15, 0, 0.06%, 9, 0, 8, 301.56
1735651463, 28, 68, 78, 15, 0, 0.06%, 9, 0, 8, 317.31
1735651474, 28, 71, 78, 15, 0, 0.06%, 9, 0, 8, 317.95
1735651489, 28, 72, 78, 15, 0, 0.06%, 9, 0, 8, 363.86
1735651499, 28, 74, 78, 15, 0, 0.06%, 9, 0, 8, 383.94
1735651514, 29, 22, 78, 15, 0, 0.06%, 9, 0, 8, 318.81
1735651519, 29, 36, 78, 15, 0, 0.06%, 9, 0, 8, 291.92
1735651524, 29, 39, 78, 15, 0, 0.06%, 9, 0, 8, 356.01
1735651529, 29, 44, 78, 15, 0, 0.06%, 9, 0, 8, 350.55
1735651534, 29, 50, 78, 15, 0, 0.06%, 9, 0, 8, 318.28
1735651539, 29, 51, 78, 15, 0, 0.06%, 9, 0, 8, 312.17
1735651545, 29, 52, 78, 15, 0, 0.06%, 9, 0, 8, 304.54
1735651550, 29, 68, 78, 15, 0, 0.06%, 9, 0, 8, 356.47
1735651555, 29, 71, 78, 15, 0, 0.06%, 9, 0, 8, 374.15
1735651560, 29, 72, 78, 15, 0, 0.06%, 9, 0, 8, 336.98
1735651570, 29, 74, 78, 15, 0, 0.06%, 9, 0, 8, 325.28
1735651590, 30, 22, 78, 15, 0, 0.06%, 9, 0, 8, 284.22
1735651595, 30, 36, 78, 15, 0, 0.06%, 9, 0, 8, 327.49
1735651600, 30, 39, 78, 15, 0, 0.06%, 9, 0, 8, 340.24
1735651605, 30, 44, 78, 15, 0, 0.06%, 9, 0, 8, 319.32
1735651610, 30, 50, 78, 15, 0, 0.06%, 9, 0, 8, 311.13
1735651615, 30, 51, 78, 15, 0, 0.06%, 9, 0, 8, 305.69
1735651621, 30, 52, 78, 15, 0, 0.06%, 9, 0, 8, 319.18
1735651626, 30, 68, 78, 15, 0, 0.06%, 9, 0, 8, 331.09
1735651631, 30, 71, 78, 15, 0, 0.06%, 9, 0, 8, 367.51
1735651636, 30, 72, 78, 15, 0, 0.06%, 9, 0, 8, 332.49
1735651646, 30, 74, 78, 15, 0, 0.06%, 9, 0, 8, 359.70
1735651651, 31, 22, 78, 15, 0, 0.06%, 9, 0, 8, 310.25
1735651656, 31, 36, 78, 15, 0, 0.06%, 9, 0, 8, 337.57
1735651661, 31, 39, 78, 15, 0, 0.06%, 9, 0, 8, 339.50
1735651666, 31, 44, 78, 15, 0, 0.06%, 9, 0, 8, 316.01
1735651671, 31, 50, 78, 15, 0, 0.06%, 9, 0, 8, 326.67
1735651677, 31, 51, 78, 15, 0, 0.06%, 9, 0, 8, 300.13
1735651682, 31, 52, 78, 15, 0, 0.06%, 9, 0, 8, 313.37
1735651687, 31, 68, 78, 15, 0, 0.06%, 9, 0, 8, 327.86
1735651692, 31, 71, 78, 15, 0, 0.06%, 9, 0, 8, 359.88
1735651697, 31, 72, 78, 15, 0, 0.06%, 9, 0, 8, 353.57
1735651702, 31, 74, 78, 15, 0, 0.06%, 9, 0, 8, 347.32
1735651707, 32, 22, 78, 15, 0, 0.06%, 9, 0, 8, 302.22
1735651712, 32, 36, 78, 15, 0, 0.06%, 9, 0, 8, 341.15
1735651717, 32, 37, 78, 15, 0, 0.06%, 9, 0, 8, 450.89
1735651758, 32, 38, 78, 15, 0, 0.06%, 9, 0, 8, 474.90
1735651844, 32, 39, 78, 15, 0, 0.06%, 9, 0, 8, 469.51
1735651886, 32, 40, 78, 15, 0, 0.06%, 9, 0, 8, 519.26
1735651916, 32, 44, 78, 14, 0, 0.06%, 9, 0, 8, 325.81
1735651921, 32, 45, 78, 14, 0, 0.06%, 9, 0, 8, 424.76
1735651937, 32, 46, 78, 14, 0, 0.06%, 9, 0, 8, 281.69
1735651962, 32, 47, 78, 14, 0, 0.06%, 9, 0, 8, 436.02
1735651977, 32, 48, 78, 14, 0, 0.06%, 9, 0, 8, 386.92
1735651993, 32, 49, 78, 14, 0, 0.06%, 9, 0, 8, 331.00
1735652013, 32, 50, 78, 14, 0, 0.06%, 9, 0, 8, 339.27
1735652028, 32, 51, 78, 14, 0, 0.06%, 9, 0, 8, 341.39
1735652043, 32, 52, 78, 14, 0, 0.06%, 9, 0, 8, 389.73
1735652063, 32, 53, 78, 14, 0, 0.06%, 9, 0, 8, 469.04
1735652140, 32, 54, 78, 14, 0, 0.06%, 9, 0, 8, 426.56
1735652221, 32, 55, 78, 14, 0, 0.06%, 9, 0, 8, 443.95
1735652297, 32, 56, 78, 14, 0, 0.06%, 9, 0, 8, 374.52
1735652343, 32, 57, 78, 13, 0, 0.06%, 9, 0, 8, 431.82
1735652359, 32, 58, 78, 13, 0, 0.06%, 9, 0, 8, 416.01
1735652374, 32, 59, 78, 13, 0, 0.06%, 9, 0, 8, 410.73
1735652394, 32, 60, 78, 13, 0, 0.06%, 9, 0, 8, 349.92
1735652415, 32, 61, 78, 13, 0, 0.06%, 9, 0, 8, 314.91
1735652435, 32, 62, 78, 13, 0, 0.06%, 9, 0, 8, 407.50
1735652450, 32, 63, 78, 13, 0, 0.06%, 9, 0, 8, 314.06
1735652471, 32, 64, 78, 13, 0, 0.06%, 9, 0, 8, 415.79
1735652486, 32, 65, 78, 13, 0, 0.06%, 9, 0, 8, 339.82
1735652506, 32, 66, 78, 13, 0, 0.06%, 9, 0, 8, 436.38
1735652521, 32, 67, 78, 13, 0, 0.06%, 9, 0, 8, 457.96
1735652537, 32, 68, 78, 13, 0, 0.06%, 9, 0, 8, 331.70
1735652613, 32, 71, 78, 13, 0, 0.06%, 9, 0, 8, 317.58
1735652623, 32, 72, 78, 13, 0, 0.06%, 9, 0, 8, 325.40
1735652628, 32, 73, 78, 13, 0, 0.06%, 9, 0, 8, 419.56
1735652643, 32, 74, 78, 13, 0, 0.06%, 9, 0, 8, 306.00
1735652648, 32, 75, 78, 13, 0, 0.06%, 9, 0, 8, 339.81
1735652669, 32, 76, 78, 13, 0, 0.06%, 9, 0, 8, 401.37
1735652684, 32, 77, 78, 13, 0, 0.06%, 9, 0, 8, 376.70
1735652735, 33, 21, 78, 12, 0, 0.06%, 9, 0, 8, 453.11
1735652750, 33, 22, 78, 12, 0, 0.06%, 9, 0, 8, 292.51
1735652755, 33, 26, 78, 12, 0, 0.06%, 9, 0, 8, 420.62
1735652770, 33, 27, 78, 12, 0, 0.06%, 9, 0, 8, 365.00
1735652785, 33, 28, 78, 12, 0, 0.06%, 9, 0, 8, 339.25
1735652806, 33, 29, 78, 12, 0, 0.06%, 9, 0, 8, 454.30
1735652821, 33, 33, 78, 12, 0, 0.06%, 9, 0, 8, 378.13
1735652836, 33, 34, 78, 12, 0, 0.06%, 9, 0, 8, 337.51
1735652851, 33, 36, 78, 12, 0, 0.06%, 9, 0, 8, 368.67
1735652856, 33, 39, 78, 12, 0, 0.06%, 9, 0, 8, 339.26
1735652862, 33, 44, 78, 12, 0, 0.06%, 9, 0, 8, 363.85
1735652867, 33, 45, 78, 12, 0, 0.06%, 9, 0, 8, 399.19
1735652882, 33, 46, 78, 12, 0, 0.06%, 9, 0, 8, 366.41
1735652907, 33, 47, 78, 12, 0, 0.06%, 9, 0, 8, 379.87
1735652928, 33, 48, 78, 12, 0, 0.06%, 9, 0, 8, 426.59
1735652938, 33, 49, 78, 12, 0, 0.06%, 9, 0, 8, 338.12
1735652958, 33, 50, 78, 12, 0, 0.06%, 9, 0, 8, 340.13
1735652963, 33, 51, 78, 12, 0, 0.06%, 9, 0, 8, 322.31
1735652968, 33, 52, 78, 12, 0, 0.06%, 9, 0, 8, 319.45
1735652973, 33, 57, 78, 12, 0, 0.06%, 9, 0, 8, 346.29
1735652994, 33, 58, 78, 12, 0, 0.06%, 9, 0, 8, 433.09
1735653009, 33, 59, 78, 12, 0, 0.06%, 9, 0, 8, 409.62
1735653024, 33, 60, 78, 12, 0, 0.06%, 9, 0, 8, 341.08
1735653044, 33, 61, 78, 12, 0, 0.06%, 9, 0, 8, 363.21
1735653065, 33, 62, 78, 12, 0, 0.06%, 9, 0, 8, 351.78
1735653085, 33, 63, 78, 12, 0, 0.06%, 9, 0, 8, 396.99
1735653100, 33, 64, 78, 12, 0, 0.06%, 9, 0, 8, 322.16
1735653121, 33, 65, 78, 12, 0, 0.06%, 9, 0, 8, 411.34
1735653136, 33, 66, 78, 12, 0, 0.06%, 9, 0, 8, 454.92
1735653151, 33, 67, 78, 12, 0, 0.06%, 9, 0, 8, 439.53
1735653166, 33, 68, 78, 12, 0, 0.06%, 9, 0, 8, 367.76
1735653171, 33, 71, 78, 12, 0, 0.06%, 9, 0, 8, 375.91
1735653182, 33, 72, 78, 12, 0, 0.06%, 9, 0, 8, 321.97
1735653187, 33, 73, 78, 12, 0, 0.06%, 9, 0, 8, 455.87
1735653202, 33, 74, 78, 12, 0, 0.06%, 9, 0, 8, 353.42
1735653207, 33, 75, 78, 12, 0, 0.06%, 9, 0, 8, 389.20
1735653222, 33, 76, 78, 12, 0, 0.06%, 9, 0, 8, 354.64
1735653242, 33, 77, 78, 12, 0, 0.06%, 9, 0, 8, 382.13
1735653257, 34, 21, 78, 12, 0, 0.06%, 9, 0, 8, 421.58
1735653278, 34, 22, 78, 12, 0, 0.06%, 9, 0, 8, 306.03
1735653283, 34, 26, 78, 12, 0, 0.06%, 9, 0, 8, 413.32
1735653298, 34, 27, 78, 12, 0, 0.06%, 9, 0, 8, 450.63
1735653313, 34, 28, 78, 12, 0, 0.06%, 9, 0, 8, 403.04
1735653328, 34, 29, 78, 12, 0, 0.06%, 9, 0, 8, 420.82
1735653344, 34, 33, 78, 12, 0, 0.06%, 9, 0, 8, 379.69
1735653359, 34, 34, 78, 12, 0, 0.06%, 9, 0, 8, 317.87
1735653380, 34, 39, 78, 12, 0, 0.06%, 9, 0, 8, 339.21
1735653385, 34, 44, 78, 12, 0, 0.06%, 9, 0, 8, 349.93
1735653390, 34, 45, 78, 12, 0, 0.06%, 9, 0, 8, 382.25
1735653400, 34, 46, 78, 12, 0, 0.06%, 9, 0, 8, 315.85
1735653425, 34, 47, 78, 12, 0, 0.06%, 9, 0, 8, 413.71
1735653440, 34, 48, 78, 12, 0, 0.06%, 9, 0, 8, 325.55
1735653461, 34, 49, 78, 12, 0, 0.06%, 9, 0, 8, 356.30
1735653481, 34, 50, 78, 12, 0, 0.06%, 9, 0, 8, 325.85
1735653486, 34, 51, 78, 12, 0, 0.06%, 9, 0, 8, 314.59
1735653491, 34, 57, 78, 12, 0, 0.06%, 9, 0, 8, 317.63
1735653511, 34, 58, 78, 12, 0, 0.06%, 9, 0, 8, 416.91
1735653527, 34, 59, 78, 12, 0, 0.06%, 9, 0, 8, 396.68
1735653547, 34, 60, 78, 12, 0, 0.06%, 9, 0, 8, 355.12
1735653557, 34, 61, 78, 12, 0, 0.06%, 9, 0, 8, 305.58
1735653577, 34, 62, 78, 12, 0, 0.06%, 9, 0, 8, 393.84
1735653598, 34, 63, 78, 12, 0, 0.06%, 9, 0, 8, 412.66
1735653613, 34, 64, 78, 12, 0, 0.06%, 9, 0, 8, 410.66
1735653633, 34, 65, 78, 12, 0, 0.06%, 9, 0, 8, 433.49
1735653648, 34, 66, 78, 12, 0, 0.06%, 9, 0, 8, 374.63
1735653669, 34, 67, 78, 12, 0, 0.06%, 9, 0, 8, 444.65
1735653684, 34, 68, 78, 12, 0, 0.06%, 9, 0, 8, 350.66
1735653689, 34, 71, 78, 12, 0, 0.06%, 9, 0, 8, 364.66
1735653694, 34, 72, 78, 12, 0, 0.06%, 9, 0, 8, 348.86
1735653699, 34, 73, 78, 12, 0, 0.06%, 9, 0, 8, 346.62
1735653719, 34, 74, 78, 12, 0, 0.06%, 9, 0, 8, 355.26
1735653724, 34, 75, 78, 12, 0, 0.06%, 9, 0, 8, 338.19
1735653745, 34, 76, 78, 12, 0, 0.06%, 9, 0, 8, 425.47
1735653760, 34, 77, 78, 12, 0, 0.06%, 9, 0, 8, 381.15
1735653775, 35, 21, 78, 12, 0, 0.06%, 9, 0, 8, 365.83
1735653780, 35, 22, 78, 12, 0, 0.06%, 9, 0, 8, 304.57
1735653785, 35, 26, 78, 12, 0, 0.06%, 9, 0, 8, 345.91
1735653800, 35, 27, 78, 12, 0, 0.06%, 9, 0, 8, 345.52
1735653821, 35, 28, 78, 12, 0, 0.06%, 9, 0, 8, 361.15
1735653836, 35, 29, 78, 12, 0, 0.06%, 9, 0, 8, 333.55
1735653841, 35, 33, 78, 12, 0, 0.06%, 9, 0, 8, 360.12
1735653861, 35, 34, 78, 12, 0, 0.06%, 9, 0, 8, 423.91
1735653876, 35, 39, 78, 12, 0, 0.06%, 9, 0, 8, 331.75
1735653881, 35, 44, 78, 12, 0, 0.06%, 9, 0, 8, 335.82
1735653887, 35, 45, 78, 12, 0, 0.06%, 9, 0, 8, 351.44
1735653892, 35, 46, 78, 12, 0, 0.06%, 9, 0, 8, 354.78
1735653907, 35, 47, 78, 12, 0, 0.06%, 9, 0, 8, 312.58
1735653927, 35, 48, 78, 12, 0, 0.06%, 9, 0, 8, 412.08
1735653942, 35, 49, 78, 12, 0, 0.06%, 9, 0, 8, 309.65
1735653963, 35, 50, 78, 12, 0, 0.06%, 9, 0, 8, 318.26
1735653968, 35, 51, 78, 12, 0, 0.06%, 9, 0, 8, 302.68
1735653973, 35, 52, 78, 12, 0, 0.06%, 9, 0, 8, 304.68
1735653978, 35, 57, 78, 12, 0, 0.06%, 9, 0, 8, 420.97
1735653993, 35, 58, 78, 12, 0, 0.06%, 9, 0, 8, 378.91
1735654013, 35, 59, 78, 12, 0, 0.06%, 9, 0, 8, 415.89
1735654029, 35, 60, 78, 12, 0, 0.06%, 9, 0, 8, 270.95
1735654039, 35, 61, 78, 12, 0, 0.06%, 9, 0, 8, 370.45
1735654054, 35, 62, 78, 12, 0, 0.06%, 9, 0, 8, 417.37
1735654069, 35, 63, 78, 12, 0, 0.06%, 9, 0, 8, 347.21
1735654085, 35, 64, 78, 12, 0, 0.06%, 9, 0, 8, 383.09
1735654105, 35, 65, 78, 12, 0, 0.06%, 9, 0, 8, 361.48
1735654120, 35, 66, 78, 12, 0, 0.06%, 9, 0, 8, 369.32
1735654141, 35, 67, 78, 12, 0, 0.06%, 9, 0, 8, 415.22
1735654156, 35, 68, 78, 12, 0, 0.06%, 9, 0, 8, 363.49
1735654161, 35, 71, 78, 12, 0, 0.06%, 9, 0, 8, 358.92
1735654171, 35, 72, 78, 12, 0, 0.06%, 9, 0, 8, 332.07
1735654176, 35, 73, 78, 12, 0, 0.06%, 9, 0, 8, 448.88
1735654191, 35, 74, 78, 12, 0, 0.06%, 9, 0, 8, 348.81
1735654196, 35, 75, 78, 12, 0, 0.06%, 9, 0, 8, 317.37
1735654217, 35, 76, 78, 12, 0, 0.06%, 9, 0, 8, 411.12
1735654232, 35, 77, 78, 12, 0, 0.06%, 9, 0, 8, 301.59
1735654252, 36, 22, 78, 12, 0, 0.06%, 9, 0, 8, 320.18
1735654257, 36, 26, 78, 12, 0, 0.06%, 9, 0, 8, 356.53
1735654262, 36, 27, 78, 12, 0, 0.06%, 9, 0, 8, 367.32
1735654267, 36, 28, 78, 12, 0, 0.06%, 9, 0, 8, 379.20
1735654273, 36, 29, 78, 12, 0, 0.06%, 9, 0, 8, 368.51
1735654278, 36, 33, 78, 12, 0, 0.06%, 9, 0, 8, 347.87
1735654283, 36, 34, 78, 12, 0, 0.06%, 9, 0, 8, 330.80
1735654288, 36, 36, 78, 12, 0, 0.06%, 9, 0, 8, 314.42
1735654293, 36, 39, 78, 12, 0, 0.06%, 9, 0, 8, 327.94
1735654298, 36, 45, 78, 12, 0, 0.06%, 9, 0, 8, 334.98
1735654303, 36, 46, 78, 12, 0, 0.06%, 9, 0, 8, 397.75
1735654318, 36, 47, 78, 12, 0, 0.06%, 9, 0, 8, 356.22
1735654323, 36, 48, 78, 12, 0, 0.06%, 9, 0, 8, 376.17
1735654334, 36, 49, 78, 12, 0, 0.06%, 9, 0, 8, 286.19
1735654344, 36, 50, 78, 12, 0, 0.06%, 9, 0, 8, 326.75
1735654349, 36, 51, 78, 12, 0, 0.06%, 9, 0, 8, 311.96
1735654354, 36, 52, 78, 12, 0, 0.06%, 9, 0, 8, 300.62
1735654359, 36, 57, 78, 12, 0, 0.06%, 9, 0, 8, 335.83
1735654370, 36, 58, 78, 12, 0, 0.06%, 9, 0, 8, 392.80
1735654380, 36, 59, 78, 12, 0, 0.06%, 9, 0, 8, 359.90
1735654385, 36, 60, 78, 12, 0, 0.06%, 9, 0, 8, 381.57
1735654395, 36, 61, 78, 12, 0, 0.06%, 9, 0, 8, 306.50
1735654405, 36, 62, 78, 12, 0, 0.06%, 9, 0, 8, 349.66
1735654415, 36, 63, 78, 12, 0, 0.06%, 9, 0, 8, 301.46
1735654425, 36, 64, 78, 12, 0, 0.06%, 9, 0, 8, 339.97
1735654436, 36, 65, 78, 12, 0, 0.06%, 9, 0, 8, 392.47
1735654446, 36, 66, 78, 12, 0, 0.06%, 9, 0, 8, 389.88
1735654456, 36, 67, 78, 12, 0, 0.06%, 9, 0, 8, 382.71
1735654461, 36, 68, 78, 12, 0, 0.06%, 9, 0, 8, 321.16
1735654466, 36, 71, 78, 12, 0, 0.06%, 9, 0, 8, 339.22
1735654476, 36, 72, 78, 12, 0, 0.06%, 9, 0, 8, 334.56
1735654481, 36, 73, 78, 12, 0, 0.06%, 9, 0, 8, 426.28
1735654491, 36, 74, 78, 12, 0, 0.06%, 9, 0, 8, 330.23
1735654496, 36, 75, 78, 12, 0, 0.06%, 9, 0, 8, 387.84
1735654511, 36, 76, 78, 12, 0, 0.06%, 9, 0, 8, 327.17
1735654532, 36, 77, 78, 12, 0, 0.06%, 9, 0, 8, 442.95
1735654547, 37, 21, 78, 12, 0, 0.06%, 9, 0, 8, 354.21
1735654552, 37, 22, 78, 12, 0, 0.06%, 9, 0, 8, 298.76
1735654557, 37, 27, 78, 12, 0, 0.06%, 9, 0, 8, 318.86
1735654562, 37, 28, 78, 12, 0, 0.06%, 9, 0, 8, 333.38
1735654567, 37, 29, 78, 12, 0, 0.06%, 9, 0, 8, 348.80
1735654572, 37, 33, 78, 12, 0, 0.06%, 9, 0, 8, 404.38
1735654577, 37, 34, 78, 12, 0, 0.06%, 9, 0, 8, 374.81
1735654582, 37, 36, 78, 12, 0, 0.06%, 9, 0, 8, 360.18
1735654587, 37, 39, 78, 12, 0, 0.06%, 9, 0, 8, 349.14
1735654592, 37, 45, 78, 12, 0, 0.06%, 9, 0, 8, 337.08
1735654598, 37, 46, 78, 12, 0, 0.06%, 9, 0, 8, 398.09
1735654613, 37, 48, 78, 12, 0, 0.06%, 9, 0, 8, 337.31
1735654618, 37, 49, 78, 12, 0, 0.06%, 9, 0, 8, 351.82
1735654628, 37, 50, 78, 12, 0, 0.06%, 9, 0, 8, 313.34
1735654633, 37, 51, 78, 12, 0, 0.06%, 9, 0, 8, 303.39
1735654638, 37, 52, 78, 12, 0, 0.06%, 9, 0, 8, 310.76
1735654643, 37, 57, 78, 12, 0, 0.06%, 9, 0, 8, 311.20
1735654648, 37, 59, 78, 12, 0, 0.06%, 9, 0, 8, 343.83
1735654653, 37, 60, 78, 12, 0, 0.06%, 9, 0, 8, 381.49
1735654664, 37, 61, 78, 12, 0, 0.06%, 9, 0, 8, 318.17
1735654669, 37, 62, 78, 12, 0, 0.06%, 9, 0, 8, 350.31
1735654679, 37, 63, 78, 12, 0, 0.06%, 9, 0, 8, 325.86
1735654689, 37, 64, 78, 12, 0, 0.06%, 9, 0, 8, 361.71
1735654699, 37, 65, 78, 12, 0, 0.06%, 9, 0, 8, 376.07
1735654709, 37, 66, 78, 12, 0, 0.06%, 9, 0, 8, 399.25
1735654719, 37, 67, 78, 12, 0, 0.06%, 9, 0, 8, 350.28
1735654724, 37, 68, 78, 12, 0, 0.06%, 9, 0, 8, 322.85
1735654729, 37, 71, 78, 12, 0, 0.06%, 9, 0, 8, 338.26
1735654739, 37, 72, 78, 12, 0, 0.06%, 9, 0, 8, 347.63
1735654744, 37, 73, 78, 12, 0, 0.06%, 9, 0, 8, 407.08
1735654750, 37, 74, 78, 12, 0, 0.06%, 9, 0, 8, 390.34
1735654755, 37, 75, 78, 12, 0, 0.06%, 9, 0, 8, 354.75
1735654765, 37, 76, 78, 12, 0, 0.06%, 9, 0, 8, 384.65
1735654770, 37, 77, 78, 12, 0, 0.06%, 9, 0, 8, 450.20
1735654785, 38, 21, 78, 12, 0, 0.06%, 9, 0, 8, 359.39
1735654790, 38, 22, 78, 12, 0, 0.06%, 9, 0, 8, 302.22
1735654795, 38, 27, 78, 12, 0, 0.06%, 9, 0, 8, 338.18
1735654800, 38, 28, 78, 12, 0, 0.06%, 9, 0, 8, 336.37
1735654805, 38, 29, 78, 12, 0, 0.06%, 9, 0, 8, 372.79
1735654811, 38, 33, 78, 12, 0, 0.06%, 9, 0, 8, 376.50
1735654816, 38, 34, 78, 12, 0, 0.06%, 9, 0, 8, 367.16
1735654821, 38, 36, 78, 12, 0, 0.06%, 9, 0, 8, 346.85
1735654826, 38, 39, 78, 12, 0, 0.06%, 9, 0, 8, 357.09
1735654831, 38, 45, 78, 12, 0, 0.06%, 9, 0, 8, 328.15
1735654836, 38, 46, 78, 12, 0, 0.06%, 9, 0, 8, 397.77
