# unix_time, cycles_done, cur_path, paths_total, pending_total, pending_favs, map_size, unique_crashes, unique_hangs, max_depth, execs_per_sec
1735676443, 0, 0, 10, 10, 1, 0.00%, 0, 0, 1, 169.13
1735676448, 0, 2, 10, 10, 1, 0.00%, 0, 0, 1, 200.88
1735676453, 0, 3, 10, 9, 0, 0.00%, 0, 0, 1, 211.18
1735676458, 0, 4, 10, 8, 0, 0.00%, 0, 0, 1, 203.19
1735676468, 0, 5, 10, 7, 0, 0.00%, 0, 0, 1, 209.38
1735676473, 0, 6, 10, 6, 0, 0.00%, 0, 0, 1, 201.79
1735676483, 0, 7, 10, 5, 0, 0.00%, 0, 0, 1, 211.71
1735676488, 0, 8, 10, 4, 0, 0.00%, 0, 0, 1, 197.16
1735676498, 0, 9, 10, 3, 0, 0.00%, 0, 0, 1, 211.54
1735676503, 1, 0, 10, 2, 0, 0.00%, 0, 0, 1, 192.39
1735676514, 1, 1, 10, 1, 0, 0.00%, 0, 0, 1, 211.15
1735676524, 1, 2, 10, 0, 0, 0.00%, 0, 0, 1, 209.30
1735676534, 1, 3, 10, 0, 0, 0.00%, 0, 0, 1, 208.30
1735676539, 1, 5, 10, 0, 0, 0.00%, 0, 0, 1, 208.97
1735676544, 1, 6, 10, 0, 0, 0.00%, 0, 0, 1, 208.73
1735676549, 1, 8, 10, 0, 0, 0.00%, 0, 0, 1, 207.42
1735676554, 1, 9, 10, 0, 0, 0.00%, 0, 0, 1, 205.82
1735676559, 2, 1, 10, 0, 0, 0.00%, 0, 0, 1, 206.60
1735676564, 2, 2, 10, 0, 0, 0.00%, 0, 0, 1, 206.43
1735676570, 2, 3, 10, 0, 0, 0.00%, 0, 0, 1, 203.34
1735676575, 2, 5, 10, 0, 0, 0.00%, 0, 0, 1, 208.70
1735676580, 2, 6, 10, 0, 0, 0.00%, 0, 0, 1, 209.74
1735676585, 2, 8, 10, 0, 0, 0.00%, 0, 0, 1, 207.04
1735676590, 2, 9, 10, 0, 0, 0.00%, 0, 0, 1, 208.62
1735676595, 3, 0, 10, 0, 0, 0.00%, 0, 0, 1, 211.18
1735676600, 3, 2, 10, 0, 0, 0.00%, 0, 0, 1, 210.24
1735676605, 3, 3, 10, 0, 0, 0.00%, 0, 0, 1, 208.14
1735676610, 3, 5, 10, 0, 0, 0.00%, 0, 0, 1, 207.17
1735676615, 3, 6, 10, 0, 0, 0.00%, 0, 0, 1, 210.32
1735676620, 3, 7, 10, 0, 0, 0.00%, 0, 0, 1, 206.95
1735676625, 3, 9, 10, 0, 0, 0.00%, 0, 0, 1, 208.11
1735676630, 4, 0, 10, 0, 0, 0.00%, 0, 0, 1, 209.44
1735676635, 4, 2, 10, 0, 0, 0.00%, 0, 0, 1, 206.15
1735676640, 4, 3, 10, 0, 0, 0.00%, 0, 0, 1, 206.39
1735676645, 4, 4, 10, 0, 0, 0.00%, 0, 0, 1, 209.05
1735676650, 4, 6, 10, 0, 0, 0.00%, 0, 0, 1, 207.59
1735676655, 4, 7, 10, 0, 0, 0.00%, 0, 0, 1, 207.19
1735676660, 4, 9, 10, 0, 0, 0.00%, 0, 0, 1, 208.77
1735676666, 5, 0, 10, 0, 0, 0.00%, 0, 0, 1, 208.92
1735676671, 5, 1, 10, 0, 0, 0.00%, 0, 0, 1, 209.62
1735676676, 5, 3, 10, 0, 0, 0.00%, 0, 0, 1, 210.16
1735676681, 5, 4, 10, 0, 0, 0.00%, 0, 0, 1, 209.26
1735676686, 5, 6, 10, 0, 0, 0.00%, 0, 0, 1, 207.00
1735676691, 5, 7, 10, 0, 0, 0.00%, 0, 0, 1, 209.82
1735676696, 5, 9, 10, 0, 0, 0.00%, 0, 0, 1, 211.34
1735676701, 5, 10, 11, 1, 1, 0.05%, 1, 0, 2, 227.43
1735676706, 5, 10, 12, 2, 1, 0.05%, 2, 0, 3, 263.28
1735676721, 5, 10, 13, 3, 1, 0.05%, 3, 0, 3, 272.15
1735676792, 5, 10, 14, 4, 1, 0.05%, 4, 0, 3, 251.87
1735676797, 5, 10, 15, 5, 1, 0.06%, 5, 0, 3, 220.01
1735676813, 5, 10, 17, 7, 1, 0.06%, 6, 0, 3, 217.60
1735676823, 5, 13, 18, 7, 5, 0.06%, 6, 0, 4, 364.26
1735676854, 5, 13, 19, 8, 5, 0.06%, 6, 0, 4, 468.10
1735676859, 5, 13, 20, 9, 5, 0.06%, 6, 0, 4, 472.31
1735676864, 5, 13, 22, 11, 5, 0.06%, 7, 0, 4, 473.45
1735676869, 5, 13, 23, 12, 5, 0.06%, 7, 0, 4, 469.98
1735676894, 5, 13, 26, 15, 5, 0.06%, 8, 0, 4, 326.88
1735676910, 5, 21, 28, 16, 6, 0.06%, 8, 0, 5, 261.46
1735676920, 5, 21, 29, 17, 6, 0.06%, 8, 0, 5, 227.86
1735676940, 5, 21, 30, 18, 6, 0.06%, 8, 0, 5, 230.90
1735677042, 5, 25, 32, 19, 5, 0.06%, 9, 0, 5, 319.54
1735677047, 5, 25, 33, 20, 5, 0.06%, 9, 0, 5, 297.64
1735677077, 5, 25, 34, 21, 5, 0.06%, 9, 0, 5, 278.81
1735677103, 5, 25, 36, 23, 5, 0.06%, 9, 0, 5, 273.77
1735677133, 5, 25, 37, 24, 5, 0.06%, 9, 0, 5, 274.64
1735677154, 5, 25, 38, 25, 5, 0.06%, 9, 0, 5, 247.91
1735677159, 5, 31, 39, 25, 4, 0.06%, 9, 0, 6, 304.27
1735677204, 5, 31, 40, 26, 4, 0.06%, 9, 0, 6, 265.67
1735677225, 5, 31, 41, 27, 4, 0.06%, 9, 0, 6, 273.71
1735677260, 5, 31, 43, 29, 4, 0.06%, 9, 0, 6, 301.69
1735677275, 6, 16, 43, 28, 3, 0.06%, 9, 0, 6, 285.83
1735677285, 6, 16, 44, 29, 3, 0.06%, 9, 0, 6, 277.23
1735677290, 6, 16, 45, 30, 3, 0.06%, 9, 0, 6, 273.25
1735677296, 6, 16, 46, 31, 3, 0.06%, 9, 0, 6, 273.58
1735677301, 6, 16, 47, 32, 3, 0.06%, 9, 0, 6, 274.14
1735677402, 6, 39, 47, 31, 2, 0.06%, 9, 0, 6, 280.45
1735677407, 6, 39, 50, 34, 2, 0.06%, 9, 0, 7, 419.28
1735677453, 6, 39, 51, 35, 2, 0.06%, 9, 0, 7, 443.55
1735677458, 6, 39, 53, 37, 2, 0.06%, 9, 0, 7, 449.62
1735677478, 6, 39, 54, 38, 2, 0.06%, 9, 0, 7, 447.66
1735677519, 6, 39, 55, 39, 2, 0.06%, 9, 0, 7, 284.58
1735677524, 6, 39, 56, 40, 2, 0.06%, 9, 0, 7, 294.89
1735677529, 7, 12, 57, 40, 2, 0.06%, 9, 0, 7, 278.35
1735677549, 7, 12, 58, 41, 2, 0.06%, 9, 0, 7, 269.98
1735677595, 7, 13, 58, 40, 1, 0.06%, 9, 0, 7, 281.75
1735677600, 7, 17, 58, 40, 1, 0.06%, 9, 0, 7, 301.10
1735677646, 7, 18, 58, 39, 1, 0.06%, 9, 0, 7, 287.21
1735677681, 7, 19, 59, 39, 1, 0.06%, 9, 0, 7, 397.34
1735677696, 7, 19, 60, 40, 1, 0.06%, 9, 0, 7, 492.73
1735677732, 7, 20, 61, 40, 1, 0.06%, 9, 0, 7, 357.28
1735677767, 7, 21, 61, 39, 1, 0.06%, 9, 0, 7, 285.30
1735677778, 7, 22, 61, 39, 1, 0.06%, 9, 0, 7, 365.36
1735677813, 7, 24, 61, 38, 1, 0.06%, 9, 0, 7, 375.96
1735677849, 7, 25, 61, 37, 2, 0.06%, 9, 0, 7, 281.81
1735677859, 7, 26, 61, 37, 2, 0.06%, 9, 0, 7, 276.17
1735677905, 7, 30, 61, 36, 1, 0.06%, 9, 0, 7, 339.72
1735677950, 7, 31, 61, 35, 1, 0.06%, 9, 0, 7, 327.90
1735677965, 7, 32, 61, 35, 1, 0.06%, 9, 0, 7, 256.02
1735678326, 7, 32, 62, 36, 1, 0.06%, 9, 0, 7, 506.25
1735678336, 7, 32, 63, 37, 1, 0.06%, 9, 0, 7, 498.99
1735678341, 7, 32, 64, 38, 1, 0.06%, 9, 0, 7, 498.94
1735678402, 7, 37, 64, 37, 1, 0.06%, 9, 0, 7, 338.85
1735678448, 7, 39, 64, 36, 1, 0.06%, 9, 0, 7, 330.57
1735678453, 7, 40, 64, 36, 1, 0.06%, 9, 0, 7, 315.64
1735678503, 7, 47, 64, 35, 1, 0.06%, 9, 0, 7, 381.86
1735678554, 7, 47, 65, 36, 1, 0.06%, 9, 0, 8, 389.39
1735678570, 7, 55, 65, 35, 1, 0.06%, 9, 0, 8, 400.47
1735678575, 7, 55, 66, 36, 1, 0.06%, 9, 0, 8, 453.79
1735678621, 7, 59, 66, 35, 1, 0.06%, 9, 0, 8, 403.22
1735678687, 7, 59, 67, 36, 1, 0.06%, 9, 0, 8, 486.08
1735678707, 7, 59, 68, 37, 1, 0.06%, 9, 0, 8, 487.56
1735678763, 7, 60, 68, 36, 1, 0.06%, 9, 0, 8, 413.25
1735678804, 7, 60, 69, 37, 1, 0.06%, 9, 0, 8, 319.64
1735678809, 7, 61, 69, 36, 1, 0.06%, 9, 0, 8, 354.58
1735678854, 7, 62, 69, 35, 1, 0.06%, 9, 0, 8, 335.21
1735678865, 7, 62, 70, 36, 1, 0.06%, 9, 0, 8, 349.73
1735678880, 7, 62, 71, 37, 1, 0.06%, 9, 0, 8, 370.43
1735678921, 7, 63, 71, 36, 1, 0.06%, 9, 0, 8, 409.08
1735678966, 7, 64, 71, 35, 1, 0.06%, 9, 0, 8, 298.96
1735679129, 7, 65, 71, 34, 1, 0.06%, 9, 0, 8, 483.35
1735679149, 7, 65, 72, 35, 1, 0.06%, 9, 0, 9, 473.11
1735679205, 7, 66, 72, 34, 1, 0.06%, 9, 0, 9, 332.23
1735679369, 8, 12, 72, 33, 1, 0.06%, 9, 0, 9, 341.83
1735679374, 8, 18, 72, 33, 1, 0.06%, 9, 0, 9, 353.31
1735679384, 8, 20, 72, 33, 1, 0.06%, 9, 0, 9, 307.61
1735679394, 8, 22, 72, 33, 1, 0.06%, 9, 0, 9, 391.16
1735679404, 8, 22, 73, 34, 1, 0.06%, 9, 0, 9, 312.87
1735679409, 8, 56, 73, 34, 1, 0.06%, 9, 0, 9, 375.95
1735679445, 8, 57, 73, 33, 1, 0.06%, 9, 0, 9, 394.42
1735679491, 8, 57, 74, 34, 1, 0.06%, 9, 0, 9, 423.32
1735679527, 8, 58, 74, 33, 1, 0.06%, 9, 0, 9, 399.99
1735679562, 8, 59, 74, 32, 1, 0.06%, 9, 0, 9, 395.71
1735679572, 8, 60, 74, 32, 1, 0.06%, 9, 0, 9, 430.79
1735679583, 8, 60, 75, 33, 1, 0.06%, 9, 0, 9, 384.20
1735679593, 8, 61, 75, 33, 1, 0.06%, 9, 0, 9, 367.03
1735679861, 8, 62, 75, 33, 1, 0.06%, 9, 0, 9, 321.61
1735679974, 8, 63, 75, 33, 1, 0.06%, 9, 0, 9, 406.01
1735679984, 8, 64, 75, 33, 1, 0.06%, 9, 0, 9, 404.11
1735680106, 8, 65, 75, 33, 1, 0.06%, 9, 0, 9, 379.21
1735680117, 8, 66, 75, 33, 1, 0.06%, 9, 0, 9, 307.90
1735680127, 8, 67, 75, 33, 1, 0.06%, 9, 0, 9, 362.70
1735680203, 8, 68, 75, 32, 1, 0.06%, 9, 0, 9, 399.31
1735680249, 8, 71, 75, 31, 1, 0.06%, 9, 0, 9, 303.63
1735680660, 8, 71, 76, 32, 1, 0.06%, 9, 0, 10, 483.13
1735680665, 8, 71, 77, 33, 1, 0.06%, 9, 0, 10, 480.69
1735680706, 8, 72, 78, 33, 1, 0.06%, 9, 0, 10, 370.95
1735680823, 8, 73, 78, 32, 1, 0.06%, 9, 0, 10, 320.03
1735680924, 8, 74, 78, 31, 1, 0.06%, 9, 0, 10, 380.60
1735680995, 8, 75, 78, 30, 1, 0.06%, 9, 0, 10, 366.49
1735681108, 8, 76, 78, 29, 1, 0.06%, 9, 0, 10, 379.44
1735681225, 8, 77, 78, 28, 1, 0.06%, 9, 0, 10, 329.58
1735681347, 9, 11, 78, 27, 1, 0.06%, 9, 0, 10, 312.39
1735681368, 9, 12, 78, 26, 0, 0.06%, 9, 0, 10, 291.34
1735681373, 9, 16, 78, 26, 0, 0.06%, 9, 0, 10, 308.03
1735681378, 9, 20, 78, 26, 0, 0.06%, 9, 0, 10, 315.39
1735681383, 9, 21, 78, 26, 0, 0.06%, 9, 0, 10, 306.60
1735681388, 9, 22, 78, 26, 0, 0.06%, 9, 0, 10, 311.19
1735681393, 9, 25, 78, 26, 0, 0.06%, 9, 0, 10, 314.01
1735681398, 9, 26, 78, 26, 0, 0.06%, 9, 0, 10, 295.45
1735681408, 9, 27, 78, 26, 0, 0.06%, 9, 0, 10, 335.71
1735681454, 9, 28, 78, 25, 0, 0.06%, 9, 0, 10, 284.83
1735681494, 9, 28, 79, 26, 0, 0.06%, 9, 0, 10, 313.59
1735681499, 9, 29, 79, 25, 0, 0.06%, 9, 0, 10, 390.01
1735681540, 9, 30, 79, 24, 0, 0.06%, 9, 0, 10, 364.67
1735681555, 9, 31, 79, 24, 0, 0.06%, 9, 0, 10, 290.25
1735681560, 9, 32, 79, 24, 0, 0.06%, 9, 0, 10, 277.19
1735681575, 9, 33, 79, 24, 0, 0.06%, 9, 0, 10, 444.67
1735681626, 9, 34, 79, 23, 0, 0.06%, 9, 0, 10, 375.83
1735681677, 9, 35, 79, 22, 0, 0.06%, 9, 0, 10, 387.26
1735681861, 9, 38, 79, 21, 0, 0.06%, 9, 0, 10, 319.98
1735681912, 9, 39, 79, 20, 0, 0.06%, 9, 0, 10, 421.02
1735681958, 9, 40, 79, 20, 0, 0.06%, 9, 0, 10, 311.67
1735681973, 9, 43, 79, 20, 0, 0.06%, 9, 0, 10, 424.11
1735682039, 9, 44, 79, 19, 0, 0.06%, 9, 0, 10, 332.00
1735682090, 9, 45, 79, 18, 0, 0.06%, 9, 0, 10, 412.09
1735682161, 9, 46, 79, 17, 0, 0.06%, 9, 0, 10, 298.09
1735682196, 9, 47, 79, 16, 0, 0.06%, 9, 0, 10, 377.99
1735682207, 9, 48, 79, 16, 0, 0.06%, 9, 0, 10, 305.00
1735682237, 9, 49, 79, 15, 0, 0.06%, 9, 0, 10, 329.87
1735682278, 9, 50, 79, 14, 0, 0.06%, 9, 0, 10, 393.38
1735682390, 9, 51, 79, 13, 0, 0.06%, 9, 0, 10, 391.43
1735682497, 9, 56, 79, 12, 0, 0.06%, 9, 0, 10, 335.28
1735682502, 9, 57, 79, 12, 0, 0.06%, 9, 0, 10, 345.39
1735682512, 9, 60, 79, 12, 0, 0.06%, 9, 0, 10, 275.56
1735682522, 9, 68, 79, 12, 0, 0.06%, 9, 0, 10, 331.32
1735682533, 9, 72, 79, 12, 0, 0.06%, 9, 0, 10, 331.29
1735682644, 9, 73, 79, 12, 0, 0.06%, 9, 0, 10, 385.92
1735682660, 9, 74, 79, 12, 0, 0.06%, 9, 0, 10, 296.73
1735682751, 9, 75, 79, 12, 0, 0.06%, 9, 0, 10, 388.04
1735682849, 9, 76, 79, 12, 0, 0.06%, 9, 0, 10, 374.04
1735682946, 9, 77, 79, 12, 0, 0.06%, 9, 0, 10, 375.47
1735683053, 9, 78, 79, 12, 0, 0.06%, 9, 0, 10, 409.01
1735683063, 9, 78, 80, 13, 0, 0.06%, 9, 0, 10, 415.50
1735683274, 9, 79, 80, 12, 0, 0.06%, 9, 0, 10, 357.59
1735683500, 10, 11, 80, 11, 0, 0.06%, 9, 0, 10, 331.99
1735683505, 10, 12, 80, 11, 0, 0.06%, 9, 0, 10, 303.14
1735683510, 10, 18, 80, 11, 0, 0.06%, 9, 0, 10, 322.97
1735683515, 10, 20, 80, 11, 0, 0.06%, 9, 0, 10, 318.55
1735683520, 10, 21, 80, 11, 0, 0.06%, 9, 0, 10, 314.20
1735683525, 10, 22, 80, 11, 0, 0.06%, 9, 0, 10, 328.60
1735683530, 10, 25, 80, 11, 0, 0.06%, 9, 0, 10, 289.05
1735683535, 10, 26, 80, 11, 0, 0.06%, 9, 0, 10, 293.73
1735683540, 10, 27, 80, 11, 0, 0.06%, 9, 0, 10, 288.35
1735683550, 10, 28, 80, 11, 0, 0.06%, 9, 0, 10, 310.47
1735683560, 10, 29, 80, 11, 0, 0.06%, 9, 0, 10, 347.75
1735683571, 10, 30, 80, 11, 0, 0.06%, 9, 0, 10, 318.66
1735683576, 10, 31, 80, 11, 0, 0.06%, 9, 0, 10, 306.25
1735683581, 10, 32, 80, 11, 0, 0.06%, 9, 0, 10, 290.13
1735683591, 10, 33, 80, 11, 0, 0.06%, 9, 0, 10, 353.67
1735683601, 10, 34, 80, 11, 0, 0.06%, 9, 0, 10, 320.11
1735683612, 10, 35, 80, 11, 0, 0.06%, 9, 0, 10, 387.84
1735683622, 10, 36, 80, 11, 0, 0.06%, 9, 0, 10, 398.71
1735683657, 10, 37, 80, 10, 0, 0.06%, 9, 0, 10, 373.15
1735683673, 10, 38, 80, 10, 0, 0.06%, 9, 0, 10, 347.71
1735683688, 10, 39, 80, 10, 0, 0.06%, 9, 0, 10, 392.87
1735683734, 10, 40, 80, 10, 0, 0.06%, 9, 0, 10, 397.78
1735683749, 10, 41, 80, 10, 0, 0.06%, 9, 0, 10, 429.49
1735683821, 10, 42, 80, 9, 0, 0.06%, 9, 0, 10, 329.51
1735683933, 10, 43, 80, 8, 0, 0.06%, 9, 0, 10, 337.85
1735683943, 10, 44, 80, 8, 0, 0.06%, 9, 0, 10, 326.28
1735683953, 10, 45, 80, 8, 0, 0.06%, 9, 0, 10, 312.38
1735683964, 10, 46, 80, 8, 0, 0.06%, 9, 0, 10, 350.60
1735683974, 10, 47, 80, 8, 0, 0.06%, 9, 0, 10, 423.28
1735684020, 10, 48, 80, 8, 0, 0.06%, 9, 0, 10, 311.97
1735684035, 10, 49, 80, 8, 0, 0.06%, 9, 0, 10, 362.82
1735684050, 10, 50, 80, 8, 0, 0.06%, 9, 0, 10, 341.18
1735684142, 10, 51, 80, 8, 0, 0.06%, 9, 0, 10, 327.32
1735684152, 10, 52, 80, 8, 0, 0.06%, 9, 0, 10, 407.54
1735684264, 10, 53, 80, 7, 0, 0.06%, 9, 0, 10, 431.01
1735684381, 10, 54, 80, 6, 0, 0.06%, 9, 0, 10, 434.58
1735684432, 10, 55, 80, 5, 0, 0.06%, 9, 0, 10, 391.51
1735684447, 10, 56, 80, 5, 0, 0.06%, 9, 0, 10, 369.36
1735684457, 10, 57, 80, 5, 0, 0.06%, 9, 0, 10, 338.86
1735684462, 10, 58, 80, 5, 0, 0.06%, 9, 0, 10, 321.72
1735684473, 10, 60, 80, 5, 0, 0.06%, 9, 0, 10, 405.99
1735684493, 10, 61, 80, 5, 0, 0.06%, 9, 0, 10, 276.04
1735684503, 10, 62, 80, 5, 0, 0.06%, 9, 0, 10, 352.88
1735684518, 10, 63, 80, 5, 0, 0.06%, 9, 0, 10, 481.46
1735684590, 10, 64, 80, 5, 0, 0.06%, 9, 0, 10, 341.03
1735684605, 10, 65, 80, 5, 0, 0.06%, 9, 0, 10, 468.18
1735684626, 10, 66, 80, 5, 0, 0.06%, 9, 0, 10, 340.18
1735684682, 10, 68, 80, 5, 0, 0.06%, 9, 0, 10, 379.12
1735684805, 10, 69, 80, 5, 0, 0.06%, 9, 0, 10, 373.32
1735684959, 10, 70, 80, 4, 0, 0.06%, 9, 0, 10, 386.50
1735685154, 10, 72, 80, 3, 0, 0.06%, 9, 0, 10, 312.84
1735685159, 10, 73, 80, 3, 0, 0.06%, 9, 0, 10, 332.69
1735685164, 10, 74, 80, 3, 0, 0.06%, 9, 0, 10, 317.87
1735685169, 10, 77, 80, 3, 0, 0.06%, 9, 0, 10, 337.51
1735685179, 11, 16, 80, 3, 0, 0.06%, 9, 0, 10, 303.46
1735685184, 11, 20, 80, 3, 0, 0.06%, 9, 0, 10, 333.06
1735685190, 11, 22, 80, 3, 0, 0.06%, 9, 0, 10, 356.25
1735685195, 11, 28, 80, 3, 0, 0.06%, 9, 0, 10, 302.59
1735685200, 11, 43, 80, 3, 0, 0.06%, 9, 0, 10, 339.29
1735685210, 11, 44, 80, 3, 0, 0.06%, 9, 0, 10, 299.86
1735685220, 11, 45, 80, 3, 0, 0.06%, 9, 0, 10, 370.34
1735685230, 11, 46, 80, 3, 0, 0.06%, 9, 0, 10, 351.39
1735685235, 11, 56, 80, 3, 0, 0.06%, 9, 0, 10, 349.18
1735685246, 11, 57, 80, 3, 0, 0.06%, 9, 0, 10, 372.45
1735685256, 11, 60, 80, 3, 0, 0.06%, 9, 0, 10, 311.59
1735685261, 11, 68, 80, 3, 0, 0.06%, 9, 0, 10, 355.36
1735685271, 11, 72, 80, 3, 0, 0.06%, 9, 0, 10, 335.61
1735685276, 11, 73, 80, 3, 0, 0.06%, 9, 0, 10, 344.07
1735685281, 11, 74, 80, 3, 0, 0.06%, 9, 0, 10, 346.86
1735685286, 11, 77, 80, 3, 0, 0.06%, 9, 0, 10, 326.34
1735685291, 12, 12, 80, 3, 0, 0.06%, 9, 0, 10, 311.00
1735685296, 12, 18, 80, 3, 0, 0.06%, 9, 0, 10, 349.36
1735685301, 12, 20, 80, 3, 0, 0.06%, 9, 0, 10, 323.51
1735685306, 12, 22, 80, 3, 0, 0.06%, 9, 0, 10, 327.53
1735685311, 12, 28, 80, 3, 0, 0.06%, 9, 0, 10, 279.14
1735685316, 12, 43, 80, 3, 0, 0.06%, 9, 0, 10, 323.98
1735685321, 12, 44, 80, 3, 0, 0.06%, 9, 0, 10, 304.01
1735685327, 12, 45, 80, 3, 0, 0.06%, 9, 0, 10, 337.84
1735685332, 12, 46, 80, 3, 0, 0.06%, 9, 0, 10, 327.17
1735685337, 12, 57, 80, 3, 0, 0.06%, 9, 0, 10, 317.78
1735685342, 12, 60, 80, 3, 0, 0.06%, 9, 0, 10, 341.63
1735685347, 12, 68, 80, 3, 0, 0.06%, 9, 0, 10, 314.62
1735685352, 12, 72, 80, 3, 0, 0.06%, 9, 0, 10, 346.11
1735685362, 12, 73, 80, 3, 0, 0.06%, 9, 0, 10, 329.00
1735685367, 12, 74, 80, 3, 0, 0.06%, 9, 0, 10, 350.70
1735685372, 12, 77, 80, 3, 0, 0.06%, 9, 0, 10, 332.16
1735685377, 13, 12, 80, 3, 0, 0.06%, 9, 0, 10, 305.66
1735685382, 13, 18, 80, 3, 0, 0.06%, 9, 0, 10, 324.08
1735685387, 13, 20, 80, 3, 0, 0.06%, 9, 0, 10, 326.30
1735685392, 13, 22, 80, 3, 0, 0.06%, 9, 0, 10, 330.16
1735685397, 13, 28, 80, 3, 0, 0.06%, 9, 0, 10, 314.17
1735685402, 13, 43, 80, 3, 0, 0.06%, 9, 0, 10, 338.95
1735685407, 13, 44, 80, 3, 0, 0.06%, 9, 0, 10, 306.43
1735685412, 13, 45, 80, 3, 0, 0.06%, 9, 0, 10, 344.37
1735685418, 13, 56, 80, 3, 0, 0.06%, 9, 0, 10, 338.15
1735685423, 13, 57, 80, 3, 0, 0.06%, 9, 0, 10, 348.27
1735685428, 13, 60, 80, 3, 0, 0.06%, 9, 0, 10, 345.11
1735685433, 13, 68, 80, 3, 0, 0.06%, 9, 0, 10, 341.01
1735685438, 13, 72, 80, 3, 0, 0.06%, 9, 0, 10, 336.96
1735685448, 13, 73, 80, 3, 0, 0.06%, 9, 0, 10, 347.25
1735685453, 13, 74, 80, 3, 0, 0.06%, 9, 0, 10, 352.07
1735685458, 13, 77, 80, 3, 0, 0.06%, 9, 0, 10, 325.77
1735685463, 14, 16, 80, 3, 0, 0.06%, 9, 0, 10, 315.93
1735685468, 14, 18, 80, 3, 0, 0.06%, 9, 0, 10, 322.88
1735685473, 14, 20, 80, 3, 0, 0.06%, 9, 0, 10, 306.03
1735685478, 14, 28, 80, 3, 0, 0.06%, 9, 0, 10, 311.22
1735685483, 14, 43, 80, 3, 0, 0.06%, 9, 0, 10, 324.02
1735685489, 14, 44, 80, 3, 0, 0.06%, 9, 0, 10, 309.34
1735685494, 14, 45, 80, 3, 0, 0.06%, 9, 0, 10, 298.36
1735685499, 14, 46, 80, 3, 0, 0.06%, 9, 0, 10, 343.49
1735685504, 14, 56, 80, 3, 0, 0.06%, 9, 0, 10, 366.71
1735685509, 14, 57, 80, 3, 0, 0.06%, 9, 0, 10, 345.22
1735685514, 14, 60, 80, 3, 0, 0.06%, 9, 0, 10, 328.43
1735685519, 14, 68, 80, 3, 0, 0.06%, 9, 0, 10, 341.17
1735685524, 14, 72, 80, 3, 0, 0.06%, 9, 0, 10, 329.07
1735685529, 14, 73, 80, 3, 0, 0.06%, 9, 0, 10, 308.57
1735685534, 14, 74, 80, 3, 0, 0.06%, 9, 0, 10, 335.15
1735685544, 14, 77, 80, 3, 0, 0.06%, 9, 0, 10, 343.28
1735685549, 15, 16, 80, 3, 0, 0.06%, 9, 0, 10, 316.65
1735685554, 15, 20, 80, 3, 0, 0.06%, 9, 0, 10, 315.20
1735685559, 15, 22, 80, 3, 0, 0.06%, 9, 0, 10, 327.58
1735685564, 15, 28, 80, 3, 0, 0.06%, 9, 0, 10, 304.66
1735685569, 15, 43, 80, 3, 0, 0.06%, 9, 0, 10, 339.53
1735685574, 15, 44, 80, 3, 0, 0.06%, 9, 0, 10, 312.61
1735685580, 15, 45, 80, 3, 0, 0.06%, 9, 0, 10, 358.15
1735685585, 15, 46, 80, 3, 0, 0.06%, 9, 0, 10, 343.65
1735685590, 15, 56, 80, 3, 0, 0.06%, 9, 0, 10, 328.88
1735685595, 15, 57, 80, 3, 0, 0.06%, 9, 0, 10, 341.46
1735685600, 15, 60, 80, 3, 0, 0.06%, 9, 0, 10, 335.81
1735685605, 15, 68, 80, 3, 0, 0.06%, 9, 0, 10, 349.98
1735685610, 15, 72, 80, 3, 0, 0.06%, 9, 0, 10, 330.73
1735685615, 15, 73, 80, 3, 0, 0.06%, 9, 0, 10, 353.47
1735685620, 15, 74, 80, 3, 0, 0.06%, 9, 0, 10, 372.83
1735685625, 15, 77, 80, 3, 0, 0.06%, 9, 0, 10, 345.25
1735685630, 16, 12, 80, 3, 0, 0.06%, 9, 0, 10, 316.72
1735685635, 16, 18, 80, 3, 0, 0.06%, 9, 0, 10, 346.10
1735685641, 16, 20, 80, 3, 0, 0.06%, 9, 0, 10, 315.75
1735685646, 16, 22, 80, 3, 0, 0.06%, 9, 0, 10, 328.22
1735685651, 16, 28, 80, 3, 0, 0.06%, 9, 0, 10, 283.37
1735685656, 16, 43, 80, 3, 0, 0.06%, 9, 0, 10, 310.08
1735685661, 16, 44, 80, 3, 0, 0.06%, 9, 0, 10, 294.69
1735685666, 16, 45, 80, 3, 0, 0.06%, 9, 0, 10, 319.40
1735685671, 16, 46, 80, 3, 0, 0.06%, 9, 0, 10, 338.81
1735685676, 16, 57, 80, 3, 0, 0.06%, 9, 0, 10, 347.37
1735685681, 16, 60, 80, 3, 0, 0.06%, 9, 0, 10, 329.12
1735685686, 16, 68, 80, 3, 0, 0.06%, 9, 0, 10, 331.32
1735685696, 16, 72, 80, 3, 0, 0.06%, 9, 0, 10, 321.48
1735685701, 16, 73, 80, 3, 0, 0.06%, 9, 0, 10, 337.49
1735685706, 16, 74, 80, 3, 0, 0.06%, 9, 0, 10, 342.89
1735685711, 16, 77, 80, 3, 0, 0.06%, 9, 0, 10, 327.75
1735685717, 17, 12, 80, 3, 0, 0.06%, 9, 0, 10, 306.18
1735685722, 17, 18, 80, 3, 0, 0.06%, 9, 0, 10, 335.79
1735685727, 17, 20, 80, 3, 0, 0.06%, 9, 0, 10, 328.79
1735685732, 17, 22, 80, 3, 0, 0.06%, 9, 0, 10, 344.69
1735685737, 17, 28, 80, 3, 0, 0.06%, 9, 0, 10, 298.11
1735685742, 17, 43, 80, 3, 0, 0.06%, 9, 0, 10, 327.26
1735685747, 17, 44, 80, 3, 0, 0.06%, 9, 0, 10, 301.99
1735685752, 17, 45, 80, 3, 0, 0.06%, 9, 0, 10, 327.91
1735685757, 17, 46, 80, 3, 0, 0.06%, 9, 0, 10, 323.55
1735685762, 17, 56, 80, 3, 0, 0.06%, 9, 0, 10, 306.07
1735685767, 17, 57, 80, 3, 0, 0.06%, 9, 0, 10, 321.89
1735685772, 17, 68, 80, 3, 0, 0.06%, 9, 0, 10, 353.20
1735685782, 17, 72, 80, 3, 0, 0.06%, 9, 0, 10, 314.16
1735685787, 17, 73, 80, 3, 0, 0.06%, 9, 0, 10, 337.85
1735685792, 17, 74, 80, 3, 0, 0.06%, 9, 0, 10, 360.70
1735685797, 17, 77, 80, 3, 0, 0.06%, 9, 0, 10, 324.54
1735685802, 18, 12, 80, 3, 0, 0.06%, 9, 0, 10, 309.45
1735685808, 18, 18, 80, 3, 0, 0.06%, 9, 0, 10, 338.97
1735685813, 18, 20, 80, 3, 0, 0.06%, 9, 0, 10, 330.88
1735685818, 18, 22, 80, 3, 0, 0.06%, 9, 0, 10, 333.97
1735685823, 18, 28, 80, 3, 0, 0.06%, 9, 0, 10, 316.20
1735685828, 18, 43, 80, 3, 0, 0.06%, 9, 0, 10, 338.21
1735685833, 18, 44, 80, 3, 0, 0.06%, 9, 0, 10, 307.87
1735685838, 18, 45, 80, 3, 0, 0.06%, 9, 0, 10, 328.42
1735685843, 18, 46, 80, 3, 0, 0.06%, 9, 0, 10, 319.51
1735685848, 18, 57, 80, 3, 0, 0.06%, 9, 0, 10, 328.90
1735685853, 18, 60, 80, 3, 0, 0.06%, 9, 0, 10, 336.51
1735685858, 18, 68, 80, 3, 0, 0.06%, 9, 0, 10, 314.12
1735685868, 18, 72, 80, 3, 0, 0.06%, 9, 0, 10, 308.37
1735685873, 18, 73, 80, 3, 0, 0.06%, 9, 0, 10, 317.94
1735685878, 18, 74, 80, 3, 0, 0.06%, 9, 0, 10, 345.67
1735685883, 18, 77, 80, 3, 0, 0.06%, 9, 0, 10, 333.68
1735685888, 19, 12, 80, 3, 0, 0.06%, 9, 0, 10, 321.89
1735685894, 19, 18, 80, 3, 0, 0.06%, 9, 0, 10, 333.02
1735685899, 19, 20, 80, 3, 0, 0.06%, 9, 0, 10, 331.34
1735685904, 19, 28, 80, 3, 0, 0.06%, 9, 0, 10, 328.52
1735685909, 19, 43, 80, 3, 0, 0.06%, 9, 0, 10, 313.97
1735685914, 19, 44, 80, 3, 0, 0.06%, 9, 0, 10, 322.98
1735685919, 19, 45, 80, 3, 0, 0.06%, 9, 0, 10, 337.64
1735685924, 19, 46, 80, 3, 0, 0.06%, 9, 0, 10, 346.09
1735685929, 19, 56, 80, 3, 0, 0.06%, 9, 0, 10, 357.60
1735685934, 19, 57, 80, 3, 0, 0.06%, 9, 0, 10, 354.73
1735685939, 19, 60, 80, 3, 0, 0.06%, 9, 0, 10, 328.83
1735685944, 19, 68, 80, 3, 0, 0.06%, 9, 0, 10, 362.16
1735685949, 19, 72, 80, 3, 0, 0.06%, 9, 0, 10, 329.79
1735685954, 19, 73, 80, 3, 0, 0.06%, 9, 0, 10, 320.94
1735685960, 19, 74, 80, 3, 0, 0.06%, 9, 0, 10, 305.24
1735685965, 19, 77, 80, 3, 0, 0.06%, 9, 0, 10, 335.03
1735685975, 20, 18, 80, 3, 0, 0.06%, 9, 0, 10, 310.49
1735685980, 20, 20, 80, 3, 0, 0.06%, 9, 0, 10, 335.45
1735685985, 20, 22, 80, 3, 0, 0.06%, 9, 0, 10, 348.81
1735685990, 20, 28, 80, 3, 0, 0.06%, 9, 0, 10, 300.45
1735685995, 20, 43, 80, 3, 0, 0.06%, 9, 0, 10, 342.19
1735686000, 20, 44, 80, 3, 0, 0.06%, 9, 0, 10, 302.39
1735686005, 20, 45, 80, 3, 0, 0.06%, 9, 0, 10, 339.65
1735686011, 20, 46, 80, 3, 0, 0.06%, 9, 0, 10, 355.38
1735686016, 20, 56, 80, 3, 0, 0.06%, 9, 0, 10, 331.81
1735686021, 20, 57, 80, 3, 0, 0.06%, 9, 0, 10, 332.32
1735686026, 20, 60, 80, 3, 0, 0.06%, 9, 0, 10, 321.78
1735686031, 20, 68, 80, 3, 0, 0.06%, 9, 0, 10, 343.67
1735686036, 20, 72, 80, 3, 0, 0.06%, 9, 0, 10, 327.47
1735686041, 20, 73, 80, 3, 0, 0.06%, 9, 0, 10, 346.65
1735686046, 20, 74, 80, 3, 0, 0.06%, 9, 0, 10, 324.59
1735686051, 20, 77, 80, 3, 0, 0.06%, 9, 0, 10, 324.75
1735686056, 21, 12, 80, 3, 0, 0.06%, 9, 0, 10, 326.80
1735686061, 21, 18, 80, 3, 0, 0.06%, 9, 0, 10, 324.46
1735686066, 21, 20, 80, 3, 0, 0.06%, 9, 0, 10, 337.39
1735686071, 21, 22, 80, 3, 0, 0.06%, 9, 0, 10, 333.39
1735686076, 21, 28, 80, 3, 0, 0.06%, 9, 0, 10, 292.35
1735686081, 21, 43, 80, 3, 0, 0.06%, 9, 0, 10, 325.12
1735686087, 21, 44, 80, 3, 0, 0.06%, 9, 0, 10, 300.46
1735686092, 21, 45, 80, 3, 0, 0.06%, 9, 0, 10, 328.66
1735686097, 21, 46, 80, 3, 0, 0.06%, 9, 0, 10, 343.08
1735686102, 21, 56, 80, 3, 0, 0.06%, 9, 0, 10, 349.39
1735686107, 21, 57, 80, 3, 0, 0.06%, 9, 0, 10, 326.11
1735686112, 21, 60, 80, 3, 0, 0.06%, 9, 0, 10, 316.43
1735686117, 21, 68, 80, 3, 0, 0.06%, 9, 0, 10, 341.48
1735686122, 21, 72, 80, 3, 0, 0.06%, 9, 0, 10, 330.73
1735686127, 21, 73, 80, 3, 0, 0.06%, 9, 0, 10, 343.99
1735686132, 21, 74, 80, 3, 0, 0.06%, 9, 0, 10, 359.09
1735686137, 21, 77, 80, 3, 0, 0.06%, 9, 0, 10, 337.17
1735686142, 22, 12, 80, 3, 0, 0.06%, 9, 0, 10, 324.75
1735686147, 22, 18, 80, 3, 0, 0.06%, 9, 0, 10, 346.68
1735686152, 22, 20, 80, 3, 0, 0.06%, 9, 0, 10, 325.18
1735686157, 22, 22, 80, 3, 0, 0.06%, 9, 0, 10, 346.01
1735686163, 22, 28, 80, 3, 0, 0.06%, 9, 0, 10, 307.76
1735686168, 22, 43, 80, 3, 0, 0.06%, 9, 0, 10, 334.27
1735686173, 22, 44, 80, 3, 0, 0.06%, 9, 0, 10, 292.96
1735686178, 22, 45, 80, 3, 0, 0.06%, 9, 0, 10, 335.72
1735686183, 22, 46, 80, 3, 0, 0.06%, 9, 0, 10, 351.33
1735686188, 22, 56, 80, 3, 0, 0.06%, 9, 0, 10, 341.54
1735686193, 22, 60, 80, 3, 0, 0.06%, 9, 0, 10, 343.30
1735686198, 22, 68, 80, 3, 0, 0.06%, 9, 0, 10, 342.67
1735686208, 22, 72, 80, 3, 0, 0.06%, 9, 0, 10, 334.65
1735686213, 22, 73, 80, 3, 0, 0.06%, 9, 0, 10, 330.53
1735686219, 22, 74, 80, 3, 0, 0.06%, 9, 0, 10, 351.69
1735686224, 22, 77, 80, 3, 0, 0.06%, 9, 0, 10, 345.68
1735686229, 23, 16, 80, 3, 0, 0.06%, 9, 0, 10, 330.08
1735686234, 23, 18, 80, 3, 0, 0.06%, 9, 0, 10, 314.37
1735686239, 23, 20, 80, 3, 0, 0.06%, 9, 0, 10, 298.06
1735686244, 23, 22, 80, 3, 0, 0.06%, 9, 0, 10, 331.80
1735686249, 23, 43, 80, 3, 0, 0.06%, 9, 0, 10, 327.52
1735686259, 23, 44, 80, 3, 0, 0.06%, 9, 0, 10, 288.74
1735686264, 23, 45, 80, 3, 0, 0.06%, 9, 0, 10, 307.96
1735686269, 23, 56, 80, 3, 0, 0.06%, 9, 0, 10, 311.64
1735686275, 23, 57, 80, 3, 0, 0.06%, 9, 0, 10, 357.74
1735686280, 23, 60, 80, 3, 0, 0.06%, 9, 0, 10, 344.15
1735686285, 23, 68, 80, 3, 0, 0.06%, 9, 0, 10, 308.09
1735686290, 23, 72, 80, 3, 0, 0.06%, 9, 0, 10, 320.89
1735686300, 23, 74, 80, 3, 0, 0.06%, 9, 0, 10, 334.52
1735686305, 23, 77, 80, 3, 0, 0.06%, 9, 0, 10, 330.73
1735686310, 24, 28, 80, 3, 0, 0.06%, 9, 0, 10, 315.56
1735686315, 24, 43, 80, 3, 0, 0.06%, 9, 0, 10, 296.43
1735686320, 24, 44, 80, 3, 0, 0.06%, 9, 0, 10, 315.44
1735686325, 24, 45, 80, 3, 0, 0.06%, 9, 0, 10, 307.02
1735686330, 24, 46, 80, 3, 0, 0.06%, 9, 0, 10, 324.82
1735686335, 24, 68, 80, 3, 0, 0.06%, 9, 0, 10, 323.67
1735686340, 24, 72, 80, 3, 0, 0.06%, 9, 0, 10, 337.78
1735686350, 24, 74, 80, 3, 0, 0.06%, 9, 0, 10, 344.65
1735686355, 24, 77, 80, 3, 0, 0.06%, 9, 0, 10, 319.28
1735686360, 25, 28, 80, 3, 0, 0.06%, 9, 0, 10, 307.65
1735686365, 25, 43, 80, 3, 0, 0.06%, 9, 0, 10, 300.74
1735686370, 25, 44, 80, 3, 0, 0.06%, 9, 0, 10, 303.74
1735686375, 25, 45, 80, 3, 0, 0.06%, 9, 0, 10, 311.26
1735686381, 25, 46, 80, 3, 0, 0.06%, 9, 0, 10, 339.58
1735686386, 25, 68, 80, 3, 0, 0.06%, 9, 0, 10, 300.77
1735686391, 25, 72, 80, 3, 0, 0.06%, 9, 0, 10, 346.23
1735686401, 25, 74, 80, 3, 0, 0.06%, 9, 0, 10, 355.28
1735686406, 25, 77, 80, 3, 0, 0.06%, 9, 0, 10, 336.83
1735686411, 26, 28, 80, 3, 0, 0.06%, 9, 0, 10, 307.66
1735686416, 26, 43, 80, 3, 0, 0.06%, 9, 0, 10, 324.13
1735686421, 26, 44, 80, 3, 0, 0.06%, 9, 0, 10, 312.05
1735686426, 26, 45, 80, 3, 0, 0.06%, 9, 0, 10, 305.16
1735686431, 26, 46, 80, 3, 0, 0.06%, 9, 0, 10, 349.78
1735686436, 26, 68, 80, 3, 0, 0.06%, 9, 0, 10, 337.80
1735686442, 26, 72, 80, 3, 0, 0.06%, 9, 0, 10, 334.57
1735686447, 26, 74, 80, 3, 0, 0.06%, 9, 0, 10, 326.67
1735686457, 26, 77, 80, 3, 0, 0.06%, 9, 0, 10, 315.06
1735686462, 27, 28, 80, 3, 0, 0.06%, 9, 0, 10, 293.00
1735686467, 27, 43, 80, 3, 0, 0.06%, 9, 0, 10, 328.55
1735686472, 27, 44, 80, 3, 0, 0.06%, 9, 0, 10, 307.98
1735686477, 27, 45, 80, 3, 0, 0.06%, 9, 0, 10, 340.98
1735686482, 27, 46, 80, 3, 0, 0.06%, 9, 0, 10, 345.20
1735686487, 27, 68, 80, 3, 0, 0.06%, 9, 0, 10, 337.18
1735686492, 27, 72, 80, 3, 0, 0.06%, 9, 0, 10, 312.00
1735686497, 27, 74, 80, 3, 0, 0.06%, 9, 0, 10, 319.67
1735686502, 27, 77, 80, 3, 0, 0.06%, 9, 0, 10, 343.00
1735686512, 28, 28, 80, 3, 0, 0.06%, 9, 0, 10, 315.30
1735686517, 28, 43, 80, 3, 0, 0.06%, 9, 0, 10, 334.15
1735686522, 28, 44, 80, 3, 0, 0.06%, 9, 0, 10, 311.03
1735686527, 28, 45, 80, 3, 0, 0.06%, 9, 0, 10, 341.08
1735686533, 28, 46, 80, 3, 0, 0.06%, 9, 0, 10, 332.43
1735686538, 28, 68, 80, 3, 0, 0.06%, 9, 0, 10, 339.64
1735686543, 28, 72, 80, 3, 0, 0.06%, 9, 0, 10, 325.25
1735686548, 28, 74, 80, 3, 0, 0.06%, 9, 0, 10, 335.94
1735686553, 28, 77, 80, 3, 0, 0.06%, 9, 0, 10, 343.27
1735686558, 29, 16, 80, 3, 0, 0.06%, 9, 0, 10, 313.20
1735686563, 29, 28, 80, 3, 0, 0.06%, 9, 0, 10, 302.89
1735686568, 29, 43, 80, 3, 0, 0.06%, 9, 0, 10, 333.10
1735686573, 29, 44, 80, 3, 0, 0.06%, 9, 0, 10, 303.27
1735686578, 29, 45, 80, 3, 0, 0.06%, 9, 0, 10, 331.05
1735686583, 29, 46, 80, 3, 0, 0.06%, 9, 0, 10, 312.18
1735686588, 29, 68, 80, 3, 0, 0.06%, 9, 0, 10, 339.93
1735686593, 29, 72, 80, 3, 0, 0.06%, 9, 0, 10, 325.47
1735686598, 29, 74, 80, 3, 0, 0.06%, 9, 0, 10, 356.25
1735686603, 29, 77, 80, 3, 0, 0.06%, 9, 0, 10, 336.67
1735686609, 30, 16, 80, 3, 0, 0.06%, 9, 0, 10, 307.49
1735686614, 30, 28, 80, 3, 0, 0.06%, 9, 0, 10, 312.31
1735686619, 30, 43, 80, 3, 0, 0.06%, 9, 0, 10, 342.72
1735686624, 30, 44, 80, 3, 0, 0.06%, 9, 0, 10, 304.28
1735686629, 30, 45, 80, 3, 0, 0.06%, 9, 0, 10, 328.43
1735686634, 30, 68, 80, 3, 0, 0.06%, 9, 0, 10, 339.32
1735686644, 30, 72, 80, 3, 0, 0.06%, 9, 0, 10, 315.39
1735686649, 30, 74, 80, 3, 0, 0.06%, 9, 0, 10, 344.40
1735686654, 30, 77, 80, 3, 0, 0.06%, 9, 0, 10, 334.23
1735686659, 31, 16, 80, 3, 0, 0.06%, 9, 0, 10, 313.97
1735686664, 31, 28, 80, 3, 0, 0.06%, 9, 0, 10, 299.66
1735686669, 31, 43, 80, 3, 0, 0.06%, 9, 0, 10, 319.19
1735686675, 31, 44, 80, 3, 0, 0.06%, 9, 0, 10, 301.28
1735686680, 31, 46, 80, 3, 0, 0.06%, 9, 0, 10, 322.20
1735686685, 31, 68, 80, 3, 0, 0.06%, 9, 0, 10, 325.74
1735686695, 31, 72, 80, 3, 0, 0.06%, 9, 0, 10, 310.10
1735686700, 31, 74, 80, 3, 0, 0.06%, 9, 0, 10, 346.04
1735686705, 31, 77, 80, 3, 0, 0.06%, 9, 0, 10, 322.70
1735686710, 32, 28, 80, 3, 0, 0.06%, 9, 0, 10, 312.60
1735686715, 32, 43, 80, 3, 0, 0.06%, 9, 0, 10, 302.60
1735686720, 32, 44, 80, 3, 0, 0.06%, 9, 0, 10, 302.97
1735686725, 32, 45, 80, 3, 0, 0.06%, 9, 0, 10, 292.55
1735686731, 32, 46, 80, 3, 0, 0.06%, 9, 0, 10, 329.73
1735686736, 32, 68, 80, 3, 0, 0.06%, 9, 0, 10, 303.57
1735686741, 32, 69, 80, 3, 0, 0.06%, 9, 0, 10, 376.91
1735686751, 32, 70, 80, 3, 0, 0.06%, 9, 0, 10, 331.62
1735686915, 32, 71, 80, 3, 0, 0.06%, 9, 0, 10, 410.65
