# unix_time, cycles_done, cur_path, paths_total, pending_total, pending_favs, map_size, unique_crashes, unique_hangs, max_depth, execs_per_sec
1734771758, 0, 0, 10, 10, 1, 0.00%, 0, 0, 1, 168.07
1734771763, 0, 4, 10, 10, 1, 0.00%, 0, 0, 1, 193.84
1734771768, 0, 5, 10, 9, 0, 0.00%, 0, 0, 1, 202.37
1734771778, 0, 6, 10, 8, 0, 0.00%, 0, 0, 1, 199.34
1734771783, 0, 7, 10, 7, 0, 0.00%, 0, 0, 1, 185.20
1734771794, 0, 8, 10, 6, 0, 0.00%, 0, 0, 1, 203.03
1734771799, 0, 9, 10, 5, 0, 0.00%, 0, 0, 1, 188.27
1734771809, 1, 0, 10, 4, 0, 0.00%, 0, 0, 1, 203.09
1734771819, 1, 1, 10, 3, 0, 0.00%, 0, 0, 1, 200.10
1734771829, 1, 2, 10, 2, 0, 0.00%, 0, 0, 1, 202.78
1734771834, 1, 3, 10, 1, 0, 0.00%, 0, 0, 1, 200.47
1734771844, 1, 4, 10, 0, 0, 0.00%, 0, 0, 1, 202.18
1734771854, 1, 5, 10, 0, 0, 0.00%, 0, 0, 1, 200.91
1734771859, 1, 6, 10, 0, 0, 0.00%, 0, 0, 1, 200.60
1734771864, 1, 7, 10, 0, 0, 0.00%, 0, 0, 1, 201.13
1734771870, 1, 9, 10, 0, 0, 0.00%, 0, 0, 1, 197.33
1734771875, 2, 0, 10, 0, 0, 0.00%, 0, 0, 1, 201.12
1734771880, 2, 1, 10, 0, 0, 0.00%, 0, 0, 1, 198.56
1734771885, 2, 3, 10, 0, 0, 0.00%, 0, 0, 1, 200.81
1734771890, 2, 4, 10, 0, 0, 0.00%, 0, 0, 1, 199.36
1734771895, 2, 6, 10, 0, 0, 0.00%, 0, 0, 1, 195.75
1734771901, 2, 7, 10, 0, 0, 0.00%, 0, 0, 1, 199.16
1734771906, 2, 8, 10, 0, 0, 0.00%, 0, 0, 1, 202.46
1734771911, 3, 0, 10, 0, 0, 0.00%, 0, 0, 1, 201.74
1734771916, 3, 1, 10, 0, 0, 0.00%, 0, 0, 1, 199.59
1734771921, 3, 2, 10, 0, 0, 0.00%, 0, 0, 1, 197.74
1734771926, 3, 4, 10, 0, 0, 0.00%, 0, 0, 1, 199.83
1734771931, 3, 5, 10, 0, 0, 0.00%, 0, 0, 1, 199.49
1734771936, 3, 7, 10, 0, 0, 0.00%, 0, 0, 1, 202.66
1734771942, 3, 8, 10, 0, 0, 0.00%, 0, 0, 1, 198.51
1734771947, 3, 9, 10, 0, 0, 0.00%, 0, 0, 1, 201.17
1734771952, 4, 1, 10, 0, 0, 0.00%, 0, 0, 1, 197.47
1734771957, 4, 2, 10, 0, 0, 0.00%, 0, 0, 1, 202.89
1734771962, 4, 3, 10, 0, 0, 0.00%, 0, 0, 1, 201.20
1734771967, 4, 5, 10, 0, 0, 0.00%, 0, 0, 1, 200.30
1734771972, 4, 6, 10, 0, 0, 0.00%, 0, 0, 1, 201.70
1734771977, 4, 7, 10, 0, 0, 0.00%, 0, 0, 1, 202.22
1734771982, 4, 9, 10, 0, 0, 0.00%, 0, 0, 1, 198.66
1734771987, 5, 0, 10, 0, 0, 0.00%, 0, 0, 1, 204.60
1734771993, 5, 2, 10, 0, 0, 0.00%, 0, 0, 1, 198.15
1734771998, 5, 3, 10, 0, 0, 0.00%, 0, 0, 1, 201.65
1734772003, 5, 4, 10, 0, 0, 0.00%, 0, 0, 1, 197.31
1734772008, 5, 6, 10, 0, 0, 0.00%, 0, 0, 1, 198.25
1734772013, 5, 7, 10, 0, 0, 0.00%, 0, 0, 1, 201.41
1734772018, 5, 8, 10, 0, 0, 0.00%, 0, 0, 1, 202.31
1734772024, 6, 0, 10, 0, 0, 0.00%, 0, 0, 1, 201.47
1734772029, 6, 1, 10, 0, 0, 0.00%, 0, 0, 1, 200.84
1734772034, 6, 3, 10, 0, 0, 0.00%, 0, 0, 1, 201.07
1734772039, 6, 4, 10, 0, 0, 0.00%, 0, 0, 1, 199.86
1734772044, 6, 5, 10, 0, 0, 0.00%, 0, 0, 1, 200.57
1734772049, 6, 7, 10, 0, 0, 0.00%, 0, 0, 1, 204.46
1734772054, 6, 8, 10, 0, 0, 0.00%, 0, 0, 1, 203.42
1734772059, 6, 9, 10, 0, 0, 0.00%, 0, 0, 1, 203.14
1734772064, 7, 1, 10, 0, 0, 0.00%, 0, 0, 1, 202.32
1734772069, 7, 2, 10, 0, 0, 0.00%, 0, 0, 1, 203.58
1734772074, 7, 3, 10, 0, 0, 0.00%, 0, 0, 1, 203.32
1734772079, 7, 5, 10, 0, 0, 0.00%, 0, 0, 1, 197.66
1734772084, 7, 6, 10, 0, 0, 0.00%, 0, 0, 1, 203.24
1734772089, 7, 7, 10, 0, 0, 0.00%, 0, 0, 1, 198.38
1734772094, 7, 9, 10, 0, 0, 0.00%, 0, 0, 1, 199.78
1734772099, 8, 0, 10, 0, 0, 0.00%, 0, 0, 1, 205.68
1734772104, 8, 2, 10, 0, 0, 0.00%, 0, 0, 1, 197.63
1734772109, 8, 3, 10, 0, 0, 0.00%, 0, 0, 1, 197.84
1734772114, 8, 4, 10, 0, 0, 0.00%, 0, 0, 1, 198.91
1734772119, 8, 6, 10, 0, 0, 0.00%, 0, 0, 1, 199.92
1734772124, 8, 7, 10, 0, 0, 0.00%, 0, 0, 1, 200.89
1734772129, 8, 8, 10, 0, 0, 0.00%, 0, 0, 1, 203.63
1734772135, 9, 0, 10, 0, 0, 0.00%, 0, 0, 1, 201.85
1734772140, 9, 1, 10, 0, 0, 0.00%, 0, 0, 1, 204.54
1734772145, 9, 2, 10, 0, 0, 0.00%, 0, 0, 1, 199.69
1734772150, 9, 4, 10, 0, 0, 0.00%, 0, 0, 1, 199.83
1734772155, 9, 5, 10, 0, 0, 0.00%, 0, 0, 1, 200.74
1734772160, 9, 7, 10, 0, 0, 0.00%, 0, 0, 1, 205.37
1734772165, 9, 8, 10, 0, 0, 0.00%, 0, 0, 1, 202.27
1734772170, 9, 9, 10, 0, 0, 0.00%, 0, 0, 1, 202.96
1734772175, 10, 1, 10, 0, 0, 0.00%, 0, 0, 1, 202.06
1734772180, 10, 2, 10, 0, 0, 0.00%, 0, 0, 1, 202.59
1734772185, 10, 3, 10, 0, 0, 0.00%, 0, 0, 1, 196.61
1734772191, 10, 5, 10, 0, 0, 0.00%, 0, 0, 1, 199.24
1734772196, 10, 6, 10, 0, 0, 0.00%, 0, 0, 1, 203.02
1734772201, 10, 7, 10, 0, 0, 0.00%, 0, 0, 1, 200.86
1734772206, 10, 9, 10, 0, 0, 0.00%, 0, 0, 1, 199.54
1734772211, 11, 0, 10, 0, 0, 0.00%, 0, 0, 1, 202.91
1734772216, 11, 2, 10, 0, 0, 0.00%, 0, 0, 1, 201.49
1734772221, 11, 3, 10, 0, 0, 0.00%, 0, 0, 1, 200.91
1734772226, 11, 4, 10, 0, 0, 0.00%, 0, 0, 1, 201.19
1734772231, 11, 6, 10, 0, 0, 0.00%, 0, 0, 1, 196.95
1734772236, 11, 7, 10, 0, 0, 0.00%, 0, 0, 1, 201.18
1734772241, 11, 8, 10, 0, 0, 0.00%, 0, 0, 1, 198.43
1734772246, 12, 0, 10, 0, 0, 0.00%, 0, 0, 1, 199.69
1734772252, 12, 1, 10, 0, 0, 0.00%, 0, 0, 1, 202.60
1734772257, 12, 3, 10, 0, 0, 0.00%, 0, 0, 1, 202.03
1734772262, 12, 4, 10, 0, 0, 0.00%, 0, 0, 1, 203.15
1734772267, 12, 5, 10, 0, 0, 0.00%, 0, 0, 1, 201.63
1734772272, 12, 7, 10, 0, 0, 0.00%, 0, 0, 1, 200.51
1734772277, 12, 8, 10, 0, 0, 0.00%, 0, 0, 1, 198.72
1734772282, 12, 9, 10, 0, 0, 0.00%, 0, 0, 1, 201.61
1734772287, 13, 1, 10, 0, 0, 0.00%, 0, 0, 1, 200.23
1734772292, 13, 2, 10, 0, 0, 0.00%, 0, 0, 1, 200.49
1734772298, 13, 4, 10, 0, 0, 0.00%, 0, 0, 1, 204.81
1734772303, 13, 5, 10, 0, 0, 0.00%, 0, 0, 1, 199.47
1734772308, 13, 6, 10, 0, 0, 0.00%, 0, 0, 1, 205.40
1734772313, 13, 8, 10, 0, 0, 0.00%, 0, 0, 1, 201.33
1734772318, 13, 9, 10, 0, 0, 0.00%, 0, 0, 1, 201.33
1734772323, 13, 10, 12, 2, 1, 0.05%, 2, 0, 3, 204.56
1734772371, 13, 10, 13, 3, 1, 0.05%, 3, 0, 3, 207.31
1734772468, 13, 10, 14, 4, 1, 0.05%, 4, 0, 3, 211.36
1734772473, 13, 12, 16, 5, 3, 0.06%, 6, 0, 4, 228.15
1734772478, 13, 12, 18, 7, 3, 0.06%, 6, 0, 4, 219.85
1734772488, 13, 12, 19, 8, 3, 0.06%, 6, 0, 4, 221.87
1734772503, 13, 12, 20, 9, 3, 0.06%, 6, 0, 4, 225.56
1734772513, 13, 12, 21, 10, 3, 0.06%, 6, 0, 4, 225.42
1734772523, 13, 12, 22, 11, 3, 0.06%, 6, 0, 4, 223.83
1734772533, 13, 12, 23, 12, 3, 0.06%, 6, 0, 4, 223.79
1734772580, 13, 12, 24, 13, 3, 0.06%, 6, 0, 4, 228.11
1734772610, 13, 13, 25, 13, 4, 0.06%, 6, 0, 4, 341.57
1734772616, 13, 13, 26, 14, 4, 0.06%, 6, 0, 4, 451.21
1734772621, 13, 13, 27, 15, 4, 0.06%, 6, 0, 4, 466.59
1734772626, 13, 13, 28, 16, 4, 0.06%, 6, 0, 4, 478.73
1734772636, 13, 13, 29, 17, 4, 0.06%, 6, 0, 4, 471.09
1734772671, 13, 14, 30, 17, 3, 0.06%, 6, 0, 5, 232.61
1734772702, 13, 14, 31, 18, 3, 0.06%, 6, 0, 5, 230.99
1734772743, 13, 14, 32, 19, 3, 0.06%, 6, 0, 5, 231.25
1734772799, 13, 14, 35, 22, 3, 0.06%, 6, 0, 5, 266.07
1734772804, 13, 14, 36, 23, 3, 0.06%, 6, 0, 5, 234.19
1734772814, 13, 15, 36, 22, 2, 0.06%, 6, 0, 5, 210.51
1734772881, 13, 15, 38, 24, 2, 0.06%, 6, 0, 5, 266.36
1734772891, 13, 15, 40, 26, 2, 0.06%, 6, 0, 5, 268.94
1734772896, 13, 21, 40, 25, 1, 0.06%, 6, 0, 5, 334.19
1734772932, 13, 22, 40, 24, 1, 0.06%, 6, 0, 5, 294.35
1734772967, 13, 22, 41, 25, 1, 0.06%, 6, 0, 5, 277.71
1734772987, 13, 22, 42, 26, 1, 0.06%, 6, 0, 5, 276.74
1734773053, 13, 23, 42, 25, 1, 0.06%, 6, 0, 5, 234.32
1734773059, 13, 23, 44, 27, 1, 0.06%, 6, 0, 5, 310.94
1734773069, 13, 23, 45, 28, 1, 0.06%, 6, 0, 5, 397.43
1734773140, 13, 23, 46, 29, 1, 0.06%, 6, 0, 5, 230.51
1734773145, 13, 25, 49, 31, 1, 0.06%, 9, 0, 5, 289.10
1734773181, 13, 48, 50, 31, 4, 0.06%, 9, 0, 6, 448.18
1734773227, 14, 47, 51, 31, 3, 0.06%, 9, 0, 6, 425.74
1734773242, 14, 47, 52, 32, 3, 0.06%, 9, 0, 6, 492.55
1734773308, 15, 46, 54, 33, 2, 0.06%, 9, 0, 6, 424.37
1734773389, 15, 48, 54, 32, 1, 0.06%, 9, 0, 6, 438.39
1734773404, 15, 49, 54, 32, 1, 0.06%, 9, 0, 6, 277.98
1734773435, 15, 49, 55, 33, 1, 0.06%, 9, 0, 7, 276.54
1734773440, 15, 50, 55, 32, 1, 0.06%, 9, 0, 7, 282.07
1734773480, 15, 51, 56, 32, 1, 0.06%, 9, 0, 7, 431.66
1734773516, 15, 51, 57, 33, 1, 0.06%, 9, 0, 7, 466.28
1734773531, 15, 51, 58, 34, 1, 0.06%, 9, 0, 7, 457.91
1734773567, 15, 52, 58, 33, 1, 0.06%, 9, 0, 7, 385.06
1734773577, 15, 52, 59, 34, 1, 0.06%, 9, 0, 7, 431.04
1734773623, 15, 54, 59, 33, 1, 0.06%, 9, 0, 7, 399.88
1734773683, 15, 54, 60, 34, 1, 0.06%, 9, 0, 8, 508.48
1734773694, 15, 54, 61, 35, 1, 0.06%, 9, 0, 8, 502.84
1734773704, 15, 54, 62, 36, 1, 0.06%, 9, 0, 8, 504.69
1734773719, 15, 54, 63, 37, 1, 0.06%, 9, 0, 8, 501.63
1734773760, 15, 58, 64, 37, 1, 0.06%, 9, 0, 8, 434.50
1734773765, 15, 58, 65, 38, 1, 0.06%, 9, 0, 8, 488.28
1734773816, 15, 62, 65, 37, 1, 0.06%, 9, 0, 8, 374.63
1734774011, 15, 62, 67, 39, 1, 0.06%, 9, 0, 9, 461.41
1734774027, 15, 62, 68, 40, 1, 0.06%, 9, 0, 9, 489.44
1734774062, 15, 62, 69, 41, 1, 0.06%, 9, 0, 9, 338.49
1734774082, 15, 63, 69, 40, 1, 0.06%, 9, 0, 9, 381.58
1734774088, 15, 63, 70, 41, 1, 0.06%, 9, 0, 9, 498.22
1734774174, 15, 64, 70, 40, 1, 0.06%, 9, 0, 9, 311.79
1734774189, 15, 64, 71, 41, 1, 0.06%, 9, 0, 9, 477.00
1734774225, 15, 64, 72, 42, 1, 0.06%, 9, 0, 9, 464.79
1734774255, 15, 65, 72, 41, 1, 0.06%, 9, 0, 9, 304.21
1734774687, 16, 11, 72, 40, 1, 0.06%, 9, 0, 9, 296.50
1734774708, 16, 14, 72, 39, 0, 0.06%, 9, 0, 9, 284.06
1734774733, 16, 15, 72, 39, 0, 0.06%, 9, 0, 9, 244.11
1734774754, 16, 21, 72, 39, 0, 0.06%, 9, 0, 9, 332.64
1734774774, 16, 22, 73, 40, 0, 0.06%, 9, 0, 9, 355.04
1734774805, 16, 27, 74, 41, 0, 0.06%, 9, 0, 9, 313.93
1734774932, 16, 29, 74, 40, 0, 0.06%, 9, 0, 9, 256.41
1734774983, 16, 30, 74, 39, 0, 0.06%, 9, 0, 9, 221.77
1734775044, 16, 30, 75, 40, 0, 0.06%, 9, 0, 9, 499.99
1734775431, 16, 38, 75, 39, 0, 0.06%, 9, 0, 9, 340.14
1734775552, 16, 46, 75, 38, 0, 0.06%, 9, 0, 9, 418.86
1734775567, 16, 48, 75, 38, 0, 0.06%, 9, 0, 9, 408.87
1734775582, 16, 49, 75, 38, 0, 0.06%, 9, 0, 9, 352.03
1734775598, 16, 52, 75, 38, 0, 0.06%, 9, 0, 9, 328.66
1734775618, 16, 53, 75, 38, 0, 0.06%, 9, 0, 9, 398.40
1734775649, 16, 54, 75, 37, 0, 0.06%, 9, 0, 9, 362.27
1734775664, 16, 58, 75, 37, 0, 0.06%, 9, 0, 9, 359.46
1734775684, 16, 62, 76, 38, 0, 0.06%, 9, 0, 9, 325.45
1734775715, 16, 64, 76, 38, 0, 0.06%, 9, 0, 9, 441.49
1734775735, 16, 65, 76, 38, 0, 0.06%, 9, 0, 9, 362.26
1734776137, 16, 66, 76, 38, 0, 0.06%, 9, 0, 9, 420.95
1734776367, 16, 67, 76, 37, 0, 0.06%, 9, 0, 9, 258.43
1734776577, 16, 70, 76, 36, 0, 0.06%, 9, 0, 9, 324.27
1734776730, 16, 72, 76, 35, 0, 0.06%, 9, 0, 9, 290.82
1734776959, 16, 73, 76, 34, 0, 0.06%, 9, 0, 9, 374.81
1734777081, 16, 75, 76, 33, 0, 0.06%, 9, 0, 9, 364.90
1734777214, 17, 11, 76, 32, 0, 0.06%, 9, 0, 9, 310.64
1734777224, 17, 12, 76, 32, 0, 0.06%, 9, 0, 9, 283.09
1734777239, 17, 14, 76, 32, 0, 0.06%, 9, 0, 9, 227.58
1734777265, 17, 15, 76, 32, 0, 0.06%, 9, 0, 9, 260.53
1734777285, 17, 16, 76, 32, 0, 0.06%, 9, 0, 9, 283.68
1734777331, 17, 17, 76, 31, 0, 0.06%, 9, 0, 9, 328.53
1734777403, 17, 18, 76, 30, 0, 0.06%, 9, 0, 9, 408.98
1734777449, 17, 19, 76, 29, 0, 0.06%, 9, 0, 9, 317.01
1734777500, 17, 20, 76, 28, 0, 0.06%, 9, 0, 9, 339.96
1734777535, 17, 21, 76, 27, 0, 0.06%, 9, 0, 9, 348.11
1734777556, 17, 22, 76, 27, 0, 0.06%, 9, 0, 9, 306.23
1734777576, 17, 23, 76, 27, 0, 0.06%, 9, 0, 9, 376.98
1734777591, 17, 24, 76, 27, 0, 0.06%, 9, 0, 9, 305.53
1734777632, 17, 27, 76, 26, 0, 0.06%, 9, 0, 9, 371.70
1734777652, 17, 29, 76, 26, 0, 0.06%, 9, 0, 9, 250.40
1734777673, 17, 30, 76, 26, 0, 0.06%, 9, 0, 9, 354.11
1734777698, 17, 31, 76, 26, 0, 0.06%, 9, 0, 9, 360.77
1734777734, 17, 32, 76, 25, 0, 0.06%, 9, 0, 9, 347.92
1734777846, 17, 33, 76, 24, 0, 0.06%, 9, 0, 9, 304.73
1734777871, 17, 33, 77, 25, 0, 0.06%, 9, 0, 9, 342.07
1734777881, 17, 34, 77, 24, 0, 0.06%, 9, 0, 9, 304.88
1734777942, 17, 35, 77, 23, 0, 0.06%, 9, 0, 9, 348.42
1734777988, 17, 36, 77, 22, 0, 0.06%, 9, 0, 9, 322.80
1734778222, 17, 38, 77, 21, 0, 0.06%, 9, 0, 9, 343.26
1734778242, 17, 39, 77, 21, 0, 0.06%, 9, 0, 9, 306.66
1734778511, 17, 46, 77, 20, 0, 0.06%, 9, 0, 9, 368.46
1734778532, 17, 47, 77, 20, 0, 0.06%, 9, 0, 9, 428.29
1734778547, 17, 48, 77, 20, 0, 0.06%, 9, 0, 9, 343.45
1734778552, 17, 49, 77, 20, 0, 0.06%, 9, 0, 9, 328.76
1734778572, 17, 50, 77, 20, 0, 0.06%, 9, 0, 9, 417.59
1734778588, 17, 51, 77, 20, 0, 0.06%, 9, 0, 9, 383.83
1734778603, 17, 52, 77, 20, 0, 0.06%, 9, 0, 9, 321.52
1734778623, 17, 53, 77, 20, 0, 0.06%, 9, 0, 9, 373.01
1734778643, 17, 54, 77, 20, 0, 0.06%, 9, 0, 9, 370.69
1734778719, 17, 55, 77, 20, 0, 0.06%, 9, 0, 9, 349.47
1734778755, 17, 56, 77, 19, 0, 0.06%, 9, 0, 9, 386.16
1734778811, 17, 57, 77, 18, 0, 0.06%, 9, 0, 9, 372.28
1734778841, 17, 58, 77, 17, 0, 0.06%, 9, 0, 9, 358.76
1734778866, 17, 59, 77, 17, 0, 0.06%, 9, 0, 9, 397.31
1734778983, 17, 60, 77, 16, 0, 0.06%, 9, 0, 9, 392.35
1734779084, 17, 61, 77, 15, 0, 0.06%, 9, 0, 9, 411.27
1734779186, 17, 62, 77, 14, 0, 0.06%, 9, 0, 9, 281.65
1734779426, 17, 63, 77, 14, 0, 0.06%, 9, 0, 9, 385.80
1734779507, 17, 64, 77, 14, 0, 0.06%, 9, 0, 9, 458.20
1734779533, 17, 65, 77, 14, 0, 0.06%, 9, 0, 9, 293.43
1734779945, 17, 66, 77, 14, 0, 0.06%, 9, 0, 9, 333.29
1734780171, 17, 67, 77, 14, 0, 0.06%, 9, 0, 9, 296.26
1734780365, 17, 68, 77, 14, 0, 0.06%, 9, 0, 9, 343.05
1734780441, 17, 69, 77, 13, 0, 0.06%, 9, 0, 9, 395.46
1734780533, 17, 70, 77, 12, 0, 0.06%, 9, 0, 9, 362.40
1734780661, 17, 71, 77, 12, 0, 0.06%, 9, 0, 9, 356.81
1734780717, 17, 71, 79, 14, 0, 0.06%, 9, 0, 10, 377.34
1734780768, 17, 72, 79, 13, 0, 0.06%, 9, 0, 10, 364.22
1734780793, 17, 73, 79, 13, 0, 0.06%, 9, 0, 10, 435.93
1734780900, 17, 74, 79, 13, 0, 0.06%, 9, 0, 10, 338.91
1734781007, 17, 75, 79, 12, 0, 0.06%, 9, 0, 10, 325.62
1734781129, 17, 76, 79, 12, 0, 0.06%, 9, 0, 10, 412.21
1734781134, 17, 76, 80, 13, 0, 0.06%, 9, 0, 10, 413.67
1734781246, 17, 77, 80, 12, 0, 0.06%, 9, 0, 10, 321.56
1734781357, 17, 78, 80, 11, 0, 0.06%, 9, 0, 10, 382.59
1734781464, 17, 79, 80, 10, 0, 0.06%, 9, 0, 10, 382.97
1734781586, 18, 11, 80, 9, 0, 0.06%, 9, 0, 10, 290.91
1734781591, 18, 12, 80, 9, 0, 0.06%, 9, 0, 10, 295.79
1734781606, 18, 14, 80, 9, 0, 0.06%, 9, 0, 10, 252.49
1734781616, 18, 15, 80, 9, 0, 0.06%, 9, 0, 10, 261.80
1734781626, 18, 16, 80, 9, 0, 0.06%, 9, 0, 10, 274.59
1734781646, 18, 17, 80, 9, 0, 0.06%, 9, 0, 10, 321.01
1734781667, 18, 18, 80, 9, 0, 0.06%, 9, 0, 10, 304.01
1734781682, 18, 19, 80, 9, 0, 0.06%, 9, 0, 10, 322.01
1734781707, 18, 20, 80, 9, 0, 0.06%, 9, 0, 10, 394.89
1734781723, 18, 21, 80, 9, 0, 0.06%, 9, 0, 10, 351.28
1734781733, 18, 22, 80, 9, 0, 0.06%, 9, 0, 10, 292.84
1734781743, 18, 23, 80, 9, 0, 0.06%, 9, 0, 10, 372.86
1734781758, 18, 24, 80, 9, 0, 0.06%, 9, 0, 10, 309.70
1734781779, 18, 27, 80, 9, 0, 0.06%, 9, 0, 10, 319.77
1734781799, 18, 29, 80, 9, 0, 0.06%, 9, 0, 10, 262.26
1734781819, 18, 30, 80, 9, 0, 0.06%, 9, 0, 10, 321.06
1734781845, 18, 31, 80, 9, 0, 0.06%, 9, 0, 10, 360.45
1734781865, 18, 32, 80, 9, 0, 0.06%, 9, 0, 10, 300.61
1734781886, 18, 33, 80, 9, 0, 0.06%, 9, 0, 10, 368.65
1734781901, 18, 34, 80, 9, 0, 0.06%, 9, 0, 10, 293.75
1734781921, 18, 35, 80, 9, 0, 0.06%, 9, 0, 10, 372.02
1734782033, 18, 36, 80, 9, 0, 0.06%, 9, 0, 10, 309.64
1734782252, 18, 38, 80, 9, 0, 0.06%, 9, 0, 10, 322.16
1734782272, 18, 39, 80, 9, 0, 0.06%, 9, 0, 10, 269.23
1734782292, 18, 42, 80, 9, 0, 0.06%, 9, 0, 10, 314.37
1734782333, 18, 43, 80, 8, 0, 0.06%, 9, 0, 10, 373.19
1734782404, 18, 44, 80, 7, 0, 0.06%, 9, 0, 10, 330.24
1734782450, 18, 45, 80, 6, 0, 0.06%, 9, 0, 10, 340.90
1734782571, 18, 46, 80, 5, 0, 0.06%, 9, 0, 10, 324.58
1734782576, 18, 47, 80, 5, 0, 0.06%, 9, 0, 10, 337.19
1734782591, 18, 48, 80, 5, 0, 0.06%, 9, 0, 10, 337.47
1734782597, 18, 49, 80, 5, 0, 0.06%, 9, 0, 10, 398.05
1734782607, 18, 50, 80, 5, 0, 0.06%, 9, 0, 10, 426.04
1734782622, 18, 51, 80, 5, 0, 0.06%, 9, 0, 10, 346.92
1734782642, 18, 52, 80, 5, 0, 0.06%, 9, 0, 10, 353.36
1734782647, 18, 53, 80, 5, 0, 0.06%, 9, 0, 10, 369.56
1734782668, 18, 54, 80, 5, 0, 0.06%, 9, 0, 10, 379.73
1734782673, 18, 55, 80, 5, 0, 0.06%, 9, 0, 10, 404.83
1734782693, 18, 56, 80, 5, 0, 0.06%, 9, 0, 10, 444.97
1734782708, 18, 57, 80, 5, 0, 0.06%, 9, 0, 10, 432.39
1734782729, 18, 58, 80, 5, 0, 0.06%, 9, 0, 10, 370.55
1734782739, 18, 59, 80, 5, 0, 0.06%, 9, 0, 10, 371.72
1734782830, 18, 60, 80, 5, 0, 0.06%, 9, 0, 10, 322.88
1734782917, 18, 61, 80, 5, 0, 0.06%, 9, 0, 10, 369.87
1734782998, 18, 62, 80, 5, 0, 0.06%, 9, 0, 10, 364.73
1734783244, 18, 63, 80, 5, 0, 0.06%, 9, 0, 10, 340.05
1734783269, 18, 64, 80, 5, 0, 0.06%, 9, 0, 10, 407.73
1734783295, 18, 65, 80, 5, 0, 0.06%, 9, 0, 10, 274.08
1734783315, 18, 66, 80, 5, 0, 0.06%, 9, 0, 10, 369.41
1734783551, 18, 67, 80, 5, 0, 0.06%, 9, 0, 10, 311.05
1734783751, 18, 68, 80, 5, 0, 0.06%, 9, 0, 10, 356.41
1734783761, 18, 68, 81, 6, 0, 0.07%, 10, 0, 10, 317.99
1734783776, 18, 80, 81, 6, 1, 0.07%, 10, 0, 10, 346.33
1734783853, 19, 80, 81, 5, 0, 0.07%, 10, 0, 10, 262.33
1734783889, 20, 80, 81, 5, 0, 0.07%, 10, 0, 10, 232.35
1734783919, 21, 80, 81, 5, 0, 0.07%, 10, 0, 10, 289.42
1734783955, 22, 80, 81, 5, 0, 0.07%, 10, 0, 10, 260.73
1734783970, 23, 80, 81, 5, 0, 0.07%, 10, 0, 10, 275.30
1734783985, 24, 80, 81, 5, 0, 0.07%, 10, 0, 10, 301.81
1734783996, 25, 80, 81, 5, 0, 0.07%, 10, 0, 10, 263.42
1734784001, 26, 80, 81, 5, 0, 0.07%, 10, 0, 10, 279.52
1734784011, 27, 80, 81, 5, 0, 0.07%, 10, 0, 10, 253.96
1734784021, 28, 80, 81, 5, 0, 0.07%, 10, 0, 10, 250.43
1734784026, 29, 80, 81, 5, 0, 0.07%, 10, 0, 10, 275.16
1734784036, 30, 80, 81, 5, 0, 0.07%, 10, 0, 10, 261.04
1734784041, 31, 80, 81, 5, 0, 0.07%, 10, 0, 10, 314.96
1734784051, 32, 80, 81, 5, 0, 0.07%, 10, 0, 10, 275.54
1734784062, 33, 80, 81, 5, 0, 0.07%, 10, 0, 10, 253.19
1734784067, 34, 80, 81, 5, 0, 0.07%, 10, 0, 10, 266.70
1734784077, 35, 80, 81, 5, 0, 0.07%, 10, 0, 10, 249.56
1734784087, 36, 80, 81, 5, 0, 0.07%, 10, 0, 10, 255.42
1734784092, 37, 80, 81, 5, 0, 0.07%, 10, 0, 10, 268.68
1734784102, 38, 80, 81, 5, 0, 0.07%, 10, 0, 10, 255.75
1734784113, 39, 80, 81, 5, 0, 0.07%, 10, 0, 10, 271.48
1734784118, 40, 80, 81, 5, 0, 0.07%, 10, 0, 10, 276.33
1734784128, 41, 80, 81, 5, 0, 0.07%, 10, 0, 10, 246.75
1734784133, 42, 80, 81, 5, 0, 0.07%, 10, 0, 10, 290.81
1734784143, 43, 80, 81, 5, 0, 0.07%, 10, 0, 10, 255.39
1734784153, 44, 80, 81, 5, 0, 0.07%, 10, 0, 10, 249.16
1734784158, 45, 80, 81, 5, 0, 0.07%, 10, 0, 10, 293.69
1734784168, 46, 80, 81, 5, 0, 0.07%, 10, 0, 10, 253.76
1734784178, 47, 80, 81, 5, 0, 0.07%, 10, 0, 10, 254.37
1734784184, 48, 80, 81, 5, 0, 0.07%, 10, 0, 10, 266.42
1734784194, 49, 80, 81, 5, 0, 0.07%, 10, 0, 10, 254.59
1734784199, 50, 80, 81, 5, 0, 0.07%, 10, 0, 10, 286.77
1734784209, 51, 80, 81, 5, 0, 0.07%, 10, 0, 10, 263.03
1734784219, 52, 80, 81, 5, 0, 0.07%, 10, 0, 10, 247.11
1734784224, 53, 80, 81, 5, 0, 0.07%, 10, 0, 10, 270.24
1734784234, 54, 80, 81, 5, 0, 0.07%, 10, 0, 10, 268.66
1734784244, 55, 80, 81, 5, 0, 0.07%, 10, 0, 10, 254.37
1734784249, 56, 80, 81, 5, 0, 0.07%, 10, 0, 10, 279.06
1734784259, 57, 80, 81, 5, 0, 0.07%, 10, 0, 10, 251.11
1734784269, 58, 80, 81, 5, 0, 0.07%, 10, 0, 10, 271.81
1734784274, 59, 80, 81, 5, 0, 0.07%, 10, 0, 10, 277.50
1734784285, 60, 80, 81, 5, 0, 0.07%, 10, 0, 10, 254.84
1734784295, 61, 80, 81, 5, 0, 0.07%, 10, 0, 10, 266.13
1734784300, 62, 80, 81, 5, 0, 0.07%, 10, 0, 10, 264.13
1734784310, 63, 80, 81, 5, 0, 0.07%, 10, 0, 10, 249.02
1734784320, 64, 80, 81, 5, 0, 0.07%, 10, 0, 10, 244.50
1734784325, 65, 80, 81, 5, 0, 0.07%, 10, 0, 10, 278.87
1734784336, 66, 80, 81, 5, 0, 0.07%, 10, 0, 10, 247.63
1734784346, 67, 80, 81, 5, 0, 0.07%, 10, 0, 10, 261.31
1734784351, 68, 80, 81, 5, 0, 0.07%, 10, 0, 10, 260.30
1734784361, 69, 80, 81, 5, 0, 0.07%, 10, 0, 10, 257.65
1734784366, 70, 80, 81, 5, 0, 0.07%, 10, 0, 10, 301.38
1734784376, 71, 80, 81, 5, 0, 0.07%, 10, 0, 10, 262.92
1734784386, 72, 80, 81, 5, 0, 0.07%, 10, 0, 10, 253.26
1734784391, 73, 80, 81, 5, 0, 0.07%, 10, 0, 10, 293.08
1734784401, 74, 80, 81, 5, 0, 0.07%, 10, 0, 10, 251.17
1734784411, 75, 80, 81, 5, 0, 0.07%, 10, 0, 10, 265.17
1734784416, 76, 80, 81, 5, 0, 0.07%, 10, 0, 10, 275.99
1734784427, 77, 80, 81, 5, 0, 0.07%, 10, 0, 10, 261.66
1734784432, 78, 80, 81, 5, 0, 0.07%, 10, 0, 10, 280.80
1734784442, 79, 80, 81, 5, 0, 0.07%, 10, 0, 10, 265.66
1734784452, 80, 80, 81, 5, 0, 0.07%, 10, 0, 10, 248.19
1734784457, 81, 80, 81, 5, 0, 0.07%, 10, 0, 10, 279.91
1734784467, 82, 80, 81, 5, 0, 0.07%, 10, 0, 10, 250.34
1734784477, 83, 80, 81, 5, 0, 0.07%, 10, 0, 10, 271.01
1734784482, 84, 80, 81, 5, 0, 0.07%, 10, 0, 10, 279.81
1734784492, 85, 80, 81, 5, 0, 0.07%, 10, 0, 10, 250.09
1734784502, 86, 80, 81, 5, 0, 0.07%, 10, 0, 10, 263.09
1734784507, 87, 80, 81, 5, 0, 0.07%, 10, 0, 10, 280.85
1734784518, 88, 80, 81, 5, 0, 0.07%, 10, 0, 10, 255.95
1734784523, 89, 80, 81, 5, 0, 0.07%, 10, 0, 10, 288.47
1734784533, 90, 80, 81, 5, 0, 0.07%, 10, 0, 10, 270.03
1734784543, 91, 80, 81, 5, 0, 0.07%, 10, 0, 10, 244.26
1734784548, 92, 80, 81, 5, 0, 0.07%, 10, 0, 10, 279.91
1734784558, 93, 80, 81, 5, 0, 0.07%, 10, 0, 10, 260.15
1734784568, 94, 80, 81, 5, 0, 0.07%, 10, 0, 10, 253.77
1734784573, 95, 80, 81, 5, 0, 0.07%, 10, 0, 10, 270.56
1734784584, 96, 80, 81, 5, 0, 0.07%, 10, 0, 10, 255.22
1734784594, 97, 80, 81, 5, 0, 0.07%, 10, 0, 10, 254.14
1734784599, 98, 80, 81, 5, 0, 0.07%, 10, 0, 10, 274.02
1734784609, 99, 80, 81, 5, 0, 0.07%, 10, 0, 10, 251.90
1734784619, 100, 80, 81, 5, 0, 0.07%, 10, 0, 10, 258.80
1734784624, 101, 80, 81, 5, 0, 0.07%, 10, 0, 10, 269.87
1734784634, 102, 80, 81, 5, 0, 0.07%, 10, 0, 10, 251.80
1734784639, 103, 80, 81, 5, 0, 0.07%, 10, 0, 10, 280.89
1734784649, 104, 80, 81, 5, 0, 0.07%, 10, 0, 10, 267.97
1734784660, 105, 80, 81, 5, 0, 0.07%, 10, 0, 10, 292.34
1734784665, 106, 80, 81, 5, 0, 0.07%, 10, 0, 10, 262.12
1734784675, 107, 80, 81, 5, 0, 0.07%, 10, 0, 10, 248.77
1734784680, 108, 80, 81, 5, 0, 0.07%, 10, 0, 10, 285.36
1734784690, 109, 80, 81, 5, 0, 0.07%, 10, 0, 10, 261.53
1734784700, 110, 80, 81, 5, 0, 0.07%, 10, 0, 10, 246.00
1734784705, 111, 80, 81, 5, 0, 0.07%, 10, 0, 10, 266.09
1734784716, 112, 80, 81, 5, 0, 0.07%, 10, 0, 10, 247.26
1734784726, 113, 80, 81, 5, 0, 0.07%, 10, 0, 10, 254.95
1734784731, 114, 80, 81, 5, 0, 0.07%, 10, 0, 10, 268.16
1734784741, 115, 80, 81, 5, 0, 0.07%, 10, 0, 10, 256.50
1734784751, 116, 80, 81, 5, 0, 0.07%, 10, 0, 10, 255.26
1734784756, 117, 80, 81, 5, 0, 0.07%, 10, 0, 10, 261.70
1734784766, 118, 80, 81, 5, 0, 0.07%, 10, 0, 10, 257.92
1734784777, 119, 80, 81, 5, 0, 0.07%, 10, 0, 10, 264.79
1734784782, 120, 80, 81, 5, 0, 0.07%, 10, 0, 10, 267.76
1734784792, 121, 80, 81, 5, 0, 0.07%, 10, 0, 10, 271.86
1734784797, 122, 80, 81, 5, 0, 0.07%, 10, 0, 10, 292.23
1734784807, 123, 80, 81, 5, 0, 0.07%, 10, 0, 10, 260.68
1734784817, 124, 80, 81, 5, 0, 0.07%, 10, 0, 10, 252.72
1734784822, 125, 80, 81, 5, 0, 0.07%, 10, 0, 10, 261.36
1734784832, 126, 80, 81, 5, 0, 0.07%, 10, 0, 10, 257.20
1734784842, 127, 80, 81, 5, 0, 0.07%, 10, 0, 10, 255.28
1734784848, 128, 80, 81, 5, 0, 0.07%, 10, 0, 10, 285.74
1734784858, 129, 80, 81, 5, 0, 0.07%, 10, 0, 10, 263.51
1734784868, 130, 80, 81, 5, 0, 0.07%, 10, 0, 10, 254.48
1734784873, 131, 80, 81, 5, 0, 0.07%, 10, 0, 10, 284.44
1734784883, 132, 80, 81, 5, 0, 0.07%, 10, 0, 10, 243.91
1734784893, 133, 80, 81, 5, 0, 0.07%, 10, 0, 10, 285.06
1734784898, 134, 80, 81, 5, 0, 0.07%, 10, 0, 10, 274.64
1734784908, 135, 80, 81, 5, 0, 0.07%, 10, 0, 10, 253.98
1734784913, 136, 80, 81, 5, 0, 0.07%, 10, 0, 10, 295.87
1734784924, 137, 80, 81, 5, 0, 0.07%, 10, 0, 10, 263.28
1734784934, 138, 80, 81, 5, 0, 0.07%, 10, 0, 10, 267.98
1734784939, 139, 80, 81, 5, 0, 0.07%, 10, 0, 10, 268.78
1734784949, 140, 80, 81, 5, 0, 0.07%, 10, 0, 10, 258.21
1734784959, 141, 80, 81, 5, 0, 0.07%, 10, 0, 10, 264.92
1734784964, 142, 80, 81, 5, 0, 0.07%, 10, 0, 10, 278.22
1734784974, 143, 80, 81, 5, 0, 0.07%, 10, 0, 10, 262.83
1734784984, 144, 80, 81, 5, 0, 0.07%, 10, 0, 10, 254.04
1734784989, 145, 80, 81, 5, 0, 0.07%, 10, 0, 10, 271.42
1734784999, 146, 80, 81, 5, 0, 0.07%, 10, 0, 10, 253.75
1734785009, 147, 80, 81, 5, 0, 0.07%, 10, 0, 10, 245.53
1734785014, 148, 80, 81, 5, 0, 0.07%, 10, 0, 10, 268.46
1734785025, 149, 80, 81, 5, 0, 0.07%, 10, 0, 10, 260.12
1734785035, 150, 80, 81, 5, 0, 0.07%, 10, 0, 10, 248.59
1734785040, 151, 80, 81, 5, 0, 0.07%, 10, 0, 10, 292.53
1734785050, 152, 80, 81, 5, 0, 0.07%, 10, 0, 10, 257.57
1734785060, 153, 80, 81, 5, 0, 0.07%, 10, 0, 10, 237.05
1734785065, 154, 80, 81, 5, 0, 0.07%, 10, 0, 10, 291.45
1734785075, 155, 80, 81, 5, 0, 0.07%, 10, 0, 10, 255.94
1734785085, 156, 80, 81, 5, 0, 0.07%, 10, 0, 10, 270.53
1734785090, 157, 15, 81, 5, 0, 0.07%, 10, 0, 10, 265.09
1734785095, 157, 23, 81, 5, 0, 0.07%, 10, 0, 10, 264.12
1734785105, 157, 24, 81, 5, 0, 0.07%, 10, 0, 10, 326.63
1734785126, 157, 38, 81, 5, 0, 0.07%, 10, 0, 10, 314.78
1734785136, 157, 39, 81, 5, 0, 0.07%, 10, 0, 10, 290.19
1734785156, 157, 42, 81, 5, 0, 0.07%, 10, 0, 10, 339.59
1734785176, 157, 43, 81, 5, 0, 0.07%, 10, 0, 10, 376.51
1734785197, 157, 44, 81, 5, 0, 0.07%, 10, 0, 10, 402.30
1734785212, 157, 45, 81, 5, 0, 0.07%, 10, 0, 10, 318.07
1734785232, 157, 46, 81, 5, 0, 0.07%, 10, 0, 10, 344.73
1734785237, 157, 52, 81, 5, 0, 0.07%, 10, 0, 10, 358.91
1734785242, 157, 53, 81, 5, 0, 0.07%, 10, 0, 10, 361.82
1734785252, 157, 58, 81, 5, 0, 0.07%, 10, 0, 10, 388.79
1734785263, 157, 62, 81, 5, 0, 0.07%, 10, 0, 10, 303.20
1734785278, 157, 64, 81, 5, 0, 0.07%, 10, 0, 10, 378.10
1734785293, 157, 65, 81, 5, 0, 0.07%, 10, 0, 10, 296.84
1734785313, 157, 66, 81, 5, 0, 0.07%, 10, 0, 10, 317.48
1734785328, 157, 67, 81, 5, 0, 0.07%, 10, 0, 10, 304.93
1734785344, 157, 70, 81, 5, 0, 0.07%, 10, 0, 10, 319.38
1734785369, 157, 71, 81, 5, 0, 0.07%, 10, 0, 10, 315.26
1734785461, 157, 73, 81, 5, 0, 0.07%, 10, 0, 10, 312.53
1734785481, 157, 75, 81, 5, 0, 0.07%, 10, 0, 10, 327.15
1734785511, 157, 76, 81, 5, 0, 0.07%, 10, 0, 10, 363.99
1734785526, 157, 77, 81, 5, 0, 0.07%, 10, 0, 10, 326.39
1734785618, 157, 78, 81, 5, 0, 0.07%, 10, 0, 10, 333.47
1734785709, 157, 80, 81, 5, 0, 0.07%, 10, 0, 10, 252.82
1734785715, 158, 46, 81, 5, 0, 0.07%, 10, 0, 10, 326.98
1734785720, 158, 52, 81, 5, 0, 0.07%, 10, 0, 10, 349.00
1734785730, 158, 53, 81, 5, 0, 0.07%, 10, 0, 10, 379.54
1734785740, 158, 58, 81, 5, 0, 0.07%, 10, 0, 10, 347.11
1734785745, 158, 62, 81, 5, 0, 0.07%, 10, 0, 10, 378.24
1734785765, 158, 80, 81, 5, 0, 0.07%, 10, 0, 10, 264.34
1734785770, 159, 80, 81, 5, 0, 0.07%, 10, 0, 10, 300.47
1734785781, 160, 80, 81, 5, 0, 0.07%, 10, 0, 10, 258.77
1734785791, 161, 80, 81, 5, 0, 0.07%, 10, 0, 10, 263.09
1734785796, 162, 80, 81, 5, 0, 0.07%, 10, 0, 10, 267.25
1734785806, 163, 80, 81, 5, 0, 0.07%, 10, 0, 10, 248.00
1734785811, 164, 80, 81, 5, 0, 0.07%, 10, 0, 10, 287.15
1734785822, 165, 80, 81, 5, 0, 0.07%, 10, 0, 10, 263.12
1734785832, 166, 80, 81, 5, 0, 0.07%, 10, 0, 10, 260.57
1734785837, 167, 80, 81, 5, 0, 0.07%, 10, 0, 10, 282.55
1734785847, 168, 80, 81, 5, 0, 0.07%, 10, 0, 10, 264.22
1734785852, 169, 80, 81, 5, 0, 0.07%, 10, 0, 10, 301.23
1734785862, 170, 80, 81, 5, 0, 0.07%, 10, 0, 10, 254.88
1734785872, 171, 80, 81, 5, 0, 0.07%, 10, 0, 10, 265.26
1734785878, 172, 80, 81, 5, 0, 0.07%, 10, 0, 10, 278.49
1734785888, 173, 80, 81, 5, 0, 0.07%, 10, 0, 10, 242.51
1734785898, 174, 80, 81, 5, 0, 0.07%, 10, 0, 10, 248.86
1734785903, 175, 80, 81, 5, 0, 0.07%, 10, 0, 10, 283.89
1734785913, 176, 80, 81, 5, 0, 0.07%, 10, 0, 10, 252.80
1734785923, 177, 80, 81, 5, 0, 0.07%, 10, 0, 10, 262.31
1734785928, 178, 80, 81, 5, 0, 0.07%, 10, 0, 10, 272.41
1734785938, 179, 80, 81, 5, 0, 0.07%, 10, 0, 10, 256.85
1734785944, 180, 80, 81, 5, 0, 0.07%, 10, 0, 10, 303.80
1734785954, 181, 80, 81, 5, 0, 0.07%, 10, 0, 10, 264.74
1734785964, 182, 80, 81, 5, 0, 0.07%, 10, 0, 10, 274.38
1734785969, 183, 80, 81, 5, 0, 0.07%, 10, 0, 10, 272.52
1734785979, 184, 80, 81, 5, 0, 0.07%, 10, 0, 10, 251.56
1734785984, 185, 80, 81, 5, 0, 0.07%, 10, 0, 10, 296.89
1734785994, 186, 80, 81, 5, 0, 0.07%, 10, 0, 10, 267.15
1734786004, 187, 80, 81, 5, 0, 0.07%, 10, 0, 10, 274.81
1734786009, 188, 80, 81, 5, 0, 0.07%, 10, 0, 10, 274.03
1734786019, 189, 80, 81, 5, 0, 0.07%, 10, 0, 10, 251.79
1734786025, 190, 80, 81, 5, 0, 0.07%, 10, 0, 10, 288.70
1734786035, 191, 80, 81, 5, 0, 0.07%, 10, 0, 10, 267.19
1734786045, 192, 80, 81, 5, 0, 0.07%, 10, 0, 10, 244.73
1734786050, 193, 80, 81, 5, 0, 0.07%, 10, 0, 10, 286.46
1734786060, 194, 80, 81, 5, 0, 0.07%, 10, 0, 10, 266.11
1734786070, 195, 80, 81, 5, 0, 0.07%, 10, 0, 10, 279.94
1734786075, 196, 80, 81, 5, 0, 0.07%, 10, 0, 10, 269.66
1734786085, 197, 80, 81, 5, 0, 0.07%, 10, 0, 10, 244.76
1734786090, 198, 80, 81, 5, 0, 0.07%, 10, 0, 10, 283.79
1734786101, 199, 80, 81, 5, 0, 0.07%, 10, 0, 10, 252.00
1734786111, 200, 80, 81, 5, 0, 0.07%, 10, 0, 10, 271.06
1734786116, 201, 80, 81, 5, 0, 0.07%, 10, 0, 10, 276.42
1734786126, 202, 80, 81, 5, 0, 0.07%, 10, 0, 10, 256.47
1734786131, 203, 80, 81, 5, 0, 0.07%, 10, 0, 10, 301.64
1734786141, 204, 80, 81, 5, 0, 0.07%, 10, 0, 10, 273.46
1734786151, 205, 80, 81, 5, 0, 0.07%, 10, 0, 10, 242.78
1734786156, 206, 80, 81, 5, 0, 0.07%, 10, 0, 10, 274.56
1734786166, 207, 80, 81, 5, 0, 0.07%, 10, 0, 10, 267.27
1734786176, 208, 80, 81, 5, 0, 0.07%, 10, 0, 10, 269.86
1734786181, 209, 80, 81, 5, 0, 0.07%, 10, 0, 10, 280.00
1734786191, 210, 80, 81, 5, 0, 0.07%, 10, 0, 10, 255.70
1734786201, 211, 80, 81, 5, 0, 0.07%, 10, 0, 10, 250.66
1734786206, 212, 80, 81, 5, 0, 0.07%, 10, 0, 10, 281.26
1734786217, 213, 80, 81, 5, 0, 0.07%, 10, 0, 10, 259.40
1734786227, 214, 80, 81, 5, 0, 0.07%, 10, 0, 10, 243.49
1734786232, 215, 80, 81, 5, 0, 0.07%, 10, 0, 10, 283.45
1734786242, 216, 80, 81, 5, 0, 0.07%, 10, 0, 10, 248.44
1734786252, 217, 80, 81, 5, 0, 0.07%, 10, 0, 10, 268.11
1734786257, 218, 80, 81, 5, 0, 0.07%, 10, 0, 10, 270.84
1734786267, 219, 80, 81, 5, 0, 0.07%, 10, 0, 10, 251.65
1734786277, 220, 80, 81, 5, 0, 0.07%, 10, 0, 10, 292.86
1734786283, 221, 80, 81, 5, 0, 0.07%, 10, 0, 10, 262.37
1734786293, 222, 80, 81, 5, 0, 0.07%, 10, 0, 10, 251.80
1734786298, 223, 80, 81, 5, 0, 0.07%, 10, 0, 10, 279.92
1734786308, 224, 80, 81, 5, 0, 0.07%, 10, 0, 10, 262.60
1734786318, 225, 80, 81, 5, 0, 0.07%, 10, 0, 10, 279.01
1734786323, 226, 80, 81, 5, 0, 0.07%, 10, 0, 10, 267.14
1734786334, 227, 80, 81, 5, 0, 0.07%, 10, 0, 10, 257.58
1734786339, 228, 80, 81, 5, 0, 0.07%, 10, 0, 10, 283.89
1734786349, 229, 80, 81, 5, 0, 0.07%, 10, 0, 10, 255.07
1734786359, 230, 80, 81, 5, 0, 0.07%, 10, 0, 10, 263.03
1734786364, 231, 80, 81, 5, 0, 0.07%, 10, 0, 10, 271.90
1734786374, 232, 80, 81, 5, 0, 0.07%, 10, 0, 10, 253.41
1734786379, 233, 80, 81, 5, 0, 0.07%, 10, 0, 10, 290.01
1734786384, 233, 80, 82, 6, 0, 0.08%, 11, 0, 11, 260.67
1734786395, 233, 81, 82, 6, 1, 0.08%, 11, 0, 11, 399.20
1734786410, 233, 81, 83, 7, 1, 0.08%, 11, 0, 12, 448.52
1734786415, 233, 81, 84, 8, 1, 0.08%, 11, 0, 12, 444.11
1734786466, 233, 82, 84, 7, 0, 0.08%, 11, 0, 12, 349.56
1734786512, 233, 83, 84, 6, 0, 0.08%, 11, 0, 12, 391.12
1734786563, 234, 81, 84, 5, 0, 0.08%, 11, 0, 12, 409.39
1734786588, 234, 82, 84, 5, 0, 0.08%, 11, 0, 12, 420.71
1734786613, 234, 83, 84, 5, 0, 0.08%, 11, 0, 12, 379.35
1734786639, 235, 81, 84, 5, 0, 0.08%, 11, 0, 12, 389.55
1734786664, 235, 82, 84, 5, 0, 0.08%, 11, 0, 12, 383.17
1734786689, 235, 83, 84, 5, 0, 0.08%, 11, 0, 12, 394.71
1734786715, 236, 81, 84, 5, 0, 0.08%, 11, 0, 12, 393.68
1734786740, 236, 82, 84, 5, 0, 0.08%, 11, 0, 12, 438.13
1734786766, 236, 83, 84, 5, 0, 0.08%, 11, 0, 12, 423.12
1734786771, 236, 83, 85, 6, 0, 0.08%, 11, 0, 13, 473.30
1734786796, 236, 84, 85, 6, 0, 0.08%, 11, 0, 13, 444.63
1734786857, 237, 81, 85, 5, 0, 0.08%, 11, 0, 13, 402.73
1734786882, 237, 82, 85, 5, 0, 0.08%, 11, 0, 13, 430.22
1734786908, 237, 83, 85, 5, 0, 0.08%, 11, 0, 13, 447.57
1734786928, 237, 84, 85, 5, 0, 0.08%, 11, 0, 13, 361.31
1734786954, 238, 81, 85, 5, 0, 0.08%, 11, 0, 13, 428.21
1734786979, 238, 82, 85, 5, 0, 0.08%, 11, 0, 13, 421.02
1734787004, 238, 83, 85, 5, 0, 0.08%, 11, 0, 13, 439.92
1734787030, 238, 84, 86, 6, 0, 0.08%, 12, 0, 14, 441.40
1734787040, 238, 84, 87, 7, 0, 0.08%, 12, 0, 14, 360.97
1734787056, 238, 85, 87, 7, 1, 0.08%, 12, 0, 14, 454.93
1734787111, 239, 85, 87, 6, 0, 0.08%, 12, 0, 14, 380.36
1734787147, 240, 85, 87, 6, 0, 0.08%, 12, 0, 14, 463.21
1734787177, 241, 85, 87, 6, 0, 0.08%, 12, 0, 14, 457.76
1734787208, 242, 85, 87, 6, 0, 0.08%, 12, 0, 14, 286.81
1734787244, 243, 85, 87, 6, 0, 0.08%, 12, 0, 14, 402.29
1734787249, 243, 85, 88, 7, 0, 0.08%, 13, 0, 15, 480.42
1734787284, 243, 87, 89, 8, 1, 0.08%, 13, 0, 16, 315.49
1734787294, 243, 87, 92, 11, 1, 0.08%, 13, 0, 16, 385.30
1734787304, 243, 87, 93, 12, 1, 0.08%, 13, 0, 16, 454.38
1734787325, 243, 87, 94, 13, 1, 0.08%, 13, 0, 16, 463.91
1734787355, 243, 87, 95, 14, 1, 0.09%, 14, 0, 16, 459.50
1734787386, 243, 94, 95, 13, 1, 0.09%, 14, 0, 16, 368.20
1734787468, 243, 94, 97, 15, 1, 0.09%, 15, 0, 17, 148.14
1734787591, 243, 94, 101, 19, 1, 0.09%, 19, 0, 17, 148.12
1734787607, 243, 94, 105, 23, 1, 0.09%, 19, 0, 17, 299.62
1734787612, 243, 94, 106, 24, 1, 0.09%, 19, 0, 17, 317.28
1734787632, 243, 94, 107, 25, 1, 0.09%, 19, 0, 17, 309.07
1734787728, 243, 97, 107, 24, 6, 0.09%, 19, 0, 17, 288.47
1734787943, 243, 97, 108, 25, 6, 0.09%, 19, 0, 18, 283.95
1734787948, 243, 97, 110, 27, 6, 0.09%, 19, 0, 18, 298.76
1734788004, 243, 97, 111, 28, 6, 0.09%, 19, 0, 18, 315.00
1734788034, 243, 97, 112, 29, 6, 0.09%, 19, 0, 18, 309.30
1734788075, 243, 99, 112, 28, 5, 0.09%, 19, 0, 18, 245.61
1734788291, 243, 99, 114, 30, 5, 0.09%, 19, 0, 18, 301.52
1734788326, 243, 99, 115, 31, 5, 0.09%, 19, 0, 18, 311.89
1734788377, 243, 99, 116, 32, 5, 0.09%, 19, 0, 18, 310.69
1734788412, 243, 100, 116, 31, 4, 0.09%, 19, 0, 18, 336.18
1734788628, 243, 100, 117, 32, 4, 0.09%, 19, 0, 18, 287.22
1734788633, 243, 100, 118, 33, 4, 0.09%, 19, 0, 18, 306.76
1734788643, 243, 100, 119, 34, 4, 0.09%, 19, 0, 18, 323.44
1734788754, 244, 96, 119, 33, 3, 0.09%, 19, 0, 18, 241.74
1734788970, 244, 96, 120, 34, 3, 0.09%, 19, 0, 18, 285.23
1734788975, 244, 96, 121, 35, 3, 0.09%, 19, 0, 18, 306.18
1734789000, 244, 96, 122, 36, 3, 0.09%, 19, 0, 18, 311.87
1734789096, 244, 98, 122, 35, 2, 0.09%, 19, 0, 18, 264.09
1734789312, 244, 98, 125, 38, 2, 0.09%, 19, 0, 18, 282.04
1734789438, 244, 99, 125, 37, 2, 0.09%, 19, 0, 18, 232.91
1734789495, 244, 100, 125, 37, 2, 0.09%, 19, 0, 18, 213.59
1734789556, 244, 101, 125, 37, 2, 0.09%, 19, 0, 18, 267.85
