# unix_time, cycles_done, cur_path, paths_total, pending_total, pending_favs, map_size, unique_crashes, unique_hangs, max_depth, execs_per_sec
1734279730, 0, 0, 10, 10, 1, 0.00%, 0, 0, 1, 172.79
1734279735, 0, 3, 10, 10, 1, 0.00%, 0, 0, 1, 202.41
1734279740, 0, 4, 10, 9, 0, 0.00%, 0, 0, 1, 207.16
1734279745, 0, 5, 10, 8, 0, 0.00%, 0, 0, 1, 202.85
1734279755, 0, 6, 10, 7, 0, 0.00%, 0, 0, 1, 207.04
1734279760, 0, 7, 10, 6, 0, 0.00%, 0, 0, 1, 197.12
1734279771, 0, 8, 10, 5, 0, 0.00%, 0, 0, 1, 209.60
1734279776, 0, 9, 10, 4, 0, 0.00%, 0, 0, 1, 197.54
1734279786, 1, 0, 10, 3, 0, 0.00%, 0, 0, 1, 209.38
1734279796, 1, 1, 10, 2, 0, 0.00%, 0, 0, 1, 206.70
1734279801, 1, 2, 10, 1, 0, 0.00%, 0, 0, 1, 208.32
1734279812, 1, 3, 10, 0, 0, 0.00%, 0, 0, 1, 201.57
1734279822, 1, 4, 10, 0, 0, 0.00%, 0, 0, 1, 206.09
1734279827, 1, 5, 10, 0, 0, 0.00%, 0, 0, 1, 209.70
1734279832, 1, 7, 10, 0, 0, 0.00%, 0, 0, 1, 204.79
1734279837, 1, 8, 10, 0, 0, 0.00%, 0, 0, 1, 206.21
1734279842, 1, 9, 10, 0, 0, 0.00%, 0, 0, 1, 208.30
1734279847, 2, 1, 10, 0, 0, 0.00%, 0, 0, 1, 207.27
1734279852, 2, 2, 10, 0, 0, 0.00%, 0, 0, 1, 206.80
1734279857, 2, 4, 10, 0, 0, 0.00%, 0, 0, 1, 205.81
1734279862, 2, 5, 10, 0, 0, 0.00%, 0, 0, 1, 207.02
1734279868, 2, 6, 10, 0, 0, 0.00%, 0, 0, 1, 209.18
1734279873, 2, 8, 10, 0, 0, 0.00%, 0, 0, 1, 205.07
1734279878, 2, 9, 10, 0, 0, 0.00%, 0, 0, 1, 211.60
1734279883, 3, 1, 10, 0, 0, 0.00%, 0, 0, 1, 206.07
1734279888, 3, 2, 10, 0, 0, 0.00%, 0, 0, 1, 208.38
1734279893, 3, 4, 10, 0, 0, 0.00%, 0, 0, 1, 212.20
1734279898, 3, 5, 10, 0, 0, 0.00%, 0, 0, 1, 209.20
1734279903, 3, 6, 10, 0, 0, 0.00%, 0, 0, 1, 211.71
1734279908, 3, 8, 10, 0, 0, 0.00%, 0, 0, 1, 213.82
1734279913, 3, 9, 10, 0, 0, 0.00%, 0, 0, 1, 209.18
1734279918, 4, 1, 10, 0, 0, 0.00%, 0, 0, 1, 213.01
1734279923, 4, 2, 10, 0, 0, 0.00%, 0, 0, 1, 209.59
1734279929, 4, 3, 10, 0, 0, 0.00%, 0, 0, 1, 209.55
1734279934, 4, 5, 10, 0, 0, 0.00%, 0, 0, 1, 209.66
1734279939, 4, 6, 10, 0, 0, 0.00%, 0, 0, 1, 208.47
1734279944, 4, 8, 10, 0, 0, 0.00%, 0, 0, 1, 204.48
1734279949, 4, 9, 10, 0, 0, 0.00%, 0, 0, 1, 205.31
1734279954, 5, 0, 10, 0, 0, 0.00%, 0, 0, 1, 205.07
1734279959, 5, 2, 10, 0, 0, 0.00%, 0, 0, 1, 209.78
1734279964, 5, 3, 10, 0, 0, 0.00%, 0, 0, 1, 208.93
1734279969, 5, 5, 10, 0, 0, 0.00%, 0, 0, 1, 207.18
1734279974, 5, 6, 10, 0, 0, 0.00%, 0, 0, 1, 208.76
1734279979, 5, 7, 10, 0, 0, 0.00%, 0, 0, 1, 212.11
1734279984, 5, 9, 10, 0, 0, 0.00%, 0, 0, 1, 207.36
1734279989, 6, 0, 10, 0, 0, 0.00%, 0, 0, 1, 203.81
1734279994, 6, 2, 10, 0, 0, 0.00%, 0, 0, 1, 206.49
1734279999, 6, 3, 10, 0, 0, 0.00%, 0, 0, 1, 203.94
1734280004, 6, 4, 10, 0, 0, 0.00%, 0, 0, 1, 208.59
1734280009, 6, 6, 10, 0, 0, 0.00%, 0, 0, 1, 210.61
1734280014, 6, 7, 10, 0, 0, 0.00%, 0, 0, 1, 207.05
1734280019, 6, 9, 10, 0, 0, 0.00%, 0, 0, 1, 207.76
1734280024, 7, 0, 10, 0, 0, 0.00%, 0, 0, 1, 206.71
1734280030, 7, 1, 10, 0, 0, 0.00%, 0, 0, 1, 203.64
1734280035, 7, 3, 10, 0, 0, 0.00%, 0, 0, 1, 203.60
1734280040, 7, 4, 10, 0, 0, 0.00%, 0, 0, 1, 205.71
1734280045, 7, 6, 10, 0, 0, 0.00%, 0, 0, 1, 205.89
1734280050, 7, 7, 10, 0, 0, 0.00%, 0, 0, 1, 208.65
1734280055, 7, 8, 10, 0, 0, 0.00%, 0, 0, 1, 206.08
1734280060, 8, 0, 10, 0, 0, 0.00%, 0, 0, 1, 206.57
1734280065, 8, 1, 10, 0, 0, 0.00%, 0, 0, 1, 210.25
1734280070, 8, 3, 10, 0, 0, 0.00%, 0, 0, 1, 206.36
1734280075, 8, 4, 10, 0, 0, 0.00%, 0, 0, 1, 210.91
1734280080, 8, 5, 11, 1, 0, 0.05%, 1, 0, 2, 209.29
1734280085, 8, 10, 11, 1, 1, 0.05%, 1, 0, 2, 252.88
1734280101, 8, 10, 12, 2, 1, 0.05%, 2, 0, 3, 274.75
1734280182, 8, 10, 13, 3, 1, 0.05%, 2, 0, 3, 229.80
1734280202, 8, 11, 15, 4, 1, 0.05%, 3, 0, 4, 233.70
1734280217, 8, 11, 16, 5, 1, 0.05%, 4, 0, 4, 269.71
1734280243, 8, 11, 17, 6, 1, 0.06%, 5, 0, 4, 263.09
1734280248, 8, 11, 19, 8, 1, 0.06%, 6, 0, 4, 266.66
1734280258, 8, 11, 20, 9, 1, 0.06%, 6, 0, 4, 275.90
1734280263, 8, 11, 21, 10, 1, 0.06%, 6, 0, 4, 268.64
1734280288, 8, 11, 22, 11, 1, 0.06%, 6, 0, 4, 273.09
1734280309, 8, 13, 23, 11, 4, 0.06%, 6, 0, 5, 230.56
1734280319, 8, 13, 24, 12, 4, 0.06%, 7, 0, 5, 234.91
1734280324, 8, 13, 25, 13, 4, 0.06%, 7, 0, 5, 236.24
1734280339, 8, 13, 26, 14, 4, 0.06%, 7, 0, 5, 247.74
1734280350, 8, 13, 27, 15, 4, 0.06%, 7, 0, 5, 245.21
1734280410, 8, 13, 28, 16, 4, 0.06%, 7, 0, 5, 232.67
1734280415, 8, 13, 32, 20, 4, 0.06%, 7, 0, 5, 250.22
1734280436, 8, 23, 33, 20, 3, 0.06%, 8, 0, 6, 318.96
1734280441, 8, 23, 34, 21, 3, 0.06%, 8, 0, 6, 480.24
1734280446, 8, 23, 36, 23, 3, 0.06%, 8, 0, 6, 506.37
1734280456, 8, 23, 38, 25, 3, 0.06%, 8, 0, 6, 510.31
1734280477, 8, 23, 39, 26, 3, 0.06%, 8, 0, 6, 514.29
1734280492, 8, 23, 43, 30, 3, 0.06%, 9, 0, 6, 340.32
1734280497, 8, 23, 44, 31, 3, 0.06%, 9, 0, 6, 304.73
1734280507, 8, 32, 44, 30, 4, 0.06%, 9, 0, 6, 361.02
1734280512, 8, 32, 45, 31, 4, 0.06%, 9, 0, 7, 483.15
1734280522, 8, 32, 47, 33, 4, 0.06%, 9, 0, 7, 512.35
1734280543, 8, 32, 48, 34, 4, 0.06%, 9, 0, 7, 511.84
1734280578, 8, 42, 49, 34, 3, 0.06%, 9, 0, 7, 341.17
1734280613, 8, 42, 50, 35, 3, 0.06%, 9, 0, 7, 248.74
1734280629, 8, 46, 50, 34, 2, 0.06%, 9, 0, 7, 376.96
1734280654, 8, 46, 51, 35, 2, 0.06%, 9, 0, 8, 329.38
1734280659, 8, 46, 52, 36, 2, 0.06%, 9, 0, 8, 445.51
1734280664, 8, 46, 54, 38, 2, 0.06%, 9, 0, 8, 457.94
1734280669, 8, 46, 55, 39, 2, 0.06%, 9, 0, 8, 470.69
1734280675, 8, 46, 56, 40, 2, 0.06%, 9, 0, 8, 472.68
1734280680, 8, 46, 57, 41, 2, 0.06%, 9, 0, 8, 471.30
1734280695, 8, 46, 58, 42, 2, 0.06%, 9, 0, 8, 475.27
1734280710, 8, 46, 59, 43, 2, 0.06%, 9, 0, 8, 367.86
1734280725, 8, 46, 62, 46, 2, 0.06%, 9, 0, 8, 340.65
1734280730, 8, 48, 62, 45, 2, 0.06%, 9, 0, 8, 378.15
1734280750, 8, 48, 63, 46, 2, 0.06%, 9, 0, 8, 305.77
1734280771, 8, 48, 64, 47, 2, 0.06%, 9, 0, 8, 318.28
1734280816, 8, 48, 65, 48, 2, 0.06%, 9, 0, 8, 307.25
1734280852, 8, 49, 65, 47, 2, 0.06%, 9, 0, 8, 319.78
1734280893, 8, 53, 65, 46, 2, 0.06%, 9, 0, 8, 366.62
1734280975, 8, 58, 65, 45, 2, 0.06%, 9, 0, 8, 382.95
1734281006, 8, 58, 67, 47, 2, 0.06%, 9, 0, 9, 500.26
1734281118, 8, 58, 68, 48, 2, 0.06%, 9, 0, 9, 471.15
1734281174, 8, 62, 68, 47, 2, 0.06%, 9, 0, 9, 354.91
1734281245, 8, 63, 68, 46, 2, 0.06%, 9, 0, 9, 276.79
1734281522, 8, 63, 69, 47, 2, 0.06%, 9, 0, 9, 408.81
1734281542, 8, 63, 70, 48, 2, 0.06%, 9, 0, 9, 409.77
1734281583, 8, 64, 70, 47, 2, 0.06%, 9, 0, 9, 458.77
1734281634, 8, 68, 70, 46, 2, 0.06%, 9, 0, 9, 279.29
1734281947, 9, 16, 70, 45, 2, 0.06%, 9, 0, 9, 309.26
1734281987, 9, 20, 70, 44, 1, 0.06%, 9, 0, 9, 457.70
1734282028, 9, 28, 70, 43, 1, 0.06%, 9, 0, 9, 400.28
1734282063, 9, 29, 70, 42, 1, 0.06%, 9, 0, 9, 344.67
1734282089, 9, 29, 71, 43, 1, 0.06%, 9, 0, 9, 323.08
1734282099, 9, 30, 71, 42, 1, 0.06%, 9, 0, 9, 293.51
1734282144, 9, 31, 71, 41, 1, 0.06%, 9, 0, 9, 257.37
1734282211, 9, 38, 71, 40, 1, 0.06%, 9, 0, 9, 382.21
1734282277, 9, 40, 71, 39, 1, 0.06%, 9, 0, 9, 441.50
1734282318, 9, 42, 71, 38, 1, 0.06%, 9, 0, 9, 291.39
1734282338, 9, 48, 71, 38, 1, 0.06%, 9, 0, 9, 291.26
1734282354, 9, 49, 71, 38, 1, 0.06%, 9, 0, 9, 312.96
1734282384, 9, 62, 71, 38, 1, 0.06%, 9, 0, 9, 298.06
1734282415, 9, 63, 71, 38, 1, 0.06%, 9, 0, 9, 244.08
1734282445, 9, 64, 71, 38, 1, 0.06%, 9, 0, 9, 375.24
1734282471, 9, 68, 71, 38, 1, 0.06%, 9, 0, 9, 353.37
1734282501, 9, 69, 71, 38, 1, 0.06%, 9, 0, 9, 365.09
1734282819, 9, 70, 71, 37, 1, 0.06%, 9, 0, 9, 355.47
1734282825, 9, 70, 72, 38, 1, 0.06%, 9, 0, 9, 481.86
1734282911, 9, 71, 72, 37, 1, 0.06%, 9, 0, 9, 313.62
1734283007, 10, 13, 72, 36, 1, 0.06%, 9, 0, 9, 266.96
1734283027, 10, 15, 72, 36, 1, 0.06%, 9, 0, 9, 268.59
1734283068, 10, 16, 72, 35, 0, 0.06%, 9, 0, 9, 288.34
1734283089, 10, 20, 72, 35, 0, 0.06%, 9, 0, 9, 386.16
1734283109, 10, 22, 72, 35, 0, 0.06%, 9, 0, 9, 357.95
1734283139, 10, 23, 72, 34, 0, 0.06%, 9, 0, 9, 279.21
1734283159, 10, 24, 72, 34, 0, 0.06%, 9, 0, 9, 300.27
1734283205, 10, 25, 72, 33, 0, 0.06%, 9, 0, 9, 405.18
1734283251, 10, 26, 72, 32, 0, 0.06%, 9, 0, 9, 342.35
1734283317, 10, 27, 72, 31, 0, 0.06%, 9, 0, 9, 330.81
1734283571, 10, 28, 72, 30, 0, 0.06%, 9, 0, 9, 327.18
1734283592, 10, 29, 72, 30, 0, 0.06%, 9, 0, 9, 394.33
1734283607, 10, 32, 72, 30, 0, 0.06%, 9, 0, 9, 365.88
1734283628, 10, 33, 72, 30, 0, 0.06%, 9, 0, 9, 461.21
1734283653, 10, 34, 72, 29, 0, 0.06%, 9, 0, 9, 328.07
1734283780, 10, 38, 72, 28, 0, 0.06%, 9, 0, 9, 395.31
1734283796, 10, 40, 72, 28, 0, 0.06%, 9, 0, 9, 392.11
1734283811, 10, 40, 73, 29, 0, 0.06%, 9, 0, 9, 303.32
1734283816, 10, 41, 73, 29, 0, 0.06%, 9, 0, 9, 360.83
1734283847, 10, 42, 73, 28, 0, 0.06%, 9, 0, 9, 314.96
1734283852, 10, 44, 73, 28, 0, 0.06%, 9, 0, 9, 363.15
1734283898, 10, 45, 73, 27, 0, 0.06%, 9, 0, 9, 339.31
1734284057, 10, 46, 73, 26, 0, 0.06%, 9, 0, 9, 401.65
1734284144, 10, 47, 73, 26, 0, 0.06%, 9, 0, 9, 248.01
1734284763, 10, 48, 73, 25, 0, 0.06%, 9, 0, 9, 339.47
1734284768, 10, 49, 73, 25, 0, 0.06%, 9, 0, 9, 364.58
1734284773, 10, 62, 73, 25, 0, 0.06%, 9, 0, 9, 320.03
1734284783, 10, 63, 73, 25, 0, 0.06%, 9, 0, 9, 290.36
1734284793, 10, 64, 73, 25, 0, 0.06%, 9, 0, 9, 368.47
1734284799, 10, 68, 73, 25, 0, 0.06%, 9, 0, 9, 386.17
1734284814, 10, 69, 73, 25, 0, 0.06%, 9, 0, 9, 265.27
1734284840, 11, 42, 73, 25, 0, 0.06%, 9, 0, 9, 325.85
1734284845, 11, 48, 73, 25, 0, 0.06%, 9, 0, 9, 306.33
1734284850, 11, 49, 73, 25, 0, 0.06%, 9, 0, 9, 353.67
1734284855, 11, 62, 73, 25, 0, 0.06%, 9, 0, 9, 323.01
1734284865, 11, 63, 73, 25, 0, 0.06%, 9, 0, 9, 290.51
1734284875, 11, 64, 73, 25, 0, 0.06%, 9, 0, 9, 358.86
1734284880, 11, 68, 73, 25, 0, 0.06%, 9, 0, 9, 369.30
1734284896, 11, 69, 73, 25, 0, 0.06%, 9, 0, 9, 292.38
1734284906, 12, 42, 73, 25, 0, 0.06%, 9, 0, 9, 308.92
1734284911, 12, 48, 73, 25, 0, 0.06%, 9, 0, 9, 301.32
1734284916, 12, 49, 73, 25, 0, 0.06%, 9, 0, 9, 346.06
1734284921, 12, 62, 73, 25, 0, 0.06%, 9, 0, 9, 308.36
1734284926, 12, 63, 73, 25, 0, 0.06%, 9, 0, 9, 345.52
1734284941, 12, 64, 73, 25, 0, 0.06%, 9, 0, 9, 341.71
1734284946, 12, 68, 73, 25, 0, 0.06%, 9, 0, 9, 293.35
1734284956, 12, 69, 73, 25, 0, 0.06%, 9, 0, 9, 381.97
1734284972, 13, 42, 73, 25, 0, 0.06%, 9, 0, 9, 294.20
1734284977, 13, 48, 73, 25, 0, 0.06%, 9, 0, 9, 297.71
1734284982, 13, 62, 73, 25, 0, 0.06%, 9, 0, 9, 322.22
1734284992, 13, 63, 73, 25, 0, 0.06%, 9, 0, 9, 283.91
1734285003, 13, 64, 73, 25, 0, 0.06%, 9, 0, 9, 399.88
1734285008, 13, 68, 73, 25, 0, 0.06%, 9, 0, 9, 378.60
1734285023, 13, 69, 73, 25, 0, 0.06%, 9, 0, 9, 287.03
1734285033, 14, 42, 73, 25, 0, 0.06%, 9, 0, 9, 334.88
1734285038, 14, 48, 73, 25, 0, 0.06%, 9, 0, 9, 293.93
1734285043, 14, 49, 73, 25, 0, 0.06%, 9, 0, 9, 338.60
1734285049, 14, 62, 73, 25, 0, 0.06%, 9, 0, 9, 315.82
1734285054, 14, 63, 73, 25, 0, 0.06%, 9, 0, 9, 370.84
1734285069, 14, 64, 73, 25, 0, 0.06%, 9, 0, 9, 339.01
1734285074, 14, 68, 73, 25, 0, 0.06%, 9, 0, 9, 300.66
1734285084, 14, 69, 73, 25, 0, 0.06%, 9, 0, 9, 397.95
1734285100, 14, 70, 73, 25, 0, 0.06%, 9, 0, 9, 400.01
1734285115, 14, 71, 73, 25, 0, 0.06%, 9, 0, 9, 312.68
1734285135, 14, 72, 73, 25, 0, 0.06%, 9, 0, 9, 269.41
1734285140, 14, 72, 74, 26, 0, 0.06%, 9, 0, 9, 392.27
1734285247, 14, 73, 74, 25, 0, 0.06%, 9, 0, 9, 338.75
1734285379, 15, 15, 74, 24, 0, 0.06%, 9, 0, 9, 337.94
1734285400, 15, 16, 74, 24, 0, 0.06%, 9, 0, 9, 313.05
1734285405, 15, 20, 74, 24, 0, 0.06%, 9, 0, 9, 332.65
1734285410, 15, 23, 74, 24, 0, 0.06%, 9, 0, 9, 344.20
1734285415, 15, 28, 74, 24, 0, 0.06%, 9, 0, 9, 331.74
1734285420, 15, 29, 74, 24, 0, 0.06%, 9, 0, 9, 314.69
1734285425, 15, 30, 74, 24, 0, 0.06%, 9, 0, 9, 272.74
1734285440, 15, 31, 74, 24, 0, 0.06%, 9, 0, 9, 303.23
1734285461, 15, 33, 74, 24, 0, 0.06%, 9, 0, 9, 403.78
1734285476, 15, 34, 74, 24, 0, 0.06%, 9, 0, 9, 343.77
1734285496, 15, 35, 74, 24, 0, 0.06%, 9, 0, 9, 464.78
1734285527, 15, 36, 74, 23, 0, 0.06%, 9, 0, 9, 349.80
1734285701, 15, 36, 75, 24, 0, 0.06%, 9, 0, 9, 497.18
1734285732, 15, 37, 75, 23, 0, 0.06%, 9, 0, 9, 326.26
1734285778, 15, 38, 75, 22, 0, 0.06%, 9, 0, 9, 319.28
1734285783, 15, 41, 75, 22, 0, 0.06%, 9, 0, 9, 350.87
1734285803, 15, 42, 75, 22, 0, 0.06%, 9, 0, 9, 305.70
1734285808, 15, 43, 75, 22, 0, 0.06%, 9, 0, 9, 393.00
1734285838, 15, 46, 75, 21, 0, 0.06%, 9, 0, 9, 364.17
1734285844, 15, 48, 75, 21, 0, 0.06%, 9, 0, 9, 306.75
1734285849, 15, 49, 75, 21, 0, 0.06%, 9, 0, 9, 342.21
1734285854, 15, 50, 75, 21, 0, 0.06%, 9, 0, 9, 397.64
1734285910, 15, 51, 75, 20, 0, 0.06%, 9, 0, 9, 373.23
1734285991, 15, 52, 75, 19, 0, 0.06%, 9, 0, 9, 388.29
1734286027, 15, 53, 75, 18, 0, 0.06%, 9, 0, 9, 338.84
1734286068, 15, 54, 75, 18, 0, 0.06%, 9, 0, 9, 436.35
1734286124, 15, 55, 75, 17, 0, 0.06%, 9, 0, 9, 410.51
1734286174, 15, 56, 75, 16, 0, 0.06%, 9, 0, 9, 397.75
1734286251, 15, 57, 75, 15, 0, 0.06%, 9, 0, 9, 414.31
1734286352, 15, 62, 75, 14, 0, 0.06%, 9, 0, 9, 291.41
1734286357, 15, 63, 75, 14, 0, 0.06%, 9, 0, 9, 375.04
1734286373, 15, 64, 75, 14, 0, 0.06%, 9, 0, 9, 363.07
1734286378, 15, 68, 75, 14, 0, 0.06%, 9, 0, 9, 306.33
1734286388, 15, 69, 75, 14, 0, 0.06%, 9, 0, 9, 396.21
1734286403, 15, 70, 75, 14, 0, 0.06%, 9, 0, 9, 355.95
1734286408, 15, 71, 75, 14, 0, 0.06%, 9, 0, 9, 320.65
1734286418, 16, 16, 75, 14, 0, 0.06%, 9, 0, 9, 308.37
1734286423, 16, 20, 75, 14, 0, 0.06%, 9, 0, 9, 342.12
1734286428, 16, 28, 75, 14, 0, 0.06%, 9, 0, 9, 352.43
1734286433, 16, 29, 75, 14, 0, 0.06%, 9, 0, 9, 351.67
1734286439, 16, 30, 75, 14, 0, 0.06%, 9, 0, 9, 285.01
1734286444, 16, 31, 75, 14, 0, 0.06%, 9, 0, 9, 325.71
1734286449, 16, 37, 75, 14, 0, 0.06%, 9, 0, 9, 318.76
1734286469, 16, 42, 75, 14, 0, 0.06%, 9, 0, 9, 325.89
1734286474, 16, 46, 75, 14, 0, 0.06%, 9, 0, 9, 358.39
1734286479, 16, 48, 75, 14, 0, 0.06%, 9, 0, 9, 330.09
1734286484, 16, 50, 75, 14, 0, 0.06%, 9, 0, 9, 359.59
1734286515, 16, 62, 75, 14, 0, 0.06%, 9, 0, 9, 299.79
1734286520, 16, 63, 75, 14, 0, 0.06%, 9, 0, 9, 329.59
1734286530, 16, 64, 75, 14, 0, 0.06%, 9, 0, 9, 364.04
1734286540, 16, 68, 75, 14, 0, 0.06%, 9, 0, 9, 269.78
1734286550, 16, 69, 75, 14, 0, 0.06%, 9, 0, 9, 323.83
1734286561, 17, 42, 75, 14, 0, 0.06%, 9, 0, 9, 331.80
1734286566, 17, 48, 75, 14, 0, 0.06%, 9, 0, 9, 320.07
1734286571, 17, 49, 75, 14, 0, 0.06%, 9, 0, 9, 357.50
1734286576, 17, 62, 75, 14, 0, 0.06%, 9, 0, 9, 316.52
1734286586, 17, 63, 75, 14, 0, 0.06%, 9, 0, 9, 278.20
1734286596, 17, 64, 75, 14, 0, 0.06%, 9, 0, 9, 364.28
1734286601, 17, 68, 75, 14, 0, 0.06%, 9, 0, 9, 388.84
1734286617, 17, 69, 75, 14, 0, 0.06%, 9, 0, 9, 268.28
1734286627, 18, 42, 75, 14, 0, 0.06%, 9, 0, 9, 313.97
1734286632, 18, 48, 75, 14, 0, 0.06%, 9, 0, 9, 294.39
1734286637, 18, 49, 75, 14, 0, 0.06%, 9, 0, 9, 355.16
1734286642, 18, 62, 75, 14, 0, 0.06%, 9, 0, 9, 300.74
1734286647, 18, 63, 75, 14, 0, 0.06%, 9, 0, 9, 377.33
1734286662, 18, 64, 75, 14, 0, 0.06%, 9, 0, 9, 353.30
1734286667, 18, 68, 75, 14, 0, 0.06%, 9, 0, 9, 317.76
1734286677, 18, 69, 75, 14, 0, 0.06%, 9, 0, 9, 404.40
1734286693, 19, 42, 75, 14, 0, 0.06%, 9, 0, 9, 311.79
1734286698, 19, 49, 75, 14, 0, 0.06%, 9, 0, 9, 325.01
1734286703, 19, 62, 75, 14, 0, 0.06%, 9, 0, 9, 327.40
1734286713, 19, 63, 75, 14, 0, 0.06%, 9, 0, 9, 275.94
1734286723, 19, 64, 75, 14, 0, 0.06%, 9, 0, 9, 381.12
1734286728, 19, 68, 75, 14, 0, 0.06%, 9, 0, 9, 380.49
1734286744, 19, 69, 75, 14, 0, 0.06%, 9, 0, 9, 293.79
1734286754, 20, 42, 75, 14, 0, 0.06%, 9, 0, 9, 326.55
1734286759, 20, 48, 75, 14, 0, 0.06%, 9, 0, 9, 305.81
1734286764, 20, 49, 75, 14, 0, 0.06%, 9, 0, 9, 354.40
1734286769, 20, 62, 75, 14, 0, 0.06%, 9, 0, 9, 306.86
1734286779, 20, 63, 75, 14, 0, 0.06%, 9, 0, 9, 293.11
1734286789, 20, 64, 75, 14, 0, 0.06%, 9, 0, 9, 371.15
1734286794, 20, 68, 75, 14, 0, 0.06%, 9, 0, 9, 352.66
1734286809, 20, 69, 75, 14, 0, 0.06%, 9, 0, 9, 300.60
1734286820, 21, 42, 75, 14, 0, 0.06%, 9, 0, 9, 312.68
1734286825, 21, 48, 75, 14, 0, 0.06%, 9, 0, 9, 305.64
1734286830, 21, 49, 75, 14, 0, 0.06%, 9, 0, 9, 326.61
1734286835, 21, 62, 75, 14, 0, 0.06%, 9, 0, 9, 313.66
1734286840, 21, 63, 75, 14, 0, 0.06%, 9, 0, 9, 363.81
1734286855, 21, 64, 75, 14, 0, 0.06%, 9, 0, 9, 348.36
1734286860, 21, 68, 75, 14, 0, 0.06%, 9, 0, 9, 308.58
1734286870, 21, 69, 75, 14, 0, 0.06%, 9, 0, 9, 408.30
1734286886, 22, 42, 75, 14, 0, 0.06%, 9, 0, 9, 298.21
1734286891, 22, 48, 75, 14, 0, 0.06%, 9, 0, 9, 298.34
1734286896, 22, 62, 75, 14, 0, 0.06%, 9, 0, 9, 323.14
1734286906, 22, 63, 75, 14, 0, 0.06%, 9, 0, 9, 290.52
1734286917, 22, 64, 75, 14, 0, 0.06%, 9, 0, 9, 404.90
1734286922, 22, 68, 75, 14, 0, 0.06%, 9, 0, 9, 349.30
1734286937, 22, 69, 75, 14, 0, 0.06%, 9, 0, 9, 287.59
1734286947, 23, 42, 75, 14, 0, 0.06%, 9, 0, 9, 309.27
1734286953, 23, 48, 75, 14, 0, 0.06%, 9, 0, 9, 305.70
1734286958, 23, 49, 75, 14, 0, 0.06%, 9, 0, 9, 350.62
1734286963, 23, 62, 75, 14, 0, 0.06%, 9, 0, 9, 316.62
1734286968, 23, 63, 75, 14, 0, 0.06%, 9, 0, 9, 376.79
1734286983, 23, 64, 75, 14, 0, 0.06%, 9, 0, 9, 359.06
1734286988, 23, 68, 75, 14, 0, 0.06%, 9, 0, 9, 288.63
1734286998, 23, 69, 75, 14, 0, 0.06%, 9, 0, 9, 371.96
1734287008, 24, 42, 75, 14, 0, 0.06%, 9, 0, 9, 369.18
1734287013, 24, 48, 75, 14, 0, 0.06%, 9, 0, 9, 318.28
1734287019, 24, 49, 75, 14, 0, 0.06%, 9, 0, 9, 359.07
1734287024, 24, 62, 76, 15, 0, 0.06%, 9, 0, 9, 320.57
1734287034, 24, 63, 76, 15, 0, 0.06%, 9, 0, 9, 259.96
1734287044, 24, 64, 76, 15, 0, 0.06%, 9, 0, 9, 381.47
1734287049, 24, 68, 76, 15, 0, 0.06%, 9, 0, 9, 391.91
1734287065, 24, 69, 76, 15, 0, 0.06%, 9, 0, 9, 269.62
1734287075, 24, 75, 76, 15, 0, 0.06%, 9, 0, 9, 350.88
1734287290, 25, 42, 76, 14, 0, 0.06%, 9, 0, 9, 321.83
1734287295, 25, 48, 76, 14, 0, 0.06%, 9, 0, 9, 302.56
1734287300, 25, 49, 76, 14, 0, 0.06%, 9, 0, 9, 318.89
1734287305, 25, 62, 76, 14, 0, 0.06%, 9, 0, 9, 302.12
1734287310, 25, 63, 76, 14, 0, 0.06%, 9, 0, 9, 330.17
1734287325, 25, 64, 76, 14, 0, 0.06%, 9, 0, 9, 361.82
1734287331, 25, 68, 76, 14, 0, 0.06%, 9, 0, 9, 284.27
1734287341, 25, 69, 76, 14, 0, 0.06%, 9, 0, 9, 371.35
1734287356, 25, 75, 76, 14, 0, 0.06%, 9, 0, 9, 409.42
1734287382, 26, 15, 76, 14, 0, 0.06%, 9, 0, 9, 323.41
1734287387, 26, 16, 76, 14, 0, 0.06%, 9, 0, 9, 312.02
1734287392, 26, 20, 76, 14, 0, 0.06%, 9, 0, 9, 332.73
1734287397, 26, 28, 76, 14, 0, 0.06%, 9, 0, 9, 336.44
1734287402, 26, 29, 76, 14, 0, 0.06%, 9, 0, 9, 348.43
1734287407, 26, 30, 76, 14, 0, 0.06%, 9, 0, 9, 295.37
1734287412, 26, 31, 76, 14, 0, 0.06%, 9, 0, 9, 299.03
1734287417, 26, 32, 76, 14, 0, 0.06%, 9, 0, 9, 368.78
1734287422, 26, 33, 76, 14, 0, 0.06%, 9, 0, 9, 355.21
1734287427, 26, 34, 76, 14, 0, 0.06%, 9, 0, 9, 376.54
1734287432, 26, 35, 76, 14, 0, 0.06%, 9, 0, 9, 446.18
1734287447, 26, 36, 76, 14, 0, 0.06%, 9, 0, 9, 299.56
1734287468, 26, 37, 76, 14, 0, 0.06%, 9, 0, 9, 454.41
1734287493, 26, 38, 76, 14, 0, 0.06%, 9, 0, 9, 376.45
1734287534, 26, 39, 76, 14, 0, 0.06%, 9, 0, 9, 290.74
1734287723, 26, 40, 76, 13, 0, 0.06%, 9, 0, 9, 448.74
1734287738, 26, 41, 76, 13, 0, 0.06%, 9, 0, 9, 406.82
1734287748, 26, 43, 76, 13, 0, 0.06%, 9, 0, 9, 337.01
1734287768, 26, 44, 76, 13, 0, 0.06%, 9, 0, 9, 291.66
1734287788, 26, 45, 76, 13, 0, 0.06%, 9, 0, 9, 367.40
1734287932, 26, 46, 76, 13, 0, 0.06%, 9, 0, 9, 338.86
1734287937, 26, 47, 76, 13, 0, 0.06%, 9, 0, 9, 329.67
1734287963, 26, 48, 76, 13, 0, 0.06%, 9, 0, 9, 322.44
1734287968, 26, 49, 76, 13, 0, 0.06%, 9, 0, 9, 348.52
1734287973, 26, 50, 76, 13, 0, 0.06%, 9, 0, 9, 446.45
1734288034, 26, 51, 76, 13, 0, 0.06%, 9, 0, 9, 380.45
1734288115, 26, 52, 76, 13, 0, 0.06%, 9, 0, 9, 484.63
1734288177, 26, 53, 76, 13, 0, 0.06%, 9, 0, 9, 362.22
1734288187, 26, 54, 76, 13, 0, 0.06%, 9, 0, 9, 466.54
1734288259, 26, 55, 76, 13, 0, 0.06%, 9, 0, 9, 320.30
1734288325, 26, 56, 76, 13, 0, 0.06%, 9, 0, 9, 361.90
1734288406, 26, 57, 76, 13, 0, 0.06%, 9, 0, 9, 438.53
1734288529, 26, 58, 76, 13, 0, 0.06%, 9, 0, 9, 313.10
1734288555, 26, 59, 76, 13, 0, 0.06%, 9, 0, 9, 413.87
1734288605, 26, 60, 76, 12, 0, 0.06%, 9, 0, 9, 328.43
1734288661, 26, 61, 77, 12, 0, 0.06%, 9, 0, 9, 435.93
1734288794, 26, 62, 77, 11, 0, 0.06%, 9, 0, 9, 306.74
1734288804, 26, 63, 77, 11, 0, 0.06%, 9, 0, 9, 290.52
1734288814, 26, 64, 77, 11, 0, 0.06%, 9, 0, 9, 366.60
1734288819, 26, 65, 77, 11, 0, 0.06%, 9, 0, 9, 378.14
1734288942, 26, 66, 77, 10, 0, 0.06%, 9, 0, 9, 354.77
1734289069, 26, 67, 77, 9, 0, 0.06%, 9, 0, 9, 406.30
1734289140, 26, 68, 77, 8, 0, 0.06%, 9, 0, 9, 278.74
1734289150, 26, 69, 77, 8, 0, 0.06%, 9, 0, 9, 327.82
1734289160, 26, 70, 77, 8, 0, 0.06%, 9, 0, 9, 356.77
1734289165, 26, 71, 77, 8, 0, 0.06%, 9, 0, 9, 330.39
1734289170, 26, 72, 77, 8, 0, 0.06%, 9, 0, 9, 325.00
1734289267, 26, 73, 77, 8, 0, 0.06%, 9, 0, 9, 397.09
1734289369, 26, 75, 77, 8, 0, 0.06%, 9, 0, 9, 312.02
1734289399, 27, 15, 77, 8, 0, 0.06%, 9, 0, 9, 295.04
1734289404, 27, 16, 78, 9, 0, 0.06%, 9, 0, 9, 301.85
1734289409, 27, 20, 78, 9, 0, 0.06%, 9, 0, 9, 330.09
1734289414, 27, 28, 78, 9, 0, 0.06%, 9, 0, 9, 349.35
1734289419, 27, 29, 78, 9, 0, 0.06%, 9, 0, 9, 326.85
1734289424, 27, 30, 78, 9, 0, 0.06%, 9, 0, 9, 280.96
1734289429, 27, 31, 78, 9, 0, 0.06%, 9, 0, 9, 334.62
1734289435, 27, 37, 78, 9, 0, 0.06%, 9, 0, 9, 319.95
1734289440, 27, 38, 78, 9, 0, 0.06%, 9, 0, 9, 347.19
1734289445, 27, 40, 78, 9, 0, 0.06%, 9, 0, 9, 330.76
1734289450, 27, 42, 78, 9, 0, 0.06%, 9, 0, 9, 335.29
1734289455, 27, 43, 78, 9, 0, 0.06%, 9, 0, 9, 300.02
1734289460, 27, 46, 78, 9, 0, 0.06%, 9, 0, 9, 316.16
1734289470, 27, 49, 78, 9, 0, 0.06%, 9, 0, 9, 328.71
1734289475, 27, 50, 78, 9, 0, 0.06%, 9, 0, 9, 321.63
1734289485, 27, 51, 78, 9, 0, 0.06%, 9, 0, 9, 384.48
1734289491, 27, 52, 78, 9, 0, 0.06%, 9, 0, 9, 350.65
1734289496, 27, 53, 78, 9, 0, 0.06%, 9, 0, 9, 336.60
1734289506, 27, 54, 78, 9, 0, 0.06%, 9, 0, 9, 392.00
1734289511, 27, 55, 78, 9, 0, 0.06%, 9, 0, 9, 313.84
1734289521, 27, 56, 78, 9, 0, 0.06%, 9, 0, 9, 381.76
1734289526, 27, 57, 78, 9, 0, 0.06%, 9, 0, 9, 310.88
1734289536, 27, 62, 78, 9, 0, 0.06%, 9, 0, 9, 332.25
1734289542, 27, 63, 78, 9, 0, 0.06%, 9, 0, 9, 373.68
1734289557, 27, 64, 78, 9, 0, 0.06%, 9, 0, 9, 345.83
1734289562, 27, 68, 78, 9, 0, 0.06%, 9, 0, 9, 301.17
1734289572, 27, 69, 78, 9, 0, 0.06%, 9, 0, 9, 386.99
1734289587, 27, 70, 78, 9, 0, 0.06%, 9, 0, 9, 343.05
1734289592, 27, 71, 78, 9, 0, 0.06%, 9, 0, 9, 342.14
1734289598, 27, 72, 78, 9, 0, 0.06%, 9, 0, 9, 349.35
1734289608, 27, 73, 78, 9, 0, 0.06%, 9, 0, 9, 336.67
1734289633, 27, 75, 78, 9, 0, 0.06%, 9, 0, 9, 352.47
1734289658, 27, 77, 78, 9, 0, 0.06%, 9, 0, 9, 357.57
1734289735, 27, 77, 79, 10, 0, 0.06%, 9, 0, 9, 383.17
1734289785, 27, 78, 79, 9, 0, 0.06%, 9, 0, 9, 397.06
1734290039, 28, 15, 79, 8, 0, 0.06%, 9, 0, 9, 291.78
1734290044, 28, 16, 79, 8, 0, 0.06%, 9, 0, 9, 301.23
1734290050, 28, 20, 79, 8, 0, 0.06%, 9, 0, 9, 333.60
1734290055, 28, 28, 79, 8, 0, 0.06%, 9, 0, 9, 330.39
1734290060, 28, 29, 79, 8, 0, 0.06%, 9, 0, 9, 321.63
1734290065, 28, 30, 79, 8, 0, 0.06%, 9, 0, 9, 285.30
1734290070, 28, 31, 79, 8, 0, 0.06%, 9, 0, 9, 326.93
1734290075, 28, 37, 79, 8, 0, 0.06%, 9, 0, 9, 313.54
1734290080, 28, 38, 79, 8, 0, 0.06%, 9, 0, 9, 347.11
1734290085, 28, 40, 79, 8, 0, 0.06%, 9, 0, 9, 334.40
1734290090, 28, 41, 79, 8, 0, 0.06%, 9, 0, 9, 330.03
1734290095, 28, 42, 79, 8, 0, 0.06%, 9, 0, 9, 312.63
1734290100, 28, 46, 79, 8, 0, 0.06%, 9, 0, 9, 336.50
1734290110, 28, 48, 79, 8, 0, 0.06%, 9, 0, 9, 319.48
1734290115, 28, 50, 79, 8, 0, 0.06%, 9, 0, 9, 351.16
1734290125, 28, 51, 79, 8, 0, 0.06%, 9, 0, 9, 381.84
1734290131, 28, 52, 79, 8, 0, 0.06%, 9, 0, 9, 339.26
1734290136, 28, 53, 79, 8, 0, 0.06%, 9, 0, 9, 391.40
1734290146, 28, 54, 79, 8, 0, 0.06%, 9, 0, 9, 374.94
1734290151, 28, 55, 79, 8, 0, 0.06%, 9, 0, 9, 367.86
1734290161, 28, 56, 79, 8, 0, 0.06%, 9, 0, 9, 393.37
1734290166, 28, 57, 79, 8, 0, 0.06%, 9, 0, 9, 314.09
1734290176, 28, 62, 79, 8, 0, 0.06%, 9, 0, 9, 309.92
1734290181, 28, 63, 79, 8, 0, 0.06%, 9, 0, 9, 374.38
1734290191, 28, 64, 79, 8, 0, 0.06%, 9, 0, 9, 370.24
1734290202, 28, 68, 79, 8, 0, 0.06%, 9, 0, 9, 286.38
1734290212, 28, 69, 79, 8, 0, 0.06%, 9, 0, 9, 377.69
1734290227, 28, 70, 79, 8, 0, 0.06%, 9, 0, 9, 343.41
1734290232, 28, 71, 79, 8, 0, 0.06%, 9, 0, 9, 330.87
1734290237, 28, 72, 79, 8, 0, 0.06%, 9, 0, 9, 330.93
1734290247, 28, 73, 79, 8, 0, 0.06%, 9, 0, 9, 337.85
1734290262, 28, 75, 79, 8, 0, 0.06%, 9, 0, 9, 372.85
1734290288, 28, 77, 79, 8, 0, 0.06%, 9, 0, 9, 304.14
1734290308, 28, 78, 79, 8, 0, 0.06%, 9, 0, 9, 278.90
1734290329, 29, 15, 79, 8, 0, 0.06%, 9, 0, 9, 279.50
1734290334, 29, 16, 79, 8, 0, 0.06%, 9, 0, 9, 301.20
1734290339, 29, 20, 79, 8, 0, 0.06%, 9, 0, 9, 333.56
1734290344, 29, 28, 79, 8, 0, 0.06%, 9, 0, 9, 337.12
1734290349, 29, 29, 79, 8, 0, 0.06%, 9, 0, 9, 305.40
1734290354, 29, 30, 79, 8, 0, 0.06%, 9, 0, 9, 293.95
1734290359, 29, 37, 79, 8, 0, 0.06%, 9, 0, 9, 327.83
1734290369, 29, 40, 79, 8, 0, 0.06%, 9, 0, 9, 324.44
1734290374, 29, 41, 79, 8, 0, 0.06%, 9, 0, 9, 376.00
1734290379, 29, 42, 79, 8, 0, 0.06%, 9, 0, 9, 319.84
1734290385, 29, 43, 79, 8, 0, 0.06%, 9, 0, 9, 343.76
1734290390, 29, 46, 79, 8, 0, 0.06%, 9, 0, 9, 355.78
1734290395, 29, 48, 79, 8, 0, 0.06%, 9, 0, 9, 329.57
1734290400, 29, 49, 79, 8, 0, 0.06%, 9, 0, 9, 361.30
1734290405, 29, 50, 79, 8, 0, 0.06%, 9, 0, 9, 380.48
1734290410, 29, 51, 79, 8, 0, 0.06%, 9, 0, 9, 345.79
1734290420, 29, 52, 79, 8, 0, 0.06%, 9, 0, 9, 393.81
1734290425, 29, 53, 79, 8, 0, 0.06%, 9, 0, 9, 385.91
1734290435, 29, 54, 79, 8, 0, 0.06%, 9, 0, 9, 363.03
1734290440, 29, 55, 79, 8, 0, 0.06%, 9, 0, 9, 365.29
1734290450, 29, 56, 79, 8, 0, 0.06%, 9, 0, 9, 357.76
1734290455, 29, 57, 79, 8, 0, 0.06%, 9, 0, 9, 362.17
1734290466, 29, 62, 79, 8, 0, 0.06%, 9, 0, 9, 329.59
1734290471, 29, 63, 79, 8, 0, 0.06%, 9, 0, 9, 311.71
1734290481, 29, 64, 79, 8, 0, 0.06%, 9, 0, 9, 371.41
1734290486, 29, 68, 79, 8, 0, 0.06%, 9, 0, 9, 377.85
1734290501, 29, 69, 79, 8, 0, 0.06%, 9, 0, 9, 305.23
1734290511, 29, 70, 79, 8, 0, 0.06%, 9, 0, 9, 353.09
1734290516, 29, 71, 79, 8, 0, 0.06%, 9, 0, 9, 337.40
1734290521, 29, 72, 79, 8, 0, 0.06%, 9, 0, 9, 340.13
1734290527, 29, 73, 79, 8, 0, 0.06%, 9, 0, 9, 335.01
1734290542, 29, 75, 79, 8, 0, 0.06%, 9, 0, 9, 316.71
1734290567, 29, 77, 79, 8, 0, 0.06%, 9, 0, 9, 309.64
1734290587, 29, 78, 79, 8, 0, 0.06%, 9, 0, 9, 287.17
1734290608, 30, 15, 79, 8, 0, 0.06%, 9, 0, 9, 312.78
1734290613, 30, 38, 79, 8, 0, 0.06%, 9, 0, 9, 337.65
1734290618, 30, 40, 79, 8, 0, 0.06%, 9, 0, 9, 340.62
1734290623, 30, 42, 79, 8, 0, 0.06%, 9, 0, 9, 321.75
1734290628, 30, 43, 79, 8, 0, 0.06%, 9, 0, 9, 320.73
1734290633, 30, 48, 79, 8, 0, 0.06%, 9, 0, 9, 318.83
1734290639, 30, 49, 79, 8, 0, 0.06%, 9, 0, 9, 352.15
1734290644, 30, 62, 79, 8, 0, 0.06%, 9, 0, 9, 319.28
1734290654, 30, 63, 79, 8, 0, 0.06%, 9, 0, 9, 297.82
1734290664, 30, 64, 79, 8, 0, 0.06%, 9, 0, 9, 367.72
1734290669, 30, 68, 79, 8, 0, 0.06%, 9, 0, 9, 358.50
1734290679, 30, 69, 79, 8, 0, 0.06%, 9, 0, 9, 396.78
1734290694, 30, 72, 79, 8, 0, 0.06%, 9, 0, 9, 354.17
1734290699, 30, 73, 79, 8, 0, 0.06%, 9, 0, 9, 341.04
1734290704, 30, 75, 79, 8, 0, 0.06%, 9, 0, 9, 350.51
1734290714, 31, 15, 79, 8, 0, 0.06%, 9, 0, 9, 325.27
1734290719, 31, 38, 79, 8, 0, 0.06%, 9, 0, 9, 321.58
1734290724, 31, 40, 79, 8, 0, 0.06%, 9, 0, 9, 366.89
1734290730, 31, 41, 79, 8, 0, 0.06%, 9, 0, 9, 348.68
1734290735, 31, 42, 79, 8, 0, 0.06%, 9, 0, 9, 313.32
1734290740, 31, 43, 79, 8, 0, 0.06%, 9, 0, 9, 337.42
1734290745, 31, 48, 79, 8, 0, 0.06%, 9, 0, 9, 299.81
1734290750, 31, 49, 79, 8, 0, 0.06%, 9, 0, 9, 331.05
1734290755, 31, 62, 79, 8, 0, 0.06%, 9, 0, 9, 299.21
1734290760, 31, 63, 79, 8, 0, 0.06%, 9, 0, 9, 330.65
1734290770, 31, 64, 79, 8, 0, 0.06%, 9, 0, 9, 384.85
1734290781, 31, 68, 79, 8, 0, 0.06%, 9, 0, 9, 268.23
1734290791, 31, 69, 79, 8, 0, 0.06%, 9, 0, 9, 328.98
1734290801, 31, 75, 79, 8, 0, 0.06%, 9, 0, 9, 375.01
1734290811, 32, 42, 79, 8, 0, 0.06%, 9, 0, 9, 343.18
1734290816, 32, 48, 79, 8, 0, 0.06%, 9, 0, 9, 305.32
1734290821, 32, 49, 79, 8, 0, 0.06%, 9, 0, 9, 356.96
1734290826, 32, 62, 79, 8, 0, 0.06%, 9, 0, 9, 310.98
1734290837, 32, 63, 79, 8, 0, 0.06%, 9, 0, 9, 272.28
1734290847, 32, 64, 79, 8, 0, 0.06%, 9, 0, 9, 367.90
1734290852, 32, 68, 79, 8, 0, 0.06%, 9, 0, 9, 382.94
1734290862, 32, 69, 79, 8, 0, 0.06%, 9, 0, 9, 387.66
1734290877, 32, 75, 79, 8, 0, 0.06%, 9, 0, 9, 342.54
1734290888, 33, 42, 79, 8, 0, 0.06%, 9, 0, 9, 335.98
1734290893, 33, 49, 79, 8, 0, 0.06%, 9, 0, 9, 320.96
1734290898, 33, 62, 79, 8, 0, 0.06%, 9, 0, 9, 323.46
1734290908, 33, 63, 79, 8, 0, 0.06%, 9, 0, 9, 285.81
1734290918, 33, 64, 79, 8, 0, 0.06%, 9, 0, 9, 405.47
1734290923, 33, 68, 79, 8, 0, 0.06%, 9, 0, 9, 329.94
1734290938, 33, 69, 79, 8, 0, 0.06%, 9, 0, 9, 297.56
1734290949, 33, 75, 79, 8, 0, 0.06%, 9, 0, 9, 327.35
1734290959, 34, 42, 79, 8, 0, 0.06%, 9, 0, 9, 320.54
1734290964, 34, 48, 79, 8, 0, 0.06%, 9, 0, 9, 308.06
1734290969, 34, 49, 79, 8, 0, 0.06%, 9, 0, 9, 339.40
1734290974, 34, 62, 79, 8, 0, 0.06%, 9, 0, 9, 300.51
1734290979, 34, 63, 79, 8, 0, 0.06%, 9, 0, 9, 328.01
1734290994, 34, 64, 79, 8, 0, 0.06%, 9, 0, 9, 377.44
1734290999, 34, 68, 79, 8, 0, 0.06%, 9, 0, 9, 335.19
1734291010, 34, 69, 79, 8, 0, 0.06%, 9, 0, 9, 387.01
1734291025, 34, 75, 79, 8, 0, 0.06%, 9, 0, 9, 383.40
1734291035, 35, 42, 79, 8, 0, 0.06%, 9, 0, 9, 302.27
1734291040, 35, 48, 79, 8, 0, 0.06%, 9, 0, 9, 288.45
1734291045, 35, 62, 79, 8, 0, 0.06%, 9, 0, 9, 342.12
1734291056, 35, 63, 79, 8, 0, 0.06%, 9, 0, 9, 287.16
1734291066, 35, 64, 79, 8, 0, 0.06%, 9, 0, 9, 411.92
1734291071, 35, 68, 79, 8, 0, 0.06%, 9, 0, 9, 364.74
1734291086, 35, 69, 79, 8, 0, 0.06%, 9, 0, 9, 289.89
1734291096, 35, 75, 79, 8, 0, 0.06%, 9, 0, 9, 320.61
1734291106, 36, 42, 79, 8, 0, 0.06%, 9, 0, 9, 329.84
1734291111, 36, 48, 79, 8, 0, 0.06%, 9, 0, 9, 302.53
1734291116, 36, 49, 79, 8, 0, 0.06%, 9, 0, 9, 340.18
1734291122, 36, 62, 79, 8, 0, 0.06%, 9, 0, 9, 316.66
1734291127, 36, 63, 79, 8, 0, 0.06%, 9, 0, 9, 340.36
1734291142, 36, 64, 79, 8, 0, 0.06%, 9, 0, 9, 377.94
1734291147, 36, 68, 79, 8, 0, 0.06%, 9, 0, 9, 287.31
1734291157, 36, 69, 79, 8, 0, 0.06%, 9, 0, 9, 349.22
1734291167, 36, 75, 79, 8, 0, 0.06%, 9, 0, 9, 404.54
1734291178, 37, 42, 79, 8, 0, 0.06%, 9, 0, 9, 328.88
1734291183, 37, 48, 79, 8, 0, 0.06%, 9, 0, 9, 310.58
1734291188, 37, 49, 79, 8, 0, 0.06%, 9, 0, 9, 350.25
1734291193, 37, 62, 79, 8, 0, 0.06%, 9, 0, 9, 308.29
1734291203, 37, 63, 79, 8, 0, 0.06%, 9, 0, 9, 258.49
1734291213, 37, 64, 79, 8, 0, 0.06%, 9, 0, 9, 394.97
1734291218, 37, 68, 79, 8, 0, 0.06%, 9, 0, 9, 389.80
1734291234, 37, 69, 79, 8, 0, 0.06%, 9, 0, 9, 266.59
1734291244, 37, 75, 79, 8, 0, 0.06%, 9, 0, 9, 297.59
1734291254, 38, 42, 79, 8, 0, 0.06%, 9, 0, 9, 320.44
1734291259, 38, 48, 79, 8, 0, 0.06%, 9, 0, 9, 294.24
1734291264, 38, 49, 79, 8, 0, 0.06%, 9, 0, 9, 336.36
1734291269, 38, 62, 79, 8, 0, 0.06%, 9, 0, 9, 307.43
1734291274, 38, 63, 79, 8, 0, 0.06%, 9, 0, 9, 344.46
1734291284, 38, 64, 79, 8, 0, 0.06%, 9, 0, 9, 356.55
1734291294, 38, 68, 79, 8, 0, 0.06%, 9, 0, 9, 276.05
1734291305, 38, 69, 79, 8, 0, 0.06%, 9, 0, 9, 342.71
1734291315, 38, 75, 79, 8, 0, 0.06%, 9, 0, 9, 378.55
1734291325, 39, 42, 79, 8, 0, 0.06%, 9, 0, 9, 352.61
1734291330, 39, 48, 79, 8, 0, 0.06%, 9, 0, 9, 316.77
1734291335, 39, 49, 79, 8, 0, 0.06%, 9, 0, 9, 339.02
1734291340, 39, 62, 79, 8, 0, 0.06%, 9, 0, 9, 305.75
1734291350, 39, 63, 79, 8, 0, 0.06%, 9, 0, 9, 306.07
1734291361, 39, 64, 79, 8, 0, 0.06%, 9, 0, 9, 375.43
1734291366, 39, 68, 79, 8, 0, 0.06%, 9, 0, 9, 354.52
1734291381, 39, 69, 79, 8, 0, 0.06%, 9, 0, 9, 255.89
1734291391, 39, 75, 79, 8, 0, 0.06%, 9, 0, 9, 342.84
1734291402, 40, 42, 79, 8, 0, 0.06%, 9, 0, 9, 320.99
1734291407, 40, 48, 79, 8, 0, 0.06%, 9, 0, 9, 306.81
1734291412, 40, 49, 79, 8, 0, 0.06%, 9, 0, 9, 353.05
1734291417, 40, 62, 79, 8, 0, 0.06%, 9, 0, 9, 297.82
1734291422, 40, 63, 79, 8, 0, 0.06%, 9, 0, 9, 321.65
1734291432, 40, 64, 79, 8, 0, 0.06%, 9, 0, 9, 376.10
1734291442, 40, 68, 79, 8, 0, 0.06%, 9, 0, 9, 276.29
1734291453, 40, 69, 79, 8, 0, 0.06%, 9, 0, 9, 311.05
1734291463, 40, 75, 79, 8, 0, 0.06%, 9, 0, 9, 338.96
1734291473, 41, 42, 79, 8, 0, 0.06%, 9, 0, 9, 316.72
1734291478, 41, 48, 79, 8, 0, 0.06%, 9, 0, 9, 297.52
1734291483, 41, 49, 79, 8, 0, 0.06%, 9, 0, 9, 335.22
1734291488, 41, 62, 79, 8, 0, 0.06%, 9, 0, 9, 306.50
1734291493, 41, 63, 79, 8, 0, 0.06%, 9, 0, 9, 384.55
1734291509, 41, 64, 79, 8, 0, 0.06%, 9, 0, 9, 343.70
1734291514, 41, 68, 79, 8, 0, 0.06%, 9, 0, 9, 297.78
1734291524, 41, 69, 79, 8, 0, 0.06%, 9, 0, 9, 390.33
1734291539, 41, 75, 79, 8, 0, 0.06%, 9, 0, 9, 395.22
1734291544, 42, 42, 79, 8, 0, 0.06%, 9, 0, 9, 355.00
1734291549, 42, 48, 79, 8, 0, 0.06%, 9, 0, 9, 295.58
1734291554, 42, 49, 79, 8, 0, 0.06%, 9, 0, 9, 323.11
1734291559, 42, 62, 79, 8, 0, 0.06%, 9, 0, 9, 321.96
1734291570, 42, 63, 79, 8, 0, 0.06%, 9, 0, 9, 275.83
1734291580, 42, 64, 79, 8, 0, 0.06%, 9, 0, 9, 390.30
1734291585, 42, 68, 79, 8, 0, 0.06%, 9, 0, 9, 384.10
1734291600, 42, 69, 79, 8, 0, 0.06%, 9, 0, 9, 282.91
1734291610, 42, 75, 79, 8, 0, 0.06%, 9, 0, 9, 325.07
1734291620, 43, 42, 79, 8, 0, 0.06%, 9, 0, 9, 312.98
1734291625, 43, 48, 79, 8, 0, 0.06%, 9, 0, 9, 300.84
1734291631, 43, 49, 79, 8, 0, 0.06%, 9, 0, 9, 348.41
1734291636, 43, 62, 79, 8, 0, 0.06%, 9, 0, 9, 314.15
1734291641, 43, 63, 79, 8, 0, 0.06%, 9, 0, 9, 359.83
1734291656, 43, 64, 79, 8, 0, 0.06%, 9, 0, 9, 341.63
1734291661, 43, 68, 79, 8, 0, 0.06%, 9, 0, 9, 300.34
1734291671, 43, 69, 79, 8, 0, 0.06%, 9, 0, 9, 367.63
1734291686, 43, 75, 79, 8, 0, 0.06%, 9, 0, 9, 410.47
1734291692, 44, 42, 79, 8, 0, 0.06%, 9, 0, 9, 329.07
1734291702, 44, 48, 79, 8, 0, 0.06%, 9, 0, 9, 295.75
1734291707, 44, 62, 79, 8, 0, 0.06%, 9, 0, 9, 332.96
1734291717, 44, 63, 79, 8, 0, 0.06%, 9, 0, 9, 291.61
1734291727, 44, 64, 79, 8, 0, 0.06%, 9, 0, 9, 306.13
1734291737, 44, 68, 79, 8, 0, 0.06%, 9, 0, 9, 270.01
1734291747, 44, 69, 79, 8, 0, 0.06%, 9, 0, 9, 323.52
1734291758, 44, 75, 79, 8, 0, 0.06%, 9, 0, 9, 357.75
1734291768, 45, 42, 79, 8, 0, 0.06%, 9, 0, 9, 333.94
1734291773, 45, 48, 79, 8, 0, 0.06%, 9, 0, 9, 312.96
1734291778, 45, 49, 79, 8, 0, 0.06%, 9, 0, 9, 340.22
1734291783, 45, 62, 79, 8, 0, 0.06%, 9, 0, 9, 317.35
1734291788, 45, 63, 79, 8, 0, 0.06%, 9, 0, 9, 347.89
1734291803, 45, 64, 79, 8, 0, 0.06%, 9, 0, 9, 354.92
1734291808, 45, 68, 79, 8, 0, 0.06%, 9, 0, 9, 334.78
1734291819, 45, 69, 79, 8, 0, 0.06%, 9, 0, 9, 426.20
1734291834, 45, 75, 79, 8, 0, 0.06%, 9, 0, 9, 414.88
1734291839, 46, 42, 79, 8, 0, 0.06%, 9, 0, 9, 322.62
1734291844, 46, 48, 79, 8, 0, 0.06%, 9, 0, 9, 305.17
1734291849, 46, 49, 79, 8, 0, 0.06%, 9, 0, 9, 299.01
1734291854, 46, 62, 79, 8, 0, 0.06%, 9, 0, 9, 341.76
1734291864, 46, 63, 79, 8, 0, 0.06%, 9, 0, 9, 272.32
1734291875, 46, 64, 79, 8, 0, 0.06%, 9, 0, 9, 393.82
1734291880, 46, 68, 79, 8, 0, 0.06%, 9, 0, 9, 363.53
1734291895, 46, 69, 79, 8, 0, 0.06%, 9, 0, 9, 293.51
1734291905, 46, 75, 79, 8, 0, 0.06%, 9, 0, 9, 325.34
1734291915, 47, 42, 79, 8, 0, 0.06%, 9, 0, 9, 309.68
1734291920, 47, 48, 79, 8, 0, 0.06%, 9, 0, 9, 298.98
1734291925, 47, 49, 79, 8, 0, 0.06%, 9, 0, 9, 346.52
1734291931, 47, 62, 79, 8, 0, 0.06%, 9, 0, 9, 318.93
1734291936, 47, 63, 79, 8, 0, 0.06%, 9, 0, 9, 373.14
1734291951, 47, 64, 79, 8, 0, 0.06%, 9, 0, 9, 368.72
1734291956, 47, 68, 79, 8, 0, 0.06%, 9, 0, 9, 327.89
1734291966, 47, 69, 79, 8, 0, 0.06%, 9, 0, 9, 415.06
1734291981, 47, 75, 79, 8, 0, 0.06%, 9, 0, 9, 411.99
1734291987, 47, 76, 79, 8, 0, 0.06%, 9, 0, 9, 322.51
1734292156, 47, 77, 79, 7, 0, 0.06%, 9, 0, 9, 373.82
1734292176, 47, 78, 79, 7, 0, 0.06%, 9, 0, 9, 374.92
1734292191, 48, 13, 79, 7, 0, 0.06%, 9, 0, 9, 327.00
1734292197, 48, 15, 79, 7, 0, 0.06%, 9, 0, 9, 292.08
1734292202, 48, 16, 79, 7, 0, 0.06%, 9, 0, 9, 300.24
1734292207, 48, 20, 79, 7, 0, 0.06%, 9, 0, 9, 321.38
1734292212, 48, 22, 79, 7, 0, 0.06%, 9, 0, 9, 348.37
1734292233, 48, 23, 79, 7, 0, 0.06%, 9, 0, 9, 350.52
1734292238, 48, 24, 79, 7, 0, 0.06%, 9, 0, 9, 401.09
1734292253, 48, 25, 79, 7, 0, 0.06%, 9, 0, 9, 303.00
1734292273, 48, 26, 79, 7, 0, 0.06%, 9, 0, 9, 352.69
1734292288, 48, 27, 79, 7, 0, 0.06%, 9, 0, 9, 343.52
1734292309, 48, 28, 79, 7, 0, 0.06%, 9, 0, 9, 317.25
1734292314, 48, 29, 79, 7, 0, 0.06%, 9, 0, 9, 350.59
1734292319, 48, 30, 79, 7, 0, 0.06%, 9, 0, 9, 307.39
1734292324, 48, 31, 79, 7, 0, 0.06%, 9, 0, 9, 331.53
1734292329, 48, 32, 79, 7, 0, 0.06%, 9, 0, 9, 340.93
1734292334, 48, 33, 79, 7, 0, 0.06%, 9, 0, 9, 345.41
1734292339, 48, 34, 79, 7, 0, 0.06%, 9, 0, 9, 336.38
1734292344, 48, 35, 79, 7, 0, 0.06%, 9, 0, 9, 339.46
1734292349, 48, 36, 79, 7, 0, 0.06%, 9, 0, 9, 365.50
1734292354, 48, 37, 79, 7, 0, 0.06%, 9, 0, 9, 328.78
1734292360, 48, 38, 79, 7, 0, 0.06%, 9, 0, 9, 371.72
1734292365, 48, 39, 79, 7, 0, 0.06%, 9, 0, 9, 323.24
1734292385, 48, 40, 79, 7, 0, 0.06%, 9, 0, 9, 325.53
1734292390, 48, 41, 79, 7, 0, 0.06%, 9, 0, 9, 337.55
1734292395, 48, 42, 79, 7, 0, 0.06%, 9, 0, 9, 299.88
1734292400, 48, 44, 79, 7, 0, 0.06%, 9, 0, 9, 321.33
1734292405, 48, 45, 79, 7, 0, 0.06%, 9, 0, 9, 337.24
1734292415, 48, 46, 79, 7, 0, 0.06%, 9, 0, 9, 366.17
1734292420, 48, 47, 79, 7, 0, 0.06%, 9, 0, 9, 372.34
1734292436, 48, 48, 79, 7, 0, 0.06%, 9, 0, 9, 324.99
1734292441, 48, 50, 79, 7, 0, 0.06%, 9, 0, 9, 341.82
1734292451, 48, 51, 79, 7, 0, 0.06%, 9, 0, 9, 391.53
1734292456, 48, 52, 79, 7, 0, 0.06%, 9, 0, 9, 352.84
1734292461, 48, 53, 79, 7, 0, 0.06%, 9, 0, 9, 353.07
1734292543, 48, 54, 79, 7, 0, 0.06%, 9, 0, 9, 372.01
1734292553, 48, 55, 79, 7, 0, 0.06%, 9, 0, 9, 359.29
1734292558, 48, 56, 79, 7, 0, 0.06%, 9, 0, 9, 382.87
1734292563, 48, 57, 79, 7, 0, 0.06%, 9, 0, 9, 345.91
1734292573, 48, 58, 79, 7, 0, 0.06%, 9, 0, 9, 309.70
1734292731, 48, 59, 79, 7, 0, 0.06%, 9, 0, 9, 455.60
1734292752, 48, 60, 79, 7, 0, 0.06%, 9, 0, 9, 397.53
1734292777, 48, 61, 79, 7, 0, 0.06%, 9, 0, 9, 312.26
1734292921, 48, 62, 79, 7, 0, 0.06%, 9, 0, 9, 315.75
1734292926, 48, 63, 79, 7, 0, 0.06%, 9, 0, 9, 321.77
1734292941, 48, 64, 79, 7, 0, 0.06%, 9, 0, 9, 367.59
1734292946, 48, 65, 79, 7, 0, 0.06%, 9, 0, 9, 372.10
1734293053, 48, 66, 79, 7, 0, 0.06%, 9, 0, 9, 350.50
1734293160, 48, 67, 79, 7, 0, 0.06%, 9, 0, 9, 413.71
1734293211, 48, 68, 79, 7, 0, 0.06%, 9, 0, 9, 348.04
1734293227, 48, 69, 79, 7, 0, 0.06%, 9, 0, 9, 304.07
1734293237, 48, 70, 79, 7, 0, 0.06%, 9, 0, 9, 350.26
1734293242, 48, 71, 79, 7, 0, 0.06%, 9, 0, 9, 350.53
1734293247, 48, 72, 79, 7, 0, 0.06%, 9, 0, 9, 339.41
1734293252, 48, 73, 79, 7, 0, 0.06%, 9, 0, 9, 329.29
1734293262, 48, 74, 79, 7, 0, 0.06%, 9, 0, 9, 354.29
1734293350, 48, 75, 79, 6, 0, 0.06%, 9, 0, 9, 299.11
1734293360, 48, 76, 79, 6, 0, 0.06%, 9, 0, 9, 383.21
1734293385, 48, 77, 79, 6, 0, 0.06%, 9, 0, 9, 391.21
1734293400, 48, 78, 79, 6, 0, 0.06%, 9, 0, 9, 325.67
1734293426, 49, 15, 79, 6, 0, 0.06%, 9, 0, 9, 294.55
1734293431, 49, 20, 79, 6, 0, 0.06%, 9, 0, 9, 325.70
1734293436, 49, 23, 79, 6, 0, 0.06%, 9, 0, 9, 367.48
1734293441, 49, 28, 79, 6, 0, 0.06%, 9, 0, 9, 362.42
1734293446, 49, 29, 79, 6, 0, 0.06%, 9, 0, 9, 339.62
1734293451, 49, 30, 79, 6, 0, 0.06%, 9, 0, 9, 302.30
1734293456, 49, 31, 79, 6, 0, 0.06%, 9, 0, 9, 338.78
1734293461, 49, 32, 79, 6, 0, 0.06%, 9, 0, 9, 340.28
1734293466, 49, 33, 79, 6, 0, 0.06%, 9, 0, 9, 318.22
1734293471, 49, 34, 79, 6, 0, 0.06%, 9, 0, 9, 332.16
1734293476, 49, 35, 79, 6, 0, 0.06%, 9, 0, 9, 340.06
1734293481, 49, 36, 79, 6, 0, 0.06%, 9, 0, 9, 389.21
1734293486, 49, 37, 79, 6, 0, 0.06%, 9, 0, 9, 329.76
1734293491, 49, 38, 79, 6, 0, 0.06%, 9, 0, 9, 366.40
1734293497, 49, 39, 79, 6, 0, 0.06%, 9, 0, 9, 359.92
1734293502, 49, 40, 79, 6, 0, 0.06%, 9, 0, 9, 377.96
1734293507, 49, 41, 79, 6, 0, 0.06%, 9, 0, 9, 358.73
1734293512, 49, 42, 79, 6, 0, 0.06%, 9, 0, 9, 312.00
1734293517, 49, 43, 79, 6, 0, 0.06%, 9, 0, 9, 332.64
1734293522, 49, 44, 79, 6, 0, 0.06%, 9, 0, 9, 308.26
1734293527, 49, 45, 79, 6, 0, 0.06%, 9, 0, 9, 373.75
1734293532, 49, 46, 79, 6, 0, 0.06%, 9, 0, 9, 363.04
1734293537, 49, 47, 79, 6, 0, 0.06%, 9, 0, 9, 401.18
1734293552, 49, 48, 79, 6, 0, 0.06%, 9, 0, 9, 327.61
1734293557, 49, 49, 79, 6, 0, 0.06%, 9, 0, 9, 332.52
1734293562, 49, 50, 79, 6, 0, 0.06%, 9, 0, 9, 368.29
1734293567, 49, 51, 79, 6, 0, 0.06%, 9, 0, 9, 378.97
1734293577, 49, 52, 79, 6, 0, 0.06%, 9, 0, 9, 361.55
1734293582, 49, 53, 79, 6, 0, 0.06%, 9, 0, 9, 379.31
1734293588, 49, 54, 79, 6, 0, 0.06%, 9, 0, 9, 376.37
1734293598, 49, 55, 79, 6, 0, 0.06%, 9, 0, 9, 358.38
1734293603, 49, 56, 79, 6, 0, 0.06%, 9, 0, 9, 360.16
1734293608, 49, 57, 79, 6, 0, 0.06%, 9, 0, 9, 366.68
1734293618, 49, 58, 79, 6, 0, 0.06%, 9, 0, 9, 312.95
1734293628, 49, 59, 79, 6, 0, 0.06%, 9, 0, 9, 364.47
1734293633, 49, 60, 79, 6, 0, 0.06%, 9, 0, 9, 395.86
1734293638, 49, 61, 79, 6, 0, 0.06%, 9, 0, 9, 306.73
1734293648, 49, 62, 79, 6, 0, 0.06%, 9, 0, 9, 340.45
1734293659, 49, 63, 79, 6, 0, 0.06%, 9, 0, 9, 269.81
1734293669, 49, 64, 79, 6, 0, 0.06%, 9, 0, 9, 382.55
1734293674, 49, 65, 79, 6, 0, 0.06%, 9, 0, 9, 330.95
1734293684, 49, 66, 79, 6, 0, 0.06%, 9, 0, 9, 385.90
1734293689, 49, 67, 79, 6, 0, 0.06%, 9, 0, 9, 404.33
1734293694, 49, 68, 79, 6, 0, 0.06%, 9, 0, 9, 414.47
1734293710, 49, 69, 79, 6, 0, 0.06%, 9, 0, 9, 275.05
1734293720, 49, 70, 79, 6, 0, 0.06%, 9, 0, 9, 366.69
1734293725, 49, 71, 79, 6, 0, 0.06%, 9, 0, 9, 374.24
1734293730, 49, 72, 79, 6, 0, 0.06%, 9, 0, 9, 331.88
1734293735, 49, 73, 79, 6, 0, 0.06%, 9, 0, 9, 313.86
1734293745, 49, 74, 79, 6, 0, 0.06%, 9, 0, 9, 427.12
1734293760, 49, 75, 79, 6, 0, 0.06%, 9, 0, 9, 328.17
1734293770, 49, 76, 79, 6, 0, 0.06%, 9, 0, 9, 373.89
1734293796, 49, 77, 79, 6, 0, 0.06%, 9, 0, 9, 350.63
1734293816, 49, 78, 79, 6, 0, 0.06%, 9, 0, 9, 372.19
1734293836, 50, 15, 79, 6, 0, 0.06%, 9, 0, 9, 295.11
1734293842, 50, 20, 79, 6, 0, 0.06%, 9, 0, 9, 350.12
1734293847, 50, 23, 79, 6, 0, 0.06%, 9, 0, 9, 353.00
1734293852, 50, 28, 79, 6, 0, 0.06%, 9, 0, 9, 342.10
1734293857, 50, 29, 79, 6, 0, 0.06%, 9, 0, 9, 326.81
1734293862, 50, 30, 79, 6, 0, 0.06%, 9, 0, 9, 285.43
1734293867, 50, 31, 79, 6, 0, 0.06%, 9, 0, 9, 316.13
1734293872, 50, 32, 79, 6, 0, 0.06%, 9, 0, 9, 333.84
1734293877, 50, 34, 79, 6, 0, 0.06%, 9, 0, 9, 348.79
1734293887, 50, 36, 79, 6, 0, 0.06%, 9, 0, 9, 384.91
1734293897, 50, 37, 79, 6, 0, 0.06%, 9, 0, 9, 312.37
1734293902, 50, 38, 79, 6, 0, 0.06%, 9, 0, 9, 341.48
1734293907, 50, 39, 79, 6, 0, 0.06%, 9, 0, 9, 324.79
1734293912, 50, 40, 79, 6, 0, 0.06%, 9, 0, 9, 363.59
1734293917, 50, 41, 79, 6, 0, 0.06%, 9, 0, 9, 349.79
1734293923, 50, 42, 79, 6, 0, 0.06%, 9, 0, 9, 321.59
1734293928, 50, 43, 79, 6, 0, 0.06%, 9, 0, 9, 335.11
1734293933, 50, 44, 79, 6, 0, 0.06%, 9, 0, 9, 317.39
1734293938, 50, 45, 79, 6, 0, 0.06%, 9, 0, 9, 317.69
1734293943, 50, 46, 79, 6, 0, 0.06%, 9, 0, 9, 331.60
1734293948, 50, 47, 79, 6, 0, 0.06%, 9, 0, 9, 368.73
1734293963, 50, 48, 79, 6, 0, 0.06%, 9, 0, 9, 322.63
1734293968, 50, 49, 79, 6, 0, 0.06%, 9, 0, 9, 342.71
1734293973, 50, 50, 79, 6, 0, 0.06%, 9, 0, 9, 400.34
1734293978, 50, 51, 79, 6, 0, 0.06%, 9, 0, 9, 330.14
1734293988, 50, 52, 79, 6, 0, 0.06%, 9, 0, 9, 370.87
1734293993, 50, 53, 79, 6, 0, 0.06%, 9, 0, 9, 369.85
1734293998, 50, 54, 79, 6, 0, 0.06%, 9, 0, 9, 373.41
1734294009, 50, 55, 79, 6, 0, 0.06%, 9, 0, 9, 389.33
1734294014, 50, 56, 79, 6, 0, 0.06%, 9, 0, 9, 344.15
1734294024, 50, 57, 79, 6, 0, 0.06%, 9, 0, 9, 375.94
1734294034, 50, 58, 79, 6, 0, 0.06%, 9, 0, 9, 375.09
1734294039, 50, 59, 79, 6, 0, 0.06%, 9, 0, 9, 399.59
1734294044, 50, 60, 79, 6, 0, 0.06%, 9, 0, 9, 383.81
1734294054, 50, 61, 79, 6, 0, 0.06%, 9, 0, 9, 392.98
1734294059, 50, 62, 79, 6, 0, 0.06%, 9, 0, 9, 335.13
1734294070, 50, 63, 79, 6, 0, 0.06%, 9, 0, 9, 272.40
1734294080, 50, 64, 79, 6, 0, 0.06%, 9, 0, 9, 389.27
1734294085, 50, 65, 79, 6, 0, 0.06%, 9, 0, 9, 334.65
1734294095, 50, 66, 79, 6, 0, 0.06%, 9, 0, 9, 392.63
1734294100, 50, 67, 79, 6, 0, 0.06%, 9, 0, 9, 344.76
1734294110, 50, 68, 79, 6, 0, 0.06%, 9, 0, 9, 281.91
1734294120, 50, 69, 79, 6, 0, 0.06%, 9, 0, 9, 313.96
1734294130, 50, 70, 79, 6, 0, 0.06%, 9, 0, 9, 367.50
1734294135, 50, 71, 79, 6, 0, 0.06%, 9, 0, 9, 335.78
1734294141, 50, 72, 79, 6, 0, 0.06%, 9, 0, 9, 325.03
1734294146, 50, 73, 79, 6, 0, 0.06%, 9, 0, 9, 343.92
1734294156, 50, 74, 79, 6, 0, 0.06%, 9, 0, 9, 396.27
1734294171, 50, 75, 79, 6, 0, 0.06%, 9, 0, 9, 358.28
1734294181, 50, 76, 79, 6, 0, 0.06%, 9, 0, 9, 325.42
1734294206, 50, 77, 79, 6, 0, 0.06%, 9, 0, 9, 358.33
1734294217, 50, 78, 79, 6, 0, 0.06%, 9, 0, 9, 297.76
1734294227, 51, 15, 79, 6, 0, 0.06%, 9, 0, 9, 327.63
1734294232, 51, 16, 79, 6, 0, 0.06%, 9, 0, 9, 308.99
1734294237, 51, 20, 79, 6, 0, 0.06%, 9, 0, 9, 332.01
1734294242, 51, 23, 79, 6, 0, 0.06%, 9, 0, 9, 362.73
1734294247, 51, 29, 79, 6, 0, 0.06%, 9, 0, 9, 332.28
1734294252, 51, 30, 79, 6, 0, 0.06%, 9, 0, 9, 314.43
1734294257, 51, 31, 79, 6, 0, 0.06%, 9, 0, 9, 283.98
1734294262, 51, 32, 79, 6, 0, 0.06%, 9, 0, 9, 333.07
1734294267, 51, 33, 79, 6, 0, 0.06%, 9, 0, 9, 371.91
1734294272, 51, 34, 79, 6, 0, 0.06%, 9, 0, 9, 359.82
1734294277, 51, 35, 79, 6, 0, 0.06%, 9, 0, 9, 367.20
1734294282, 51, 36, 79, 6, 0, 0.06%, 9, 0, 9, 308.23
1734294288, 51, 37, 79, 6, 0, 0.06%, 9, 0, 9, 349.06
1734294293, 51, 38, 79, 6, 0, 0.06%, 9, 0, 9, 334.51
1734294298, 51, 39, 79, 6, 0, 0.06%, 9, 0, 9, 365.19
1734294308, 51, 40, 79, 6, 0, 0.06%, 9, 0, 9, 334.31
1734294313, 51, 42, 79, 6, 0, 0.06%, 9, 0, 9, 316.11
1734294318, 51, 43, 79, 6, 0, 0.06%, 9, 0, 9, 316.57
1734294323, 51, 44, 79, 6, 0, 0.06%, 9, 0, 9, 320.58
1734294328, 51, 45, 79, 6, 0, 0.06%, 9, 0, 9, 301.33
1734294339, 51, 46, 79, 6, 0, 0.06%, 9, 0, 9, 333.03
1734294344, 51, 47, 79, 6, 0, 0.06%, 9, 0, 9, 320.26
1734294354, 51, 48, 79, 6, 0, 0.06%, 9, 0, 9, 320.67
1734294359, 51, 49, 79, 6, 0, 0.06%, 9, 0, 9, 321.11
1734294364, 51, 50, 79, 6, 0, 0.06%, 9, 0, 9, 323.56
1734294374, 51, 51, 79, 6, 0, 0.06%, 9, 0, 9, 400.06
1734294379, 51, 52, 79, 6, 0, 0.06%, 9, 0, 9, 370.25
1734294384, 51, 53, 79, 6, 0, 0.06%, 9, 0, 9, 322.42
1734294394, 51, 54, 79, 6, 0, 0.06%, 9, 0, 9, 372.08
1734294400, 51, 55, 79, 6, 0, 0.06%, 9, 0, 9, 332.96
1734294410, 51, 56, 79, 6, 0, 0.06%, 9, 0, 9, 367.00
1734294415, 51, 57, 79, 6, 0, 0.06%, 9, 0, 9, 321.24
1734294425, 51, 58, 79, 6, 0, 0.06%, 9, 0, 9, 404.41
1734294430, 51, 59, 79, 6, 0, 0.06%, 9, 0, 9, 395.35
1734294440, 51, 60, 79, 6, 0, 0.06%, 9, 0, 9, 356.95
1734294445, 51, 61, 79, 6, 0, 0.06%, 9, 0, 9, 387.40
1734294456, 51, 62, 79, 6, 0, 0.06%, 9, 0, 9, 290.58
1734294461, 51, 63, 79, 6, 0, 0.06%, 9, 0, 9, 326.58
1734294471, 51, 64, 79, 6, 0, 0.06%, 9, 0, 9, 381.57
1734294481, 51, 65, 79, 6, 0, 0.06%, 9, 0, 9, 365.88
1734294486, 51, 66, 79, 6, 0, 0.06%, 9, 0, 9, 412.42
1734294491, 51, 67, 79, 6, 0, 0.06%, 9, 0, 9, 340.27
1734294501, 51, 68, 79, 6, 0, 0.06%, 9, 0, 9, 289.65
1734294511, 51, 69, 79, 6, 0, 0.06%, 9, 0, 9, 358.61
1734294521, 51, 70, 79, 6, 0, 0.06%, 9, 0, 9, 352.86
1734294532, 51, 71, 79, 6, 0, 0.06%, 9, 0, 9, 334.69
1734294537, 51, 72, 79, 6, 0, 0.06%, 9, 0, 9, 323.79
1734294542, 51, 73, 79, 6, 0, 0.06%, 9, 0, 9, 333.98
1734294547, 51, 74, 79, 6, 0, 0.06%, 9, 0, 9, 350.28
1734294557, 51, 75, 79, 6, 0, 0.06%, 9, 0, 9, 302.60
1734294567, 51, 76, 79, 6, 0, 0.06%, 9, 0, 9, 371.00
1734294592, 51, 77, 79, 6, 0, 0.06%, 9, 0, 9, 365.56
1734294598, 51, 78, 79, 6, 0, 0.06%, 9, 0, 9, 328.25
1734294613, 52, 15, 79, 6, 0, 0.06%, 9, 0, 9, 314.58
1734294618, 52, 16, 79, 6, 0, 0.06%, 9, 0, 9, 292.90
1734294623, 52, 23, 79, 6, 0, 0.06%, 9, 0, 9, 336.63
1734294628, 52, 28, 79, 6, 0, 0.06%, 9, 0, 9, 350.99
1734294633, 52, 29, 79, 6, 0, 0.06%, 9, 0, 9, 340.30
1734294638, 52, 30, 79, 6, 0, 0.06%, 9, 0, 9, 284.86
1734294643, 52, 31, 79, 6, 0, 0.06%, 9, 0, 9, 318.85
1734294649, 52, 32, 79, 6, 0, 0.06%, 9, 0, 9, 353.81
1734294654, 52, 33, 79, 6, 0, 0.06%, 9, 0, 9, 358.76
1734294659, 52, 34, 79, 6, 0, 0.06%, 9, 0, 9, 365.67
1734294664, 52, 35, 79, 6, 0, 0.06%, 9, 0, 9, 345.88
1734294669, 52, 36, 79, 6, 0, 0.06%, 9, 0, 9, 371.86
1734294674, 52, 37, 79, 6, 0, 0.06%, 9, 0, 9, 327.14
1734294679, 52, 38, 79, 6, 0, 0.06%, 9, 0, 9, 359.65
1734294684, 52, 39, 79, 6, 0, 0.06%, 9, 0, 9, 314.86
1734294694, 52, 41, 79, 6, 0, 0.06%, 9, 0, 9, 365.63
1734294699, 52, 42, 79, 6, 0, 0.06%, 9, 0, 9, 313.25
1734294704, 52, 43, 79, 6, 0, 0.06%, 9, 0, 9, 340.11
1734294709, 52, 44, 79, 6, 0, 0.06%, 9, 0, 9, 314.50
1734294715, 52, 45, 79, 6, 0, 0.06%, 9, 0, 9, 284.09
1734294720, 52, 46, 79, 6, 0, 0.06%, 9, 0, 9, 370.03
1734294730, 52, 47, 79, 6, 0, 0.06%, 9, 0, 9, 289.26
1734294740, 52, 48, 79, 6, 0, 0.06%, 9, 0, 9, 325.99
1734294745, 52, 49, 79, 6, 0, 0.06%, 9, 0, 9, 364.00
1734294751, 52, 50, 79, 6, 0, 0.06%, 9, 0, 9, 372.97
1734294756, 52, 51, 79, 6, 0, 0.06%, 9, 0, 9, 384.20
1734294766, 52, 52, 79, 6, 0, 0.06%, 9, 0, 9, 367.58
1734294771, 52, 53, 79, 6, 0, 0.06%, 9, 0, 9, 356.09
1734294781, 52, 54, 79, 6, 0, 0.06%, 9, 0, 9, 368.83
1734294786, 52, 55, 79, 6, 0, 0.06%, 9, 0, 9, 408.33
1734294791, 52, 56, 79, 6, 0, 0.06%, 9, 0, 9, 354.09
1734294801, 52, 57, 79, 6, 0, 0.06%, 9, 0, 9, 358.20
1734294811, 52, 58, 79, 6, 0, 0.06%, 9, 0, 9, 396.89
1734294816, 52, 59, 79, 6, 0, 0.06%, 9, 0, 9, 374.95
1734294827, 52, 60, 79, 6, 0, 0.06%, 9, 0, 9, 362.93
1734294832, 52, 61, 79, 6, 0, 0.06%, 9, 0, 9, 391.57
1734294837, 52, 62, 79, 6, 0, 0.06%, 9, 0, 9, 347.72
1734294847, 52, 63, 79, 6, 0, 0.06%, 9, 0, 9, 299.30
1734294857, 52, 64, 79, 6, 0, 0.06%, 9, 0, 9, 382.15
1734294867, 52, 65, 79, 6, 0, 0.06%, 9, 0, 9, 383.65
1734294872, 52, 66, 79, 6, 0, 0.06%, 9, 0, 9, 385.60
1734294877, 52, 67, 79, 6, 0, 0.06%, 9, 0, 9, 388.87
1734294888, 52, 68, 79, 6, 0, 0.06%, 9, 0, 9, 269.75
1734294898, 52, 69, 79, 6, 0, 0.06%, 9, 0, 9, 340.11
1734294908, 52, 70, 79, 6, 0, 0.06%, 9, 0, 9, 342.42
1734294913, 52, 71, 79, 6, 0, 0.06%, 9, 0, 9, 336.43
1734294923, 52, 72, 79, 6, 0, 0.06%, 9, 0, 9, 312.07
1734294928, 52, 73, 79, 6, 0, 0.06%, 9, 0, 9, 328.13
1734294933, 52, 74, 79, 6, 0, 0.06%, 9, 0, 9, 307.59
1734294943, 52, 75, 79, 6, 0, 0.06%, 9, 0, 9, 345.82
1734294953, 52, 76, 79, 6, 0, 0.06%, 9, 0, 9, 306.83
1734294979, 52, 77, 79, 6, 0, 0.06%, 9, 0, 9, 371.40
1734294989, 52, 78, 79, 6, 0, 0.06%, 9, 0, 9, 302.41
1734294999, 53, 15, 79, 6, 0, 0.06%, 9, 0, 9, 329.31
1734295004, 53, 16, 79, 6, 0, 0.06%, 9, 0, 9, 305.87
1734295009, 53, 20, 79, 6, 0, 0.06%, 9, 0, 9, 337.89
1734295014, 53, 23, 79, 6, 0, 0.06%, 9, 0, 9, 341.64
1734295019, 53, 29, 79, 6, 0, 0.06%, 9, 0, 9, 332.21
1734295024, 53, 30, 79, 6, 0, 0.06%, 9, 0, 9, 308.03
1734295029, 53, 31, 79, 6, 0, 0.06%, 9, 0, 9, 293.79
1734295034, 53, 32, 79, 6, 0, 0.06%, 9, 0, 9, 339.43
1734295039, 53, 33, 79, 6, 0, 0.06%, 9, 0, 9, 360.10
1734295045, 53, 34, 79, 6, 0, 0.06%, 9, 0, 9, 337.73
1734295050, 53, 35, 79, 6, 0, 0.06%, 9, 0, 9, 361.93
1734295055, 53, 36, 79, 6, 0, 0.06%, 9, 0, 9, 326.58
1734295065, 53, 37, 79, 6, 0, 0.06%, 9, 0, 9, 334.76
1734295070, 53, 38, 79, 6, 0, 0.06%, 9, 0, 9, 335.24
1734295075, 53, 39, 79, 6, 0, 0.06%, 9, 0, 9, 352.68
1734295080, 53, 40, 79, 6, 0, 0.06%, 9, 0, 9, 363.77
1734295085, 53, 41, 79, 6, 0, 0.06%, 9, 0, 9, 340.20
1734295090, 53, 42, 79, 6, 0, 0.06%, 9, 0, 9, 301.53
1734295095, 53, 44, 79, 6, 0, 0.06%, 9, 0, 9, 314.98
1734295100, 53, 45, 79, 6, 0, 0.06%, 9, 0, 9, 328.20
1734295111, 53, 46, 79, 6, 0, 0.06%, 9, 0, 9, 366.64
1734295116, 53, 47, 79, 6, 0, 0.06%, 9, 0, 9, 382.06
1734295131, 53, 48, 79, 6, 0, 0.06%, 9, 0, 9, 304.64
1734295136, 53, 50, 79, 6, 0, 0.06%, 9, 0, 9, 357.51
1734295146, 53, 51, 79, 6, 0, 0.06%, 9, 0, 9, 379.97
1734295151, 53, 52, 79, 6, 0, 0.06%, 9, 0, 9, 335.82
1734295156, 53, 53, 79, 6, 0, 0.06%, 9, 0, 9, 350.31
1734295166, 53, 54, 79, 6, 0, 0.06%, 9, 0, 9, 367.89
1734295176, 53, 55, 79, 6, 0, 0.06%, 9, 0, 9, 368.18
1734295181, 53, 56, 79, 6, 0, 0.06%, 9, 0, 9, 398.89
1734295186, 53, 57, 79, 6, 0, 0.06%, 9, 0, 9, 357.43
1734295197, 53, 58, 79, 6, 0, 0.06%, 9, 0, 9, 339.63
1734295207, 53, 59, 79, 6, 0, 0.06%, 9, 0, 9, 375.60
1734295212, 53, 60, 79, 6, 0, 0.06%, 9, 0, 9, 393.53
1734295217, 53, 61, 79, 6, 0, 0.06%, 9, 0, 9, 335.39
1734295227, 53, 62, 79, 6, 0, 0.06%, 9, 0, 9, 324.47
1734295232, 53, 63, 79, 6, 0, 0.06%, 9, 0, 9, 343.46
1734295247, 53, 64, 79, 6, 0, 0.06%, 9, 0, 9, 355.87
1734295252, 53, 65, 79, 6, 0, 0.06%, 9, 0, 9, 376.87
1734295257, 53, 66, 79, 6, 0, 0.06%, 9, 0, 9, 362.85
1734295267, 53, 67, 79, 6, 0, 0.06%, 9, 0, 9, 377.37
1734295272, 53, 68, 79, 6, 0, 0.06%, 9, 0, 9, 401.12
1734295288, 53, 69, 79, 6, 0, 0.06%, 9, 0, 9, 285.24
1734295298, 53, 70, 79, 6, 0, 0.06%, 9, 0, 9, 353.18
1734295303, 53, 71, 79, 6, 0, 0.06%, 9, 0, 9, 348.91
1734295308, 53, 72, 79, 6, 0, 0.06%, 9, 0, 9, 324.94
1734295313, 53, 73, 79, 6, 0, 0.06%, 9, 0, 9, 325.51
1734295323, 53, 74, 79, 6, 0, 0.06%, 9, 0, 9, 386.27
1734295334, 53, 75, 79, 6, 0, 0.06%, 9, 0, 9, 383.67
1734295339, 53, 76, 79, 6, 0, 0.06%, 9, 0, 9, 375.23
1734295354, 53, 77, 79, 6, 0, 0.06%, 9, 0, 9, 312.46
1734295359, 53, 78, 79, 6, 0, 0.06%, 9, 0, 9, 361.17
1734295369, 54, 15, 79, 6, 0, 0.06%, 9, 0, 9, 321.81
1734295374, 54, 16, 79, 6, 0, 0.06%, 9, 0, 9, 310.91
1734295379, 54, 20, 79, 6, 0, 0.06%, 9, 0, 9, 315.64
1734295384, 54, 28, 79, 6, 0, 0.06%, 9, 0, 9, 334.43
1734295389, 54, 29, 79, 6, 0, 0.06%, 9, 0, 9, 354.06
1734295394, 54, 30, 79, 6, 0, 0.06%, 9, 0, 9, 302.99
1734295400, 54, 31, 79, 6, 0, 0.06%, 9, 0, 9, 331.11
1734295405, 54, 32, 79, 6, 0, 0.06%, 9, 0, 9, 360.71
1734295410, 54, 33, 79, 6, 0, 0.06%, 9, 0, 9, 351.15
1734295415, 54, 34, 79, 6, 0, 0.06%, 9, 0, 9, 367.15
1734295420, 54, 35, 79, 6, 0, 0.06%, 9, 0, 9, 348.40
1734295425, 54, 36, 79, 6, 0, 0.06%, 9, 0, 9, 341.58
1734295430, 54, 37, 79, 6, 0, 0.06%, 9, 0, 9, 344.49
1734295435, 54, 38, 79, 6, 0, 0.06%, 9, 0, 9, 317.88
1734295440, 54, 39, 79, 6, 0, 0.06%, 9, 0, 9, 336.32
1734295450, 54, 41, 79, 6, 0, 0.06%, 9, 0, 9, 342.00
1734295455, 54, 42, 79, 6, 0, 0.06%, 9, 0, 9, 310.31
1734295461, 54, 43, 79, 6, 0, 0.06%, 9, 0, 9, 329.74
1734295466, 54, 44, 79, 6, 0, 0.06%, 9, 0, 9, 312.09
1734295471, 54, 45, 79, 6, 0, 0.06%, 9, 0, 9, 300.50
1734295481, 54, 46, 79, 6, 0, 0.06%, 9, 0, 9, 372.37
1734295486, 54, 47, 79, 6, 0, 0.06%, 9, 0, 9, 301.14
1734295496, 54, 48, 79, 6, 0, 0.06%, 9, 0, 9, 328.77
1734295501, 54, 49, 79, 6, 0, 0.06%, 9, 0, 9, 368.63
1734295506, 54, 50, 79, 6, 0, 0.06%, 9, 0, 9, 360.91
1734295516, 54, 51, 79, 6, 0, 0.06%, 9, 0, 9, 357.48
1734295521, 54, 52, 79, 6, 0, 0.06%, 9, 0, 9, 384.18
1734295527, 54, 53, 79, 6, 0, 0.06%, 9, 0, 9, 338.31
1734295537, 54, 54, 79, 6, 0, 0.06%, 9, 0, 9, 368.97
1734295542, 54, 55, 79, 6, 0, 0.06%, 9, 0, 9, 372.73
1734295552, 54, 56, 79, 6, 0, 0.06%, 9, 0, 9, 354.51
1734295557, 54, 57, 79, 6, 0, 0.06%, 9, 0, 9, 355.37
1734295567, 54, 58, 79, 6, 0, 0.06%, 9, 0, 9, 388.23
1734295572, 54, 59, 79, 6, 0, 0.06%, 9, 0, 9, 376.12
1734295577, 54, 60, 79, 6, 0, 0.06%, 9, 0, 9, 336.70
1734295588, 54, 61, 79, 6, 0, 0.06%, 9, 0, 9, 372.89
1734295593, 54, 62, 79, 6, 0, 0.06%, 9, 0, 9, 351.19
1734295603, 54, 63, 79, 6, 0, 0.06%, 9, 0, 9, 291.03
1734295613, 54, 64, 79, 6, 0, 0.06%, 9, 0, 9, 402.38
1734295618, 54, 65, 79, 6, 0, 0.06%, 9, 0, 9, 357.05
1734295628, 54, 66, 79, 6, 0, 0.06%, 9, 0, 9, 378.09
1734295633, 54, 67, 79, 6, 0, 0.06%, 9, 0, 9, 368.16
1734295643, 54, 68, 79, 6, 0, 0.06%, 9, 0, 9, 273.57
1734295654, 54, 69, 79, 6, 0, 0.06%, 9, 0, 9, 312.17
1734295664, 54, 70, 79, 6, 0, 0.06%, 9, 0, 9, 351.23
1734295669, 54, 71, 79, 6, 0, 0.06%, 9, 0, 9, 311.96
1734295674, 54, 72, 79, 6, 0, 0.06%, 9, 0, 9, 332.87
1734295684, 54, 73, 79, 6, 0, 0.06%, 9, 0, 9, 330.99
1734295689, 54, 74, 79, 6, 0, 0.06%, 9, 0, 9, 357.28
1734295694, 54, 75, 79, 6, 0, 0.06%, 9, 0, 9, 336.88
1734295704, 54, 76, 79, 6, 0, 0.06%, 9, 0, 9, 321.78
1734295719, 54, 77, 79, 6, 0, 0.06%, 9, 0, 9, 360.99
1734295725, 54, 78, 79, 6, 0, 0.06%, 9, 0, 9, 299.32
1734295730, 55, 15, 79, 6, 0, 0.06%, 9, 0, 9, 323.83
1734295735, 55, 16, 79, 6, 0, 0.06%, 9, 0, 9, 298.27
1734295740, 55, 20, 79, 6, 0, 0.06%, 9, 0, 9, 323.63
1734295745, 55, 23, 79, 6, 0, 0.06%, 9, 0, 9, 357.88
1734295750, 55, 28, 79, 6, 0, 0.06%, 9, 0, 9, 352.86
1734295755, 55, 29, 79, 6, 0, 0.06%, 9, 0, 9, 330.88
1734295760, 55, 30, 79, 6, 0, 0.06%, 9, 0, 9, 293.96
1734295765, 55, 31, 79, 6, 0, 0.06%, 9, 0, 9, 309.57
1734295770, 55, 33, 79, 6, 0, 0.06%, 9, 0, 9, 341.00
1734295775, 55, 34, 79, 6, 0, 0.06%, 9, 0, 9, 331.39
1734295785, 55, 36, 79, 6, 0, 0.06%, 9, 0, 9, 368.45
1734295795, 55, 37, 79, 6, 0, 0.06%, 9, 0, 9, 321.02
1734295801, 55, 38, 79, 6, 0, 0.06%, 9, 0, 9, 340.44
1734295806, 55, 39, 79, 6, 0, 0.06%, 9, 0, 9, 374.20
1734295811, 55, 40, 79, 6, 0, 0.06%, 9, 0, 9, 374.08
1734295816, 55, 41, 79, 6, 0, 0.06%, 9, 0, 9, 338.78
1734295821, 55, 42, 79, 6, 0, 0.06%, 9, 0, 9, 316.09
1734295826, 55, 43, 79, 6, 0, 0.06%, 9, 0, 9, 324.56
1734295831, 55, 44, 79, 6, 0, 0.06%, 9, 0, 9, 313.04
1734295836, 55, 45, 79, 6, 0, 0.06%, 9, 0, 9, 369.80
1734295841, 55, 46, 79, 6, 0, 0.06%, 9, 0, 9, 382.30
1734295846, 55, 47, 79, 6, 0, 0.06%, 9, 0, 9, 382.68
1734295861, 55, 48, 79, 6, 0, 0.06%, 9, 0, 9, 300.48
1734295867, 55, 50, 79, 6, 0, 0.06%, 9, 0, 9, 323.38
1734295877, 55, 51, 79, 6, 0, 0.06%, 9, 0, 9, 396.67
1734295882, 55, 52, 79, 6, 0, 0.06%, 9, 0, 9, 353.13
1734295892, 55, 53, 79, 6, 0, 0.06%, 9, 0, 9, 353.55
1734295897, 55, 54, 79, 6, 0, 0.06%, 9, 0, 9, 350.13
1734295907, 55, 55, 79, 6, 0, 0.06%, 9, 0, 9, 361.04
1734295912, 55, 56, 79, 6, 0, 0.06%, 9, 0, 9, 392.43
1734295917, 55, 57, 79, 6, 0, 0.06%, 9, 0, 9, 396.19
1734295927, 55, 58, 79, 6, 0, 0.06%, 9, 0, 9, 328.94
1734295937, 55, 59, 79, 6, 0, 0.06%, 9, 0, 9, 375.76
1734295943, 55, 60, 79, 6, 0, 0.06%, 9, 0, 9, 389.69
1734295948, 55, 61, 79, 6, 0, 0.06%, 9, 0, 9, 337.70
1734295958, 55, 62, 79, 6, 0, 0.06%, 9, 0, 9, 316.04
1734295963, 55, 63, 79, 6, 0, 0.06%, 9, 0, 9, 356.17
1734295979, 55, 64, 79, 6, 0, 0.06%, 9, 0, 9, 365.80
1734295984, 55, 65, 79, 6, 0, 0.06%, 9, 0, 9, 396.81
1734295989, 55, 66, 79, 6, 0, 0.06%, 9, 0, 9, 365.12
1734295999, 55, 67, 79, 6, 0, 0.06%, 9, 0, 9, 350.23
1734296004, 55, 68, 79, 6, 0, 0.06%, 9, 0, 9, 312.68
1734296014, 55, 69, 79, 6, 0, 0.06%, 9, 0, 9, 357.65
1734296029, 55, 70, 79, 6, 0, 0.06%, 9, 0, 9, 344.68
1734296034, 55, 71, 79, 6, 0, 0.06%, 9, 0, 9, 349.54
1734296040, 55, 72, 79, 6, 0, 0.06%, 9, 0, 9, 325.99
1734296045, 55, 73, 79, 6, 0, 0.06%, 9, 0, 9, 330.47
1734296055, 55, 74, 79, 6, 0, 0.06%, 9, 0, 9, 352.19
1734296060, 55, 75, 79, 6, 0, 0.06%, 9, 0, 9, 323.89
1734296070, 55, 76, 79, 6, 0, 0.06%, 9, 0, 9, 381.25
1734296075, 55, 77, 79, 6, 0, 0.06%, 9, 0, 9, 363.24
1734296080, 55, 78, 79, 6, 0, 0.06%, 9, 0, 9, 358.96
1734296090, 56, 15, 79, 6, 0, 0.06%, 9, 0, 9, 310.95
1734296095, 56, 16, 79, 6, 0, 0.06%, 9, 0, 9, 295.80
1734296100, 56, 20, 79, 6, 0, 0.06%, 9, 0, 9, 333.14
1734296105, 56, 23, 79, 6, 0, 0.06%, 9, 0, 9, 320.27
1734296110, 56, 28, 79, 6, 0, 0.06%, 9, 0, 9, 340.32
1734296115, 56, 30, 79, 6, 0, 0.06%, 9, 0, 9, 322.06
1734296120, 56, 31, 79, 6, 0, 0.06%, 9, 0, 9, 298.94
1734296125, 56, 32, 79, 6, 0, 0.06%, 9, 0, 9, 334.52
1734296131, 56, 33, 79, 6, 0, 0.06%, 9, 0, 9, 368.49
1734296136, 56, 34, 79, 6, 0, 0.06%, 9, 0, 9, 348.89
1734296141, 56, 35, 79, 6, 0, 0.06%, 9, 0, 9, 379.19
1734296146, 56, 36, 79, 6, 0, 0.06%, 9, 0, 9, 308.21
1734296156, 56, 37, 79, 6, 0, 0.06%, 9, 0, 9, 322.00
1734296161, 56, 38, 79, 6, 0, 0.06%, 9, 0, 9, 349.88
1734296166, 56, 39, 79, 6, 0, 0.06%, 9, 0, 9, 349.43
1734296171, 56, 40, 79, 6, 0, 0.06%, 9, 0, 9, 348.89
1734296176, 56, 41, 79, 6, 0, 0.06%, 9, 0, 9, 325.24
1734296181, 56, 42, 79, 6, 0, 0.06%, 9, 0, 9, 314.04
1734296186, 56, 44, 79, 6, 0, 0.06%, 9, 0, 9, 317.79
1734296191, 56, 45, 79, 6, 0, 0.06%, 9, 0, 9, 316.79
1734296201, 56, 46, 79, 6, 0, 0.06%, 9, 0, 9, 376.59
1734296206, 56, 47, 79, 6, 0, 0.06%, 9, 0, 9, 314.36
1734296217, 56, 48, 79, 6, 0, 0.06%, 9, 0, 9, 348.07
1734296222, 56, 49, 79, 6, 0, 0.06%, 9, 0, 9, 354.82
1734296227, 56, 50, 79, 6, 0, 0.06%, 9, 0, 9, 360.36
1734296237, 56, 51, 79, 6, 0, 0.06%, 9, 0, 9, 362.55
1734296242, 56, 52, 79, 6, 0, 0.06%, 9, 0, 9, 392.09
1734296247, 56, 53, 79, 6, 0, 0.06%, 9, 0, 9, 336.78
1734296257, 56, 54, 79, 6, 0, 0.06%, 9, 0, 9, 369.77
1734296262, 56, 55, 79, 6, 0, 0.06%, 9, 0, 9, 359.94
1734296272, 56, 56, 79, 6, 0, 0.06%, 9, 0, 9, 369.31
1734296277, 56, 57, 79, 6, 0, 0.06%, 9, 0, 9, 318.24
1734296287, 56, 58, 79, 6, 0, 0.06%, 9, 0, 9, 375.73
1734296297, 56, 59, 79, 6, 0, 0.06%, 9, 0, 9, 338.69
1734296302, 56, 60, 79, 6, 0, 0.06%, 9, 0, 9, 367.07
1734296307, 56, 61, 79, 6, 0, 0.06%, 9, 0, 9, 303.79
1734296318, 56, 62, 79, 6, 0, 0.06%, 9, 0, 9, 329.86
1734296323, 56, 63, 79, 6, 0, 0.06%, 9, 0, 9, 367.25
1734296338, 56, 64, 79, 6, 0, 0.06%, 9, 0, 9, 357.53
1734296343, 56, 65, 79, 6, 0, 0.06%, 9, 0, 9, 413.36
1734296348, 56, 66, 79, 6, 0, 0.06%, 9, 0, 9, 377.05
1734296358, 56, 67, 79, 6, 0, 0.06%, 9, 0, 9, 360.48
1734296363, 56, 68, 79, 6, 0, 0.06%, 9, 0, 9, 303.43
1734296374, 56, 69, 79, 6, 0, 0.06%, 9, 0, 9, 395.05
1734296389, 56, 70, 79, 6, 0, 0.06%, 9, 0, 9, 336.56
1734296394, 56, 71, 79, 6, 0, 0.06%, 9, 0, 9, 343.39
1734296399, 56, 72, 79, 6, 0, 0.06%, 9, 0, 9, 313.86
1734296404, 56, 73, 79, 6, 0, 0.06%, 9, 0, 9, 342.42
1734296409, 56, 74, 79, 6, 0, 0.06%, 9, 0, 9, 305.92
1734296414, 56, 75, 79, 6, 0, 0.06%, 9, 0, 9, 373.76
1734296425, 56, 76, 79, 6, 0, 0.06%, 9, 0, 9, 353.03
1734296435, 56, 77, 79, 6, 0, 0.06%, 9, 0, 9, 351.74
1734296440, 56, 78, 79, 6, 0, 0.06%, 9, 0, 9, 307.28
1734296445, 57, 15, 79, 6, 0, 0.06%, 9, 0, 9, 326.09
1734296450, 57, 16, 79, 6, 0, 0.06%, 9, 0, 9, 305.65
1734296455, 57, 20, 79, 6, 0, 0.06%, 9, 0, 9, 321.55
1734296460, 57, 23, 79, 6, 0, 0.06%, 9, 0, 9, 350.56
1734296465, 57, 28, 79, 6, 0, 0.06%, 9, 0, 9, 338.60
1734296470, 57, 29, 79, 6, 0, 0.06%, 9, 0, 9, 318.63
1734296475, 57, 30, 79, 6, 0, 0.06%, 9, 0, 9, 291.21
1734296480, 57, 31, 79, 6, 0, 0.06%, 9, 0, 9, 319.57
1734296485, 57, 32, 79, 6, 0, 0.06%, 9, 0, 9, 348.56
1734296491, 57, 34, 79, 6, 0, 0.06%, 9, 0, 9, 346.86
1734296501, 57, 35, 79, 6, 0, 0.06%, 9, 0, 9, 327.04
1734296506, 57, 36, 79, 6, 0, 0.06%, 9, 0, 9, 367.69
1734296511, 57, 37, 79, 6, 0, 0.06%, 9, 0, 9, 332.89
1734296516, 57, 38, 79, 6, 0, 0.06%, 9, 0, 9, 354.70
1734296521, 57, 39, 79, 6, 0, 0.06%, 9, 0, 9, 355.39
1734296526, 57, 40, 79, 6, 0, 0.06%, 9, 0, 9, 371.36
1734296531, 57, 41, 79, 6, 0, 0.06%, 9, 0, 9, 355.13
1734296536, 57, 42, 79, 6, 0, 0.06%, 9, 0, 9, 315.88
1734296541, 57, 43, 79, 6, 0, 0.06%, 9, 0, 9, 328.24
1734296546, 57, 44, 79, 6, 0, 0.06%, 9, 0, 9, 308.50
1734296551, 57, 45, 79, 6, 0, 0.06%, 9, 0, 9, 349.20
1734296556, 57, 46, 79, 6, 0, 0.06%, 9, 0, 9, 314.74
1734296562, 57, 47, 79, 6, 0, 0.06%, 9, 0, 9, 410.40
1734296577, 57, 48, 79, 6, 0, 0.06%, 9, 0, 9, 310.97
1734296582, 57, 49, 79, 6, 0, 0.06%, 9, 0, 9, 348.11
1734296587, 57, 50, 79, 6, 0, 0.06%, 9, 0, 9, 381.85
1734296592, 57, 51, 79, 6, 0, 0.06%, 9, 0, 9, 356.36
1734296602, 57, 52, 79, 6, 0, 0.06%, 9, 0, 9, 384.40
1734296607, 57, 53, 79, 6, 0, 0.06%, 9, 0, 9, 391.23
1734296612, 57, 54, 79, 6, 0, 0.06%, 9, 0, 9, 328.59
1734296622, 57, 55, 79, 6, 0, 0.06%, 9, 0, 9, 395.37
1734296628, 57, 56, 79, 6, 0, 0.06%, 9, 0, 9, 385.62
1734296633, 57, 57, 79, 6, 0, 0.06%, 9, 0, 9, 391.31
1734296643, 57, 58, 79, 6, 0, 0.06%, 9, 0, 9, 358.69
1734296653, 57, 59, 79, 6, 0, 0.06%, 9, 0, 9, 387.12
1734296658, 57, 60, 79, 6, 0, 0.06%, 9, 0, 9, 385.37
1734296663, 57, 61, 79, 6, 0, 0.06%, 9, 0, 9, 324.35
1734296673, 57, 62, 79, 6, 0, 0.06%, 9, 0, 9, 308.87
1734296678, 57, 63, 79, 6, 0, 0.06%, 9, 0, 9, 363.39
1734296694, 57, 64, 79, 6, 0, 0.06%, 9, 0, 9, 363.51
1734296699, 57, 65, 79, 6, 0, 0.06%, 9, 0, 9, 370.63
1734296704, 57, 66, 79, 6, 0, 0.06%, 9, 0, 9, 324.31
1734296714, 57, 67, 79, 6, 0, 0.06%, 9, 0, 9, 358.55
1734296719, 57, 68, 79, 6, 0, 0.06%, 9, 0, 9, 339.97
1734296729, 57, 69, 79, 6, 0, 0.06%, 9, 0, 9, 368.65
1734296744, 57, 70, 79, 6, 0, 0.06%, 9, 0, 9, 359.84
1734296750, 57, 71, 79, 6, 0, 0.06%, 9, 0, 9, 329.32
1734296755, 57, 72, 79, 6, 0, 0.06%, 9, 0, 9, 331.25
1734296760, 57, 73, 79, 6, 0, 0.06%, 9, 0, 9, 337.12
1734296765, 57, 74, 79, 6, 0, 0.06%, 9, 0, 9, 334.92
1734296770, 57, 75, 79, 6, 0, 0.06%, 9, 0, 9, 381.56
1734296780, 57, 76, 79, 6, 0, 0.06%, 9, 0, 9, 361.22
1734296790, 57, 77, 79, 6, 0, 0.06%, 9, 0, 9, 376.19
1734296795, 57, 78, 79, 6, 0, 0.06%, 9, 0, 9, 318.80
1734296801, 58, 15, 79, 6, 0, 0.06%, 9, 0, 9, 328.00
1734296806, 58, 16, 79, 6, 0, 0.06%, 9, 0, 9, 303.22
1734296811, 58, 20, 79, 6, 0, 0.06%, 9, 0, 9, 334.15
1734296816, 58, 23, 79, 6, 0, 0.06%, 9, 0, 9, 357.21
1734296821, 58, 28, 79, 6, 0, 0.06%, 9, 0, 9, 342.57
1734296826, 58, 29, 79, 6, 0, 0.06%, 9, 0, 9, 326.84
1734296831, 58, 30, 79, 6, 0, 0.06%, 9, 0, 9, 296.30
1734296836, 58, 31, 79, 6, 0, 0.06%, 9, 0, 9, 325.25
1734296841, 58, 33, 79, 6, 0, 0.06%, 9, 0, 9, 358.27
1734296846, 58, 34, 79, 6, 0, 0.06%, 9, 0, 9, 339.29
1734296851, 58, 35, 79, 6, 0, 0.06%, 9, 0, 9, 345.03
1734296856, 58, 36, 79, 6, 0, 0.06%, 9, 0, 9, 353.83
1734296866, 58, 37, 79, 6, 0, 0.06%, 9, 0, 9, 326.64
1734296872, 58, 38, 79, 6, 0, 0.06%, 9, 0, 9, 343.90
1734296877, 58, 39, 79, 6, 0, 0.06%, 9, 0, 9, 365.39
1734296882, 58, 40, 79, 6, 0, 0.06%, 9, 0, 9, 360.46
1734296887, 58, 41, 79, 6, 0, 0.06%, 9, 0, 9, 342.12
1734296892, 58, 42, 79, 6, 0, 0.06%, 9, 0, 9, 301.35
1734296897, 58, 44, 79, 6, 0, 0.06%, 9, 0, 9, 321.75
1734296902, 58, 45, 79, 6, 0, 0.06%, 9, 0, 9, 334.95
1734296912, 58, 46, 79, 6, 0, 0.06%, 9, 0, 9, 365.84
1734296917, 58, 47, 79, 6, 0, 0.06%, 9, 0, 9, 379.57
1734296933, 58, 48, 79, 6, 0, 0.06%, 9, 0, 9, 303.18
1734296938, 58, 49, 79, 6, 0, 0.06%, 9, 0, 9, 322.80
1734296943, 58, 50, 79, 6, 0, 0.06%, 9, 0, 9, 363.75
1734296948, 58, 51, 79, 6, 0, 0.06%, 9, 0, 9, 378.64
1734296953, 58, 52, 79, 6, 0, 0.06%, 9, 0, 9, 380.12
1734296963, 58, 53, 79, 6, 0, 0.06%, 9, 0, 9, 380.24
1734296968, 58, 54, 79, 6, 0, 0.06%, 9, 0, 9, 381.05
1734296978, 58, 55, 79, 6, 0, 0.06%, 9, 0, 9, 354.88
1734296983, 58, 56, 79, 6, 0, 0.06%, 9, 0, 9, 379.07
1734296988, 58, 57, 79, 6, 0, 0.06%, 9, 0, 9, 378.84
1734296999, 58, 58, 79, 6, 0, 0.06%, 9, 0, 9, 336.42
1734297009, 58, 59, 79, 6, 0, 0.06%, 9, 0, 9, 380.89
1734297014, 58, 60, 79, 6, 0, 0.06%, 9, 0, 9, 385.72
1734297019, 58, 61, 79, 6, 0, 0.06%, 9, 0, 9, 318.33
1734297029, 58, 62, 79, 6, 0, 0.06%, 9, 0, 9, 311.20
1734297034, 58, 63, 79, 6, 0, 0.06%, 9, 0, 9, 322.07
1734297049, 58, 64, 79, 6, 0, 0.06%, 9, 0, 9, 377.42
1734297055, 58, 65, 79, 6, 0, 0.06%, 9, 0, 9, 392.15
1734297060, 58, 66, 79, 6, 0, 0.06%, 9, 0, 9, 379.02
1734297070, 58, 67, 79, 6, 0, 0.06%, 9, 0, 9, 386.93
1734297075, 58, 68, 79, 6, 0, 0.06%, 9, 0, 9, 357.63
1734297085, 58, 69, 79, 6, 0, 0.06%, 9, 0, 9, 338.64
1734297100, 58, 70, 79, 6, 0, 0.06%, 9, 0, 9, 348.14
1734297105, 58, 71, 79, 6, 0, 0.06%, 9, 0, 9, 355.08
1734297110, 58, 72, 79, 6, 0, 0.06%, 9, 0, 9, 329.29
1734297116, 58, 73, 79, 6, 0, 0.06%, 9, 0, 9, 329.88
1734297126, 58, 75, 79, 6, 0, 0.06%, 9, 0, 9, 362.12
1734297136, 58, 76, 79, 6, 0, 0.06%, 9, 0, 9, 397.52
1734297141, 58, 77, 79, 6, 0, 0.06%, 9, 0, 9, 327.35
1734297146, 58, 78, 79, 6, 0, 0.06%, 9, 0, 9, 350.76
1734297156, 59, 15, 79, 6, 0, 0.06%, 9, 0, 9, 303.18
1734297161, 59, 16, 79, 6, 0, 0.06%, 9, 0, 9, 301.45
1734297167, 59, 20, 79, 6, 0, 0.06%, 9, 0, 9, 330.47
1734297172, 59, 29, 79, 6, 0, 0.06%, 9, 0, 9, 341.22
1734297177, 59, 30, 79, 6, 0, 0.06%, 9, 0, 9, 315.81
1734297182, 59, 31, 79, 6, 0, 0.06%, 9, 0, 9, 316.06
1734297187, 59, 32, 79, 6, 0, 0.06%, 9, 0, 9, 385.03
1734297192, 59, 37, 79, 6, 0, 0.06%, 9, 0, 9, 334.90
1734297197, 59, 38, 79, 6, 0, 0.06%, 9, 0, 9, 366.47
1734297202, 59, 40, 79, 6, 0, 0.06%, 9, 0, 9, 365.68
1734297207, 59, 41, 79, 6, 0, 0.06%, 9, 0, 9, 348.75
1734297212, 59, 42, 79, 6, 0, 0.06%, 9, 0, 9, 307.84
1734297217, 59, 43, 79, 6, 0, 0.06%, 9, 0, 9, 325.13
1734297222, 59, 44, 79, 6, 0, 0.06%, 9, 0, 9, 298.16
1734297227, 59, 45, 79, 6, 0, 0.06%, 9, 0, 9, 372.25
1734297232, 59, 46, 79, 6, 0, 0.06%, 9, 0, 9, 380.75
1734297237, 59, 47, 79, 6, 0, 0.06%, 9, 0, 9, 429.95
1734297253, 59, 48, 79, 6, 0, 0.06%, 9, 0, 9, 316.77
1734297258, 59, 50, 79, 6, 0, 0.06%, 9, 0, 9, 353.76
1734297268, 59, 51, 79, 6, 0, 0.06%, 9, 0, 9, 395.82
1734297273, 59, 52, 79, 6, 0, 0.06%, 9, 0, 9, 345.45
1734297283, 59, 53, 79, 6, 0, 0.06%, 9, 0, 9, 390.20
1734297288, 59, 54, 79, 6, 0, 0.06%, 9, 0, 9, 383.92
1734297298, 59, 55, 79, 6, 0, 0.06%, 9, 0, 9, 359.15
1734297303, 59, 56, 79, 6, 0, 0.06%, 9, 0, 9, 387.25
1734297309, 59, 57, 79, 6, 0, 0.06%, 9, 0, 9, 382.02
1734297319, 59, 58, 79, 6, 0, 0.06%, 9, 0, 9, 323.54
1734297329, 59, 59, 79, 6, 0, 0.06%, 9, 0, 9, 380.70
1734297334, 59, 60, 79, 6, 0, 0.06%, 9, 0, 9, 389.93
1734297339, 59, 61, 79, 6, 0, 0.06%, 9, 0, 9, 323.37
1734297349, 59, 62, 79, 6, 0, 0.06%, 9, 0, 9, 318.75
1734297354, 59, 63, 79, 6, 0, 0.06%, 9, 0, 9, 347.84
1734297370, 59, 64, 79, 6, 0, 0.06%, 9, 0, 9, 376.54
1734297375, 59, 65, 79, 6, 0, 0.06%, 9, 0, 9, 413.33
1734297380, 59, 66, 79, 6, 0, 0.06%, 9, 0, 9, 334.72
1734297390, 59, 67, 79, 6, 0, 0.06%, 9, 0, 9, 367.76
1734297395, 59, 68, 79, 6, 0, 0.06%, 9, 0, 9, 335.31
1734297405, 59, 69, 79, 6, 0, 0.06%, 9, 0, 9, 402.58
1734297420, 59, 70, 79, 6, 0, 0.06%, 9, 0, 9, 355.21
1734297425, 59, 71, 79, 6, 0, 0.06%, 9, 0, 9, 351.84
1734297430, 59, 72, 79, 6, 0, 0.06%, 9, 0, 9, 336.02
1734297435, 59, 73, 79, 6, 0, 0.06%, 9, 0, 9, 332.75
1734297446, 59, 75, 79, 6, 0, 0.06%, 9, 0, 9, 371.74
1734297451, 59, 76, 79, 6, 0, 0.06%, 9, 0, 9, 386.57
1734297461, 59, 77, 79, 6, 0, 0.06%, 9, 0, 9, 327.67
1734297466, 59, 78, 79, 6, 0, 0.06%, 9, 0, 9, 361.95
1734297476, 60, 15, 79, 6, 0, 0.06%, 9, 0, 9, 319.40
1734297481, 60, 16, 79, 6, 0, 0.06%, 9, 0, 9, 310.07
1734297486, 60, 28, 79, 6, 0, 0.06%, 9, 0, 9, 325.67
1734297491, 60, 29, 79, 6, 0, 0.06%, 9, 0, 9, 345.99
1734297496, 60, 30, 79, 6, 0, 0.06%, 9, 0, 9, 297.10
1734297502, 60, 31, 79, 6, 0, 0.06%, 9, 0, 9, 333.70
1734297507, 60, 32, 79, 6, 0, 0.06%, 9, 0, 9, 363.61
1734297512, 60, 37, 79, 6, 0, 0.06%, 9, 0, 9, 314.13
1734297517, 60, 38, 79, 6, 0, 0.06%, 9, 0, 9, 369.79
1734297522, 60, 40, 79, 6, 0, 0.06%, 9, 0, 9, 341.82
1734297527, 60, 41, 79, 6, 0, 0.06%, 9, 0, 9, 337.93
1734297532, 60, 42, 79, 6, 0, 0.06%, 9, 0, 9, 298.15
1734297537, 60, 43, 79, 6, 0, 0.06%, 9, 0, 9, 321.48
1734297542, 60, 44, 79, 6, 0, 0.06%, 9, 0, 9, 300.44
1734297547, 60, 45, 79, 6, 0, 0.06%, 9, 0, 9, 360.16
1734297552, 60, 46, 79, 6, 0, 0.06%, 9, 0, 9, 372.04
1734297557, 60, 47, 79, 6, 0, 0.06%, 9, 0, 9, 417.30
1734297573, 60, 48, 79, 6, 0, 0.06%, 9, 0, 9, 303.23
1734297578, 60, 49, 79, 6, 0, 0.06%, 9, 0, 9, 332.87
1734297583, 60, 50, 79, 6, 0, 0.06%, 9, 0, 9, 340.82
1734297588, 60, 51, 79, 6, 0, 0.06%, 9, 0, 9, 366.87
1734297598, 60, 52, 79, 6, 0, 0.06%, 9, 0, 9, 350.45
1734297603, 60, 53, 79, 6, 0, 0.06%, 9, 0, 9, 397.22
1734297608, 60, 54, 79, 6, 0, 0.06%, 9, 0, 9, 346.85
1734297619, 60, 55, 79, 6, 0, 0.06%, 9, 0, 9, 381.25
1734297624, 60, 56, 79, 6, 0, 0.06%, 9, 0, 9, 404.47
1734297629, 60, 57, 79, 6, 0, 0.06%, 9, 0, 9, 357.71
1734297639, 60, 58, 79, 6, 0, 0.06%, 9, 0, 9, 349.91
1734297649, 60, 59, 79, 6, 0, 0.06%, 9, 0, 9, 356.04
1734297654, 60, 60, 79, 6, 0, 0.06%, 9, 0, 9, 366.20
1734297659, 60, 61, 79, 6, 0, 0.06%, 9, 0, 9, 320.55
1734297669, 60, 62, 79, 6, 0, 0.06%, 9, 0, 9, 310.51
1734297674, 60, 63, 79, 6, 0, 0.06%, 9, 0, 9, 357.62
1734297689, 60, 64, 79, 6, 0, 0.06%, 9, 0, 9, 345.87
1734297695, 60, 65, 79, 6, 0, 0.06%, 9, 0, 9, 400.40
1734297700, 60, 66, 79, 6, 0, 0.06%, 9, 0, 9, 341.69
1734297710, 60, 67, 79, 6, 0, 0.06%, 9, 0, 9, 401.80
1734297715, 60, 68, 79, 6, 0, 0.06%, 9, 0, 9, 342.75
