# unix_time, cycles_done, cur_path, paths_total, pending_total, pending_favs, map_size, unique_crashes, unique_hangs, max_depth, execs_per_sec
1734104579, 0, 0, 10, 10, 1, 0.00%, 0, 0, 1, 174.29
1734104584, 0, 3, 10, 10, 1, 0.00%, 0, 0, 1, 203.38
1734104589, 0, 4, 10, 9, 0, 0.00%, 0, 0, 1, 209.25
1734104594, 0, 5, 10, 8, 0, 0.00%, 0, 0, 1, 205.68
1734104604, 0, 6, 10, 7, 0, 0.00%, 0, 0, 1, 210.92
1734104610, 0, 7, 10, 6, 0, 0.00%, 0, 0, 1, 25.46
1734104620, 0, 8, 10, 5, 0, 0.00%, 0, 0, 1, 207.94
1734104625, 0, 9, 10, 4, 0, 0.00%, 0, 0, 1, 193.76
1734104636, 1, 0, 10, 3, 0, 0.00%, 0, 0, 1, 208.18
1734104641, 1, 0, 11, 4, 0, 0.05%, 1, 0, 2, 211.66
1734104646, 1, 10, 12, 4, 1, 0.05%, 2, 0, 3, 230.24
1734104681, 1, 11, 12, 3, 0, 0.05%, 2, 0, 3, 213.25
1734104706, 1, 11, 13, 4, 0, 0.05%, 3, 0, 4, 211.54
1734104742, 1, 11, 19, 10, 0, 0.05%, 4, 0, 4, 236.45
1734104747, 1, 11, 20, 11, 0, 0.06%, 5, 0, 4, 224.93
1734104752, 1, 11, 21, 12, 0, 0.06%, 5, 0, 4, 235.23
1734104757, 1, 19, 21, 11, 2, 0.06%, 5, 0, 4, 387.89
1734104768, 1, 19, 23, 13, 2, 0.06%, 6, 0, 5, 440.57
1734104783, 1, 19, 24, 14, 2, 0.06%, 6, 0, 5, 457.82
1734104788, 1, 19, 25, 15, 2, 0.06%, 6, 0, 5, 451.82
1734104798, 1, 19, 26, 16, 2, 0.06%, 6, 0, 5, 451.16
1734104828, 1, 22, 26, 15, 3, 0.06%, 6, 0, 5, 377.98
1734104833, 1, 22, 27, 16, 3, 0.06%, 6, 0, 6, 466.04
1734104843, 1, 22, 28, 17, 3, 0.06%, 6, 0, 6, 478.14
1734104869, 1, 22, 29, 18, 3, 0.06%, 6, 0, 6, 479.98
1734104895, 1, 24, 31, 19, 2, 0.06%, 6, 0, 6, 405.31
1734104900, 1, 24, 32, 20, 2, 0.06%, 6, 0, 6, 449.73
1734104920, 1, 24, 33, 21, 2, 0.06%, 6, 0, 6, 462.09
1734104956, 1, 24, 34, 22, 2, 0.06%, 6, 0, 6, 266.87
1734104961, 1, 26, 37, 24, 1, 0.06%, 9, 0, 7, 392.42
1734104986, 1, 34, 38, 24, 4, 0.06%, 9, 0, 8, 419.28
1734105016, 1, 34, 39, 25, 4, 0.06%, 9, 0, 8, 255.57
1734105022, 1, 35, 39, 24, 3, 0.06%, 9, 0, 8, 357.36
1734105027, 1, 35, 40, 25, 3, 0.06%, 9, 0, 8, 467.25
1734105032, 1, 35, 41, 26, 3, 0.06%, 9, 0, 8, 481.06
1734105083, 1, 36, 41, 25, 2, 0.06%, 9, 0, 8, 265.86
1734105093, 1, 36, 42, 26, 2, 0.06%, 9, 0, 8, 490.83
1734105119, 1, 37, 42, 25, 1, 0.06%, 9, 0, 8, 328.56
1734105139, 1, 37, 43, 26, 1, 0.06%, 9, 0, 9, 423.23
1734105144, 1, 37, 44, 27, 1, 0.06%, 9, 0, 9, 420.86
1734105184, 1, 41, 46, 28, 1, 0.06%, 9, 0, 9, 380.67
1734105230, 1, 41, 47, 29, 1, 0.06%, 9, 0, 9, 425.47
1734105250, 1, 42, 47, 28, 1, 0.06%, 9, 0, 9, 284.46
1734105281, 1, 43, 48, 28, 1, 0.06%, 9, 0, 10, 409.99
1734105291, 1, 43, 49, 29, 1, 0.06%, 9, 0, 10, 464.28
1734105317, 1, 43, 51, 31, 1, 0.06%, 9, 0, 10, 323.75
1734105327, 1, 44, 51, 30, 1, 0.06%, 9, 0, 10, 403.81
1734105337, 1, 44, 52, 31, 1, 0.06%, 9, 0, 10, 476.96
1734105363, 1, 49, 52, 30, 1, 0.06%, 9, 0, 10, 342.48
1734105398, 1, 50, 52, 29, 1, 0.06%, 9, 0, 10, 371.30
1734105424, 2, 35, 52, 28, 1, 0.06%, 9, 0, 10, 324.43
1734105429, 2, 39, 52, 28, 1, 0.06%, 9, 0, 10, 352.46
1734105434, 2, 39, 53, 29, 1, 0.06%, 9, 0, 10, 416.04
1734105459, 2, 39, 54, 30, 1, 0.06%, 9, 0, 10, 433.26
1734105490, 2, 39, 55, 31, 1, 0.06%, 9, 0, 10, 375.34
1734105500, 2, 40, 55, 30, 1, 0.06%, 9, 0, 10, 266.39
1734105530, 2, 41, 56, 30, 1, 0.06%, 9, 0, 10, 341.25
1734105540, 2, 42, 56, 30, 1, 0.06%, 9, 0, 10, 329.27
1734105546, 2, 43, 56, 30, 1, 0.06%, 9, 0, 10, 325.78
1734105556, 2, 44, 57, 31, 1, 0.06%, 9, 0, 10, 331.69
1734105561, 2, 45, 57, 31, 1, 0.06%, 9, 0, 10, 351.66
1734105586, 2, 45, 59, 33, 1, 0.06%, 9, 0, 10, 305.10
1734105591, 2, 47, 59, 32, 1, 0.06%, 9, 0, 10, 434.67
1734105617, 2, 48, 59, 31, 1, 0.06%, 9, 0, 10, 299.91
1734105668, 2, 49, 59, 30, 1, 0.06%, 9, 0, 10, 374.61
1734105673, 2, 50, 59, 30, 1, 0.06%, 9, 0, 10, 303.75
1734105683, 2, 52, 59, 30, 1, 0.06%, 9, 0, 10, 447.74
1734105698, 2, 52, 60, 31, 1, 0.06%, 9, 0, 10, 465.19
1734105703, 2, 52, 61, 32, 1, 0.06%, 9, 0, 10, 462.60
1734105749, 2, 52, 62, 33, 1, 0.06%, 9, 0, 10, 304.64
1734105755, 2, 53, 62, 32, 1, 0.06%, 9, 0, 10, 364.11
1734105795, 2, 53, 64, 34, 1, 0.06%, 9, 0, 10, 473.56
1734105826, 2, 53, 65, 35, 1, 0.06%, 9, 0, 10, 471.74
1734105831, 2, 53, 66, 36, 1, 0.06%, 9, 0, 10, 466.33
1734105846, 2, 54, 66, 35, 1, 0.06%, 9, 0, 10, 356.23
1734105881, 2, 55, 66, 34, 1, 0.06%, 9, 0, 10, 337.45
1734106247, 2, 56, 66, 33, 1, 0.06%, 9, 0, 10, 361.42
1734106278, 2, 58, 66, 32, 1, 0.06%, 9, 0, 10, 351.74
1734106324, 2, 58, 67, 33, 1, 0.06%, 9, 0, 11, 513.24
1734106334, 2, 58, 68, 34, 1, 0.06%, 9, 0, 11, 508.14
1734106339, 2, 58, 69, 35, 1, 0.06%, 9, 0, 11, 514.41
1734106370, 2, 59, 69, 34, 1, 0.06%, 9, 0, 11, 402.54
1734106431, 2, 61, 69, 33, 1, 0.06%, 9, 0, 11, 361.51
1734106512, 2, 61, 70, 34, 1, 0.06%, 9, 0, 11, 352.89
1734106517, 2, 61, 71, 35, 1, 0.06%, 9, 0, 11, 360.88
1734106583, 2, 69, 71, 34, 1, 0.06%, 9, 0, 11, 375.91
1734106675, 2, 70, 71, 33, 1, 0.06%, 9, 0, 11, 355.95
1734106711, 3, 10, 71, 32, 1, 0.06%, 9, 0, 11, 346.32
1734106716, 3, 23, 71, 32, 1, 0.06%, 9, 0, 11, 347.90
1734106736, 3, 24, 71, 31, 0, 0.06%, 9, 0, 11, 350.24
1734106741, 3, 27, 71, 31, 0, 0.06%, 9, 0, 11, 352.43
1734106751, 3, 27, 72, 32, 0, 0.06%, 9, 0, 11, 432.22
1734106767, 3, 29, 72, 31, 0, 0.06%, 9, 0, 11, 320.26
1734106787, 3, 30, 72, 30, 0, 0.06%, 9, 0, 11, 345.72
1734106813, 3, 34, 72, 29, 0, 0.06%, 9, 0, 11, 325.63
1734106818, 3, 36, 72, 29, 0, 0.06%, 9, 0, 11, 340.79
1734106823, 3, 37, 72, 29, 0, 0.06%, 9, 0, 11, 346.26
1734106828, 3, 41, 72, 29, 0, 0.06%, 9, 0, 11, 350.90
1734106833, 3, 42, 72, 29, 0, 0.06%, 9, 0, 11, 373.11
1734106838, 3, 43, 72, 29, 0, 0.06%, 9, 0, 11, 337.57
1734106848, 3, 44, 72, 29, 0, 0.06%, 9, 0, 11, 356.68
1734106853, 3, 45, 72, 29, 0, 0.06%, 9, 0, 11, 375.76
1734106858, 3, 46, 72, 29, 0, 0.06%, 9, 0, 11, 373.12
1734106884, 3, 46, 73, 30, 0, 0.06%, 9, 0, 11, 458.43
1734106889, 3, 46, 74, 31, 0, 0.06%, 9, 0, 11, 476.26
1734106944, 3, 47, 74, 30, 0, 0.06%, 9, 0, 11, 501.23
1734106955, 3, 48, 74, 30, 0, 0.06%, 9, 0, 11, 441.56
1734106965, 3, 49, 74, 30, 0, 0.06%, 9, 0, 11, 487.97
1734106980, 3, 50, 74, 30, 0, 0.06%, 9, 0, 11, 458.63
1734106990, 3, 51, 74, 30, 0, 0.06%, 9, 0, 11, 358.41
1734107046, 3, 56, 74, 29, 0, 0.06%, 9, 0, 11, 384.12
1734107057, 3, 58, 74, 29, 0, 0.06%, 9, 0, 11, 333.80
1734107072, 3, 63, 74, 29, 0, 0.06%, 9, 0, 11, 425.89
1734107139, 3, 63, 75, 30, 0, 0.06%, 9, 0, 11, 480.30
1734107164, 3, 64, 75, 29, 0, 0.06%, 9, 0, 11, 396.18
1734107225, 3, 66, 75, 28, 0, 0.06%, 9, 0, 11, 374.14
1734107287, 3, 67, 75, 27, 0, 0.06%, 9, 0, 11, 343.12
1734107348, 3, 68, 75, 26, 0, 0.06%, 9, 0, 11, 405.83
1734107466, 3, 69, 75, 25, 0, 0.06%, 9, 0, 11, 429.13
1734107552, 3, 70, 75, 25, 0, 0.06%, 9, 0, 11, 384.80
1734107639, 3, 71, 75, 25, 0, 0.06%, 9, 0, 11, 377.55
1734107725, 3, 71, 76, 26, 0, 0.06%, 9, 0, 11, 416.10
1734107740, 3, 72, 76, 25, 0, 0.06%, 9, 0, 11, 370.14
1734107812, 3, 73, 76, 24, 0, 0.06%, 9, 0, 11, 400.80
1734107883, 3, 74, 76, 23, 0, 0.06%, 9, 0, 11, 480.02
1734108017, 4, 19, 76, 22, 0, 0.06%, 9, 0, 11, 360.07
1734108022, 4, 20, 76, 22, 0, 0.06%, 9, 0, 11, 346.55
1734108037, 4, 20, 77, 23, 0, 0.06%, 9, 0, 11, 335.42
1734108042, 4, 21, 77, 22, 0, 0.06%, 9, 0, 11, 353.07
1734108068, 4, 23, 77, 21, 0, 0.06%, 9, 0, 11, 316.49
1734108073, 4, 24, 77, 21, 0, 0.06%, 9, 0, 11, 329.60
1734108078, 4, 25, 77, 21, 0, 0.06%, 9, 0, 11, 359.10
1734108108, 4, 36, 77, 20, 0, 0.06%, 9, 0, 11, 360.39
1734108113, 4, 37, 77, 20, 0, 0.06%, 9, 0, 11, 385.76
1734108119, 4, 41, 77, 20, 0, 0.06%, 9, 0, 11, 368.16
1734108129, 4, 42, 77, 20, 0, 0.06%, 9, 0, 11, 338.59
1734108134, 4, 43, 77, 20, 0, 0.06%, 9, 0, 11, 357.64
1734108139, 4, 47, 77, 20, 0, 0.06%, 9, 0, 11, 371.78
1734108149, 4, 48, 77, 20, 0, 0.06%, 9, 0, 11, 349.33
1734108154, 4, 49, 77, 20, 0, 0.06%, 9, 0, 11, 365.08
1734108159, 4, 50, 77, 20, 0, 0.06%, 9, 0, 11, 383.01
1734108164, 4, 56, 77, 20, 0, 0.06%, 9, 0, 11, 350.96
1734108174, 4, 58, 77, 20, 0, 0.06%, 9, 0, 11, 351.43
1734108180, 4, 63, 77, 20, 0, 0.06%, 9, 0, 11, 389.69
1734108195, 4, 64, 77, 20, 0, 0.06%, 9, 0, 11, 428.97
1734108205, 4, 66, 77, 20, 0, 0.06%, 9, 0, 11, 338.77
1734108220, 4, 67, 77, 20, 0, 0.06%, 9, 0, 11, 382.59
1734108235, 4, 68, 77, 20, 0, 0.06%, 9, 0, 11, 407.33
1734108245, 4, 74, 77, 20, 0, 0.06%, 9, 0, 11, 356.86
1734108260, 5, 34, 77, 20, 0, 0.06%, 9, 0, 11, 349.73
1734108265, 5, 37, 77, 20, 0, 0.06%, 9, 0, 11, 384.63
1734108271, 5, 42, 77, 20, 0, 0.06%, 9, 0, 11, 330.92
1734108281, 5, 43, 77, 20, 0, 0.06%, 9, 0, 11, 356.80
1734108286, 5, 47, 77, 20, 0, 0.06%, 9, 0, 11, 358.97
1734108291, 5, 48, 77, 20, 0, 0.06%, 9, 0, 11, 385.69
1734108296, 5, 49, 77, 20, 0, 0.06%, 9, 0, 11, 318.04
1734108306, 5, 50, 77, 20, 0, 0.06%, 9, 0, 11, 360.15
1734108311, 5, 56, 77, 20, 0, 0.06%, 9, 0, 11, 371.47
1734108316, 5, 58, 77, 20, 0, 0.06%, 9, 0, 11, 320.63
1734108327, 5, 63, 77, 20, 0, 0.06%, 9, 0, 11, 372.70
1734108332, 5, 64, 77, 20, 0, 0.06%, 9, 0, 11, 360.05
1734108342, 5, 66, 77, 20, 0, 0.06%, 9, 0, 11, 367.01
1734108347, 5, 67, 77, 20, 0, 0.06%, 9, 0, 11, 406.36
1734108352, 5, 68, 77, 20, 0, 0.06%, 9, 0, 11, 344.22
1734108362, 5, 74, 77, 20, 0, 0.06%, 9, 0, 11, 305.12
1734108377, 6, 34, 77, 20, 0, 0.06%, 9, 0, 11, 356.22
1734108382, 6, 37, 77, 20, 0, 0.06%, 9, 0, 11, 346.64
1734108388, 6, 42, 77, 20, 0, 0.06%, 9, 0, 11, 383.74
1734108393, 6, 43, 77, 20, 0, 0.06%, 9, 0, 11, 333.03
1734108403, 6, 47, 77, 20, 0, 0.06%, 9, 0, 11, 351.51
1734108408, 6, 48, 77, 20, 0, 0.06%, 9, 0, 11, 370.37
1734108413, 6, 49, 77, 20, 0, 0.06%, 9, 0, 11, 401.94
1734108418, 6, 50, 77, 20, 0, 0.06%, 9, 0, 11, 310.05
1734108428, 6, 56, 77, 20, 0, 0.06%, 9, 0, 11, 362.93
1734108433, 6, 58, 77, 20, 0, 0.06%, 9, 0, 11, 397.85
1734108438, 6, 63, 77, 20, 0, 0.06%, 9, 0, 11, 341.30
1734108448, 6, 64, 77, 20, 0, 0.06%, 9, 0, 11, 390.06
1734108453, 6, 66, 77, 20, 0, 0.06%, 9, 0, 11, 328.54
1734108464, 6, 67, 77, 20, 0, 0.06%, 9, 0, 11, 379.98
1734108469, 6, 68, 77, 20, 0, 0.06%, 9, 0, 11, 344.27
1734108479, 6, 74, 77, 20, 0, 0.06%, 9, 0, 11, 396.39
1734108484, 7, 34, 77, 20, 0, 0.06%, 9, 0, 11, 366.29
1734108489, 7, 37, 77, 20, 0, 0.06%, 9, 0, 11, 386.16
1734108494, 7, 42, 77, 20, 0, 0.06%, 9, 0, 11, 312.35
1734108504, 7, 43, 77, 20, 0, 0.06%, 9, 0, 11, 334.49
1734108509, 7, 47, 77, 20, 0, 0.06%, 9, 0, 11, 379.53
1734108514, 7, 48, 77, 20, 0, 0.06%, 9, 0, 11, 357.10
1734108524, 7, 49, 77, 20, 0, 0.06%, 9, 0, 11, 354.89
1734108530, 7, 50, 77, 20, 0, 0.06%, 9, 0, 11, 374.42
1734108535, 7, 56, 77, 20, 0, 0.06%, 9, 0, 11, 390.84
1734108540, 7, 58, 77, 20, 0, 0.06%, 9, 0, 11, 332.48
1734108550, 7, 63, 77, 20, 0, 0.06%, 9, 0, 11, 372.39
1734108555, 7, 64, 77, 20, 0, 0.06%, 9, 0, 11, 331.91
1734108565, 7, 66, 77, 20, 0, 0.06%, 9, 0, 11, 399.22
1734108570, 7, 67, 77, 20, 0, 0.06%, 9, 0, 11, 402.92
1734108580, 7, 68, 77, 20, 0, 0.06%, 9, 0, 11, 358.81
1734108585, 7, 74, 77, 20, 0, 0.06%, 9, 0, 11, 322.73
1734108595, 7, 75, 77, 20, 0, 0.06%, 9, 0, 11, 379.93
1734108686, 7, 76, 77, 19, 0, 0.06%, 9, 0, 11, 378.96
1734108788, 8, 12, 77, 18, 0, 0.06%, 9, 0, 11, 400.63
1734108813, 8, 13, 77, 17, 0, 0.06%, 9, 0, 11, 298.38
1734108828, 8, 14, 77, 16, 0, 0.06%, 9, 0, 11, 303.47
1734108859, 8, 15, 77, 15, 0, 0.06%, 9, 0, 11, 393.92
1734108884, 8, 16, 77, 14, 0, 0.06%, 9, 0, 11, 371.72
1734108904, 8, 17, 77, 13, 0, 0.06%, 9, 0, 11, 338.66
1734108930, 8, 18, 77, 12, 0, 0.06%, 9, 0, 11, 399.45
1734108945, 8, 19, 77, 11, 0, 0.06%, 9, 0, 11, 433.36
1734108955, 8, 20, 77, 11, 0, 0.06%, 9, 0, 11, 399.63
1734108965, 8, 21, 77, 11, 0, 0.06%, 9, 0, 11, 330.35
1734108981, 8, 24, 77, 11, 0, 0.06%, 9, 0, 11, 324.91
1734108986, 8, 25, 77, 11, 0, 0.06%, 9, 0, 11, 374.31
1734109001, 8, 27, 77, 11, 0, 0.06%, 9, 0, 11, 359.64
1734109006, 8, 29, 77, 11, 0, 0.06%, 9, 0, 11, 398.47
1734109016, 8, 30, 77, 11, 0, 0.06%, 9, 0, 11, 442.74
1734109027, 8, 31, 77, 11, 0, 0.06%, 9, 0, 11, 379.95
1734109052, 8, 32, 77, 10, 0, 0.06%, 9, 0, 11, 437.88
1734109082, 8, 33, 77, 9, 0, 0.06%, 9, 0, 11, 338.45
1734109143, 8, 34, 77, 8, 0, 0.06%, 9, 0, 11, 377.26
1734109148, 8, 35, 77, 8, 0, 0.06%, 9, 0, 11, 357.08
1734109153, 8, 36, 77, 8, 0, 0.06%, 9, 0, 11, 344.33
1734109159, 8, 37, 77, 8, 0, 0.06%, 9, 0, 11, 337.77
1734109164, 8, 39, 77, 8, 0, 0.06%, 9, 0, 11, 368.98
1734109169, 8, 40, 77, 8, 0, 0.06%, 9, 0, 11, 340.40
1734109179, 8, 41, 77, 8, 0, 0.06%, 9, 0, 11, 334.86
1734109184, 8, 42, 77, 8, 0, 0.06%, 9, 0, 11, 360.16
1734109189, 8, 43, 77, 8, 0, 0.06%, 9, 0, 11, 352.36
1734109199, 8, 44, 77, 8, 0, 0.06%, 9, 0, 11, 338.75
1734109204, 8, 45, 77, 8, 0, 0.06%, 9, 0, 11, 365.25
1734109209, 8, 46, 77, 8, 0, 0.06%, 9, 0, 11, 378.58
1734109215, 8, 47, 77, 8, 0, 0.06%, 9, 0, 11, 324.82
1734109225, 8, 48, 77, 8, 0, 0.06%, 9, 0, 11, 367.89
1734109230, 8, 49, 77, 8, 0, 0.06%, 9, 0, 11, 387.44
1734109235, 8, 50, 77, 8, 0, 0.06%, 9, 0, 11, 387.70
1734109245, 8, 51, 77, 8, 0, 0.06%, 9, 0, 11, 359.53
1734109250, 8, 52, 77, 8, 0, 0.06%, 9, 0, 11, 423.20
1734109260, 8, 53, 77, 8, 0, 0.06%, 9, 0, 11, 306.42
1734109275, 8, 54, 77, 8, 0, 0.06%, 9, 0, 11, 412.77
1734109295, 8, 55, 77, 8, 0, 0.06%, 9, 0, 11, 386.10
1734109316, 8, 56, 77, 8, 0, 0.06%, 9, 0, 11, 418.68
1734109331, 8, 57, 77, 8, 0, 0.06%, 9, 0, 11, 394.21
1734109490, 8, 58, 77, 7, 0, 0.06%, 9, 0, 11, 411.40
1734109557, 8, 59, 77, 7, 0, 0.06%, 9, 0, 11, 358.31
1734109572, 8, 60, 77, 7, 0, 0.06%, 9, 0, 11, 399.76
1734109679, 8, 61, 77, 6, 0, 0.06%, 9, 0, 11, 414.15
1734109709, 8, 63, 77, 6, 0, 0.06%, 9, 0, 11, 409.01
1734109781, 8, 64, 77, 6, 0, 0.06%, 9, 0, 11, 298.78
1734109791, 8, 66, 77, 6, 0, 0.06%, 9, 0, 11, 396.40
1734109858, 8, 67, 77, 6, 0, 0.06%, 9, 0, 11, 310.54
1734109930, 8, 68, 77, 6, 0, 0.06%, 9, 0, 11, 349.44
1734110059, 8, 69, 77, 6, 0, 0.06%, 9, 0, 11, 363.15
1734110069, 8, 70, 77, 6, 0, 0.06%, 9, 0, 11, 335.70
1734110074, 8, 71, 77, 6, 0, 0.06%, 9, 0, 11, 360.05
1734110084, 8, 72, 77, 6, 0, 0.06%, 9, 0, 11, 380.67
1734110099, 8, 73, 77, 6, 0, 0.06%, 9, 0, 11, 415.46
1734110109, 8, 74, 77, 6, 0, 0.06%, 9, 0, 11, 345.01
1734110237, 8, 75, 77, 6, 0, 0.06%, 9, 0, 11, 354.09
1734110253, 8, 76, 77, 6, 0, 0.06%, 9, 0, 11, 447.38
1734110324, 9, 19, 77, 6, 0, 0.06%, 9, 0, 11, 323.95
1734110329, 9, 20, 77, 6, 0, 0.06%, 9, 0, 11, 333.91
1734110334, 9, 21, 77, 6, 0, 0.06%, 9, 0, 11, 331.95
1734110339, 9, 24, 77, 6, 0, 0.06%, 9, 0, 11, 321.53
1734110344, 9, 25, 77, 6, 0, 0.06%, 9, 0, 11, 346.14
1734110349, 9, 29, 77, 6, 0, 0.06%, 9, 0, 11, 366.59
1734110354, 9, 31, 77, 6, 0, 0.06%, 9, 0, 11, 346.37
1734110360, 9, 32, 77, 6, 0, 0.06%, 9, 0, 11, 309.51
1734110365, 9, 33, 78, 7, 0, 0.06%, 9, 0, 11, 351.81
1734110370, 9, 34, 78, 7, 0, 0.06%, 9, 0, 11, 370.18
1734110375, 9, 37, 78, 7, 0, 0.06%, 9, 0, 11, 361.09
1734110380, 9, 42, 78, 7, 0, 0.06%, 9, 0, 11, 378.59
1734110390, 9, 43, 78, 7, 0, 0.06%, 9, 0, 11, 339.01
1734110395, 9, 47, 78, 7, 0, 0.06%, 9, 0, 11, 356.58
1734110400, 9, 48, 78, 7, 0, 0.06%, 9, 0, 11, 383.81
1734110405, 9, 49, 78, 7, 0, 0.06%, 9, 0, 11, 362.68
1734110415, 9, 50, 78, 7, 0, 0.06%, 9, 0, 11, 346.97
1734110420, 9, 56, 78, 7, 0, 0.06%, 9, 0, 11, 355.24
1734110426, 9, 58, 78, 7, 0, 0.06%, 9, 0, 11, 345.92
1734110436, 9, 59, 78, 7, 0, 0.06%, 9, 0, 11, 340.31
1734110441, 9, 61, 78, 7, 0, 0.06%, 9, 0, 11, 346.08
1734110451, 9, 63, 78, 7, 0, 0.06%, 9, 0, 11, 379.58
1734110456, 9, 64, 78, 7, 0, 0.06%, 9, 0, 11, 397.56
1734110461, 9, 66, 78, 7, 0, 0.06%, 9, 0, 11, 336.48
1734110471, 9, 67, 78, 7, 0, 0.06%, 9, 0, 11, 378.15
1734110476, 9, 68, 78, 7, 0, 0.06%, 9, 0, 11, 341.88
1734110486, 9, 69, 78, 7, 0, 0.06%, 9, 0, 11, 383.50
1734110492, 9, 70, 78, 7, 0, 0.06%, 9, 0, 11, 322.36
1734110502, 9, 74, 78, 7, 0, 0.06%, 9, 0, 11, 370.24
1734110512, 9, 77, 79, 8, 0, 0.06%, 9, 0, 11, 351.83
1734110639, 10, 37, 79, 7, 0, 0.06%, 9, 0, 11, 319.61
1734110649, 10, 42, 79, 7, 0, 0.06%, 9, 0, 11, 343.99
1734110654, 10, 43, 79, 7, 0, 0.06%, 9, 0, 11, 363.01
1734110659, 10, 47, 79, 7, 0, 0.06%, 9, 0, 11, 398.97
1734110664, 10, 48, 79, 7, 0, 0.06%, 9, 0, 11, 338.62
1734110675, 10, 49, 79, 7, 0, 0.06%, 9, 0, 11, 347.73
1734110680, 10, 50, 79, 7, 0, 0.06%, 9, 0, 11, 392.00
1734110685, 10, 56, 79, 7, 0, 0.06%, 9, 0, 11, 367.08
1734110695, 10, 58, 79, 7, 0, 0.06%, 9, 0, 11, 359.87
1734110700, 10, 63, 79, 7, 0, 0.06%, 9, 0, 11, 383.86
1734110705, 10, 64, 79, 7, 0, 0.06%, 9, 0, 11, 351.17
1734110715, 10, 66, 79, 7, 0, 0.06%, 9, 0, 11, 385.32
1734110720, 10, 67, 79, 7, 0, 0.06%, 9, 0, 11, 349.32
1734110730, 10, 68, 79, 7, 0, 0.06%, 9, 0, 11, 399.98
1734110736, 10, 74, 79, 7, 0, 0.06%, 9, 0, 11, 357.43
1734110746, 11, 34, 79, 7, 0, 0.06%, 9, 0, 11, 354.25
1734110751, 11, 37, 79, 7, 0, 0.06%, 9, 0, 11, 363.74
1734110756, 11, 42, 79, 7, 0, 0.06%, 9, 0, 11, 379.35
1734110761, 11, 43, 79, 7, 0, 0.06%, 9, 0, 11, 313.06
1734110771, 11, 47, 79, 7, 0, 0.06%, 9, 0, 11, 364.56
1734110776, 11, 48, 79, 7, 0, 0.06%, 9, 0, 11, 380.39
1734110781, 11, 49, 79, 7, 0, 0.06%, 9, 0, 11, 338.79
1734110791, 11, 50, 79, 7, 0, 0.06%, 9, 0, 11, 346.70
1734110796, 11, 56, 79, 7, 0, 0.06%, 9, 0, 11, 360.35
1734110801, 11, 58, 79, 7, 0, 0.06%, 9, 0, 11, 343.25
1734110812, 11, 63, 79, 7, 0, 0.06%, 9, 0, 11, 348.67
1734110817, 11, 64, 79, 7, 0, 0.06%, 9, 0, 11, 317.05
1734110888, 11, 65, 79, 7, 0, 0.06%, 9, 0, 11, 382.15
1734110980, 11, 66, 79, 6, 0, 0.06%, 9, 0, 11, 392.49
1734110985, 11, 67, 79, 6, 0, 0.06%, 9, 0, 11, 315.86
1734110995, 11, 68, 79, 6, 0, 0.06%, 9, 0, 11, 372.15
1734111000, 11, 69, 79, 6, 0, 0.06%, 9, 0, 11, 347.07
1734111103, 11, 70, 79, 6, 0, 0.06%, 9, 0, 11, 361.78
1734111194, 11, 71, 79, 6, 0, 0.06%, 9, 0, 11, 307.56
1734111291, 11, 72, 79, 6, 0, 0.06%, 9, 0, 11, 415.60
1734111301, 11, 73, 79, 6, 0, 0.06%, 9, 0, 11, 346.54
1734111316, 11, 74, 79, 6, 0, 0.06%, 9, 0, 11, 366.74
1734111454, 11, 75, 79, 6, 0, 0.06%, 9, 0, 11, 423.30
1734111541, 11, 76, 79, 6, 0, 0.06%, 9, 0, 11, 339.19
1734111546, 11, 77, 79, 6, 0, 0.06%, 9, 0, 11, 376.96
1734111648, 11, 78, 79, 6, 0, 0.06%, 9, 0, 11, 383.78
1734111790, 12, 10, 79, 5, 0, 0.06%, 9, 0, 11, 316.13
1734111795, 12, 18, 79, 5, 0, 0.06%, 9, 0, 11, 319.47
1734111800, 12, 20, 79, 5, 0, 0.06%, 9, 0, 11, 325.93
1734111805, 12, 21, 79, 5, 0, 0.06%, 9, 0, 11, 340.05
1734111810, 12, 23, 79, 5, 0, 0.06%, 9, 0, 11, 331.49
1734111815, 12, 24, 79, 5, 0, 0.06%, 9, 0, 11, 335.89
1734111820, 12, 25, 79, 5, 0, 0.06%, 9, 0, 11, 338.53
1734111825, 12, 27, 79, 5, 0, 0.06%, 9, 0, 11, 324.45
1734111831, 12, 29, 79, 5, 0, 0.06%, 9, 0, 11, 341.24
1734111836, 12, 30, 79, 5, 0, 0.06%, 9, 0, 11, 347.23
1734111841, 12, 31, 79, 5, 0, 0.06%, 9, 0, 11, 469.32
1734111856, 12, 32, 79, 5, 0, 0.06%, 9, 0, 11, 402.28
1734111871, 12, 33, 79, 5, 0, 0.06%, 9, 0, 11, 333.80
1734111876, 12, 34, 79, 5, 0, 0.06%, 9, 0, 11, 320.93
1734111881, 12, 35, 79, 5, 0, 0.06%, 9, 0, 11, 326.03
1734111886, 12, 37, 79, 5, 0, 0.06%, 9, 0, 11, 382.30
1734111896, 12, 39, 79, 5, 0, 0.06%, 9, 0, 11, 334.59
1734111901, 12, 40, 79, 5, 0, 0.06%, 9, 0, 11, 356.15
1734111906, 12, 41, 79, 5, 0, 0.06%, 9, 0, 11, 385.34
1734111911, 12, 42, 79, 5, 0, 0.06%, 9, 0, 11, 322.57
1734111921, 12, 43, 79, 5, 0, 0.06%, 9, 0, 11, 336.66
1734111927, 12, 44, 79, 5, 0, 0.06%, 9, 0, 11, 356.12
1734111932, 12, 45, 79, 5, 0, 0.06%, 9, 0, 11, 364.38
1734111942, 12, 46, 79, 5, 0, 0.06%, 9, 0, 11, 368.22
1734111947, 12, 47, 79, 5, 0, 0.06%, 9, 0, 11, 369.08
1734111952, 12, 48, 79, 5, 0, 0.06%, 9, 0, 11, 363.15
1734111962, 12, 49, 79, 5, 0, 0.06%, 9, 0, 11, 331.83
1734111967, 12, 50, 79, 5, 0, 0.06%, 9, 0, 11, 349.35
1734111973, 12, 51, 79, 5, 0, 0.06%, 9, 0, 11, 387.74
1734111978, 12, 52, 79, 5, 0, 0.06%, 9, 0, 11, 318.99
1734111998, 12, 53, 79, 5, 0, 0.06%, 9, 0, 11, 349.71
1734112003, 12, 54, 79, 5, 0, 0.06%, 9, 0, 11, 321.29
1734112013, 12, 55, 79, 5, 0, 0.06%, 9, 0, 11, 279.09
1734112023, 12, 56, 79, 5, 0, 0.06%, 9, 0, 11, 354.88
1734112034, 12, 57, 79, 5, 0, 0.06%, 9, 0, 11, 373.20
1734112049, 12, 58, 79, 5, 0, 0.06%, 9, 0, 11, 385.11
1734112054, 12, 59, 79, 5, 0, 0.06%, 9, 0, 11, 369.31
1734112110, 12, 60, 79, 5, 0, 0.06%, 9, 0, 11, 391.64
1734112206, 12, 61, 79, 5, 0, 0.06%, 9, 0, 11, 330.22
1734112303, 12, 63, 79, 5, 0, 0.06%, 9, 0, 11, 369.99
1734112308, 12, 64, 79, 5, 0, 0.06%, 9, 0, 11, 392.43
1734112313, 12, 66, 79, 5, 0, 0.06%, 9, 0, 11, 346.79
1734112323, 12, 67, 79, 5, 0, 0.06%, 9, 0, 11, 390.55
1734112329, 12, 68, 79, 5, 0, 0.06%, 9, 0, 11, 359.03
1734112339, 12, 69, 79, 5, 0, 0.06%, 9, 0, 11, 369.65
1734112344, 12, 70, 79, 5, 0, 0.06%, 9, 0, 11, 348.03
1734112354, 12, 72, 79, 5, 0, 0.06%, 9, 0, 11, 356.39
1734112359, 12, 73, 79, 5, 0, 0.06%, 9, 0, 11, 359.60
1734112369, 12, 74, 79, 5, 0, 0.06%, 9, 0, 11, 388.45
1734112379, 12, 77, 79, 5, 0, 0.06%, 9, 0, 11, 350.96
1734112390, 12, 78, 79, 5, 0, 0.06%, 9, 0, 11, 379.92
1734112415, 13, 19, 79, 5, 0, 0.06%, 9, 0, 11, 315.95
1734112420, 13, 20, 79, 5, 0, 0.06%, 9, 0, 11, 322.02
1734112425, 13, 21, 79, 5, 0, 0.06%, 9, 0, 11, 325.49
1734112430, 13, 24, 79, 5, 0, 0.06%, 9, 0, 11, 344.64
1734112435, 13, 25, 79, 5, 0, 0.06%, 9, 0, 11, 339.97
1734112440, 13, 29, 79, 5, 0, 0.06%, 9, 0, 11, 359.88
1734112445, 13, 31, 79, 5, 0, 0.06%, 9, 0, 11, 341.93
1734112450, 13, 32, 79, 5, 0, 0.06%, 9, 0, 11, 310.89
1734112455, 13, 33, 79, 5, 0, 0.06%, 9, 0, 11, 333.42
1734112461, 13, 34, 79, 5, 0, 0.06%, 9, 0, 11, 335.68
1734112466, 13, 36, 79, 5, 0, 0.06%, 9, 0, 11, 345.15
1734112471, 13, 37, 79, 5, 0, 0.06%, 9, 0, 11, 344.21
1734112476, 13, 41, 79, 5, 0, 0.06%, 9, 0, 11, 343.57
1734112481, 13, 42, 79, 5, 0, 0.06%, 9, 0, 11, 335.40
1734112491, 13, 43, 79, 5, 0, 0.06%, 9, 0, 11, 348.48
1734112496, 13, 44, 79, 5, 0, 0.06%, 9, 0, 11, 356.27
1734112501, 13, 45, 79, 5, 0, 0.06%, 9, 0, 11, 390.36
1734112506, 13, 46, 79, 5, 0, 0.06%, 9, 0, 11, 315.63
1734112516, 13, 47, 79, 5, 0, 0.06%, 9, 0, 11, 342.72
1734112522, 13, 48, 79, 5, 0, 0.06%, 9, 0, 11, 325.81
1734112532, 13, 49, 79, 5, 0, 0.06%, 9, 0, 11, 331.11
1734112537, 13, 50, 79, 5, 0, 0.06%, 9, 0, 11, 359.92
1734112542, 13, 51, 79, 5, 0, 0.06%, 9, 0, 11, 387.37
1734112547, 13, 55, 79, 5, 0, 0.06%, 9, 0, 11, 379.68
1734112562, 13, 56, 79, 5, 0, 0.06%, 9, 0, 11, 384.44
1734112567, 13, 57, 79, 5, 0, 0.06%, 9, 0, 11, 349.15
1734112578, 13, 58, 79, 5, 0, 0.06%, 9, 0, 11, 399.48
1734112583, 13, 59, 79, 5, 0, 0.06%, 9, 0, 11, 343.13
1734112593, 13, 61, 79, 5, 0, 0.06%, 9, 0, 11, 349.03
1734112598, 13, 63, 79, 5, 0, 0.06%, 9, 0, 11, 343.69
1734112608, 13, 64, 79, 5, 0, 0.06%, 9, 0, 11, 388.15
1734112613, 13, 66, 79, 5, 0, 0.06%, 9, 0, 11, 323.27
1734112623, 13, 67, 79, 5, 0, 0.06%, 9, 0, 11, 397.20
1734112628, 13, 68, 79, 5, 0, 0.06%, 9, 0, 11, 319.59
1734112638, 13, 69, 79, 5, 0, 0.06%, 9, 0, 11, 374.11
1734112643, 13, 70, 79, 5, 0, 0.06%, 9, 0, 11, 314.73
1734112654, 13, 72, 79, 5, 0, 0.06%, 9, 0, 11, 380.45
1734112659, 13, 73, 79, 5, 0, 0.06%, 9, 0, 11, 366.09
1734112669, 13, 74, 79, 5, 0, 0.06%, 9, 0, 11, 381.47
1734112674, 13, 77, 79, 5, 0, 0.06%, 9, 0, 11, 340.96
1734112679, 13, 78, 79, 5, 0, 0.06%, 9, 0, 11, 334.88
1734112694, 14, 19, 79, 5, 0, 0.06%, 9, 0, 11, 349.46
1734112699, 14, 20, 79, 5, 0, 0.06%, 9, 0, 11, 345.39
1734112704, 14, 21, 79, 5, 0, 0.06%, 9, 0, 11, 346.46
1734112710, 14, 23, 79, 5, 0, 0.06%, 9, 0, 11, 308.08
1734112715, 14, 24, 79, 5, 0, 0.06%, 9, 0, 11, 320.50
1734112720, 14, 25, 79, 5, 0, 0.06%, 9, 0, 11, 324.76
1734112725, 14, 31, 79, 5, 0, 0.06%, 9, 0, 11, 347.58
1734112730, 14, 32, 79, 5, 0, 0.06%, 9, 0, 11, 322.34
1734112735, 14, 33, 79, 5, 0, 0.06%, 9, 0, 11, 335.19
1734112740, 14, 34, 79, 5, 0, 0.06%, 9, 0, 11, 352.71
1734112745, 14, 36, 79, 5, 0, 0.06%, 9, 0, 11, 358.28
1734112750, 14, 37, 79, 5, 0, 0.06%, 9, 0, 11, 381.24
1734112755, 14, 41, 79, 5, 0, 0.06%, 9, 0, 11, 355.96
1734112765, 14, 42, 79, 5, 0, 0.06%, 9, 0, 11, 307.90
1734112770, 14, 43, 79, 5, 0, 0.06%, 9, 0, 11, 345.71
1734112775, 14, 44, 79, 5, 0, 0.06%, 9, 0, 11, 376.40
1734112786, 14, 45, 79, 5, 0, 0.06%, 9, 0, 11, 323.75
1734112791, 14, 46, 79, 5, 0, 0.06%, 9, 0, 11, 363.34
1734112796, 14, 47, 79, 5, 0, 0.06%, 9, 0, 11, 389.05
1734112801, 14, 48, 79, 5, 0, 0.06%, 9, 0, 11, 315.90
1734112811, 14, 49, 79, 5, 0, 0.06%, 9, 0, 11, 344.82
1734112816, 14, 50, 79, 5, 0, 0.06%, 9, 0, 11, 385.36
1734112821, 14, 51, 79, 5, 0, 0.06%, 9, 0, 11, 352.49
1734112831, 14, 55, 79, 5, 0, 0.06%, 9, 0, 11, 287.49
1734112841, 14, 56, 79, 5, 0, 0.06%, 9, 0, 11, 359.54
1734112851, 14, 57, 79, 5, 0, 0.06%, 9, 0, 11, 392.22
1734112856, 14, 58, 79, 5, 0, 0.06%, 9, 0, 11, 329.78
1734112866, 14, 59, 79, 5, 0, 0.06%, 9, 0, 11, 369.66
1734112872, 14, 61, 79, 5, 0, 0.06%, 9, 0, 11, 326.38
1734112882, 14, 63, 79, 5, 0, 0.06%, 9, 0, 11, 386.12
1734112887, 14, 64, 79, 5, 0, 0.06%, 9, 0, 11, 352.74
1734112897, 14, 66, 79, 5, 0, 0.06%, 9, 0, 11, 374.46
1734112902, 14, 67, 79, 5, 0, 0.06%, 9, 0, 11, 397.77
1734112912, 14, 68, 79, 5, 0, 0.06%, 9, 0, 11, 366.87
1734112917, 14, 69, 79, 5, 0, 0.06%, 9, 0, 11, 347.41
1734112927, 14, 70, 79, 5, 0, 0.06%, 9, 0, 11, 361.54
1734112932, 14, 72, 79, 5, 0, 0.06%, 9, 0, 11, 376.20
1734112942, 14, 73, 79, 5, 0, 0.06%, 9, 0, 11, 349.72
1734112947, 14, 74, 79, 5, 0, 0.06%, 9, 0, 11, 311.25
1734112958, 14, 77, 79, 5, 0, 0.06%, 9, 0, 11, 345.93
1734112963, 14, 78, 79, 5, 0, 0.06%, 9, 0, 11, 368.61
1734112968, 15, 19, 79, 5, 0, 0.06%, 9, 0, 11, 322.84
1734112973, 15, 20, 79, 5, 0, 0.06%, 9, 0, 11, 326.91
1734112978, 15, 21, 79, 5, 0, 0.06%, 9, 0, 11, 332.95
1734112983, 15, 23, 79, 5, 0, 0.06%, 9, 0, 11, 352.65
1734112988, 15, 24, 79, 5, 0, 0.06%, 9, 0, 11, 339.39
1734112993, 15, 25, 79, 5, 0, 0.06%, 9, 0, 11, 337.47
1734112998, 15, 29, 79, 5, 0, 0.06%, 9, 0, 11, 345.96
1734113003, 15, 32, 79, 5, 0, 0.06%, 9, 0, 11, 332.66
1734113008, 15, 33, 79, 5, 0, 0.06%, 9, 0, 11, 334.86
1734113013, 15, 34, 79, 5, 0, 0.06%, 9, 0, 11, 319.01
1734113018, 15, 36, 79, 5, 0, 0.06%, 9, 0, 11, 361.46
1734113023, 15, 37, 79, 5, 0, 0.06%, 9, 0, 11, 372.83
1734113034, 15, 41, 79, 5, 0, 0.06%, 9, 0, 11, 334.84
1734113039, 15, 42, 79, 5, 0, 0.06%, 9, 0, 11, 348.22
1734113044, 15, 43, 79, 5, 0, 0.06%, 9, 0, 11, 375.89
1734113049, 15, 44, 79, 5, 0, 0.06%, 9, 0, 11, 381.86
1734113059, 15, 45, 79, 5, 0, 0.06%, 9, 0, 11, 341.30
1734113064, 15, 46, 79, 5, 0, 0.06%, 9, 0, 11, 371.63
1734113069, 15, 47, 79, 5, 0, 0.06%, 9, 0, 11, 396.79
1734113074, 15, 48, 79, 5, 0, 0.06%, 9, 0, 11, 315.15
1734113084, 15, 49, 79, 5, 0, 0.06%, 9, 0, 11, 382.57
1734113089, 15, 50, 79, 5, 0, 0.06%, 9, 0, 11, 367.30
1734113094, 15, 51, 79, 5, 0, 0.06%, 9, 0, 11, 351.14
1734113105, 15, 55, 79, 5, 0, 0.06%, 9, 0, 11, 272.76
1734113115, 15, 56, 79, 5, 0, 0.06%, 9, 0, 11, 378.56
1734113125, 15, 57, 79, 5, 0, 0.06%, 9, 0, 11, 381.26
1734113130, 15, 58, 79, 5, 0, 0.06%, 9, 0, 11, 345.61
1734113140, 15, 59, 79, 5, 0, 0.06%, 9, 0, 11, 342.93
1734113145, 15, 61, 79, 5, 0, 0.06%, 9, 0, 11, 320.92
1734113155, 15, 63, 79, 5, 0, 0.06%, 9, 0, 11, 379.07
1734113160, 15, 64, 79, 5, 0, 0.06%, 9, 0, 11, 387.21
1734113165, 15, 66, 79, 5, 0, 0.06%, 9, 0, 11, 376.48
1734113175, 15, 67, 79, 5, 0, 0.06%, 9, 0, 11, 400.74
1734113181, 15, 68, 79, 5, 0, 0.06%, 9, 0, 11, 335.37
1734113191, 15, 69, 79, 5, 0, 0.06%, 9, 0, 11, 370.01
1734113201, 15, 70, 79, 5, 0, 0.06%, 9, 0, 11, 356.77
1734113206, 15, 72, 79, 5, 0, 0.06%, 9, 0, 11, 385.40
1734113211, 15, 73, 79, 5, 0, 0.06%, 9, 0, 11, 360.62
1734113221, 15, 74, 79, 5, 0, 0.06%, 9, 0, 11, 361.43
1734113231, 15, 77, 79, 5, 0, 0.06%, 9, 0, 11, 326.60
1734113236, 15, 78, 79, 5, 0, 0.06%, 9, 0, 11, 336.59
1734113241, 16, 19, 79, 5, 0, 0.06%, 9, 0, 11, 353.11
1734113246, 16, 20, 79, 5, 0, 0.06%, 9, 0, 11, 339.35
1734113252, 16, 21, 79, 5, 0, 0.06%, 9, 0, 11, 335.14
1734113257, 16, 23, 79, 5, 0, 0.06%, 9, 0, 11, 318.86
1734113262, 16, 24, 79, 5, 0, 0.06%, 9, 0, 11, 319.96
1734113267, 16, 25, 79, 5, 0, 0.06%, 9, 0, 11, 314.81
1734113272, 16, 31, 79, 5, 0, 0.06%, 9, 0, 11, 332.73
1734113277, 16, 32, 79, 5, 0, 0.06%, 9, 0, 11, 301.65
1734113282, 16, 33, 79, 5, 0, 0.06%, 9, 0, 11, 331.41
1734113287, 16, 34, 79, 5, 0, 0.06%, 9, 0, 11, 375.80
1734113292, 16, 36, 79, 5, 0, 0.06%, 9, 0, 11, 355.40
1734113297, 16, 37, 79, 5, 0, 0.06%, 9, 0, 11, 353.23
1734113302, 16, 41, 79, 5, 0, 0.06%, 9, 0, 11, 361.50
1734113308, 16, 42, 79, 5, 0, 0.06%, 9, 0, 11, 348.21
1734113318, 16, 43, 79, 5, 0, 0.06%, 9, 0, 11, 335.90
1734113323, 16, 44, 79, 5, 0, 0.06%, 9, 0, 11, 359.61
1734113328, 16, 45, 79, 5, 0, 0.06%, 9, 0, 11, 380.36
1734113338, 16, 46, 79, 5, 0, 0.06%, 9, 0, 11, 338.76
1734113343, 16, 47, 79, 5, 0, 0.06%, 9, 0, 11, 363.12
1734113348, 16, 48, 79, 5, 0, 0.06%, 9, 0, 11, 364.98
1734113353, 16, 49, 79, 5, 0, 0.06%, 9, 0, 11, 334.21
1734113364, 16, 50, 79, 5, 0, 0.06%, 9, 0, 11, 359.89
1734113369, 16, 51, 79, 5, 0, 0.06%, 9, 0, 11, 375.24
1734113374, 16, 55, 79, 5, 0, 0.06%, 9, 0, 11, 377.53
1734113389, 16, 56, 79, 5, 0, 0.06%, 9, 0, 11, 389.20
1734113394, 16, 57, 79, 5, 0, 0.06%, 9, 0, 11, 316.60
1734113404, 16, 58, 79, 5, 0, 0.06%, 9, 0, 11, 405.70
1734113409, 16, 59, 79, 5, 0, 0.06%, 9, 0, 11, 323.92
1734113419, 16, 61, 79, 5, 0, 0.06%, 9, 0, 11, 358.05
1734113424, 16, 63, 79, 5, 0, 0.06%, 9, 0, 11, 317.11
1734113434, 16, 64, 79, 5, 0, 0.06%, 9, 0, 11, 389.07
1734113439, 16, 66, 79, 5, 0, 0.06%, 9, 0, 11, 361.81
1734113450, 16, 67, 79, 5, 0, 0.06%, 9, 0, 11, 365.57
1734113455, 16, 68, 79, 5, 0, 0.06%, 9, 0, 11, 355.81
1734113465, 16, 69, 79, 5, 0, 0.06%, 9, 0, 11, 358.28
1734113470, 16, 70, 79, 5, 0, 0.06%, 9, 0, 11, 353.71
1734113480, 16, 72, 79, 5, 0, 0.06%, 9, 0, 11, 368.57
1734113485, 16, 73, 79, 5, 0, 0.06%, 9, 0, 11, 373.02
1734113495, 16, 74, 79, 5, 0, 0.06%, 9, 0, 11, 376.40
1734113500, 16, 77, 79, 5, 0, 0.06%, 9, 0, 11, 335.20
1734113505, 16, 78, 79, 5, 0, 0.06%, 9, 0, 11, 326.22
1734113515, 17, 19, 79, 5, 0, 0.06%, 9, 0, 11, 330.31
1734113520, 17, 20, 79, 5, 0, 0.06%, 9, 0, 11, 331.93
1734113526, 17, 21, 79, 5, 0, 0.06%, 9, 0, 11, 334.39
1734113531, 17, 24, 79, 5, 0, 0.06%, 9, 0, 11, 334.23
1734113536, 17, 25, 79, 5, 0, 0.06%, 9, 0, 11, 354.47
1734113541, 17, 29, 79, 5, 0, 0.06%, 9, 0, 11, 348.44
1734113546, 17, 31, 79, 5, 0, 0.06%, 9, 0, 11, 330.26
1734113551, 17, 32, 79, 5, 0, 0.06%, 9, 0, 11, 316.98
1734113556, 17, 33, 79, 5, 0, 0.06%, 9, 0, 11, 341.30
1734113561, 17, 34, 79, 5, 0, 0.06%, 9, 0, 11, 320.98
1734113566, 17, 37, 79, 5, 0, 0.06%, 9, 0, 11, 333.42
1734113576, 17, 41, 79, 5, 0, 0.06%, 9, 0, 11, 343.84
1734113582, 17, 42, 79, 5, 0, 0.06%, 9, 0, 11, 375.56
1734113587, 17, 43, 79, 5, 0, 0.06%, 9, 0, 11, 349.47
1734113597, 17, 44, 79, 5, 0, 0.06%, 9, 0, 11, 331.98
1734113602, 17, 45, 79, 5, 0, 0.06%, 9, 0, 11, 346.27
1734113607, 17, 46, 79, 5, 0, 0.06%, 9, 0, 11, 306.78
1734113617, 17, 47, 79, 5, 0, 0.06%, 9, 0, 11, 335.44
1734113622, 17, 48, 79, 5, 0, 0.06%, 9, 0, 11, 381.59
1734113632, 17, 49, 79, 5, 0, 0.06%, 9, 0, 11, 335.34
1734113637, 17, 50, 79, 5, 0, 0.06%, 9, 0, 11, 338.23
1734113642, 17, 51, 79, 5, 0, 0.06%, 9, 0, 11, 370.03
1734113652, 17, 55, 79, 5, 0, 0.06%, 9, 0, 11, 261.55
1734113662, 17, 56, 79, 5, 0, 0.06%, 9, 0, 11, 353.32
1734113673, 17, 57, 79, 5, 0, 0.06%, 9, 0, 11, 383.07
1734113678, 17, 58, 79, 5, 0, 0.06%, 9, 0, 11, 316.85
1734113688, 17, 59, 79, 5, 0, 0.06%, 9, 0, 11, 371.24
1734113693, 17, 61, 79, 5, 0, 0.06%, 9, 0, 11, 333.04
1734113703, 17, 63, 79, 5, 0, 0.06%, 9, 0, 11, 382.64
1734113708, 17, 64, 79, 5, 0, 0.06%, 9, 0, 11, 397.76
1734113713, 17, 66, 79, 5, 0, 0.06%, 9, 0, 11, 375.53
1734113723, 17, 67, 79, 5, 0, 0.06%, 9, 0, 11, 391.78
1734113728, 17, 68, 79, 5, 0, 0.06%, 9, 0, 11, 351.22
1734113739, 17, 69, 79, 5, 0, 0.06%, 9, 0, 11, 385.00
1734113744, 17, 70, 79, 5, 0, 0.06%, 9, 0, 11, 350.87
1734113754, 17, 72, 79, 5, 0, 0.06%, 9, 0, 11, 383.18
1734113759, 17, 73, 79, 5, 0, 0.06%, 9, 0, 11, 351.45
1734113769, 17, 74, 79, 5, 0, 0.06%, 9, 0, 11, 365.23
1734113779, 17, 77, 79, 5, 0, 0.06%, 9, 0, 11, 325.11
1734113784, 17, 78, 79, 5, 0, 0.06%, 9, 0, 11, 352.97
1734113789, 18, 19, 79, 5, 0, 0.06%, 9, 0, 11, 346.24
1734113794, 18, 20, 79, 5, 0, 0.06%, 9, 0, 11, 353.19
1734113799, 18, 21, 79, 5, 0, 0.06%, 9, 0, 11, 339.11
1734113804, 18, 23, 79, 5, 0, 0.06%, 9, 0, 11, 316.70
1734113809, 18, 24, 79, 5, 0, 0.06%, 9, 0, 11, 323.44
1734113815, 18, 25, 79, 5, 0, 0.06%, 9, 0, 11, 327.24
1734113820, 18, 29, 79, 5, 0, 0.06%, 9, 0, 11, 334.77
1734113825, 18, 31, 79, 5, 0, 0.06%, 9, 0, 11, 337.07
1734113830, 18, 32, 79, 5, 0, 0.06%, 9, 0, 11, 310.15
1734113835, 18, 34, 79, 5, 0, 0.06%, 9, 0, 11, 325.29
1734113840, 18, 37, 79, 5, 0, 0.06%, 9, 0, 11, 357.45
1734113850, 18, 41, 79, 5, 0, 0.06%, 9, 0, 11, 342.04
1734113855, 18, 42, 79, 5, 0, 0.06%, 9, 0, 11, 337.33
1734113860, 18, 43, 79, 5, 0, 0.06%, 9, 0, 11, 373.82
1734113865, 18, 44, 79, 5, 0, 0.06%, 9, 0, 11, 352.26
1734113875, 18, 45, 79, 5, 0, 0.06%, 9, 0, 11, 344.19
1734113880, 18, 46, 79, 5, 0, 0.06%, 9, 0, 11, 373.14
1734113886, 18, 47, 79, 5, 0, 0.06%, 9, 0, 11, 382.41
1734113896, 18, 48, 79, 5, 0, 0.06%, 9, 0, 11, 360.39
1734113901, 18, 49, 79, 5, 0, 0.06%, 9, 0, 11, 368.06
1734113906, 18, 50, 79, 5, 0, 0.06%, 9, 0, 11, 396.24
1734113911, 18, 51, 79, 5, 0, 0.06%, 9, 0, 11, 341.13
1734113921, 18, 55, 79, 5, 0, 0.06%, 9, 0, 11, 314.66
1734113936, 18, 56, 79, 5, 0, 0.06%, 9, 0, 11, 345.82
1734113941, 18, 57, 79, 5, 0, 0.06%, 9, 0, 11, 367.99
1734113951, 18, 58, 79, 5, 0, 0.06%, 9, 0, 11, 374.68
1734113956, 18, 63, 79, 5, 0, 0.06%, 9, 0, 11, 363.59
1734113961, 18, 64, 79, 5, 0, 0.06%, 9, 0, 11, 362.08
1734113971, 18, 66, 79, 5, 0, 0.06%, 9, 0, 11, 393.10
1734113976, 18, 67, 79, 5, 0, 0.06%, 9, 0, 11, 334.26
1734113987, 18, 68, 79, 5, 0, 0.06%, 9, 0, 11, 393.46
1734113992, 18, 72, 79, 5, 0, 0.06%, 9, 0, 11, 325.14
1734114002, 18, 73, 79, 5, 0, 0.06%, 9, 0, 11, 361.77
1734114007, 18, 74, 79, 5, 0, 0.06%, 9, 0, 11, 320.14
1734114017, 19, 34, 79, 5, 0, 0.06%, 9, 0, 11, 343.22
1734114022, 19, 36, 79, 5, 0, 0.06%, 9, 0, 11, 332.55
1734114027, 19, 37, 79, 5, 0, 0.06%, 9, 0, 11, 339.00
1734114032, 19, 41, 79, 5, 0, 0.06%, 9, 0, 11, 335.74
1734114037, 19, 42, 79, 5, 0, 0.06%, 9, 0, 11, 360.90
1734114042, 19, 43, 80, 6, 0, 0.06%, 9, 0, 11, 321.62
1734114052, 19, 44, 80, 6, 0, 0.06%, 9, 0, 11, 351.37
1734114058, 19, 45, 80, 6, 0, 0.06%, 9, 0, 11, 375.12
1734114063, 19, 46, 80, 6, 0, 0.06%, 9, 0, 11, 339.65
1734114073, 19, 47, 80, 6, 0, 0.06%, 9, 0, 11, 340.88
1734114078, 19, 48, 80, 6, 0, 0.06%, 9, 0, 11, 378.68
1734114083, 19, 49, 80, 6, 0, 0.06%, 9, 0, 11, 399.41
1734114088, 19, 49, 81, 7, 0, 0.06%, 9, 0, 11, 334.55
1734114093, 19, 50, 81, 7, 0, 0.06%, 9, 0, 11, 338.08
1734114098, 19, 51, 81, 7, 0, 0.06%, 9, 0, 11, 374.07
1734114103, 19, 55, 81, 7, 0, 0.06%, 9, 0, 11, 400.61
1734114118, 19, 56, 81, 7, 0, 0.06%, 9, 0, 11, 375.80
1734114124, 19, 57, 81, 7, 0, 0.06%, 9, 0, 11, 329.33
1734114134, 19, 58, 81, 7, 0, 0.06%, 9, 0, 11, 376.76
1734114139, 19, 63, 81, 7, 0, 0.06%, 9, 0, 11, 380.54
1734114149, 19, 64, 81, 7, 0, 0.06%, 9, 0, 11, 359.18
1734114154, 19, 66, 81, 7, 0, 0.06%, 9, 0, 11, 388.60
1734114159, 19, 67, 81, 7, 0, 0.06%, 9, 0, 11, 344.26
1734114169, 19, 68, 81, 7, 0, 0.06%, 9, 0, 11, 374.99
1734114179, 19, 72, 81, 7, 0, 0.06%, 9, 0, 11, 349.10
1734114185, 19, 73, 81, 7, 0, 0.06%, 9, 0, 11, 373.48
1734114190, 19, 74, 81, 7, 0, 0.06%, 9, 0, 11, 357.85
1734114200, 19, 79, 81, 7, 0, 0.06%, 9, 0, 11, 351.62
1734114389, 19, 80, 81, 6, 0, 0.06%, 9, 0, 11, 392.99
1734114547, 20, 34, 81, 5, 0, 0.06%, 9, 0, 11, 375.78
1734114553, 20, 37, 81, 5, 0, 0.06%, 9, 0, 11, 355.90
1734114558, 20, 42, 81, 5, 0, 0.06%, 9, 0, 11, 361.53
1734114563, 20, 43, 81, 5, 0, 0.06%, 9, 0, 11, 382.03
1734114573, 20, 47, 81, 5, 0, 0.06%, 9, 0, 11, 340.92
1734114578, 20, 48, 81, 5, 0, 0.06%, 9, 0, 11, 381.09
1734114583, 20, 49, 81, 5, 0, 0.06%, 9, 0, 11, 407.69
1734114588, 20, 50, 81, 5, 0, 0.06%, 9, 0, 11, 340.47
1734114598, 20, 56, 81, 5, 0, 0.06%, 9, 0, 11, 344.13
1734114603, 20, 58, 81, 5, 0, 0.06%, 9, 0, 11, 396.78
1734114608, 20, 63, 81, 5, 0, 0.06%, 9, 0, 11, 336.02
1734114618, 20, 64, 81, 5, 0, 0.06%, 9, 0, 11, 370.81
1734114624, 20, 66, 81, 5, 0, 0.06%, 9, 0, 11, 359.75
1734114634, 20, 67, 81, 5, 0, 0.06%, 9, 0, 11, 367.12
1734114639, 20, 68, 81, 5, 0, 0.06%, 9, 0, 11, 354.54
1734114649, 20, 74, 81, 5, 0, 0.06%, 9, 0, 11, 380.73
1734114654, 20, 79, 81, 5, 0, 0.06%, 9, 0, 11, 328.56
1734114679, 20, 80, 81, 5, 0, 0.06%, 9, 0, 11, 314.37
1734114710, 21, 37, 81, 5, 0, 0.06%, 9, 0, 11, 376.74
1734114720, 21, 42, 81, 5, 0, 0.06%, 9, 0, 11, 327.44
1734114725, 21, 43, 81, 5, 0, 0.06%, 9, 0, 11, 361.31
1734114730, 21, 47, 81, 5, 0, 0.06%, 9, 0, 11, 354.37
1734114740, 21, 48, 81, 5, 0, 0.06%, 9, 0, 11, 343.42
1734114745, 21, 49, 81, 5, 0, 0.06%, 9, 0, 11, 368.31
1734114750, 21, 50, 81, 5, 0, 0.06%, 9, 0, 11, 401.18
1734114761, 21, 56, 81, 5, 0, 0.06%, 9, 0, 11, 343.14
1734114766, 21, 58, 81, 5, 0, 0.06%, 9, 0, 11, 369.30
1734114771, 21, 63, 81, 5, 0, 0.06%, 9, 0, 11, 370.76
1734114781, 21, 64, 81, 5, 0, 0.06%, 9, 0, 11, 349.14
1734114786, 21, 66, 81, 5, 0, 0.06%, 9, 0, 11, 365.42
1734114796, 21, 67, 81, 5, 0, 0.06%, 9, 0, 11, 372.21
1734114801, 21, 68, 81, 5, 0, 0.06%, 9, 0, 11, 346.24
1734114811, 21, 74, 81, 5, 0, 0.06%, 9, 0, 11, 389.61
1734114816, 21, 79, 81, 5, 0, 0.06%, 9, 0, 11, 353.63
1734114842, 21, 80, 81, 5, 0, 0.06%, 9, 0, 11, 336.56
1734114872, 22, 34, 81, 5, 0, 0.06%, 9, 0, 11, 342.86
1734114877, 22, 37, 81, 5, 0, 0.06%, 9, 0, 11, 340.10
1734114882, 22, 42, 81, 5, 0, 0.06%, 9, 0, 11, 353.22
1734114887, 22, 43, 81, 5, 0, 0.06%, 9, 0, 11, 357.35
1734114897, 22, 47, 81, 5, 0, 0.06%, 9, 0, 11, 329.50
1734114902, 22, 48, 81, 5, 0, 0.06%, 9, 0, 11, 362.32
1734114908, 22, 49, 81, 5, 0, 0.06%, 9, 0, 11, 371.54
1734114918, 22, 50, 81, 5, 0, 0.06%, 9, 0, 11, 349.00
1734114923, 22, 56, 81, 5, 0, 0.06%, 9, 0, 11, 331.69
1734114928, 22, 58, 81, 5, 0, 0.06%, 9, 0, 11, 333.31
1734114938, 22, 63, 81, 5, 0, 0.06%, 9, 0, 11, 357.98
1734114943, 22, 64, 81, 5, 0, 0.06%, 9, 0, 11, 391.91
1734114948, 22, 66, 81, 5, 0, 0.06%, 9, 0, 11, 359.48
1734114958, 22, 67, 81, 5, 0, 0.06%, 9, 0, 11, 394.71
1734114963, 22, 68, 81, 5, 0, 0.06%, 9, 0, 11, 341.86
1734114973, 22, 74, 81, 5, 0, 0.06%, 9, 0, 11, 348.27
1734114984, 22, 79, 81, 5, 0, 0.06%, 9, 0, 11, 416.42
1734115009, 22, 80, 81, 5, 0, 0.06%, 9, 0, 11, 390.08
1734115034, 23, 34, 81, 5, 0, 0.06%, 9, 0, 11, 352.96
1734115039, 23, 37, 81, 5, 0, 0.06%, 9, 0, 11, 356.48
1734115044, 23, 42, 81, 5, 0, 0.06%, 9, 0, 11, 366.12
1734115049, 23, 43, 81, 5, 0, 0.06%, 9, 0, 11, 329.71
1734115060, 23, 47, 81, 5, 0, 0.06%, 9, 0, 11, 336.21
1734115065, 23, 48, 81, 5, 0, 0.06%, 9, 0, 11, 367.98
1734115070, 23, 49, 81, 5, 0, 0.06%, 9, 0, 11, 350.29
1734115080, 23, 50, 81, 5, 0, 0.06%, 9, 0, 11, 354.38
1734115085, 23, 56, 81, 5, 0, 0.06%, 9, 0, 11, 368.90
1734115090, 23, 58, 81, 5, 0, 0.06%, 9, 0, 11, 308.91
1734115100, 23, 63, 81, 5, 0, 0.06%, 9, 0, 11, 371.02
1734115105, 23, 64, 81, 5, 0, 0.06%, 9, 0, 11, 350.37
1734115116, 23, 66, 81, 5, 0, 0.06%, 9, 0, 11, 353.88
1734115121, 23, 67, 81, 5, 0, 0.06%, 9, 0, 11, 351.37
1734115131, 23, 68, 81, 5, 0, 0.06%, 9, 0, 11, 378.36
1734115136, 23, 74, 81, 5, 0, 0.06%, 9, 0, 11, 316.87
1734115146, 23, 79, 81, 5, 0, 0.06%, 9, 0, 11, 357.87
1734115161, 23, 80, 81, 5, 0, 0.06%, 9, 0, 11, 393.02
1734115177, 24, 37, 81, 5, 0, 0.06%, 9, 0, 11, 340.66
1734115187, 24, 42, 81, 5, 0, 0.06%, 9, 0, 11, 339.04
1734115192, 24, 43, 81, 5, 0, 0.06%, 9, 0, 11, 364.25
1734115197, 24, 47, 81, 5, 0, 0.06%, 9, 0, 11, 330.08
1734115207, 24, 48, 81, 5, 0, 0.06%, 9, 0, 11, 356.91
1734115212, 24, 49, 81, 5, 0, 0.06%, 9, 0, 11, 369.49
1734115217, 24, 50, 81, 5, 0, 0.06%, 9, 0, 11, 392.94
1734115227, 24, 56, 81, 5, 0, 0.06%, 9, 0, 11, 334.86
1734115232, 24, 58, 81, 5, 0, 0.06%, 9, 0, 11, 366.11
1734115237, 24, 63, 81, 5, 0, 0.06%, 9, 0, 11, 312.26
1734115248, 24, 64, 81, 5, 0, 0.06%, 9, 0, 11, 361.92
1734115253, 24, 66, 81, 5, 0, 0.06%, 9, 0, 11, 309.67
1734115263, 24, 67, 81, 5, 0, 0.06%, 9, 0, 11, 386.83
1734115268, 24, 68, 81, 5, 0, 0.06%, 9, 0, 11, 327.18
1734115278, 24, 74, 81, 5, 0, 0.06%, 9, 0, 11, 400.00
1734115283, 24, 79, 81, 5, 0, 0.06%, 9, 0, 11, 360.57
1734115298, 24, 80, 81, 5, 0, 0.06%, 9, 0, 11, 355.31
1734115313, 25, 34, 81, 5, 0, 0.06%, 9, 0, 11, 320.39
1734115319, 25, 37, 81, 5, 0, 0.06%, 9, 0, 11, 341.27
1734115324, 25, 42, 81, 5, 0, 0.06%, 9, 0, 11, 372.10
1734115329, 25, 43, 81, 5, 0, 0.06%, 9, 0, 11, 369.13
1734115339, 25, 47, 81, 5, 0, 0.06%, 9, 0, 11, 316.43
1734115344, 25, 48, 81, 5, 0, 0.06%, 9, 0, 11, 346.27
1734115349, 25, 49, 81, 5, 0, 0.06%, 9, 0, 11, 372.79
1734115354, 25, 50, 81, 5, 0, 0.06%, 9, 0, 11, 375.98
1734115365, 25, 56, 81, 5, 0, 0.06%, 9, 0, 11, 359.42
1734115370, 25, 58, 81, 5, 0, 0.06%, 9, 0, 11, 397.91
1734115375, 25, 63, 81, 5, 0, 0.06%, 9, 0, 11, 329.61
1734115385, 25, 64, 81, 5, 0, 0.06%, 9, 0, 11, 375.09
1734115390, 25, 66, 81, 5, 0, 0.06%, 9, 0, 11, 363.34
1734115400, 25, 67, 81, 5, 0, 0.06%, 9, 0, 11, 377.06
1734115405, 25, 68, 81, 5, 0, 0.06%, 9, 0, 11, 357.53
1734115415, 25, 74, 81, 5, 0, 0.06%, 9, 0, 11, 380.30
1734115420, 25, 79, 81, 5, 0, 0.06%, 9, 0, 11, 344.85
1734115435, 25, 80, 81, 5, 0, 0.06%, 9, 0, 11, 350.87
1734115451, 26, 34, 81, 5, 0, 0.06%, 9, 0, 11, 335.39
1734115456, 26, 37, 81, 5, 0, 0.06%, 9, 0, 11, 334.79
1734115461, 26, 42, 81, 5, 0, 0.06%, 9, 0, 11, 369.92
1734115466, 26, 43, 81, 5, 0, 0.06%, 9, 0, 11, 356.15
1734115476, 26, 47, 81, 5, 0, 0.06%, 9, 0, 11, 356.21
1734115481, 26, 48, 81, 5, 0, 0.06%, 9, 0, 11, 382.29
1734115486, 26, 49, 81, 5, 0, 0.06%, 9, 0, 11, 405.49
1734115491, 26, 50, 81, 5, 0, 0.06%, 9, 0, 11, 383.64
1734115496, 26, 56, 81, 5, 0, 0.06%, 9, 0, 11, 348.46
1734115507, 26, 58, 81, 5, 0, 0.06%, 9, 0, 11, 373.99
1734115512, 26, 63, 81, 5, 0, 0.06%, 9, 0, 11, 354.49
1734115522, 26, 64, 81, 5, 0, 0.06%, 9, 0, 11, 380.97
1734115527, 26, 66, 81, 5, 0, 0.06%, 9, 0, 11, 393.08
1734115537, 26, 67, 81, 5, 0, 0.06%, 9, 0, 11, 360.91
1734115542, 26, 68, 81, 5, 0, 0.06%, 9, 0, 11, 347.79
1734115552, 26, 74, 81, 5, 0, 0.06%, 9, 0, 11, 386.63
1734115557, 26, 79, 81, 5, 0, 0.06%, 9, 0, 11, 326.19
1734115567, 26, 80, 81, 5, 0, 0.06%, 9, 0, 11, 380.95
1734115577, 27, 37, 81, 5, 0, 0.06%, 9, 0, 11, 355.68
1734115588, 27, 42, 81, 5, 0, 0.06%, 9, 0, 11, 356.58
1734115593, 27, 43, 81, 5, 0, 0.06%, 9, 0, 11, 365.72
1734115598, 27, 47, 81, 5, 0, 0.06%, 9, 0, 11, 382.87
1734115603, 27, 48, 81, 5, 0, 0.06%, 9, 0, 11, 331.67
1734115613, 27, 49, 81, 5, 0, 0.06%, 9, 0, 11, 357.51
1734115618, 27, 50, 81, 5, 0, 0.06%, 9, 0, 11, 373.19
1734115623, 27, 51, 81, 5, 0, 0.06%, 9, 0, 11, 331.97
1734115633, 27, 52, 81, 5, 0, 0.06%, 9, 0, 11, 325.42
1734115638, 27, 53, 81, 5, 0, 0.06%, 9, 0, 11, 383.23
1734115643, 27, 54, 81, 5, 0, 0.06%, 9, 0, 11, 356.20
1734115654, 27, 55, 81, 5, 0, 0.06%, 9, 0, 11, 285.26
1734115664, 27, 56, 81, 5, 0, 0.06%, 9, 0, 11, 349.83
1734115674, 27, 57, 81, 5, 0, 0.06%, 9, 0, 11, 389.45
1734115679, 27, 58, 81, 5, 0, 0.06%, 9, 0, 11, 332.02
1734115689, 27, 59, 81, 5, 0, 0.06%, 9, 0, 11, 370.99
1734115694, 27, 60, 81, 5, 0, 0.06%, 9, 0, 11, 316.50
1734115704, 27, 61, 81, 5, 0, 0.06%, 9, 0, 11, 386.70
1734115806, 27, 62, 81, 5, 0, 0.06%, 9, 0, 11, 384.27
1734115903, 27, 63, 81, 4, 0, 0.06%, 9, 0, 11, 367.41
1734115995, 27, 64, 81, 4, 0, 0.06%, 9, 0, 11, 376.15
1734116000, 27, 65, 81, 4, 0, 0.06%, 9, 0, 11, 337.72
1734116015, 27, 66, 81, 4, 0, 0.06%, 9, 0, 11, 395.75
1734116026, 27, 67, 81, 4, 0, 0.06%, 9, 0, 11, 360.60
1734116031, 27, 68, 81, 4, 0, 0.06%, 9, 0, 11, 377.46
1734116041, 27, 69, 81, 4, 0, 0.06%, 9, 0, 11, 410.36
1734116148, 27, 70, 81, 4, 0, 0.06%, 9, 0, 11, 350.95
1734116250, 27, 71, 81, 4, 0, 0.06%, 9, 0, 11, 332.36
1734116260, 27, 72, 81, 4, 0, 0.06%, 9, 0, 11, 356.27
1734116265, 27, 73, 81, 4, 0, 0.06%, 9, 0, 11, 395.42
1734116270, 27, 74, 81, 4, 0, 0.06%, 9, 0, 11, 361.57
1734116281, 27, 75, 81, 4, 0, 0.06%, 9, 0, 11, 364.04
1734116291, 27, 76, 81, 4, 0, 0.06%, 9, 0, 11, 326.92
1734116296, 27, 77, 81, 4, 0, 0.06%, 9, 0, 11, 338.07
1734116301, 27, 78, 81, 4, 0, 0.06%, 9, 0, 11, 454.34
1734116398, 27, 79, 81, 4, 0, 0.06%, 9, 0, 11, 315.31
1734116546, 27, 80, 81, 4, 0, 0.06%, 9, 0, 11, 298.01
1734116664, 28, 12, 81, 4, 0, 0.06%, 9, 0, 11, 318.76
1734116669, 28, 13, 81, 4, 0, 0.06%, 9, 0, 11, 302.99
1734116674, 28, 14, 81, 4, 0, 0.06%, 9, 0, 11, 274.08
1734116679, 28, 15, 81, 4, 0, 0.06%, 9, 0, 11, 336.92
1734116684, 28, 16, 81, 4, 0, 0.06%, 9, 0, 11, 329.59
1734116689, 28, 17, 81, 4, 0, 0.06%, 9, 0, 11, 291.26
1734116694, 28, 18, 81, 4, 0, 0.06%, 9, 0, 11, 327.40
1734116699, 28, 19, 81, 4, 0, 0.06%, 9, 0, 11, 354.45
1734116704, 28, 20, 81, 4, 0, 0.06%, 9, 0, 11, 326.05
1734116709, 28, 21, 81, 4, 0, 0.06%, 9, 0, 11, 327.24
1734116714, 28, 24, 81, 4, 0, 0.06%, 9, 0, 11, 344.27
1734116720, 28, 25, 81, 4, 0, 0.06%, 9, 0, 11, 355.84
1734116725, 28, 27, 81, 4, 0, 0.06%, 9, 0, 11, 337.53
1734116730, 28, 29, 81, 4, 0, 0.06%, 9, 0, 11, 346.36
1734116735, 28, 30, 81, 4, 0, 0.06%, 9, 0, 11, 318.60
1734116740, 28, 31, 81, 4, 0, 0.06%, 9, 0, 11, 442.44
1734116755, 28, 32, 81, 4, 0, 0.06%, 9, 0, 11, 336.26
1734116776, 28, 33, 81, 4, 0, 0.06%, 9, 0, 11, 409.13
1734116822, 28, 34, 81, 4, 0, 0.06%, 9, 0, 11, 347.74
1734116827, 28, 35, 81, 4, 0, 0.06%, 9, 0, 11, 345.87
1734116832, 28, 36, 81, 4, 0, 0.06%, 9, 0, 11, 346.13
1734116837, 28, 37, 81, 4, 0, 0.06%, 9, 0, 11, 329.27
1734116842, 28, 39, 81, 4, 0, 0.06%, 9, 0, 11, 341.17
1734116847, 28, 40, 81, 4, 0, 0.06%, 9, 0, 11, 374.60
1734116852, 28, 41, 81, 4, 0, 0.06%, 9, 0, 11, 329.74
1734116862, 28, 42, 81, 4, 0, 0.06%, 9, 0, 11, 350.28
1734116867, 28, 43, 81, 4, 0, 0.06%, 9, 0, 11, 371.49
1734116872, 28, 44, 81, 4, 0, 0.06%, 9, 0, 11, 369.64
1734116882, 28, 45, 81, 4, 0, 0.06%, 9, 0, 11, 340.08
1734116887, 28, 46, 81, 4, 0, 0.06%, 9, 0, 11, 345.11
1734116892, 28, 47, 81, 4, 0, 0.06%, 9, 0, 11, 371.72
1734116897, 28, 48, 81, 4, 0, 0.06%, 9, 0, 11, 348.39
1734116907, 28, 49, 81, 4, 0, 0.06%, 9, 0, 11, 377.33
1734116912, 28, 50, 81, 4, 0, 0.06%, 9, 0, 11, 398.53
1734116918, 28, 51, 81, 4, 0, 0.06%, 9, 0, 11, 343.94
1734116928, 28, 52, 81, 4, 0, 0.06%, 9, 0, 11, 353.72
1734116933, 28, 53, 81, 4, 0, 0.06%, 9, 0, 11, 373.34
1734116938, 28, 54, 81, 4, 0, 0.06%, 9, 0, 11, 342.00
1734116948, 28, 55, 81, 4, 0, 0.06%, 9, 0, 11, 287.68
1734116958, 28, 56, 81, 4, 0, 0.06%, 9, 0, 11, 385.84
1734116968, 28, 57, 81, 4, 0, 0.06%, 9, 0, 11, 380.28
1734116973, 28, 58, 81, 4, 0, 0.06%, 9, 0, 11, 318.08
1734116984, 28, 59, 81, 4, 0, 0.06%, 9, 0, 11, 351.76
1734116989, 28, 60, 81, 4, 0, 0.06%, 9, 0, 11, 278.37
1734116999, 28, 61, 81, 4, 0, 0.06%, 9, 0, 11, 351.75
1734117004, 28, 62, 81, 4, 0, 0.06%, 9, 0, 11, 328.37
1734117019, 28, 63, 81, 4, 0, 0.06%, 9, 0, 11, 287.42
1734117029, 28, 64, 81, 4, 0, 0.06%, 9, 0, 11, 377.64
1734117034, 28, 65, 81, 4, 0, 0.06%, 9, 0, 11, 324.74
1734117045, 28, 66, 81, 4, 0, 0.06%, 9, 0, 11, 387.94
1734117050, 28, 67, 81, 4, 0, 0.06%, 9, 0, 11, 338.45
1734117060, 28, 68, 81, 4, 0, 0.06%, 9, 0, 11, 388.86
1734117065, 28, 69, 81, 4, 0, 0.06%, 9, 0, 11, 327.61
1734117075, 28, 70, 81, 4, 0, 0.06%, 9, 0, 11, 390.54
1734117080, 28, 71, 81, 4, 0, 0.06%, 9, 0, 11, 341.37
1734117086, 28, 72, 81, 4, 0, 0.06%, 9, 0, 11, 349.49
1734117096, 28, 73, 81, 4, 0, 0.06%, 9, 0, 11, 381.00
1734117101, 28, 74, 81, 4, 0, 0.06%, 9, 0, 11, 338.76
1734117111, 28, 75, 81, 4, 0, 0.06%, 9, 0, 11, 345.97
1734117121, 28, 76, 81, 4, 0, 0.06%, 9, 0, 11, 345.91
1734117126, 28, 77, 81, 4, 0, 0.06%, 9, 0, 11, 349.53
1734117131, 28, 78, 81, 4, 0, 0.06%, 9, 0, 11, 352.26
1734117136, 28, 79, 81, 4, 0, 0.06%, 9, 0, 11, 322.82
1734117146, 28, 80, 81, 4, 0, 0.06%, 9, 0, 11, 376.85
1734117269, 29, 12, 81, 4, 0, 0.06%, 9, 0, 11, 340.46
1734117274, 29, 13, 81, 4, 0, 0.06%, 9, 0, 11, 309.24
1734117279, 29, 14, 81, 4, 0, 0.06%, 9, 0, 11, 283.52
1734117284, 29, 15, 81, 4, 0, 0.06%, 9, 0, 11, 329.10
1734117289, 29, 16, 81, 4, 0, 0.06%, 9, 0, 11, 329.60
1734117294, 29, 17, 81, 4, 0, 0.06%, 9, 0, 11, 307.40
1734117299, 29, 19, 81, 4, 0, 0.06%, 9, 0, 11, 326.41
1734117304, 29, 20, 81, 4, 0, 0.06%, 9, 0, 11, 337.23
1734117309, 29, 21, 81, 4, 0, 0.06%, 9, 0, 11, 354.06
1734117314, 29, 23, 81, 4, 0, 0.06%, 9, 0, 11, 341.89
1734117320, 29, 24, 81, 4, 0, 0.06%, 9, 0, 11, 348.24
1734117325, 29, 25, 81, 4, 0, 0.06%, 9, 0, 11, 334.72
1734117330, 29, 27, 81, 4, 0, 0.06%, 9, 0, 11, 324.53
1734117335, 29, 30, 81, 4, 0, 0.06%, 9, 0, 11, 357.28
1734117340, 29, 31, 81, 4, 0, 0.06%, 9, 0, 11, 349.05
1734117345, 29, 32, 81, 4, 0, 0.06%, 9, 0, 11, 311.90
1734117350, 29, 33, 81, 4, 0, 0.06%, 9, 0, 11, 314.19
1734117355, 29, 34, 81, 4, 0, 0.06%, 9, 0, 11, 374.96
1734117360, 29, 35, 81, 4, 0, 0.06%, 9, 0, 11, 349.46
1734117365, 29, 36, 81, 4, 0, 0.06%, 9, 0, 11, 342.73
1734117370, 29, 37, 81, 4, 0, 0.06%, 9, 0, 11, 345.20
1734117375, 29, 39, 81, 4, 0, 0.06%, 9, 0, 11, 363.77
1734117380, 29, 40, 81, 4, 0, 0.06%, 9, 0, 11, 347.02
1734117390, 29, 41, 81, 4, 0, 0.06%, 9, 0, 11, 323.42
1734117395, 29, 42, 81, 4, 0, 0.06%, 9, 0, 11, 366.79
1734117401, 29, 43, 81, 4, 0, 0.06%, 9, 0, 11, 373.45
1734117411, 29, 44, 81, 4, 0, 0.06%, 9, 0, 11, 332.58
1734117416, 29, 45, 81, 4, 0, 0.06%, 9, 0, 11, 355.95
1734117421, 29, 46, 81, 4, 0, 0.06%, 9, 0, 11, 375.50
1734117426, 29, 47, 81, 4, 0, 0.06%, 9, 0, 11, 359.18
1734117436, 29, 48, 81, 4, 0, 0.06%, 9, 0, 11, 367.86
1734117441, 29, 49, 81, 4, 0, 0.06%, 9, 0, 11, 378.06
1734117446, 29, 50, 81, 4, 0, 0.06%, 9, 0, 11, 385.29
1734117456, 29, 51, 81, 4, 0, 0.06%, 9, 0, 11, 462.09
1734117502, 29, 52, 81, 4, 0, 0.06%, 9, 0, 11, 352.41
1734117508, 29, 53, 81, 4, 0, 0.06%, 9, 0, 11, 367.03
1734117513, 29, 54, 81, 4, 0, 0.06%, 9, 0, 11, 336.12
1734117523, 29, 55, 81, 4, 0, 0.06%, 9, 0, 11, 296.95
1734117538, 29, 56, 81, 4, 0, 0.06%, 9, 0, 11, 350.93
1734117543, 29, 57, 81, 4, 0, 0.06%, 9, 0, 11, 382.96
1734117553, 29, 58, 81, 4, 0, 0.06%, 9, 0, 11, 381.26
1734117558, 29, 59, 81, 4, 0, 0.06%, 9, 0, 11, 368.29
1734117564, 29, 60, 81, 4, 0, 0.06%, 9, 0, 11, 316.11
1734117574, 29, 61, 81, 4, 0, 0.06%, 9, 0, 11, 354.24
1734117579, 29, 62, 81, 4, 0, 0.06%, 9, 0, 11, 335.79
1734117589, 29, 63, 81, 4, 0, 0.06%, 9, 0, 11, 369.39
1734117594, 29, 64, 81, 4, 0, 0.06%, 9, 0, 11, 352.09
1734117604, 29, 65, 81, 4, 0, 0.06%, 9, 0, 11, 380.01
1734117609, 29, 66, 81, 4, 0, 0.06%, 9, 0, 11, 320.12
1734117619, 29, 67, 81, 4, 0, 0.06%, 9, 0, 11, 389.85
1734117624, 29, 68, 81, 4, 0, 0.06%, 9, 0, 11, 309.39
1734117635, 29, 69, 81, 4, 0, 0.06%, 9, 0, 11, 385.72
1734117640, 29, 70, 81, 4, 0, 0.06%, 9, 0, 11, 331.61
1734117650, 29, 71, 81, 4, 0, 0.06%, 9, 0, 11, 342.95
1734117655, 29, 72, 81, 4, 0, 0.06%, 9, 0, 11, 382.34
1734117660, 29, 73, 81, 4, 0, 0.06%, 9, 0, 11, 311.07
1734117670, 29, 74, 81, 4, 0, 0.06%, 9, 0, 11, 404.29
1734117675, 29, 75, 81, 4, 0, 0.06%, 9, 0, 11, 318.50
1734117685, 29, 76, 81, 4, 0, 0.06%, 9, 0, 11, 334.66
1734117690, 29, 77, 81, 4, 0, 0.06%, 9, 0, 11, 358.60
1734117695, 29, 78, 81, 4, 0, 0.06%, 9, 0, 11, 365.72
1734117700, 29, 79, 81, 4, 0, 0.06%, 9, 0, 11, 352.10
1734117711, 29, 80, 81, 4, 0, 0.06%, 9, 0, 11, 374.49
1734117721, 30, 12, 81, 4, 0, 0.06%, 9, 0, 11, 341.60
1734117726, 30, 13, 81, 4, 0, 0.06%, 9, 0, 11, 306.97
1734117731, 30, 14, 81, 4, 0, 0.06%, 9, 0, 11, 273.48
1734117736, 30, 15, 81, 4, 0, 0.06%, 9, 0, 11, 317.36
1734117741, 30, 16, 81, 4, 0, 0.06%, 9, 0, 11, 332.66
1734117746, 30, 17, 81, 4, 0, 0.06%, 9, 0, 11, 292.55
1734117751, 30, 18, 81, 4, 0, 0.06%, 9, 0, 11, 324.47
1734117756, 30, 20, 81, 4, 0, 0.06%, 9, 0, 11, 338.05
1734117762, 30, 21, 81, 4, 0, 0.06%, 9, 0, 11, 363.64
1734117767, 30, 23, 81, 4, 0, 0.06%, 9, 0, 11, 351.02
1734117772, 30, 24, 81, 4, 0, 0.06%, 9, 0, 11, 338.14
1734117777, 30, 25, 81, 4, 0, 0.06%, 9, 0, 11, 332.15
1734117782, 30, 27, 81, 4, 0, 0.06%, 9, 0, 11, 321.98
1734117787, 30, 29, 81, 4, 0, 0.06%, 9, 0, 11, 324.97
1734117792, 30, 31, 81, 4, 0, 0.06%, 9, 0, 11, 336.12
1734117797, 30, 32, 81, 4, 0, 0.06%, 9, 0, 11, 325.83
1734117802, 30, 33, 81, 4, 0, 0.06%, 9, 0, 11, 333.36
1734117807, 30, 34, 81, 4, 0, 0.06%, 9, 0, 11, 376.16
1734117812, 30, 35, 81, 4, 0, 0.06%, 9, 0, 11, 343.83
1734117818, 30, 36, 81, 4, 0, 0.06%, 9, 0, 11, 332.16
1734117823, 30, 37, 81, 4, 0, 0.06%, 9, 0, 11, 333.84
1734117828, 30, 39, 81, 4, 0, 0.06%, 9, 0, 11, 351.48
1734117833, 30, 40, 81, 4, 0, 0.06%, 9, 0, 11, 328.88
1734117843, 30, 41, 81, 4, 0, 0.06%, 9, 0, 11, 352.11
1734117848, 30, 42, 81, 4, 0, 0.06%, 9, 0, 11, 363.71
1734117853, 30, 43, 81, 4, 0, 0.06%, 9, 0, 11, 386.00
1734117858, 30, 44, 81, 4, 0, 0.06%, 9, 0, 11, 364.33
1734117868, 30, 45, 81, 4, 0, 0.06%, 9, 0, 11, 339.07
1734117874, 30, 46, 81, 4, 0, 0.06%, 9, 0, 11, 363.35
1734117879, 30, 47, 81, 4, 0, 0.06%, 9, 0, 11, 389.44
1734117884, 30, 48, 81, 4, 0, 0.06%, 9, 0, 11, 330.43
1734117894, 30, 49, 81, 4, 0, 0.06%, 9, 0, 11, 352.53
1734117899, 30, 50, 81, 4, 0, 0.06%, 9, 0, 11, 379.85
1734117904, 30, 51, 81, 4, 0, 0.06%, 9, 0, 11, 365.56
1734117914, 30, 52, 81, 4, 0, 0.06%, 9, 0, 11, 341.04
1734117919, 30, 53, 81, 4, 0, 0.06%, 9, 0, 11, 358.39
1734117925, 30, 54, 81, 4, 0, 0.06%, 9, 0, 11, 321.12
1734117935, 30, 55, 81, 4, 0, 0.06%, 9, 0, 11, 282.08
1734117945, 30, 56, 81, 4, 0, 0.06%, 9, 0, 11, 382.46
1734117955, 30, 57, 81, 4, 0, 0.06%, 9, 0, 11, 384.95
1734117960, 30, 58, 81, 4, 0, 0.06%, 9, 0, 11, 321.69
1734117970, 30, 59, 81, 4, 0, 0.06%, 9, 0, 11, 359.59
1734117975, 30, 60, 81, 4, 0, 0.06%, 9, 0, 11, 362.40
1734117985, 30, 61, 81, 4, 0, 0.06%, 9, 0, 11, 352.39
1734117990, 30, 62, 81, 4, 0, 0.06%, 9, 0, 11, 387.43
1734117996, 30, 63, 81, 4, 0, 0.06%, 9, 0, 11, 353.41
1734118006, 30, 64, 81, 4, 0, 0.06%, 9, 0, 11, 388.42
1734118011, 30, 65, 81, 4, 0, 0.06%, 9, 0, 11, 337.59
1734118021, 30, 66, 81, 4, 0, 0.06%, 9, 0, 11, 394.36
1734118026, 30, 67, 81, 4, 0, 0.06%, 9, 0, 11, 384.39
1734118036, 30, 68, 81, 4, 0, 0.06%, 9, 0, 11, 368.08
1734118041, 30, 69, 81, 4, 0, 0.06%, 9, 0, 11, 355.04
1734118051, 30, 70, 81, 4, 0, 0.06%, 9, 0, 11, 363.54
1734118056, 30, 71, 81, 4, 0, 0.06%, 9, 0, 11, 366.01
1734118062, 30, 72, 81, 4, 0, 0.06%, 9, 0, 11, 324.15
1734118072, 30, 73, 81, 4, 0, 0.06%, 9, 0, 11, 363.52
1734118077, 30, 74, 81, 4, 0, 0.06%, 9, 0, 11, 305.22
1734118087, 30, 75, 81, 4, 0, 0.06%, 9, 0, 11, 369.32
1734118092, 30, 76, 81, 4, 0, 0.06%, 9, 0, 11, 325.62
1734118097, 30, 77, 81, 4, 0, 0.06%, 9, 0, 11, 325.81
1734118107, 30, 78, 81, 4, 0, 0.06%, 9, 0, 11, 355.24
1734118112, 30, 79, 81, 4, 0, 0.06%, 9, 0, 11, 331.88
1734118122, 30, 80, 81, 4, 0, 0.06%, 9, 0, 11, 384.88
1734118127, 31, 10, 81, 4, 0, 0.06%, 9, 0, 11, 304.21
1734118133, 31, 12, 81, 4, 0, 0.06%, 9, 0, 11, 312.38
1734118138, 31, 14, 81, 4, 0, 0.06%, 9, 0, 11, 294.40
1734118143, 31, 15, 81, 4, 0, 0.06%, 9, 0, 11, 302.29
1734118148, 31, 16, 81, 4, 0, 0.06%, 9, 0, 11, 360.64
1734118153, 31, 17, 81, 4, 0, 0.06%, 9, 0, 11, 314.17
1734118158, 31, 18, 81, 4, 0, 0.06%, 9, 0, 11, 341.61
1734118163, 31, 19, 81, 4, 0, 0.06%, 9, 0, 11, 343.57
1734118168, 31, 20, 81, 4, 0, 0.06%, 9, 0, 11, 338.88
1734118173, 31, 21, 81, 4, 0, 0.06%, 9, 0, 11, 343.30
1734118178, 31, 24, 81, 4, 0, 0.06%, 9, 0, 11, 351.13
1734118183, 31, 25, 81, 4, 0, 0.06%, 9, 0, 11, 363.26
1734118188, 31, 27, 81, 4, 0, 0.06%, 9, 0, 11, 363.74
1734118193, 31, 29, 81, 4, 0, 0.06%, 9, 0, 11, 333.96
1734118198, 31, 30, 81, 4, 0, 0.06%, 9, 0, 11, 318.50
1734118203, 31, 31, 81, 4, 0, 0.06%, 9, 0, 11, 328.39
1734118209, 31, 32, 81, 4, 0, 0.06%, 9, 0, 11, 310.82
1734118214, 31, 33, 81, 4, 0, 0.06%, 9, 0, 11, 323.37
1734118219, 31, 34, 81, 4, 0, 0.06%, 9, 0, 11, 318.76
1734118224, 31, 36, 81, 4, 0, 0.06%, 9, 0, 11, 382.84
1734118229, 31, 37, 81, 4, 0, 0.06%, 9, 0, 11, 375.45
1734118234, 31, 39, 81, 4, 0, 0.06%, 9, 0, 11, 341.35
1734118244, 31, 40, 81, 4, 0, 0.06%, 9, 0, 11, 363.83
1734118249, 31, 41, 81, 4, 0, 0.06%, 9, 0, 11, 359.26
1734118254, 31, 42, 81, 4, 0, 0.06%, 9, 0, 11, 362.58
1734118264, 31, 43, 81, 4, 0, 0.06%, 9, 0, 11, 340.67
1734118269, 31, 44, 81, 4, 0, 0.06%, 9, 0, 11, 370.89
1734118274, 31, 45, 81, 4, 0, 0.06%, 9, 0, 11, 384.49
1734118280, 31, 46, 81, 4, 0, 0.06%, 9, 0, 11, 324.32
1734118290, 31, 47, 81, 4, 0, 0.06%, 9, 0, 11, 346.35
1734118295, 31, 48, 81, 4, 0, 0.06%, 9, 0, 11, 380.94
1734118300, 31, 49, 81, 4, 0, 0.06%, 9, 0, 11, 357.42
1734118310, 31, 50, 81, 4, 0, 0.06%, 9, 0, 11, 344.41
1734118315, 31, 51, 81, 4, 0, 0.06%, 9, 0, 11, 367.40
1734118320, 31, 52, 81, 4, 0, 0.06%, 9, 0, 11, 320.86
1734118330, 31, 53, 81, 4, 0, 0.06%, 9, 0, 11, 357.90
1734118335, 31, 54, 81, 4, 0, 0.06%, 9, 0, 11, 336.95
1734118340, 31, 55, 81, 4, 0, 0.06%, 9, 0, 11, 321.22
1734118356, 31, 56, 81, 4, 0, 0.06%, 9, 0, 11, 385.87
1734118361, 31, 57, 81, 4, 0, 0.06%, 9, 0, 11, 352.97
1734118371, 31, 58, 81, 4, 0, 0.06%, 9, 0, 11, 402.71
1734118377, 31, 59, 81, 4, 0, 0.06%, 9, 0, 11, 344.45
1734118387, 31, 60, 81, 4, 0, 0.06%, 9, 0, 11, 362.78
1734118392, 31, 61, 81, 4, 0, 0.06%, 9, 0, 11, 333.45
1734118402, 31, 62, 81, 4, 0, 0.06%, 9, 0, 11, 374.10
1734118407, 31, 63, 81, 4, 0, 0.06%, 9, 0, 11, 324.01
1734118417, 31, 64, 81, 4, 0, 0.06%, 9, 0, 11, 387.22
1734118422, 31, 65, 81, 4, 0, 0.06%, 9, 0, 11, 338.24
1734118432, 31, 66, 81, 4, 0, 0.06%, 9, 0, 11, 375.74
1734118438, 31, 67, 81, 4, 0, 0.06%, 9, 0, 11, 390.10
1734118443, 31, 68, 81, 4, 0, 0.06%, 9, 0, 11, 353.67
1734118453, 31, 69, 81, 4, 0, 0.06%, 9, 0, 11, 356.38
1734118463, 31, 70, 81, 4, 0, 0.06%, 9, 0, 11, 355.00
1734118468, 31, 71, 81, 4, 0, 0.06%, 9, 0, 11, 360.22
1734118473, 31, 72, 81, 4, 0, 0.06%, 9, 0, 11, 371.81
1734118483, 31, 73, 81, 4, 0, 0.06%, 9, 0, 11, 360.26
1734118488, 31, 74, 81, 4, 0, 0.06%, 9, 0, 11, 314.63
1734118499, 31, 75, 81, 4, 0, 0.06%, 9, 0, 11, 364.18
1734118504, 31, 76, 81, 4, 0, 0.06%, 9, 0, 11, 345.29
1734118509, 31, 77, 81, 4, 0, 0.06%, 9, 0, 11, 309.46
1734118514, 31, 78, 81, 4, 0, 0.06%, 9, 0, 11, 344.19
1734118524, 31, 79, 81, 4, 0, 0.06%, 9, 0, 11, 366.39
1734118534, 31, 80, 81, 4, 0, 0.06%, 9, 0, 11, 359.88
1734118539, 32, 10, 81, 4, 0, 0.06%, 9, 0, 11, 321.03
1734118544, 32, 12, 81, 4, 0, 0.06%, 9, 0, 11, 329.88
1734118549, 32, 14, 81, 4, 0, 0.06%, 9, 0, 11, 286.90
1734118554, 32, 15, 81, 4, 0, 0.06%, 9, 0, 11, 317.51
1734118559, 32, 16, 81, 4, 0, 0.06%, 9, 0, 11, 351.82
1734118564, 32, 17, 81, 4, 0, 0.06%, 9, 0, 11, 312.28
1734118569, 32, 18, 81, 4, 0, 0.06%, 9, 0, 11, 332.41
1734118574, 32, 19, 81, 4, 0, 0.06%, 9, 0, 11, 328.56
1734118579, 32, 20, 81, 4, 0, 0.06%, 9, 0, 11, 310.75
1734118584, 32, 21, 81, 4, 0, 0.06%, 9, 0, 11, 321.93
1734118589, 32, 23, 81, 4, 0, 0.06%, 9, 0, 11, 313.11
1734118595, 32, 24, 81, 4, 0, 0.06%, 9, 0, 11, 324.57
1734118600, 32, 27, 81, 4, 0, 0.06%, 9, 0, 11, 344.62
1734118605, 32, 29, 81, 4, 0, 0.06%, 9, 0, 11, 367.91
1734118610, 32, 30, 81, 4, 0, 0.06%, 9, 0, 11, 347.33
1734118615, 32, 31, 81, 4, 0, 0.06%, 9, 0, 11, 344.22
1734118620, 32, 32, 81, 4, 0, 0.06%, 9, 0, 11, 312.96
1734118625, 32, 33, 81, 4, 0, 0.06%, 9, 0, 11, 339.09
1734118630, 32, 34, 81, 4, 0, 0.06%, 9, 0, 11, 342.74
1734118635, 32, 36, 81, 4, 0, 0.06%, 9, 0, 11, 351.59
1734118640, 32, 37, 81, 4, 0, 0.06%, 9, 0, 11, 384.31
1734118650, 32, 39, 81, 4, 0, 0.06%, 9, 0, 11, 336.03
1734118655, 32, 40, 81, 4, 0, 0.06%, 9, 0, 11, 351.59
1734118660, 32, 41, 81, 4, 0, 0.06%, 9, 0, 11, 378.11
1734118666, 32, 42, 81, 4, 0, 0.06%, 9, 0, 11, 306.22
1734118676, 32, 43, 81, 4, 0, 0.06%, 9, 0, 11, 341.48
1734118681, 32, 44, 81, 4, 0, 0.06%, 9, 0, 11, 364.27
1734118686, 32, 45, 81, 4, 0, 0.06%, 9, 0, 11, 359.79
1734118696, 32, 46, 81, 4, 0, 0.06%, 9, 0, 11, 330.24
1734118701, 32, 47, 81, 4, 0, 0.06%, 9, 0, 11, 376.67
1734118706, 32, 48, 81, 4, 0, 0.06%, 9, 0, 11, 360.64
1734118716, 32, 49, 81, 4, 0, 0.06%, 9, 0, 11, 340.06
1734118721, 32, 50, 81, 4, 0, 0.06%, 9, 0, 11, 377.84
1734118726, 32, 51, 81, 4, 0, 0.06%, 9, 0, 11, 400.28
1734118731, 32, 52, 81, 4, 0, 0.06%, 9, 0, 11, 354.60
1734118741, 32, 53, 81, 4, 0, 0.06%, 9, 0, 11, 366.94
1734118746, 32, 54, 81, 4, 0, 0.06%, 9, 0, 11, 327.92
1734118756, 32, 55, 81, 4, 0, 0.06%, 9, 0, 11, 259.91
1734118767, 32, 56, 81, 4, 0, 0.06%, 9, 0, 11, 400.39
1734118772, 32, 57, 81, 4, 0, 0.06%, 9, 0, 11, 340.24
1734118782, 32, 58, 81, 4, 0, 0.06%, 9, 0, 11, 386.51
1734118787, 32, 59, 81, 4, 0, 0.06%, 9, 0, 11, 364.14
1734118797, 32, 60, 81, 4, 0, 0.06%, 9, 0, 11, 383.50
1734118802, 32, 61, 81, 4, 0, 0.06%, 9, 0, 11, 333.05
1734118812, 32, 62, 81, 4, 0, 0.06%, 9, 0, 11, 380.52
1734118817, 32, 63, 81, 4, 0, 0.06%, 9, 0, 11, 330.91
1734118828, 32, 64, 81, 4, 0, 0.06%, 9, 0, 11, 368.27
1734118833, 32, 65, 81, 4, 0, 0.06%, 9, 0, 11, 352.98
1734118843, 32, 66, 81, 4, 0, 0.06%, 9, 0, 11, 375.83
1734118848, 32, 67, 81, 4, 0, 0.06%, 9, 0, 11, 386.80
1734118858, 32, 68, 81, 4, 0, 0.06%, 9, 0, 11, 365.25
1734118863, 32, 69, 81, 4, 0, 0.06%, 9, 0, 11, 310.70
1734118873, 32, 70, 81, 4, 0, 0.06%, 9, 0, 11, 362.11
1734118878, 32, 71, 81, 4, 0, 0.06%, 9, 0, 11, 339.97
1734118883, 32, 72, 81, 4, 0, 0.06%, 9, 0, 11, 329.27
1734118893, 32, 73, 81, 4, 0, 0.06%, 9, 0, 11, 369.01
1734118899, 32, 74, 81, 4, 0, 0.06%, 9, 0, 11, 328.00
1734118909, 32, 75, 81, 4, 0, 0.06%, 9, 0, 11, 369.25
1734118914, 32, 76, 81, 4, 0, 0.06%, 9, 0, 11, 369.83
1734118924, 32, 77, 81, 4, 0, 0.06%, 9, 0, 11, 336.94
1734118929, 32, 78, 81, 4, 0, 0.06%, 9, 0, 11, 355.71
1734118934, 32, 79, 81, 4, 0, 0.06%, 9, 0, 11, 297.05
1734118944, 32, 80, 81, 4, 0, 0.06%, 9, 0, 11, 392.29
1734118949, 33, 10, 81, 4, 0, 0.06%, 9, 0, 11, 327.68
1734118954, 33, 12, 81, 4, 0, 0.06%, 9, 0, 11, 339.08
1734118959, 33, 14, 81, 4, 0, 0.06%, 9, 0, 11, 295.60
1734118969, 33, 16, 81, 4, 0, 0.06%, 9, 0, 11, 315.78
1734118974, 33, 17, 81, 4, 0, 0.06%, 9, 0, 11, 295.27
1734118985, 33, 19, 81, 4, 0, 0.06%, 9, 0, 11, 339.02
1734118990, 33, 20, 81, 4, 0, 0.06%, 9, 0, 11, 348.37
1734118995, 33, 21, 81, 4, 0, 0.06%, 9, 0, 11, 346.97
1734119000, 33, 23, 81, 4, 0, 0.06%, 9, 0, 11, 346.84
1734119005, 33, 24, 81, 4, 0, 0.06%, 9, 0, 11, 329.22
1734119010, 33, 25, 81, 4, 0, 0.06%, 9, 0, 11, 334.07
1734119015, 33, 29, 81, 4, 0, 0.06%, 9, 0, 11, 338.33
1734119020, 33, 30, 81, 4, 0, 0.06%, 9, 0, 11, 360.16
1734119025, 33, 31, 81, 4, 0, 0.06%, 9, 0, 11, 343.78
1734119030, 33, 32, 81, 4, 0, 0.06%, 9, 0, 11, 304.23
1734119035, 33, 33, 81, 4, 0, 0.06%, 9, 0, 11, 346.96
1734119040, 33, 34, 81, 4, 0, 0.06%, 9, 0, 11, 341.81
1734119045, 33, 35, 81, 4, 0, 0.06%, 9, 0, 11, 340.05
1734119050, 33, 36, 81, 4, 0, 0.06%, 9, 0, 11, 336.40
1734119055, 33, 37, 81, 4, 0, 0.06%, 9, 0, 11, 328.85
1734119060, 33, 39, 81, 4, 0, 0.06%, 9, 0, 11, 342.32
1734119065, 33, 40, 81, 4, 0, 0.06%, 9, 0, 11, 382.81
1734119070, 33, 41, 81, 4, 0, 0.06%, 9, 0, 11, 355.61
1734119081, 33, 42, 81, 4, 0, 0.06%, 9, 0, 11, 350.05
1734119086, 33, 43, 81, 4, 0, 0.06%, 9, 0, 11, 371.51
1734119091, 33, 44, 81, 4, 0, 0.06%, 9, 0, 11, 392.60
1734119096, 33, 45, 81, 4, 0, 0.06%, 9, 0, 11, 363.24
1734119106, 33, 46, 81, 4, 0, 0.06%, 9, 0, 11, 367.60
1734119111, 33, 47, 81, 4, 0, 0.06%, 9, 0, 11, 384.33
1734119116, 33, 48, 81, 4, 0, 0.06%, 9, 0, 11, 359.61
1734119126, 33, 49, 81, 4, 0, 0.06%, 9, 0, 11, 347.99
1734119131, 33, 50, 81, 4, 0, 0.06%, 9, 0, 11, 358.22
1734119136, 33, 51, 81, 4, 0, 0.06%, 9, 0, 11, 355.71
1734119146, 33, 52, 81, 4, 0, 0.06%, 9, 0, 11, 346.24
1734119151, 33, 53, 81, 4, 0, 0.06%, 9, 0, 11, 361.78
1734119156, 33, 54, 81, 4, 0, 0.06%, 9, 0, 11, 304.85
1734119166, 33, 55, 81, 4, 0, 0.06%, 9, 0, 11, 303.37
1734119182, 33, 56, 81, 4, 0, 0.06%, 9, 0, 11, 346.96
1734119187, 33, 57, 81, 4, 0, 0.06%, 9, 0, 11, 371.22
1734119192, 33, 58, 81, 4, 0, 0.06%, 9, 0, 11, 363.94
1734119202, 33, 59, 81, 4, 0, 0.06%, 9, 0, 11, 373.68
1734119207, 33, 60, 81, 4, 0, 0.06%, 9, 0, 11, 323.14
1734119217, 33, 61, 81, 4, 0, 0.06%, 9, 0, 11, 349.92
1734119222, 33, 62, 81, 4, 0, 0.06%, 9, 0, 11, 326.65
1734119232, 33, 63, 81, 4, 0, 0.06%, 9, 0, 11, 375.65
1734119237, 33, 64, 81, 4, 0, 0.06%, 9, 0, 11, 350.57
1734119247, 33, 65, 81, 4, 0, 0.06%, 9, 0, 11, 367.44
1734119252, 33, 66, 81, 4, 0, 0.06%, 9, 0, 11, 389.73
1734119262, 33, 67, 81, 4, 0, 0.06%, 9, 0, 11, 364.96
1734119268, 33, 68, 81, 4, 0, 0.06%, 9, 0, 11, 375.26
1734119278, 33, 69, 81, 4, 0, 0.06%, 9, 0, 11, 341.20
1734119283, 33, 70, 81, 4, 0, 0.06%, 9, 0, 11, 321.38
1734119293, 33, 71, 81, 4, 0, 0.06%, 9, 0, 11, 353.72
1734119298, 33, 72, 81, 4, 0, 0.06%, 9, 0, 11, 364.13
1734119303, 33, 73, 81, 4, 0, 0.06%, 9, 0, 11, 333.17
1734119313, 33, 74, 81, 4, 0, 0.06%, 9, 0, 11, 388.50
1734119318, 33, 75, 81, 4, 0, 0.06%, 9, 0, 11, 337.31
1734119328, 33, 76, 81, 4, 0, 0.06%, 9, 0, 11, 344.99
1734119333, 33, 77, 81, 4, 0, 0.06%, 9, 0, 11, 361.59
1734119338, 33, 78, 81, 4, 0, 0.06%, 9, 0, 11, 342.66
1734119348, 33, 79, 81, 4, 0, 0.06%, 9, 0, 11, 384.27
1734119353, 33, 80, 81, 4, 0, 0.06%, 9, 0, 11, 342.70
1734119363, 34, 12, 81, 4, 0, 0.06%, 9, 0, 11, 354.11
1734119368, 34, 13, 81, 4, 0, 0.06%, 9, 0, 11, 319.77
1734119373, 34, 14, 81, 4, 0, 0.06%, 9, 0, 11, 284.50
1734119379, 34, 15, 81, 4, 0, 0.06%, 9, 0, 11, 328.55
1734119384, 34, 16, 81, 4, 0, 0.06%, 9, 0, 11, 344.64
1734119389, 34, 17, 81, 4, 0, 0.06%, 9, 0, 11, 303.92
1734119394, 34, 18, 81, 4, 0, 0.06%, 9, 0, 11, 324.49
1734119399, 34, 19, 81, 4, 0, 0.06%, 9, 0, 11, 332.33
1734119404, 34, 20, 81, 4, 0, 0.06%, 9, 0, 11, 323.83
1734119409, 34, 21, 81, 4, 0, 0.06%, 9, 0, 11, 328.23
1734119414, 34, 24, 81, 4, 0, 0.06%, 9, 0, 11, 330.10
1734119419, 34, 25, 81, 4, 0, 0.06%, 9, 0, 11, 303.65
1734119424, 34, 27, 81, 4, 0, 0.06%, 9, 0, 11, 331.71
1734119429, 34, 29, 81, 4, 0, 0.06%, 9, 0, 11, 346.45
1734119434, 34, 30, 81, 4, 0, 0.06%, 9, 0, 11, 349.11
1734119439, 34, 31, 81, 4, 0, 0.06%, 9, 0, 11, 333.60
1734119444, 34, 32, 81, 4, 0, 0.06%, 9, 0, 11, 307.06
1734119449, 34, 33, 81, 4, 0, 0.06%, 9, 0, 11, 338.91
1734119455, 34, 34, 81, 4, 0, 0.06%, 9, 0, 11, 342.77
1734119460, 34, 35, 81, 4, 0, 0.06%, 9, 0, 11, 340.80
1734119465, 34, 37, 81, 4, 0, 0.06%, 9, 0, 11, 370.80
1734119475, 34, 39, 81, 4, 0, 0.06%, 9, 0, 11, 357.78
1734119480, 34, 40, 81, 4, 0, 0.06%, 9, 0, 11, 355.66
1734119485, 34, 41, 81, 4, 0, 0.06%, 9, 0, 11, 378.05
1734119490, 34, 42, 81, 4, 0, 0.06%, 9, 0, 11, 336.64
1734119500, 34, 43, 81, 4, 0, 0.06%, 9, 0, 11, 352.79
1734119505, 34, 44, 81, 4, 0, 0.06%, 9, 0, 11, 369.99
1734119510, 34, 45, 81, 4, 0, 0.06%, 9, 0, 11, 351.45
1734119520, 34, 46, 81, 4, 0, 0.06%, 9, 0, 11, 356.56
1734119525, 34, 47, 81, 4, 0, 0.06%, 9, 0, 11, 371.58
1734119530, 34, 48, 81, 4, 0, 0.06%, 9, 0, 11, 373.59
1734119540, 34, 49, 81, 4, 0, 0.06%, 9, 0, 11, 336.32
1734119545, 34, 50, 81, 4, 0, 0.06%, 9, 0, 11, 334.68
1734119550, 34, 51, 81, 4, 0, 0.06%, 9, 0, 11, 369.22
1734119561, 34, 52, 81, 4, 0, 0.06%, 9, 0, 11, 329.93
1734119566, 34, 53, 81, 4, 0, 0.06%, 9, 0, 11, 356.14
1734119571, 34, 54, 81, 4, 0, 0.06%, 9, 0, 11, 316.57
1734119581, 34, 55, 81, 4, 0, 0.06%, 9, 0, 11, 300.72
1734119596, 34, 56, 81, 4, 0, 0.06%, 9, 0, 11, 347.62
1734119601, 34, 57, 81, 4, 0, 0.06%, 9, 0, 11, 379.53
1734119606, 34, 58, 81, 4, 0, 0.06%, 9, 0, 11, 369.33
1734119617, 34, 59, 81, 4, 0, 0.06%, 9, 0, 11, 360.69
1734119622, 34, 60, 81, 4, 0, 0.06%, 9, 0, 11, 325.16
1734119632, 34, 61, 81, 4, 0, 0.06%, 9, 0, 11, 360.41
1734119637, 34, 62, 81, 4, 0, 0.06%, 9, 0, 11, 334.21
1734119647, 34, 63, 81, 4, 0, 0.06%, 9, 0, 11, 371.52
1734119652, 34, 64, 81, 4, 0, 0.06%, 9, 0, 11, 367.67
1734119662, 34, 65, 81, 4, 0, 0.06%, 9, 0, 11, 359.13
1734119667, 34, 66, 81, 4, 0, 0.06%, 9, 0, 11, 378.18
1734119678, 34, 67, 81, 4, 0, 0.06%, 9, 0, 11, 347.33
1734119683, 34, 68, 81, 4, 0, 0.06%, 9, 0, 11, 337.98
1734119693, 34, 69, 81, 4, 0, 0.06%, 9, 0, 11, 364.34
1734119698, 34, 70, 81, 4, 0, 0.06%, 9, 0, 11, 323.94
1734119708, 34, 71, 81, 4, 0, 0.06%, 9, 0, 11, 340.56
1734119713, 34, 72, 81, 4, 0, 0.06%, 9, 0, 11, 368.53
1734119718, 34, 73, 81, 4, 0, 0.06%, 9, 0, 11, 320.25
1734119728, 34, 74, 81, 4, 0, 0.06%, 9, 0, 11, 374.98
1734119734, 34, 75, 81, 4, 0, 0.06%, 9, 0, 11, 354.10
1734119744, 34, 76, 81, 4, 0, 0.06%, 9, 0, 11, 349.40
1734119749, 34, 77, 81, 4, 0, 0.06%, 9, 0, 11, 362.45
1734119754, 34, 78, 81, 4, 0, 0.06%, 9, 0, 11, 349.06
1734119764, 34, 79, 81, 4, 0, 0.06%, 9, 0, 11, 378.40
1734119769, 34, 80, 81, 4, 0, 0.06%, 9, 0, 11, 329.28
1734119779, 35, 12, 81, 4, 0, 0.06%, 9, 0, 11, 316.13
1734119784, 35, 13, 81, 4, 0, 0.06%, 9, 0, 11, 311.93
1734119789, 35, 14, 81, 4, 0, 0.06%, 9, 0, 11, 283.01
1734119795, 35, 15, 81, 4, 0, 0.06%, 9, 0, 11, 335.59
1734119800, 35, 16, 81, 4, 0, 0.06%, 9, 0, 11, 334.21
1734119805, 35, 17, 81, 4, 0, 0.06%, 9, 0, 11, 295.55
1734119810, 35, 18, 81, 4, 0, 0.06%, 9, 0, 11, 309.22
1734119815, 35, 19, 81, 4, 0, 0.06%, 9, 0, 11, 330.82
1734119820, 35, 20, 81, 4, 0, 0.06%, 9, 0, 11, 317.87
1734119825, 35, 23, 81, 4, 0, 0.06%, 9, 0, 11, 319.44
1734119830, 35, 24, 81, 4, 0, 0.06%, 9, 0, 11, 343.68
1734119835, 35, 25, 81, 4, 0, 0.06%, 9, 0, 11, 348.67
1734119840, 35, 27, 81, 4, 0, 0.06%, 9, 0, 11, 336.88
1734119845, 35, 29, 81, 4, 0, 0.06%, 9, 0, 11, 329.93
1734119850, 35, 30, 81, 4, 0, 0.06%, 9, 0, 11, 326.04
1734119855, 35, 31, 81, 4, 0, 0.06%, 9, 0, 11, 331.50
1734119860, 35, 32, 81, 4, 0, 0.06%, 9, 0, 11, 308.52
1734119866, 35, 33, 81, 4, 0, 0.06%, 9, 0, 11, 325.31
1734119871, 35, 34, 81, 4, 0, 0.06%, 9, 0, 11, 332.07
1734119876, 35, 36, 81, 4, 0, 0.06%, 9, 0, 11, 372.54
1734119881, 35, 37, 81, 4, 0, 0.06%, 9, 0, 11, 389.48
1734119886, 35, 39, 81, 4, 0, 0.06%, 9, 0, 11, 307.08
1734119896, 35, 40, 81, 4, 0, 0.06%, 9, 0, 11, 334.70
1734119901, 35, 41, 81, 4, 0, 0.06%, 9, 0, 11, 363.17
1734119906, 35, 42, 81, 4, 0, 0.06%, 9, 0, 11, 366.12
1734119917, 35, 43, 81, 4, 0, 0.06%, 9, 0, 11, 336.24
1734119922, 35, 44, 81, 4, 0, 0.06%, 9, 0, 11, 349.38
1734119927, 35, 45, 81, 4, 0, 0.06%, 9, 0, 11, 378.43
1734119932, 35, 46, 81, 4, 0, 0.06%, 9, 0, 11, 330.85
1734119942, 35, 47, 81, 4, 0, 0.06%, 9, 0, 11, 348.56
1734119947, 35, 48, 81, 4, 0, 0.06%, 9, 0, 11, 374.24
1734119952, 35, 49, 81, 4, 0, 0.06%, 9, 0, 11, 375.94
1734119962, 35, 50, 81, 4, 0, 0.06%, 9, 0, 11, 350.65
1734119968, 35, 51, 81, 4, 0, 0.06%, 9, 0, 11, 354.79
1734119973, 35, 52, 81, 4, 0, 0.06%, 9, 0, 11, 386.57
1734119978, 35, 53, 81, 4, 0, 0.06%, 9, 0, 11, 351.66
1734119988, 35, 54, 81, 4, 0, 0.06%, 9, 0, 11, 304.08
1734119993, 35, 55, 81, 4, 0, 0.06%, 9, 0, 11, 389.97
1734120008, 35, 56, 81, 4, 0, 0.06%, 9, 0, 11, 392.22
1734120013, 35, 57, 81, 4, 0, 0.06%, 9, 0, 11, 322.63
1734120023, 35, 58, 81, 4, 0, 0.06%, 9, 0, 11, 372.94
1734120029, 35, 59, 81, 4, 0, 0.06%, 9, 0, 11, 373.10
1734120034, 35, 60, 81, 4, 0, 0.06%, 9, 0, 11, 336.89
1734120044, 35, 61, 81, 4, 0, 0.06%, 9, 0, 11, 351.28
1734120054, 35, 62, 81, 4, 0, 0.06%, 9, 0, 11, 354.07
1734120059, 35, 63, 81, 4, 0, 0.06%, 9, 0, 11, 400.17
1734120064, 35, 64, 81, 4, 0, 0.06%, 9, 0, 11, 348.39
1734120074, 35, 65, 81, 4, 0, 0.06%, 9, 0, 11, 391.19
1734120079, 35, 66, 81, 4, 0, 0.06%, 9, 0, 11, 329.31
1734120089, 35, 67, 81, 4, 0, 0.06%, 9, 0, 11, 375.43
1734120094, 35, 68, 81, 4, 0, 0.06%, 9, 0, 11, 356.71
1734120105, 35, 69, 81, 4, 0, 0.06%, 9, 0, 11, 368.23
1734120110, 35, 70, 81, 4, 0, 0.06%, 9, 0, 11, 345.82
1734120120, 35, 71, 81, 4, 0, 0.06%, 9, 0, 11, 337.72
1734120125, 35, 72, 81, 4, 0, 0.06%, 9, 0, 11, 370.44
1734120130, 35, 73, 81, 4, 0, 0.06%, 9, 0, 11, 326.16
1734120140, 35, 74, 81, 4, 0, 0.06%, 9, 0, 11, 387.29
1734120145, 35, 75, 81, 4, 0, 0.06%, 9, 0, 11, 321.16
1734120155, 35, 76, 81, 4, 0, 0.06%, 9, 0, 11, 341.24
1734120160, 35, 77, 81, 4, 0, 0.06%, 9, 0, 11, 361.92
1734120166, 35, 78, 81, 4, 0, 0.06%, 9, 0, 11, 349.31
1734120176, 35, 79, 81, 4, 0, 0.06%, 9, 0, 11, 360.73
1734120181, 35, 80, 81, 4, 0, 0.06%, 9, 0, 11, 338.29
1734120191, 36, 12, 81, 4, 0, 0.06%, 9, 0, 11, 353.50
1734120196, 36, 13, 81, 4, 0, 0.06%, 9, 0, 11, 313.30
1734120201, 36, 14, 81, 4, 0, 0.06%, 9, 0, 11, 290.43
1734120206, 36, 15, 81, 4, 0, 0.06%, 9, 0, 11, 335.69
1734120211, 36, 16, 81, 4, 0, 0.06%, 9, 0, 11, 326.84
1734120216, 36, 17, 81, 4, 0, 0.06%, 9, 0, 11, 297.08
1734120222, 36, 18, 81, 4, 0, 0.06%, 9, 0, 11, 326.35
1734120227, 36, 20, 81, 4, 0, 0.06%, 9, 0, 11, 337.61
1734120232, 36, 21, 81, 4, 0, 0.06%, 9, 0, 11, 336.87
1734120237, 36, 23, 81, 4, 0, 0.06%, 9, 0, 11, 343.73
1734120242, 36, 24, 81, 4, 0, 0.06%, 9, 0, 11, 348.73
1734120247, 36, 25, 81, 4, 0, 0.06%, 9, 0, 11, 351.94
1734120252, 36, 27, 81, 4, 0, 0.06%, 9, 0, 11, 335.51
1734120257, 36, 29, 81, 4, 0, 0.06%, 9, 0, 11, 322.15
1734120262, 36, 30, 81, 4, 0, 0.06%, 9, 0, 11, 323.69
1734120267, 36, 32, 81, 4, 0, 0.06%, 9, 0, 11, 328.77
1734120272, 36, 33, 81, 4, 0, 0.06%, 9, 0, 11, 317.95
1734120277, 36, 34, 81, 4, 0, 0.06%, 9, 0, 11, 345.60
1734120282, 36, 35, 81, 4, 0, 0.06%, 9, 0, 11, 383.57
1734120287, 36, 36, 81, 4, 0, 0.06%, 9, 0, 11, 361.88
1734120292, 36, 37, 81, 4, 0, 0.06%, 9, 0, 11, 355.89
1734120297, 36, 39, 81, 4, 0, 0.06%, 9, 0, 11, 373.25
1734120302, 36, 40, 81, 4, 0, 0.06%, 9, 0, 11, 321.06
1734120313, 36, 41, 81, 4, 0, 0.06%, 9, 0, 11, 347.89
1734120318, 36, 42, 81, 4, 0, 0.06%, 9, 0, 11, 365.24
1734120323, 36, 43, 81, 4, 0, 0.06%, 9, 0, 11, 364.50
1734120333, 36, 44, 81, 4, 0, 0.06%, 9, 0, 11, 338.31
1734120338, 36, 45, 81, 4, 0, 0.06%, 9, 0, 11, 342.24
1734120343, 36, 46, 81, 4, 0, 0.06%, 9, 0, 11, 347.10
1734120353, 36, 47, 81, 4, 0, 0.06%, 9, 0, 11, 347.16
1734120358, 36, 48, 81, 4, 0, 0.06%, 9, 0, 11, 372.20
1734120363, 36, 49, 81, 4, 0, 0.06%, 9, 0, 11, 398.55
1734120368, 36, 50, 81, 4, 0, 0.06%, 9, 0, 11, 360.19
1734120379, 36, 51, 81, 4, 0, 0.06%, 9, 0, 11, 364.03
1734120384, 36, 52, 81, 4, 0, 0.06%, 9, 0, 11, 366.08
1734120389, 36, 53, 81, 4, 0, 0.06%, 9, 0, 11, 335.17
1734120399, 36, 54, 81, 4, 0, 0.06%, 9, 0, 11, 333.71
1734120404, 36, 55, 81, 4, 0, 0.06%, 9, 0, 11, 367.00
1734120419, 36, 56, 81, 4, 0, 0.06%, 9, 0, 11, 360.43
1734120424, 36, 57, 81, 4, 0, 0.06%, 9, 0, 11, 305.68
1734120434, 36, 58, 81, 4, 0, 0.06%, 9, 0, 11, 386.34
1734120439, 36, 59, 81, 4, 0, 0.06%, 9, 0, 11, 320.31
1734120449, 36, 60, 81, 4, 0, 0.06%, 9, 0, 11, 371.58
1734120455, 36, 61, 81, 4, 0, 0.06%, 9, 0, 11, 309.72
1734120465, 36, 62, 81, 4, 0, 0.06%, 9, 0, 11, 384.43
1734120470, 36, 63, 81, 4, 0, 0.06%, 9, 0, 11, 334.36
1734120480, 36, 64, 81, 4, 0, 0.06%, 9, 0, 11, 373.61
1734120485, 36, 65, 81, 4, 0, 0.06%, 9, 0, 11, 320.62
1734120495, 36, 66, 81, 4, 0, 0.06%, 9, 0, 11, 356.02
1734120500, 36, 67, 81, 4, 0, 0.06%, 9, 0, 11, 372.89
1734120510, 36, 68, 81, 4, 0, 0.06%, 9, 0, 11, 380.88
1734120515, 36, 69, 81, 4, 0, 0.06%, 9, 0, 11, 341.82
1734120526, 36, 70, 81, 4, 0, 0.06%, 9, 0, 11, 355.99
1734120531, 36, 71, 81, 4, 0, 0.06%, 9, 0, 11, 311.66
1734120536, 36, 72, 81, 4, 0, 0.06%, 9, 0, 11, 334.79
1734120546, 36, 73, 81, 4, 0, 0.06%, 9, 0, 11, 351.09
1734120551, 36, 74, 81, 4, 0, 0.06%, 9, 0, 11, 337.45
1734120561, 36, 75, 81, 4, 0, 0.06%, 9, 0, 11, 348.60
1734120571, 36, 76, 81, 4, 0, 0.06%, 9, 0, 11, 346.84
1734120576, 36, 77, 81, 4, 0, 0.06%, 9, 0, 11, 357.44
1734120581, 36, 78, 81, 4, 0, 0.06%, 9, 0, 11, 362.87
1734120587, 36, 79, 81, 4, 0, 0.06%, 9, 0, 11, 317.91
1734120597, 36, 80, 81, 4, 0, 0.06%, 9, 0, 11, 401.18
1734120602, 37, 10, 81, 4, 0, 0.06%, 9, 0, 11, 329.96
1734120607, 37, 12, 81, 4, 0, 0.06%, 9, 0, 11, 333.35
1734120612, 37, 13, 81, 4, 0, 0.06%, 9, 0, 11, 312.33
1734120617, 37, 14, 81, 4, 0, 0.06%, 9, 0, 11, 285.89
1734120622, 37, 15, 81, 4, 0, 0.06%, 9, 0, 11, 297.63
1734120627, 37, 16, 81, 4, 0, 0.06%, 9, 0, 11, 309.02
1734120632, 37, 17, 81, 4, 0, 0.06%, 9, 0, 11, 298.14
1734120638, 37, 19, 81, 4, 0, 0.06%, 9, 0, 11, 344.39
1734120643, 37, 20, 81, 4, 0, 0.06%, 9, 0, 11, 354.17
1734120648, 37, 21, 81, 4, 0, 0.06%, 9, 0, 11, 347.46
1734120653, 37, 23, 81, 4, 0, 0.06%, 9, 0, 11, 341.40
1734120658, 37, 24, 81, 4, 0, 0.06%, 9, 0, 11, 339.62
1734120663, 37, 25, 81, 4, 0, 0.06%, 9, 0, 11, 327.39
1734120668, 37, 29, 81, 4, 0, 0.06%, 9, 0, 11, 322.49
1734120673, 37, 30, 81, 4, 0, 0.06%, 9, 0, 11, 377.86
1734120678, 37, 31, 81, 4, 0, 0.06%, 9, 0, 11, 349.33
1734120683, 37, 32, 81, 4, 0, 0.06%, 9, 0, 11, 318.31
1734120688, 37, 33, 81, 4, 0, 0.06%, 9, 0, 11, 345.38
1734120693, 37, 34, 81, 4, 0, 0.06%, 9, 0, 11, 351.02
1734120698, 37, 35, 81, 4, 0, 0.06%, 9, 0, 11, 347.39
1734120704, 37, 37, 81, 4, 0, 0.06%, 9, 0, 11, 338.23
1734120714, 37, 39, 81, 4, 0, 0.06%, 9, 0, 11, 319.95
1734120719, 37, 40, 81, 4, 0, 0.06%, 9, 0, 11, 358.68
1734120724, 37, 41, 81, 4, 0, 0.06%, 9, 0, 11, 378.30
1734120734, 37, 42, 81, 4, 0, 0.06%, 9, 0, 11, 352.41
1734120739, 37, 43, 81, 4, 0, 0.06%, 9, 0, 11, 344.53
1734120744, 37, 44, 81, 4, 0, 0.06%, 9, 0, 11, 365.30
1734120749, 37, 45, 81, 4, 0, 0.06%, 9, 0, 11, 382.86
1734120759, 37, 46, 81, 4, 0, 0.06%, 9, 0, 11, 325.94
1734120764, 37, 47, 81, 4, 0, 0.06%, 9, 0, 11, 371.78
1734120770, 37, 48, 81, 4, 0, 0.06%, 9, 0, 11, 397.08
1734120780, 37, 49, 81, 4, 0, 0.06%, 9, 0, 11, 344.03
1734120785, 37, 50, 81, 4, 0, 0.06%, 9, 0, 11, 363.54
1734120790, 37, 51, 81, 4, 0, 0.06%, 9, 0, 11, 378.45
1734120795, 37, 52, 81, 4, 0, 0.06%, 9, 0, 11, 343.28
1734120805, 37, 53, 81, 4, 0, 0.06%, 9, 0, 11, 370.74
1734120811, 37, 54, 81, 4, 0, 0.06%, 9, 0, 11, 340.40
1734120816, 37, 55, 81, 4, 0, 0.06%, 9, 0, 11, 394.12
1734120831, 37, 56, 81, 4, 0, 0.06%, 9, 0, 11, 363.97
1734120836, 37, 57, 81, 4, 0, 0.06%, 9, 0, 11, 327.00
1734120846, 37, 58, 81, 4, 0, 0.06%, 9, 0, 11, 387.18
1734120851, 37, 59, 81, 4, 0, 0.06%, 9, 0, 11, 333.57
1734120861, 37, 60, 81, 4, 0, 0.06%, 9, 0, 11, 360.30
1734120866, 37, 61, 81, 4, 0, 0.06%, 9, 0, 11, 301.96
1734120877, 37, 62, 81, 4, 0, 0.06%, 9, 0, 11, 373.10
1734120882, 37, 63, 81, 4, 0, 0.06%, 9, 0, 11, 339.40
1734120892, 37, 64, 81, 4, 0, 0.06%, 9, 0, 11, 353.14
1734120897, 37, 65, 81, 4, 0, 0.06%, 9, 0, 11, 359.26
1734120907, 37, 66, 81, 4, 0, 0.06%, 9, 0, 11, 353.64
1734120912, 37, 67, 81, 4, 0, 0.06%, 9, 0, 11, 393.33
1734120922, 37, 68, 81, 4, 0, 0.06%, 9, 0, 11, 378.06
1734120927, 37, 69, 81, 4, 0, 0.06%, 9, 0, 11, 332.55
1734120937, 37, 70, 81, 4, 0, 0.06%, 9, 0, 11, 359.23
1734120942, 37, 71, 81, 4, 0, 0.06%, 9, 0, 11, 349.50
1734120947, 37, 72, 81, 4, 0, 0.06%, 9, 0, 11, 363.57
1734120958, 37, 73, 81, 4, 0, 0.06%, 9, 0, 11, 365.10
1734120963, 37, 74, 81, 4, 0, 0.06%, 9, 0, 11, 310.46
1734120973, 37, 75, 81, 4, 0, 0.06%, 9, 0, 11, 370.27
1734120978, 37, 76, 81, 4, 0, 0.06%, 9, 0, 11, 333.12
1734120988, 37, 77, 81, 4, 0, 0.06%, 9, 0, 11, 327.64
1734120993, 37, 78, 81, 4, 0, 0.06%, 9, 0, 11, 352.98
1734120998, 37, 79, 81, 4, 0, 0.06%, 9, 0, 11, 307.09
1734121008, 37, 80, 81, 4, 0, 0.06%, 9, 0, 11, 382.23
1734121013, 38, 10, 81, 4, 0, 0.06%, 9, 0, 11, 355.65
1734121018, 38, 12, 81, 4, 0, 0.06%, 9, 0, 11, 328.52
1734121023, 38, 13, 81, 4, 0, 0.06%, 9, 0, 11, 302.78
1734121029, 38, 14, 81, 4, 0, 0.06%, 9, 0, 11, 284.69
1734121034, 38, 15, 81, 4, 0, 0.06%, 9, 0, 11, 314.78
1734121039, 38, 17, 81, 4, 0, 0.06%, 9, 0, 11, 327.79
1734121044, 38, 18, 81, 4, 0, 0.06%, 9, 0, 11, 338.11
1734121049, 38, 19, 81, 4, 0, 0.06%, 9, 0, 11, 343.69
1734121054, 38, 20, 81, 4, 0, 0.06%, 9, 0, 11, 344.79
1734121059, 38, 21, 81, 4, 0, 0.06%, 9, 0, 11, 338.86
1734121064, 38, 23, 81, 4, 0, 0.06%, 9, 0, 11, 335.71
1734121069, 38, 24, 81, 4, 0, 0.06%, 9, 0, 11, 316.58
1734121074, 38, 27, 81, 4, 0, 0.06%, 9, 0, 11, 339.97
1734121080, 38, 29, 81, 4, 0, 0.06%, 9, 0, 11, 360.56
1734121085, 38, 30, 81, 4, 0, 0.06%, 9, 0, 11, 357.95
1734121090, 38, 31, 81, 4, 0, 0.06%, 9, 0, 11, 331.95
1734121095, 38, 32, 81, 4, 0, 0.06%, 9, 0, 11, 303.72
1734121100, 38, 33, 81, 4, 0, 0.06%, 9, 0, 11, 331.82
1734121105, 38, 34, 81, 4, 0, 0.06%, 9, 0, 11, 331.02
1734121110, 38, 35, 81, 4, 0, 0.06%, 9, 0, 11, 331.16
1734121115, 38, 37, 81, 4, 0, 0.06%, 9, 0, 11, 342.93
1734121126, 38, 39, 81, 4, 0, 0.06%, 9, 0, 11, 342.47
1734121131, 38, 40, 81, 4, 0, 0.06%, 9, 0, 11, 363.83
1734121136, 38, 41, 81, 4, 0, 0.06%, 9, 0, 11, 353.79
1734121141, 38, 42, 81, 4, 0, 0.06%, 9, 0, 11, 359.19
1734121146, 38, 43, 81, 4, 0, 0.06%, 9, 0, 11, 334.95
1734121157, 38, 44, 81, 4, 0, 0.06%, 9, 0, 11, 357.75
1734121162, 38, 45, 81, 4, 0, 0.06%, 9, 0, 11, 377.58
1734121167, 38, 46, 81, 4, 0, 0.06%, 9, 0, 11, 353.07
1734121177, 38, 47, 81, 4, 0, 0.06%, 9, 0, 11, 353.69
1734121182, 38, 48, 81, 4, 0, 0.06%, 9, 0, 11, 371.35
1734121187, 38, 49, 81, 4, 0, 0.06%, 9, 0, 11, 403.98
1734121192, 38, 50, 81, 4, 0, 0.06%, 9, 0, 11, 349.48
1734121202, 38, 51, 81, 4, 0, 0.06%, 9, 0, 11, 353.15
1734121207, 38, 52, 81, 4, 0, 0.06%, 9, 0, 11, 381.29
1734121212, 38, 54, 81, 4, 0, 0.06%, 9, 0, 11, 316.64
1734121223, 38, 55, 81, 4, 0, 0.06%, 9, 0, 11, 316.35
1734121238, 38, 56, 81, 4, 0, 0.06%, 9, 0, 11, 366.21
1734121243, 38, 57, 81, 4, 0, 0.06%, 9, 0, 11, 393.79
1734121253, 38, 58, 81, 4, 0, 0.06%, 9, 0, 11, 362.45
1734121258, 38, 59, 81, 4, 0, 0.06%, 9, 0, 11, 391.16
1734121263, 38, 60, 81, 4, 0, 0.06%, 9, 0, 11, 359.69
1734121273, 38, 61, 81, 4, 0, 0.06%, 9, 0, 11, 342.77
1734121279, 38, 63, 81, 4, 0, 0.06%, 9, 0, 11, 348.57
1734121289, 38, 64, 81, 4, 0, 0.06%, 9, 0, 11, 382.21
1734121294, 38, 66, 81, 4, 0, 0.06%, 9, 0, 11, 397.73
1734121299, 38, 67, 81, 4, 0, 0.06%, 9, 0, 11, 377.67
1734121309, 38, 68, 81, 4, 0, 0.06%, 9, 0, 11, 363.81
1734121319, 38, 69, 81, 4, 0, 0.06%, 9, 0, 11, 351.77
1734121324, 38, 70, 81, 4, 0, 0.06%, 9, 0, 11, 348.62
1734121334, 38, 71, 81, 4, 0, 0.06%, 9, 0, 11, 354.50
1734121339, 38, 72, 81, 4, 0, 0.06%, 9, 0, 11, 381.23
1734121344, 38, 73, 81, 4, 0, 0.06%, 9, 0, 11, 340.93
1734121354, 38, 74, 81, 4, 0, 0.06%, 9, 0, 11, 385.02
1734121359, 38, 75, 81, 4, 0, 0.06%, 9, 0, 11, 311.84
1734121370, 38, 76, 81, 4, 0, 0.06%, 9, 0, 11, 343.25
1734121375, 38, 77, 81, 4, 0, 0.06%, 9, 0, 11, 360.00
1734121380, 38, 78, 81, 4, 0, 0.06%, 9, 0, 11, 356.08
1734121390, 38, 79, 81, 4, 0, 0.06%, 9, 0, 11, 385.59
1734121395, 38, 80, 81, 4, 0, 0.06%, 9, 0, 11, 307.88
1734121405, 39, 12, 81, 4, 0, 0.06%, 9, 0, 11, 368.08
1734121410, 39, 13, 81, 4, 0, 0.06%, 9, 0, 11, 310.21
1734121415, 39, 14, 81, 4, 0, 0.06%, 9, 0, 11, 272.88
1734121420, 39, 15, 81, 4, 0, 0.06%, 9, 0, 11, 306.43
1734121425, 39, 16, 81, 4, 0, 0.06%, 9, 0, 11, 320.00
1734121430, 39, 17, 81, 4, 0, 0.06%, 9, 0, 11, 288.88
1734121436, 39, 19, 81, 4, 0, 0.06%, 9, 0, 11, 328.39
1734121441, 39, 20, 81, 4, 0, 0.06%, 9, 0, 11, 338.74
1734121446, 39, 21, 81, 4, 0, 0.06%, 9, 0, 11, 356.54
1734121451, 39, 23, 81, 4, 0, 0.06%, 9, 0, 11, 342.74
1734121456, 39, 24, 81, 4, 0, 0.06%, 9, 0, 11, 331.17
1734121461, 39, 25, 81, 4, 0, 0.06%, 9, 0, 11, 321.80
1734121466, 39, 27, 81, 4, 0, 0.06%, 9, 0, 11, 324.31
1734121471, 39, 29, 81, 4, 0, 0.06%, 9, 0, 11, 318.61
1734121476, 39, 30, 81, 4, 0, 0.06%, 9, 0, 11, 307.08
1734121481, 39, 31, 81, 4, 0, 0.06%, 9, 0, 11, 331.97
1734121486, 39, 32, 81, 4, 0, 0.06%, 9, 0, 11, 308.04
1734121491, 39, 33, 81, 4, 0, 0.06%, 9, 0, 11, 318.72
1734121496, 39, 36, 81, 4, 0, 0.06%, 9, 0, 11, 333.43
1734121501, 39, 37, 81, 4, 0, 0.06%, 9, 0, 11, 359.75
1734121512, 39, 41, 81, 4, 0, 0.06%, 9, 0, 11, 338.65
1734121517, 39, 42, 81, 4, 0, 0.06%, 9, 0, 11, 336.71
1734121522, 39, 43, 81, 4, 0, 0.06%, 9, 0, 11, 365.82
1734121527, 39, 44, 81, 4, 0, 0.06%, 9, 0, 11, 356.49
1734121537, 39, 45, 81, 4, 0, 0.06%, 9, 0, 11, 335.38
1734121543, 39, 46, 81, 4, 0, 0.06%, 9, 0, 11, 356.44
1734121548, 39, 47, 81, 4, 0, 0.06%, 9, 0, 11, 405.35
1734121553, 39, 48, 81, 4, 0, 0.06%, 9, 0, 11, 333.25
1734121563, 39, 49, 81, 4, 0, 0.06%, 9, 0, 11, 372.47
1734121568, 39, 50, 81, 4, 0, 0.06%, 9, 0, 11, 379.89
1734121573, 39, 51, 81, 4, 0, 0.06%, 9, 0, 11, 329.22
1734121583, 39, 52, 81, 4, 0, 0.06%, 9, 0, 11, 341.14
1734121588, 39, 54, 81, 4, 0, 0.06%, 9, 0, 11, 315.64
1734121594, 39, 55, 81, 4, 0, 0.06%, 9, 0, 11, 336.39
1734121609, 39, 56, 81, 4, 0, 0.06%, 9, 0, 11, 408.33
1734121614, 39, 57, 81, 4, 0, 0.06%, 9, 0, 11, 353.08
1734121624, 39, 58, 81, 4, 0, 0.06%, 9, 0, 11, 371.86
1734121634, 39, 59, 81, 4, 0, 0.06%, 9, 0, 11, 354.18
1734121639, 39, 60, 81, 4, 0, 0.06%, 9, 0, 11, 386.69
1734121645, 39, 61, 81, 4, 0, 0.06%, 9, 0, 11, 322.02
1734121655, 39, 63, 81, 4, 0, 0.06%, 9, 0, 11, 382.82
1734121660, 39, 64, 81, 4, 0, 0.06%, 9, 0, 11, 324.03
1734121670, 39, 66, 81, 4, 0, 0.06%, 9, 0, 11, 376.32
1734121675, 39, 67, 81, 4, 0, 0.06%, 9, 0, 11, 324.40
1734121685, 39, 68, 81, 4, 0, 0.06%, 9, 0, 11, 403.19
1734121690, 39, 69, 81, 4, 0, 0.06%, 9, 0, 11, 347.48
1734121700, 39, 70, 81, 4, 0, 0.06%, 9, 0, 11, 382.17
1734121705, 39, 71, 81, 4, 0, 0.06%, 9, 0, 11, 336.87
1734121710, 39, 72, 81, 4, 0, 0.06%, 9, 0, 11, 337.47
1734121721, 39, 73, 81, 4, 0, 0.06%, 9, 0, 11, 375.55
1734121726, 39, 74, 81, 4, 0, 0.06%, 9, 0, 11, 327.54
1734121736, 39, 75, 81, 4, 0, 0.06%, 9, 0, 11, 365.02
1734121746, 39, 76, 81, 4, 0, 0.06%, 9, 0, 11, 344.35
1734121751, 39, 77, 81, 4, 0, 0.06%, 9, 0, 11, 351.54
1734121756, 39, 78, 81, 4, 0, 0.06%, 9, 0, 11, 368.44
1734121761, 39, 79, 81, 4, 0, 0.06%, 9, 0, 11, 307.00
1734121771, 39, 80, 81, 4, 0, 0.06%, 9, 0, 11, 395.60
1734121776, 40, 10, 81, 4, 0, 0.06%, 9, 0, 11, 327.21
1734121781, 40, 12, 81, 4, 0, 0.06%, 9, 0, 11, 335.90
1734121787, 40, 14, 81, 4, 0, 0.06%, 9, 0, 11, 296.11
1734121792, 40, 15, 81, 4, 0, 0.06%, 9, 0, 11, 278.00
1734121797, 40, 16, 81, 4, 0, 0.06%, 9, 0, 11, 311.30
1734121802, 40, 17, 81, 4, 0, 0.06%, 9, 0, 11, 310.59
1734121807, 40, 18, 81, 4, 0, 0.06%, 9, 0, 11, 342.68
1734121812, 40, 19, 81, 4, 0, 0.06%, 9, 0, 11, 344.46
1734121817, 40, 20, 81, 4, 0, 0.06%, 9, 0, 11, 327.59
1734121822, 40, 21, 81, 4, 0, 0.06%, 9, 0, 11, 343.64
1734121827, 40, 23, 81, 4, 0, 0.06%, 9, 0, 11, 327.93
1734121832, 40, 25, 81, 4, 0, 0.06%, 9, 0, 11, 338.71
1734121837, 40, 27, 81, 4, 0, 0.06%, 9, 0, 11, 356.50
1734121842, 40, 29, 81, 4, 0, 0.06%, 9, 0, 11, 352.89
1734121847, 40, 30, 81, 4, 0, 0.06%, 9, 0, 11, 342.38
1734121853, 40, 31, 81, 4, 0, 0.06%, 9, 0, 11, 329.59
1734121858, 40, 32, 81, 4, 0, 0.06%, 9, 0, 11, 316.54
1734121863, 40, 33, 81, 4, 0, 0.06%, 9, 0, 11, 320.13
1734121868, 40, 34, 81, 4, 0, 0.06%, 9, 0, 11, 342.31
1734121873, 40, 37, 81, 4, 0, 0.06%, 9, 0, 11, 349.45
1734121883, 40, 41, 81, 4, 0, 0.06%, 9, 0, 11, 348.46
1734121888, 40, 42, 81, 4, 0, 0.06%, 9, 0, 11, 360.05
1734121893, 40, 43, 81, 4, 0, 0.06%, 9, 0, 11, 362.90
1734121903, 40, 44, 81, 4, 0, 0.06%, 9, 0, 11, 334.64
1734121908, 40, 45, 81, 4, 0, 0.06%, 9, 0, 11, 345.82
1734121913, 40, 46, 81, 4, 0, 0.06%, 9, 0, 11, 349.83
1734121924, 40, 47, 81, 4, 0, 0.06%, 9, 0, 11, 342.10
1734121929, 40, 48, 81, 4, 0, 0.06%, 9, 0, 11, 363.79
1734121934, 40, 49, 81, 4, 0, 0.06%, 9, 0, 11, 393.41
1734121939, 40, 50, 81, 4, 0, 0.06%, 9, 0, 11, 328.62
1734121949, 40, 51, 81, 4, 0, 0.06%, 9, 0, 11, 369.56
1734121954, 40, 52, 81, 4, 0, 0.06%, 9, 0, 11, 379.92
1734121959, 40, 54, 81, 4, 0, 0.06%, 9, 0, 11, 317.88
1734121969, 40, 55, 81, 4, 0, 0.06%, 9, 0, 11, 301.13
1734121979, 40, 56, 81, 4, 0, 0.06%, 9, 0, 11, 373.44
1734121990, 40, 57, 81, 4, 0, 0.06%, 9, 0, 11, 403.15
1734121995, 40, 58, 81, 4, 0, 0.06%, 9, 0, 11, 326.93
1734122005, 40, 59, 81, 4, 0, 0.06%, 9, 0, 11, 351.92
1734122010, 40, 60, 81, 4, 0, 0.06%, 9, 0, 11, 336.75
1734122020, 40, 61, 81, 4, 0, 0.06%, 9, 0, 11, 348.85
1734122025, 40, 63, 81, 4, 0, 0.06%, 9, 0, 11, 358.93
1734122035, 40, 64, 81, 4, 0, 0.06%, 9, 0, 11, 360.78
1734122040, 40, 66, 81, 4, 0, 0.06%, 9, 0, 11, 379.73
1734122050, 40, 67, 81, 4, 0, 0.06%, 9, 0, 11, 361.13
1734122055, 40, 68, 81, 4, 0, 0.06%, 9, 0, 11, 367.35
1734122066, 40, 69, 81, 4, 0, 0.06%, 9, 0, 11, 362.60
1734122071, 40, 70, 81, 4, 0, 0.06%, 9, 0, 11, 388.94
1734122076, 40, 71, 81, 4, 0, 0.06%, 9, 0, 11, 342.63
1734122086, 40, 72, 81, 4, 0, 0.06%, 9, 0, 11, 383.66
1734122091, 40, 73, 81, 4, 0, 0.06%, 9, 0, 11, 396.66
1734122096, 40, 74, 81, 4, 0, 0.06%, 9, 0, 11, 356.32
1734122106, 40, 75, 81, 4, 0, 0.06%, 9, 0, 11, 346.11
1734122116, 40, 76, 81, 4, 0, 0.06%, 9, 0, 11, 322.43
1734122121, 40, 77, 81, 4, 0, 0.06%, 9, 0, 11, 338.87
1734122126, 40, 78, 81, 4, 0, 0.06%, 9, 0, 11, 360.82
1734122131, 40, 79, 81, 4, 0, 0.06%, 9, 0, 11, 323.63
1734122142, 40, 80, 81, 4, 0, 0.06%, 9, 0, 11, 354.79
1734122152, 41, 12, 81, 4, 0, 0.06%, 9, 0, 11, 337.68
1734122157, 41, 13, 81, 4, 0, 0.06%, 9, 0, 11, 308.85
1734122162, 41, 14, 81, 4, 0, 0.06%, 9, 0, 11, 285.24
1734122167, 41, 15, 81, 4, 0, 0.06%, 9, 0, 11, 316.21
1734122172, 41, 16, 81, 4, 0, 0.06%, 9, 0, 11, 339.04
1734122177, 41, 17, 81, 4, 0, 0.06%, 9, 0, 11, 301.54
1734122182, 41, 19, 81, 4, 0, 0.06%, 9, 0, 11, 308.14
1734122188, 41, 20, 81, 4, 0, 0.06%, 9, 0, 11, 352.85
1734122193, 41, 21, 81, 4, 0, 0.06%, 9, 0, 11, 361.85
1734122198, 41, 23, 81, 4, 0, 0.06%, 9, 0, 11, 334.05
1734122203, 41, 24, 81, 4, 0, 0.06%, 9, 0, 11, 338.21
1734122208, 41, 25, 81, 4, 0, 0.06%, 9, 0, 11, 334.21
1734122213, 41, 27, 81, 4, 0, 0.06%, 9, 0, 11, 326.87
1734122218, 41, 30, 81, 4, 0, 0.06%, 9, 0, 11, 323.64
1734122223, 41, 31, 81, 4, 0, 0.06%, 9, 0, 11, 344.85
1734122228, 41, 32, 81, 4, 0, 0.06%, 9, 0, 11, 326.73
1734122233, 41, 33, 81, 4, 0, 0.06%, 9, 0, 11, 359.73
1734122238, 41, 34, 81, 4, 0, 0.06%, 9, 0, 11, 354.78
1734122243, 41, 36, 81, 4, 0, 0.06%, 9, 0, 11, 361.76
1734122248, 41, 37, 81, 4, 0, 0.06%, 9, 0, 11, 343.84
1734122253, 41, 41, 81, 4, 0, 0.06%, 9, 0, 11, 354.47
1734122258, 41, 42, 81, 4, 0, 0.06%, 9, 0, 11, 382.16
1734122263, 41, 43, 81, 4, 0, 0.06%, 9, 0, 11, 312.43
1734122274, 41, 44, 81, 4, 0, 0.06%, 9, 0, 11, 350.92
1734122279, 41, 45, 81, 4, 0, 0.06%, 9, 0, 11, 355.09
1734122284, 41, 46, 81, 4, 0, 0.06%, 9, 0, 11, 340.16
1734122294, 41, 47, 81, 4, 0, 0.06%, 9, 0, 11, 355.14
1734122299, 41, 48, 81, 4, 0, 0.06%, 9, 0, 11, 366.42
1734122304, 41, 49, 81, 4, 0, 0.06%, 9, 0, 11, 391.43
1734122309, 41, 50, 81, 4, 0, 0.06%, 9, 0, 11, 342.02
1734122319, 41, 51, 81, 4, 0, 0.06%, 9, 0, 11, 355.43
1734122324, 41, 52, 81, 4, 0, 0.06%, 9, 0, 11, 379.04
1734122329, 41, 54, 81, 4, 0, 0.06%, 9, 0, 11, 330.13
1734122340, 41, 55, 81, 4, 0, 0.06%, 9, 0, 11, 302.49
1734122350, 41, 56, 81, 4, 0, 0.06%, 9, 0, 11, 340.47
1734122360, 41, 57, 81, 4, 0, 0.06%, 9, 0, 11, 390.79
1734122365, 41, 58, 81, 4, 0, 0.06%, 9, 0, 11, 363.15
1734122375, 41, 59, 81, 4, 0, 0.06%, 9, 0, 11, 353.90
1734122380, 41, 60, 81, 4, 0, 0.06%, 9, 0, 11, 318.26
1734122390, 41, 61, 81, 4, 0, 0.06%, 9, 0, 11, 352.40
1734122395, 41, 63, 81, 4, 0, 0.06%, 9, 0, 11, 329.77
1734122405, 41, 64, 81, 4, 0, 0.06%, 9, 0, 11, 370.91
1734122410, 41, 66, 81, 4, 0, 0.06%, 9, 0, 11, 351.69
1734122421, 41, 67, 81, 4, 0, 0.06%, 9, 0, 11, 384.00
1734122426, 41, 68, 81, 4, 0, 0.06%, 9, 0, 11, 340.32
1734122436, 41, 69, 81, 4, 0, 0.06%, 9, 0, 11, 341.73
1734122441, 41, 70, 81, 4, 0, 0.06%, 9, 0, 11, 342.48
1734122451, 41, 71, 81, 4, 0, 0.06%, 9, 0, 11, 342.02
1734122456, 41, 72, 81, 4, 0, 0.06%, 9, 0, 11, 369.85
1734122461, 41, 73, 81, 4, 0, 0.06%, 9, 0, 11, 347.03
1734122471, 41, 74, 81, 4, 0, 0.06%, 9, 0, 11, 389.45
1734122476, 41, 75, 81, 4, 0, 0.06%, 9, 0, 11, 319.32
1734122487, 41, 76, 81, 4, 0, 0.06%, 9, 0, 11, 347.49
1734122492, 41, 77, 81, 4, 0, 0.06%, 9, 0, 11, 353.01
1734122497, 41, 78, 81, 4, 0, 0.06%, 9, 0, 11, 345.67
1734122507, 41, 79, 81, 4, 0, 0.06%, 9, 0, 11, 377.47
1734122512, 41, 80, 81, 4, 0, 0.06%, 9, 0, 11, 329.55
1734122522, 42, 18, 81, 4, 0, 0.06%, 9, 0, 11, 336.02
1734122527, 42, 19, 81, 4, 0, 0.06%, 9, 0, 11, 346.19
1734122532, 42, 20, 81, 4, 0, 0.06%, 9, 0, 11, 333.28
1734122537, 42, 21, 81, 4, 0, 0.06%, 9, 0, 11, 342.04
1734122542, 42, 23, 81, 4, 0, 0.06%, 9, 0, 11, 337.05
1734122547, 42, 24, 81, 4, 0, 0.06%, 9, 0, 11, 337.48
1734122552, 42, 25, 81, 4, 0, 0.06%, 9, 0, 11, 309.36
1734122557, 42, 29, 81, 4, 0, 0.06%, 9, 0, 11, 318.31
1734122562, 42, 30, 81, 4, 0, 0.06%, 9, 0, 11, 333.80
1734122567, 42, 31, 81, 4, 0, 0.06%, 9, 0, 11, 347.61
1734122572, 42, 32, 81, 4, 0, 0.06%, 9, 0, 11, 311.28
