# unix_time, cycles_done, cur_path, paths_total, pending_total, pending_favs, map_size, unique_crashes, unique_hangs, max_depth, execs_per_sec
1735665643, 0, 0, 10, 10, 1, 0.00%, 0, 0, 1, 175.05
1735665648, 0, 2, 10, 10, 1, 0.00%, 0, 0, 1, 201.88
1735665653, 0, 3, 10, 9, 1, 0.00%, 0, 0, 1, 212.96
1735665658, 0, 4, 10, 8, 0, 0.00%, 0, 0, 1, 203.55
1735665668, 0, 5, 10, 7, 0, 0.00%, 0, 0, 1, 215.44
1735665673, 0, 6, 10, 6, 0, 0.00%, 0, 0, 1, 199.60
1735665683, 0, 7, 10, 5, 0, 0.00%, 0, 0, 1, 213.63
1735665689, 0, 8, 10, 4, 0, 0.00%, 0, 0, 1, 212.91
1735665694, 0, 9, 10, 3, 0, 0.00%, 0, 0, 1, 207.66
1735665704, 1, 0, 10, 2, 0, 0.00%, 0, 0, 1, 208.68
1735665714, 1, 1, 10, 1, 0, 0.00%, 0, 0, 1, 209.96
1735665724, 1, 2, 10, 0, 0, 0.00%, 0, 0, 1, 210.03
1735665735, 1, 4, 10, 0, 0, 0.00%, 0, 0, 1, 208.94
1735665740, 1, 5, 10, 0, 0, 0.00%, 0, 0, 1, 209.26
1735665745, 1, 7, 10, 0, 0, 0.00%, 0, 0, 1, 211.12
1735665750, 1, 8, 10, 0, 0, 0.00%, 0, 0, 1, 210.79
1735665755, 2, 0, 10, 0, 0, 0.00%, 0, 0, 1, 211.70
1735665760, 2, 1, 10, 0, 0, 0.00%, 0, 0, 1, 208.72
1735665765, 2, 2, 10, 0, 0, 0.00%, 0, 0, 1, 210.09
1735665770, 2, 4, 10, 0, 0, 0.00%, 0, 0, 1, 211.54
1735665775, 2, 5, 10, 0, 0, 0.00%, 0, 0, 1, 210.62
1735665780, 2, 7, 10, 0, 0, 0.00%, 0, 0, 1, 206.91
1735665785, 2, 8, 10, 0, 0, 0.00%, 0, 0, 1, 208.15
1735665790, 2, 9, 10, 0, 0, 0.00%, 0, 0, 1, 207.41
1735665795, 3, 1, 10, 0, 0, 0.00%, 0, 0, 1, 209.24
1735665800, 3, 2, 10, 0, 0, 0.00%, 0, 0, 1, 208.13
1735665805, 3, 4, 10, 0, 0, 0.00%, 0, 0, 1, 210.41
1735665810, 3, 5, 10, 0, 0, 0.00%, 0, 0, 1, 205.21
1735665816, 3, 6, 10, 0, 0, 0.00%, 0, 0, 1, 209.10
1735665821, 3, 8, 10, 0, 0, 0.00%, 0, 0, 1, 209.55
1735665826, 3, 9, 10, 0, 0, 0.00%, 0, 0, 1, 211.94
1735665831, 4, 10, 12, 2, 1, 0.05%, 2, 0, 3, 212.53
1735665841, 4, 10, 13, 3, 1, 0.05%, 2, 0, 3, 203.80
1735665957, 4, 10, 14, 4, 1, 0.05%, 3, 0, 3, 208.24
1735665973, 4, 13, 15, 4, 2, 0.05%, 3, 0, 4, 215.72
1735665978, 4, 13, 16, 5, 2, 0.05%, 3, 0, 4, 265.93
1735665983, 4, 13, 17, 6, 2, 0.05%, 4, 0, 4, 275.91
1735665988, 4, 13, 19, 8, 2, 0.06%, 5, 0, 4, 275.61
1735665993, 4, 13, 20, 9, 2, 0.06%, 6, 0, 4, 271.89
1735666039, 4, 13, 21, 10, 2, 0.06%, 6, 0, 4, 279.53
1735666080, 4, 16, 23, 11, 5, 0.06%, 7, 0, 5, 244.48
1735666090, 4, 16, 24, 12, 5, 0.06%, 7, 0, 5, 268.28
1735666141, 4, 16, 25, 13, 5, 0.06%, 7, 0, 5, 274.06
1735666151, 4, 16, 26, 14, 5, 0.06%, 7, 0, 5, 271.33
1735666187, 4, 16, 27, 15, 5, 0.06%, 7, 0, 5, 262.43
1735666197, 4, 19, 29, 16, 4, 0.06%, 7, 0, 5, 386.05
1735666202, 4, 19, 30, 17, 4, 0.06%, 7, 0, 5, 461.41
1735666212, 4, 19, 31, 18, 4, 0.06%, 7, 0, 5, 471.31
1735666222, 4, 19, 32, 19, 4, 0.06%, 7, 0, 5, 477.42
1735666248, 4, 19, 35, 22, 4, 0.06%, 7, 0, 5, 382.79
1735666268, 4, 19, 36, 23, 4, 0.06%, 8, 0, 5, 279.03
1735666273, 4, 35, 37, 23, 4, 0.06%, 9, 0, 6, 416.14
1735666283, 4, 35, 39, 25, 4, 0.06%, 9, 0, 6, 432.72
1735666293, 4, 35, 40, 26, 4, 0.06%, 9, 0, 6, 465.23
1735666304, 4, 35, 41, 27, 4, 0.06%, 9, 0, 6, 475.91
1735666309, 4, 35, 42, 28, 4, 0.06%, 9, 0, 6, 473.07
1735666355, 5, 21, 42, 27, 5, 0.06%, 9, 0, 6, 445.15
1735666360, 5, 21, 43, 28, 5, 0.06%, 9, 0, 6, 523.68
1735666365, 5, 21, 44, 29, 5, 0.06%, 9, 0, 6, 496.67
1735666380, 5, 21, 45, 30, 5, 0.06%, 9, 0, 6, 481.37
1735666431, 5, 30, 46, 30, 5, 0.06%, 9, 0, 6, 363.87
1735666441, 5, 30, 47, 31, 5, 0.06%, 9, 0, 6, 413.41
1735666452, 5, 30, 48, 32, 5, 0.06%, 9, 0, 6, 413.60
1735666457, 5, 30, 50, 34, 5, 0.06%, 9, 0, 6, 411.06
1735666517, 5, 30, 51, 35, 5, 0.06%, 9, 0, 6, 298.56
1735666528, 5, 36, 52, 35, 5, 0.06%, 9, 0, 7, 416.08
1735666569, 5, 42, 52, 34, 5, 0.06%, 9, 0, 7, 431.46
1735666579, 5, 42, 53, 35, 5, 0.06%, 9, 0, 7, 499.39
1735666584, 5, 42, 54, 36, 5, 0.06%, 9, 0, 7, 505.02
1735666609, 5, 42, 55, 37, 5, 0.06%, 9, 0, 7, 492.85
1735666645, 5, 42, 56, 38, 5, 0.06%, 9, 0, 7, 327.31
1735666655, 6, 11, 56, 37, 4, 0.06%, 9, 0, 7, 299.06
1735666675, 6, 21, 56, 36, 3, 0.06%, 9, 0, 7, 329.53
1735666680, 6, 26, 56, 36, 3, 0.06%, 9, 0, 7, 316.88
1735666726, 6, 31, 56, 35, 3, 0.06%, 9, 0, 7, 389.17
1735666731, 6, 31, 57, 36, 3, 0.06%, 9, 0, 7, 472.79
1735666772, 6, 36, 57, 35, 3, 0.06%, 9, 0, 7, 296.14
1735666777, 6, 51, 57, 35, 3, 0.06%, 9, 0, 7, 338.52
1735666808, 6, 51, 58, 36, 3, 0.06%, 9, 0, 8, 343.64
1735666818, 6, 52, 58, 35, 3, 0.06%, 9, 0, 8, 500.50
1735666844, 6, 52, 59, 36, 3, 0.06%, 9, 0, 8, 336.60
1735666854, 6, 53, 59, 35, 3, 0.06%, 9, 0, 8, 450.85
1735666921, 6, 53, 60, 36, 3, 0.06%, 9, 0, 8, 451.69
1735666936, 6, 53, 61, 37, 3, 0.06%, 9, 0, 8, 487.85
1735666941, 6, 53, 62, 38, 3, 0.06%, 9, 0, 8, 487.44
1735666971, 6, 53, 64, 40, 3, 0.06%, 9, 0, 8, 483.01
1735666997, 6, 54, 64, 39, 3, 0.06%, 9, 0, 8, 407.91
1735667002, 6, 54, 65, 40, 3, 0.06%, 9, 0, 8, 494.45
1735667048, 6, 57, 65, 39, 2, 0.06%, 9, 0, 8, 331.25
1735667403, 6, 57, 66, 40, 2, 0.06%, 9, 0, 9, 476.40
1735667413, 6, 57, 67, 41, 2, 0.06%, 9, 0, 9, 496.48
1735667464, 7, 12, 67, 40, 2, 0.06%, 9, 0, 9, 286.91
1735667489, 7, 18, 67, 39, 2, 0.06%, 9, 0, 9, 289.46
1735667530, 7, 28, 67, 38, 1, 0.06%, 9, 0, 9, 436.44
1735667566, 7, 29, 67, 37, 1, 0.06%, 9, 0, 9, 372.28
1735667596, 7, 29, 68, 38, 1, 0.06%, 9, 0, 9, 307.86
1735667601, 7, 30, 68, 37, 1, 0.06%, 9, 0, 9, 321.32
1735667606, 7, 33, 68, 37, 1, 0.06%, 9, 0, 9, 377.40
1735667647, 7, 45, 68, 36, 1, 0.06%, 9, 0, 9, 398.58
1735667677, 7, 46, 68, 35, 1, 0.06%, 9, 0, 9, 407.60
1735667703, 7, 46, 70, 37, 1, 0.06%, 9, 0, 9, 481.29
1735667810, 7, 46, 71, 38, 1, 0.06%, 9, 0, 9, 331.21
1735667820, 7, 51, 71, 37, 1, 0.06%, 9, 0, 9, 347.49
1735667825, 7, 52, 71, 37, 1, 0.06%, 9, 0, 9, 386.91
1735667835, 7, 53, 71, 37, 1, 0.06%, 9, 0, 9, 417.96
1735667846, 7, 54, 71, 37, 1, 0.06%, 9, 0, 9, 485.74
1735667856, 7, 55, 71, 37, 1, 0.06%, 9, 0, 9, 366.78
1735667912, 7, 56, 71, 36, 1, 0.06%, 9, 0, 9, 247.71
1735668409, 7, 57, 71, 35, 1, 0.06%, 9, 0, 9, 334.80
1735668429, 7, 58, 71, 35, 1, 0.06%, 9, 0, 9, 292.89
1735668794, 7, 58, 73, 37, 1, 0.06%, 9, 0, 9, 475.53
1735668864, 7, 65, 73, 36, 1, 0.06%, 9, 0, 9, 350.67
1735668982, 7, 65, 74, 37, 1, 0.06%, 9, 0, 10, 502.11
1735669038, 7, 67, 75, 37, 1, 0.06%, 9, 0, 10, 379.18
1735669436, 7, 71, 75, 36, 1, 0.06%, 9, 0, 10, 297.58
1735669538, 7, 72, 75, 35, 1, 0.06%, 9, 0, 10, 274.70
1735669600, 7, 72, 76, 36, 1, 0.06%, 9, 0, 10, 404.77
1735669666, 7, 73, 76, 35, 1, 0.06%, 9, 0, 10, 359.38
1735669778, 7, 74, 76, 34, 1, 0.06%, 9, 0, 10, 319.79
1735670191, 7, 75, 76, 33, 1, 0.06%, 9, 0, 10, 366.60
1735670207, 7, 75, 77, 34, 1, 0.06%, 9, 0, 10, 462.97
1735670612, 8, 35, 77, 33, 1, 0.06%, 9, 0, 10, 362.48
1735670617, 8, 36, 77, 33, 1, 0.06%, 9, 0, 10, 419.80
1735670632, 8, 37, 77, 33, 1, 0.06%, 9, 0, 10, 450.43
1735670663, 8, 38, 77, 32, 0, 0.06%, 9, 0, 10, 420.09
1735670694, 8, 39, 77, 31, 0, 0.06%, 9, 0, 10, 461.07
1735670724, 8, 39, 78, 32, 0, 0.06%, 9, 0, 10, 345.27
1735670729, 8, 40, 78, 31, 0, 0.06%, 9, 0, 10, 300.76
1735670801, 8, 41, 78, 30, 0, 0.06%, 9, 0, 10, 313.29
1735670903, 8, 51, 78, 29, 0, 0.06%, 9, 0, 10, 373.01
1735670913, 8, 51, 79, 30, 0, 0.06%, 9, 0, 10, 357.62
1735670918, 8, 52, 79, 30, 0, 0.06%, 9, 0, 10, 361.55
1735670923, 8, 53, 79, 30, 0, 0.06%, 9, 0, 10, 377.17
1735670929, 8, 54, 79, 30, 0, 0.06%, 9, 0, 10, 376.48
1735670934, 8, 55, 79, 30, 0, 0.06%, 9, 0, 10, 412.84
1735670939, 8, 56, 79, 30, 0, 0.06%, 9, 0, 10, 446.09
1735670959, 8, 57, 79, 30, 0, 0.06%, 9, 0, 10, 412.11
1735671338, 8, 58, 79, 30, 0, 0.06%, 9, 0, 10, 331.35
1735671716, 8, 65, 79, 30, 0, 0.06%, 9, 0, 10, 422.49
1735671727, 8, 66, 79, 30, 0, 0.06%, 9, 0, 10, 322.14
1735672076, 8, 73, 79, 29, 0, 0.06%, 9, 0, 10, 320.83
1735672091, 8, 77, 79, 29, 0, 0.06%, 9, 0, 10, 362.41
1735672102, 8, 77, 80, 30, 0, 0.06%, 9, 0, 10, 492.28
1735672209, 8, 78, 80, 29, 0, 0.06%, 9, 0, 10, 387.81
1735672326, 8, 79, 80, 28, 0, 0.06%, 9, 0, 10, 368.02
1735672463, 9, 11, 80, 27, 0, 0.06%, 9, 0, 10, 332.84
1735672468, 9, 16, 80, 27, 0, 0.06%, 9, 0, 10, 310.39
1735672473, 9, 18, 80, 27, 0, 0.06%, 9, 0, 10, 303.75
1735672478, 9, 21, 80, 27, 0, 0.06%, 9, 0, 10, 337.05
1735672483, 9, 22, 80, 27, 0, 0.06%, 9, 0, 10, 371.38
1735672514, 9, 23, 80, 26, 0, 0.06%, 9, 0, 10, 365.93
1735672554, 9, 24, 80, 25, 0, 0.06%, 9, 0, 10, 429.10
1735672590, 9, 25, 80, 24, 0, 0.06%, 9, 0, 10, 349.69
1735672636, 9, 26, 80, 23, 0, 0.06%, 9, 0, 10, 328.78
1735672641, 9, 28, 80, 23, 0, 0.06%, 9, 0, 10, 344.19
1735672646, 9, 29, 80, 23, 0, 0.06%, 9, 0, 10, 353.51
1735672651, 9, 30, 80, 23, 0, 0.06%, 9, 0, 10, 333.36
1735672656, 9, 31, 80, 23, 0, 0.06%, 9, 0, 10, 348.11
1735672661, 9, 33, 80, 23, 0, 0.06%, 9, 0, 10, 340.41
1735672666, 9, 34, 80, 23, 0, 0.06%, 9, 0, 10, 422.84
1735672727, 9, 35, 80, 22, 0, 0.06%, 9, 0, 10, 345.64
1735672733, 9, 36, 80, 22, 0, 0.06%, 9, 0, 10, 365.66
1735672738, 9, 37, 80, 22, 0, 0.06%, 9, 0, 10, 359.80
1735672743, 9, 38, 80, 22, 0, 0.06%, 9, 0, 10, 354.17
1735672748, 9, 39, 80, 22, 0, 0.06%, 9, 0, 10, 339.87
1735672753, 9, 40, 80, 22, 0, 0.06%, 9, 0, 10, 364.30
1735672758, 9, 41, 80, 22, 0, 0.06%, 9, 0, 10, 370.41
1735672763, 9, 42, 80, 22, 0, 0.06%, 9, 0, 10, 382.37
1735672768, 9, 43, 80, 22, 0, 0.06%, 9, 0, 10, 366.87
1735672814, 9, 44, 80, 21, 0, 0.06%, 9, 0, 10, 371.38
1735672875, 9, 45, 80, 20, 0, 0.06%, 9, 0, 10, 329.12
1735672880, 9, 46, 80, 20, 0, 0.06%, 9, 0, 10, 297.83
1735672890, 9, 47, 80, 20, 0, 0.06%, 9, 0, 10, 321.50
1735672931, 9, 48, 80, 19, 0, 0.06%, 9, 0, 10, 258.51
1735673761, 9, 50, 80, 18, 0, 0.06%, 9, 0, 10, 333.24
1735673868, 9, 51, 80, 17, 0, 0.06%, 9, 0, 10, 386.43
1735673873, 9, 52, 80, 17, 0, 0.06%, 9, 0, 10, 384.08
1735673878, 9, 53, 80, 17, 0, 0.06%, 9, 0, 10, 381.79
1735673883, 9, 54, 80, 17, 0, 0.06%, 9, 0, 10, 366.59
1735673888, 9, 55, 80, 17, 0, 0.06%, 9, 0, 10, 365.41
1735673893, 9, 56, 80, 17, 0, 0.06%, 9, 0, 10, 386.03
1735673913, 9, 57, 80, 17, 0, 0.06%, 9, 0, 10, 356.65
1735673929, 9, 58, 80, 17, 0, 0.06%, 9, 0, 10, 299.87
1735673944, 9, 59, 80, 17, 0, 0.06%, 9, 0, 10, 444.42
1735674128, 9, 60, 80, 16, 0, 0.06%, 9, 0, 10, 423.65
1735674220, 9, 61, 80, 15, 0, 0.06%, 9, 0, 10, 424.22
1735674311, 9, 62, 80, 14, 0, 0.06%, 9, 0, 10, 436.99
1735674450, 9, 63, 80, 13, 0, 0.06%, 9, 0, 10, 374.40
1735674552, 9, 64, 80, 12, 0, 0.06%, 9, 0, 10, 426.98
1735674588, 9, 65, 80, 11, 0, 0.06%, 9, 0, 10, 347.60
1735674722, 9, 66, 80, 11, 0, 0.06%, 9, 0, 10, 414.65
1735675066, 9, 67, 80, 11, 0, 0.06%, 9, 0, 10, 276.93
1735675081, 9, 70, 80, 11, 0, 0.06%, 9, 0, 10, 354.31
1735675188, 9, 71, 80, 10, 0, 0.06%, 9, 0, 10, 371.20
1735675204, 9, 72, 80, 10, 0, 0.06%, 9, 0, 10, 429.61
1735675214, 9, 73, 80, 10, 0, 0.06%, 9, 0, 10, 325.68
1735675306, 9, 74, 80, 10, 0, 0.06%, 9, 0, 10, 267.19
1735675735, 9, 77, 80, 10, 0, 0.06%, 9, 0, 10, 316.74
1735675755, 9, 79, 80, 10, 0, 0.06%, 9, 0, 10, 334.03
1735675785, 10, 35, 80, 10, 0, 0.06%, 9, 0, 10, 343.46
1735675790, 10, 36, 80, 10, 0, 0.06%, 9, 0, 10, 350.76
1735675796, 10, 38, 80, 10, 0, 0.06%, 9, 0, 10, 378.37
1735675801, 10, 39, 80, 10, 0, 0.06%, 9, 0, 10, 381.48
1735675806, 10, 40, 80, 10, 0, 0.06%, 9, 0, 10, 371.24
1735675811, 10, 41, 80, 10, 0, 0.06%, 9, 0, 10, 383.93
1735675816, 10, 51, 80, 10, 0, 0.06%, 9, 0, 10, 382.65
1735675821, 10, 57, 80, 10, 0, 0.06%, 9, 0, 10, 342.44
1735675836, 10, 65, 80, 10, 0, 0.06%, 9, 0, 10, 385.31
1735675841, 10, 66, 80, 10, 0, 0.06%, 9, 0, 10, 398.70
1735675861, 10, 73, 80, 10, 0, 0.06%, 9, 0, 10, 443.78
1735675872, 10, 77, 80, 10, 0, 0.06%, 9, 0, 10, 303.11
1735675877, 10, 79, 80, 10, 0, 0.06%, 9, 0, 10, 329.57
1735675887, 11, 35, 80, 10, 0, 0.06%, 9, 0, 10, 338.73
1735675892, 11, 36, 80, 10, 0, 0.06%, 9, 0, 10, 347.52
1735675897, 11, 37, 80, 10, 0, 0.06%, 9, 0, 10, 333.64
1735675902, 11, 39, 80, 10, 0, 0.06%, 9, 0, 10, 373.85
1735675907, 11, 40, 80, 10, 0, 0.06%, 9, 0, 10, 364.55
1735675912, 11, 41, 80, 10, 0, 0.06%, 9, 0, 10, 340.80
1735675917, 11, 51, 80, 10, 0, 0.06%, 9, 0, 10, 388.31
1735675922, 11, 57, 80, 10, 0, 0.06%, 9, 0, 10, 400.42
1735675937, 11, 65, 80, 10, 0, 0.06%, 9, 0, 10, 380.57
1735675942, 11, 66, 80, 10, 0, 0.06%, 9, 0, 10, 366.14
1735675958, 11, 73, 80, 10, 0, 0.06%, 9, 0, 10, 386.68
1735675963, 11, 77, 80, 10, 0, 0.06%, 9, 0, 10, 338.72
1735675968, 11, 79, 80, 10, 0, 0.06%, 9, 0, 10, 334.75
1735675978, 12, 35, 80, 10, 0, 0.06%, 9, 0, 10, 343.99
1735675983, 12, 36, 80, 10, 0, 0.06%, 9, 0, 10, 350.04
1735675988, 12, 37, 80, 10, 0, 0.06%, 9, 0, 10, 340.75
1735675993, 12, 39, 80, 10, 0, 0.06%, 9, 0, 10, 374.70
1735675998, 12, 40, 80, 10, 0, 0.06%, 9, 0, 10, 382.39
1735676003, 12, 41, 80, 10, 0, 0.06%, 9, 0, 10, 364.94
1735676008, 12, 51, 80, 10, 0, 0.06%, 9, 0, 10, 383.68
1735676013, 12, 57, 80, 10, 0, 0.06%, 9, 0, 10, 363.07
1735676028, 12, 65, 80, 10, 0, 0.06%, 9, 0, 10, 378.89
1735676034, 12, 66, 80, 10, 0, 0.06%, 9, 0, 10, 419.43
1735676049, 12, 73, 80, 10, 0, 0.06%, 9, 0, 10, 378.31
1735676054, 12, 77, 80, 10, 0, 0.06%, 9, 0, 10, 349.07
1735676059, 12, 79, 80, 10, 0, 0.06%, 9, 0, 10, 347.49
1735676069, 13, 36, 80, 10, 0, 0.06%, 9, 0, 10, 353.66
1735676074, 13, 37, 80, 10, 0, 0.06%, 9, 0, 10, 331.61
1735676080, 13, 38, 80, 10, 0, 0.06%, 9, 0, 10, 368.29
1735676085, 13, 39, 80, 10, 0, 0.06%, 9, 0, 10, 362.18
1735676090, 13, 40, 80, 10, 0, 0.06%, 9, 0, 10, 367.55
1735676095, 13, 41, 80, 10, 0, 0.06%, 9, 0, 10, 374.39
1735676100, 13, 51, 80, 10, 0, 0.06%, 9, 0, 10, 384.03
1735676105, 13, 57, 80, 10, 0, 0.06%, 9, 0, 10, 331.97
1735676120, 13, 65, 80, 10, 0, 0.06%, 9, 0, 10, 399.42
1735676125, 13, 66, 80, 10, 0, 0.06%, 9, 0, 10, 379.32
1735676135, 13, 73, 80, 10, 0, 0.06%, 9, 0, 10, 375.43
1735676145, 13, 77, 80, 10, 0, 0.06%, 9, 0, 10, 338.89
1735676151, 13, 79, 80, 10, 0, 0.06%, 9, 0, 10, 327.38
1735676161, 14, 36, 80, 10, 0, 0.06%, 9, 0, 10, 337.77
1735676166, 14, 37, 80, 10, 0, 0.06%, 9, 0, 10, 372.67
1735676171, 14, 38, 80, 10, 0, 0.06%, 9, 0, 10, 360.64
1735676176, 14, 39, 80, 10, 0, 0.06%, 9, 0, 10, 361.59
1735676181, 14, 40, 80, 10, 0, 0.06%, 9, 0, 10, 361.85
1735676186, 14, 41, 80, 10, 0, 0.06%, 9, 0, 10, 373.28
1735676191, 14, 51, 80, 10, 0, 0.06%, 9, 0, 10, 352.13
1735676196, 14, 57, 80, 10, 0, 0.06%, 9, 0, 10, 303.39
1735676206, 14, 65, 80, 10, 0, 0.06%, 9, 0, 10, 348.67
1735676216, 14, 66, 80, 10, 0, 0.06%, 9, 0, 10, 360.11
1735676226, 14, 73, 80, 10, 0, 0.06%, 9, 0, 10, 362.03
1735676237, 14, 77, 80, 10, 0, 0.06%, 9, 0, 10, 361.09
1735676242, 14, 79, 80, 10, 0, 0.06%, 9, 0, 10, 342.81
1735676252, 15, 36, 80, 10, 0, 0.06%, 9, 0, 10, 360.52
1735676257, 15, 37, 80, 10, 0, 0.06%, 9, 0, 10, 371.96
1735676262, 15, 38, 80, 10, 0, 0.06%, 9, 0, 10, 368.42
1735676267, 15, 39, 80, 10, 0, 0.06%, 9, 0, 10, 347.13
1735676272, 15, 40, 80, 10, 0, 0.06%, 9, 0, 10, 349.97
1735676277, 15, 41, 80, 10, 0, 0.06%, 9, 0, 10, 368.58
1735676282, 15, 51, 80, 10, 0, 0.06%, 9, 0, 10, 348.03
1735676287, 15, 57, 80, 10, 0, 0.06%, 9, 0, 10, 290.12
1735676298, 15, 65, 80, 10, 0, 0.06%, 9, 0, 10, 368.00
1735676308, 15, 66, 80, 10, 0, 0.06%, 9, 0, 10, 324.23
1735676318, 15, 73, 80, 10, 0, 0.06%, 9, 0, 10, 334.03
1735676328, 15, 77, 80, 10, 0, 0.06%, 9, 0, 10, 335.05
1735676333, 15, 79, 80, 10, 0, 0.06%, 9, 0, 10, 329.83
1735676338, 16, 35, 80, 10, 0, 0.06%, 9, 0, 10, 339.07
1735676344, 16, 36, 80, 10, 0, 0.06%, 9, 0, 10, 370.70
1735676349, 16, 37, 80, 10, 0, 0.06%, 9, 0, 10, 369.19
1735676354, 16, 38, 80, 10, 0, 0.06%, 9, 0, 10, 347.54
1735676359, 16, 39, 80, 10, 0, 0.06%, 9, 0, 10, 343.82
1735676364, 16, 40, 80, 10, 0, 0.06%, 9, 0, 10, 317.89
1735676369, 16, 41, 80, 10, 0, 0.06%, 9, 0, 10, 360.53
1735676374, 16, 51, 80, 10, 0, 0.06%, 9, 0, 10, 350.69
1735676379, 16, 57, 80, 10, 0, 0.06%, 9, 0, 10, 283.18
1735676389, 16, 65, 80, 10, 0, 0.06%, 9, 0, 10, 342.59
1735676400, 16, 66, 80, 10, 0, 0.06%, 9, 0, 10, 325.06
1735676410, 16, 73, 80, 10, 0, 0.06%, 9, 0, 10, 336.78
1735676420, 16, 77, 80, 10, 0, 0.06%, 9, 0, 10, 338.38
1735676425, 16, 79, 80, 10, 0, 0.06%, 9, 0, 10, 336.25
1735676430, 17, 35, 80, 10, 0, 0.06%, 9, 0, 10, 332.97
1735676435, 17, 36, 80, 10, 0, 0.06%, 9, 0, 10, 376.14
