# unix_time, cycles_done, cur_path, paths_total, pending_total, pending_favs, map_size, unique_crashes, unique_hangs, max_depth, execs_per_sec
1735363749, 0, 0, 10, 10, 1, 0.00%, 0, 0, 1, 148.15
1735363754, 0, 3, 10, 10, 1, 0.00%, 0, 0, 1, 198.16
1735363759, 0, 4, 10, 9, 0, 0.00%, 0, 0, 1, 208.27
1735363764, 0, 5, 10, 8, 0, 0.00%, 0, 0, 1, 210.61
1735363769, 0, 6, 10, 7, 0, 0.00%, 0, 0, 1, 206.79
1735363780, 0, 7, 10, 6, 0, 0.00%, 0, 0, 1, 211.64
1735363785, 0, 8, 10, 5, 0, 0.00%, 0, 0, 1, 196.97
1735363795, 0, 9, 10, 4, 0, 0.00%, 0, 0, 1, 209.85
1735363800, 1, 0, 10, 3, 0, 0.00%, 0, 0, 1, 206.30
1735363810, 1, 1, 10, 2, 0, 0.00%, 0, 0, 1, 212.35
1735363820, 1, 2, 10, 1, 0, 0.00%, 0, 0, 1, 209.82
1735363830, 1, 3, 10, 0, 0, 0.00%, 0, 0, 1, 212.46
1735363841, 1, 5, 10, 0, 0, 0.00%, 0, 0, 1, 211.31
1735363846, 1, 7, 10, 0, 0, 0.00%, 0, 0, 1, 210.64
1735363851, 1, 8, 10, 0, 0, 0.00%, 0, 0, 1, 209.97
1735363856, 1, 9, 10, 0, 0, 0.00%, 0, 0, 1, 210.26
1735363861, 2, 1, 10, 0, 0, 0.00%, 0, 0, 1, 209.38
1735363866, 2, 2, 10, 0, 0, 0.00%, 0, 0, 1, 206.13
1735363871, 2, 4, 10, 0, 0, 0.00%, 0, 0, 1, 205.80
1735363876, 2, 6, 10, 0, 0, 0.00%, 0, 0, 1, 211.63
1735363881, 2, 7, 10, 0, 0, 0.00%, 0, 0, 1, 208.80
1735363886, 2, 8, 10, 0, 0, 0.00%, 0, 0, 1, 208.64
1735363891, 3, 0, 10, 0, 0, 0.00%, 0, 0, 1, 209.06
1735363896, 3, 10, 11, 1, 1, 0.05%, 1, 0, 2, 234.73
1735363922, 3, 10, 12, 2, 1, 0.05%, 2, 0, 3, 216.81
1735363932, 3, 11, 12, 1, 1, 0.05%, 2, 0, 3, 227.22
1735363937, 3, 11, 13, 2, 1, 0.05%, 2, 0, 4, 263.51
1735363942, 3, 11, 16, 5, 1, 0.05%, 3, 0, 4, 268.94
1735363973, 3, 11, 17, 6, 1, 0.05%, 4, 0, 4, 275.66
1735363988, 3, 11, 18, 7, 1, 0.06%, 5, 0, 4, 274.39
1735364003, 3, 11, 19, 8, 1, 0.06%, 5, 0, 4, 276.83
1735364018, 3, 11, 20, 9, 1, 0.06%, 6, 0, 4, 274.38
1735364034, 3, 16, 22, 10, 4, 0.06%, 7, 0, 5, 222.88
1735364064, 3, 16, 23, 11, 4, 0.06%, 7, 0, 5, 229.91
1735364120, 3, 17, 24, 11, 4, 0.06%, 8, 0, 5, 227.93
1735364135, 3, 17, 25, 12, 4, 0.06%, 8, 0, 5, 474.41
1735364140, 3, 17, 27, 14, 4, 0.06%, 8, 0, 5, 476.99
1735364155, 3, 17, 28, 15, 4, 0.06%, 8, 0, 5, 481.09
1735364186, 4, 13, 28, 14, 4, 0.06%, 8, 0, 5, 281.16
1735364191, 4, 13, 29, 15, 4, 0.06%, 8, 0, 5, 254.87
1735364242, 4, 13, 31, 17, 4, 0.06%, 8, 0, 5, 231.62
1735364247, 4, 13, 32, 18, 4, 0.06%, 8, 0, 5, 250.08
1735364253, 4, 20, 34, 19, 4, 0.06%, 8, 0, 6, 266.27
1735364258, 4, 20, 35, 20, 4, 0.06%, 8, 0, 6, 279.29
1735364273, 4, 20, 36, 21, 4, 0.06%, 8, 0, 6, 278.98
1735364319, 4, 20, 37, 22, 4, 0.06%, 8, 0, 6, 277.14
1735364339, 4, 20, 38, 23, 4, 0.06%, 8, 0, 6, 254.45
1735364349, 4, 23, 38, 22, 3, 0.06%, 8, 0, 6, 321.55
1735364359, 4, 23, 39, 23, 3, 0.06%, 8, 0, 6, 473.88
1735364384, 4, 23, 40, 24, 3, 0.06%, 9, 0, 6, 270.57
1735364390, 4, 39, 41, 24, 3, 0.06%, 9, 0, 7, 427.08
1735364400, 4, 39, 42, 25, 3, 0.06%, 9, 0, 7, 463.65
1735364405, 4, 39, 44, 27, 3, 0.06%, 9, 0, 7, 458.71
1735364410, 4, 39, 45, 28, 3, 0.06%, 9, 0, 7, 471.96
1735364415, 4, 39, 46, 29, 3, 0.06%, 9, 0, 7, 474.83
1735364440, 4, 39, 47, 30, 3, 0.06%, 9, 0, 7, 404.19
1735364466, 4, 43, 47, 29, 3, 0.06%, 9, 0, 7, 369.33
1735364502, 4, 43, 52, 34, 3, 0.06%, 9, 0, 8, 504.03
1735364512, 4, 43, 54, 36, 3, 0.06%, 9, 0, 8, 502.39
1735364665, 5, 23, 54, 35, 3, 0.06%, 9, 0, 8, 290.15
1735364676, 5, 38, 54, 35, 3, 0.06%, 9, 0, 8, 326.53
1735364691, 5, 38, 56, 37, 3, 0.06%, 9, 0, 8, 405.00
1735364696, 5, 38, 57, 38, 3, 0.06%, 9, 0, 8, 418.91
1735364721, 5, 38, 58, 39, 3, 0.06%, 9, 0, 8, 414.08
1735364772, 6, 13, 59, 39, 3, 0.06%, 9, 0, 8, 248.99
1735364788, 6, 28, 59, 39, 3, 0.06%, 9, 0, 8, 411.81
1735364818, 6, 29, 60, 39, 2, 0.06%, 9, 0, 8, 303.86
1735364854, 6, 30, 60, 38, 2, 0.06%, 9, 0, 8, 331.14
1735364869, 6, 30, 61, 39, 2, 0.06%, 9, 0, 8, 266.14
1735364874, 6, 30, 62, 40, 2, 0.06%, 9, 0, 8, 264.90
1735364991, 6, 31, 62, 39, 2, 0.06%, 9, 0, 8, 289.71
1735365026, 6, 38, 62, 38, 2, 0.06%, 9, 0, 8, 306.33
1735365032, 6, 54, 62, 38, 2, 0.06%, 9, 0, 8, 347.22
1735365155, 6, 54, 63, 39, 2, 0.06%, 9, 0, 8, 503.34
1735365160, 6, 54, 65, 41, 2, 0.06%, 9, 0, 8, 491.39
1735365216, 6, 54, 66, 42, 2, 0.06%, 9, 0, 8, 488.86
1735365232, 6, 55, 66, 41, 2, 0.06%, 9, 0, 8, 348.91
1735365267, 6, 56, 66, 40, 2, 0.06%, 9, 0, 8, 296.44
1735365308, 6, 58, 66, 39, 2, 0.06%, 9, 0, 8, 461.14
1735365369, 6, 59, 66, 38, 2, 0.06%, 9, 0, 8, 424.04
1735365621, 6, 59, 67, 39, 2, 0.06%, 9, 0, 8, 504.93
1735365656, 6, 62, 67, 38, 2, 0.06%, 9, 0, 8, 365.37
1735365707, 6, 63, 67, 37, 2, 0.06%, 9, 0, 8, 349.48
1735365799, 6, 64, 67, 36, 2, 0.06%, 9, 0, 8, 317.30
1735365896, 6, 65, 67, 35, 2, 0.06%, 9, 0, 8, 393.79
1735366025, 6, 65, 68, 36, 2, 0.06%, 9, 0, 9, 475.79
1735366070, 6, 65, 69, 37, 2, 0.06%, 9, 0, 9, 421.06
1735366076, 6, 65, 70, 38, 2, 0.06%, 9, 0, 9, 331.09
1735366091, 6, 66, 70, 37, 2, 0.06%, 9, 0, 9, 437.28
1735366106, 6, 66, 71, 38, 2, 0.06%, 9, 0, 9, 477.88
1735366326, 6, 67, 71, 37, 2, 0.06%, 9, 0, 9, 348.65
1735366500, 6, 68, 71, 36, 2, 0.06%, 9, 0, 9, 374.11
1735366705, 6, 69, 71, 35, 2, 0.06%, 9, 0, 9, 347.16
1735366833, 7, 19, 71, 34, 2, 0.06%, 9, 0, 9, 275.58
1735366853, 7, 26, 71, 33, 1, 0.06%, 9, 0, 9, 369.45
1735366873, 7, 27, 71, 32, 1, 0.06%, 9, 0, 9, 481.44
1735366894, 7, 28, 71, 31, 1, 0.06%, 9, 0, 9, 307.70
1735366899, 7, 29, 71, 31, 1, 0.06%, 9, 0, 9, 363.01
1735366904, 7, 30, 71, 31, 1, 0.06%, 9, 0, 9, 309.15
1735366909, 7, 31, 71, 31, 1, 0.06%, 9, 0, 9, 350.48
1735366914, 7, 32, 71, 31, 1, 0.06%, 9, 0, 9, 368.90
1735366945, 7, 33, 71, 30, 1, 0.06%, 9, 0, 9, 327.15
1735366981, 7, 34, 71, 29, 1, 0.06%, 9, 0, 9, 373.70
1735367011, 7, 34, 72, 30, 1, 0.06%, 9, 0, 9, 349.20
1735367021, 7, 35, 72, 29, 1, 0.06%, 9, 0, 9, 392.68
1735367062, 7, 36, 72, 28, 1, 0.06%, 9, 0, 9, 356.80
1735367092, 7, 36, 73, 29, 1, 0.06%, 9, 0, 9, 306.01
1735367097, 7, 37, 73, 28, 1, 0.06%, 9, 0, 9, 390.92
1735367133, 7, 38, 73, 27, 1, 0.06%, 9, 0, 9, 312.13
1735367138, 7, 39, 73, 27, 1, 0.06%, 9, 0, 9, 404.80
1735367143, 7, 40, 73, 27, 1, 0.06%, 9, 0, 9, 364.25
1735367178, 7, 41, 73, 26, 0, 0.06%, 9, 0, 9, 411.30
1735367204, 7, 41, 75, 28, 0, 0.06%, 9, 0, 9, 482.89
1735367322, 7, 42, 75, 27, 0, 0.06%, 9, 0, 9, 332.92
1735367357, 7, 43, 75, 26, 0, 0.06%, 9, 0, 9, 335.60
1735367537, 7, 47, 75, 26, 0, 0.06%, 9, 0, 9, 332.14
1735367649, 7, 54, 75, 25, 0, 0.06%, 9, 0, 9, 319.62
1735367659, 7, 55, 75, 25, 0, 0.06%, 9, 0, 9, 414.48
1735367669, 7, 56, 75, 25, 0, 0.06%, 9, 0, 9, 379.49
1735367679, 7, 57, 75, 25, 0, 0.06%, 9, 0, 9, 449.44
1735367715, 7, 57, 76, 26, 0, 0.06%, 9, 0, 9, 405.96
1735367760, 7, 58, 76, 25, 0, 0.06%, 9, 0, 9, 351.36
1735367771, 7, 59, 76, 25, 0, 0.06%, 9, 0, 9, 329.74
1735367786, 7, 60, 76, 25, 0, 0.06%, 9, 0, 9, 470.12
1735367888, 7, 61, 76, 24, 0, 0.06%, 9, 0, 9, 377.30
1735367934, 7, 62, 76, 23, 0, 0.06%, 9, 0, 9, 391.79
1735367944, 7, 63, 76, 23, 0, 0.06%, 9, 0, 9, 282.02
1735367959, 7, 64, 76, 23, 0, 0.06%, 9, 0, 9, 422.07
1735367970, 7, 65, 76, 23, 0, 0.06%, 9, 0, 9, 350.51
1735367985, 7, 66, 76, 23, 0, 0.06%, 9, 0, 9, 391.42
1735368000, 7, 67, 76, 23, 0, 0.06%, 9, 0, 9, 334.17
1735368015, 7, 68, 76, 23, 0, 0.06%, 9, 0, 9, 302.86
1735368030, 7, 69, 76, 23, 0, 0.06%, 9, 0, 9, 334.53
1735368046, 7, 70, 76, 23, 0, 0.06%, 9, 0, 9, 308.71
1735368312, 7, 75, 76, 22, 0, 0.06%, 9, 0, 9, 303.03
1735368317, 7, 75, 77, 23, 0, 0.06%, 9, 0, 9, 411.25
1735368433, 8, 13, 77, 22, 0, 0.06%, 9, 0, 9, 298.84
1735368444, 8, 28, 77, 22, 0, 0.06%, 9, 0, 9, 323.34
1735368449, 8, 29, 77, 22, 0, 0.06%, 9, 0, 9, 310.30
1735368454, 8, 30, 77, 22, 0, 0.06%, 9, 0, 9, 305.63
1735368459, 8, 58, 77, 22, 0, 0.06%, 9, 0, 9, 315.88
1735368469, 8, 59, 77, 22, 0, 0.06%, 9, 0, 9, 363.73
1735368484, 8, 60, 77, 22, 0, 0.06%, 9, 0, 9, 343.81
1735368499, 8, 61, 77, 22, 0, 0.06%, 9, 0, 9, 315.02
1735368504, 8, 66, 77, 22, 0, 0.06%, 9, 0, 9, 336.78
1735368520, 8, 69, 77, 22, 0, 0.06%, 9, 0, 9, 345.82
1735368535, 8, 70, 77, 22, 0, 0.06%, 9, 0, 9, 370.42
1735368555, 9, 13, 77, 22, 0, 0.06%, 9, 0, 9, 304.74
1735368560, 9, 28, 77, 22, 0, 0.06%, 9, 0, 9, 313.83
1735368565, 9, 29, 77, 22, 0, 0.06%, 9, 0, 9, 316.53
1735368570, 9, 30, 77, 22, 0, 0.06%, 9, 0, 9, 309.09
1735368575, 9, 58, 77, 22, 0, 0.06%, 9, 0, 9, 326.66
1735368581, 9, 59, 77, 22, 0, 0.06%, 9, 0, 9, 420.51
1735368591, 9, 60, 77, 22, 0, 0.06%, 9, 0, 9, 375.39
1735368606, 9, 61, 77, 22, 0, 0.06%, 9, 0, 9, 300.22
1735368616, 9, 62, 77, 22, 0, 0.06%, 9, 0, 9, 373.31
1735368626, 9, 63, 77, 22, 0, 0.06%, 9, 0, 9, 382.39
1735368637, 9, 64, 77, 22, 0, 0.06%, 9, 0, 9, 323.85
1735368652, 9, 65, 77, 22, 0, 0.06%, 9, 0, 9, 316.52
1735368667, 9, 66, 77, 22, 0, 0.06%, 9, 0, 9, 346.48
1735368677, 9, 67, 77, 22, 0, 0.06%, 9, 0, 9, 339.05
1735368692, 9, 68, 77, 22, 0, 0.06%, 9, 0, 9, 352.08
1735368708, 9, 69, 77, 22, 0, 0.06%, 9, 0, 9, 282.53
1735368718, 9, 70, 77, 22, 0, 0.06%, 9, 0, 9, 314.03
1735368733, 9, 71, 77, 22, 0, 0.06%, 9, 0, 9, 363.33
1735368830, 9, 72, 77, 21, 0, 0.06%, 9, 0, 9, 343.61
1735368922, 9, 73, 77, 20, 0, 0.06%, 9, 0, 9, 399.48
1735369045, 9, 74, 77, 19, 0, 0.06%, 9, 0, 9, 399.40
1735369162, 9, 75, 77, 18, 0, 0.06%, 9, 0, 9, 296.53
1735369177, 9, 76, 77, 18, 0, 0.06%, 9, 0, 9, 370.56
1735369295, 10, 11, 77, 17, 0, 0.06%, 9, 0, 9, 312.07
1735369300, 10, 12, 77, 17, 0, 0.06%, 9, 0, 9, 344.10
1735369320, 10, 13, 77, 16, 0, 0.06%, 9, 0, 9, 286.64
1735369325, 10, 14, 77, 16, 0, 0.06%, 9, 0, 9, 345.51
1735369346, 10, 15, 77, 15, 0, 0.06%, 9, 0, 9, 405.37
1735369366, 10, 16, 77, 14, 0, 0.06%, 9, 0, 9, 304.29
1735369381, 10, 18, 77, 14, 0, 0.06%, 9, 0, 9, 380.90
1735369397, 10, 19, 77, 13, 0, 0.06%, 9, 0, 9, 378.64
1735369407, 10, 20, 77, 13, 0, 0.06%, 9, 0, 9, 358.41
1735369412, 10, 21, 77, 13, 0, 0.06%, 9, 0, 9, 308.13
1735369432, 10, 22, 77, 12, 0, 0.06%, 9, 0, 9, 449.12
1735369453, 10, 23, 77, 11, 0, 0.06%, 9, 0, 9, 392.92
1735369463, 10, 26, 77, 11, 0, 0.06%, 9, 0, 9, 346.96
1735369473, 10, 27, 77, 11, 0, 0.06%, 9, 0, 9, 338.67
1735369478, 10, 28, 77, 11, 0, 0.06%, 9, 0, 9, 376.28
1735369483, 10, 29, 77, 11, 0, 0.06%, 9, 0, 9, 361.50
1735369488, 10, 30, 77, 11, 0, 0.06%, 9, 0, 9, 305.47
1735369493, 10, 31, 77, 11, 0, 0.06%, 9, 0, 9, 345.24
1735369498, 10, 32, 77, 11, 0, 0.06%, 9, 0, 9, 363.52
1735369504, 10, 33, 77, 11, 0, 0.06%, 9, 0, 9, 353.22
1735369509, 10, 34, 77, 11, 0, 0.06%, 9, 0, 9, 332.76
1735369519, 10, 36, 77, 11, 0, 0.06%, 9, 0, 9, 324.57
1735369524, 10, 38, 77, 11, 0, 0.06%, 9, 0, 9, 323.24
1735369529, 10, 43, 77, 11, 0, 0.06%, 9, 0, 9, 344.42
1735369534, 10, 47, 77, 11, 0, 0.06%, 9, 0, 9, 382.97
1735369539, 10, 48, 77, 11, 0, 0.06%, 9, 0, 9, 339.91
1735369656, 10, 49, 77, 10, 0, 0.06%, 9, 0, 9, 374.57
1735369773, 10, 50, 77, 9, 0, 0.06%, 9, 0, 9, 375.42
1735369890, 10, 54, 77, 8, 0, 0.06%, 9, 0, 9, 293.87
1735369900, 10, 56, 77, 8, 0, 0.06%, 9, 0, 9, 338.54
1735369905, 10, 57, 77, 8, 0, 0.06%, 9, 0, 9, 335.17
1735369915, 10, 58, 77, 8, 0, 0.06%, 9, 0, 9, 367.77
1735369920, 10, 59, 77, 8, 0, 0.06%, 9, 0, 9, 360.36
1735369930, 10, 60, 77, 8, 0, 0.06%, 9, 0, 9, 324.41
1735369935, 10, 61, 77, 8, 0, 0.06%, 9, 0, 9, 340.67
1735369945, 10, 62, 77, 8, 0, 0.06%, 9, 0, 9, 331.03
1735369950, 10, 63, 77, 8, 0, 0.06%, 9, 0, 9, 381.96
1735369955, 10, 64, 77, 8, 0, 0.06%, 9, 0, 9, 353.00
1735369966, 10, 65, 77, 8, 0, 0.06%, 9, 0, 9, 379.51
1735369971, 10, 66, 77, 8, 0, 0.06%, 9, 0, 9, 338.96
1735369981, 10, 67, 77, 8, 0, 0.06%, 9, 0, 9, 381.61
1735369991, 10, 68, 77, 8, 0, 0.06%, 9, 0, 9, 333.04
1735370001, 10, 69, 77, 8, 0, 0.06%, 9, 0, 9, 297.91
1735370011, 10, 70, 77, 8, 0, 0.06%, 9, 0, 9, 309.25
1735370022, 10, 71, 77, 8, 0, 0.06%, 9, 0, 9, 363.21
1735370032, 10, 72, 77, 8, 0, 0.06%, 9, 0, 9, 353.85
1735370042, 10, 75, 77, 8, 0, 0.06%, 9, 0, 9, 372.80
1735370057, 10, 76, 77, 8, 0, 0.06%, 9, 0, 9, 465.47
1735370139, 11, 11, 77, 8, 0, 0.06%, 9, 0, 9, 318.22
1735370144, 11, 12, 77, 8, 0, 0.06%, 9, 0, 9, 358.57
1735370149, 11, 13, 77, 8, 0, 0.06%, 9, 0, 9, 330.83
1735370154, 11, 14, 77, 8, 0, 0.06%, 9, 0, 9, 302.06
1735370164, 11, 15, 77, 8, 0, 0.06%, 9, 0, 9, 355.21
1735370174, 11, 16, 77, 8, 0, 0.06%, 9, 0, 9, 289.60
1735370184, 11, 18, 77, 8, 0, 0.06%, 9, 0, 9, 328.13
1735370195, 11, 19, 77, 8, 0, 0.06%, 9, 0, 9, 343.46
1735370200, 11, 20, 77, 8, 0, 0.06%, 9, 0, 9, 303.29
1735370210, 11, 21, 77, 8, 0, 0.06%, 9, 0, 9, 351.07
1735370220, 11, 22, 77, 8, 0, 0.06%, 9, 0, 9, 334.47
1735370225, 11, 23, 77, 8, 0, 0.06%, 9, 0, 9, 304.10
1735370230, 11, 28, 77, 8, 0, 0.06%, 9, 0, 9, 363.27
1735370235, 11, 29, 77, 8, 0, 0.06%, 9, 0, 9, 356.87
1735370240, 11, 30, 77, 8, 0, 0.06%, 9, 0, 9, 304.22
1735370245, 11, 31, 77, 8, 0, 0.06%, 9, 0, 9, 331.37
1735370250, 11, 32, 77, 8, 0, 0.06%, 9, 0, 9, 322.78
1735370255, 11, 33, 77, 8, 0, 0.06%, 9, 0, 9, 329.86
1735370260, 11, 34, 77, 8, 0, 0.06%, 9, 0, 9, 328.40
1735370266, 11, 36, 77, 8, 0, 0.06%, 9, 0, 9, 314.91
1735370271, 11, 54, 77, 8, 0, 0.06%, 9, 0, 9, 363.11
1735370281, 11, 55, 77, 8, 0, 0.06%, 9, 0, 9, 333.03
1735370286, 11, 57, 77, 8, 0, 0.06%, 9, 0, 9, 343.92
1735370291, 11, 58, 77, 8, 0, 0.06%, 9, 0, 9, 328.77
1735370296, 11, 59, 77, 8, 0, 0.06%, 9, 0, 9, 355.42
1735370312, 11, 60, 77, 8, 0, 0.06%, 9, 0, 9, 331.69
1735370317, 11, 61, 77, 8, 0, 0.06%, 9, 0, 9, 310.23
1735370322, 11, 62, 77, 8, 0, 0.06%, 9, 0, 9, 350.51
1735370327, 11, 63, 77, 8, 0, 0.06%, 9, 0, 9, 384.37
1735370332, 11, 64, 77, 8, 0, 0.06%, 9, 0, 9, 317.64
1735370342, 11, 65, 77, 8, 0, 0.06%, 9, 0, 9, 316.83
1735370352, 11, 66, 77, 8, 0, 0.06%, 9, 0, 9, 290.16
1735370362, 11, 67, 77, 8, 0, 0.06%, 9, 0, 9, 398.29
1735370367, 11, 68, 77, 8, 0, 0.06%, 9, 0, 9, 362.40
1735370378, 11, 69, 77, 8, 0, 0.06%, 9, 0, 9, 348.59
1735370388, 11, 70, 77, 8, 0, 0.06%, 9, 0, 9, 396.18
1735370403, 11, 71, 77, 8, 0, 0.06%, 9, 0, 9, 353.00
1735370413, 11, 75, 77, 8, 0, 0.06%, 9, 0, 9, 404.68
1735370423, 11, 76, 77, 8, 0, 0.06%, 9, 0, 9, 295.96
1735370439, 12, 13, 77, 8, 0, 0.06%, 9, 0, 9, 309.27
1735370444, 12, 23, 77, 8, 0, 0.06%, 9, 0, 9, 330.45
1735370449, 12, 28, 77, 8, 0, 0.06%, 9, 0, 9, 356.04
1735370454, 12, 29, 77, 8, 0, 0.06%, 9, 0, 9, 345.15
1735370459, 12, 30, 77, 8, 0, 0.06%, 9, 0, 9, 316.88
1735370464, 12, 38, 77, 8, 0, 0.06%, 9, 0, 9, 327.13
1735370469, 12, 54, 77, 8, 0, 0.06%, 9, 0, 9, 346.87
1735370479, 12, 55, 77, 8, 0, 0.06%, 9, 0, 9, 318.41
1735370484, 12, 57, 78, 9, 0, 0.06%, 9, 0, 9, 327.06
1735370489, 12, 58, 78, 9, 0, 0.06%, 9, 0, 9, 324.29
1735370494, 12, 59, 78, 9, 0, 0.06%, 9, 0, 9, 368.46
1735370505, 12, 60, 78, 9, 0, 0.06%, 9, 0, 9, 391.44
1735370515, 12, 61, 78, 9, 0, 0.06%, 9, 0, 9, 326.83
1735370520, 12, 62, 78, 9, 0, 0.06%, 9, 0, 9, 344.86
1735370525, 12, 63, 78, 9, 0, 0.06%, 9, 0, 9, 388.06
1735370530, 12, 64, 78, 9, 0, 0.06%, 9, 0, 9, 329.35
1735370540, 12, 65, 78, 9, 0, 0.06%, 9, 0, 9, 357.59
1735370550, 12, 66, 78, 9, 0, 0.06%, 9, 0, 9, 271.92
1735370560, 12, 67, 78, 9, 0, 0.06%, 9, 0, 9, 392.33
1735370566, 12, 68, 78, 9, 0, 0.06%, 9, 0, 9, 364.34
1735370576, 12, 69, 78, 9, 0, 0.06%, 9, 0, 9, 323.67
1735370586, 12, 70, 78, 9, 0, 0.06%, 9, 0, 9, 338.93
1735370596, 12, 75, 78, 9, 0, 0.06%, 9, 0, 9, 337.23
1735370606, 12, 76, 78, 9, 0, 0.06%, 9, 0, 9, 383.72
1735370621, 12, 77, 79, 10, 0, 0.06%, 9, 0, 9, 380.21
1735370724, 13, 13, 79, 9, 0, 0.06%, 9, 0, 9, 303.70
1735370729, 13, 28, 79, 9, 0, 0.06%, 9, 0, 9, 325.64
1735370734, 13, 29, 79, 9, 0, 0.06%, 9, 0, 9, 340.98
1735370739, 13, 30, 79, 9, 0, 0.06%, 9, 0, 9, 303.14
1735370744, 13, 31, 79, 9, 0, 0.06%, 9, 0, 9, 321.85
1735370749, 13, 58, 79, 9, 0, 0.06%, 9, 0, 9, 330.30
1735370755, 13, 59, 79, 9, 0, 0.06%, 9, 0, 9, 268.08
1735370765, 13, 60, 79, 9, 0, 0.06%, 9, 0, 9, 347.61
1735370770, 13, 61, 79, 9, 0, 0.06%, 9, 0, 9, 303.95
1735370775, 13, 66, 79, 9, 0, 0.06%, 9, 0, 9, 329.26
1735370785, 13, 69, 79, 9, 0, 0.06%, 9, 0, 9, 298.40
1735370795, 13, 70, 79, 9, 0, 0.06%, 9, 0, 9, 304.38
1735370805, 14, 13, 79, 9, 0, 0.06%, 9, 0, 9, 317.74
1735370810, 14, 28, 79, 9, 0, 0.06%, 9, 0, 9, 353.97
1735370815, 14, 29, 79, 9, 0, 0.06%, 9, 0, 9, 342.39
1735370820, 14, 30, 79, 9, 0, 0.06%, 9, 0, 9, 298.33
1735370826, 14, 31, 79, 9, 0, 0.06%, 9, 0, 9, 335.34
1735370831, 14, 58, 79, 9, 0, 0.06%, 9, 0, 9, 332.68
1735370836, 14, 59, 79, 9, 0, 0.06%, 9, 0, 9, 294.26
1735370846, 14, 60, 79, 9, 0, 0.06%, 9, 0, 9, 346.74
1735370851, 14, 61, 79, 9, 0, 0.06%, 9, 0, 9, 313.99
1735370856, 14, 66, 79, 9, 0, 0.06%, 9, 0, 9, 368.50
1735370866, 14, 69, 79, 9, 0, 0.06%, 9, 0, 9, 336.17
1735370876, 14, 70, 79, 9, 0, 0.06%, 9, 0, 9, 345.90
1735370886, 15, 13, 79, 9, 0, 0.06%, 9, 0, 9, 327.57
1735370892, 15, 28, 79, 9, 0, 0.06%, 9, 0, 9, 322.45
1735370897, 15, 29, 79, 9, 0, 0.06%, 9, 0, 9, 361.49
1735370902, 15, 30, 79, 9, 0, 0.06%, 9, 0, 9, 317.04
1735370907, 15, 31, 79, 9, 0, 0.06%, 9, 0, 9, 347.02
1735370912, 15, 58, 79, 9, 0, 0.06%, 9, 0, 9, 357.28
1735370917, 15, 59, 79, 9, 0, 0.06%, 9, 0, 9, 313.16
1735370927, 15, 60, 79, 9, 0, 0.06%, 9, 0, 9, 332.45
1735370932, 15, 61, 79, 9, 0, 0.06%, 9, 0, 9, 316.24
1735370938, 15, 66, 79, 9, 0, 0.06%, 9, 0, 9, 384.74
1735370948, 15, 69, 79, 9, 0, 0.06%, 9, 0, 9, 350.71
1735370958, 15, 70, 79, 9, 0, 0.06%, 9, 0, 9, 356.08
1735370968, 16, 13, 79, 9, 0, 0.06%, 9, 0, 9, 343.10
1735370973, 16, 28, 79, 9, 0, 0.06%, 9, 0, 9, 284.73
1735370978, 16, 29, 79, 9, 0, 0.06%, 9, 0, 9, 351.59
1735370983, 16, 30, 79, 9, 0, 0.06%, 9, 0, 9, 300.46
1735370989, 16, 31, 79, 9, 0, 0.06%, 9, 0, 9, 356.20
1735370994, 16, 58, 79, 9, 0, 0.06%, 9, 0, 9, 352.44
1735370999, 16, 59, 79, 9, 0, 0.06%, 9, 0, 9, 349.60
1735371009, 16, 60, 79, 9, 0, 0.06%, 9, 0, 9, 351.35
1735371014, 16, 61, 79, 9, 0, 0.06%, 9, 0, 9, 329.97
1735371019, 16, 66, 79, 9, 0, 0.06%, 9, 0, 9, 313.14
1735371029, 16, 69, 79, 9, 0, 0.06%, 9, 0, 9, 370.93
1735371039, 16, 70, 79, 9, 0, 0.06%, 9, 0, 9, 408.97
1735371055, 17, 13, 79, 9, 0, 0.06%, 9, 0, 9, 291.95
1735371060, 17, 29, 79, 9, 0, 0.06%, 9, 0, 9, 344.88
1735371065, 17, 30, 79, 9, 0, 0.06%, 9, 0, 9, 329.70
1735371070, 17, 31, 79, 9, 0, 0.06%, 9, 0, 9, 344.94
1735371075, 17, 58, 79, 9, 0, 0.06%, 9, 0, 9, 352.17
1735371080, 17, 59, 79, 9, 0, 0.06%, 9, 0, 9, 397.64
1735371090, 17, 60, 79, 9, 0, 0.06%, 9, 0, 9, 363.37
1735371100, 17, 61, 79, 9, 0, 0.06%, 9, 0, 9, 317.24
1735371105, 17, 66, 79, 9, 0, 0.06%, 9, 0, 9, 287.84
1735371110, 17, 69, 79, 9, 0, 0.06%, 9, 0, 9, 361.32
1735371121, 17, 70, 79, 9, 0, 0.06%, 9, 0, 9, 406.22
1735371136, 18, 13, 79, 9, 0, 0.06%, 9, 0, 9, 291.19
1735371141, 18, 28, 79, 9, 0, 0.06%, 9, 0, 9, 317.59
1735371146, 18, 30, 79, 9, 0, 0.06%, 9, 0, 9, 327.23
1735371151, 18, 31, 79, 9, 0, 0.06%, 9, 0, 9, 295.54
1735371156, 18, 58, 79, 9, 0, 0.06%, 9, 0, 9, 346.81
1735371161, 18, 59, 79, 9, 0, 0.06%, 9, 0, 9, 395.81
1735371171, 18, 60, 79, 9, 0, 0.06%, 9, 0, 9, 384.99
1735371182, 18, 61, 79, 9, 0, 0.06%, 9, 0, 9, 318.08
1735371187, 18, 66, 79, 9, 0, 0.06%, 9, 0, 9, 264.76
1735371197, 18, 69, 79, 9, 0, 0.06%, 9, 0, 9, 404.59
1735371202, 18, 70, 79, 9, 0, 0.06%, 9, 0, 9, 329.90
1735371217, 19, 13, 79, 9, 0, 0.06%, 9, 0, 9, 287.22
1735371222, 19, 28, 79, 9, 0, 0.06%, 9, 0, 9, 330.49
1735371227, 19, 29, 79, 9, 0, 0.06%, 9, 0, 9, 324.99
1735371232, 19, 30, 79, 9, 0, 0.06%, 9, 0, 9, 304.80
1735371237, 19, 58, 79, 9, 0, 0.06%, 9, 0, 9, 321.23
1735371243, 19, 59, 79, 9, 0, 0.06%, 9, 0, 9, 403.51
1735371258, 19, 60, 79, 9, 0, 0.06%, 9, 0, 9, 475.25
1735371329, 19, 61, 79, 9, 0, 0.06%, 9, 0, 9, 299.86
1735371335, 19, 62, 79, 9, 0, 0.06%, 9, 0, 9, 356.38
1735371340, 19, 63, 79, 9, 0, 0.06%, 9, 0, 9, 358.88
1735371350, 19, 64, 79, 9, 0, 0.06%, 9, 0, 9, 345.75
1735371355, 19, 65, 79, 9, 0, 0.06%, 9, 0, 9, 308.12
1735371386, 19, 66, 79, 9, 0, 0.06%, 9, 0, 9, 348.89
1735371396, 19, 67, 79, 9, 0, 0.06%, 9, 0, 9, 364.05
1735371488, 19, 68, 79, 9, 0, 0.06%, 9, 0, 9, 304.68
1735371642, 19, 69, 79, 9, 0, 0.06%, 9, 0, 9, 372.19
1735371781, 19, 70, 79, 9, 0, 0.06%, 9, 0, 9, 312.93
1735371796, 19, 71, 79, 9, 0, 0.06%, 9, 0, 9, 383.42
1735371806, 19, 72, 79, 9, 0, 0.06%, 9, 0, 9, 363.72
1735371816, 19, 73, 79, 9, 0, 0.06%, 9, 0, 9, 365.14
1735371903, 19, 74, 79, 9, 0, 0.06%, 9, 0, 9, 320.05
1735371995, 19, 75, 79, 9, 0, 0.06%, 9, 0, 9, 362.94
1735372005, 19, 76, 79, 9, 0, 0.06%, 9, 0, 9, 345.02
1735372010, 19, 77, 79, 9, 0, 0.06%, 9, 0, 9, 356.21
1735372092, 19, 78, 79, 9, 0, 0.06%, 9, 0, 9, 373.88
1735372194, 20, 11, 79, 8, 0, 0.06%, 9, 0, 9, 320.03
1735372200, 20, 12, 79, 8, 0, 0.06%, 9, 0, 9, 352.82
1735372205, 20, 13, 79, 8, 0, 0.06%, 9, 0, 9, 290.97
1735372215, 20, 14, 79, 8, 0, 0.06%, 9, 0, 9, 323.68
1735372220, 20, 15, 79, 8, 0, 0.06%, 9, 0, 9, 323.49
1735372230, 20, 16, 79, 8, 0, 0.06%, 9, 0, 9, 289.39
1735372235, 20, 17, 79, 8, 0, 0.06%, 9, 0, 9, 391.19
1735372246, 20, 18, 79, 8, 0, 0.06%, 9, 0, 9, 337.32
1735372256, 20, 20, 79, 8, 0, 0.06%, 9, 0, 9, 315.25
1735372261, 20, 21, 79, 8, 0, 0.06%, 9, 0, 9, 332.81
1735372271, 20, 22, 79, 8, 0, 0.06%, 9, 0, 9, 386.52
1735372281, 20, 23, 79, 8, 0, 0.06%, 9, 0, 9, 327.54
1735372286, 20, 24, 79, 8, 0, 0.06%, 9, 0, 9, 439.90
1735372302, 20, 25, 79, 7, 0, 0.06%, 9, 0, 9, 449.72
1735372317, 20, 26, 79, 6, 0, 0.06%, 9, 0, 9, 422.94
1735372332, 20, 27, 79, 6, 0, 0.06%, 9, 0, 9, 489.84
1735372347, 20, 28, 79, 6, 0, 0.06%, 9, 0, 9, 329.80
1735372353, 20, 29, 79, 6, 0, 0.06%, 9, 0, 9, 341.03
1735372358, 20, 30, 79, 6, 0, 0.06%, 9, 0, 9, 315.66
1735372363, 20, 31, 79, 6, 0, 0.06%, 9, 0, 9, 340.18
1735372368, 20, 32, 79, 6, 0, 0.06%, 9, 0, 9, 325.84
1735372373, 20, 33, 79, 6, 0, 0.06%, 9, 0, 9, 360.71
1735372378, 20, 34, 79, 6, 0, 0.06%, 9, 0, 9, 289.45
1735372383, 20, 35, 79, 6, 0, 0.06%, 9, 0, 9, 331.05
1735372388, 20, 36, 79, 6, 0, 0.06%, 9, 0, 9, 315.99
1735372393, 20, 37, 79, 6, 0, 0.06%, 9, 0, 9, 339.29
1735372398, 20, 38, 79, 6, 0, 0.06%, 9, 0, 9, 328.36
1735372403, 20, 39, 79, 6, 0, 0.06%, 9, 0, 9, 343.92
1735372409, 20, 40, 79, 6, 0, 0.06%, 9, 0, 9, 334.06
1735372414, 20, 41, 79, 6, 0, 0.06%, 9, 0, 9, 383.76
1735372527, 20, 42, 79, 6, 0, 0.06%, 9, 0, 9, 353.54
1735372532, 20, 43, 79, 6, 0, 0.06%, 9, 0, 9, 318.03
1735372537, 20, 44, 79, 6, 0, 0.06%, 9, 0, 9, 344.79
1735372634, 20, 45, 79, 5, 0, 0.06%, 9, 0, 9, 307.14
1735372757, 20, 47, 79, 4, 0, 0.06%, 9, 0, 9, 365.30
1735372762, 20, 48, 79, 4, 0, 0.06%, 9, 0, 9, 347.46
1735372767, 20, 49, 79, 4, 0, 0.06%, 9, 0, 9, 360.81
1735372777, 20, 50, 79, 4, 0, 0.06%, 9, 0, 9, 364.42
1735372782, 20, 51, 79, 4, 0, 0.06%, 9, 0, 9, 353.12
1735372905, 20, 52, 79, 3, 0, 0.06%, 9, 0, 9, 348.71
1735373100, 20, 53, 79, 2, 0, 0.06%, 9, 0, 9, 342.49
1735373294, 20, 54, 79, 1, 0, 0.06%, 9, 0, 9, 296.78
1735373299, 20, 55, 79, 1, 0, 0.06%, 9, 0, 9, 340.46
1735373305, 20, 56, 79, 1, 0, 0.06%, 9, 0, 9, 349.43
1735373310, 20, 57, 79, 1, 0, 0.06%, 9, 0, 9, 372.83
1735373315, 20, 58, 79, 1, 0, 0.06%, 9, 0, 9, 411.79
1735373350, 20, 59, 79, 1, 0, 0.06%, 9, 0, 9, 315.30
1735373361, 20, 60, 79, 1, 0, 0.06%, 9, 0, 9, 340.09
1735373366, 20, 61, 79, 1, 0, 0.06%, 9, 0, 9, 323.29
1735373371, 20, 62, 79, 1, 0, 0.06%, 9, 0, 9, 356.72
1735373381, 20, 63, 79, 1, 0, 0.06%, 9, 0, 9, 357.26
1735373386, 20, 64, 79, 1, 0, 0.06%, 9, 0, 9, 394.15
1735373391, 20, 65, 79, 1, 0, 0.06%, 9, 0, 9, 346.65
1735373401, 20, 66, 79, 1, 0, 0.06%, 9, 0, 9, 383.09
1735373411, 20, 67, 79, 1, 0, 0.06%, 9, 0, 9, 326.11
1735373422, 20, 68, 79, 1, 0, 0.06%, 9, 0, 9, 312.78
1735373432, 20, 69, 79, 1, 0, 0.06%, 9, 0, 9, 315.75
1735373442, 20, 70, 79, 1, 0, 0.06%, 9, 0, 9, 295.18
1735373452, 20, 71, 79, 1, 0, 0.06%, 9, 0, 9, 364.25
1735373457, 20, 72, 79, 1, 0, 0.06%, 9, 0, 9, 341.06
1735373467, 20, 73, 79, 1, 0, 0.06%, 9, 0, 9, 341.29
1735373482, 20, 74, 79, 1, 0, 0.06%, 9, 0, 9, 389.98
1735373497, 20, 75, 79, 1, 0, 0.06%, 9, 0, 9, 344.57
1735373502, 20, 76, 79, 1, 0, 0.06%, 9, 0, 9, 363.30
1735373512, 20, 77, 79, 1, 0, 0.06%, 9, 0, 9, 440.27
1735373533, 20, 78, 79, 1, 0, 0.06%, 9, 0, 9, 373.94
1735373558, 21, 11, 79, 1, 0, 0.06%, 9, 0, 9, 286.57
1735373563, 21, 12, 79, 1, 0, 0.06%, 9, 0, 9, 300.44
1735373568, 21, 13, 79, 1, 0, 0.06%, 9, 0, 9, 274.73
1735373573, 21, 14, 79, 1, 0, 0.06%, 9, 0, 9, 305.50
1735373578, 21, 15, 79, 1, 0, 0.06%, 9, 0, 9, 314.74
1735373583, 21, 16, 79, 1, 0, 0.06%, 9, 0, 9, 284.80
1735373588, 21, 19, 79, 1, 0, 0.06%, 9, 0, 9, 321.74
1735373593, 21, 20, 79, 1, 0, 0.06%, 9, 0, 9, 344.39
1735373598, 21, 21, 79, 1, 0, 0.06%, 9, 0, 9, 337.70
1735373603, 21, 22, 79, 1, 0, 0.06%, 9, 0, 9, 345.00
1735373608, 21, 23, 79, 1, 0, 0.06%, 9, 0, 9, 337.53
1735373614, 21, 26, 79, 1, 0, 0.06%, 9, 0, 9, 321.72
1735373619, 21, 28, 79, 1, 0, 0.06%, 9, 0, 9, 331.80
1735373624, 21, 29, 79, 1, 0, 0.06%, 9, 0, 9, 345.77
1735373629, 21, 30, 79, 1, 0, 0.06%, 9, 0, 9, 310.61
1735373634, 21, 31, 79, 1, 0, 0.06%, 9, 0, 9, 349.01
1735373639, 21, 32, 79, 1, 0, 0.06%, 9, 0, 9, 330.83
1735373644, 21, 33, 79, 1, 0, 0.06%, 9, 0, 9, 338.52
1735373649, 21, 34, 79, 1, 0, 0.06%, 9, 0, 9, 313.13
1735373654, 21, 35, 79, 1, 0, 0.06%, 9, 0, 9, 321.50
1735373659, 21, 36, 79, 1, 0, 0.06%, 9, 0, 9, 302.41
1735373664, 21, 38, 79, 1, 0, 0.06%, 9, 0, 9, 335.15
1735373669, 21, 41, 79, 1, 0, 0.06%, 9, 0, 9, 314.93
1735373674, 21, 43, 79, 1, 0, 0.06%, 9, 0, 9, 341.42
1735373685, 21, 47, 79, 1, 0, 0.06%, 9, 0, 9, 380.79
1735373690, 21, 48, 79, 1, 0, 0.06%, 9, 0, 9, 340.62
1735373700, 21, 49, 79, 1, 0, 0.06%, 9, 0, 9, 358.14
1735373705, 21, 50, 79, 1, 0, 0.06%, 9, 0, 9, 337.91
1735373715, 21, 51, 79, 1, 0, 0.06%, 9, 0, 9, 360.95
1735373720, 21, 52, 79, 1, 0, 0.06%, 9, 0, 9, 338.59
1735373730, 21, 53, 79, 1, 0, 0.06%, 9, 0, 9, 378.27
1735373735, 21, 54, 79, 1, 0, 0.06%, 9, 0, 9, 346.61
1735373745, 21, 55, 79, 1, 0, 0.06%, 9, 0, 9, 333.25
1735373750, 21, 57, 79, 1, 0, 0.06%, 9, 0, 9, 356.91
1735373755, 21, 58, 79, 1, 0, 0.06%, 9, 0, 9, 334.52
1735373761, 21, 59, 79, 1, 0, 0.06%, 9, 0, 9, 386.75
1735373771, 21, 60, 79, 1, 0, 0.06%, 9, 0, 9, 368.56
1735373781, 21, 61, 79, 1, 0, 0.06%, 9, 0, 9, 313.93
1735373786, 21, 62, 79, 1, 0, 0.06%, 9, 0, 9, 333.83
1735373791, 21, 63, 79, 1, 0, 0.06%, 9, 0, 9, 385.68
1735373796, 21, 64, 79, 1, 0, 0.06%, 9, 0, 9, 334.83
1735373806, 21, 65, 79, 1, 0, 0.06%, 9, 0, 9, 389.02
1735373812, 21, 66, 79, 1, 0, 0.06%, 9, 0, 9, 377.49
1735373822, 21, 67, 79, 1, 0, 0.06%, 9, 0, 9, 379.75
1735373832, 21, 68, 79, 1, 0, 0.06%, 9, 0, 9, 331.88
1735373842, 21, 69, 79, 1, 0, 0.06%, 9, 0, 9, 306.00
1735373852, 21, 70, 79, 1, 0, 0.06%, 9, 0, 9, 290.97
1735373863, 21, 71, 79, 1, 0, 0.06%, 9, 0, 9, 369.85
1735373868, 21, 72, 79, 1, 0, 0.06%, 9, 0, 9, 369.83
1735373873, 21, 73, 79, 1, 0, 0.06%, 9, 0, 9, 346.08
1735373888, 21, 74, 79, 1, 0, 0.06%, 9, 0, 9, 394.20
1735373898, 21, 75, 79, 1, 0, 0.06%, 9, 0, 9, 324.01
1735373908, 21, 76, 79, 1, 0, 0.06%, 9, 0, 9, 373.46
1735373913, 21, 77, 79, 1, 0, 0.06%, 9, 0, 9, 322.92
1735373923, 21, 78, 79, 1, 0, 0.06%, 9, 0, 9, 429.33
1735373949, 22, 12, 79, 1, 0, 0.06%, 9, 0, 9, 329.85
1735373954, 22, 13, 79, 1, 0, 0.06%, 9, 0, 9, 291.89
1735373959, 22, 14, 79, 1, 0, 0.06%, 9, 0, 9, 310.02
1735373964, 22, 15, 79, 1, 0, 0.06%, 9, 0, 9, 333.59
1735373969, 22, 16, 79, 1, 0, 0.06%, 9, 0, 9, 305.86
1735373974, 22, 19, 79, 1, 0, 0.06%, 9, 0, 9, 303.42
1735373979, 22, 20, 79, 1, 0, 0.06%, 9, 0, 9, 351.68
1735373984, 22, 21, 79, 1, 0, 0.06%, 9, 0, 9, 361.19
1735373989, 22, 22, 79, 1, 0, 0.06%, 9, 0, 9, 346.03
1735373994, 22, 23, 79, 1, 0, 0.06%, 9, 0, 9, 337.07
1735374000, 22, 26, 79, 1, 0, 0.06%, 9, 0, 9, 325.96
1735374005, 22, 27, 79, 1, 0, 0.06%, 9, 0, 9, 344.63
1735374010, 22, 29, 79, 1, 0, 0.06%, 9, 0, 9, 305.52
1735374015, 22, 30, 79, 1, 0, 0.06%, 9, 0, 9, 317.14
1735374020, 22, 31, 79, 1, 0, 0.06%, 9, 0, 9, 352.17
1735374025, 22, 32, 79, 1, 0, 0.06%, 9, 0, 9, 339.03
1735374030, 22, 33, 79, 1, 0, 0.06%, 9, 0, 9, 327.78
1735374035, 22, 34, 79, 1, 0, 0.06%, 9, 0, 9, 315.40
1735374040, 22, 35, 79, 1, 0, 0.06%, 9, 0, 9, 331.29
1735374045, 22, 36, 79, 1, 0, 0.06%, 9, 0, 9, 326.21
1735374050, 22, 37, 79, 1, 0, 0.06%, 9, 0, 9, 318.96
1735374055, 22, 38, 79, 1, 0, 0.06%, 9, 0, 9, 328.84
1735374060, 22, 41, 79, 1, 0, 0.06%, 9, 0, 9, 339.35
1735374066, 22, 43, 79, 1, 0, 0.06%, 9, 0, 9, 375.21
1735374071, 22, 47, 79, 1, 0, 0.06%, 9, 0, 9, 378.82
1735374076, 22, 48, 79, 1, 0, 0.06%, 9, 0, 9, 308.01
1735374086, 22, 49, 79, 1, 0, 0.06%, 9, 0, 9, 376.94
1735374091, 22, 50, 79, 1, 0, 0.06%, 9, 0, 9, 328.48
1735374101, 22, 51, 79, 1, 0, 0.06%, 9, 0, 9, 356.54
1735374106, 22, 52, 79, 1, 0, 0.06%, 9, 0, 9, 319.53
1735374116, 22, 53, 79, 1, 0, 0.06%, 9, 0, 9, 359.59
1735374127, 22, 54, 79, 1, 0, 0.06%, 9, 0, 9, 365.28
1735374132, 22, 55, 79, 1, 0, 0.06%, 9, 0, 9, 351.36
1735374137, 22, 56, 79, 1, 0, 0.06%, 9, 0, 9, 335.73
1735374142, 22, 57, 79, 1, 0, 0.06%, 9, 0, 9, 320.83
1735374147, 22, 58, 79, 1, 0, 0.06%, 9, 0, 9, 346.21
1735374152, 22, 59, 79, 1, 0, 0.06%, 9, 0, 9, 288.29
1735374162, 22, 60, 79, 1, 0, 0.06%, 9, 0, 9, 349.20
1735374167, 22, 61, 79, 1, 0, 0.06%, 9, 0, 9, 318.18
1735374172, 22, 62, 79, 1, 0, 0.06%, 9, 0, 9, 376.56
1735374177, 22, 63, 79, 1, 0, 0.06%, 9, 0, 9, 332.09
1735374187, 22, 64, 79, 1, 0, 0.06%, 9, 0, 9, 381.31
1735374193, 22, 65, 79, 1, 0, 0.06%, 9, 0, 9, 342.32
1735374203, 22, 66, 79, 1, 0, 0.06%, 9, 0, 9, 344.63
1735374213, 22, 67, 79, 1, 0, 0.06%, 9, 0, 9, 298.39
1735374223, 22, 68, 79, 1, 0, 0.06%, 9, 0, 9, 331.52
1735374234, 22, 69, 79, 1, 0, 0.06%, 9, 0, 9, 363.61
1735374244, 22, 70, 79, 1, 0, 0.06%, 9, 0, 9, 266.09
1735374254, 22, 71, 79, 1, 0, 0.06%, 9, 0, 9, 360.35
1735374259, 22, 72, 79, 1, 0, 0.06%, 9, 0, 9, 348.52
1735374264, 22, 75, 79, 1, 0, 0.06%, 9, 0, 9, 329.29
1735374274, 22, 76, 79, 1, 0, 0.06%, 9, 0, 9, 369.35
1735374279, 22, 77, 79, 1, 0, 0.06%, 9, 0, 9, 338.52
1735374289, 22, 78, 79, 1, 0, 0.06%, 9, 0, 9, 342.96
1735374294, 23, 11, 79, 1, 0, 0.06%, 9, 0, 9, 311.98
1735374300, 23, 13, 79, 1, 0, 0.06%, 9, 0, 9, 313.77
1735374305, 23, 14, 79, 1, 0, 0.06%, 9, 0, 9, 296.63
1735374310, 23, 15, 79, 1, 0, 0.06%, 9, 0, 9, 336.57
1735374315, 23, 16, 79, 1, 0, 0.06%, 9, 0, 9, 305.83
1735374320, 23, 18, 79, 1, 0, 0.06%, 9, 0, 9, 331.61
1735374325, 23, 19, 79, 1, 0, 0.06%, 9, 0, 9, 343.31
1735374330, 23, 20, 79, 1, 0, 0.06%, 9, 0, 9, 319.13
1735374335, 23, 22, 79, 1, 0, 0.06%, 9, 0, 9, 326.13
1735374340, 23, 23, 79, 1, 0, 0.06%, 9, 0, 9, 370.95
1735374345, 23, 26, 79, 1, 0, 0.06%, 9, 0, 9, 355.19
1735374350, 23, 27, 79, 1, 0, 0.06%, 9, 0, 9, 355.25
1735374355, 23, 28, 79, 1, 0, 0.06%, 9, 0, 9, 314.48
1735374361, 23, 29, 79, 1, 0, 0.06%, 9, 0, 9, 324.17
1735374366, 23, 30, 79, 1, 0, 0.06%, 9, 0, 9, 296.79
1735374371, 23, 31, 79, 1, 0, 0.06%, 9, 0, 9, 333.27
1735374376, 23, 33, 79, 1, 0, 0.06%, 9, 0, 9, 347.97
1735374381, 23, 34, 79, 1, 0, 0.06%, 9, 0, 9, 334.50
1735374386, 23, 36, 79, 1, 0, 0.06%, 9, 0, 9, 353.11
1735374391, 23, 38, 79, 1, 0, 0.06%, 9, 0, 9, 347.98
1735374396, 23, 43, 79, 1, 0, 0.06%, 9, 0, 9, 327.05
1735374401, 23, 47, 79, 1, 0, 0.06%, 9, 0, 9, 326.06
1735374411, 23, 48, 79, 1, 0, 0.06%, 9, 0, 9, 364.96
1735374416, 23, 49, 79, 1, 0, 0.06%, 9, 0, 9, 296.67
1735374426, 23, 50, 79, 1, 0, 0.06%, 9, 0, 9, 380.51
1735374431, 23, 51, 79, 1, 0, 0.06%, 9, 0, 9, 361.38
1735374442, 23, 52, 79, 1, 0, 0.06%, 9, 0, 9, 374.84
1735374447, 23, 53, 79, 1, 0, 0.06%, 9, 0, 9, 333.25
1735374457, 23, 54, 79, 1, 0, 0.06%, 9, 0, 9, 359.60
1735374462, 23, 55, 79, 1, 0, 0.06%, 9, 0, 9, 385.39
1735374467, 23, 56, 79, 1, 0, 0.06%, 9, 0, 9, 357.09
1735374472, 23, 57, 79, 1, 0, 0.06%, 9, 0, 9, 356.33
1735374477, 23, 58, 79, 1, 0, 0.06%, 9, 0, 9, 344.65
1735374482, 23, 59, 79, 1, 0, 0.06%, 9, 0, 9, 326.66
1735374492, 23, 60, 79, 1, 0, 0.06%, 9, 0, 9, 355.62
1735374498, 23, 61, 79, 1, 0, 0.06%, 9, 0, 9, 315.54
1735374503, 23, 62, 79, 1, 0, 0.06%, 9, 0, 9, 363.78
1735374513, 23, 63, 79, 1, 0, 0.06%, 9, 0, 9, 367.51
1735374518, 23, 64, 79, 1, 0, 0.06%, 9, 0, 9, 390.51
1735374523, 23, 65, 79, 1, 0, 0.06%, 9, 0, 9, 379.26
1735374533, 23, 66, 79, 1, 0, 0.06%, 9, 0, 9, 378.23
1735374543, 23, 67, 79, 1, 0, 0.06%, 9, 0, 9, 323.97
