# unix_time, cycles_done, cur_path, paths_total, pending_total, pending_favs, map_size, unique_crashes, unique_hangs, max_depth, execs_per_sec
1735611642, 0, 0, 10, 10, 1, 0.00%, 0, 0, 1, 175.05
1735611648, 0, 2, 10, 10, 1, 0.00%, 0, 0, 1, 203.63
1735611653, 0, 3, 10, 9, 0, 0.00%, 0, 0, 1, 210.49
1735611658, 0, 4, 10, 8, 0, 0.00%, 0, 0, 1, 205.68
1735611668, 0, 5, 10, 7, 0, 0.00%, 0, 0, 1, 209.31
1735611673, 0, 6, 10, 6, 0, 0.00%, 0, 0, 1, 198.27
1735611683, 0, 7, 10, 5, 0, 0.00%, 0, 0, 1, 210.46
1735611688, 0, 8, 10, 4, 0, 0.00%, 0, 0, 1, 195.62
1735611698, 0, 9, 10, 3, 0, 0.00%, 0, 0, 1, 211.12
1735611703, 1, 0, 10, 2, 0, 0.00%, 0, 0, 1, 194.28
1735611713, 1, 1, 10, 1, 0, 0.00%, 0, 0, 1, 212.77
1735611723, 1, 2, 10, 0, 0, 0.00%, 0, 0, 1, 209.45
1735611734, 1, 4, 10, 0, 0, 0.00%, 0, 0, 1, 210.33
1735611739, 1, 5, 10, 0, 0, 0.00%, 0, 0, 1, 209.40
1735611744, 1, 6, 10, 0, 0, 0.00%, 0, 0, 1, 209.13
1735611749, 1, 8, 11, 1, 0, 0.05%, 1, 0, 2, 206.72
1735611754, 1, 10, 11, 1, 1, 0.05%, 1, 0, 2, 215.72
1735611795, 2, 10, 11, 0, 0, 0.05%, 1, 0, 2, 231.66
1735611805, 3, 10, 12, 1, 0, 0.05%, 2, 0, 3, 256.37
1735611815, 3, 11, 13, 2, 1, 0.05%, 2, 0, 4, 255.29
1735611820, 3, 11, 15, 4, 1, 0.05%, 3, 0, 4, 271.92
1735611830, 3, 11, 16, 5, 1, 0.05%, 3, 0, 4, 275.89
1735611846, 3, 11, 18, 7, 1, 0.05%, 4, 0, 4, 279.50
1735611851, 3, 11, 19, 8, 1, 0.06%, 5, 0, 4, 279.64
1735611876, 3, 11, 20, 9, 1, 0.06%, 6, 0, 4, 274.65
1735611912, 3, 18, 22, 10, 4, 0.06%, 8, 0, 5, 377.00
1735611917, 3, 18, 24, 12, 4, 0.06%, 8, 0, 5, 453.85
1735611943, 3, 18, 25, 13, 4, 0.06%, 8, 0, 5, 469.85
1735611948, 3, 18, 26, 14, 4, 0.06%, 8, 0, 5, 471.37
1735611968, 3, 18, 27, 15, 4, 0.06%, 8, 0, 5, 463.32
1735611983, 3, 18, 30, 18, 4, 0.06%, 8, 0, 5, 309.78
1735611999, 3, 21, 32, 19, 5, 0.06%, 9, 0, 6, 373.54
1735612014, 3, 21, 33, 20, 5, 0.06%, 9, 0, 6, 475.48
1735612019, 3, 21, 34, 21, 5, 0.06%, 9, 0, 6, 480.24
1735612034, 3, 21, 35, 22, 5, 0.06%, 9, 0, 6, 468.94
1735612065, 3, 32, 38, 24, 5, 0.06%, 9, 0, 7, 446.07
1735612085, 3, 32, 40, 26, 5, 0.06%, 9, 0, 7, 439.73
1735612095, 3, 32, 41, 27, 5, 0.06%, 9, 0, 7, 447.95
1735612111, 3, 32, 42, 28, 5, 0.06%, 9, 0, 7, 443.77
1735612116, 3, 32, 43, 29, 5, 0.06%, 9, 0, 7, 439.85
1735612131, 3, 32, 44, 30, 5, 0.06%, 9, 0, 7, 285.42
1735612136, 3, 32, 45, 31, 5, 0.06%, 9, 0, 7, 267.08
1735612141, 3, 42, 45, 30, 5, 0.06%, 9, 0, 7, 409.89
1735612146, 3, 42, 46, 31, 5, 0.06%, 9, 0, 8, 452.97
1735612167, 3, 43, 47, 31, 5, 0.06%, 9, 0, 8, 414.04
1735612172, 3, 43, 49, 33, 5, 0.06%, 9, 0, 8, 382.90
1735612237, 3, 44, 49, 32, 5, 0.06%, 9, 0, 8, 305.78
1735612242, 3, 44, 50, 33, 5, 0.06%, 9, 0, 8, 455.14
1735612262, 4, 30, 50, 32, 5, 0.06%, 9, 0, 8, 342.56
1735612273, 4, 30, 51, 33, 5, 0.06%, 9, 0, 8, 391.96
1735612278, 4, 30, 52, 34, 5, 0.06%, 9, 0, 8, 308.96
1735612283, 4, 33, 52, 33, 4, 0.06%, 9, 0, 8, 425.87
1735612288, 4, 33, 53, 34, 4, 0.06%, 9, 0, 8, 459.97
1735612293, 4, 33, 54, 35, 4, 0.06%, 9, 0, 8, 459.03
1735612308, 4, 33, 55, 36, 4, 0.06%, 9, 0, 8, 460.95
1735612359, 4, 50, 55, 35, 4, 0.06%, 9, 0, 8, 343.28
1735612410, 4, 50, 59, 39, 4, 0.06%, 9, 0, 8, 486.91
1735612426, 4, 50, 60, 40, 4, 0.06%, 9, 0, 8, 490.89
1735612700, 5, 17, 60, 39, 4, 0.06%, 9, 0, 8, 296.78
1735612716, 5, 18, 60, 38, 3, 0.06%, 9, 0, 8, 316.30
1735612726, 5, 20, 62, 40, 3, 0.06%, 9, 0, 8, 291.23
1735612746, 5, 42, 62, 39, 2, 0.06%, 9, 0, 8, 328.53
1735612751, 5, 44, 62, 39, 2, 0.06%, 9, 0, 8, 351.20
1735612756, 5, 44, 63, 40, 2, 0.06%, 9, 0, 8, 318.16
1735612761, 5, 45, 63, 40, 2, 0.06%, 9, 0, 8, 400.78
1735612772, 5, 45, 64, 41, 2, 0.06%, 9, 0, 9, 481.71
1735612797, 5, 49, 64, 40, 2, 0.06%, 9, 0, 9, 314.86
1735612818, 5, 49, 65, 41, 2, 0.06%, 9, 0, 9, 483.29
1735612843, 5, 60, 65, 40, 2, 0.06%, 9, 0, 9, 284.23
1735613239, 5, 60, 66, 41, 2, 0.06%, 9, 0, 9, 346.31
1735613284, 5, 62, 66, 40, 2, 0.06%, 9, 0, 9, 371.68
1735613340, 5, 63, 66, 39, 2, 0.06%, 9, 0, 9, 319.68
1735613412, 5, 63, 67, 40, 2, 0.06%, 9, 0, 10, 464.56
1735613453, 5, 63, 68, 41, 2, 0.06%, 9, 0, 10, 486.04
1735613468, 5, 63, 69, 42, 2, 0.06%, 9, 0, 10, 354.44
1735613478, 5, 64, 69, 41, 2, 0.06%, 9, 0, 10, 331.12
1735613483, 5, 64, 71, 43, 2, 0.06%, 9, 0, 10, 385.17
1735613621, 5, 65, 71, 42, 2, 0.06%, 9, 0, 10, 467.59
1735613812, 5, 68, 71, 41, 2, 0.06%, 9, 0, 10, 419.02
1735613909, 6, 18, 71, 40, 2, 0.06%, 9, 0, 10, 383.77
1735613919, 6, 20, 71, 40, 2, 0.06%, 9, 0, 10, 374.05
1735613924, 6, 22, 71, 40, 2, 0.06%, 9, 0, 10, 310.07
1735613944, 6, 23, 71, 39, 2, 0.06%, 9, 0, 10, 422.09
1735613960, 6, 24, 71, 38, 2, 0.06%, 9, 0, 10, 443.66
1735613980, 6, 25, 71, 37, 2, 0.06%, 9, 0, 10, 413.67
1735614000, 6, 26, 71, 36, 2, 0.06%, 9, 0, 10, 426.00
1735614026, 6, 27, 71, 35, 2, 0.06%, 9, 0, 10, 325.26
1735614046, 6, 28, 71, 34, 2, 0.06%, 9, 0, 10, 357.87
1735614067, 6, 29, 71, 33, 2, 0.06%, 9, 0, 10, 337.22
1735614082, 6, 60, 71, 32, 2, 0.06%, 9, 0, 10, 376.18
1735614102, 6, 61, 71, 32, 2, 0.06%, 9, 0, 10, 426.35
1735614128, 6, 61, 73, 34, 2, 0.06%, 9, 0, 10, 486.02
1735614240, 6, 62, 73, 33, 2, 0.06%, 9, 0, 10, 344.93
1735614255, 6, 63, 73, 33, 2, 0.06%, 9, 0, 10, 388.50
1735614270, 6, 64, 73, 33, 2, 0.06%, 9, 0, 10, 384.87
1735614280, 6, 65, 73, 33, 2, 0.06%, 9, 0, 10, 380.62
1735614296, 6, 66, 73, 33, 2, 0.06%, 9, 0, 10, 439.73
1735614311, 6, 66, 74, 34, 2, 0.06%, 9, 0, 11, 493.99
1735614383, 6, 67, 74, 33, 2, 0.06%, 9, 0, 11, 261.99
1735614582, 6, 68, 74, 32, 2, 0.06%, 9, 0, 11, 329.65
1735614654, 6, 69, 74, 32, 2, 0.06%, 9, 0, 11, 354.97
1735614766, 6, 70, 74, 31, 2, 0.06%, 9, 0, 11, 347.15
1735614883, 6, 71, 74, 30, 2, 0.06%, 9, 0, 11, 366.19
1735614986, 6, 72, 74, 29, 2, 0.06%, 9, 0, 11, 310.75
1735615098, 6, 73, 74, 28, 2, 0.06%, 9, 0, 11, 440.39
1735615185, 7, 11, 74, 27, 2, 0.06%, 9, 0, 11, 285.42
1735615191, 7, 12, 74, 27, 2, 0.06%, 9, 0, 11, 347.07
1735615206, 7, 13, 74, 26, 2, 0.06%, 9, 0, 11, 378.07
1735615226, 7, 14, 74, 25, 2, 0.06%, 9, 0, 11, 295.37
1735615247, 7, 15, 74, 24, 1, 0.06%, 9, 0, 11, 419.61
1735615267, 7, 17, 74, 23, 1, 0.06%, 9, 0, 11, 332.10
1735615277, 7, 18, 74, 23, 1, 0.06%, 9, 0, 11, 339.73
1735615282, 7, 19, 74, 23, 1, 0.06%, 9, 0, 11, 308.57
1735615302, 7, 20, 74, 22, 0, 0.06%, 9, 0, 11, 363.44
1735615313, 7, 21, 74, 22, 0, 0.06%, 9, 0, 11, 346.91
1735615318, 7, 22, 74, 22, 0, 0.06%, 9, 0, 11, 375.57
1735615328, 7, 23, 74, 22, 0, 0.06%, 9, 0, 11, 374.54
1735615338, 7, 24, 74, 22, 0, 0.06%, 9, 0, 11, 344.55
1735615348, 7, 25, 74, 22, 0, 0.06%, 9, 0, 11, 341.51
1735615353, 7, 26, 74, 22, 0, 0.06%, 9, 0, 11, 355.27
1735615363, 7, 27, 74, 22, 0, 0.06%, 9, 0, 11, 372.79
1735615373, 7, 28, 74, 22, 0, 0.06%, 9, 0, 11, 335.59
1735615378, 7, 29, 74, 22, 0, 0.06%, 9, 0, 11, 300.51
1735615389, 7, 30, 74, 22, 0, 0.06%, 9, 0, 11, 351.34
1735615399, 7, 31, 74, 22, 0, 0.06%, 9, 0, 11, 443.96
1735615414, 7, 32, 74, 21, 0, 0.06%, 9, 0, 11, 433.08
1735615435, 7, 33, 74, 21, 0, 0.06%, 9, 0, 11, 351.97
1735615440, 7, 34, 74, 21, 0, 0.06%, 9, 0, 11, 326.12
1735615465, 7, 35, 74, 20, 0, 0.06%, 9, 0, 11, 346.47
1735615481, 7, 36, 74, 19, 0, 0.06%, 9, 0, 11, 320.11
1735615501, 7, 37, 74, 18, 0, 0.06%, 9, 0, 11, 329.21
1735615521, 7, 38, 74, 17, 0, 0.06%, 9, 0, 11, 338.89
1735615547, 7, 39, 74, 16, 0, 0.06%, 9, 0, 11, 333.06
1735615593, 7, 39, 75, 17, 0, 0.06%, 9, 0, 11, 433.56
1735615608, 7, 40, 75, 16, 0, 0.06%, 9, 0, 11, 369.59
1735615623, 7, 41, 75, 15, 0, 0.06%, 9, 0, 11, 310.09
1735615649, 7, 42, 75, 14, 0, 0.06%, 9, 0, 11, 349.51
1735615659, 7, 43, 75, 14, 0, 0.06%, 9, 0, 11, 425.79
1735615679, 7, 44, 75, 14, 0, 0.06%, 9, 0, 11, 374.79
1735615689, 7, 45, 75, 14, 0, 0.06%, 9, 0, 11, 396.62
1735615699, 7, 46, 75, 14, 0, 0.06%, 9, 0, 11, 276.03
1735615729, 7, 47, 75, 13, 0, 0.06%, 9, 0, 11, 439.72
1735615740, 7, 47, 76, 14, 0, 0.06%, 9, 0, 11, 361.95
1735615775, 7, 48, 76, 13, 0, 0.06%, 9, 0, 11, 347.67
1735615816, 7, 49, 76, 12, 0, 0.06%, 9, 0, 11, 396.02
1735615826, 7, 50, 76, 12, 0, 0.06%, 9, 0, 11, 319.88
1735616162, 7, 60, 76, 12, 0, 0.06%, 9, 0, 11, 329.17
1735616172, 7, 61, 76, 12, 0, 0.06%, 9, 0, 11, 361.71
1735616182, 7, 62, 76, 12, 0, 0.06%, 9, 0, 11, 337.76
1735616192, 7, 63, 76, 12, 0, 0.06%, 9, 0, 11, 379.76
1735616197, 7, 64, 76, 12, 0, 0.06%, 9, 0, 11, 324.45
1735616207, 7, 65, 76, 12, 0, 0.06%, 9, 0, 11, 318.13
1735616213, 7, 66, 76, 12, 0, 0.06%, 9, 0, 11, 328.89
1735616228, 7, 67, 76, 12, 0, 0.06%, 9, 0, 11, 309.72
1735616243, 7, 68, 76, 12, 0, 0.06%, 9, 0, 11, 309.03
1735616253, 7, 69, 76, 12, 0, 0.06%, 9, 0, 11, 411.12
1735616263, 7, 69, 77, 13, 0, 0.06%, 9, 0, 11, 312.76
1735616268, 7, 70, 77, 13, 0, 0.06%, 9, 0, 11, 394.66
1735616284, 7, 71, 77, 13, 0, 0.06%, 9, 0, 11, 352.88
1735616289, 7, 72, 77, 13, 0, 0.06%, 9, 0, 11, 317.89
1735616299, 7, 73, 77, 13, 0, 0.06%, 9, 0, 11, 315.68
1735616314, 7, 76, 78, 14, 0, 0.06%, 9, 0, 12, 324.72
1735616474, 7, 77, 78, 13, 0, 0.06%, 9, 0, 12, 291.83
1735616637, 8, 17, 78, 12, 0, 0.06%, 9, 0, 12, 382.90
1735616647, 8, 20, 78, 12, 0, 0.06%, 9, 0, 12, 345.43
1735616652, 8, 22, 78, 12, 0, 0.06%, 9, 0, 12, 372.70
1735616663, 8, 23, 78, 12, 0, 0.06%, 9, 0, 12, 376.72
1735616668, 8, 24, 78, 12, 0, 0.06%, 9, 0, 12, 353.59
1735616678, 8, 25, 78, 12, 0, 0.06%, 9, 0, 12, 393.62
1735616688, 8, 26, 78, 12, 0, 0.06%, 9, 0, 12, 372.12
1735616698, 8, 27, 78, 12, 0, 0.06%, 9, 0, 12, 356.14
1735616703, 8, 28, 78, 12, 0, 0.06%, 9, 0, 12, 341.97
1735616713, 8, 29, 78, 12, 0, 0.06%, 9, 0, 12, 382.39
1735616723, 8, 42, 78, 12, 0, 0.06%, 9, 0, 12, 320.17
1735616728, 8, 44, 78, 12, 0, 0.06%, 9, 0, 12, 339.14
1735616733, 8, 45, 78, 12, 0, 0.06%, 9, 0, 12, 381.56
1735616743, 8, 49, 78, 12, 0, 0.06%, 9, 0, 12, 388.41
1735616759, 8, 60, 78, 12, 0, 0.06%, 9, 0, 12, 288.57
1735616769, 8, 61, 78, 12, 0, 0.06%, 9, 0, 12, 333.35
1735616774, 8, 62, 78, 12, 0, 0.06%, 9, 0, 12, 339.39
1735616784, 8, 63, 78, 12, 0, 0.06%, 9, 0, 12, 372.39
1735616789, 8, 64, 78, 12, 0, 0.06%, 9, 0, 12, 334.92
1735616799, 8, 65, 78, 12, 0, 0.06%, 9, 0, 12, 295.12
1735616804, 8, 66, 78, 12, 0, 0.06%, 9, 0, 12, 367.12
1735616815, 8, 67, 78, 12, 0, 0.06%, 9, 0, 12, 339.75
1735616825, 8, 68, 78, 12, 0, 0.06%, 9, 0, 12, 363.94
1735616830, 8, 69, 78, 12, 0, 0.06%, 9, 0, 12, 369.00
1735616840, 8, 70, 78, 12, 0, 0.06%, 9, 0, 12, 359.96
1735616845, 8, 71, 78, 12, 0, 0.06%, 9, 0, 12, 361.71
1735616855, 8, 72, 78, 12, 0, 0.06%, 9, 0, 12, 396.23
1735616865, 8, 73, 78, 12, 0, 0.06%, 9, 0, 12, 396.77
1735616881, 8, 76, 78, 12, 0, 0.06%, 9, 0, 12, 412.87
1735616891, 8, 77, 78, 12, 0, 0.06%, 9, 0, 12, 374.30
1735616906, 9, 17, 78, 12, 0, 0.06%, 9, 0, 12, 354.81
1735616911, 9, 18, 79, 13, 0, 0.07%, 10, 0, 12, 361.18
1735616916, 9, 78, 79, 13, 1, 0.07%, 10, 0, 12, 289.12
1735616967, 10, 78, 79, 12, 0, 0.07%, 10, 0, 12, 249.53
1735616988, 11, 78, 79, 12, 0, 0.07%, 10, 0, 12, 275.45
1735616998, 12, 78, 79, 12, 0, 0.07%, 10, 0, 12, 265.41
1735617003, 13, 78, 79, 12, 0, 0.07%, 10, 0, 12, 282.93
1735617013, 14, 78, 79, 12, 0, 0.07%, 10, 0, 12, 266.28
1735617018, 15, 78, 79, 12, 0, 0.07%, 10, 0, 12, 274.81
1735617023, 16, 78, 79, 12, 0, 0.07%, 10, 0, 12, 278.30
1735617028, 17, 78, 79, 12, 0, 0.07%, 10, 0, 12, 260.27
1735617033, 18, 78, 79, 12, 0, 0.07%, 10, 0, 12, 251.68
1735617038, 19, 78, 79, 12, 0, 0.07%, 10, 0, 12, 250.93
1735617043, 20, 78, 79, 12, 0, 0.07%, 10, 0, 12, 267.83
1735617049, 21, 78, 79, 12, 0, 0.07%, 10, 0, 12, 262.01
1735617054, 22, 78, 79, 12, 0, 0.07%, 10, 0, 12, 278.38
1735617059, 23, 78, 79, 12, 0, 0.07%, 10, 0, 12, 271.65
1735617064, 24, 78, 79, 12, 0, 0.07%, 10, 0, 12, 273.06
1735617069, 25, 78, 79, 12, 0, 0.07%, 10, 0, 12, 271.40
1735617074, 26, 78, 79, 12, 0, 0.07%, 10, 0, 12, 277.46
1735617084, 27, 78, 79, 12, 0, 0.07%, 10, 0, 12, 264.93
1735617089, 28, 78, 79, 12, 0, 0.07%, 10, 0, 12, 284.77
1735617095, 29, 78, 79, 12, 0, 0.07%, 10, 0, 12, 267.62
1735617100, 29, 79, 83, 16, 1, 0.08%, 12, 0, 12, 410.61
1735617110, 29, 79, 84, 17, 1, 0.08%, 12, 0, 12, 517.92
1735617130, 29, 79, 85, 18, 1, 0.08%, 12, 0, 12, 509.98
1735617151, 29, 79, 86, 19, 1, 0.10%, 13, 0, 12, 518.89
1735617176, 29, 85, 86, 18, 2, 0.10%, 13, 0, 12, 384.65
1735617181, 29, 85, 88, 20, 2, 0.10%, 14, 0, 12, 457.87
1735617186, 29, 85, 89, 21, 2, 0.10%, 14, 0, 12, 480.24
1735617192, 29, 85, 90, 22, 2, 0.10%, 14, 0, 12, 483.32
1735617222, 29, 85, 91, 23, 2, 0.10%, 14, 0, 12, 473.21
1735617247, 29, 86, 92, 23, 2, 0.10%, 14, 0, 12, 370.12
1735617278, 29, 86, 93, 24, 2, 0.10%, 14, 0, 12, 418.97
1735617289, 29, 86, 95, 26, 2, 0.10%, 14, 0, 12, 422.97
1735617299, 29, 86, 96, 27, 2, 0.11%, 15, 0, 12, 419.55
1735617349, 29, 95, 97, 27, 2, 0.12%, 16, 0, 12, 344.61
1735617355, 29, 95, 100, 30, 2, 0.12%, 16, 0, 12, 400.48
1735617370, 29, 95, 102, 32, 2, 0.12%, 16, 0, 12, 411.24
1735617375, 29, 95, 103, 33, 2, 0.12%, 16, 0, 12, 421.44
1735617380, 29, 95, 104, 34, 2, 0.12%, 16, 0, 12, 427.18
1735617416, 29, 95, 105, 35, 2, 0.12%, 16, 0, 12, 431.82
1735617421, 29, 95, 106, 36, 2, 0.12%, 16, 0, 12, 425.83
1735617456, 29, 96, 106, 35, 2, 0.12%, 16, 0, 12, 428.34
1735617462, 29, 96, 107, 36, 2, 0.12%, 16, 0, 12, 464.29
1735617548, 29, 106, 110, 38, 1, 0.13%, 18, 0, 12, 337.22
1735617553, 29, 106, 111, 39, 1, 0.13%, 18, 0, 12, 345.66
1735617583, 29, 106, 112, 40, 1, 0.13%, 18, 0, 12, 314.55
1735617619, 29, 106, 113, 41, 1, 0.13%, 19, 0, 12, 314.22
1735617634, 29, 106, 114, 42, 1, 0.13%, 20, 0, 12, 314.03
1735617680, 29, 107, 114, 41, 4, 0.13%, 20, 0, 12, 332.02
1735617730, 29, 107, 115, 42, 4, 0.13%, 20, 0, 13, 298.52
1735617817, 29, 113, 117, 43, 3, 0.13%, 20, 0, 13, 245.32
1735617822, 29, 113, 120, 46, 3, 0.13%, 20, 0, 13, 294.23
1735617827, 29, 113, 124, 50, 3, 0.13%, 21, 0, 13, 301.29
1735617863, 29, 113, 125, 51, 3, 0.13%, 21, 0, 13, 305.01
1735617919, 29, 113, 126, 52, 3, 0.13%, 21, 0, 13, 303.63
1735617924, 30, 108, 128, 53, 3, 0.13%, 21, 0, 13, 308.74
1735617965, 30, 108, 129, 54, 3, 0.13%, 21, 0, 13, 315.17
1735618046, 30, 108, 131, 56, 3, 0.14%, 22, 0, 13, 375.59
1735618056, 30, 129, 131, 55, 4, 0.14%, 22, 0, 13, 399.39
1735618061, 30, 129, 132, 56, 4, 0.14%, 22, 0, 14, 418.55
1735618067, 30, 129, 133, 57, 4, 0.14%, 22, 0, 14, 432.46
1735618133, 30, 129, 135, 59, 4, 0.14%, 22, 0, 14, 353.63
1735618138, 30, 129, 137, 61, 4, 0.14%, 22, 0, 14, 289.55
1735618158, 31, 112, 137, 60, 3, 0.14%, 22, 0, 14, 287.69
1735618168, 31, 112, 138, 61, 3, 0.14%, 22, 0, 14, 358.94
1735618249, 31, 122, 139, 61, 2, 0.14%, 23, 0, 14, 299.47
1735618259, 31, 122, 140, 62, 2, 0.14%, 23, 0, 14, 318.17
1735618269, 31, 122, 141, 63, 2, 0.14%, 23, 0, 14, 311.68
1735618350, 31, 138, 142, 63, 2, 0.14%, 24, 0, 15, 299.98
1735618371, 31, 138, 143, 64, 2, 0.14%, 24, 0, 15, 313.90
1735618391, 31, 138, 144, 65, 2, 0.14%, 24, 0, 15, 310.03
1735618483, 31, 141, 145, 65, 2, 0.14%, 25, 0, 16, 306.54
1735618488, 31, 141, 146, 66, 2, 0.14%, 25, 0, 16, 310.64
1735618610, 31, 144, 147, 66, 2, 0.15%, 26, 0, 17, 323.23
1735618620, 31, 144, 148, 67, 2, 0.15%, 26, 0, 17, 320.27
1735618645, 31, 144, 149, 68, 2, 0.15%, 26, 0, 17, 330.17
1735618737, 31, 144, 151, 70, 2, 0.15%, 26, 0, 17, 298.31
1735618742, 31, 146, 151, 69, 2, 0.15%, 26, 0, 17, 286.59
1735618747, 31, 146, 152, 70, 2, 0.15%, 26, 0, 18, 303.70
1735618874, 31, 147, 153, 70, 1, 0.15%, 27, 0, 18, 232.79
1735618884, 31, 147, 154, 71, 1, 0.15%, 27, 0, 18, 426.87
1735618894, 31, 147, 155, 72, 1, 0.15%, 27, 0, 18, 450.90
1735618965, 31, 147, 156, 73, 1, 0.15%, 28, 0, 18, 284.78
1735618976, 31, 155, 156, 72, 3, 0.15%, 28, 0, 18, 372.69
1735618996, 31, 155, 157, 73, 3, 0.15%, 28, 0, 19, 418.12
1735619072, 31, 155, 158, 74, 3, 0.15%, 28, 0, 19, 312.50
1735619082, 32, 152, 159, 74, 2, 0.15%, 28, 0, 19, 324.94
1735619108, 32, 152, 160, 75, 2, 0.15%, 28, 0, 19, 452.86
1735619179, 33, 138, 160, 74, 1, 0.15%, 28, 0, 19, 321.85
1735619220, 33, 146, 160, 74, 1, 0.15%, 28, 0, 19, 327.47
1735619255, 33, 148, 160, 74, 1, 0.15%, 28, 0, 19, 277.28
1735619388, 33, 151, 160, 73, 1, 0.15%, 28, 0, 19, 213.97
1735619414, 33, 151, 162, 75, 1, 0.15%, 28, 0, 19, 366.80
1735619520, 33, 152, 162, 74, 1, 0.15%, 28, 0, 19, 406.72
1735619551, 33, 155, 162, 74, 1, 0.15%, 28, 0, 19, 320.20
1735619587, 33, 156, 162, 74, 1, 0.15%, 28, 0, 19, 342.36
1735619597, 33, 156, 163, 75, 1, 0.15%, 28, 0, 20, 501.94
1735619678, 33, 158, 163, 74, 1, 0.15%, 28, 0, 20, 298.92
1735619688, 33, 158, 164, 75, 1, 0.15%, 28, 0, 20, 431.12
1735619698, 33, 158, 165, 76, 1, 0.15%, 28, 0, 20, 448.35
1735619779, 34, 95, 165, 75, 1, 0.15%, 28, 0, 20, 410.19
1735619805, 34, 95, 166, 76, 1, 0.15%, 28, 0, 20, 330.98
1735619815, 34, 97, 167, 77, 1, 0.15%, 28, 0, 20, 327.34
1735619821, 34, 97, 167, 77, 1, 0.15%, 29, 0, 20, 446.55
1735619876, 34, 166, 167, 76, 2, 0.15%, 29, 0, 20, 279.46
1735619887, 34, 166, 168, 77, 2, 0.15%, 29, 0, 20, 476.06
1735619974, 34, 167, 168, 76, 1, 0.15%, 29, 0, 20, 437.35
1735619984, 34, 167, 169, 77, 1, 0.15%, 29, 0, 20, 525.01
1735620004, 34, 167, 170, 78, 1, 0.15%, 29, 0, 20, 519.75
1735620061, 34, 168, 170, 77, 1, 0.15%, 29, 0, 20, 357.20
1735620066, 34, 168, 171, 78, 1, 0.15%, 29, 0, 20, 466.43
1735620152, 34, 169, 171, 77, 1, 0.15%, 29, 0, 20, 308.94
1735620157, 34, 169, 172, 78, 1, 0.15%, 29, 0, 20, 396.03
1735620173, 34, 169, 174, 80, 1, 0.15%, 29, 0, 20, 521.58
1735620178, 34, 169, 175, 81, 1, 0.15%, 29, 0, 20, 520.13
1735620188, 34, 169, 176, 82, 1, 0.15%, 29, 0, 20, 518.85
1735620249, 34, 170, 176, 81, 1, 0.15%, 29, 0, 20, 360.56
1735620311, 35, 107, 176, 80, 1, 0.15%, 29, 0, 20, 326.01
1735620351, 35, 114, 176, 80, 1, 0.15%, 29, 0, 20, 411.73
1735620361, 35, 114, 177, 81, 1, 0.15%, 29, 0, 20, 512.88
1735620376, 35, 114, 179, 83, 1, 0.15%, 29, 0, 20, 520.79
1735620437, 35, 129, 179, 82, 1, 0.15%, 29, 0, 20, 375.03
1735620473, 35, 131, 180, 83, 1, 0.15%, 29, 0, 20, 358.29
1735620483, 35, 131, 181, 84, 1, 0.15%, 29, 0, 20, 512.22
1735620493, 35, 131, 182, 85, 1, 0.15%, 29, 0, 20, 523.98
1735620564, 35, 138, 182, 84, 1, 0.15%, 29, 0, 20, 323.61
1735620599, 35, 141, 182, 84, 1, 0.15%, 29, 0, 20, 308.43
1735620639, 35, 142, 182, 84, 1, 0.15%, 29, 0, 20, 251.89
1735620650, 35, 142, 183, 85, 1, 0.15%, 29, 0, 20, 479.11
1735620680, 35, 142, 184, 86, 1, 0.15%, 29, 0, 20, 488.30
1735620731, 35, 142, 185, 87, 1, 0.16%, 30, 0, 20, 304.39
1735620741, 35, 184, 190, 91, 2, 0.16%, 30, 0, 20, 253.34
1735620762, 35, 184, 192, 93, 2, 0.16%, 31, 0, 20, 235.21
1735620823, 35, 184, 193, 94, 2, 0.16%, 32, 0, 20, 230.81
1735620905, 35, 192, 193, 93, 2, 0.16%, 32, 0, 20, 313.48
1735620910, 35, 192, 194, 94, 2, 0.16%, 33, 0, 20, 271.53
1735620930, 35, 192, 195, 95, 2, 0.16%, 33, 0, 20, 257.97
1735620945, 35, 192, 196, 96, 2, 0.16%, 33, 0, 20, 265.12
1735621016, 35, 192, 197, 97, 2, 0.16%, 33, 0, 20, 261.39
1735621057, 35, 193, 198, 97, 2, 0.17%, 34, 0, 20, 290.95
1735621092, 35, 193, 199, 98, 2, 0.17%, 35, 0, 20, 218.34
1735621235, 35, 198, 199, 97, 3, 0.17%, 35, 0, 20, 275.87
1735621332, 36, 191, 199, 96, 2, 0.17%, 35, 0, 20, 276.48
1735621424, 36, 197, 199, 95, 1, 0.17%, 35, 0, 20, 235.36
1735621525, 37, 141, 199, 94, 0, 0.17%, 35, 0, 20, 308.66
1735621561, 37, 145, 199, 94, 0, 0.17%, 35, 0, 20, 236.31
1735621571, 37, 145, 200, 95, 0, 0.17%, 35, 0, 20, 434.70
1735621581, 37, 145, 201, 96, 0, 0.17%, 35, 0, 20, 439.31
1735621647, 37, 145, 202, 97, 0, 0.17%, 35, 0, 20, 303.90
1735621668, 37, 152, 202, 96, 0, 0.17%, 35, 0, 20, 432.82
1735621698, 37, 155, 202, 96, 0, 0.17%, 35, 0, 20, 348.68
1735621733, 37, 156, 202, 96, 0, 0.17%, 35, 0, 20, 338.84
1735621753, 37, 156, 203, 97, 0, 0.17%, 35, 0, 20, 314.52
1735621769, 37, 158, 203, 97, 0, 0.17%, 35, 0, 20, 324.08
1735621804, 37, 162, 203, 97, 0, 0.17%, 35, 0, 20, 357.11
1735621865, 37, 163, 203, 96, 0, 0.17%, 35, 0, 20, 277.41
1735621952, 37, 164, 203, 95, 0, 0.17%, 35, 0, 20, 251.02
1735621982, 37, 164, 204, 96, 0, 0.17%, 35, 0, 21, 432.01
1735622058, 37, 165, 204, 95, 0, 0.17%, 35, 0, 21, 382.49
1735622119, 37, 176, 204, 94, 0, 0.17%, 35, 0, 21, 410.53
1735622195, 37, 177, 204, 93, 0, 0.17%, 35, 0, 21, 372.82
1735622261, 37, 178, 205, 93, 0, 0.17%, 35, 0, 21, 348.13
1735622327, 37, 179, 205, 92, 0, 0.17%, 35, 0, 21, 371.58
1735622393, 37, 180, 205, 91, 0, 0.17%, 35, 0, 21, 408.67
1735622403, 37, 180, 206, 92, 0, 0.17%, 35, 0, 21, 512.86
