# unix_time, cycles_done, cur_path, paths_total, pending_total, pending_favs, map_size, unique_crashes, unique_hangs, max_depth, execs_per_sec
1735698042, 0, 0, 10, 10, 1, 0.00%, 0, 0, 1, 174.67
1735698048, 0, 3, 10, 10, 1, 0.00%, 0, 0, 1, 204.52
1735698053, 0, 4, 10, 9, 0, 0.00%, 0, 0, 1, 210.07
1735698058, 0, 5, 10, 8, 0, 0.00%, 0, 0, 1, 204.20
1735698068, 0, 6, 10, 7, 0, 0.00%, 0, 0, 1, 205.19
1735698073, 0, 7, 10, 6, 0, 0.00%, 0, 0, 1, 195.66
1735698083, 0, 8, 10, 5, 0, 0.00%, 0, 0, 1, 210.47
1735698089, 0, 9, 10, 4, 0, 0.00%, 0, 0, 1, 195.38
1735698099, 1, 0, 10, 3, 0, 0.00%, 0, 0, 1, 206.27
1735698104, 1, 1, 10, 2, 0, 0.00%, 0, 0, 1, 210.52
1735698114, 1, 2, 10, 1, 0, 0.00%, 0, 0, 1, 199.87
1735698124, 1, 3, 10, 0, 0, 0.00%, 0, 0, 1, 196.32
1735698135, 1, 4, 10, 0, 0, 0.00%, 0, 0, 1, 210.67
1735698140, 1, 5, 10, 0, 0, 0.00%, 0, 0, 1, 210.41
1735698145, 1, 7, 10, 0, 0, 0.00%, 0, 0, 1, 212.47
1735698150, 1, 8, 10, 0, 0, 0.00%, 0, 0, 1, 210.62
1735698155, 2, 0, 10, 0, 0, 0.00%, 0, 0, 1, 213.05
1735698160, 2, 1, 10, 0, 0, 0.00%, 0, 0, 1, 213.31
1735698165, 2, 3, 10, 0, 0, 0.00%, 0, 0, 1, 209.91
1735698170, 2, 4, 10, 0, 0, 0.00%, 0, 0, 1, 208.68
1735698175, 2, 5, 10, 0, 0, 0.00%, 0, 0, 1, 210.00
1735698180, 2, 7, 10, 0, 0, 0.00%, 0, 0, 1, 209.61
1735698185, 2, 8, 10, 0, 0, 0.00%, 0, 0, 1, 211.69
1735698190, 3, 0, 10, 0, 0, 0.00%, 0, 0, 1, 208.71
1735698196, 3, 1, 10, 0, 0, 0.00%, 0, 0, 1, 211.63
1735698201, 3, 3, 10, 0, 0, 0.00%, 0, 0, 1, 209.35
1735698206, 3, 4, 10, 0, 0, 0.00%, 0, 0, 1, 210.53
1735698211, 3, 5, 10, 0, 0, 0.00%, 0, 0, 1, 214.28
1735698216, 3, 7, 10, 0, 0, 0.00%, 0, 0, 1, 210.38
1735698221, 3, 8, 10, 0, 0, 0.00%, 0, 0, 1, 211.54
1735698226, 4, 0, 10, 0, 0, 0.00%, 0, 0, 1, 209.75
1735698231, 4, 1, 10, 0, 0, 0.00%, 0, 0, 1, 210.71
1735698236, 4, 3, 10, 0, 0, 0.00%, 0, 0, 1, 210.24
1735698241, 4, 4, 10, 0, 0, 0.00%, 0, 0, 1, 212.57
1735698246, 4, 5, 10, 0, 0, 0.00%, 0, 0, 1, 209.90
1735698251, 4, 7, 10, 0, 0, 0.00%, 0, 0, 1, 209.93
1735698256, 4, 8, 10, 0, 0, 0.00%, 0, 0, 1, 210.61
1735698261, 5, 0, 10, 0, 0, 0.00%, 0, 0, 1, 210.32
1735698266, 5, 1, 10, 0, 0, 0.00%, 0, 0, 1, 206.91
1735698271, 5, 2, 10, 0, 0, 0.00%, 0, 0, 1, 210.68
1735698276, 5, 4, 10, 0, 0, 0.00%, 0, 0, 1, 210.57
1735698281, 5, 5, 10, 0, 0, 0.00%, 0, 0, 1, 206.42
1735698286, 5, 7, 10, 0, 0, 0.00%, 0, 0, 1, 206.82
1735698292, 5, 8, 10, 0, 0, 0.00%, 0, 0, 1, 209.37
1735698297, 5, 9, 10, 0, 0, 0.00%, 0, 0, 1, 209.03
1735698302, 6, 1, 10, 0, 0, 0.00%, 0, 0, 1, 210.42
1735698307, 6, 2, 10, 0, 0, 0.00%, 0, 0, 1, 209.71
1735698312, 6, 4, 10, 0, 0, 0.00%, 0, 0, 1, 208.59
1735698317, 6, 5, 10, 0, 0, 0.00%, 0, 0, 1, 207.80
1735698322, 6, 7, 10, 0, 0, 0.00%, 0, 0, 1, 210.09
1735698327, 6, 8, 10, 0, 0, 0.00%, 0, 0, 1, 213.69
1735698332, 6, 9, 10, 0, 0, 0.00%, 0, 0, 1, 210.54
1735698337, 7, 1, 10, 0, 0, 0.00%, 0, 0, 1, 210.29
1735698342, 7, 2, 10, 0, 0, 0.00%, 0, 0, 1, 212.05
1735698348, 7, 4, 10, 0, 0, 0.00%, 0, 0, 1, 209.41
1735698353, 7, 5, 10, 0, 0, 0.00%, 0, 0, 1, 209.99
1735698358, 7, 7, 10, 0, 0, 0.00%, 0, 0, 1, 206.81
1735698363, 7, 8, 10, 0, 0, 0.00%, 0, 0, 1, 209.52
1735698368, 7, 9, 10, 0, 0, 0.00%, 0, 0, 1, 207.07
1735698373, 8, 1, 10, 0, 0, 0.00%, 0, 0, 1, 209.35
1735698378, 8, 2, 10, 0, 0, 0.00%, 0, 0, 1, 212.09
1735698383, 8, 4, 10, 0, 0, 0.00%, 0, 0, 1, 208.95
1735698388, 8, 5, 10, 0, 0, 0.00%, 0, 0, 1, 208.99
1735698393, 8, 7, 10, 0, 0, 0.00%, 0, 0, 1, 209.74
1735698398, 8, 8, 10, 0, 0, 0.00%, 0, 0, 1, 209.57
1735698404, 8, 9, 10, 0, 0, 0.00%, 0, 0, 1, 212.02
1735698409, 9, 1, 10, 0, 0, 0.00%, 0, 0, 1, 210.48
1735698414, 9, 2, 10, 0, 0, 0.00%, 0, 0, 1, 211.19
1735698419, 9, 4, 10, 0, 0, 0.00%, 0, 0, 1, 207.04
1735698424, 9, 5, 10, 0, 0, 0.00%, 0, 0, 1, 209.24
1735698429, 9, 6, 10, 0, 0, 0.00%, 0, 0, 1, 206.45
1735698434, 9, 8, 10, 0, 0, 0.00%, 0, 0, 1, 208.94
1735698439, 9, 9, 10, 0, 0, 0.00%, 0, 0, 1, 208.96
1735698444, 10, 1, 10, 0, 0, 0.00%, 0, 0, 1, 203.54
1735698449, 10, 2, 10, 0, 0, 0.00%, 0, 0, 1, 209.73
1735698454, 10, 4, 10, 0, 0, 0.00%, 0, 0, 1, 207.15
1735698459, 10, 5, 10, 0, 0, 0.00%, 0, 0, 1, 211.88
1735698464, 10, 6, 10, 0, 0, 0.00%, 0, 0, 1, 214.22
1735698469, 10, 8, 10, 0, 0, 0.00%, 0, 0, 1, 208.15
1735698474, 10, 9, 10, 0, 0, 0.00%, 0, 0, 1, 212.93
1735698479, 11, 1, 10, 0, 0, 0.00%, 0, 0, 1, 210.33
1735698484, 11, 2, 10, 0, 0, 0.00%, 0, 0, 1, 210.48
1735698490, 11, 3, 10, 0, 0, 0.00%, 0, 0, 1, 209.32
1735698495, 11, 5, 10, 0, 0, 0.00%, 0, 0, 1, 209.53
1735698500, 11, 6, 10, 0, 0, 0.00%, 0, 0, 1, 209.09
1735698505, 11, 8, 10, 0, 0, 0.00%, 0, 0, 1, 206.87
1735698510, 11, 9, 10, 0, 0, 0.00%, 0, 0, 1, 207.49
1735698515, 12, 0, 10, 0, 0, 0.00%, 0, 0, 1, 209.36
1735698520, 12, 2, 10, 0, 0, 0.00%, 0, 0, 1, 207.81
1735698525, 12, 3, 10, 0, 0, 0.00%, 0, 0, 1, 205.94
1735698530, 12, 5, 10, 0, 0, 0.00%, 0, 0, 1, 208.47
1735698535, 12, 6, 10, 0, 0, 0.00%, 0, 0, 1, 206.04
1735698540, 12, 8, 10, 0, 0, 0.00%, 0, 0, 1, 209.71
1735698545, 12, 9, 10, 0, 0, 0.00%, 0, 0, 1, 212.51
1735698550, 13, 0, 10, 0, 0, 0.00%, 0, 0, 1, 209.77
1735698555, 13, 2, 10, 0, 0, 0.00%, 0, 0, 1, 209.94
1735698560, 13, 3, 10, 0, 0, 0.00%, 0, 0, 1, 211.10
1735698566, 13, 5, 10, 0, 0, 0.00%, 0, 0, 1, 208.05
1735698571, 13, 6, 10, 0, 0, 0.00%, 0, 0, 1, 209.92
1735698576, 13, 8, 10, 0, 0, 0.00%, 0, 0, 1, 208.75
1735698581, 13, 9, 10, 0, 0, 0.00%, 0, 0, 1, 212.27
1735698586, 14, 0, 10, 0, 0, 0.00%, 0, 0, 1, 207.84
1735698591, 14, 2, 10, 0, 0, 0.00%, 0, 0, 1, 209.83
1735698596, 14, 3, 10, 0, 0, 0.00%, 0, 0, 1, 210.63
1735698601, 14, 5, 10, 0, 0, 0.00%, 0, 0, 1, 209.82
1735698606, 14, 6, 10, 0, 0, 0.00%, 0, 0, 1, 207.58
1735698612, 14, 8, 10, 0, 0, 0.00%, 0, 0, 1, 209.28
1735698617, 14, 9, 10, 0, 0, 0.00%, 0, 0, 1, 211.46
1735698622, 15, 0, 10, 0, 0, 0.00%, 0, 0, 1, 207.42
1735698627, 15, 2, 10, 0, 0, 0.00%, 0, 0, 1, 211.09
1735698632, 15, 3, 10, 0, 0, 0.00%, 0, 0, 1, 208.98
1735698637, 15, 5, 10, 0, 0, 0.00%, 0, 0, 1, 207.25
1735698642, 15, 6, 10, 0, 0, 0.00%, 0, 0, 1, 209.52
1735698647, 15, 8, 10, 0, 0, 0.00%, 0, 0, 1, 220.19
1735698652, 15, 9, 10, 0, 0, 0.00%, 0, 0, 1, 216.68
1735698657, 16, 0, 10, 0, 0, 0.00%, 0, 0, 1, 213.32
1735698662, 16, 2, 10, 0, 0, 0.00%, 0, 0, 1, 215.09
1735698667, 16, 3, 10, 0, 0, 0.00%, 0, 0, 1, 219.61
1735698672, 16, 5, 10, 0, 0, 0.00%, 0, 0, 1, 215.28
1735698677, 16, 6, 10, 0, 0, 0.00%, 0, 0, 1, 215.43
1735698682, 16, 8, 11, 1, 0, 0.05%, 0, 0, 2, 218.31
1735698687, 16, 10, 11, 1, 1, 0.05%, 1, 0, 2, 220.17
1735698763, 17, 10, 11, 0, 0, 0.05%, 1, 0, 2, 254.90
1735698799, 18, 10, 11, 0, 0, 0.05%, 1, 0, 2, 243.44
1735698809, 18, 10, 12, 1, 0, 0.05%, 2, 0, 3, 271.03
1735698839, 18, 10, 14, 3, 0, 0.05%, 3, 0, 3, 231.54
1735698850, 18, 12, 15, 4, 1, 0.05%, 4, 0, 4, 232.57
1735698855, 18, 12, 16, 5, 1, 0.05%, 4, 0, 4, 295.51
1735698860, 18, 12, 18, 7, 1, 0.06%, 5, 0, 4, 306.11
1735698865, 18, 12, 19, 8, 1, 0.06%, 5, 0, 4, 302.22
1735698875, 18, 12, 21, 10, 1, 0.06%, 6, 0, 4, 303.66
1735698885, 18, 12, 22, 11, 1, 0.06%, 6, 0, 4, 302.73
1735698890, 18, 12, 23, 12, 1, 0.06%, 6, 0, 4, 308.43
1735698895, 18, 12, 24, 13, 1, 0.06%, 6, 0, 4, 305.94
1735698931, 18, 12, 25, 14, 1, 0.06%, 7, 0, 4, 277.85
1735698951, 18, 12, 26, 15, 1, 0.06%, 7, 0, 4, 240.92
1735698956, 18, 24, 27, 15, 3, 0.06%, 8, 0, 5, 324.13
1735698961, 18, 24, 28, 16, 3, 0.06%, 8, 0, 5, 463.21
1735698976, 18, 24, 29, 17, 3, 0.06%, 8, 0, 5, 498.63
1735698981, 18, 24, 30, 18, 3, 0.06%, 8, 0, 5, 499.60
1735698991, 18, 24, 31, 19, 3, 0.06%, 8, 0, 5, 502.70
1735699022, 18, 24, 32, 20, 3, 0.06%, 8, 0, 5, 273.51
1735699027, 18, 24, 33, 21, 3, 0.06%, 8, 0, 5, 259.25
1735699032, 18, 24, 35, 23, 3, 0.06%, 9, 0, 5, 258.75
1735699037, 18, 33, 37, 24, 3, 0.06%, 9, 0, 6, 439.83
1735699042, 18, 33, 38, 25, 3, 0.06%, 9, 0, 6, 487.86
1735699047, 18, 33, 39, 26, 3, 0.06%, 9, 0, 6, 492.89
1735699057, 18, 33, 40, 27, 3, 0.06%, 9, 0, 6, 489.36
1735699067, 18, 33, 41, 28, 3, 0.06%, 9, 0, 6, 495.58
1735699072, 18, 33, 43, 30, 3, 0.06%, 9, 0, 6, 493.93
1735699077, 18, 33, 45, 32, 3, 0.06%, 9, 0, 6, 496.00
1735699088, 18, 33, 49, 36, 3, 0.06%, 9, 0, 6, 332.15
1735699103, 18, 37, 49, 35, 2, 0.06%, 9, 0, 6, 270.32
1735699149, 18, 37, 51, 37, 2, 0.06%, 9, 0, 7, 506.25
1735699159, 18, 37, 53, 39, 2, 0.06%, 9, 0, 7, 479.34
1735699164, 18, 37, 56, 42, 2, 0.06%, 9, 0, 7, 485.81
1735699175, 18, 37, 58, 44, 2, 0.06%, 9, 0, 7, 484.18
1735699490, 18, 37, 59, 45, 2, 0.06%, 9, 0, 7, 444.41
1735699495, 18, 37, 60, 46, 2, 0.06%, 9, 0, 7, 440.60
1735699510, 18, 37, 61, 47, 2, 0.06%, 9, 0, 7, 442.88
1735699566, 18, 38, 61, 46, 2, 0.06%, 9, 0, 7, 297.54
1735699571, 18, 38, 62, 47, 2, 0.06%, 9, 0, 7, 278.02
1735699632, 18, 38, 63, 48, 2, 0.06%, 9, 0, 7, 266.47
1735699642, 18, 62, 63, 47, 2, 0.06%, 9, 0, 7, 351.90
1735699652, 18, 62, 64, 48, 2, 0.06%, 9, 0, 8, 365.18
1735699708, 18, 63, 65, 48, 2, 0.06%, 9, 0, 8, 414.77
1735699758, 18, 64, 65, 47, 2, 0.06%, 9, 0, 8, 514.37
1735699784, 18, 64, 66, 48, 2, 0.06%, 9, 0, 9, 513.07
1735699824, 18, 65, 66, 47, 2, 0.06%, 9, 0, 9, 350.99
1735699896, 19, 14, 66, 46, 2, 0.06%, 9, 0, 9, 302.38
1735699936, 19, 19, 66, 45, 1, 0.06%, 9, 0, 9, 397.81
1735699962, 19, 20, 66, 44, 1, 0.06%, 9, 0, 9, 368.22
1735699992, 19, 24, 66, 43, 1, 0.06%, 9, 0, 9, 428.35
1735700008, 19, 26, 66, 43, 1, 0.06%, 9, 0, 9, 443.06
1735700038, 19, 27, 66, 42, 1, 0.06%, 9, 0, 9, 476.91
1735700063, 19, 28, 66, 41, 1, 0.06%, 9, 0, 9, 367.16
1735700099, 19, 28, 67, 42, 1, 0.06%, 9, 0, 9, 496.62
1735700130, 19, 29, 67, 41, 1, 0.06%, 9, 0, 9, 484.30
1735700160, 19, 30, 67, 40, 1, 0.06%, 9, 0, 9, 390.33
1735700216, 19, 31, 67, 39, 1, 0.06%, 9, 0, 9, 511.35
1735700247, 19, 34, 67, 38, 1, 0.06%, 9, 0, 9, 403.21
1735700272, 19, 34, 68, 39, 1, 0.06%, 9, 0, 9, 295.77
1735700282, 19, 38, 68, 38, 1, 0.06%, 9, 0, 9, 309.93
1735700298, 19, 40, 68, 38, 1, 0.06%, 9, 0, 9, 320.40
1735700333, 19, 40, 69, 39, 1, 0.06%, 9, 0, 9, 506.64
1735700506, 19, 62, 69, 38, 1, 0.06%, 9, 0, 9, 329.77
1735700522, 19, 63, 69, 38, 1, 0.06%, 9, 0, 9, 363.84
1735700547, 19, 64, 69, 38, 1, 0.06%, 9, 0, 9, 431.68
1735700572, 19, 65, 69, 38, 1, 0.06%, 9, 0, 9, 432.10
1735700592, 19, 66, 69, 38, 1, 0.06%, 9, 0, 9, 315.87
1735700597, 19, 66, 70, 39, 1, 0.06%, 9, 0, 9, 455.75
1735700664, 19, 69, 70, 38, 1, 0.06%, 9, 0, 9, 412.35
1735700735, 20, 19, 70, 37, 1, 0.06%, 9, 0, 9, 432.13
1735700750, 20, 20, 70, 37, 1, 0.06%, 9, 0, 9, 427.52
1735700766, 20, 24, 70, 37, 1, 0.06%, 9, 0, 9, 431.64
1735700781, 20, 26, 70, 37, 1, 0.06%, 9, 0, 9, 381.87
1735700802, 20, 27, 70, 37, 1, 0.06%, 9, 0, 9, 433.01
1735700817, 20, 28, 70, 37, 1, 0.06%, 9, 0, 9, 422.53
1735700832, 20, 29, 70, 37, 1, 0.06%, 9, 0, 9, 392.79
1735700842, 20, 29, 71, 38, 1, 0.06%, 9, 0, 9, 300.26
1735700847, 20, 30, 71, 38, 1, 0.06%, 9, 0, 9, 352.29
1735700868, 20, 31, 71, 38, 1, 0.06%, 9, 0, 9, 445.06
1735700883, 20, 32, 71, 38, 1, 0.06%, 9, 0, 9, 356.26
1735700919, 20, 34, 71, 37, 1, 0.06%, 9, 0, 9, 410.48
1735700934, 20, 61, 71, 37, 1, 0.06%, 9, 0, 9, 304.16
1735701010, 20, 62, 71, 36, 1, 0.06%, 9, 0, 9, 322.52
1735701026, 20, 63, 71, 36, 1, 0.06%, 9, 0, 9, 398.22
1735701051, 20, 64, 71, 36, 1, 0.06%, 9, 0, 9, 416.90
1735701076, 20, 65, 71, 36, 1, 0.06%, 9, 0, 9, 439.20
1735701101, 20, 66, 71, 36, 1, 0.06%, 9, 0, 9, 427.49
1735701117, 20, 69, 71, 36, 1, 0.06%, 9, 0, 9, 325.63
1735701132, 20, 70, 71, 36, 1, 0.06%, 9, 0, 9, 346.37
1735701158, 20, 70, 72, 37, 1, 0.06%, 9, 0, 9, 414.13
1735701522, 20, 71, 72, 36, 1, 0.06%, 9, 0, 9, 301.12
1735701913, 21, 11, 72, 35, 1, 0.06%, 9, 0, 9, 335.41
1735701933, 21, 12, 72, 34, 1, 0.06%, 9, 0, 9, 295.33
1735701943, 21, 14, 72, 34, 1, 0.06%, 9, 0, 9, 291.58
1735701964, 21, 15, 72, 34, 1, 0.06%, 9, 0, 9, 320.26
1735701999, 21, 16, 72, 33, 1, 0.06%, 9, 0, 9, 302.20
1735702035, 21, 17, 72, 32, 0, 0.06%, 9, 0, 9, 341.98
1735702065, 21, 18, 72, 31, 0, 0.06%, 9, 0, 9, 342.75
1735702101, 21, 19, 72, 30, 0, 0.06%, 9, 0, 9, 415.96
1735702116, 21, 20, 72, 30, 0, 0.06%, 9, 0, 9, 407.52
1735702131, 21, 21, 72, 30, 0, 0.06%, 9, 0, 9, 350.53
1735702192, 21, 22, 72, 29, 0, 0.06%, 9, 0, 9, 425.64
1735702228, 21, 23, 72, 28, 0, 0.06%, 9, 0, 9, 326.91
1735702269, 21, 24, 72, 27, 0, 0.06%, 9, 0, 9, 357.87
1735702284, 21, 26, 72, 27, 0, 0.06%, 9, 0, 9, 374.74
1735702305, 21, 27, 72, 27, 0, 0.06%, 9, 0, 9, 424.32
1735702320, 21, 28, 72, 27, 0, 0.06%, 9, 0, 9, 432.53
1735702335, 21, 29, 72, 27, 0, 0.06%, 9, 0, 9, 453.76
1735702350, 21, 30, 72, 27, 0, 0.06%, 9, 0, 9, 413.48
1735702366, 21, 31, 72, 27, 0, 0.06%, 9, 0, 9, 375.68
1735702381, 21, 34, 72, 27, 0, 0.06%, 9, 0, 9, 324.02
1735702401, 21, 38, 72, 27, 0, 0.06%, 9, 0, 9, 306.88
1735702421, 21, 40, 72, 27, 0, 0.06%, 9, 0, 9, 381.19
1735702437, 21, 58, 72, 27, 0, 0.06%, 9, 0, 9, 363.50
1735702467, 21, 59, 72, 26, 0, 0.06%, 9, 0, 9, 284.51
1735702682, 21, 62, 72, 25, 0, 0.06%, 9, 0, 9, 317.74
1735702697, 21, 63, 72, 25, 0, 0.06%, 9, 0, 9, 337.66
1735702728, 21, 64, 72, 25, 0, 0.06%, 9, 0, 9, 447.45
1735702753, 21, 65, 72, 25, 0, 0.06%, 9, 0, 9, 431.93
1735702779, 21, 66, 72, 25, 0, 0.06%, 9, 0, 9, 380.84
1735702794, 21, 69, 72, 25, 0, 0.06%, 9, 0, 9, 359.89
1735702809, 21, 70, 72, 25, 0, 0.06%, 9, 0, 9, 365.75
1735702835, 21, 71, 72, 25, 0, 0.06%, 9, 0, 9, 413.16
1735702860, 22, 19, 72, 25, 0, 0.06%, 9, 0, 9, 409.83
1735702876, 22, 20, 72, 25, 0, 0.06%, 9, 0, 9, 390.06
1735702896, 22, 24, 72, 25, 0, 0.06%, 9, 0, 9, 347.19
1735702901, 22, 26, 72, 25, 0, 0.06%, 9, 0, 9, 405.56
1735702916, 22, 27, 72, 25, 0, 0.06%, 9, 0, 9, 320.34
1735702937, 22, 28, 72, 25, 0, 0.06%, 9, 0, 9, 438.47
1735702952, 22, 29, 72, 25, 0, 0.06%, 9, 0, 9, 472.82
1735702967, 22, 30, 72, 25, 0, 0.06%, 9, 0, 9, 413.58
1735702983, 22, 31, 72, 25, 0, 0.06%, 9, 0, 9, 302.59
1735702998, 22, 34, 72, 25, 0, 0.06%, 9, 0, 9, 375.92
1735703018, 22, 62, 72, 25, 0, 0.06%, 9, 0, 9, 328.31
1735703028, 22, 63, 72, 25, 0, 0.06%, 9, 0, 9, 385.86
1735703039, 22, 64, 72, 25, 0, 0.06%, 9, 0, 9, 375.35
1735703049, 22, 65, 72, 25, 0, 0.06%, 9, 0, 9, 348.09
1735703064, 22, 66, 72, 25, 0, 0.06%, 9, 0, 9, 409.12
1735703079, 22, 69, 72, 25, 0, 0.06%, 9, 0, 9, 378.74
1735703094, 22, 70, 72, 25, 0, 0.06%, 9, 0, 9, 404.48
1735703119, 22, 71, 72, 25, 0, 0.06%, 9, 0, 9, 404.06
1735703145, 23, 19, 72, 25, 0, 0.06%, 9, 0, 9, 342.51
1735703150, 23, 20, 72, 25, 0, 0.06%, 9, 0, 9, 300.94
1735703160, 23, 24, 72, 25, 0, 0.06%, 9, 0, 9, 373.28
1735703170, 23, 26, 72, 25, 0, 0.06%, 9, 0, 9, 363.84
1735703176, 23, 27, 72, 25, 0, 0.06%, 9, 0, 9, 386.34
1735703186, 23, 28, 72, 25, 0, 0.06%, 9, 0, 9, 405.07
1735703196, 23, 29, 72, 25, 0, 0.06%, 9, 0, 9, 362.89
1735703201, 23, 30, 72, 25, 0, 0.06%, 9, 0, 9, 377.76
1735703211, 23, 31, 72, 25, 0, 0.06%, 9, 0, 9, 400.47
1735703216, 23, 34, 72, 25, 0, 0.06%, 9, 0, 9, 368.10
1735703227, 23, 62, 72, 25, 0, 0.06%, 9, 0, 9, 325.45
1735703237, 23, 63, 72, 25, 0, 0.06%, 9, 0, 9, 424.46
1735703247, 23, 64, 72, 25, 0, 0.06%, 9, 0, 9, 307.19
1735703262, 23, 65, 72, 25, 0, 0.06%, 9, 0, 9, 450.83
1735703273, 23, 66, 72, 25, 0, 0.06%, 9, 0, 9, 343.63
1735703283, 23, 69, 72, 25, 0, 0.06%, 9, 0, 9, 358.73
1735703293, 23, 70, 72, 25, 0, 0.06%, 9, 0, 9, 354.63
1735703318, 23, 71, 72, 25, 0, 0.06%, 9, 0, 9, 295.40
1735703338, 24, 19, 72, 25, 0, 0.06%, 9, 0, 9, 406.45
1735703349, 24, 20, 72, 25, 0, 0.06%, 9, 0, 9, 376.82
1735703354, 24, 24, 72, 25, 0, 0.06%, 9, 0, 9, 393.30
1735703359, 24, 26, 72, 25, 0, 0.06%, 9, 0, 9, 419.73
1735703369, 24, 27, 72, 25, 0, 0.06%, 9, 0, 9, 353.36
1735703374, 24, 28, 72, 25, 0, 0.06%, 9, 0, 9, 312.51
1735703384, 24, 29, 72, 25, 0, 0.06%, 9, 0, 9, 413.26
1735703395, 24, 30, 72, 25, 0, 0.06%, 9, 0, 9, 369.92
1735703400, 24, 31, 72, 25, 0, 0.06%, 9, 0, 9, 404.14
1735703410, 24, 34, 72, 25, 0, 0.06%, 9, 0, 9, 401.88
1735703415, 24, 62, 72, 25, 0, 0.06%, 9, 0, 9, 367.17
1735703420, 24, 63, 72, 25, 0, 0.06%, 9, 0, 9, 369.42
1735703430, 24, 64, 72, 25, 0, 0.06%, 9, 0, 9, 349.43
1735703435, 24, 65, 72, 25, 0, 0.06%, 9, 0, 9, 403.45
1735703440, 24, 66, 72, 25, 0, 0.06%, 9, 0, 9, 411.31
1735703450, 24, 69, 72, 25, 0, 0.06%, 9, 0, 9, 397.88
1735703460, 24, 70, 72, 25, 0, 0.06%, 9, 0, 9, 307.71
1735703481, 24, 71, 72, 25, 0, 0.06%, 9, 0, 9, 443.47
1735703506, 25, 20, 72, 25, 0, 0.06%, 9, 0, 9, 359.69
1735703511, 25, 24, 72, 25, 0, 0.06%, 9, 0, 9, 390.47
1735703516, 25, 26, 72, 25, 0, 0.06%, 9, 0, 9, 359.30
1735703521, 25, 27, 72, 25, 0, 0.06%, 9, 0, 9, 348.21
1735703526, 25, 28, 72, 25, 0, 0.06%, 9, 0, 9, 345.91
1735703531, 25, 29, 72, 25, 0, 0.06%, 9, 0, 9, 362.76
1735703537, 25, 30, 73, 26, 0, 0.06%, 9, 0, 9, 370.00
1735703542, 25, 34, 73, 26, 0, 0.06%, 9, 0, 9, 354.83
1735703547, 25, 62, 73, 26, 0, 0.06%, 9, 0, 9, 336.52
1735703552, 25, 63, 73, 26, 0, 0.06%, 9, 0, 9, 389.43
1735703557, 25, 64, 73, 26, 0, 0.06%, 9, 0, 9, 328.44
1735703567, 25, 65, 73, 26, 0, 0.06%, 9, 0, 9, 387.85
1735703572, 25, 66, 73, 26, 0, 0.06%, 9, 0, 9, 402.27
1735703582, 25, 67, 73, 26, 0, 0.06%, 9, 0, 9, 351.20
1735703969, 25, 69, 73, 25, 0, 0.06%, 9, 0, 9, 345.48
1735703979, 25, 70, 73, 25, 0, 0.06%, 9, 0, 9, 393.77
1735703995, 25, 71, 73, 25, 0, 0.06%, 9, 0, 9, 310.37
1735704005, 25, 72, 73, 25, 0, 0.06%, 9, 0, 9, 381.55
1735704020, 25, 72, 74, 26, 0, 0.06%, 9, 0, 9, 507.82
1735704087, 25, 73, 74, 25, 0, 0.06%, 9, 0, 9, 348.41
1735704169, 26, 12, 74, 24, 0, 0.06%, 9, 0, 9, 301.95
1735704179, 26, 15, 74, 24, 0, 0.06%, 9, 0, 9, 316.48
1735704199, 26, 16, 74, 24, 0, 0.06%, 9, 0, 9, 353.85
1735704214, 26, 17, 74, 24, 0, 0.06%, 9, 0, 9, 324.62
1735704235, 26, 18, 74, 24, 0, 0.06%, 9, 0, 9, 365.40
1735704250, 26, 19, 74, 24, 0, 0.06%, 9, 0, 9, 359.19
1735704255, 26, 20, 74, 24, 0, 0.06%, 9, 0, 9, 354.07
1735704260, 26, 21, 74, 24, 0, 0.06%, 9, 0, 9, 395.97
1735704276, 26, 22, 74, 24, 0, 0.06%, 9, 0, 9, 423.06
1735704291, 26, 23, 74, 24, 0, 0.06%, 9, 0, 9, 368.82
1735704306, 26, 24, 74, 24, 0, 0.06%, 9, 0, 9, 362.66
1735704311, 26, 26, 74, 24, 0, 0.06%, 9, 0, 9, 380.06
1735704316, 26, 27, 74, 24, 0, 0.06%, 9, 0, 9, 354.10
1735704321, 26, 28, 74, 24, 0, 0.06%, 9, 0, 9, 390.23
1735704326, 26, 29, 74, 24, 0, 0.06%, 9, 0, 9, 352.75
1735704331, 26, 31, 74, 24, 0, 0.06%, 9, 0, 9, 373.21
1735704336, 26, 32, 74, 24, 0, 0.06%, 9, 0, 9, 373.90
1735704357, 26, 37, 74, 24, 0, 0.06%, 9, 0, 9, 381.16
1735704377, 26, 39, 74, 24, 0, 0.06%, 9, 0, 9, 363.42
1735704418, 26, 41, 74, 23, 0, 0.06%, 9, 0, 9, 411.61
1735704453, 26, 49, 74, 22, 0, 0.06%, 9, 0, 9, 365.58
1735704483, 26, 50, 74, 21, 0, 0.06%, 9, 0, 9, 294.36
1735704519, 26, 51, 74, 20, 0, 0.06%, 9, 0, 9, 396.21
1735704611, 26, 61, 74, 19, 0, 0.06%, 9, 0, 9, 323.53
1735704632, 26, 62, 74, 19, 0, 0.06%, 9, 0, 9, 331.04
1735704637, 26, 63, 74, 19, 0, 0.06%, 9, 0, 9, 383.83
1735704642, 26, 64, 74, 19, 0, 0.06%, 9, 0, 9, 397.26
1735704647, 26, 65, 74, 19, 0, 0.06%, 9, 0, 9, 335.22
1735704657, 26, 66, 74, 19, 0, 0.06%, 9, 0, 9, 368.79
1735704662, 26, 69, 74, 19, 0, 0.06%, 9, 0, 9, 375.43
1735704667, 26, 70, 74, 19, 0, 0.06%, 9, 0, 9, 311.17
1735704677, 26, 71, 74, 19, 0, 0.06%, 9, 0, 9, 403.78
1735704687, 26, 72, 74, 19, 0, 0.06%, 9, 0, 9, 350.94
1735704707, 26, 73, 74, 19, 0, 0.06%, 9, 0, 9, 398.73
1735704723, 27, 12, 74, 19, 0, 0.06%, 9, 0, 9, 309.39
1735704733, 27, 15, 74, 19, 0, 0.06%, 9, 0, 9, 313.62
1735704753, 27, 16, 74, 19, 0, 0.06%, 9, 0, 9, 383.75
1735704768, 27, 17, 74, 19, 0, 0.06%, 9, 0, 9, 354.99
1735704783, 27, 18, 74, 19, 0, 0.06%, 9, 0, 9, 337.82
1735704803, 27, 19, 74, 19, 0, 0.06%, 9, 0, 9, 320.75
1735704809, 27, 21, 74, 19, 0, 0.06%, 9, 0, 9, 327.00
1735704829, 27, 22, 74, 19, 0, 0.06%, 9, 0, 9, 403.57
1735704844, 27, 23, 74, 19, 0, 0.06%, 9, 0, 9, 340.34
1735704860, 27, 24, 74, 19, 0, 0.06%, 9, 0, 9, 320.31
1735704865, 27, 26, 74, 19, 0, 0.06%, 9, 0, 9, 374.57
1735704870, 27, 27, 74, 19, 0, 0.06%, 9, 0, 9, 365.28
1735704875, 27, 28, 74, 19, 0, 0.06%, 9, 0, 9, 360.63
1735704880, 27, 29, 74, 19, 0, 0.06%, 9, 0, 9, 372.72
1735704885, 27, 31, 74, 19, 0, 0.06%, 9, 0, 9, 348.35
1735704890, 27, 32, 74, 19, 0, 0.06%, 9, 0, 9, 388.78
1735704910, 27, 34, 74, 19, 0, 0.06%, 9, 0, 9, 336.92
1735704915, 27, 61, 74, 19, 0, 0.06%, 9, 0, 9, 343.31
1735704930, 27, 62, 74, 19, 0, 0.06%, 9, 0, 9, 334.65
1735704935, 27, 63, 74, 19, 0, 0.06%, 9, 0, 9, 395.00
1735704940, 27, 64, 74, 19, 0, 0.06%, 9, 0, 9, 364.38
1735704950, 27, 65, 74, 19, 0, 0.06%, 9, 0, 9, 367.92
1735704955, 27, 66, 74, 19, 0, 0.06%, 9, 0, 9, 367.80
1735704960, 27, 69, 74, 19, 0, 0.06%, 9, 0, 9, 381.22
1735704965, 27, 70, 74, 19, 0, 0.06%, 9, 0, 9, 329.56
1735704976, 27, 71, 74, 19, 0, 0.06%, 9, 0, 9, 427.50
1735704991, 27, 72, 74, 19, 0, 0.06%, 9, 0, 9, 434.56
1735705006, 27, 73, 74, 19, 0, 0.06%, 9, 0, 9, 435.20
1735705021, 28, 12, 74, 19, 0, 0.06%, 9, 0, 9, 331.31
1735705026, 28, 15, 74, 19, 0, 0.06%, 9, 0, 9, 320.77
1735705047, 28, 16, 74, 19, 0, 0.06%, 9, 0, 9, 366.40
1735705062, 28, 17, 74, 19, 0, 0.06%, 9, 0, 9, 284.01
1735705082, 28, 18, 74, 19, 0, 0.06%, 9, 0, 9, 382.99
1735705097, 28, 19, 74, 19, 0, 0.06%, 9, 0, 9, 341.87
1735705103, 28, 20, 74, 19, 0, 0.06%, 9, 0, 9, 325.74
1735705108, 28, 21, 74, 19, 0, 0.06%, 9, 0, 9, 409.90
1735705123, 28, 22, 74, 19, 0, 0.06%, 9, 0, 9, 406.35
1735705138, 28, 23, 74, 19, 0, 0.06%, 9, 0, 9, 341.46
1735705158, 28, 26, 74, 19, 0, 0.06%, 9, 0, 9, 348.13
1735705164, 28, 27, 74, 19, 0, 0.06%, 9, 0, 9, 375.53
1735705169, 28, 28, 74, 19, 0, 0.06%, 9, 0, 9, 371.67
1735705174, 28, 29, 74, 19, 0, 0.06%, 9, 0, 9, 367.12
1735705179, 28, 30, 74, 19, 0, 0.06%, 9, 0, 9, 387.87
1735705184, 28, 32, 74, 19, 0, 0.06%, 9, 0, 9, 363.17
1735705204, 28, 34, 74, 19, 0, 0.06%, 9, 0, 9, 337.59
1735705209, 28, 61, 74, 19, 0, 0.06%, 9, 0, 9, 342.99
1735705225, 28, 62, 74, 19, 0, 0.06%, 9, 0, 9, 311.78
1735705230, 28, 63, 74, 19, 0, 0.06%, 9, 0, 9, 370.67
1735705240, 28, 64, 74, 19, 0, 0.06%, 9, 0, 9, 371.51
1735705245, 28, 65, 74, 19, 0, 0.06%, 9, 0, 9, 393.92
1735705250, 28, 66, 74, 19, 0, 0.06%, 9, 0, 9, 375.31
1735705255, 28, 69, 74, 19, 0, 0.06%, 9, 0, 9, 398.81
1735705260, 28, 70, 74, 19, 0, 0.06%, 9, 0, 9, 361.85
1735705270, 28, 71, 74, 19, 0, 0.06%, 9, 0, 9, 371.98
1735705286, 28, 72, 74, 19, 0, 0.06%, 9, 0, 9, 444.52
1735705301, 28, 73, 74, 19, 0, 0.06%, 9, 0, 9, 453.70
1735705316, 29, 12, 74, 19, 0, 0.06%, 9, 0, 9, 315.85
1735705322, 29, 15, 74, 19, 0, 0.06%, 9, 0, 9, 338.95
1735705327, 29, 16, 74, 19, 0, 0.06%, 9, 0, 9, 330.74
1735705337, 29, 17, 74, 19, 0, 0.06%, 9, 0, 9, 342.19
1735705347, 29, 18, 74, 19, 0, 0.06%, 9, 0, 9, 367.65
1735705357, 29, 20, 74, 19, 0, 0.06%, 9, 0, 9, 352.62
1735705362, 29, 21, 74, 19, 0, 0.06%, 9, 0, 9, 354.75
1735705372, 29, 22, 74, 19, 0, 0.06%, 9, 0, 9, 358.48
1735705383, 29, 23, 74, 19, 0, 0.06%, 9, 0, 9, 378.07
1735705393, 29, 26, 74, 19, 0, 0.06%, 9, 0, 9, 369.49
1735705398, 29, 27, 74, 19, 0, 0.06%, 9, 0, 9, 364.64
1735705403, 29, 28, 74, 19, 0, 0.06%, 9, 0, 9, 361.55
1735705408, 29, 29, 74, 19, 0, 0.06%, 9, 0, 9, 355.14
1735705413, 29, 30, 74, 19, 0, 0.06%, 9, 0, 9, 368.96
1735705418, 29, 32, 74, 19, 0, 0.06%, 9, 0, 9, 339.16
1735705428, 29, 34, 74, 19, 0, 0.06%, 9, 0, 9, 359.59
1735705434, 29, 61, 74, 19, 0, 0.06%, 9, 0, 9, 326.69
1735705444, 29, 62, 74, 19, 0, 0.06%, 9, 0, 9, 321.00
1735705449, 29, 63, 74, 19, 0, 0.06%, 9, 0, 9, 355.54
1735705454, 29, 64, 74, 19, 0, 0.06%, 9, 0, 9, 378.17
1735705459, 29, 65, 74, 19, 0, 0.06%, 9, 0, 9, 343.80
1735705469, 29, 66, 74, 19, 0, 0.06%, 9, 0, 9, 368.66
1735705474, 29, 69, 74, 19, 0, 0.06%, 9, 0, 9, 378.15
1735705479, 29, 70, 74, 19, 0, 0.06%, 9, 0, 9, 311.29
1735705489, 29, 71, 74, 19, 0, 0.06%, 9, 0, 9, 403.28
1735705500, 29, 72, 74, 19, 0, 0.06%, 9, 0, 9, 369.43
1735705520, 29, 73, 74, 19, 0, 0.06%, 9, 0, 9, 429.67
1735705535, 30, 12, 74, 19, 0, 0.06%, 9, 0, 9, 321.33
1735705540, 30, 15, 74, 19, 0, 0.06%, 9, 0, 9, 313.71
1735705545, 30, 16, 74, 19, 0, 0.06%, 9, 0, 9, 319.73
1735705555, 30, 17, 74, 19, 0, 0.06%, 9, 0, 9, 364.35
1735705566, 30, 18, 74, 19, 0, 0.06%, 9, 0, 9, 359.41
1735705576, 30, 19, 74, 19, 0, 0.06%, 9, 0, 9, 321.47
1735705581, 30, 21, 74, 19, 0, 0.06%, 9, 0, 9, 359.54
1735705591, 30, 22, 74, 19, 0, 0.06%, 9, 0, 9, 363.54
1735705601, 30, 23, 74, 19, 0, 0.06%, 9, 0, 9, 363.44
1735705611, 30, 24, 74, 19, 0, 0.06%, 9, 0, 9, 317.19
1735705616, 30, 27, 74, 19, 0, 0.06%, 9, 0, 9, 327.23
1735705622, 30, 28, 74, 19, 0, 0.06%, 9, 0, 9, 356.69
1735705627, 30, 29, 74, 19, 0, 0.06%, 9, 0, 9, 390.03
1735705632, 30, 30, 74, 19, 0, 0.06%, 9, 0, 9, 375.05
1735705637, 30, 31, 74, 19, 0, 0.06%, 9, 0, 9, 360.14
1735705642, 30, 32, 74, 19, 0, 0.06%, 9, 0, 9, 347.13
1735705647, 30, 34, 74, 19, 0, 0.06%, 9, 0, 9, 372.71
1735705652, 30, 61, 74, 19, 0, 0.06%, 9, 0, 9, 343.10
1735705662, 30, 62, 74, 19, 0, 0.06%, 9, 0, 9, 323.52
1735705667, 30, 63, 74, 19, 0, 0.06%, 9, 0, 9, 383.60
1735705672, 30, 64, 74, 19, 0, 0.06%, 9, 0, 9, 408.67
1735705678, 30, 65, 74, 19, 0, 0.06%, 9, 0, 9, 353.84
1735705688, 30, 66, 74, 19, 0, 0.06%, 9, 0, 9, 364.99
1735705693, 30, 69, 74, 19, 0, 0.06%, 9, 0, 9, 354.42
1735705698, 30, 70, 74, 19, 0, 0.06%, 9, 0, 9, 299.05
1735705708, 30, 71, 74, 19, 0, 0.06%, 9, 0, 9, 391.16
1735705718, 30, 72, 74, 19, 0, 0.06%, 9, 0, 9, 352.75
1735705739, 30, 73, 74, 19, 0, 0.06%, 9, 0, 9, 417.21
1735705754, 31, 12, 74, 19, 0, 0.06%, 9, 0, 9, 329.72
1735705759, 31, 15, 74, 19, 0, 0.06%, 9, 0, 9, 326.36
1735705764, 31, 17, 74, 19, 0, 0.06%, 9, 0, 9, 336.28
1735705769, 31, 18, 74, 19, 0, 0.06%, 9, 0, 9, 349.42
1735705774, 31, 19, 74, 19, 0, 0.06%, 9, 0, 9, 365.04
1735705779, 31, 20, 74, 19, 0, 0.06%, 9, 0, 9, 354.58
1735705784, 31, 21, 74, 19, 0, 0.06%, 9, 0, 9, 331.68
1735705790, 31, 22, 74, 19, 0, 0.06%, 9, 0, 9, 344.57
1735705795, 31, 23, 74, 19, 0, 0.06%, 9, 0, 9, 340.24
1735705800, 31, 26, 74, 19, 0, 0.06%, 9, 0, 9, 346.26
1735705805, 31, 27, 74, 19, 0, 0.06%, 9, 0, 9, 373.69
1735705810, 31, 28, 74, 19, 0, 0.06%, 9, 0, 9, 375.43
1735705815, 31, 29, 74, 19, 0, 0.06%, 9, 0, 9, 385.09
1735705820, 31, 30, 74, 19, 0, 0.06%, 9, 0, 9, 386.77
1735705825, 31, 31, 74, 19, 0, 0.06%, 9, 0, 9, 359.56
1735705830, 31, 34, 74, 19, 0, 0.06%, 9, 0, 9, 375.64
1735705835, 31, 61, 74, 19, 0, 0.06%, 9, 0, 9, 330.37
1735705840, 31, 62, 74, 19, 0, 0.06%, 9, 0, 9, 330.68
1735705845, 31, 63, 74, 19, 0, 0.06%, 9, 0, 9, 397.95
1735705850, 31, 64, 74, 19, 0, 0.06%, 9, 0, 9, 398.00
1735705861, 31, 65, 74, 19, 0, 0.06%, 9, 0, 9, 400.57
1735705866, 31, 66, 74, 19, 0, 0.06%, 9, 0, 9, 388.27
1735705871, 31, 69, 74, 19, 0, 0.06%, 9, 0, 9, 383.73
1735705876, 31, 70, 74, 19, 0, 0.06%, 9, 0, 9, 310.65
1735705886, 31, 71, 74, 19, 0, 0.06%, 9, 0, 9, 391.25
1735705896, 31, 72, 74, 19, 0, 0.06%, 9, 0, 9, 363.15
1735705906, 31, 73, 74, 19, 0, 0.06%, 9, 0, 9, 386.54
1735705916, 32, 12, 74, 19, 0, 0.06%, 9, 0, 9, 306.88
1735705921, 32, 15, 74, 19, 0, 0.06%, 9, 0, 9, 293.07
1735705927, 32, 17, 74, 19, 0, 0.06%, 9, 0, 9, 350.80
1735705932, 32, 18, 74, 19, 0, 0.06%, 9, 0, 9, 353.39
1735705937, 32, 19, 74, 19, 0, 0.06%, 9, 0, 9, 352.77
1735705942, 32, 20, 74, 19, 0, 0.06%, 9, 0, 9, 345.97
1735705947, 32, 21, 74, 19, 0, 0.06%, 9, 0, 9, 340.17
1735705952, 32, 22, 74, 19, 0, 0.06%, 9, 0, 9, 327.39
1735705957, 32, 24, 74, 19, 0, 0.06%, 9, 0, 9, 345.86
1735705962, 32, 26, 74, 19, 0, 0.06%, 9, 0, 9, 364.77
1735705967, 32, 27, 74, 19, 0, 0.06%, 9, 0, 9, 368.83
1735705972, 32, 28, 74, 19, 0, 0.06%, 9, 0, 9, 367.37
1735705977, 32, 29, 74, 19, 0, 0.06%, 9, 0, 9, 350.69
1735705982, 32, 30, 74, 19, 0, 0.06%, 9, 0, 9, 353.74
1735705987, 32, 32, 74, 19, 0, 0.06%, 9, 0, 9, 328.13
1735705993, 32, 34, 74, 19, 0, 0.06%, 9, 0, 9, 351.05
1735705998, 32, 61, 74, 19, 0, 0.06%, 9, 0, 9, 334.66
1735706003, 32, 62, 74, 19, 0, 0.06%, 9, 0, 9, 335.14
1735706008, 32, 63, 74, 19, 0, 0.06%, 9, 0, 9, 391.80
1735706013, 32, 64, 74, 19, 0, 0.06%, 9, 0, 9, 356.23
1735706023, 32, 65, 74, 19, 0, 0.06%, 9, 0, 9, 357.06
1735706028, 32, 66, 75, 20, 0, 0.06%, 9, 0, 10, 374.93
1735706033, 32, 69, 75, 20, 0, 0.06%, 9, 0, 10, 369.41
1735706038, 32, 70, 75, 20, 0, 0.06%, 9, 0, 10, 342.63
1735706048, 32, 71, 75, 20, 0, 0.06%, 9, 0, 10, 412.08
1735706063, 32, 72, 75, 20, 0, 0.06%, 9, 0, 10, 376.29
1735706069, 32, 73, 75, 20, 0, 0.06%, 9, 0, 10, 367.68
1735706074, 32, 74, 76, 21, 0, 0.06%, 9, 0, 11, 399.04
1735706196, 32, 75, 76, 20, 0, 0.06%, 9, 0, 11, 377.32
1735706320, 33, 19, 76, 19, 0, 0.06%, 9, 0, 11, 394.42
1735706325, 33, 20, 76, 19, 0, 0.06%, 9, 0, 11, 354.18
1735706330, 33, 24, 76, 19, 0, 0.06%, 9, 0, 11, 350.53
1735706335, 33, 27, 76, 19, 0, 0.06%, 9, 0, 11, 365.14
1735706340, 33, 28, 76, 19, 0, 0.06%, 9, 0, 11, 389.33
1735706345, 33, 29, 76, 19, 0, 0.06%, 9, 0, 11, 375.11
1735706350, 33, 30, 76, 19, 0, 0.06%, 9, 0, 11, 384.52
1735706355, 33, 31, 76, 19, 0, 0.06%, 9, 0, 11, 359.27
1735706361, 33, 62, 76, 19, 0, 0.06%, 9, 0, 11, 338.17
1735706366, 33, 63, 76, 19, 0, 0.06%, 9, 0, 11, 344.36
1735706376, 33, 64, 76, 19, 0, 0.06%, 9, 0, 11, 345.33
1735706381, 33, 65, 76, 19, 0, 0.06%, 9, 0, 11, 377.44
1735706386, 33, 66, 76, 19, 0, 0.06%, 9, 0, 11, 366.71
1735706391, 33, 69, 76, 19, 0, 0.06%, 9, 0, 11, 361.55
1735706396, 33, 70, 76, 19, 0, 0.06%, 9, 0, 11, 443.00
1735706411, 33, 71, 76, 19, 0, 0.06%, 9, 0, 11, 287.64
1735706421, 33, 72, 76, 19, 0, 0.06%, 9, 0, 11, 390.30
1735706427, 33, 73, 76, 19, 0, 0.06%, 9, 0, 11, 380.21
1735706432, 33, 74, 76, 19, 0, 0.06%, 9, 0, 11, 386.60
1735706457, 33, 75, 76, 19, 0, 0.06%, 9, 0, 11, 383.42
1735706483, 34, 11, 76, 19, 0, 0.06%, 9, 0, 11, 327.52
1735706493, 34, 13, 76, 19, 0, 0.06%, 9, 0, 11, 308.70
1735706518, 34, 14, 76, 18, 0, 0.06%, 9, 0, 11, 244.99
1735706539, 34, 15, 76, 18, 0, 0.06%, 9, 0, 11, 319.31
1735706544, 34, 16, 76, 18, 0, 0.06%, 9, 0, 11, 347.41
1735706549, 34, 17, 76, 18, 0, 0.06%, 9, 0, 11, 336.07
1735706554, 34, 18, 76, 18, 0, 0.06%, 9, 0, 11, 363.35
1735706564, 34, 19, 76, 18, 0, 0.06%, 9, 0, 11, 328.40
1735706569, 34, 20, 76, 18, 0, 0.06%, 9, 0, 11, 323.34
1735706574, 34, 21, 76, 18, 0, 0.06%, 9, 0, 11, 461.86
1735706605, 34, 22, 76, 18, 0, 0.06%, 9, 0, 11, 423.61
1735706615, 34, 23, 76, 18, 0, 0.06%, 9, 0, 11, 356.37
1735706630, 34, 24, 76, 18, 0, 0.06%, 9, 0, 11, 355.54
1735706635, 34, 25, 76, 18, 0, 0.06%, 9, 0, 11, 368.48
1735706650, 34, 25, 77, 19, 0, 0.06%, 9, 0, 11, 424.55
1735706691, 34, 27, 77, 18, 0, 0.06%, 9, 0, 11, 325.85
1735706696, 34, 28, 77, 18, 0, 0.06%, 9, 0, 11, 349.72
1735706701, 34, 29, 77, 18, 0, 0.06%, 9, 0, 11, 382.17
1735706706, 34, 30, 77, 18, 0, 0.06%, 9, 0, 11, 382.91
1735706711, 34, 31, 77, 18, 0, 0.06%, 9, 0, 11, 361.09
1735706716, 34, 32, 77, 18, 0, 0.06%, 9, 0, 11, 371.07
1735706726, 34, 33, 77, 18, 0, 0.06%, 9, 0, 11, 464.88
1735706736, 34, 34, 77, 18, 0, 0.06%, 9, 0, 11, 359.70
1735706741, 34, 35, 77, 18, 0, 0.06%, 9, 0, 11, 415.30
1735706772, 34, 36, 77, 17, 0, 0.06%, 9, 0, 11, 392.01
1735706803, 34, 37, 77, 16, 0, 0.06%, 9, 0, 11, 334.17
1735706823, 34, 38, 77, 16, 0, 0.06%, 9, 0, 11, 323.60
1735706844, 34, 39, 77, 16, 0, 0.06%, 9, 0, 11, 369.24
1735706859, 34, 40, 77, 16, 0, 0.06%, 9, 0, 11, 350.96
1735706945, 34, 41, 77, 16, 0, 0.06%, 9, 0, 11, 324.95
1735706960, 34, 49, 77, 16, 0, 0.06%, 9, 0, 11, 340.82
1735706981, 34, 50, 77, 16, 0, 0.06%, 9, 0, 11, 374.14
1735706996, 34, 51, 77, 16, 0, 0.06%, 9, 0, 11, 402.06
1735707011, 34, 52, 77, 16, 0, 0.06%, 9, 0, 11, 384.74
1735707108, 34, 53, 77, 15, 0, 0.06%, 9, 0, 11, 393.90
1735707210, 34, 54, 77, 14, 0, 0.06%, 9, 0, 11, 421.92
1735707587, 34, 55, 77, 13, 0, 0.06%, 9, 0, 11, 284.02
1735707688, 34, 56, 77, 12, 0, 0.06%, 9, 0, 11, 414.95
1735707851, 34, 58, 77, 11, 0, 0.06%, 9, 0, 11, 386.97
1735707871, 34, 59, 77, 11, 0, 0.06%, 9, 0, 11, 270.92
1735708084, 34, 60, 77, 11, 0, 0.06%, 9, 0, 11, 380.85
1735708125, 34, 61, 77, 10, 0, 0.06%, 9, 0, 11, 370.78
1735708166, 34, 62, 77, 10, 0, 0.06%, 9, 0, 11, 313.75
1735708171, 34, 63, 77, 10, 0, 0.06%, 9, 0, 11, 378.25
1735708176, 34, 64, 77, 10, 0, 0.06%, 9, 0, 11, 345.07
1735708186, 34, 65, 77, 10, 0, 0.06%, 9, 0, 11, 367.88
1735708191, 34, 66, 77, 10, 0, 0.06%, 9, 0, 11, 374.76
1735708197, 34, 67, 77, 10, 0, 0.06%, 9, 0, 11, 343.45
1735708217, 34, 68, 77, 10, 0, 0.06%, 9, 0, 11, 305.09
1735708324, 34, 69, 77, 9, 0, 0.06%, 9, 0, 11, 355.84
1735708329, 34, 70, 77, 9, 0, 0.06%, 9, 0, 11, 291.75
1735708339, 34, 71, 77, 9, 0, 0.06%, 9, 0, 11, 375.22
1735708349, 34, 72, 77, 9, 0, 0.06%, 9, 0, 11, 348.72
1735708354, 34, 73, 77, 9, 0, 0.06%, 9, 0, 11, 341.15
1735708359, 34, 74, 77, 9, 0, 0.06%, 9, 0, 11, 362.96
1735708385, 34, 75, 77, 9, 0, 0.06%, 9, 0, 11, 383.13
1735708410, 34, 76, 77, 9, 0, 0.06%, 9, 0, 11, 381.88
1735708415, 34, 76, 78, 10, 0, 0.06%, 9, 0, 11, 391.51
1735708466, 34, 77, 78, 9, 0, 0.06%, 9, 0, 11, 358.54
1735708507, 35, 14, 78, 8, 0, 0.06%, 9, 0, 11, 316.42
1735708527, 35, 15, 78, 8, 0, 0.06%, 9, 0, 11, 293.89
1735708532, 35, 16, 78, 8, 0, 0.06%, 9, 0, 11, 308.65
1735708537, 35, 17, 78, 8, 0, 0.06%, 9, 0, 11, 328.58
1735708542, 35, 19, 78, 8, 0, 0.06%, 9, 0, 11, 370.22
1735708547, 35, 20, 78, 8, 0, 0.06%, 9, 0, 11, 380.69
1735708552, 35, 21, 78, 8, 0, 0.06%, 9, 0, 11, 376.18
1735708557, 35, 22, 78, 8, 0, 0.06%, 9, 0, 11, 366.39
1735708562, 35, 23, 78, 8, 0, 0.06%, 9, 0, 11, 334.12
1735708567, 35, 24, 78, 8, 0, 0.06%, 9, 0, 11, 336.11
1735708572, 35, 27, 78, 8, 0, 0.06%, 9, 0, 11, 337.71
1735708578, 35, 28, 78, 8, 0, 0.06%, 9, 0, 11, 380.30
1735708583, 35, 29, 78, 8, 0, 0.06%, 9, 0, 11, 377.60
1735708588, 35, 30, 78, 8, 0, 0.06%, 9, 0, 11, 367.12
1735708593, 35, 31, 78, 8, 0, 0.06%, 9, 0, 11, 345.29
1735708598, 35, 32, 78, 8, 0, 0.06%, 9, 0, 11, 336.46
1735708603, 35, 38, 78, 8, 0, 0.06%, 9, 0, 11, 325.54
1735708613, 35, 40, 78, 8, 0, 0.06%, 9, 0, 11, 343.58
1735708634, 35, 58, 78, 8, 0, 0.06%, 9, 0, 11, 396.75
1735708654, 35, 59, 78, 8, 0, 0.06%, 9, 0, 11, 257.79
1735708669, 35, 60, 78, 8, 0, 0.06%, 9, 0, 11, 288.82
1735708690, 35, 61, 78, 8, 0, 0.06%, 9, 0, 11, 307.46
1735708695, 35, 62, 78, 8, 0, 0.06%, 9, 0, 11, 304.57
1735708700, 35, 63, 78, 8, 0, 0.06%, 9, 0, 11, 359.46
1735708705, 35, 64, 78, 8, 0, 0.06%, 9, 0, 11, 367.67
1735708715, 35, 65, 78, 8, 0, 0.06%, 9, 0, 11, 364.71
1735708720, 35, 66, 78, 8, 0, 0.06%, 9, 0, 11, 376.73
1735708725, 35, 67, 78, 8, 0, 0.06%, 9, 0, 11, 308.97
1735708746, 35, 68, 78, 8, 0, 0.06%, 9, 0, 11, 320.30
1735708766, 35, 69, 78, 8, 0, 0.06%, 9, 0, 11, 352.16
1735708771, 35, 70, 78, 8, 0, 0.06%, 9, 0, 11, 331.98
1735708781, 35, 71, 78, 8, 0, 0.06%, 9, 0, 11, 439.70
1735708797, 35, 72, 78, 8, 0, 0.06%, 9, 0, 11, 350.73
1735708802, 35, 73, 78, 8, 0, 0.06%, 9, 0, 11, 367.06
1735708807, 35, 74, 78, 8, 0, 0.06%, 9, 0, 11, 426.51
1735708832, 35, 75, 78, 8, 0, 0.06%, 9, 0, 11, 376.56
