# unix_time, cycles_done, cur_path, paths_total, pending_total, pending_favs, map_size, unique_crashes, unique_hangs, max_depth, execs_per_sec
1734524135, 0, 0, 10, 10, 1, 0.00%, 0, 0, 1, 169.49
1734524140, 0, 3, 10, 10, 1, 0.00%, 0, 0, 1, 197.19
1734524145, 0, 4, 10, 9, 0, 0.00%, 0, 0, 1, 201.61
1734524151, 0, 5, 10, 8, 0, 0.00%, 0, 0, 1, 201.71
1734524161, 0, 6, 10, 7, 0, 0.00%, 0, 0, 1, 204.29
1734524171, 0, 7, 10, 6, 0, 0.00%, 0, 0, 1, 203.57
1734524176, 0, 8, 10, 5, 0, 0.00%, 0, 0, 1, 205.59
1734524181, 0, 9, 10, 4, 0, 0.00%, 0, 0, 1, 200.67
1734524191, 1, 0, 10, 3, 0, 0.00%, 0, 0, 1, 201.43
1734524201, 1, 1, 10, 2, 0, 0.00%, 0, 0, 1, 204.87
1734524211, 1, 2, 10, 1, 0, 0.00%, 0, 0, 1, 204.43
1734524221, 1, 3, 10, 0, 0, 0.00%, 0, 0, 1, 204.16
1734524231, 1, 4, 10, 0, 0, 0.00%, 0, 0, 1, 203.61
1734524236, 1, 6, 10, 0, 0, 0.00%, 0, 0, 1, 202.91
1734524241, 1, 7, 10, 0, 0, 0.00%, 0, 0, 1, 209.02
1734524247, 1, 8, 10, 0, 0, 0.00%, 0, 0, 1, 204.51
1734524252, 2, 0, 10, 0, 0, 0.00%, 0, 0, 1, 201.99
1734524257, 2, 1, 10, 0, 0, 0.00%, 0, 0, 1, 201.96
1734524262, 2, 3, 10, 0, 0, 0.00%, 0, 0, 1, 201.54
1734524267, 2, 4, 10, 0, 0, 0.00%, 0, 0, 1, 205.28
1734524272, 2, 5, 10, 0, 0, 0.00%, 0, 0, 1, 206.00
1734524277, 2, 7, 10, 0, 0, 0.00%, 0, 0, 1, 203.67
1734524282, 2, 8, 10, 0, 0, 0.00%, 0, 0, 1, 203.66
1734524287, 3, 0, 10, 0, 0, 0.00%, 0, 0, 1, 203.50
1734524292, 3, 1, 10, 0, 0, 0.00%, 0, 0, 1, 200.75
1734524298, 3, 2, 10, 0, 0, 0.00%, 0, 0, 1, 203.29
1734524303, 3, 4, 10, 0, 0, 0.00%, 0, 0, 1, 202.37
1734524308, 3, 5, 10, 0, 0, 0.00%, 0, 0, 1, 205.67
1734524313, 3, 6, 10, 0, 0, 0.00%, 0, 0, 1, 201.12
1734524318, 3, 8, 10, 0, 0, 0.00%, 0, 0, 1, 203.46
1734524323, 3, 9, 10, 0, 0, 0.00%, 0, 0, 1, 202.14
1734524328, 4, 1, 10, 0, 0, 0.00%, 0, 0, 1, 200.43
1734524333, 4, 2, 10, 0, 0, 0.00%, 0, 0, 1, 204.20
1734524338, 4, 3, 10, 0, 0, 0.00%, 0, 0, 1, 199.66
1734524344, 4, 5, 10, 0, 0, 0.00%, 0, 0, 1, 203.51
1734524349, 4, 6, 10, 0, 0, 0.00%, 0, 0, 1, 204.61
1734524354, 4, 8, 10, 0, 0, 0.00%, 0, 0, 1, 201.30
1734524359, 4, 9, 10, 0, 0, 0.00%, 0, 0, 1, 205.30
1734524364, 5, 0, 10, 0, 0, 0.00%, 0, 0, 1, 205.78
1734524369, 5, 2, 10, 0, 0, 0.00%, 0, 0, 1, 202.88
1734524374, 5, 3, 10, 0, 0, 0.00%, 0, 0, 1, 202.43
1734524379, 5, 4, 10, 0, 0, 0.00%, 0, 0, 1, 202.41
1734524384, 5, 6, 10, 0, 0, 0.00%, 0, 0, 1, 200.03
1734524389, 5, 7, 10, 0, 0, 0.00%, 0, 0, 1, 201.68
1734524394, 5, 8, 10, 0, 0, 0.00%, 0, 0, 1, 203.21
1734524399, 6, 0, 10, 0, 0, 0.00%, 0, 0, 1, 200.06
1734524405, 6, 1, 10, 0, 0, 0.00%, 0, 0, 1, 204.12
1734524410, 6, 3, 10, 0, 0, 0.00%, 0, 0, 1, 201.97
1734524415, 6, 4, 10, 0, 0, 0.00%, 0, 0, 1, 201.40
1734524420, 6, 5, 10, 0, 0, 0.00%, 0, 0, 1, 200.32
1734524425, 6, 7, 10, 0, 0, 0.00%, 0, 0, 1, 201.83
1734524430, 6, 8, 10, 0, 0, 0.00%, 0, 0, 1, 203.11
1734524435, 6, 9, 10, 0, 0, 0.00%, 0, 0, 1, 201.80
1734524440, 7, 1, 10, 0, 0, 0.00%, 0, 0, 1, 201.02
1734524445, 7, 2, 10, 0, 0, 0.00%, 0, 0, 1, 205.14
1734524450, 7, 3, 10, 0, 0, 0.00%, 0, 0, 1, 203.23
1734524455, 7, 5, 10, 0, 0, 0.00%, 0, 0, 1, 201.33
1734524460, 7, 6, 10, 0, 0, 0.00%, 0, 0, 1, 205.19
1734524465, 7, 8, 10, 0, 0, 0.00%, 0, 0, 1, 205.48
1734524470, 7, 9, 10, 0, 0, 0.00%, 0, 0, 1, 202.21
1734524475, 8, 0, 10, 0, 0, 0.00%, 0, 0, 1, 197.37
1734524480, 8, 2, 10, 0, 0, 0.00%, 0, 0, 1, 199.39
1734524486, 8, 3, 10, 0, 0, 0.00%, 0, 0, 1, 200.51
1734524491, 8, 4, 10, 0, 0, 0.00%, 0, 0, 1, 202.87
1734524496, 8, 6, 10, 0, 0, 0.00%, 0, 0, 1, 202.15
1734524501, 8, 7, 10, 0, 0, 0.00%, 0, 0, 1, 202.68
1734524506, 8, 9, 10, 0, 0, 0.00%, 0, 0, 1, 198.63
1734524511, 9, 0, 10, 0, 0, 0.00%, 0, 0, 1, 205.09
1734524516, 9, 1, 10, 0, 0, 0.00%, 0, 0, 1, 202.77
1734524521, 9, 3, 10, 0, 0, 0.00%, 0, 0, 1, 200.90
1734524526, 9, 4, 10, 0, 0, 0.00%, 0, 0, 1, 198.57
1734524532, 9, 5, 10, 0, 0, 0.00%, 0, 0, 1, 199.31
1734524537, 9, 7, 10, 0, 0, 0.00%, 0, 0, 1, 201.21
1734524542, 9, 8, 10, 0, 0, 0.00%, 0, 0, 1, 200.31
1734524547, 10, 0, 10, 0, 0, 0.00%, 0, 0, 1, 200.57
1734524552, 10, 1, 10, 0, 0, 0.00%, 0, 0, 1, 198.70
1734524557, 10, 2, 10, 0, 0, 0.00%, 0, 0, 1, 202.69
1734524562, 10, 4, 10, 0, 0, 0.00%, 0, 0, 1, 199.37
1734524567, 10, 5, 10, 0, 0, 0.00%, 0, 0, 1, 198.79
1734524572, 10, 6, 10, 0, 0, 0.00%, 0, 0, 1, 199.63
1734524577, 10, 8, 10, 0, 0, 0.00%, 0, 0, 1, 200.03
1734524582, 10, 9, 10, 0, 0, 0.00%, 0, 0, 1, 197.27
1734524588, 11, 0, 10, 0, 0, 0.00%, 0, 0, 1, 200.77
1734524593, 11, 2, 10, 0, 0, 0.00%, 0, 0, 1, 199.91
1734524598, 11, 3, 10, 0, 0, 0.00%, 0, 0, 1, 201.56
1734524603, 11, 4, 10, 0, 0, 0.00%, 0, 0, 1, 198.99
1734524608, 11, 6, 10, 0, 0, 0.00%, 0, 0, 1, 204.10
1734524613, 11, 7, 10, 0, 0, 0.00%, 0, 0, 1, 202.77
1734524618, 11, 9, 10, 0, 0, 0.00%, 0, 0, 1, 203.41
1734524623, 12, 0, 10, 0, 0, 0.00%, 0, 0, 1, 202.22
1734524628, 12, 1, 10, 0, 0, 0.00%, 0, 0, 1, 200.13
1734524633, 12, 3, 10, 0, 0, 0.00%, 0, 0, 1, 202.45
1734524638, 12, 4, 10, 0, 0, 0.00%, 0, 0, 1, 202.39
1734524643, 12, 5, 10, 0, 0, 0.00%, 0, 0, 1, 199.85
1734524648, 12, 7, 10, 0, 0, 0.00%, 0, 0, 1, 204.03
1734524653, 12, 8, 10, 0, 0, 0.00%, 0, 0, 1, 198.77
1734524658, 12, 9, 10, 0, 0, 0.00%, 0, 0, 1, 201.36
1734524663, 13, 1, 10, 0, 0, 0.00%, 0, 0, 1, 200.34
1734524668, 13, 2, 10, 0, 0, 0.00%, 0, 0, 1, 197.49
1734524674, 13, 3, 10, 0, 0, 0.00%, 0, 0, 1, 197.46
1734524679, 13, 5, 10, 0, 0, 0.00%, 0, 0, 1, 198.95
1734524684, 13, 6, 10, 0, 0, 0.00%, 0, 0, 1, 204.81
1734524689, 13, 8, 10, 0, 0, 0.00%, 0, 0, 1, 199.92
1734524694, 13, 9, 10, 0, 0, 0.00%, 0, 0, 1, 201.54
1734524699, 14, 0, 10, 0, 0, 0.00%, 0, 0, 1, 201.62
1734524704, 14, 2, 10, 0, 0, 0.00%, 0, 0, 1, 200.67
1734524709, 14, 3, 10, 0, 0, 0.00%, 0, 0, 1, 204.58
1734524714, 14, 4, 10, 0, 0, 0.00%, 0, 0, 1, 202.28
1734524719, 14, 6, 10, 0, 0, 0.00%, 0, 0, 1, 203.50
1734524724, 14, 7, 10, 0, 0, 0.00%, 0, 0, 1, 201.28
1734524729, 14, 8, 10, 0, 0, 0.00%, 0, 0, 1, 200.24
1734524734, 15, 0, 10, 0, 0, 0.00%, 0, 0, 1, 202.56
1734524740, 15, 1, 10, 0, 0, 0.00%, 0, 0, 1, 203.42
1734524745, 15, 3, 10, 0, 0, 0.00%, 0, 0, 1, 207.53
1734524750, 15, 4, 10, 0, 0, 0.00%, 0, 0, 1, 206.90
1734524755, 15, 5, 10, 0, 0, 0.00%, 0, 0, 1, 211.08
1734524760, 15, 7, 10, 0, 0, 0.00%, 0, 0, 1, 208.20
1734524765, 15, 8, 10, 0, 0, 0.00%, 0, 0, 1, 206.33
1734524770, 16, 0, 10, 0, 0, 0.00%, 0, 0, 1, 210.45
1734524775, 16, 1, 10, 0, 0, 0.00%, 0, 0, 1, 206.20
1734524780, 16, 3, 10, 0, 0, 0.00%, 0, 0, 1, 210.38
1734524785, 16, 4, 10, 0, 0, 0.00%, 0, 0, 1, 209.64
1734524790, 16, 5, 10, 0, 0, 0.00%, 0, 0, 1, 209.07
1734524795, 16, 7, 10, 0, 0, 0.00%, 0, 0, 1, 207.70
1734524800, 16, 8, 10, 0, 0, 0.00%, 0, 0, 1, 205.44
1734524805, 17, 0, 10, 0, 0, 0.00%, 0, 0, 1, 208.78
1734524810, 17, 1, 10, 0, 0, 0.00%, 0, 0, 1, 205.18
1734524815, 17, 2, 10, 0, 0, 0.00%, 0, 0, 1, 208.38
1734524820, 17, 4, 10, 0, 0, 0.00%, 0, 0, 1, 204.74
1734524825, 17, 5, 10, 0, 0, 0.00%, 0, 0, 1, 208.48
1734524830, 17, 6, 10, 0, 0, 0.00%, 0, 0, 1, 204.51
1734524835, 17, 8, 10, 0, 0, 0.00%, 0, 0, 1, 205.65
1734524841, 17, 9, 10, 0, 0, 0.00%, 0, 0, 1, 209.91
1734524846, 18, 1, 10, 0, 0, 0.00%, 0, 0, 1, 206.95
1734524851, 18, 2, 10, 0, 0, 0.00%, 0, 0, 1, 209.30
1734524856, 18, 3, 10, 0, 0, 0.00%, 0, 0, 1, 209.11
1734524861, 18, 5, 10, 0, 0, 0.00%, 0, 0, 1, 207.60
1734524866, 18, 6, 10, 0, 0, 0.00%, 0, 0, 1, 206.65
1734524871, 18, 10, 12, 2, 1, 0.05%, 2, 0, 3, 212.28
1734524881, 18, 10, 13, 3, 1, 0.05%, 3, 0, 3, 207.37
1734524886, 18, 10, 14, 4, 1, 0.05%, 4, 0, 3, 209.23
1734524906, 18, 10, 15, 5, 1, 0.06%, 5, 0, 3, 214.09
1734524927, 18, 10, 16, 6, 1, 0.06%, 5, 0, 3, 207.90
1734524992, 18, 10, 17, 7, 1, 0.06%, 6, 0, 3, 201.94
1734525003, 18, 10, 21, 11, 1, 0.06%, 6, 0, 3, 265.19
1734525013, 18, 13, 22, 11, 5, 0.06%, 6, 0, 4, 251.09
1734525023, 18, 13, 23, 12, 5, 0.06%, 6, 0, 4, 243.57
1734525064, 18, 13, 24, 13, 5, 0.06%, 7, 0, 4, 241.55
1734525079, 18, 13, 25, 14, 5, 0.06%, 7, 0, 4, 246.16
1734525100, 18, 13, 27, 16, 5, 0.06%, 7, 0, 4, 233.97
1734525125, 18, 13, 29, 18, 5, 0.06%, 8, 0, 4, 243.51
1734525135, 18, 28, 30, 18, 6, 0.06%, 9, 0, 5, 379.32
1734525140, 18, 28, 32, 20, 6, 0.06%, 9, 0, 5, 458.01
1734525146, 18, 28, 33, 21, 6, 0.06%, 9, 0, 5, 472.94
1734525151, 18, 28, 34, 22, 6, 0.06%, 9, 0, 5, 475.72
1734525166, 18, 28, 35, 23, 6, 0.06%, 9, 0, 5, 482.44
1734525181, 18, 28, 36, 24, 6, 0.06%, 9, 0, 5, 482.57
1734525192, 18, 28, 38, 26, 6, 0.06%, 9, 0, 5, 284.76
1734525207, 19, 16, 38, 25, 6, 0.06%, 9, 0, 5, 269.62
1734525212, 19, 16, 41, 28, 6, 0.06%, 9, 0, 5, 263.16
1734525217, 19, 16, 42, 29, 6, 0.06%, 9, 0, 5, 257.56
1734525237, 19, 16, 43, 30, 6, 0.06%, 9, 0, 5, 258.96
1734525313, 19, 29, 43, 29, 5, 0.06%, 9, 0, 5, 418.45
1734525318, 19, 29, 44, 30, 5, 0.06%, 9, 0, 6, 474.56
1734525324, 19, 29, 45, 31, 5, 0.06%, 9, 0, 6, 483.35
1734525395, 19, 44, 45, 30, 4, 0.06%, 9, 0, 6, 340.78
1734525400, 19, 44, 46, 31, 4, 0.06%, 9, 0, 7, 401.67
1734525405, 19, 44, 49, 34, 4, 0.06%, 9, 0, 7, 484.02
1734525410, 19, 44, 50, 35, 4, 0.06%, 9, 0, 7, 496.65
1734525420, 19, 44, 54, 39, 4, 0.06%, 9, 0, 7, 510.63
1734525481, 19, 44, 55, 40, 4, 0.06%, 9, 0, 7, 420.77
1734525502, 19, 44, 56, 41, 4, 0.06%, 9, 0, 7, 434.91
1734525507, 19, 44, 57, 42, 4, 0.06%, 9, 0, 7, 429.02
1734525522, 19, 44, 58, 43, 4, 0.06%, 9, 0, 7, 442.63
1734525548, 20, 23, 58, 42, 4, 0.06%, 9, 0, 7, 306.69
1734525583, 20, 27, 58, 41, 3, 0.06%, 9, 0, 7, 269.81
1734525603, 20, 27, 59, 42, 3, 0.06%, 9, 0, 7, 256.66
1734525623, 20, 27, 60, 43, 3, 0.06%, 9, 0, 7, 256.41
1734525644, 20, 27, 61, 44, 3, 0.06%, 9, 0, 7, 258.82
1734525730, 20, 28, 61, 43, 3, 0.06%, 9, 0, 7, 373.66
1734525745, 20, 28, 62, 44, 3, 0.06%, 9, 0, 7, 291.44
1734525750, 20, 30, 62, 44, 3, 0.06%, 9, 0, 7, 348.31
1734525786, 20, 36, 62, 43, 3, 0.06%, 9, 0, 7, 271.96
1734525821, 21, 13, 62, 42, 3, 0.06%, 9, 0, 7, 255.11
1734525837, 21, 21, 62, 42, 3, 0.06%, 9, 0, 7, 427.76
1734525867, 21, 22, 63, 42, 3, 0.06%, 9, 0, 7, 334.09
1734525883, 21, 22, 64, 43, 3, 0.06%, 9, 0, 7, 407.93
1734525913, 21, 22, 65, 44, 3, 0.06%, 9, 0, 7, 410.54
1734525938, 21, 22, 66, 45, 3, 0.06%, 9, 0, 7, 410.78
1734525964, 21, 23, 66, 44, 3, 0.06%, 9, 0, 7, 388.59
1734525979, 21, 37, 66, 44, 3, 0.06%, 9, 0, 7, 252.10
1734526081, 21, 58, 66, 43, 3, 0.06%, 9, 0, 7, 362.38
1734526116, 21, 59, 66, 42, 3, 0.06%, 9, 0, 7, 354.68
1734526172, 21, 60, 66, 41, 3, 0.06%, 9, 0, 7, 263.76
1734526517, 21, 60, 67, 42, 3, 0.06%, 9, 0, 7, 429.54
1734526522, 21, 60, 68, 43, 3, 0.06%, 9, 0, 7, 423.05
1734526573, 21, 60, 69, 44, 3, 0.06%, 9, 0, 7, 431.45
1734526593, 21, 62, 69, 43, 3, 0.06%, 9, 0, 7, 329.66
1734526629, 21, 63, 69, 42, 3, 0.06%, 9, 0, 7, 464.95
1734526791, 21, 64, 69, 41, 3, 0.06%, 9, 0, 7, 486.64
1734526822, 21, 65, 69, 40, 3, 0.06%, 9, 0, 7, 403.83
1734526857, 21, 66, 69, 39, 3, 0.06%, 9, 0, 7, 350.38
1734527243, 22, 12, 69, 38, 3, 0.06%, 9, 0, 7, 314.74
1734527279, 22, 12, 70, 39, 3, 0.06%, 9, 0, 7, 489.11
1734527406, 22, 13, 70, 38, 3, 0.06%, 9, 0, 7, 287.43
1734527417, 22, 21, 70, 38, 3, 0.06%, 9, 0, 7, 446.46
1734527432, 22, 22, 70, 38, 3, 0.06%, 9, 0, 7, 376.31
1734527447, 22, 24, 70, 38, 3, 0.06%, 9, 0, 7, 321.68
1734527483, 22, 25, 70, 37, 3, 0.06%, 9, 0, 7, 275.69
1734527544, 22, 26, 70, 36, 3, 0.06%, 9, 0, 7, 420.49
1734527594, 22, 27, 70, 35, 3, 0.06%, 9, 0, 7, 302.65
1734527609, 22, 28, 70, 35, 3, 0.06%, 9, 0, 7, 365.72
1734527630, 22, 29, 70, 35, 3, 0.06%, 9, 0, 7, 431.85
1734527645, 22, 30, 70, 35, 3, 0.06%, 9, 0, 7, 423.69
1734527661, 22, 31, 70, 35, 3, 0.06%, 9, 0, 7, 400.10
1734527691, 22, 32, 70, 34, 3, 0.06%, 9, 0, 7, 326.93
1734527737, 22, 33, 70, 33, 3, 0.06%, 9, 0, 7, 501.02
1734527767, 22, 34, 70, 32, 3, 0.06%, 9, 0, 7, 389.36
1734527803, 22, 35, 70, 31, 3, 0.06%, 9, 0, 7, 380.60
1734527829, 22, 35, 71, 32, 3, 0.06%, 9, 0, 7, 519.30
1734527875, 22, 36, 71, 31, 3, 0.06%, 9, 0, 7, 340.64
1734527895, 22, 37, 71, 31, 3, 0.06%, 9, 0, 7, 437.84
1734527976, 22, 38, 71, 31, 3, 0.06%, 9, 0, 7, 309.95
1734527997, 22, 38, 72, 32, 3, 0.06%, 9, 0, 7, 431.46
1734528038, 22, 39, 72, 31, 3, 0.06%, 9, 0, 7, 365.01
1734528068, 22, 40, 72, 30, 3, 0.06%, 9, 0, 7, 281.84
1734528129, 22, 40, 73, 31, 3, 0.06%, 9, 0, 7, 327.12
1734528134, 22, 43, 73, 30, 3, 0.06%, 9, 0, 7, 459.44
1734528170, 22, 44, 73, 29, 3, 0.06%, 9, 0, 7, 395.85
1734528261, 22, 58, 73, 29, 3, 0.06%, 9, 0, 7, 383.14
1734528282, 22, 59, 73, 29, 3, 0.06%, 9, 0, 7, 439.46
1734528297, 22, 60, 73, 29, 3, 0.06%, 9, 0, 7, 326.48
1734528322, 22, 61, 73, 29, 3, 0.06%, 9, 0, 7, 475.25
1734528507, 22, 62, 73, 28, 3, 0.06%, 9, 0, 7, 405.22
1734528527, 22, 63, 73, 28, 3, 0.06%, 9, 0, 7, 381.56
1734528542, 22, 64, 73, 28, 3, 0.06%, 9, 0, 7, 416.62
1734528552, 22, 64, 74, 29, 3, 0.06%, 9, 0, 7, 352.86
1734528563, 22, 65, 74, 29, 3, 0.06%, 9, 0, 7, 435.06
1734528578, 22, 66, 74, 29, 3, 0.06%, 9, 0, 7, 314.53
1734528604, 22, 67, 74, 29, 3, 0.06%, 9, 0, 7, 404.45
1734528680, 22, 73, 74, 28, 3, 0.06%, 9, 0, 7, 333.69
1734528686, 22, 73, 75, 29, 3, 0.06%, 9, 0, 7, 377.84
1734528783, 22, 74, 75, 28, 3, 0.06%, 9, 0, 7, 364.41
1734528884, 23, 11, 75, 27, 3, 0.06%, 9, 0, 7, 301.15
1734528905, 23, 12, 75, 26, 2, 0.06%, 9, 0, 7, 370.00
1734528915, 23, 13, 75, 26, 2, 0.06%, 9, 0, 7, 294.30
1734528925, 23, 14, 75, 26, 2, 0.06%, 9, 0, 7, 300.53
1734528940, 23, 15, 75, 25, 1, 0.06%, 9, 0, 7, 296.32
1734528961, 23, 16, 75, 24, 0, 0.06%, 9, 0, 7, 300.33
1734528971, 23, 17, 75, 24, 0, 0.06%, 9, 0, 7, 328.42
1734529017, 23, 17, 76, 25, 0, 0.06%, 9, 0, 7, 399.91
1734529022, 23, 18, 76, 24, 0, 0.06%, 9, 0, 7, 332.14
1734529042, 23, 19, 76, 23, 0, 0.06%, 9, 0, 7, 349.04
1734529068, 23, 20, 76, 22, 0, 0.06%, 9, 0, 7, 348.36
1734529083, 23, 21, 76, 21, 0, 0.06%, 9, 0, 7, 389.37
1734529104, 23, 22, 76, 21, 0, 0.06%, 9, 0, 7, 413.31
1734529119, 23, 23, 76, 21, 0, 0.06%, 9, 0, 7, 410.42
1734529134, 23, 24, 76, 21, 0, 0.06%, 9, 0, 7, 409.82
1734529140, 23, 24, 77, 22, 0, 0.06%, 9, 0, 7, 359.87
1734529150, 23, 25, 77, 22, 0, 0.06%, 9, 0, 7, 335.13
1734529170, 23, 26, 77, 22, 0, 0.06%, 9, 0, 7, 322.99
1734529190, 23, 27, 77, 22, 0, 0.06%, 9, 0, 7, 294.91
1734529211, 23, 28, 77, 22, 0, 0.06%, 9, 0, 7, 424.58
1734529226, 23, 29, 77, 22, 0, 0.06%, 9, 0, 7, 415.40
1734529236, 23, 30, 77, 22, 0, 0.06%, 9, 0, 7, 319.07
1734529257, 23, 31, 77, 22, 0, 0.06%, 9, 0, 7, 436.61
1734529272, 23, 32, 77, 22, 0, 0.06%, 9, 0, 7, 297.09
1734529292, 23, 33, 77, 22, 0, 0.06%, 9, 0, 7, 399.67
1734529308, 23, 34, 77, 22, 0, 0.06%, 9, 0, 7, 385.34
1734529323, 23, 35, 77, 22, 0, 0.06%, 9, 0, 7, 379.72
1734529338, 23, 36, 77, 22, 0, 0.06%, 9, 0, 7, 371.21
1734529358, 23, 37, 77, 22, 0, 0.06%, 9, 0, 7, 403.27
1734529374, 23, 38, 77, 22, 0, 0.06%, 9, 0, 7, 385.06
1734529389, 23, 39, 77, 22, 0, 0.06%, 9, 0, 7, 362.76
1734529404, 23, 40, 77, 22, 0, 0.06%, 9, 0, 7, 345.84
1734529425, 23, 41, 77, 22, 0, 0.06%, 9, 0, 7, 397.23
1734529455, 23, 42, 77, 21, 0, 0.06%, 9, 0, 7, 366.94
1734529491, 23, 43, 77, 20, 0, 0.06%, 9, 0, 7, 442.91
1734529506, 23, 44, 77, 20, 0, 0.06%, 9, 0, 7, 378.35
1734529521, 23, 45, 77, 20, 0, 0.06%, 9, 0, 7, 374.29
1734529618, 23, 46, 77, 19, 0, 0.06%, 9, 0, 7, 370.81
1734529659, 23, 47, 77, 18, 0, 0.06%, 9, 0, 7, 393.81
1734529689, 23, 58, 77, 17, 0, 0.06%, 9, 0, 7, 368.56
1734529709, 23, 59, 77, 17, 0, 0.06%, 9, 0, 7, 438.24
1734529725, 23, 60, 77, 17, 0, 0.06%, 9, 0, 7, 346.21
1734529750, 23, 61, 77, 17, 0, 0.06%, 9, 0, 7, 407.17
1734529770, 23, 62, 77, 17, 0, 0.06%, 9, 0, 7, 418.52
1734529786, 23, 63, 77, 17, 0, 0.06%, 9, 0, 7, 303.36
1734529806, 23, 64, 77, 17, 0, 0.06%, 9, 0, 7, 432.52
1734529822, 23, 65, 77, 17, 0, 0.06%, 9, 0, 7, 421.61
1734529837, 23, 66, 77, 17, 0, 0.06%, 9, 0, 7, 415.04
1734529862, 23, 67, 77, 17, 0, 0.06%, 9, 0, 7, 414.97
1734529878, 23, 68, 77, 17, 0, 0.06%, 9, 0, 7, 283.64
1734530432, 23, 70, 77, 16, 0, 0.06%, 9, 0, 7, 393.35
1734530509, 23, 71, 77, 15, 0, 0.06%, 9, 0, 7, 420.80
1734530616, 23, 72, 77, 14, 0, 0.06%, 9, 0, 7, 392.87
1734530718, 23, 73, 77, 13, 0, 0.06%, 9, 0, 7, 334.34
1734530734, 23, 74, 77, 13, 0, 0.06%, 9, 0, 7, 353.25
1734530754, 23, 75, 77, 13, 0, 0.06%, 9, 0, 7, 372.94
1734530850, 23, 76, 77, 12, 0, 0.06%, 9, 0, 7, 375.49
1734530942, 24, 13, 77, 11, 0, 0.06%, 9, 0, 7, 298.79
1734530947, 24, 21, 77, 11, 0, 0.06%, 9, 0, 7, 411.58
1734530962, 24, 22, 77, 11, 0, 0.06%, 9, 0, 7, 370.60
1734530978, 24, 23, 77, 11, 0, 0.06%, 9, 0, 7, 332.23
1734530998, 24, 24, 77, 11, 0, 0.06%, 9, 0, 7, 417.17
1734531013, 24, 25, 77, 11, 0, 0.06%, 9, 0, 7, 318.78
1734531034, 24, 26, 77, 11, 0, 0.06%, 9, 0, 7, 308.73
1734531054, 24, 27, 77, 11, 0, 0.06%, 9, 0, 7, 296.68
1734531074, 24, 28, 77, 11, 0, 0.06%, 9, 0, 7, 341.53
1734531079, 24, 30, 77, 11, 0, 0.06%, 9, 0, 7, 325.49
1734531100, 24, 31, 77, 11, 0, 0.06%, 9, 0, 7, 450.46
1734531115, 24, 33, 77, 11, 0, 0.06%, 9, 0, 7, 411.34
1734531130, 24, 34, 77, 11, 0, 0.06%, 9, 0, 7, 442.33
1734531146, 24, 35, 77, 11, 0, 0.06%, 9, 0, 7, 346.94
1734531151, 24, 35, 78, 12, 0, 0.06%, 9, 0, 7, 461.94
1734531166, 24, 36, 78, 12, 0, 0.06%, 9, 0, 7, 328.19
1734531186, 24, 37, 78, 12, 0, 0.06%, 9, 0, 7, 386.39
1734531202, 24, 58, 78, 12, 0, 0.06%, 9, 0, 7, 339.39
1734531222, 24, 59, 78, 12, 0, 0.06%, 9, 0, 7, 439.48
1734531237, 24, 60, 78, 12, 0, 0.06%, 9, 0, 7, 320.12
1734531263, 24, 61, 78, 12, 0, 0.06%, 9, 0, 7, 355.88
1734531283, 24, 62, 78, 12, 0, 0.06%, 9, 0, 7, 425.86
1734531298, 24, 63, 78, 12, 0, 0.06%, 9, 0, 7, 298.95
1734531319, 24, 64, 78, 12, 0, 0.06%, 9, 0, 7, 408.84
1734531334, 24, 65, 78, 12, 0, 0.06%, 9, 0, 7, 376.01
1734531354, 24, 66, 78, 12, 0, 0.06%, 9, 0, 7, 270.74
1734531375, 24, 67, 78, 12, 0, 0.06%, 9, 0, 7, 354.17
1734531395, 24, 68, 78, 12, 0, 0.06%, 9, 0, 7, 305.26
1734531420, 24, 70, 78, 12, 0, 0.06%, 9, 0, 7, 386.18
1734531436, 24, 73, 78, 12, 0, 0.06%, 9, 0, 7, 352.89
1734531456, 24, 74, 78, 12, 0, 0.06%, 9, 0, 7, 351.43
1734531471, 24, 76, 78, 12, 0, 0.06%, 9, 0, 7, 355.42
1734531491, 24, 77, 78, 12, 0, 0.06%, 9, 0, 7, 388.09
1734531573, 25, 13, 78, 11, 0, 0.06%, 9, 0, 7, 290.96
1734531578, 25, 21, 78, 11, 0, 0.06%, 9, 0, 7, 355.30
1734531584, 25, 22, 78, 11, 0, 0.06%, 9, 0, 7, 317.38
1734531594, 25, 23, 78, 11, 0, 0.06%, 9, 0, 7, 385.48
1734531604, 25, 24, 78, 11, 0, 0.06%, 9, 0, 7, 408.93
1734531619, 25, 25, 78, 11, 0, 0.06%, 9, 0, 7, 319.31
1734531640, 25, 26, 78, 11, 0, 0.06%, 9, 0, 7, 325.75
1734531655, 25, 27, 78, 11, 0, 0.06%, 9, 0, 7, 311.57
1734531665, 25, 28, 78, 11, 0, 0.06%, 9, 0, 7, 302.11
1734531675, 25, 30, 78, 11, 0, 0.06%, 9, 0, 7, 377.83
1734531685, 25, 31, 78, 11, 0, 0.06%, 9, 0, 7, 441.46
1734531700, 25, 33, 78, 11, 0, 0.06%, 9, 0, 7, 410.21
1734531715, 25, 34, 78, 11, 0, 0.06%, 9, 0, 7, 376.30
1734531731, 25, 35, 78, 11, 0, 0.06%, 9, 0, 7, 327.13
1734531751, 25, 36, 78, 11, 0, 0.06%, 9, 0, 7, 349.58
1734531761, 25, 37, 78, 11, 0, 0.06%, 9, 0, 7, 371.27
1734531766, 25, 58, 78, 11, 0, 0.06%, 9, 0, 7, 320.08
1734531786, 25, 59, 78, 11, 0, 0.06%, 9, 0, 7, 433.21
1734531801, 25, 60, 78, 11, 0, 0.06%, 9, 0, 7, 340.33
1734531827, 25, 61, 78, 11, 0, 0.06%, 9, 0, 7, 365.70
1734531996, 25, 62, 78, 11, 0, 0.06%, 9, 0, 7, 365.89
1734532012, 25, 63, 78, 11, 0, 0.06%, 9, 0, 7, 361.15
1734532032, 25, 64, 78, 11, 0, 0.06%, 9, 0, 7, 401.02
1734532047, 25, 65, 78, 11, 0, 0.06%, 9, 0, 7, 360.65
1734532068, 25, 66, 78, 11, 0, 0.06%, 9, 0, 7, 279.66
1734532088, 25, 67, 78, 11, 0, 0.06%, 9, 0, 7, 330.72
1734532108, 25, 68, 78, 11, 0, 0.06%, 9, 0, 7, 323.97
1734532134, 25, 69, 78, 11, 0, 0.06%, 9, 0, 7, 368.98
1734532235, 25, 70, 78, 10, 0, 0.06%, 9, 0, 7, 366.41
1734532256, 25, 71, 78, 10, 0, 0.06%, 9, 0, 7, 383.88
1734532271, 25, 72, 78, 10, 0, 0.06%, 9, 0, 7, 341.09
1734532291, 25, 73, 78, 10, 0, 0.06%, 9, 0, 7, 344.35
1734532306, 25, 74, 78, 10, 0, 0.06%, 9, 0, 7, 348.24
1734532327, 25, 75, 78, 10, 0, 0.06%, 9, 0, 7, 354.54
1734532347, 25, 76, 78, 10, 0, 0.06%, 9, 0, 7, 392.54
1734532367, 25, 77, 78, 10, 0, 0.06%, 9, 0, 7, 439.08
1734532382, 26, 11, 78, 10, 0, 0.06%, 9, 0, 7, 315.62
1734532392, 26, 12, 78, 10, 0, 0.06%, 9, 0, 7, 357.22
1734532403, 26, 14, 78, 10, 0, 0.06%, 9, 0, 7, 310.37
1734532413, 26, 15, 78, 10, 0, 0.06%, 9, 0, 7, 296.72
1734532423, 26, 16, 78, 10, 0, 0.06%, 9, 0, 7, 312.31
1734532433, 26, 17, 78, 10, 0, 0.06%, 9, 0, 7, 349.65
1734532443, 26, 18, 78, 10, 0, 0.06%, 9, 0, 7, 349.26
1734532448, 26, 19, 78, 10, 0, 0.06%, 9, 0, 7, 311.15
1734532458, 26, 20, 78, 10, 0, 0.06%, 9, 0, 7, 301.22
1734532469, 26, 21, 78, 10, 0, 0.06%, 9, 0, 7, 401.23
1734532479, 26, 22, 78, 10, 0, 0.06%, 9, 0, 7, 347.56
1734532489, 26, 23, 78, 10, 0, 0.06%, 9, 0, 7, 346.06
1734532494, 26, 24, 78, 10, 0, 0.06%, 9, 0, 7, 386.83
1734532504, 26, 25, 78, 10, 0, 0.06%, 9, 0, 7, 374.25
1734532510, 26, 26, 78, 10, 0, 0.06%, 9, 0, 7, 352.31
1734532520, 26, 27, 78, 10, 0, 0.06%, 9, 0, 7, 296.82
1734532530, 26, 28, 78, 10, 0, 0.06%, 9, 0, 7, 345.52
1734532535, 26, 29, 78, 10, 0, 0.06%, 9, 0, 7, 389.46
1734532550, 26, 30, 78, 10, 0, 0.06%, 9, 0, 7, 344.35
1734532560, 26, 31, 78, 10, 0, 0.06%, 9, 0, 7, 392.75
1734532570, 26, 32, 78, 10, 0, 0.06%, 9, 0, 7, 295.81
1734532591, 26, 33, 78, 10, 0, 0.06%, 9, 0, 7, 369.46
1734532596, 26, 34, 78, 10, 0, 0.06%, 9, 0, 7, 405.64
1734532606, 26, 35, 78, 10, 0, 0.06%, 9, 0, 7, 394.98
1734532616, 26, 36, 78, 10, 0, 0.06%, 9, 0, 7, 336.53
1734532621, 26, 37, 78, 10, 0, 0.06%, 9, 0, 7, 313.84
1734532631, 26, 38, 78, 10, 0, 0.06%, 9, 0, 7, 378.75
1734532652, 26, 39, 78, 10, 0, 0.06%, 9, 0, 7, 347.01
1734532667, 26, 40, 78, 10, 0, 0.06%, 9, 0, 7, 347.17
1734532687, 26, 41, 78, 10, 0, 0.06%, 9, 0, 7, 386.55
1734532702, 26, 42, 78, 10, 0, 0.06%, 9, 0, 7, 363.05
1734532717, 26, 43, 78, 10, 0, 0.06%, 9, 0, 7, 291.04
1734532737, 26, 44, 78, 10, 0, 0.06%, 9, 0, 7, 420.08
1734532753, 26, 45, 78, 10, 0, 0.06%, 9, 0, 7, 383.91
1734532839, 26, 46, 78, 10, 0, 0.06%, 9, 0, 7, 359.83
1734532859, 26, 47, 78, 10, 0, 0.06%, 9, 0, 7, 448.28
1734532875, 26, 48, 78, 10, 0, 0.06%, 9, 0, 7, 421.23
1734532905, 26, 49, 78, 9, 0, 0.06%, 9, 0, 7, 273.75
1734532972, 26, 50, 78, 8, 0, 0.06%, 9, 0, 7, 389.38
1734533068, 26, 51, 78, 7, 0, 0.06%, 9, 0, 7, 377.34
1734533169, 26, 52, 78, 6, 0, 0.06%, 9, 0, 7, 361.28
1734533271, 26, 58, 78, 5, 0, 0.06%, 9, 0, 7, 330.02
1734533276, 26, 59, 78, 5, 0, 0.06%, 9, 0, 7, 370.39
1734533281, 26, 60, 78, 5, 0, 0.06%, 9, 0, 7, 404.33
1734533292, 26, 61, 78, 5, 0, 0.06%, 9, 0, 7, 335.47
1734533312, 26, 62, 78, 5, 0, 0.06%, 9, 0, 7, 406.28
1734533322, 26, 63, 78, 5, 0, 0.06%, 9, 0, 7, 329.39
1734533332, 26, 64, 78, 5, 0, 0.06%, 9, 0, 7, 397.66
1734533342, 26, 65, 78, 5, 0, 0.06%, 9, 0, 7, 381.86
1734533347, 26, 66, 78, 5, 0, 0.06%, 9, 0, 7, 324.83
1734533368, 26, 67, 78, 5, 0, 0.06%, 9, 0, 7, 444.73
1734533383, 26, 68, 78, 5, 0, 0.06%, 9, 0, 7, 451.43
1734533409, 26, 69, 78, 5, 0, 0.06%, 9, 0, 7, 359.39
1734533429, 26, 70, 78, 5, 0, 0.06%, 9, 0, 7, 392.67
1734533444, 26, 71, 78, 5, 0, 0.06%, 9, 0, 7, 363.96
1734533465, 26, 72, 78, 5, 0, 0.06%, 9, 0, 7, 374.52
1734533480, 26, 73, 78, 5, 0, 0.06%, 9, 0, 7, 284.72
1734533500, 26, 74, 78, 5, 0, 0.06%, 9, 0, 7, 329.32
1734533521, 26, 75, 78, 5, 0, 0.06%, 9, 0, 7, 381.72
1734533536, 26, 76, 78, 5, 0, 0.06%, 9, 0, 7, 346.37
1734533556, 26, 77, 78, 5, 0, 0.06%, 9, 0, 7, 435.90
1734533571, 27, 11, 78, 5, 0, 0.06%, 9, 0, 7, 298.36
1734533581, 27, 12, 78, 5, 0, 0.06%, 9, 0, 7, 329.92
1734533592, 27, 13, 78, 5, 0, 0.06%, 9, 0, 7, 290.71
1734533597, 27, 15, 78, 5, 0, 0.06%, 9, 0, 7, 298.63
1734533602, 27, 16, 78, 5, 0, 0.06%, 9, 0, 7, 293.45
1734533612, 27, 17, 78, 5, 0, 0.06%, 9, 0, 7, 362.25
1734533622, 27, 18, 78, 5, 0, 0.06%, 9, 0, 7, 353.51
1734533632, 27, 19, 78, 5, 0, 0.06%, 9, 0, 7, 288.82
1734533642, 27, 20, 78, 5, 0, 0.06%, 9, 0, 7, 339.88
1734533653, 27, 22, 78, 5, 0, 0.06%, 9, 0, 7, 357.98
1734533658, 27, 23, 78, 5, 0, 0.06%, 9, 0, 7, 348.33
1734533663, 27, 24, 78, 5, 0, 0.06%, 9, 0, 7, 388.52
1734533673, 27, 25, 78, 5, 0, 0.06%, 9, 0, 7, 361.30
1734533678, 27, 26, 78, 5, 0, 0.06%, 9, 0, 7, 312.60
1734533688, 27, 27, 78, 5, 0, 0.06%, 9, 0, 7, 296.73
1734533693, 27, 28, 78, 5, 0, 0.06%, 9, 0, 7, 312.25
1734533698, 27, 30, 78, 5, 0, 0.06%, 9, 0, 7, 338.06
1734533703, 27, 31, 78, 5, 0, 0.06%, 9, 0, 7, 385.32
1734533713, 27, 33, 78, 5, 0, 0.06%, 9, 0, 7, 361.98
1734533719, 27, 34, 78, 5, 0, 0.06%, 9, 0, 7, 384.29
1734533729, 27, 35, 78, 5, 0, 0.06%, 9, 0, 7, 404.02
1734533739, 27, 36, 78, 5, 0, 0.06%, 9, 0, 7, 309.96
1734533744, 27, 37, 78, 5, 0, 0.06%, 9, 0, 7, 322.95
1734533749, 27, 38, 78, 5, 0, 0.06%, 9, 0, 7, 393.17
1734533764, 27, 39, 78, 5, 0, 0.06%, 9, 0, 7, 376.93
1734533779, 27, 40, 78, 5, 0, 0.06%, 9, 0, 7, 355.12
1734533800, 27, 41, 78, 5, 0, 0.06%, 9, 0, 7, 389.83
1734533815, 27, 42, 78, 5, 0, 0.06%, 9, 0, 7, 362.13
1734533830, 27, 58, 78, 5, 0, 0.06%, 9, 0, 7, 324.30
1734533835, 27, 59, 78, 5, 0, 0.06%, 9, 0, 7, 335.48
1734533840, 27, 60, 78, 5, 0, 0.06%, 9, 0, 7, 407.64
1734533850, 27, 61, 78, 5, 0, 0.06%, 9, 0, 7, 379.63
1734533861, 27, 62, 78, 5, 0, 0.06%, 9, 0, 7, 343.21
1734533866, 27, 63, 78, 5, 0, 0.06%, 9, 0, 7, 354.17
1734533871, 27, 64, 78, 5, 0, 0.06%, 9, 0, 7, 368.38
1734533876, 27, 65, 78, 5, 0, 0.06%, 9, 0, 7, 370.45
1734533881, 27, 66, 78, 5, 0, 0.06%, 9, 0, 7, 357.14
1734533891, 27, 67, 78, 5, 0, 0.06%, 9, 0, 7, 334.06
1734533902, 27, 68, 78, 5, 0, 0.06%, 9, 0, 7, 429.36
1734533932, 27, 69, 78, 5, 0, 0.06%, 9, 0, 7, 380.79
1734533947, 27, 70, 78, 5, 0, 0.06%, 9, 0, 7, 392.85
1734533962, 27, 71, 78, 5, 0, 0.06%, 9, 0, 7, 312.98
1734533977, 27, 72, 78, 5, 0, 0.06%, 9, 0, 7, 317.73
1734533998, 27, 73, 78, 5, 0, 0.06%, 9, 0, 7, 347.98
1734534008, 27, 74, 78, 5, 0, 0.06%, 9, 0, 7, 342.72
1734534018, 27, 75, 78, 5, 0, 0.06%, 9, 0, 7, 385.25
1734534033, 27, 76, 78, 5, 0, 0.06%, 9, 0, 7, 296.74
1734534054, 27, 77, 78, 5, 0, 0.06%, 9, 0, 7, 391.91
1734534070, 28, 11, 78, 5, 0, 0.06%, 9, 0, 7, 302.57
1734534080, 28, 12, 78, 5, 0, 0.06%, 9, 0, 7, 309.12
1734534085, 28, 13, 78, 5, 0, 0.06%, 9, 0, 7, 330.41
1734534090, 28, 15, 78, 5, 0, 0.06%, 9, 0, 7, 308.58
1734534100, 28, 16, 78, 5, 0, 0.06%, 9, 0, 7, 294.88
1734534105, 28, 17, 78, 5, 0, 0.06%, 9, 0, 7, 346.86
1734534110, 28, 18, 78, 5, 0, 0.06%, 9, 0, 7, 318.80
1734534120, 28, 19, 78, 5, 0, 0.06%, 9, 0, 7, 298.97
1734534130, 28, 20, 78, 5, 0, 0.06%, 9, 0, 7, 333.33
1734534140, 28, 21, 78, 5, 0, 0.06%, 9, 0, 7, 333.52
1734534145, 28, 23, 78, 5, 0, 0.06%, 9, 0, 7, 356.57
1734534150, 28, 24, 78, 5, 0, 0.06%, 9, 0, 7, 383.47
1734534156, 28, 25, 78, 5, 0, 0.06%, 9, 0, 7, 366.70
1734534161, 28, 26, 78, 5, 0, 0.06%, 9, 0, 7, 315.72
1734534166, 28, 27, 78, 5, 0, 0.06%, 9, 0, 7, 303.37
1734534171, 28, 28, 78, 5, 0, 0.06%, 9, 0, 7, 336.62
1734534176, 28, 30, 78, 5, 0, 0.06%, 9, 0, 7, 337.63
1734534181, 28, 33, 78, 5, 0, 0.06%, 9, 0, 7, 346.71
1734534186, 28, 34, 78, 5, 0, 0.06%, 9, 0, 7, 390.11
1734534191, 28, 35, 78, 5, 0, 0.06%, 9, 0, 7, 383.29
1734534196, 28, 36, 78, 5, 0, 0.06%, 9, 0, 7, 349.40
1734534201, 28, 37, 78, 5, 0, 0.06%, 9, 0, 7, 348.91
1734534206, 28, 38, 78, 5, 0, 0.06%, 9, 0, 7, 378.00
1734534216, 28, 39, 78, 5, 0, 0.06%, 9, 0, 7, 333.36
1734534221, 28, 40, 78, 5, 0, 0.06%, 9, 0, 7, 341.42
1734534232, 28, 41, 78, 5, 0, 0.06%, 9, 0, 7, 406.41
1734534247, 28, 42, 78, 5, 0, 0.06%, 9, 0, 7, 397.43
1734534262, 28, 58, 78, 5, 0, 0.06%, 9, 0, 7, 341.65
1734534267, 28, 59, 78, 5, 0, 0.06%, 9, 0, 7, 343.55
1734534272, 28, 60, 78, 5, 0, 0.06%, 9, 0, 7, 300.64
1734534282, 28, 61, 78, 5, 0, 0.06%, 9, 0, 7, 313.39
1734534292, 28, 62, 78, 5, 0, 0.06%, 9, 0, 7, 336.10
1734534297, 28, 63, 78, 5, 0, 0.06%, 9, 0, 7, 385.99
1734534302, 28, 64, 78, 5, 0, 0.06%, 9, 0, 7, 356.17
1734534307, 28, 65, 78, 5, 0, 0.06%, 9, 0, 7, 344.41
1734534313, 28, 66, 78, 5, 0, 0.06%, 9, 0, 7, 322.15
1734534323, 28, 67, 78, 5, 0, 0.06%, 9, 0, 7, 385.06
1734534328, 28, 68, 78, 5, 0, 0.06%, 9, 0, 7, 415.74
1734534348, 28, 70, 78, 5, 0, 0.06%, 9, 0, 7, 366.05
1734534358, 28, 71, 78, 5, 0, 0.06%, 9, 0, 7, 365.14
1734534378, 28, 72, 78, 5, 0, 0.06%, 9, 0, 7, 377.55
1734534394, 28, 73, 78, 5, 0, 0.06%, 9, 0, 7, 358.94
1734534404, 28, 74, 78, 5, 0, 0.06%, 9, 0, 7, 344.89
1734534414, 28, 75, 78, 5, 0, 0.06%, 9, 0, 7, 366.82
1734534434, 28, 76, 78, 5, 0, 0.06%, 9, 0, 7, 348.87
1734534444, 28, 77, 78, 5, 0, 0.06%, 9, 0, 7, 435.62
1734534454, 28, 77, 79, 6, 0, 0.06%, 9, 0, 7, 329.57
1734534459, 28, 78, 79, 6, 0, 0.06%, 9, 0, 7, 423.68
1734534465, 28, 78, 80, 7, 0, 0.06%, 9, 0, 8, 484.38
1734534541, 28, 79, 80, 6, 0, 0.06%, 9, 0, 8, 371.73
1734534633, 29, 11, 80, 5, 0, 0.06%, 9, 0, 8, 297.41
1734534639, 29, 13, 80, 5, 0, 0.06%, 9, 0, 8, 294.76
1734534644, 29, 16, 80, 5, 0, 0.06%, 9, 0, 8, 292.17
1734534649, 29, 21, 80, 5, 0, 0.06%, 9, 0, 8, 318.71
1734534654, 29, 23, 80, 5, 0, 0.06%, 9, 0, 8, 346.03
1734534659, 29, 24, 80, 5, 0, 0.06%, 9, 0, 8, 378.26
1734534664, 29, 25, 80, 5, 0, 0.06%, 9, 0, 8, 363.04
1734534669, 29, 26, 80, 5, 0, 0.06%, 9, 0, 8, 320.18
1734534674, 29, 27, 80, 5, 0, 0.06%, 9, 0, 8, 310.43
1734534679, 29, 28, 80, 5, 0, 0.06%, 9, 0, 8, 334.30
1734534684, 29, 30, 80, 5, 0, 0.06%, 9, 0, 8, 341.91
1734534689, 29, 31, 80, 5, 0, 0.06%, 9, 0, 8, 339.00
1734534695, 29, 34, 80, 5, 0, 0.06%, 9, 0, 8, 358.64
1734534700, 29, 35, 80, 5, 0, 0.06%, 9, 0, 8, 350.70
1734534705, 29, 36, 80, 5, 0, 0.06%, 9, 0, 8, 375.39
1734534710, 29, 37, 80, 5, 0, 0.06%, 9, 0, 8, 364.10
1734534715, 29, 38, 80, 5, 0, 0.06%, 9, 0, 8, 371.56
1734534725, 29, 39, 80, 5, 0, 0.06%, 9, 0, 8, 357.69
1734534735, 29, 40, 80, 5, 0, 0.06%, 9, 0, 8, 359.89
1734534740, 29, 41, 80, 5, 0, 0.06%, 9, 0, 8, 291.21
1734534750, 29, 42, 80, 5, 0, 0.06%, 9, 0, 8, 363.61
1734534760, 29, 58, 80, 5, 0, 0.06%, 9, 0, 8, 330.29
1734534765, 29, 59, 80, 5, 0, 0.06%, 9, 0, 8, 334.54
1734534771, 29, 60, 80, 5, 0, 0.06%, 9, 0, 8, 296.84
1734534781, 29, 61, 80, 5, 0, 0.06%, 9, 0, 8, 306.99
1734534791, 29, 63, 80, 5, 0, 0.06%, 9, 0, 8, 369.13
1734534801, 29, 64, 80, 5, 0, 0.06%, 9, 0, 8, 361.77
1734534806, 29, 65, 80, 5, 0, 0.06%, 9, 0, 8, 340.36
1734534811, 29, 66, 80, 5, 0, 0.06%, 9, 0, 8, 296.57
1734534821, 29, 67, 80, 5, 0, 0.06%, 9, 0, 8, 389.84
1734534826, 29, 68, 80, 5, 0, 0.06%, 9, 0, 8, 445.99
1734534841, 29, 70, 80, 5, 0, 0.06%, 9, 0, 8, 352.90
1734534852, 29, 71, 80, 5, 0, 0.06%, 9, 0, 8, 355.83
1734534862, 29, 72, 80, 5, 0, 0.06%, 9, 0, 8, 355.51
1734534872, 29, 73, 80, 5, 0, 0.06%, 9, 0, 8, 342.82
1734534877, 29, 74, 80, 5, 0, 0.06%, 9, 0, 8, 338.83
1734534882, 29, 75, 80, 5, 0, 0.06%, 9, 0, 8, 341.82
1734534892, 29, 76, 80, 5, 0, 0.06%, 9, 0, 8, 362.25
1734534902, 29, 77, 80, 5, 0, 0.06%, 9, 0, 8, 341.92
1734534918, 29, 78, 80, 5, 0, 0.06%, 9, 0, 8, 313.78
1734534979, 29, 79, 80, 5, 0, 0.06%, 9, 0, 8, 447.72
1734535046, 30, 13, 80, 5, 0, 0.06%, 9, 0, 8, 316.56
1734535051, 30, 21, 80, 5, 0, 0.06%, 9, 0, 8, 319.60
1734535056, 30, 22, 80, 5, 0, 0.06%, 9, 0, 8, 355.84
1734535061, 30, 23, 80, 5, 0, 0.06%, 9, 0, 8, 362.07
1734535066, 30, 24, 80, 5, 0, 0.06%, 9, 0, 8, 341.45
1734535071, 30, 25, 80, 5, 0, 0.06%, 9, 0, 8, 339.07
1734535076, 30, 26, 80, 5, 0, 0.06%, 9, 0, 8, 303.42
1734535081, 30, 27, 80, 5, 0, 0.06%, 9, 0, 8, 294.83
1734535086, 30, 28, 80, 5, 0, 0.06%, 9, 0, 8, 326.29
1734535091, 30, 31, 80, 5, 0, 0.06%, 9, 0, 8, 350.40
1734535096, 30, 33, 80, 5, 0, 0.06%, 9, 0, 8, 362.57
1734535101, 30, 34, 80, 5, 0, 0.06%, 9, 0, 8, 364.19
1734535106, 30, 35, 80, 5, 0, 0.06%, 9, 0, 8, 355.62
1734535112, 30, 36, 80, 5, 0, 0.06%, 9, 0, 8, 334.63
1734535117, 30, 37, 80, 5, 0, 0.06%, 9, 0, 8, 317.74
1734535122, 30, 38, 80, 5, 0, 0.06%, 9, 0, 8, 378.95
1734535132, 30, 39, 80, 5, 0, 0.06%, 9, 0, 8, 322.28
1734535137, 30, 40, 80, 5, 0, 0.06%, 9, 0, 8, 337.27
1734535147, 30, 41, 80, 5, 0, 0.06%, 9, 0, 8, 372.19
1734535157, 30, 42, 80, 5, 0, 0.06%, 9, 0, 8, 328.21
1734535162, 30, 58, 80, 5, 0, 0.06%, 9, 0, 8, 357.25
1734535167, 30, 59, 80, 5, 0, 0.06%, 9, 0, 8, 367.52
1734535172, 30, 60, 80, 5, 0, 0.06%, 9, 0, 8, 364.63
1734535183, 30, 61, 80, 5, 0, 0.06%, 9, 0, 8, 374.56
1734535193, 30, 62, 80, 5, 0, 0.06%, 9, 0, 8, 337.02
1734535198, 30, 63, 80, 5, 0, 0.06%, 9, 0, 8, 321.34
1734535203, 30, 64, 80, 5, 0, 0.06%, 9, 0, 8, 372.45
1734535208, 30, 65, 80, 5, 0, 0.06%, 9, 0, 8, 381.96
1734535213, 30, 66, 80, 5, 0, 0.06%, 9, 0, 8, 382.00
1734535223, 30, 67, 80, 5, 0, 0.06%, 9, 0, 8, 364.69
1734535228, 30, 68, 80, 5, 0, 0.06%, 9, 0, 8, 413.93
1734535243, 30, 70, 80, 5, 0, 0.06%, 9, 0, 8, 360.52
1734535249, 30, 71, 80, 5, 0, 0.06%, 9, 0, 8, 335.92
1734535259, 30, 72, 80, 5, 0, 0.06%, 9, 0, 8, 344.07
1734535269, 30, 73, 80, 5, 0, 0.06%, 9, 0, 8, 349.37
1734535274, 30, 74, 80, 5, 0, 0.06%, 9, 0, 8, 308.08
1734535279, 30, 75, 80, 5, 0, 0.06%, 9, 0, 8, 331.49
1734535289, 30, 76, 80, 5, 0, 0.06%, 9, 0, 8, 318.91
1734535299, 30, 77, 80, 5, 0, 0.06%, 9, 0, 8, 300.15
1734535304, 30, 78, 80, 5, 0, 0.06%, 9, 0, 8, 337.04
1734535324, 30, 79, 80, 5, 0, 0.06%, 9, 0, 8, 370.94
1734535350, 31, 11, 80, 5, 0, 0.06%, 9, 0, 8, 278.61
1734535355, 31, 16, 80, 5, 0, 0.06%, 9, 0, 8, 300.63
1734535360, 31, 21, 80, 5, 0, 0.06%, 9, 0, 8, 340.83
1734535365, 31, 23, 80, 5, 0, 0.06%, 9, 0, 8, 357.55
1734535370, 31, 24, 80, 5, 0, 0.06%, 9, 0, 8, 386.60
1734535375, 31, 25, 80, 5, 0, 0.06%, 9, 0, 8, 345.17
1734535380, 31, 26, 80, 5, 0, 0.06%, 9, 0, 8, 313.16
1734535385, 31, 27, 80, 5, 0, 0.06%, 9, 0, 8, 306.24
1734535391, 31, 28, 80, 5, 0, 0.06%, 9, 0, 8, 320.87
1734535396, 31, 30, 80, 5, 0, 0.06%, 9, 0, 8, 323.89
1734535401, 31, 33, 80, 5, 0, 0.06%, 9, 0, 8, 337.24
1734535406, 31, 34, 80, 5, 0, 0.06%, 9, 0, 8, 361.57
1734535411, 31, 35, 80, 5, 0, 0.06%, 9, 0, 8, 371.07
1734535416, 31, 36, 80, 5, 0, 0.06%, 9, 0, 8, 354.96
1734535421, 31, 37, 80, 5, 0, 0.06%, 9, 0, 8, 366.13
1734535426, 31, 38, 80, 5, 0, 0.06%, 9, 0, 8, 358.18
1734535431, 31, 39, 80, 5, 0, 0.06%, 9, 0, 8, 348.26
1734535436, 31, 40, 80, 5, 0, 0.06%, 9, 0, 8, 343.31
1734535441, 31, 41, 80, 5, 0, 0.06%, 9, 0, 8, 364.27
1734535446, 31, 42, 80, 5, 0, 0.06%, 9, 0, 8, 339.66
1734535456, 31, 58, 80, 5, 0, 0.06%, 9, 0, 8, 361.00
1734535461, 31, 59, 80, 5, 0, 0.06%, 9, 0, 8, 359.23
1734535466, 31, 60, 80, 5, 0, 0.06%, 9, 0, 8, 315.77
1734535477, 31, 61, 80, 5, 0, 0.06%, 9, 0, 8, 327.23
1734535487, 31, 62, 80, 5, 0, 0.06%, 9, 0, 8, 324.99
1734535492, 31, 63, 80, 5, 0, 0.06%, 9, 0, 8, 387.02
1734535497, 31, 64, 80, 5, 0, 0.06%, 9, 0, 8, 376.19
1734535502, 31, 65, 80, 5, 0, 0.06%, 9, 0, 8, 345.15
1734535507, 31, 66, 80, 5, 0, 0.06%, 9, 0, 8, 311.02
1734535517, 31, 67, 80, 5, 0, 0.06%, 9, 0, 8, 356.22
1734535522, 31, 68, 80, 5, 0, 0.06%, 9, 0, 8, 415.44
1734535538, 31, 70, 80, 5, 0, 0.06%, 9, 0, 8, 332.08
1734535543, 31, 71, 80, 5, 0, 0.06%, 9, 0, 8, 342.73
1734535548, 31, 72, 80, 5, 0, 0.06%, 9, 0, 8, 331.82
1734535553, 31, 73, 80, 5, 0, 0.06%, 9, 0, 8, 344.10
1734535563, 31, 74, 80, 5, 0, 0.06%, 9, 0, 8, 348.17
1734535568, 31, 75, 80, 5, 0, 0.06%, 9, 0, 8, 372.04
1734535578, 31, 76, 80, 5, 0, 0.06%, 9, 0, 8, 323.03
1734535583, 31, 77, 80, 5, 0, 0.06%, 9, 0, 8, 356.97
1734535588, 31, 78, 80, 5, 0, 0.06%, 9, 0, 8, 388.57
1734535603, 31, 79, 80, 5, 0, 0.06%, 9, 0, 8, 356.61
1734535629, 32, 11, 80, 5, 0, 0.06%, 9, 0, 8, 303.67
1734535634, 32, 16, 80, 5, 0, 0.06%, 9, 0, 8, 294.61
1734535639, 32, 21, 80, 5, 0, 0.06%, 9, 0, 8, 330.68
1734535644, 32, 23, 80, 5, 0, 0.06%, 9, 0, 8, 338.11
1734535649, 32, 24, 80, 5, 0, 0.06%, 9, 0, 8, 375.11
1734535654, 32, 25, 80, 5, 0, 0.06%, 9, 0, 8, 369.33
1734535659, 32, 26, 80, 5, 0, 0.06%, 9, 0, 8, 331.87
1734535664, 32, 27, 80, 5, 0, 0.06%, 9, 0, 8, 315.46
1734535669, 32, 28, 80, 5, 0, 0.06%, 9, 0, 8, 346.68
1734535674, 32, 30, 80, 5, 0, 0.06%, 9, 0, 8, 328.46
1734535679, 32, 33, 80, 5, 0, 0.06%, 9, 0, 8, 343.54
1734535684, 32, 34, 80, 5, 0, 0.06%, 9, 0, 8, 387.85
1734535689, 32, 35, 80, 5, 0, 0.06%, 9, 0, 8, 372.33
1734535695, 32, 36, 80, 5, 0, 0.06%, 9, 0, 8, 342.63
1734535700, 32, 37, 80, 5, 0, 0.06%, 9, 0, 8, 367.48
1734535705, 32, 38, 80, 5, 0, 0.06%, 9, 0, 8, 344.86
1734535710, 32, 39, 80, 5, 0, 0.06%, 9, 0, 8, 337.58
1734535715, 32, 40, 80, 5, 0, 0.06%, 9, 0, 8, 347.71
1734535720, 32, 41, 80, 5, 0, 0.06%, 9, 0, 8, 334.32
1734535725, 32, 58, 80, 5, 0, 0.06%, 9, 0, 8, 329.01
1734535730, 32, 59, 80, 5, 0, 0.06%, 9, 0, 8, 333.03
1734535735, 32, 60, 80, 5, 0, 0.06%, 9, 0, 8, 418.03
1734535745, 32, 61, 80, 5, 0, 0.06%, 9, 0, 8, 375.42
1734535755, 32, 62, 80, 5, 0, 0.06%, 9, 0, 8, 351.34
1734535761, 32, 63, 80, 5, 0, 0.06%, 9, 0, 8, 354.77
1734535766, 32, 64, 80, 5, 0, 0.06%, 9, 0, 8, 369.22
1734535771, 32, 65, 80, 5, 0, 0.06%, 9, 0, 8, 367.45
1734535776, 32, 66, 80, 5, 0, 0.06%, 9, 0, 8, 371.21
1734535786, 32, 67, 80, 5, 0, 0.06%, 9, 0, 8, 360.38
1734535791, 32, 68, 80, 5, 0, 0.06%, 9, 0, 8, 370.51
1734535811, 32, 70, 80, 5, 0, 0.06%, 9, 0, 8, 335.77
1734535816, 32, 71, 80, 5, 0, 0.06%, 9, 0, 8, 334.17
1734535822, 32, 72, 80, 5, 0, 0.06%, 9, 0, 8, 352.17
1734535827, 32, 73, 80, 5, 0, 0.06%, 9, 0, 8, 343.49
1734535832, 32, 74, 80, 5, 0, 0.06%, 9, 0, 8, 350.56
1734535837, 32, 75, 80, 5, 0, 0.06%, 9, 0, 8, 347.50
1734535842, 32, 76, 80, 5, 0, 0.06%, 9, 0, 8, 357.90
1734535847, 32, 77, 80, 5, 0, 0.06%, 9, 0, 8, 382.41
1734535852, 32, 78, 80, 5, 0, 0.06%, 9, 0, 8, 378.08
1734535872, 32, 79, 80, 5, 0, 0.06%, 9, 0, 8, 435.26
1734535897, 33, 13, 80, 5, 0, 0.06%, 9, 0, 8, 296.37
1734535902, 33, 21, 80, 5, 0, 0.06%, 9, 0, 8, 344.58
1734535907, 33, 22, 80, 5, 0, 0.06%, 9, 0, 8, 344.03
1734535912, 33, 24, 80, 5, 0, 0.06%, 9, 0, 8, 332.89
1734535917, 33, 25, 80, 5, 0, 0.06%, 9, 0, 8, 347.87
1734535922, 33, 26, 80, 5, 0, 0.06%, 9, 0, 8, 304.09
1734535927, 33, 30, 80, 5, 0, 0.06%, 9, 0, 8, 367.94
1734535933, 33, 31, 80, 5, 0, 0.06%, 9, 0, 8, 362.50
1734535938, 33, 33, 80, 5, 0, 0.06%, 9, 0, 8, 360.02
1734535943, 33, 34, 80, 5, 0, 0.06%, 9, 0, 8, 348.05
1734535948, 33, 35, 80, 5, 0, 0.06%, 9, 0, 8, 342.79
1734535953, 33, 36, 80, 5, 0, 0.06%, 9, 0, 8, 343.71
1734535958, 33, 37, 80, 5, 0, 0.06%, 9, 0, 8, 348.84
1734535963, 33, 38, 80, 5, 0, 0.06%, 9, 0, 8, 322.40
1734535968, 33, 40, 80, 5, 0, 0.06%, 9, 0, 8, 322.71
1734535973, 33, 41, 80, 5, 0, 0.06%, 9, 0, 8, 350.95
1734535978, 33, 42, 80, 5, 0, 0.06%, 9, 0, 8, 335.73
1734535983, 33, 61, 80, 5, 0, 0.06%, 9, 0, 8, 292.55
1734535989, 33, 62, 80, 5, 0, 0.06%, 9, 0, 8, 373.52
1734535994, 33, 63, 80, 5, 0, 0.06%, 9, 0, 8, 351.23
1734536004, 33, 64, 80, 5, 0, 0.06%, 9, 0, 8, 339.85
1734536009, 33, 65, 80, 5, 0, 0.06%, 9, 0, 8, 338.47
1734536014, 33, 70, 80, 5, 0, 0.06%, 9, 0, 8, 358.50
1734536019, 33, 71, 80, 5, 0, 0.06%, 9, 0, 8, 335.55
1734536024, 33, 72, 80, 5, 0, 0.06%, 9, 0, 8, 329.18
1734536029, 33, 73, 80, 5, 0, 0.06%, 9, 0, 8, 356.24
1734536034, 33, 74, 80, 5, 0, 0.06%, 9, 0, 8, 322.18
1734536039, 33, 76, 80, 5, 0, 0.06%, 9, 0, 8, 358.15
1734536044, 33, 77, 80, 5, 0, 0.06%, 9, 0, 8, 379.05
1734536049, 33, 78, 80, 5, 0, 0.06%, 9, 0, 8, 389.38
1734536070, 33, 79, 80, 5, 0, 0.06%, 9, 0, 8, 411.62
1734536095, 34, 21, 80, 5, 0, 0.06%, 9, 0, 8, 303.34
1734536100, 34, 22, 80, 5, 0, 0.06%, 9, 0, 8, 364.93
1734536105, 34, 24, 80, 5, 0, 0.06%, 9, 0, 8, 354.79
1734536110, 34, 25, 80, 5, 0, 0.06%, 9, 0, 8, 340.09
1734536115, 34, 26, 80, 5, 0, 0.06%, 9, 0, 8, 309.85
1734536120, 34, 28, 80, 5, 0, 0.06%, 9, 0, 8, 335.39
1734536125, 34, 30, 80, 5, 0, 0.06%, 9, 0, 8, 345.59
1734536130, 34, 31, 80, 5, 0, 0.06%, 9, 0, 8, 332.60
1734536135, 34, 34, 80, 5, 0, 0.06%, 9, 0, 8, 362.96
1734536140, 34, 35, 80, 5, 0, 0.06%, 9, 0, 8, 355.55
1734536146, 34, 36, 80, 5, 0, 0.06%, 9, 0, 8, 365.33
1734536151, 34, 37, 80, 5, 0, 0.06%, 9, 0, 8, 357.87
1734536156, 34, 38, 80, 5, 0, 0.06%, 9, 0, 8, 353.24
1734536161, 34, 39, 80, 5, 0, 0.06%, 9, 0, 8, 322.47
1734536166, 34, 40, 80, 5, 0, 0.06%, 9, 0, 8, 331.85
1734536171, 34, 41, 80, 5, 0, 0.06%, 9, 0, 8, 329.97
1734536176, 34, 42, 80, 5, 0, 0.06%, 9, 0, 8, 314.15
1734536181, 34, 61, 80, 5, 0, 0.06%, 9, 0, 8, 355.67
1734536186, 34, 62, 80, 5, 0, 0.06%, 9, 0, 8, 369.96
1734536191, 34, 63, 80, 5, 0, 0.06%, 9, 0, 8, 318.84
1734536201, 34, 65, 80, 5, 0, 0.06%, 9, 0, 8, 356.01
1734536206, 34, 70, 80, 5, 0, 0.06%, 9, 0, 8, 326.39
1734536211, 34, 71, 80, 5, 0, 0.06%, 9, 0, 8, 331.97
1734536217, 34, 72, 80, 5, 0, 0.06%, 9, 0, 8, 329.58
1734536222, 34, 73, 80, 5, 0, 0.06%, 9, 0, 8, 330.77
1734536232, 34, 74, 80, 5, 0, 0.06%, 9, 0, 8, 332.60
1734536237, 34, 76, 80, 5, 0, 0.06%, 9, 0, 8, 337.25
1734536242, 34, 77, 80, 5, 0, 0.06%, 9, 0, 8, 361.46
1734536247, 34, 78, 80, 5, 0, 0.06%, 9, 0, 8, 431.44
1734536262, 34, 79, 80, 5, 0, 0.06%, 9, 0, 8, 373.76
1734536287, 35, 13, 80, 5, 0, 0.06%, 9, 0, 8, 320.66
1734536292, 35, 21, 80, 5, 0, 0.06%, 9, 0, 8, 335.97
1734536297, 35, 22, 80, 5, 0, 0.06%, 9, 0, 8, 356.79
1734536303, 35, 24, 80, 5, 0, 0.06%, 9, 0, 8, 335.32
1734536308, 35, 25, 80, 5, 0, 0.06%, 9, 0, 8, 322.55
1734536313, 35, 26, 80, 5, 0, 0.06%, 9, 0, 8, 323.48
1734536318, 35, 30, 80, 5, 0, 0.06%, 9, 0, 8, 352.99
1734536323, 35, 31, 80, 5, 0, 0.06%, 9, 0, 8, 360.03
1734536328, 35, 33, 80, 5, 0, 0.06%, 9, 0, 8, 368.36
1734536333, 35, 34, 80, 5, 0, 0.06%, 9, 0, 8, 353.07
1734536338, 35, 35, 80, 5, 0, 0.06%, 9, 0, 8, 350.81
1734536343, 35, 36, 80, 5, 0, 0.06%, 9, 0, 8, 339.54
1734536348, 35, 37, 80, 5, 0, 0.06%, 9, 0, 8, 328.51
1734536353, 35, 39, 80, 5, 0, 0.06%, 9, 0, 8, 350.82
1734536358, 35, 40, 80, 5, 0, 0.06%, 9, 0, 8, 358.41
1734536363, 35, 41, 80, 5, 0, 0.06%, 9, 0, 8, 340.56
1734536368, 35, 42, 80, 5, 0, 0.06%, 9, 0, 8, 329.79
1734536373, 35, 61, 80, 5, 0, 0.06%, 9, 0, 8, 346.01
1734536378, 35, 62, 80, 5, 0, 0.06%, 9, 0, 8, 391.74
1734536383, 35, 63, 80, 5, 0, 0.06%, 9, 0, 8, 313.38
1734536394, 35, 65, 80, 5, 0, 0.06%, 9, 0, 8, 368.68
1734536399, 35, 70, 80, 5, 0, 0.06%, 9, 0, 8, 350.62
1734536404, 35, 71, 80, 5, 0, 0.06%, 9, 0, 8, 341.50
1734536409, 35, 72, 80, 5, 0, 0.06%, 9, 0, 8, 342.66
1734536414, 35, 73, 80, 5, 0, 0.06%, 9, 0, 8, 319.95
1734536424, 35, 74, 80, 5, 0, 0.06%, 9, 0, 8, 337.13
1734536429, 35, 76, 80, 5, 0, 0.06%, 9, 0, 8, 347.04
1734536434, 35, 77, 80, 5, 0, 0.06%, 9, 0, 8, 355.45
1734536439, 35, 78, 80, 5, 0, 0.06%, 9, 0, 8, 382.20
1734536444, 35, 79, 80, 5, 0, 0.06%, 9, 0, 8, 392.39
1734536449, 36, 13, 80, 5, 0, 0.06%, 9, 0, 8, 337.34
1734536454, 36, 21, 80, 5, 0, 0.06%, 9, 0, 8, 355.79
1734536459, 36, 22, 80, 5, 0, 0.06%, 9, 0, 8, 343.87
1734536464, 36, 24, 80, 5, 0, 0.06%, 9, 0, 8, 345.56
1734536469, 36, 25, 80, 5, 0, 0.06%, 9, 0, 8, 340.96
1734536475, 36, 26, 80, 5, 0, 0.06%, 9, 0, 8, 306.80
1734536480, 36, 28, 80, 5, 0, 0.06%, 9, 0, 8, 320.03
1734536485, 36, 31, 80, 5, 0, 0.06%, 9, 0, 8, 351.97
1734536490, 36, 33, 80, 5, 0, 0.06%, 9, 0, 8, 367.15
1734536495, 36, 34, 80, 5, 0, 0.06%, 9, 0, 8, 364.45
1734536500, 36, 35, 80, 5, 0, 0.06%, 9, 0, 8, 375.98
1734536505, 36, 36, 80, 5, 0, 0.06%, 9, 0, 8, 336.03
1734536510, 36, 37, 80, 5, 0, 0.06%, 9, 0, 8, 342.62
1734536515, 36, 38, 80, 5, 0, 0.06%, 9, 0, 8, 336.08
1734536520, 36, 39, 80, 5, 0, 0.06%, 9, 0, 8, 319.69
1734536525, 36, 40, 80, 5, 0, 0.06%, 9, 0, 8, 317.78
1734536530, 36, 42, 80, 5, 0, 0.06%, 9, 0, 8, 331.81
1734536535, 36, 61, 80, 5, 0, 0.06%, 9, 0, 8, 338.24
1734536546, 36, 62, 80, 5, 0, 0.06%, 9, 0, 8, 342.60
1734536551, 36, 63, 80, 5, 0, 0.06%, 9, 0, 8, 390.85
1734536556, 36, 64, 80, 5, 0, 0.06%, 9, 0, 8, 391.91
1734536561, 36, 65, 80, 5, 0, 0.06%, 9, 0, 8, 342.31
1734536566, 36, 70, 80, 5, 0, 0.06%, 9, 0, 8, 351.59
1734536571, 36, 71, 80, 5, 0, 0.06%, 9, 0, 8, 359.34
1734536576, 36, 72, 80, 5, 0, 0.06%, 9, 0, 8, 344.62
1734536581, 36, 73, 80, 5, 0, 0.06%, 9, 0, 8, 337.93
1734536586, 36, 74, 80, 5, 0, 0.06%, 9, 0, 8, 353.68
1734536591, 36, 76, 80, 5, 0, 0.06%, 9, 0, 8, 342.38
1734536596, 36, 77, 80, 5, 0, 0.06%, 9, 0, 8, 345.58
1734536601, 36, 78, 80, 5, 0, 0.06%, 9, 0, 8, 331.78
1734536606, 36, 79, 80, 5, 0, 0.06%, 9, 0, 8, 345.03
1734536616, 37, 16, 80, 5, 0, 0.06%, 9, 0, 8, 302.56
1734536622, 37, 21, 80, 5, 0, 0.06%, 9, 0, 8, 323.41
1734536627, 37, 24, 80, 5, 0, 0.06%, 9, 0, 8, 362.35
1734536632, 37, 25, 80, 5, 0, 0.06%, 9, 0, 8, 368.93
1734536637, 37, 26, 80, 5, 0, 0.06%, 9, 0, 8, 325.17
1734536642, 37, 28, 80, 5, 0, 0.06%, 9, 0, 8, 343.51
1734536647, 37, 30, 80, 5, 0, 0.06%, 9, 0, 8, 325.27
1734536652, 37, 31, 80, 5, 0, 0.06%, 9, 0, 8, 336.57
1734536657, 37, 33, 80, 5, 0, 0.06%, 9, 0, 8, 349.37
1734536662, 37, 35, 80, 5, 0, 0.06%, 9, 0, 8, 330.55
1734536668, 37, 36, 80, 5, 0, 0.06%, 9, 0, 8, 361.07
1734536673, 37, 37, 80, 5, 0, 0.06%, 9, 0, 8, 337.87
1734536678, 37, 38, 80, 5, 0, 0.06%, 9, 0, 8, 357.42
1734536683, 37, 39, 80, 5, 0, 0.06%, 9, 0, 8, 321.56
1734536688, 37, 40, 80, 5, 0, 0.06%, 9, 0, 8, 338.53
1734536693, 37, 41, 80, 5, 0, 0.06%, 9, 0, 8, 346.17
1734536698, 37, 42, 80, 5, 0, 0.06%, 9, 0, 8, 336.80
1734536703, 37, 61, 80, 5, 0, 0.06%, 9, 0, 8, 369.11
1734536708, 37, 62, 80, 5, 0, 0.06%, 9, 0, 8, 380.48
1734536713, 37, 63, 80, 5, 0, 0.06%, 9, 0, 8, 309.80
1734536723, 37, 65, 80, 5, 0, 0.06%, 9, 0, 8, 368.01
1734536729, 37, 70, 80, 5, 0, 0.06%, 9, 0, 8, 370.70
1734536734, 37, 71, 80, 5, 0, 0.06%, 9, 0, 8, 335.27
1734536739, 37, 72, 80, 5, 0, 0.06%, 9, 0, 8, 314.09
1734536744, 37, 73, 80, 5, 0, 0.06%, 9, 0, 8, 328.77
1734536754, 37, 74, 80, 5, 0, 0.06%, 9, 0, 8, 336.22
1734536759, 37, 76, 80, 5, 0, 0.06%, 9, 0, 8, 351.20
1734536764, 37, 77, 80, 5, 0, 0.06%, 9, 0, 8, 341.97
1734536769, 37, 78, 80, 5, 0, 0.06%, 9, 0, 8, 369.48
1734536774, 37, 79, 80, 5, 0, 0.06%, 9, 0, 8, 400.00
1734536779, 38, 13, 80, 5, 0, 0.06%, 9, 0, 8, 336.99
1734536784, 38, 21, 80, 5, 0, 0.06%, 9, 0, 8, 363.24
1734536789, 38, 22, 80, 5, 0, 0.06%, 9, 0, 8, 345.46
1734536794, 38, 24, 80, 5, 0, 0.06%, 9, 0, 8, 351.12
1734536800, 38, 25, 80, 5, 0, 0.06%, 9, 0, 8, 345.86
1734536805, 38, 26, 80, 5, 0, 0.06%, 9, 0, 8, 316.16
1734536810, 38, 28, 80, 5, 0, 0.06%, 9, 0, 8, 333.68
1734536815, 38, 31, 80, 5, 0, 0.06%, 9, 0, 8, 358.87
1734536820, 38, 33, 80, 5, 0, 0.06%, 9, 0, 8, 367.94
1734536825, 38, 34, 80, 5, 0, 0.06%, 9, 0, 8, 362.85
1734536830, 38, 35, 80, 5, 0, 0.06%, 9, 0, 8, 374.24
1734536835, 38, 36, 80, 5, 0, 0.06%, 9, 0, 8, 339.79
1734536840, 38, 37, 80, 5, 0, 0.06%, 9, 0, 8, 336.28
1734536845, 38, 38, 80, 5, 0, 0.06%, 9, 0, 8, 332.81
1734536851, 38, 40, 80, 5, 0, 0.06%, 9, 0, 8, 337.89
1734536856, 38, 41, 80, 5, 0, 0.06%, 9, 0, 8, 348.27
1734536861, 38, 61, 80, 5, 0, 0.06%, 9, 0, 8, 311.31
1734536866, 38, 62, 80, 5, 0, 0.06%, 9, 0, 8, 366.58
1734536871, 38, 63, 80, 5, 0, 0.06%, 9, 0, 8, 359.93
1734536881, 38, 64, 80, 5, 0, 0.06%, 9, 0, 8, 350.51
1734536886, 38, 70, 80, 5, 0, 0.06%, 9, 0, 8, 355.29
1734536896, 38, 73, 80, 5, 0, 0.06%, 9, 0, 8, 345.42
1734536901, 38, 74, 80, 5, 0, 0.06%, 9, 0, 8, 349.47
1734536906, 38, 76, 80, 5, 0, 0.06%, 9, 0, 8, 346.49
1734536911, 38, 77, 80, 5, 0, 0.06%, 9, 0, 8, 361.82
1734536916, 38, 78, 80, 5, 0, 0.06%, 9, 0, 8, 370.21
1734536921, 38, 79, 80, 5, 0, 0.06%, 9, 0, 8, 392.36
1734536927, 39, 13, 80, 5, 0, 0.06%, 9, 0, 8, 314.61
1734536932, 39, 21, 80, 5, 0, 0.06%, 9, 0, 8, 316.54
1734536937, 39, 22, 80, 5, 0, 0.06%, 9, 0, 8, 325.23
1734536942, 39, 25, 80, 5, 0, 0.06%, 9, 0, 8, 339.98
1734536947, 39, 26, 80, 5, 0, 0.06%, 9, 0, 8, 319.69
1734536952, 39, 28, 80, 5, 0, 0.06%, 9, 0, 8, 319.60
1734536957, 39, 30, 80, 5, 0, 0.06%, 9, 0, 8, 347.57
1734536962, 39, 31, 80, 5, 0, 0.06%, 9, 0, 8, 351.76
1734536967, 39, 33, 80, 5, 0, 0.06%, 9, 0, 8, 334.83
1734536972, 39, 34, 80, 5, 0, 0.06%, 9, 0, 8, 357.93
1734536978, 39, 36, 80, 5, 0, 0.06%, 9, 0, 8, 344.50
1734536983, 39, 37, 80, 5, 0, 0.06%, 9, 0, 8, 325.24
1734536993, 39, 61, 80, 5, 0, 0.06%, 9, 0, 8, 379.82
1734536998, 39, 62, 80, 5, 0, 0.06%, 9, 0, 8, 369.93
1734537003, 39, 63, 80, 5, 0, 0.06%, 9, 0, 8, 335.30
1734537008, 39, 64, 80, 5, 0, 0.06%, 9, 0, 8, 379.25
1734537013, 39, 65, 80, 5, 0, 0.06%, 9, 0, 8, 380.04
1734537018, 39, 70, 80, 5, 0, 0.06%, 9, 0, 8, 370.54
1734537023, 39, 73, 80, 5, 0, 0.06%, 9, 0, 8, 339.42
1734537028, 39, 74, 80, 5, 0, 0.06%, 9, 0, 8, 343.31
1734537034, 39, 76, 80, 5, 0, 0.06%, 9, 0, 8, 323.56
1734537039, 39, 77, 80, 5, 0, 0.06%, 9, 0, 8, 336.22
1734537044, 39, 78, 80, 5, 0, 0.06%, 9, 0, 8, 350.20
1734537054, 39, 79, 80, 5, 0, 0.06%, 9, 0, 8, 364.36
1734537059, 40, 13, 80, 5, 0, 0.06%, 9, 0, 8, 282.15
1734537064, 40, 21, 80, 5, 0, 0.06%, 9, 0, 8, 302.82
1734537069, 40, 24, 80, 5, 0, 0.06%, 9, 0, 8, 338.44
1734537074, 40, 28, 80, 5, 0, 0.06%, 9, 0, 8, 373.02
1734537079, 40, 30, 80, 5, 0, 0.06%, 9, 0, 8, 344.03
1734537084, 40, 31, 80, 5, 0, 0.06%, 9, 0, 8, 350.72
1734537089, 40, 33, 80, 5, 0, 0.06%, 9, 0, 8, 336.28
1734537094, 40, 34, 80, 5, 0, 0.06%, 9, 0, 8, 323.50
1734537099, 40, 36, 80, 5, 0, 0.06%, 9, 0, 8, 356.79
1734537104, 40, 37, 80, 5, 0, 0.06%, 9, 0, 8, 321.09
1734537109, 40, 61, 80, 5, 0, 0.06%, 9, 0, 8, 344.79
1734537119, 40, 70, 80, 5, 0, 0.06%, 9, 0, 8, 367.50
1734537124, 40, 77, 80, 5, 0, 0.06%, 9, 0, 8, 382.25
1734537129, 40, 78, 80, 5, 0, 0.06%, 9, 0, 8, 371.31
1734537134, 40, 79, 80, 5, 0, 0.06%, 9, 0, 8, 368.21
1734537144, 41, 30, 80, 5, 0, 0.06%, 9, 0, 8, 349.57
1734537150, 41, 31, 80, 5, 0, 0.06%, 9, 0, 8, 354.10
1734537155, 41, 33, 80, 5, 0, 0.06%, 9, 0, 8, 365.06
1734537160, 41, 34, 80, 5, 0, 0.06%, 9, 0, 8, 361.90
1734537165, 41, 35, 80, 5, 0, 0.06%, 9, 0, 8, 368.36
1734537170, 41, 36, 80, 5, 0, 0.06%, 9, 0, 8, 330.16
1734537175, 41, 37, 80, 5, 0, 0.06%, 9, 0, 8, 358.22
1734537180, 41, 61, 80, 5, 0, 0.06%, 9, 0, 8, 391.90
1734537185, 41, 70, 80, 5, 0, 0.06%, 9, 0, 8, 393.26
1734537190, 41, 77, 80, 5, 0, 0.06%, 9, 0, 8, 383.82
1734537195, 41, 78, 80, 5, 0, 0.06%, 9, 0, 8, 388.05
1734537200, 41, 79, 80, 5, 0, 0.06%, 9, 0, 8, 373.34
1734537205, 42, 28, 80, 5, 0, 0.06%, 9, 0, 8, 374.89
1734537210, 42, 30, 80, 5, 0, 0.06%, 9, 0, 8, 373.64
1734537215, 42, 31, 80, 5, 0, 0.06%, 9, 0, 8, 361.29
1734537220, 42, 33, 80, 5, 0, 0.06%, 9, 0, 8, 359.96
1734537225, 42, 34, 80, 5, 0, 0.06%, 9, 0, 8, 353.18
1734537230, 42, 35, 80, 5, 0, 0.06%, 9, 0, 8, 358.86
1734537235, 42, 37, 80, 5, 0, 0.06%, 9, 0, 8, 337.90
1734537246, 42, 61, 80, 5, 0, 0.06%, 9, 0, 8, 381.68
1734537251, 42, 70, 80, 5, 0, 0.06%, 9, 0, 8, 381.08
1734537256, 42, 77, 80, 5, 0, 0.06%, 9, 0, 8, 385.40
1734537261, 42, 78, 80, 5, 0, 0.06%, 9, 0, 8, 393.57
1734537266, 42, 79, 80, 5, 0, 0.06%, 9, 0, 8, 364.43
1734537276, 43, 30, 80, 5, 0, 0.06%, 9, 0, 8, 355.11
1734537281, 43, 31, 80, 5, 0, 0.06%, 9, 0, 8, 373.15
1734537286, 43, 32, 80, 5, 0, 0.06%, 9, 0, 8, 309.43
1734537306, 43, 33, 80, 5, 0, 0.06%, 9, 0, 8, 337.36
1734537311, 43, 34, 80, 5, 0, 0.06%, 9, 0, 8, 352.98
1734537317, 43, 35, 80, 5, 0, 0.06%, 9, 0, 8, 345.47
1734537322, 43, 36, 80, 5, 0, 0.06%, 9, 0, 8, 333.47
1734537327, 43, 37, 80, 5, 0, 0.06%, 9, 0, 8, 335.95
1734537332, 43, 39, 80, 5, 0, 0.06%, 9, 0, 8, 339.62
1734537337, 43, 40, 80, 5, 0, 0.06%, 9, 0, 8, 355.21
1734537342, 43, 41, 80, 5, 0, 0.06%, 9, 0, 8, 349.83
1734537347, 43, 42, 80, 5, 0, 0.06%, 9, 0, 8, 331.36
1734537353, 43, 43, 80, 5, 0, 0.06%, 9, 0, 8, 441.57
1734537368, 43, 44, 80, 5, 0, 0.06%, 9, 0, 8, 368.41
1734537378, 43, 45, 80, 5, 0, 0.06%, 9, 0, 8, 395.47
1734537393, 43, 46, 80, 5, 0, 0.06%, 9, 0, 8, 388.86
1734537408, 43, 47, 80, 5, 0, 0.06%, 9, 0, 8, 353.51
1734537424, 43, 48, 80, 5, 0, 0.06%, 9, 0, 8, 408.71
1734537440, 43, 49, 80, 5, 0, 0.06%, 9, 0, 8, 15.03
1734537460, 43, 50, 80, 5, 0, 0.06%, 9, 0, 8, 396.67
1734537475, 43, 51, 80, 5, 0, 0.06%, 9, 0, 8, 398.16
1734537490, 43, 52, 80, 5, 0, 0.06%, 9, 0, 8, 381.32
1734537506, 43, 53, 80, 5, 0, 0.06%, 9, 0, 8, 358.67
1734537613, 43, 54, 80, 4, 0, 0.06%, 9, 0, 8, 448.13
1734537648, 43, 55, 80, 3, 0, 0.06%, 9, 0, 8, 304.72
1734537832, 43, 56, 80, 2, 0, 0.06%, 9, 0, 8, 357.50
1734537868, 43, 57, 80, 1, 0, 0.06%, 9, 0, 8, 356.50
1734537955, 43, 58, 80, 0, 0, 0.06%, 9, 0, 8, 338.09
1734537960, 43, 60, 80, 0, 0, 0.06%, 9, 0, 8, 349.29
1734537975, 43, 61, 80, 0, 0, 0.06%, 9, 0, 8, 342.15
1734537980, 43, 62, 80, 0, 0, 0.06%, 9, 0, 8, 396.14
1734537985, 43, 63, 80, 0, 0, 0.06%, 9, 0, 8, 329.86
1734537995, 43, 64, 80, 0, 0, 0.06%, 9, 0, 8, 337.05
1734538000, 43, 66, 80, 0, 0, 0.06%, 9, 0, 8, 314.51
1734538016, 43, 67, 80, 0, 0, 0.06%, 9, 0, 8, 362.00
1734538021, 43, 68, 80, 0, 0, 0.06%, 9, 0, 8, 393.57
1734538036, 43, 69, 80, 0, 0, 0.06%, 9, 0, 8, 399.11
1734538056, 43, 70, 80, 0, 0, 0.06%, 9, 0, 8, 327.01
1734538061, 43, 71, 80, 0, 0, 0.06%, 9, 0, 8, 356.48
1734538066, 43, 72, 80, 0, 0, 0.06%, 9, 0, 8, 350.10
1734538071, 43, 73, 80, 0, 0, 0.06%, 9, 0, 8, 337.64
1734538076, 43, 74, 80, 0, 0, 0.06%, 9, 0, 8, 330.98
1734538081, 43, 75, 80, 0, 0, 0.06%, 9, 0, 8, 336.64
1734538087, 43, 76, 80, 0, 0, 0.06%, 9, 0, 8, 306.50
1734538092, 43, 77, 80, 0, 0, 0.06%, 9, 0, 8, 322.73
1734538097, 43, 78, 80, 0, 0, 0.06%, 9, 0, 8, 347.29
1734538102, 43, 79, 80, 0, 0, 0.06%, 9, 0, 8, 375.40
1734538112, 44, 12, 80, 0, 0, 0.06%, 9, 0, 8, 348.17
1734538122, 44, 14, 80, 0, 0, 0.06%, 9, 0, 8, 310.02
1734538132, 44, 15, 80, 0, 0, 0.06%, 9, 0, 8, 285.57
1734538137, 44, 17, 80, 0, 0, 0.06%, 9, 0, 8, 308.23
1734538142, 44, 18, 80, 0, 0, 0.06%, 9, 0, 8, 306.90
1734538147, 44, 19, 80, 0, 0, 0.06%, 9, 0, 8, 308.87
1734538152, 44, 20, 80, 0, 0, 0.06%, 9, 0, 8, 315.72
1734538157, 44, 21, 80, 0, 0, 0.06%, 9, 0, 8, 362.89
1734538162, 44, 22, 80, 0, 0, 0.06%, 9, 0, 8, 347.45
1734538168, 44, 23, 80, 0, 0, 0.06%, 9, 0, 8, 345.13
1734538173, 44, 24, 80, 0, 0, 0.06%, 9, 0, 8, 339.76
1734538178, 44, 25, 80, 0, 0, 0.06%, 9, 0, 8, 341.81
1734538183, 44, 26, 80, 0, 0, 0.06%, 9, 0, 8, 312.42
1734538188, 44, 27, 80, 0, 0, 0.06%, 9, 0, 8, 304.86
1734538193, 44, 29, 80, 0, 0, 0.06%, 9, 0, 8, 335.90
1734538203, 44, 30, 80, 0, 0, 0.06%, 9, 0, 8, 340.04
1734538208, 44, 31, 80, 0, 0, 0.06%, 9, 0, 8, 337.35
1734538213, 44, 32, 80, 0, 0, 0.06%, 9, 0, 8, 304.14
1734538223, 44, 34, 80, 0, 0, 0.06%, 9, 0, 8, 346.97
1734538228, 44, 35, 80, 0, 0, 0.06%, 9, 0, 8, 373.53
1734538233, 44, 36, 80, 0, 0, 0.06%, 9, 0, 8, 381.55
1734538238, 44, 37, 80, 0, 0, 0.06%, 9, 0, 8, 354.70
1734538243, 44, 38, 80, 0, 0, 0.06%, 9, 0, 8, 359.27
1734538249, 44, 39, 80, 0, 0, 0.06%, 9, 0, 8, 346.70
1734538254, 44, 40, 80, 0, 0, 0.06%, 9, 0, 8, 341.19
1734538259, 44, 41, 80, 0, 0, 0.06%, 9, 0, 8, 314.61
1734538264, 44, 42, 80, 0, 0, 0.06%, 9, 0, 8, 310.50
1734538269, 44, 43, 80, 0, 0, 0.06%, 9, 0, 8, 360.72
1734538274, 44, 44, 80, 0, 0, 0.06%, 9, 0, 8, 324.45
1734538284, 44, 45, 80, 0, 0, 0.06%, 9, 0, 8, 392.66
1734538299, 44, 46, 80, 0, 0, 0.06%, 9, 0, 8, 435.52
1734538314, 44, 47, 80, 0, 0, 0.06%, 9, 0, 8, 383.10
1734538330, 44, 48, 80, 0, 0, 0.06%, 9, 0, 8, 402.90
1734538345, 44, 49, 80, 0, 0, 0.06%, 9, 0, 8, 352.06
1734538365, 44, 50, 80, 0, 0, 0.06%, 9, 0, 8, 359.32
1734538380, 44, 51, 80, 0, 0, 0.06%, 9, 0, 8, 341.90
1734538401, 44, 52, 80, 0, 0, 0.06%, 9, 0, 8, 404.98
1734538416, 44, 53, 80, 0, 0, 0.06%, 9, 0, 8, 395.00
1734538431, 44, 54, 80, 0, 0, 0.06%, 9, 0, 8, 289.13
1734538451, 44, 55, 80, 0, 0, 0.06%, 9, 0, 8, 344.51
1734538467, 44, 56, 80, 0, 0, 0.06%, 9, 0, 8, 375.74
1734538482, 44, 57, 80, 0, 0, 0.06%, 9, 0, 8, 289.33
1734538502, 44, 58, 80, 0, 0, 0.06%, 9, 0, 8, 332.96
1734538507, 44, 59, 80, 0, 0, 0.06%, 9, 0, 8, 330.54
1734538512, 44, 60, 80, 0, 0, 0.06%, 9, 0, 8, 302.23
1734538523, 44, 61, 80, 0, 0, 0.06%, 9, 0, 8, 319.62
1734538533, 44, 63, 80, 0, 0, 0.06%, 9, 0, 8, 335.12
1734538543, 44, 64, 80, 0, 0, 0.06%, 9, 0, 8, 370.38
1734538548, 44, 65, 80, 0, 0, 0.06%, 9, 0, 8, 339.38
1734538553, 44, 66, 80, 0, 0, 0.06%, 9, 0, 8, 306.50
1734538563, 44, 67, 80, 0, 0, 0.06%, 9, 0, 8, 382.69
1734538568, 44, 68, 80, 0, 0, 0.06%, 9, 0, 8, 467.64
1734538584, 44, 69, 80, 0, 0, 0.06%, 9, 0, 8, 371.99
1734538604, 44, 70, 80, 0, 0, 0.06%, 9, 0, 8, 356.86
1734538609, 44, 71, 80, 0, 0, 0.06%, 9, 0, 8, 345.51
1734538614, 44, 72, 80, 0, 0, 0.06%, 9, 0, 8, 348.49
1734538619, 44, 73, 80, 0, 0, 0.06%, 9, 0, 8, 330.21
1734538624, 44, 74, 80, 0, 0, 0.06%, 9, 0, 8, 346.30
1734538629, 44, 75, 80, 0, 0, 0.06%, 9, 0, 8, 338.69
1734538634, 44, 76, 80, 0, 0, 0.06%, 9, 0, 8, 316.15
1734538655, 44, 77, 80, 0, 0, 0.06%, 9, 0, 8, 316.81
1734538660, 44, 78, 80, 0, 0, 0.06%, 9, 0, 8, 320.01
1734538665, 44, 79, 80, 0, 0, 0.06%, 9, 0, 8, 344.45
1734538675, 45, 12, 80, 0, 0, 0.06%, 9, 0, 8, 320.90
1734538680, 45, 13, 80, 0, 0, 0.06%, 9, 0, 8, 311.58
1734538685, 45, 14, 80, 0, 0, 0.06%, 9, 0, 8, 293.04
1734538690, 45, 15, 80, 0, 0, 0.06%, 9, 0, 8, 309.67
1734538695, 45, 16, 80, 0, 0, 0.06%, 9, 0, 8, 305.29
1734538701, 45, 17, 80, 0, 0, 0.06%, 9, 0, 8, 348.16
1734538706, 45, 18, 80, 0, 0, 0.06%, 9, 0, 8, 321.04
1734538711, 45, 19, 80, 0, 0, 0.06%, 9, 0, 8, 290.42
1734538716, 45, 20, 80, 0, 0, 0.06%, 9, 0, 8, 320.05
1734538721, 45, 22, 80, 0, 0, 0.06%, 9, 0, 8, 323.44
1734538726, 45, 23, 80, 0, 0, 0.06%, 9, 0, 8, 365.06
1734538731, 45, 24, 80, 0, 0, 0.06%, 9, 0, 8, 345.07
1734538736, 45, 25, 80, 0, 0, 0.06%, 9, 0, 8, 353.14
1734538741, 45, 26, 80, 0, 0, 0.06%, 9, 0, 8, 314.16
1734538746, 45, 27, 80, 0, 0, 0.06%, 9, 0, 8, 286.51
1734538752, 45, 28, 80, 0, 0, 0.06%, 9, 0, 8, 328.94
1734538757, 45, 29, 80, 0, 0, 0.06%, 9, 0, 8, 339.75
1734538762, 45, 30, 80, 0, 0, 0.06%, 9, 0, 8, 339.51
1734538767, 45, 31, 80, 0, 0, 0.06%, 9, 0, 8, 351.55
1734538772, 45, 32, 80, 0, 0, 0.06%, 9, 0, 8, 300.38
1734538782, 45, 33, 80, 0, 0, 0.06%, 9, 0, 8, 352.56
1734538787, 45, 34, 80, 0, 0, 0.06%, 9, 0, 8, 360.79
1734538792, 45, 35, 80, 0, 0, 0.06%, 9, 0, 8, 363.67
1734538797, 45, 36, 80, 0, 0, 0.06%, 9, 0, 8, 345.54
1734538802, 45, 37, 80, 0, 0, 0.06%, 9, 0, 8, 344.47
1734538807, 45, 39, 80, 0, 0, 0.06%, 9, 0, 8, 333.11
1734538813, 45, 40, 80, 0, 0, 0.06%, 9, 0, 8, 322.71
1734538818, 45, 41, 80, 0, 0, 0.06%, 9, 0, 8, 330.13
1734538823, 45, 42, 80, 0, 0, 0.06%, 9, 0, 8, 345.45
1734538828, 45, 43, 80, 0, 0, 0.06%, 9, 0, 8, 398.59
1734538838, 45, 44, 80, 0, 0, 0.06%, 9, 0, 8, 398.96
1734538843, 45, 45, 80, 0, 0, 0.06%, 9, 0, 8, 344.94
1734538853, 45, 46, 80, 0, 0, 0.06%, 9, 0, 8, 366.94
1734538863, 45, 47, 80, 0, 0, 0.06%, 9, 0, 8, 360.84
1734538869, 45, 48, 80, 0, 0, 0.06%, 9, 0, 8, 343.05
1734538884, 45, 49, 80, 0, 0, 0.06%, 9, 0, 8, 295.71
1734538904, 45, 50, 80, 0, 0, 0.06%, 9, 0, 8, 410.09
1734538920, 45, 51, 80, 0, 0, 0.06%, 9, 0, 8, 370.91
1734538935, 45, 52, 80, 0, 0, 0.06%, 9, 0, 8, 285.45
1734538955, 45, 53, 80, 0, 0, 0.06%, 9, 0, 8, 412.99
1734538970, 45, 54, 80, 0, 0, 0.06%, 9, 0, 8, 389.29
1734538991, 45, 55, 80, 0, 0, 0.06%, 9, 0, 8, 382.12
1734539006, 45, 56, 80, 0, 0, 0.06%, 9, 0, 8, 414.86
1734539021, 45, 57, 80, 0, 0, 0.06%, 9, 0, 8, 314.02
1734539041, 45, 58, 80, 0, 0, 0.06%, 9, 0, 8, 339.39
1734539046, 45, 59, 80, 0, 0, 0.06%, 9, 0, 8, 346.05
1734539052, 45, 60, 80, 0, 0, 0.06%, 9, 0, 8, 307.24
1734539062, 45, 61, 80, 0, 0, 0.06%, 9, 0, 8, 317.70
1734539072, 45, 63, 80, 0, 0, 0.06%, 9, 0, 8, 391.21
1734539082, 45, 64, 80, 0, 0, 0.06%, 9, 0, 8, 350.30
1734539087, 45, 65, 80, 0, 0, 0.06%, 9, 0, 8, 370.77
1734539092, 45, 66, 80, 0, 0, 0.06%, 9, 0, 8, 292.87
1734539102, 45, 67, 80, 0, 0, 0.06%, 9, 0, 8, 368.30
1734539107, 45, 68, 80, 0, 0, 0.06%, 9, 0, 8, 406.19
1734539122, 45, 69, 80, 0, 0, 0.06%, 9, 0, 8, 340.42
1734539133, 45, 70, 80, 0, 0, 0.06%, 9, 0, 8, 358.53
1734539138, 45, 71, 80, 0, 0, 0.06%, 9, 0, 8, 339.50
1734539143, 45, 72, 80, 0, 0, 0.06%, 9, 0, 8, 305.51
1734539148, 45, 73, 80, 0, 0, 0.06%, 9, 0, 8, 318.39
1734539153, 45, 74, 80, 0, 0, 0.06%, 9, 0, 8, 341.77
1734539163, 45, 75, 80, 0, 0, 0.06%, 9, 0, 8, 457.38
1734539224, 45, 76, 80, 0, 0, 0.06%, 9, 0, 8, 306.94
1734539229, 45, 77, 80, 0, 0, 0.06%, 9, 0, 8, 333.86
1734539234, 45, 78, 80, 0, 0, 0.06%, 9, 0, 8, 350.60
1734539244, 45, 79, 80, 0, 0, 0.06%, 9, 0, 8, 360.06
1734539249, 46, 12, 80, 0, 0, 0.06%, 9, 0, 8, 327.06
1734539255, 46, 13, 80, 0, 0, 0.06%, 9, 0, 8, 313.63
1734539260, 46, 14, 80, 0, 0, 0.06%, 9, 0, 8, 296.02
1734539265, 46, 16, 80, 0, 0, 0.06%, 9, 0, 8, 291.57
1734539270, 46, 18, 80, 0, 0, 0.06%, 9, 0, 8, 339.09
1734539275, 46, 20, 80, 0, 0, 0.06%, 9, 0, 8, 322.39
1734539280, 46, 21, 80, 0, 0, 0.06%, 9, 0, 8, 336.59
1734539285, 46, 22, 80, 0, 0, 0.06%, 9, 0, 8, 322.78
1734539290, 46, 24, 80, 0, 0, 0.06%, 9, 0, 8, 354.01
1734539295, 46, 25, 80, 0, 0, 0.06%, 9, 0, 8, 339.33
1734539300, 46, 26, 80, 0, 0, 0.06%, 9, 0, 8, 310.21
1734539305, 46, 27, 80, 0, 0, 0.06%, 9, 0, 8, 294.85
1734539311, 46, 28, 80, 0, 0, 0.06%, 9, 0, 8, 352.07
1734539316, 46, 29, 80, 0, 0, 0.06%, 9, 0, 8, 336.46
1734539321, 46, 30, 80, 0, 0, 0.06%, 9, 0, 8, 339.92
1734539326, 46, 31, 80, 0, 0, 0.06%, 9, 0, 8, 334.13
1734539331, 46, 32, 80, 0, 0, 0.06%, 9, 0, 8, 298.16
1734539336, 46, 33, 80, 0, 0, 0.06%, 9, 0, 8, 338.98
1734539341, 46, 35, 80, 0, 0, 0.06%, 9, 0, 8, 333.69
1734539346, 46, 36, 80, 0, 0, 0.06%, 9, 0, 8, 332.38
1734539351, 46, 37, 80, 0, 0, 0.06%, 9, 0, 8, 308.99
1734539356, 46, 38, 80, 0, 0, 0.06%, 9, 0, 8, 315.40
1734539362, 46, 39, 80, 0, 0, 0.06%, 9, 0, 8, 344.95
1734539367, 46, 40, 80, 0, 0, 0.06%, 9, 0, 8, 339.27
1734539372, 46, 41, 80, 0, 0, 0.06%, 9, 0, 8, 354.18
1734539377, 46, 42, 80, 0, 0, 0.06%, 9, 0, 8, 333.60
1734539382, 46, 43, 80, 0, 0, 0.06%, 9, 0, 8, 379.30
1734539387, 46, 44, 80, 0, 0, 0.06%, 9, 0, 8, 358.26
1734539392, 46, 45, 80, 0, 0, 0.06%, 9, 0, 8, 335.61
1734539402, 46, 46, 80, 0, 0, 0.06%, 9, 0, 8, 386.97
1734539407, 46, 47, 80, 0, 0, 0.06%, 9, 0, 8, 357.92
1734539417, 46, 48, 80, 0, 0, 0.06%, 9, 0, 8, 353.50
1734539423, 46, 49, 80, 0, 0, 0.06%, 9, 0, 8, 324.26
1734539433, 46, 50, 80, 0, 0, 0.06%, 9, 0, 8, 329.99
1734539443, 46, 51, 80, 0, 0, 0.06%, 9, 0, 8, 376.91
1734539453, 46, 52, 80, 0, 0, 0.06%, 9, 0, 8, 383.15
1734539463, 46, 53, 80, 0, 0, 0.06%, 9, 0, 8, 415.17
1734539473, 46, 54, 80, 0, 0, 0.06%, 9, 0, 8, 378.92
1734539488, 46, 55, 80, 0, 0, 0.06%, 9, 0, 8, 331.61
1734539509, 46, 56, 80, 0, 0, 0.06%, 9, 0, 8, 432.40
1734539524, 46, 57, 80, 0, 0, 0.06%, 9, 0, 8, 361.92
1734539539, 46, 58, 80, 0, 0, 0.06%, 9, 0, 8, 351.42
1734539544, 46, 59, 80, 0, 0, 0.06%, 9, 0, 8, 360.62
1734539549, 46, 60, 80, 0, 0, 0.06%, 9, 0, 8, 388.04
1734539559, 46, 61, 80, 0, 0, 0.06%, 9, 0, 8, 380.13
1734539570, 46, 62, 80, 0, 0, 0.06%, 9, 0, 8, 341.07
1734539575, 46, 63, 80, 0, 0, 0.06%, 9, 0, 8, 348.30
1734539580, 46, 64, 80, 0, 0, 0.06%, 9, 0, 8, 343.28
1734539585, 46, 65, 80, 0, 0, 0.06%, 9, 0, 8, 348.32
1734539590, 46, 66, 80, 0, 0, 0.06%, 9, 0, 8, 400.18
1734539600, 46, 67, 80, 0, 0, 0.06%, 9, 0, 8, 376.45
1734539605, 46, 68, 80, 0, 0, 0.06%, 9, 0, 8, 350.16
1734539626, 46, 69, 80, 0, 0, 0.06%, 9, 0, 8, 364.54
1734539631, 46, 70, 80, 0, 0, 0.06%, 9, 0, 8, 352.56
1734539636, 46, 71, 80, 0, 0, 0.06%, 9, 0, 8, 318.96
1734539641, 46, 72, 80, 0, 0, 0.06%, 9, 0, 8, 333.88
1734539646, 46, 73, 80, 0, 0, 0.06%, 9, 0, 8, 335.43
1734539656, 46, 74, 80, 0, 0, 0.06%, 9, 0, 8, 327.91
1734539661, 46, 75, 80, 0, 0, 0.06%, 9, 0, 8, 339.83
1734539666, 46, 76, 80, 0, 0, 0.06%, 9, 0, 8, 362.38
1734539671, 46, 77, 80, 0, 0, 0.06%, 9, 0, 8, 365.40
1734539676, 46, 78, 80, 0, 0, 0.06%, 9, 0, 8, 379.30
1734539681, 46, 79, 80, 0, 0, 0.06%, 9, 0, 8, 363.35
1734539691, 47, 12, 80, 0, 0, 0.06%, 9, 0, 8, 283.45
1734539697, 47, 13, 80, 0, 0, 0.06%, 9, 0, 8, 303.57
1734539702, 47, 14, 80, 0, 0, 0.06%, 9, 0, 8, 293.49
1734539707, 47, 17, 80, 0, 0, 0.06%, 9, 0, 8, 299.31
1734539712, 47, 19, 80, 0, 0, 0.06%, 9, 0, 8, 311.63
1734539717, 47, 21, 80, 0, 0, 0.06%, 9, 0, 8, 335.60
1734539722, 47, 22, 80, 0, 0, 0.06%, 9, 0, 8, 360.47
1734539727, 47, 23, 80, 0, 0, 0.06%, 9, 0, 8, 350.44
1734539732, 47, 24, 80, 0, 0, 0.06%, 9, 0, 8, 356.83
1734539737, 47, 25, 80, 0, 0, 0.06%, 9, 0, 8, 340.15
1734539742, 47, 26, 80, 0, 0, 0.06%, 9, 0, 8, 304.63
1734539748, 47, 27, 80, 0, 0, 0.06%, 9, 0, 8, 283.84
1734539753, 47, 28, 80, 0, 0, 0.06%, 9, 0, 8, 310.13
1734539758, 47, 30, 80, 0, 0, 0.06%, 9, 0, 8, 321.90
1734539763, 47, 31, 80, 0, 0, 0.06%, 9, 0, 8, 339.10
1734539768, 47, 32, 80, 0, 0, 0.06%, 9, 0, 8, 313.81
1734539773, 47, 33, 80, 0, 0, 0.06%, 9, 0, 8, 342.81
1734539778, 47, 34, 80, 0, 0, 0.06%, 9, 0, 8, 358.22
1734539783, 47, 35, 80, 0, 0, 0.06%, 9, 0, 8, 355.18
1734539788, 47, 36, 80, 0, 0, 0.06%, 9, 0, 8, 327.04
1734539793, 47, 37, 80, 0, 0, 0.06%, 9, 0, 8, 340.54
1734539798, 47, 38, 80, 0, 0, 0.06%, 9, 0, 8, 335.06
1734539803, 47, 39, 80, 0, 0, 0.06%, 9, 0, 8, 307.45
1734539809, 47, 40, 80, 0, 0, 0.06%, 9, 0, 8, 323.36
1734539814, 47, 42, 80, 0, 0, 0.06%, 9, 0, 8, 348.22
1734539819, 47, 43, 80, 0, 0, 0.06%, 9, 0, 8, 362.14
1734539824, 47, 44, 80, 0, 0, 0.06%, 9, 0, 8, 360.06
1734539829, 47, 45, 80, 0, 0, 0.06%, 9, 0, 8, 360.17
1734539839, 47, 46, 80, 0, 0, 0.06%, 9, 0, 8, 398.51
1734539849, 47, 47, 80, 0, 0, 0.06%, 9, 0, 8, 358.32
1734539854, 47, 48, 80, 0, 0, 0.06%, 9, 0, 8, 347.04
1734539864, 47, 49, 80, 0, 0, 0.06%, 9, 0, 8, 383.42
1734539874, 47, 50, 80, 0, 0, 0.06%, 9, 0, 8, 346.52
1734539879, 47, 51, 80, 0, 0, 0.06%, 9, 0, 8, 312.66
1734539889, 47, 52, 80, 0, 0, 0.06%, 9, 0, 8, 335.70
1734539900, 47, 53, 80, 0, 0, 0.06%, 9, 0, 8, 341.07
1734539910, 47, 54, 80, 0, 0, 0.06%, 9, 0, 8, 389.07
1734539920, 47, 55, 80, 0, 0, 0.06%, 9, 0, 8, 383.59
1734539930, 47, 56, 80, 0, 0, 0.06%, 9, 0, 8, 364.84
1734539935, 47, 57, 80, 0, 0, 0.06%, 9, 0, 8, 310.69
1734539946, 47, 58, 80, 0, 0, 0.06%, 9, 0, 8, 361.43
1734539951, 47, 59, 80, 0, 0, 0.06%, 9, 0, 8, 349.43
1734539956, 47, 60, 80, 0, 0, 0.06%, 9, 0, 8, 389.50
1734539966, 47, 61, 80, 0, 0, 0.06%, 9, 0, 8, 376.53
1734539976, 47, 62, 80, 0, 0, 0.06%, 9, 0, 8, 355.73
1734539981, 47, 63, 80, 0, 0, 0.06%, 9, 0, 8, 353.39
1734539986, 47, 64, 80, 0, 0, 0.06%, 9, 0, 8, 376.82
1734539992, 47, 65, 80, 0, 0, 0.06%, 9, 0, 8, 371.13
1734539997, 47, 66, 80, 0, 0, 0.06%, 9, 0, 8, 368.86
1734540007, 47, 67, 80, 0, 0, 0.06%, 9, 0, 8, 350.69
1734540012, 47, 68, 80, 0, 0, 0.06%, 9, 0, 8, 412.75
1734540027, 47, 69, 80, 0, 0, 0.06%, 9, 0, 8, 370.02
1734540032, 47, 70, 80, 0, 0, 0.06%, 9, 0, 8, 330.38
1734540037, 47, 71, 80, 0, 0, 0.06%, 9, 0, 8, 349.45
1734540042, 47, 72, 80, 0, 0, 0.06%, 9, 0, 8, 351.07
1734540048, 47, 73, 80, 0, 0, 0.06%, 9, 0, 8, 346.92
1734540058, 47, 74, 80, 0, 0, 0.06%, 9, 0, 8, 343.65
1734540063, 47, 75, 80, 0, 0, 0.06%, 9, 0, 8, 337.46
1734540068, 47, 76, 80, 0, 0, 0.06%, 9, 0, 8, 335.61
1734540073, 47, 77, 80, 0, 0, 0.06%, 9, 0, 8, 369.54
1734540078, 47, 78, 80, 0, 0, 0.06%, 9, 0, 8, 364.45
1734540083, 47, 79, 80, 0, 0, 0.06%, 9, 0, 8, 361.60
1734540093, 48, 12, 80, 0, 0, 0.06%, 9, 0, 8, 290.75
1734540098, 48, 13, 80, 0, 0, 0.06%, 9, 0, 8, 302.28
1734540103, 48, 15, 80, 0, 0, 0.06%, 9, 0, 8, 290.90
1734540108, 48, 18, 80, 0, 0, 0.06%, 9, 0, 8, 338.87
1734540113, 48, 20, 80, 0, 0, 0.06%, 9, 0, 8, 316.16
1734540119, 48, 21, 80, 0, 0, 0.06%, 9, 0, 8, 325.16
1734540124, 48, 22, 80, 0, 0, 0.06%, 9, 0, 8, 304.32
1734540129, 48, 24, 80, 0, 0, 0.06%, 9, 0, 8, 336.85
1734540134, 48, 25, 80, 0, 0, 0.06%, 9, 0, 8, 358.81
1734540139, 48, 26, 80, 0, 0, 0.06%, 9, 0, 8, 319.34
1734540144, 48, 27, 80, 0, 0, 0.06%, 9, 0, 8, 305.28
1734540149, 48, 28, 80, 0, 0, 0.06%, 9, 0, 8, 347.61
1734540154, 48, 29, 80, 0, 0, 0.06%, 9, 0, 8, 318.66
1734540159, 48, 30, 80, 0, 0, 0.06%, 9, 0, 8, 331.25
1734540164, 48, 32, 80, 0, 0, 0.06%, 9, 0, 8, 324.73
1734540170, 48, 33, 80, 0, 0, 0.06%, 9, 0, 8, 343.86
1734540175, 48, 34, 80, 0, 0, 0.06%, 9, 0, 8, 380.24
1734540180, 48, 35, 80, 0, 0, 0.06%, 9, 0, 8, 387.93
1734540185, 48, 36, 80, 0, 0, 0.06%, 9, 0, 8, 348.89
1734540190, 48, 37, 80, 0, 0, 0.06%, 9, 0, 8, 341.55
1734540195, 48, 38, 80, 0, 0, 0.06%, 9, 0, 8, 340.63
1734540200, 48, 39, 80, 0, 0, 0.06%, 9, 0, 8, 317.85
1734540205, 48, 41, 80, 0, 0, 0.06%, 9, 0, 8, 336.74
1734540210, 48, 42, 80, 0, 0, 0.06%, 9, 0, 8, 325.97
1734540215, 48, 43, 80, 0, 0, 0.06%, 9, 0, 8, 356.91
1734540220, 48, 44, 80, 0, 0, 0.06%, 9, 0, 8, 367.32
1734540225, 48, 45, 80, 0, 0, 0.06%, 9, 0, 8, 376.02
1734540230, 48, 46, 80, 0, 0, 0.06%, 9, 0, 8, 341.78
1734540236, 48, 47, 80, 0, 0, 0.06%, 9, 0, 8, 319.99
1734540241, 48, 48, 80, 0, 0, 0.06%, 9, 0, 8, 361.07
1734540246, 48, 49, 80, 0, 0, 0.06%, 9, 0, 8, 356.96
1734540256, 48, 50, 80, 0, 0, 0.06%, 9, 0, 8, 388.06
1734540266, 48, 51, 80, 0, 0, 0.06%, 9, 0, 8, 366.43
1734540271, 48, 52, 80, 0, 0, 0.06%, 9, 0, 8, 343.47
1734540281, 48, 53, 80, 0, 0, 0.06%, 9, 0, 8, 388.42
1734540291, 48, 54, 80, 0, 0, 0.06%, 9, 0, 8, 368.79
1734540296, 48, 55, 80, 0, 0, 0.06%, 9, 0, 8, 336.41
1734540307, 48, 56, 80, 0, 0, 0.06%, 9, 0, 8, 395.60
1734540317, 48, 57, 80, 0, 0, 0.06%, 9, 0, 8, 385.44
1734540327, 48, 59, 80, 0, 0, 0.06%, 9, 0, 8, 346.53
1734540332, 48, 60, 80, 0, 0, 0.06%, 9, 0, 8, 399.20
1734540347, 48, 61, 80, 0, 0, 0.06%, 9, 0, 8, 374.99
1734540352, 48, 62, 80, 0, 0, 0.06%, 9, 0, 8, 380.05
1734540357, 48, 63, 80, 0, 0, 0.06%, 9, 0, 8, 301.44
1734540367, 48, 65, 80, 0, 0, 0.06%, 9, 0, 8, 346.94
1734540372, 48, 66, 80, 0, 0, 0.06%, 9, 0, 8, 388.68
1734540388, 48, 67, 80, 0, 0, 0.06%, 9, 0, 8, 354.00
1734540393, 48, 68, 80, 0, 0, 0.06%, 9, 0, 8, 351.13
1734540408, 48, 69, 80, 0, 0, 0.06%, 9, 0, 8, 349.26
1734540413, 48, 70, 80, 0, 0, 0.06%, 9, 0, 8, 353.70
1734540418, 48, 71, 80, 0, 0, 0.06%, 9, 0, 8, 348.87
1734540423, 48, 72, 80, 0, 0, 0.06%, 9, 0, 8, 351.72
1734540428, 48, 73, 80, 0, 0, 0.06%, 9, 0, 8, 329.15
1734540433, 48, 74, 80, 0, 0, 0.06%, 9, 0, 8, 314.05
1734540438, 48, 75, 80, 0, 0, 0.06%, 9, 0, 8, 343.34
1734540448, 48, 76, 80, 0, 0, 0.06%, 9, 0, 8, 315.19
1734540454, 48, 77, 80, 0, 0, 0.06%, 9, 0, 8, 365.11
1734540459, 48, 78, 80, 0, 0, 0.06%, 9, 0, 8, 350.04
1734540464, 48, 79, 80, 0, 0, 0.06%, 9, 0, 8, 362.58
1734540469, 49, 11, 80, 0, 0, 0.06%, 9, 0, 8, 303.64
1734540474, 49, 12, 80, 0, 0, 0.06%, 9, 0, 8, 330.05
1734540479, 49, 14, 80, 0, 0, 0.06%, 9, 0, 8, 303.95
1734540484, 49, 16, 80, 0, 0, 0.06%, 9, 0, 8, 300.84
1734540489, 49, 18, 80, 0, 0, 0.06%, 9, 0, 8, 334.81
1734540494, 49, 20, 80, 0, 0, 0.06%, 9, 0, 8, 318.27
1734540499, 49, 22, 80, 0, 0, 0.06%, 9, 0, 8, 342.69
1734540504, 49, 23, 80, 0, 0, 0.06%, 9, 0, 8, 360.15
1734540509, 49, 24, 80, 0, 0, 0.06%, 9, 0, 8, 352.10
1734540514, 49, 25, 80, 0, 0, 0.06%, 9, 0, 8, 354.56
1734540519, 49, 26, 80, 0, 0, 0.06%, 9, 0, 8, 313.06
1734540524, 49, 27, 80, 0, 0, 0.06%, 9, 0, 8, 297.89
1734540529, 49, 28, 80, 0, 0, 0.06%, 9, 0, 8, 324.59
1734540535, 49, 29, 80, 0, 0, 0.06%, 9, 0, 8, 327.39
1734540540, 49, 31, 80, 0, 0, 0.06%, 9, 0, 8, 348.58
1734540545, 49, 32, 80, 0, 0, 0.06%, 9, 0, 8, 305.29
1734540550, 49, 33, 80, 0, 0, 0.06%, 9, 0, 8, 350.51
1734540555, 49, 34, 80, 0, 0, 0.06%, 9, 0, 8, 367.36
1734540560, 49, 35, 80, 0, 0, 0.06%, 9, 0, 8, 362.92
1734540565, 49, 36, 80, 0, 0, 0.06%, 9, 0, 8, 341.33
1734540570, 49, 37, 80, 0, 0, 0.06%, 9, 0, 8, 348.26
1734540575, 49, 38, 80, 0, 0, 0.06%, 9, 0, 8, 338.90
1734540580, 49, 39, 80, 0, 0, 0.06%, 9, 0, 8, 326.48
1734540585, 49, 41, 80, 0, 0, 0.06%, 9, 0, 8, 326.87
1734540590, 49, 42, 80, 0, 0, 0.06%, 9, 0, 8, 347.00
1734540595, 49, 43, 80, 0, 0, 0.06%, 9, 0, 8, 356.67
1734540600, 49, 44, 80, 0, 0, 0.06%, 9, 0, 8, 365.42
1734540605, 49, 45, 80, 0, 0, 0.06%, 9, 0, 8, 343.01
1734540611, 49, 46, 80, 0, 0, 0.06%, 9, 0, 8, 340.54
1734540616, 49, 47, 80, 0, 0, 0.06%, 9, 0, 8, 340.41
1734540621, 49, 49, 80, 0, 0, 0.06%, 9, 0, 8, 347.48
1734540626, 49, 50, 80, 0, 0, 0.06%, 9, 0, 8, 356.38
1734540631, 49, 51, 80, 0, 0, 0.06%, 9, 0, 8, 357.83
1734540636, 49, 52, 80, 0, 0, 0.06%, 9, 0, 8, 362.56
1734540641, 49, 53, 80, 0, 0, 0.06%, 9, 0, 8, 347.22
1734540651, 49, 54, 80, 0, 0, 0.06%, 9, 0, 8, 376.15
1734540661, 49, 55, 80, 0, 0, 0.06%, 9, 0, 8, 388.00
1734540672, 49, 56, 80, 0, 0, 0.06%, 9, 0, 8, 353.65
1734540677, 49, 57, 80, 0, 0, 0.06%, 9, 0, 8, 302.32
1734540687, 49, 58, 80, 0, 0, 0.06%, 9, 0, 8, 364.20
1734540692, 49, 59, 80, 0, 0, 0.06%, 9, 0, 8, 357.67
1734540697, 49, 60, 80, 0, 0, 0.06%, 9, 0, 8, 384.96
1734540707, 49, 61, 80, 0, 0, 0.06%, 9, 0, 8, 362.51
1734540718, 49, 62, 80, 0, 0, 0.06%, 9, 0, 8, 346.47
1734540723, 49, 63, 80, 0, 0, 0.06%, 9, 0, 8, 366.40
1734540728, 49, 64, 80, 0, 0, 0.06%, 9, 0, 8, 368.83
1734540733, 49, 65, 80, 0, 0, 0.06%, 9, 0, 8, 362.62
1734540738, 49, 66, 80, 0, 0, 0.06%, 9, 0, 8, 370.89
1734540748, 49, 67, 80, 0, 0, 0.06%, 9, 0, 8, 345.49
1734540753, 49, 68, 80, 0, 0, 0.06%, 9, 0, 8, 372.54
1734540769, 49, 69, 80, 0, 0, 0.06%, 9, 0, 8, 377.11
1734540779, 49, 70, 80, 0, 0, 0.06%, 9, 0, 8, 340.65
1734540784, 49, 71, 80, 0, 0, 0.06%, 9, 0, 8, 321.77
1734540789, 49, 72, 80, 0, 0, 0.06%, 9, 0, 8, 330.36
1734540794, 49, 73, 80, 0, 0, 0.06%, 9, 0, 8, 337.20
1734540799, 49, 74, 80, 0, 0, 0.06%, 9, 0, 8, 340.37
1734540804, 49, 75, 80, 0, 0, 0.06%, 9, 0, 8, 336.38
1734540809, 49, 76, 80, 0, 0, 0.06%, 9, 0, 8, 322.14
1734540814, 49, 77, 80, 0, 0, 0.06%, 9, 0, 8, 308.59
1734540820, 49, 78, 80, 0, 0, 0.06%, 9, 0, 8, 347.54
1734540830, 49, 79, 80, 0, 0, 0.06%, 9, 0, 8, 351.61
1734540835, 50, 11, 80, 0, 0, 0.06%, 9, 0, 8, 322.01
1734540840, 50, 13, 80, 0, 0, 0.06%, 9, 0, 8, 324.75
1734540845, 50, 15, 80, 0, 0, 0.06%, 9, 0, 8, 302.15
1734540850, 50, 17, 80, 0, 0, 0.06%, 9, 0, 8, 323.29
1734540855, 50, 19, 80, 0, 0, 0.06%, 9, 0, 8, 298.08
1734540860, 50, 21, 80, 0, 0, 0.06%, 9, 0, 8, 360.73
1734540865, 50, 22, 80, 0, 0, 0.06%, 9, 0, 8, 339.77
1734540870, 50, 23, 80, 0, 0, 0.06%, 9, 0, 8, 329.45
1734540876, 50, 24, 80, 0, 0, 0.06%, 9, 0, 8, 346.58
1734540881, 50, 25, 80, 0, 0, 0.06%, 9, 0, 8, 332.92
1734540886, 50, 26, 80, 0, 0, 0.06%, 9, 0, 8, 307.99
1734540891, 50, 27, 80, 0, 0, 0.06%, 9, 0, 8, 298.84
1734540896, 50, 29, 80, 0, 0, 0.06%, 9, 0, 8, 370.41
1734540901, 50, 30, 80, 0, 0, 0.06%, 9, 0, 8, 344.59
1734540906, 50, 31, 80, 0, 0, 0.06%, 9, 0, 8, 349.88
1734540911, 50, 32, 80, 0, 0, 0.06%, 9, 0, 8, 298.91
1734540916, 50, 33, 80, 0, 0, 0.06%, 9, 0, 8, 332.11
1734540921, 50, 34, 80, 0, 0, 0.06%, 9, 0, 8, 346.53
1734540926, 50, 35, 80, 0, 0, 0.06%, 9, 0, 8, 334.48
1734540931, 50, 36, 80, 0, 0, 0.06%, 9, 0, 8, 315.80
1734540936, 50, 37, 80, 0, 0, 0.06%, 9, 0, 8, 326.99
1734540941, 50, 38, 80, 0, 0, 0.06%, 9, 0, 8, 319.79
1734540946, 50, 40, 80, 0, 0, 0.06%, 9, 0, 8, 327.06
1734540951, 50, 41, 80, 0, 0, 0.06%, 9, 0, 8, 351.02
1734540957, 50, 42, 80, 0, 0, 0.06%, 9, 0, 8, 366.25
1734540962, 50, 43, 80, 0, 0, 0.06%, 9, 0, 8, 359.80
1734540967, 50, 44, 80, 0, 0, 0.06%, 9, 0, 8, 353.03
1734540972, 50, 45, 80, 0, 0, 0.06%, 9, 0, 8, 343.29
1734540977, 50, 46, 80, 0, 0, 0.06%, 9, 0, 8, 326.33
1734540982, 50, 47, 80, 0, 0, 0.06%, 9, 0, 8, 333.88
1734540987, 50, 49, 80, 0, 0, 0.06%, 9, 0, 8, 345.81
1734540992, 50, 50, 80, 0, 0, 0.06%, 9, 0, 8, 334.45
1734540997, 50, 51, 80, 0, 0, 0.06%, 9, 0, 8, 335.64
1734541002, 50, 52, 80, 0, 0, 0.06%, 9, 0, 8, 311.24
1734541007, 50, 53, 80, 0, 0, 0.06%, 9, 0, 8, 326.01
1734541012, 50, 54, 80, 0, 0, 0.06%, 9, 0, 8, 368.30
1734541017, 50, 55, 80, 0, 0, 0.06%, 9, 0, 8, 315.41
1734541023, 50, 56, 80, 0, 0, 0.06%, 9, 0, 8, 362.91
1734541028, 50, 57, 80, 0, 0, 0.06%, 9, 0, 8, 344.89
1734541033, 50, 58, 80, 0, 0, 0.06%, 9, 0, 8, 379.04
1734541038, 50, 59, 80, 0, 0, 0.06%, 9, 0, 8, 367.61
1734541043, 50, 60, 80, 0, 0, 0.06%, 9, 0, 8, 358.17
1734541053, 50, 61, 80, 0, 0, 0.06%, 9, 0, 8, 362.55
1734541063, 50, 62, 80, 0, 0, 0.06%, 9, 0, 8, 336.22
1734541069, 50, 63, 80, 0, 0, 0.06%, 9, 0, 8, 353.87
1734541074, 50, 64, 80, 0, 0, 0.06%, 9, 0, 8, 374.32
1734541079, 50, 65, 80, 0, 0, 0.06%, 9, 0, 8, 357.05
1734541084, 50, 66, 80, 0, 0, 0.06%, 9, 0, 8, 358.81
1734541094, 50, 67, 80, 0, 0, 0.06%, 9, 0, 8, 340.68
1734541099, 50, 68, 80, 0, 0, 0.06%, 9, 0, 8, 397.27
1734541114, 50, 69, 80, 0, 0, 0.06%, 9, 0, 8, 370.41
1734541124, 50, 70, 80, 0, 0, 0.06%, 9, 0, 8, 330.77
1734541130, 50, 71, 80, 0, 0, 0.06%, 9, 0, 8, 349.45
1734541135, 50, 72, 80, 0, 0, 0.06%, 9, 0, 8, 342.30
1734541140, 50, 73, 80, 0, 0, 0.06%, 9, 0, 8, 334.87
1734541145, 50, 74, 80, 0, 0, 0.06%, 9, 0, 8, 347.97
1734541150, 50, 75, 80, 0, 0, 0.06%, 9, 0, 8, 340.96
1734541155, 50, 76, 80, 0, 0, 0.06%, 9, 0, 8, 329.55
1734541160, 50, 77, 80, 0, 0, 0.06%, 9, 0, 8, 357.62
1734541165, 50, 78, 80, 0, 0, 0.06%, 9, 0, 8, 313.03
1734541170, 50, 79, 80, 0, 0, 0.06%, 9, 0, 8, 351.97
1734541180, 51, 12, 80, 0, 0, 0.06%, 9, 0, 8, 329.98
1734541185, 51, 13, 80, 0, 0, 0.06%, 9, 0, 8, 316.20
1734541190, 51, 15, 80, 0, 0, 0.06%, 9, 0, 8, 296.68
1734541195, 51, 17, 80, 0, 0, 0.06%, 9, 0, 8, 318.97
1734541200, 51, 19, 80, 0, 0, 0.06%, 9, 0, 8, 298.47
1734541205, 51, 21, 80, 0, 0, 0.06%, 9, 0, 8, 367.08
1734541210, 51, 22, 80, 0, 0, 0.06%, 9, 0, 8, 332.20
1734541215, 51, 23, 80, 0, 0, 0.06%, 9, 0, 8, 339.78
1734541220, 51, 24, 80, 0, 0, 0.06%, 9, 0, 8, 342.01
1734541225, 51, 25, 80, 0, 0, 0.06%, 9, 0, 8, 331.37
1734541231, 51, 26, 80, 0, 0, 0.06%, 9, 0, 8, 326.33
1734541236, 51, 27, 80, 0, 0, 0.06%, 9, 0, 8, 292.88
1734541241, 51, 29, 80, 0, 0, 0.06%, 9, 0, 8, 376.37
1734541246, 51, 30, 80, 0, 0, 0.06%, 9, 0, 8, 343.16
1734541251, 51, 31, 80, 0, 0, 0.06%, 9, 0, 8, 345.99
1734541256, 51, 32, 80, 0, 0, 0.06%, 9, 0, 8, 304.80
1734541261, 51, 33, 80, 0, 0, 0.06%, 9, 0, 8, 340.71
1734541266, 51, 34, 80, 0, 0, 0.06%, 9, 0, 8, 334.28
1734541271, 51, 36, 80, 0, 0, 0.06%, 9, 0, 8, 345.80
1734541276, 51, 37, 80, 0, 0, 0.06%, 9, 0, 8, 320.12
1734541281, 51, 38, 80, 0, 0, 0.06%, 9, 0, 8, 329.53
1734541287, 51, 39, 80, 0, 0, 0.06%, 9, 0, 8, 337.93
1734541292, 51, 40, 80, 0, 0, 0.06%, 9, 0, 8, 350.88
1734541297, 51, 41, 80, 0, 0, 0.06%, 9, 0, 8, 327.52
1734541302, 51, 42, 80, 0, 0, 0.06%, 9, 0, 8, 325.80
1734541307, 51, 44, 80, 0, 0, 0.06%, 9, 0, 8, 331.58
1734541317, 51, 45, 80, 0, 0, 0.06%, 9, 0, 8, 332.13
1734541322, 51, 47, 80, 0, 0, 0.06%, 9, 0, 8, 349.32
1734541327, 51, 48, 80, 0, 0, 0.06%, 9, 0, 8, 353.02
1734541332, 51, 49, 80, 0, 0, 0.06%, 9, 0, 8, 341.64
1734541337, 51, 50, 80, 0, 0, 0.06%, 9, 0, 8, 359.08
1734541342, 51, 51, 80, 0, 0, 0.06%, 9, 0, 8, 359.27
1734541347, 51, 52, 80, 0, 0, 0.06%, 9, 0, 8, 364.32
1734541352, 51, 53, 80, 0, 0, 0.06%, 9, 0, 8, 359.03
1734541357, 51, 54, 80, 0, 0, 0.06%, 9, 0, 8, 359.73
1734541362, 51, 55, 80, 0, 0, 0.06%, 9, 0, 8, 355.97
1734541367, 51, 56, 80, 0, 0, 0.06%, 9, 0, 8, 338.02
1734541372, 51, 57, 80, 0, 0, 0.06%, 9, 0, 8, 340.15
1734541377, 51, 58, 80, 0, 0, 0.06%, 9, 0, 8, 382.89
1734541383, 51, 59, 80, 0, 0, 0.06%, 9, 0, 8, 363.41
1734541388, 51, 60, 80, 0, 0, 0.06%, 9, 0, 8, 358.02
1734541398, 51, 61, 80, 0, 0, 0.06%, 9, 0, 8, 356.96
1734541408, 51, 62, 80, 0, 0, 0.06%, 9, 0, 8, 343.87
1734541413, 51, 63, 80, 0, 0, 0.06%, 9, 0, 8, 304.18
1734541418, 51, 64, 80, 0, 0, 0.06%, 9, 0, 8, 369.72
1734541423, 51, 65, 80, 0, 0, 0.06%, 9, 0, 8, 383.58
1734541428, 51, 66, 80, 0, 0, 0.06%, 9, 0, 8, 377.36
1734541438, 51, 67, 80, 0, 0, 0.06%, 9, 0, 8, 363.24
1734541444, 51, 68, 80, 0, 0, 0.06%, 9, 0, 8, 374.35
1734541464, 51, 69, 80, 0, 0, 0.06%, 9, 0, 8, 321.25
1734541469, 51, 70, 80, 0, 0, 0.06%, 9, 0, 8, 352.79
1734541474, 51, 71, 80, 0, 0, 0.06%, 9, 0, 8, 339.31
1734541479, 51, 72, 80, 0, 0, 0.06%, 9, 0, 8, 349.73
1734541484, 51, 73, 80, 0, 0, 0.06%, 9, 0, 8, 323.59
1734541489, 51, 74, 80, 0, 0, 0.06%, 9, 0, 8, 332.78
1734541494, 51, 75, 80, 0, 0, 0.06%, 9, 0, 8, 340.99
1734541499, 51, 76, 80, 0, 0, 0.06%, 9, 0, 8, 331.53
1734541504, 51, 77, 80, 0, 0, 0.06%, 9, 0, 8, 334.96
1734541510, 51, 78, 80, 0, 0, 0.06%, 9, 0, 8, 324.35
1734541515, 51, 79, 80, 0, 0, 0.06%, 9, 0, 8, 342.82
1734541525, 52, 12, 80, 0, 0, 0.06%, 9, 0, 8, 334.23
1734541530, 52, 13, 80, 0, 0, 0.06%, 9, 0, 8, 310.86
1734541535, 52, 15, 80, 0, 0, 0.06%, 9, 0, 8, 301.05
1734541540, 52, 17, 80, 0, 0, 0.06%, 9, 0, 8, 327.32
1734541545, 52, 19, 80, 0, 0, 0.06%, 9, 0, 8, 295.37
1734541550, 52, 21, 80, 0, 0, 0.06%, 9, 0, 8, 349.99
1734541555, 52, 22, 80, 0, 0, 0.06%, 9, 0, 8, 341.40
1734541560, 52, 23, 80, 0, 0, 0.06%, 9, 0, 8, 336.38
1734541566, 52, 24, 80, 0, 0, 0.06%, 9, 0, 8, 329.09
1734541571, 52, 26, 80, 0, 0, 0.06%, 9, 0, 8, 343.74
1734541581, 52, 28, 80, 0, 0, 0.06%, 9, 0, 8, 311.13
1734541586, 52, 29, 80, 0, 0, 0.06%, 9, 0, 8, 364.72
1734541591, 52, 30, 80, 0, 0, 0.06%, 9, 0, 8, 354.46
1734541596, 52, 31, 80, 0, 0, 0.06%, 9, 0, 8, 335.25
1734541601, 52, 32, 80, 0, 0, 0.06%, 9, 0, 8, 282.49
1734541606, 52, 33, 80, 0, 0, 0.06%, 9, 0, 8, 318.13
1734541611, 52, 34, 80, 0, 0, 0.06%, 9, 0, 8, 318.20
1734541616, 52, 35, 80, 0, 0, 0.06%, 9, 0, 8, 343.34
1734541621, 52, 37, 80, 0, 0, 0.06%, 9, 0, 8, 323.13
1734541627, 52, 38, 80, 0, 0, 0.06%, 9, 0, 8, 346.94
1734541632, 52, 39, 80, 0, 0, 0.06%, 9, 0, 8, 338.76
1734541637, 52, 40, 80, 0, 0, 0.06%, 9, 0, 8, 346.23
1734541642, 52, 41, 80, 0, 0, 0.06%, 9, 0, 8, 344.45
1734541647, 52, 42, 80, 0, 0, 0.06%, 9, 0, 8, 337.39
1734541652, 52, 43, 80, 0, 0, 0.06%, 9, 0, 8, 329.68
1734541657, 52, 44, 80, 0, 0, 0.06%, 9, 0, 8, 350.62
1734541662, 52, 45, 80, 0, 0, 0.06%, 9, 0, 8, 348.92
1734541667, 52, 46, 80, 0, 0, 0.06%, 9, 0, 8, 340.26
1734541672, 52, 48, 80, 0, 0, 0.06%, 9, 0, 8, 354.64
1734541677, 52, 49, 80, 0, 0, 0.06%, 9, 0, 8, 354.74
1734541682, 52, 50, 80, 0, 0, 0.06%, 9, 0, 8, 357.90
1734541687, 52, 51, 80, 0, 0, 0.06%, 9, 0, 8, 342.25
1734541692, 52, 52, 80, 0, 0, 0.06%, 9, 0, 8, 358.63
1734541697, 52, 53, 80, 0, 0, 0.06%, 9, 0, 8, 326.69
1734541702, 52, 54, 80, 0, 0, 0.06%, 9, 0, 8, 374.32
1734541708, 52, 55, 80, 0, 0, 0.06%, 9, 0, 8, 319.72
1734541713, 52, 56, 80, 0, 0, 0.06%, 9, 0, 8, 369.79
1734541718, 52, 57, 80, 0, 0, 0.06%, 9, 0, 8, 345.41
1734541723, 52, 58, 80, 0, 0, 0.06%, 9, 0, 8, 371.72
1734541728, 52, 59, 80, 0, 0, 0.06%, 9, 0, 8, 360.53
1734541733, 52, 60, 80, 0, 0, 0.06%, 9, 0, 8, 369.83
1734541743, 52, 61, 80, 0, 0, 0.06%, 9, 0, 8, 383.67
1734541753, 52, 62, 80, 0, 0, 0.06%, 9, 0, 8, 339.07
1734541758, 52, 63, 80, 0, 0, 0.06%, 9, 0, 8, 316.86
1734541763, 52, 64, 80, 0, 0, 0.06%, 9, 0, 8, 370.18
1734541768, 52, 65, 80, 0, 0, 0.06%, 9, 0, 8, 363.11
1734541773, 52, 66, 80, 0, 0, 0.06%, 9, 0, 8, 400.70
1734541789, 52, 67, 80, 0, 0, 0.06%, 9, 0, 8, 358.49
1734541794, 52, 68, 80, 0, 0, 0.06%, 9, 0, 8, 312.31
1734541809, 52, 69, 80, 0, 0, 0.06%, 9, 0, 8, 341.65
1734541814, 52, 70, 80, 0, 0, 0.06%, 9, 0, 8, 344.65
1734541819, 52, 71, 80, 0, 0, 0.06%, 9, 0, 8, 357.58
1734541824, 52, 72, 80, 0, 0, 0.06%, 9, 0, 8, 354.93
1734541829, 52, 73, 80, 0, 0, 0.06%, 9, 0, 8, 345.38
1734541834, 52, 74, 80, 0, 0, 0.06%, 9, 0, 8, 332.89
1734541839, 52, 75, 80, 0, 0, 0.06%, 9, 0, 8, 336.23
1734541844, 52, 76, 80, 0, 0, 0.06%, 9, 0, 8, 336.40
1734541849, 52, 77, 80, 0, 0, 0.06%, 9, 0, 8, 333.32
1734541854, 52, 78, 80, 0, 0, 0.06%, 9, 0, 8, 354.28
1734541864, 52, 79, 80, 0, 0, 0.06%, 9, 0, 8, 352.47
1734541870, 53, 11, 80, 0, 0, 0.06%, 9, 0, 8, 318.73
1734541875, 53, 13, 80, 0, 0, 0.06%, 9, 0, 8, 329.74
1734541880, 53, 16, 80, 0, 0, 0.06%, 9, 0, 8, 298.20
1734541885, 53, 18, 80, 0, 0, 0.06%, 9, 0, 8, 328.68
1734541890, 53, 20, 80, 0, 0, 0.06%, 9, 0, 8, 317.32
1734541895, 53, 21, 80, 0, 0, 0.06%, 9, 0, 8, 326.95
1734541900, 53, 22, 80, 0, 0, 0.06%, 9, 0, 8, 301.36
1734541905, 53, 24, 80, 0, 0, 0.06%, 9, 0, 8, 308.65
1734541910, 53, 25, 80, 0, 0, 0.06%, 9, 0, 8, 317.05
1734541915, 53, 26, 80, 0, 0, 0.06%, 9, 0, 8, 322.31
1734541920, 53, 27, 80, 0, 0, 0.06%, 9, 0, 8, 295.24
1734541925, 53, 28, 80, 0, 0, 0.06%, 9, 0, 8, 342.77
1734541930, 53, 29, 80, 0, 0, 0.06%, 9, 0, 8, 331.53
1734541936, 53, 30, 80, 0, 0, 0.06%, 9, 0, 8, 318.11
1734541941, 53, 31, 80, 0, 0, 0.06%, 9, 0, 8, 321.09
1734541946, 53, 32, 80, 0, 0, 0.06%, 9, 0, 8, 288.50
1734541951, 53, 33, 80, 0, 0, 0.06%, 9, 0, 8, 319.76
1734541956, 53, 35, 80, 0, 0, 0.06%, 9, 0, 8, 336.79
1734541961, 53, 36, 80, 0, 0, 0.06%, 9, 0, 8, 352.39
1734541966, 53, 37, 80, 0, 0, 0.06%, 9, 0, 8, 346.86
1734541971, 53, 38, 80, 0, 0, 0.06%, 9, 0, 8, 361.66
1734541976, 53, 39, 80, 0, 0, 0.06%, 9, 0, 8, 340.40
1734541981, 53, 40, 80, 0, 0, 0.06%, 9, 0, 8, 347.24
1734541986, 53, 41, 80, 0, 0, 0.06%, 9, 0, 8, 327.34
1734541991, 53, 42, 80, 0, 0, 0.06%, 9, 0, 8, 337.40
1734541996, 53, 44, 80, 0, 0, 0.06%, 9, 0, 8, 338.62
1734542007, 53, 45, 80, 0, 0, 0.06%, 9, 0, 8, 334.94
1734542012, 53, 47, 80, 0, 0, 0.06%, 9, 0, 8, 353.53
1734542017, 53, 48, 80, 0, 0, 0.06%, 9, 0, 8, 365.89
1734542022, 53, 49, 80, 0, 0, 0.06%, 9, 0, 8, 339.69
1734542027, 53, 50, 80, 0, 0, 0.06%, 9, 0, 8, 338.69
1734542032, 53, 51, 80, 0, 0, 0.06%, 9, 0, 8, 349.77
1734542037, 53, 52, 80, 0, 0, 0.06%, 9, 0, 8, 358.45
1734542042, 53, 53, 80, 0, 0, 0.06%, 9, 0, 8, 344.46
1734542047, 53, 54, 80, 0, 0, 0.06%, 9, 0, 8, 355.97
1734542052, 53, 55, 80, 0, 0, 0.06%, 9, 0, 8, 330.14
1734542057, 53, 56, 80, 0, 0, 0.06%, 9, 0, 8, 368.45
1734542062, 53, 57, 80, 0, 0, 0.06%, 9, 0, 8, 377.67
1734542067, 53, 58, 80, 0, 0, 0.06%, 9, 0, 8, 347.36
1734542072, 53, 59, 80, 0, 0, 0.06%, 9, 0, 8, 358.73
1734542078, 53, 60, 80, 0, 0, 0.06%, 9, 0, 8, 320.76
1734542088, 53, 61, 80, 0, 0, 0.06%, 9, 0, 8, 329.43
1734542098, 53, 62, 80, 0, 0, 0.06%, 9, 0, 8, 328.60
1734542103, 53, 63, 80, 0, 0, 0.06%, 9, 0, 8, 384.46
1734542108, 53, 64, 80, 0, 0, 0.06%, 9, 0, 8, 387.18
1734542113, 53, 65, 80, 0, 0, 0.06%, 9, 0, 8, 353.67
1734542118, 53, 66, 80, 0, 0, 0.06%, 9, 0, 8, 304.82
1734542128, 53, 67, 80, 0, 0, 0.06%, 9, 0, 8, 372.90
