# unix_time, cycles_done, cur_path, paths_total, pending_total, pending_favs, map_size, unique_crashes, unique_hangs, max_depth, execs_per_sec
1734333730, 0, 0, 10, 10, 1, 0.00%, 0, 0, 1, 173.91
1734333735, 0, 2, 10, 10, 1, 0.00%, 0, 0, 1, 200.26
1734333740, 0, 3, 10, 9, 0, 0.00%, 0, 0, 1, 208.28
1734333745, 0, 4, 10, 8, 0, 0.00%, 0, 0, 1, 203.32
1734333755, 0, 5, 10, 7, 0, 0.00%, 0, 0, 1, 207.59
1734333760, 0, 6, 10, 6, 0, 0.00%, 0, 0, 1, 199.45
1734333771, 0, 7, 10, 5, 0, 0.00%, 0, 0, 1, 211.08
1734333776, 0, 8, 10, 4, 0, 0.00%, 0, 0, 1, 195.72
1734333781, 0, 8, 11, 5, 0, 0.05%, 1, 0, 2, 209.07
1734333791, 0, 10, 11, 4, 1, 0.05%, 1, 0, 2, 253.09
1734333796, 0, 10, 12, 5, 1, 0.05%, 2, 0, 3, 270.27
1734333811, 0, 11, 13, 5, 1, 0.05%, 2, 0, 4, 265.90
1734333816, 0, 11, 14, 6, 1, 0.05%, 3, 0, 4, 271.18
1734333821, 0, 11, 15, 7, 1, 0.05%, 4, 0, 4, 273.49
1734333842, 0, 11, 17, 9, 1, 0.06%, 5, 0, 4, 280.05
1734333847, 0, 11, 18, 10, 1, 0.06%, 5, 0, 4, 269.91
1734333862, 0, 11, 19, 11, 1, 0.06%, 5, 0, 4, 273.86
1734333867, 0, 11, 20, 12, 1, 0.06%, 6, 0, 4, 274.25
1734333872, 0, 11, 21, 13, 1, 0.06%, 7, 0, 4, 275.25
1734333903, 0, 19, 22, 13, 5, 0.06%, 7, 0, 5, 286.43
1734333913, 0, 19, 23, 14, 5, 0.06%, 7, 0, 5, 416.73
1734333923, 0, 19, 24, 15, 5, 0.06%, 8, 0, 5, 420.69
1734333938, 0, 19, 26, 17, 5, 0.06%, 8, 0, 5, 409.41
1734333964, 0, 23, 27, 17, 5, 0.06%, 9, 0, 6, 341.49
1734333969, 0, 23, 28, 18, 5, 0.06%, 9, 0, 6, 399.18
1734333979, 0, 23, 30, 20, 5, 0.06%, 9, 0, 6, 412.36
1734334014, 0, 23, 31, 21, 5, 0.06%, 9, 0, 6, 416.41
1734334025, 1, 15, 31, 20, 5, 0.06%, 9, 0, 6, 447.63
1734334030, 1, 15, 32, 21, 5, 0.06%, 9, 0, 6, 474.57
1734334040, 1, 20, 34, 22, 4, 0.06%, 9, 0, 6, 337.90
1734334045, 1, 20, 35, 23, 4, 0.06%, 9, 0, 6, 282.40
1734334050, 1, 20, 36, 24, 4, 0.06%, 9, 0, 6, 275.52
1734334132, 1, 22, 38, 25, 3, 0.06%, 9, 0, 6, 475.59
1734334147, 1, 26, 39, 25, 3, 0.06%, 9, 0, 7, 363.60
1734334162, 1, 26, 40, 26, 3, 0.06%, 9, 0, 7, 409.67
1734334177, 1, 27, 41, 26, 2, 0.06%, 9, 0, 7, 335.33
1734334198, 1, 31, 41, 25, 2, 0.06%, 9, 0, 7, 333.77
1734334213, 2, 15, 41, 24, 2, 0.06%, 9, 0, 7, 454.80
1734334218, 3, 15, 41, 24, 2, 0.06%, 9, 0, 7, 378.16
1734334223, 3, 31, 41, 24, 2, 0.06%, 9, 0, 7, 280.48
1734334228, 3, 31, 42, 25, 2, 0.06%, 9, 0, 7, 264.99
1734334233, 3, 41, 42, 25, 2, 0.06%, 9, 0, 7, 368.45
1734334244, 3, 41, 44, 27, 2, 0.06%, 9, 0, 7, 342.70
1734334335, 4, 13, 45, 27, 2, 0.06%, 9, 0, 7, 371.94
1734334350, 4, 22, 45, 26, 1, 0.06%, 9, 0, 7, 324.17
1734334355, 4, 24, 45, 26, 1, 0.06%, 9, 0, 7, 347.23
1734334370, 4, 31, 46, 26, 1, 0.06%, 9, 0, 7, 335.65
1734334375, 4, 41, 46, 26, 1, 0.06%, 9, 0, 7, 286.45
1734334391, 4, 42, 46, 26, 1, 0.06%, 9, 0, 7, 484.72
1734334411, 4, 43, 46, 25, 1, 0.06%, 9, 0, 7, 342.28
1734334416, 4, 43, 47, 26, 1, 0.06%, 9, 0, 8, 306.59
1734334446, 4, 43, 49, 28, 1, 0.06%, 9, 0, 8, 280.95
1734334451, 4, 46, 49, 27, 1, 0.06%, 9, 0, 8, 351.82
1734334477, 4, 46, 50, 28, 1, 0.06%, 9, 0, 9, 462.56
1734334512, 4, 46, 51, 29, 1, 0.06%, 9, 0, 9, 460.37
1734334518, 4, 46, 52, 30, 1, 0.06%, 9, 0, 9, 461.08
1734334548, 4, 49, 52, 29, 1, 0.06%, 9, 0, 9, 371.55
1734334553, 4, 49, 53, 30, 1, 0.06%, 9, 0, 10, 486.54
1734334599, 4, 49, 54, 31, 1, 0.06%, 9, 0, 10, 457.54
1734334604, 4, 49, 55, 32, 1, 0.06%, 9, 0, 10, 471.80
1734334619, 4, 49, 56, 33, 1, 0.06%, 9, 0, 10, 473.72
1734334635, 4, 49, 57, 34, 1, 0.06%, 9, 0, 10, 468.87
1734334640, 4, 49, 58, 35, 1, 0.06%, 9, 0, 10, 467.66
1734334665, 5, 13, 58, 34, 1, 0.06%, 9, 0, 10, 346.80
1734334670, 5, 14, 59, 35, 1, 0.06%, 9, 0, 10, 344.35
1734334680, 5, 22, 60, 35, 0, 0.06%, 9, 0, 10, 318.87
1734334685, 5, 24, 60, 35, 0, 0.06%, 9, 0, 10, 323.24
1734334691, 5, 27, 60, 35, 0, 0.06%, 9, 0, 10, 304.75
1734334696, 5, 29, 60, 35, 0, 0.06%, 9, 0, 10, 349.53
1734334706, 5, 30, 60, 34, 0, 0.06%, 9, 0, 10, 410.87
1734334716, 5, 30, 61, 35, 0, 0.06%, 9, 0, 10, 414.91
1734334726, 5, 36, 61, 34, 0, 0.06%, 9, 0, 10, 332.73
1734334736, 5, 36, 62, 35, 0, 0.06%, 9, 0, 10, 363.10
1734334751, 5, 36, 63, 36, 0, 0.06%, 9, 0, 10, 314.75
1734334756, 5, 37, 63, 35, 0, 0.06%, 9, 0, 10, 279.52
1734334777, 5, 38, 63, 34, 0, 0.06%, 9, 0, 10, 304.49
1734334802, 5, 39, 63, 33, 0, 0.06%, 9, 0, 10, 411.77
1734334808, 5, 39, 64, 34, 0, 0.06%, 9, 0, 10, 466.86
1734334828, 5, 40, 64, 33, 0, 0.06%, 9, 0, 10, 376.18
1734334843, 5, 40, 65, 34, 0, 0.06%, 9, 0, 10, 278.89
1734334874, 5, 41, 65, 33, 0, 0.06%, 9, 0, 10, 298.96
1734334884, 5, 42, 65, 33, 0, 0.06%, 9, 0, 10, 345.61
1734334889, 5, 42, 66, 34, 0, 0.06%, 9, 0, 10, 334.48
1734334894, 5, 43, 66, 34, 0, 0.06%, 9, 0, 10, 308.95
1734334899, 5, 44, 66, 34, 0, 0.06%, 9, 0, 10, 298.54
1734334960, 5, 46, 66, 33, 0, 0.06%, 9, 0, 10, 363.79
1734334965, 5, 49, 66, 33, 0, 0.06%, 9, 0, 10, 397.05
1734334975, 5, 50, 66, 33, 0, 0.06%, 9, 0, 10, 405.25
1734335073, 5, 51, 66, 32, 0, 0.06%, 9, 0, 10, 321.47
1734335155, 5, 51, 68, 34, 0, 0.06%, 9, 0, 10, 276.99
1734335195, 5, 60, 69, 34, 0, 0.06%, 9, 0, 10, 354.38
1734335303, 5, 61, 69, 33, 0, 0.06%, 9, 0, 10, 318.78
1734335374, 5, 62, 69, 32, 0, 0.06%, 9, 0, 10, 304.71
1734335450, 5, 62, 70, 33, 0, 0.06%, 9, 0, 10, 478.10
1734335481, 5, 63, 70, 32, 0, 0.06%, 9, 0, 10, 331.59
1734335558, 5, 64, 70, 31, 0, 0.06%, 9, 0, 10, 430.86
1734335624, 5, 65, 70, 30, 0, 0.06%, 9, 0, 10, 266.43
1734335873, 5, 68, 70, 29, 0, 0.06%, 9, 0, 10, 335.02
1734335878, 5, 68, 71, 30, 0, 0.06%, 9, 0, 10, 384.67
1734336004, 6, 13, 71, 29, 0, 0.06%, 9, 0, 10, 306.46
1734336009, 6, 22, 71, 29, 0, 0.06%, 9, 0, 10, 298.82
1734336014, 6, 24, 71, 29, 0, 0.06%, 9, 0, 10, 317.19
1734336019, 6, 37, 71, 29, 0, 0.06%, 9, 0, 10, 319.14
1734336025, 6, 44, 71, 29, 0, 0.06%, 9, 0, 10, 307.30
1734336030, 6, 45, 71, 29, 0, 0.06%, 9, 0, 10, 339.69
1734336086, 6, 46, 71, 28, 0, 0.06%, 9, 0, 10, 301.56
1734336096, 6, 47, 71, 28, 0, 0.06%, 9, 0, 10, 435.08
1734336111, 6, 47, 72, 29, 0, 0.06%, 9, 0, 10, 492.88
1734336167, 6, 48, 72, 28, 0, 0.06%, 9, 0, 10, 404.43
1734336218, 6, 49, 72, 27, 0, 0.06%, 9, 0, 10, 326.94
1734336228, 6, 50, 72, 27, 0, 0.06%, 9, 0, 10, 399.06
1734336233, 6, 51, 72, 27, 0, 0.06%, 9, 0, 10, 339.23
1734336244, 6, 52, 72, 27, 0, 0.06%, 9, 0, 10, 408.92
1734336340, 6, 53, 72, 26, 0, 0.06%, 9, 0, 10, 309.66
1734336437, 6, 54, 72, 25, 0, 0.06%, 9, 0, 10, 448.46
1734336529, 6, 58, 72, 24, 0, 0.06%, 9, 0, 10, 323.09
1734336570, 6, 58, 73, 25, 0, 0.06%, 9, 0, 10, 411.90
1734336611, 6, 59, 73, 24, 0, 0.06%, 9, 0, 10, 315.19
1734336642, 6, 59, 75, 26, 0, 0.06%, 9, 0, 10, 479.90
1734336774, 6, 60, 75, 25, 0, 0.06%, 9, 0, 10, 331.65
1734336866, 6, 64, 75, 25, 0, 0.06%, 9, 0, 10, 322.08
1734336876, 6, 68, 75, 25, 0, 0.06%, 9, 0, 10, 324.79
1734336891, 6, 70, 75, 25, 0, 0.06%, 9, 0, 10, 281.27
1734337023, 6, 71, 75, 24, 0, 0.06%, 9, 0, 10, 256.07
1734337471, 6, 71, 76, 25, 0, 0.06%, 9, 0, 10, 485.72
1734337486, 6, 71, 77, 26, 0, 0.06%, 9, 0, 10, 489.68
1734337516, 6, 72, 77, 25, 0, 0.06%, 9, 0, 10, 320.20
1734337521, 6, 72, 78, 26, 0, 0.06%, 9, 0, 10, 441.89
1734337617, 6, 73, 78, 25, 0, 0.06%, 9, 0, 10, 357.34
1734337735, 6, 74, 78, 24, 0, 0.06%, 9, 0, 10, 358.31
1734337857, 6, 75, 78, 23, 0, 0.06%, 9, 0, 10, 331.24
1734337964, 6, 76, 78, 22, 0, 0.06%, 9, 0, 10, 308.56
1734338334, 7, 14, 78, 21, 0, 0.06%, 9, 0, 10, 331.19
1734338339, 7, 26, 78, 21, 0, 0.06%, 9, 0, 10, 314.28
1734338344, 7, 27, 78, 21, 0, 0.06%, 9, 0, 10, 298.66
1734338349, 7, 30, 78, 21, 0, 0.06%, 9, 0, 10, 311.01
1734338354, 7, 34, 78, 21, 0, 0.06%, 9, 0, 10, 310.05
1734338375, 7, 38, 78, 20, 0, 0.06%, 9, 0, 10, 301.60
1734338385, 7, 40, 78, 20, 0, 0.06%, 9, 0, 10, 309.37
1734338395, 7, 41, 78, 20, 0, 0.06%, 9, 0, 10, 319.91
1734338400, 7, 42, 78, 20, 0, 0.06%, 9, 0, 10, 431.42
1734338410, 7, 43, 78, 20, 0, 0.06%, 9, 0, 10, 307.40
1734338426, 7, 46, 78, 20, 0, 0.06%, 9, 0, 10, 440.11
1734338456, 7, 49, 78, 20, 0, 0.06%, 9, 0, 10, 459.44
1734338512, 7, 50, 78, 20, 0, 0.06%, 9, 0, 10, 418.80
1734338579, 7, 51, 78, 20, 0, 0.06%, 9, 0, 10, 398.04
1734338676, 7, 52, 78, 20, 0, 0.06%, 9, 0, 10, 411.47
1734338732, 7, 53, 78, 20, 0, 0.06%, 9, 0, 10, 420.80
1734338788, 7, 60, 78, 20, 0, 0.06%, 9, 0, 10, 316.10
1734338793, 7, 64, 78, 20, 0, 0.06%, 9, 0, 10, 303.97
1734338798, 7, 68, 78, 20, 0, 0.06%, 9, 0, 10, 333.61
1734338808, 7, 70, 78, 20, 0, 0.06%, 9, 0, 10, 384.28
1734338818, 8, 14, 78, 20, 0, 0.06%, 9, 0, 10, 325.41
1734338823, 8, 27, 78, 20, 0, 0.06%, 9, 0, 10, 307.96
1734338829, 8, 29, 78, 20, 0, 0.06%, 9, 0, 10, 313.79
1734338834, 8, 30, 78, 20, 0, 0.06%, 9, 0, 10, 362.95
1734338839, 8, 34, 78, 20, 0, 0.06%, 9, 0, 10, 327.94
1734338844, 8, 40, 78, 20, 0, 0.06%, 9, 0, 10, 297.29
1734338849, 8, 60, 78, 20, 0, 0.06%, 9, 0, 10, 322.34
1734338854, 8, 64, 78, 20, 0, 0.06%, 9, 0, 10, 332.53
1734338864, 8, 68, 78, 20, 0, 0.06%, 9, 0, 10, 332.16
1734338869, 8, 70, 78, 20, 0, 0.06%, 9, 0, 10, 354.65
1734338879, 9, 14, 78, 20, 0, 0.06%, 9, 0, 10, 311.23
1734338884, 9, 27, 78, 20, 0, 0.06%, 9, 0, 10, 305.46
1734338889, 9, 29, 78, 20, 0, 0.06%, 9, 0, 10, 303.08
1734338894, 9, 34, 78, 20, 0, 0.06%, 9, 0, 10, 330.43
1734338899, 9, 40, 78, 20, 0, 0.06%, 9, 0, 10, 307.41
1734338904, 9, 60, 78, 20, 0, 0.06%, 9, 0, 10, 306.13
1734338909, 9, 64, 78, 20, 0, 0.06%, 9, 0, 10, 333.86
1734338920, 9, 68, 78, 20, 0, 0.06%, 9, 0, 10, 362.06
1734338925, 9, 70, 78, 20, 0, 0.06%, 9, 0, 10, 320.19
1734338935, 10, 14, 78, 20, 0, 0.06%, 9, 0, 10, 314.62
1734338940, 10, 27, 78, 20, 0, 0.06%, 9, 0, 10, 290.14
1734338945, 10, 29, 78, 20, 0, 0.06%, 9, 0, 10, 315.77
1734338950, 10, 30, 78, 20, 0, 0.06%, 9, 0, 10, 319.90
1734338955, 10, 40, 78, 20, 0, 0.06%, 9, 0, 10, 315.15
1734338960, 10, 60, 78, 20, 0, 0.06%, 9, 0, 10, 313.49
1734338970, 10, 64, 78, 20, 0, 0.06%, 9, 0, 10, 300.68
1734338976, 10, 68, 78, 20, 0, 0.06%, 9, 0, 10, 318.88
1734338986, 10, 70, 78, 20, 0, 0.06%, 9, 0, 10, 338.84
1734338991, 11, 14, 78, 20, 0, 0.06%, 9, 0, 10, 334.46
1734338996, 11, 27, 78, 20, 0, 0.06%, 9, 0, 10, 313.83
1734339001, 11, 29, 78, 20, 0, 0.06%, 9, 0, 10, 333.73
1734339006, 11, 30, 78, 20, 0, 0.06%, 9, 0, 10, 341.92
1734339011, 11, 34, 78, 20, 0, 0.06%, 9, 0, 10, 316.99
1734339016, 11, 40, 78, 20, 0, 0.06%, 9, 0, 10, 295.80
1734339022, 11, 60, 78, 20, 0, 0.06%, 9, 0, 10, 337.37
1734339027, 11, 64, 78, 20, 0, 0.06%, 9, 0, 10, 306.42
1734339037, 11, 68, 78, 20, 0, 0.06%, 9, 0, 10, 343.96
1734339042, 11, 70, 78, 20, 0, 0.06%, 9, 0, 10, 340.18
1734339052, 12, 14, 78, 20, 0, 0.06%, 9, 0, 10, 302.24
1734339057, 12, 27, 78, 20, 0, 0.06%, 9, 0, 10, 297.54
1734339062, 12, 30, 78, 20, 0, 0.06%, 9, 0, 10, 319.34
1734339067, 12, 34, 78, 20, 0, 0.06%, 9, 0, 10, 330.85
1734339072, 12, 40, 78, 20, 0, 0.06%, 9, 0, 10, 304.78
1734339077, 12, 60, 78, 20, 0, 0.06%, 9, 0, 10, 300.22
1734339087, 12, 64, 78, 20, 0, 0.06%, 9, 0, 10, 323.19
1734339093, 12, 68, 78, 20, 0, 0.06%, 9, 0, 10, 353.02
1734339103, 12, 70, 78, 20, 0, 0.06%, 9, 0, 10, 334.59
1734339108, 13, 14, 78, 20, 0, 0.06%, 9, 0, 10, 330.64
1734339113, 13, 27, 78, 20, 0, 0.06%, 9, 0, 10, 309.45
1734339118, 13, 29, 78, 20, 0, 0.06%, 9, 0, 10, 324.98
1734339123, 13, 30, 78, 20, 0, 0.06%, 9, 0, 10, 330.56
1734339128, 13, 34, 78, 20, 0, 0.06%, 9, 0, 10, 299.77
1734339133, 13, 40, 78, 20, 0, 0.06%, 9, 0, 10, 292.45
1734339138, 13, 60, 78, 20, 0, 0.06%, 9, 0, 10, 315.67
1734339143, 13, 64, 78, 20, 0, 0.06%, 9, 0, 10, 295.35
1734339148, 13, 68, 78, 20, 0, 0.06%, 9, 0, 10, 300.73
1734339159, 13, 70, 78, 20, 0, 0.06%, 9, 0, 10, 359.63
1734339164, 14, 14, 78, 20, 0, 0.06%, 9, 0, 10, 324.49
1734339169, 14, 27, 78, 20, 0, 0.06%, 9, 0, 10, 301.58
1734339174, 14, 29, 78, 20, 0, 0.06%, 9, 0, 10, 333.53
1734339179, 14, 30, 78, 20, 0, 0.06%, 9, 0, 10, 343.91
1734339184, 14, 34, 78, 20, 0, 0.06%, 9, 0, 10, 318.76
1734339189, 14, 40, 78, 20, 0, 0.06%, 9, 0, 10, 289.25
1734339194, 14, 60, 78, 20, 0, 0.06%, 9, 0, 10, 337.19
1734339199, 14, 64, 78, 20, 0, 0.06%, 9, 0, 10, 318.19
1734339209, 14, 68, 78, 20, 0, 0.06%, 9, 0, 10, 340.74
1734339215, 14, 70, 78, 20, 0, 0.06%, 9, 0, 10, 342.74
1734339225, 15, 14, 78, 20, 0, 0.06%, 9, 0, 10, 309.65
1734339230, 15, 27, 78, 20, 0, 0.06%, 9, 0, 10, 301.24
1734339235, 15, 29, 78, 20, 0, 0.06%, 9, 0, 10, 319.58
1734339240, 15, 34, 78, 20, 0, 0.06%, 9, 0, 10, 330.62
1734339245, 15, 40, 78, 20, 0, 0.06%, 9, 0, 10, 318.54
1734339250, 15, 60, 78, 20, 0, 0.06%, 9, 0, 10, 312.18
1734339255, 15, 64, 78, 20, 0, 0.06%, 9, 0, 10, 346.43
1734339265, 15, 68, 78, 20, 0, 0.06%, 9, 0, 10, 360.40
1734339275, 15, 70, 78, 20, 0, 0.06%, 9, 0, 10, 343.33
1734339280, 16, 14, 78, 20, 0, 0.06%, 9, 0, 10, 345.49
1734339285, 16, 27, 78, 20, 0, 0.06%, 9, 0, 10, 301.23
1734339291, 16, 29, 78, 20, 0, 0.06%, 9, 0, 10, 319.94
1734339296, 16, 30, 78, 20, 0, 0.06%, 9, 0, 10, 333.02
1734339301, 16, 40, 78, 20, 0, 0.06%, 9, 0, 10, 307.60
1734339306, 16, 60, 78, 20, 0, 0.06%, 9, 0, 10, 313.37
1734339316, 16, 64, 78, 20, 0, 0.06%, 9, 0, 10, 321.06
1734339321, 16, 68, 78, 20, 0, 0.06%, 9, 0, 10, 366.80
1734339326, 16, 70, 78, 20, 0, 0.06%, 9, 0, 10, 347.09
1734339336, 17, 14, 78, 20, 0, 0.06%, 9, 0, 10, 337.71
1734339341, 17, 27, 78, 20, 0, 0.06%, 9, 0, 10, 300.14
1734339346, 17, 29, 78, 20, 0, 0.06%, 9, 0, 10, 304.14
1734339351, 17, 30, 78, 20, 0, 0.06%, 9, 0, 10, 307.93
1734339356, 17, 34, 78, 20, 0, 0.06%, 9, 0, 10, 321.51
1734339361, 17, 40, 78, 20, 0, 0.06%, 9, 0, 10, 303.89
1734339366, 17, 60, 78, 20, 0, 0.06%, 9, 0, 10, 332.06
1734339372, 17, 64, 78, 20, 0, 0.06%, 9, 0, 10, 318.54
1734339377, 17, 68, 78, 20, 0, 0.06%, 9, 0, 10, 341.43
1734339387, 17, 70, 78, 20, 0, 0.06%, 9, 0, 10, 357.63
1734339392, 18, 14, 78, 20, 0, 0.06%, 9, 0, 10, 341.30
1734339397, 18, 27, 78, 20, 0, 0.06%, 9, 0, 10, 307.12
1734339402, 18, 29, 78, 20, 0, 0.06%, 9, 0, 10, 325.82
1734339407, 18, 30, 78, 20, 0, 0.06%, 9, 0, 10, 327.47
1734339412, 18, 34, 78, 20, 0, 0.06%, 9, 0, 10, 320.81
1734339417, 18, 40, 78, 20, 0, 0.06%, 9, 0, 10, 309.94
1734339422, 18, 60, 78, 20, 0, 0.06%, 9, 0, 10, 345.65
1734339427, 18, 64, 78, 20, 0, 0.06%, 9, 0, 10, 314.80
1734339432, 18, 68, 78, 20, 0, 0.06%, 9, 0, 10, 307.87
1734339442, 18, 70, 78, 20, 0, 0.06%, 9, 0, 10, 347.66
1734339453, 19, 27, 78, 20, 0, 0.06%, 9, 0, 10, 314.95
1734339458, 19, 29, 78, 20, 0, 0.06%, 9, 0, 10, 320.27
1734339463, 19, 30, 78, 20, 0, 0.06%, 9, 0, 10, 342.87
1734339468, 19, 34, 78, 20, 0, 0.06%, 9, 0, 10, 336.98
1734339473, 19, 40, 78, 20, 0, 0.06%, 9, 0, 10, 295.27
1734339478, 19, 60, 78, 20, 0, 0.06%, 9, 0, 10, 310.54
1734339484, 19, 64, 78, 20, 0, 0.06%, 9, 0, 10, 322.23
1734339494, 19, 68, 78, 20, 0, 0.06%, 9, 0, 10, 347.68
1734339499, 19, 70, 78, 20, 0, 0.06%, 9, 0, 10, 301.98
1734339509, 20, 14, 78, 20, 0, 0.06%, 9, 0, 10, 326.10
1734339514, 20, 27, 78, 20, 0, 0.06%, 9, 0, 10, 309.19
1734339519, 20, 30, 78, 20, 0, 0.06%, 9, 0, 10, 317.92
1734339524, 20, 34, 78, 20, 0, 0.06%, 9, 0, 10, 333.58
1734339529, 20, 40, 78, 20, 0, 0.06%, 9, 0, 10, 314.52
1734339534, 20, 60, 78, 20, 0, 0.06%, 9, 0, 10, 287.57
1734339539, 20, 64, 78, 20, 0, 0.06%, 9, 0, 10, 304.91
1734339549, 20, 68, 78, 20, 0, 0.06%, 9, 0, 10, 359.55
1734339555, 20, 70, 78, 20, 0, 0.06%, 9, 0, 10, 333.87
1734339565, 21, 14, 78, 20, 0, 0.06%, 9, 0, 10, 333.40
1734339570, 21, 27, 78, 20, 0, 0.06%, 9, 0, 10, 322.72
1734339575, 21, 29, 78, 20, 0, 0.06%, 9, 0, 10, 319.51
1734339580, 21, 30, 78, 20, 0, 0.06%, 9, 0, 10, 323.98
1734339585, 21, 34, 78, 20, 0, 0.06%, 9, 0, 10, 302.99
1734339590, 21, 40, 78, 20, 0, 0.06%, 9, 0, 10, 297.97
1734339595, 21, 60, 78, 20, 0, 0.06%, 9, 0, 10, 322.50
1734339600, 21, 64, 78, 20, 0, 0.06%, 9, 0, 10, 307.11
1734339605, 21, 68, 78, 20, 0, 0.06%, 9, 0, 10, 343.57
1734339616, 21, 70, 78, 20, 0, 0.06%, 9, 0, 10, 342.33
1734339621, 22, 14, 78, 20, 0, 0.06%, 9, 0, 10, 344.51
1734339626, 22, 27, 78, 20, 0, 0.06%, 9, 0, 10, 292.79
1734339631, 22, 28, 78, 20, 0, 0.06%, 9, 0, 10, 398.04
1734339646, 22, 29, 78, 19, 0, 0.06%, 9, 0, 10, 419.44
1734339651, 22, 30, 78, 19, 0, 0.06%, 9, 0, 10, 416.78
1734339666, 22, 31, 78, 19, 0, 0.06%, 9, 0, 10, 362.13
1734339671, 22, 32, 78, 19, 0, 0.06%, 9, 0, 10, 437.68
1734339697, 22, 33, 78, 18, 0, 0.06%, 9, 0, 10, 363.71
1734339712, 22, 34, 78, 17, 0, 0.06%, 9, 0, 10, 321.21
1734339717, 22, 35, 78, 17, 0, 0.06%, 9, 0, 10, 341.98
1734339738, 22, 36, 78, 16, 0, 0.06%, 9, 0, 10, 353.38
1734339743, 22, 37, 78, 16, 0, 0.06%, 9, 0, 10, 323.11
1734339753, 22, 38, 78, 16, 0, 0.06%, 9, 0, 10, 288.10
1734339758, 22, 39, 78, 16, 0, 0.06%, 9, 0, 10, 300.09
1734339763, 22, 40, 78, 16, 0, 0.06%, 9, 0, 10, 405.66
1734339778, 22, 42, 78, 16, 0, 0.06%, 9, 0, 10, 322.58
1734339783, 22, 43, 78, 16, 0, 0.06%, 9, 0, 10, 334.32
1734339789, 22, 44, 78, 16, 0, 0.06%, 9, 0, 10, 326.25
1734339794, 22, 45, 78, 16, 0, 0.06%, 9, 0, 10, 344.31
1734339829, 22, 46, 78, 16, 0, 0.06%, 9, 0, 10, 292.10
1734339860, 22, 47, 78, 16, 0, 0.06%, 9, 0, 10, 357.50
1734339865, 22, 48, 78, 16, 0, 0.06%, 9, 0, 10, 386.90
1734339870, 22, 49, 78, 16, 0, 0.06%, 9, 0, 10, 341.80
1734339926, 22, 50, 78, 16, 0, 0.06%, 9, 0, 10, 331.29
1734339992, 22, 51, 78, 16, 0, 0.06%, 9, 0, 10, 461.18
1734340085, 22, 52, 78, 16, 0, 0.06%, 9, 0, 10, 369.20
1734340141, 22, 53, 78, 16, 0, 0.06%, 9, 0, 10, 453.31
1734340192, 22, 54, 78, 16, 0, 0.06%, 9, 0, 10, 447.38
1734340243, 22, 55, 78, 16, 0, 0.06%, 9, 0, 10, 300.85
1734340335, 22, 56, 78, 15, 0, 0.06%, 9, 0, 10, 366.49
1734340483, 22, 57, 78, 14, 0, 0.06%, 9, 0, 10, 328.01
1734340637, 22, 58, 78, 13, 0, 0.06%, 9, 0, 10, 358.02
1734340642, 22, 59, 78, 13, 0, 0.06%, 9, 0, 10, 326.25
1734340652, 22, 60, 78, 13, 0, 0.06%, 9, 0, 10, 320.71
1734340662, 22, 61, 78, 13, 0, 0.06%, 9, 0, 10, 337.51
1734340667, 22, 62, 78, 13, 0, 0.06%, 9, 0, 10, 313.31
1734340739, 22, 63, 78, 13, 0, 0.06%, 9, 0, 10, 425.44
1734340749, 22, 64, 78, 13, 0, 0.06%, 9, 0, 10, 273.96
1734340770, 22, 65, 78, 13, 0, 0.06%, 9, 0, 10, 295.97
1734340989, 22, 66, 78, 13, 0, 0.06%, 9, 0, 10, 421.57
1734341126, 22, 67, 78, 12, 0, 0.06%, 9, 0, 10, 355.87
1734341264, 22, 68, 78, 11, 0, 0.06%, 9, 0, 10, 374.21
1734341356, 22, 69, 78, 11, 0, 0.06%, 9, 0, 10, 395.63
1734341397, 22, 69, 80, 13, 0, 0.06%, 9, 0, 10, 473.44
1734341458, 22, 70, 80, 12, 0, 0.06%, 9, 0, 10, 342.31
1734341549, 22, 71, 80, 12, 0, 0.06%, 9, 0, 10, 400.72
1734341990, 22, 72, 80, 12, 0, 0.06%, 9, 0, 10, 367.98
1734342000, 22, 73, 80, 12, 0, 0.06%, 9, 0, 10, 358.28
1734342010, 22, 74, 80, 12, 0, 0.06%, 9, 0, 10, 337.73
1734342020, 22, 77, 80, 12, 0, 0.06%, 9, 0, 10, 358.71
1734342122, 23, 13, 80, 11, 0, 0.06%, 9, 0, 10, 309.18
1734342127, 23, 14, 80, 11, 0, 0.06%, 9, 0, 10, 341.48
1734342132, 23, 20, 80, 11, 0, 0.06%, 9, 0, 10, 315.22
1734342137, 23, 22, 80, 11, 0, 0.06%, 9, 0, 10, 336.73
1734342142, 23, 24, 80, 11, 0, 0.06%, 9, 0, 10, 337.72
1734342147, 23, 27, 80, 11, 0, 0.06%, 9, 0, 10, 310.10
1734342152, 23, 29, 80, 11, 0, 0.06%, 9, 0, 10, 308.77
1734342157, 23, 30, 80, 11, 0, 0.06%, 9, 0, 10, 329.48
1734342162, 23, 32, 80, 11, 0, 0.06%, 9, 0, 10, 299.82
1734342167, 23, 33, 80, 11, 0, 0.06%, 9, 0, 10, 301.86
1734342172, 23, 35, 80, 11, 0, 0.06%, 9, 0, 10, 305.19
1734342177, 23, 36, 80, 11, 0, 0.06%, 9, 0, 10, 330.96
1734342182, 23, 37, 80, 11, 0, 0.06%, 9, 0, 10, 332.35
1734342187, 23, 40, 80, 11, 0, 0.06%, 9, 0, 10, 309.29
1734342192, 23, 44, 80, 11, 0, 0.06%, 9, 0, 10, 344.38
1734342197, 23, 45, 80, 11, 0, 0.06%, 9, 0, 10, 347.74
1734342202, 23, 58, 80, 11, 0, 0.06%, 9, 0, 10, 333.46
1734342207, 23, 59, 80, 11, 0, 0.06%, 9, 0, 10, 350.22
1734342213, 23, 60, 80, 11, 0, 0.06%, 9, 0, 10, 364.70
1734342218, 23, 61, 80, 11, 0, 0.06%, 9, 0, 10, 350.56
1734342223, 23, 64, 80, 11, 0, 0.06%, 9, 0, 10, 315.37
1734342233, 23, 68, 80, 11, 0, 0.06%, 9, 0, 10, 360.81
1734342238, 23, 70, 80, 11, 0, 0.06%, 9, 0, 10, 348.04
1734342248, 23, 72, 80, 11, 0, 0.06%, 9, 0, 10, 365.83
1734342253, 23, 73, 80, 11, 0, 0.06%, 9, 0, 10, 327.47
1734342263, 23, 74, 80, 11, 0, 0.06%, 9, 0, 10, 324.84
1734342273, 23, 77, 80, 11, 0, 0.06%, 9, 0, 10, 306.91
1734342283, 24, 13, 80, 11, 0, 0.06%, 9, 0, 10, 343.73
1734342289, 24, 14, 80, 11, 0, 0.06%, 9, 0, 10, 338.71
1734342294, 24, 20, 80, 11, 0, 0.06%, 9, 0, 10, 303.04
1734342299, 24, 22, 80, 11, 0, 0.06%, 9, 0, 10, 324.22
1734342304, 24, 24, 80, 11, 0, 0.06%, 9, 0, 10, 331.11
1734342309, 24, 27, 80, 11, 0, 0.06%, 9, 0, 10, 308.98
1734342314, 24, 29, 80, 11, 0, 0.06%, 9, 0, 10, 322.87
1734342319, 24, 32, 80, 11, 0, 0.06%, 9, 0, 10, 341.10
1734342324, 24, 33, 80, 11, 0, 0.06%, 9, 0, 10, 347.07
1734342329, 24, 34, 80, 11, 0, 0.06%, 9, 0, 10, 345.54
1734342335, 24, 35, 80, 11, 0, 0.06%, 9, 0, 10, 330.27
1734342340, 24, 36, 80, 11, 0, 0.06%, 9, 0, 10, 305.67
1734342345, 24, 37, 80, 11, 0, 0.06%, 9, 0, 10, 319.63
1734342350, 24, 40, 80, 11, 0, 0.06%, 9, 0, 10, 302.29
1734342355, 24, 45, 80, 11, 0, 0.06%, 9, 0, 10, 336.79
1734342360, 24, 58, 80, 11, 0, 0.06%, 9, 0, 10, 353.49
1734342365, 24, 59, 80, 11, 0, 0.06%, 9, 0, 10, 304.38
1734342370, 24, 60, 80, 11, 0, 0.06%, 9, 0, 10, 314.63
1734342380, 24, 64, 80, 11, 0, 0.06%, 9, 0, 10, 324.86
1734342390, 24, 68, 80, 11, 0, 0.06%, 9, 0, 10, 362.68
1734342395, 24, 70, 80, 11, 0, 0.06%, 9, 0, 10, 340.41
1734342405, 24, 72, 80, 11, 0, 0.06%, 9, 0, 10, 346.31
1734342410, 24, 73, 80, 11, 0, 0.06%, 9, 0, 10, 345.25
1734342416, 24, 74, 80, 11, 0, 0.06%, 9, 0, 10, 350.14
1734342421, 24, 77, 80, 11, 0, 0.06%, 9, 0, 10, 340.99
1734342431, 25, 13, 80, 11, 0, 0.06%, 9, 0, 10, 349.60
1734342436, 25, 14, 80, 11, 0, 0.06%, 9, 0, 10, 336.07
1734342441, 25, 20, 80, 11, 0, 0.06%, 9, 0, 10, 293.41
1734342446, 25, 22, 80, 11, 0, 0.06%, 9, 0, 10, 312.59
1734342451, 25, 24, 80, 11, 0, 0.06%, 9, 0, 10, 335.82
1734342456, 25, 27, 81, 12, 0, 0.06%, 9, 0, 10, 296.89
1734342461, 25, 29, 81, 12, 0, 0.06%, 9, 0, 10, 321.40
1734342466, 25, 32, 81, 12, 0, 0.06%, 9, 0, 10, 347.06
1734342471, 25, 33, 81, 12, 0, 0.06%, 9, 0, 10, 346.59
1734342476, 25, 34, 81, 12, 0, 0.06%, 9, 0, 10, 335.57
1734342481, 25, 35, 81, 12, 0, 0.06%, 9, 0, 10, 338.42
1734342486, 25, 36, 81, 12, 0, 0.06%, 9, 0, 10, 326.97
1734342492, 25, 37, 81, 12, 0, 0.06%, 9, 0, 10, 336.58
1734342497, 25, 40, 81, 12, 0, 0.06%, 9, 0, 10, 307.15
1734342502, 25, 44, 81, 12, 0, 0.06%, 9, 0, 10, 302.85
1734342507, 25, 58, 81, 12, 0, 0.06%, 9, 0, 10, 323.43
1734342512, 25, 59, 81, 12, 0, 0.06%, 9, 0, 10, 320.36
1734342522, 25, 60, 81, 12, 0, 0.06%, 9, 0, 10, 345.92
1734342527, 25, 61, 81, 12, 0, 0.06%, 9, 0, 10, 332.30
1734342532, 25, 64, 81, 12, 0, 0.06%, 9, 0, 10, 322.21
1734342537, 25, 68, 81, 12, 0, 0.06%, 9, 0, 10, 349.67
1734342542, 25, 70, 81, 12, 0, 0.06%, 9, 0, 10, 347.43
1734342553, 25, 72, 81, 12, 0, 0.06%, 9, 0, 10, 354.35
1734342558, 25, 73, 81, 12, 0, 0.06%, 9, 0, 10, 349.84
1734342563, 25, 74, 81, 12, 0, 0.06%, 9, 0, 10, 326.59
1734342568, 25, 77, 81, 12, 0, 0.06%, 9, 0, 10, 320.19
1734342573, 25, 80, 81, 12, 0, 0.06%, 9, 0, 10, 292.20
1734342583, 25, 80, 82, 13, 0, 0.06%, 9, 0, 10, 479.40
1734342695, 25, 81, 82, 12, 0, 0.06%, 9, 0, 10, 417.00
1734342818, 26, 13, 82, 11, 0, 0.06%, 9, 0, 10, 326.88
1734342823, 26, 14, 82, 11, 0, 0.06%, 9, 0, 10, 335.61
1734342828, 26, 20, 82, 11, 0, 0.06%, 9, 0, 10, 302.93
1734342833, 26, 22, 82, 11, 0, 0.06%, 9, 0, 10, 342.25
1734342838, 26, 24, 82, 11, 0, 0.06%, 9, 0, 10, 338.03
1734342843, 26, 27, 82, 11, 0, 0.06%, 9, 0, 10, 311.21
1734342848, 26, 29, 82, 11, 0, 0.06%, 9, 0, 10, 301.50
1734342853, 26, 32, 82, 11, 0, 0.06%, 9, 0, 10, 327.67
1734342858, 26, 33, 82, 11, 0, 0.06%, 9, 0, 10, 332.92
1734342864, 26, 34, 82, 11, 0, 0.06%, 9, 0, 10, 331.75
1734342869, 26, 35, 82, 11, 0, 0.06%, 9, 0, 10, 335.32
1734342874, 26, 36, 82, 11, 0, 0.06%, 9, 0, 10, 320.81
1734342879, 26, 37, 82, 11, 0, 0.06%, 9, 0, 10, 330.15
1734342884, 26, 40, 82, 11, 0, 0.06%, 9, 0, 10, 299.45
1734342889, 26, 44, 82, 11, 0, 0.06%, 9, 0, 10, 333.86
1734342894, 26, 45, 82, 11, 0, 0.06%, 9, 0, 10, 324.58
1734342899, 26, 58, 82, 11, 0, 0.06%, 9, 0, 10, 330.87
1734342904, 26, 59, 82, 11, 0, 0.06%, 9, 0, 10, 350.05
1734342909, 26, 60, 82, 11, 0, 0.06%, 9, 0, 10, 343.79
1734342914, 26, 61, 82, 11, 0, 0.06%, 9, 0, 10, 350.83
1734342919, 26, 64, 82, 11, 0, 0.06%, 9, 0, 10, 323.18
1734342924, 26, 68, 82, 11, 0, 0.06%, 9, 0, 10, 338.29
1734342935, 26, 70, 82, 11, 0, 0.06%, 9, 0, 10, 345.11
1734342940, 26, 72, 82, 11, 0, 0.06%, 9, 0, 10, 336.13
1734342945, 26, 73, 82, 11, 0, 0.06%, 9, 0, 10, 349.53
1734342950, 26, 74, 82, 11, 0, 0.06%, 9, 0, 10, 359.98
1734342955, 26, 77, 82, 11, 0, 0.06%, 9, 0, 10, 338.50
1734342960, 26, 80, 82, 11, 0, 0.06%, 9, 0, 10, 319.74
1734342980, 26, 81, 82, 11, 0, 0.06%, 9, 0, 10, 383.29
1734342995, 27, 13, 82, 11, 0, 0.06%, 9, 0, 10, 372.59
1734343000, 27, 14, 82, 11, 0, 0.06%, 9, 0, 10, 351.07
1734343006, 27, 20, 82, 11, 0, 0.06%, 9, 0, 10, 311.95
1734343011, 27, 24, 82, 11, 0, 0.06%, 9, 0, 10, 311.22
1734343016, 27, 27, 82, 11, 0, 0.06%, 9, 0, 10, 309.96
1734343021, 27, 29, 82, 11, 0, 0.06%, 9, 0, 10, 327.65
1734343026, 27, 30, 82, 11, 0, 0.06%, 9, 0, 10, 349.44
1734343031, 27, 32, 82, 11, 0, 0.06%, 9, 0, 10, 357.72
1734343036, 27, 33, 82, 11, 0, 0.06%, 9, 0, 10, 342.01
1734343041, 27, 34, 82, 11, 0, 0.06%, 9, 0, 10, 315.23
1734343046, 27, 35, 82, 11, 0, 0.06%, 9, 0, 10, 340.00
1734343051, 27, 37, 82, 11, 0, 0.06%, 9, 0, 10, 311.53
1734343056, 27, 40, 82, 11, 0, 0.06%, 9, 0, 10, 300.52
1734343061, 27, 44, 82, 11, 0, 0.06%, 9, 0, 10, 304.44
1734343066, 27, 45, 82, 11, 0, 0.06%, 9, 0, 10, 336.20
1734343071, 27, 58, 82, 11, 0, 0.06%, 9, 0, 10, 353.23
1734343077, 27, 59, 82, 11, 0, 0.06%, 9, 0, 10, 341.31
1734343082, 27, 60, 82, 11, 0, 0.06%, 9, 0, 10, 340.27
1734343087, 27, 61, 82, 11, 0, 0.06%, 9, 0, 10, 354.15
1734343092, 27, 64, 82, 11, 0, 0.06%, 9, 0, 10, 320.93
1734343102, 27, 68, 82, 11, 0, 0.06%, 9, 0, 10, 345.45
1734343107, 27, 70, 82, 11, 0, 0.06%, 9, 0, 10, 354.16
1734343117, 27, 72, 82, 11, 0, 0.06%, 9, 0, 10, 337.53
1734343122, 27, 73, 82, 11, 0, 0.06%, 9, 0, 10, 347.74
1734343127, 27, 74, 82, 11, 0, 0.06%, 9, 0, 10, 342.35
1734343132, 27, 77, 82, 11, 0, 0.06%, 9, 0, 10, 331.81
1734343137, 27, 80, 82, 11, 0, 0.06%, 9, 0, 10, 352.31
1734343158, 27, 81, 82, 11, 0, 0.06%, 9, 0, 10, 378.66
1734343173, 28, 13, 82, 11, 0, 0.06%, 9, 0, 10, 337.52
1734343178, 28, 14, 82, 11, 0, 0.06%, 9, 0, 10, 346.01
1734343183, 28, 20, 82, 11, 0, 0.06%, 9, 0, 10, 314.47
1734343188, 28, 22, 82, 11, 0, 0.06%, 9, 0, 10, 344.72
1734343193, 28, 24, 82, 11, 0, 0.06%, 9, 0, 10, 329.09
1734343198, 28, 27, 82, 11, 0, 0.06%, 9, 0, 10, 310.22
1734343203, 28, 29, 82, 11, 0, 0.06%, 9, 0, 10, 300.18
1734343209, 28, 32, 82, 11, 0, 0.06%, 9, 0, 10, 358.01
1734343214, 28, 33, 82, 11, 0, 0.06%, 9, 0, 10, 337.42
1734343219, 28, 34, 82, 11, 0, 0.06%, 9, 0, 10, 330.95
1734343224, 28, 35, 82, 11, 0, 0.06%, 9, 0, 10, 332.81
1734343229, 28, 36, 82, 11, 0, 0.06%, 9, 0, 10, 326.37
1734343234, 28, 37, 82, 11, 0, 0.06%, 9, 0, 10, 324.68
1734343239, 28, 40, 82, 11, 0, 0.06%, 9, 0, 10, 312.29
1734343244, 28, 44, 82, 11, 0, 0.06%, 9, 0, 10, 337.96
1734343249, 28, 58, 82, 11, 0, 0.06%, 9, 0, 10, 331.68
1734343254, 28, 59, 82, 11, 0, 0.06%, 9, 0, 10, 337.73
1734343264, 28, 60, 82, 11, 0, 0.06%, 9, 0, 10, 338.70
1734343269, 28, 61, 82, 11, 0, 0.06%, 9, 0, 10, 338.78
1734343274, 28, 64, 82, 11, 0, 0.06%, 9, 0, 10, 310.32
1734343279, 28, 68, 82, 11, 0, 0.06%, 9, 0, 10, 364.30
1734343290, 28, 70, 82, 11, 0, 0.06%, 9, 0, 10, 334.99
1734343295, 28, 72, 82, 11, 0, 0.06%, 9, 0, 10, 343.38
1734343300, 28, 73, 82, 11, 0, 0.06%, 9, 0, 10, 345.59
1734343305, 28, 74, 82, 11, 0, 0.06%, 9, 0, 10, 304.11
1734343310, 28, 77, 82, 11, 0, 0.06%, 9, 0, 10, 326.00
1734343315, 28, 80, 82, 11, 0, 0.06%, 9, 0, 10, 332.74
1734343335, 28, 81, 82, 11, 0, 0.06%, 9, 0, 10, 376.12
1734343355, 29, 13, 82, 11, 0, 0.06%, 9, 0, 10, 320.19
1734343360, 29, 14, 82, 11, 0, 0.06%, 9, 0, 10, 291.02
1734343365, 29, 20, 82, 11, 0, 0.06%, 9, 0, 10, 292.82
1734343371, 29, 24, 82, 11, 0, 0.06%, 9, 0, 10, 323.35
1734343376, 29, 27, 82, 11, 0, 0.06%, 9, 0, 10, 310.14
1734343381, 29, 29, 82, 11, 0, 0.06%, 9, 0, 10, 316.33
1734343386, 29, 30, 82, 11, 0, 0.06%, 9, 0, 10, 339.38
1734343391, 29, 32, 82, 11, 0, 0.06%, 9, 0, 10, 348.93
1734343396, 29, 33, 82, 11, 0, 0.06%, 9, 0, 10, 338.51
1734343401, 29, 34, 82, 11, 0, 0.06%, 9, 0, 10, 316.62
1734343406, 29, 35, 82, 11, 0, 0.06%, 9, 0, 10, 317.47
1734343411, 29, 36, 82, 11, 0, 0.06%, 9, 0, 10, 318.17
1734343416, 29, 37, 82, 11, 0, 0.06%, 9, 0, 10, 299.55
1734343421, 29, 40, 82, 11, 0, 0.06%, 9, 0, 10, 303.43
1734343426, 29, 44, 82, 11, 0, 0.06%, 9, 0, 10, 302.47
1734343431, 29, 45, 82, 11, 0, 0.06%, 9, 0, 10, 444.98
1734343456, 29, 58, 82, 11, 0, 0.06%, 9, 0, 10, 301.08
1734343492, 29, 59, 82, 11, 0, 0.06%, 9, 0, 10, 362.27
1734343619, 29, 60, 82, 11, 0, 0.06%, 9, 0, 10, 315.76
1734343629, 29, 64, 82, 11, 0, 0.06%, 9, 0, 10, 320.17
1734343634, 29, 68, 82, 11, 0, 0.06%, 9, 0, 10, 352.85
1734343644, 29, 70, 82, 11, 0, 0.06%, 9, 0, 10, 335.63
1734343649, 30, 14, 82, 11, 0, 0.06%, 9, 0, 10, 347.82
1734343654, 30, 27, 82, 11, 0, 0.06%, 9, 0, 10, 314.51
1734343659, 30, 29, 82, 11, 0, 0.06%, 9, 0, 10, 318.35
1734343664, 30, 30, 82, 11, 0, 0.06%, 9, 0, 10, 314.56
1734343669, 30, 34, 82, 11, 0, 0.06%, 9, 0, 10, 300.66
1734343674, 30, 40, 82, 11, 0, 0.06%, 9, 0, 10, 301.90
1734343679, 30, 60, 82, 11, 0, 0.06%, 9, 0, 10, 331.64
1734343684, 30, 64, 82, 11, 0, 0.06%, 9, 0, 10, 324.67
1734343689, 30, 68, 82, 11, 0, 0.06%, 9, 0, 10, 317.14
1734343700, 30, 70, 82, 11, 0, 0.06%, 9, 0, 10, 358.32
1734343705, 31, 14, 82, 11, 0, 0.06%, 9, 0, 10, 380.85
1734343710, 31, 27, 82, 11, 0, 0.06%, 9, 0, 10, 316.73
1734343715, 31, 29, 82, 11, 0, 0.06%, 9, 0, 10, 325.28
1734343720, 31, 30, 82, 11, 0, 0.06%, 9, 0, 10, 338.09
1734343725, 31, 34, 82, 11, 0, 0.06%, 9, 0, 10, 325.72
1734343730, 31, 40, 82, 11, 0, 0.06%, 9, 0, 10, 304.10
1734343735, 31, 60, 82, 11, 0, 0.06%, 9, 0, 10, 338.25
1734343740, 31, 64, 82, 11, 0, 0.06%, 9, 0, 10, 330.47
1734343745, 31, 68, 82, 11, 0, 0.06%, 9, 0, 10, 350.10
1734343755, 31, 70, 82, 11, 0, 0.06%, 9, 0, 10, 366.29
1734343760, 32, 14, 82, 11, 0, 0.06%, 9, 0, 10, 343.45
1734343766, 32, 27, 82, 11, 0, 0.06%, 9, 0, 10, 302.61
1734343771, 32, 29, 82, 11, 0, 0.06%, 9, 0, 10, 318.65
1734343776, 32, 30, 82, 11, 0, 0.06%, 9, 0, 10, 351.05
1734343781, 32, 34, 82, 11, 0, 0.06%, 9, 0, 10, 321.49
1734343786, 32, 40, 82, 11, 0, 0.06%, 9, 0, 10, 308.31
1734343791, 32, 60, 82, 11, 0, 0.06%, 9, 0, 10, 345.33
1734343796, 32, 64, 82, 11, 0, 0.06%, 9, 0, 10, 305.72
1734343801, 32, 68, 82, 11, 0, 0.06%, 9, 0, 10, 337.27
1734343811, 32, 70, 82, 11, 0, 0.06%, 9, 0, 10, 363.35
1734343816, 33, 14, 82, 11, 0, 0.06%, 9, 0, 10, 349.99
1734343821, 33, 27, 82, 11, 0, 0.06%, 9, 0, 10, 311.35
1734343826, 33, 29, 82, 11, 0, 0.06%, 9, 0, 10, 316.59
1734343831, 33, 30, 82, 11, 0, 0.06%, 9, 0, 10, 328.29
1734343837, 33, 34, 82, 11, 0, 0.06%, 9, 0, 10, 314.75
1734343842, 33, 40, 82, 11, 0, 0.06%, 9, 0, 10, 302.30
1734343847, 33, 60, 82, 11, 0, 0.06%, 9, 0, 10, 349.55
1734343852, 33, 64, 82, 11, 0, 0.06%, 9, 0, 10, 316.28
1734343857, 33, 68, 82, 11, 0, 0.06%, 9, 0, 10, 320.28
1734343867, 33, 70, 82, 11, 0, 0.06%, 9, 0, 10, 360.99
1734343872, 34, 14, 82, 11, 0, 0.06%, 9, 0, 10, 351.60
1734343877, 34, 27, 82, 11, 0, 0.06%, 9, 0, 10, 308.65
1734343882, 34, 29, 82, 11, 0, 0.06%, 9, 0, 10, 330.19
1734343887, 34, 30, 82, 11, 0, 0.06%, 9, 0, 10, 333.68
1734343892, 34, 34, 82, 11, 0, 0.06%, 9, 0, 10, 323.96
1734343897, 34, 40, 82, 11, 0, 0.06%, 9, 0, 10, 293.30
1734343902, 34, 60, 82, 11, 0, 0.06%, 9, 0, 10, 344.48
1734343907, 34, 64, 82, 11, 0, 0.06%, 9, 0, 10, 329.68
1734343912, 34, 68, 82, 11, 0, 0.06%, 9, 0, 10, 310.65
1734343922, 34, 70, 82, 11, 0, 0.06%, 9, 0, 10, 361.79
1734343927, 35, 14, 82, 11, 0, 0.06%, 9, 0, 10, 367.25
1734343932, 35, 27, 82, 11, 0, 0.06%, 9, 0, 10, 314.98
1734343937, 35, 29, 82, 11, 0, 0.06%, 9, 0, 10, 332.30
1734343943, 35, 30, 82, 11, 0, 0.06%, 9, 0, 10, 339.61
1734343948, 35, 34, 82, 11, 0, 0.06%, 9, 0, 10, 326.63
1734343953, 35, 40, 82, 11, 0, 0.06%, 9, 0, 10, 300.54
1734343958, 35, 60, 82, 11, 0, 0.06%, 9, 0, 10, 337.19
1734343963, 35, 64, 82, 11, 0, 0.06%, 9, 0, 10, 320.96
1734343968, 35, 68, 82, 11, 0, 0.06%, 9, 0, 10, 312.92
1734343978, 35, 70, 82, 11, 0, 0.06%, 9, 0, 10, 352.05
1734343983, 36, 14, 82, 11, 0, 0.06%, 9, 0, 10, 359.20
1734343988, 36, 27, 82, 11, 0, 0.06%, 9, 0, 10, 326.41
1734343993, 36, 29, 82, 11, 0, 0.06%, 9, 0, 10, 333.55
1734343999, 36, 30, 82, 11, 0, 0.06%, 9, 0, 10, 327.53
1734344004, 36, 34, 82, 11, 0, 0.06%, 9, 0, 10, 311.65
1734344009, 36, 40, 82, 11, 0, 0.06%, 9, 0, 10, 305.36
1734344014, 36, 60, 82, 11, 0, 0.06%, 9, 0, 10, 350.73
1734344019, 36, 64, 82, 11, 0, 0.06%, 9, 0, 10, 320.93
1734344024, 36, 68, 82, 11, 0, 0.06%, 9, 0, 10, 327.96
1734344034, 36, 70, 82, 11, 0, 0.06%, 9, 0, 10, 354.69
1734344039, 37, 14, 82, 11, 0, 0.06%, 9, 0, 10, 352.09
1734344044, 37, 27, 82, 11, 0, 0.06%, 9, 0, 10, 307.48
1734344050, 37, 29, 82, 11, 0, 0.06%, 9, 0, 10, 329.94
1734344055, 37, 30, 82, 11, 0, 0.06%, 9, 0, 10, 331.66
1734344060, 37, 34, 82, 11, 0, 0.06%, 9, 0, 10, 306.45
1734344065, 37, 40, 82, 11, 0, 0.06%, 9, 0, 10, 285.06
1734344070, 37, 60, 82, 11, 0, 0.06%, 9, 0, 10, 322.60
1734344075, 37, 64, 82, 11, 0, 0.06%, 9, 0, 10, 313.07
1734344080, 37, 68, 82, 11, 0, 0.06%, 9, 0, 10, 314.19
1734344090, 37, 70, 82, 11, 0, 0.06%, 9, 0, 10, 364.53
1734344095, 38, 14, 82, 11, 0, 0.06%, 9, 0, 10, 355.65
1734344101, 38, 27, 82, 11, 0, 0.06%, 9, 0, 10, 303.92
1734344106, 38, 29, 82, 11, 0, 0.06%, 9, 0, 10, 332.47
1734344111, 38, 30, 82, 11, 0, 0.06%, 9, 0, 10, 344.57
1734344116, 38, 34, 82, 11, 0, 0.06%, 9, 0, 10, 327.68
1734344121, 38, 40, 82, 11, 0, 0.06%, 9, 0, 10, 305.01
1734344126, 38, 60, 82, 11, 0, 0.06%, 9, 0, 10, 345.34
1734344131, 38, 64, 82, 11, 0, 0.06%, 9, 0, 10, 325.77
1734344136, 38, 68, 82, 11, 0, 0.06%, 9, 0, 10, 319.25
1734344146, 38, 70, 82, 11, 0, 0.06%, 9, 0, 10, 361.34
1734344151, 39, 14, 82, 11, 0, 0.06%, 9, 0, 10, 326.26
1734344156, 39, 27, 82, 11, 0, 0.06%, 9, 0, 10, 320.42
1734344161, 39, 29, 82, 11, 0, 0.06%, 9, 0, 10, 319.88
1734344166, 39, 30, 82, 11, 0, 0.06%, 9, 0, 10, 363.12
1734344171, 39, 34, 82, 11, 0, 0.06%, 9, 0, 10, 331.71
1734344176, 39, 40, 82, 11, 0, 0.06%, 9, 0, 10, 301.54
1734344182, 39, 60, 82, 11, 0, 0.06%, 9, 0, 10, 342.24
1734344187, 39, 64, 82, 11, 0, 0.06%, 9, 0, 10, 318.71
1734344197, 39, 68, 82, 11, 0, 0.06%, 9, 0, 10, 340.42
1734344202, 39, 70, 82, 11, 0, 0.06%, 9, 0, 10, 349.56
1734344212, 40, 27, 82, 11, 0, 0.06%, 9, 0, 10, 324.86
1734344217, 40, 29, 82, 11, 0, 0.06%, 9, 0, 10, 296.65
1734344222, 40, 30, 82, 11, 0, 0.06%, 9, 0, 10, 298.30
1734344227, 40, 34, 82, 11, 0, 0.06%, 9, 0, 10, 340.41
1734344232, 40, 40, 82, 11, 0, 0.06%, 9, 0, 10, 308.99
1734344237, 40, 60, 82, 11, 0, 0.06%, 9, 0, 10, 329.01
1734344242, 40, 64, 82, 11, 0, 0.06%, 9, 0, 10, 309.68
1734344252, 40, 68, 82, 11, 0, 0.06%, 9, 0, 10, 354.59
1734344257, 40, 70, 82, 11, 0, 0.06%, 9, 0, 10, 334.79
1734344268, 41, 14, 82, 11, 0, 0.06%, 9, 0, 10, 312.87
1734344273, 41, 27, 82, 11, 0, 0.06%, 9, 0, 10, 303.97
1734344278, 41, 29, 82, 11, 0, 0.06%, 9, 0, 10, 320.23
1734344283, 41, 34, 82, 11, 0, 0.06%, 9, 0, 10, 327.64
1734344288, 41, 40, 82, 11, 0, 0.06%, 9, 0, 10, 307.22
1734344293, 41, 60, 82, 11, 0, 0.06%, 9, 0, 10, 305.27
1734344298, 41, 64, 82, 11, 0, 0.06%, 9, 0, 10, 327.17
1734344308, 41, 68, 82, 11, 0, 0.06%, 9, 0, 10, 365.69
1734344313, 41, 70, 82, 11, 0, 0.06%, 9, 0, 10, 323.23
1734344323, 42, 14, 82, 11, 0, 0.06%, 9, 0, 10, 322.11
1734344328, 42, 27, 82, 11, 0, 0.06%, 9, 0, 10, 310.51
1734344333, 42, 29, 82, 11, 0, 0.06%, 9, 0, 10, 312.46
1734344338, 42, 30, 82, 11, 0, 0.06%, 9, 0, 10, 319.20
1734344343, 42, 40, 82, 11, 0, 0.06%, 9, 0, 10, 312.55
1734344348, 42, 60, 82, 11, 0, 0.06%, 9, 0, 10, 312.83
1734344359, 42, 64, 82, 11, 0, 0.06%, 9, 0, 10, 295.02
1734344364, 42, 68, 82, 11, 0, 0.06%, 9, 0, 10, 355.86
1734344369, 42, 70, 82, 11, 0, 0.06%, 9, 0, 10, 341.06
1734344379, 43, 14, 82, 11, 0, 0.06%, 9, 0, 10, 334.76
1734344384, 43, 27, 82, 11, 0, 0.06%, 9, 0, 10, 304.29
1734344389, 43, 29, 82, 11, 0, 0.06%, 9, 0, 10, 308.40
1734344394, 43, 30, 82, 11, 0, 0.06%, 9, 0, 10, 318.74
1734344399, 43, 40, 82, 11, 0, 0.06%, 9, 0, 10, 313.81
1734344404, 43, 60, 82, 11, 0, 0.06%, 9, 0, 10, 316.45
1734344414, 43, 64, 82, 11, 0, 0.06%, 9, 0, 10, 315.80
1734344419, 43, 68, 82, 11, 0, 0.06%, 9, 0, 10, 356.34
1734344430, 43, 70, 82, 11, 0, 0.06%, 9, 0, 10, 335.97
1734344435, 44, 14, 82, 11, 0, 0.06%, 9, 0, 10, 331.31
1734344440, 44, 27, 82, 11, 0, 0.06%, 9, 0, 10, 297.14
1734344445, 44, 29, 82, 11, 0, 0.06%, 9, 0, 10, 317.41
1734344450, 44, 30, 82, 11, 0, 0.06%, 9, 0, 10, 337.03
1734344455, 44, 34, 82, 11, 0, 0.06%, 9, 0, 10, 306.23
1734344460, 44, 40, 82, 11, 0, 0.06%, 9, 0, 10, 305.87
1734344465, 44, 60, 82, 11, 0, 0.06%, 9, 0, 10, 340.33
1734344470, 44, 64, 82, 11, 0, 0.06%, 9, 0, 10, 326.24
1734344475, 44, 68, 82, 11, 0, 0.06%, 9, 0, 10, 323.78
1734344485, 44, 70, 82, 11, 0, 0.06%, 9, 0, 10, 376.49
1734344490, 45, 14, 82, 11, 0, 0.06%, 9, 0, 10, 326.60
1734344495, 45, 27, 82, 11, 0, 0.06%, 9, 0, 10, 317.06
1734344500, 45, 29, 82, 11, 0, 0.06%, 9, 0, 10, 337.14
1734344506, 45, 30, 82, 11, 0, 0.06%, 9, 0, 10, 338.72
1734344511, 45, 34, 82, 11, 0, 0.06%, 9, 0, 10, 331.39
1734344516, 45, 40, 82, 11, 0, 0.06%, 9, 0, 10, 297.11
1734344521, 45, 60, 82, 11, 0, 0.06%, 9, 0, 10, 340.93
1734344526, 45, 64, 82, 11, 0, 0.06%, 9, 0, 10, 299.45
1734344536, 45, 68, 82, 11, 0, 0.06%, 9, 0, 10, 335.32
1734344541, 45, 70, 82, 11, 0, 0.06%, 9, 0, 10, 330.73
1734344551, 46, 14, 82, 11, 0, 0.06%, 9, 0, 10, 319.47
1734344556, 46, 27, 82, 11, 0, 0.06%, 9, 0, 10, 303.26
1734344561, 46, 30, 82, 11, 0, 0.06%, 9, 0, 10, 320.00
1734344566, 46, 34, 82, 11, 0, 0.06%, 9, 0, 10, 340.31
1734344571, 46, 40, 82, 11, 0, 0.06%, 9, 0, 10, 305.23
1734344576, 46, 60, 82, 11, 0, 0.06%, 9, 0, 10, 304.52
1734344581, 46, 64, 82, 11, 0, 0.06%, 9, 0, 10, 318.60
1734344591, 46, 68, 82, 11, 0, 0.06%, 9, 0, 10, 358.34
1734344597, 46, 70, 82, 11, 0, 0.06%, 9, 0, 10, 340.65
1734344607, 47, 14, 82, 11, 0, 0.06%, 9, 0, 10, 320.18
1734344612, 47, 27, 82, 11, 0, 0.06%, 9, 0, 10, 294.23
1734344617, 47, 29, 82, 11, 0, 0.06%, 9, 0, 10, 303.91
1734344622, 47, 30, 82, 11, 0, 0.06%, 9, 0, 10, 313.04
1734344627, 47, 34, 82, 11, 0, 0.06%, 9, 0, 10, 328.57
1734344632, 47, 40, 82, 11, 0, 0.06%, 9, 0, 10, 313.09
1734344637, 47, 60, 82, 11, 0, 0.06%, 9, 0, 10, 357.93
1734344642, 47, 64, 82, 11, 0, 0.06%, 9, 0, 10, 322.27
1734344647, 47, 68, 82, 11, 0, 0.06%, 9, 0, 10, 346.73
1734344657, 47, 70, 82, 11, 0, 0.06%, 9, 0, 10, 340.04
1734344663, 48, 14, 82, 11, 0, 0.06%, 9, 0, 10, 350.49
1734344668, 48, 27, 82, 11, 0, 0.06%, 9, 0, 10, 324.80
1734344673, 48, 29, 82, 11, 0, 0.06%, 9, 0, 10, 301.58
1734344678, 48, 30, 82, 11, 0, 0.06%, 9, 0, 10, 316.96
1734344683, 48, 40, 82, 11, 0, 0.06%, 9, 0, 10, 317.11
1734344688, 48, 60, 82, 11, 0, 0.06%, 9, 0, 10, 321.81
1734344698, 48, 64, 82, 11, 0, 0.06%, 9, 0, 10, 314.53
1734344703, 48, 68, 82, 11, 0, 0.06%, 9, 0, 10, 356.40
1734344713, 48, 70, 82, 11, 0, 0.06%, 9, 0, 10, 336.18
1734344718, 49, 14, 82, 11, 0, 0.06%, 9, 0, 10, 327.20
1734344724, 49, 27, 82, 11, 0, 0.06%, 9, 0, 10, 299.50
1734344729, 49, 29, 82, 11, 0, 0.06%, 9, 0, 10, 324.86
1734344734, 49, 30, 82, 11, 0, 0.06%, 9, 0, 10, 326.00
1734344739, 49, 34, 82, 11, 0, 0.06%, 9, 0, 10, 304.81
1734344744, 49, 40, 82, 11, 0, 0.06%, 9, 0, 10, 297.48
1734344749, 49, 60, 82, 11, 0, 0.06%, 9, 0, 10, 324.40
1734344754, 49, 64, 82, 11, 0, 0.06%, 9, 0, 10, 310.96
1734344759, 49, 68, 82, 11, 0, 0.06%, 9, 0, 10, 309.88
1734344769, 49, 70, 82, 11, 0, 0.06%, 9, 0, 10, 365.01
1734344774, 50, 14, 82, 11, 0, 0.06%, 9, 0, 10, 348.18
1734344779, 50, 27, 82, 11, 0, 0.06%, 9, 0, 10, 312.68
1734344784, 50, 29, 82, 11, 0, 0.06%, 9, 0, 10, 341.92
1734344789, 50, 30, 82, 11, 0, 0.06%, 9, 0, 10, 340.35
1734344794, 50, 34, 82, 11, 0, 0.06%, 9, 0, 10, 324.23
1734344800, 50, 40, 82, 11, 0, 0.06%, 9, 0, 10, 306.20
1734344805, 50, 60, 82, 11, 0, 0.06%, 9, 0, 10, 346.90
1734344810, 50, 64, 82, 11, 0, 0.06%, 9, 0, 10, 328.31
1734344815, 50, 68, 82, 11, 0, 0.06%, 9, 0, 10, 328.29
1734344825, 50, 70, 82, 11, 0, 0.06%, 9, 0, 10, 374.33
1734344830, 51, 14, 82, 11, 0, 0.06%, 9, 0, 10, 359.02
1734344835, 51, 27, 82, 11, 0, 0.06%, 9, 0, 10, 324.64
1734344840, 51, 29, 82, 11, 0, 0.06%, 9, 0, 10, 336.88
1734344845, 51, 30, 82, 11, 0, 0.06%, 9, 0, 10, 339.93
1734344850, 51, 34, 82, 11, 0, 0.06%, 9, 0, 10, 321.04
1734344855, 51, 40, 82, 11, 0, 0.06%, 9, 0, 10, 287.60
1734344860, 51, 60, 82, 11, 0, 0.06%, 9, 0, 10, 341.31
1734344865, 51, 61, 82, 11, 0, 0.06%, 9, 0, 10, 346.98
1734344911, 51, 62, 82, 11, 0, 0.06%, 9, 0, 10, 308.69
1734344978, 51, 63, 82, 11, 0, 0.06%, 9, 0, 10, 351.40
1734344983, 51, 64, 82, 11, 0, 0.06%, 9, 0, 10, 339.63
1734344993, 51, 65, 82, 11, 0, 0.06%, 9, 0, 10, 372.77
1734345008, 51, 66, 82, 11, 0, 0.06%, 9, 0, 10, 468.81
1734345111, 51, 67, 82, 11, 0, 0.06%, 9, 0, 10, 323.85
1734345218, 51, 68, 82, 11, 0, 0.06%, 9, 0, 10, 366.35
1734345223, 51, 69, 82, 11, 0, 0.06%, 9, 0, 10, 360.26
1734345275, 51, 70, 82, 11, 0, 0.06%, 9, 0, 10, 358.37
1734345285, 51, 71, 82, 11, 0, 0.06%, 9, 0, 10, 288.92
1734345305, 51, 72, 82, 11, 0, 0.06%, 9, 0, 10, 338.76
1734345310, 51, 73, 82, 11, 0, 0.06%, 9, 0, 10, 368.88
1734345315, 51, 74, 82, 11, 0, 0.06%, 9, 0, 10, 364.19
1734345320, 51, 75, 82, 11, 0, 0.06%, 9, 0, 10, 395.86
1734345336, 51, 76, 82, 11, 0, 0.06%, 9, 0, 10, 311.66
1734345356, 51, 77, 82, 11, 0, 0.06%, 9, 0, 10, 341.34
1734345361, 51, 78, 82, 11, 0, 0.06%, 9, 0, 10, 399.17
1734345483, 51, 79, 82, 10, 0, 0.06%, 9, 0, 10, 416.70
1734345601, 51, 80, 82, 9, 0, 0.06%, 9, 0, 10, 362.44
1734345707, 51, 81, 82, 9, 0, 0.06%, 9, 0, 10, 341.00
1734345814, 52, 13, 82, 9, 0, 0.06%, 9, 0, 10, 347.28
1734345819, 52, 14, 82, 9, 0, 0.06%, 9, 0, 10, 321.96
1734345824, 52, 20, 82, 9, 0, 0.06%, 9, 0, 10, 322.32
1734345829, 52, 22, 82, 9, 0, 0.06%, 9, 0, 10, 326.98
1734345834, 52, 23, 82, 9, 0, 0.06%, 9, 0, 10, 345.69
1734345839, 52, 24, 82, 9, 0, 0.06%, 9, 0, 10, 341.75
1734345844, 52, 26, 82, 9, 0, 0.06%, 9, 0, 10, 337.17
1734345849, 52, 27, 82, 9, 0, 0.06%, 9, 0, 10, 362.60
1734345854, 52, 28, 82, 9, 0, 0.06%, 9, 0, 10, 366.58
1734345859, 52, 29, 82, 9, 0, 0.06%, 9, 0, 10, 340.14
1734345864, 52, 30, 82, 9, 0, 0.06%, 9, 0, 10, 326.44
1734345870, 52, 31, 82, 9, 0, 0.06%, 9, 0, 10, 342.91
1734345875, 52, 32, 82, 9, 0, 0.06%, 9, 0, 10, 336.48
1734345880, 52, 33, 82, 9, 0, 0.06%, 9, 0, 10, 320.07
1734345885, 52, 34, 82, 9, 0, 0.06%, 9, 0, 10, 305.11
1734345890, 52, 36, 82, 9, 0, 0.06%, 9, 0, 10, 319.13
1734345895, 52, 37, 82, 9, 0, 0.06%, 9, 0, 10, 311.73
1734345900, 52, 38, 82, 9, 0, 0.06%, 9, 0, 10, 299.85
1734345905, 52, 39, 82, 9, 0, 0.06%, 9, 0, 10, 350.33
1734345910, 52, 40, 82, 9, 0, 0.06%, 9, 0, 10, 315.31
1734345915, 52, 41, 82, 9, 0, 0.06%, 9, 0, 10, 321.10
1734345920, 52, 42, 82, 9, 0, 0.06%, 9, 0, 10, 350.39
1734345925, 52, 43, 82, 9, 0, 0.06%, 9, 0, 10, 319.02
1734345930, 52, 44, 82, 9, 0, 0.06%, 9, 0, 10, 304.60
1734345935, 52, 45, 82, 9, 0, 0.06%, 9, 0, 10, 317.72
1734345940, 52, 46, 82, 9, 0, 0.06%, 9, 0, 10, 348.51
1734345945, 52, 47, 82, 9, 0, 0.06%, 9, 0, 10, 390.85
1734345950, 52, 48, 82, 9, 0, 0.06%, 9, 0, 10, 352.59
1734345961, 52, 49, 82, 9, 0, 0.06%, 9, 0, 10, 366.57
1734345966, 52, 50, 82, 9, 0, 0.06%, 9, 0, 10, 381.86
1734345976, 52, 51, 82, 9, 0, 0.06%, 9, 0, 10, 348.86
1734345981, 52, 52, 82, 9, 0, 0.06%, 9, 0, 10, 387.36
1734345986, 52, 53, 82, 9, 0, 0.06%, 9, 0, 10, 346.41
1734345996, 52, 54, 82, 9, 0, 0.06%, 9, 0, 10, 361.07
1734346002, 52, 55, 82, 9, 0, 0.06%, 9, 0, 10, 307.38
1734346063, 52, 56, 82, 9, 0, 0.06%, 9, 0, 10, 304.79
1734346185, 52, 57, 82, 9, 0, 0.06%, 9, 0, 10, 346.62
1734346302, 52, 58, 82, 9, 0, 0.06%, 9, 0, 10, 334.03
1734346307, 52, 59, 82, 9, 0, 0.06%, 9, 0, 10, 320.11
1734346317, 52, 60, 82, 9, 0, 0.06%, 9, 0, 10, 343.76
1734346322, 52, 61, 82, 9, 0, 0.06%, 9, 0, 10, 326.67
1734346327, 52, 62, 82, 9, 0, 0.06%, 9, 0, 10, 344.24
1734346332, 52, 63, 82, 9, 0, 0.06%, 9, 0, 10, 367.50
1734346337, 52, 64, 82, 9, 0, 0.06%, 9, 0, 10, 317.51
1734346348, 52, 65, 82, 9, 0, 0.06%, 9, 0, 10, 368.66
1734346358, 52, 66, 82, 9, 0, 0.06%, 9, 0, 10, 372.16
1734346363, 52, 67, 82, 9, 0, 0.06%, 9, 0, 10, 327.25
1734346373, 52, 68, 82, 9, 0, 0.06%, 9, 0, 10, 373.90
1734346378, 52, 69, 82, 9, 0, 0.06%, 9, 0, 10, 356.78
1734346388, 52, 70, 82, 9, 0, 0.06%, 9, 0, 10, 349.85
1734346393, 52, 71, 82, 9, 0, 0.06%, 9, 0, 10, 386.91
1734346408, 52, 72, 82, 9, 0, 0.06%, 9, 0, 10, 444.65
1734346479, 52, 73, 82, 9, 0, 0.06%, 9, 0, 10, 446.73
1734346566, 52, 74, 82, 9, 0, 0.06%, 9, 0, 10, 431.36
1734346652, 52, 75, 82, 9, 0, 0.06%, 9, 0, 10, 295.78
1734346734, 52, 76, 82, 9, 0, 0.06%, 9, 0, 10, 355.88
1734347086, 52, 77, 82, 9, 0, 0.06%, 9, 0, 10, 319.71
1734347162, 52, 78, 82, 9, 0, 0.06%, 9, 0, 10, 382.07
1734347259, 52, 79, 82, 9, 0, 0.06%, 9, 0, 10, 310.90
1734347361, 52, 80, 82, 9, 0, 0.06%, 9, 0, 10, 317.55
1734347381, 52, 81, 82, 9, 0, 0.06%, 9, 0, 10, 395.52
1734347397, 53, 13, 82, 9, 0, 0.06%, 9, 0, 10, 328.34
1734347402, 53, 14, 82, 9, 0, 0.06%, 9, 0, 10, 337.84
1734347407, 53, 15, 82, 9, 0, 0.06%, 9, 0, 10, 350.54
1734347412, 53, 20, 82, 9, 0, 0.06%, 9, 0, 10, 314.52
1734347417, 53, 22, 82, 9, 0, 0.06%, 9, 0, 10, 330.13
1734347422, 53, 23, 82, 9, 0, 0.06%, 9, 0, 10, 320.10
1734347427, 53, 24, 82, 9, 0, 0.06%, 9, 0, 10, 308.55
1734347432, 53, 27, 82, 9, 0, 0.06%, 9, 0, 10, 316.68
1734347437, 53, 28, 82, 9, 0, 0.06%, 9, 0, 10, 303.72
1734347443, 53, 29, 82, 9, 0, 0.06%, 9, 0, 10, 359.45
1734347448, 53, 30, 82, 9, 0, 0.06%, 9, 0, 10, 361.88
1734347453, 53, 31, 82, 9, 0, 0.06%, 9, 0, 10, 363.56
1734347458, 53, 32, 82, 9, 0, 0.06%, 9, 0, 10, 328.08
1734347463, 53, 33, 82, 9, 0, 0.06%, 9, 0, 10, 312.57
1734347468, 53, 34, 82, 9, 0, 0.06%, 9, 0, 10, 325.32
1734347473, 53, 36, 82, 9, 0, 0.06%, 9, 0, 10, 316.11
1734347478, 53, 37, 82, 9, 0, 0.06%, 9, 0, 10, 318.68
1734347483, 53, 38, 82, 9, 0, 0.06%, 9, 0, 10, 302.31
1734347489, 53, 39, 82, 9, 0, 0.06%, 9, 0, 10, 346.09
1734347494, 53, 40, 82, 9, 0, 0.06%, 9, 0, 10, 315.23
1734347499, 53, 41, 82, 9, 0, 0.06%, 9, 0, 10, 324.04
1734347504, 53, 42, 82, 9, 0, 0.06%, 9, 0, 10, 342.59
1734347509, 53, 43, 82, 9, 0, 0.06%, 9, 0, 10, 301.15
1734347514, 53, 44, 82, 9, 0, 0.06%, 9, 0, 10, 311.19
1734347519, 53, 45, 82, 9, 0, 0.06%, 9, 0, 10, 321.22
1734347524, 53, 46, 82, 9, 0, 0.06%, 9, 0, 10, 387.89
1734347529, 53, 47, 82, 9, 0, 0.06%, 9, 0, 10, 393.20
1734347534, 53, 48, 82, 9, 0, 0.06%, 9, 0, 10, 355.75
1734347544, 53, 49, 82, 9, 0, 0.06%, 9, 0, 10, 363.20
1734347549, 53, 50, 82, 9, 0, 0.06%, 9, 0, 10, 354.64
1734347559, 53, 51, 82, 9, 0, 0.06%, 9, 0, 10, 364.91
1734347564, 53, 52, 82, 9, 0, 0.06%, 9, 0, 10, 371.76
1734347570, 53, 53, 82, 9, 0, 0.06%, 9, 0, 10, 322.40
1734347580, 53, 54, 82, 9, 0, 0.06%, 9, 0, 10, 377.50
1734347585, 53, 55, 82, 9, 0, 0.06%, 9, 0, 10, 305.50
1734347595, 53, 56, 82, 9, 0, 0.06%, 9, 0, 10, 381.39
1734347600, 53, 57, 82, 9, 0, 0.06%, 9, 0, 10, 371.87
1734347610, 53, 58, 82, 9, 0, 0.06%, 9, 0, 10, 349.59
1734347615, 53, 59, 82, 9, 0, 0.06%, 9, 0, 10, 332.65
1734347620, 53, 60, 82, 9, 0, 0.06%, 9, 0, 10, 316.38
1734347625, 53, 61, 82, 9, 0, 0.06%, 9, 0, 10, 330.20
1734347630, 53, 62, 82, 9, 0, 0.06%, 9, 0, 10, 319.01
1734347635, 53, 63, 82, 9, 0, 0.06%, 9, 0, 10, 341.26
1734347646, 53, 64, 82, 9, 0, 0.06%, 9, 0, 10, 317.49
1734347651, 53, 65, 82, 9, 0, 0.06%, 9, 0, 10, 351.20
1734347661, 53, 66, 82, 9, 0, 0.06%, 9, 0, 10, 336.73
1734347671, 53, 67, 82, 9, 0, 0.06%, 9, 0, 10, 382.66
1734347676, 53, 68, 82, 9, 0, 0.06%, 9, 0, 10, 310.77
1734347686, 53, 69, 82, 9, 0, 0.06%, 9, 0, 10, 380.51
1734347691, 53, 70, 82, 9, 0, 0.06%, 9, 0, 10, 342.19
1734347701, 53, 71, 82, 9, 0, 0.06%, 9, 0, 10, 291.44
1734347712, 53, 72, 82, 9, 0, 0.06%, 9, 0, 10, 347.25
1734347717, 53, 73, 82, 9, 0, 0.06%, 9, 0, 10, 329.22
1734347727, 53, 74, 82, 9, 0, 0.06%, 9, 0, 10, 324.22
1734347732, 53, 75, 82, 9, 0, 0.06%, 9, 0, 10, 360.32
1734347737, 53, 76, 82, 9, 0, 0.06%, 9, 0, 10, 348.47
1734347747, 53, 77, 82, 9, 0, 0.06%, 9, 0, 10, 348.04
1734347752, 53, 78, 82, 9, 0, 0.06%, 9, 0, 10, 340.63
1734347783, 53, 79, 82, 9, 0, 0.06%, 9, 0, 10, 426.58
1734347803, 53, 80, 82, 9, 0, 0.06%, 9, 0, 10, 343.05
1734347814, 53, 81, 82, 9, 0, 0.06%, 9, 0, 10, 340.45
1734347824, 54, 13, 82, 9, 0, 0.06%, 9, 0, 10, 350.50
1734347829, 54, 14, 82, 9, 0, 0.06%, 9, 0, 10, 342.08
1734347834, 54, 20, 82, 9, 0, 0.06%, 9, 0, 10, 292.87
1734347839, 54, 23, 82, 9, 0, 0.06%, 9, 0, 10, 326.48
1734347844, 54, 24, 82, 9, 0, 0.06%, 9, 0, 10, 339.36
1734347849, 54, 26, 82, 9, 0, 0.06%, 9, 0, 10, 339.62
1734347854, 54, 27, 82, 9, 0, 0.06%, 9, 0, 10, 305.77
1734347859, 54, 28, 82, 9, 0, 0.06%, 9, 0, 10, 349.03
1734347864, 54, 29, 82, 9, 0, 0.06%, 9, 0, 10, 341.09
1734347870, 54, 30, 82, 9, 0, 0.06%, 9, 0, 10, 335.33
1734347875, 54, 32, 82, 9, 0, 0.06%, 9, 0, 10, 330.64
1734347880, 54, 33, 82, 9, 0, 0.06%, 9, 0, 10, 305.42
1734347885, 54, 35, 82, 9, 0, 0.06%, 9, 0, 10, 319.37
1734347890, 54, 36, 82, 9, 0, 0.06%, 9, 0, 10, 332.64
1734347895, 54, 37, 82, 9, 0, 0.06%, 9, 0, 10, 345.80
1734347900, 54, 38, 82, 9, 0, 0.06%, 9, 0, 10, 294.64
1734347905, 54, 39, 82, 9, 0, 0.06%, 9, 0, 10, 348.55
1734347910, 54, 40, 82, 9, 0, 0.06%, 9, 0, 10, 305.82
1734347915, 54, 41, 82, 9, 0, 0.06%, 9, 0, 10, 314.58
1734347921, 54, 42, 82, 9, 0, 0.06%, 9, 0, 10, 335.30
1734347926, 54, 43, 82, 9, 0, 0.06%, 9, 0, 10, 300.11
1734347931, 54, 44, 82, 9, 0, 0.06%, 9, 0, 10, 311.01
1734347936, 54, 45, 82, 9, 0, 0.06%, 9, 0, 10, 324.93
1734347941, 54, 46, 82, 9, 0, 0.06%, 9, 0, 10, 361.78
1734347946, 54, 47, 82, 9, 0, 0.06%, 9, 0, 10, 377.31
1734347951, 54, 48, 82, 9, 0, 0.06%, 9, 0, 10, 341.51
1734347961, 54, 49, 82, 9, 0, 0.06%, 9, 0, 10, 349.59
1734347966, 54, 50, 82, 9, 0, 0.06%, 9, 0, 10, 398.64
1734347971, 54, 51, 82, 9, 0, 0.06%, 9, 0, 10, 349.31
1734347981, 54, 52, 82, 9, 0, 0.06%, 9, 0, 10, 384.92
1734347986, 54, 53, 82, 9, 0, 0.06%, 9, 0, 10, 366.55
1734347996, 54, 54, 82, 9, 0, 0.06%, 9, 0, 10, 374.99
1734348001, 54, 55, 82, 9, 0, 0.06%, 9, 0, 10, 395.18
1734348006, 54, 56, 82, 9, 0, 0.06%, 9, 0, 10, 361.86
1734348016, 54, 57, 82, 9, 0, 0.06%, 9, 0, 10, 331.56
1734348027, 54, 58, 82, 9, 0, 0.06%, 9, 0, 10, 338.63
1734348032, 54, 59, 82, 9, 0, 0.06%, 9, 0, 10, 350.58
1734348037, 54, 60, 82, 9, 0, 0.06%, 9, 0, 10, 348.52
1734348042, 54, 61, 82, 9, 0, 0.06%, 9, 0, 10, 356.52
1734348047, 54, 62, 82, 9, 0, 0.06%, 9, 0, 10, 364.07
1734348052, 54, 63, 82, 9, 0, 0.06%, 9, 0, 10, 395.83
1734348057, 54, 64, 82, 9, 0, 0.06%, 9, 0, 10, 340.44
1734348067, 54, 65, 82, 9, 0, 0.06%, 9, 0, 10, 342.27
1734348077, 54, 66, 82, 9, 0, 0.06%, 9, 0, 10, 389.89
1734348083, 54, 67, 82, 9, 0, 0.06%, 9, 0, 10, 328.60
1734348093, 54, 68, 82, 9, 0, 0.06%, 9, 0, 10, 371.38
1734348098, 54, 69, 82, 9, 0, 0.06%, 9, 0, 10, 331.21
1734348108, 54, 70, 82, 9, 0, 0.06%, 9, 0, 10, 355.65
1734348113, 54, 71, 82, 9, 0, 0.06%, 9, 0, 10, 348.31
1734348128, 54, 72, 82, 9, 0, 0.06%, 9, 0, 10, 370.04
1734348133, 54, 73, 82, 9, 0, 0.06%, 9, 0, 10, 352.71
1734348139, 54, 74, 82, 9, 0, 0.06%, 9, 0, 10, 310.84
1734348144, 54, 75, 82, 9, 0, 0.06%, 9, 0, 10, 324.30
1734348154, 54, 76, 82, 9, 0, 0.06%, 9, 0, 10, 279.84
1734348164, 54, 77, 82, 9, 0, 0.06%, 9, 0, 10, 342.39
1734348169, 54, 78, 82, 9, 0, 0.06%, 9, 0, 10, 327.10
1734348195, 54, 79, 82, 9, 0, 0.06%, 9, 0, 10, 355.07
1734348220, 54, 80, 82, 9, 0, 0.06%, 9, 0, 10, 343.10
1734348225, 54, 81, 82, 9, 0, 0.06%, 9, 0, 10, 334.87
1734348230, 55, 13, 82, 9, 0, 0.06%, 9, 0, 10, 373.18
1734348236, 55, 14, 82, 9, 0, 0.06%, 9, 0, 10, 342.35
1734348241, 55, 20, 82, 9, 0, 0.06%, 9, 0, 10, 305.84
1734348246, 55, 22, 82, 9, 0, 0.06%, 9, 0, 10, 328.07
1734348251, 55, 23, 82, 9, 0, 0.06%, 9, 0, 10, 310.14
1734348256, 55, 24, 82, 9, 0, 0.06%, 9, 0, 10, 327.13
1734348261, 55, 27, 82, 9, 0, 0.06%, 9, 0, 10, 329.84
1734348266, 55, 28, 82, 9, 0, 0.06%, 9, 0, 10, 331.24
1734348271, 55, 29, 82, 9, 0, 0.06%, 9, 0, 10, 356.96
1734348276, 55, 30, 82, 9, 0, 0.06%, 9, 0, 10, 350.54
1734348281, 55, 32, 82, 9, 0, 0.06%, 9, 0, 10, 336.30
1734348286, 55, 33, 82, 9, 0, 0.06%, 9, 0, 10, 332.65
1734348291, 55, 34, 82, 9, 0, 0.06%, 9, 0, 10, 317.95
1734348296, 55, 35, 82, 9, 0, 0.06%, 9, 0, 10, 297.85
1734348301, 55, 37, 82, 9, 0, 0.06%, 9, 0, 10, 322.18
1734348306, 55, 38, 82, 9, 0, 0.06%, 9, 0, 10, 310.06
1734348311, 55, 39, 82, 9, 0, 0.06%, 9, 0, 10, 307.36
1734348317, 55, 40, 82, 9, 0, 0.06%, 9, 0, 10, 311.19
1734348322, 55, 41, 82, 9, 0, 0.06%, 9, 0, 10, 305.05
1734348327, 55, 42, 82, 9, 0, 0.06%, 9, 0, 10, 354.25
1734348332, 55, 43, 82, 9, 0, 0.06%, 9, 0, 10, 324.06
1734348337, 55, 44, 82, 9, 0, 0.06%, 9, 0, 10, 308.37
1734348342, 55, 45, 82, 9, 0, 0.06%, 9, 0, 10, 329.46
1734348347, 55, 46, 82, 9, 0, 0.06%, 9, 0, 10, 360.86
1734348352, 55, 47, 82, 9, 0, 0.06%, 9, 0, 10, 405.43
1734348357, 55, 48, 82, 9, 0, 0.06%, 9, 0, 10, 338.65
1734348367, 55, 49, 82, 9, 0, 0.06%, 9, 0, 10, 363.53
1734348372, 55, 50, 82, 9, 0, 0.06%, 9, 0, 10, 389.00
1734348383, 55, 51, 82, 9, 0, 0.06%, 9, 0, 10, 364.92
1734348388, 55, 52, 82, 9, 0, 0.06%, 9, 0, 10, 393.45
1734348393, 55, 53, 82, 9, 0, 0.06%, 9, 0, 10, 315.14
1734348403, 55, 54, 82, 9, 0, 0.06%, 9, 0, 10, 378.60
1734348408, 55, 55, 82, 9, 0, 0.06%, 9, 0, 10, 350.97
1734348418, 55, 56, 82, 9, 0, 0.06%, 9, 0, 10, 378.82
1734348423, 55, 57, 82, 9, 0, 0.06%, 9, 0, 10, 341.81
1734348433, 55, 58, 82, 9, 0, 0.06%, 9, 0, 10, 349.29
1734348438, 55, 59, 82, 9, 0, 0.06%, 9, 0, 10, 354.51
1734348443, 55, 60, 82, 9, 0, 0.06%, 9, 0, 10, 355.93
1734348448, 55, 61, 82, 9, 0, 0.06%, 9, 0, 10, 367.44
1734348453, 55, 62, 82, 9, 0, 0.06%, 9, 0, 10, 377.83
1734348458, 55, 63, 82, 9, 0, 0.06%, 9, 0, 10, 402.53
1734348469, 55, 64, 82, 9, 0, 0.06%, 9, 0, 10, 294.43
1734348474, 55, 65, 82, 9, 0, 0.06%, 9, 0, 10, 294.98
1734348484, 55, 66, 82, 9, 0, 0.06%, 9, 0, 10, 375.06
1734348494, 55, 67, 82, 9, 0, 0.06%, 9, 0, 10, 361.42
1734348499, 55, 68, 82, 9, 0, 0.06%, 9, 0, 10, 337.90
1734348509, 55, 69, 82, 9, 0, 0.06%, 9, 0, 10, 340.72
1734348514, 55, 70, 82, 9, 0, 0.06%, 9, 0, 10, 360.70
1734348524, 55, 71, 82, 9, 0, 0.06%, 9, 0, 10, 274.11
1734348535, 55, 72, 82, 9, 0, 0.06%, 9, 0, 10, 349.35
1734348540, 55, 73, 82, 9, 0, 0.06%, 9, 0, 10, 318.70
1734348545, 55, 74, 82, 9, 0, 0.06%, 9, 0, 10, 331.18
1734348555, 55, 75, 82, 9, 0, 0.06%, 9, 0, 10, 361.38
1734348560, 55, 76, 82, 9, 0, 0.06%, 9, 0, 10, 353.89
1734348570, 55, 77, 82, 9, 0, 0.06%, 9, 0, 10, 353.65
1734348580, 55, 78, 82, 9, 0, 0.06%, 9, 0, 10, 428.11
1734348606, 55, 79, 82, 9, 0, 0.06%, 9, 0, 10, 460.05
1734348631, 55, 80, 82, 9, 0, 0.06%, 9, 0, 10, 337.24
1734348636, 55, 81, 82, 9, 0, 0.06%, 9, 0, 10, 340.44
1734348641, 56, 13, 82, 9, 0, 0.06%, 9, 0, 10, 332.44
1734348646, 56, 14, 82, 9, 0, 0.06%, 9, 0, 10, 310.94
1734348652, 56, 20, 82, 9, 0, 0.06%, 9, 0, 10, 297.58
1734348657, 56, 23, 82, 9, 0, 0.06%, 9, 0, 10, 344.41
1734348662, 56, 24, 82, 9, 0, 0.06%, 9, 0, 10, 359.17
1734348667, 56, 26, 82, 9, 0, 0.06%, 9, 0, 10, 330.62
1734348672, 56, 27, 82, 9, 0, 0.06%, 9, 0, 10, 305.65
1734348677, 56, 28, 82, 9, 0, 0.06%, 9, 0, 10, 336.45
1734348682, 56, 29, 82, 9, 0, 0.06%, 9, 0, 10, 311.77
1734348687, 56, 30, 82, 9, 0, 0.06%, 9, 0, 10, 334.07
1734348692, 56, 32, 82, 9, 0, 0.06%, 9, 0, 10, 334.18
1734348697, 56, 34, 82, 9, 0, 0.06%, 9, 0, 10, 314.22
1734348702, 56, 35, 82, 9, 0, 0.06%, 9, 0, 10, 315.26
1734348707, 56, 36, 82, 9, 0, 0.06%, 9, 0, 10, 335.57
1734348712, 56, 37, 82, 9, 0, 0.06%, 9, 0, 10, 343.46
1734348718, 56, 38, 82, 9, 0, 0.06%, 9, 0, 10, 295.97
1734348723, 56, 39, 82, 9, 0, 0.06%, 9, 0, 10, 341.88
1734348728, 56, 40, 82, 9, 0, 0.06%, 9, 0, 10, 303.31
1734348733, 56, 41, 82, 9, 0, 0.06%, 9, 0, 10, 317.83
1734348738, 56, 42, 82, 9, 0, 0.06%, 9, 0, 10, 332.39
1734348743, 56, 43, 82, 9, 0, 0.06%, 9, 0, 10, 313.88
1734348748, 56, 44, 82, 9, 0, 0.06%, 9, 0, 10, 297.65
1734348753, 56, 45, 82, 9, 0, 0.06%, 9, 0, 10, 319.91
1734348758, 56, 46, 82, 9, 0, 0.06%, 9, 0, 10, 363.10
1734348763, 56, 47, 82, 9, 0, 0.06%, 9, 0, 10, 360.30
1734348768, 56, 48, 82, 9, 0, 0.06%, 9, 0, 10, 372.61
1734348773, 56, 49, 82, 9, 0, 0.06%, 9, 0, 10, 339.12
1734348783, 56, 50, 82, 9, 0, 0.06%, 9, 0, 10, 404.54
1734348789, 56, 51, 82, 9, 0, 0.06%, 9, 0, 10, 337.01
1734348799, 56, 52, 82, 9, 0, 0.06%, 9, 0, 10, 350.90
1734348804, 56, 53, 82, 9, 0, 0.06%, 9, 0, 10, 340.45
1734348814, 56, 54, 82, 9, 0, 0.06%, 9, 0, 10, 362.59
1734348819, 56, 55, 82, 9, 0, 0.06%, 9, 0, 10, 387.19
1734348829, 56, 56, 82, 9, 0, 0.06%, 9, 0, 10, 373.44
1734348834, 56, 57, 82, 9, 0, 0.06%, 9, 0, 10, 342.73
1734348844, 56, 58, 82, 9, 0, 0.06%, 9, 0, 10, 322.38
1734348849, 56, 59, 82, 9, 0, 0.06%, 9, 0, 10, 333.17
1734348854, 56, 60, 82, 9, 0, 0.06%, 9, 0, 10, 333.17
1734348859, 56, 61, 82, 9, 0, 0.06%, 9, 0, 10, 340.22
1734348865, 56, 62, 82, 9, 0, 0.06%, 9, 0, 10, 372.29
1734348870, 56, 63, 82, 9, 0, 0.06%, 9, 0, 10, 392.39
1734348875, 56, 64, 82, 9, 0, 0.06%, 9, 0, 10, 342.19
1734348885, 56, 65, 82, 9, 0, 0.06%, 9, 0, 10, 329.92
1734348895, 56, 66, 82, 9, 0, 0.06%, 9, 0, 10, 393.44
1734348900, 56, 67, 82, 9, 0, 0.06%, 9, 0, 10, 329.89
1734348910, 56, 68, 82, 9, 0, 0.06%, 9, 0, 10, 365.70
1734348915, 56, 69, 82, 9, 0, 0.06%, 9, 0, 10, 349.69
1734348925, 56, 70, 82, 9, 0, 0.06%, 9, 0, 10, 368.86
1734348930, 56, 71, 82, 9, 0, 0.06%, 9, 0, 10, 360.28
1734348946, 56, 72, 82, 9, 0, 0.06%, 9, 0, 10, 345.79
1734348951, 56, 73, 82, 9, 0, 0.06%, 9, 0, 10, 323.30
1734348956, 56, 74, 82, 9, 0, 0.06%, 9, 0, 10, 337.06
1734348961, 56, 75, 82, 9, 0, 0.06%, 9, 0, 10, 334.57
1734348971, 56, 76, 82, 9, 0, 0.06%, 9, 0, 10, 263.01
1734348982, 56, 77, 82, 9, 0, 0.06%, 9, 0, 10, 339.78
1734348987, 56, 78, 82, 9, 0, 0.06%, 9, 0, 10, 387.19
1734349002, 56, 79, 82, 9, 0, 0.06%, 9, 0, 10, 417.91
1734349012, 56, 80, 82, 9, 0, 0.06%, 9, 0, 10, 380.00
1734349017, 56, 81, 82, 9, 0, 0.06%, 9, 0, 10, 372.51
1734349022, 57, 13, 82, 9, 0, 0.06%, 9, 0, 10, 354.38
1734349027, 57, 14, 82, 9, 0, 0.06%, 9, 0, 10, 328.89
1734349032, 57, 20, 82, 9, 0, 0.06%, 9, 0, 10, 283.13
1734349037, 57, 22, 82, 9, 0, 0.06%, 9, 0, 10, 322.08
1734349043, 57, 24, 82, 9, 0, 0.06%, 9, 0, 10, 337.00
1734349048, 57, 26, 82, 9, 0, 0.06%, 9, 0, 10, 359.45
1734349053, 57, 27, 82, 9, 0, 0.06%, 9, 0, 10, 307.25
1734349058, 57, 28, 82, 9, 0, 0.06%, 9, 0, 10, 334.21
1734349063, 57, 29, 82, 9, 0, 0.06%, 9, 0, 10, 323.28
1734349068, 57, 30, 82, 9, 0, 0.06%, 9, 0, 10, 323.80
1734349073, 57, 32, 82, 9, 0, 0.06%, 9, 0, 10, 321.29
1734349078, 57, 33, 82, 9, 0, 0.06%, 9, 0, 10, 317.69
1734349083, 57, 34, 82, 9, 0, 0.06%, 9, 0, 10, 297.35
1734349088, 57, 35, 82, 9, 0, 0.06%, 9, 0, 10, 314.73
1734349093, 57, 37, 82, 9, 0, 0.06%, 9, 0, 10, 310.34
1734349098, 57, 38, 82, 9, 0, 0.06%, 9, 0, 10, 308.26
1734349103, 57, 39, 82, 9, 0, 0.06%, 9, 0, 10, 313.96
1734349108, 57, 40, 82, 9, 0, 0.06%, 9, 0, 10, 309.46
1734349113, 57, 41, 82, 9, 0, 0.06%, 9, 0, 10, 319.89
1734349118, 57, 42, 82, 9, 0, 0.06%, 9, 0, 10, 350.65
1734349123, 57, 43, 82, 9, 0, 0.06%, 9, 0, 10, 310.18
1734349129, 57, 44, 82, 9, 0, 0.06%, 9, 0, 10, 308.51
1734349134, 57, 45, 82, 9, 0, 0.06%, 9, 0, 10, 335.91
1734349139, 57, 46, 82, 9, 0, 0.06%, 9, 0, 10, 370.79
1734349144, 57, 47, 82, 9, 0, 0.06%, 9, 0, 10, 393.19
1734349149, 57, 48, 82, 9, 0, 0.06%, 9, 0, 10, 358.02
1734349159, 57, 49, 82, 9, 0, 0.06%, 9, 0, 10, 366.43
1734349164, 57, 50, 82, 9, 0, 0.06%, 9, 0, 10, 350.92
1734349174, 57, 51, 82, 9, 0, 0.06%, 9, 0, 10, 342.95
1734349179, 57, 52, 82, 9, 0, 0.06%, 9, 0, 10, 386.30
1734349185, 57, 53, 82, 9, 0, 0.06%, 9, 0, 10, 347.43
1734349195, 57, 54, 82, 9, 0, 0.06%, 9, 0, 10, 379.86
1734349200, 57, 55, 82, 9, 0, 0.06%, 9, 0, 10, 325.42
1734349210, 57, 56, 82, 9, 0, 0.06%, 9, 0, 10, 396.68
1734349215, 57, 57, 82, 9, 0, 0.06%, 9, 0, 10, 359.05
1734349225, 57, 58, 82, 9, 0, 0.06%, 9, 0, 10, 359.39
1734349230, 57, 59, 82, 9, 0, 0.06%, 9, 0, 10, 337.46
1734349235, 57, 60, 82, 9, 0, 0.06%, 9, 0, 10, 330.16
1734349240, 57, 61, 82, 9, 0, 0.06%, 9, 0, 10, 326.82
1734349245, 57, 62, 82, 9, 0, 0.06%, 9, 0, 10, 323.73
1734349250, 57, 63, 82, 9, 0, 0.06%, 9, 0, 10, 351.15
1734349261, 57, 64, 82, 9, 0, 0.06%, 9, 0, 10, 318.14
1734349266, 57, 65, 82, 9, 0, 0.06%, 9, 0, 10, 315.81
1734349276, 57, 66, 82, 9, 0, 0.06%, 9, 0, 10, 363.43
1734349286, 57, 67, 82, 9, 0, 0.06%, 9, 0, 10, 364.17
1734349291, 57, 68, 82, 9, 0, 0.06%, 9, 0, 10, 340.94
1734349301, 57, 69, 82, 9, 0, 0.06%, 9, 0, 10, 362.86
1734349306, 57, 70, 82, 9, 0, 0.06%, 9, 0, 10, 349.45
1734349316, 57, 71, 82, 9, 0, 0.06%, 9, 0, 10, 272.39
1734349326, 57, 72, 82, 9, 0, 0.06%, 9, 0, 10, 351.90
1734349331, 57, 73, 82, 9, 0, 0.06%, 9, 0, 10, 348.79
1734349337, 57, 74, 82, 9, 0, 0.06%, 9, 0, 10, 325.43
1734349342, 57, 75, 82, 9, 0, 0.06%, 9, 0, 10, 319.51
1734349352, 57, 76, 82, 9, 0, 0.06%, 9, 0, 10, 288.85
1734349362, 57, 77, 82, 9, 0, 0.06%, 9, 0, 10, 324.87
1734349367, 57, 78, 82, 9, 0, 0.06%, 9, 0, 10, 339.14
1734349383, 57, 79, 82, 9, 0, 0.06%, 9, 0, 10, 387.12
1734349398, 57, 80, 82, 9, 0, 0.06%, 9, 0, 10, 330.76
1734349403, 57, 81, 82, 9, 0, 0.06%, 9, 0, 10, 353.92
1734349408, 58, 13, 82, 9, 0, 0.06%, 9, 0, 10, 340.80
1734349413, 58, 14, 82, 9, 0, 0.06%, 9, 0, 10, 313.68
1734349418, 58, 20, 82, 9, 0, 0.06%, 9, 0, 10, 302.30
1734349423, 58, 23, 82, 9, 0, 0.06%, 9, 0, 10, 341.87
1734349428, 58, 24, 82, 9, 0, 0.06%, 9, 0, 10, 355.86
1734349433, 58, 26, 82, 9, 0, 0.06%, 9, 0, 10, 328.11
1734349438, 58, 27, 82, 9, 0, 0.06%, 9, 0, 10, 307.75
1734349443, 58, 28, 82, 9, 0, 0.06%, 9, 0, 10, 332.43
1734349448, 58, 29, 82, 9, 0, 0.06%, 9, 0, 10, 322.27
1734349453, 58, 30, 82, 9, 0, 0.06%, 9, 0, 10, 315.82
1734349458, 58, 33, 82, 9, 0, 0.06%, 9, 0, 10, 328.66
1734349463, 58, 34, 82, 9, 0, 0.06%, 9, 0, 10, 311.62
1734349468, 58, 35, 82, 9, 0, 0.06%, 9, 0, 10, 334.24
1734349473, 58, 36, 82, 9, 0, 0.06%, 9, 0, 10, 327.21
1734349478, 58, 37, 82, 9, 0, 0.06%, 9, 0, 10, 320.55
1734349484, 58, 38, 82, 9, 0, 0.06%, 9, 0, 10, 291.97
1734349489, 58, 39, 82, 9, 0, 0.06%, 9, 0, 10, 345.84
1734349494, 58, 40, 82, 9, 0, 0.06%, 9, 0, 10, 315.89
1734349499, 58, 41, 82, 9, 0, 0.06%, 9, 0, 10, 305.75
1734349504, 58, 42, 82, 9, 0, 0.06%, 9, 0, 10, 332.10
1734349509, 58, 43, 82, 9, 0, 0.06%, 9, 0, 10, 309.45
1734349514, 58, 44, 82, 9, 0, 0.06%, 9, 0, 10, 292.62
1734349519, 58, 46, 82, 9, 0, 0.06%, 9, 0, 10, 324.14
1734349529, 58, 47, 82, 9, 0, 0.06%, 9, 0, 10, 362.87
1734349534, 58, 48, 82, 9, 0, 0.06%, 9, 0, 10, 375.55
1734349539, 58, 49, 82, 9, 0, 0.06%, 9, 0, 10, 335.82
1734349549, 58, 50, 82, 9, 0, 0.06%, 9, 0, 10, 398.51
1734349554, 58, 51, 82, 9, 0, 0.06%, 9, 0, 10, 334.10
1734349564, 58, 52, 82, 9, 0, 0.06%, 9, 0, 10, 367.91
1734349570, 58, 53, 82, 9, 0, 0.06%, 9, 0, 10, 387.27
1734349575, 58, 54, 82, 9, 0, 0.06%, 9, 0, 10, 351.13
1734349585, 58, 55, 82, 9, 0, 0.06%, 9, 0, 10, 390.39
1734349590, 58, 56, 82, 9, 0, 0.06%, 9, 0, 10, 332.34
1734349600, 58, 57, 82, 9, 0, 0.06%, 9, 0, 10, 366.97
1734349610, 58, 58, 82, 9, 0, 0.06%, 9, 0, 10, 320.49
1734349615, 58, 59, 82, 9, 0, 0.06%, 9, 0, 10, 320.10
1734349620, 58, 60, 82, 9, 0, 0.06%, 9, 0, 10, 351.45
1734349625, 58, 61, 82, 9, 0, 0.06%, 9, 0, 10, 339.96
1734349631, 58, 62, 82, 9, 0, 0.06%, 9, 0, 10, 372.28
1734349636, 58, 63, 82, 9, 0, 0.06%, 9, 0, 10, 384.43
1734349641, 58, 64, 82, 9, 0, 0.06%, 9, 0, 10, 341.24
1734349651, 58, 65, 82, 9, 0, 0.06%, 9, 0, 10, 344.85
1734349661, 58, 66, 82, 9, 0, 0.06%, 9, 0, 10, 379.56
1734349666, 58, 67, 82, 9, 0, 0.06%, 9, 0, 10, 326.81
1734349676, 58, 68, 82, 9, 0, 0.06%, 9, 0, 10, 371.85
1734349681, 58, 69, 82, 9, 0, 0.06%, 9, 0, 10, 337.29
1734349691, 58, 70, 82, 9, 0, 0.06%, 9, 0, 10, 351.22
1734349696, 58, 71, 82, 9, 0, 0.06%, 9, 0, 10, 405.61
1734349712, 58, 72, 82, 9, 0, 0.06%, 9, 0, 10, 345.28
1734349717, 58, 73, 82, 9, 0, 0.06%, 9, 0, 10, 346.98
1734349722, 58, 74, 82, 9, 0, 0.06%, 9, 0, 10, 351.47
1734349727, 58, 75, 82, 9, 0, 0.06%, 9, 0, 10, 369.68
1734349737, 58, 76, 82, 9, 0, 0.06%, 9, 0, 10, 269.07
1734349747, 58, 77, 82, 9, 0, 0.06%, 9, 0, 10, 347.56
1734349752, 58, 78, 82, 9, 0, 0.06%, 9, 0, 10, 341.65
1734349762, 58, 79, 82, 9, 0, 0.06%, 9, 0, 10, 366.35
1734349767, 58, 80, 82, 9, 0, 0.06%, 9, 0, 10, 358.45
1734349772, 58, 81, 82, 9, 0, 0.06%, 9, 0, 10, 331.28
1734349777, 59, 13, 82, 9, 0, 0.06%, 9, 0, 10, 371.87
1734349783, 59, 14, 82, 9, 0, 0.06%, 9, 0, 10, 346.92
1734349788, 59, 20, 82, 9, 0, 0.06%, 9, 0, 10, 303.58
1734349793, 59, 22, 82, 9, 0, 0.06%, 9, 0, 10, 323.94
1734349798, 59, 23, 82, 9, 0, 0.06%, 9, 0, 10, 322.18
1734349803, 59, 24, 82, 9, 0, 0.06%, 9, 0, 10, 315.84
1734349808, 59, 26, 82, 9, 0, 0.06%, 9, 0, 10, 313.26
1734349813, 59, 27, 82, 9, 0, 0.06%, 9, 0, 10, 288.66
1734349818, 59, 29, 82, 9, 0, 0.06%, 9, 0, 10, 321.50
1734349823, 59, 30, 82, 9, 0, 0.06%, 9, 0, 10, 323.45
1734349828, 59, 32, 82, 9, 0, 0.06%, 9, 0, 10, 353.77
1734349833, 59, 33, 82, 9, 0, 0.06%, 9, 0, 10, 342.22
1734349839, 59, 34, 82, 9, 0, 0.06%, 9, 0, 10, 318.13
1734349844, 59, 35, 82, 9, 0, 0.06%, 9, 0, 10, 339.34
1734349849, 59, 36, 82, 9, 0, 0.06%, 9, 0, 10, 317.72
1734349854, 59, 37, 82, 9, 0, 0.06%, 9, 0, 10, 314.47
1734349859, 59, 38, 82, 9, 0, 0.06%, 9, 0, 10, 279.64
1734349864, 59, 40, 82, 9, 0, 0.06%, 9, 0, 10, 317.46
1734349869, 59, 41, 82, 9, 0, 0.06%, 9, 0, 10, 308.84
1734349874, 59, 42, 82, 9, 0, 0.06%, 9, 0, 10, 315.55
1734349879, 59, 43, 82, 9, 0, 0.06%, 9, 0, 10, 332.71
1734349884, 59, 44, 82, 9, 0, 0.06%, 9, 0, 10, 307.34
1734349889, 59, 45, 82, 9, 0, 0.06%, 9, 0, 10, 317.88
1734349894, 59, 46, 82, 9, 0, 0.06%, 9, 0, 10, 396.63
1734349899, 59, 47, 82, 9, 0, 0.06%, 9, 0, 10, 363.85
1734349909, 59, 48, 82, 9, 0, 0.06%, 9, 0, 10, 346.94
1734349914, 59, 49, 82, 9, 0, 0.06%, 9, 0, 10, 398.14
1734349919, 59, 50, 82, 9, 0, 0.06%, 9, 0, 10, 336.29
1734349929, 59, 51, 82, 9, 0, 0.06%, 9, 0, 10, 376.68
1734349935, 59, 52, 82, 9, 0, 0.06%, 9, 0, 10, 315.87
1734349945, 59, 53, 82, 9, 0, 0.06%, 9, 0, 10, 379.17
1734349950, 59, 54, 82, 9, 0, 0.06%, 9, 0, 10, 389.47
1734349955, 59, 55, 82, 9, 0, 0.06%, 9, 0, 10, 346.87
1734349965, 59, 56, 82, 9, 0, 0.06%, 9, 0, 10, 369.16
1734349975, 59, 57, 82, 9, 0, 0.06%, 9, 0, 10, 390.51
1734349980, 59, 58, 82, 9, 0, 0.06%, 9, 0, 10, 370.03
1734349985, 59, 59, 82, 9, 0, 0.06%, 9, 0, 10, 333.25
1734349990, 59, 60, 82, 9, 0, 0.06%, 9, 0, 10, 311.51
1734349995, 59, 61, 82, 9, 0, 0.06%, 9, 0, 10, 329.57
1734350000, 59, 62, 82, 9, 0, 0.06%, 9, 0, 10, 328.17
1734350006, 59, 63, 82, 9, 0, 0.06%, 9, 0, 10, 354.44
1734350016, 59, 64, 82, 9, 0, 0.06%, 9, 0, 10, 296.99
1734350021, 59, 65, 82, 9, 0, 0.06%, 9, 0, 10, 349.31
1734350031, 59, 66, 82, 9, 0, 0.06%, 9, 0, 10, 312.91
1734350041, 59, 67, 82, 9, 0, 0.06%, 9, 0, 10, 387.17
1734350046, 59, 68, 82, 9, 0, 0.06%, 9, 0, 10, 341.94
1734350056, 59, 69, 82, 9, 0, 0.06%, 9, 0, 10, 394.10
1734350061, 59, 70, 82, 9, 0, 0.06%, 9, 0, 10, 324.18
1734350072, 59, 71, 82, 9, 0, 0.06%, 9, 0, 10, 318.75
1734350087, 59, 72, 82, 9, 0, 0.06%, 9, 0, 10, 329.55
1734350092, 59, 73, 82, 9, 0, 0.06%, 9, 0, 10, 328.06
1734350097, 59, 74, 82, 9, 0, 0.06%, 9, 0, 10, 333.39
1734350102, 59, 75, 82, 9, 0, 0.06%, 9, 0, 10, 380.62
1734350107, 59, 76, 82, 9, 0, 0.06%, 9, 0, 10, 368.66
1734350122, 59, 77, 82, 9, 0, 0.06%, 9, 0, 10, 335.74
1734350128, 59, 78, 82, 9, 0, 0.06%, 9, 0, 10, 371.67
1734350133, 59, 79, 82, 9, 0, 0.06%, 9, 0, 10, 325.35
1734350143, 59, 80, 82, 9, 0, 0.06%, 9, 0, 10, 354.21
1734350148, 59, 81, 82, 9, 0, 0.06%, 9, 0, 10, 349.67
1734350153, 60, 13, 82, 9, 0, 0.06%, 9, 0, 10, 338.82
1734350158, 60, 14, 82, 9, 0, 0.06%, 9, 0, 10, 329.38
1734350163, 60, 20, 82, 9, 0, 0.06%, 9, 0, 10, 298.61
1734350168, 60, 22, 82, 9, 0, 0.06%, 9, 0, 10, 321.38
1734350173, 60, 24, 82, 9, 0, 0.06%, 9, 0, 10, 342.37
1734350178, 60, 26, 82, 9, 0, 0.06%, 9, 0, 10, 350.85
1734350183, 60, 27, 82, 9, 0, 0.06%, 9, 0, 10, 299.21
1734350188, 60, 28, 82, 9, 0, 0.06%, 9, 0, 10, 346.86
1734350194, 60, 29, 82, 9, 0, 0.06%, 9, 0, 10, 331.91
1734350199, 60, 30, 82, 9, 0, 0.06%, 9, 0, 10, 352.21
1734350204, 60, 32, 82, 9, 0, 0.06%, 9, 0, 10, 334.46
1734350209, 60, 33, 82, 9, 0, 0.06%, 9, 0, 10, 302.90
1734350214, 60, 34, 82, 9, 0, 0.06%, 9, 0, 10, 303.69
1734350219, 60, 35, 82, 9, 0, 0.06%, 9, 0, 10, 305.13
1734350224, 60, 37, 82, 9, 0, 0.06%, 9, 0, 10, 323.60
1734350229, 60, 38, 82, 9, 0, 0.06%, 9, 0, 10, 301.62
1734350234, 60, 39, 82, 9, 0, 0.06%, 9, 0, 10, 326.58
1734350239, 60, 40, 82, 9, 0, 0.06%, 9, 0, 10, 310.80
1734350244, 60, 41, 82, 9, 0, 0.06%, 9, 0, 10, 311.18
1734350249, 60, 42, 82, 9, 0, 0.06%, 9, 0, 10, 358.83
1734350254, 60, 43, 82, 9, 0, 0.06%, 9, 0, 10, 320.40
1734350259, 60, 44, 82, 9, 0, 0.06%, 9, 0, 10, 310.01
1734350264, 60, 45, 82, 9, 0, 0.06%, 9, 0, 10, 328.14
1734350269, 60, 46, 82, 9, 0, 0.06%, 9, 0, 10, 357.69
1734350274, 60, 47, 82, 9, 0, 0.06%, 9, 0, 10, 370.35
1734350279, 60, 48, 82, 9, 0, 0.06%, 9, 0, 10, 354.96
1734350289, 60, 49, 82, 9, 0, 0.06%, 9, 0, 10, 366.71
1734350295, 60, 50, 82, 9, 0, 0.06%, 9, 0, 10, 369.05
1734350305, 60, 51, 82, 9, 0, 0.06%, 9, 0, 10, 354.90
1734350310, 60, 52, 82, 9, 0, 0.06%, 9, 0, 10, 397.47
1734350315, 60, 53, 82, 9, 0, 0.06%, 9, 0, 10, 345.69
1734350325, 60, 54, 82, 9, 0, 0.06%, 9, 0, 10, 350.07
1734350330, 60, 55, 82, 9, 0, 0.06%, 9, 0, 10, 370.80
1734350340, 60, 56, 82, 9, 0, 0.06%, 9, 0, 10, 379.37
1734350345, 60, 57, 82, 9, 0, 0.06%, 9, 0, 10, 334.18
1734350355, 60, 58, 82, 9, 0, 0.06%, 9, 0, 10, 360.04
1734350360, 60, 59, 82, 9, 0, 0.06%, 9, 0, 10, 329.73
1734350365, 60, 60, 82, 9, 0, 0.06%, 9, 0, 10, 311.66
1734350370, 60, 61, 82, 9, 0, 0.06%, 9, 0, 10, 320.38
1734350376, 60, 62, 82, 9, 0, 0.06%, 9, 0, 10, 330.26
1734350381, 60, 63, 82, 9, 0, 0.06%, 9, 0, 10, 342.89
1734350391, 60, 64, 82, 9, 0, 0.06%, 9, 0, 10, 314.44
1734350396, 60, 65, 82, 9, 0, 0.06%, 9, 0, 10, 331.03
1734350406, 60, 66, 82, 9, 0, 0.06%, 9, 0, 10, 302.60
1734350416, 60, 67, 82, 9, 0, 0.06%, 9, 0, 10, 387.98
1734350421, 60, 68, 82, 9, 0, 0.06%, 9, 0, 10, 335.75
1734350431, 60, 69, 82, 9, 0, 0.06%, 9, 0, 10, 387.56
1734350436, 60, 82, 83, 10, 1, 0.07%, 10, 0, 10, 309.51
1734350518, 61, 82, 83, 9, 0, 0.07%, 10, 0, 10, 229.41
1734350548, 62, 82, 83, 9, 0, 0.07%, 10, 0, 10, 287.26
1734350584, 63, 82, 83, 9, 0, 0.07%, 10, 0, 10, 239.34
1734350614, 64, 82, 83, 9, 0, 0.07%, 10, 0, 10, 302.41
1734350650, 65, 82, 83, 9, 0, 0.07%, 10, 0, 10, 278.24
1734350685, 66, 82, 83, 9, 0, 0.07%, 10, 0, 10, 234.98
1734350716, 67, 82, 83, 9, 0, 0.07%, 10, 0, 10, 279.09
1734350752, 68, 82, 83, 9, 0, 0.07%, 10, 0, 10, 236.29
1734350782, 69, 82, 83, 9, 0, 0.07%, 10, 0, 10, 303.17
1734350818, 70, 82, 83, 9, 0, 0.07%, 10, 0, 10, 249.13
1734350853, 71, 82, 83, 9, 0, 0.07%, 10, 0, 10, 240.08
1734350889, 72, 82, 83, 9, 0, 0.07%, 10, 0, 10, 238.28
1734350925, 73, 82, 83, 9, 0, 0.07%, 10, 0, 10, 235.86
1734350956, 74, 82, 83, 9, 0, 0.07%, 10, 0, 10, 310.45
1734350991, 75, 82, 83, 9, 0, 0.07%, 10, 0, 10, 289.92
1734351001, 76, 82, 83, 9, 0, 0.07%, 10, 0, 10, 240.84
1734351011, 77, 82, 83, 9, 0, 0.07%, 10, 0, 10, 237.62
1734351016, 78, 82, 83, 9, 0, 0.07%, 10, 0, 10, 269.90
1734351026, 79, 82, 83, 9, 0, 0.07%, 10, 0, 10, 239.64
1734351037, 80, 82, 83, 9, 0, 0.07%, 10, 0, 10, 233.91
1734351042, 81, 82, 83, 9, 0, 0.07%, 10, 0, 10, 263.08
1734351052, 82, 82, 83, 9, 0, 0.07%, 10, 0, 10, 242.84
1734351062, 83, 82, 83, 9, 0, 0.07%, 10, 0, 10, 234.39
1734351067, 84, 82, 83, 9, 0, 0.07%, 10, 0, 10, 269.11
1734351077, 85, 82, 83, 9, 0, 0.07%, 10, 0, 10, 250.41
1734351087, 86, 82, 83, 9, 0, 0.07%, 10, 0, 10, 241.78
1734351097, 87, 82, 83, 9, 0, 0.07%, 10, 0, 10, 240.18
1734351102, 88, 82, 83, 9, 0, 0.07%, 10, 0, 10, 259.04
1734351113, 89, 82, 83, 9, 0, 0.07%, 10, 0, 10, 240.76
1734351123, 90, 82, 83, 9, 0, 0.07%, 10, 0, 10, 239.61
1734351128, 91, 82, 83, 9, 0, 0.07%, 10, 0, 10, 269.34
1734351138, 92, 82, 83, 9, 0, 0.07%, 10, 0, 10, 247.56
1734351148, 93, 82, 83, 9, 0, 0.07%, 10, 0, 10, 232.42
1734351153, 94, 82, 83, 9, 0, 0.07%, 10, 0, 10, 273.60
1734351163, 95, 82, 83, 9, 0, 0.07%, 10, 0, 10, 259.70
1734351174, 96, 82, 83, 9, 0, 0.07%, 10, 0, 10, 248.56
1734351179, 97, 82, 83, 9, 0, 0.07%, 10, 0, 10, 282.20
1734351189, 98, 82, 83, 9, 0, 0.07%, 10, 0, 10, 238.53
1734351199, 99, 82, 83, 9, 0, 0.07%, 10, 0, 10, 227.95
1734351209, 100, 82, 83, 9, 0, 0.07%, 10, 0, 10, 244.46
1734351214, 101, 82, 83, 9, 0, 0.07%, 10, 0, 10, 263.31
1734351224, 102, 82, 83, 9, 0, 0.07%, 10, 0, 10, 239.57
1734351235, 103, 82, 83, 9, 0, 0.07%, 10, 0, 10, 260.07
1734351240, 104, 82, 83, 9, 0, 0.07%, 10, 0, 10, 258.90
1734351250, 105, 82, 83, 9, 0, 0.07%, 10, 0, 10, 236.87
1734351260, 106, 82, 83, 9, 0, 0.07%, 10, 0, 10, 228.68
1734351265, 107, 82, 83, 9, 0, 0.07%, 10, 0, 10, 262.25
1734351276, 108, 82, 83, 9, 0, 0.07%, 10, 0, 10, 244.24
1734351286, 109, 82, 83, 9, 0, 0.07%, 10, 0, 10, 234.67
1734351291, 110, 82, 83, 9, 0, 0.07%, 10, 0, 10, 280.95
1734351301, 111, 82, 83, 9, 0, 0.07%, 10, 0, 10, 257.17
1734351311, 112, 82, 83, 9, 0, 0.07%, 10, 0, 10, 235.65
1734351321, 113, 82, 83, 9, 0, 0.07%, 10, 0, 10, 268.41
1734351327, 114, 82, 83, 9, 0, 0.07%, 10, 0, 10, 254.85
1734351337, 115, 82, 83, 9, 0, 0.07%, 10, 0, 10, 231.70
1734351347, 116, 82, 83, 9, 0, 0.07%, 10, 0, 10, 248.58
1734351352, 117, 82, 83, 9, 0, 0.07%, 10, 0, 10, 260.27
1734351362, 118, 82, 83, 9, 0, 0.07%, 10, 0, 10, 238.85
1734351372, 119, 82, 83, 9, 0, 0.07%, 10, 0, 10, 250.48
1734351377, 120, 82, 83, 9, 0, 0.07%, 10, 0, 10, 276.12
1734351388, 121, 82, 83, 9, 0, 0.07%, 10, 0, 10, 245.83
1734351398, 122, 82, 83, 9, 0, 0.07%, 10, 0, 10, 236.75
1734351403, 123, 82, 83, 9, 0, 0.07%, 10, 0, 10, 273.82
1734351413, 124, 82, 83, 9, 0, 0.07%, 10, 0, 10, 244.64
1734351423, 125, 82, 83, 9, 0, 0.07%, 10, 0, 10, 231.23
1734351428, 126, 82, 83, 9, 0, 0.07%, 10, 0, 10, 282.51
1734351438, 127, 82, 83, 9, 0, 0.07%, 10, 0, 10, 258.30
1734351448, 128, 82, 83, 9, 0, 0.07%, 10, 0, 10, 238.32
1734351459, 129, 82, 83, 9, 0, 0.07%, 10, 0, 10, 259.64
1734351464, 130, 82, 83, 9, 0, 0.07%, 10, 0, 10, 258.60
1734351474, 131, 82, 83, 9, 0, 0.07%, 10, 0, 10, 240.90
1734351479, 132, 82, 83, 9, 0, 0.07%, 10, 0, 10, 290.93
1734351489, 133, 82, 83, 9, 0, 0.07%, 10, 0, 10, 255.98
1734351499, 134, 82, 83, 9, 0, 0.07%, 10, 0, 10, 236.48
1734351509, 135, 82, 83, 9, 0, 0.07%, 10, 0, 10, 243.65
1734351514, 136, 82, 83, 9, 0, 0.07%, 10, 0, 10, 262.64
1734351525, 137, 82, 83, 9, 0, 0.07%, 10, 0, 10, 247.70
1734351535, 138, 82, 83, 9, 0, 0.07%, 10, 0, 10, 252.68
1734351540, 139, 82, 83, 9, 0, 0.07%, 10, 0, 10, 261.29
1734351550, 140, 82, 83, 9, 0, 0.07%, 10, 0, 10, 238.64
1734351560, 141, 82, 83, 9, 0, 0.07%, 10, 0, 10, 275.51
1734351565, 142, 82, 83, 9, 0, 0.07%, 10, 0, 10, 259.95
1734351575, 143, 82, 83, 9, 0, 0.07%, 10, 0, 10, 240.19
1734351585, 144, 82, 83, 9, 0, 0.07%, 10, 0, 10, 245.38
1734351590, 145, 82, 83, 9, 0, 0.07%, 10, 0, 10, 257.98
1734351601, 146, 82, 83, 9, 0, 0.07%, 10, 0, 10, 233.82
1734351611, 147, 82, 83, 9, 0, 0.07%, 10, 0, 10, 259.96
1734351616, 148, 82, 83, 9, 0, 0.07%, 10, 0, 10, 259.06
1734351626, 149, 82, 83, 9, 0, 0.07%, 10, 0, 10, 245.19
1734351636, 150, 82, 83, 9, 0, 0.07%, 10, 0, 10, 245.62
1734351642, 151, 82, 83, 9, 0, 0.07%, 10, 0, 10, 271.25
1734351652, 152, 82, 83, 9, 0, 0.07%, 10, 0, 10, 246.60
1734351662, 153, 82, 83, 9, 0, 0.07%, 10, 0, 10, 243.06
1734351667, 154, 82, 83, 9, 0, 0.07%, 10, 0, 10, 269.41
1734351677, 155, 82, 83, 9, 0, 0.07%, 10, 0, 10, 241.44
1734351687, 156, 82, 83, 9, 0, 0.07%, 10, 0, 10, 230.83
1734351692, 157, 82, 83, 9, 0, 0.07%, 10, 0, 10, 284.61
1734351702, 158, 82, 83, 9, 0, 0.07%, 10, 0, 10, 252.82
1734351712, 159, 82, 83, 9, 0, 0.07%, 10, 0, 10, 236.48
1734351717, 160, 82, 83, 9, 0, 0.07%, 10, 0, 10, 301.78
