# unix_time, cycles_done, cur_path, paths_total, pending_total, pending_favs, map_size, unique_crashes, unique_hangs, max_depth, execs_per_sec
1733785716, 0, 0, 10, 10, 1, 0.00%, 0, 0, 1, 170.58
1733785721, 0, 4, 10, 10, 1, 0.00%, 0, 0, 1, 201.34
1733785726, 0, 5, 10, 9, 0, 0.00%, 0, 0, 1, 207.61
1733785731, 0, 6, 10, 8, 0, 0.00%, 0, 0, 1, 203.88
1733785741, 0, 7, 10, 7, 0, 0.00%, 0, 0, 1, 210.20
1733785746, 0, 8, 10, 6, 0, 0.00%, 0, 0, 1, 200.63
1733785756, 0, 9, 10, 5, 0, 0.00%, 0, 0, 1, 205.94
1733785761, 1, 0, 10, 4, 0, 0.00%, 0, 0, 1, 193.38
1733785772, 1, 1, 10, 3, 0, 0.00%, 0, 0, 1, 195.26
1733785782, 1, 2, 10, 2, 0, 0.00%, 0, 0, 1, 209.84
1733785792, 1, 3, 10, 1, 0, 0.00%, 0, 0, 1, 209.44
1733785802, 1, 4, 10, 0, 0, 0.00%, 0, 0, 1, 211.97
1733785807, 1, 4, 11, 1, 0, 0.05%, 1, 0, 2, 211.39
1733785817, 1, 10, 12, 2, 1, 0.05%, 2, 0, 3, 250.45
1733785832, 1, 10, 13, 3, 1, 0.05%, 3, 0, 3, 266.92
1733785883, 1, 10, 14, 4, 1, 0.05%, 4, 0, 3, 270.84
1733785918, 1, 10, 16, 6, 1, 0.06%, 5, 0, 3, 238.63
1733785923, 1, 11, 17, 6, 4, 0.06%, 5, 0, 4, 260.38
1733785928, 1, 11, 19, 8, 4, 0.06%, 5, 0, 4, 269.78
1733785939, 1, 11, 20, 9, 4, 0.06%, 6, 0, 4, 272.64
1733785949, 1, 11, 21, 10, 4, 0.06%, 6, 0, 4, 270.04
1733785984, 1, 11, 22, 11, 4, 0.06%, 6, 0, 4, 275.02
1733786051, 1, 19, 23, 11, 4, 0.06%, 7, 0, 5, 393.70
1733786056, 1, 19, 25, 13, 4, 0.06%, 7, 0, 5, 457.66
1733786066, 1, 19, 26, 14, 4, 0.06%, 8, 0, 5, 482.19
1733786077, 1, 19, 27, 15, 4, 0.06%, 8, 0, 5, 469.27
1733786102, 1, 19, 28, 16, 4, 0.06%, 8, 0, 5, 354.83
1733786107, 1, 19, 29, 17, 4, 0.06%, 8, 0, 5, 285.50
1733786118, 1, 25, 30, 17, 5, 0.06%, 9, 0, 6, 443.89
1733786123, 1, 25, 31, 18, 5, 0.06%, 9, 0, 6, 475.95
1733786153, 1, 29, 31, 17, 5, 0.06%, 9, 0, 6, 385.54
1733786158, 1, 29, 32, 18, 5, 0.06%, 9, 0, 7, 456.70
1733786189, 2, 22, 35, 20, 3, 0.06%, 9, 0, 7, 253.14
1733786200, 2, 22, 36, 21, 3, 0.06%, 9, 0, 7, 483.31
1733786235, 2, 26, 36, 20, 3, 0.06%, 9, 0, 7, 345.39
1733786250, 2, 26, 37, 21, 3, 0.06%, 9, 0, 7, 434.95
1733786276, 2, 33, 37, 20, 3, 0.06%, 9, 0, 7, 272.42
1733786286, 2, 33, 38, 21, 3, 0.06%, 9, 0, 8, 419.01
1733786301, 2, 33, 39, 22, 3, 0.06%, 9, 0, 8, 438.72
1733786322, 2, 33, 41, 24, 3, 0.06%, 9, 0, 8, 437.60
1733786342, 2, 33, 42, 25, 3, 0.06%, 9, 0, 8, 269.55
1733786347, 2, 33, 43, 26, 3, 0.06%, 9, 0, 8, 272.25
1733786352, 2, 35, 44, 26, 3, 0.06%, 9, 0, 8, 421.18
1733786372, 3, 13, 44, 25, 3, 0.06%, 9, 0, 8, 301.14
1733786378, 3, 13, 46, 27, 3, 0.06%, 9, 0, 8, 287.51
1733786383, 3, 13, 48, 29, 3, 0.06%, 9, 0, 8, 302.23
1733786485, 3, 22, 48, 28, 2, 0.06%, 9, 0, 8, 315.64
1733786490, 3, 24, 48, 28, 2, 0.06%, 9, 0, 8, 340.06
1733786501, 3, 24, 49, 29, 2, 0.06%, 9, 0, 8, 374.54
1733786511, 3, 25, 49, 28, 1, 0.06%, 9, 0, 8, 288.50
1733786516, 3, 27, 50, 29, 1, 0.06%, 9, 0, 8, 437.58
1733786526, 3, 27, 51, 30, 1, 0.06%, 9, 0, 8, 468.49
1733786557, 3, 29, 51, 29, 1, 0.06%, 9, 0, 8, 319.95
1733786562, 3, 30, 51, 29, 1, 0.06%, 9, 0, 8, 397.88
1733786567, 3, 30, 52, 30, 1, 0.06%, 9, 0, 8, 437.26
1733786582, 3, 30, 53, 31, 1, 0.06%, 9, 0, 8, 323.60
1733786587, 3, 31, 53, 30, 1, 0.06%, 9, 0, 8, 337.06
1733786592, 3, 31, 54, 31, 1, 0.06%, 9, 0, 8, 427.98
1733786602, 3, 31, 56, 33, 1, 0.06%, 9, 0, 8, 444.74
1733786638, 3, 31, 57, 34, 1, 0.06%, 9, 0, 8, 452.07
1733786668, 3, 35, 57, 33, 1, 0.06%, 9, 0, 8, 356.06
1733786678, 3, 43, 57, 33, 1, 0.06%, 9, 0, 8, 424.57
1733786694, 3, 43, 58, 34, 1, 0.06%, 9, 0, 9, 478.96
1733786719, 3, 43, 60, 36, 1, 0.06%, 9, 0, 9, 308.68
1733786724, 3, 49, 60, 35, 1, 0.06%, 9, 0, 9, 470.09
1733786858, 3, 49, 61, 36, 1, 0.06%, 9, 0, 9, 466.93
1733786868, 3, 49, 62, 37, 1, 0.06%, 9, 0, 9, 483.26
1733786883, 3, 49, 63, 38, 1, 0.06%, 9, 0, 9, 482.06
1733786929, 3, 53, 63, 37, 1, 0.06%, 9, 0, 9, 410.63
1733786954, 3, 54, 63, 36, 1, 0.06%, 9, 0, 9, 329.62
1733786969, 3, 54, 64, 37, 1, 0.06%, 9, 0, 9, 462.60
1733786979, 3, 54, 65, 38, 1, 0.06%, 9, 0, 9, 453.82
1733787025, 3, 55, 65, 37, 1, 0.06%, 9, 0, 9, 349.81
1733787076, 3, 56, 65, 36, 1, 0.06%, 9, 0, 9, 351.39
1733787112, 3, 57, 65, 35, 1, 0.06%, 9, 0, 9, 327.95
1733787142, 3, 58, 65, 34, 1, 0.06%, 9, 0, 9, 329.89
1733787172, 3, 60, 66, 34, 1, 0.06%, 9, 0, 9, 391.64
1733787244, 3, 61, 66, 33, 1, 0.06%, 9, 0, 9, 451.32
1733787362, 3, 62, 66, 32, 1, 0.06%, 9, 0, 9, 429.78
1733787372, 3, 62, 67, 33, 1, 0.06%, 9, 0, 9, 370.94
1733787694, 3, 63, 67, 32, 1, 0.06%, 9, 0, 9, 418.55
1733787724, 3, 64, 67, 31, 1, 0.06%, 9, 0, 9, 326.17
1733787760, 4, 12, 67, 30, 1, 0.06%, 9, 0, 9, 290.91
1733787770, 4, 15, 67, 29, 1, 0.06%, 9, 0, 9, 290.15
1733787780, 4, 21, 67, 28, 0, 0.06%, 9, 0, 9, 369.58
1733787796, 4, 25, 67, 27, 0, 0.06%, 9, 0, 9, 334.54
1733787801, 4, 29, 67, 27, 0, 0.06%, 9, 0, 9, 336.86
1733787806, 4, 30, 67, 27, 0, 0.06%, 9, 0, 9, 332.04
1733787811, 4, 31, 67, 27, 0, 0.06%, 9, 0, 9, 315.07
1733787816, 4, 36, 67, 27, 0, 0.06%, 9, 0, 9, 327.30
1733787837, 4, 37, 67, 26, 0, 0.06%, 9, 0, 9, 399.57
1733787872, 4, 43, 67, 25, 0, 0.06%, 9, 0, 9, 362.31
1733787888, 4, 48, 67, 25, 0, 0.06%, 9, 0, 9, 413.24
1733787908, 4, 51, 67, 24, 0, 0.06%, 9, 0, 9, 460.81
1733788005, 4, 53, 67, 23, 0, 0.06%, 9, 0, 9, 351.25
1733788020, 4, 54, 67, 23, 0, 0.06%, 9, 0, 9, 327.73
1733788036, 4, 55, 67, 23, 0, 0.06%, 9, 0, 9, 374.84
1733788051, 4, 56, 67, 23, 0, 0.06%, 9, 0, 9, 302.37
1733788066, 4, 58, 67, 23, 0, 0.06%, 9, 0, 9, 365.97
1733788076, 4, 59, 67, 23, 0, 0.06%, 9, 0, 9, 322.97
1733788106, 4, 63, 67, 22, 0, 0.06%, 9, 0, 9, 338.68
1733788122, 4, 64, 67, 22, 0, 0.06%, 9, 0, 9, 423.09
1733788132, 5, 29, 67, 22, 0, 0.06%, 9, 0, 9, 298.56
1733788137, 5, 31, 67, 22, 0, 0.06%, 9, 0, 9, 331.57
1733788142, 5, 53, 67, 22, 0, 0.06%, 9, 0, 9, 367.11
1733788157, 5, 54, 67, 22, 0, 0.06%, 9, 0, 9, 394.85
1733788173, 5, 55, 67, 22, 0, 0.06%, 9, 0, 9, 393.56
1733788183, 5, 56, 67, 22, 0, 0.06%, 9, 0, 9, 319.93
1733788198, 5, 57, 67, 22, 0, 0.06%, 9, 0, 9, 369.98
1733788213, 5, 58, 67, 22, 0, 0.06%, 9, 0, 9, 346.28
1733788228, 5, 59, 67, 22, 0, 0.06%, 9, 0, 9, 377.75
1733788243, 5, 63, 67, 22, 0, 0.06%, 9, 0, 9, 400.94
1733788254, 5, 64, 67, 22, 0, 0.06%, 9, 0, 9, 282.03
1733788269, 6, 12, 67, 22, 0, 0.06%, 9, 0, 9, 305.97
1733788274, 6, 14, 67, 22, 0, 0.06%, 9, 0, 9, 341.53
1733788284, 6, 21, 67, 21, 0, 0.06%, 9, 0, 9, 334.25
1733788289, 6, 25, 67, 21, 0, 0.06%, 9, 0, 9, 337.64
1733788294, 6, 26, 67, 21, 0, 0.06%, 9, 0, 9, 322.44
1733788299, 6, 29, 67, 21, 0, 0.06%, 9, 0, 9, 328.80
1733788304, 6, 30, 67, 21, 0, 0.06%, 9, 0, 9, 320.22
1733788310, 6, 32, 67, 21, 0, 0.06%, 9, 0, 9, 312.80
1733788320, 6, 32, 68, 22, 0, 0.06%, 9, 0, 9, 421.79
1733788341, 6, 33, 68, 21, 0, 0.06%, 9, 0, 9, 346.28
1733788346, 6, 34, 68, 21, 0, 0.06%, 9, 0, 9, 322.51
1733788371, 6, 36, 68, 20, 0, 0.06%, 9, 0, 9, 372.41
1733788381, 6, 37, 68, 20, 0, 0.06%, 9, 0, 9, 400.90
1733788407, 6, 38, 68, 20, 0, 0.06%, 9, 0, 9, 395.09
1733788437, 6, 39, 69, 20, 0, 0.06%, 9, 0, 9, 345.07
1733788768, 6, 43, 69, 19, 0, 0.06%, 9, 0, 9, 314.17
1733788773, 6, 48, 69, 19, 0, 0.06%, 9, 0, 9, 362.99
1733788784, 6, 51, 69, 19, 0, 0.06%, 9, 0, 9, 386.63
1733788794, 6, 53, 69, 19, 0, 0.06%, 9, 0, 9, 334.47
1733788799, 6, 54, 69, 19, 0, 0.06%, 9, 0, 9, 369.57
1733788804, 6, 55, 69, 19, 0, 0.06%, 9, 0, 9, 316.77
1733788814, 6, 56, 69, 19, 0, 0.06%, 9, 0, 9, 320.70
1733788819, 6, 57, 69, 19, 0, 0.06%, 9, 0, 9, 310.34
1733788865, 6, 58, 69, 19, 0, 0.06%, 9, 0, 9, 372.70
1733788875, 6, 59, 69, 19, 0, 0.06%, 9, 0, 9, 369.55
1733788885, 6, 63, 69, 19, 0, 0.06%, 9, 0, 9, 399.60
1733788890, 6, 64, 69, 19, 0, 0.06%, 9, 0, 9, 337.31
1733788900, 7, 29, 69, 19, 0, 0.06%, 9, 0, 9, 356.26
1733788905, 7, 30, 69, 19, 0, 0.06%, 9, 0, 9, 353.89
1733788911, 7, 31, 69, 19, 0, 0.06%, 9, 0, 9, 345.42
1733788916, 7, 43, 69, 19, 0, 0.06%, 9, 0, 9, 366.10
1733788921, 7, 48, 69, 19, 0, 0.06%, 9, 0, 9, 293.98
1733788931, 7, 51, 69, 19, 0, 0.06%, 9, 0, 9, 294.78
1733788941, 7, 53, 69, 19, 0, 0.06%, 9, 0, 9, 336.56
1733788951, 7, 54, 69, 19, 0, 0.06%, 9, 0, 9, 335.11
1733788956, 7, 55, 69, 19, 0, 0.06%, 9, 0, 9, 372.38
1733788961, 7, 56, 69, 19, 0, 0.06%, 9, 0, 9, 315.21
1733788971, 7, 57, 69, 19, 0, 0.06%, 9, 0, 9, 338.92
1733788976, 7, 58, 69, 19, 0, 0.06%, 9, 0, 9, 382.29
1733788981, 7, 59, 69, 19, 0, 0.06%, 9, 0, 9, 355.70
1733788992, 7, 63, 69, 19, 0, 0.06%, 9, 0, 9, 332.98
1733788997, 7, 64, 69, 19, 0, 0.06%, 9, 0, 9, 362.34
1733789002, 8, 25, 69, 19, 0, 0.06%, 9, 0, 9, 358.57
1733789007, 8, 29, 69, 19, 0, 0.06%, 9, 0, 9, 352.57
1733789012, 8, 30, 69, 19, 0, 0.06%, 9, 0, 9, 330.37
1733789017, 8, 31, 69, 19, 0, 0.06%, 9, 0, 9, 317.61
1733789022, 8, 43, 69, 19, 0, 0.06%, 9, 0, 9, 337.72
1733789028, 8, 48, 69, 19, 0, 0.06%, 9, 0, 9, 340.28
1733789033, 8, 51, 69, 19, 0, 0.06%, 9, 0, 9, 312.81
1733789038, 8, 53, 69, 19, 0, 0.06%, 9, 0, 9, 348.15
1733789048, 8, 54, 69, 19, 0, 0.06%, 9, 0, 9, 346.75
1733789053, 8, 55, 69, 19, 0, 0.06%, 9, 0, 9, 377.94
1733789058, 8, 56, 69, 19, 0, 0.06%, 9, 0, 9, 320.82
1733789068, 8, 57, 69, 19, 0, 0.06%, 9, 0, 9, 361.30
1733789073, 8, 58, 69, 19, 0, 0.06%, 9, 0, 9, 382.71
1733789083, 8, 59, 69, 19, 0, 0.06%, 9, 0, 9, 304.42
1733789088, 8, 63, 69, 19, 0, 0.06%, 9, 0, 9, 372.49
1733789093, 8, 64, 69, 19, 0, 0.06%, 9, 0, 9, 336.49
1733789103, 9, 25, 69, 19, 0, 0.06%, 9, 0, 9, 306.31
1733789108, 9, 29, 69, 19, 0, 0.06%, 9, 0, 9, 298.16
1733789113, 9, 31, 69, 19, 0, 0.06%, 9, 0, 9, 306.13
1733789119, 9, 43, 69, 19, 0, 0.06%, 9, 0, 9, 325.53
1733789129, 9, 48, 69, 19, 0, 0.06%, 9, 0, 9, 316.68
1733789134, 9, 51, 69, 19, 0, 0.06%, 9, 0, 9, 359.76
1733789139, 9, 53, 69, 19, 0, 0.06%, 9, 0, 9, 360.52
1733789144, 9, 54, 69, 19, 0, 0.06%, 9, 0, 9, 336.61
1733789154, 9, 55, 69, 19, 0, 0.06%, 9, 0, 9, 326.81
1733789159, 9, 56, 69, 19, 0, 0.06%, 9, 0, 9, 310.75
1733789169, 9, 57, 69, 19, 0, 0.06%, 9, 0, 9, 317.81
1733789174, 9, 58, 69, 19, 0, 0.06%, 9, 0, 9, 365.44
1733789179, 9, 59, 69, 19, 0, 0.06%, 9, 0, 9, 339.53
1733789189, 9, 63, 69, 19, 0, 0.06%, 9, 0, 9, 350.61
1733789194, 9, 64, 69, 19, 0, 0.06%, 9, 0, 9, 371.78
1733789200, 10, 25, 69, 19, 0, 0.06%, 9, 0, 9, 372.73
1733789205, 10, 29, 69, 19, 0, 0.06%, 9, 0, 9, 361.39
1733789210, 10, 30, 69, 19, 0, 0.06%, 9, 0, 9, 331.47
1733789215, 10, 31, 69, 19, 0, 0.06%, 9, 0, 9, 335.90
1733789220, 10, 43, 69, 19, 0, 0.06%, 9, 0, 9, 373.45
1733789225, 10, 48, 69, 19, 0, 0.06%, 9, 0, 9, 337.06
1733789230, 10, 51, 69, 19, 0, 0.06%, 9, 0, 9, 306.16
1733789240, 10, 53, 69, 19, 0, 0.06%, 9, 0, 9, 327.91
1733789245, 10, 54, 69, 19, 0, 0.06%, 9, 0, 9, 346.49
1733789250, 10, 55, 69, 19, 0, 0.06%, 9, 0, 9, 380.03
1733789261, 10, 56, 69, 19, 0, 0.06%, 9, 0, 9, 298.02
1733789266, 10, 58, 69, 19, 0, 0.06%, 9, 0, 9, 358.13
1733789271, 10, 59, 69, 19, 0, 0.06%, 9, 0, 9, 372.86
1733789281, 10, 63, 69, 19, 0, 0.06%, 9, 0, 9, 347.07
1733789286, 10, 64, 69, 19, 0, 0.06%, 9, 0, 9, 352.26
1733789291, 11, 29, 69, 19, 0, 0.06%, 9, 0, 9, 345.40
1733789296, 11, 31, 69, 19, 0, 0.06%, 9, 0, 9, 350.83
1733789301, 11, 53, 69, 19, 0, 0.06%, 9, 0, 9, 361.18
1733789306, 11, 54, 69, 19, 0, 0.06%, 9, 0, 9, 356.38
1733789316, 11, 55, 69, 19, 0, 0.06%, 9, 0, 9, 339.06
1733789321, 11, 56, 69, 19, 0, 0.06%, 9, 0, 9, 315.76
1733789331, 11, 58, 69, 19, 0, 0.06%, 9, 0, 9, 326.66
1733789337, 11, 59, 69, 19, 0, 0.06%, 9, 0, 9, 358.65
1733789342, 11, 63, 69, 19, 0, 0.06%, 9, 0, 9, 332.45
1733789352, 11, 64, 69, 19, 0, 0.06%, 9, 0, 9, 318.80
1733789357, 12, 29, 69, 19, 0, 0.06%, 9, 0, 9, 339.35
1733789362, 12, 31, 69, 19, 0, 0.06%, 9, 0, 9, 343.82
1733789367, 12, 53, 69, 19, 0, 0.06%, 9, 0, 9, 346.36
1733789372, 12, 54, 69, 19, 0, 0.06%, 9, 0, 9, 355.39
1733789382, 12, 55, 69, 19, 0, 0.06%, 9, 0, 9, 344.39
1733789387, 12, 56, 69, 19, 0, 0.06%, 9, 0, 9, 313.93
1733789392, 12, 58, 69, 19, 0, 0.06%, 9, 0, 9, 314.26
1733789403, 12, 59, 69, 19, 0, 0.06%, 9, 0, 9, 357.18
1733789408, 12, 63, 69, 19, 0, 0.06%, 9, 0, 9, 357.15
1733789413, 12, 64, 69, 19, 0, 0.06%, 9, 0, 9, 373.06
1733789418, 13, 29, 69, 19, 0, 0.06%, 9, 0, 9, 337.75
1733789423, 13, 31, 69, 19, 0, 0.06%, 9, 0, 9, 335.48
1733789428, 13, 53, 69, 19, 0, 0.06%, 9, 0, 9, 352.87
1733789438, 13, 54, 69, 19, 0, 0.06%, 9, 0, 9, 335.94
1733789443, 13, 55, 69, 19, 0, 0.06%, 9, 0, 9, 354.81
1733789448, 13, 56, 69, 19, 0, 0.06%, 9, 0, 9, 338.52
1733789459, 13, 58, 69, 19, 0, 0.06%, 9, 0, 9, 340.20
1733789464, 13, 59, 69, 19, 0, 0.06%, 9, 0, 9, 357.07
1733789469, 13, 63, 69, 19, 0, 0.06%, 9, 0, 9, 325.46
1733789479, 13, 64, 69, 19, 0, 0.06%, 9, 0, 9, 327.73
1733789484, 14, 29, 69, 19, 0, 0.06%, 9, 0, 9, 349.91
1733789489, 14, 31, 70, 20, 0, 0.06%, 9, 0, 9, 371.26
1733789494, 14, 53, 70, 20, 0, 0.06%, 9, 0, 9, 359.71
1733789500, 14, 54, 70, 20, 0, 0.06%, 9, 0, 9, 366.18
1733789510, 14, 55, 70, 20, 0, 0.06%, 9, 0, 9, 332.78
1733789515, 14, 56, 70, 20, 0, 0.06%, 9, 0, 9, 318.99
1733789525, 14, 58, 70, 20, 0, 0.06%, 9, 0, 9, 323.50
1733789530, 14, 59, 70, 20, 0, 0.06%, 9, 0, 9, 326.96
1733789535, 14, 63, 70, 20, 0, 0.06%, 9, 0, 9, 388.69
1733789545, 14, 64, 70, 20, 0, 0.06%, 9, 0, 9, 313.68
1733789550, 14, 69, 71, 21, 0, 0.06%, 9, 0, 9, 367.52
1733789652, 14, 70, 71, 20, 0, 0.06%, 9, 0, 9, 344.44
1733789753, 15, 13, 71, 19, 0, 0.06%, 9, 0, 9, 305.57
1733789759, 15, 22, 71, 19, 0, 0.06%, 9, 0, 9, 324.96
1733789764, 15, 24, 71, 19, 0, 0.06%, 9, 0, 9, 359.57
1733789769, 15, 25, 71, 19, 0, 0.06%, 9, 0, 9, 346.31
1733789774, 15, 27, 72, 20, 0, 0.07%, 10, 0, 9, 383.16
1733789779, 15, 71, 72, 20, 1, 0.07%, 10, 0, 9, 268.77
1733789784, 15, 71, 73, 21, 1, 0.07%, 10, 0, 9, 221.47
1733789799, 15, 71, 74, 22, 1, 0.07%, 10, 0, 9, 211.30
1733789951, 15, 72, 74, 21, 0, 0.07%, 10, 0, 9, 240.62
1733789971, 15, 72, 75, 22, 0, 0.07%, 10, 0, 9, 204.66
1733790047, 15, 73, 75, 21, 0, 0.07%, 10, 0, 9, 228.41
1733790098, 15, 74, 75, 20, 0, 0.07%, 10, 0, 9, 249.14
1733790179, 16, 29, 75, 19, 0, 0.07%, 10, 0, 9, 324.54
1733790184, 16, 30, 75, 19, 0, 0.07%, 10, 0, 9, 322.41
1733790189, 16, 31, 75, 19, 0, 0.07%, 10, 0, 9, 355.50
1733790194, 16, 43, 75, 19, 0, 0.07%, 10, 0, 9, 374.32
1733790204, 16, 51, 75, 19, 0, 0.07%, 10, 0, 9, 340.22
1733790214, 16, 53, 75, 19, 0, 0.07%, 10, 0, 9, 349.00
1733790219, 16, 54, 75, 19, 0, 0.07%, 10, 0, 9, 354.78
1733790224, 16, 55, 75, 19, 0, 0.07%, 10, 0, 9, 333.99
1733790235, 16, 56, 75, 19, 0, 0.07%, 10, 0, 9, 315.61
1733790240, 16, 57, 75, 19, 0, 0.07%, 10, 0, 9, 299.05
1733790250, 16, 58, 75, 19, 0, 0.07%, 10, 0, 9, 338.19
1733790255, 16, 59, 75, 19, 0, 0.07%, 10, 0, 9, 369.67
1733790260, 16, 63, 75, 19, 0, 0.07%, 10, 0, 9, 302.32
1733790270, 16, 64, 75, 19, 0, 0.07%, 10, 0, 9, 339.78
1733790275, 16, 69, 75, 19, 0, 0.07%, 10, 0, 9, 346.75
1733790300, 16, 70, 75, 19, 0, 0.07%, 10, 0, 9, 293.04
1733790331, 16, 71, 75, 19, 0, 0.07%, 10, 0, 9, 242.73
1733790351, 16, 72, 75, 19, 0, 0.07%, 10, 0, 9, 262.51
1733790377, 16, 73, 75, 19, 0, 0.07%, 10, 0, 9, 239.58
1733790397, 16, 74, 75, 19, 0, 0.07%, 10, 0, 9, 291.18
1733790433, 16, 75, 77, 21, 1, 0.08%, 11, 0, 10, 309.27
1733790438, 16, 75, 78, 22, 1, 0.08%, 12, 0, 10, 470.02
1733790469, 16, 75, 79, 23, 1, 0.08%, 12, 0, 10, 531.92
1733790474, 16, 75, 80, 24, 1, 0.08%, 12, 0, 10, 529.25
1733790515, 16, 77, 83, 26, 1, 0.11%, 15, 0, 11, 448.01
1733790525, 16, 77, 84, 27, 1, 0.11%, 15, 0, 11, 458.93
1733790591, 16, 80, 84, 26, 3, 0.11%, 15, 0, 11, 466.68
1733790601, 16, 80, 86, 28, 3, 0.11%, 15, 0, 12, 451.81
1733790627, 16, 80, 87, 29, 3, 0.11%, 15, 0, 12, 507.27
1733790692, 16, 81, 87, 28, 3, 0.11%, 15, 0, 12, 441.37
1733790723, 16, 81, 88, 29, 3, 0.11%, 15, 0, 12, 520.26
1733790790, 16, 82, 89, 29, 2, 0.11%, 16, 0, 12, 432.68
1733790835, 16, 82, 90, 30, 2, 0.11%, 16, 0, 12, 366.45
1733790856, 16, 88, 90, 29, 2, 0.11%, 16, 0, 12, 354.02
1733790861, 16, 88, 91, 30, 2, 0.11%, 16, 0, 13, 442.00
1733790866, 16, 88, 92, 31, 2, 0.11%, 16, 0, 13, 369.70
1733790881, 16, 88, 93, 32, 2, 0.11%, 16, 0, 13, 505.68
1733790957, 16, 89, 96, 34, 2, 0.12%, 17, 0, 13, 277.16
1733791029, 16, 89, 97, 35, 2, 0.13%, 18, 0, 13, 503.29
1733791437, 16, 89, 98, 36, 2, 0.13%, 18, 0, 13, 390.73
1733791452, 16, 89, 99, 37, 2, 0.13%, 18, 0, 13, 489.28
1733791488, 16, 89, 100, 38, 2, 0.13%, 19, 0, 13, 482.86
1733791513, 16, 89, 101, 39, 2, 0.14%, 20, 0, 13, 349.02
1733791528, 16, 99, 101, 38, 5, 0.14%, 20, 0, 13, 276.08
1733791538, 16, 99, 102, 39, 5, 0.14%, 21, 0, 14, 156.21
1733791676, 16, 99, 105, 42, 5, 0.14%, 21, 0, 14, 303.94
1733791681, 16, 99, 106, 43, 5, 0.14%, 21, 0, 14, 319.81
1733791691, 16, 99, 108, 45, 5, 0.14%, 21, 0, 14, 327.16
1733791697, 16, 99, 109, 46, 5, 0.14%, 21, 0, 14, 325.21
1733791707, 16, 99, 110, 47, 5, 0.14%, 21, 0, 14, 325.46
1733791727, 16, 99, 111, 48, 5, 0.14%, 21, 0, 14, 330.66
1733791768, 16, 99, 113, 50, 5, 0.14%, 22, 0, 14, 326.91
1733791773, 16, 99, 114, 51, 5, 0.14%, 22, 0, 14, 337.85
1733791798, 16, 112, 114, 50, 6, 0.14%, 22, 0, 14, 240.38
1733791864, 16, 112, 115, 51, 6, 0.14%, 22, 0, 15, 155.63
1733791982, 16, 112, 116, 52, 6, 0.14%, 22, 0, 15, 305.82
1733791987, 16, 112, 117, 53, 6, 0.14%, 22, 0, 15, 316.62
1733792109, 17, 96, 117, 52, 6, 0.14%, 22, 0, 15, 227.86
1733792114, 17, 96, 119, 54, 6, 0.14%, 23, 0, 15, 342.95
1733792165, 17, 96, 120, 55, 6, 0.14%, 23, 0, 15, 497.72
1733792186, 17, 96, 121, 56, 6, 0.14%, 23, 0, 15, 490.32
1733792661, 17, 100, 121, 55, 6, 0.14%, 23, 0, 15, 385.66
1733792738, 17, 100, 122, 56, 6, 0.15%, 24, 0, 15, 328.90
1733792743, 17, 117, 122, 55, 6, 0.15%, 24, 0, 15, 294.12
1733793266, 17, 117, 123, 56, 6, 0.15%, 24, 0, 15, 486.45
1733793271, 17, 117, 124, 57, 6, 0.15%, 24, 0, 15, 490.25
1733793337, 17, 118, 124, 56, 6, 0.15%, 24, 0, 15, 323.41
1733793394, 17, 118, 125, 57, 6, 0.15%, 24, 0, 15, 464.72
1733793836, 17, 118, 126, 58, 6, 0.15%, 24, 0, 15, 428.50
1733793842, 17, 118, 127, 59, 6, 0.15%, 24, 0, 15, 467.09
1733793928, 17, 121, 127, 58, 5, 0.15%, 24, 0, 15, 306.74
1733794009, 18, 101, 127, 57, 4, 0.15%, 24, 0, 15, 259.26
1733794050, 18, 101, 128, 58, 4, 0.15%, 24, 0, 15, 154.99
1733794161, 18, 101, 129, 59, 4, 0.15%, 24, 0, 15, 328.10
1733794176, 18, 101, 130, 60, 4, 0.15%, 24, 0, 15, 338.37
1733794222, 18, 101, 131, 61, 4, 0.16%, 25, 0, 15, 328.37
1733794267, 18, 130, 131, 60, 4, 0.16%, 25, 0, 15, 262.02
1733794272, 18, 130, 132, 61, 4, 0.16%, 26, 0, 16, 171.32
1733794308, 18, 130, 133, 62, 4, 0.16%, 26, 0, 16, 154.19
1733794394, 18, 130, 134, 63, 4, 0.16%, 26, 0, 16, 328.63
1733794399, 18, 130, 135, 64, 4, 0.16%, 26, 0, 16, 330.69
1733794454, 18, 130, 136, 65, 4, 0.16%, 27, 0, 16, 341.31
1733794511, 18, 131, 136, 64, 5, 0.16%, 27, 0, 16, 273.42
1733794632, 18, 131, 137, 65, 5, 0.16%, 27, 0, 17, 288.25
1733794642, 18, 131, 138, 66, 5, 0.16%, 27, 0, 17, 330.52
1733794692, 18, 131, 139, 67, 5, 0.16%, 27, 0, 17, 338.77
1733794753, 18, 135, 139, 66, 5, 0.16%, 27, 0, 17, 319.17
1733794768, 18, 135, 140, 67, 5, 0.16%, 27, 0, 17, 150.27
1733794773, 18, 135, 141, 68, 5, 0.16%, 28, 0, 17, 148.26
1733794890, 18, 135, 144, 71, 5, 0.16%, 28, 0, 17, 316.80
1733795006, 18, 140, 144, 70, 6, 0.16%, 28, 0, 17, 272.86
1733795107, 18, 140, 145, 71, 6, 0.16%, 28, 0, 18, 154.41
1733795138, 18, 140, 147, 73, 6, 0.16%, 28, 0, 18, 303.34
1733795254, 19, 88, 147, 72, 6, 0.16%, 28, 0, 18, 284.17
1733795280, 19, 90, 147, 72, 6, 0.16%, 28, 0, 18, 469.03
1733795330, 19, 91, 148, 72, 6, 0.16%, 28, 0, 18, 387.82
1733795345, 19, 91, 149, 73, 6, 0.16%, 28, 0, 18, 512.30
1733795406, 19, 92, 149, 72, 5, 0.16%, 28, 0, 18, 468.48
1733795457, 19, 93, 149, 71, 5, 0.16%, 28, 0, 18, 275.40
1733795973, 19, 93, 150, 72, 5, 0.16%, 28, 0, 18, 485.65
1733796023, 19, 121, 150, 71, 5, 0.16%, 28, 0, 18, 313.79
1733796044, 19, 121, 151, 72, 5, 0.16%, 29, 0, 18, 316.41
1733796049, 19, 121, 154, 75, 5, 0.16%, 30, 0, 18, 348.99
1733796054, 19, 121, 160, 81, 5, 0.17%, 31, 0, 18, 383.66
1733796059, 19, 121, 161, 82, 5, 0.17%, 31, 0, 18, 399.38
1733796069, 19, 159, 163, 84, 7, 0.17%, 31, 0, 18, 242.65
1733796171, 19, 159, 165, 86, 7, 0.17%, 31, 0, 18, 324.15
1733796186, 19, 159, 166, 87, 7, 0.17%, 31, 0, 18, 349.27
1733796216, 19, 159, 167, 88, 7, 0.17%, 31, 0, 18, 354.62
1733796237, 19, 159, 168, 89, 7, 0.17%, 31, 0, 18, 355.15
1733796247, 19, 159, 169, 90, 7, 0.17%, 31, 0, 18, 356.49
1733796267, 19, 159, 177, 98, 7, 0.17%, 33, 0, 18, 355.78
1733796283, 19, 159, 181, 102, 7, 0.17%, 34, 0, 18, 348.89
1733796288, 19, 177, 181, 101, 9, 0.17%, 34, 0, 18, 275.88
1733796303, 19, 177, 182, 102, 9, 0.17%, 35, 0, 18, 184.69
1733796446, 19, 177, 183, 103, 9, 0.17%, 36, 0, 18, 182.40
1733796646, 19, 177, 184, 104, 9, 0.17%, 36, 0, 18, 182.60
1733796661, 19, 177, 185, 105, 9, 0.18%, 37, 0, 18, 182.09
1733796773, 19, 177, 188, 108, 9, 0.18%, 38, 0, 18, 259.40
1733796783, 19, 177, 189, 109, 9, 0.18%, 38, 0, 18, 315.73
1733796894, 19, 184, 189, 108, 11, 0.18%, 38, 0, 18, 356.65
1733796941, 19, 184, 200, 119, 11, 0.20%, 49, 0, 18, 183.56
1733797268, 19, 184, 201, 120, 11, 0.20%, 49, 0, 18, 182.16
1733797396, 19, 184, 203, 122, 11, 0.20%, 49, 0, 18, 317.69
1733797421, 19, 184, 204, 123, 11, 0.20%, 49, 0, 18, 323.05
1733797467, 19, 184, 205, 124, 11, 0.20%, 49, 0, 18, 323.63
1733797482, 19, 184, 206, 125, 11, 0.20%, 49, 0, 18, 383.71
1733797498, 19, 189, 206, 124, 22, 0.20%, 49, 0, 18, 217.35
1733797539, 19, 189, 207, 125, 22, 0.20%, 50, 0, 19, 183.08
1733797682, 19, 189, 210, 128, 22, 0.21%, 53, 0, 19, 182.64
1733797785, 19, 189, 211, 129, 22, 0.21%, 54, 0, 19, 183.46
1733797867, 19, 189, 225, 143, 22, 0.23%, 68, 0, 19, 193.38
1733798009, 19, 189, 226, 144, 22, 0.23%, 68, 0, 19, 286.97
1733798015, 19, 189, 227, 145, 22, 0.23%, 68, 0, 19, 317.54
1733798116, 19, 189, 228, 146, 22, 0.23%, 68, 0, 19, 348.81
1733798121, 19, 189, 229, 147, 22, 0.23%, 69, 0, 19, 411.02
1733798132, 19, 190, 229, 146, 43, 0.23%, 69, 0, 19, 263.83
1733798173, 19, 190, 230, 147, 43, 0.23%, 70, 0, 19, 184.21
1733798270, 19, 190, 231, 148, 43, 0.24%, 71, 0, 19, 182.31
1733798643, 19, 190, 232, 149, 43, 0.24%, 71, 0, 19, 289.01
1733798648, 19, 190, 233, 150, 43, 0.24%, 71, 0, 19, 316.76
1733798699, 19, 190, 234, 151, 43, 0.24%, 71, 0, 19, 329.08
1733798749, 19, 190, 238, 155, 43, 0.24%, 71, 0, 19, 353.23
1733798754, 19, 190, 239, 156, 43, 0.24%, 71, 0, 19, 337.52
1733798770, 19, 229, 239, 155, 43, 0.24%, 71, 0, 19, 208.84
1733798811, 19, 229, 241, 157, 43, 0.24%, 73, 0, 20, 184.18
1733799281, 19, 229, 243, 159, 43, 0.24%, 73, 0, 20, 293.56
1733799357, 19, 229, 244, 160, 43, 0.24%, 74, 0, 20, 327.43
1733799403, 19, 230, 244, 159, 45, 0.24%, 74, 0, 20, 215.04
1733799531, 19, 230, 245, 160, 45, 0.24%, 75, 0, 20, 181.79
1733799899, 19, 230, 247, 162, 45, 0.24%, 75, 0, 20, 299.92
1733800020, 19, 239, 247, 161, 45, 0.24%, 75, 0, 20, 284.10
1733800066, 19, 239, 248, 162, 45, 0.24%, 76, 0, 21, 183.28
1733800532, 19, 239, 249, 163, 45, 0.24%, 76, 0, 21, 238.68
1733800537, 19, 239, 250, 164, 45, 0.24%, 76, 0, 21, 307.11
1733800633, 19, 239, 251, 165, 45, 0.24%, 76, 0, 21, 318.34
1733800648, 19, 239, 252, 166, 45, 0.24%, 76, 0, 21, 341.69
1733800653, 19, 240, 252, 165, 45, 0.24%, 76, 0, 21, 290.96
1733800700, 19, 240, 253, 166, 45, 0.25%, 77, 0, 21, 183.34
1733801165, 19, 240, 254, 167, 45, 0.25%, 77, 0, 21, 246.82
1733801170, 19, 240, 255, 168, 45, 0.25%, 77, 0, 21, 311.25
1733801287, 19, 240, 256, 169, 45, 0.25%, 77, 0, 21, 316.91
1733801293, 19, 243, 256, 168, 45, 0.25%, 77, 0, 21, 220.23
1733801721, 19, 243, 257, 169, 45, 0.25%, 77, 0, 21, 248.52
1733801732, 19, 243, 258, 170, 45, 0.25%, 78, 0, 21, 325.99
1733801737, 19, 243, 259, 171, 45, 0.25%, 78, 0, 21, 326.89
1733801827, 19, 243, 260, 172, 45, 0.25%, 78, 0, 21, 337.09
1733801848, 19, 252, 260, 171, 45, 0.25%, 78, 0, 21, 230.79
1733801889, 19, 252, 261, 172, 45, 0.25%, 79, 0, 22, 185.01
1733802359, 19, 252, 262, 173, 45, 0.25%, 79, 0, 22, 298.42
1733802375, 19, 252, 263, 174, 45, 0.25%, 79, 0, 22, 331.79
1733802476, 19, 252, 264, 175, 45, 0.25%, 79, 0, 22, 325.87
1733802481, 19, 260, 264, 174, 45, 0.25%, 79, 0, 22, 304.40
1733802992, 19, 260, 265, 175, 45, 0.25%, 79, 0, 23, 261.90
1733802998, 19, 260, 266, 176, 45, 0.25%, 79, 0, 23, 308.31
1733803114, 19, 260, 267, 177, 45, 0.25%, 79, 0, 23, 298.49
1733803119, 20, 228, 267, 176, 44, 0.25%, 79, 0, 23, 286.27
1733803201, 20, 228, 268, 177, 44, 0.25%, 79, 0, 23, 362.81
1733803272, 20, 247, 268, 176, 43, 0.25%, 79, 0, 23, 324.83
