# unix_time, cycles_done, cur_path, paths_total, pending_total, pending_favs, map_size, unique_crashes, unique_hangs, max_depth, execs_per_sec
1735106335, 0, 0, 10, 10, 1, 0.00%, 0, 0, 1, 175.44
1735106341, 0, 2, 10, 10, 1, 0.00%, 0, 0, 1, 201.36
1735106346, 0, 3, 10, 9, 0, 0.00%, 0, 0, 1, 211.16
1735106351, 0, 4, 10, 8, 0, 0.00%, 0, 0, 1, 204.79
1735106361, 0, 5, 10, 7, 0, 0.00%, 0, 0, 1, 209.42
1735106366, 0, 6, 10, 6, 0, 0.00%, 0, 0, 1, 198.39
1735106376, 0, 7, 10, 5, 0, 0.00%, 0, 0, 1, 210.00
1735106381, 0, 8, 10, 4, 0, 0.00%, 0, 0, 1, 195.25
1735106392, 0, 9, 10, 3, 0, 0.00%, 0, 0, 1, 212.15
1735106397, 1, 0, 10, 2, 0, 0.00%, 0, 0, 1, 212.24
1735106407, 1, 1, 10, 1, 0, 0.00%, 0, 0, 1, 209.99
1735106417, 1, 2, 10, 0, 0, 0.00%, 0, 0, 1, 212.62
1735106427, 1, 4, 10, 0, 0, 0.00%, 0, 0, 1, 208.16
1735106432, 1, 5, 10, 0, 0, 0.00%, 0, 0, 1, 208.11
1735106437, 1, 6, 10, 0, 0, 0.00%, 0, 0, 1, 208.14
1735106442, 1, 8, 10, 0, 0, 0.00%, 0, 0, 1, 207.77
1735106447, 1, 9, 10, 0, 0, 0.00%, 0, 0, 1, 210.60
1735106452, 2, 1, 10, 0, 0, 0.00%, 0, 0, 1, 212.16
1735106457, 2, 2, 10, 0, 0, 0.00%, 0, 0, 1, 212.99
1735106463, 2, 4, 10, 0, 0, 0.00%, 0, 0, 1, 211.83
1735106468, 2, 5, 10, 0, 0, 0.00%, 0, 0, 1, 208.18
1735106473, 2, 6, 10, 0, 0, 0.00%, 0, 0, 1, 209.59
1735106478, 2, 8, 10, 0, 0, 0.00%, 0, 0, 1, 206.43
1735106483, 2, 9, 10, 0, 0, 0.00%, 0, 0, 1, 208.56
1735106488, 3, 1, 10, 0, 0, 0.00%, 0, 0, 1, 207.87
1735106493, 3, 2, 10, 0, 0, 0.00%, 0, 0, 1, 207.02
1735106498, 3, 4, 10, 0, 0, 0.00%, 0, 0, 1, 205.82
1735106503, 3, 5, 10, 0, 0, 0.00%, 0, 0, 1, 210.17
1735106509, 3, 6, 10, 0, 0, 0.00%, 0, 0, 1, 205.05
1735106514, 3, 8, 10, 0, 0, 0.00%, 0, 0, 1, 204.05
1735106519, 3, 10, 11, 1, 1, 0.05%, 1, 0, 2, 227.55
1735106529, 3, 10, 12, 2, 1, 0.05%, 2, 0, 3, 236.03
1735106586, 3, 11, 14, 3, 1, 0.05%, 3, 0, 4, 261.57
1735106591, 3, 11, 16, 5, 1, 0.05%, 3, 0, 4, 277.09
1735106596, 3, 11, 18, 7, 1, 0.05%, 4, 0, 4, 279.94
1735106601, 3, 11, 19, 8, 1, 0.05%, 4, 0, 4, 277.92
1735106606, 3, 11, 21, 10, 1, 0.06%, 6, 0, 4, 280.98
1735106678, 3, 11, 23, 12, 1, 0.06%, 6, 0, 4, 233.27
1735106683, 3, 19, 25, 13, 4, 0.06%, 7, 0, 5, 375.16
1735106693, 3, 19, 26, 14, 4, 0.06%, 7, 0, 5, 484.91
1735106724, 3, 19, 27, 15, 4, 0.06%, 7, 0, 5, 481.67
1735106734, 3, 19, 28, 16, 4, 0.06%, 8, 0, 5, 381.97
1735106739, 3, 19, 29, 17, 4, 0.06%, 9, 0, 5, 304.78
1735106744, 3, 24, 29, 16, 6, 0.06%, 9, 0, 5, 258.93
1735106749, 3, 24, 30, 17, 6, 0.06%, 9, 0, 6, 448.39
1735106769, 3, 24, 31, 18, 6, 0.06%, 9, 0, 6, 488.98
1735106790, 3, 24, 32, 19, 6, 0.06%, 9, 0, 6, 491.68
1735106795, 3, 24, 33, 20, 6, 0.06%, 9, 0, 6, 468.11
1735106810, 3, 27, 33, 19, 5, 0.06%, 9, 0, 6, 417.80
1735106815, 3, 27, 34, 20, 5, 0.06%, 9, 0, 6, 409.25
1735106820, 3, 27, 35, 21, 5, 0.06%, 9, 0, 6, 472.40
1735106841, 3, 27, 36, 22, 5, 0.06%, 9, 0, 6, 486.50
1735106866, 3, 27, 39, 25, 5, 0.06%, 9, 0, 6, 359.05
1735106882, 3, 28, 39, 24, 4, 0.06%, 9, 0, 6, 329.45
1735106922, 4, 13, 42, 26, 4, 0.06%, 9, 0, 6, 348.25
1735106943, 4, 13, 44, 28, 4, 0.06%, 9, 0, 6, 427.41
1735106958, 4, 13, 45, 29, 4, 0.06%, 9, 0, 6, 421.44
1735106999, 4, 20, 46, 29, 4, 0.06%, 9, 0, 6, 410.75
1735107024, 4, 21, 46, 28, 4, 0.06%, 9, 0, 6, 368.73
1735107034, 4, 21, 47, 29, 4, 0.06%, 9, 0, 6, 328.20
1735107039, 4, 22, 47, 28, 3, 0.06%, 9, 0, 6, 337.19
1735107060, 4, 24, 47, 27, 3, 0.06%, 9, 0, 6, 343.44
1735107070, 4, 28, 47, 27, 3, 0.06%, 9, 0, 6, 269.63
1735107080, 4, 29, 47, 27, 3, 0.06%, 9, 0, 6, 338.86
1735107095, 4, 29, 48, 28, 3, 0.06%, 9, 0, 7, 306.42
1735107100, 4, 30, 49, 28, 3, 0.06%, 9, 0, 7, 462.58
1735107105, 4, 30, 50, 29, 3, 0.06%, 9, 0, 7, 512.40
1735107120, 4, 31, 51, 29, 2, 0.06%, 9, 0, 7, 322.97
1735107131, 4, 31, 52, 30, 2, 0.06%, 9, 0, 7, 471.79
1735107136, 4, 31, 53, 31, 2, 0.06%, 9, 0, 7, 478.16
1735107151, 4, 31, 54, 32, 2, 0.06%, 9, 0, 7, 472.40
1735107201, 4, 32, 54, 31, 2, 0.06%, 9, 0, 7, 463.92
1735107221, 4, 33, 54, 30, 2, 0.06%, 9, 0, 7, 404.59
1735107242, 4, 34, 54, 29, 2, 0.06%, 9, 0, 7, 331.60
1735107262, 4, 34, 55, 30, 2, 0.06%, 9, 0, 7, 381.63
1735107267, 4, 34, 57, 32, 2, 0.06%, 9, 0, 7, 336.48
1735107272, 4, 36, 57, 31, 2, 0.06%, 9, 0, 7, 385.21
1735107287, 4, 37, 57, 30, 2, 0.06%, 9, 0, 7, 334.44
1735107308, 4, 47, 57, 29, 1, 0.06%, 9, 0, 7, 413.94
1735107334, 4, 47, 59, 31, 1, 0.06%, 9, 0, 8, 505.99
1735107354, 4, 47, 60, 32, 1, 0.06%, 9, 0, 8, 486.25
1735107359, 4, 47, 61, 33, 1, 0.06%, 9, 0, 8, 493.84
1735107364, 4, 47, 62, 34, 1, 0.06%, 9, 0, 8, 491.66
1735107395, 4, 47, 63, 35, 1, 0.06%, 9, 0, 8, 486.01
1735107415, 4, 48, 63, 34, 2, 0.06%, 9, 0, 8, 457.21
1735107441, 4, 48, 64, 35, 2, 0.06%, 9, 0, 8, 336.30
1735107446, 4, 49, 65, 35, 2, 0.06%, 9, 0, 8, 324.73
1735107502, 4, 50, 65, 34, 2, 0.06%, 9, 0, 8, 364.57
1735107553, 4, 51, 65, 33, 2, 0.06%, 9, 0, 8, 419.59
1735107593, 4, 52, 65, 32, 2, 0.06%, 9, 0, 8, 303.10
1735107650, 4, 52, 66, 33, 2, 0.06%, 9, 0, 8, 485.60
1735107690, 4, 53, 66, 32, 2, 0.06%, 9, 0, 8, 333.98
1735107731, 4, 53, 68, 34, 2, 0.06%, 9, 0, 8, 536.50
1735107746, 4, 53, 69, 35, 2, 0.06%, 9, 0, 8, 540.94
1735107960, 4, 57, 69, 34, 2, 0.06%, 9, 0, 8, 455.79
1735108006, 4, 58, 69, 33, 2, 0.06%, 9, 0, 8, 348.82
1735108072, 5, 20, 69, 32, 1, 0.06%, 9, 0, 8, 369.96
1735108082, 5, 36, 69, 32, 1, 0.06%, 9, 0, 8, 345.03
1735108087, 5, 37, 69, 32, 1, 0.06%, 9, 0, 8, 358.16
1735108097, 5, 38, 69, 32, 1, 0.06%, 9, 0, 8, 285.23
1735108123, 5, 39, 69, 31, 1, 0.06%, 9, 0, 8, 446.17
1735108163, 5, 40, 69, 30, 1, 0.06%, 9, 0, 8, 325.13
1735108199, 5, 41, 69, 29, 1, 0.06%, 9, 0, 8, 386.14
1735108224, 5, 41, 70, 30, 1, 0.06%, 9, 0, 8, 301.53
1735108235, 5, 45, 70, 29, 1, 0.06%, 9, 0, 8, 480.21
1735108265, 5, 45, 72, 31, 1, 0.06%, 9, 0, 8, 486.28
1735108443, 5, 47, 72, 30, 1, 0.06%, 9, 0, 8, 328.64
1735108448, 5, 48, 72, 30, 1, 0.06%, 9, 0, 8, 391.61
1735108454, 5, 49, 72, 30, 1, 0.06%, 9, 0, 8, 445.04
1735108479, 5, 50, 72, 30, 1, 0.06%, 9, 0, 8, 465.78
1735108489, 5, 54, 72, 30, 1, 0.06%, 9, 0, 8, 377.04
1735108540, 5, 57, 72, 29, 1, 0.06%, 9, 0, 8, 334.45
1735108545, 5, 58, 72, 29, 1, 0.06%, 9, 0, 8, 313.19
1735108550, 5, 59, 72, 29, 1, 0.06%, 9, 0, 8, 321.15
1735108607, 5, 59, 73, 30, 1, 0.06%, 9, 0, 9, 455.63
1735108673, 5, 60, 73, 29, 1, 0.06%, 9, 0, 9, 312.50
1735108770, 5, 61, 73, 28, 1, 0.06%, 9, 0, 9, 431.56
1735108893, 5, 62, 73, 27, 1, 0.06%, 9, 0, 9, 430.74
1735108969, 5, 64, 73, 26, 1, 0.06%, 9, 0, 9, 453.95
1735109015, 5, 65, 73, 25, 1, 0.06%, 9, 0, 9, 451.16
1735109092, 5, 72, 73, 24, 1, 0.06%, 9, 0, 9, 349.58
1735109194, 6, 13, 73, 23, 1, 0.06%, 9, 0, 9, 379.04
1735109199, 6, 16, 73, 23, 1, 0.06%, 9, 0, 9, 326.68
1735109215, 6, 17, 73, 22, 1, 0.06%, 9, 0, 9, 311.14
1735109235, 6, 20, 73, 21, 0, 0.06%, 9, 0, 9, 366.75
1735109245, 6, 21, 73, 21, 0, 0.06%, 9, 0, 9, 343.08
1735109255, 6, 22, 73, 21, 0, 0.06%, 9, 0, 9, 324.81
1735109260, 6, 27, 74, 22, 0, 0.06%, 9, 0, 9, 316.25
1735109271, 6, 28, 74, 22, 0, 0.06%, 9, 0, 9, 301.52
1735109281, 6, 30, 74, 22, 0, 0.06%, 9, 0, 9, 407.17
1735109291, 6, 33, 74, 22, 0, 0.06%, 9, 0, 9, 359.59
1735109296, 6, 34, 74, 22, 0, 0.06%, 9, 0, 9, 380.31
1735109321, 6, 35, 74, 22, 0, 0.06%, 9, 0, 9, 448.11
1735109342, 6, 36, 74, 21, 0, 0.06%, 9, 0, 9, 411.24
1735109352, 6, 37, 74, 21, 0, 0.06%, 9, 0, 9, 355.33
1735109362, 6, 38, 74, 21, 0, 0.06%, 9, 0, 9, 336.62
1735109378, 6, 39, 74, 21, 0, 0.06%, 9, 0, 9, 333.56
1735109393, 6, 41, 74, 21, 0, 0.06%, 9, 0, 9, 323.44
1735109398, 6, 42, 74, 21, 0, 0.06%, 9, 0, 9, 333.63
1735109438, 6, 42, 75, 22, 0, 0.06%, 9, 0, 9, 384.04
1735109484, 6, 43, 75, 21, 0, 0.06%, 9, 0, 9, 304.31
1735109571, 6, 43, 76, 22, 0, 0.06%, 9, 0, 9, 429.65
1735109606, 6, 45, 76, 21, 0, 0.06%, 9, 0, 9, 343.14
1735109617, 6, 46, 76, 21, 0, 0.06%, 9, 0, 9, 410.07
1735109733, 6, 47, 76, 20, 0, 0.06%, 9, 0, 9, 326.21
1735109739, 6, 48, 76, 20, 0, 0.06%, 9, 0, 9, 364.03
1735109744, 6, 49, 76, 20, 0, 0.06%, 9, 0, 9, 364.85
1735109749, 6, 50, 76, 20, 0, 0.06%, 9, 0, 9, 332.61
1735109754, 6, 54, 76, 20, 0, 0.06%, 9, 0, 9, 341.89
1735109759, 6, 55, 76, 20, 0, 0.06%, 9, 0, 9, 377.88
1735109865, 6, 56, 76, 19, 0, 0.06%, 9, 0, 9, 399.15
1735109896, 6, 57, 76, 18, 0, 0.06%, 9, 0, 9, 373.49
1735109906, 6, 58, 76, 18, 0, 0.06%, 9, 0, 9, 328.55
1735109911, 6, 59, 76, 18, 0, 0.06%, 9, 0, 9, 389.70
1735109916, 6, 60, 76, 18, 0, 0.06%, 9, 0, 9, 344.28
1735109967, 6, 61, 76, 18, 0, 0.06%, 9, 0, 9, 407.18
1735109983, 6, 62, 76, 18, 0, 0.06%, 9, 0, 9, 455.63
1735110018, 6, 64, 76, 18, 0, 0.06%, 9, 0, 9, 404.68
1735110033, 6, 70, 76, 18, 0, 0.06%, 9, 0, 9, 411.67
1735110145, 6, 72, 76, 17, 0, 0.06%, 9, 0, 9, 422.74
1735110160, 7, 28, 76, 17, 0, 0.06%, 9, 0, 9, 288.00
1735110166, 7, 30, 76, 17, 0, 0.06%, 9, 0, 9, 372.82
1735110171, 7, 47, 76, 17, 0, 0.06%, 9, 0, 9, 370.93
1735110176, 7, 48, 76, 17, 0, 0.06%, 9, 0, 9, 353.57
1735110181, 7, 49, 76, 17, 0, 0.06%, 9, 0, 9, 369.02
1735110186, 7, 50, 76, 17, 0, 0.06%, 9, 0, 9, 322.24
1735110191, 7, 57, 76, 17, 0, 0.06%, 9, 0, 9, 330.30
1735110196, 7, 58, 76, 17, 0, 0.06%, 9, 0, 9, 316.74
1735110201, 7, 59, 76, 17, 0, 0.06%, 9, 0, 9, 309.38
1735110211, 7, 60, 76, 17, 0, 0.06%, 9, 0, 9, 359.28
1735110216, 7, 61, 76, 17, 0, 0.06%, 9, 0, 9, 329.33
1735110226, 7, 62, 76, 17, 0, 0.06%, 9, 0, 9, 356.36
1735110231, 7, 64, 76, 17, 0, 0.06%, 9, 0, 9, 377.46
1735110236, 7, 72, 76, 17, 0, 0.06%, 9, 0, 9, 326.15
1735110247, 8, 28, 76, 17, 0, 0.06%, 9, 0, 9, 300.07
1735110252, 8, 30, 76, 17, 0, 0.06%, 9, 0, 9, 338.78
1735110257, 8, 48, 76, 17, 0, 0.06%, 9, 0, 9, 376.49
1735110262, 8, 49, 76, 17, 0, 0.06%, 9, 0, 9, 379.93
1735110267, 8, 50, 76, 17, 0, 0.06%, 9, 0, 9, 338.22
1735110272, 8, 57, 76, 17, 0, 0.06%, 9, 0, 9, 387.08
1735110277, 8, 58, 76, 17, 0, 0.06%, 9, 0, 9, 326.33
1735110287, 8, 59, 76, 17, 0, 0.06%, 9, 0, 9, 374.89
1735110293, 8, 60, 76, 17, 0, 0.06%, 9, 0, 9, 364.02
1735110303, 8, 61, 76, 17, 0, 0.06%, 9, 0, 9, 373.67
1735110308, 8, 62, 76, 17, 0, 0.06%, 9, 0, 9, 405.40
1735110313, 8, 64, 76, 17, 0, 0.06%, 9, 0, 9, 387.93
1735110323, 8, 72, 76, 17, 0, 0.06%, 9, 0, 9, 356.34
1735110328, 9, 28, 76, 17, 0, 0.06%, 9, 0, 9, 317.08
1735110334, 9, 30, 76, 17, 0, 0.06%, 9, 0, 9, 343.15
1735110339, 9, 47, 76, 17, 0, 0.06%, 9, 0, 9, 350.91
1735110344, 9, 49, 76, 17, 0, 0.06%, 9, 0, 9, 368.81
1735110349, 9, 50, 76, 17, 0, 0.06%, 9, 0, 9, 368.95
1735110354, 9, 57, 76, 17, 0, 0.06%, 9, 0, 9, 367.65
1735110364, 9, 58, 76, 17, 0, 0.06%, 9, 0, 9, 310.10
1735110369, 9, 59, 76, 17, 0, 0.06%, 9, 0, 9, 374.10
1735110374, 9, 60, 76, 17, 0, 0.06%, 9, 0, 9, 355.87
1735110384, 9, 61, 76, 17, 0, 0.06%, 9, 0, 9, 389.16
1735110389, 9, 62, 76, 17, 0, 0.06%, 9, 0, 9, 367.58
1735110400, 9, 64, 76, 17, 0, 0.06%, 9, 0, 9, 364.79
1735110405, 9, 72, 76, 17, 0, 0.06%, 9, 0, 9, 363.08
1735110410, 10, 28, 76, 17, 0, 0.06%, 9, 0, 9, 314.54
1735110415, 10, 30, 76, 17, 0, 0.06%, 9, 0, 9, 372.23
1735110420, 10, 47, 76, 17, 0, 0.06%, 9, 0, 9, 377.77
1735110425, 10, 48, 76, 17, 0, 0.06%, 9, 0, 9, 351.78
1735110430, 10, 49, 76, 17, 0, 0.06%, 9, 0, 9, 368.06
1735110435, 10, 50, 76, 17, 0, 0.06%, 9, 0, 9, 320.03
1735110440, 10, 57, 76, 17, 0, 0.06%, 9, 0, 9, 343.86
1735110446, 10, 58, 76, 17, 0, 0.06%, 9, 0, 9, 314.01
1735110451, 10, 59, 76, 17, 0, 0.06%, 9, 0, 9, 305.49
1735110461, 10, 60, 76, 17, 0, 0.06%, 9, 0, 9, 393.32
1735110466, 10, 61, 76, 17, 0, 0.06%, 9, 0, 9, 334.46
1735110476, 10, 62, 76, 17, 0, 0.06%, 9, 0, 9, 359.39
1735110481, 10, 64, 76, 17, 0, 0.06%, 9, 0, 9, 402.95
1735110486, 10, 72, 76, 17, 0, 0.06%, 9, 0, 9, 344.25
1735110496, 11, 28, 76, 17, 0, 0.06%, 9, 0, 9, 300.59
1735110501, 11, 30, 76, 17, 0, 0.06%, 9, 0, 9, 346.81
1735110506, 11, 47, 76, 17, 0, 0.06%, 9, 0, 9, 345.18
1735110511, 11, 49, 76, 17, 0, 0.06%, 9, 0, 9, 317.91
1735110516, 11, 50, 76, 17, 0, 0.06%, 9, 0, 9, 348.20
1735110521, 11, 57, 76, 17, 0, 0.06%, 9, 0, 9, 362.77
1735110532, 11, 58, 76, 17, 0, 0.06%, 9, 0, 9, 298.52
1735110537, 11, 59, 76, 17, 0, 0.06%, 9, 0, 9, 366.46
1735110542, 11, 60, 76, 17, 0, 0.06%, 9, 0, 9, 335.81
1735110552, 11, 61, 76, 17, 0, 0.06%, 9, 0, 9, 404.64
1735110557, 11, 62, 76, 17, 0, 0.06%, 9, 0, 9, 327.03
1735110567, 11, 64, 76, 17, 0, 0.06%, 9, 0, 9, 373.65
1735110572, 11, 72, 76, 17, 0, 0.06%, 9, 0, 9, 402.61
1735110577, 12, 28, 76, 17, 0, 0.06%, 9, 0, 9, 327.20
1735110582, 12, 30, 76, 17, 0, 0.06%, 9, 0, 9, 321.79
1735110587, 12, 47, 76, 17, 0, 0.06%, 9, 0, 9, 352.89
1735110593, 12, 48, 76, 17, 0, 0.06%, 9, 0, 9, 368.77
1735110598, 12, 49, 76, 17, 0, 0.06%, 9, 0, 9, 367.45
1735110603, 12, 50, 76, 17, 0, 0.06%, 9, 0, 9, 322.65
1735110608, 12, 57, 76, 17, 0, 0.06%, 9, 0, 9, 364.41
1735110613, 12, 58, 76, 17, 0, 0.06%, 9, 0, 9, 314.56
1735110623, 12, 59, 76, 17, 0, 0.06%, 9, 0, 9, 373.03
1735110628, 12, 60, 76, 17, 0, 0.06%, 9, 0, 9, 383.44
1735110633, 12, 61, 76, 17, 0, 0.06%, 9, 0, 9, 367.33
1735110643, 12, 62, 76, 17, 0, 0.06%, 9, 0, 9, 397.45
1735110648, 12, 64, 76, 17, 0, 0.06%, 9, 0, 9, 354.57
1735110658, 12, 72, 76, 17, 0, 0.06%, 9, 0, 9, 362.82
1735110663, 13, 28, 76, 17, 0, 0.06%, 9, 0, 9, 304.85
1735110668, 13, 30, 76, 17, 0, 0.06%, 9, 0, 9, 340.34
1735110674, 13, 47, 76, 17, 0, 0.06%, 9, 0, 9, 347.44
1735110679, 13, 48, 76, 17, 0, 0.06%, 9, 0, 9, 344.79
1735110684, 13, 49, 76, 17, 0, 0.06%, 9, 0, 9, 335.81
1735110689, 13, 50, 76, 17, 0, 0.06%, 9, 0, 9, 326.44
1735110694, 13, 57, 76, 17, 0, 0.06%, 9, 0, 9, 343.52
1735110699, 13, 58, 76, 17, 0, 0.06%, 9, 0, 9, 328.24
1735110704, 13, 59, 76, 17, 0, 0.06%, 9, 0, 9, 330.60
1735110714, 13, 60, 76, 17, 0, 0.06%, 9, 0, 9, 369.86
1735110719, 13, 61, 76, 17, 0, 0.06%, 9, 0, 9, 354.28
1735110729, 13, 62, 76, 17, 0, 0.06%, 9, 0, 9, 341.63
1735110734, 13, 64, 76, 17, 0, 0.06%, 9, 0, 9, 381.66
1735110740, 13, 72, 76, 17, 0, 0.06%, 9, 0, 9, 321.39
1735110750, 14, 28, 76, 17, 0, 0.06%, 9, 0, 9, 301.47
1735110755, 14, 30, 76, 17, 0, 0.06%, 9, 0, 9, 354.85
1735110760, 14, 48, 76, 17, 0, 0.06%, 9, 0, 9, 362.09
1735110765, 14, 49, 76, 17, 0, 0.06%, 9, 0, 9, 373.62
1735110770, 14, 50, 76, 17, 0, 0.06%, 9, 0, 9, 345.93
1735110775, 14, 57, 76, 17, 0, 0.06%, 9, 0, 9, 388.62
1735110780, 14, 58, 76, 17, 0, 0.06%, 9, 0, 9, 329.79
1735110790, 14, 59, 76, 17, 0, 0.06%, 9, 0, 9, 377.25
1735110795, 14, 60, 76, 17, 0, 0.06%, 9, 0, 9, 336.04
1735110805, 14, 61, 76, 17, 0, 0.06%, 9, 0, 9, 385.40
1735110811, 14, 62, 76, 17, 0, 0.06%, 9, 0, 9, 393.08
1735110816, 14, 64, 76, 17, 0, 0.06%, 9, 0, 9, 361.06
1735110826, 14, 72, 76, 17, 0, 0.06%, 9, 0, 9, 364.31
1735110831, 15, 28, 76, 17, 0, 0.06%, 9, 0, 9, 315.03
1735110836, 15, 30, 76, 17, 0, 0.06%, 9, 0, 9, 352.71
1735110841, 15, 47, 76, 17, 0, 0.06%, 9, 0, 9, 342.43
1735110846, 15, 48, 76, 17, 0, 0.06%, 9, 0, 9, 358.10
1735110851, 15, 49, 76, 17, 0, 0.06%, 9, 0, 9, 359.44
1735110856, 15, 50, 76, 17, 0, 0.06%, 9, 0, 9, 332.53
1735110861, 15, 57, 76, 17, 0, 0.06%, 9, 0, 9, 345.58
1735110866, 15, 58, 76, 17, 0, 0.06%, 9, 0, 9, 310.24
1735110871, 15, 59, 76, 17, 0, 0.06%, 9, 0, 9, 310.47
1735110881, 15, 60, 76, 17, 0, 0.06%, 9, 0, 9, 388.54
1735110886, 15, 61, 76, 17, 0, 0.06%, 9, 0, 9, 416.31
1735110968, 15, 62, 76, 17, 0, 0.06%, 9, 0, 9, 389.31
1735110973, 15, 63, 76, 17, 0, 0.06%, 9, 0, 9, 360.22
1735111116, 15, 64, 76, 16, 0, 0.06%, 9, 0, 9, 410.11
1735111132, 15, 65, 76, 16, 0, 0.06%, 9, 0, 9, 350.41
1735111193, 15, 66, 76, 16, 0, 0.06%, 9, 0, 9, 367.15
1735111316, 15, 67, 76, 15, 0, 0.06%, 9, 0, 9, 287.08
1735111448, 15, 68, 76, 14, 0, 0.06%, 9, 0, 9, 396.39
1735111642, 15, 69, 76, 13, 0, 0.06%, 9, 0, 9, 276.36
1735111754, 15, 70, 76, 12, 0, 0.06%, 9, 0, 9, 358.35
1735111764, 15, 71, 76, 12, 0, 0.06%, 9, 0, 9, 392.60
1735111870, 15, 72, 76, 11, 0, 0.06%, 9, 0, 9, 354.73
1735111881, 16, 20, 76, 11, 0, 0.06%, 9, 0, 9, 349.79
1735111886, 16, 27, 76, 11, 0, 0.06%, 9, 0, 9, 334.06
1735111891, 16, 28, 76, 11, 0, 0.06%, 9, 0, 9, 279.40
1735111901, 16, 33, 76, 11, 0, 0.06%, 9, 0, 9, 375.13
1735111911, 16, 34, 76, 11, 0, 0.06%, 9, 0, 9, 395.17
1735111921, 16, 35, 76, 11, 0, 0.06%, 9, 0, 9, 371.11
1735111932, 16, 37, 76, 11, 0, 0.06%, 9, 0, 9, 329.59
1735111937, 16, 38, 76, 11, 0, 0.06%, 9, 0, 9, 314.60
1735111947, 16, 45, 76, 11, 0, 0.06%, 9, 0, 9, 326.24
1735111957, 16, 46, 76, 11, 0, 0.06%, 9, 0, 9, 335.98
1735111962, 16, 47, 76, 11, 0, 0.06%, 9, 0, 9, 346.84
1735111967, 16, 48, 76, 11, 0, 0.06%, 9, 0, 9, 355.37
1735111972, 16, 49, 76, 11, 0, 0.06%, 9, 0, 9, 342.34
1735111977, 16, 50, 76, 11, 0, 0.06%, 9, 0, 9, 315.36
1735111982, 16, 55, 76, 11, 0, 0.06%, 9, 0, 9, 342.77
1735111993, 16, 57, 76, 11, 0, 0.06%, 9, 0, 9, 375.37
1735112003, 16, 58, 76, 11, 0, 0.06%, 9, 0, 9, 295.96
1735112008, 16, 59, 76, 11, 0, 0.06%, 9, 0, 9, 358.76
1735112013, 16, 60, 76, 11, 0, 0.06%, 9, 0, 9, 365.43
1735112023, 16, 61, 76, 11, 0, 0.06%, 9, 0, 9, 386.53
1735112033, 16, 62, 76, 11, 0, 0.06%, 9, 0, 9, 353.05
1735112038, 16, 64, 76, 11, 0, 0.06%, 9, 0, 9, 366.54
1735112043, 16, 65, 76, 11, 0, 0.06%, 9, 0, 9, 387.71
1735112053, 16, 70, 76, 11, 0, 0.06%, 9, 0, 9, 340.39
1735112058, 16, 71, 76, 11, 0, 0.06%, 9, 0, 9, 354.26
1735112068, 16, 72, 76, 11, 0, 0.06%, 9, 0, 9, 373.20
1735112074, 17, 20, 76, 11, 0, 0.06%, 9, 0, 9, 335.92
1735112079, 17, 27, 76, 11, 0, 0.06%, 9, 0, 9, 343.80
1735112084, 17, 28, 76, 11, 0, 0.06%, 9, 0, 9, 304.55
1735112089, 17, 33, 76, 11, 0, 0.06%, 9, 0, 9, 332.95
1735112094, 17, 34, 76, 11, 0, 0.06%, 9, 0, 9, 339.57
1735112099, 17, 35, 76, 11, 0, 0.06%, 9, 0, 9, 381.07
1735112109, 17, 36, 76, 11, 0, 0.06%, 9, 0, 9, 347.42
1735112114, 17, 37, 76, 11, 0, 0.06%, 9, 0, 9, 334.05
1735112119, 17, 38, 76, 11, 0, 0.06%, 9, 0, 9, 289.23
1735112124, 17, 45, 76, 11, 0, 0.06%, 9, 0, 9, 341.92
1735112129, 17, 46, 76, 11, 0, 0.06%, 9, 0, 9, 338.61
1735112134, 17, 47, 76, 11, 0, 0.06%, 9, 0, 9, 336.38
1735112139, 17, 48, 76, 11, 0, 0.06%, 9, 0, 9, 356.93
1735112144, 17, 49, 76, 11, 0, 0.06%, 9, 0, 9, 384.91
1735112150, 17, 50, 76, 11, 0, 0.06%, 9, 0, 9, 330.55
1735112155, 17, 54, 76, 11, 0, 0.06%, 9, 0, 9, 361.54
1735112160, 17, 55, 76, 11, 0, 0.06%, 9, 0, 9, 334.64
1735112165, 17, 56, 76, 11, 0, 0.06%, 9, 0, 9, 365.17
1735112170, 17, 57, 76, 11, 0, 0.06%, 9, 0, 9, 369.51
1735112175, 17, 58, 76, 11, 0, 0.06%, 9, 0, 9, 324.59
1735112185, 17, 59, 76, 11, 0, 0.06%, 9, 0, 9, 362.63
1735112190, 17, 60, 76, 11, 0, 0.06%, 9, 0, 9, 377.25
1735112195, 17, 61, 76, 11, 0, 0.06%, 9, 0, 9, 358.54
1735112205, 17, 62, 76, 11, 0, 0.06%, 9, 0, 9, 400.80
1735112210, 17, 64, 76, 11, 0, 0.06%, 9, 0, 9, 346.98
1735112220, 17, 65, 76, 11, 0, 0.06%, 9, 0, 9, 368.07
1735112226, 17, 70, 76, 11, 0, 0.06%, 9, 0, 9, 351.42
1735112231, 17, 71, 76, 11, 0, 0.06%, 9, 0, 9, 337.08
1735112236, 17, 72, 76, 11, 0, 0.06%, 9, 0, 9, 352.60
1735112246, 18, 20, 76, 11, 0, 0.06%, 9, 0, 9, 314.75
1735112251, 18, 28, 76, 11, 0, 0.06%, 9, 0, 9, 319.14
1735112261, 18, 33, 76, 11, 0, 0.06%, 9, 0, 9, 323.19
1735112266, 18, 34, 76, 11, 0, 0.06%, 9, 0, 9, 353.80
1735112271, 18, 35, 76, 11, 0, 0.06%, 9, 0, 9, 362.65
1735112276, 18, 36, 76, 11, 0, 0.06%, 9, 0, 9, 351.89
1735112281, 18, 37, 76, 11, 0, 0.06%, 9, 0, 9, 348.32
1735112286, 18, 38, 76, 11, 0, 0.06%, 9, 0, 9, 308.96
1735112291, 18, 45, 76, 11, 0, 0.06%, 9, 0, 9, 344.45
1735112296, 18, 46, 76, 11, 0, 0.06%, 9, 0, 9, 357.58
1735112301, 18, 47, 76, 11, 0, 0.06%, 9, 0, 9, 371.51
1735112307, 18, 48, 76, 11, 0, 0.06%, 9, 0, 9, 365.93
1735112312, 18, 49, 76, 11, 0, 0.06%, 9, 0, 9, 368.81
1735112317, 18, 50, 76, 11, 0, 0.06%, 9, 0, 9, 319.51
1735112322, 18, 54, 76, 11, 0, 0.06%, 9, 0, 9, 346.60
1735112327, 18, 55, 76, 11, 0, 0.06%, 9, 0, 9, 312.09
1735112332, 18, 56, 76, 11, 0, 0.06%, 9, 0, 9, 339.19
1735112337, 18, 57, 76, 11, 0, 0.06%, 9, 0, 9, 361.31
1735112342, 18, 58, 76, 11, 0, 0.06%, 9, 0, 9, 312.85
1735112347, 18, 59, 76, 11, 0, 0.06%, 9, 0, 9, 318.60
1735112357, 18, 60, 76, 11, 0, 0.06%, 9, 0, 9, 377.23
1735112362, 18, 61, 76, 11, 0, 0.06%, 9, 0, 9, 330.68
1735112372, 18, 62, 76, 11, 0, 0.06%, 9, 0, 9, 384.83
1735112377, 18, 64, 76, 11, 0, 0.06%, 9, 0, 9, 370.49
1735112383, 18, 65, 76, 11, 0, 0.06%, 9, 0, 9, 333.19
1735112393, 18, 70, 76, 11, 0, 0.06%, 9, 0, 9, 349.29
1735112398, 18, 71, 76, 11, 0, 0.06%, 9, 0, 9, 337.93
1735112403, 18, 72, 76, 11, 0, 0.06%, 9, 0, 9, 375.29
1735112408, 19, 20, 76, 11, 0, 0.06%, 9, 0, 9, 350.87
1735112413, 19, 27, 76, 11, 0, 0.06%, 9, 0, 9, 347.88
1735112418, 19, 28, 76, 11, 0, 0.06%, 9, 0, 9, 296.46
1735112423, 19, 30, 76, 11, 0, 0.06%, 9, 0, 9, 330.60
1735112428, 19, 34, 76, 11, 0, 0.06%, 9, 0, 9, 342.72
1735112433, 19, 35, 76, 11, 0, 0.06%, 9, 0, 9, 371.21
1735112438, 19, 36, 76, 11, 0, 0.06%, 9, 0, 9, 371.30
1735112443, 19, 37, 76, 11, 0, 0.06%, 9, 0, 9, 351.95
1735112448, 19, 38, 76, 11, 0, 0.06%, 9, 0, 9, 293.46
1735112453, 19, 45, 76, 11, 0, 0.06%, 9, 0, 9, 311.85
1735112458, 19, 46, 76, 11, 0, 0.06%, 9, 0, 9, 330.74
1735112463, 19, 47, 76, 11, 0, 0.06%, 9, 0, 9, 343.71
1735112468, 19, 48, 76, 11, 0, 0.06%, 9, 0, 9, 381.50
1735112474, 19, 49, 76, 11, 0, 0.06%, 9, 0, 9, 378.50
1735112479, 19, 50, 76, 11, 0, 0.06%, 9, 0, 9, 342.77
1735112484, 19, 54, 76, 11, 0, 0.06%, 9, 0, 9, 344.26
1735112489, 19, 55, 76, 11, 0, 0.06%, 9, 0, 9, 318.09
1735112494, 19, 56, 76, 11, 0, 0.06%, 9, 0, 9, 351.19
1735112499, 19, 57, 76, 11, 0, 0.06%, 9, 0, 9, 361.68
1735112504, 19, 58, 76, 11, 0, 0.06%, 9, 0, 9, 320.46
1735112509, 19, 59, 76, 11, 0, 0.06%, 9, 0, 9, 327.59
1735112519, 19, 60, 76, 11, 0, 0.06%, 9, 0, 9, 387.76
1735112524, 19, 61, 76, 11, 0, 0.06%, 9, 0, 9, 343.32
1735112534, 19, 62, 76, 11, 0, 0.06%, 9, 0, 9, 399.59
1735112539, 19, 64, 76, 11, 0, 0.06%, 9, 0, 9, 404.66
1735112544, 19, 65, 76, 11, 0, 0.06%, 9, 0, 9, 351.38
1735112554, 19, 70, 76, 11, 0, 0.06%, 9, 0, 9, 352.10
1735112560, 19, 71, 76, 11, 0, 0.06%, 9, 0, 9, 354.19
1735112565, 19, 72, 76, 11, 0, 0.06%, 9, 0, 9, 395.70
1735112570, 20, 20, 76, 11, 0, 0.06%, 9, 0, 9, 369.93
1735112575, 20, 27, 76, 11, 0, 0.06%, 9, 0, 9, 356.87
1735112580, 20, 28, 76, 11, 0, 0.06%, 9, 0, 9, 321.85
1735112585, 20, 30, 76, 11, 0, 0.06%, 9, 0, 9, 361.14
1735112590, 20, 33, 76, 11, 0, 0.06%, 9, 0, 9, 354.59
1735112595, 20, 34, 76, 11, 0, 0.06%, 9, 0, 9, 343.45
1735112600, 20, 36, 76, 11, 0, 0.06%, 9, 0, 9, 333.07
1735112605, 20, 37, 76, 11, 0, 0.06%, 9, 0, 9, 381.84
1735112610, 20, 38, 76, 11, 0, 0.06%, 9, 0, 9, 320.35
1735112615, 20, 45, 76, 11, 0, 0.06%, 9, 0, 9, 296.50
1735112620, 20, 46, 76, 11, 0, 0.06%, 9, 0, 9, 341.22
1735112630, 20, 48, 76, 11, 0, 0.06%, 9, 0, 9, 367.22
1735112635, 20, 49, 76, 11, 0, 0.06%, 9, 0, 9, 395.77
1735112640, 20, 50, 76, 11, 0, 0.06%, 9, 0, 9, 338.67
1735112646, 20, 54, 76, 11, 0, 0.06%, 9, 0, 9, 353.00
1735112651, 20, 55, 76, 11, 0, 0.06%, 9, 0, 9, 336.16
1735112656, 20, 56, 76, 11, 0, 0.06%, 9, 0, 9, 356.00
1735112661, 20, 57, 76, 11, 0, 0.06%, 9, 0, 9, 359.28
1735112666, 20, 58, 76, 11, 0, 0.06%, 9, 0, 9, 322.61
1735112676, 20, 59, 76, 11, 0, 0.06%, 9, 0, 9, 375.97
1735112681, 20, 60, 76, 11, 0, 0.06%, 9, 0, 9, 393.36
1735112686, 20, 61, 76, 11, 0, 0.06%, 9, 0, 9, 368.17
1735112696, 20, 62, 76, 11, 0, 0.06%, 9, 0, 9, 379.00
1735112701, 20, 64, 76, 11, 0, 0.06%, 9, 0, 9, 326.12
1735112711, 20, 65, 76, 11, 0, 0.06%, 9, 0, 9, 391.56
1735112716, 20, 70, 76, 11, 0, 0.06%, 9, 0, 9, 338.96
1735112721, 20, 71, 76, 11, 0, 0.06%, 9, 0, 9, 325.45
1735112726, 20, 72, 76, 11, 0, 0.06%, 9, 0, 9, 337.89
1735112736, 21, 27, 76, 11, 0, 0.06%, 9, 0, 9, 345.96
1735112741, 21, 28, 76, 11, 0, 0.06%, 9, 0, 9, 320.20
1735112746, 21, 30, 76, 11, 0, 0.06%, 9, 0, 9, 356.31
1735112752, 21, 33, 76, 11, 0, 0.06%, 9, 0, 9, 374.21
1735112757, 21, 34, 76, 11, 0, 0.06%, 9, 0, 9, 346.95
1735112762, 21, 35, 76, 11, 0, 0.06%, 9, 0, 9, 342.26
1735112767, 21, 36, 76, 11, 0, 0.06%, 9, 0, 9, 339.89
1735112772, 21, 38, 76, 11, 0, 0.06%, 9, 0, 9, 316.46
1735112777, 21, 45, 76, 11, 0, 0.06%, 9, 0, 9, 331.17
1735112787, 21, 46, 76, 11, 0, 0.06%, 9, 0, 9, 342.63
1735112792, 21, 47, 76, 11, 0, 0.06%, 9, 0, 9, 372.69
1735112797, 21, 48, 76, 11, 0, 0.06%, 9, 0, 9, 344.36
1735112802, 21, 50, 76, 11, 0, 0.06%, 9, 0, 9, 347.71
1735112808, 21, 54, 76, 11, 0, 0.06%, 9, 0, 9, 339.32
1735112813, 21, 55, 76, 11, 0, 0.06%, 9, 0, 9, 327.02
1735112818, 21, 56, 76, 11, 0, 0.06%, 9, 0, 9, 345.63
1735112823, 21, 57, 76, 11, 0, 0.06%, 9, 0, 9, 377.96
1735112833, 21, 58, 76, 11, 0, 0.06%, 9, 0, 9, 328.17
1735112838, 21, 59, 76, 11, 0, 0.06%, 9, 0, 9, 396.96
1735112843, 21, 60, 76, 11, 0, 0.06%, 9, 0, 9, 321.56
1735112848, 21, 60, 77, 12, 0, 0.06%, 9, 0, 9, 380.65
1735112853, 21, 61, 77, 12, 0, 0.06%, 9, 0, 9, 315.90
1735112863, 21, 62, 77, 12, 0, 0.06%, 9, 0, 9, 365.02
1735112868, 21, 64, 77, 12, 0, 0.06%, 9, 0, 9, 400.87
1735112874, 21, 65, 77, 12, 0, 0.06%, 9, 0, 9, 334.70
1735112884, 21, 70, 77, 12, 0, 0.06%, 9, 0, 9, 351.04
1735112889, 21, 71, 77, 12, 0, 0.06%, 9, 0, 9, 351.60
1735112894, 21, 72, 77, 12, 0, 0.06%, 9, 0, 9, 381.84
1735112904, 21, 76, 78, 13, 0, 0.06%, 9, 0, 10, 415.74
1735113047, 21, 77, 78, 12, 0, 0.06%, 9, 0, 10, 312.93
1735113200, 22, 20, 78, 11, 0, 0.06%, 9, 0, 10, 338.48
1735113205, 22, 28, 78, 11, 0, 0.06%, 9, 0, 10, 298.45
1735113211, 22, 36, 78, 11, 0, 0.06%, 9, 0, 10, 325.44
1735113216, 22, 37, 78, 11, 0, 0.06%, 9, 0, 10, 335.78
1735113221, 22, 38, 78, 11, 0, 0.06%, 9, 0, 10, 301.98
1735113226, 22, 45, 78, 11, 0, 0.06%, 9, 0, 10, 312.24
1735113236, 22, 46, 78, 11, 0, 0.06%, 9, 0, 10, 324.81
1735113241, 22, 47, 78, 11, 0, 0.06%, 9, 0, 10, 366.32
1735113246, 22, 48, 78, 11, 0, 0.06%, 9, 0, 10, 341.71
1735113251, 22, 50, 78, 11, 0, 0.06%, 9, 0, 10, 337.04
1735113256, 22, 57, 78, 11, 0, 0.06%, 9, 0, 10, 331.61
1735113267, 22, 58, 78, 11, 0, 0.06%, 9, 0, 10, 303.11
1735113272, 22, 59, 78, 11, 0, 0.06%, 9, 0, 10, 381.02
1735113277, 22, 60, 78, 11, 0, 0.06%, 9, 0, 10, 363.08
1735113287, 22, 61, 78, 11, 0, 0.06%, 9, 0, 10, 380.32
1735113292, 22, 62, 78, 11, 0, 0.06%, 9, 0, 10, 347.49
1735113302, 22, 64, 78, 11, 0, 0.06%, 9, 0, 10, 327.60
1735113307, 22, 70, 78, 11, 0, 0.06%, 9, 0, 10, 345.41
1735113312, 22, 71, 78, 11, 0, 0.06%, 9, 0, 10, 336.21
1735113317, 22, 72, 78, 11, 0, 0.06%, 9, 0, 10, 343.85
1735113327, 22, 76, 78, 11, 0, 0.06%, 9, 0, 10, 422.93
1735113353, 22, 77, 78, 11, 0, 0.06%, 9, 0, 10, 331.04
1735113378, 23, 20, 78, 11, 0, 0.06%, 9, 0, 10, 305.85
1735113383, 23, 28, 78, 11, 0, 0.06%, 9, 0, 10, 306.40
1735113388, 23, 30, 78, 11, 0, 0.06%, 9, 0, 10, 367.60
1735113394, 23, 36, 78, 11, 0, 0.06%, 9, 0, 10, 340.80
1735113399, 23, 37, 78, 11, 0, 0.06%, 9, 0, 10, 323.46
1735113404, 23, 38, 78, 11, 0, 0.06%, 9, 0, 10, 290.96
1735113409, 23, 45, 78, 11, 0, 0.06%, 9, 0, 10, 327.13
1735113414, 23, 46, 78, 11, 0, 0.06%, 9, 0, 10, 319.66
1735113419, 23, 47, 78, 11, 0, 0.06%, 9, 0, 10, 321.30
1735113424, 23, 48, 78, 11, 0, 0.06%, 9, 0, 10, 396.18
1735113429, 23, 49, 78, 11, 0, 0.06%, 9, 0, 10, 374.66
1735113434, 23, 50, 78, 11, 0, 0.06%, 9, 0, 10, 328.23
1735113439, 23, 57, 78, 11, 0, 0.06%, 9, 0, 10, 364.29
1735113444, 23, 58, 78, 11, 0, 0.06%, 9, 0, 10, 318.89
1735113454, 23, 59, 78, 11, 0, 0.06%, 9, 0, 10, 352.69
1735113460, 23, 60, 78, 11, 0, 0.06%, 9, 0, 10, 354.21
1735113470, 23, 61, 78, 11, 0, 0.06%, 9, 0, 10, 365.34
1735113475, 23, 62, 78, 11, 0, 0.06%, 9, 0, 10, 402.93
1735113480, 23, 64, 78, 11, 0, 0.06%, 9, 0, 10, 375.16
1735113490, 23, 70, 78, 11, 0, 0.06%, 9, 0, 10, 332.16
1735113495, 23, 71, 78, 11, 0, 0.06%, 9, 0, 10, 343.23
1735113500, 23, 72, 78, 11, 0, 0.06%, 9, 0, 10, 393.44
1735113505, 23, 76, 78, 11, 0, 0.06%, 9, 0, 10, 337.69
1735113531, 23, 77, 78, 11, 0, 0.06%, 9, 0, 10, 337.60
1735113556, 24, 20, 78, 11, 0, 0.06%, 9, 0, 10, 354.13
1735113561, 24, 28, 78, 11, 0, 0.06%, 9, 0, 10, 305.96
1735113566, 24, 30, 78, 11, 0, 0.06%, 9, 0, 10, 336.43
1735113572, 24, 36, 78, 11, 0, 0.06%, 9, 0, 10, 321.43
1735113577, 24, 37, 78, 11, 0, 0.06%, 9, 0, 10, 327.88
1735113582, 24, 38, 78, 11, 0, 0.06%, 9, 0, 10, 300.54
1735113587, 24, 45, 78, 11, 0, 0.06%, 9, 0, 10, 338.04
1735113592, 24, 46, 78, 11, 0, 0.06%, 9, 0, 10, 358.98
1735113597, 24, 47, 78, 11, 0, 0.06%, 9, 0, 10, 360.89
1735113602, 24, 48, 78, 11, 0, 0.06%, 9, 0, 10, 369.69
1735113607, 24, 49, 78, 11, 0, 0.06%, 9, 0, 10, 365.54
1735113612, 24, 57, 78, 11, 0, 0.06%, 9, 0, 10, 340.86
1735113623, 24, 58, 78, 11, 0, 0.06%, 9, 0, 10, 319.57
1735113628, 24, 59, 78, 11, 0, 0.06%, 9, 0, 10, 332.73
1735113638, 24, 60, 78, 11, 0, 0.06%, 9, 0, 10, 356.52
1735113643, 24, 61, 78, 11, 0, 0.06%, 9, 0, 10, 404.05
1735113648, 24, 62, 78, 11, 0, 0.06%, 9, 0, 10, 333.47
1735113658, 24, 64, 78, 11, 0, 0.06%, 9, 0, 10, 358.70
1735113663, 24, 70, 78, 11, 0, 0.06%, 9, 0, 10, 367.21
1735113668, 24, 71, 78, 11, 0, 0.06%, 9, 0, 10, 360.27
1735113673, 24, 72, 78, 11, 0, 0.06%, 9, 0, 10, 396.95
1735113678, 24, 76, 78, 11, 0, 0.06%, 9, 0, 10, 338.05
1735113704, 24, 77, 78, 11, 0, 0.06%, 9, 0, 10, 302.39
1735113729, 25, 20, 78, 11, 0, 0.06%, 9, 0, 10, 358.24
1735113735, 25, 28, 78, 11, 0, 0.06%, 9, 0, 10, 308.57
1735113740, 25, 30, 78, 11, 0, 0.06%, 9, 0, 10, 347.57
1735113745, 25, 36, 78, 11, 0, 0.06%, 9, 0, 10, 350.62
1735113750, 25, 37, 78, 11, 0, 0.06%, 9, 0, 10, 337.15
1735113755, 25, 38, 78, 11, 0, 0.06%, 9, 0, 10, 300.59
1735113760, 25, 45, 78, 11, 0, 0.06%, 9, 0, 10, 359.33
1735113765, 25, 46, 78, 11, 0, 0.06%, 9, 0, 10, 331.46
1735113770, 25, 47, 78, 11, 0, 0.06%, 9, 0, 10, 342.38
1735113775, 25, 48, 78, 11, 0, 0.06%, 9, 0, 10, 372.00
1735113780, 25, 49, 78, 11, 0, 0.06%, 9, 0, 10, 392.88
1735113785, 25, 50, 78, 11, 0, 0.06%, 9, 0, 10, 343.28
1735113790, 25, 57, 78, 11, 0, 0.06%, 9, 0, 10, 360.66
1735113795, 25, 58, 78, 11, 0, 0.06%, 9, 0, 10, 319.79
1735113801, 25, 59, 78, 11, 0, 0.06%, 9, 0, 10, 329.02
1735113811, 25, 60, 78, 11, 0, 0.06%, 9, 0, 10, 378.77
1735113816, 25, 61, 78, 11, 0, 0.06%, 9, 0, 10, 354.20
1735113826, 25, 62, 78, 11, 0, 0.06%, 9, 0, 10, 400.19
1735113831, 25, 64, 78, 11, 0, 0.06%, 9, 0, 10, 367.06
1735113841, 25, 70, 78, 11, 0, 0.06%, 9, 0, 10, 346.72
1735113846, 25, 72, 78, 11, 0, 0.06%, 9, 0, 10, 368.92
1735113851, 25, 73, 78, 11, 0, 0.06%, 9, 0, 10, 393.79
1735113957, 25, 74, 78, 10, 0, 0.06%, 9, 0, 10, 416.42
1735114069, 25, 75, 78, 9, 0, 0.06%, 9, 0, 10, 358.09
1735114185, 25, 76, 78, 8, 0, 0.06%, 9, 0, 10, 390.96
1735114308, 25, 77, 78, 8, 0, 0.06%, 9, 0, 10, 408.22
1735114426, 26, 13, 78, 8, 0, 0.06%, 9, 0, 10, 353.25
1735114436, 26, 16, 78, 8, 0, 0.06%, 9, 0, 10, 365.18
1735114446, 26, 17, 78, 8, 0, 0.06%, 9, 0, 10, 307.60
1735114456, 26, 19, 78, 8, 0, 0.06%, 9, 0, 10, 330.37
1735114461, 26, 20, 78, 8, 0, 0.06%, 9, 0, 10, 328.66
1735114467, 26, 21, 78, 8, 0, 0.06%, 9, 0, 10, 341.45
1735114477, 26, 22, 78, 8, 0, 0.06%, 9, 0, 10, 363.82
1735114487, 26, 23, 78, 8, 0, 0.06%, 9, 0, 10, 420.44
1735114502, 26, 24, 78, 7, 0, 0.06%, 9, 0, 10, 364.24
1735114507, 26, 25, 78, 7, 0, 0.06%, 9, 0, 10, 330.41
1735114528, 26, 26, 78, 6, 0, 0.06%, 9, 0, 10, 503.29
1735114548, 26, 28, 78, 5, 0, 0.06%, 9, 0, 10, 322.80
1735114553, 26, 29, 78, 5, 0, 0.06%, 9, 0, 10, 318.46
1735114564, 26, 30, 78, 5, 0, 0.06%, 9, 0, 10, 427.83
1735114574, 26, 31, 78, 5, 0, 0.06%, 9, 0, 10, 381.02
1735114579, 26, 32, 78, 5, 0, 0.06%, 9, 0, 10, 353.36
1735114589, 26, 33, 78, 5, 0, 0.06%, 9, 0, 10, 441.94
1735114599, 26, 34, 78, 5, 0, 0.06%, 9, 0, 10, 346.87
1735114604, 26, 35, 78, 5, 0, 0.06%, 9, 0, 10, 331.77
1735114609, 26, 37, 78, 5, 0, 0.06%, 9, 0, 10, 342.41
1735114614, 26, 38, 78, 5, 0, 0.06%, 9, 0, 10, 303.43
1735114620, 26, 39, 78, 5, 0, 0.06%, 9, 0, 10, 323.68
1735114625, 26, 40, 78, 5, 0, 0.06%, 9, 0, 10, 316.92
1735114630, 26, 41, 78, 5, 0, 0.06%, 9, 0, 10, 321.72
1735114635, 26, 42, 78, 5, 0, 0.06%, 9, 0, 10, 339.76
1735114640, 26, 43, 78, 5, 0, 0.06%, 9, 0, 10, 353.58
1735114645, 26, 44, 78, 5, 0, 0.06%, 9, 0, 10, 431.69
1735114711, 26, 45, 78, 4, 0, 0.06%, 9, 0, 10, 358.89
1735114716, 26, 46, 78, 4, 0, 0.06%, 9, 0, 10, 342.42
1735114721, 26, 47, 78, 4, 0, 0.06%, 9, 0, 10, 375.82
1735114726, 26, 48, 78, 4, 0, 0.06%, 9, 0, 10, 381.15
1735114731, 26, 49, 78, 4, 0, 0.06%, 9, 0, 10, 363.43
1735114736, 26, 50, 78, 4, 0, 0.06%, 9, 0, 10, 344.82
1735114741, 26, 51, 78, 4, 0, 0.06%, 9, 0, 10, 347.54
1735114746, 26, 52, 78, 4, 0, 0.06%, 9, 0, 10, 352.97
1735114751, 26, 53, 78, 4, 0, 0.06%, 9, 0, 10, 331.53
1735115036, 26, 54, 78, 4, 0, 0.06%, 9, 0, 10, 412.00
1735115062, 26, 55, 78, 4, 0, 0.06%, 9, 0, 10, 312.99
1735115067, 26, 56, 78, 4, 0, 0.06%, 9, 0, 10, 319.77
1735115072, 26, 57, 78, 4, 0, 0.06%, 9, 0, 10, 351.97
1735115077, 26, 58, 78, 4, 0, 0.06%, 9, 0, 10, 322.80
1735115082, 26, 59, 78, 4, 0, 0.06%, 9, 0, 10, 336.25
1735115092, 26, 60, 78, 4, 0, 0.06%, 9, 0, 10, 365.35
1735115097, 26, 61, 78, 4, 0, 0.06%, 9, 0, 10, 367.09
1735115107, 26, 62, 78, 4, 0, 0.06%, 9, 0, 10, 342.82
1735115112, 26, 63, 78, 4, 0, 0.06%, 9, 0, 10, 343.92
1735115122, 26, 64, 78, 4, 0, 0.06%, 9, 0, 10, 351.25
1735115128, 26, 65, 79, 5, 0, 0.07%, 10, 0, 10, 389.03
1735115138, 26, 78, 79, 5, 1, 0.07%, 10, 0, 10, 241.92
1735115214, 27, 78, 79, 4, 0, 0.07%, 10, 0, 10, 303.66
1735115249, 28, 78, 79, 4, 0, 0.07%, 10, 0, 10, 232.41
1735115285, 29, 78, 79, 4, 0, 0.07%, 10, 0, 10, 230.47
1735115316, 30, 78, 79, 4, 0, 0.07%, 10, 0, 10, 282.25
1735115351, 31, 78, 79, 4, 0, 0.07%, 10, 0, 10, 239.02
1735115382, 32, 78, 79, 4, 0, 0.07%, 10, 0, 10, 302.56
1735115402, 33, 78, 79, 4, 0, 0.07%, 10, 0, 10, 257.95
1735115417, 34, 78, 79, 4, 0, 0.07%, 10, 0, 10, 245.70
1735115427, 35, 78, 79, 4, 0, 0.07%, 10, 0, 10, 229.95
1735115432, 36, 78, 79, 4, 0, 0.07%, 10, 0, 10, 277.36
1735115443, 37, 78, 79, 4, 0, 0.07%, 10, 0, 10, 246.78
1735115453, 38, 78, 79, 4, 0, 0.07%, 10, 0, 10, 229.71
1735115463, 39, 78, 79, 4, 0, 0.07%, 10, 0, 10, 244.72
1735115468, 40, 78, 79, 4, 0, 0.07%, 10, 0, 10, 262.84
1735115478, 41, 78, 79, 4, 0, 0.07%, 10, 0, 10, 233.36
1735115488, 42, 78, 80, 5, 0, 0.08%, 11, 0, 10, 253.31
1735115499, 42, 79, 82, 7, 1, 0.08%, 11, 0, 11, 429.75
1735115509, 42, 79, 83, 8, 1, 0.08%, 11, 0, 11, 490.38
1735115570, 42, 80, 84, 8, 0, 0.08%, 12, 0, 12, 422.75
1735115585, 42, 80, 85, 9, 0, 0.08%, 12, 0, 12, 267.43
1735115625, 42, 80, 86, 10, 0, 0.10%, 13, 0, 12, 322.51
1735115681, 42, 85, 89, 12, 1, 0.10%, 15, 0, 13, 389.91
1735115696, 42, 85, 90, 13, 1, 0.10%, 15, 0, 13, 364.64
1735115762, 42, 85, 91, 14, 1, 0.10%, 15, 0, 13, 383.06
1735115803, 42, 86, 91, 13, 2, 0.10%, 15, 0, 13, 392.90
1735115813, 42, 86, 92, 14, 2, 0.10%, 15, 0, 14, 357.80
1735115818, 42, 86, 93, 15, 2, 0.10%, 15, 0, 14, 375.84
1735115823, 42, 86, 94, 16, 2, 0.11%, 16, 0, 14, 372.63
1735115843, 42, 86, 95, 17, 2, 0.11%, 17, 0, 14, 379.20
1735115924, 42, 93, 95, 16, 3, 0.11%, 17, 0, 14, 341.75
1735115929, 42, 93, 96, 17, 3, 0.11%, 17, 0, 15, 220.78
1735115935, 42, 93, 99, 20, 3, 0.11%, 17, 0, 15, 323.19
1735115940, 42, 93, 102, 23, 3, 0.11%, 18, 0, 15, 399.23
1735115945, 42, 93, 104, 25, 3, 0.11%, 18, 0, 15, 413.35
1735115965, 42, 93, 105, 26, 3, 0.11%, 18, 0, 15, 431.16
1735116036, 42, 99, 105, 25, 3, 0.11%, 18, 0, 15, 275.01
1735116046, 42, 99, 108, 28, 3, 0.12%, 20, 0, 16, 413.92
1735116087, 42, 99, 109, 29, 3, 0.12%, 21, 0, 16, 437.78
1735116143, 42, 106, 109, 28, 5, 0.12%, 21, 0, 16, 301.07
1735116153, 42, 106, 110, 29, 5, 0.12%, 21, 0, 17, 392.80
1735116173, 42, 106, 112, 31, 5, 0.12%, 22, 0, 17, 423.58
1735116239, 42, 106, 113, 32, 5, 0.12%, 22, 0, 17, 335.79
1735116254, 42, 108, 113, 31, 5, 0.12%, 22, 0, 17, 233.61
1735116260, 42, 108, 114, 32, 5, 0.12%, 23, 0, 17, 180.31
1735116265, 42, 108, 115, 33, 5, 0.12%, 23, 0, 17, 163.20
1735116295, 42, 108, 116, 34, 5, 0.12%, 23, 0, 17, 367.79
1735116320, 42, 108, 117, 35, 5, 0.12%, 23, 0, 17, 387.60
1735116336, 42, 108, 118, 36, 5, 0.12%, 23, 0, 17, 386.20
1735116361, 42, 108, 119, 37, 5, 0.12%, 23, 0, 17, 382.67
1735116371, 42, 108, 120, 38, 5, 0.12%, 23, 0, 17, 387.75
1735116376, 42, 108, 121, 39, 5, 0.12%, 23, 0, 17, 378.18
1735116396, 42, 108, 122, 40, 5, 0.12%, 23, 0, 17, 381.77
1735116401, 42, 112, 122, 39, 6, 0.12%, 23, 0, 17, 308.28
1735116407, 42, 112, 123, 40, 6, 0.12%, 23, 0, 18, 365.25
1735116483, 43, 87, 124, 40, 6, 0.12%, 23, 0, 18, 346.34
1735116493, 43, 87, 125, 41, 6, 0.12%, 23, 0, 18, 342.35
1735116548, 43, 87, 126, 42, 6, 0.12%, 23, 0, 18, 354.78
1735116574, 43, 107, 126, 41, 6, 0.12%, 23, 0, 18, 370.62
1735116584, 43, 107, 127, 42, 6, 0.12%, 23, 0, 18, 400.07
1735116680, 43, 111, 127, 41, 5, 0.12%, 23, 0, 18, 361.92
1735116731, 43, 111, 129, 43, 5, 0.12%, 23, 0, 18, 372.03
1735116741, 43, 111, 130, 44, 5, 0.12%, 23, 0, 18, 388.93
1735116833, 43, 113, 131, 44, 4, 0.12%, 23, 0, 18, 355.43
1735116884, 43, 113, 132, 45, 4, 0.12%, 23, 0, 18, 379.65
1735116975, 43, 113, 133, 46, 4, 0.12%, 23, 0, 18, 379.73
1735116985, 43, 122, 133, 45, 3, 0.12%, 23, 0, 18, 423.10
1735117001, 43, 122, 134, 46, 3, 0.12%, 23, 0, 19, 384.46
1735117006, 43, 122, 135, 47, 3, 0.12%, 23, 0, 19, 387.52
1735117016, 43, 122, 136, 48, 3, 0.12%, 23, 0, 19, 388.19
1735117087, 43, 122, 137, 49, 3, 0.12%, 23, 0, 19, 384.57
1735117102, 43, 123, 137, 48, 2, 0.12%, 23, 0, 19, 349.31
1735117112, 43, 123, 138, 49, 2, 0.12%, 23, 0, 19, 342.02
