# unix_time, cycles_done, cur_path, paths_total, pending_total, pending_favs, map_size, unique_crashes, unique_hangs, max_depth, execs_per_sec
1733597187, 0, 0, 10, 10, 1, 0.00%, 0, 0, 1, 170.58
1733597192, 0, 4, 10, 10, 1, 0.00%, 0, 0, 1, 200.40
1733597198, 0, 5, 10, 9, 0, 0.00%, 0, 0, 1, 207.71
1733597203, 0, 6, 10, 8, 0, 0.00%, 0, 0, 1, 201.56
1733597213, 0, 7, 10, 7, 0, 0.00%, 0, 0, 1, 209.31
1733597218, 0, 8, 10, 6, 0, 0.00%, 0, 0, 1, 198.67
1733597228, 0, 9, 10, 5, 0, 0.00%, 0, 0, 1, 204.52
1733597233, 1, 0, 10, 4, 0, 0.00%, 0, 0, 1, 192.65
1733597244, 1, 1, 10, 3, 0, 0.00%, 0, 0, 1, 201.90
1733597254, 1, 2, 10, 2, 0, 0.00%, 0, 0, 1, 207.63
1733597264, 1, 3, 10, 1, 0, 0.00%, 0, 0, 1, 207.07
1733597274, 1, 4, 10, 0, 0, 0.00%, 0, 0, 1, 206.39
1733597284, 1, 5, 10, 0, 0, 0.00%, 0, 0, 1, 205.48
1733597289, 1, 7, 10, 0, 0, 0.00%, 0, 0, 1, 205.35
1733597294, 1, 8, 10, 0, 0, 0.00%, 0, 0, 1, 206.78
1733597299, 2, 0, 10, 0, 0, 0.00%, 0, 0, 1, 203.61
1733597304, 2, 1, 10, 0, 0, 0.00%, 0, 0, 1, 206.80
1733597309, 2, 2, 10, 0, 0, 0.00%, 0, 0, 1, 209.08
1733597314, 2, 4, 10, 0, 0, 0.00%, 0, 0, 1, 203.01
1733597319, 2, 5, 10, 0, 0, 0.00%, 0, 0, 1, 208.51
1733597324, 2, 7, 10, 0, 0, 0.00%, 0, 0, 1, 207.22
1733597329, 2, 8, 10, 0, 0, 0.00%, 0, 0, 1, 205.84
1733597334, 2, 9, 10, 0, 0, 0.00%, 0, 0, 1, 206.60
1733597340, 3, 1, 10, 0, 0, 0.00%, 0, 0, 1, 205.52
1733597345, 3, 2, 10, 0, 0, 0.00%, 0, 0, 1, 209.50
1733597350, 3, 4, 10, 0, 0, 0.00%, 0, 0, 1, 204.54
1733597355, 3, 5, 10, 0, 0, 0.00%, 0, 0, 1, 207.49
1733597360, 3, 6, 10, 0, 0, 0.00%, 0, 0, 1, 211.07
1733597365, 3, 8, 10, 0, 0, 0.00%, 0, 0, 1, 205.34
1733597370, 3, 9, 10, 0, 0, 0.00%, 0, 0, 1, 209.01
1733597375, 4, 1, 10, 0, 0, 0.00%, 0, 0, 1, 209.61
1733597380, 4, 2, 10, 0, 0, 0.00%, 0, 0, 1, 206.85
1733597386, 4, 3, 10, 0, 0, 0.00%, 0, 0, 1, 209.37
1733597391, 4, 5, 10, 0, 0, 0.00%, 0, 0, 1, 210.79
1733597396, 4, 6, 10, 0, 0, 0.00%, 0, 0, 1, 207.56
1733597401, 4, 8, 10, 0, 0, 0.00%, 0, 0, 1, 208.71
1733597406, 4, 9, 10, 0, 0, 0.00%, 0, 0, 1, 208.06
1733597411, 5, 1, 10, 0, 0, 0.00%, 0, 0, 1, 204.94
1733597416, 5, 2, 10, 0, 0, 0.00%, 0, 0, 1, 201.34
1733597421, 5, 3, 10, 0, 0, 0.00%, 0, 0, 1, 204.29
1733597426, 5, 5, 10, 0, 0, 0.00%, 0, 0, 1, 205.56
1733597432, 5, 6, 10, 0, 0, 0.00%, 0, 0, 1, 203.73
1733597437, 5, 7, 10, 0, 0, 0.00%, 0, 0, 1, 207.33
1733597442, 5, 9, 10, 0, 0, 0.00%, 0, 0, 1, 206.83
1733597447, 6, 0, 10, 0, 0, 0.00%, 0, 0, 1, 204.51
1733597452, 6, 2, 10, 0, 0, 0.00%, 0, 0, 1, 205.44
1733597457, 6, 3, 10, 0, 0, 0.00%, 0, 0, 1, 206.30
1733597462, 6, 4, 10, 0, 0, 0.00%, 0, 0, 1, 205.97
1733597467, 6, 6, 10, 0, 0, 0.00%, 0, 0, 1, 205.35
1733597472, 6, 7, 10, 0, 0, 0.00%, 0, 0, 1, 209.50
1733597477, 6, 9, 10, 0, 0, 0.00%, 0, 0, 1, 206.69
1733597482, 7, 0, 10, 0, 0, 0.00%, 0, 0, 1, 205.63
1733597487, 7, 1, 10, 0, 0, 0.00%, 0, 0, 1, 210.95
1733597493, 7, 3, 10, 0, 0, 0.00%, 0, 0, 1, 211.02
1733597498, 7, 4, 10, 0, 0, 0.00%, 0, 0, 1, 206.98
1733597503, 7, 6, 10, 0, 0, 0.00%, 0, 0, 1, 203.73
1733597508, 7, 7, 10, 0, 0, 0.00%, 0, 0, 1, 203.80
1733597513, 7, 8, 10, 0, 0, 0.00%, 0, 0, 1, 203.58
1733597518, 8, 0, 10, 0, 0, 0.00%, 0, 0, 1, 205.86
1733597523, 8, 1, 10, 0, 0, 0.00%, 0, 0, 1, 207.72
1733597528, 8, 3, 10, 0, 0, 0.00%, 0, 0, 1, 207.92
1733597533, 8, 4, 10, 0, 0, 0.00%, 0, 0, 1, 210.07
1733597538, 8, 6, 10, 0, 0, 0.00%, 0, 0, 1, 205.88
1733597543, 8, 7, 10, 0, 0, 0.00%, 0, 0, 1, 207.41
1733597548, 8, 8, 10, 0, 0, 0.00%, 0, 0, 1, 204.68
1733597554, 9, 0, 10, 0, 0, 0.00%, 0, 0, 1, 205.19
1733597559, 9, 1, 10, 0, 0, 0.00%, 0, 0, 1, 206.35
1733597564, 9, 3, 10, 0, 0, 0.00%, 0, 0, 1, 204.52
1733597569, 9, 4, 10, 0, 0, 0.00%, 0, 0, 1, 207.35
1733597574, 9, 5, 10, 0, 0, 0.00%, 0, 0, 1, 205.55
1733597579, 9, 7, 10, 0, 0, 0.00%, 0, 0, 1, 202.49
1733597584, 9, 8, 10, 0, 0, 0.00%, 0, 0, 1, 207.20
1733597589, 10, 0, 10, 0, 0, 0.00%, 0, 0, 1, 207.80
1733597594, 10, 1, 10, 0, 0, 0.00%, 0, 0, 1, 206.99
1733597600, 10, 2, 10, 0, 0, 0.00%, 0, 0, 1, 208.10
1733597605, 10, 4, 10, 0, 0, 0.00%, 0, 0, 1, 204.17
1733597610, 10, 5, 10, 0, 0, 0.00%, 0, 0, 1, 208.76
1733597615, 10, 7, 10, 0, 0, 0.00%, 0, 0, 1, 206.20
1733597620, 10, 8, 10, 0, 0, 0.00%, 0, 0, 1, 207.77
1733597625, 10, 9, 10, 0, 0, 0.00%, 0, 0, 1, 209.09
1733597630, 11, 1, 10, 0, 0, 0.00%, 0, 0, 1, 209.63
1733597635, 11, 2, 10, 0, 0, 0.00%, 0, 0, 1, 207.82
1733597640, 11, 4, 10, 0, 0, 0.00%, 0, 0, 1, 205.55
1733597646, 11, 5, 10, 0, 0, 0.00%, 0, 0, 1, 208.55
1733597651, 11, 7, 10, 0, 0, 0.00%, 0, 0, 1, 203.82
1733597656, 11, 8, 10, 0, 0, 0.00%, 0, 0, 1, 207.81
1733597661, 11, 9, 10, 0, 0, 0.00%, 0, 0, 1, 208.82
1733597666, 12, 1, 10, 0, 0, 0.00%, 0, 0, 1, 206.17
1733597671, 12, 2, 10, 0, 0, 0.00%, 0, 0, 1, 205.17
1733597676, 12, 4, 10, 0, 0, 0.00%, 0, 0, 1, 204.74
1733597681, 12, 5, 10, 0, 0, 0.00%, 0, 0, 1, 207.85
1733597686, 12, 6, 10, 0, 0, 0.00%, 0, 0, 1, 204.70
1733597691, 12, 8, 10, 0, 0, 0.00%, 0, 0, 1, 207.23
1733597697, 12, 9, 10, 0, 0, 0.00%, 0, 0, 1, 208.03
1733597702, 13, 1, 10, 0, 0, 0.00%, 0, 0, 1, 206.79
1733597707, 13, 2, 10, 0, 0, 0.00%, 0, 0, 1, 209.96
1733597712, 13, 3, 10, 0, 0, 0.00%, 0, 0, 1, 209.58
1733597717, 13, 5, 10, 0, 0, 0.00%, 0, 0, 1, 207.62
1733597722, 13, 6, 10, 0, 0, 0.00%, 0, 0, 1, 208.40
1733597727, 13, 8, 10, 0, 0, 0.00%, 0, 0, 1, 208.47
1733597732, 13, 9, 10, 0, 0, 0.00%, 0, 0, 1, 203.72
1733597737, 14, 0, 10, 0, 0, 0.00%, 0, 0, 1, 204.75
1733597742, 14, 2, 10, 0, 0, 0.00%, 0, 0, 1, 208.11
1733597747, 14, 3, 10, 0, 0, 0.00%, 0, 0, 1, 202.98
1733597752, 14, 5, 10, 0, 0, 0.00%, 0, 0, 1, 207.80
1733597758, 14, 6, 10, 0, 0, 0.00%, 0, 0, 1, 205.41
1733597763, 14, 7, 10, 0, 0, 0.00%, 0, 0, 1, 208.30
1733597768, 14, 9, 10, 0, 0, 0.00%, 0, 0, 1, 206.51
1733597773, 15, 0, 10, 0, 0, 0.00%, 0, 0, 1, 204.98
1733597778, 15, 2, 10, 0, 0, 0.00%, 0, 0, 1, 207.32
1733597783, 15, 3, 10, 0, 0, 0.00%, 0, 0, 1, 206.93
1733597788, 15, 5, 10, 0, 0, 0.00%, 0, 0, 1, 208.56
1733597793, 15, 6, 10, 0, 0, 0.00%, 0, 0, 1, 213.92
1733597798, 15, 7, 10, 0, 0, 0.00%, 0, 0, 1, 213.32
1733597803, 15, 9, 10, 0, 0, 0.00%, 0, 0, 1, 213.51
1733597808, 16, 0, 10, 0, 0, 0.00%, 0, 0, 1, 214.19
1733597813, 16, 2, 10, 0, 0, 0.00%, 0, 0, 1, 213.02
1733597818, 16, 3, 10, 0, 0, 0.00%, 0, 0, 1, 216.29
1733597824, 16, 5, 10, 0, 0, 0.00%, 0, 0, 1, 216.92
1733597829, 16, 6, 10, 0, 0, 0.00%, 0, 0, 1, 210.73
1733597834, 16, 8, 10, 0, 0, 0.00%, 0, 0, 1, 212.36
1733597839, 16, 9, 10, 0, 0, 0.00%, 0, 0, 1, 215.72
1733597844, 17, 1, 10, 0, 0, 0.00%, 0, 0, 1, 215.78
1733597849, 17, 2, 10, 0, 0, 0.00%, 0, 0, 1, 212.33
1733597854, 17, 3, 10, 0, 0, 0.00%, 0, 0, 1, 212.82
1733597859, 17, 5, 10, 0, 0, 0.00%, 0, 0, 1, 211.67
1733597864, 17, 6, 10, 0, 0, 0.00%, 0, 0, 1, 217.82
1733597869, 17, 8, 10, 0, 0, 0.00%, 0, 0, 1, 218.15
1733597874, 17, 9, 10, 0, 0, 0.00%, 0, 0, 1, 212.02
1733597879, 18, 1, 10, 0, 0, 0.00%, 0, 0, 1, 210.74
1733597885, 18, 2, 10, 0, 0, 0.00%, 0, 0, 1, 213.36
1733597890, 18, 4, 10, 0, 0, 0.00%, 0, 0, 1, 216.87
1733597895, 18, 5, 10, 0, 0, 0.00%, 0, 0, 1, 216.58
1733597900, 18, 6, 10, 0, 0, 0.00%, 0, 0, 1, 215.43
1733597905, 18, 8, 10, 0, 0, 0.00%, 0, 0, 1, 215.98
1733597910, 18, 9, 10, 0, 0, 0.00%, 0, 0, 1, 217.46
1733597915, 19, 1, 10, 0, 0, 0.00%, 0, 0, 1, 214.33
1733597920, 19, 2, 10, 0, 0, 0.00%, 0, 0, 1, 217.23
1733597926, 19, 4, 10, 0, 0, 0.00%, 0, 0, 1, 217.78
1733597931, 19, 5, 10, 0, 0, 0.00%, 0, 0, 1, 214.03
1733597936, 19, 7, 10, 0, 0, 0.00%, 0, 0, 1, 216.37
1733597941, 19, 8, 10, 0, 0, 0.00%, 0, 0, 1, 212.06
1733597946, 20, 0, 10, 0, 0, 0.00%, 0, 0, 1, 213.30
1733597951, 20, 1, 10, 0, 0, 0.00%, 0, 0, 1, 208.72
1733597956, 20, 3, 10, 0, 0, 0.00%, 0, 0, 1, 213.11
1733597961, 20, 4, 10, 0, 0, 0.00%, 0, 0, 1, 213.54
1733597966, 20, 6, 10, 0, 0, 0.00%, 0, 0, 1, 214.26
1733597972, 20, 7, 10, 0, 0, 0.00%, 0, 0, 1, 215.59
1733597977, 20, 8, 10, 0, 0, 0.00%, 0, 0, 1, 213.34
1733597982, 21, 0, 10, 0, 0, 0.00%, 0, 0, 1, 210.97
1733597987, 21, 1, 10, 0, 0, 0.00%, 0, 0, 1, 213.64
1733597992, 21, 3, 10, 0, 0, 0.00%, 0, 0, 1, 215.13
1733597997, 21, 4, 10, 0, 0, 0.00%, 0, 0, 1, 213.27
1733598002, 21, 6, 10, 0, 0, 0.00%, 0, 0, 1, 213.11
1733598007, 21, 7, 10, 0, 0, 0.00%, 0, 0, 1, 213.02
1733598012, 21, 9, 10, 0, 0, 0.00%, 0, 0, 1, 213.55
1733598017, 22, 0, 10, 0, 0, 0.00%, 0, 0, 1, 213.03
1733598022, 22, 2, 10, 0, 0, 0.00%, 0, 0, 1, 216.95
1733598028, 22, 3, 10, 0, 0, 0.00%, 0, 0, 1, 210.36
1733598033, 22, 4, 10, 0, 0, 0.00%, 0, 0, 1, 215.70
1733598038, 22, 6, 10, 0, 0, 0.00%, 0, 0, 1, 217.02
1733598043, 22, 7, 10, 0, 0, 0.00%, 0, 0, 1, 218.21
1733598048, 22, 9, 10, 0, 0, 0.00%, 0, 0, 1, 211.69
1733598053, 23, 0, 10, 0, 0, 0.00%, 0, 0, 1, 213.17
1733598059, 23, 2, 10, 0, 0, 0.00%, 0, 0, 1, 215.36
1733598064, 23, 3, 10, 0, 0, 0.00%, 0, 0, 1, 213.69
1733598069, 23, 5, 10, 0, 0, 0.00%, 0, 0, 1, 214.86
1733598074, 23, 6, 10, 0, 0, 0.00%, 0, 0, 1, 217.10
1733598079, 23, 8, 10, 0, 0, 0.00%, 0, 0, 1, 211.07
1733598084, 23, 9, 10, 0, 0, 0.00%, 0, 0, 1, 211.48
1733598089, 24, 1, 10, 0, 0, 0.00%, 0, 0, 1, 210.05
1733598094, 24, 2, 10, 0, 0, 0.00%, 0, 0, 1, 212.77
1733598099, 24, 4, 10, 0, 0, 0.00%, 0, 0, 1, 215.09
1733598105, 24, 5, 10, 0, 0, 0.00%, 0, 0, 1, 214.09
1733598110, 24, 6, 10, 0, 0, 0.00%, 0, 0, 1, 215.79
1733598115, 24, 8, 10, 0, 0, 0.00%, 0, 0, 1, 215.78
1733598120, 24, 9, 10, 0, 0, 0.00%, 0, 0, 1, 218.86
1733598125, 25, 1, 10, 0, 0, 0.00%, 0, 0, 1, 216.98
1733598130, 25, 2, 10, 0, 0, 0.00%, 0, 0, 1, 212.21
1733598135, 25, 4, 10, 0, 0, 0.00%, 0, 0, 1, 210.42
1733598140, 25, 5, 10, 0, 0, 0.00%, 0, 0, 1, 211.57
1733598145, 25, 7, 10, 0, 0, 0.00%, 0, 0, 1, 210.58
1733598150, 25, 8, 10, 0, 0, 0.00%, 0, 0, 1, 213.36
1733598155, 26, 0, 10, 0, 0, 0.00%, 0, 0, 1, 212.93
1733598161, 26, 1, 10, 0, 0, 0.00%, 0, 0, 1, 214.54
1733598166, 26, 2, 10, 0, 0, 0.00%, 0, 0, 1, 210.27
1733598171, 26, 4, 10, 0, 0, 0.00%, 0, 0, 1, 217.33
1733598176, 26, 5, 10, 0, 0, 0.00%, 0, 0, 1, 216.16
1733598181, 26, 7, 10, 0, 0, 0.00%, 0, 0, 1, 214.52
1733598186, 26, 8, 10, 0, 0, 0.00%, 0, 0, 1, 217.36
1733598191, 27, 0, 10, 0, 0, 0.00%, 0, 0, 1, 214.30
1733598197, 27, 1, 10, 0, 0, 0.00%, 0, 0, 1, 212.42
1733598202, 27, 3, 10, 0, 0, 0.00%, 0, 0, 1, 214.15
1733598207, 27, 4, 10, 0, 0, 0.00%, 0, 0, 1, 213.25
1733598212, 27, 6, 10, 0, 0, 0.00%, 0, 0, 1, 211.65
1733598217, 27, 7, 10, 0, 0, 0.00%, 0, 0, 1, 215.13
1733598222, 27, 9, 10, 0, 0, 0.00%, 0, 0, 1, 213.81
1733598227, 28, 0, 10, 0, 0, 0.00%, 0, 0, 1, 213.85
1733598233, 28, 2, 10, 0, 0, 0.00%, 0, 0, 1, 212.92
1733598238, 28, 3, 10, 0, 0, 0.00%, 0, 0, 1, 212.80
1733598243, 28, 5, 10, 0, 0, 0.00%, 0, 0, 1, 214.99
1733598248, 28, 6, 10, 0, 0, 0.00%, 0, 0, 1, 215.40
1733598253, 28, 7, 10, 0, 0, 0.00%, 0, 0, 1, 208.57
1733598258, 28, 9, 10, 0, 0, 0.00%, 0, 0, 1, 208.93
1733598264, 29, 0, 10, 0, 0, 0.00%, 0, 0, 1, 210.61
1733598269, 29, 2, 10, 0, 0, 0.00%, 0, 0, 1, 212.72
1733598274, 29, 3, 10, 0, 0, 0.00%, 0, 0, 1, 211.03
1733598279, 29, 5, 10, 0, 0, 0.00%, 0, 0, 1, 213.88
1733598284, 29, 6, 10, 0, 0, 0.00%, 0, 0, 1, 210.71
1733598289, 29, 8, 10, 0, 0, 0.00%, 0, 0, 1, 213.46
1733598294, 29, 9, 10, 0, 0, 0.00%, 0, 0, 1, 211.74
1733598300, 30, 1, 10, 0, 0, 0.00%, 0, 0, 1, 209.72
1733598305, 30, 2, 10, 0, 0, 0.00%, 0, 0, 1, 210.98
1733598310, 30, 3, 10, 0, 0, 0.00%, 0, 0, 1, 212.36
1733598315, 30, 5, 10, 0, 0, 0.00%, 0, 0, 1, 212.01
1733598320, 30, 6, 10, 0, 0, 0.00%, 0, 0, 1, 217.12
1733598325, 30, 8, 10, 0, 0, 0.00%, 0, 0, 1, 214.76
1733598330, 30, 9, 10, 0, 0, 0.00%, 0, 0, 1, 214.45
1733598335, 31, 1, 10, 0, 0, 0.00%, 0, 0, 1, 213.35
1733598341, 31, 2, 10, 0, 0, 0.00%, 0, 0, 1, 212.46
1733598346, 31, 4, 10, 0, 0, 0.00%, 0, 0, 1, 208.74
1733598351, 31, 5, 10, 0, 0, 0.00%, 0, 0, 1, 212.45
1733598356, 31, 7, 10, 0, 0, 0.00%, 0, 0, 1, 213.65
1733598361, 31, 8, 10, 0, 0, 0.00%, 0, 0, 1, 211.37
1733598366, 32, 0, 10, 0, 0, 0.00%, 0, 0, 1, 212.69
1733598371, 32, 1, 10, 0, 0, 0.00%, 0, 0, 1, 216.91
1733598377, 32, 3, 10, 0, 0, 0.00%, 0, 0, 1, 215.37
1733598382, 32, 4, 10, 0, 0, 0.00%, 0, 0, 1, 213.84
1733598387, 32, 5, 10, 0, 0, 0.00%, 0, 0, 1, 212.51
1733598392, 32, 7, 10, 0, 0, 0.00%, 0, 0, 1, 213.44
1733598397, 32, 8, 10, 0, 0, 0.00%, 0, 0, 1, 211.46
1733598402, 33, 0, 10, 0, 0, 0.00%, 0, 0, 1, 212.57
1733598407, 33, 1, 10, 0, 0, 0.00%, 0, 0, 1, 212.43
1733598412, 33, 3, 10, 0, 0, 0.00%, 0, 0, 1, 214.11
1733598417, 33, 4, 10, 0, 0, 0.00%, 0, 0, 1, 213.13
1733598422, 33, 6, 10, 0, 0, 0.00%, 0, 0, 1, 214.34
1733598427, 33, 7, 10, 0, 0, 0.00%, 0, 0, 1, 213.30
1733598433, 33, 8, 10, 0, 0, 0.00%, 0, 0, 1, 213.89
1733598438, 34, 0, 10, 0, 0, 0.00%, 0, 0, 1, 214.43
1733598443, 34, 1, 10, 0, 0, 0.00%, 0, 0, 1, 216.67
1733598448, 34, 3, 10, 0, 0, 0.00%, 0, 0, 1, 216.84
1733598453, 34, 4, 10, 0, 0, 0.00%, 0, 0, 1, 216.28
1733598458, 34, 6, 10, 0, 0, 0.00%, 0, 0, 1, 213.13
1733598464, 34, 7, 10, 0, 0, 0.00%, 0, 0, 1, 214.43
1733598469, 34, 9, 10, 0, 0, 0.00%, 0, 0, 1, 216.49
1733598474, 35, 0, 10, 0, 0, 0.00%, 0, 0, 1, 215.61
1733598479, 35, 2, 10, 0, 0, 0.00%, 0, 0, 1, 210.70
1733598484, 35, 3, 10, 0, 0, 0.00%, 0, 0, 1, 217.64
1733598489, 35, 5, 10, 0, 0, 0.00%, 0, 0, 1, 212.76
1733598494, 35, 6, 10, 0, 0, 0.00%, 0, 0, 1, 212.16
1733598500, 35, 8, 10, 0, 0, 0.00%, 0, 0, 1, 215.25
1733598505, 35, 9, 10, 0, 0, 0.00%, 0, 0, 1, 211.79
1733598510, 36, 1, 10, 0, 0, 0.00%, 0, 0, 1, 216.01
1733598515, 36, 2, 10, 0, 0, 0.00%, 0, 0, 1, 211.24
1733598520, 36, 3, 10, 0, 0, 0.00%, 0, 0, 1, 213.66
1733598525, 36, 5, 10, 0, 0, 0.00%, 0, 0, 1, 213.06
1733598530, 36, 6, 10, 0, 0, 0.00%, 0, 0, 1, 212.58
1733598535, 36, 8, 10, 0, 0, 0.00%, 0, 0, 1, 212.45
1733598540, 36, 9, 10, 0, 0, 0.00%, 0, 0, 1, 214.90
1733598545, 37, 1, 10, 0, 0, 0.00%, 0, 0, 1, 213.53
1733598551, 37, 2, 10, 0, 0, 0.00%, 0, 0, 1, 217.22
1733598556, 37, 4, 10, 0, 0, 0.00%, 0, 0, 1, 212.57
1733598561, 37, 5, 10, 0, 0, 0.00%, 0, 0, 1, 216.13
1733598566, 37, 7, 10, 0, 0, 0.00%, 0, 0, 1, 216.09
1733598571, 37, 10, 11, 1, 1, 0.05%, 1, 0, 2, 234.07
1733598592, 37, 10, 12, 2, 1, 0.05%, 2, 0, 3, 262.80
1733598668, 37, 10, 14, 4, 1, 0.05%, 3, 0, 3, 245.38
1733598673, 37, 10, 15, 5, 1, 0.05%, 4, 0, 3, 248.18
1733598693, 37, 12, 15, 4, 3, 0.05%, 4, 0, 3, 246.73
1733598698, 37, 12, 16, 5, 3, 0.05%, 4, 0, 4, 424.95
1733598703, 37, 12, 17, 6, 3, 0.05%, 4, 0, 4, 473.23
1733598708, 37, 12, 18, 7, 3, 0.06%, 5, 0, 4, 476.50
1733598719, 37, 12, 19, 8, 3, 0.06%, 5, 0, 4, 486.75
1733598729, 37, 12, 20, 9, 3, 0.06%, 6, 0, 4, 485.01
1733598739, 37, 12, 21, 10, 3, 0.06%, 6, 0, 4, 488.45
1733598765, 37, 12, 25, 14, 3, 0.06%, 7, 0, 4, 338.10
1733598770, 37, 12, 27, 16, 3, 0.06%, 8, 0, 4, 289.84
1733598780, 37, 17, 27, 15, 6, 0.06%, 8, 0, 4, 356.26
1733598786, 37, 17, 29, 17, 6, 0.06%, 8, 0, 5, 468.48
1733598791, 37, 17, 30, 18, 6, 0.06%, 8, 0, 5, 485.63
1733598801, 37, 17, 31, 19, 6, 0.06%, 9, 0, 5, 496.22
1733598806, 37, 17, 32, 20, 6, 0.06%, 9, 0, 5, 501.35
1733598811, 37, 17, 34, 22, 6, 0.06%, 9, 0, 5, 492.71
1733598831, 37, 17, 35, 23, 6, 0.06%, 9, 0, 5, 380.41
1733598846, 37, 17, 37, 25, 6, 0.06%, 9, 0, 5, 312.23
1733598851, 37, 19, 39, 26, 6, 0.06%, 9, 0, 5, 292.50
1733598887, 37, 19, 40, 27, 6, 0.06%, 9, 0, 5, 239.56
1733598913, 37, 19, 41, 28, 6, 0.06%, 9, 0, 5, 236.25
1733598943, 37, 19, 42, 29, 6, 0.06%, 9, 0, 5, 245.89
1733598959, 37, 19, 43, 30, 6, 0.06%, 9, 0, 5, 264.68
1733598964, 37, 19, 46, 33, 6, 0.06%, 9, 0, 5, 329.44
1733598979, 37, 25, 46, 32, 5, 0.06%, 9, 0, 5, 252.58
1733598984, 37, 25, 47, 33, 5, 0.06%, 9, 0, 5, 502.63
1733598994, 37, 25, 48, 34, 5, 0.06%, 9, 0, 5, 519.75
1733599005, 37, 25, 49, 35, 5, 0.06%, 9, 0, 5, 532.03
1733599040, 37, 25, 50, 36, 5, 0.06%, 9, 0, 5, 536.58
1733599061, 37, 30, 50, 35, 5, 0.06%, 9, 0, 5, 311.06
1733599066, 37, 30, 51, 36, 5, 0.06%, 9, 0, 6, 299.40
1733599091, 37, 30, 52, 37, 5, 0.06%, 9, 0, 6, 299.64
1733599106, 37, 30, 53, 38, 5, 0.06%, 9, 0, 6, 304.22
1733599183, 38, 14, 54, 38, 4, 0.06%, 9, 0, 6, 304.67
1733599188, 38, 14, 55, 39, 4, 0.06%, 9, 0, 6, 298.23
1733599193, 38, 14, 56, 40, 4, 0.06%, 9, 0, 6, 299.21
1733599228, 38, 14, 57, 41, 4, 0.06%, 9, 0, 6, 291.25
1733599289, 38, 14, 58, 42, 4, 0.06%, 9, 0, 6, 295.54
1733599299, 38, 21, 58, 41, 3, 0.06%, 9, 0, 6, 353.46
1733599567, 38, 21, 59, 42, 3, 0.06%, 9, 0, 6, 451.23
1733599577, 38, 21, 60, 43, 3, 0.06%, 9, 0, 6, 497.96
1733599588, 38, 21, 61, 44, 3, 0.06%, 9, 0, 6, 496.36
1733599593, 38, 21, 62, 45, 3, 0.06%, 9, 0, 6, 498.62
1733599598, 38, 21, 64, 47, 3, 0.06%, 9, 0, 6, 494.89
1733599643, 38, 28, 64, 46, 3, 0.06%, 9, 0, 6, 390.40
1733599648, 38, 28, 66, 48, 3, 0.06%, 9, 0, 6, 438.27
1733599750, 38, 28, 67, 49, 3, 0.06%, 9, 0, 6, 375.37
1733599760, 38, 28, 68, 50, 3, 0.06%, 9, 0, 6, 306.35
1733599765, 38, 46, 68, 49, 3, 0.06%, 9, 0, 6, 501.17
1733599796, 38, 47, 68, 48, 3, 0.06%, 9, 0, 6, 424.01
1733599837, 38, 47, 69, 49, 3, 0.06%, 9, 0, 6, 482.37
1733599883, 38, 48, 69, 48, 3, 0.06%, 9, 0, 6, 495.30
1733599913, 38, 49, 69, 47, 2, 0.06%, 9, 0, 6, 372.62
1733599954, 38, 49, 70, 48, 2, 0.06%, 9, 0, 6, 409.42
1733599964, 38, 67, 70, 47, 2, 0.06%, 9, 0, 6, 446.20
1733600005, 38, 68, 70, 46, 2, 0.06%, 9, 0, 6, 382.52
1733600082, 38, 69, 70, 45, 2, 0.06%, 9, 0, 6, 333.60
1733600220, 39, 19, 70, 44, 2, 0.06%, 9, 0, 6, 288.72
1733600240, 39, 21, 70, 44, 2, 0.06%, 9, 0, 6, 290.61
1733600261, 39, 22, 70, 44, 2, 0.06%, 9, 0, 6, 394.29
1733600327, 39, 23, 70, 43, 2, 0.06%, 9, 0, 6, 391.60
1733600516, 39, 38, 70, 42, 2, 0.06%, 9, 0, 6, 362.10
1733600546, 39, 38, 71, 43, 2, 0.06%, 9, 0, 6, 304.96
1733600551, 39, 39, 71, 42, 1, 0.06%, 9, 0, 6, 338.28
1733600888, 39, 42, 71, 41, 1, 0.06%, 9, 0, 6, 349.77
1733600923, 39, 44, 71, 40, 1, 0.06%, 9, 0, 6, 308.76
1733601102, 39, 46, 71, 39, 1, 0.06%, 9, 0, 6, 405.60
1733601117, 39, 47, 71, 39, 1, 0.06%, 9, 0, 6, 369.51
1733601133, 39, 48, 71, 39, 1, 0.06%, 9, 0, 6, 376.44
1733601148, 39, 49, 71, 39, 1, 0.06%, 9, 0, 6, 334.22
1733601169, 39, 50, 71, 39, 1, 0.06%, 9, 0, 6, 412.66
1733601179, 39, 50, 72, 40, 1, 0.06%, 9, 0, 7, 425.76
1733601219, 39, 51, 72, 39, 1, 0.06%, 9, 0, 7, 381.04
1733601260, 39, 53, 72, 38, 1, 0.06%, 9, 0, 7, 268.67
1733601311, 39, 53, 74, 40, 1, 0.06%, 9, 0, 7, 479.12
1733601636, 39, 67, 74, 39, 1, 0.06%, 9, 0, 7, 443.66
1733601651, 39, 68, 74, 39, 1, 0.06%, 9, 0, 7, 373.65
1733601666, 39, 69, 74, 39, 1, 0.06%, 9, 0, 7, 346.23
1733601671, 39, 69, 75, 40, 1, 0.06%, 9, 0, 7, 457.14
1733601687, 39, 74, 75, 40, 1, 0.06%, 9, 0, 7, 372.01
1733601692, 39, 74, 76, 41, 1, 0.06%, 9, 0, 8, 420.12
1733601779, 39, 75, 76, 40, 1, 0.06%, 9, 0, 8, 327.25
1733601887, 40, 11, 76, 39, 1, 0.06%, 9, 0, 8, 324.07
1733601908, 40, 13, 76, 38, 1, 0.06%, 9, 0, 8, 337.40
1733601918, 40, 13, 77, 39, 1, 0.06%, 9, 0, 8, 346.03
1733601923, 40, 13, 78, 40, 1, 0.06%, 9, 0, 8, 299.87
1733601928, 40, 18, 78, 39, 1, 0.06%, 9, 0, 8, 282.28
1733601974, 40, 21, 78, 38, 1, 0.06%, 9, 0, 8, 310.37
1733601999, 40, 22, 78, 38, 1, 0.06%, 9, 0, 8, 439.10
1733602014, 40, 23, 78, 38, 1, 0.06%, 9, 0, 8, 360.10
1733602035, 40, 25, 78, 38, 1, 0.06%, 9, 0, 8, 390.90
1733602055, 40, 28, 78, 38, 1, 0.06%, 9, 0, 8, 402.51
1733602070, 40, 29, 78, 38, 1, 0.06%, 9, 0, 8, 300.94
1733602498, 40, 30, 78, 37, 1, 0.06%, 9, 0, 8, 325.55
1733602518, 40, 31, 78, 37, 1, 0.06%, 9, 0, 8, 402.69
1733602549, 40, 36, 78, 36, 1, 0.06%, 9, 0, 8, 377.13
1733602605, 40, 44, 78, 35, 1, 0.06%, 9, 0, 8, 356.46
1733602630, 40, 45, 78, 35, 1, 0.06%, 9, 0, 8, 269.27
1733602943, 40, 46, 78, 34, 1, 0.06%, 9, 0, 8, 394.61
1733602958, 40, 47, 78, 34, 1, 0.06%, 9, 0, 8, 365.22
1733602978, 40, 48, 78, 34, 1, 0.06%, 9, 0, 8, 428.18
1733602993, 40, 49, 78, 34, 1, 0.06%, 9, 0, 8, 417.62
1733603009, 40, 50, 78, 34, 1, 0.06%, 9, 0, 8, 389.01
1733603024, 40, 51, 78, 34, 1, 0.06%, 9, 0, 8, 386.71
1733603039, 40, 52, 78, 34, 1, 0.06%, 9, 0, 8, 369.95
1733603110, 40, 67, 78, 33, 1, 0.06%, 9, 0, 8, 446.83
1733603125, 40, 68, 79, 34, 1, 0.06%, 9, 0, 8, 423.40
1733603131, 40, 68, 80, 35, 1, 0.06%, 9, 0, 8, 472.04
1733603151, 40, 69, 80, 35, 1, 0.06%, 9, 0, 8, 388.07
1733603171, 40, 71, 80, 35, 1, 0.06%, 9, 0, 8, 449.97
1733603207, 40, 74, 80, 34, 1, 0.06%, 9, 0, 8, 292.27
1733603228, 40, 75, 80, 34, 1, 0.06%, 9, 0, 8, 423.25
1733603248, 40, 76, 80, 34, 1, 0.06%, 9, 0, 8, 319.41
1733603671, 40, 78, 80, 33, 1, 0.06%, 9, 0, 8, 369.79
1733603784, 40, 79, 80, 32, 1, 0.06%, 9, 0, 8, 412.37
1733603896, 41, 25, 80, 31, 1, 0.06%, 9, 0, 8, 422.93
1733603912, 41, 46, 80, 31, 1, 0.06%, 9, 0, 8, 450.65
1733603927, 41, 47, 80, 31, 1, 0.06%, 9, 0, 8, 411.12
1733603942, 41, 48, 80, 31, 1, 0.06%, 9, 0, 8, 447.88
1733603957, 41, 49, 80, 31, 1, 0.06%, 9, 0, 8, 400.83
1733603973, 41, 67, 80, 31, 1, 0.06%, 9, 0, 8, 422.63
1733603988, 41, 68, 80, 31, 1, 0.06%, 9, 0, 8, 354.65
1733604008, 41, 69, 80, 31, 1, 0.06%, 9, 0, 8, 418.59
1733604023, 41, 74, 80, 31, 1, 0.06%, 9, 0, 8, 372.18
1733604038, 41, 75, 80, 31, 1, 0.06%, 9, 0, 8, 334.09
1733604064, 41, 78, 80, 31, 1, 0.06%, 9, 0, 8, 311.47
1733604079, 41, 79, 80, 31, 1, 0.06%, 9, 0, 8, 371.02
1733604099, 42, 25, 80, 31, 1, 0.06%, 9, 0, 8, 481.48
1733604115, 42, 46, 80, 31, 1, 0.06%, 9, 0, 8, 390.11
1733604130, 42, 47, 80, 31, 1, 0.06%, 9, 0, 8, 402.91
1733604145, 42, 48, 80, 31, 1, 0.06%, 9, 0, 8, 408.25
1733604165, 42, 49, 80, 31, 1, 0.06%, 9, 0, 8, 443.60
1733604181, 42, 50, 80, 31, 1, 0.06%, 9, 0, 8, 411.61
1733604196, 42, 51, 80, 31, 1, 0.06%, 9, 0, 8, 325.80
1733604216, 42, 52, 80, 31, 1, 0.06%, 9, 0, 8, 390.73
1733604231, 42, 53, 80, 31, 1, 0.06%, 9, 0, 8, 361.88
1733604252, 42, 54, 80, 31, 1, 0.06%, 9, 0, 8, 312.11
1733604292, 42, 55, 80, 30, 1, 0.06%, 9, 0, 8, 284.75
1733604338, 42, 56, 80, 29, 1, 0.06%, 9, 0, 8, 359.19
1733604373, 42, 57, 80, 28, 1, 0.06%, 9, 0, 8, 303.56
1733604796, 42, 58, 80, 27, 1, 0.06%, 9, 0, 8, 370.46
1733605136, 42, 59, 80, 26, 1, 0.06%, 9, 0, 8, 346.09
1733605264, 42, 60, 80, 25, 1, 0.06%, 9, 0, 8, 412.97
1733605330, 42, 61, 80, 24, 0, 0.06%, 9, 0, 8, 428.85
1733605469, 42, 62, 80, 23, 0, 0.06%, 9, 0, 8, 367.71
1733605869, 42, 67, 80, 22, 0, 0.06%, 9, 0, 8, 424.78
1733605884, 42, 68, 80, 22, 0, 0.06%, 9, 0, 8, 340.54
1733605899, 42, 69, 80, 22, 0, 0.06%, 9, 0, 8, 340.89
1733605920, 42, 71, 80, 22, 0, 0.06%, 9, 0, 8, 396.01
1733605935, 42, 74, 80, 22, 0, 0.06%, 9, 0, 8, 310.92
1733605955, 42, 75, 80, 22, 0, 0.06%, 9, 0, 8, 404.91
1733605980, 42, 76, 80, 22, 0, 0.06%, 9, 0, 8, 268.00
1733606001, 42, 78, 80, 22, 0, 0.06%, 9, 0, 8, 372.06
1733606016, 42, 79, 80, 22, 0, 0.06%, 9, 0, 8, 336.63
1733606031, 43, 25, 80, 22, 0, 0.06%, 9, 0, 8, 450.97
1733606046, 43, 46, 80, 22, 0, 0.06%, 9, 0, 8, 335.00
1733606067, 43, 47, 80, 22, 0, 0.06%, 9, 0, 8, 414.70
1733606082, 43, 48, 80, 22, 0, 0.06%, 9, 0, 8, 416.11
1733606098, 43, 49, 80, 22, 0, 0.06%, 9, 0, 8, 385.91
1733606118, 43, 67, 80, 22, 0, 0.06%, 9, 0, 8, 441.11
1733606133, 43, 68, 80, 22, 0, 0.06%, 9, 0, 8, 388.18
1733606148, 43, 69, 80, 22, 0, 0.06%, 9, 0, 8, 340.72
1733606164, 43, 74, 80, 22, 0, 0.06%, 9, 0, 8, 404.70
1733606184, 43, 75, 80, 22, 0, 0.06%, 9, 0, 8, 405.15
1733606210, 43, 78, 80, 22, 0, 0.06%, 9, 0, 8, 369.31
1733606230, 43, 79, 80, 22, 0, 0.06%, 9, 0, 8, 425.60
1733606245, 44, 25, 80, 22, 0, 0.06%, 9, 0, 8, 465.54
1733606261, 44, 46, 80, 22, 0, 0.06%, 9, 0, 8, 419.72
1733606276, 44, 47, 80, 22, 0, 0.06%, 9, 0, 8, 354.12
1733606296, 44, 48, 80, 22, 0, 0.06%, 9, 0, 8, 449.13
1733606311, 44, 49, 80, 22, 0, 0.06%, 9, 0, 8, 439.64
1733606327, 44, 67, 80, 22, 0, 0.06%, 9, 0, 8, 429.28
1733606342, 44, 68, 80, 22, 0, 0.06%, 9, 0, 8, 316.84
1733606362, 44, 69, 80, 22, 0, 0.06%, 9, 0, 8, 407.07
1733606383, 44, 74, 80, 22, 0, 0.06%, 9, 0, 8, 424.99
1733606398, 44, 75, 80, 22, 0, 0.06%, 9, 0, 8, 437.60
1733606418, 44, 78, 80, 22, 0, 0.06%, 9, 0, 8, 357.67
1733606434, 44, 79, 80, 22, 0, 0.06%, 9, 0, 8, 416.52
1733606454, 45, 25, 80, 22, 0, 0.06%, 9, 0, 8, 458.64
1733606469, 45, 46, 80, 22, 0, 0.06%, 9, 0, 8, 446.55
1733606485, 45, 47, 80, 22, 0, 0.06%, 9, 0, 8, 408.87
1733606500, 45, 48, 80, 22, 0, 0.06%, 9, 0, 8, 439.91
1733606515, 45, 49, 80, 22, 0, 0.06%, 9, 0, 8, 425.46
1733606530, 45, 67, 80, 22, 0, 0.06%, 9, 0, 8, 346.68
1733606550, 45, 68, 80, 22, 0, 0.06%, 9, 0, 8, 441.76
1733606566, 45, 69, 80, 22, 0, 0.06%, 9, 0, 8, 360.01
1733606586, 45, 74, 80, 22, 0, 0.06%, 9, 0, 8, 415.42
1733606601, 45, 75, 80, 22, 0, 0.06%, 9, 0, 8, 399.81
1733606627, 45, 78, 80, 22, 0, 0.06%, 9, 0, 8, 460.59
1733606642, 45, 79, 80, 22, 0, 0.06%, 9, 0, 8, 308.28
1733606662, 46, 25, 80, 22, 0, 0.06%, 9, 0, 8, 458.69
1733606677, 46, 46, 80, 22, 0, 0.06%, 9, 0, 8, 418.23
1733606693, 46, 47, 80, 22, 0, 0.06%, 9, 0, 8, 398.56
1733606708, 46, 48, 80, 22, 0, 0.06%, 9, 0, 8, 426.02
1733606723, 46, 49, 80, 22, 0, 0.06%, 9, 0, 8, 385.52
1733606738, 46, 67, 80, 22, 0, 0.06%, 9, 0, 8, 412.72
1733606758, 46, 68, 80, 22, 0, 0.06%, 9, 0, 8, 437.83
1733606774, 46, 69, 80, 22, 0, 0.06%, 9, 0, 8, 374.06
1733606794, 46, 74, 80, 22, 0, 0.06%, 9, 0, 8, 414.66
1733606809, 46, 75, 80, 22, 0, 0.06%, 9, 0, 8, 411.38
1733606835, 46, 78, 80, 22, 0, 0.06%, 9, 0, 8, 455.53
1733606850, 46, 79, 80, 22, 0, 0.06%, 9, 0, 8, 309.04
1733606865, 47, 25, 80, 22, 0, 0.06%, 9, 0, 8, 379.60
1733606885, 47, 46, 80, 22, 0, 0.06%, 9, 0, 8, 367.61
1733606891, 47, 47, 80, 22, 0, 0.06%, 9, 0, 8, 356.98
1733606901, 47, 48, 80, 22, 0, 0.06%, 9, 0, 8, 419.02
1733606911, 47, 49, 80, 22, 0, 0.06%, 9, 0, 8, 368.99
1733606916, 47, 67, 80, 22, 0, 0.06%, 9, 0, 8, 392.65
1733606926, 47, 68, 80, 22, 0, 0.06%, 9, 0, 8, 385.01
1733606936, 47, 69, 80, 22, 0, 0.06%, 9, 0, 8, 396.13
1733606946, 47, 74, 80, 22, 0, 0.06%, 9, 0, 8, 446.04
1733606962, 47, 75, 80, 22, 0, 0.06%, 9, 0, 8, 373.99
1733606987, 47, 78, 80, 22, 0, 0.06%, 9, 0, 8, 411.78
1733607002, 47, 79, 80, 22, 0, 0.06%, 9, 0, 8, 331.73
1733607022, 48, 25, 80, 22, 0, 0.06%, 9, 0, 8, 349.64
1733607028, 48, 46, 80, 22, 0, 0.06%, 9, 0, 8, 371.92
1733607033, 48, 47, 80, 22, 0, 0.06%, 9, 0, 8, 370.90
1733607038, 48, 48, 80, 22, 0, 0.06%, 9, 0, 8, 372.84
1733607043, 48, 49, 80, 22, 0, 0.06%, 9, 0, 8, 356.86
1733607048, 48, 67, 80, 22, 0, 0.06%, 9, 0, 8, 386.10
1733607053, 48, 68, 80, 22, 0, 0.06%, 9, 0, 8, 385.03
1733607063, 48, 69, 80, 22, 0, 0.06%, 9, 0, 8, 344.10
1733607073, 48, 74, 80, 22, 0, 0.06%, 9, 0, 8, 395.87
1733607084, 48, 75, 80, 22, 0, 0.06%, 9, 0, 8, 434.31
1733607094, 48, 78, 80, 22, 0, 0.06%, 9, 0, 8, 348.77
1733607114, 48, 79, 80, 22, 0, 0.06%, 9, 0, 8, 405.02
1733607129, 49, 25, 80, 22, 0, 0.06%, 9, 0, 8, 376.28
1733607134, 49, 47, 80, 22, 0, 0.06%, 9, 0, 8, 367.88
1733607140, 49, 48, 80, 22, 0, 0.06%, 9, 0, 8, 393.52
1733607145, 49, 49, 80, 22, 0, 0.06%, 9, 0, 8, 395.58
1733607150, 49, 67, 80, 22, 0, 0.06%, 9, 0, 8, 369.96
1733607155, 49, 68, 80, 22, 0, 0.06%, 9, 0, 8, 373.34
1733607160, 49, 69, 80, 22, 0, 0.06%, 9, 0, 8, 347.25
1733607165, 49, 74, 80, 22, 0, 0.06%, 9, 0, 8, 379.87
1733607175, 49, 75, 80, 22, 0, 0.06%, 9, 0, 8, 421.05
1733607185, 49, 78, 80, 22, 0, 0.06%, 9, 0, 8, 353.69
1733607205, 49, 79, 80, 22, 0, 0.06%, 9, 0, 8, 383.33
1733607221, 50, 25, 80, 22, 0, 0.06%, 9, 0, 8, 350.63
1733607226, 50, 46, 80, 22, 0, 0.06%, 9, 0, 8, 383.90
1733607231, 50, 47, 80, 22, 0, 0.06%, 9, 0, 8, 388.37
1733607236, 50, 48, 80, 22, 0, 0.06%, 9, 0, 8, 369.18
1733607241, 50, 49, 80, 22, 0, 0.06%, 9, 0, 8, 350.61
1733607246, 50, 67, 80, 22, 0, 0.06%, 9, 0, 8, 370.23
1733607251, 50, 68, 80, 22, 0, 0.06%, 9, 0, 8, 380.96
1733607256, 50, 69, 80, 22, 0, 0.06%, 9, 0, 8, 370.60
1733607261, 50, 74, 80, 22, 0, 0.06%, 9, 0, 8, 425.39
1733607272, 50, 75, 80, 22, 0, 0.06%, 9, 0, 8, 433.73
1733607343, 50, 76, 80, 22, 0, 0.06%, 9, 0, 8, 283.61
1733607363, 50, 77, 80, 22, 0, 0.06%, 9, 0, 8, 412.72
1733607805, 50, 78, 80, 21, 0, 0.06%, 9, 0, 8, 356.42
1733607811, 50, 79, 80, 21, 0, 0.06%, 9, 0, 8, 326.98
1733607816, 51, 14, 80, 21, 0, 0.06%, 9, 0, 8, 336.00
1733607826, 51, 17, 80, 21, 0, 0.06%, 9, 0, 8, 387.00
1733607841, 51, 19, 80, 21, 0, 0.06%, 9, 0, 8, 294.83
1733607861, 51, 21, 80, 21, 0, 0.06%, 9, 0, 8, 348.98
1733607887, 51, 22, 80, 21, 0, 0.06%, 9, 0, 8, 378.84
1733607902, 51, 23, 80, 21, 0, 0.06%, 9, 0, 8, 448.30
1733607928, 51, 25, 80, 21, 0, 0.06%, 9, 0, 8, 369.65
1733607933, 51, 27, 80, 21, 0, 0.06%, 9, 0, 8, 423.29
1733607964, 51, 28, 80, 20, 0, 0.06%, 9, 0, 8, 445.70
1733608080, 51, 29, 80, 20, 0, 0.06%, 9, 0, 8, 315.33
1733608514, 51, 30, 80, 20, 0, 0.06%, 9, 0, 8, 307.78
1733608534, 51, 31, 80, 20, 0, 0.06%, 9, 0, 8, 407.31
1733608549, 51, 36, 80, 20, 0, 0.06%, 9, 0, 8, 364.49
1733608570, 51, 38, 80, 20, 0, 0.06%, 9, 0, 8, 400.03
1733608585, 51, 39, 80, 20, 0, 0.06%, 9, 0, 8, 265.04
1733608606, 51, 40, 80, 20, 0, 0.06%, 9, 0, 8, 444.62
1733608647, 51, 41, 80, 19, 0, 0.06%, 9, 0, 8, 306.36
1733609301, 51, 44, 80, 18, 0, 0.06%, 9, 0, 8, 372.24
1733609327, 51, 45, 80, 18, 0, 0.06%, 9, 0, 8, 397.19
1733609352, 51, 46, 80, 18, 0, 0.06%, 9, 0, 8, 362.94
1733609357, 51, 47, 80, 18, 0, 0.06%, 9, 0, 8, 357.14
1733609362, 51, 48, 80, 18, 0, 0.06%, 9, 0, 8, 356.37
1733609367, 51, 50, 80, 18, 0, 0.06%, 9, 0, 8, 361.86
1733609388, 51, 51, 80, 18, 0, 0.06%, 9, 0, 8, 378.04
1733609403, 51, 52, 80, 18, 0, 0.06%, 9, 0, 8, 379.36
1733609418, 51, 53, 80, 18, 0, 0.06%, 9, 0, 8, 398.08
1733609444, 51, 54, 80, 18, 0, 0.06%, 9, 0, 8, 397.50
1733609459, 51, 55, 80, 18, 0, 0.06%, 9, 0, 8, 285.83
1733609479, 51, 56, 80, 18, 0, 0.06%, 9, 0, 8, 392.39
1733609495, 51, 57, 80, 18, 0, 0.06%, 9, 0, 8, 269.92
1733609515, 51, 58, 80, 18, 0, 0.06%, 9, 0, 8, 380.31
1733609541, 51, 59, 80, 18, 0, 0.06%, 9, 0, 8, 417.67
1733609556, 51, 60, 80, 18, 0, 0.06%, 9, 0, 8, 395.21
1733609571, 51, 61, 80, 18, 0, 0.06%, 9, 0, 8, 322.46
1733609591, 51, 62, 80, 18, 0, 0.06%, 9, 0, 8, 369.16
1733609617, 51, 63, 80, 18, 0, 0.06%, 9, 0, 8, 370.15
1733609883, 51, 67, 80, 17, 0, 0.06%, 9, 0, 8, 357.49
1733609889, 51, 68, 80, 17, 0, 0.06%, 9, 0, 8, 365.83
1733609894, 51, 69, 80, 17, 0, 0.06%, 9, 0, 8, 385.17
1733609899, 51, 71, 80, 17, 0, 0.06%, 9, 0, 8, 407.87
1733609914, 51, 72, 80, 17, 0, 0.06%, 9, 0, 8, 351.00
1733610026, 51, 73, 80, 16, 0, 0.06%, 9, 0, 8, 383.76
1733610143, 51, 74, 80, 15, 0, 0.06%, 9, 0, 8, 359.79
1733610148, 51, 75, 80, 15, 0, 0.06%, 9, 0, 8, 385.84
1733610153, 51, 76, 80, 15, 0, 0.06%, 9, 0, 8, 369.68
1733610174, 51, 77, 80, 15, 0, 0.06%, 9, 0, 8, 346.91
1733610199, 51, 78, 80, 15, 0, 0.06%, 9, 0, 8, 378.21
1733610204, 51, 79, 80, 15, 0, 0.06%, 9, 0, 8, 361.50
1733610209, 52, 21, 80, 15, 0, 0.06%, 9, 0, 8, 394.44
1733610230, 52, 22, 80, 15, 0, 0.06%, 9, 0, 8, 388.69
1733610250, 52, 23, 80, 15, 0, 0.06%, 9, 0, 8, 359.15
1733610276, 52, 25, 80, 15, 0, 0.06%, 9, 0, 8, 350.47
1733610281, 52, 30, 80, 15, 0, 0.06%, 9, 0, 8, 308.10
1733610296, 52, 31, 80, 15, 0, 0.06%, 9, 0, 8, 373.14
1733610311, 52, 36, 80, 15, 0, 0.06%, 9, 0, 8, 326.40
1733610331, 52, 44, 80, 15, 0, 0.06%, 9, 0, 8, 376.07
1733610357, 52, 45, 80, 15, 0, 0.06%, 9, 0, 8, 279.85
1733610377, 52, 46, 80, 15, 0, 0.06%, 9, 0, 8, 339.39
1733610382, 52, 47, 80, 15, 0, 0.06%, 9, 0, 8, 352.45
1733610387, 52, 48, 80, 15, 0, 0.06%, 9, 0, 8, 386.07
1733610392, 52, 49, 80, 15, 0, 0.06%, 9, 0, 8, 379.86
1733610397, 52, 50, 80, 15, 0, 0.06%, 9, 0, 8, 388.00
1733610413, 52, 51, 80, 15, 0, 0.06%, 9, 0, 8, 353.69
1733610433, 52, 52, 80, 15, 0, 0.06%, 9, 0, 8, 409.94
1733610448, 52, 58, 80, 15, 0, 0.06%, 9, 0, 8, 402.71
1733610474, 52, 59, 80, 15, 0, 0.06%, 9, 0, 8, 412.25
1733610489, 52, 60, 80, 15, 0, 0.06%, 9, 0, 8, 358.27
1733610504, 52, 61, 80, 15, 0, 0.06%, 9, 0, 8, 382.64
1733610525, 52, 62, 80, 15, 0, 0.06%, 9, 0, 8, 350.72
1733610550, 52, 63, 80, 15, 0, 0.06%, 9, 0, 8, 270.29
1733610571, 52, 67, 80, 15, 0, 0.06%, 9, 0, 8, 347.91
1733610576, 52, 68, 80, 15, 0, 0.06%, 9, 0, 8, 377.00
1733610581, 52, 69, 80, 15, 0, 0.06%, 9, 0, 8, 377.99
1733610586, 52, 71, 80, 15, 0, 0.06%, 9, 0, 8, 407.32
1733610601, 52, 74, 80, 15, 0, 0.06%, 9, 0, 8, 369.51
1733610606, 52, 75, 80, 15, 0, 0.06%, 9, 0, 8, 371.79
1733610611, 52, 76, 80, 15, 0, 0.06%, 9, 0, 8, 375.54
1733610637, 52, 77, 80, 15, 0, 0.06%, 9, 0, 8, 314.36
1733610657, 52, 78, 80, 15, 0, 0.06%, 9, 0, 8, 344.57
1733610662, 52, 79, 80, 15, 0, 0.06%, 9, 0, 8, 352.41
1733610672, 53, 21, 80, 15, 0, 0.06%, 9, 0, 8, 298.10
1733610692, 53, 22, 80, 15, 0, 0.06%, 9, 0, 8, 393.42
1733610713, 53, 23, 80, 15, 0, 0.06%, 9, 0, 8, 346.87
1733610738, 53, 30, 80, 15, 0, 0.06%, 9, 0, 8, 352.43
1733610758, 53, 31, 80, 15, 0, 0.06%, 9, 0, 8, 392.99
1733610774, 53, 36, 80, 15, 0, 0.06%, 9, 0, 8, 333.20
1733610794, 53, 44, 80, 15, 0, 0.06%, 9, 0, 8, 273.47
1733610814, 53, 45, 80, 15, 0, 0.06%, 9, 0, 8, 405.39
1733610835, 53, 46, 80, 15, 0, 0.06%, 9, 0, 8, 407.14
1733610840, 53, 47, 80, 15, 0, 0.06%, 9, 0, 8, 380.29
1733610845, 53, 48, 80, 15, 0, 0.06%, 9, 0, 8, 381.45
1733610850, 53, 49, 80, 15, 0, 0.06%, 9, 0, 8, 375.56
1733610855, 53, 50, 80, 15, 0, 0.06%, 9, 0, 8, 389.98
1733610876, 53, 51, 80, 15, 0, 0.06%, 9, 0, 8, 406.41
1733610891, 53, 52, 80, 15, 0, 0.06%, 9, 0, 8, 384.92
1733610906, 53, 58, 80, 15, 0, 0.06%, 9, 0, 8, 397.30
1733610932, 53, 59, 80, 15, 0, 0.06%, 9, 0, 8, 397.97
1733610947, 53, 60, 80, 15, 0, 0.06%, 9, 0, 8, 327.85
1733610967, 53, 61, 80, 15, 0, 0.06%, 9, 0, 8, 320.22
1733610988, 53, 62, 80, 15, 0, 0.06%, 9, 0, 8, 294.70
1733611008, 53, 63, 80, 15, 0, 0.06%, 9, 0, 8, 397.08
1733611028, 53, 67, 80, 15, 0, 0.06%, 9, 0, 8, 395.35
1733611033, 53, 68, 80, 15, 0, 0.06%, 9, 0, 8, 349.62
1733611038, 53, 69, 80, 15, 0, 0.06%, 9, 0, 8, 332.51
1733611044, 53, 71, 80, 15, 0, 0.06%, 9, 0, 8, 392.00
1733611064, 53, 74, 80, 15, 0, 0.06%, 9, 0, 8, 352.63
1733611069, 53, 75, 80, 15, 0, 0.06%, 9, 0, 8, 375.93
1733611074, 53, 76, 80, 15, 0, 0.06%, 9, 0, 8, 321.62
1733611099, 53, 77, 80, 15, 0, 0.06%, 9, 0, 8, 254.83
1733611120, 53, 78, 80, 15, 0, 0.06%, 9, 0, 8, 364.20
1733611125, 53, 79, 80, 15, 0, 0.06%, 9, 0, 8, 336.64
1733611130, 54, 21, 80, 15, 0, 0.06%, 9, 0, 8, 407.47
1733611155, 54, 22, 80, 15, 0, 0.06%, 9, 0, 8, 417.42
1733611170, 54, 23, 80, 15, 0, 0.06%, 9, 0, 8, 435.30
1733611196, 54, 25, 80, 15, 0, 0.06%, 9, 0, 8, 380.67
1733611201, 54, 30, 80, 15, 0, 0.06%, 9, 0, 8, 332.12
1733611221, 54, 31, 80, 15, 0, 0.06%, 9, 0, 8, 378.45
1733611236, 54, 36, 80, 15, 0, 0.06%, 9, 0, 8, 353.89
1733611257, 54, 44, 80, 15, 0, 0.06%, 9, 0, 8, 270.60
1733611277, 54, 45, 80, 15, 0, 0.06%, 9, 0, 8, 392.77
1733611302, 54, 46, 80, 15, 0, 0.06%, 9, 0, 8, 369.20
1733611308, 54, 47, 80, 15, 0, 0.06%, 9, 0, 8, 356.22
1733611313, 54, 49, 80, 15, 0, 0.06%, 9, 0, 8, 350.51
1733611318, 54, 50, 80, 15, 0, 0.06%, 9, 0, 8, 358.57
1733611338, 54, 51, 80, 15, 0, 0.06%, 9, 0, 8, 424.17
1733611353, 54, 52, 80, 15, 0, 0.06%, 9, 0, 8, 419.43
1733611368, 54, 58, 80, 15, 0, 0.06%, 9, 0, 8, 320.89
1733611393, 54, 59, 80, 15, 0, 0.06%, 9, 0, 8, 412.18
1733611409, 54, 60, 80, 15, 0, 0.06%, 9, 0, 8, 318.42
1733611429, 54, 61, 80, 15, 0, 0.06%, 9, 0, 8, 420.61
1733611444, 54, 62, 80, 15, 0, 0.06%, 9, 0, 8, 351.32
1733611470, 54, 63, 80, 15, 0, 0.06%, 9, 0, 8, 295.16
1733611490, 54, 67, 80, 15, 0, 0.06%, 9, 0, 8, 365.41
1733611495, 54, 68, 80, 15, 0, 0.06%, 9, 0, 8, 380.93
1733611500, 54, 69, 80, 15, 0, 0.06%, 9, 0, 8, 378.76
1733611505, 54, 71, 80, 15, 0, 0.06%, 9, 0, 8, 402.15
1733611521, 54, 74, 80, 15, 0, 0.06%, 9, 0, 8, 302.23
1733611526, 54, 75, 80, 15, 0, 0.06%, 9, 0, 8, 340.72
1733611536, 54, 76, 80, 15, 0, 0.06%, 9, 0, 8, 297.81
1733611556, 54, 77, 80, 15, 0, 0.06%, 9, 0, 8, 307.12
1733611576, 54, 78, 80, 15, 0, 0.06%, 9, 0, 8, 335.77
1733611581, 54, 79, 80, 15, 0, 0.06%, 9, 0, 8, 340.57
1733611586, 55, 21, 80, 15, 0, 0.06%, 9, 0, 8, 383.72
1733611612, 55, 22, 80, 15, 0, 0.06%, 9, 0, 8, 349.68
1733611632, 55, 23, 80, 15, 0, 0.06%, 9, 0, 8, 292.87
1733611653, 55, 25, 80, 15, 0, 0.06%, 9, 0, 8, 370.96
1733611658, 55, 30, 80, 15, 0, 0.06%, 9, 0, 8, 330.16
1733611678, 55, 31, 80, 15, 0, 0.06%, 9, 0, 8, 409.76
1733611694, 55, 36, 80, 15, 0, 0.06%, 9, 0, 8, 394.71
1733611709, 55, 44, 80, 15, 0, 0.06%, 9, 0, 8, 407.17
1733611734, 55, 45, 80, 15, 0, 0.06%, 9, 0, 8, 355.31
1733611759, 55, 47, 80, 15, 0, 0.06%, 9, 0, 8, 370.61
1733611764, 55, 48, 80, 15, 0, 0.06%, 9, 0, 8, 382.60
1733611770, 55, 49, 80, 15, 0, 0.06%, 9, 0, 8, 398.72
1733611775, 55, 50, 80, 15, 0, 0.06%, 9, 0, 8, 383.18
1733611790, 55, 51, 80, 15, 0, 0.06%, 9, 0, 8, 340.87
1733611810, 55, 52, 80, 15, 0, 0.06%, 9, 0, 8, 408.71
1733611825, 55, 58, 80, 15, 0, 0.06%, 9, 0, 8, 355.05
1733611846, 55, 59, 80, 15, 0, 0.06%, 9, 0, 8, 424.74
1733611866, 55, 60, 80, 15, 0, 0.06%, 9, 0, 8, 458.80
1733611881, 55, 61, 80, 15, 0, 0.06%, 9, 0, 8, 370.06
1733611902, 55, 62, 80, 15, 0, 0.06%, 9, 0, 8, 295.89
1733611927, 55, 63, 80, 15, 0, 0.06%, 9, 0, 8, 255.57
1733611947, 55, 67, 80, 15, 0, 0.06%, 9, 0, 8, 377.65
1733611952, 55, 68, 80, 15, 0, 0.06%, 9, 0, 8, 365.05
1733611958, 55, 69, 80, 15, 0, 0.06%, 9, 0, 8, 374.01
1733611963, 55, 71, 80, 15, 0, 0.06%, 9, 0, 8, 430.46
1733611978, 55, 74, 80, 15, 0, 0.06%, 9, 0, 8, 296.10
1733611983, 55, 75, 80, 15, 0, 0.06%, 9, 0, 8, 322.97
1733611993, 55, 76, 80, 15, 0, 0.06%, 9, 0, 8, 277.80
1733612014, 55, 78, 80, 15, 0, 0.06%, 9, 0, 8, 369.45
1733612019, 55, 79, 80, 15, 0, 0.06%, 9, 0, 8, 347.13
1733612024, 56, 21, 80, 15, 0, 0.06%, 9, 0, 8, 407.60
1733612049, 56, 22, 80, 15, 0, 0.06%, 9, 0, 8, 424.71
1733612064, 56, 23, 80, 15, 0, 0.06%, 9, 0, 8, 436.94
1733612090, 56, 25, 80, 15, 0, 0.06%, 9, 0, 8, 349.77
1733612095, 56, 36, 80, 15, 0, 0.06%, 9, 0, 8, 395.81
1733612110, 56, 44, 80, 15, 0, 0.06%, 9, 0, 8, 391.35
1733612136, 56, 45, 80, 15, 0, 0.06%, 9, 0, 8, 386.50
1733612161, 56, 46, 80, 15, 0, 0.06%, 9, 0, 8, 354.15
1733612166, 56, 47, 80, 15, 0, 0.06%, 9, 0, 8, 346.35
1733612171, 56, 48, 80, 15, 0, 0.06%, 9, 0, 8, 350.00
1733612176, 56, 58, 80, 15, 0, 0.06%, 9, 0, 8, 352.51
1733612202, 56, 67, 80, 15, 0, 0.06%, 9, 0, 8, 304.08
1733612207, 56, 68, 80, 15, 0, 0.06%, 9, 0, 8, 330.87
1733612212, 56, 69, 80, 15, 0, 0.06%, 9, 0, 8, 362.51
1733612222, 56, 74, 80, 15, 0, 0.06%, 9, 0, 8, 379.00
1733612227, 56, 75, 80, 15, 0, 0.06%, 9, 0, 8, 408.06
1733612232, 56, 78, 80, 15, 0, 0.06%, 9, 0, 8, 386.84
1733612237, 56, 79, 80, 15, 0, 0.06%, 9, 0, 8, 378.36
1733612242, 57, 25, 80, 15, 0, 0.06%, 9, 0, 8, 371.46
1733612247, 57, 46, 80, 15, 0, 0.06%, 9, 0, 8, 370.99
1733612252, 57, 47, 80, 15, 0, 0.06%, 9, 0, 8, 366.15
1733612257, 57, 48, 80, 15, 0, 0.06%, 9, 0, 8, 360.16
1733612262, 57, 49, 80, 15, 0, 0.06%, 9, 0, 8, 373.48
1733612267, 57, 68, 80, 15, 0, 0.06%, 9, 0, 8, 356.10
1733612278, 57, 69, 80, 15, 0, 0.06%, 9, 0, 8, 350.62
1733612283, 57, 74, 80, 15, 0, 0.06%, 9, 0, 8, 367.12
1733612288, 57, 75, 80, 15, 0, 0.06%, 9, 0, 8, 385.17
1733612293, 57, 78, 80, 15, 0, 0.06%, 9, 0, 8, 331.50
1733612298, 57, 79, 80, 15, 0, 0.06%, 9, 0, 8, 355.79
1733612303, 58, 25, 80, 15, 0, 0.06%, 9, 0, 8, 364.39
1733612308, 58, 46, 80, 15, 0, 0.06%, 9, 0, 8, 382.58
1733612313, 58, 47, 80, 15, 0, 0.06%, 9, 0, 8, 393.07
1733612318, 58, 48, 80, 15, 0, 0.06%, 9, 0, 8, 382.10
1733612323, 58, 49, 80, 15, 0, 0.06%, 9, 0, 8, 359.96
1733612328, 58, 67, 80, 15, 0, 0.06%, 9, 0, 8, 354.89
1733612334, 58, 68, 80, 15, 0, 0.06%, 9, 0, 8, 357.21
1733612339, 58, 69, 80, 15, 0, 0.06%, 9, 0, 8, 373.29
1733612344, 58, 74, 80, 15, 0, 0.06%, 9, 0, 8, 357.82
1733612349, 58, 75, 80, 15, 0, 0.06%, 9, 0, 8, 400.15
1733612354, 58, 78, 80, 15, 0, 0.06%, 9, 0, 8, 368.67
1733612359, 58, 79, 80, 15, 0, 0.06%, 9, 0, 8, 371.53
1733612369, 59, 46, 80, 15, 0, 0.06%, 9, 0, 8, 345.03
1733612374, 59, 47, 80, 15, 0, 0.06%, 9, 0, 8, 360.29
1733612380, 59, 48, 80, 15, 0, 0.06%, 9, 0, 8, 402.93
1733612385, 59, 49, 80, 15, 0, 0.06%, 9, 0, 8, 382.06
1733612390, 59, 67, 80, 15, 0, 0.06%, 9, 0, 8, 373.06
1733612395, 59, 68, 80, 15, 0, 0.06%, 9, 0, 8, 358.20
1733612400, 59, 69, 80, 15, 0, 0.06%, 9, 0, 8, 374.98
1733612405, 59, 74, 80, 15, 0, 0.06%, 9, 0, 8, 396.48
1733612410, 59, 75, 80, 15, 0, 0.06%, 9, 0, 8, 405.87
1733612415, 59, 78, 80, 15, 0, 0.06%, 9, 0, 8, 360.45
1733612420, 59, 79, 80, 15, 0, 0.06%, 9, 0, 8, 407.66
1733612430, 60, 46, 80, 15, 0, 0.06%, 9, 0, 8, 371.94
1733612435, 60, 47, 80, 15, 0, 0.06%, 9, 0, 8, 365.03
1733612440, 60, 48, 80, 15, 0, 0.06%, 9, 0, 8, 375.95
1733612446, 60, 49, 80, 15, 0, 0.06%, 9, 0, 8, 379.12
1733612451, 60, 67, 80, 15, 0, 0.06%, 9, 0, 8, 352.83
1733612456, 60, 68, 80, 15, 0, 0.06%, 9, 0, 8, 352.22
1733612461, 60, 69, 80, 15, 0, 0.06%, 9, 0, 8, 379.09
1733612466, 60, 74, 80, 15, 0, 0.06%, 9, 0, 8, 398.58
1733612471, 60, 75, 80, 15, 0, 0.06%, 9, 0, 8, 416.78
1733612476, 60, 78, 80, 15, 0, 0.06%, 9, 0, 8, 360.76
1733612481, 60, 79, 80, 15, 0, 0.06%, 9, 0, 8, 377.34
1733612491, 61, 46, 80, 15, 0, 0.06%, 9, 0, 8, 346.00
1733612496, 61, 47, 80, 15, 0, 0.06%, 9, 0, 8, 343.85
1733612501, 61, 48, 80, 15, 0, 0.06%, 9, 0, 8, 365.19
1733612507, 61, 49, 80, 15, 0, 0.06%, 9, 0, 8, 376.43
1733612512, 61, 67, 80, 15, 0, 0.06%, 9, 0, 8, 382.68
1733612517, 61, 68, 80, 15, 0, 0.06%, 9, 0, 8, 375.09
1733612522, 61, 69, 80, 15, 0, 0.06%, 9, 0, 8, 387.26
1733612527, 61, 74, 80, 15, 0, 0.06%, 9, 0, 8, 365.48
1733612532, 61, 75, 80, 15, 0, 0.06%, 9, 0, 8, 373.88
1733612542, 61, 78, 80, 15, 0, 0.06%, 9, 0, 8, 372.13
1733612547, 61, 79, 80, 15, 0, 0.06%, 9, 0, 8, 372.85
1733612552, 62, 25, 80, 15, 0, 0.06%, 9, 0, 8, 379.93
1733612557, 62, 47, 80, 15, 0, 0.06%, 9, 0, 8, 344.43
1733612562, 62, 48, 80, 15, 0, 0.06%, 9, 0, 8, 389.94
1733612567, 62, 49, 80, 15, 0, 0.06%, 9, 0, 8, 402.32
1733612572, 62, 67, 80, 15, 0, 0.06%, 9, 0, 8, 392.40
1733612577, 62, 68, 80, 15, 0, 0.06%, 9, 0, 8, 355.48
1733612583, 62, 69, 80, 15, 0, 0.06%, 9, 0, 8, 397.58
1733612588, 62, 74, 80, 15, 0, 0.06%, 9, 0, 8, 396.69
1733612593, 62, 75, 80, 15, 0, 0.06%, 9, 0, 8, 408.08
1733612598, 62, 78, 80, 15, 0, 0.06%, 9, 0, 8, 362.52
1733612608, 62, 79, 80, 15, 0, 0.06%, 9, 0, 8, 369.85
1733612613, 63, 46, 80, 15, 0, 0.06%, 9, 0, 8, 390.73
1733612618, 63, 47, 80, 15, 0, 0.06%, 9, 0, 8, 373.64
1733612623, 63, 48, 80, 15, 0, 0.06%, 9, 0, 8, 394.28
1733612628, 63, 49, 80, 15, 0, 0.06%, 9, 0, 8, 367.31
1733612633, 63, 67, 80, 15, 0, 0.06%, 9, 0, 8, 368.37
1733612638, 63, 68, 80, 15, 0, 0.06%, 9, 0, 8, 359.19
1733612643, 63, 69, 80, 15, 0, 0.06%, 9, 0, 8, 388.49
1733612648, 63, 74, 80, 15, 0, 0.06%, 9, 0, 8, 389.02
1733612653, 63, 75, 80, 15, 0, 0.06%, 9, 0, 8, 376.35
1733612658, 63, 78, 80, 15, 0, 0.06%, 9, 0, 8, 382.31
1733612669, 63, 79, 80, 15, 0, 0.06%, 9, 0, 8, 371.87
1733612674, 64, 25, 80, 15, 0, 0.06%, 9, 0, 8, 368.05
1733612679, 64, 47, 80, 15, 0, 0.06%, 9, 0, 8, 339.50
1733612684, 64, 48, 80, 15, 0, 0.06%, 9, 0, 8, 405.28
1733612689, 64, 49, 80, 15, 0, 0.06%, 9, 0, 8, 392.27
1733612694, 64, 67, 80, 15, 0, 0.06%, 9, 0, 8, 371.18
1733612699, 64, 68, 80, 15, 0, 0.06%, 9, 0, 8, 361.77
1733612704, 64, 69, 80, 15, 0, 0.06%, 9, 0, 8, 379.11
1733612709, 64, 74, 80, 15, 0, 0.06%, 9, 0, 8, 379.76
1733612714, 64, 75, 80, 15, 0, 0.06%, 9, 0, 8, 381.40
1733612724, 64, 78, 80, 15, 0, 0.06%, 9, 0, 8, 335.52
1733612729, 64, 79, 80, 15, 0, 0.06%, 9, 0, 8, 386.07
1733612735, 65, 25, 80, 15, 0, 0.06%, 9, 0, 8, 378.50
1733612740, 65, 47, 80, 15, 0, 0.06%, 9, 0, 8, 374.96
1733612745, 65, 48, 80, 15, 0, 0.06%, 9, 0, 8, 382.47
1733612750, 65, 49, 80, 15, 0, 0.06%, 9, 0, 8, 380.73
1733612755, 65, 67, 80, 15, 0, 0.06%, 9, 0, 8, 375.27
1733612760, 65, 68, 80, 15, 0, 0.06%, 9, 0, 8, 390.51
1733612765, 65, 69, 80, 15, 0, 0.06%, 9, 0, 8, 360.12
1733612770, 65, 74, 80, 15, 0, 0.06%, 9, 0, 8, 390.47
1733612775, 65, 75, 80, 15, 0, 0.06%, 9, 0, 8, 386.01
1733612785, 65, 78, 80, 15, 0, 0.06%, 9, 0, 8, 375.46
1733612790, 65, 79, 80, 15, 0, 0.06%, 9, 0, 8, 364.77
1733612795, 66, 25, 80, 15, 0, 0.06%, 9, 0, 8, 343.32
1733612800, 66, 46, 80, 15, 0, 0.06%, 9, 0, 8, 342.13
1733612805, 66, 47, 80, 15, 0, 0.06%, 9, 0, 8, 347.65
1733612810, 66, 49, 80, 15, 0, 0.06%, 9, 0, 8, 354.24
1733612816, 66, 67, 80, 15, 0, 0.06%, 9, 0, 8, 401.75
1733612821, 66, 68, 80, 15, 0, 0.06%, 9, 0, 8, 391.88
1733612826, 66, 69, 80, 15, 0, 0.06%, 9, 0, 8, 343.11
1733612831, 66, 74, 80, 15, 0, 0.06%, 9, 0, 8, 383.63
1733612836, 66, 75, 80, 15, 0, 0.06%, 9, 0, 8, 356.02
1733612846, 66, 78, 80, 15, 0, 0.06%, 9, 0, 8, 381.92
1733612851, 66, 79, 80, 15, 0, 0.06%, 9, 0, 8, 384.34
1733612856, 67, 25, 80, 15, 0, 0.06%, 9, 0, 8, 352.28
1733612861, 67, 47, 80, 15, 0, 0.06%, 9, 0, 8, 340.41
1733612866, 67, 48, 80, 15, 0, 0.06%, 9, 0, 8, 406.02
1733612871, 67, 49, 80, 15, 0, 0.06%, 9, 0, 8, 383.04
1733612877, 67, 67, 80, 15, 0, 0.06%, 9, 0, 8, 376.16
1733612882, 67, 68, 80, 15, 0, 0.06%, 9, 0, 8, 389.86
1733612887, 67, 69, 80, 15, 0, 0.06%, 9, 0, 8, 372.15
1733612892, 67, 74, 80, 15, 0, 0.06%, 9, 0, 8, 360.20
1733612897, 67, 75, 80, 15, 0, 0.06%, 9, 0, 8, 324.69
1733612907, 67, 78, 80, 15, 0, 0.06%, 9, 0, 8, 376.00
1733612912, 67, 79, 80, 15, 0, 0.06%, 9, 0, 8, 364.63
1733612917, 68, 25, 80, 15, 0, 0.06%, 9, 0, 8, 360.52
1733612922, 68, 46, 80, 15, 0, 0.06%, 9, 0, 8, 327.75
1733612927, 68, 48, 80, 15, 0, 0.06%, 9, 0, 8, 368.35
1733612932, 68, 49, 80, 15, 0, 0.06%, 9, 0, 8, 377.74
1733612937, 68, 67, 80, 15, 0, 0.06%, 9, 0, 8, 393.39
1733612942, 68, 68, 80, 15, 0, 0.06%, 9, 0, 8, 388.54
1733612948, 68, 69, 80, 15, 0, 0.06%, 9, 0, 8, 348.24
1733612953, 68, 74, 80, 15, 0, 0.06%, 9, 0, 8, 330.49
1733612958, 68, 75, 80, 15, 0, 0.06%, 9, 0, 8, 351.85
1733612968, 68, 78, 80, 15, 0, 0.06%, 9, 0, 8, 375.00
1733612973, 68, 79, 80, 15, 0, 0.06%, 9, 0, 8, 379.58
1733612978, 69, 25, 80, 15, 0, 0.06%, 9, 0, 8, 363.63
1733612983, 69, 46, 80, 15, 0, 0.06%, 9, 0, 8, 359.45
1733612988, 69, 47, 80, 15, 0, 0.06%, 9, 0, 8, 376.03
1733612993, 69, 49, 80, 15, 0, 0.06%, 9, 0, 8, 358.12
1733612998, 69, 67, 80, 15, 0, 0.06%, 9, 0, 8, 398.30
1733613003, 69, 68, 80, 15, 0, 0.06%, 9, 0, 8, 391.24
1733613008, 69, 69, 80, 15, 0, 0.06%, 9, 0, 8, 355.16
1733613014, 69, 74, 80, 15, 0, 0.06%, 9, 0, 8, 354.68
1733613019, 69, 75, 80, 15, 0, 0.06%, 9, 0, 8, 351.20
1733613029, 69, 78, 80, 15, 0, 0.06%, 9, 0, 8, 395.40
1733613034, 69, 79, 80, 15, 0, 0.06%, 9, 0, 8, 384.24
1733613039, 70, 25, 80, 15, 0, 0.06%, 9, 0, 8, 361.47
1733613044, 70, 47, 80, 15, 0, 0.06%, 9, 0, 8, 363.06
1733613049, 70, 48, 80, 15, 0, 0.06%, 9, 0, 8, 363.68
1733613054, 70, 49, 80, 15, 0, 0.06%, 9, 0, 8, 370.15
1733613059, 70, 67, 80, 15, 0, 0.06%, 9, 0, 8, 372.45
1733613064, 70, 68, 80, 15, 0, 0.06%, 9, 0, 8, 384.78
1733613070, 70, 69, 80, 15, 0, 0.06%, 9, 0, 8, 341.69
1733613075, 70, 74, 80, 15, 0, 0.06%, 9, 0, 8, 328.23
1733613080, 70, 75, 80, 15, 0, 0.06%, 9, 0, 8, 376.92
1733613090, 70, 78, 80, 15, 0, 0.06%, 9, 0, 8, 404.43
1733613095, 70, 79, 80, 15, 0, 0.06%, 9, 0, 8, 381.76
1733613100, 71, 25, 80, 15, 0, 0.06%, 9, 0, 8, 371.60
1733613105, 71, 46, 80, 15, 0, 0.06%, 9, 0, 8, 358.71
1733613110, 71, 47, 80, 15, 0, 0.06%, 9, 0, 8, 369.17
1733613115, 71, 49, 80, 15, 0, 0.06%, 9, 0, 8, 352.42
1733613120, 71, 67, 80, 15, 0, 0.06%, 9, 0, 8, 394.30
1733613125, 71, 68, 80, 15, 0, 0.06%, 9, 0, 8, 383.71
1733613130, 71, 69, 80, 15, 0, 0.06%, 9, 0, 8, 321.44
1733613135, 71, 74, 80, 15, 0, 0.06%, 9, 0, 8, 353.29
1733613140, 71, 75, 80, 15, 0, 0.06%, 9, 0, 8, 370.66
1733613151, 71, 78, 80, 15, 0, 0.06%, 9, 0, 8, 370.65
1733613156, 71, 79, 80, 15, 0, 0.06%, 9, 0, 8, 389.94
1733613161, 72, 25, 80, 15, 0, 0.06%, 9, 0, 8, 408.80
1733613166, 72, 46, 80, 15, 0, 0.06%, 9, 0, 8, 368.87
1733613171, 72, 47, 80, 15, 0, 0.06%, 9, 0, 8, 362.81
1733613176, 72, 49, 80, 15, 0, 0.06%, 9, 0, 8, 361.16
1733613181, 72, 67, 80, 15, 0, 0.06%, 9, 0, 8, 393.07
1733613186, 72, 68, 80, 15, 0, 0.06%, 9, 0, 8, 392.42
1733613191, 72, 69, 80, 15, 0, 0.06%, 9, 0, 8, 322.43
1733613196, 72, 74, 80, 15, 0, 0.06%, 9, 0, 8, 377.43
1733613201, 72, 75, 80, 15, 0, 0.06%, 9, 0, 8, 376.79
1733613211, 72, 78, 80, 15, 0, 0.06%, 9, 0, 8, 383.82
1733613217, 72, 79, 80, 15, 0, 0.06%, 9, 0, 8, 392.14
1733613222, 73, 25, 80, 15, 0, 0.06%, 9, 0, 8, 383.18
1733613227, 73, 46, 80, 15, 0, 0.06%, 9, 0, 8, 373.82
1733613232, 73, 47, 80, 15, 0, 0.06%, 9, 0, 8, 371.56
1733613237, 73, 49, 80, 15, 0, 0.06%, 9, 0, 8, 371.95
1733613242, 73, 67, 80, 15, 0, 0.06%, 9, 0, 8, 366.84
1733613247, 73, 68, 80, 15, 0, 0.06%, 9, 0, 8, 378.29
1733613252, 73, 69, 80, 15, 0, 0.06%, 9, 0, 8, 331.96
1733613257, 73, 74, 80, 15, 0, 0.06%, 9, 0, 8, 350.79
1733613262, 73, 75, 80, 15, 0, 0.06%, 9, 0, 8, 367.78
1733613272, 73, 78, 80, 15, 0, 0.06%, 9, 0, 8, 356.38
1733613277, 73, 79, 80, 15, 0, 0.06%, 9, 0, 8, 363.85
1733613282, 74, 25, 80, 15, 0, 0.06%, 9, 0, 8, 395.93
1733613287, 74, 46, 80, 15, 0, 0.06%, 9, 0, 8, 366.08
1733613293, 74, 47, 80, 15, 0, 0.06%, 9, 0, 8, 359.35
1733613298, 74, 48, 80, 15, 0, 0.06%, 9, 0, 8, 368.02
1733613303, 74, 49, 80, 15, 0, 0.06%, 9, 0, 8, 368.67
1733613308, 74, 68, 80, 15, 0, 0.06%, 9, 0, 8, 365.88
1733613313, 74, 69, 80, 15, 0, 0.06%, 9, 0, 8, 379.81
1733613323, 74, 74, 80, 15, 0, 0.06%, 9, 0, 8, 341.25
1733613328, 74, 75, 80, 15, 0, 0.06%, 9, 0, 8, 374.08
1733613333, 74, 78, 80, 15, 0, 0.06%, 9, 0, 8, 345.09
1733613338, 74, 79, 80, 15, 0, 0.06%, 9, 0, 8, 341.25
1733613343, 75, 25, 80, 15, 0, 0.06%, 9, 0, 8, 370.53
1733613348, 75, 46, 80, 15, 0, 0.06%, 9, 0, 8, 389.58
1733613353, 75, 47, 80, 15, 0, 0.06%, 9, 0, 8, 377.16
1733613358, 75, 48, 80, 15, 0, 0.06%, 9, 0, 8, 384.47
1733613363, 75, 49, 80, 15, 0, 0.06%, 9, 0, 8, 369.39
1733613369, 75, 67, 80, 15, 0, 0.06%, 9, 0, 8, 358.81
1733613374, 75, 69, 80, 15, 0, 0.06%, 9, 0, 8, 379.53
1733613384, 75, 74, 80, 15, 0, 0.06%, 9, 0, 8, 369.16
1733613389, 75, 75, 80, 15, 0, 0.06%, 9, 0, 8, 394.72
1733613394, 75, 78, 80, 15, 0, 0.06%, 9, 0, 8, 347.56
1733613399, 75, 79, 80, 15, 0, 0.06%, 9, 0, 8, 333.38
1733613404, 76, 25, 80, 15, 0, 0.06%, 9, 0, 8, 364.32
1733613409, 76, 46, 80, 15, 0, 0.06%, 9, 0, 8, 388.85
1733613414, 76, 47, 80, 15, 0, 0.06%, 9, 0, 8, 392.15
1733613419, 76, 48, 80, 15, 0, 0.06%, 9, 0, 8, 383.23
1733613424, 76, 49, 80, 15, 0, 0.06%, 9, 0, 8, 371.02
1733613429, 76, 67, 80, 15, 0, 0.06%, 9, 0, 8, 368.82
1733613434, 76, 68, 80, 15, 0, 0.06%, 9, 0, 8, 396.33
1733613440, 76, 69, 80, 15, 0, 0.06%, 9, 0, 8, 367.95
1733613445, 76, 74, 80, 15, 0, 0.06%, 9, 0, 8, 382.35
1733613450, 76, 75, 80, 15, 0, 0.06%, 9, 0, 8, 400.86
1733613455, 76, 78, 80, 15, 0, 0.06%, 9, 0, 8, 344.79
1733613465, 76, 79, 80, 15, 0, 0.06%, 9, 0, 8, 369.02
1733613470, 77, 46, 80, 15, 0, 0.06%, 9, 0, 8, 380.67
1733613475, 77, 47, 80, 15, 0, 0.06%, 9, 0, 8, 366.61
1733613480, 77, 48, 80, 15, 0, 0.06%, 9, 0, 8, 397.84
1733613485, 77, 49, 80, 15, 0, 0.06%, 9, 0, 8, 374.01
1733613490, 77, 67, 80, 15, 0, 0.06%, 9, 0, 8, 381.21
1733613495, 77, 68, 80, 15, 0, 0.06%, 9, 0, 8, 346.90
1733613500, 77, 69, 80, 15, 0, 0.06%, 9, 0, 8, 384.29
1733613505, 77, 74, 80, 15, 0, 0.06%, 9, 0, 8, 374.23
1733613510, 77, 75, 80, 15, 0, 0.06%, 9, 0, 8, 377.43
1733613521, 77, 78, 80, 15, 0, 0.06%, 9, 0, 8, 341.22
1733613526, 77, 79, 80, 15, 0, 0.06%, 9, 0, 8, 372.24
1733613531, 78, 25, 80, 15, 0, 0.06%, 9, 0, 8, 374.82
1733613536, 78, 47, 80, 15, 0, 0.06%, 9, 0, 8, 371.21
1733613546, 78, 49, 80, 15, 0, 0.06%, 9, 0, 8, 368.38
1733613551, 78, 67, 80, 15, 0, 0.06%, 9, 0, 8, 394.78
1733613556, 78, 68, 80, 15, 0, 0.06%, 9, 0, 8, 378.86
1733613561, 78, 69, 80, 15, 0, 0.06%, 9, 0, 8, 308.35
1733613566, 78, 74, 80, 15, 0, 0.06%, 9, 0, 8, 350.68
1733613571, 78, 75, 80, 15, 0, 0.06%, 9, 0, 8, 369.08
1733613581, 78, 78, 80, 15, 0, 0.06%, 9, 0, 8, 375.05
1733613587, 78, 79, 80, 15, 0, 0.06%, 9, 0, 8, 377.90
1733613592, 79, 25, 80, 15, 0, 0.06%, 9, 0, 8, 381.24
1733613597, 79, 46, 80, 15, 0, 0.06%, 9, 0, 8, 374.38
1733613602, 79, 47, 80, 15, 0, 0.06%, 9, 0, 8, 378.49
1733613607, 79, 48, 80, 15, 0, 0.06%, 9, 0, 8, 336.95
1733613612, 79, 49, 80, 15, 0, 0.06%, 9, 0, 8, 354.49
1733613617, 79, 68, 80, 15, 0, 0.06%, 9, 0, 8, 363.49
1733613622, 79, 69, 80, 15, 0, 0.06%, 9, 0, 8, 386.60
1733613632, 79, 74, 80, 15, 0, 0.06%, 9, 0, 8, 368.10
1733613637, 79, 75, 80, 15, 0, 0.06%, 9, 0, 8, 385.49
1733613642, 79, 78, 80, 15, 0, 0.06%, 9, 0, 8, 365.36
1733613648, 79, 79, 80, 15, 0, 0.06%, 9, 0, 8, 328.55
1733613653, 80, 25, 80, 15, 0, 0.06%, 9, 0, 8, 360.38
1733613658, 80, 46, 80, 15, 0, 0.06%, 9, 0, 8, 376.80
1733613663, 80, 47, 80, 15, 0, 0.06%, 9, 0, 8, 383.90
1733613668, 80, 48, 80, 15, 0, 0.06%, 9, 0, 8, 369.71
1733613673, 80, 49, 80, 15, 0, 0.06%, 9, 0, 8, 366.40
1733613678, 80, 67, 80, 15, 0, 0.06%, 9, 0, 8, 364.95
1733613683, 80, 68, 80, 15, 0, 0.06%, 9, 0, 8, 341.86
1733613688, 80, 69, 80, 15, 0, 0.06%, 9, 0, 8, 375.95
1733613693, 80, 74, 80, 15, 0, 0.06%, 9, 0, 8, 374.28
1733613698, 80, 75, 80, 15, 0, 0.06%, 9, 0, 8, 401.07
1733613703, 80, 78, 80, 15, 0, 0.06%, 9, 0, 8, 350.83
1733613708, 80, 79, 80, 15, 0, 0.06%, 9, 0, 8, 336.87
1733613713, 81, 25, 80, 15, 0, 0.06%, 9, 0, 8, 364.44
1733613718, 81, 46, 80, 15, 0, 0.06%, 9, 0, 8, 373.64
1733613723, 81, 47, 80, 15, 0, 0.06%, 9, 0, 8, 376.47
1733613728, 81, 48, 80, 15, 0, 0.06%, 9, 0, 8, 378.10
1733613734, 81, 49, 80, 15, 0, 0.06%, 9, 0, 8, 366.36
1733613739, 81, 67, 80, 15, 0, 0.06%, 9, 0, 8, 345.24
1733613744, 81, 68, 80, 15, 0, 0.06%, 9, 0, 8, 363.53
1733613749, 81, 69, 80, 15, 0, 0.06%, 9, 0, 8, 391.41
1733613754, 81, 74, 80, 15, 0, 0.06%, 9, 0, 8, 366.30
1733613759, 81, 75, 80, 15, 0, 0.06%, 9, 0, 8, 391.62
1733613764, 81, 78, 80, 15, 0, 0.06%, 9, 0, 8, 356.84
1733613774, 81, 79, 80, 15, 0, 0.06%, 9, 0, 8, 351.45
1733613779, 82, 25, 80, 15, 0, 0.06%, 9, 0, 8, 376.59
1733613784, 82, 47, 80, 15, 0, 0.06%, 9, 0, 8, 346.36
1733613789, 82, 48, 80, 15, 0, 0.06%, 9, 0, 8, 342.64
1733613794, 82, 49, 80, 15, 0, 0.06%, 9, 0, 8, 365.44
1733613799, 82, 67, 80, 15, 0, 0.06%, 9, 0, 8, 394.30
1733613804, 82, 68, 80, 15, 0, 0.06%, 9, 0, 8, 377.45
1733613810, 82, 69, 80, 15, 0, 0.06%, 9, 0, 8, 345.38
1733613815, 82, 74, 80, 15, 0, 0.06%, 9, 0, 8, 348.06
1733613820, 82, 75, 80, 15, 0, 0.06%, 9, 0, 8, 328.94
1733613830, 82, 78, 80, 15, 0, 0.06%, 9, 0, 8, 361.90
1733613835, 82, 79, 80, 15, 0, 0.06%, 9, 0, 8, 372.09
1733613840, 83, 25, 80, 15, 0, 0.06%, 9, 0, 8, 377.37
1733613845, 83, 46, 80, 15, 0, 0.06%, 9, 0, 8, 384.83
1733613850, 83, 47, 80, 15, 0, 0.06%, 9, 0, 8, 365.35
1733613855, 83, 48, 80, 15, 0, 0.06%, 9, 0, 8, 348.53
1733613860, 83, 67, 80, 15, 0, 0.06%, 9, 0, 8, 353.10
1733613865, 83, 68, 80, 15, 0, 0.06%, 9, 0, 8, 335.44
1733613870, 83, 69, 80, 15, 0, 0.06%, 9, 0, 8, 360.96
1733613880, 83, 74, 80, 15, 0, 0.06%, 9, 0, 8, 364.18
1733613885, 83, 75, 80, 15, 0, 0.06%, 9, 0, 8, 385.81
1733613890, 83, 78, 80, 15, 0, 0.06%, 9, 0, 8, 371.64
1733613896, 83, 79, 80, 15, 0, 0.06%, 9, 0, 8, 337.41
1733613901, 84, 25, 80, 15, 0, 0.06%, 9, 0, 8, 408.67
1733613906, 84, 46, 80, 15, 0, 0.06%, 9, 0, 8, 373.66
1733613911, 84, 47, 80, 15, 0, 0.06%, 9, 0, 8, 374.81
1733613916, 84, 48, 80, 15, 0, 0.06%, 9, 0, 8, 349.04
1733613921, 84, 49, 80, 15, 0, 0.06%, 9, 0, 8, 385.54
1733613926, 84, 67, 80, 15, 0, 0.06%, 9, 0, 8, 336.80
1733613931, 84, 68, 80, 15, 0, 0.06%, 9, 0, 8, 372.27
1733613936, 84, 69, 80, 15, 0, 0.06%, 9, 0, 8, 363.45
1733613941, 84, 74, 80, 15, 0, 0.06%, 9, 0, 8, 376.66
1733613947, 84, 75, 80, 15, 0, 0.06%, 9, 0, 8, 377.44
1733613952, 84, 78, 80, 15, 0, 0.06%, 9, 0, 8, 330.62
1733613957, 84, 79, 80, 15, 0, 0.06%, 9, 0, 8, 348.73
1733613962, 85, 25, 80, 15, 0, 0.06%, 9, 0, 8, 336.30
1733613967, 85, 46, 80, 15, 0, 0.06%, 9, 0, 8, 407.86
1733613972, 85, 47, 80, 15, 0, 0.06%, 9, 0, 8, 382.52
1733613977, 85, 48, 80, 15, 0, 0.06%, 9, 0, 8, 385.26
1733613982, 85, 49, 80, 15, 0, 0.06%, 9, 0, 8, 374.27
1733613987, 85, 68, 80, 15, 0, 0.06%, 9, 0, 8, 382.64
1733613992, 85, 69, 80, 15, 0, 0.06%, 9, 0, 8, 359.57
1733614002, 85, 74, 80, 15, 0, 0.06%, 9, 0, 8, 374.93
1733614008, 85, 75, 80, 15, 0, 0.06%, 9, 0, 8, 378.53
1733614013, 85, 78, 80, 15, 0, 0.06%, 9, 0, 8, 389.08
1733614018, 85, 79, 80, 15, 0, 0.06%, 9, 0, 8, 356.33
1733614023, 86, 11, 80, 15, 0, 0.06%, 9, 0, 8, 347.59
1733614033, 86, 13, 80, 15, 0, 0.06%, 9, 0, 8, 344.57
1733614043, 86, 14, 80, 15, 0, 0.06%, 9, 0, 8, 286.48
1733614053, 86, 17, 80, 15, 0, 0.06%, 9, 0, 8, 438.55
1733614063, 86, 18, 80, 15, 0, 0.06%, 9, 0, 8, 327.74
1733614084, 86, 19, 80, 15, 0, 0.06%, 9, 0, 8, 263.83
1733614104, 86, 21, 80, 15, 0, 0.06%, 9, 0, 8, 335.60
1733614120, 86, 22, 80, 15, 0, 0.06%, 9, 0, 8, 377.17
1733614140, 86, 23, 80, 15, 0, 0.06%, 9, 0, 8, 336.90
1733614165, 86, 27, 80, 15, 0, 0.06%, 9, 0, 8, 353.36
1733614186, 86, 28, 80, 15, 0, 0.06%, 9, 0, 8, 400.14
1733614201, 86, 29, 80, 15, 0, 0.06%, 9, 0, 8, 376.09
1733614226, 86, 30, 80, 15, 0, 0.06%, 9, 0, 8, 440.03
1733614242, 86, 31, 80, 15, 0, 0.06%, 9, 0, 8, 404.82
1733614257, 86, 32, 80, 15, 0, 0.06%, 9, 0, 8, 356.11
1733614293, 86, 33, 80, 14, 0, 0.06%, 9, 0, 8, 391.13
1733614370, 86, 33, 81, 15, 0, 0.07%, 10, 0, 8, 461.08
1733614410, 86, 80, 81, 14, 1, 0.07%, 10, 0, 8, 258.83
1733614461, 87, 80, 81, 13, 0, 0.07%, 10, 0, 8, 277.93
1733614482, 88, 80, 81, 13, 0, 0.07%, 10, 0, 8, 323.56
1733614507, 89, 80, 81, 13, 0, 0.07%, 10, 0, 8, 238.92
1733614528, 90, 80, 81, 13, 0, 0.07%, 10, 0, 8, 282.81
1733614553, 91, 80, 81, 13, 0, 0.07%, 10, 0, 8, 243.66
1733614573, 92, 80, 81, 13, 0, 0.07%, 10, 0, 8, 270.38
1733614598, 93, 80, 81, 13, 0, 0.07%, 10, 0, 8, 245.97
1733614624, 94, 80, 81, 13, 0, 0.07%, 10, 0, 8, 214.34
1733614644, 95, 80, 81, 13, 0, 0.07%, 10, 0, 8, 259.86
1733614665, 96, 80, 81, 13, 0, 0.07%, 10, 0, 8, 289.76
1733614690, 97, 80, 81, 13, 0, 0.07%, 10, 0, 8, 231.33
1733614711, 98, 80, 81, 13, 0, 0.07%, 10, 0, 8, 275.94
1733614731, 99, 80, 81, 13, 0, 0.07%, 10, 0, 8, 326.13
1733614756, 100, 80, 81, 13, 0, 0.07%, 10, 0, 8, 232.58
1733614777, 101, 80, 81, 13, 0, 0.07%, 10, 0, 8, 249.29
1733614797, 102, 80, 81, 13, 0, 0.07%, 10, 0, 8, 276.77
1733614823, 103, 80, 81, 13, 0, 0.07%, 10, 0, 8, 223.96
1733614843, 104, 80, 81, 13, 0, 0.07%, 10, 0, 8, 241.95
1733614864, 105, 80, 81, 13, 0, 0.07%, 10, 0, 8, 286.02
1733614884, 106, 80, 81, 13, 0, 0.07%, 10, 0, 8, 330.15
1733614909, 107, 80, 81, 13, 0, 0.07%, 10, 0, 8, 236.15
1733614920, 108, 80, 81, 13, 0, 0.07%, 10, 0, 8, 251.57
1733614930, 109, 80, 81, 13, 0, 0.07%, 10, 0, 8, 270.01
1733614935, 110, 80, 81, 13, 0, 0.07%, 10, 0, 8, 276.56
1733614945, 111, 80, 81, 13, 0, 0.07%, 10, 0, 8, 277.55
1733614950, 112, 80, 81, 13, 0, 0.07%, 10, 0, 8, 265.60
1733614955, 113, 80, 81, 13, 0, 0.07%, 10, 0, 8, 248.43
1733614960, 114, 80, 81, 13, 0, 0.07%, 10, 0, 8, 233.73
1733614965, 115, 80, 81, 13, 0, 0.07%, 10, 0, 8, 247.53
1733614970, 116, 80, 81, 13, 0, 0.07%, 10, 0, 8, 244.55
1733614976, 117, 80, 81, 13, 0, 0.07%, 10, 0, 8, 249.85
1733614981, 118, 80, 81, 13, 0, 0.07%, 10, 0, 8, 265.09
1733614986, 119, 80, 81, 13, 0, 0.07%, 10, 0, 8, 271.95
1733614996, 120, 80, 81, 13, 0, 0.07%, 10, 0, 8, 275.43
1733615001, 121, 80, 81, 13, 0, 0.07%, 10, 0, 8, 277.37
1733615006, 122, 80, 81, 13, 0, 0.07%, 10, 0, 8, 267.66
1733615011, 123, 80, 81, 13, 0, 0.07%, 10, 0, 8, 248.55
1733615016, 124, 80, 81, 13, 0, 0.07%, 10, 0, 8, 243.56
1733615021, 125, 80, 81, 13, 0, 0.07%, 10, 0, 8, 241.14
1733615026, 126, 80, 81, 13, 0, 0.07%, 10, 0, 8, 258.41
1733615031, 127, 80, 81, 13, 0, 0.07%, 10, 0, 8, 271.90
1733615036, 128, 80, 81, 13, 0, 0.07%, 10, 0, 8, 284.78
1733615046, 129, 80, 81, 13, 0, 0.07%, 10, 0, 8, 282.40
1733615052, 130, 80, 81, 13, 0, 0.07%, 10, 0, 8, 281.68
1733615057, 131, 80, 81, 13, 0, 0.07%, 10, 0, 8, 252.17
1733615062, 132, 80, 81, 13, 0, 0.07%, 10, 0, 8, 240.76
1733615067, 133, 80, 81, 13, 0, 0.07%, 10, 0, 8, 236.22
1733615072, 134, 80, 81, 13, 0, 0.07%, 10, 0, 8, 250.58
1733615077, 135, 80, 81, 13, 0, 0.07%, 10, 0, 8, 250.17
1733615082, 136, 80, 81, 13, 0, 0.07%, 10, 0, 8, 274.00
1733615087, 137, 80, 81, 13, 0, 0.07%, 10, 0, 8, 269.55
1733615097, 138, 80, 81, 13, 0, 0.07%, 10, 0, 8, 294.89
1733615102, 139, 80, 81, 13, 0, 0.07%, 10, 0, 8, 288.13
1733615107, 140, 80, 81, 13, 0, 0.07%, 10, 0, 8, 269.33
1733615112, 141, 80, 81, 13, 0, 0.07%, 10, 0, 8, 262.78
1733615117, 142, 80, 81, 13, 0, 0.07%, 10, 0, 8, 247.99
1733615123, 143, 80, 81, 13, 0, 0.07%, 10, 0, 8, 244.24
1733615128, 144, 80, 81, 13, 0, 0.07%, 10, 0, 8, 250.84
1733615133, 145, 80, 81, 13, 0, 0.07%, 10, 0, 8, 266.81
1733615143, 146, 80, 81, 13, 0, 0.07%, 10, 0, 8, 287.55
1733615148, 147, 80, 81, 13, 0, 0.07%, 10, 0, 8, 261.57
1733615153, 148, 80, 81, 13, 0, 0.07%, 10, 0, 8, 276.83
1733615158, 149, 80, 81, 13, 0, 0.07%, 10, 0, 8, 262.40
1733615163, 150, 80, 81, 13, 0, 0.07%, 10, 0, 8, 249.01
1733615168, 151, 80, 81, 13, 0, 0.07%, 10, 0, 8, 238.36
1733615173, 152, 80, 81, 13, 0, 0.07%, 10, 0, 8, 249.18
1733615178, 153, 80, 81, 13, 0, 0.07%, 10, 0, 8, 260.25
