# unix_time, cycles_done, cur_path, paths_total, pending_total, pending_favs, map_size, unique_crashes, unique_hangs, max_depth, execs_per_sec
1735084735, 0, 0, 10, 10, 1, 0.00%, 0, 0, 1, 169.85
1735084741, 0, 4, 10, 10, 1, 0.00%, 0, 0, 1, 204.34
1735084746, 0, 5, 10, 9, 0, 0.00%, 0, 0, 1, 210.89
1735084751, 0, 6, 10, 8, 0, 0.00%, 0, 0, 1, 202.76
1735084761, 0, 7, 10, 7, 0, 0.00%, 0, 0, 1, 213.35
1735084766, 0, 8, 10, 6, 0, 0.00%, 0, 0, 1, 194.88
1735084776, 0, 9, 10, 5, 0, 0.00%, 0, 0, 1, 212.23
1735084782, 1, 0, 10, 4, 0, 0.00%, 0, 0, 1, 211.20
1735084792, 1, 1, 10, 3, 0, 0.00%, 0, 0, 1, 211.87
1735084802, 1, 2, 10, 2, 0, 0.00%, 0, 0, 1, 209.79
1735084812, 1, 3, 10, 1, 0, 0.00%, 0, 0, 1, 218.39
1735084817, 1, 4, 10, 0, 0, 0.00%, 0, 0, 1, 207.83
1735084828, 1, 5, 10, 0, 0, 0.00%, 0, 0, 1, 211.39
1735084833, 1, 6, 10, 0, 0, 0.00%, 0, 0, 1, 211.12
1735084838, 1, 8, 10, 0, 0, 0.00%, 0, 0, 1, 209.94
1735084843, 1, 9, 10, 0, 0, 0.00%, 0, 0, 1, 210.01
1735084848, 2, 1, 10, 0, 0, 0.00%, 0, 0, 1, 207.63
1735084853, 2, 2, 10, 0, 0, 0.00%, 0, 0, 1, 212.55
1735084858, 2, 3, 10, 0, 0, 0.00%, 0, 0, 1, 211.69
1735084863, 2, 5, 10, 0, 0, 0.00%, 0, 0, 1, 211.50
1735084869, 2, 6, 10, 0, 0, 0.00%, 0, 0, 1, 215.20
1735084874, 2, 8, 10, 0, 0, 0.00%, 0, 0, 1, 210.81
1735084879, 2, 9, 10, 0, 0, 0.00%, 0, 0, 1, 210.74
1735084884, 3, 1, 10, 0, 0, 0.00%, 0, 0, 1, 210.81
1735084889, 3, 2, 10, 0, 0, 0.00%, 0, 0, 1, 209.08
1735084895, 3, 4, 10, 0, 0, 0.00%, 0, 0, 1, 208.83
1735084900, 3, 5, 10, 0, 0, 0.00%, 0, 0, 1, 208.81
1735084905, 3, 7, 10, 0, 0, 0.00%, 0, 0, 1, 211.76
1735084910, 3, 8, 10, 0, 0, 0.00%, 0, 0, 1, 209.46
1735084915, 3, 9, 10, 0, 0, 0.00%, 0, 0, 1, 211.25
1735084920, 4, 1, 10, 0, 0, 0.00%, 0, 0, 1, 208.97
1735084925, 4, 2, 10, 0, 0, 0.00%, 0, 0, 1, 212.08
1735084930, 4, 4, 10, 0, 0, 0.00%, 0, 0, 1, 207.90
1735084935, 4, 5, 10, 0, 0, 0.00%, 0, 0, 1, 214.57
1735084940, 4, 7, 10, 0, 0, 0.00%, 0, 0, 1, 210.90
1735084945, 4, 8, 10, 0, 0, 0.00%, 0, 0, 1, 211.87
1735084951, 4, 9, 10, 0, 0, 0.00%, 0, 0, 1, 210.93
1735084956, 5, 1, 10, 0, 0, 0.00%, 0, 0, 1, 214.03
1735084961, 5, 2, 10, 0, 0, 0.00%, 0, 0, 1, 211.81
1735084966, 5, 4, 10, 0, 0, 0.00%, 0, 0, 1, 212.13
1735084971, 5, 5, 10, 0, 0, 0.00%, 0, 0, 1, 211.36
1735084976, 5, 7, 10, 0, 0, 0.00%, 0, 0, 1, 207.51
1735084981, 5, 8, 10, 0, 0, 0.00%, 0, 0, 1, 209.20
1735084987, 6, 0, 10, 0, 0, 0.00%, 0, 0, 1, 210.53
1735084992, 6, 1, 10, 0, 0, 0.00%, 0, 0, 1, 209.26
1735084997, 6, 2, 10, 0, 0, 0.00%, 0, 0, 1, 212.96
1735085002, 6, 4, 10, 0, 0, 0.00%, 0, 0, 1, 208.97
1735085007, 6, 5, 10, 0, 0, 0.00%, 0, 0, 1, 211.27
1735085012, 6, 7, 10, 0, 0, 0.00%, 0, 0, 1, 208.80
1735085017, 6, 8, 10, 0, 0, 0.00%, 0, 0, 1, 209.83
1735085022, 7, 0, 10, 0, 0, 0.00%, 0, 0, 1, 213.17
1735085027, 7, 1, 10, 0, 0, 0.00%, 0, 0, 1, 209.76
1735085032, 7, 2, 10, 0, 0, 0.00%, 0, 0, 1, 208.95
1735085037, 7, 4, 10, 0, 0, 0.00%, 0, 0, 1, 208.72
1735085042, 7, 5, 10, 0, 0, 0.00%, 0, 0, 1, 210.25
1735085048, 7, 7, 10, 0, 0, 0.00%, 0, 0, 1, 211.74
1735085053, 7, 8, 10, 0, 0, 0.00%, 0, 0, 1, 212.17
1735085058, 8, 0, 10, 0, 0, 0.00%, 0, 0, 1, 211.90
1735085063, 8, 1, 10, 0, 0, 0.00%, 0, 0, 1, 212.62
1735085068, 8, 3, 10, 0, 0, 0.00%, 0, 0, 1, 212.12
1735085073, 8, 4, 10, 0, 0, 0.00%, 0, 0, 1, 216.04
1735085078, 8, 5, 10, 0, 0, 0.00%, 0, 0, 1, 213.12
1735085084, 8, 7, 10, 0, 0, 0.00%, 0, 0, 1, 213.42
1735085089, 8, 8, 10, 0, 0, 0.00%, 0, 0, 1, 215.56
1735085094, 9, 0, 10, 0, 0, 0.00%, 0, 0, 1, 211.06
1735085099, 9, 1, 10, 0, 0, 0.00%, 0, 0, 1, 216.29
1735085104, 9, 3, 10, 0, 0, 0.00%, 0, 0, 1, 215.34
1735085109, 9, 4, 10, 0, 0, 0.00%, 0, 0, 1, 212.89
1735085114, 9, 6, 10, 0, 0, 0.00%, 0, 0, 1, 209.44
1735085119, 9, 7, 10, 0, 0, 0.00%, 0, 0, 1, 210.47
1735085124, 9, 9, 10, 0, 0, 0.00%, 0, 0, 1, 212.08
1735085130, 10, 0, 10, 0, 0, 0.00%, 0, 0, 1, 208.91
1735085135, 10, 1, 10, 0, 0, 0.00%, 0, 0, 1, 212.91
1735085140, 10, 3, 10, 0, 0, 0.00%, 0, 0, 1, 212.87
1735085145, 10, 4, 10, 0, 0, 0.00%, 0, 0, 1, 211.84
1735085150, 10, 6, 10, 0, 0, 0.00%, 0, 0, 1, 208.47
1735085155, 10, 7, 10, 0, 0, 0.00%, 0, 0, 1, 209.95
1735085160, 10, 9, 10, 0, 0, 0.00%, 0, 0, 1, 210.75
1735085166, 11, 0, 10, 0, 0, 0.00%, 0, 0, 1, 213.17
1735085171, 11, 2, 10, 0, 0, 0.00%, 0, 0, 1, 211.07
1735085176, 11, 3, 10, 0, 0, 0.00%, 0, 0, 1, 207.72
1735085181, 11, 4, 10, 0, 0, 0.00%, 0, 0, 1, 207.46
1735085186, 11, 6, 10, 0, 0, 0.00%, 0, 0, 1, 208.93
1735085191, 11, 7, 10, 0, 0, 0.00%, 0, 0, 1, 211.09
1735085196, 11, 9, 10, 0, 0, 0.00%, 0, 0, 1, 208.75
1735085202, 12, 0, 10, 0, 0, 0.00%, 0, 0, 1, 209.90
1735085207, 12, 2, 10, 0, 0, 0.00%, 0, 0, 1, 208.45
1735085212, 12, 3, 10, 0, 0, 0.00%, 0, 0, 1, 213.18
1735085217, 12, 5, 10, 0, 0, 0.00%, 0, 0, 1, 210.82
1735085222, 12, 6, 10, 0, 0, 0.00%, 0, 0, 1, 209.58
1735085227, 12, 7, 10, 0, 0, 0.00%, 0, 0, 1, 211.43
1735085232, 12, 9, 10, 0, 0, 0.00%, 0, 0, 1, 213.66
1735085237, 13, 0, 10, 0, 0, 0.00%, 0, 0, 1, 212.15
1735085243, 13, 2, 10, 0, 0, 0.00%, 0, 0, 1, 208.22
1735085248, 13, 3, 10, 0, 0, 0.00%, 0, 0, 1, 212.01
1735085253, 13, 5, 10, 0, 0, 0.00%, 0, 0, 1, 212.21
1735085258, 13, 10, 11, 1, 1, 0.05%, 1, 0, 2, 232.62
1735085268, 13, 10, 12, 2, 1, 0.05%, 2, 0, 3, 276.27
1735085308, 13, 10, 13, 3, 1, 0.05%, 2, 0, 3, 277.12
1735085375, 13, 11, 13, 2, 1, 0.05%, 2, 0, 3, 247.97
1735085380, 13, 11, 14, 3, 1, 0.05%, 2, 0, 4, 269.03
1735085390, 13, 11, 15, 4, 1, 0.05%, 3, 0, 4, 272.38
1735085405, 13, 11, 16, 5, 1, 0.05%, 3, 0, 4, 277.11
1735085410, 13, 11, 18, 7, 1, 0.06%, 5, 0, 4, 275.40
1735085451, 13, 11, 20, 9, 1, 0.06%, 5, 0, 4, 273.92
1735085481, 13, 16, 21, 9, 3, 0.06%, 6, 0, 5, 298.43
1735085492, 13, 16, 22, 10, 3, 0.06%, 6, 0, 5, 414.72
1735085502, 13, 16, 24, 12, 3, 0.06%, 6, 0, 5, 406.63
1735085507, 13, 16, 25, 13, 3, 0.06%, 6, 0, 5, 409.30
1735085522, 13, 16, 26, 14, 3, 0.06%, 6, 0, 5, 410.62
1735085542, 13, 16, 28, 16, 3, 0.06%, 6, 0, 5, 413.97
1735085593, 13, 17, 28, 15, 4, 0.06%, 6, 0, 5, 373.48
1735085598, 13, 17, 29, 16, 4, 0.06%, 6, 0, 5, 466.91
1735085619, 13, 17, 30, 17, 4, 0.06%, 6, 0, 5, 494.78
1735085629, 13, 17, 31, 18, 4, 0.06%, 7, 0, 5, 491.19
1735085649, 13, 17, 32, 19, 4, 0.06%, 8, 0, 5, 264.71
1735085664, 13, 17, 33, 20, 4, 0.06%, 9, 0, 5, 253.54
1735085669, 13, 17, 35, 22, 4, 0.06%, 9, 0, 5, 291.41
1735085674, 13, 31, 35, 21, 6, 0.06%, 9, 0, 5, 348.20
1735085731, 13, 31, 41, 27, 6, 0.06%, 9, 0, 6, 490.41
1735085736, 13, 31, 42, 28, 6, 0.06%, 9, 0, 6, 504.72
1735085741, 13, 31, 43, 29, 6, 0.06%, 9, 0, 6, 499.75
1735085746, 13, 31, 44, 30, 6, 0.06%, 9, 0, 6, 502.46
1735085772, 13, 31, 45, 31, 6, 0.06%, 9, 0, 6, 506.87
1735085797, 14, 14, 45, 30, 6, 0.06%, 9, 0, 6, 299.73
1735085802, 14, 14, 46, 31, 6, 0.06%, 9, 0, 6, 304.48
1735085817, 14, 14, 47, 32, 6, 0.06%, 9, 0, 6, 301.51
1735085857, 14, 14, 48, 33, 6, 0.06%, 9, 0, 6, 300.91
1735085909, 14, 14, 49, 34, 6, 0.06%, 9, 0, 6, 304.06
1735085919, 14, 20, 49, 33, 5, 0.06%, 9, 0, 6, 387.41
1735085939, 14, 20, 50, 34, 5, 0.06%, 9, 0, 6, 347.72
1735085949, 14, 30, 50, 33, 4, 0.06%, 9, 0, 6, 392.91
1735085980, 14, 32, 50, 32, 3, 0.06%, 9, 0, 6, 447.30
1735085985, 14, 32, 51, 33, 3, 0.06%, 9, 0, 6, 485.43
1735086025, 14, 39, 51, 32, 2, 0.06%, 9, 0, 6, 367.72
1735086067, 14, 39, 52, 33, 2, 0.06%, 9, 0, 7, 485.01
1735086113, 14, 50, 52, 32, 2, 0.06%, 9, 0, 7, 315.76
1735086118, 14, 50, 54, 34, 2, 0.06%, 9, 0, 7, 405.05
1735086133, 14, 50, 55, 35, 2, 0.06%, 9, 0, 7, 419.00
1735086143, 14, 50, 56, 36, 2, 0.06%, 9, 0, 7, 432.41
1735086204, 14, 51, 56, 35, 2, 0.06%, 9, 0, 7, 388.43
1735086261, 14, 51, 57, 36, 2, 0.06%, 9, 0, 8, 477.77
1735086271, 14, 51, 58, 37, 2, 0.06%, 9, 0, 8, 505.16
1735086306, 14, 51, 59, 38, 2, 0.06%, 9, 0, 8, 495.87
1735086312, 14, 51, 60, 39, 2, 0.06%, 9, 0, 8, 498.09
1735086337, 14, 52, 61, 39, 2, 0.06%, 9, 0, 8, 359.03
1735086347, 14, 52, 62, 40, 2, 0.06%, 9, 0, 8, 455.73
1735086388, 14, 55, 62, 39, 2, 0.06%, 9, 0, 8, 337.40
1735086464, 14, 56, 62, 38, 2, 0.06%, 9, 0, 8, 398.37
1735086618, 14, 57, 62, 37, 2, 0.06%, 9, 0, 8, 365.54
1735086689, 14, 57, 63, 38, 2, 0.06%, 9, 0, 9, 494.58
1735086745, 14, 58, 63, 37, 2, 0.06%, 9, 0, 9, 363.57
1735086802, 14, 58, 64, 38, 2, 0.06%, 9, 0, 9, 432.92
1735086812, 14, 58, 65, 39, 2, 0.06%, 9, 0, 9, 497.07
1735086868, 14, 60, 65, 38, 2, 0.06%, 9, 0, 9, 356.74
1735086918, 14, 61, 65, 37, 2, 0.06%, 9, 0, 9, 442.54
1735086949, 14, 61, 66, 38, 2, 0.06%, 9, 0, 9, 456.32
1735087010, 14, 62, 66, 37, 2, 0.06%, 9, 0, 9, 400.05
1735087086, 14, 62, 67, 38, 2, 0.06%, 9, 0, 10, 500.46
1735087101, 14, 62, 68, 39, 2, 0.06%, 9, 0, 10, 495.32
1735087132, 14, 63, 69, 39, 2, 0.06%, 9, 0, 10, 374.23
1735087244, 14, 64, 69, 38, 2, 0.06%, 9, 0, 10, 376.25
1735087397, 14, 65, 69, 37, 2, 0.06%, 9, 0, 10, 379.89
1735087463, 15, 20, 69, 36, 2, 0.06%, 9, 0, 10, 376.61
1735087479, 15, 48, 69, 36, 2, 0.06%, 9, 0, 10, 294.19
1735087484, 15, 48, 70, 37, 2, 0.06%, 9, 0, 10, 407.24
1735087545, 15, 49, 70, 36, 2, 0.06%, 9, 0, 10, 366.49
1735087606, 15, 50, 70, 35, 2, 0.06%, 9, 0, 10, 361.55
1735087626, 15, 51, 70, 35, 2, 0.06%, 9, 0, 10, 379.14
1735087713, 15, 52, 70, 35, 2, 0.06%, 9, 0, 10, 409.40
1735087733, 15, 53, 70, 35, 2, 0.06%, 9, 0, 10, 331.22
1735087763, 15, 54, 70, 34, 2, 0.06%, 9, 0, 10, 329.15
1735087799, 15, 55, 70, 33, 2, 0.06%, 9, 0, 10, 370.28
1735087860, 15, 56, 70, 33, 2, 0.06%, 9, 0, 10, 316.66
1735087998, 15, 56, 71, 34, 2, 0.06%, 9, 0, 10, 359.16
1735088019, 15, 57, 71, 34, 2, 0.06%, 9, 0, 10, 398.31
1735088105, 15, 58, 71, 34, 2, 0.06%, 9, 0, 10, 294.66
1735088193, 15, 60, 71, 34, 2, 0.06%, 9, 0, 10, 406.74
1735088223, 15, 61, 71, 34, 2, 0.06%, 9, 0, 10, 374.93
1735088264, 15, 62, 71, 34, 2, 0.06%, 9, 0, 10, 348.10
1735088341, 15, 65, 71, 34, 2, 0.06%, 9, 0, 10, 374.55
1735088377, 15, 65, 72, 35, 2, 0.06%, 9, 0, 10, 373.24
1735088382, 15, 69, 72, 35, 2, 0.06%, 9, 0, 10, 377.40
1735088438, 16, 14, 72, 34, 2, 0.06%, 9, 0, 10, 313.65
1735088453, 16, 15, 72, 34, 2, 0.06%, 9, 0, 10, 400.26
1735088494, 16, 25, 72, 33, 2, 0.06%, 9, 0, 10, 376.96
1735088524, 16, 45, 72, 32, 2, 0.06%, 9, 0, 10, 286.07
1735088560, 16, 46, 72, 31, 2, 0.06%, 9, 0, 10, 373.85
1735088600, 16, 47, 72, 30, 2, 0.06%, 9, 0, 10, 451.39
1735088667, 16, 48, 72, 29, 2, 0.06%, 9, 0, 10, 308.43
1735088687, 16, 49, 72, 29, 2, 0.06%, 9, 0, 10, 340.31
1735088707, 16, 50, 72, 29, 2, 0.06%, 9, 0, 10, 367.44
1735088722, 16, 51, 72, 29, 2, 0.06%, 9, 0, 10, 325.92
1735088742, 16, 52, 72, 29, 2, 0.06%, 9, 0, 10, 428.25
1735088758, 16, 53, 72, 29, 2, 0.06%, 9, 0, 10, 394.97
1735088773, 16, 54, 72, 29, 2, 0.06%, 9, 0, 10, 402.68
1735088788, 16, 55, 72, 29, 2, 0.06%, 9, 0, 10, 333.38
1735088808, 16, 56, 72, 29, 2, 0.06%, 9, 0, 10, 382.30
1735088834, 16, 57, 72, 29, 2, 0.06%, 9, 0, 10, 422.04
1735088859, 16, 58, 72, 29, 2, 0.06%, 9, 0, 10, 435.63
1735088885, 16, 59, 72, 29, 2, 0.06%, 9, 0, 10, 381.95
1735088982, 16, 60, 72, 28, 2, 0.06%, 9, 0, 10, 385.09
1735089012, 16, 61, 72, 28, 2, 0.06%, 9, 0, 10, 350.55
1735089064, 16, 62, 72, 28, 2, 0.06%, 9, 0, 10, 403.59
1735089146, 16, 63, 72, 28, 2, 0.06%, 9, 0, 10, 431.13
1735089176, 16, 64, 72, 28, 2, 0.06%, 9, 0, 10, 341.01
1735089315, 16, 65, 72, 28, 2, 0.06%, 9, 0, 10, 359.73
1735089360, 16, 66, 72, 28, 2, 0.06%, 9, 0, 10, 440.66
1735089472, 16, 67, 72, 27, 2, 0.06%, 9, 0, 10, 368.46
1735089590, 16, 68, 72, 26, 2, 0.06%, 9, 0, 10, 378.73
1735089708, 16, 69, 72, 25, 2, 0.06%, 9, 0, 10, 362.21
1735089723, 16, 70, 72, 25, 2, 0.06%, 9, 0, 10, 337.16
1735089819, 16, 71, 72, 24, 2, 0.06%, 9, 0, 10, 301.31
1735089926, 17, 14, 72, 23, 2, 0.06%, 9, 0, 10, 332.27
1735089946, 17, 15, 72, 23, 2, 0.06%, 9, 0, 10, 397.22
1735089962, 17, 17, 72, 23, 2, 0.06%, 9, 0, 10, 377.57
1735089977, 17, 20, 72, 23, 2, 0.06%, 9, 0, 10, 326.21
1735089997, 17, 24, 72, 23, 2, 0.06%, 9, 0, 10, 325.47
1735090033, 17, 25, 72, 22, 2, 0.06%, 9, 0, 10, 355.32
1735090048, 17, 28, 72, 22, 2, 0.06%, 9, 0, 10, 401.99
1735090130, 17, 29, 72, 21, 2, 0.06%, 9, 0, 10, 454.39
1735090161, 17, 30, 72, 20, 2, 0.06%, 9, 0, 10, 399.68
1735090181, 17, 32, 72, 20, 2, 0.06%, 9, 0, 10, 416.63
1735090197, 17, 33, 72, 20, 2, 0.06%, 9, 0, 10, 410.19
1735090232, 17, 34, 72, 19, 2, 0.06%, 9, 0, 10, 443.39
1735090370, 17, 45, 72, 18, 2, 0.06%, 9, 0, 10, 413.87
1735090385, 17, 46, 72, 18, 2, 0.06%, 9, 0, 10, 348.48
1735090406, 17, 47, 72, 18, 2, 0.06%, 9, 0, 10, 404.87
1735090421, 17, 48, 72, 18, 2, 0.06%, 9, 0, 10, 342.22
1735090441, 17, 49, 72, 18, 2, 0.06%, 9, 0, 10, 341.52
1735090462, 17, 50, 72, 18, 2, 0.06%, 9, 0, 10, 352.25
1735090467, 17, 52, 72, 18, 2, 0.06%, 9, 0, 10, 333.33
1735090477, 17, 53, 72, 18, 2, 0.06%, 9, 0, 10, 411.53
1735090492, 17, 54, 72, 18, 2, 0.06%, 9, 0, 10, 378.42
1735090507, 17, 55, 72, 18, 2, 0.06%, 9, 0, 10, 347.16
1735090512, 17, 55, 73, 19, 2, 0.06%, 9, 0, 10, 355.70
1735090523, 17, 60, 73, 19, 2, 0.06%, 9, 0, 10, 382.47
1735090533, 17, 61, 73, 19, 2, 0.06%, 9, 0, 10, 332.18
1735090559, 17, 61, 74, 20, 2, 0.06%, 9, 0, 10, 427.90
1735090574, 17, 62, 74, 20, 2, 0.06%, 9, 0, 10, 412.06
1735090584, 17, 65, 74, 20, 2, 0.06%, 9, 0, 10, 338.49
1735090624, 17, 66, 74, 20, 2, 0.06%, 9, 0, 10, 438.54
1735090716, 17, 69, 74, 20, 2, 0.06%, 9, 0, 10, 324.75
1735090737, 17, 72, 75, 21, 2, 0.06%, 9, 0, 10, 369.60
1735090798, 17, 73, 76, 21, 2, 0.06%, 9, 0, 10, 386.88
1735090930, 17, 74, 76, 20, 2, 0.06%, 9, 0, 10, 321.89
1735090996, 17, 75, 76, 19, 2, 0.06%, 9, 0, 10, 359.19
1735091124, 18, 14, 76, 18, 2, 0.06%, 9, 0, 10, 321.11
1735091129, 18, 15, 76, 18, 2, 0.06%, 9, 0, 10, 351.89
1735091149, 18, 16, 76, 18, 2, 0.06%, 9, 0, 10, 378.03
1735091165, 18, 17, 76, 18, 2, 0.06%, 9, 0, 10, 371.77
1735091180, 18, 18, 76, 18, 2, 0.06%, 9, 0, 10, 293.63
1735091230, 18, 20, 76, 17, 1, 0.06%, 9, 0, 10, 349.52
1735091235, 18, 21, 76, 17, 1, 0.06%, 9, 0, 10, 367.98
1735091271, 18, 22, 76, 16, 1, 0.06%, 9, 0, 10, 347.66
1735091322, 18, 23, 76, 15, 1, 0.06%, 9, 0, 10, 447.89
1735091373, 18, 24, 76, 14, 1, 0.06%, 9, 0, 10, 381.37
1735091388, 18, 25, 76, 14, 1, 0.06%, 9, 0, 10, 294.08
1735091408, 18, 26, 76, 14, 1, 0.06%, 9, 0, 10, 363.65
1735091505, 18, 27, 76, 13, 1, 0.06%, 9, 0, 10, 322.16
1735091617, 18, 28, 76, 12, 1, 0.06%, 9, 0, 10, 316.09
1735091637, 18, 29, 76, 12, 1, 0.06%, 9, 0, 10, 432.62
1735091653, 18, 30, 76, 12, 1, 0.06%, 9, 0, 10, 448.89
1735091668, 18, 31, 76, 12, 1, 0.06%, 9, 0, 10, 361.05
1735091683, 18, 32, 76, 12, 1, 0.06%, 9, 0, 10, 407.78
1735091703, 18, 33, 76, 12, 1, 0.06%, 9, 0, 10, 431.83
1735091719, 18, 34, 76, 12, 1, 0.06%, 9, 0, 10, 384.69
1735091734, 18, 35, 76, 12, 1, 0.06%, 9, 0, 10, 367.10
1735091867, 18, 36, 76, 11, 1, 0.06%, 9, 0, 10, 390.62
1735091974, 18, 37, 76, 10, 1, 0.06%, 9, 0, 10, 372.45
1735092067, 18, 38, 76, 9, 1, 0.06%, 9, 0, 10, 440.81
1735092097, 18, 39, 76, 8, 1, 0.06%, 9, 0, 10, 322.71
1735092185, 18, 40, 76, 8, 1, 0.06%, 9, 0, 10, 325.30
1735092215, 18, 41, 76, 7, 0, 0.06%, 9, 0, 10, 315.09
1735092323, 18, 42, 76, 6, 0, 0.06%, 9, 0, 10, 387.62
1735092482, 18, 43, 76, 5, 0, 0.06%, 9, 0, 10, 385.54
1735092517, 18, 44, 76, 4, 0, 0.06%, 9, 0, 10, 347.89
1735092619, 18, 45, 76, 3, 0, 0.06%, 9, 0, 10, 375.54
1735092640, 18, 46, 77, 4, 0, 0.06%, 9, 0, 10, 376.78
1735092660, 18, 47, 77, 4, 0, 0.06%, 9, 0, 10, 365.63
1735092680, 18, 48, 77, 4, 0, 0.06%, 9, 0, 10, 367.43
1735092690, 18, 49, 77, 4, 0, 0.06%, 9, 0, 10, 335.01
1735092695, 18, 50, 77, 4, 0, 0.06%, 9, 0, 10, 339.52
1735092705, 18, 51, 77, 4, 0, 0.06%, 9, 0, 10, 345.67
1735092715, 18, 52, 77, 4, 0, 0.06%, 9, 0, 10, 358.64
1735092726, 18, 53, 77, 4, 0, 0.06%, 9, 0, 10, 374.63
1735092736, 18, 54, 77, 4, 0, 0.06%, 9, 0, 10, 372.45
1735092741, 18, 55, 77, 4, 0, 0.06%, 9, 0, 10, 351.80
1735092751, 18, 56, 77, 4, 0, 0.06%, 9, 0, 10, 326.23
1735092766, 18, 57, 77, 4, 0, 0.06%, 9, 0, 10, 428.87
1735092776, 18, 58, 77, 4, 0, 0.06%, 9, 0, 10, 342.43
1735092791, 18, 59, 77, 4, 0, 0.06%, 9, 0, 10, 361.60
1735092883, 18, 60, 77, 4, 0, 0.06%, 9, 0, 10, 298.66
1735092899, 18, 61, 77, 4, 0, 0.06%, 9, 0, 10, 382.11
1735092914, 18, 62, 77, 4, 0, 0.06%, 9, 0, 10, 425.09
1735092924, 18, 63, 77, 4, 0, 0.06%, 9, 0, 10, 322.47
1735092950, 18, 64, 77, 4, 0, 0.06%, 9, 0, 10, 329.73
1735092975, 18, 65, 77, 4, 0, 0.06%, 9, 0, 10, 311.98
1735093016, 18, 66, 77, 4, 0, 0.06%, 9, 0, 10, 377.24
1735093118, 18, 67, 77, 4, 0, 0.06%, 9, 0, 10, 398.16
1735093221, 18, 68, 77, 4, 0, 0.06%, 9, 0, 10, 445.17
1735093318, 18, 69, 77, 4, 0, 0.06%, 9, 0, 10, 371.11
1735093328, 18, 70, 77, 4, 0, 0.06%, 9, 0, 10, 490.49
1735093410, 18, 71, 77, 4, 0, 0.06%, 9, 0, 10, 378.55
1735093441, 18, 72, 77, 4, 0, 0.06%, 9, 0, 10, 419.48
1735093547, 18, 73, 77, 4, 0, 0.06%, 9, 0, 10, 336.94
1735093669, 18, 74, 77, 4, 0, 0.06%, 9, 0, 10, 311.74
1735093781, 18, 75, 77, 4, 0, 0.06%, 9, 0, 10, 391.49
1735093897, 18, 76, 78, 5, 0, 0.06%, 9, 0, 10, 324.51
1735094014, 18, 77, 78, 4, 0, 0.06%, 9, 0, 10, 374.83
1735094126, 19, 14, 78, 3, 0, 0.06%, 9, 0, 10, 330.53
1735094131, 19, 15, 78, 3, 0, 0.06%, 9, 0, 10, 372.38
1735094142, 19, 25, 78, 3, 0, 0.06%, 9, 0, 10, 343.99
1735094152, 19, 30, 78, 3, 0, 0.06%, 9, 0, 10, 370.66
1735094162, 19, 39, 78, 3, 0, 0.06%, 9, 0, 10, 415.67
1735094177, 19, 45, 78, 3, 0, 0.06%, 9, 0, 10, 363.92
1735094187, 19, 46, 78, 3, 0, 0.06%, 9, 0, 10, 369.59
1735094198, 19, 47, 78, 3, 0, 0.06%, 9, 0, 10, 360.41
1735094208, 19, 48, 78, 3, 0, 0.06%, 9, 0, 10, 351.55
1735094213, 19, 49, 78, 3, 0, 0.06%, 9, 0, 10, 350.10
1735094223, 19, 51, 78, 3, 0, 0.06%, 9, 0, 10, 314.48
1735094233, 19, 52, 78, 3, 0, 0.06%, 9, 0, 10, 371.33
1735094238, 19, 55, 78, 3, 0, 0.06%, 9, 0, 10, 334.50
1735094243, 19, 56, 78, 3, 0, 0.06%, 9, 0, 10, 338.82
1735094259, 19, 57, 78, 3, 0, 0.06%, 9, 0, 10, 386.45
1735094274, 19, 58, 78, 3, 0, 0.06%, 9, 0, 10, 421.78
1735094284, 19, 59, 78, 3, 0, 0.06%, 9, 0, 10, 317.93
1735094309, 19, 60, 78, 3, 0, 0.06%, 9, 0, 10, 353.09
1735094319, 19, 61, 78, 3, 0, 0.06%, 9, 0, 10, 351.54
1735094325, 19, 62, 78, 3, 0, 0.06%, 9, 0, 10, 384.85
1735094330, 19, 63, 78, 3, 0, 0.06%, 9, 0, 10, 347.64
1735094345, 19, 64, 78, 3, 0, 0.06%, 9, 0, 10, 307.00
1735094360, 19, 65, 78, 3, 0, 0.06%, 9, 0, 10, 378.38
1735094365, 19, 66, 78, 3, 0, 0.06%, 9, 0, 10, 361.08
1735094381, 19, 67, 78, 3, 0, 0.06%, 9, 0, 10, 405.56
1735094406, 19, 68, 78, 3, 0, 0.06%, 9, 0, 10, 428.36
1735094431, 19, 69, 78, 3, 0, 0.06%, 9, 0, 10, 368.80
1735094441, 19, 70, 78, 3, 0, 0.06%, 9, 0, 10, 435.45
1735094466, 19, 71, 78, 3, 0, 0.06%, 9, 0, 10, 383.00
1735094553, 19, 72, 78, 3, 0, 0.06%, 9, 0, 10, 339.44
1735094584, 19, 73, 78, 3, 0, 0.06%, 9, 0, 10, 408.15
1735094609, 19, 74, 78, 3, 0, 0.06%, 9, 0, 10, 381.03
1735094634, 19, 75, 78, 3, 0, 0.06%, 9, 0, 10, 299.20
1735094665, 19, 76, 78, 3, 0, 0.06%, 9, 0, 10, 359.52
1735094680, 19, 77, 78, 3, 0, 0.06%, 9, 0, 10, 314.07
1735094701, 20, 14, 78, 3, 0, 0.06%, 9, 0, 10, 324.06
1735094706, 20, 15, 78, 3, 0, 0.06%, 9, 0, 10, 335.83
1735094711, 20, 20, 78, 3, 0, 0.06%, 9, 0, 10, 340.38
1735094716, 20, 25, 78, 3, 0, 0.06%, 9, 0, 10, 327.18
1735094721, 20, 39, 78, 3, 0, 0.06%, 9, 0, 10, 347.89
1735094731, 20, 45, 78, 3, 0, 0.06%, 9, 0, 10, 331.75
1735094741, 20, 46, 78, 3, 0, 0.06%, 9, 0, 10, 342.26
1735094751, 20, 47, 78, 3, 0, 0.06%, 9, 0, 10, 375.56
1735094762, 20, 48, 78, 3, 0, 0.06%, 9, 0, 10, 333.60
1735094767, 20, 49, 78, 3, 0, 0.06%, 9, 0, 10, 343.49
1735094772, 20, 51, 78, 3, 0, 0.06%, 9, 0, 10, 382.55
1735094777, 20, 52, 78, 3, 0, 0.06%, 9, 0, 10, 361.16
1735094782, 20, 55, 78, 3, 0, 0.06%, 9, 0, 10, 343.56
1735094787, 20, 56, 78, 3, 0, 0.06%, 9, 0, 10, 381.20
1735094792, 20, 57, 78, 3, 0, 0.06%, 9, 0, 10, 367.53
1735094802, 20, 58, 78, 3, 0, 0.06%, 9, 0, 10, 389.59
1735094807, 20, 59, 78, 3, 0, 0.06%, 9, 0, 10, 329.95
1735094822, 20, 60, 78, 3, 0, 0.06%, 9, 0, 10, 376.87
1735094828, 20, 61, 78, 3, 0, 0.06%, 9, 0, 10, 365.32
1735094838, 20, 62, 78, 3, 0, 0.06%, 9, 0, 10, 376.52
1735094843, 20, 63, 78, 3, 0, 0.06%, 9, 0, 10, 375.93
1735094858, 20, 64, 78, 3, 0, 0.06%, 9, 0, 10, 433.97
1735094873, 20, 65, 78, 3, 0, 0.06%, 9, 0, 10, 339.02
1735094878, 20, 66, 78, 3, 0, 0.06%, 9, 0, 10, 410.23
1735094894, 20, 67, 78, 3, 0, 0.06%, 9, 0, 10, 412.02
1735094904, 20, 68, 78, 3, 0, 0.06%, 9, 0, 10, 306.75
1735094919, 20, 69, 78, 3, 0, 0.06%, 9, 0, 10, 371.63
1735094929, 20, 70, 78, 3, 0, 0.06%, 9, 0, 10, 405.51
1735094944, 20, 71, 78, 3, 0, 0.06%, 9, 0, 10, 406.52
1735094959, 20, 72, 78, 3, 0, 0.06%, 9, 0, 10, 417.72
1735094985, 20, 73, 78, 3, 0, 0.06%, 9, 0, 10, 399.51
1735095010, 20, 74, 78, 3, 0, 0.06%, 9, 0, 10, 413.76
1735095035, 20, 75, 78, 3, 0, 0.06%, 9, 0, 10, 370.99
1735095061, 20, 76, 78, 3, 0, 0.06%, 9, 0, 10, 384.11
1735095076, 20, 77, 78, 3, 0, 0.06%, 9, 0, 10, 335.14
1735095096, 21, 14, 78, 3, 0, 0.06%, 9, 0, 10, 297.64
1735095101, 21, 20, 78, 3, 0, 0.06%, 9, 0, 10, 336.65
1735095106, 21, 25, 78, 3, 0, 0.06%, 9, 0, 10, 336.50
1735095111, 21, 30, 78, 3, 0, 0.06%, 9, 0, 10, 372.08
1735095116, 21, 39, 78, 3, 0, 0.06%, 9, 0, 10, 374.64
1735095121, 21, 45, 78, 3, 0, 0.06%, 9, 0, 10, 357.08
1735095127, 21, 46, 78, 3, 0, 0.06%, 9, 0, 10, 349.09
1735095132, 21, 47, 78, 3, 0, 0.06%, 9, 0, 10, 341.73
1735095137, 21, 48, 78, 3, 0, 0.06%, 9, 0, 10, 329.78
1735095142, 21, 49, 78, 3, 0, 0.06%, 9, 0, 10, 359.71
1735095147, 21, 51, 78, 3, 0, 0.06%, 9, 0, 10, 364.14
1735095152, 21, 52, 78, 3, 0, 0.06%, 9, 0, 10, 357.55
1735095157, 21, 55, 78, 3, 0, 0.06%, 9, 0, 10, 339.08
1735095162, 21, 56, 78, 3, 0, 0.06%, 9, 0, 10, 296.19
1735095172, 21, 57, 78, 3, 0, 0.06%, 9, 0, 10, 363.01
1735095177, 21, 58, 78, 3, 0, 0.06%, 9, 0, 10, 342.28
1735095187, 21, 59, 78, 3, 0, 0.06%, 9, 0, 10, 430.58
1735095197, 21, 60, 78, 3, 0, 0.06%, 9, 0, 10, 368.21
1735095208, 21, 61, 78, 3, 0, 0.06%, 9, 0, 10, 341.23
1735095213, 21, 62, 78, 3, 0, 0.06%, 9, 0, 10, 388.99
1735095218, 21, 63, 78, 3, 0, 0.06%, 9, 0, 10, 353.86
1735095228, 21, 64, 78, 3, 0, 0.06%, 9, 0, 10, 393.74
1735095233, 21, 65, 78, 3, 0, 0.06%, 9, 0, 10, 355.24
1735095243, 21, 66, 78, 3, 0, 0.06%, 9, 0, 10, 403.36
1735095248, 21, 69, 78, 3, 0, 0.06%, 9, 0, 10, 346.49
1735095253, 21, 72, 78, 3, 0, 0.06%, 9, 0, 10, 355.31
1735095268, 21, 73, 78, 3, 0, 0.06%, 9, 0, 10, 358.30
1735095284, 21, 74, 78, 3, 0, 0.06%, 9, 0, 10, 390.27
1735095299, 21, 75, 78, 3, 0, 0.06%, 9, 0, 10, 407.06
1735095309, 21, 76, 78, 3, 0, 0.06%, 9, 0, 10, 354.78
1735095329, 21, 77, 78, 3, 0, 0.06%, 9, 0, 10, 367.35
1735095344, 22, 14, 78, 3, 0, 0.06%, 9, 0, 10, 300.15
1735095349, 22, 20, 78, 3, 0, 0.06%, 9, 0, 10, 340.68
1735095355, 22, 48, 78, 3, 0, 0.06%, 9, 0, 10, 348.61
1735095360, 22, 49, 78, 3, 0, 0.06%, 9, 0, 10, 355.01
1735095365, 22, 52, 78, 3, 0, 0.06%, 9, 0, 10, 363.10
1735095370, 22, 55, 78, 3, 0, 0.06%, 9, 0, 10, 347.18
1735095375, 22, 60, 78, 3, 0, 0.06%, 9, 0, 10, 358.81
1735095380, 22, 61, 78, 3, 0, 0.06%, 9, 0, 10, 372.10
1735095385, 22, 65, 78, 3, 0, 0.06%, 9, 0, 10, 355.69
1735095395, 22, 69, 78, 3, 0, 0.06%, 9, 0, 10, 333.18
1735095400, 22, 72, 78, 3, 0, 0.06%, 9, 0, 10, 370.17
1735095405, 22, 73, 78, 3, 0, 0.06%, 9, 0, 10, 335.49
1735095415, 22, 74, 78, 3, 0, 0.06%, 9, 0, 10, 375.10
1735095421, 22, 75, 78, 3, 0, 0.06%, 9, 0, 10, 333.14
1735095431, 23, 48, 78, 3, 0, 0.06%, 9, 0, 10, 333.86
1735095441, 23, 49, 78, 3, 0, 0.06%, 9, 0, 10, 330.48
1735095446, 23, 55, 78, 3, 0, 0.06%, 9, 0, 10, 331.64
1735095451, 23, 60, 78, 3, 0, 0.06%, 9, 0, 10, 325.33
1735095461, 23, 61, 78, 3, 0, 0.06%, 9, 0, 10, 360.02
1735095466, 23, 65, 78, 3, 0, 0.06%, 9, 0, 10, 392.95
1735095472, 23, 69, 78, 3, 0, 0.06%, 9, 0, 10, 335.43
1735095477, 23, 72, 78, 3, 0, 0.06%, 9, 0, 10, 330.04
1735095487, 23, 73, 78, 3, 0, 0.06%, 9, 0, 10, 387.56
1735095492, 23, 74, 78, 3, 0, 0.06%, 9, 0, 10, 322.84
1735095502, 23, 75, 78, 3, 0, 0.06%, 9, 0, 10, 385.68
1735095507, 23, 76, 78, 3, 0, 0.06%, 9, 0, 10, 349.40
