# unix_time, cycles_done, cur_path, paths_total, pending_total, pending_favs, map_size, unique_crashes, unique_hangs, max_depth, execs_per_sec
1735633243, 0, 0, 10, 10, 1, 0.00%, 0, 0, 1, 173.16
1735633248, 0, 4, 10, 10, 1, 0.00%, 0, 0, 1, 203.63
1735633253, 0, 5, 10, 9, 0, 0.00%, 0, 0, 1, 210.63
1735633258, 0, 6, 10, 8, 0, 0.00%, 0, 0, 1, 203.27
1735633268, 0, 7, 10, 7, 0, 0.00%, 0, 0, 1, 212.70
1735633273, 0, 8, 10, 6, 0, 0.00%, 0, 0, 1, 198.81
1735633283, 0, 9, 10, 5, 0, 0.00%, 0, 0, 1, 210.76
1735633289, 1, 0, 10, 4, 0, 0.00%, 0, 0, 1, 200.27
1735633299, 1, 1, 10, 3, 0, 0.00%, 0, 0, 1, 209.68
1735633309, 1, 2, 10, 2, 0, 0.00%, 0, 0, 1, 207.84
1735633319, 1, 3, 10, 1, 0, 0.00%, 0, 0, 1, 211.73
1735633329, 1, 4, 10, 0, 0, 0.00%, 0, 0, 1, 208.29
1735633340, 1, 6, 10, 0, 0, 0.00%, 0, 0, 1, 206.20
1735633345, 1, 7, 10, 0, 0, 0.00%, 0, 0, 1, 211.34
1735633350, 1, 9, 10, 0, 0, 0.00%, 0, 0, 1, 208.34
1735633355, 2, 0, 10, 0, 0, 0.00%, 0, 0, 1, 208.45
1735633360, 2, 2, 10, 0, 0, 0.00%, 0, 0, 1, 209.22
1735633365, 2, 3, 10, 0, 0, 0.00%, 0, 0, 1, 212.91
1735633370, 2, 4, 10, 0, 0, 0.00%, 0, 0, 1, 207.84
1735633375, 2, 6, 10, 0, 0, 0.00%, 0, 0, 1, 211.70
1735633380, 2, 7, 10, 0, 0, 0.00%, 0, 0, 1, 206.85
1735633385, 2, 9, 10, 0, 0, 0.00%, 0, 0, 1, 208.05
1735633390, 3, 0, 10, 0, 0, 0.00%, 0, 0, 1, 210.10
1735633395, 3, 1, 10, 0, 0, 0.00%, 0, 0, 1, 209.18
1735633400, 3, 3, 10, 0, 0, 0.00%, 0, 0, 1, 208.77
1735633405, 3, 4, 10, 0, 0, 0.00%, 0, 0, 1, 211.05
1735633410, 3, 6, 10, 0, 0, 0.00%, 0, 0, 1, 212.35
1735633416, 3, 7, 10, 0, 0, 0.00%, 0, 0, 1, 212.32
1735633421, 3, 9, 10, 0, 0, 0.00%, 0, 0, 1, 211.41
1735633426, 4, 0, 10, 0, 0, 0.00%, 0, 0, 1, 211.92
1735633431, 4, 1, 10, 0, 0, 0.00%, 0, 0, 1, 208.38
1735633436, 4, 3, 10, 0, 0, 0.00%, 0, 0, 1, 207.72
1735633441, 4, 4, 10, 0, 0, 0.00%, 0, 0, 1, 212.11
1735633446, 4, 6, 10, 0, 0, 0.00%, 0, 0, 1, 210.57
1735633451, 4, 7, 10, 0, 0, 0.00%, 0, 0, 1, 208.49
1735633456, 4, 9, 10, 0, 0, 0.00%, 0, 0, 1, 209.93
1735633461, 5, 0, 10, 0, 0, 0.00%, 0, 0, 1, 212.69
1735633467, 5, 1, 10, 0, 0, 0.00%, 0, 0, 1, 209.21
1735633472, 5, 3, 10, 0, 0, 0.00%, 0, 0, 1, 210.15
1735633477, 5, 4, 10, 0, 0, 0.00%, 0, 0, 1, 206.42
1735633482, 5, 6, 10, 0, 0, 0.00%, 0, 0, 1, 207.87
1735633487, 5, 7, 10, 0, 0, 0.00%, 0, 0, 1, 208.81
1735633492, 5, 8, 10, 0, 0, 0.00%, 0, 0, 1, 209.85
1735633497, 6, 0, 10, 0, 0, 0.00%, 0, 0, 1, 212.02
1735633502, 6, 1, 10, 0, 0, 0.00%, 0, 0, 1, 209.33
1735633507, 6, 3, 10, 0, 0, 0.00%, 0, 0, 1, 209.27
1735633512, 6, 4, 10, 0, 0, 0.00%, 0, 0, 1, 209.53
1735633517, 6, 5, 10, 0, 0, 0.00%, 0, 0, 1, 210.84
1735633522, 6, 7, 10, 0, 0, 0.00%, 0, 0, 1, 208.92
1735633527, 6, 8, 10, 0, 0, 0.00%, 0, 0, 1, 206.21
1735633532, 7, 0, 10, 0, 0, 0.00%, 0, 0, 1, 208.05
1735633537, 7, 1, 10, 0, 0, 0.00%, 0, 0, 1, 209.30
1735633542, 7, 2, 10, 0, 0, 0.00%, 0, 0, 1, 207.49
1735633547, 7, 4, 10, 0, 0, 0.00%, 0, 0, 1, 210.66
1735633552, 7, 5, 10, 0, 0, 0.00%, 0, 0, 1, 210.84
1735633557, 7, 7, 10, 0, 0, 0.00%, 0, 0, 1, 211.15
1735633563, 7, 8, 10, 0, 0, 0.00%, 0, 0, 1, 214.15
1735633568, 8, 0, 10, 0, 0, 0.00%, 0, 0, 1, 209.87
1735633573, 8, 1, 10, 0, 0, 0.00%, 0, 0, 1, 211.91
1735633578, 8, 3, 10, 0, 0, 0.00%, 0, 0, 1, 206.93
1735633583, 8, 4, 10, 0, 0, 0.00%, 0, 0, 1, 207.25
1735633588, 8, 5, 10, 0, 0, 0.00%, 0, 0, 1, 211.99
1735633593, 8, 7, 10, 0, 0, 0.00%, 0, 0, 1, 210.22
1735633598, 8, 8, 10, 0, 0, 0.00%, 0, 0, 1, 212.25
1735633603, 9, 0, 10, 0, 0, 0.00%, 0, 0, 1, 210.24
1735633608, 9, 1, 10, 0, 0, 0.00%, 0, 0, 1, 208.10
1735633613, 9, 2, 10, 0, 0, 0.00%, 0, 0, 1, 209.96
1735633618, 9, 4, 10, 0, 0, 0.00%, 0, 0, 1, 212.26
1735633623, 9, 5, 10, 0, 0, 0.00%, 0, 0, 1, 211.32
1735633628, 9, 7, 10, 0, 0, 0.00%, 0, 0, 1, 211.69
1735633633, 9, 8, 10, 0, 0, 0.00%, 0, 0, 1, 211.46
1735633638, 9, 9, 10, 0, 0, 0.00%, 0, 0, 1, 205.76
1735633643, 10, 1, 10, 0, 0, 0.00%, 0, 0, 1, 210.91
1735633648, 10, 2, 10, 0, 0, 0.00%, 0, 0, 1, 206.78
1735633653, 10, 4, 10, 0, 0, 0.00%, 0, 0, 1, 211.64
1735633659, 10, 5, 10, 0, 0, 0.00%, 0, 0, 1, 210.96
1735633664, 10, 7, 10, 0, 0, 0.00%, 0, 0, 1, 210.88
1735633669, 10, 8, 10, 0, 0, 0.00%, 0, 0, 1, 212.11
1735633674, 11, 0, 10, 0, 0, 0.00%, 0, 0, 1, 210.62
1735633679, 11, 1, 10, 0, 0, 0.00%, 0, 0, 1, 211.00
1735633684, 11, 2, 10, 0, 0, 0.00%, 0, 0, 1, 211.67
1735633689, 11, 4, 10, 0, 0, 0.00%, 0, 0, 1, 209.60
1735633694, 11, 5, 10, 0, 0, 0.00%, 0, 0, 1, 207.97
1735633699, 11, 7, 10, 0, 0, 0.00%, 0, 0, 1, 210.02
1735633704, 11, 8, 10, 0, 0, 0.00%, 0, 0, 1, 209.94
1735633709, 11, 9, 10, 0, 0, 0.00%, 0, 0, 1, 209.99
1735633714, 12, 1, 10, 0, 0, 0.00%, 0, 0, 1, 210.27
1735633719, 12, 2, 10, 0, 0, 0.00%, 0, 0, 1, 208.65
1735633724, 12, 4, 10, 0, 0, 0.00%, 0, 0, 1, 209.66
1735633729, 12, 5, 10, 0, 0, 0.00%, 0, 0, 1, 213.80
1735633734, 12, 6, 10, 0, 0, 0.00%, 0, 0, 1, 212.10
1735633740, 12, 8, 10, 0, 0, 0.00%, 0, 0, 1, 210.30
1735633745, 12, 9, 10, 0, 0, 0.00%, 0, 0, 1, 208.89
1735633750, 13, 1, 10, 0, 0, 0.00%, 0, 0, 1, 207.26
1735633755, 13, 2, 10, 0, 0, 0.00%, 0, 0, 1, 209.00
1735633760, 13, 4, 10, 0, 0, 0.00%, 0, 0, 1, 208.69
1735633765, 13, 5, 10, 0, 0, 0.00%, 0, 0, 1, 207.44
1735633770, 13, 6, 10, 0, 0, 0.00%, 0, 0, 1, 209.63
1735633775, 13, 8, 10, 0, 0, 0.00%, 0, 0, 1, 211.97
1735633780, 13, 9, 10, 0, 0, 0.00%, 0, 0, 1, 208.02
1735633785, 14, 1, 10, 0, 0, 0.00%, 0, 0, 1, 208.63
1735633790, 14, 2, 10, 0, 0, 0.00%, 0, 0, 1, 212.53
1735633795, 14, 3, 10, 0, 0, 0.00%, 0, 0, 1, 209.45
1735633800, 14, 5, 10, 0, 0, 0.00%, 0, 0, 1, 208.35
1735633805, 14, 6, 10, 0, 0, 0.00%, 0, 0, 1, 214.05
1735633810, 14, 8, 10, 0, 0, 0.00%, 0, 0, 1, 209.37
1735633815, 14, 9, 10, 0, 0, 0.00%, 0, 0, 1, 208.59
1735633821, 15, 1, 10, 0, 0, 0.00%, 0, 0, 1, 209.89
1735633826, 15, 2, 10, 0, 0, 0.00%, 0, 0, 1, 209.03
1735633831, 15, 3, 10, 0, 0, 0.00%, 0, 0, 1, 212.18
1735633836, 15, 5, 10, 0, 0, 0.00%, 0, 0, 1, 209.91
1735633841, 15, 6, 10, 0, 0, 0.00%, 0, 0, 1, 212.77
1735633846, 15, 8, 10, 0, 0, 0.00%, 0, 0, 1, 215.30
1735633851, 15, 9, 10, 0, 0, 0.00%, 0, 0, 1, 217.17
1735633856, 16, 1, 10, 0, 0, 0.00%, 0, 0, 1, 216.71
1735633861, 16, 2, 10, 0, 0, 0.00%, 0, 0, 1, 217.73
1735633866, 16, 4, 10, 0, 0, 0.00%, 0, 0, 1, 218.00
1735633871, 16, 5, 10, 0, 0, 0.00%, 0, 0, 1, 215.50
1735633876, 16, 7, 10, 0, 0, 0.00%, 0, 0, 1, 212.40
1735633881, 16, 8, 10, 0, 0, 0.00%, 0, 0, 1, 222.33
1735633886, 17, 0, 10, 0, 0, 0.00%, 0, 0, 1, 215.03
1735633891, 17, 1, 10, 0, 0, 0.00%, 0, 0, 1, 220.11
1735633896, 17, 2, 10, 0, 0, 0.00%, 0, 0, 1, 214.79
1735633902, 17, 4, 10, 0, 0, 0.00%, 0, 0, 1, 210.00
1735633907, 17, 5, 11, 1, 0, 0.05%, 1, 0, 2, 215.30
1735633912, 17, 10, 13, 3, 1, 0.05%, 2, 0, 3, 217.88
1735633977, 17, 10, 14, 4, 1, 0.05%, 3, 0, 3, 221.37
1735634048, 17, 13, 17, 6, 2, 0.06%, 5, 0, 4, 264.13
1735634053, 17, 13, 18, 7, 2, 0.06%, 5, 0, 4, 269.88
1735634058, 17, 13, 19, 8, 2, 0.06%, 6, 0, 4, 276.39
1735634063, 17, 13, 20, 9, 2, 0.06%, 6, 0, 4, 274.57
1735634068, 17, 13, 22, 11, 2, 0.06%, 6, 0, 4, 272.34
1735634099, 17, 13, 24, 13, 2, 0.06%, 6, 0, 4, 269.95
1735634104, 17, 13, 25, 14, 2, 0.06%, 6, 0, 4, 273.78
1735634134, 17, 13, 26, 15, 2, 0.06%, 6, 0, 4, 265.85
1735634145, 17, 13, 29, 18, 2, 0.06%, 6, 0, 4, 247.91
1735634150, 17, 15, 30, 18, 4, 0.06%, 6, 0, 5, 279.69
1735634175, 17, 15, 31, 19, 4, 0.06%, 7, 0, 5, 309.51
1735634180, 17, 15, 32, 20, 4, 0.06%, 7, 0, 5, 308.50
1735634196, 17, 15, 33, 21, 4, 0.06%, 7, 0, 5, 314.19
1735634241, 17, 15, 35, 23, 4, 0.06%, 7, 0, 5, 258.39
1735634246, 17, 15, 36, 24, 4, 0.06%, 8, 0, 5, 255.57
1735634251, 17, 35, 38, 25, 4, 0.06%, 9, 0, 6, 272.78
1735634256, 17, 35, 39, 26, 4, 0.06%, 9, 0, 6, 461.15
1735634282, 17, 35, 42, 29, 4, 0.06%, 9, 0, 6, 373.73
1735634287, 17, 35, 43, 30, 4, 0.06%, 9, 0, 6, 280.74
1735634302, 17, 36, 43, 29, 4, 0.06%, 9, 0, 6, 295.38
1735634307, 17, 36, 44, 30, 4, 0.06%, 9, 0, 7, 466.29
1735634322, 17, 36, 46, 32, 4, 0.06%, 9, 0, 7, 504.64
1735634332, 17, 36, 50, 36, 4, 0.06%, 9, 0, 7, 492.81
1735634343, 17, 36, 51, 37, 4, 0.06%, 9, 0, 7, 504.56
1735634353, 17, 36, 52, 38, 4, 0.06%, 9, 0, 7, 499.33
1735634373, 17, 36, 54, 40, 4, 0.06%, 9, 0, 7, 266.44
1735634378, 17, 42, 54, 39, 3, 0.06%, 9, 0, 7, 283.66
1735634409, 17, 42, 57, 42, 3, 0.06%, 9, 0, 7, 325.50
1735634419, 17, 43, 57, 41, 3, 0.06%, 9, 0, 7, 424.11
1735634434, 17, 43, 58, 42, 3, 0.06%, 9, 0, 8, 462.37
1735634444, 17, 43, 59, 43, 3, 0.06%, 9, 0, 8, 469.03
1735634449, 17, 43, 60, 44, 3, 0.06%, 9, 0, 8, 471.00
1735634500, 17, 49, 60, 43, 3, 0.06%, 9, 0, 8, 376.62
1735634556, 17, 50, 60, 42, 3, 0.06%, 9, 0, 8, 283.67
1735634572, 17, 50, 65, 47, 3, 0.06%, 9, 0, 8, 314.52
1735634577, 17, 50, 66, 48, 3, 0.06%, 9, 0, 8, 278.01
1735634587, 17, 50, 67, 49, 3, 0.06%, 9, 0, 8, 273.41
1735634597, 17, 50, 68, 50, 3, 0.06%, 9, 0, 8, 275.40
1735634688, 17, 50, 69, 51, 3, 0.06%, 9, 0, 8, 272.47
1735634703, 17, 54, 69, 50, 3, 0.06%, 9, 0, 8, 475.48
1735634723, 17, 54, 70, 51, 3, 0.06%, 9, 0, 8, 495.54
1735634744, 17, 54, 71, 52, 3, 0.06%, 9, 0, 8, 352.53
1735634754, 17, 55, 71, 51, 3, 0.06%, 9, 0, 8, 396.98
1735634790, 17, 56, 71, 50, 3, 0.06%, 9, 0, 8, 303.04
1735634805, 17, 56, 72, 51, 3, 0.06%, 9, 0, 8, 492.42
1735634841, 17, 69, 72, 50, 3, 0.06%, 9, 0, 8, 460.03
1735634892, 18, 14, 72, 49, 3, 0.06%, 9, 0, 8, 292.05
1735634928, 18, 35, 72, 48, 2, 0.06%, 9, 0, 8, 388.58
1735634943, 18, 37, 72, 48, 2, 0.06%, 9, 0, 8, 361.00
1735634978, 18, 38, 72, 47, 2, 0.06%, 9, 0, 8, 467.74
1735635004, 18, 39, 72, 46, 2, 0.06%, 9, 0, 8, 335.74
1735635030, 18, 39, 73, 47, 2, 0.06%, 9, 0, 8, 443.68
1735635121, 18, 42, 73, 46, 2, 0.06%, 9, 0, 8, 394.07
1735635136, 18, 45, 73, 46, 2, 0.06%, 9, 0, 8, 355.09
1735635203, 18, 45, 74, 47, 2, 0.06%, 9, 0, 8, 308.32
1735635228, 18, 45, 75, 48, 2, 0.06%, 9, 0, 8, 423.01
1735635289, 18, 48, 75, 47, 2, 0.06%, 9, 0, 8, 343.38
1735635355, 18, 49, 75, 46, 2, 0.06%, 9, 0, 8, 370.88
1735635370, 18, 54, 75, 46, 2, 0.06%, 9, 0, 8, 408.57
1735635385, 18, 55, 75, 46, 2, 0.06%, 9, 0, 8, 381.51
1735635405, 18, 56, 75, 46, 2, 0.06%, 9, 0, 8, 433.03
1735635421, 18, 69, 75, 46, 2, 0.06%, 9, 0, 8, 432.00
1735635441, 18, 70, 75, 46, 2, 0.06%, 9, 0, 8, 315.82
1735635446, 18, 70, 76, 47, 2, 0.06%, 9, 0, 9, 386.00
1735635842, 18, 71, 77, 47, 2, 0.06%, 9, 0, 9, 367.59
1735635939, 18, 72, 77, 46, 2, 0.06%, 9, 0, 9, 394.70
1735636041, 18, 73, 77, 45, 2, 0.06%, 9, 0, 9, 355.22
1735636163, 18, 74, 77, 44, 2, 0.06%, 9, 0, 9, 344.76
1735636281, 18, 75, 77, 43, 2, 0.06%, 9, 0, 9, 318.96
1735636685, 18, 76, 77, 42, 2, 0.06%, 9, 0, 9, 356.22
1735636782, 19, 35, 77, 41, 2, 0.06%, 9, 0, 9, 442.67
1735636797, 19, 37, 77, 41, 2, 0.06%, 9, 0, 9, 388.42
1735636818, 19, 38, 77, 41, 2, 0.06%, 9, 0, 9, 429.69
1735636833, 19, 39, 77, 41, 2, 0.06%, 9, 0, 9, 310.58
1735636853, 19, 40, 77, 41, 2, 0.06%, 9, 0, 9, 442.74
1735636889, 19, 41, 77, 40, 2, 0.06%, 9, 0, 9, 453.52
1735636939, 19, 42, 77, 39, 2, 0.06%, 9, 0, 9, 389.93
1735636955, 19, 43, 77, 39, 2, 0.06%, 9, 0, 9, 310.58
1735636975, 19, 44, 77, 39, 2, 0.06%, 9, 0, 9, 349.21
1735637016, 19, 45, 77, 38, 2, 0.06%, 9, 0, 9, 404.34
1735637098, 19, 48, 77, 38, 2, 0.06%, 9, 0, 9, 391.20
1735637113, 19, 49, 77, 38, 2, 0.06%, 9, 0, 9, 330.73
1735637133, 19, 52, 77, 38, 2, 0.06%, 9, 0, 9, 358.09
1735637587, 19, 54, 77, 37, 2, 0.06%, 9, 0, 9, 439.81
1735637602, 19, 55, 77, 37, 2, 0.06%, 9, 0, 9, 454.38
1735637617, 19, 56, 77, 37, 2, 0.06%, 9, 0, 9, 408.94
1735637632, 19, 69, 77, 37, 2, 0.06%, 9, 0, 9, 390.71
1735637658, 19, 70, 77, 37, 2, 0.06%, 9, 0, 9, 342.09
1735637688, 19, 71, 77, 37, 2, 0.06%, 9, 0, 9, 450.49
1735637709, 19, 72, 77, 37, 2, 0.06%, 9, 0, 9, 334.02
1735637729, 19, 75, 77, 37, 2, 0.06%, 9, 0, 9, 287.26
1735637760, 19, 76, 77, 37, 2, 0.06%, 9, 0, 9, 424.98
1735637785, 20, 35, 77, 37, 2, 0.06%, 9, 0, 9, 437.91
1735637800, 20, 37, 77, 37, 2, 0.06%, 9, 0, 9, 349.04
1735637820, 20, 38, 77, 37, 2, 0.06%, 9, 0, 9, 422.74
1735637836, 20, 39, 77, 37, 2, 0.06%, 9, 0, 9, 308.42
1735637856, 20, 40, 77, 37, 2, 0.06%, 9, 0, 9, 427.19
1735637871, 20, 41, 77, 37, 2, 0.06%, 9, 0, 9, 323.92
1735637892, 20, 49, 77, 37, 2, 0.06%, 9, 0, 9, 440.88
1735637907, 20, 54, 77, 37, 2, 0.06%, 9, 0, 9, 445.53
1735637922, 20, 55, 77, 37, 2, 0.06%, 9, 0, 9, 450.50
1735637938, 20, 56, 77, 37, 2, 0.06%, 9, 0, 9, 423.32
1735637953, 20, 69, 77, 37, 2, 0.06%, 9, 0, 9, 389.90
1735637979, 20, 70, 77, 37, 2, 0.06%, 9, 0, 9, 310.18
1735638009, 20, 71, 77, 37, 2, 0.06%, 9, 0, 9, 424.72
1735638029, 20, 72, 77, 37, 2, 0.06%, 9, 0, 9, 357.41
1735638050, 20, 75, 77, 37, 2, 0.06%, 9, 0, 9, 307.59
1735638080, 20, 76, 77, 37, 2, 0.06%, 9, 0, 9, 366.16
1735638106, 21, 35, 77, 37, 2, 0.06%, 9, 0, 9, 404.88
1735638111, 21, 37, 77, 37, 2, 0.06%, 9, 0, 9, 361.36
1735638131, 21, 38, 77, 37, 2, 0.06%, 9, 0, 9, 446.19
1735638146, 21, 39, 77, 37, 2, 0.06%, 9, 0, 9, 314.85
1735638167, 21, 40, 77, 37, 2, 0.06%, 9, 0, 9, 438.77
1735638182, 21, 41, 77, 37, 2, 0.06%, 9, 0, 9, 316.48
1735638202, 21, 49, 77, 37, 2, 0.06%, 9, 0, 9, 366.89
1735638207, 21, 54, 77, 37, 2, 0.06%, 9, 0, 9, 427.83
1735638217, 21, 55, 77, 37, 2, 0.06%, 9, 0, 9, 393.77
1735638223, 21, 56, 77, 37, 2, 0.06%, 9, 0, 9, 357.26
1735638233, 21, 69, 77, 37, 2, 0.06%, 9, 0, 9, 432.95
1735638243, 21, 70, 77, 37, 2, 0.06%, 9, 0, 9, 408.87
1735638279, 21, 71, 77, 37, 2, 0.06%, 9, 0, 9, 429.35
1735638304, 21, 72, 77, 37, 2, 0.06%, 9, 0, 9, 394.08
1735638319, 21, 75, 77, 37, 2, 0.06%, 9, 0, 9, 385.79
1735638355, 21, 76, 77, 37, 2, 0.06%, 9, 0, 9, 447.21
1735638375, 22, 35, 77, 37, 2, 0.06%, 9, 0, 9, 392.78
1735638380, 22, 37, 77, 37, 2, 0.06%, 9, 0, 9, 413.51
1735638390, 22, 38, 77, 37, 2, 0.06%, 9, 0, 9, 361.49
1735638396, 22, 39, 77, 37, 2, 0.06%, 9, 0, 9, 321.41
1735638406, 22, 40, 77, 37, 2, 0.06%, 9, 0, 9, 404.33
1735638421, 22, 41, 77, 37, 2, 0.06%, 9, 0, 9, 331.57
1735638441, 22, 49, 77, 37, 2, 0.06%, 9, 0, 9, 354.45
1735638446, 22, 54, 77, 37, 2, 0.06%, 9, 0, 9, 353.06
1735638451, 22, 55, 77, 37, 2, 0.06%, 9, 0, 9, 354.48
1735638456, 22, 69, 77, 37, 2, 0.06%, 9, 0, 9, 380.57
1735638461, 22, 70, 77, 37, 2, 0.06%, 9, 0, 9, 357.26
1735638482, 22, 71, 77, 37, 2, 0.06%, 9, 0, 9, 340.89
1735638497, 22, 72, 77, 37, 2, 0.06%, 9, 0, 9, 387.27
1735638507, 22, 75, 77, 37, 2, 0.06%, 9, 0, 9, 355.73
1735638528, 22, 76, 77, 37, 2, 0.06%, 9, 0, 9, 433.96
1735638538, 23, 35, 77, 37, 2, 0.06%, 9, 0, 9, 397.17
1735638543, 23, 37, 77, 37, 2, 0.06%, 9, 0, 9, 369.37
1735638548, 23, 38, 77, 37, 2, 0.06%, 9, 0, 9, 360.61
1735638553, 23, 39, 77, 37, 2, 0.06%, 9, 0, 9, 339.52
1735638558, 23, 40, 77, 37, 2, 0.06%, 9, 0, 9, 376.19
1735638563, 23, 41, 77, 37, 2, 0.06%, 9, 0, 9, 353.91
1735638573, 23, 49, 77, 37, 2, 0.06%, 9, 0, 9, 355.03
1735638578, 23, 54, 77, 37, 2, 0.06%, 9, 0, 9, 393.57
1735638583, 23, 55, 77, 37, 2, 0.06%, 9, 0, 9, 381.05
1735638588, 23, 56, 77, 37, 2, 0.06%, 9, 0, 9, 359.38
1735638594, 23, 69, 77, 37, 2, 0.06%, 9, 0, 9, 382.46
1735638599, 23, 70, 77, 37, 2, 0.06%, 9, 0, 9, 310.80
1735638614, 23, 71, 77, 37, 2, 0.06%, 9, 0, 9, 375.81
1735638619, 23, 72, 77, 37, 2, 0.06%, 9, 0, 9, 405.64
1735638629, 23, 75, 77, 37, 2, 0.06%, 9, 0, 9, 308.60
1735638649, 23, 76, 77, 37, 2, 0.06%, 9, 0, 9, 437.02
1735638660, 24, 35, 77, 37, 2, 0.06%, 9, 0, 9, 393.04
1735638665, 24, 37, 77, 37, 2, 0.06%, 9, 0, 9, 366.35
1735638670, 24, 39, 77, 37, 2, 0.06%, 9, 0, 9, 354.45
1735638680, 24, 41, 77, 37, 2, 0.06%, 9, 0, 9, 338.97
1735638685, 24, 49, 77, 37, 2, 0.06%, 9, 0, 9, 329.95
1735638690, 24, 54, 77, 37, 2, 0.06%, 9, 0, 9, 409.65
1735638695, 24, 55, 77, 37, 2, 0.06%, 9, 0, 9, 377.34
1735638700, 24, 56, 77, 37, 2, 0.06%, 9, 0, 9, 360.89
1735638705, 24, 69, 77, 37, 2, 0.06%, 9, 0, 9, 375.36
1735638711, 24, 70, 77, 37, 2, 0.06%, 9, 0, 9, 336.53
1735638721, 24, 71, 77, 37, 2, 0.06%, 9, 0, 9, 412.26
1735638731, 24, 72, 77, 37, 2, 0.06%, 9, 0, 9, 357.35
1735638736, 24, 75, 77, 37, 2, 0.06%, 9, 0, 9, 342.56
1735638751, 24, 76, 77, 37, 2, 0.06%, 9, 0, 9, 353.25
1735638756, 25, 35, 77, 37, 2, 0.06%, 9, 0, 9, 391.45
1735638761, 25, 37, 77, 37, 2, 0.06%, 9, 0, 9, 365.57
1735638766, 25, 39, 77, 37, 2, 0.06%, 9, 0, 9, 366.82
1735638777, 25, 41, 77, 37, 2, 0.06%, 9, 0, 9, 326.22
1735638782, 25, 49, 77, 37, 2, 0.06%, 9, 0, 9, 313.77
1735638787, 25, 54, 77, 37, 2, 0.06%, 9, 0, 9, 389.02
1735638792, 25, 55, 77, 37, 2, 0.06%, 9, 0, 9, 377.55
1735638797, 25, 56, 77, 37, 2, 0.06%, 9, 0, 9, 351.44
1735638802, 25, 69, 77, 37, 2, 0.06%, 9, 0, 9, 346.54
1735638807, 25, 70, 77, 37, 2, 0.06%, 9, 0, 9, 351.28
1735638822, 25, 71, 77, 37, 2, 0.06%, 9, 0, 9, 373.15
1735638827, 25, 72, 77, 37, 2, 0.06%, 9, 0, 9, 398.36
1735638832, 25, 75, 77, 37, 2, 0.06%, 9, 0, 9, 396.98
1735638848, 25, 76, 77, 37, 2, 0.06%, 9, 0, 9, 385.80
1735638853, 26, 35, 77, 37, 2, 0.06%, 9, 0, 9, 394.60
1735638858, 26, 37, 77, 37, 2, 0.06%, 9, 0, 9, 357.16
1735638863, 26, 38, 77, 37, 2, 0.06%, 9, 0, 9, 362.08
1735638868, 26, 39, 77, 37, 2, 0.06%, 9, 0, 9, 351.32
1735638873, 26, 40, 77, 37, 2, 0.06%, 9, 0, 9, 343.32
1735638878, 26, 41, 77, 37, 2, 0.06%, 9, 0, 9, 322.75
1735638883, 26, 54, 77, 37, 2, 0.06%, 9, 0, 9, 387.65
1735638888, 26, 55, 77, 37, 2, 0.06%, 9, 0, 9, 379.29
1735638893, 26, 56, 77, 37, 2, 0.06%, 9, 0, 9, 351.12
1735638899, 26, 69, 77, 37, 2, 0.06%, 9, 0, 9, 374.87
1735638904, 26, 70, 77, 37, 2, 0.06%, 9, 0, 9, 369.98
1735638919, 26, 71, 77, 37, 2, 0.06%, 9, 0, 9, 385.61
1735638924, 26, 72, 77, 37, 2, 0.06%, 9, 0, 9, 368.22
1735638929, 26, 75, 77, 37, 2, 0.06%, 9, 0, 9, 427.70
1735638944, 26, 76, 77, 37, 2, 0.06%, 9, 0, 9, 395.32
1735638949, 27, 35, 77, 37, 2, 0.06%, 9, 0, 9, 400.30
1735638954, 27, 37, 77, 37, 2, 0.06%, 9, 0, 9, 375.18
1735638959, 27, 38, 77, 37, 2, 0.06%, 9, 0, 9, 355.44
1735638965, 27, 39, 77, 37, 2, 0.06%, 9, 0, 9, 324.53
1735638970, 27, 40, 77, 37, 2, 0.06%, 9, 0, 9, 351.31
1735638975, 27, 41, 77, 37, 2, 0.06%, 9, 0, 9, 332.67
1735638980, 27, 49, 77, 37, 2, 0.06%, 9, 0, 9, 347.71
1735638985, 27, 55, 77, 37, 2, 0.06%, 9, 0, 9, 367.32
1735638990, 27, 56, 77, 37, 2, 0.06%, 9, 0, 9, 399.90
1735638995, 27, 69, 77, 37, 2, 0.06%, 9, 0, 9, 400.44
1735639000, 27, 70, 77, 37, 2, 0.06%, 9, 0, 9, 431.64
1735639015, 27, 71, 77, 37, 2, 0.06%, 9, 0, 9, 408.79
1735639020, 27, 72, 77, 37, 2, 0.06%, 9, 0, 9, 380.14
1735639096, 27, 73, 77, 37, 2, 0.06%, 9, 0, 9, 346.61
1735639193, 27, 74, 77, 37, 2, 0.06%, 9, 0, 9, 391.87
1735639285, 27, 75, 77, 37, 2, 0.06%, 9, 0, 9, 383.74
1735639300, 27, 76, 77, 37, 2, 0.06%, 9, 0, 9, 412.98
1735639305, 28, 11, 77, 37, 2, 0.06%, 9, 0, 9, 338.07
1735639326, 28, 12, 77, 36, 1, 0.06%, 9, 0, 9, 388.95
1735639351, 28, 14, 77, 35, 1, 0.06%, 9, 0, 9, 314.18
1735639366, 28, 20, 77, 35, 1, 0.06%, 9, 0, 9, 288.93
1735639402, 28, 22, 77, 34, 1, 0.06%, 9, 0, 9, 354.35
1735639468, 28, 24, 77, 33, 1, 0.06%, 9, 0, 9, 369.51
1735639504, 28, 25, 77, 32, 1, 0.06%, 9, 0, 9, 326.67
1735639540, 28, 26, 77, 31, 1, 0.06%, 9, 0, 9, 401.11
1735639575, 28, 27, 77, 30, 1, 0.06%, 9, 0, 9, 295.59
1735639610, 28, 28, 77, 29, 1, 0.06%, 9, 0, 9, 324.18
1735639616, 28, 28, 78, 30, 1, 0.06%, 9, 0, 9, 406.91
1735639798, 28, 35, 78, 29, 1, 0.06%, 9, 0, 9, 356.24
1735639803, 28, 37, 78, 29, 1, 0.06%, 9, 0, 9, 338.00
1735639808, 28, 39, 78, 29, 1, 0.06%, 9, 0, 9, 334.53
1735639818, 28, 41, 78, 29, 1, 0.06%, 9, 0, 9, 332.80
1735639823, 28, 42, 78, 29, 1, 0.06%, 9, 0, 9, 332.71
1735639843, 28, 45, 78, 29, 1, 0.06%, 9, 0, 9, 346.30
1735639864, 28, 48, 78, 29, 1, 0.06%, 9, 0, 9, 409.10
1735639879, 28, 49, 78, 29, 1, 0.06%, 9, 0, 9, 364.14
1735639884, 28, 52, 78, 29, 1, 0.06%, 9, 0, 9, 353.03
1735639910, 28, 53, 78, 29, 1, 0.06%, 9, 0, 9, 353.90
1735640016, 28, 54, 78, 28, 1, 0.06%, 9, 0, 9, 342.35
1735640021, 28, 55, 78, 28, 1, 0.06%, 9, 0, 9, 345.82
1735640027, 28, 69, 78, 28, 1, 0.06%, 9, 0, 9, 366.66
1735640037, 28, 70, 78, 28, 1, 0.06%, 9, 0, 9, 293.16
1735640047, 28, 71, 78, 28, 1, 0.06%, 9, 0, 9, 357.29
1735640057, 28, 72, 78, 28, 1, 0.06%, 9, 0, 9, 358.52
1735640062, 28, 73, 78, 28, 1, 0.06%, 9, 0, 9, 398.64
1735640088, 28, 74, 78, 28, 1, 0.06%, 9, 0, 9, 396.91
1735640108, 28, 75, 78, 28, 1, 0.06%, 9, 0, 9, 398.10
1735640124, 28, 76, 78, 28, 1, 0.06%, 9, 0, 9, 413.50
1735640129, 29, 14, 78, 28, 1, 0.06%, 9, 0, 9, 363.48
1735640149, 29, 25, 78, 28, 1, 0.06%, 9, 0, 9, 332.05
1735640169, 29, 37, 78, 28, 1, 0.06%, 9, 0, 9, 385.15
1735640175, 29, 38, 78, 28, 1, 0.06%, 9, 0, 9, 378.91
1735640180, 29, 39, 78, 28, 1, 0.06%, 9, 0, 9, 336.53
1735640185, 29, 40, 78, 28, 1, 0.06%, 9, 0, 9, 356.02
1735640190, 29, 41, 78, 28, 1, 0.06%, 9, 0, 9, 335.29
1735640195, 29, 42, 78, 28, 1, 0.06%, 9, 0, 9, 361.99
1735640205, 29, 45, 78, 28, 1, 0.06%, 9, 0, 9, 403.96
1735640220, 29, 48, 78, 28, 1, 0.06%, 9, 0, 9, 377.98
1735640235, 29, 49, 78, 28, 1, 0.06%, 9, 0, 9, 332.48
1735640240, 29, 52, 78, 28, 1, 0.06%, 9, 0, 9, 421.63
1735640266, 29, 53, 78, 28, 1, 0.06%, 9, 0, 9, 367.63
1735640286, 29, 55, 78, 28, 1, 0.06%, 9, 0, 9, 361.76
1735640291, 29, 56, 78, 28, 1, 0.06%, 9, 0, 9, 380.78
1735640296, 29, 69, 78, 28, 1, 0.06%, 9, 0, 9, 380.06
1735640301, 29, 70, 78, 28, 1, 0.06%, 9, 0, 9, 421.03
1735640317, 29, 71, 78, 28, 1, 0.06%, 9, 0, 9, 376.03
1735640322, 29, 72, 78, 28, 1, 0.06%, 9, 0, 9, 365.12
1735640327, 29, 73, 78, 28, 1, 0.06%, 9, 0, 9, 357.24
1735640357, 29, 74, 78, 28, 1, 0.06%, 9, 0, 9, 391.77
1735640383, 29, 75, 78, 28, 1, 0.06%, 9, 0, 9, 404.50
1735640398, 29, 76, 78, 28, 1, 0.06%, 9, 0, 9, 386.73
1735640403, 30, 14, 78, 28, 1, 0.06%, 9, 0, 9, 340.70
1735640423, 30, 25, 78, 28, 1, 0.06%, 9, 0, 9, 340.30
1735640438, 30, 35, 78, 28, 1, 0.06%, 9, 0, 9, 348.27
1735640443, 30, 37, 78, 28, 1, 0.06%, 9, 0, 9, 374.79
1735640448, 30, 38, 78, 28, 1, 0.06%, 9, 0, 9, 362.12
1735640453, 30, 39, 78, 28, 1, 0.06%, 9, 0, 9, 337.97
1735640459, 30, 40, 78, 28, 1, 0.06%, 9, 0, 9, 341.79
1735640464, 30, 41, 78, 28, 1, 0.06%, 9, 0, 9, 334.36
1735640469, 30, 42, 78, 28, 1, 0.06%, 9, 0, 9, 319.21
1735640474, 30, 45, 78, 28, 1, 0.06%, 9, 0, 9, 368.66
1735640479, 30, 48, 78, 28, 1, 0.06%, 9, 0, 9, 348.44
1735640489, 30, 49, 78, 28, 1, 0.06%, 9, 0, 9, 343.47
1735640494, 30, 52, 78, 28, 1, 0.06%, 9, 0, 9, 412.48
1735640520, 30, 53, 78, 28, 1, 0.06%, 9, 0, 9, 360.85
1735640535, 30, 54, 78, 28, 1, 0.06%, 9, 0, 9, 341.77
1735640540, 30, 55, 78, 28, 1, 0.06%, 9, 0, 9, 397.98
1735640545, 30, 56, 78, 28, 1, 0.06%, 9, 0, 9, 377.14
1735640550, 30, 69, 78, 28, 1, 0.06%, 9, 0, 9, 372.42
1735640555, 30, 70, 78, 28, 1, 0.06%, 9, 0, 9, 388.91
1735640570, 30, 71, 78, 28, 1, 0.06%, 9, 0, 9, 384.55
1735640576, 30, 72, 78, 28, 1, 0.06%, 9, 0, 9, 385.47
1735640581, 30, 73, 78, 28, 1, 0.06%, 9, 0, 9, 374.55
1735640596, 30, 74, 78, 28, 1, 0.06%, 9, 0, 9, 374.59
1735640606, 30, 75, 78, 28, 1, 0.06%, 9, 0, 9, 390.87
1735640621, 30, 76, 78, 28, 1, 0.06%, 9, 0, 9, 365.33
1735640626, 31, 14, 78, 28, 1, 0.06%, 9, 0, 9, 362.96
1735640636, 31, 25, 78, 28, 1, 0.06%, 9, 0, 9, 351.01
1735640652, 31, 35, 78, 28, 1, 0.06%, 9, 0, 9, 371.80
1735640657, 31, 37, 78, 28, 1, 0.06%, 9, 0, 9, 364.57
1735640662, 31, 38, 78, 28, 1, 0.06%, 9, 0, 9, 350.05
1735640667, 31, 39, 78, 28, 1, 0.06%, 9, 0, 9, 330.54
1735640672, 31, 40, 78, 28, 1, 0.06%, 9, 0, 9, 361.13
1735640677, 31, 41, 78, 28, 1, 0.06%, 9, 0, 9, 329.13
1735640682, 31, 42, 78, 28, 1, 0.06%, 9, 0, 9, 333.69
1735640687, 31, 45, 78, 28, 1, 0.06%, 9, 0, 9, 337.39
1735640692, 31, 48, 78, 28, 1, 0.06%, 9, 0, 9, 326.24
1735640697, 31, 52, 78, 28, 1, 0.06%, 9, 0, 9, 419.02
1735640712, 31, 53, 78, 28, 1, 0.06%, 9, 0, 9, 347.91
1735640733, 31, 54, 78, 28, 1, 0.06%, 9, 0, 9, 366.09
1735640738, 31, 56, 78, 28, 1, 0.06%, 9, 0, 9, 376.06
1735640743, 31, 69, 78, 28, 1, 0.06%, 9, 0, 9, 378.79
1735640753, 31, 70, 78, 28, 1, 0.06%, 9, 0, 9, 274.49
1735640763, 31, 71, 78, 28, 1, 0.06%, 9, 0, 9, 320.30
1735640773, 31, 72, 78, 28, 1, 0.06%, 9, 0, 9, 361.28
1735640778, 31, 73, 78, 28, 1, 0.06%, 9, 0, 9, 381.38
1735640793, 31, 74, 78, 28, 1, 0.06%, 9, 0, 9, 399.03
1735640803, 31, 75, 78, 28, 1, 0.06%, 9, 0, 9, 416.19
1735640819, 31, 76, 78, 28, 1, 0.06%, 9, 0, 9, 406.79
1735640824, 32, 14, 78, 28, 1, 0.06%, 9, 0, 9, 324.62
1735640829, 32, 25, 78, 28, 1, 0.06%, 9, 0, 9, 334.37
1735640839, 32, 35, 78, 28, 1, 0.06%, 9, 0, 9, 357.87
1735640844, 32, 37, 78, 28, 1, 0.06%, 9, 0, 9, 373.21
1735640849, 32, 39, 78, 28, 1, 0.06%, 9, 0, 9, 349.41
1735640859, 32, 41, 78, 28, 1, 0.06%, 9, 0, 9, 331.14
1735640864, 32, 42, 78, 28, 1, 0.06%, 9, 0, 9, 340.38
1735640869, 32, 45, 78, 28, 1, 0.06%, 9, 0, 9, 335.89
1735640875, 32, 48, 78, 28, 1, 0.06%, 9, 0, 9, 338.74
1735640880, 32, 49, 78, 28, 1, 0.06%, 9, 0, 9, 382.15
1735640885, 32, 52, 78, 28, 1, 0.06%, 9, 0, 9, 385.28
1735640895, 32, 53, 78, 28, 1, 0.06%, 9, 0, 9, 346.13
1735640905, 32, 54, 78, 28, 1, 0.06%, 9, 0, 9, 365.38
1735640910, 32, 55, 78, 28, 1, 0.06%, 9, 0, 9, 356.90
1735640915, 32, 56, 78, 28, 1, 0.06%, 9, 0, 9, 352.25
1735640920, 32, 69, 78, 28, 1, 0.06%, 9, 0, 9, 350.36
1735640925, 32, 70, 78, 28, 1, 0.06%, 9, 0, 9, 336.46
1735640940, 32, 71, 78, 28, 1, 0.06%, 9, 0, 9, 368.91
1735640945, 32, 72, 78, 28, 1, 0.06%, 9, 0, 9, 374.05
1735640950, 32, 73, 78, 28, 1, 0.06%, 9, 0, 9, 389.66
1735640956, 32, 74, 78, 28, 1, 0.06%, 9, 0, 9, 340.51
1735640966, 32, 75, 78, 28, 1, 0.06%, 9, 0, 9, 317.64
1735640981, 32, 76, 78, 28, 1, 0.06%, 9, 0, 9, 366.44
1735640986, 33, 14, 78, 28, 1, 0.06%, 9, 0, 9, 318.21
1735640991, 33, 25, 78, 28, 1, 0.06%, 9, 0, 9, 309.51
1735640996, 33, 35, 78, 28, 1, 0.06%, 9, 0, 9, 342.91
1735641001, 33, 37, 78, 28, 1, 0.06%, 9, 0, 9, 334.88
1735641007, 33, 39, 78, 28, 1, 0.06%, 9, 0, 9, 346.35
1735641017, 33, 41, 78, 28, 1, 0.06%, 9, 0, 9, 326.06
1735641022, 33, 42, 78, 28, 1, 0.06%, 9, 0, 9, 339.91
1735641027, 33, 45, 78, 28, 1, 0.06%, 9, 0, 9, 324.11
1735641032, 33, 48, 78, 28, 1, 0.06%, 9, 0, 9, 361.47
1735641037, 33, 49, 78, 28, 1, 0.06%, 9, 0, 9, 387.34
1735641042, 33, 52, 78, 28, 1, 0.06%, 9, 0, 9, 375.76
1735641053, 33, 53, 78, 28, 1, 0.06%, 9, 0, 9, 323.45
1735641058, 33, 54, 78, 28, 1, 0.06%, 9, 0, 9, 374.20
1735641063, 33, 55, 78, 28, 1, 0.06%, 9, 0, 9, 394.22
1735641068, 33, 56, 78, 28, 1, 0.06%, 9, 0, 9, 376.92
1735641073, 33, 69, 78, 28, 1, 0.06%, 9, 0, 9, 372.17
1735641078, 33, 70, 78, 28, 1, 0.06%, 9, 0, 9, 379.11
1735641093, 33, 71, 78, 28, 1, 0.06%, 9, 0, 9, 402.07
1735641098, 33, 72, 78, 28, 1, 0.06%, 9, 0, 9, 384.44
1735641103, 33, 73, 78, 28, 1, 0.06%, 9, 0, 9, 363.87
1735641114, 33, 74, 78, 28, 1, 0.06%, 9, 0, 9, 351.50
1735641119, 33, 75, 78, 28, 1, 0.06%, 9, 0, 9, 365.32
1735641134, 33, 76, 78, 28, 1, 0.06%, 9, 0, 9, 375.35
1735641139, 34, 14, 78, 28, 1, 0.06%, 9, 0, 9, 333.35
1735641144, 34, 25, 78, 28, 1, 0.06%, 9, 0, 9, 313.77
1735641149, 34, 35, 78, 28, 1, 0.06%, 9, 0, 9, 350.54
1735641154, 34, 38, 78, 28, 1, 0.06%, 9, 0, 9, 352.70
1735641159, 34, 39, 78, 28, 1, 0.06%, 9, 0, 9, 331.97
1735641164, 34, 40, 78, 28, 1, 0.06%, 9, 0, 9, 335.25
1735641169, 34, 41, 78, 28, 1, 0.06%, 9, 0, 9, 332.36
1735641174, 34, 42, 78, 28, 1, 0.06%, 9, 0, 9, 349.60
1735641179, 34, 45, 78, 28, 1, 0.06%, 9, 0, 9, 331.51
1735641184, 34, 48, 78, 28, 1, 0.06%, 9, 0, 9, 343.34
1735641189, 34, 49, 78, 28, 1, 0.06%, 9, 0, 9, 361.95
1735641194, 34, 52, 78, 28, 1, 0.06%, 9, 0, 9, 404.43
1735641205, 34, 54, 78, 28, 1, 0.06%, 9, 0, 9, 351.38
1735641210, 34, 55, 78, 28, 1, 0.06%, 9, 0, 9, 387.90
1735641215, 34, 56, 78, 28, 1, 0.06%, 9, 0, 9, 376.50
1735641220, 34, 69, 78, 28, 1, 0.06%, 9, 0, 9, 366.83
1735641225, 34, 70, 78, 28, 1, 0.06%, 9, 0, 9, 404.27
1735641240, 34, 71, 78, 28, 1, 0.06%, 9, 0, 9, 398.82
1735641245, 34, 72, 78, 28, 1, 0.06%, 9, 0, 9, 335.73
1735641250, 34, 75, 78, 28, 1, 0.06%, 9, 0, 9, 367.14
1735641265, 34, 76, 78, 28, 1, 0.06%, 9, 0, 9, 375.22
1735641271, 35, 35, 78, 28, 1, 0.06%, 9, 0, 9, 388.36
1735641276, 35, 37, 78, 28, 1, 0.06%, 9, 0, 9, 396.69
1735641281, 35, 38, 78, 28, 1, 0.06%, 9, 0, 9, 369.16
1735641286, 35, 39, 78, 28, 1, 0.06%, 9, 0, 9, 335.52
1735641291, 35, 40, 78, 28, 1, 0.06%, 9, 0, 9, 349.42
1735641296, 35, 41, 78, 28, 1, 0.06%, 9, 0, 9, 337.30
1735641301, 35, 49, 78, 28, 1, 0.06%, 9, 0, 9, 357.57
1735641306, 35, 55, 78, 28, 1, 0.06%, 9, 0, 9, 359.82
1735641311, 35, 56, 78, 28, 1, 0.06%, 9, 0, 9, 408.79
1735641316, 35, 69, 78, 28, 1, 0.06%, 9, 0, 9, 394.23
1735641321, 35, 70, 78, 28, 1, 0.06%, 9, 0, 9, 421.76
1735641336, 35, 71, 78, 28, 1, 0.06%, 9, 0, 9, 411.08
1735641341, 35, 72, 78, 28, 1, 0.06%, 9, 0, 9, 385.01
1735641346, 35, 75, 78, 28, 1, 0.06%, 9, 0, 9, 393.75
1735641362, 35, 76, 78, 28, 1, 0.06%, 9, 0, 9, 415.86
1735641367, 36, 35, 78, 28, 1, 0.06%, 9, 0, 9, 392.65
1735641372, 36, 37, 78, 28, 1, 0.06%, 9, 0, 9, 384.12
1735641377, 36, 38, 78, 28, 1, 0.06%, 9, 0, 9, 372.37
1735641382, 36, 39, 78, 28, 1, 0.06%, 9, 0, 9, 359.46
1735641387, 36, 40, 78, 28, 1, 0.06%, 9, 0, 9, 371.89
1735641392, 36, 49, 78, 28, 1, 0.06%, 9, 0, 9, 343.28
1735641397, 36, 54, 78, 28, 1, 0.06%, 9, 0, 9, 384.04
1735641402, 36, 55, 78, 28, 1, 0.06%, 9, 0, 9, 393.12
1735641407, 36, 56, 78, 28, 1, 0.06%, 9, 0, 9, 367.61
1735641412, 36, 69, 78, 28, 1, 0.06%, 9, 0, 9, 386.55
1735641417, 36, 70, 78, 28, 1, 0.06%, 9, 0, 9, 375.01
1735641433, 36, 71, 78, 28, 1, 0.06%, 9, 0, 9, 381.79
1735641438, 36, 72, 78, 28, 1, 0.06%, 9, 0, 9, 324.66
1735641443, 36, 75, 78, 28, 1, 0.06%, 9, 0, 9, 371.10
1735641458, 36, 76, 78, 28, 1, 0.06%, 9, 0, 9, 341.74
1735641468, 37, 37, 78, 28, 1, 0.06%, 9, 0, 9, 374.48
1735641473, 37, 38, 78, 28, 1, 0.06%, 9, 0, 9, 390.47
1735641478, 37, 39, 78, 28, 1, 0.06%, 9, 0, 9, 339.19
1735641483, 37, 40, 78, 28, 1, 0.06%, 9, 0, 9, 360.42
1735641488, 37, 41, 78, 28, 1, 0.06%, 9, 0, 9, 324.96
1735641493, 37, 49, 78, 28, 1, 0.06%, 9, 0, 9, 358.52
1735641499, 37, 55, 78, 28, 1, 0.06%, 9, 0, 9, 360.09
1735641504, 37, 56, 78, 28, 1, 0.06%, 9, 0, 9, 365.94
1735641509, 37, 69, 78, 28, 1, 0.06%, 9, 0, 9, 397.51
1735641514, 37, 70, 78, 28, 1, 0.06%, 9, 0, 9, 348.99
1735641529, 37, 71, 78, 28, 1, 0.06%, 9, 0, 9, 416.23
1735641534, 37, 72, 78, 28, 1, 0.06%, 9, 0, 9, 334.68
1735641544, 37, 75, 78, 28, 1, 0.06%, 9, 0, 9, 277.97
1735641555, 37, 76, 78, 28, 1, 0.06%, 9, 0, 9, 352.19
1735641565, 38, 37, 78, 28, 1, 0.06%, 9, 0, 9, 344.42
1735641570, 38, 38, 78, 28, 1, 0.06%, 9, 0, 9, 384.65
1735641575, 38, 39, 78, 28, 1, 0.06%, 9, 0, 9, 333.12
1735641580, 38, 40, 78, 28, 1, 0.06%, 9, 0, 9, 373.70
1735641585, 38, 41, 78, 28, 1, 0.06%, 9, 0, 9, 344.18
1735641590, 38, 49, 78, 28, 1, 0.06%, 9, 0, 9, 359.81
1735641595, 38, 54, 78, 28, 1, 0.06%, 9, 0, 9, 355.51
1735641600, 38, 55, 78, 28, 1, 0.06%, 9, 0, 9, 358.40
1735641605, 38, 69, 78, 28, 1, 0.06%, 9, 0, 9, 354.03
1735641615, 38, 70, 78, 28, 1, 0.06%, 9, 0, 9, 297.92
1735641625, 38, 71, 78, 28, 1, 0.06%, 9, 0, 9, 383.23
1735641636, 38, 72, 78, 28, 1, 0.06%, 9, 0, 9, 373.23
1735641641, 38, 75, 78, 28, 1, 0.06%, 9, 0, 9, 279.52
1735641651, 38, 76, 78, 28, 1, 0.06%, 9, 0, 9, 376.14
1735641661, 39, 37, 78, 28, 1, 0.06%, 9, 0, 9, 389.14
1735641666, 39, 38, 78, 28, 1, 0.06%, 9, 0, 9, 381.15
1735641671, 39, 39, 78, 28, 1, 0.06%, 9, 0, 9, 334.81
1735641676, 39, 40, 78, 28, 1, 0.06%, 9, 0, 9, 359.59
1735641681, 39, 41, 78, 28, 1, 0.06%, 9, 0, 9, 333.74
1735641686, 39, 49, 78, 28, 1, 0.06%, 9, 0, 9, 348.72
1735641691, 39, 54, 78, 28, 1, 0.06%, 9, 0, 9, 359.20
1735641696, 39, 55, 78, 28, 1, 0.06%, 9, 0, 9, 334.33
1735641701, 39, 69, 78, 28, 1, 0.06%, 9, 0, 9, 392.31
1735641707, 39, 70, 78, 28, 1, 0.06%, 9, 0, 9, 398.32
1735641722, 39, 71, 78, 28, 1, 0.06%, 9, 0, 9, 406.42
1735641727, 39, 72, 78, 28, 1, 0.06%, 9, 0, 9, 382.77
1735641732, 39, 75, 78, 28, 1, 0.06%, 9, 0, 9, 364.61
1735641747, 39, 76, 78, 28, 1, 0.06%, 9, 0, 9, 381.11
1735641752, 40, 35, 78, 28, 1, 0.06%, 9, 0, 9, 392.86
1735641757, 40, 37, 78, 28, 1, 0.06%, 9, 0, 9, 400.97
1735641763, 40, 38, 78, 28, 1, 0.06%, 9, 0, 9, 360.33
1735641768, 40, 39, 78, 28, 1, 0.06%, 9, 0, 9, 338.00
1735641773, 40, 40, 78, 28, 1, 0.06%, 9, 0, 9, 332.84
1735641778, 40, 41, 78, 28, 1, 0.06%, 9, 0, 9, 331.50
1735641783, 40, 49, 78, 28, 1, 0.06%, 9, 0, 9, 374.80
1735641788, 40, 55, 78, 28, 1, 0.06%, 9, 0, 9, 392.17
1735641793, 40, 56, 78, 28, 1, 0.06%, 9, 0, 9, 383.05
1735641798, 40, 69, 78, 28, 1, 0.06%, 9, 0, 9, 379.60
1735641803, 40, 70, 78, 28, 1, 0.06%, 9, 0, 9, 348.74
1735641818, 40, 71, 78, 28, 1, 0.06%, 9, 0, 9, 346.73
1735641828, 40, 72, 78, 28, 1, 0.06%, 9, 0, 9, 350.51
1735641833, 40, 75, 78, 28, 1, 0.06%, 9, 0, 9, 299.34
1735641843, 40, 76, 78, 28, 1, 0.06%, 9, 0, 9, 370.99
1735641854, 41, 35, 78, 28, 1, 0.06%, 9, 0, 9, 352.25
1735641859, 41, 38, 78, 28, 1, 0.06%, 9, 0, 9, 367.88
1735641864, 41, 39, 78, 28, 1, 0.06%, 9, 0, 9, 332.27
1735641869, 41, 40, 78, 28, 1, 0.06%, 9, 0, 9, 326.60
1735641874, 41, 41, 78, 28, 1, 0.06%, 9, 0, 9, 328.63
1735641879, 41, 49, 78, 28, 1, 0.06%, 9, 0, 9, 351.00
1735641884, 41, 54, 78, 28, 1, 0.06%, 9, 0, 9, 369.87
1735641889, 41, 55, 78, 28, 1, 0.06%, 9, 0, 9, 366.03
1735641894, 41, 56, 78, 28, 1, 0.06%, 9, 0, 9, 368.74
1735641899, 41, 69, 78, 28, 1, 0.06%, 9, 0, 9, 343.16
1735641904, 41, 70, 78, 28, 1, 0.06%, 9, 0, 9, 330.52
1735641919, 41, 71, 78, 28, 1, 0.06%, 9, 0, 9, 380.52
1735641924, 41, 72, 78, 28, 1, 0.06%, 9, 0, 9, 378.66
1735641929, 41, 75, 78, 28, 1, 0.06%, 9, 0, 9, 390.01
1735641945, 41, 76, 78, 28, 1, 0.06%, 9, 0, 9, 390.44
1735641950, 42, 35, 78, 28, 1, 0.06%, 9, 0, 9, 397.38
1735641955, 42, 37, 78, 28, 1, 0.06%, 9, 0, 9, 357.35
1735641960, 42, 38, 78, 28, 1, 0.06%, 9, 0, 9, 345.88
1735641965, 42, 39, 78, 28, 1, 0.06%, 9, 0, 9, 331.22
1735641970, 42, 40, 78, 28, 1, 0.06%, 9, 0, 9, 339.92
1735641975, 42, 41, 78, 28, 1, 0.06%, 9, 0, 9, 331.96
1735641980, 42, 54, 78, 28, 1, 0.06%, 9, 0, 9, 363.86
1735641985, 42, 55, 78, 28, 1, 0.06%, 9, 0, 9, 398.64
1735641990, 42, 56, 78, 28, 1, 0.06%, 9, 0, 9, 361.28
1735641995, 42, 69, 78, 28, 1, 0.06%, 9, 0, 9, 365.64
1735642001, 42, 70, 78, 28, 1, 0.06%, 9, 0, 9, 413.93
1735642016, 42, 71, 78, 28, 1, 0.06%, 9, 0, 9, 390.52
1735642021, 42, 72, 78, 28, 1, 0.06%, 9, 0, 9, 356.39
1735642026, 42, 75, 78, 28, 1, 0.06%, 9, 0, 9, 417.76
1735642041, 42, 76, 78, 28, 1, 0.06%, 9, 0, 9, 396.73
1735642047, 43, 35, 78, 28, 1, 0.06%, 9, 0, 9, 360.67
1735642052, 43, 37, 78, 28, 1, 0.06%, 9, 0, 9, 388.12
1735642057, 43, 38, 78, 28, 1, 0.06%, 9, 0, 9, 362.72
1735642062, 43, 39, 78, 28, 1, 0.06%, 9, 0, 9, 331.13
1735642067, 43, 40, 78, 28, 1, 0.06%, 9, 0, 9, 337.02
1735642072, 43, 41, 78, 28, 1, 0.06%, 9, 0, 9, 312.30
1735642077, 43, 49, 78, 28, 1, 0.06%, 9, 0, 9, 345.67
1735642082, 43, 54, 78, 28, 1, 0.06%, 9, 0, 9, 335.66
1735642087, 43, 56, 78, 28, 1, 0.06%, 9, 0, 9, 344.33
1735642092, 43, 69, 78, 28, 1, 0.06%, 9, 0, 9, 383.00
1735642097, 43, 70, 78, 28, 1, 0.06%, 9, 0, 9, 359.99
1735642113, 43, 71, 78, 28, 1, 0.06%, 9, 0, 9, 383.00
1735642118, 43, 72, 78, 28, 1, 0.06%, 9, 0, 9, 352.60
1735642123, 43, 75, 78, 28, 1, 0.06%, 9, 0, 9, 377.15
1735642138, 43, 76, 78, 28, 1, 0.06%, 9, 0, 9, 378.83
1735642148, 44, 37, 78, 28, 1, 0.06%, 9, 0, 9, 383.74
1735642153, 44, 38, 78, 28, 1, 0.06%, 9, 0, 9, 382.02
1735642158, 44, 39, 78, 28, 1, 0.06%, 9, 0, 9, 333.07
1735642163, 44, 40, 78, 28, 1, 0.06%, 9, 0, 9, 364.46
1735642169, 44, 41, 78, 28, 1, 0.06%, 9, 0, 9, 343.49
1735642174, 44, 49, 78, 28, 1, 0.06%, 9, 0, 9, 357.77
1735642179, 44, 54, 78, 28, 1, 0.06%, 9, 0, 9, 359.87
1735642184, 44, 56, 78, 28, 1, 0.06%, 9, 0, 9, 357.95
1735642189, 44, 69, 78, 28, 1, 0.06%, 9, 0, 9, 419.13
1735642194, 44, 70, 78, 28, 1, 0.06%, 9, 0, 9, 407.37
1735642210, 44, 71, 78, 28, 1, 0.06%, 9, 0, 9, 376.50
1735642220, 44, 72, 78, 28, 1, 0.06%, 9, 0, 9, 334.98
1735642225, 44, 75, 78, 28, 1, 0.06%, 9, 0, 9, 284.03
1735642235, 44, 76, 78, 28, 1, 0.06%, 9, 0, 9, 332.75
1735642245, 45, 35, 78, 28, 1, 0.06%, 9, 0, 9, 326.47
1735642250, 45, 38, 78, 28, 1, 0.06%, 9, 0, 9, 363.34
1735642256, 45, 39, 78, 28, 1, 0.06%, 9, 0, 9, 334.90
1735642261, 45, 40, 78, 28, 1, 0.06%, 9, 0, 9, 347.16
1735642266, 45, 41, 78, 28, 1, 0.06%, 9, 0, 9, 327.86
1735642271, 45, 49, 78, 28, 1, 0.06%, 9, 0, 9, 347.97
1735642276, 45, 54, 78, 28, 1, 0.06%, 9, 0, 9, 372.84
1735642281, 45, 55, 78, 28, 1, 0.06%, 9, 0, 9, 357.76
1735642286, 45, 56, 78, 28, 1, 0.06%, 9, 0, 9, 372.33
1735642291, 45, 69, 78, 28, 1, 0.06%, 9, 0, 9, 341.11
1735642296, 45, 70, 78, 28, 1, 0.06%, 9, 0, 9, 333.25
1735642311, 45, 71, 78, 28, 1, 0.06%, 9, 0, 9, 373.83
1735642316, 45, 72, 78, 28, 1, 0.06%, 9, 0, 9, 395.15
1735642321, 45, 75, 78, 28, 1, 0.06%, 9, 0, 9, 385.56
1735642337, 45, 76, 78, 28, 1, 0.06%, 9, 0, 9, 384.08
1735642342, 46, 35, 78, 28, 1, 0.06%, 9, 0, 9, 356.65
1735642347, 46, 37, 78, 28, 1, 0.06%, 9, 0, 9, 350.04
1735642352, 46, 39, 78, 28, 1, 0.06%, 9, 0, 9, 348.14
1735642362, 46, 40, 78, 28, 1, 0.06%, 9, 0, 9, 334.57
1735642367, 46, 41, 78, 28, 1, 0.06%, 9, 0, 9, 313.54
1735642372, 46, 54, 78, 28, 1, 0.06%, 9, 0, 9, 361.44
1735642377, 46, 55, 78, 28, 1, 0.06%, 9, 0, 9, 389.52
1735642382, 46, 56, 78, 28, 1, 0.06%, 9, 0, 9, 359.23
1735642387, 46, 69, 78, 28, 1, 0.06%, 9, 0, 9, 360.69
1735642392, 46, 70, 78, 28, 1, 0.06%, 9, 0, 9, 419.24
1735642408, 46, 71, 78, 28, 1, 0.06%, 9, 0, 9, 397.01
1735642413, 46, 72, 78, 28, 1, 0.06%, 9, 0, 9, 367.05
1735642418, 46, 73, 78, 28, 1, 0.06%, 9, 0, 9, 332.32
1735642499, 46, 74, 78, 28, 1, 0.06%, 9, 0, 9, 434.58
1735642576, 46, 75, 78, 28, 1, 0.06%, 9, 0, 9, 320.30
1735642586, 46, 76, 78, 28, 1, 0.06%, 9, 0, 9, 385.19
1735642596, 46, 77, 78, 28, 1, 0.06%, 9, 0, 9, 396.06
1735642687, 47, 11, 78, 27, 1, 0.06%, 9, 0, 9, 322.60
1735642698, 47, 12, 78, 27, 1, 0.06%, 9, 0, 9, 372.51
1735642708, 47, 13, 78, 27, 1, 0.06%, 9, 0, 9, 300.44
1735642713, 47, 14, 78, 27, 1, 0.06%, 9, 0, 9, 302.74
1735642718, 47, 15, 78, 27, 1, 0.06%, 9, 0, 9, 279.14
1735642738, 47, 16, 78, 27, 1, 0.06%, 9, 0, 9, 341.99
1735642768, 47, 17, 78, 26, 1, 0.06%, 9, 0, 9, 292.02
1735643245, 47, 20, 78, 25, 1, 0.06%, 9, 0, 9, 380.71
1735643261, 47, 22, 78, 25, 1, 0.06%, 9, 0, 9, 300.44
1735643281, 47, 24, 78, 25, 1, 0.06%, 9, 0, 9, 427.61
1735643297, 47, 25, 78, 25, 1, 0.06%, 9, 0, 9, 324.86
1735643302, 47, 26, 78, 25, 1, 0.06%, 9, 0, 9, 402.30
1735643317, 47, 27, 78, 25, 1, 0.06%, 9, 0, 9, 367.80
1735643332, 47, 28, 78, 25, 1, 0.06%, 9, 0, 9, 319.56
1735643352, 47, 29, 78, 25, 1, 0.06%, 9, 0, 9, 331.35
1735643388, 47, 30, 78, 24, 1, 0.06%, 9, 0, 9, 405.72
1735643419, 47, 31, 78, 23, 0, 0.06%, 9, 0, 9, 416.86
1735643536, 47, 33, 78, 22, 0, 0.06%, 9, 0, 9, 357.54
1735643577, 47, 34, 78, 21, 0, 0.06%, 9, 0, 9, 356.17
1735643648, 47, 35, 78, 20, 0, 0.06%, 9, 0, 9, 376.61
1735643653, 47, 36, 78, 20, 0, 0.06%, 9, 0, 9, 399.93
1735643673, 47, 38, 78, 20, 0, 0.06%, 9, 0, 9, 361.70
1735643684, 47, 39, 78, 20, 0, 0.06%, 9, 0, 9, 408.35
1735643760, 47, 40, 78, 20, 0, 0.06%, 9, 0, 9, 337.17
1735643775, 47, 41, 78, 20, 0, 0.06%, 9, 0, 9, 452.06
1735643790, 47, 42, 78, 20, 0, 0.06%, 9, 0, 9, 333.92
1735643795, 47, 43, 78, 20, 0, 0.06%, 9, 0, 9, 311.08
1735643810, 47, 44, 78, 20, 0, 0.06%, 9, 0, 9, 325.51
1735643887, 47, 45, 78, 20, 0, 0.06%, 9, 0, 9, 396.57
1735643958, 47, 46, 78, 20, 0, 0.06%, 9, 0, 9, 330.36
