# unix_time, cycles_done, cur_path, paths_total, pending_total, pending_favs, map_size, unique_crashes, unique_hangs, max_depth, execs_per_sec
1734205902, 0, 0, 10, 10, 1, 0.00%, 0, 0, 1, 173.91
1734205907, 0, 4, 10, 10, 1, 0.00%, 0, 0, 1, 201.03
1734205912, 0, 5, 10, 9, 0, 0.00%, 0, 0, 1, 206.03
1734205917, 0, 6, 10, 8, 0, 0.00%, 0, 0, 1, 203.51
1734205927, 0, 7, 10, 7, 0, 0.00%, 0, 0, 1, 209.96
1734205932, 0, 8, 10, 6, 0, 0.00%, 0, 0, 1, 200.81
1734205942, 0, 9, 10, 5, 0, 0.00%, 0, 0, 1, 206.89
1734205947, 1, 0, 10, 4, 0, 0.00%, 0, 0, 1, 196.06
1734205957, 1, 1, 10, 3, 0, 0.00%, 0, 0, 1, 192.54
1734205967, 1, 2, 10, 2, 0, 0.00%, 0, 0, 1, 192.60
1734205978, 1, 3, 10, 1, 0, 0.00%, 0, 0, 1, 209.31
1734205988, 1, 4, 10, 0, 0, 0.00%, 0, 0, 1, 209.33
1734205998, 1, 5, 10, 0, 0, 0.00%, 0, 0, 1, 206.24
1734206003, 1, 7, 10, 0, 0, 0.00%, 0, 0, 1, 206.31
1734206008, 1, 8, 10, 0, 0, 0.00%, 0, 0, 1, 210.70
1734206013, 2, 0, 10, 0, 0, 0.00%, 0, 0, 1, 210.25
1734206018, 2, 1, 10, 0, 0, 0.00%, 0, 0, 1, 211.53
1734206023, 2, 3, 10, 0, 0, 0.00%, 0, 0, 1, 210.43
1734206028, 2, 4, 10, 0, 0, 0.00%, 0, 0, 1, 209.55
1734206033, 2, 5, 10, 0, 0, 0.00%, 0, 0, 1, 206.57
1734206038, 2, 7, 10, 0, 0, 0.00%, 0, 0, 1, 207.76
1734206044, 2, 8, 10, 0, 0, 0.00%, 0, 0, 1, 208.53
1734206049, 3, 0, 10, 0, 0, 0.00%, 0, 0, 1, 205.44
1734206054, 3, 1, 10, 0, 0, 0.00%, 0, 0, 1, 206.27
1734206059, 3, 2, 10, 0, 0, 0.00%, 0, 0, 1, 211.83
1734206064, 3, 4, 10, 0, 0, 0.00%, 0, 0, 1, 210.53
1734206069, 3, 5, 10, 0, 0, 0.00%, 0, 0, 1, 210.79
1734206074, 3, 7, 10, 0, 0, 0.00%, 0, 0, 1, 210.08
1734206079, 3, 8, 10, 0, 0, 0.00%, 0, 0, 1, 204.96
1734206084, 4, 0, 10, 0, 0, 0.00%, 0, 0, 1, 209.09
1734206089, 4, 1, 10, 0, 0, 0.00%, 0, 0, 1, 210.40
1734206094, 4, 2, 10, 0, 0, 0.00%, 0, 0, 1, 208.23
1734206099, 4, 4, 10, 0, 0, 0.00%, 0, 0, 1, 205.35
1734206105, 4, 5, 10, 0, 0, 0.00%, 0, 0, 1, 208.20
1734206110, 4, 7, 10, 0, 0, 0.00%, 0, 0, 1, 207.79
1734206115, 4, 8, 10, 0, 0, 0.00%, 0, 0, 1, 208.52
1734206120, 4, 9, 10, 0, 0, 0.00%, 0, 0, 1, 208.62
1734206125, 5, 1, 10, 0, 0, 0.00%, 0, 0, 1, 209.00
1734206130, 5, 2, 10, 0, 0, 0.00%, 0, 0, 1, 206.69
1734206135, 5, 4, 10, 0, 0, 0.00%, 0, 0, 1, 209.61
1734206140, 5, 5, 10, 0, 0, 0.00%, 0, 0, 1, 208.37
1734206145, 5, 6, 10, 0, 0, 0.00%, 0, 0, 1, 202.85
1734206150, 5, 8, 10, 0, 0, 0.00%, 0, 0, 1, 208.91
1734206155, 5, 9, 10, 0, 0, 0.00%, 0, 0, 1, 208.91
1734206160, 6, 1, 10, 0, 0, 0.00%, 0, 0, 1, 210.36
1734206165, 6, 2, 10, 0, 0, 0.00%, 0, 0, 1, 209.19
1734206171, 6, 4, 10, 0, 0, 0.00%, 0, 0, 1, 209.10
1734206176, 6, 5, 10, 0, 0, 0.00%, 0, 0, 1, 209.37
1734206181, 6, 6, 10, 0, 0, 0.00%, 0, 0, 1, 205.53
1734206186, 6, 8, 10, 0, 0, 0.00%, 0, 0, 1, 207.42
1734206191, 6, 9, 10, 0, 0, 0.00%, 0, 0, 1, 207.12
1734206196, 7, 1, 10, 0, 0, 0.00%, 0, 0, 1, 204.07
1734206201, 7, 2, 10, 0, 0, 0.00%, 0, 0, 1, 204.99
1734206206, 7, 3, 10, 0, 0, 0.00%, 0, 0, 1, 205.13
1734206211, 7, 5, 10, 0, 0, 0.00%, 0, 0, 1, 204.55
1734206216, 7, 6, 10, 0, 0, 0.00%, 0, 0, 1, 205.07
1734206221, 7, 7, 10, 0, 0, 0.00%, 0, 0, 1, 208.93
1734206226, 7, 9, 10, 0, 0, 0.00%, 0, 0, 1, 210.96
1734206231, 8, 0, 10, 0, 0, 0.00%, 0, 0, 1, 208.57
1734206236, 8, 2, 10, 0, 0, 0.00%, 0, 0, 1, 207.37
1734206242, 8, 3, 10, 0, 0, 0.00%, 0, 0, 1, 206.93
1734206247, 8, 5, 10, 0, 0, 0.00%, 0, 0, 1, 207.17
1734206252, 8, 6, 10, 0, 0, 0.00%, 0, 0, 1, 210.23
1734206257, 8, 7, 10, 0, 0, 0.00%, 0, 0, 1, 209.66
1734206262, 8, 9, 10, 0, 0, 0.00%, 0, 0, 1, 209.87
1734206267, 9, 0, 10, 0, 0, 0.00%, 0, 0, 1, 205.42
1734206272, 9, 2, 10, 0, 0, 0.00%, 0, 0, 1, 203.93
1734206277, 9, 3, 10, 0, 0, 0.00%, 0, 0, 1, 209.17
1734206282, 9, 4, 10, 0, 0, 0.00%, 0, 0, 1, 208.43
1734206288, 9, 6, 10, 0, 0, 0.00%, 0, 0, 1, 207.27
1734206293, 9, 7, 10, 0, 0, 0.00%, 0, 0, 1, 207.80
1734206298, 9, 9, 10, 0, 0, 0.00%, 0, 0, 1, 209.31
1734206303, 10, 0, 10, 0, 0, 0.00%, 0, 0, 1, 210.28
1734206308, 10, 2, 10, 0, 0, 0.00%, 0, 0, 1, 206.28
1734206313, 10, 3, 10, 0, 0, 0.00%, 0, 0, 1, 208.63
1734206318, 10, 4, 10, 0, 0, 0.00%, 0, 0, 1, 210.01
1734206323, 10, 6, 10, 0, 0, 0.00%, 0, 0, 1, 208.45
1734206328, 10, 7, 10, 0, 0, 0.00%, 0, 0, 1, 207.41
1734206333, 10, 9, 10, 0, 0, 0.00%, 0, 0, 1, 207.12
1734206338, 11, 0, 10, 0, 0, 0.00%, 0, 0, 1, 208.02
1734206343, 11, 1, 10, 0, 0, 0.00%, 0, 0, 1, 211.50
1734206348, 11, 3, 10, 0, 0, 0.00%, 0, 0, 1, 209.04
1734206353, 11, 4, 10, 0, 0, 0.00%, 0, 0, 1, 207.84
1734206358, 11, 6, 10, 0, 0, 0.00%, 0, 0, 1, 208.24
1734206363, 11, 7, 10, 0, 0, 0.00%, 0, 0, 1, 209.45
1734206369, 11, 8, 10, 0, 0, 0.00%, 0, 0, 1, 210.26
1734206374, 12, 0, 10, 0, 0, 0.00%, 0, 0, 1, 204.23
1734206379, 12, 1, 10, 0, 0, 0.00%, 0, 0, 1, 208.37
1734206384, 12, 3, 10, 0, 0, 0.00%, 0, 0, 1, 207.42
1734206389, 12, 4, 10, 0, 0, 0.00%, 0, 0, 1, 206.30
1734206394, 12, 5, 10, 0, 0, 0.00%, 0, 0, 1, 209.77
1734206399, 12, 7, 10, 0, 0, 0.00%, 0, 0, 1, 208.10
1734206404, 12, 8, 10, 0, 0, 0.00%, 0, 0, 1, 209.30
1734206409, 13, 0, 10, 0, 0, 0.00%, 0, 0, 1, 203.10
1734206414, 13, 1, 10, 0, 0, 0.00%, 0, 0, 1, 204.85
1734206419, 13, 2, 10, 0, 0, 0.00%, 0, 0, 1, 210.03
1734206424, 13, 4, 10, 0, 0, 0.00%, 0, 0, 1, 207.78
1734206429, 13, 5, 10, 0, 0, 0.00%, 0, 0, 1, 204.78
1734206434, 13, 7, 10, 0, 0, 0.00%, 0, 0, 1, 206.24
1734206439, 13, 8, 10, 0, 0, 0.00%, 0, 0, 1, 205.93
1734206444, 13, 9, 11, 1, 0, 0.05%, 1, 0, 2, 204.30
1734206449, 13, 10, 12, 2, 1, 0.05%, 2, 0, 3, 212.08
1734206495, 13, 10, 13, 3, 1, 0.05%, 3, 0, 3, 213.16
1734206521, 13, 10, 14, 4, 1, 0.05%, 4, 0, 3, 216.33
1734206566, 13, 10, 18, 8, 1, 0.06%, 5, 0, 3, 219.13
1734206572, 13, 10, 20, 10, 1, 0.06%, 6, 0, 3, 223.28
1734206577, 13, 10, 21, 11, 1, 0.06%, 6, 0, 3, 231.72
1734206587, 13, 12, 22, 11, 3, 0.06%, 6, 0, 3, 318.61
1734206592, 13, 12, 23, 12, 3, 0.06%, 6, 0, 4, 451.15
1734206602, 13, 12, 24, 13, 3, 0.06%, 6, 0, 4, 472.54
1734206628, 13, 12, 25, 14, 3, 0.06%, 6, 0, 4, 483.44
1734206643, 13, 12, 27, 16, 3, 0.06%, 6, 0, 4, 321.69
1734206648, 13, 12, 29, 18, 3, 0.06%, 6, 0, 4, 248.60
1734206653, 13, 19, 30, 18, 2, 0.06%, 6, 0, 4, 284.54
1734206663, 13, 19, 31, 19, 2, 0.06%, 6, 0, 4, 379.64
1734206668, 13, 19, 33, 21, 2, 0.06%, 6, 0, 4, 436.09
1734206674, 13, 19, 35, 23, 2, 0.06%, 6, 0, 4, 442.92
1734206679, 13, 19, 36, 24, 2, 0.06%, 6, 0, 4, 438.72
1734206699, 13, 19, 37, 25, 2, 0.06%, 6, 0, 4, 439.77
1734206719, 13, 19, 41, 29, 2, 0.06%, 6, 0, 4, 381.79
1734206724, 13, 19, 43, 31, 2, 0.06%, 7, 0, 4, 296.16
1734206729, 13, 19, 44, 32, 2, 0.06%, 7, 0, 4, 287.43
1734206735, 13, 42, 46, 33, 4, 0.06%, 8, 0, 5, 496.36
1734206740, 13, 42, 51, 38, 4, 0.06%, 8, 0, 5, 510.48
1734206745, 13, 42, 52, 39, 4, 0.06%, 8, 0, 5, 492.40
1734206786, 13, 42, 54, 41, 4, 0.06%, 8, 0, 5, 496.69
1734206816, 13, 45, 54, 40, 5, 0.06%, 8, 0, 5, 319.20
1734206821, 13, 45, 55, 41, 5, 0.06%, 8, 0, 6, 525.46
1734206832, 13, 45, 56, 42, 5, 0.06%, 8, 0, 6, 524.58
1734206867, 13, 54, 56, 41, 5, 0.06%, 8, 0, 6, 469.80
1734206877, 13, 54, 57, 42, 5, 0.06%, 8, 0, 7, 512.76
1734206908, 13, 54, 58, 43, 5, 0.06%, 8, 0, 7, 497.61
1734206923, 13, 54, 59, 44, 5, 0.06%, 8, 0, 7, 496.83
1734206943, 13, 54, 60, 45, 5, 0.06%, 8, 0, 7, 317.50
1734206953, 14, 11, 60, 44, 4, 0.06%, 8, 0, 7, 301.59
1734206968, 14, 11, 63, 47, 4, 0.06%, 8, 0, 7, 296.29
1734206974, 14, 23, 63, 46, 3, 0.06%, 8, 0, 7, 273.85
1734206979, 14, 23, 64, 47, 3, 0.06%, 8, 0, 7, 394.83
1734207152, 14, 42, 64, 46, 3, 0.06%, 8, 0, 7, 473.12
1734207157, 14, 42, 65, 47, 3, 0.06%, 8, 0, 7, 377.02
1734207167, 14, 44, 65, 47, 3, 0.06%, 8, 0, 7, 445.58
1734207203, 14, 45, 65, 46, 3, 0.06%, 8, 0, 7, 459.60
1734207218, 14, 54, 65, 46, 3, 0.06%, 8, 0, 7, 441.61
1734207233, 14, 55, 65, 46, 3, 0.06%, 8, 0, 7, 336.63
1734207274, 14, 56, 65, 45, 3, 0.06%, 8, 0, 7, 464.14
1734207314, 14, 57, 65, 44, 3, 0.06%, 8, 0, 7, 367.11
1734207375, 14, 58, 65, 43, 3, 0.06%, 8, 0, 7, 355.87
1734207457, 14, 59, 65, 42, 3, 0.06%, 8, 0, 7, 359.95
1734207483, 14, 59, 66, 43, 3, 0.06%, 8, 0, 8, 476.86
1734207513, 14, 60, 66, 42, 3, 0.06%, 8, 0, 8, 443.48
1734207564, 14, 61, 66, 41, 3, 0.06%, 8, 0, 8, 382.10
1734207635, 14, 64, 66, 40, 3, 0.06%, 8, 0, 8, 355.64
1734207671, 14, 65, 66, 39, 3, 0.06%, 8, 0, 8, 407.23
1734207758, 14, 65, 67, 40, 3, 0.06%, 8, 0, 9, 442.62
1734207783, 14, 65, 68, 41, 3, 0.06%, 8, 0, 9, 488.31
1734207824, 14, 66, 68, 40, 3, 0.06%, 8, 0, 9, 392.91
1734207926, 14, 67, 68, 39, 3, 0.06%, 8, 0, 9, 358.99
1734208034, 15, 13, 68, 38, 3, 0.06%, 8, 0, 9, 382.15
1734208064, 15, 14, 68, 37, 3, 0.06%, 8, 0, 9, 318.86
1734208095, 15, 15, 68, 36, 3, 0.06%, 8, 0, 9, 351.09
1734208115, 15, 16, 68, 35, 2, 0.06%, 8, 0, 9, 295.78
1734208141, 15, 17, 68, 34, 2, 0.06%, 8, 0, 9, 424.75
1734208197, 15, 19, 68, 33, 2, 0.06%, 8, 0, 9, 327.59
1734208248, 15, 21, 68, 33, 2, 0.06%, 8, 0, 9, 427.70
1734208279, 15, 29, 68, 32, 2, 0.06%, 8, 0, 9, 418.73
1734208350, 15, 42, 68, 31, 2, 0.06%, 8, 0, 9, 425.26
1734208365, 15, 44, 68, 31, 2, 0.06%, 8, 0, 9, 506.69
1734208386, 15, 45, 68, 31, 2, 0.06%, 8, 0, 9, 382.20
1734208401, 15, 46, 68, 31, 2, 0.06%, 8, 0, 9, 364.71
1734208447, 15, 49, 68, 30, 2, 0.06%, 8, 0, 9, 397.43
1734208477, 15, 50, 68, 29, 1, 0.06%, 8, 0, 9, 430.39
1734208513, 15, 51, 68, 28, 1, 0.06%, 8, 0, 9, 379.20
1734208707, 15, 54, 68, 27, 1, 0.06%, 8, 0, 9, 432.66
1734208722, 15, 55, 68, 27, 1, 0.06%, 8, 0, 9, 428.70
1734208738, 15, 56, 68, 27, 1, 0.06%, 8, 0, 9, 416.56
1734208753, 15, 57, 68, 27, 1, 0.06%, 8, 0, 9, 334.07
1734208773, 15, 58, 68, 27, 1, 0.06%, 8, 0, 9, 431.64
1734208789, 15, 59, 68, 27, 1, 0.06%, 8, 0, 9, 413.52
1734208804, 15, 60, 68, 27, 1, 0.06%, 8, 0, 9, 352.64
1734208819, 15, 61, 68, 27, 1, 0.06%, 8, 0, 9, 331.46
1734208886, 15, 62, 68, 27, 1, 0.06%, 8, 0, 9, 477.23
1734208926, 15, 63, 68, 26, 1, 0.06%, 8, 0, 9, 292.38
1734209028, 15, 64, 68, 25, 1, 0.06%, 8, 0, 9, 319.64
1734209105, 15, 65, 68, 25, 1, 0.06%, 8, 0, 9, 368.58
1734209131, 15, 66, 68, 25, 1, 0.06%, 8, 0, 9, 344.70
1734209156, 15, 67, 68, 25, 1, 0.06%, 8, 0, 9, 395.16
1734209182, 16, 11, 68, 25, 1, 0.06%, 8, 0, 9, 315.43
1734209192, 16, 14, 68, 25, 1, 0.06%, 8, 0, 9, 305.87
1734209202, 16, 19, 68, 25, 1, 0.06%, 8, 0, 9, 362.80
1734209212, 16, 21, 68, 25, 1, 0.06%, 8, 0, 9, 426.31
1734209232, 16, 23, 68, 25, 1, 0.06%, 8, 0, 9, 279.74
1734209253, 16, 27, 68, 25, 1, 0.06%, 8, 0, 9, 365.23
1734209304, 16, 29, 68, 24, 1, 0.06%, 8, 0, 9, 359.24
1734209324, 16, 30, 68, 24, 1, 0.06%, 8, 0, 9, 397.34
1734209355, 16, 31, 68, 23, 0, 0.06%, 8, 0, 9, 357.82
1734209431, 16, 36, 68, 22, 0, 0.06%, 8, 0, 9, 352.77
1734209512, 16, 42, 68, 21, 0, 0.06%, 8, 0, 9, 398.16
1734209518, 16, 44, 68, 21, 0, 0.06%, 8, 0, 9, 377.72
1734209528, 16, 44, 69, 22, 0, 0.06%, 8, 0, 9, 358.68
1734209538, 16, 45, 69, 22, 0, 0.06%, 8, 0, 9, 387.50
1734209543, 16, 46, 69, 22, 0, 0.06%, 8, 0, 9, 332.91
1734209563, 16, 47, 69, 22, 0, 0.06%, 8, 0, 9, 435.11
1734209594, 16, 48, 69, 21, 0, 0.06%, 8, 0, 9, 480.13
1734209624, 16, 49, 69, 20, 0, 0.06%, 8, 0, 9, 380.61
1734209650, 16, 50, 69, 20, 0, 0.06%, 8, 0, 9, 468.16
1734209696, 16, 51, 69, 20, 0, 0.06%, 8, 0, 9, 329.70
1734209978, 16, 54, 69, 20, 0, 0.06%, 8, 0, 9, 381.71
1734209988, 16, 55, 69, 20, 0, 0.06%, 8, 0, 9, 424.63
1734210003, 16, 56, 69, 20, 0, 0.06%, 8, 0, 9, 441.29
1734210018, 16, 57, 69, 20, 0, 0.06%, 8, 0, 9, 374.22
1734210034, 16, 58, 69, 20, 0, 0.06%, 8, 0, 9, 332.97
1734210054, 16, 59, 69, 20, 0, 0.06%, 8, 0, 9, 442.22
1734210069, 16, 60, 69, 20, 0, 0.06%, 8, 0, 9, 376.10
1734210084, 16, 65, 69, 20, 0, 0.06%, 8, 0, 9, 322.19
1734210110, 16, 66, 69, 20, 0, 0.06%, 8, 0, 9, 316.83
1734210135, 16, 67, 69, 20, 0, 0.06%, 8, 0, 9, 312.56
1734210140, 16, 67, 70, 21, 0, 0.06%, 8, 0, 10, 450.71
1734210166, 16, 69, 70, 21, 0, 0.06%, 8, 0, 10, 361.59
1734210171, 16, 69, 71, 22, 0, 0.06%, 8, 0, 11, 405.09
1734210278, 16, 70, 71, 21, 0, 0.06%, 8, 0, 11, 437.92
1734210386, 17, 45, 71, 20, 0, 0.06%, 8, 0, 11, 386.08
1734210391, 17, 54, 71, 20, 0, 0.06%, 8, 0, 11, 357.32
1734210396, 17, 55, 71, 20, 0, 0.06%, 8, 0, 11, 374.39
1734210401, 17, 56, 71, 20, 0, 0.06%, 8, 0, 11, 345.88
1734210411, 17, 57, 71, 20, 0, 0.06%, 8, 0, 11, 365.57
1734210421, 17, 58, 71, 20, 0, 0.06%, 8, 0, 11, 410.90
1734210426, 17, 59, 71, 20, 0, 0.06%, 8, 0, 11, 375.20
1734210437, 17, 60, 71, 20, 0, 0.06%, 8, 0, 11, 373.14
1734210447, 17, 65, 71, 20, 0, 0.06%, 8, 0, 11, 396.95
1734210462, 17, 66, 71, 20, 0, 0.06%, 8, 0, 11, 415.93
1734210472, 17, 67, 71, 20, 0, 0.06%, 8, 0, 11, 321.70
1734210487, 17, 69, 71, 20, 0, 0.06%, 8, 0, 11, 402.68
1734210512, 17, 70, 71, 20, 0, 0.06%, 8, 0, 11, 432.59
1734210538, 18, 54, 71, 20, 0, 0.06%, 8, 0, 11, 393.64
1734210543, 18, 55, 71, 20, 0, 0.06%, 8, 0, 11, 382.03
1734210548, 18, 56, 71, 20, 0, 0.06%, 8, 0, 11, 377.35
1734210553, 18, 57, 71, 20, 0, 0.06%, 8, 0, 11, 385.09
1734210558, 18, 58, 71, 20, 0, 0.06%, 8, 0, 11, 375.56
1734210563, 18, 59, 71, 20, 0, 0.06%, 8, 0, 11, 343.58
1734210568, 18, 60, 71, 20, 0, 0.06%, 8, 0, 11, 363.20
1734210573, 18, 65, 71, 20, 0, 0.06%, 8, 0, 11, 341.88
1734210588, 18, 66, 71, 20, 0, 0.06%, 8, 0, 11, 396.13
1734210598, 18, 67, 71, 20, 0, 0.06%, 8, 0, 11, 395.15
1734210614, 18, 69, 71, 20, 0, 0.06%, 8, 0, 11, 382.64
1734210639, 18, 70, 71, 20, 0, 0.06%, 8, 0, 11, 334.02
1734210664, 19, 11, 71, 20, 0, 0.06%, 8, 0, 11, 323.36
1734210674, 19, 13, 71, 20, 0, 0.06%, 8, 0, 11, 303.95
1734210685, 19, 14, 71, 20, 0, 0.06%, 8, 0, 11, 404.31
1734210710, 19, 15, 71, 20, 0, 0.06%, 8, 0, 11, 329.48
1734210715, 19, 16, 71, 20, 0, 0.06%, 8, 0, 11, 284.46
1734210725, 19, 17, 71, 20, 0, 0.06%, 8, 0, 11, 301.92
1734210736, 19, 18, 71, 20, 0, 0.06%, 8, 0, 11, 378.78
1734210761, 19, 19, 71, 19, 0, 0.06%, 8, 0, 11, 444.57
1734210802, 19, 20, 71, 19, 0, 0.06%, 8, 0, 11, 339.10
1734210889, 19, 20, 73, 21, 0, 0.06%, 8, 0, 11, 302.35
1734210904, 19, 21, 73, 20, 0, 0.06%, 8, 0, 11, 295.95
1734210914, 19, 23, 73, 20, 0, 0.06%, 8, 0, 11, 319.11
1734210934, 19, 27, 73, 20, 0, 0.06%, 8, 0, 11, 287.21
1734210955, 19, 28, 73, 20, 0, 0.06%, 8, 0, 11, 277.54
1734210995, 19, 29, 73, 19, 0, 0.06%, 8, 0, 11, 420.85
1734211051, 19, 30, 73, 19, 0, 0.06%, 8, 0, 11, 375.30
1734211072, 19, 31, 73, 19, 0, 0.06%, 8, 0, 11, 369.29
1734211163, 19, 32, 73, 19, 0, 0.06%, 8, 0, 11, 312.99
1734211240, 19, 33, 73, 18, 0, 0.06%, 8, 0, 11, 388.69
1734211316, 19, 34, 73, 17, 0, 0.06%, 8, 0, 11, 361.18
1734211372, 19, 34, 74, 18, 0, 0.06%, 8, 0, 11, 403.53
1734211418, 19, 36, 74, 17, 0, 0.06%, 8, 0, 11, 382.44
1734211433, 19, 37, 74, 17, 0, 0.06%, 8, 0, 11, 394.22
1734211479, 19, 38, 74, 16, 0, 0.06%, 8, 0, 11, 337.13
1734211626, 19, 39, 74, 15, 0, 0.06%, 8, 0, 11, 306.01
1734211662, 19, 40, 74, 14, 0, 0.06%, 8, 0, 11, 345.06
1734211866, 19, 42, 74, 13, 0, 0.06%, 8, 0, 11, 359.36
1734211871, 19, 44, 74, 13, 0, 0.06%, 8, 0, 11, 361.71
1734211876, 19, 45, 74, 13, 0, 0.06%, 8, 0, 11, 379.25
1734211881, 19, 46, 74, 13, 0, 0.06%, 8, 0, 11, 316.82
1734211902, 19, 47, 74, 13, 0, 0.06%, 8, 0, 11, 411.98
1734211917, 19, 48, 74, 13, 0, 0.06%, 8, 0, 11, 352.23
1734211937, 19, 49, 74, 13, 0, 0.06%, 8, 0, 11, 430.11
1734211947, 19, 49, 75, 14, 0, 0.06%, 8, 0, 11, 301.04
1734211952, 19, 50, 75, 14, 0, 0.06%, 8, 0, 11, 374.72
1734211968, 19, 51, 75, 14, 0, 0.06%, 8, 0, 11, 386.55
1734211988, 19, 52, 75, 14, 0, 0.06%, 8, 0, 11, 389.21
1734212029, 19, 53, 75, 13, 0, 0.06%, 8, 0, 11, 341.33
1734212080, 19, 54, 75, 12, 0, 0.06%, 8, 0, 11, 386.19
1734212085, 19, 55, 75, 12, 0, 0.06%, 8, 0, 11, 399.79
1734212090, 19, 56, 75, 12, 0, 0.06%, 8, 0, 11, 375.88
1734212095, 19, 57, 75, 12, 0, 0.06%, 8, 0, 11, 370.98
1734212100, 19, 58, 75, 12, 0, 0.06%, 8, 0, 11, 366.71
1734212105, 19, 59, 75, 12, 0, 0.06%, 8, 0, 11, 368.81
1734212110, 19, 60, 75, 12, 0, 0.06%, 8, 0, 11, 364.00
1734212115, 19, 64, 75, 12, 0, 0.06%, 8, 0, 11, 459.81
1734212130, 19, 65, 75, 12, 0, 0.06%, 8, 0, 11, 389.87
1734212135, 19, 66, 75, 12, 0, 0.06%, 8, 0, 11, 344.46
1734212146, 19, 67, 75, 12, 0, 0.06%, 8, 0, 11, 399.34
1734212151, 19, 68, 75, 12, 0, 0.06%, 8, 0, 11, 323.27
1734212248, 19, 69, 75, 11, 0, 0.06%, 8, 0, 11, 377.35
1734212273, 19, 70, 75, 11, 0, 0.06%, 8, 0, 11, 350.99
1734212299, 19, 74, 75, 11, 0, 0.06%, 8, 0, 11, 335.74
1734212385, 20, 42, 75, 10, 0, 0.06%, 8, 0, 11, 359.08
1734212390, 20, 44, 75, 10, 0, 0.06%, 8, 0, 11, 367.07
1734212396, 20, 45, 75, 10, 0, 0.06%, 8, 0, 11, 335.26
1734212401, 20, 49, 75, 10, 0, 0.06%, 8, 0, 11, 381.99
1734212406, 20, 50, 75, 10, 0, 0.06%, 8, 0, 11, 320.17
1734212416, 20, 51, 75, 10, 0, 0.06%, 8, 0, 11, 344.07
1734212431, 20, 52, 75, 10, 0, 0.06%, 8, 0, 11, 444.31
1734212446, 20, 53, 75, 10, 0, 0.06%, 8, 0, 11, 379.05
1734212472, 20, 54, 75, 10, 0, 0.06%, 8, 0, 11, 328.25
1734212477, 20, 55, 75, 10, 0, 0.06%, 8, 0, 11, 326.98
1734212482, 20, 56, 75, 10, 0, 0.06%, 8, 0, 11, 335.62
1734212487, 20, 58, 75, 10, 0, 0.06%, 8, 0, 11, 365.28
1734212492, 20, 59, 75, 10, 0, 0.06%, 8, 0, 11, 364.39
1734212497, 20, 60, 75, 10, 0, 0.06%, 8, 0, 11, 370.42
1734212502, 20, 65, 75, 10, 0, 0.06%, 8, 0, 11, 360.52
1734212512, 20, 66, 75, 10, 0, 0.06%, 8, 0, 11, 373.22
1734212517, 20, 67, 75, 10, 0, 0.06%, 8, 0, 11, 344.42
1734212527, 20, 69, 75, 10, 0, 0.06%, 8, 0, 11, 354.03
1734212532, 20, 70, 75, 10, 0, 0.06%, 8, 0, 11, 399.15
1734212537, 21, 45, 75, 10, 0, 0.06%, 8, 0, 11, 362.90
1734212542, 21, 54, 75, 10, 0, 0.06%, 8, 0, 11, 396.64
1734212548, 21, 55, 75, 10, 0, 0.06%, 8, 0, 11, 371.37
1734212553, 21, 56, 75, 10, 0, 0.06%, 8, 0, 11, 358.88
1734212558, 21, 57, 75, 10, 0, 0.06%, 8, 0, 11, 363.54
1734212563, 21, 58, 75, 10, 0, 0.06%, 8, 0, 11, 348.46
1734212568, 21, 59, 75, 10, 0, 0.06%, 8, 0, 11, 340.72
1734212573, 21, 60, 75, 10, 0, 0.06%, 8, 0, 11, 340.07
1734212578, 21, 65, 75, 10, 0, 0.06%, 8, 0, 11, 369.27
1734212583, 21, 66, 75, 10, 0, 0.06%, 8, 0, 11, 375.29
1734212593, 21, 67, 75, 10, 0, 0.06%, 8, 0, 11, 360.53
1734212599, 21, 69, 75, 10, 0, 0.06%, 8, 0, 11, 381.60
1734212604, 21, 70, 75, 10, 0, 0.06%, 8, 0, 11, 380.37
1734212614, 22, 45, 75, 10, 0, 0.06%, 8, 0, 11, 349.41
1734212619, 22, 54, 75, 10, 0, 0.06%, 8, 0, 11, 335.25
1734212624, 22, 55, 75, 10, 0, 0.06%, 8, 0, 11, 334.85
1734212629, 22, 57, 75, 10, 0, 0.06%, 8, 0, 11, 333.37
1734212634, 22, 58, 75, 10, 0, 0.06%, 8, 0, 11, 348.23
1734212639, 22, 59, 75, 10, 0, 0.06%, 8, 0, 11, 400.35
1734212644, 22, 60, 75, 10, 0, 0.06%, 8, 0, 11, 376.79
1734212649, 22, 65, 75, 10, 0, 0.06%, 8, 0, 11, 368.38
1734212659, 22, 66, 75, 10, 0, 0.06%, 8, 0, 11, 381.69
1734212665, 22, 67, 75, 10, 0, 0.06%, 8, 0, 11, 385.85
1734212670, 22, 69, 75, 10, 0, 0.06%, 8, 0, 11, 377.78
1734212680, 22, 70, 75, 10, 0, 0.06%, 8, 0, 11, 399.27
1734212685, 23, 45, 75, 10, 0, 0.06%, 8, 0, 11, 397.10
1734212690, 23, 54, 75, 10, 0, 0.06%, 8, 0, 11, 368.45
1734212695, 23, 55, 75, 10, 0, 0.06%, 8, 0, 11, 362.48
1734212700, 23, 57, 75, 10, 0, 0.06%, 8, 0, 11, 334.07
1734212705, 23, 58, 75, 10, 0, 0.06%, 8, 0, 11, 360.88
1734212710, 23, 59, 75, 10, 0, 0.06%, 8, 0, 11, 357.81
1734212715, 23, 60, 75, 10, 0, 0.06%, 8, 0, 11, 367.37
1734212720, 23, 65, 75, 10, 0, 0.06%, 8, 0, 11, 337.40
1734212730, 23, 66, 75, 10, 0, 0.06%, 8, 0, 11, 371.63
1734212735, 23, 67, 75, 10, 0, 0.06%, 8, 0, 11, 352.21
1734212746, 23, 69, 75, 10, 0, 0.06%, 8, 0, 11, 388.68
1734212751, 23, 70, 75, 10, 0, 0.06%, 8, 0, 11, 370.26
1734212761, 24, 54, 75, 10, 0, 0.06%, 8, 0, 11, 363.17
1734212766, 24, 55, 75, 10, 0, 0.06%, 8, 0, 11, 388.57
1734212771, 24, 56, 75, 10, 0, 0.06%, 8, 0, 11, 354.88
1734212776, 24, 57, 75, 10, 0, 0.06%, 8, 0, 11, 378.62
1734212781, 24, 58, 75, 10, 0, 0.06%, 8, 0, 11, 378.55
1734212786, 24, 59, 75, 10, 0, 0.06%, 8, 0, 11, 364.71
1734212791, 24, 60, 75, 10, 0, 0.06%, 8, 0, 11, 351.16
1734212796, 24, 65, 75, 10, 0, 0.06%, 8, 0, 11, 368.57
1734212802, 24, 66, 75, 10, 0, 0.06%, 8, 0, 11, 361.36
1734212812, 24, 67, 75, 10, 0, 0.06%, 8, 0, 11, 350.44
1734212817, 24, 69, 75, 10, 0, 0.06%, 8, 0, 11, 375.18
1734212827, 24, 70, 75, 10, 0, 0.06%, 8, 0, 11, 340.19
1734212832, 25, 45, 75, 10, 0, 0.06%, 8, 0, 11, 351.58
1734212837, 25, 54, 75, 10, 0, 0.06%, 8, 0, 11, 355.12
1734212842, 25, 55, 75, 10, 0, 0.06%, 8, 0, 11, 358.49
1734212847, 25, 57, 75, 10, 0, 0.06%, 8, 0, 11, 346.59
1734212852, 25, 58, 75, 10, 0, 0.06%, 8, 0, 11, 345.19
1734212857, 25, 59, 75, 10, 0, 0.06%, 8, 0, 11, 379.81
1734212863, 25, 60, 75, 10, 0, 0.06%, 8, 0, 11, 380.03
1734212868, 25, 65, 75, 10, 0, 0.06%, 8, 0, 11, 364.74
1734212878, 25, 66, 75, 10, 0, 0.06%, 8, 0, 11, 381.16
1734212883, 25, 67, 75, 10, 0, 0.06%, 8, 0, 11, 385.84
1734212893, 25, 69, 75, 10, 0, 0.06%, 8, 0, 11, 359.54
1734212898, 25, 70, 75, 10, 0, 0.06%, 8, 0, 11, 379.48
1734212908, 26, 54, 75, 10, 0, 0.06%, 8, 0, 11, 359.85
1734212913, 26, 55, 75, 10, 0, 0.06%, 8, 0, 11, 386.08
1734212918, 26, 56, 75, 10, 0, 0.06%, 8, 0, 11, 376.09
1734212923, 26, 57, 75, 10, 0, 0.06%, 8, 0, 11, 378.99
1734212928, 26, 58, 75, 10, 0, 0.06%, 8, 0, 11, 363.09
1734212934, 26, 59, 75, 10, 0, 0.06%, 8, 0, 11, 344.18
1734212939, 26, 60, 75, 10, 0, 0.06%, 8, 0, 11, 352.00
1734212944, 26, 65, 75, 10, 0, 0.06%, 8, 0, 11, 375.82
1734212949, 26, 66, 75, 10, 0, 0.06%, 8, 0, 11, 389.84
1734212959, 26, 67, 75, 10, 0, 0.06%, 8, 0, 11, 345.81
1734212964, 26, 69, 75, 10, 0, 0.06%, 8, 0, 11, 351.92
1734212974, 26, 70, 75, 10, 0, 0.06%, 8, 0, 11, 376.54
1734212979, 27, 45, 75, 10, 0, 0.06%, 8, 0, 11, 378.34
1734212984, 27, 54, 75, 10, 0, 0.06%, 8, 0, 11, 378.00
1734212989, 27, 56, 75, 10, 0, 0.06%, 8, 0, 11, 363.00
1734212994, 27, 57, 75, 10, 0, 0.06%, 8, 0, 11, 366.25
1734212999, 27, 58, 75, 10, 0, 0.06%, 8, 0, 11, 356.45
1734213004, 27, 59, 75, 10, 0, 0.06%, 8, 0, 11, 395.94
1734213009, 27, 60, 75, 10, 0, 0.06%, 8, 0, 11, 371.95
1734213014, 27, 65, 75, 10, 0, 0.06%, 8, 0, 11, 371.63
1734213025, 27, 66, 75, 10, 0, 0.06%, 8, 0, 11, 373.08
1734213030, 27, 67, 75, 10, 0, 0.06%, 8, 0, 11, 402.14
1734213035, 27, 69, 75, 10, 0, 0.06%, 8, 0, 11, 344.67
1734213045, 27, 70, 75, 10, 0, 0.06%, 8, 0, 11, 400.10
1734213050, 28, 45, 75, 10, 0, 0.06%, 8, 0, 11, 400.48
1734213055, 28, 54, 75, 10, 0, 0.06%, 8, 0, 11, 388.30
1734213060, 28, 55, 75, 10, 0, 0.06%, 8, 0, 11, 349.34
1734213065, 28, 56, 75, 10, 0, 0.06%, 8, 0, 11, 340.15
1734213070, 28, 57, 75, 10, 0, 0.06%, 8, 0, 11, 350.71
1734213075, 28, 58, 75, 10, 0, 0.06%, 8, 0, 11, 363.82
1734213080, 28, 60, 75, 10, 0, 0.06%, 8, 0, 11, 359.20
1734213086, 28, 65, 75, 10, 0, 0.06%, 8, 0, 11, 333.11
1734213096, 28, 66, 75, 10, 0, 0.06%, 8, 0, 11, 373.86
1734213101, 28, 67, 75, 10, 0, 0.06%, 8, 0, 11, 316.75
1734213111, 28, 69, 75, 10, 0, 0.06%, 8, 0, 11, 401.59
1734213116, 28, 70, 75, 10, 0, 0.06%, 8, 0, 11, 373.13
1734213121, 29, 45, 75, 10, 0, 0.06%, 8, 0, 11, 372.79
1734213126, 29, 54, 75, 10, 0, 0.06%, 8, 0, 11, 363.65
1734213131, 29, 55, 75, 10, 0, 0.06%, 8, 0, 11, 368.50
1734213136, 29, 56, 75, 10, 0, 0.06%, 8, 0, 11, 366.34
1734213142, 29, 57, 75, 10, 0, 0.06%, 8, 0, 11, 357.95
1734213147, 29, 58, 75, 10, 0, 0.06%, 8, 0, 11, 375.42
1734213152, 29, 59, 75, 10, 0, 0.06%, 8, 0, 11, 357.11
1734213157, 29, 65, 75, 10, 0, 0.06%, 8, 0, 11, 387.74
1734213167, 29, 66, 75, 10, 0, 0.06%, 8, 0, 11, 375.48
1734213172, 29, 67, 75, 10, 0, 0.06%, 8, 0, 11, 379.26
1734213182, 29, 69, 75, 10, 0, 0.06%, 8, 0, 11, 380.15
1734213187, 29, 70, 75, 10, 0, 0.06%, 8, 0, 11, 350.05
1734213198, 30, 45, 75, 10, 0, 0.06%, 8, 0, 11, 348.25
1734213203, 30, 55, 75, 10, 0, 0.06%, 8, 0, 11, 347.47
1734213208, 30, 56, 75, 10, 0, 0.06%, 8, 0, 11, 364.50
1734213213, 30, 57, 75, 10, 0, 0.06%, 8, 0, 11, 380.09
1734213218, 30, 58, 75, 10, 0, 0.06%, 8, 0, 11, 361.66
1734213223, 30, 59, 75, 10, 0, 0.06%, 8, 0, 11, 388.43
1734213228, 30, 60, 75, 10, 0, 0.06%, 8, 0, 11, 366.27
1734213233, 30, 65, 75, 10, 0, 0.06%, 8, 0, 11, 400.17
1734213238, 30, 66, 75, 10, 0, 0.06%, 8, 0, 11, 369.39
1734213248, 30, 67, 75, 10, 0, 0.06%, 8, 0, 11, 360.97
1734213253, 30, 69, 75, 10, 0, 0.06%, 8, 0, 11, 339.97
1734213263, 30, 70, 75, 10, 0, 0.06%, 8, 0, 11, 358.48
1734213268, 31, 45, 75, 10, 0, 0.06%, 8, 0, 11, 363.77
1734213273, 31, 54, 75, 10, 0, 0.06%, 8, 0, 11, 360.59
1734213278, 31, 55, 75, 10, 0, 0.06%, 8, 0, 11, 365.43
1734213283, 31, 56, 75, 10, 0, 0.06%, 8, 0, 11, 335.79
1734213288, 31, 57, 75, 10, 0, 0.06%, 8, 0, 11, 364.85
1734213293, 31, 58, 75, 10, 0, 0.06%, 8, 0, 11, 367.05
1734213298, 31, 60, 75, 10, 0, 0.06%, 8, 0, 11, 343.87
1734213304, 31, 65, 75, 10, 0, 0.06%, 8, 0, 11, 343.25
1734213314, 31, 66, 75, 10, 0, 0.06%, 8, 0, 11, 375.95
1734213319, 31, 67, 75, 10, 0, 0.06%, 8, 0, 11, 371.96
1734213329, 31, 69, 75, 10, 0, 0.06%, 8, 0, 11, 382.37
1734213334, 31, 70, 75, 10, 0, 0.06%, 8, 0, 11, 401.68
1734213339, 32, 45, 75, 10, 0, 0.06%, 8, 0, 11, 385.83
1734213344, 32, 54, 75, 10, 0, 0.06%, 8, 0, 11, 392.70
1734213349, 32, 55, 75, 10, 0, 0.06%, 8, 0, 11, 369.62
1734213354, 32, 56, 75, 10, 0, 0.06%, 8, 0, 11, 355.73
1734213359, 32, 57, 75, 10, 0, 0.06%, 8, 0, 11, 341.70
1734213364, 32, 58, 75, 10, 0, 0.06%, 8, 0, 11, 345.53
1734213369, 32, 59, 75, 10, 0, 0.06%, 8, 0, 11, 352.54
1734213374, 32, 60, 75, 10, 0, 0.06%, 8, 0, 11, 354.29
1734213379, 32, 65, 75, 10, 0, 0.06%, 8, 0, 11, 366.78
1734213384, 32, 66, 75, 10, 0, 0.06%, 8, 0, 11, 346.15
1734213390, 32, 67, 75, 10, 0, 0.06%, 8, 0, 11, 394.35
1734213400, 32, 69, 75, 10, 0, 0.06%, 8, 0, 11, 408.21
1734213405, 32, 70, 75, 10, 0, 0.06%, 8, 0, 11, 337.21
1734213415, 33, 45, 75, 10, 0, 0.06%, 8, 0, 11, 358.03
1734213420, 33, 55, 75, 10, 0, 0.06%, 8, 0, 11, 367.67
1734213425, 33, 56, 75, 10, 0, 0.06%, 8, 0, 11, 361.26
1734213430, 33, 57, 75, 10, 0, 0.06%, 8, 0, 11, 358.30
1734213435, 33, 58, 75, 10, 0, 0.06%, 8, 0, 11, 350.46
1734213440, 33, 59, 75, 10, 0, 0.06%, 8, 0, 11, 384.45
1734213445, 33, 60, 75, 10, 0, 0.06%, 8, 0, 11, 370.17
1734213450, 33, 65, 75, 10, 0, 0.06%, 8, 0, 11, 373.64
1734213460, 33, 66, 75, 10, 0, 0.06%, 8, 0, 11, 365.43
1734213465, 33, 67, 75, 10, 0, 0.06%, 8, 0, 11, 393.65
1734213476, 33, 69, 75, 10, 0, 0.06%, 8, 0, 11, 349.72
1734213481, 33, 70, 75, 10, 0, 0.06%, 8, 0, 11, 365.25
1734213491, 34, 54, 75, 10, 0, 0.06%, 8, 0, 11, 374.91
1734213496, 34, 55, 75, 10, 0, 0.06%, 8, 0, 11, 382.86
1734213501, 34, 56, 75, 10, 0, 0.06%, 8, 0, 11, 370.05
1734213506, 34, 57, 75, 10, 0, 0.06%, 8, 0, 11, 362.17
1734213511, 34, 58, 75, 10, 0, 0.06%, 8, 0, 11, 383.94
1734213516, 34, 60, 75, 10, 0, 0.06%, 8, 0, 11, 365.97
1734213521, 34, 65, 75, 10, 0, 0.06%, 8, 0, 11, 366.96
1734213531, 34, 66, 75, 10, 0, 0.06%, 8, 0, 11, 396.30
1734213537, 34, 67, 75, 10, 0, 0.06%, 8, 0, 11, 338.38
1734213547, 34, 69, 75, 10, 0, 0.06%, 8, 0, 11, 392.19
1734213552, 34, 70, 75, 10, 0, 0.06%, 8, 0, 11, 370.77
1734213562, 35, 54, 75, 10, 0, 0.06%, 8, 0, 11, 375.11
1734213567, 35, 55, 75, 10, 0, 0.06%, 8, 0, 11, 378.04
1734213572, 35, 56, 75, 10, 0, 0.06%, 8, 0, 11, 367.66
1734213577, 35, 57, 75, 10, 0, 0.06%, 8, 0, 11, 369.09
1734213582, 35, 58, 75, 10, 0, 0.06%, 8, 0, 11, 352.72
1734213587, 35, 59, 75, 10, 0, 0.06%, 8, 0, 11, 349.24
1734213592, 35, 60, 75, 10, 0, 0.06%, 8, 0, 11, 359.55
1734213597, 35, 65, 75, 10, 0, 0.06%, 8, 0, 11, 382.85
1734213602, 35, 66, 75, 10, 0, 0.06%, 8, 0, 11, 396.58
1734213613, 35, 67, 75, 10, 0, 0.06%, 8, 0, 11, 381.16
1734213618, 35, 69, 75, 10, 0, 0.06%, 8, 0, 11, 409.58
1734213623, 35, 70, 75, 10, 0, 0.06%, 8, 0, 11, 350.82
1734213633, 36, 45, 75, 10, 0, 0.06%, 8, 0, 11, 360.75
1734213638, 36, 55, 75, 10, 0, 0.06%, 8, 0, 11, 364.65
1734213643, 36, 56, 75, 10, 0, 0.06%, 8, 0, 11, 357.09
1734213648, 36, 57, 75, 10, 0, 0.06%, 8, 0, 11, 392.16
1734213653, 36, 58, 75, 10, 0, 0.06%, 8, 0, 11, 401.10
1734213658, 36, 59, 75, 10, 0, 0.06%, 8, 0, 11, 378.49
1734213663, 36, 60, 75, 10, 0, 0.06%, 8, 0, 11, 369.16
1734213668, 36, 65, 75, 10, 0, 0.06%, 8, 0, 11, 398.69
1734213673, 36, 66, 75, 10, 0, 0.06%, 8, 0, 11, 350.72
1734213684, 36, 67, 75, 10, 0, 0.06%, 8, 0, 11, 390.44
1734213689, 36, 69, 75, 10, 0, 0.06%, 8, 0, 11, 380.79
1734213699, 36, 70, 75, 10, 0, 0.06%, 8, 0, 11, 384.92
1734213704, 37, 45, 75, 10, 0, 0.06%, 8, 0, 11, 377.11
1734213709, 37, 54, 75, 10, 0, 0.06%, 8, 0, 11, 364.90
1734213714, 37, 56, 75, 10, 0, 0.06%, 8, 0, 11, 354.64
1734213719, 37, 57, 75, 10, 0, 0.06%, 8, 0, 11, 368.97
1734213724, 37, 58, 75, 10, 0, 0.06%, 8, 0, 11, 365.73
1734213729, 37, 59, 75, 10, 0, 0.06%, 8, 0, 11, 380.11
1734213734, 37, 60, 75, 10, 0, 0.06%, 8, 0, 11, 374.84
1734213739, 37, 65, 75, 10, 0, 0.06%, 8, 0, 11, 367.19
1734213749, 37, 66, 75, 10, 0, 0.06%, 8, 0, 11, 350.32
1734213754, 37, 67, 75, 10, 0, 0.06%, 8, 0, 11, 346.16
1734213765, 37, 69, 75, 10, 0, 0.06%, 8, 0, 11, 354.78
1734213770, 37, 70, 75, 10, 0, 0.06%, 8, 0, 11, 409.78
1734213775, 38, 45, 75, 10, 0, 0.06%, 8, 0, 11, 404.60
1734213780, 38, 54, 75, 10, 0, 0.06%, 8, 0, 11, 377.99
1734213785, 38, 55, 75, 10, 0, 0.06%, 8, 0, 11, 363.82
1734213790, 38, 56, 75, 10, 0, 0.06%, 8, 0, 11, 350.23
1734213795, 38, 57, 75, 10, 0, 0.06%, 8, 0, 11, 363.72
1734213800, 38, 58, 75, 10, 0, 0.06%, 8, 0, 11, 346.21
1734213805, 38, 60, 75, 10, 0, 0.06%, 8, 0, 11, 343.48
1734213810, 38, 61, 75, 10, 0, 0.06%, 8, 0, 11, 330.11
1734213830, 38, 62, 75, 10, 0, 0.06%, 8, 0, 11, 483.80
1734213866, 38, 63, 75, 10, 0, 0.06%, 8, 0, 11, 457.30
1734213958, 38, 64, 75, 10, 0, 0.06%, 8, 0, 11, 432.03
1734213968, 38, 65, 75, 10, 0, 0.06%, 8, 0, 11, 386.00
1734213978, 38, 66, 75, 10, 0, 0.06%, 8, 0, 11, 392.56
1734213983, 38, 67, 75, 10, 0, 0.06%, 8, 0, 11, 348.81
1734213993, 38, 68, 75, 10, 0, 0.06%, 8, 0, 11, 457.40
1734214076, 38, 69, 75, 10, 0, 0.06%, 8, 0, 11, 343.66
1734214081, 38, 70, 75, 10, 0, 0.06%, 8, 0, 11, 366.03
1734214091, 38, 71, 75, 10, 0, 0.06%, 8, 0, 11, 355.70
1734214132, 38, 73, 76, 10, 0, 0.06%, 8, 0, 11, 349.57
1734214264, 38, 74, 76, 9, 0, 0.06%, 8, 0, 11, 414.17
1734214341, 38, 75, 76, 9, 0, 0.06%, 8, 0, 11, 349.61
1734214479, 39, 11, 76, 8, 0, 0.06%, 8, 0, 11, 303.60
1734214484, 39, 21, 76, 8, 0, 0.06%, 8, 0, 11, 322.16
1734214489, 39, 23, 76, 8, 0, 0.06%, 8, 0, 11, 330.44
1734214499, 39, 29, 76, 8, 0, 0.06%, 8, 0, 11, 371.70
1734214509, 39, 36, 76, 8, 0, 0.06%, 8, 0, 11, 371.88
1734214524, 39, 37, 76, 8, 0, 0.06%, 8, 0, 11, 342.15
1734214545, 39, 38, 76, 8, 0, 0.06%, 8, 0, 11, 313.86
1734214565, 39, 39, 76, 8, 0, 0.06%, 8, 0, 11, 385.32
1734214581, 39, 40, 76, 8, 0, 0.06%, 8, 0, 11, 353.86
1734214601, 39, 41, 76, 8, 0, 0.06%, 8, 0, 11, 352.26
1734214717, 39, 42, 76, 7, 0, 0.06%, 8, 0, 11, 364.39
1734214723, 39, 43, 76, 7, 0, 0.06%, 8, 0, 11, 336.65
1734214905, 39, 44, 76, 6, 0, 0.06%, 8, 0, 11, 371.89
1734214911, 39, 45, 76, 6, 0, 0.06%, 8, 0, 11, 376.27
1734214916, 39, 46, 76, 6, 0, 0.06%, 8, 0, 11, 305.19
1734214926, 39, 47, 76, 6, 0, 0.06%, 8, 0, 11, 422.26
1734214941, 39, 48, 76, 6, 0, 0.06%, 8, 0, 11, 394.49
1734214956, 39, 49, 76, 6, 0, 0.06%, 8, 0, 11, 370.31
1734214961, 39, 50, 76, 6, 0, 0.06%, 8, 0, 11, 375.73
1734214966, 39, 51, 76, 6, 0, 0.06%, 8, 0, 11, 309.50
1734214977, 39, 52, 76, 6, 0, 0.06%, 8, 0, 11, 510.47
1734215002, 39, 53, 76, 6, 0, 0.06%, 8, 0, 11, 317.21
1734215492, 39, 54, 76, 6, 0, 0.06%, 8, 0, 11, 329.20
1734215497, 39, 55, 76, 6, 0, 0.06%, 8, 0, 11, 386.53
1734215502, 39, 56, 76, 6, 0, 0.06%, 8, 0, 11, 373.59
1734215507, 39, 57, 76, 6, 0, 0.06%, 8, 0, 11, 377.12
1734215512, 39, 58, 76, 6, 0, 0.06%, 8, 0, 11, 373.86
1734215517, 39, 59, 76, 6, 0, 0.06%, 8, 0, 11, 357.79
1734215522, 39, 60, 76, 6, 0, 0.06%, 8, 0, 11, 346.58
1734215527, 39, 63, 76, 6, 0, 0.06%, 8, 0, 11, 387.75
1734215543, 39, 65, 76, 6, 0, 0.06%, 8, 0, 11, 365.28
1734215548, 39, 66, 76, 6, 0, 0.06%, 8, 0, 11, 367.76
1734215558, 39, 67, 76, 6, 0, 0.06%, 8, 0, 11, 401.39
1734215563, 39, 69, 76, 6, 0, 0.06%, 8, 0, 11, 361.29
1734215573, 39, 70, 76, 6, 0, 0.06%, 8, 0, 11, 366.41
1734215578, 39, 71, 76, 6, 0, 0.06%, 8, 0, 11, 325.44
1734215598, 40, 11, 76, 6, 0, 0.06%, 8, 0, 11, 306.83
1734215603, 40, 23, 76, 6, 0, 0.06%, 8, 0, 11, 342.88
1734215608, 40, 36, 76, 6, 0, 0.06%, 8, 0, 11, 342.00
1734215619, 40, 37, 76, 6, 0, 0.06%, 8, 0, 11, 346.91
1734215639, 40, 38, 76, 6, 0, 0.06%, 8, 0, 11, 359.40
1734215659, 40, 39, 76, 6, 0, 0.06%, 8, 0, 11, 386.22
1734215675, 40, 40, 76, 6, 0, 0.06%, 8, 0, 11, 307.70
1734215695, 40, 41, 76, 6, 0, 0.06%, 8, 0, 11, 337.15
1734215715, 40, 43, 76, 6, 0, 0.06%, 8, 0, 11, 364.87
1734215736, 40, 54, 76, 6, 0, 0.06%, 8, 0, 11, 374.10
1734215741, 40, 55, 76, 6, 0, 0.06%, 8, 0, 11, 400.26
1734215746, 40, 56, 76, 6, 0, 0.06%, 8, 0, 11, 371.78
1734215751, 40, 57, 76, 6, 0, 0.06%, 8, 0, 11, 360.91
1734215756, 40, 58, 76, 6, 0, 0.06%, 8, 0, 11, 365.32
1734215761, 40, 59, 76, 6, 0, 0.06%, 8, 0, 11, 355.36
1734215766, 40, 60, 76, 6, 0, 0.06%, 8, 0, 11, 340.77
1734215771, 40, 63, 76, 6, 0, 0.06%, 8, 0, 11, 372.50
1734215781, 40, 65, 76, 6, 0, 0.06%, 8, 0, 11, 371.87
1734215786, 40, 66, 76, 6, 0, 0.06%, 8, 0, 11, 385.68
1734215796, 40, 67, 76, 6, 0, 0.06%, 8, 0, 11, 365.97
1734215802, 40, 69, 76, 6, 0, 0.06%, 8, 0, 11, 373.28
1734215807, 40, 70, 76, 6, 0, 0.06%, 8, 0, 11, 358.45
1734215817, 40, 71, 76, 6, 0, 0.06%, 8, 0, 11, 331.84
1734215837, 41, 23, 76, 6, 0, 0.06%, 8, 0, 11, 329.74
1734215847, 41, 36, 76, 6, 0, 0.06%, 8, 0, 11, 356.58
1734215852, 41, 37, 76, 6, 0, 0.06%, 8, 0, 11, 363.03
1734215857, 41, 38, 76, 6, 0, 0.06%, 8, 0, 11, 371.87
1734215872, 41, 39, 76, 6, 0, 0.06%, 8, 0, 11, 342.34
1734215877, 41, 40, 76, 6, 0, 0.06%, 8, 0, 11, 346.86
1734215893, 41, 41, 76, 6, 0, 0.06%, 8, 0, 11, 336.24
1734215913, 41, 45, 76, 6, 0, 0.06%, 8, 0, 11, 343.77
1734215918, 41, 55, 76, 6, 0, 0.06%, 8, 0, 11, 368.48
1734215923, 41, 56, 76, 6, 0, 0.06%, 8, 0, 11, 378.17
1734215928, 41, 57, 76, 6, 0, 0.06%, 8, 0, 11, 369.03
1734215933, 41, 58, 76, 6, 0, 0.06%, 8, 0, 11, 389.71
1734215938, 41, 59, 76, 6, 0, 0.06%, 8, 0, 11, 381.64
1734215943, 41, 60, 76, 6, 0, 0.06%, 8, 0, 11, 371.99
1734215948, 41, 65, 76, 6, 0, 0.06%, 8, 0, 11, 403.67
1734215953, 41, 66, 76, 6, 0, 0.06%, 8, 0, 11, 350.01
1734215964, 41, 67, 76, 6, 0, 0.06%, 8, 0, 11, 382.60
1734215969, 41, 69, 76, 6, 0, 0.06%, 8, 0, 11, 330.54
1734215979, 41, 70, 76, 6, 0, 0.06%, 8, 0, 11, 366.28
1734215984, 42, 45, 76, 6, 0, 0.06%, 8, 0, 11, 374.13
1734215989, 42, 54, 76, 6, 0, 0.06%, 8, 0, 11, 360.83
1734215994, 42, 56, 76, 6, 0, 0.06%, 8, 0, 11, 364.51
1734215999, 42, 57, 76, 6, 0, 0.06%, 8, 0, 11, 358.34
1734216004, 42, 58, 76, 6, 0, 0.06%, 8, 0, 11, 322.39
1734216009, 42, 59, 76, 6, 0, 0.06%, 8, 0, 11, 384.76
1734216014, 42, 60, 76, 6, 0, 0.06%, 8, 0, 11, 351.27
1734216019, 42, 65, 76, 6, 0, 0.06%, 8, 0, 11, 309.49
1734216030, 42, 66, 76, 6, 0, 0.06%, 8, 0, 11, 381.02
1734216035, 42, 67, 76, 6, 0, 0.06%, 8, 0, 11, 353.45
1734216045, 42, 69, 76, 6, 0, 0.06%, 8, 0, 11, 377.56
1734216050, 42, 70, 76, 6, 0, 0.06%, 8, 0, 11, 383.10
1734216055, 43, 45, 76, 6, 0, 0.06%, 8, 0, 11, 362.78
1734216060, 43, 54, 76, 6, 0, 0.06%, 8, 0, 11, 396.23
1734216065, 43, 55, 76, 6, 0, 0.06%, 8, 0, 11, 384.75
1734216070, 43, 56, 76, 6, 0, 0.06%, 8, 0, 11, 353.34
1734216075, 43, 57, 76, 6, 0, 0.06%, 8, 0, 11, 367.40
1734216080, 43, 58, 76, 6, 0, 0.06%, 8, 0, 11, 361.33
1734216085, 43, 59, 76, 6, 0, 0.06%, 8, 0, 11, 364.32
1734216090, 43, 60, 76, 6, 0, 0.06%, 8, 0, 11, 333.17
1734216095, 43, 65, 76, 6, 0, 0.06%, 8, 0, 11, 364.29
1734216100, 43, 66, 76, 6, 0, 0.06%, 8, 0, 11, 362.70
1734216110, 43, 67, 76, 6, 0, 0.06%, 8, 0, 11, 356.88
1734216116, 43, 69, 76, 6, 0, 0.06%, 8, 0, 11, 388.79
1734216121, 43, 70, 76, 6, 0, 0.06%, 8, 0, 11, 369.16
1734216131, 44, 45, 76, 6, 0, 0.06%, 8, 0, 11, 366.75
1734216136, 44, 55, 76, 6, 0, 0.06%, 8, 0, 11, 337.83
1734216141, 44, 56, 76, 6, 0, 0.06%, 8, 0, 11, 368.55
1734216146, 44, 57, 76, 6, 0, 0.06%, 8, 0, 11, 370.19
1734216151, 44, 58, 76, 6, 0, 0.06%, 8, 0, 11, 386.27
1734216156, 44, 59, 76, 6, 0, 0.06%, 8, 0, 11, 382.64
1734216161, 44, 60, 76, 6, 0, 0.06%, 8, 0, 11, 363.99
1734216166, 44, 65, 76, 6, 0, 0.06%, 8, 0, 11, 395.01
1734216171, 44, 66, 76, 6, 0, 0.06%, 8, 0, 11, 345.71
1734216181, 44, 67, 76, 6, 0, 0.06%, 8, 0, 11, 373.09
1734216186, 44, 69, 76, 6, 0, 0.06%, 8, 0, 11, 366.85
1734216197, 44, 70, 76, 6, 0, 0.06%, 8, 0, 11, 380.03
1734216202, 45, 45, 76, 6, 0, 0.06%, 8, 0, 11, 385.15
1734216207, 45, 54, 76, 6, 0, 0.06%, 8, 0, 11, 344.08
1734216212, 45, 56, 76, 6, 0, 0.06%, 8, 0, 11, 357.21
1734216217, 45, 57, 76, 6, 0, 0.06%, 8, 0, 11, 343.00
1734216222, 45, 58, 76, 6, 0, 0.06%, 8, 0, 11, 352.03
1734216227, 45, 59, 76, 6, 0, 0.06%, 8, 0, 11, 352.68
1734216232, 45, 60, 76, 6, 0, 0.06%, 8, 0, 11, 350.77
1734216237, 45, 65, 76, 6, 0, 0.06%, 8, 0, 11, 345.82
1734216247, 45, 66, 76, 6, 0, 0.06%, 8, 0, 11, 390.67
1734216252, 45, 67, 76, 6, 0, 0.06%, 8, 0, 11, 386.21
1734216257, 45, 69, 76, 6, 0, 0.06%, 8, 0, 11, 364.87
1734216267, 45, 70, 76, 6, 0, 0.06%, 8, 0, 11, 389.07
1734216273, 46, 45, 76, 6, 0, 0.06%, 8, 0, 11, 387.86
1734216278, 46, 54, 76, 6, 0, 0.06%, 8, 0, 11, 366.82
1734216283, 46, 55, 76, 6, 0, 0.06%, 8, 0, 11, 365.14
1734216288, 46, 56, 76, 6, 0, 0.06%, 8, 0, 11, 352.85
1734216293, 46, 57, 76, 6, 0, 0.06%, 8, 0, 11, 350.77
1734216298, 46, 58, 76, 6, 0, 0.06%, 8, 0, 11, 370.12
1734216303, 46, 60, 76, 6, 0, 0.06%, 8, 0, 11, 368.24
1734216308, 46, 65, 76, 6, 0, 0.06%, 8, 0, 11, 370.34
1734216318, 46, 66, 76, 6, 0, 0.06%, 8, 0, 11, 376.86
1734216328, 46, 67, 76, 6, 0, 0.06%, 8, 0, 11, 353.17
1734216333, 46, 69, 76, 6, 0, 0.06%, 8, 0, 11, 366.54
1734216343, 46, 70, 76, 6, 0, 0.06%, 8, 0, 11, 383.76
1734216348, 47, 45, 76, 6, 0, 0.06%, 8, 0, 11, 380.37
1734216353, 47, 54, 76, 6, 0, 0.06%, 8, 0, 11, 342.83
1734216359, 47, 56, 76, 6, 0, 0.06%, 8, 0, 11, 348.34
1734216364, 47, 57, 76, 6, 0, 0.06%, 8, 0, 11, 350.26
1734216369, 47, 58, 76, 6, 0, 0.06%, 8, 0, 11, 362.76
1734216374, 47, 59, 76, 6, 0, 0.06%, 8, 0, 11, 385.61
1734216379, 47, 60, 76, 6, 0, 0.06%, 8, 0, 11, 378.54
1734216384, 47, 65, 76, 6, 0, 0.06%, 8, 0, 11, 347.00
1734216394, 47, 66, 76, 6, 0, 0.06%, 8, 0, 11, 380.75
1734216399, 47, 67, 76, 6, 0, 0.06%, 8, 0, 11, 380.18
1734216404, 47, 69, 76, 6, 0, 0.06%, 8, 0, 11, 374.33
1734216415, 47, 70, 76, 6, 0, 0.06%, 8, 0, 11, 400.90
1734216420, 48, 45, 76, 6, 0, 0.06%, 8, 0, 11, 396.58
1734216425, 48, 54, 76, 6, 0, 0.06%, 8, 0, 11, 359.83
1734216430, 48, 55, 76, 6, 0, 0.06%, 8, 0, 11, 345.08
1734216435, 48, 57, 76, 6, 0, 0.06%, 8, 0, 11, 357.21
1734216440, 48, 58, 76, 6, 0, 0.06%, 8, 0, 11, 360.33
1734216445, 48, 59, 76, 6, 0, 0.06%, 8, 0, 11, 339.88
1734216450, 48, 60, 76, 6, 0, 0.06%, 8, 0, 11, 355.10
1734216455, 48, 65, 76, 6, 0, 0.06%, 8, 0, 11, 325.09
1734216465, 48, 66, 76, 6, 0, 0.06%, 8, 0, 11, 370.67
1734216470, 48, 67, 76, 6, 0, 0.06%, 8, 0, 11, 348.54
1734216481, 48, 69, 76, 6, 0, 0.06%, 8, 0, 11, 377.21
1734216486, 48, 70, 76, 6, 0, 0.06%, 8, 0, 11, 418.34
1734216491, 49, 45, 76, 6, 0, 0.06%, 8, 0, 11, 357.01
1734216496, 49, 54, 76, 6, 0, 0.06%, 8, 0, 11, 371.36
1734216501, 49, 55, 76, 6, 0, 0.06%, 8, 0, 11, 374.81
1734216506, 49, 56, 76, 6, 0, 0.06%, 8, 0, 11, 362.11
1734216511, 49, 57, 76, 6, 0, 0.06%, 8, 0, 11, 364.59
1734216516, 49, 58, 76, 6, 0, 0.06%, 8, 0, 11, 376.42
1734216521, 49, 60, 76, 6, 0, 0.06%, 8, 0, 11, 373.81
1734216526, 49, 65, 76, 6, 0, 0.06%, 8, 0, 11, 362.51
1734216536, 49, 66, 76, 6, 0, 0.06%, 8, 0, 11, 401.09
1734216541, 49, 67, 76, 6, 0, 0.06%, 8, 0, 11, 345.30
1734216552, 49, 69, 76, 6, 0, 0.06%, 8, 0, 11, 402.28
1734216557, 49, 70, 76, 6, 0, 0.06%, 8, 0, 11, 321.35
1734216567, 50, 45, 76, 6, 0, 0.06%, 8, 0, 11, 364.88
1734216572, 50, 55, 76, 6, 0, 0.06%, 8, 0, 11, 346.20
1734216577, 50, 56, 76, 6, 0, 0.06%, 8, 0, 11, 394.38
1734216582, 50, 57, 76, 6, 0, 0.06%, 8, 0, 11, 390.84
1734216587, 50, 58, 76, 6, 0, 0.06%, 8, 0, 11, 398.88
1734216592, 50, 59, 76, 6, 0, 0.06%, 8, 0, 11, 375.09
1734216597, 50, 60, 76, 6, 0, 0.06%, 8, 0, 11, 350.14
1734216602, 50, 65, 76, 6, 0, 0.06%, 8, 0, 11, 390.29
1734216607, 50, 66, 76, 6, 0, 0.06%, 8, 0, 11, 351.04
1734216617, 50, 67, 76, 6, 0, 0.06%, 8, 0, 11, 385.46
1734216622, 50, 69, 76, 6, 0, 0.06%, 8, 0, 11, 317.17
1734216632, 50, 70, 76, 6, 0, 0.06%, 8, 0, 11, 379.33
1734216637, 51, 45, 76, 6, 0, 0.06%, 8, 0, 11, 376.17
1734216642, 51, 54, 76, 6, 0, 0.06%, 8, 0, 11, 364.46
1734216647, 51, 55, 76, 6, 0, 0.06%, 8, 0, 11, 337.27
1734216652, 51, 56, 76, 6, 0, 0.06%, 8, 0, 11, 348.97
1734216658, 51, 57, 76, 6, 0, 0.06%, 8, 0, 11, 339.41
1734216663, 51, 58, 76, 6, 0, 0.06%, 8, 0, 11, 359.30
1734216668, 51, 60, 76, 6, 0, 0.06%, 8, 0, 11, 348.10
1734216673, 51, 65, 76, 6, 0, 0.06%, 8, 0, 11, 353.36
1734216683, 51, 66, 76, 6, 0, 0.06%, 8, 0, 11, 394.04
1734216688, 51, 67, 76, 6, 0, 0.06%, 8, 0, 11, 347.20
1734216698, 51, 69, 76, 6, 0, 0.06%, 8, 0, 11, 363.15
1734216703, 51, 70, 76, 6, 0, 0.06%, 8, 0, 11, 344.57
1734216713, 52, 54, 76, 6, 0, 0.06%, 8, 0, 11, 396.11
1734216718, 52, 55, 76, 6, 0, 0.06%, 8, 0, 11, 393.62
1734216723, 52, 56, 76, 6, 0, 0.06%, 8, 0, 11, 365.78
1734216729, 52, 57, 76, 6, 0, 0.06%, 8, 0, 11, 369.63
1734216734, 52, 58, 76, 6, 0, 0.06%, 8, 0, 11, 353.08
1734216739, 52, 59, 76, 6, 0, 0.06%, 8, 0, 11, 350.96
1734216744, 52, 60, 76, 6, 0, 0.06%, 8, 0, 11, 340.15
1734216749, 52, 65, 76, 6, 0, 0.06%, 8, 0, 11, 383.12
1734216754, 52, 66, 76, 6, 0, 0.06%, 8, 0, 11, 345.80
1734216764, 52, 67, 76, 6, 0, 0.06%, 8, 0, 11, 358.71
1734216769, 52, 69, 76, 6, 0, 0.06%, 8, 0, 11, 313.01
1734216779, 52, 70, 76, 6, 0, 0.06%, 8, 0, 11, 382.09
1734216784, 53, 45, 76, 6, 0, 0.06%, 8, 0, 11, 394.87
1734216789, 53, 54, 76, 6, 0, 0.06%, 8, 0, 11, 361.74
1734216794, 53, 55, 76, 6, 0, 0.06%, 8, 0, 11, 351.12
1734216799, 53, 57, 76, 6, 0, 0.06%, 8, 0, 11, 357.49
1734216804, 53, 58, 76, 6, 0, 0.06%, 8, 0, 11, 352.75
1734216810, 53, 59, 76, 6, 0, 0.06%, 8, 0, 11, 363.54
1734216815, 53, 60, 76, 6, 0, 0.06%, 8, 0, 11, 357.31
1734216820, 53, 65, 76, 6, 0, 0.06%, 8, 0, 11, 346.53
1734216830, 53, 66, 76, 6, 0, 0.06%, 8, 0, 11, 372.33
1734216835, 53, 67, 76, 6, 0, 0.06%, 8, 0, 11, 406.60
1734216840, 53, 69, 76, 6, 0, 0.06%, 8, 0, 11, 361.33
1734216850, 53, 70, 76, 6, 0, 0.06%, 8, 0, 11, 397.83
1734216855, 54, 45, 76, 6, 0, 0.06%, 8, 0, 11, 374.45
1734216860, 54, 54, 76, 6, 0, 0.06%, 8, 0, 11, 376.16
1734216865, 54, 55, 76, 6, 0, 0.06%, 8, 0, 11, 352.34
1734216870, 54, 56, 76, 6, 0, 0.06%, 8, 0, 11, 357.54
1734216875, 54, 57, 76, 6, 0, 0.06%, 8, 0, 11, 357.78
1734216881, 54, 58, 76, 6, 0, 0.06%, 8, 0, 11, 362.76
1734216886, 54, 59, 76, 6, 0, 0.06%, 8, 0, 11, 369.36
1734216891, 54, 65, 76, 6, 0, 0.06%, 8, 0, 11, 381.15
1734216901, 54, 66, 76, 6, 0, 0.06%, 8, 0, 11, 408.50
1734216906, 54, 67, 76, 6, 0, 0.06%, 8, 0, 11, 354.26
1734216916, 54, 69, 76, 6, 0, 0.06%, 8, 0, 11, 385.78
1734216921, 54, 70, 76, 6, 0, 0.06%, 8, 0, 11, 352.80
1734216931, 55, 45, 76, 6, 0, 0.06%, 8, 0, 11, 341.74
1734216936, 55, 55, 76, 6, 0, 0.06%, 8, 0, 11, 343.08
1734216941, 55, 56, 76, 6, 0, 0.06%, 8, 0, 11, 374.07
1734216946, 55, 57, 76, 6, 0, 0.06%, 8, 0, 11, 376.83
1734216951, 55, 58, 76, 6, 0, 0.06%, 8, 0, 11, 377.63
1734216957, 55, 59, 76, 6, 0, 0.06%, 8, 0, 11, 362.26
1734216962, 55, 60, 76, 6, 0, 0.06%, 8, 0, 11, 364.21
1734216967, 55, 65, 76, 6, 0, 0.06%, 8, 0, 11, 362.95
1734216977, 55, 66, 76, 6, 0, 0.06%, 8, 0, 11, 383.19
1734216982, 55, 67, 76, 6, 0, 0.06%, 8, 0, 11, 401.10
1734216987, 55, 69, 76, 6, 0, 0.06%, 8, 0, 11, 355.66
1734216997, 55, 70, 76, 6, 0, 0.06%, 8, 0, 11, 403.69
1734217002, 56, 45, 76, 6, 0, 0.06%, 8, 0, 11, 384.88
1734217007, 56, 54, 76, 6, 0, 0.06%, 8, 0, 11, 365.77
1734217012, 56, 55, 76, 6, 0, 0.06%, 8, 0, 11, 357.13
1734217017, 56, 57, 76, 6, 0, 0.06%, 8, 0, 11, 354.63
1734217022, 56, 58, 76, 6, 0, 0.06%, 8, 0, 11, 331.39
1734217027, 56, 59, 76, 6, 0, 0.06%, 8, 0, 11, 359.25
1734217032, 56, 60, 76, 6, 0, 0.06%, 8, 0, 11, 383.71
1734217037, 56, 65, 76, 6, 0, 0.06%, 8, 0, 11, 331.46
1734217048, 56, 66, 76, 6, 0, 0.06%, 8, 0, 11, 384.39
1734217053, 56, 67, 76, 6, 0, 0.06%, 8, 0, 11, 406.56
1734217058, 56, 69, 76, 6, 0, 0.06%, 8, 0, 11, 367.76
1734217068, 56, 70, 76, 6, 0, 0.06%, 8, 0, 11, 404.73
1734217073, 57, 45, 76, 6, 0, 0.06%, 8, 0, 11, 409.61
1734217078, 57, 54, 76, 6, 0, 0.06%, 8, 0, 11, 380.56
1734217083, 57, 55, 76, 6, 0, 0.06%, 8, 0, 11, 355.39
1734217088, 57, 56, 76, 6, 0, 0.06%, 8, 0, 11, 340.47
1734217093, 57, 58, 76, 6, 0, 0.06%, 8, 0, 11, 367.25
1734217098, 57, 59, 76, 6, 0, 0.06%, 8, 0, 11, 348.05
1734217103, 57, 60, 76, 6, 0, 0.06%, 8, 0, 11, 343.25
1734217108, 57, 65, 76, 6, 0, 0.06%, 8, 0, 11, 324.63
1734217118, 57, 66, 76, 6, 0, 0.06%, 8, 0, 11, 373.77
1734217124, 57, 67, 76, 6, 0, 0.06%, 8, 0, 11, 323.89
1734217134, 57, 69, 76, 6, 0, 0.06%, 8, 0, 11, 375.91
1734217139, 57, 70, 76, 6, 0, 0.06%, 8, 0, 11, 341.50
1734217149, 58, 45, 76, 6, 0, 0.06%, 8, 0, 11, 359.73
1734217154, 58, 54, 76, 6, 0, 0.06%, 8, 0, 11, 353.95
1734217159, 58, 56, 76, 6, 0, 0.06%, 8, 0, 11, 336.34
1734217164, 58, 57, 76, 6, 0, 0.06%, 8, 0, 11, 377.95
1734217169, 58, 58, 76, 6, 0, 0.06%, 8, 0, 11, 370.10
1734217174, 58, 59, 76, 6, 0, 0.06%, 8, 0, 11, 382.93
1734217179, 58, 60, 76, 6, 0, 0.06%, 8, 0, 11, 385.02
1734217184, 58, 65, 76, 6, 0, 0.06%, 8, 0, 11, 396.69
1734217189, 58, 66, 76, 6, 0, 0.06%, 8, 0, 11, 351.35
1734217199, 58, 67, 76, 6, 0, 0.06%, 8, 0, 11, 399.71
1734217205, 58, 69, 76, 6, 0, 0.06%, 8, 0, 11, 318.74
1734217215, 58, 70, 76, 6, 0, 0.06%, 8, 0, 11, 385.84
1734217220, 59, 45, 76, 6, 0, 0.06%, 8, 0, 11, 386.96
1734217225, 59, 54, 76, 6, 0, 0.06%, 8, 0, 11, 367.98
1734217230, 59, 55, 76, 6, 0, 0.06%, 8, 0, 11, 344.69
1734217235, 59, 57, 76, 6, 0, 0.06%, 8, 0, 11, 350.67
1734217240, 59, 58, 76, 6, 0, 0.06%, 8, 0, 11, 352.69
1734217245, 59, 59, 76, 6, 0, 0.06%, 8, 0, 11, 380.47
1734217250, 59, 60, 76, 6, 0, 0.06%, 8, 0, 11, 384.24
1734217256, 59, 65, 76, 6, 0, 0.06%, 8, 0, 11, 370.72
1734217266, 59, 66, 76, 6, 0, 0.06%, 8, 0, 11, 369.50
1734217271, 59, 67, 76, 6, 0, 0.06%, 8, 0, 11, 363.48
1734217281, 59, 69, 76, 6, 0, 0.06%, 8, 0, 11, 352.75
1734217286, 59, 70, 76, 6, 0, 0.06%, 8, 0, 11, 381.40
1734217291, 60, 45, 76, 6, 0, 0.06%, 8, 0, 11, 342.91
1734217296, 60, 54, 76, 6, 0, 0.06%, 8, 0, 11, 374.63
1734217301, 60, 55, 76, 6, 0, 0.06%, 8, 0, 11, 379.90
1734217306, 60, 56, 76, 6, 0, 0.06%, 8, 0, 11, 364.51
1734217311, 60, 57, 76, 6, 0, 0.06%, 8, 0, 11, 350.86
1734217316, 60, 58, 76, 6, 0, 0.06%, 8, 0, 11, 349.57
1734217322, 60, 59, 76, 6, 0, 0.06%, 8, 0, 11, 360.76
1734217327, 60, 60, 76, 6, 0, 0.06%, 8, 0, 11, 359.47
1734217332, 60, 65, 76, 6, 0, 0.06%, 8, 0, 11, 378.01
1734217337, 60, 66, 76, 6, 0, 0.06%, 8, 0, 11, 375.60
1734217347, 60, 67, 76, 6, 0, 0.06%, 8, 0, 11, 350.74
1734217352, 60, 69, 76, 6, 0, 0.06%, 8, 0, 11, 370.31
1734217362, 60, 70, 76, 6, 0, 0.06%, 8, 0, 11, 368.68
1734217367, 61, 45, 76, 6, 0, 0.06%, 8, 0, 11, 365.36
1734217372, 61, 54, 76, 6, 0, 0.06%, 8, 0, 11, 359.50
1734217377, 61, 55, 76, 6, 0, 0.06%, 8, 0, 11, 353.29
1734217382, 61, 57, 76, 6, 0, 0.06%, 8, 0, 11, 348.52
1734217387, 61, 58, 76, 6, 0, 0.06%, 8, 0, 11, 337.15
1734217393, 61, 59, 76, 6, 0, 0.06%, 8, 0, 11, 376.27
1734217398, 61, 60, 76, 6, 0, 0.06%, 8, 0, 11, 364.38
1734217403, 61, 65, 76, 6, 0, 0.06%, 8, 0, 11, 365.05
1734217413, 61, 66, 76, 6, 0, 0.06%, 8, 0, 11, 379.46
1734217418, 61, 67, 76, 6, 0, 0.06%, 8, 0, 11, 382.10
1734217423, 61, 69, 76, 6, 0, 0.06%, 8, 0, 11, 380.92
1734217433, 61, 70, 76, 6, 0, 0.06%, 8, 0, 11, 392.91
1734217438, 62, 45, 76, 6, 0, 0.06%, 8, 0, 11, 355.47
1734217443, 62, 54, 76, 6, 0, 0.06%, 8, 0, 11, 381.69
1734217448, 62, 55, 76, 6, 0, 0.06%, 8, 0, 11, 363.67
1734217453, 62, 56, 76, 6, 0, 0.06%, 8, 0, 11, 353.69
1734217458, 62, 57, 76, 6, 0, 0.06%, 8, 0, 11, 349.62
1734217463, 62, 58, 76, 6, 0, 0.06%, 8, 0, 11, 379.56
1734217469, 62, 59, 76, 6, 0, 0.06%, 8, 0, 11, 359.36
1734217474, 62, 65, 76, 6, 0, 0.06%, 8, 0, 11, 372.63
1734217484, 62, 66, 76, 6, 0, 0.06%, 8, 0, 11, 379.69
1734217494, 62, 67, 76, 6, 0, 0.06%, 8, 0, 11, 339.17
1734217499, 62, 69, 76, 6, 0, 0.06%, 8, 0, 11, 374.87
1734217504, 62, 70, 76, 6, 0, 0.06%, 8, 0, 11, 374.06
1734217514, 63, 45, 76, 6, 0, 0.06%, 8, 0, 11, 348.71
1734217519, 63, 54, 76, 6, 0, 0.06%, 8, 0, 11, 348.40
1734217524, 63, 56, 76, 6, 0, 0.06%, 8, 0, 11, 346.94
1734217529, 63, 57, 76, 6, 0, 0.06%, 8, 0, 11, 364.35
1734217534, 63, 58, 76, 6, 0, 0.06%, 8, 0, 11, 342.17
1734217539, 63, 59, 76, 6, 0, 0.06%, 8, 0, 11, 395.39
1734217544, 63, 60, 76, 6, 0, 0.06%, 8, 0, 11, 389.97
1734217549, 63, 65, 76, 6, 0, 0.06%, 8, 0, 11, 399.57
1734217560, 63, 66, 76, 6, 0, 0.06%, 8, 0, 11, 344.29
1734217565, 63, 67, 76, 6, 0, 0.06%, 8, 0, 11, 379.08
1734217575, 63, 69, 76, 6, 0, 0.06%, 8, 0, 11, 357.27
1734217580, 63, 70, 76, 6, 0, 0.06%, 8, 0, 11, 404.31
1734217585, 64, 45, 76, 6, 0, 0.06%, 8, 0, 11, 353.47
1734217590, 64, 54, 76, 6, 0, 0.06%, 8, 0, 11, 378.36
1734217595, 64, 55, 76, 6, 0, 0.06%, 8, 0, 11, 376.50
1734217600, 64, 56, 76, 6, 0, 0.06%, 8, 0, 11, 337.84
1734217605, 64, 57, 76, 6, 0, 0.06%, 8, 0, 11, 370.87
1734217610, 64, 58, 76, 6, 0, 0.06%, 8, 0, 11, 385.34
1734217615, 64, 59, 76, 6, 0, 0.06%, 8, 0, 11, 344.78
1734217620, 64, 65, 76, 6, 0, 0.06%, 8, 0, 11, 337.75
1734217630, 64, 66, 76, 6, 0, 0.06%, 8, 0, 11, 396.75
1734217635, 64, 67, 76, 6, 0, 0.06%, 8, 0, 11, 370.69
1734217646, 64, 69, 76, 6, 0, 0.06%, 8, 0, 11, 390.49
1734217651, 64, 70, 76, 6, 0, 0.06%, 8, 0, 11, 333.23
1734217661, 65, 45, 76, 6, 0, 0.06%, 8, 0, 11, 336.11
1734217666, 65, 55, 76, 6, 0, 0.06%, 8, 0, 11, 363.23
1734217671, 65, 56, 76, 6, 0, 0.06%, 8, 0, 11, 374.94
1734217676, 65, 57, 76, 6, 0, 0.06%, 8, 0, 11, 371.44
1734217681, 65, 58, 76, 6, 0, 0.06%, 8, 0, 11, 385.38
1734217686, 65, 59, 76, 6, 0, 0.06%, 8, 0, 11, 363.41
1734217691, 65, 60, 76, 6, 0, 0.06%, 8, 0, 11, 354.94
1734217696, 65, 65, 76, 6, 0, 0.06%, 8, 0, 11, 391.81
1734217701, 65, 66, 76, 6, 0, 0.06%, 8, 0, 11, 364.08
1734217711, 65, 67, 76, 6, 0, 0.06%, 8, 0, 11, 390.94
1734217717, 65, 69, 76, 6, 0, 0.06%, 8, 0, 11, 341.32
1734217727, 65, 70, 76, 6, 0, 0.06%, 8, 0, 11, 360.69
1734217732, 66, 45, 76, 6, 0, 0.06%, 8, 0, 11, 379.40
1734217737, 66, 54, 76, 6, 0, 0.06%, 8, 0, 11, 363.27
1734217742, 66, 55, 76, 6, 0, 0.06%, 8, 0, 11, 355.61
1734217747, 66, 56, 76, 6, 0, 0.06%, 8, 0, 11, 348.35
1734217752, 66, 57, 76, 6, 0, 0.06%, 8, 0, 11, 340.07
1734217757, 66, 59, 76, 6, 0, 0.06%, 8, 0, 11, 394.28
1734217762, 66, 60, 76, 6, 0, 0.06%, 8, 0, 11, 365.64
1734217767, 66, 65, 76, 6, 0, 0.06%, 8, 0, 11, 331.08
1734217777, 66, 66, 76, 6, 0, 0.06%, 8, 0, 11, 363.77
1734217783, 66, 67, 76, 6, 0, 0.06%, 8, 0, 11, 357.96
1734217793, 66, 69, 76, 6, 0, 0.06%, 8, 0, 11, 369.61
1734217798, 66, 70, 76, 6, 0, 0.06%, 8, 0, 11, 398.91
1734217808, 67, 54, 76, 6, 0, 0.06%, 8, 0, 11, 391.34
1734217813, 67, 55, 76, 6, 0, 0.06%, 8, 0, 11, 388.27
1734217818, 67, 56, 76, 6, 0, 0.06%, 8, 0, 11, 357.85
1734217823, 67, 57, 76, 6, 0, 0.06%, 8, 0, 11, 343.11
1734217828, 67, 58, 76, 6, 0, 0.06%, 8, 0, 11, 355.29
1734217833, 67, 59, 76, 6, 0, 0.06%, 8, 0, 11, 352.66
1734217838, 67, 65, 76, 6, 0, 0.06%, 8, 0, 11, 367.50
1734217849, 67, 66, 76, 6, 0, 0.06%, 8, 0, 11, 387.80
1734217859, 67, 67, 76, 6, 0, 0.06%, 8, 0, 11, 376.64
1734217864, 67, 69, 76, 6, 0, 0.06%, 8, 0, 11, 402.83
1734217869, 67, 70, 76, 6, 0, 0.06%, 8, 0, 11, 344.41
1734217879, 68, 45, 76, 6, 0, 0.06%, 8, 0, 11, 352.34
1734217884, 68, 55, 76, 6, 0, 0.06%, 8, 0, 11, 369.10
1734217889, 68, 56, 76, 6, 0, 0.06%, 8, 0, 11, 393.09
1734217894, 68, 57, 76, 6, 0, 0.06%, 8, 0, 11, 366.52
1734217899, 68, 58, 76, 6, 0, 0.06%, 8, 0, 11, 373.44
1734217905, 68, 59, 76, 6, 0, 0.06%, 8, 0, 11, 387.13
1734217910, 68, 60, 76, 6, 0, 0.06%, 8, 0, 11, 355.38
1734217915, 68, 65, 76, 6, 0, 0.06%, 8, 0, 11, 389.02
1734217920, 68, 66, 76, 6, 0, 0.06%, 8, 0, 11, 362.77
1734217930, 68, 67, 76, 6, 0, 0.06%, 8, 0, 11, 368.84
1734217935, 68, 69, 76, 6, 0, 0.06%, 8, 0, 11, 380.53
1734217940, 68, 70, 76, 6, 0, 0.06%, 8, 0, 11, 367.28
1734217950, 69, 45, 76, 6, 0, 0.06%, 8, 0, 11, 362.52
1734217955, 69, 54, 76, 6, 0, 0.06%, 8, 0, 11, 365.60
1734217960, 69, 56, 76, 6, 0, 0.06%, 8, 0, 11, 377.50
1734217965, 69, 57, 76, 6, 0, 0.06%, 8, 0, 11, 361.16
1734217970, 69, 58, 76, 6, 0, 0.06%, 8, 0, 11, 361.58
1734217975, 69, 59, 76, 6, 0, 0.06%, 8, 0, 11, 391.21
1734217980, 69, 60, 76, 6, 0, 0.06%, 8, 0, 11, 361.73
1734217985, 69, 65, 76, 6, 0, 0.06%, 8, 0, 11, 380.79
1734217996, 69, 66, 76, 6, 0, 0.06%, 8, 0, 11, 369.18
1734218001, 69, 67, 76, 6, 0, 0.06%, 8, 0, 11, 381.63
1734218006, 69, 69, 76, 6, 0, 0.06%, 8, 0, 11, 368.03
1734218016, 69, 70, 76, 6, 0, 0.06%, 8, 0, 11, 405.87
1734218021, 70, 45, 76, 6, 0, 0.06%, 8, 0, 11, 400.46
1734218026, 70, 54, 76, 6, 0, 0.06%, 8, 0, 11, 370.70
1734218031, 70, 55, 76, 6, 0, 0.06%, 8, 0, 11, 349.82
1734218036, 70, 56, 76, 6, 0, 0.06%, 8, 0, 11, 357.39
1734218041, 70, 58, 76, 6, 0, 0.06%, 8, 0, 11, 375.87
1734218051, 70, 60, 76, 6, 0, 0.06%, 8, 0, 11, 342.52
1734218056, 70, 65, 76, 6, 0, 0.06%, 8, 0, 11, 334.01
1734218066, 70, 66, 76, 6, 0, 0.06%, 8, 0, 11, 391.24
1734218071, 70, 67, 76, 6, 0, 0.06%, 8, 0, 11, 377.87
1734218082, 70, 69, 76, 6, 0, 0.06%, 8, 0, 11, 355.25
1734218087, 70, 70, 76, 6, 0, 0.06%, 8, 0, 11, 404.94
1734218092, 71, 45, 76, 6, 0, 0.06%, 8, 0, 11, 378.33
1734218097, 71, 54, 76, 6, 0, 0.06%, 8, 0, 11, 381.03
1734218102, 71, 55, 76, 6, 0, 0.06%, 8, 0, 11, 378.81
1734218107, 71, 56, 76, 6, 0, 0.06%, 8, 0, 11, 361.46
1734218112, 71, 57, 76, 6, 0, 0.06%, 8, 0, 11, 351.91
1734218117, 71, 58, 76, 6, 0, 0.06%, 8, 0, 11, 373.32
1734218122, 71, 59, 76, 6, 0, 0.06%, 8, 0, 11, 341.11
1734218127, 71, 60, 76, 6, 0, 0.06%, 8, 0, 11, 357.85
1734218132, 71, 65, 76, 6, 0, 0.06%, 8, 0, 11, 376.09
1734218137, 71, 66, 76, 6, 0, 0.06%, 8, 0, 11, 396.24
1734218147, 71, 67, 76, 6, 0, 0.06%, 8, 0, 11, 368.66
1734218153, 71, 69, 76, 6, 0, 0.06%, 8, 0, 11, 404.96
1734218158, 71, 70, 76, 6, 0, 0.06%, 8, 0, 11, 371.41
1734218168, 72, 54, 76, 6, 0, 0.06%, 8, 0, 11, 349.91
1734218173, 72, 55, 76, 6, 0, 0.06%, 8, 0, 11, 367.20
1734218178, 72, 56, 76, 6, 0, 0.06%, 8, 0, 11, 376.91
1734218183, 72, 57, 76, 6, 0, 0.06%, 8, 0, 11, 365.92
1734218188, 72, 58, 76, 6, 0, 0.06%, 8, 0, 11, 375.86
1734218193, 72, 59, 76, 6, 0, 0.06%, 8, 0, 11, 357.75
1734218198, 72, 60, 76, 6, 0, 0.06%, 8, 0, 11, 362.00
1734218203, 72, 65, 76, 6, 0, 0.06%, 8, 0, 11, 389.34
1734218208, 72, 66, 76, 6, 0, 0.06%, 8, 0, 11, 313.24
1734218219, 72, 67, 76, 6, 0, 0.06%, 8, 0, 11, 373.84
1734218224, 72, 69, 76, 6, 0, 0.06%, 8, 0, 11, 377.58
1734218234, 72, 70, 76, 6, 0, 0.06%, 8, 0, 11, 373.00
1734218239, 73, 45, 76, 6, 0, 0.06%, 8, 0, 11, 371.16
1734218244, 73, 54, 76, 6, 0, 0.06%, 8, 0, 11, 345.73
1734218249, 73, 56, 76, 6, 0, 0.06%, 8, 0, 11, 358.71
1734218254, 73, 57, 76, 6, 0, 0.06%, 8, 0, 11, 368.44
1734218259, 73, 58, 76, 6, 0, 0.06%, 8, 0, 11, 371.96
1734218264, 73, 59, 76, 6, 0, 0.06%, 8, 0, 11, 376.86
1734218269, 73, 60, 76, 6, 0, 0.06%, 8, 0, 11, 366.24
1734218274, 73, 65, 76, 6, 0, 0.06%, 8, 0, 11, 401.00
1734218279, 73, 66, 76, 6, 0, 0.06%, 8, 0, 11, 358.53
1734218290, 73, 67, 76, 6, 0, 0.06%, 8, 0, 11, 375.15
1734218295, 73, 69, 76, 6, 0, 0.06%, 8, 0, 11, 356.74
1734218305, 73, 70, 76, 6, 0, 0.06%, 8, 0, 11, 369.63
1734218310, 74, 45, 76, 6, 0, 0.06%, 8, 0, 11, 368.88
1734218315, 74, 54, 76, 6, 0, 0.06%, 8, 0, 11, 359.21
1734218320, 74, 55, 76, 6, 0, 0.06%, 8, 0, 11, 354.16
1734218325, 74, 57, 76, 6, 0, 0.06%, 8, 0, 11, 359.46
1734218330, 74, 58, 76, 6, 0, 0.06%, 8, 0, 11, 359.78
1734218335, 74, 59, 76, 6, 0, 0.06%, 8, 0, 11, 343.83
1734218340, 74, 60, 76, 6, 0, 0.06%, 8, 0, 11, 358.32
1734218345, 74, 65, 76, 6, 0, 0.06%, 8, 0, 11, 321.59
1734218355, 74, 66, 76, 6, 0, 0.06%, 8, 0, 11, 393.69
1734218361, 74, 67, 76, 6, 0, 0.06%, 8, 0, 11, 315.66
1734218371, 74, 69, 76, 6, 0, 0.06%, 8, 0, 11, 387.33
1734218376, 74, 70, 76, 6, 0, 0.06%, 8, 0, 11, 300.86
1734218386, 75, 54, 76, 6, 0, 0.06%, 8, 0, 11, 353.13
1734218391, 75, 55, 76, 6, 0, 0.06%, 8, 0, 11, 372.86
1734218396, 75, 56, 76, 6, 0, 0.06%, 8, 0, 11, 379.11
1734218401, 75, 57, 76, 6, 0, 0.06%, 8, 0, 11, 380.43
1734218406, 75, 58, 76, 6, 0, 0.06%, 8, 0, 11, 386.52
1734218412, 75, 59, 76, 6, 0, 0.06%, 8, 0, 11, 371.38
1734218417, 75, 60, 76, 6, 0, 0.06%, 8, 0, 11, 371.76
1734218422, 75, 61, 76, 6, 0, 0.06%, 8, 0, 11, 444.80
1734218478, 75, 62, 76, 6, 0, 0.06%, 8, 0, 11, 325.42
1734218518, 75, 63, 76, 6, 0, 0.06%, 8, 0, 11, 358.34
1734218528, 75, 64, 76, 6, 0, 0.06%, 8, 0, 11, 403.51
1734218534, 75, 65, 76, 6, 0, 0.06%, 8, 0, 11, 364.64
1734218544, 75, 66, 76, 6, 0, 0.06%, 8, 0, 11, 399.58
1734218549, 75, 67, 76, 6, 0, 0.06%, 8, 0, 11, 345.79
1734218559, 75, 68, 76, 6, 0, 0.06%, 8, 0, 11, 459.20
1734218641, 75, 69, 76, 6, 0, 0.06%, 8, 0, 11, 352.94
1734218646, 75, 70, 76, 6, 0, 0.06%, 8, 0, 11, 362.82
1734218651, 75, 71, 76, 6, 0, 0.06%, 8, 0, 11, 390.39
1734218757, 75, 72, 76, 6, 0, 0.06%, 8, 0, 11, 420.94
1734218879, 75, 73, 76, 5, 0, 0.06%, 8, 0, 11, 355.14
1734218997, 75, 74, 76, 5, 0, 0.06%, 8, 0, 11, 313.99
1734219078, 75, 75, 76, 5, 0, 0.06%, 8, 0, 11, 450.95
1734219186, 76, 11, 76, 5, 0, 0.06%, 8, 0, 11, 361.73
1734219191, 76, 12, 76, 5, 0, 0.06%, 8, 0, 11, 374.38
1734219196, 76, 13, 76, 5, 0, 0.06%, 8, 0, 11, 331.48
1734219206, 76, 14, 76, 5, 0, 0.06%, 8, 0, 11, 288.16
1734219211, 76, 15, 76, 5, 0, 0.06%, 8, 0, 11, 362.05
1734219221, 76, 16, 76, 5, 0, 0.06%, 8, 0, 11, 282.47
1734219231, 76, 17, 76, 5, 0, 0.06%, 8, 0, 11, 321.41
1734219241, 76, 18, 76, 5, 0, 0.06%, 8, 0, 11, 361.37
1734219252, 76, 20, 76, 5, 0, 0.06%, 8, 0, 11, 317.69
1734219262, 76, 21, 76, 5, 0, 0.06%, 8, 0, 11, 353.18
1734219282, 76, 22, 76, 5, 0, 0.06%, 8, 0, 11, 299.31
1734219328, 76, 23, 76, 4, 0, 0.06%, 8, 0, 11, 384.41
1734219526, 76, 27, 76, 4, 0, 0.06%, 8, 0, 11, 316.19
1734219562, 76, 28, 76, 4, 0, 0.06%, 8, 0, 11, 330.38
1734219577, 76, 29, 76, 4, 0, 0.06%, 8, 0, 11, 283.69
1734219629, 76, 30, 76, 4, 0, 0.06%, 8, 0, 11, 348.77
1734219649, 76, 31, 76, 4, 0, 0.06%, 8, 0, 11, 392.64
1734219664, 76, 32, 76, 4, 0, 0.06%, 8, 0, 11, 376.97
1734219813, 76, 33, 76, 4, 0, 0.06%, 8, 0, 11, 391.28
1734219919, 76, 34, 76, 4, 0, 0.06%, 8, 0, 11, 402.67
1734219934, 76, 35, 76, 4, 0, 0.06%, 8, 0, 11, 346.78
1734220026, 76, 36, 76, 3, 0, 0.06%, 8, 0, 11, 329.27
1734220031, 76, 37, 76, 3, 0, 0.06%, 8, 0, 11, 344.11
1734220036, 76, 38, 76, 3, 0, 0.06%, 8, 0, 11, 363.16
1734220041, 76, 39, 76, 3, 0, 0.06%, 8, 0, 11, 338.30
1734220047, 76, 40, 76, 3, 0, 0.06%, 8, 0, 11, 300.60
1734220052, 76, 41, 76, 3, 0, 0.06%, 8, 0, 11, 349.75
1734220067, 76, 43, 76, 3, 0, 0.06%, 8, 0, 11, 349.08
1734220087, 76, 44, 76, 3, 0, 0.06%, 8, 0, 11, 375.79
1734220092, 76, 45, 76, 3, 0, 0.06%, 8, 0, 11, 361.50
1734220097, 76, 46, 76, 3, 0, 0.06%, 8, 0, 11, 314.33
1734220103, 76, 47, 76, 3, 0, 0.06%, 8, 0, 11, 372.55
1734220108, 76, 48, 76, 3, 0, 0.06%, 8, 0, 11, 334.88
1734220118, 76, 49, 76, 3, 0, 0.06%, 8, 0, 11, 358.25
1734220123, 76, 50, 76, 3, 0, 0.06%, 8, 0, 11, 363.34
1734220128, 76, 51, 76, 3, 0, 0.06%, 8, 0, 11, 293.40
1734220138, 76, 52, 76, 3, 0, 0.06%, 8, 0, 11, 356.14
1734220143, 76, 53, 76, 3, 0, 0.06%, 8, 0, 11, 418.90
1734220164, 76, 55, 76, 3, 0, 0.06%, 8, 0, 11, 377.88
1734220169, 76, 56, 76, 3, 0, 0.06%, 8, 0, 11, 383.59
1734220174, 76, 57, 76, 3, 0, 0.06%, 8, 0, 11, 383.90
1734220179, 76, 58, 76, 3, 0, 0.06%, 8, 0, 11, 393.80
1734220184, 76, 59, 76, 3, 0, 0.06%, 8, 0, 11, 365.99
1734220189, 76, 60, 76, 3, 0, 0.06%, 8, 0, 11, 357.71
1734220194, 76, 61, 76, 3, 0, 0.06%, 8, 0, 11, 378.76
1734220204, 76, 62, 76, 3, 0, 0.06%, 8, 0, 11, 359.81
1734220209, 76, 63, 76, 3, 0, 0.06%, 8, 0, 11, 331.86
1734220219, 76, 64, 76, 3, 0, 0.06%, 8, 0, 11, 329.69
1734220225, 76, 65, 76, 3, 0, 0.06%, 8, 0, 11, 380.52
1734220230, 76, 66, 76, 3, 0, 0.06%, 8, 0, 11, 374.67
1734220235, 76, 67, 76, 3, 0, 0.06%, 8, 0, 11, 384.15
1734220245, 76, 68, 76, 3, 0, 0.06%, 8, 0, 11, 385.28
1734220260, 76, 69, 76, 3, 0, 0.06%, 8, 0, 11, 321.64
1734220270, 76, 70, 76, 3, 0, 0.06%, 8, 0, 11, 390.92
1734220275, 76, 71, 76, 3, 0, 0.06%, 8, 0, 11, 327.13
1734220286, 76, 73, 76, 3, 0, 0.06%, 8, 0, 11, 304.19
1734220306, 76, 74, 76, 3, 0, 0.06%, 8, 0, 11, 329.79
1734220321, 76, 75, 76, 3, 0, 0.06%, 8, 0, 11, 347.85
1734220341, 77, 19, 76, 3, 0, 0.06%, 8, 0, 11, 322.91
1734220346, 77, 23, 76, 3, 0, 0.06%, 8, 0, 11, 321.09
1734220357, 77, 29, 76, 3, 0, 0.06%, 8, 0, 11, 339.13
1734220362, 77, 30, 76, 3, 0, 0.06%, 8, 0, 11, 332.00
1734220367, 77, 31, 76, 3, 0, 0.06%, 8, 0, 11, 317.23
1734220377, 77, 32, 76, 3, 0, 0.06%, 8, 0, 11, 321.36
1734220397, 77, 33, 76, 3, 0, 0.06%, 8, 0, 11, 380.22
1734220412, 77, 34, 76, 3, 0, 0.06%, 8, 0, 11, 327.29
1734220433, 77, 35, 76, 3, 0, 0.06%, 8, 0, 11, 352.57
1734220453, 77, 36, 76, 3, 0, 0.06%, 8, 0, 11, 330.42
1734220458, 77, 37, 76, 3, 0, 0.06%, 8, 0, 11, 337.17
1734220463, 77, 38, 76, 3, 0, 0.06%, 8, 0, 11, 357.47
1734220468, 77, 39, 76, 3, 0, 0.06%, 8, 0, 11, 342.71
1734220473, 77, 40, 76, 3, 0, 0.06%, 8, 0, 11, 306.05
1734220483, 77, 41, 76, 3, 0, 0.06%, 8, 0, 11, 311.41
1734220488, 77, 42, 76, 3, 0, 0.06%, 8, 0, 11, 350.19
1734220493, 77, 43, 76, 3, 0, 0.06%, 8, 0, 11, 380.09
1734220504, 77, 44, 76, 3, 0, 0.06%, 8, 0, 11, 343.53
1734220509, 77, 46, 76, 3, 0, 0.06%, 8, 0, 11, 341.62
1734220514, 77, 47, 76, 3, 0, 0.06%, 8, 0, 11, 350.86
1734220519, 77, 48, 76, 3, 0, 0.06%, 8, 0, 11, 364.61
1734220524, 77, 49, 76, 3, 0, 0.06%, 8, 0, 11, 339.37
1734220529, 77, 50, 76, 3, 0, 0.06%, 8, 0, 11, 345.76
1734220534, 77, 51, 76, 3, 0, 0.06%, 8, 0, 11, 289.85
1734220544, 77, 53, 76, 3, 0, 0.06%, 8, 0, 11, 355.39
1734220560, 77, 54, 76, 3, 0, 0.06%, 8, 0, 11, 370.33
1734220565, 77, 55, 76, 3, 0, 0.06%, 8, 0, 11, 344.32
1734220570, 77, 56, 76, 3, 0, 0.06%, 8, 0, 11, 338.64
1734220575, 77, 57, 76, 3, 0, 0.06%, 8, 0, 11, 357.35
1734220580, 77, 58, 76, 3, 0, 0.06%, 8, 0, 11, 366.18
1734220585, 77, 60, 76, 3, 0, 0.06%, 8, 0, 11, 338.32
1734220590, 77, 61, 76, 3, 0, 0.06%, 8, 0, 11, 333.65
1734220595, 77, 62, 76, 3, 0, 0.06%, 8, 0, 11, 332.57
1734220605, 77, 63, 76, 3, 0, 0.06%, 8, 0, 11, 333.20
1734220610, 77, 64, 76, 3, 0, 0.06%, 8, 0, 11, 323.63
1734220615, 77, 65, 76, 3, 0, 0.06%, 8, 0, 11, 338.57
1734220625, 77, 66, 76, 3, 0, 0.06%, 8, 0, 11, 391.13
1734220630, 77, 67, 76, 3, 0, 0.06%, 8, 0, 11, 327.99
1734220641, 77, 68, 76, 3, 0, 0.06%, 8, 0, 11, 376.79
1734220646, 77, 69, 76, 3, 0, 0.06%, 8, 0, 11, 403.12
1734220651, 77, 70, 76, 3, 0, 0.06%, 8, 0, 11, 344.44
1734220661, 77, 71, 76, 3, 0, 0.06%, 8, 0, 11, 318.47
1734220671, 77, 73, 76, 3, 0, 0.06%, 8, 0, 11, 386.76
1734220691, 77, 74, 76, 3, 0, 0.06%, 8, 0, 11, 349.13
1734220696, 77, 75, 76, 3, 0, 0.06%, 8, 0, 11, 328.75
1734220717, 78, 19, 76, 3, 0, 0.06%, 8, 0, 11, 338.34
1734220722, 78, 23, 76, 3, 0, 0.06%, 8, 0, 11, 339.69
1734220732, 78, 29, 76, 3, 0, 0.06%, 8, 0, 11, 352.12
1734220737, 78, 30, 76, 3, 0, 0.06%, 8, 0, 11, 327.32
1734220742, 78, 31, 76, 3, 0, 0.06%, 8, 0, 11, 349.48
1734220747, 78, 32, 76, 3, 0, 0.06%, 8, 0, 11, 370.16
1734220757, 78, 33, 76, 3, 0, 0.06%, 8, 0, 11, 355.36
1734220762, 78, 34, 76, 3, 0, 0.06%, 8, 0, 11, 337.20
1734220772, 78, 35, 76, 3, 0, 0.06%, 8, 0, 11, 318.98
1734220793, 78, 36, 76, 3, 0, 0.06%, 8, 0, 11, 337.84
1734220798, 78, 37, 76, 3, 0, 0.06%, 8, 0, 11, 356.67
1734220803, 78, 38, 76, 3, 0, 0.06%, 8, 0, 11, 355.61
1734220808, 78, 39, 76, 3, 0, 0.06%, 8, 0, 11, 330.30
1734220813, 78, 40, 76, 3, 0, 0.06%, 8, 0, 11, 347.33
1734220823, 78, 41, 76, 3, 0, 0.06%, 8, 0, 11, 333.13
1734220828, 78, 42, 76, 3, 0, 0.06%, 8, 0, 11, 350.35
1734220833, 78, 43, 76, 3, 0, 0.06%, 8, 0, 11, 364.26
1734220839, 78, 44, 76, 3, 0, 0.06%, 8, 0, 11, 346.76
1734220844, 78, 45, 76, 3, 0, 0.06%, 8, 0, 11, 344.53
1734220849, 78, 46, 76, 3, 0, 0.06%, 8, 0, 11, 318.56
1734220854, 78, 47, 76, 3, 0, 0.06%, 8, 0, 11, 336.38
1734220859, 78, 49, 76, 3, 0, 0.06%, 8, 0, 11, 384.67
1734220864, 78, 50, 76, 3, 0, 0.06%, 8, 0, 11, 383.90
1734220869, 78, 51, 76, 3, 0, 0.06%, 8, 0, 11, 345.97
1734220879, 78, 52, 76, 3, 0, 0.06%, 8, 0, 11, 369.32
1734220884, 78, 53, 76, 3, 0, 0.06%, 8, 0, 11, 316.31
1734220894, 78, 54, 76, 3, 0, 0.06%, 8, 0, 11, 394.41
1734220900, 78, 55, 76, 3, 0, 0.06%, 8, 0, 11, 370.97
1734220905, 78, 56, 76, 3, 0, 0.06%, 8, 0, 11, 361.67
1734220910, 78, 57, 76, 3, 0, 0.06%, 8, 0, 11, 364.86
1734220915, 78, 58, 76, 3, 0, 0.06%, 8, 0, 11, 353.49
1734220920, 78, 60, 76, 3, 0, 0.06%, 8, 0, 11, 359.87
1734220925, 78, 61, 76, 3, 0, 0.06%, 8, 0, 11, 342.02
1734220930, 78, 62, 76, 3, 0, 0.06%, 8, 0, 11, 350.31
1734220935, 78, 63, 76, 3, 0, 0.06%, 8, 0, 11, 335.92
1734220940, 78, 64, 76, 3, 0, 0.06%, 8, 0, 11, 323.94
1734220945, 78, 65, 76, 3, 0, 0.06%, 8, 0, 11, 353.43
1734220956, 78, 66, 76, 3, 0, 0.06%, 8, 0, 11, 384.25
1734220961, 78, 67, 76, 3, 0, 0.06%, 8, 0, 11, 350.84
1734220971, 78, 68, 76, 3, 0, 0.06%, 8, 0, 11, 354.07
1734220976, 78, 69, 76, 3, 0, 0.06%, 8, 0, 11, 377.43
1734220981, 78, 70, 76, 3, 0, 0.06%, 8, 0, 11, 326.14
1734220991, 78, 71, 76, 3, 0, 0.06%, 8, 0, 11, 316.98
1734221001, 78, 73, 76, 3, 0, 0.06%, 8, 0, 11, 382.92
1734221012, 78, 74, 76, 3, 0, 0.06%, 8, 0, 11, 369.71
1734221017, 78, 75, 76, 3, 0, 0.06%, 8, 0, 11, 364.05
1734221032, 79, 11, 76, 3, 0, 0.06%, 8, 0, 11, 323.61
1734221037, 79, 21, 76, 3, 0, 0.06%, 8, 0, 11, 329.20
1734221042, 79, 23, 76, 3, 0, 0.06%, 8, 0, 11, 316.81
1734221047, 79, 29, 76, 3, 0, 0.06%, 8, 0, 11, 314.85
1734221052, 79, 30, 76, 3, 0, 0.06%, 8, 0, 11, 309.45
1734221057, 79, 31, 76, 3, 0, 0.06%, 8, 0, 11, 312.27
1734221062, 79, 32, 76, 3, 0, 0.06%, 8, 0, 11, 347.80
1734221073, 79, 33, 76, 3, 0, 0.06%, 8, 0, 11, 337.43
1734221078, 79, 34, 76, 3, 0, 0.06%, 8, 0, 11, 343.36
1734221083, 79, 35, 76, 3, 0, 0.06%, 8, 0, 11, 360.78
1734221088, 79, 36, 76, 3, 0, 0.06%, 8, 0, 11, 361.85
1734221093, 79, 37, 76, 3, 0, 0.06%, 8, 0, 11, 352.00
1734221098, 79, 38, 76, 3, 0, 0.06%, 8, 0, 11, 346.40
1734221108, 79, 39, 76, 3, 0, 0.06%, 8, 0, 11, 325.23
1734221113, 79, 40, 76, 3, 0, 0.06%, 8, 0, 11, 349.59
1734221119, 79, 41, 76, 3, 0, 0.06%, 8, 0, 11, 328.39
1734221124, 79, 42, 76, 3, 0, 0.06%, 8, 0, 11, 345.23
1734221129, 79, 43, 76, 3, 0, 0.06%, 8, 0, 11, 313.16
1734221139, 79, 45, 76, 3, 0, 0.06%, 8, 0, 11, 377.55
1734221144, 79, 46, 76, 3, 0, 0.06%, 8, 0, 11, 318.18
1734221149, 79, 47, 76, 3, 0, 0.06%, 8, 0, 11, 359.23
1734221154, 79, 48, 76, 3, 0, 0.06%, 8, 0, 11, 343.51
1734221159, 79, 49, 76, 3, 0, 0.06%, 8, 0, 11, 349.46
1734221164, 79, 50, 76, 3, 0, 0.06%, 8, 0, 11, 326.50
1734221169, 79, 51, 76, 3, 0, 0.06%, 8, 0, 11, 271.36
1734221174, 79, 52, 76, 3, 0, 0.06%, 8, 0, 11, 355.26
1734221179, 79, 53, 76, 3, 0, 0.06%, 8, 0, 11, 391.02
1734221194, 79, 54, 76, 3, 0, 0.06%, 8, 0, 11, 358.31
1734221199, 79, 55, 76, 3, 0, 0.06%, 8, 0, 11, 363.16
1734221204, 79, 57, 76, 3, 0, 0.06%, 8, 0, 11, 354.37
1734221209, 79, 58, 76, 3, 0, 0.06%, 8, 0, 11, 341.36
1734221214, 79, 59, 76, 3, 0, 0.06%, 8, 0, 11, 387.04
1734221220, 79, 60, 76, 3, 0, 0.06%, 8, 0, 11, 380.26
1734221225, 79, 61, 76, 3, 0, 0.06%, 8, 0, 11, 379.10
1734221230, 79, 62, 76, 3, 0, 0.06%, 8, 0, 11, 355.16
1734221235, 79, 63, 76, 3, 0, 0.06%, 8, 0, 11, 350.95
1734221240, 79, 64, 76, 3, 0, 0.06%, 8, 0, 11, 376.07
1734221245, 79, 65, 76, 3, 0, 0.06%, 8, 0, 11, 367.63
1734221255, 79, 66, 76, 3, 0, 0.06%, 8, 0, 11, 364.27
1734221260, 79, 67, 76, 3, 0, 0.06%, 8, 0, 11, 393.59
1734221265, 79, 68, 76, 3, 0, 0.06%, 8, 0, 11, 365.95
1734221270, 79, 69, 76, 3, 0, 0.06%, 8, 0, 11, 365.58
1734221280, 79, 70, 76, 3, 0, 0.06%, 8, 0, 11, 386.20
1734221286, 79, 71, 76, 3, 0, 0.06%, 8, 0, 11, 338.75
1734221291, 79, 73, 76, 3, 0, 0.06%, 8, 0, 11, 332.59
1734221301, 79, 74, 76, 3, 0, 0.06%, 8, 0, 11, 304.81
1734221311, 79, 75, 76, 3, 0, 0.06%, 8, 0, 11, 379.25
1734221326, 80, 11, 76, 3, 0, 0.06%, 8, 0, 11, 315.08
1734221331, 80, 21, 76, 3, 0, 0.06%, 8, 0, 11, 324.88
1734221336, 80, 23, 76, 3, 0, 0.06%, 8, 0, 11, 329.91
1734221341, 80, 29, 76, 3, 0, 0.06%, 8, 0, 11, 348.24
1734221346, 80, 30, 76, 3, 0, 0.06%, 8, 0, 11, 365.50
1734221351, 80, 31, 76, 3, 0, 0.06%, 8, 0, 11, 352.87
1734221357, 80, 32, 76, 3, 0, 0.06%, 8, 0, 11, 344.22
1734221362, 80, 33, 76, 3, 0, 0.06%, 8, 0, 11, 341.75
1734221367, 80, 34, 76, 3, 0, 0.06%, 8, 0, 11, 315.80
1734221372, 80, 35, 76, 3, 0, 0.06%, 8, 0, 11, 340.26
1734221382, 80, 36, 76, 3, 0, 0.06%, 8, 0, 11, 336.52
1734221387, 80, 37, 76, 3, 0, 0.06%, 8, 0, 11, 349.88
1734221392, 80, 38, 76, 3, 0, 0.06%, 8, 0, 11, 356.42
1734221397, 80, 39, 76, 3, 0, 0.06%, 8, 0, 11, 347.26
1734221402, 80, 40, 76, 3, 0, 0.06%, 8, 0, 11, 331.93
1734221407, 80, 41, 76, 3, 0, 0.06%, 8, 0, 11, 314.08
1734221417, 80, 42, 76, 3, 0, 0.06%, 8, 0, 11, 315.14
1734221422, 80, 43, 76, 3, 0, 0.06%, 8, 0, 11, 344.15
1734221427, 80, 44, 76, 3, 0, 0.06%, 8, 0, 11, 346.69
1734221432, 80, 46, 76, 3, 0, 0.06%, 8, 0, 11, 352.11
1734221437, 80, 47, 76, 3, 0, 0.06%, 8, 0, 11, 294.59
1734221442, 80, 48, 76, 3, 0, 0.06%, 8, 0, 11, 377.65
1734221447, 80, 49, 76, 3, 0, 0.06%, 8, 0, 11, 369.17
1734221452, 80, 50, 76, 3, 0, 0.06%, 8, 0, 11, 375.51
1734221458, 80, 51, 76, 3, 0, 0.06%, 8, 0, 11, 291.89
1734221468, 80, 53, 76, 3, 0, 0.06%, 8, 0, 11, 384.35
1734221483, 80, 54, 76, 3, 0, 0.06%, 8, 0, 11, 372.93
1734221488, 80, 55, 76, 3, 0, 0.06%, 8, 0, 11, 355.17
1734221493, 80, 57, 76, 3, 0, 0.06%, 8, 0, 11, 349.76
1734221498, 80, 58, 76, 3, 0, 0.06%, 8, 0, 11, 344.88
1734221503, 80, 59, 76, 3, 0, 0.06%, 8, 0, 11, 347.82
1734221508, 80, 60, 76, 3, 0, 0.06%, 8, 0, 11, 369.36
1734221513, 80, 61, 76, 3, 0, 0.06%, 8, 0, 11, 358.79
1734221518, 80, 62, 76, 3, 0, 0.06%, 8, 0, 11, 363.94
1734221523, 80, 63, 76, 3, 0, 0.06%, 8, 0, 11, 363.17
1734221528, 80, 64, 76, 3, 0, 0.06%, 8, 0, 11, 369.24
1734221534, 80, 65, 76, 3, 0, 0.06%, 8, 0, 11, 311.34
1734221544, 80, 66, 76, 3, 0, 0.06%, 8, 0, 11, 375.81
1734221549, 80, 67, 76, 3, 0, 0.06%, 8, 0, 11, 312.15
1734221559, 80, 68, 76, 3, 0, 0.06%, 8, 0, 11, 359.33
1734221564, 80, 69, 76, 3, 0, 0.06%, 8, 0, 11, 381.72
1734221569, 80, 70, 76, 3, 0, 0.06%, 8, 0, 11, 327.46
1734221579, 80, 71, 76, 3, 0, 0.06%, 8, 0, 11, 335.55
1734221584, 80, 73, 76, 3, 0, 0.06%, 8, 0, 11, 360.01
1734221594, 80, 74, 76, 3, 0, 0.06%, 8, 0, 11, 371.45
1734221599, 80, 75, 76, 3, 0, 0.06%, 8, 0, 11, 388.07
1734221614, 81, 11, 76, 3, 0, 0.06%, 8, 0, 11, 340.29
1734221619, 81, 21, 76, 3, 0, 0.06%, 8, 0, 11, 330.45
1734221624, 81, 23, 76, 3, 0, 0.06%, 8, 0, 11, 329.58
1734221630, 81, 29, 76, 3, 0, 0.06%, 8, 0, 11, 347.36
1734221635, 81, 30, 76, 3, 0, 0.06%, 8, 0, 11, 358.50
1734221640, 81, 31, 76, 3, 0, 0.06%, 8, 0, 11, 350.43
1734221645, 81, 32, 76, 3, 0, 0.06%, 8, 0, 11, 340.14
1734221650, 81, 33, 76, 3, 0, 0.06%, 8, 0, 11, 320.60
1734221655, 81, 34, 76, 3, 0, 0.06%, 8, 0, 11, 327.20
1734221660, 81, 35, 76, 3, 0, 0.06%, 8, 0, 11, 339.01
1734221665, 81, 36, 76, 3, 0, 0.06%, 8, 0, 11, 351.07
1734221675, 81, 37, 76, 3, 0, 0.06%, 8, 0, 11, 325.96
1734221680, 81, 38, 76, 3, 0, 0.06%, 8, 0, 11, 339.37
1734221685, 81, 39, 76, 3, 0, 0.06%, 8, 0, 11, 346.29
1734221690, 81, 40, 76, 3, 0, 0.06%, 8, 0, 11, 345.74
1734221696, 81, 41, 76, 3, 0, 0.06%, 8, 0, 11, 345.61
1734221701, 81, 42, 76, 3, 0, 0.06%, 8, 0, 11, 318.96
1734221706, 81, 43, 76, 3, 0, 0.06%, 8, 0, 11, 317.90
1734221716, 81, 45, 76, 3, 0, 0.06%, 8, 0, 11, 355.02
1734221721, 81, 46, 76, 3, 0, 0.06%, 8, 0, 11, 314.38
1734221726, 81, 47, 76, 3, 0, 0.06%, 8, 0, 11, 362.55
1734221731, 81, 48, 76, 3, 0, 0.06%, 8, 0, 11, 345.48
1734221736, 81, 49, 76, 3, 0, 0.06%, 8, 0, 11, 348.16
1734221741, 81, 50, 76, 3, 0, 0.06%, 8, 0, 11, 347.79
1734221746, 81, 51, 76, 3, 0, 0.06%, 8, 0, 11, 279.32
1734221756, 81, 53, 76, 3, 0, 0.06%, 8, 0, 11, 375.34
1734221771, 81, 54, 76, 3, 0, 0.06%, 8, 0, 11, 368.05
1734221776, 81, 55, 76, 3, 0, 0.06%, 8, 0, 11, 346.92
1734221782, 81, 56, 76, 3, 0, 0.06%, 8, 0, 11, 345.95
1734221787, 81, 57, 76, 3, 0, 0.06%, 8, 0, 11, 355.19
1734221792, 81, 58, 76, 3, 0, 0.06%, 8, 0, 11, 321.69
1734221797, 81, 59, 76, 3, 0, 0.06%, 8, 0, 11, 333.90
1734221802, 81, 61, 76, 3, 0, 0.06%, 8, 0, 11, 365.41
1734221807, 81, 62, 76, 3, 0, 0.06%, 8, 0, 11, 342.98
1734221812, 81, 63, 76, 3, 0, 0.06%, 8, 0, 11, 324.71
1734221817, 81, 64, 76, 3, 0, 0.06%, 8, 0, 11, 354.68
1734221822, 81, 65, 76, 3, 0, 0.06%, 8, 0, 11, 358.97
1734221832, 81, 66, 76, 3, 0, 0.06%, 8, 0, 11, 362.86
1734221842, 81, 67, 76, 3, 0, 0.06%, 8, 0, 11, 349.27
1734221848, 81, 68, 76, 3, 0, 0.06%, 8, 0, 11, 325.56
1734221853, 81, 69, 76, 3, 0, 0.06%, 8, 0, 11, 360.75
1734221863, 81, 70, 76, 3, 0, 0.06%, 8, 0, 11, 376.81
1734221868, 81, 71, 76, 3, 0, 0.06%, 8, 0, 11, 331.16
1734221873, 81, 73, 76, 3, 0, 0.06%, 8, 0, 11, 306.82
1734221878, 81, 74, 76, 3, 0, 0.06%, 8, 0, 11, 336.24
1734221883, 81, 75, 76, 3, 0, 0.06%, 8, 0, 11, 328.74
1734221903, 82, 19, 76, 3, 0, 0.06%, 8, 0, 11, 318.43
1734221908, 82, 21, 76, 3, 0, 0.06%, 8, 0, 11, 310.74
1734221914, 82, 23, 76, 3, 0, 0.06%, 8, 0, 11, 363.24
1734221919, 82, 29, 76, 3, 0, 0.06%, 8, 0, 11, 340.99
1734221924, 82, 30, 76, 3, 0, 0.06%, 8, 0, 11, 325.42
1734221929, 82, 31, 76, 3, 0, 0.06%, 8, 0, 11, 341.42
1734221934, 82, 32, 76, 3, 0, 0.06%, 8, 0, 11, 357.87
1734221939, 82, 33, 76, 3, 0, 0.06%, 8, 0, 11, 357.89
1734221944, 82, 34, 76, 3, 0, 0.06%, 8, 0, 11, 356.36
1734221949, 82, 35, 76, 3, 0, 0.06%, 8, 0, 11, 357.65
1734221955, 82, 36, 76, 3, 0, 0.06%, 8, 0, 11, 343.42
1734221960, 82, 37, 76, 3, 0, 0.06%, 8, 0, 11, 332.89
1734221965, 82, 38, 76, 3, 0, 0.06%, 8, 0, 11, 314.89
1734221975, 82, 39, 76, 3, 0, 0.06%, 8, 0, 11, 331.40
1734221980, 82, 40, 76, 3, 0, 0.06%, 8, 0, 11, 344.03
1734221985, 82, 41, 76, 3, 0, 0.06%, 8, 0, 11, 331.51
1734221990, 82, 42, 76, 3, 0, 0.06%, 8, 0, 11, 368.99
1734221995, 82, 43, 76, 3, 0, 0.06%, 8, 0, 11, 355.88
1734222000, 82, 44, 76, 3, 0, 0.06%, 8, 0, 11, 384.62
1734222005, 82, 45, 76, 3, 0, 0.06%, 8, 0, 11, 365.49
1734222010, 82, 46, 76, 3, 0, 0.06%, 8, 0, 11, 314.10
1734222015, 82, 47, 76, 3, 0, 0.06%, 8, 0, 11, 347.31
1734222020, 82, 48, 76, 3, 0, 0.06%, 8, 0, 11, 347.15
1734222026, 82, 50, 76, 3, 0, 0.06%, 8, 0, 11, 349.52
1734222031, 82, 51, 76, 3, 0, 0.06%, 8, 0, 11, 388.34
1734222041, 82, 52, 76, 3, 0, 0.06%, 8, 0, 11, 360.98
1734222046, 82, 53, 76, 3, 0, 0.06%, 8, 0, 11, 385.33
1734222061, 82, 55, 76, 3, 0, 0.06%, 8, 0, 11, 361.71
1734222066, 82, 56, 76, 3, 0, 0.06%, 8, 0, 11, 371.44
1734222071, 82, 57, 76, 3, 0, 0.06%, 8, 0, 11, 381.49
1734222077, 82, 58, 76, 3, 0, 0.06%, 8, 0, 11, 369.28
1734222082, 82, 59, 76, 3, 0, 0.06%, 8, 0, 11, 378.12
1734222087, 82, 60, 76, 3, 0, 0.06%, 8, 0, 11, 355.93
1734222092, 82, 61, 76, 3, 0, 0.06%, 8, 0, 11, 359.48
1734222097, 82, 62, 76, 3, 0, 0.06%, 8, 0, 11, 337.55
1734222102, 82, 63, 76, 3, 0, 0.06%, 8, 0, 11, 338.37
1734222107, 82, 64, 76, 3, 0, 0.06%, 8, 0, 11, 365.60
1734222112, 82, 65, 76, 3, 0, 0.06%, 8, 0, 11, 370.46
1734222117, 82, 66, 76, 3, 0, 0.06%, 8, 0, 11, 357.33
1734222127, 82, 67, 76, 3, 0, 0.06%, 8, 0, 11, 380.37
1734222137, 82, 68, 76, 3, 0, 0.06%, 8, 0, 11, 350.18
1734222142, 82, 69, 76, 3, 0, 0.06%, 8, 0, 11, 358.01
1734222147, 82, 70, 76, 3, 0, 0.06%, 8, 0, 11, 379.54
1734222158, 82, 71, 76, 3, 0, 0.06%, 8, 0, 11, 318.58
1734222163, 82, 73, 76, 3, 0, 0.06%, 8, 0, 11, 324.00
1734222168, 82, 74, 76, 3, 0, 0.06%, 8, 0, 11, 349.19
1734222173, 82, 75, 76, 3, 0, 0.06%, 8, 0, 11, 376.43
1734222188, 83, 11, 76, 3, 0, 0.06%, 8, 0, 11, 299.79
1734222193, 83, 21, 76, 3, 0, 0.06%, 8, 0, 11, 328.59
1734222198, 83, 23, 76, 3, 0, 0.06%, 8, 0, 11, 316.42
1734222203, 83, 29, 76, 3, 0, 0.06%, 8, 0, 11, 320.79
1734222208, 83, 30, 76, 3, 0, 0.06%, 8, 0, 11, 354.37
1734222213, 83, 31, 76, 3, 0, 0.06%, 8, 0, 11, 315.79
1734222218, 83, 32, 76, 3, 0, 0.06%, 8, 0, 11, 336.79
1734222229, 83, 33, 76, 3, 0, 0.06%, 8, 0, 11, 331.11
1734222234, 83, 34, 76, 3, 0, 0.06%, 8, 0, 11, 344.24
1734222239, 83, 35, 76, 3, 0, 0.06%, 8, 0, 11, 332.32
1734222244, 83, 36, 76, 3, 0, 0.06%, 8, 0, 11, 353.59
1734222249, 83, 37, 76, 3, 0, 0.06%, 8, 0, 11, 331.89
1734222254, 83, 38, 76, 3, 0, 0.06%, 8, 0, 11, 346.82
1734222259, 83, 39, 76, 3, 0, 0.06%, 8, 0, 11, 332.87
1734222264, 83, 40, 76, 3, 0, 0.06%, 8, 0, 11, 323.63
1734222274, 83, 41, 76, 3, 0, 0.06%, 8, 0, 11, 318.16
1734222279, 83, 42, 76, 3, 0, 0.06%, 8, 0, 11, 343.53
1734222284, 83, 43, 76, 3, 0, 0.06%, 8, 0, 11, 349.08
1734222289, 83, 44, 76, 3, 0, 0.06%, 8, 0, 11, 366.51
1734222294, 83, 45, 76, 3, 0, 0.06%, 8, 0, 11, 345.58
1734222300, 83, 46, 76, 3, 0, 0.06%, 8, 0, 11, 305.88
1734222305, 83, 48, 76, 3, 0, 0.06%, 8, 0, 11, 346.37
1734222310, 83, 49, 76, 3, 0, 0.06%, 8, 0, 11, 392.69
1734222315, 83, 50, 76, 3, 0, 0.06%, 8, 0, 11, 379.66
1734222320, 83, 51, 76, 3, 0, 0.06%, 8, 0, 11, 337.44
1734222330, 83, 52, 76, 3, 0, 0.06%, 8, 0, 11, 355.27
1734222335, 83, 53, 76, 3, 0, 0.06%, 8, 0, 11, 321.66
1734222345, 83, 54, 76, 3, 0, 0.06%, 8, 0, 11, 396.38
1734222350, 83, 55, 76, 3, 0, 0.06%, 8, 0, 11, 378.88
1734222355, 83, 56, 76, 3, 0, 0.06%, 8, 0, 11, 355.04
1734222361, 83, 57, 76, 3, 0, 0.06%, 8, 0, 11, 373.29
1734222366, 83, 58, 76, 3, 0, 0.06%, 8, 0, 11, 357.33
1734222371, 83, 59, 76, 3, 0, 0.06%, 8, 0, 11, 355.52
1734222376, 83, 60, 76, 3, 0, 0.06%, 8, 0, 11, 346.74
1734222381, 83, 61, 76, 3, 0, 0.06%, 8, 0, 11, 341.68
1734222386, 83, 63, 76, 3, 0, 0.06%, 8, 0, 11, 326.95
1734222396, 83, 64, 76, 3, 0, 0.06%, 8, 0, 11, 347.10
1734222401, 83, 65, 76, 3, 0, 0.06%, 8, 0, 11, 367.69
1734222406, 83, 66, 76, 3, 0, 0.06%, 8, 0, 11, 370.87
1734222416, 83, 67, 76, 3, 0, 0.06%, 8, 0, 11, 388.96
1734222421, 83, 68, 76, 3, 0, 0.06%, 8, 0, 11, 376.08
1734222426, 83, 69, 76, 3, 0, 0.06%, 8, 0, 11, 373.95
1734222436, 83, 70, 76, 3, 0, 0.06%, 8, 0, 11, 376.90
1734222441, 83, 71, 76, 3, 0, 0.06%, 8, 0, 11, 317.82
1734222447, 83, 73, 76, 3, 0, 0.06%, 8, 0, 11, 304.81
1734222452, 83, 74, 76, 3, 0, 0.06%, 8, 0, 11, 333.24
1734222457, 83, 75, 76, 3, 0, 0.06%, 8, 0, 11, 343.25
1734222467, 84, 19, 76, 3, 0, 0.06%, 8, 0, 11, 333.58
1734222472, 84, 21, 76, 3, 0, 0.06%, 8, 0, 11, 316.28
1734222477, 84, 23, 76, 3, 0, 0.06%, 8, 0, 11, 348.59
1734222482, 84, 29, 76, 3, 0, 0.06%, 8, 0, 11, 341.31
1734222487, 84, 30, 76, 3, 0, 0.06%, 8, 0, 11, 333.35
1734222492, 84, 31, 76, 3, 0, 0.06%, 8, 0, 11, 350.22
1734222497, 84, 32, 76, 3, 0, 0.06%, 8, 0, 11, 361.59
1734222502, 84, 33, 76, 3, 0, 0.06%, 8, 0, 11, 351.79
1734222507, 84, 34, 76, 3, 0, 0.06%, 8, 0, 11, 325.74
1734222512, 84, 36, 76, 3, 0, 0.06%, 8, 0, 11, 325.25
1734222518, 84, 37, 76, 3, 0, 0.06%, 8, 0, 11, 318.01
1734222523, 84, 38, 76, 3, 0, 0.06%, 8, 0, 11, 341.52
1734222533, 84, 39, 76, 3, 0, 0.06%, 8, 0, 11, 313.26
1734222538, 84, 40, 76, 3, 0, 0.06%, 8, 0, 11, 357.29
1734222543, 84, 41, 76, 3, 0, 0.06%, 8, 0, 11, 338.07
1734222548, 84, 42, 76, 3, 0, 0.06%, 8, 0, 11, 364.93
1734222553, 84, 43, 76, 3, 0, 0.06%, 8, 0, 11, 305.94
1734222563, 84, 45, 76, 3, 0, 0.06%, 8, 0, 11, 362.69
1734222568, 84, 46, 76, 3, 0, 0.06%, 8, 0, 11, 329.86
1734222574, 84, 47, 76, 3, 0, 0.06%, 8, 0, 11, 356.42
1734222579, 84, 48, 76, 3, 0, 0.06%, 8, 0, 11, 359.55
1734222584, 84, 49, 76, 3, 0, 0.06%, 8, 0, 11, 351.74
1734222589, 84, 50, 76, 3, 0, 0.06%, 8, 0, 11, 351.97
1734222594, 84, 51, 76, 3, 0, 0.06%, 8, 0, 11, 313.77
1734222599, 84, 52, 76, 3, 0, 0.06%, 8, 0, 11, 328.91
1734222604, 84, 53, 76, 3, 0, 0.06%, 8, 0, 11, 397.38
1734222619, 84, 54, 76, 3, 0, 0.06%, 8, 0, 11, 360.81
1734222624, 84, 55, 76, 3, 0, 0.06%, 8, 0, 11, 348.57
1734222629, 84, 57, 76, 3, 0, 0.06%, 8, 0, 11, 332.87
1734222634, 84, 58, 76, 3, 0, 0.06%, 8, 0, 11, 360.58
1734222640, 84, 59, 76, 3, 0, 0.06%, 8, 0, 11, 347.16
1734222645, 84, 60, 76, 3, 0, 0.06%, 8, 0, 11, 366.11
1734222650, 84, 63, 76, 3, 0, 0.06%, 8, 0, 11, 349.63
1734222655, 84, 64, 76, 3, 0, 0.06%, 8, 0, 11, 341.34
1734222660, 84, 65, 76, 3, 0, 0.06%, 8, 0, 11, 336.53
1734222670, 84, 66, 76, 3, 0, 0.06%, 8, 0, 11, 392.94
1734222675, 84, 67, 76, 3, 0, 0.06%, 8, 0, 11, 339.56
1734222685, 84, 68, 76, 3, 0, 0.06%, 8, 0, 11, 371.74
1734222690, 84, 69, 76, 3, 0, 0.06%, 8, 0, 11, 382.56
1734222695, 84, 70, 76, 3, 0, 0.06%, 8, 0, 11, 390.48
1734222700, 84, 71, 76, 3, 0, 0.06%, 8, 0, 11, 372.24
1734222710, 85, 11, 76, 3, 0, 0.06%, 8, 0, 11, 338.49
1734222715, 85, 23, 76, 3, 0, 0.06%, 8, 0, 11, 294.34
1734222721, 85, 36, 76, 3, 0, 0.06%, 8, 0, 11, 352.13
1734222726, 85, 37, 76, 3, 0, 0.06%, 8, 0, 11, 352.27
1734222731, 85, 38, 76, 3, 0, 0.06%, 8, 0, 11, 362.06
1734222741, 85, 39, 76, 3, 0, 0.06%, 8, 0, 11, 337.29
1734222746, 85, 40, 76, 3, 0, 0.06%, 8, 0, 11, 355.41
1734222751, 85, 41, 76, 3, 0, 0.06%, 8, 0, 11, 333.15
1734222756, 85, 42, 76, 3, 0, 0.06%, 8, 0, 11, 371.33
1734222761, 85, 43, 76, 3, 0, 0.06%, 8, 0, 11, 312.18
1734222766, 85, 44, 76, 3, 0, 0.06%, 8, 0, 11, 361.85
1734222771, 85, 45, 76, 3, 0, 0.06%, 8, 0, 11, 381.89
1734222777, 85, 46, 76, 3, 0, 0.06%, 8, 0, 11, 311.55
1734222782, 85, 47, 76, 3, 0, 0.06%, 8, 0, 11, 356.16
1734222787, 85, 48, 76, 3, 0, 0.06%, 8, 0, 11, 358.53
1734222792, 85, 50, 76, 3, 0, 0.06%, 8, 0, 11, 343.69
1734222797, 85, 51, 76, 3, 0, 0.06%, 8, 0, 11, 404.01
1734222807, 85, 52, 76, 3, 0, 0.06%, 8, 0, 11, 391.69
1734222812, 85, 53, 76, 3, 0, 0.06%, 8, 0, 11, 364.48
1734222822, 85, 54, 76, 3, 0, 0.06%, 8, 0, 11, 353.43
1734222827, 85, 55, 76, 3, 0, 0.06%, 8, 0, 11, 372.47
1734222832, 85, 56, 76, 3, 0, 0.06%, 8, 0, 11, 380.25
1734222837, 85, 57, 76, 3, 0, 0.06%, 8, 0, 11, 368.77
1734222842, 85, 58, 76, 3, 0, 0.06%, 8, 0, 11, 381.63
1734222848, 85, 59, 76, 3, 0, 0.06%, 8, 0, 11, 359.70
1734222853, 85, 60, 76, 3, 0, 0.06%, 8, 0, 11, 387.56
1734222858, 85, 63, 76, 3, 0, 0.06%, 8, 0, 11, 354.66
1734222863, 85, 64, 76, 3, 0, 0.06%, 8, 0, 11, 354.61
1734222868, 85, 65, 76, 3, 0, 0.06%, 8, 0, 11, 393.64
1734222873, 85, 66, 76, 3, 0, 0.06%, 8, 0, 11, 345.89
1734222883, 85, 67, 76, 3, 0, 0.06%, 8, 0, 11, 381.65
1734222888, 85, 68, 76, 3, 0, 0.06%, 8, 0, 11, 367.03
1734222893, 85, 69, 76, 3, 0, 0.06%, 8, 0, 11, 338.71
1734222904, 85, 70, 76, 3, 0, 0.06%, 8, 0, 11, 371.09
1734222909, 85, 71, 76, 3, 0, 0.06%, 8, 0, 11, 340.52
1734222914, 85, 74, 76, 3, 0, 0.06%, 8, 0, 11, 318.87
1734222919, 86, 11, 76, 3, 0, 0.06%, 8, 0, 11, 325.42
1734222924, 86, 23, 76, 3, 0, 0.06%, 8, 0, 11, 349.87
1734222929, 86, 36, 76, 3, 0, 0.06%, 8, 0, 11, 355.25
1734222934, 86, 37, 76, 3, 0, 0.06%, 8, 0, 11, 353.18
1734222939, 86, 38, 76, 3, 0, 0.06%, 8, 0, 11, 348.28
1734222944, 86, 39, 76, 3, 0, 0.06%, 8, 0, 11, 351.76
1734222949, 86, 40, 76, 3, 0, 0.06%, 8, 0, 11, 327.42
1734222959, 86, 41, 76, 3, 0, 0.06%, 8, 0, 11, 323.06
1734222965, 86, 42, 76, 3, 0, 0.06%, 8, 0, 11, 341.38
1734222970, 86, 43, 76, 3, 0, 0.06%, 8, 0, 11, 353.84
1734222975, 86, 44, 76, 3, 0, 0.06%, 8, 0, 11, 359.45
1734222980, 86, 45, 76, 3, 0, 0.06%, 8, 0, 11, 365.39
1734222985, 86, 46, 76, 3, 0, 0.06%, 8, 0, 11, 321.01
1734222990, 86, 48, 76, 3, 0, 0.06%, 8, 0, 11, 336.71
1734222995, 86, 49, 76, 3, 0, 0.06%, 8, 0, 11, 386.95
1734223000, 86, 50, 76, 3, 0, 0.06%, 8, 0, 11, 368.84
1734223005, 86, 51, 76, 3, 0, 0.06%, 8, 0, 11, 325.52
1734223015, 86, 52, 76, 3, 0, 0.06%, 8, 0, 11, 344.07
1734223020, 86, 53, 76, 3, 0, 0.06%, 8, 0, 11, 314.25
1734223031, 86, 54, 76, 3, 0, 0.06%, 8, 0, 11, 384.77
1734223036, 86, 55, 76, 3, 0, 0.06%, 8, 0, 11, 371.52
1734223041, 86, 56, 76, 3, 0, 0.06%, 8, 0, 11, 355.40
1734223046, 86, 57, 76, 3, 0, 0.06%, 8, 0, 11, 353.24
1734223051, 86, 58, 76, 3, 0, 0.06%, 8, 0, 11, 377.19
1734223056, 86, 59, 76, 3, 0, 0.06%, 8, 0, 11, 364.29
1734223061, 86, 60, 76, 3, 0, 0.06%, 8, 0, 11, 352.39
1734223066, 86, 63, 76, 3, 0, 0.06%, 8, 0, 11, 336.73
1734223071, 86, 64, 76, 3, 0, 0.06%, 8, 0, 11, 363.11
1734223076, 86, 65, 76, 3, 0, 0.06%, 8, 0, 11, 370.92
1734223082, 86, 66, 76, 3, 0, 0.06%, 8, 0, 11, 365.30
1734223092, 86, 67, 76, 3, 0, 0.06%, 8, 0, 11, 367.96
1734223097, 86, 68, 76, 3, 0, 0.06%, 8, 0, 11, 383.80
1734223102, 86, 69, 76, 3, 0, 0.06%, 8, 0, 11, 396.44
1734223107, 86, 70, 76, 3, 0, 0.06%, 8, 0, 11, 358.21
1734223117, 86, 71, 76, 3, 0, 0.06%, 8, 0, 11, 315.68
1734223122, 86, 74, 76, 3, 0, 0.06%, 8, 0, 11, 349.55
1734223127, 87, 23, 76, 3, 0, 0.06%, 8, 0, 11, 334.83
1734223137, 87, 36, 76, 3, 0, 0.06%, 8, 0, 11, 337.95
1734223142, 87, 37, 76, 3, 0, 0.06%, 8, 0, 11, 362.21
1734223147, 87, 38, 76, 3, 0, 0.06%, 8, 0, 11, 353.87
1734223152, 87, 39, 76, 3, 0, 0.06%, 8, 0, 11, 340.20
1734223157, 87, 40, 76, 3, 0, 0.06%, 8, 0, 11, 296.71
1734223168, 87, 41, 76, 3, 0, 0.06%, 8, 0, 11, 331.31
1734223173, 87, 42, 76, 3, 0, 0.06%, 8, 0, 11, 347.97
1734223178, 87, 43, 76, 3, 0, 0.06%, 8, 0, 11, 344.13
1734223183, 87, 44, 76, 3, 0, 0.06%, 8, 0, 11, 355.12
1734223188, 87, 46, 76, 3, 0, 0.06%, 8, 0, 11, 361.79
1734223193, 87, 47, 76, 3, 0, 0.06%, 8, 0, 11, 376.73
1734223198, 87, 48, 76, 3, 0, 0.06%, 8, 0, 11, 369.85
1734223203, 87, 49, 76, 3, 0, 0.06%, 8, 0, 11, 358.20
1734223208, 87, 50, 76, 3, 0, 0.06%, 8, 0, 11, 354.73
1734223214, 87, 51, 76, 3, 0, 0.06%, 8, 0, 11, 271.58
1734223224, 87, 53, 76, 3, 0, 0.06%, 8, 0, 11, 379.63
1734223239, 87, 54, 76, 3, 0, 0.06%, 8, 0, 11, 366.53
1734223244, 87, 55, 76, 3, 0, 0.06%, 8, 0, 11, 357.12
1734223249, 87, 57, 76, 3, 0, 0.06%, 8, 0, 11, 355.14
1734223254, 87, 58, 76, 3, 0, 0.06%, 8, 0, 11, 359.58
1734223259, 87, 59, 76, 3, 0, 0.06%, 8, 0, 11, 352.59
1734223264, 87, 60, 76, 3, 0, 0.06%, 8, 0, 11, 360.85
1734223269, 87, 63, 76, 3, 0, 0.06%, 8, 0, 11, 349.32
1734223274, 87, 64, 76, 3, 0, 0.06%, 8, 0, 11, 377.02
1734223279, 87, 65, 76, 3, 0, 0.06%, 8, 0, 11, 369.80
1734223289, 87, 66, 76, 3, 0, 0.06%, 8, 0, 11, 380.53
1734223295, 87, 67, 76, 3, 0, 0.06%, 8, 0, 11, 367.64
1734223305, 87, 68, 76, 3, 0, 0.06%, 8, 0, 11, 349.90
1734223310, 87, 69, 76, 3, 0, 0.06%, 8, 0, 11, 377.90
1734223315, 87, 70, 76, 3, 0, 0.06%, 8, 0, 11, 369.30
1734223325, 87, 71, 76, 3, 0, 0.06%, 8, 0, 11, 317.68
1734223330, 87, 74, 76, 3, 0, 0.06%, 8, 0, 11, 340.87
1734223335, 88, 23, 76, 3, 0, 0.06%, 8, 0, 11, 292.11
1734223340, 88, 36, 76, 3, 0, 0.06%, 8, 0, 11, 338.98
1734223350, 88, 37, 76, 3, 0, 0.06%, 8, 0, 11, 319.47
1734223355, 88, 38, 76, 3, 0, 0.06%, 8, 0, 11, 336.03
1734223360, 88, 39, 76, 3, 0, 0.06%, 8, 0, 11, 326.89
1734223366, 88, 40, 76, 3, 0, 0.06%, 8, 0, 11, 329.29
1734223371, 88, 41, 76, 3, 0, 0.06%, 8, 0, 11, 322.35
1734223381, 88, 43, 76, 3, 0, 0.06%, 8, 0, 11, 342.30
1734223391, 88, 44, 76, 3, 0, 0.06%, 8, 0, 11, 350.20
1734223396, 88, 49, 76, 3, 0, 0.06%, 8, 0, 11, 359.66
1734223401, 88, 50, 76, 3, 0, 0.06%, 8, 0, 11, 387.53
1734223406, 88, 51, 76, 3, 0, 0.06%, 8, 0, 11, 356.43
1734223416, 88, 52, 76, 3, 0, 0.06%, 8, 0, 11, 374.41
1734223421, 88, 53, 76, 3, 0, 0.06%, 8, 0, 11, 332.10
1734223432, 88, 54, 76, 3, 0, 0.06%, 8, 0, 11, 384.06
1734223437, 88, 55, 76, 3, 0, 0.06%, 8, 0, 11, 374.21
1734223442, 88, 56, 76, 3, 0, 0.06%, 8, 0, 11, 362.19
1734223447, 88, 57, 76, 3, 0, 0.06%, 8, 0, 11, 352.69
1734223452, 88, 58, 76, 3, 0, 0.06%, 8, 0, 11, 369.02
1734223457, 88, 59, 76, 3, 0, 0.06%, 8, 0, 11, 344.58
1734223462, 88, 60, 76, 3, 0, 0.06%, 8, 0, 11, 350.77
1734223467, 88, 63, 76, 3, 0, 0.06%, 8, 0, 11, 355.72
1734223472, 88, 64, 76, 3, 0, 0.06%, 8, 0, 11, 368.70
1734223477, 88, 65, 76, 3, 0, 0.06%, 8, 0, 11, 396.45
1734223482, 88, 66, 76, 3, 0, 0.06%, 8, 0, 11, 351.83
1734223492, 88, 67, 76, 3, 0, 0.06%, 8, 0, 11, 395.76
1734223497, 88, 68, 76, 3, 0, 0.06%, 8, 0, 11, 348.98
1734223502, 88, 69, 76, 3, 0, 0.06%, 8, 0, 11, 335.43
1734223513, 88, 70, 76, 3, 0, 0.06%, 8, 0, 11, 372.24
1734223518, 88, 71, 76, 3, 0, 0.06%, 8, 0, 11, 332.57
1734223523, 88, 74, 76, 3, 0, 0.06%, 8, 0, 11, 321.33
1734223528, 89, 11, 76, 3, 0, 0.06%, 8, 0, 11, 327.72
1734223533, 89, 23, 76, 3, 0, 0.06%, 8, 0, 11, 357.47
1734223538, 89, 36, 76, 3, 0, 0.06%, 8, 0, 11, 352.34
1734223543, 89, 37, 76, 3, 0, 0.06%, 8, 0, 11, 365.92
1734223548, 89, 38, 76, 3, 0, 0.06%, 8, 0, 11, 308.25
1734223553, 89, 39, 76, 3, 0, 0.06%, 8, 0, 11, 332.36
1734223558, 89, 40, 76, 3, 0, 0.06%, 8, 0, 11, 373.49
1734223568, 89, 41, 76, 3, 0, 0.06%, 8, 0, 11, 336.51
1734223573, 89, 42, 76, 3, 0, 0.06%, 8, 0, 11, 358.43
1734223579, 89, 43, 76, 3, 0, 0.06%, 8, 0, 11, 358.85
1734223584, 89, 44, 76, 3, 0, 0.06%, 8, 0, 11, 363.89
1734223589, 89, 45, 76, 3, 0, 0.06%, 8, 0, 11, 370.17
1734223594, 89, 49, 76, 3, 0, 0.06%, 8, 0, 11, 361.49
1734223599, 89, 50, 76, 3, 0, 0.06%, 8, 0, 11, 354.16
1734223604, 89, 51, 76, 3, 0, 0.06%, 8, 0, 11, 328.72
1734223609, 89, 54, 76, 3, 0, 0.06%, 8, 0, 11, 368.75
1734223614, 89, 55, 76, 3, 0, 0.06%, 8, 0, 11, 387.53
1734223619, 89, 56, 76, 3, 0, 0.06%, 8, 0, 11, 371.37
1734223624, 89, 57, 76, 3, 0, 0.06%, 8, 0, 11, 373.22
1734223629, 89, 58, 76, 3, 0, 0.06%, 8, 0, 11, 364.91
1734223634, 89, 59, 76, 3, 0, 0.06%, 8, 0, 11, 361.93
1734223639, 89, 60, 76, 3, 0, 0.06%, 8, 0, 11, 351.79
1734223645, 89, 63, 76, 3, 0, 0.06%, 8, 0, 11, 340.88
1734223650, 89, 65, 76, 3, 0, 0.06%, 8, 0, 11, 383.28
1734223655, 89, 66, 76, 3, 0, 0.06%, 8, 0, 11, 345.29
1734223665, 89, 67, 76, 3, 0, 0.06%, 8, 0, 11, 367.41
1734223670, 89, 69, 76, 3, 0, 0.06%, 8, 0, 11, 321.86
1734223680, 89, 70, 76, 3, 0, 0.06%, 8, 0, 11, 385.28
1734223685, 89, 71, 76, 3, 0, 0.06%, 8, 0, 11, 340.97
1734223690, 90, 11, 76, 3, 0, 0.06%, 8, 0, 11, 317.42
1734223695, 90, 23, 76, 3, 0, 0.06%, 8, 0, 11, 351.02
1734223700, 90, 36, 76, 3, 0, 0.06%, 8, 0, 11, 352.98
1734223705, 90, 37, 76, 3, 0, 0.06%, 8, 0, 11, 339.62
1734223711, 90, 38, 76, 3, 0, 0.06%, 8, 0, 11, 317.82
1734223721, 90, 39, 76, 3, 0, 0.06%, 8, 0, 11, 327.82
1734223726, 90, 40, 76, 3, 0, 0.06%, 8, 0, 11, 355.64
1734223731, 90, 41, 76, 3, 0, 0.06%, 8, 0, 11, 324.75
1734223736, 90, 43, 76, 3, 0, 0.06%, 8, 0, 11, 292.97
1734223741, 90, 45, 76, 3, 0, 0.06%, 8, 0, 11, 324.81
1734223746, 90, 54, 76, 3, 0, 0.06%, 8, 0, 11, 380.31
1734223751, 90, 55, 76, 3, 0, 0.06%, 8, 0, 11, 365.42
1734223756, 90, 56, 76, 3, 0, 0.06%, 8, 0, 11, 367.98
1734223761, 90, 57, 76, 3, 0, 0.06%, 8, 0, 11, 370.05
1734223766, 90, 58, 76, 3, 0, 0.06%, 8, 0, 11, 378.19
1734223771, 90, 59, 76, 3, 0, 0.06%, 8, 0, 11, 360.29
1734223776, 90, 63, 76, 3, 0, 0.06%, 8, 0, 11, 370.35
1734223786, 90, 65, 76, 3, 0, 0.06%, 8, 0, 11, 368.33
1734223792, 90, 66, 76, 3, 0, 0.06%, 8, 0, 11, 379.01
1734223797, 90, 67, 76, 3, 0, 0.06%, 8, 0, 11, 384.03
1734223807, 90, 69, 76, 3, 0, 0.06%, 8, 0, 11, 395.87
1734223812, 90, 70, 76, 3, 0, 0.06%, 8, 0, 11, 350.91
1734223822, 90, 71, 76, 3, 0, 0.06%, 8, 0, 11, 319.47
1734223827, 91, 23, 76, 3, 0, 0.06%, 8, 0, 11, 340.65
1734223837, 91, 36, 76, 3, 0, 0.06%, 8, 0, 11, 334.45
1734223842, 91, 37, 76, 3, 0, 0.06%, 8, 0, 11, 339.44
1734223847, 91, 38, 76, 3, 0, 0.06%, 8, 0, 11, 340.24
1734223852, 91, 39, 76, 3, 0, 0.06%, 8, 0, 11, 351.16
1734223857, 91, 40, 76, 3, 0, 0.06%, 8, 0, 11, 332.66
1734223868, 91, 41, 76, 3, 0, 0.06%, 8, 0, 11, 309.84
1734223873, 91, 43, 76, 3, 0, 0.06%, 8, 0, 11, 350.18
1734223878, 91, 45, 76, 3, 0, 0.06%, 8, 0, 11, 368.64
1734223883, 91, 54, 76, 3, 0, 0.06%, 8, 0, 11, 362.32
1734223888, 91, 55, 76, 3, 0, 0.06%, 8, 0, 11, 340.57
1734223893, 91, 56, 76, 3, 0, 0.06%, 8, 0, 11, 352.36
