# unix_time, cycles_done, cur_path, paths_total, pending_total, pending_favs, map_size, unique_crashes, unique_hangs, max_depth, execs_per_sec
1734140579, 0, 0, 10, 10, 1, 0.00%, 0, 0, 1, 173.16
1734140584, 0, 2, 10, 10, 1, 0.00%, 0, 0, 1, 197.83
1734140589, 0, 3, 10, 9, 0, 0.00%, 0, 0, 1, 198.46
1734140599, 0, 4, 10, 8, 0, 0.00%, 0, 0, 1, 205.85
1734140604, 0, 5, 10, 7, 0, 0.00%, 0, 0, 1, 208.35
1734140609, 0, 6, 10, 6, 0, 0.00%, 0, 0, 1, 201.64
1734140619, 0, 7, 10, 5, 0, 0.00%, 0, 0, 1, 206.79
1734140624, 0, 8, 10, 4, 0, 0.00%, 0, 0, 1, 198.75
1734140635, 0, 9, 10, 3, 0, 0.00%, 0, 0, 1, 209.81
1734140640, 1, 0, 10, 2, 0, 0.00%, 0, 0, 1, 196.93
1734140650, 1, 1, 10, 1, 0, 0.00%, 0, 0, 1, 197.62
1734140660, 1, 2, 10, 0, 0, 0.00%, 0, 0, 1, 192.48
1734140670, 1, 3, 10, 0, 0, 0.00%, 0, 0, 1, 207.49
1734140675, 1, 4, 10, 0, 0, 0.00%, 0, 0, 1, 207.71
1734140680, 1, 6, 10, 0, 0, 0.00%, 0, 0, 1, 205.10
1734140685, 1, 7, 10, 0, 0, 0.00%, 0, 0, 1, 207.56
1734140690, 1, 9, 10, 0, 0, 0.00%, 0, 0, 1, 204.27
1734140695, 2, 0, 10, 0, 0, 0.00%, 0, 0, 1, 207.93
1734140700, 2, 1, 10, 0, 0, 0.00%, 0, 0, 1, 206.85
1734140705, 2, 3, 10, 0, 0, 0.00%, 0, 0, 1, 204.78
1734140711, 2, 4, 10, 0, 0, 0.00%, 0, 0, 1, 202.98
1734140716, 2, 6, 10, 0, 0, 0.00%, 0, 0, 1, 205.37
1734140721, 2, 7, 10, 0, 0, 0.00%, 0, 0, 1, 207.56
1734140726, 2, 8, 10, 0, 0, 0.00%, 0, 0, 1, 206.65
1734140731, 3, 0, 10, 0, 0, 0.00%, 0, 0, 1, 203.14
1734140736, 3, 1, 10, 0, 0, 0.00%, 0, 0, 1, 204.64
1734140741, 3, 2, 10, 0, 0, 0.00%, 0, 0, 1, 203.84
1734140746, 3, 4, 10, 0, 0, 0.00%, 0, 0, 1, 205.33
1734140751, 3, 5, 10, 0, 0, 0.00%, 0, 0, 1, 208.22
1734140756, 3, 7, 10, 0, 0, 0.00%, 0, 0, 1, 205.36
1734140761, 3, 8, 10, 0, 0, 0.00%, 0, 0, 1, 209.74
1734140766, 4, 0, 10, 0, 0, 0.00%, 0, 0, 1, 205.81
1734140772, 4, 1, 10, 0, 0, 0.00%, 0, 0, 1, 206.13
1734140777, 4, 2, 10, 0, 0, 0.00%, 0, 0, 1, 200.59
1734140782, 4, 4, 10, 0, 0, 0.00%, 0, 0, 1, 205.84
1734140787, 4, 5, 10, 0, 0, 0.00%, 0, 0, 1, 204.71
1734140792, 4, 7, 10, 0, 0, 0.00%, 0, 0, 1, 205.54
1734140797, 4, 8, 10, 0, 0, 0.00%, 0, 0, 1, 207.40
1734140802, 4, 9, 10, 0, 0, 0.00%, 0, 0, 1, 204.12
1734140808, 5, 1, 10, 0, 0, 0.00%, 0, 0, 1, 203.52
1734140813, 5, 2, 10, 0, 0, 0.00%, 0, 0, 1, 202.85
1734140818, 5, 3, 10, 0, 0, 0.00%, 0, 0, 1, 203.82
1734140823, 5, 5, 10, 0, 0, 0.00%, 0, 0, 1, 202.64
1734140828, 5, 6, 10, 0, 0, 0.00%, 0, 0, 1, 206.03
1734140833, 5, 8, 10, 0, 0, 0.00%, 0, 0, 1, 202.86
1734140838, 5, 9, 10, 0, 0, 0.00%, 0, 0, 1, 207.50
1734140843, 6, 0, 10, 0, 0, 0.00%, 0, 0, 1, 204.46
1734140848, 6, 2, 10, 0, 0, 0.00%, 0, 0, 1, 209.48
1734140853, 6, 3, 10, 0, 0, 0.00%, 0, 0, 1, 204.86
1734140858, 6, 5, 10, 0, 0, 0.00%, 0, 0, 1, 204.97
1734140864, 6, 6, 10, 0, 0, 0.00%, 0, 0, 1, 202.68
1734140869, 6, 7, 10, 0, 0, 0.00%, 0, 0, 1, 207.19
1734140874, 6, 9, 10, 0, 0, 0.00%, 0, 0, 1, 202.10
1734140879, 7, 0, 10, 0, 0, 0.00%, 0, 0, 1, 203.62
1734140884, 7, 2, 10, 0, 0, 0.00%, 0, 0, 1, 202.72
1734140889, 7, 3, 10, 0, 0, 0.00%, 0, 0, 1, 206.72
1734140894, 7, 4, 10, 0, 0, 0.00%, 0, 0, 1, 204.56
1734140899, 7, 6, 10, 0, 0, 0.00%, 0, 0, 1, 205.51
1734140904, 7, 7, 10, 0, 0, 0.00%, 0, 0, 1, 204.82
1734140910, 7, 9, 10, 0, 0, 0.00%, 0, 0, 1, 207.49
1734140915, 8, 0, 10, 0, 0, 0.00%, 0, 0, 1, 204.52
1734140920, 8, 2, 10, 0, 0, 0.00%, 0, 0, 1, 209.82
1734140925, 8, 3, 10, 0, 0, 0.00%, 0, 0, 1, 205.40
1734140930, 8, 4, 10, 0, 0, 0.00%, 0, 0, 1, 207.43
1734140935, 8, 6, 10, 0, 0, 0.00%, 0, 0, 1, 207.51
1734140940, 8, 7, 10, 0, 0, 0.00%, 0, 0, 1, 206.51
1734140945, 8, 9, 10, 0, 0, 0.00%, 0, 0, 1, 207.66
1734140950, 9, 0, 10, 0, 0, 0.00%, 0, 0, 1, 205.82
1734140955, 9, 1, 10, 0, 0, 0.00%, 0, 0, 1, 207.63
1734140960, 9, 3, 10, 0, 0, 0.00%, 0, 0, 1, 204.20
1734140965, 9, 4, 10, 0, 0, 0.00%, 0, 0, 1, 210.19
1734140970, 9, 5, 10, 0, 0, 0.00%, 0, 0, 1, 209.51
1734140975, 9, 7, 10, 0, 0, 0.00%, 0, 0, 1, 208.56
1734140981, 9, 8, 10, 0, 0, 0.00%, 0, 0, 1, 207.61
1734140986, 10, 0, 10, 0, 0, 0.00%, 0, 0, 1, 211.13
1734140991, 10, 1, 10, 0, 0, 0.00%, 0, 0, 1, 207.18
1734140996, 10, 3, 10, 0, 0, 0.00%, 0, 0, 1, 209.90
1734141001, 10, 4, 10, 0, 0, 0.00%, 0, 0, 1, 209.08
1734141006, 10, 5, 10, 0, 0, 0.00%, 0, 0, 1, 208.19
1734141011, 10, 7, 10, 0, 0, 0.00%, 0, 0, 1, 209.23
1734141016, 10, 8, 10, 0, 0, 0.00%, 0, 0, 1, 208.30
1734141021, 11, 0, 10, 0, 0, 0.00%, 0, 0, 1, 208.66
1734141026, 11, 1, 10, 0, 0, 0.00%, 0, 0, 1, 209.98
1734141031, 11, 2, 10, 0, 0, 0.00%, 0, 0, 1, 209.38
1734141036, 11, 4, 10, 0, 0, 0.00%, 0, 0, 1, 208.41
1734141041, 11, 5, 10, 0, 0, 0.00%, 0, 0, 1, 211.52
1734141046, 11, 7, 10, 0, 0, 0.00%, 0, 0, 1, 203.51
1734141051, 11, 8, 10, 0, 0, 0.00%, 0, 0, 1, 201.38
1734141056, 11, 9, 10, 0, 0, 0.00%, 0, 0, 1, 202.73
1734141061, 12, 1, 10, 0, 0, 0.00%, 0, 0, 1, 202.48
1734141066, 12, 10, 12, 2, 1, 0.05%, 2, 0, 3, 210.25
1734141102, 12, 10, 13, 3, 1, 0.05%, 3, 0, 3, 206.39
1734141158, 12, 10, 14, 4, 1, 0.05%, 4, 0, 3, 208.63
1734141214, 12, 12, 20, 9, 3, 0.06%, 6, 0, 4, 352.61
1734141219, 12, 12, 21, 10, 3, 0.06%, 6, 0, 4, 387.67
1734141224, 12, 12, 22, 11, 3, 0.06%, 6, 0, 4, 400.57
1734141239, 12, 12, 23, 12, 3, 0.06%, 6, 0, 4, 404.95
1734141244, 12, 12, 24, 13, 3, 0.06%, 6, 0, 4, 411.07
1734141249, 12, 12, 25, 14, 3, 0.06%, 7, 0, 4, 408.52
1734141254, 12, 12, 26, 15, 3, 0.06%, 7, 0, 4, 410.39
1734141259, 12, 12, 27, 16, 3, 0.06%, 7, 0, 4, 407.80
1734141264, 12, 12, 28, 17, 3, 0.06%, 7, 0, 4, 401.43
1734141274, 12, 12, 30, 19, 3, 0.06%, 7, 0, 4, 334.08
1734141284, 12, 12, 34, 23, 3, 0.06%, 7, 0, 4, 263.65
1734141295, 12, 24, 34, 22, 5, 0.06%, 7, 0, 4, 409.06
1734141300, 12, 24, 36, 24, 5, 0.06%, 7, 0, 5, 466.86
1734141320, 12, 24, 37, 25, 5, 0.06%, 7, 0, 5, 473.28
1734141341, 12, 24, 38, 26, 5, 0.06%, 8, 0, 5, 475.49
1734141351, 12, 24, 44, 32, 5, 0.06%, 9, 0, 5, 276.99
1734141361, 12, 24, 45, 33, 5, 0.06%, 9, 0, 5, 309.72
1734141371, 12, 43, 46, 33, 5, 0.06%, 9, 0, 6, 490.40
1734141381, 12, 43, 47, 34, 5, 0.06%, 9, 0, 6, 533.07
1734141386, 12, 43, 49, 36, 5, 0.06%, 9, 0, 6, 523.32
1734141392, 12, 43, 50, 37, 5, 0.06%, 9, 0, 6, 527.17
1734141452, 12, 44, 51, 37, 4, 0.06%, 9, 0, 6, 422.55
1734141468, 12, 44, 52, 38, 4, 0.06%, 9, 0, 6, 466.43
1734141524, 12, 44, 53, 39, 4, 0.06%, 9, 0, 6, 345.02
1734141534, 13, 15, 53, 38, 4, 0.06%, 9, 0, 6, 380.76
1734141569, 13, 23, 53, 37, 3, 0.06%, 9, 0, 6, 388.98
1734141590, 13, 23, 54, 38, 3, 0.06%, 9, 0, 6, 341.80
1734141600, 13, 23, 55, 39, 3, 0.06%, 9, 0, 6, 295.94
1734141605, 13, 43, 55, 38, 3, 0.06%, 9, 0, 6, 464.09
1734141615, 13, 43, 56, 39, 3, 0.06%, 9, 0, 6, 291.80
1734141620, 13, 45, 56, 39, 3, 0.06%, 9, 0, 6, 420.34
1734141626, 13, 45, 57, 40, 3, 0.06%, 9, 0, 7, 537.59
1734141671, 13, 46, 57, 39, 3, 0.06%, 9, 0, 7, 303.54
1734141748, 13, 53, 57, 38, 3, 0.06%, 9, 0, 7, 279.85
1734141753, 13, 53, 62, 43, 3, 0.06%, 9, 0, 7, 382.11
1734141758, 13, 53, 63, 44, 3, 0.06%, 9, 0, 7, 448.81
1734141900, 14, 15, 63, 43, 3, 0.06%, 9, 0, 7, 326.02
1734141915, 14, 15, 64, 44, 3, 0.06%, 9, 0, 7, 299.01
1734141920, 14, 27, 64, 44, 3, 0.06%, 9, 0, 7, 344.79
1734141946, 14, 27, 65, 45, 3, 0.06%, 9, 0, 7, 486.82
1734142059, 14, 40, 65, 44, 3, 0.06%, 9, 0, 7, 471.07
1734142089, 14, 44, 65, 43, 3, 0.06%, 9, 0, 7, 486.96
1734142109, 14, 50, 65, 43, 3, 0.06%, 9, 0, 7, 307.13
1734142155, 14, 51, 65, 42, 3, 0.06%, 9, 0, 7, 431.13
1734142166, 14, 51, 66, 43, 3, 0.06%, 9, 0, 7, 492.94
1734142201, 14, 51, 67, 44, 3, 0.06%, 9, 0, 7, 359.32
1734142211, 14, 52, 67, 43, 3, 0.06%, 9, 0, 7, 514.72
1734142247, 14, 54, 67, 42, 3, 0.06%, 9, 0, 7, 399.01
1734142267, 14, 54, 68, 43, 3, 0.06%, 9, 0, 7, 478.18
1734142303, 14, 55, 68, 42, 3, 0.06%, 9, 0, 7, 457.54
1734142334, 14, 56, 68, 41, 2, 0.06%, 9, 0, 7, 358.22
1734142570, 14, 56, 69, 42, 2, 0.06%, 9, 0, 8, 489.89
1734142575, 14, 56, 70, 43, 2, 0.06%, 9, 0, 8, 499.26
1734142640, 14, 65, 70, 42, 2, 0.06%, 9, 0, 8, 365.90
1734142676, 14, 65, 71, 43, 2, 0.06%, 9, 0, 8, 372.70
1734142686, 14, 66, 71, 42, 2, 0.06%, 9, 0, 8, 437.63
1734142742, 14, 67, 71, 41, 2, 0.06%, 9, 0, 8, 331.24
1734143055, 14, 68, 71, 40, 2, 0.06%, 9, 0, 8, 308.72
1734143259, 14, 69, 71, 39, 2, 0.06%, 9, 0, 8, 308.46
1734143576, 15, 11, 71, 38, 2, 0.06%, 9, 0, 8, 297.90
1734143597, 15, 14, 71, 37, 1, 0.06%, 9, 0, 8, 397.66
1734143627, 15, 15, 71, 36, 1, 0.06%, 9, 0, 8, 364.41
1734143647, 15, 23, 71, 36, 1, 0.06%, 9, 0, 8, 389.08
1734143663, 15, 25, 71, 36, 1, 0.06%, 9, 0, 8, 409.27
1734143698, 15, 27, 71, 35, 1, 0.06%, 9, 0, 8, 327.16
1734143719, 15, 30, 71, 35, 1, 0.06%, 9, 0, 8, 426.44
1734143852, 15, 30, 72, 36, 1, 0.06%, 9, 0, 8, 290.93
1734143857, 15, 31, 72, 35, 1, 0.06%, 9, 0, 8, 422.15
1734143969, 15, 32, 72, 34, 1, 0.06%, 9, 0, 8, 380.16
1734144000, 15, 33, 72, 33, 1, 0.06%, 9, 0, 8, 312.57
1734144035, 15, 34, 72, 32, 1, 0.06%, 9, 0, 8, 326.87
1734144066, 15, 35, 72, 31, 1, 0.06%, 9, 0, 8, 340.39
1734144096, 15, 36, 72, 30, 1, 0.06%, 9, 0, 8, 312.63
1734144336, 15, 36, 73, 31, 1, 0.06%, 9, 0, 8, 494.82
1734144367, 15, 37, 73, 30, 1, 0.06%, 9, 0, 8, 435.97
1734144402, 15, 38, 73, 29, 1, 0.06%, 9, 0, 8, 298.37
1734144464, 15, 39, 73, 28, 1, 0.06%, 9, 0, 8, 437.07
1734144494, 15, 40, 73, 27, 1, 0.06%, 9, 0, 8, 439.34
1734144510, 15, 43, 73, 27, 1, 0.06%, 9, 0, 8, 410.83
1734144525, 15, 44, 73, 27, 1, 0.06%, 9, 0, 8, 439.29
1734144540, 15, 45, 73, 27, 1, 0.06%, 9, 0, 8, 321.73
1734144561, 15, 46, 73, 27, 1, 0.06%, 9, 0, 8, 458.03
1734144576, 15, 47, 73, 27, 1, 0.06%, 9, 0, 8, 471.68
1734144617, 15, 48, 73, 26, 1, 0.06%, 9, 0, 8, 494.18
1734144653, 15, 49, 73, 25, 1, 0.06%, 9, 0, 8, 251.03
1734145157, 15, 50, 73, 24, 1, 0.06%, 9, 0, 8, 449.02
1734145177, 15, 51, 73, 24, 1, 0.06%, 9, 0, 8, 290.24
1734145198, 15, 52, 73, 24, 1, 0.06%, 9, 0, 8, 311.46
1734145218, 15, 53, 73, 24, 1, 0.06%, 9, 0, 8, 328.18
1734145238, 15, 54, 73, 24, 1, 0.06%, 9, 0, 8, 291.32
1734145258, 15, 55, 73, 24, 1, 0.06%, 9, 0, 8, 467.23
1734145274, 15, 56, 73, 24, 1, 0.06%, 9, 0, 8, 390.39
1734145299, 15, 57, 73, 24, 1, 0.06%, 9, 0, 8, 371.47
1734145391, 15, 58, 73, 23, 1, 0.06%, 9, 0, 8, 345.96
1734145483, 15, 59, 73, 22, 1, 0.06%, 9, 0, 8, 372.82
1734145575, 15, 63, 73, 21, 1, 0.06%, 9, 0, 8, 380.09
1734145681, 15, 65, 73, 20, 1, 0.06%, 9, 0, 8, 410.29
1734145697, 15, 66, 73, 20, 1, 0.06%, 9, 0, 8, 438.35
1734145712, 15, 67, 73, 20, 1, 0.06%, 9, 0, 8, 364.88
1734145737, 15, 68, 73, 20, 1, 0.06%, 9, 0, 8, 406.75
1734145763, 15, 69, 73, 20, 1, 0.06%, 9, 0, 8, 338.01
1734145793, 15, 70, 73, 20, 1, 0.06%, 9, 0, 8, 389.59
1734145901, 16, 13, 73, 19, 1, 0.06%, 9, 0, 8, 429.60
1734145916, 16, 14, 73, 18, 1, 0.06%, 9, 0, 8, 387.51
1734145931, 16, 21, 73, 18, 1, 0.06%, 9, 0, 8, 345.02
1734145966, 16, 22, 73, 17, 1, 0.06%, 9, 0, 8, 343.74
1734146002, 16, 40, 73, 16, 0, 0.06%, 9, 0, 8, 452.29
1734146017, 16, 43, 73, 16, 0, 0.06%, 9, 0, 8, 337.17
1734146022, 16, 44, 73, 16, 0, 0.06%, 9, 0, 8, 345.91
1734146027, 16, 45, 73, 16, 0, 0.06%, 9, 0, 8, 444.16
1734146042, 16, 46, 73, 16, 0, 0.06%, 9, 0, 8, 434.65
1734146098, 16, 47, 73, 16, 0, 0.06%, 9, 0, 8, 384.95
1734146119, 16, 50, 73, 16, 0, 0.06%, 9, 0, 8, 416.92
1734146134, 16, 51, 73, 16, 0, 0.06%, 9, 0, 8, 333.69
1734146154, 16, 52, 73, 16, 0, 0.06%, 9, 0, 8, 424.10
1734146170, 16, 54, 73, 16, 0, 0.06%, 9, 0, 8, 364.14
1734146190, 16, 55, 73, 16, 0, 0.06%, 9, 0, 8, 453.90
1734146205, 16, 65, 73, 16, 0, 0.06%, 9, 0, 8, 345.31
1734146225, 16, 66, 73, 16, 0, 0.06%, 9, 0, 8, 425.47
1734146241, 16, 67, 73, 16, 0, 0.06%, 9, 0, 8, 346.47
1734146266, 16, 70, 73, 16, 0, 0.06%, 9, 0, 8, 401.04
1734146292, 17, 13, 73, 16, 0, 0.06%, 9, 0, 8, 353.50
1734146297, 17, 40, 73, 16, 0, 0.06%, 9, 0, 8, 363.64
1734146302, 17, 44, 73, 16, 0, 0.06%, 9, 0, 8, 352.39
1734146307, 17, 50, 73, 16, 0, 0.06%, 9, 0, 8, 361.75
1734146312, 17, 52, 73, 16, 0, 0.06%, 9, 0, 8, 355.51
1734146317, 17, 54, 73, 16, 0, 0.06%, 9, 0, 8, 358.68
1734146328, 17, 55, 73, 16, 0, 0.06%, 9, 0, 8, 396.47
1734146338, 17, 65, 73, 16, 0, 0.06%, 9, 0, 8, 355.94
1734146348, 17, 66, 73, 16, 0, 0.06%, 9, 0, 8, 349.40
1734146353, 17, 67, 73, 16, 0, 0.06%, 9, 0, 8, 411.83
1734146363, 17, 67, 74, 17, 0, 0.06%, 9, 0, 8, 453.84
1734146373, 17, 70, 74, 17, 0, 0.06%, 9, 0, 8, 411.05
1734146399, 17, 73, 74, 17, 0, 0.06%, 9, 0, 8, 435.93
1734146409, 17, 73, 75, 18, 0, 0.06%, 9, 0, 8, 500.73
1734146562, 17, 74, 75, 17, 0, 0.06%, 9, 0, 8, 423.09
1734146741, 18, 11, 75, 16, 0, 0.06%, 9, 0, 8, 320.19
1734146751, 18, 13, 75, 16, 0, 0.06%, 9, 0, 8, 353.60
1734146756, 18, 14, 75, 16, 0, 0.06%, 9, 0, 8, 321.35
1734146776, 18, 15, 75, 16, 0, 0.06%, 9, 0, 8, 316.80
1734146781, 18, 21, 75, 16, 0, 0.06%, 9, 0, 8, 357.74
1734146802, 18, 22, 75, 16, 0, 0.06%, 9, 0, 8, 388.27
1734146817, 18, 23, 75, 16, 0, 0.06%, 9, 0, 8, 352.35
1734146838, 18, 24, 75, 16, 0, 0.06%, 9, 0, 8, 426.76
1734146853, 18, 25, 75, 16, 0, 0.06%, 9, 0, 8, 395.07
1734146868, 18, 26, 75, 16, 0, 0.06%, 9, 0, 8, 272.23
1734146996, 18, 27, 75, 15, 0, 0.06%, 9, 0, 8, 321.80
1734147016, 18, 28, 75, 15, 0, 0.06%, 9, 0, 8, 391.38
1734147047, 18, 29, 75, 14, 0, 0.06%, 9, 0, 8, 288.89
1734147077, 18, 29, 76, 15, 0, 0.06%, 9, 0, 8, 342.82
1734147087, 18, 30, 76, 14, 0, 0.06%, 9, 0, 8, 311.41
1734147108, 18, 31, 76, 14, 0, 0.06%, 9, 0, 8, 379.19
1734147128, 18, 32, 76, 14, 0, 0.06%, 9, 0, 8, 339.11
1734147148, 18, 33, 76, 14, 0, 0.06%, 9, 0, 8, 392.71
1734147164, 18, 34, 76, 14, 0, 0.06%, 9, 0, 8, 346.18
1734147184, 18, 35, 76, 14, 0, 0.06%, 9, 0, 8, 410.01
1734147199, 18, 36, 76, 14, 0, 0.06%, 9, 0, 8, 303.04
1734147219, 18, 37, 76, 14, 0, 0.06%, 9, 0, 8, 296.53
1734147240, 18, 38, 76, 14, 0, 0.06%, 9, 0, 8, 420.12
1734147255, 18, 39, 76, 14, 0, 0.06%, 9, 0, 8, 376.97
1734147275, 18, 40, 76, 14, 0, 0.06%, 9, 0, 8, 425.44
1734147286, 18, 41, 76, 14, 0, 0.06%, 9, 0, 8, 463.02
1734147316, 18, 43, 76, 13, 0, 0.06%, 9, 0, 8, 507.83
1734147326, 18, 44, 76, 13, 0, 0.06%, 9, 0, 8, 488.10
1734147336, 18, 45, 76, 13, 0, 0.06%, 9, 0, 8, 470.90
1734147347, 18, 46, 76, 13, 0, 0.06%, 9, 0, 8, 391.15
1734147398, 18, 47, 76, 13, 0, 0.06%, 9, 0, 8, 322.00
1734147428, 18, 48, 76, 13, 0, 0.06%, 9, 0, 8, 389.89
1734147454, 18, 49, 76, 13, 0, 0.06%, 9, 0, 8, 426.95
1734147938, 18, 50, 76, 13, 0, 0.06%, 9, 0, 8, 259.35
1734147943, 18, 51, 76, 13, 0, 0.06%, 9, 0, 8, 359.37
1734147948, 18, 52, 76, 13, 0, 0.06%, 9, 0, 8, 359.45
1734147953, 18, 53, 76, 13, 0, 0.06%, 9, 0, 8, 340.07
1734147973, 18, 54, 76, 13, 0, 0.06%, 9, 0, 8, 326.76
1734147978, 18, 55, 76, 13, 0, 0.06%, 9, 0, 8, 332.42
1734147984, 18, 56, 76, 13, 0, 0.06%, 9, 0, 8, 268.90
1734148004, 18, 57, 76, 13, 0, 0.06%, 9, 0, 8, 359.26
1734148024, 18, 58, 76, 13, 0, 0.06%, 9, 0, 8, 357.55
1734148044, 18, 59, 76, 13, 0, 0.06%, 9, 0, 8, 389.56
1734148060, 18, 60, 76, 13, 0, 0.06%, 9, 0, 8, 286.67
1734148156, 18, 61, 76, 12, 0, 0.06%, 9, 0, 8, 364.96
1734148253, 18, 63, 76, 11, 0, 0.06%, 9, 0, 8, 350.92
1734148268, 18, 64, 76, 11, 0, 0.06%, 9, 0, 8, 350.24
1734148380, 18, 65, 76, 10, 0, 0.06%, 9, 0, 8, 353.23
1734148385, 18, 66, 76, 10, 0, 0.06%, 9, 0, 8, 365.87
1734148395, 18, 67, 76, 10, 0, 0.06%, 9, 0, 8, 342.04
1734148411, 18, 68, 76, 10, 0, 0.06%, 9, 0, 8, 300.41
1734148441, 18, 69, 76, 10, 0, 0.06%, 9, 0, 8, 255.80
1734148472, 18, 70, 76, 10, 0, 0.06%, 9, 0, 8, 412.49
1734148483, 18, 71, 76, 10, 0, 0.06%, 9, 0, 8, 299.80
1734148636, 18, 73, 76, 9, 0, 0.06%, 9, 0, 8, 300.45
1734148656, 18, 74, 76, 9, 0, 0.06%, 9, 0, 8, 318.73
1734148686, 19, 14, 76, 9, 0, 0.06%, 9, 0, 8, 345.13
1734148691, 19, 15, 76, 9, 0, 0.06%, 9, 0, 8, 329.75
1734148696, 19, 21, 76, 9, 0, 0.06%, 9, 0, 8, 370.38
1734148717, 19, 22, 76, 9, 0, 0.06%, 9, 0, 8, 371.17
1734148732, 19, 27, 76, 9, 0, 0.06%, 9, 0, 8, 311.34
1734148737, 19, 30, 76, 9, 0, 0.06%, 9, 0, 8, 311.57
1734148757, 19, 31, 76, 9, 0, 0.06%, 9, 0, 8, 298.86
1734148777, 19, 32, 76, 9, 0, 0.06%, 9, 0, 8, 389.88
1734148793, 19, 33, 76, 9, 0, 0.06%, 9, 0, 8, 301.59
1734148813, 19, 43, 76, 9, 0, 0.06%, 9, 0, 8, 311.29
1734148818, 19, 44, 76, 9, 0, 0.06%, 9, 0, 8, 354.07
1734148823, 19, 45, 76, 9, 0, 0.06%, 9, 0, 8, 363.34
1734148828, 19, 46, 76, 9, 0, 0.06%, 9, 0, 8, 354.97
1734148833, 19, 47, 76, 9, 0, 0.06%, 9, 0, 8, 361.80
1734148839, 19, 48, 76, 9, 0, 0.06%, 9, 0, 8, 409.82
1734148854, 19, 49, 76, 9, 0, 0.06%, 9, 0, 8, 313.43
1734148884, 19, 50, 76, 9, 0, 0.06%, 9, 0, 8, 331.63
1734148889, 19, 51, 76, 9, 0, 0.06%, 9, 0, 8, 316.82
1734148894, 19, 52, 76, 9, 0, 0.06%, 9, 0, 8, 345.45
1734148899, 19, 54, 76, 9, 0, 0.06%, 9, 0, 8, 324.90
1734148904, 19, 55, 76, 9, 0, 0.06%, 9, 0, 8, 333.24
1734148910, 19, 56, 76, 9, 0, 0.06%, 9, 0, 8, 330.38
1734148920, 19, 63, 76, 9, 0, 0.06%, 9, 0, 8, 352.20
1734148940, 19, 64, 76, 9, 0, 0.06%, 9, 0, 8, 355.30
1734148961, 19, 65, 76, 9, 0, 0.06%, 9, 0, 8, 319.62
1734148966, 19, 67, 76, 9, 0, 0.06%, 9, 0, 8, 372.12
1734148981, 19, 68, 76, 9, 0, 0.06%, 9, 0, 8, 369.43
1734148996, 19, 69, 76, 9, 0, 0.06%, 9, 0, 8, 299.02
1734149011, 19, 70, 76, 9, 0, 0.06%, 9, 0, 8, 361.12
1734149026, 19, 73, 76, 9, 0, 0.06%, 9, 0, 8, 341.48
1734149047, 19, 74, 76, 9, 0, 0.06%, 9, 0, 8, 362.08
1734149077, 20, 14, 76, 9, 0, 0.06%, 9, 0, 8, 347.59
1734149082, 20, 21, 76, 9, 0, 0.06%, 9, 0, 8, 336.87
1734149087, 20, 22, 76, 9, 0, 0.06%, 9, 0, 8, 340.74
1734149092, 20, 40, 76, 9, 0, 0.06%, 9, 0, 8, 331.45
1734149097, 20, 43, 76, 9, 0, 0.06%, 9, 0, 8, 341.49
1734149103, 20, 44, 76, 9, 0, 0.06%, 9, 0, 8, 341.28
1734149108, 20, 45, 76, 9, 0, 0.06%, 9, 0, 8, 335.31
1734149113, 20, 46, 76, 9, 0, 0.06%, 9, 0, 8, 339.08
1734149118, 20, 47, 76, 9, 0, 0.06%, 9, 0, 8, 341.65
1734149123, 20, 49, 76, 9, 0, 0.06%, 9, 0, 8, 357.89
1734149138, 20, 50, 76, 9, 0, 0.06%, 9, 0, 8, 383.44
1734149143, 20, 51, 76, 9, 0, 0.06%, 9, 0, 8, 364.68
1734149148, 20, 52, 76, 9, 0, 0.06%, 9, 0, 8, 357.64
1734149153, 20, 54, 76, 9, 0, 0.06%, 9, 0, 8, 352.63
1734149158, 20, 56, 76, 9, 0, 0.06%, 9, 0, 8, 381.88
1734149169, 20, 65, 76, 9, 0, 0.06%, 9, 0, 8, 365.41
1734149174, 20, 66, 76, 9, 0, 0.06%, 9, 0, 8, 378.33
1734149179, 20, 67, 76, 9, 0, 0.06%, 9, 0, 8, 388.55
1734149189, 20, 68, 76, 9, 0, 0.06%, 9, 0, 8, 375.59
1734149209, 20, 69, 76, 9, 0, 0.06%, 9, 0, 8, 287.74
1734149225, 20, 70, 76, 9, 0, 0.06%, 9, 0, 8, 352.92
1734149235, 20, 73, 76, 9, 0, 0.06%, 9, 0, 8, 387.41
1734149250, 20, 74, 76, 9, 0, 0.06%, 9, 0, 8, 376.40
1734149281, 21, 14, 76, 9, 0, 0.06%, 9, 0, 8, 361.27
1734149286, 21, 21, 76, 9, 0, 0.06%, 9, 0, 8, 326.69
1734149291, 21, 22, 76, 9, 0, 0.06%, 9, 0, 8, 321.16
1734149296, 21, 40, 76, 9, 0, 0.06%, 9, 0, 8, 345.21
1734149301, 21, 43, 76, 9, 0, 0.06%, 9, 0, 8, 330.35
1734149306, 21, 45, 76, 9, 0, 0.06%, 9, 0, 8, 339.07
1734149311, 21, 46, 76, 9, 0, 0.06%, 9, 0, 8, 335.10
1734149316, 21, 47, 76, 9, 0, 0.06%, 9, 0, 8, 393.02
1734149321, 21, 48, 76, 9, 0, 0.06%, 9, 0, 8, 362.02
1734149326, 21, 49, 76, 9, 0, 0.06%, 9, 0, 8, 405.74
1734149341, 21, 50, 76, 9, 0, 0.06%, 9, 0, 8, 335.32
1734149346, 21, 51, 76, 9, 0, 0.06%, 9, 0, 8, 336.77
1734149351, 21, 52, 76, 9, 0, 0.06%, 9, 0, 8, 329.85
1734149356, 21, 55, 76, 9, 0, 0.06%, 9, 0, 8, 302.12
1734149361, 21, 56, 76, 9, 0, 0.06%, 9, 0, 8, 391.64
1734149372, 21, 65, 76, 9, 0, 0.06%, 9, 0, 8, 366.15
1734149377, 21, 66, 76, 9, 0, 0.06%, 9, 0, 8, 359.76
1734149382, 21, 67, 76, 9, 0, 0.06%, 9, 0, 8, 398.71
1734149392, 21, 68, 76, 9, 0, 0.06%, 9, 0, 8, 377.33
1734149402, 21, 69, 76, 9, 0, 0.06%, 9, 0, 8, 364.62
1734149418, 21, 70, 76, 9, 0, 0.06%, 9, 0, 8, 376.16
1734149423, 21, 73, 76, 9, 0, 0.06%, 9, 0, 8, 332.60
1734149433, 21, 74, 76, 9, 0, 0.06%, 9, 0, 8, 305.96
1734149453, 22, 14, 76, 9, 0, 0.06%, 9, 0, 8, 337.68
1734149458, 22, 40, 76, 9, 0, 0.06%, 9, 0, 8, 362.04
1734149463, 22, 43, 76, 9, 0, 0.06%, 9, 0, 8, 334.72
1734149468, 22, 44, 76, 9, 0, 0.06%, 9, 0, 8, 333.88
1734149473, 22, 45, 76, 9, 0, 0.06%, 9, 0, 8, 324.10
1734149479, 22, 46, 76, 9, 0, 0.06%, 9, 0, 8, 306.14
1734149484, 22, 48, 76, 9, 0, 0.06%, 9, 0, 8, 349.67
1734149489, 22, 49, 76, 9, 0, 0.06%, 9, 0, 8, 382.40
1734149504, 22, 50, 76, 9, 0, 0.06%, 9, 0, 8, 375.87
1734149509, 22, 51, 76, 9, 0, 0.06%, 9, 0, 8, 343.79
1734149514, 22, 52, 76, 9, 0, 0.06%, 9, 0, 8, 351.87
1734149519, 22, 54, 76, 9, 0, 0.06%, 9, 0, 8, 317.29
1734149524, 22, 65, 76, 9, 0, 0.06%, 9, 0, 8, 329.67
1734149529, 22, 66, 76, 9, 0, 0.06%, 9, 0, 8, 316.09
1734149535, 22, 67, 76, 9, 0, 0.06%, 9, 0, 8, 352.73
1734149550, 22, 70, 76, 9, 0, 0.06%, 9, 0, 8, 379.07
1734149555, 22, 73, 76, 9, 0, 0.06%, 9, 0, 8, 328.14
1734149565, 22, 74, 76, 9, 0, 0.06%, 9, 0, 8, 385.72
1734149575, 23, 40, 76, 9, 0, 0.06%, 9, 0, 8, 349.75
1734149580, 23, 44, 76, 9, 0, 0.06%, 9, 0, 8, 357.79
1734149585, 23, 51, 76, 9, 0, 0.06%, 9, 0, 8, 337.31
1734149591, 23, 52, 76, 9, 0, 0.06%, 9, 0, 8, 366.01
1734149596, 23, 54, 76, 9, 0, 0.06%, 9, 0, 8, 383.91
1734149601, 23, 55, 76, 9, 0, 0.06%, 9, 0, 8, 350.41
1734149606, 23, 65, 76, 9, 0, 0.06%, 9, 0, 8, 337.92
1734149611, 23, 66, 76, 9, 0, 0.06%, 9, 0, 8, 356.41
1734149616, 23, 67, 76, 9, 0, 0.06%, 9, 0, 8, 324.55
1734149626, 23, 70, 76, 9, 0, 0.06%, 9, 0, 8, 361.18
1734149636, 23, 73, 76, 9, 0, 0.06%, 9, 0, 8, 362.07
1734149641, 23, 74, 76, 9, 0, 0.06%, 9, 0, 8, 333.08
1734149652, 24, 13, 76, 9, 0, 0.06%, 9, 0, 8, 332.04
1734149657, 24, 44, 76, 9, 0, 0.06%, 9, 0, 8, 319.96
1734149662, 24, 50, 76, 9, 0, 0.06%, 9, 0, 8, 360.92
1734149667, 24, 51, 76, 9, 0, 0.06%, 9, 0, 8, 365.66
1734149672, 24, 52, 76, 9, 0, 0.06%, 9, 0, 8, 354.85
1734149677, 24, 54, 76, 9, 0, 0.06%, 9, 0, 8, 368.05
1734149682, 24, 55, 77, 10, 0, 0.07%, 10, 0, 8, 403.79
1734149687, 24, 76, 77, 10, 1, 0.07%, 10, 0, 8, 247.98
1734149697, 24, 76, 78, 11, 1, 0.07%, 10, 0, 8, 237.19
1734149758, 24, 76, 79, 12, 1, 0.07%, 10, 0, 8, 239.92
1734149773, 24, 77, 79, 11, 0, 0.07%, 10, 0, 8, 255.59
1734149854, 24, 78, 79, 10, 0, 0.07%, 10, 0, 8, 260.39
1734149931, 25, 76, 79, 9, 0, 0.07%, 10, 0, 8, 287.46
1734149956, 25, 77, 79, 9, 0, 0.07%, 10, 0, 8, 224.79
1734149987, 25, 78, 79, 9, 0, 0.07%, 10, 0, 8, 265.79
1734150022, 26, 76, 79, 9, 0, 0.07%, 10, 0, 8, 258.63
1734150048, 26, 77, 79, 9, 0, 0.07%, 10, 0, 8, 226.66
1734150083, 26, 78, 79, 9, 0, 0.07%, 10, 0, 8, 246.11
1734150119, 27, 76, 79, 9, 0, 0.07%, 10, 0, 8, 249.86
1734150139, 27, 77, 79, 9, 0, 0.07%, 10, 0, 8, 243.40
1734150175, 27, 78, 79, 9, 0, 0.07%, 10, 0, 8, 236.18
1734150210, 28, 76, 79, 9, 0, 0.07%, 10, 0, 8, 250.39
1734150231, 28, 77, 79, 9, 0, 0.07%, 10, 0, 8, 252.61
1734150272, 28, 78, 79, 9, 0, 0.07%, 10, 0, 8, 241.35
1734150302, 29, 76, 79, 9, 0, 0.07%, 10, 0, 8, 247.83
1734150327, 29, 77, 79, 9, 0, 0.07%, 10, 0, 8, 230.79
1734150358, 29, 77, 80, 10, 0, 0.08%, 11, 0, 9, 316.68
1734150363, 29, 79, 82, 12, 1, 0.08%, 12, 0, 10, 458.18
1734150378, 29, 79, 83, 13, 1, 0.08%, 12, 0, 10, 519.87
1734150429, 29, 80, 84, 13, 1, 0.10%, 13, 0, 11, 381.92
1734150434, 29, 80, 87, 16, 1, 0.10%, 14, 0, 11, 458.68
1734150444, 29, 80, 88, 17, 1, 0.10%, 14, 0, 11, 485.86
1734150449, 29, 80, 89, 18, 1, 0.10%, 15, 0, 11, 489.89
1734150455, 29, 80, 90, 19, 1, 0.10%, 15, 0, 11, 494.84
1734150501, 29, 84, 91, 19, 3, 0.10%, 15, 0, 12, 388.04
1734150602, 29, 88, 92, 19, 2, 0.10%, 15, 0, 12, 258.16
1734150607, 29, 88, 98, 25, 2, 0.10%, 15, 0, 12, 410.07
1734150618, 29, 88, 99, 26, 2, 0.11%, 16, 0, 12, 472.30
1734150623, 29, 88, 100, 27, 2, 0.11%, 17, 0, 12, 457.68
1734150673, 29, 98, 100, 26, 3, 0.11%, 17, 0, 12, 316.37
1734150679, 29, 98, 101, 27, 3, 0.11%, 17, 0, 13, 418.29
1734150684, 29, 98, 102, 28, 3, 0.11%, 17, 0, 13, 472.53
1734150709, 29, 98, 103, 29, 3, 0.11%, 17, 0, 13, 481.57
1734150714, 29, 98, 104, 30, 3, 0.11%, 17, 0, 13, 488.05
1734150719, 29, 98, 105, 31, 3, 0.11%, 18, 0, 13, 493.00
1734150724, 29, 98, 106, 32, 3, 0.11%, 19, 0, 13, 494.00
1734150749, 29, 104, 107, 32, 4, 0.12%, 20, 0, 14, 362.60
1734150760, 29, 104, 110, 35, 4, 0.12%, 20, 0, 14, 441.73
1734150770, 29, 104, 111, 36, 4, 0.12%, 20, 0, 14, 450.41
1734150780, 29, 104, 112, 37, 4, 0.12%, 20, 0, 14, 454.35
1734150820, 29, 104, 114, 39, 4, 0.12%, 20, 0, 14, 324.05
1734150825, 29, 106, 115, 39, 4, 0.12%, 21, 0, 15, 374.65
1734150856, 29, 106, 116, 40, 4, 0.12%, 21, 0, 15, 449.92
1734150922, 29, 114, 117, 40, 4, 0.12%, 21, 0, 16, 356.37
1734151024, 30, 99, 117, 39, 3, 0.12%, 21, 0, 16, 426.97
1734151029, 30, 99, 118, 40, 3, 0.12%, 21, 0, 16, 505.41
1734151044, 30, 99, 119, 41, 3, 0.13%, 22, 0, 16, 528.13
1734151095, 30, 118, 119, 40, 3, 0.13%, 22, 0, 16, 230.81
1734151100, 30, 118, 120, 41, 3, 0.13%, 23, 0, 16, 210.64
1734151161, 30, 118, 121, 42, 3, 0.13%, 23, 0, 16, 208.13
1734151272, 31, 105, 121, 41, 2, 0.13%, 23, 0, 16, 298.66
1734151288, 31, 105, 122, 42, 2, 0.13%, 23, 0, 16, 464.38
1734151348, 31, 119, 122, 41, 1, 0.13%, 23, 0, 16, 254.22
1734151430, 31, 119, 123, 42, 1, 0.13%, 23, 0, 16, 284.30
1734151445, 31, 121, 123, 41, 0, 0.13%, 23, 0, 16, 295.90
1734151450, 31, 121, 124, 42, 0, 0.13%, 24, 0, 16, 262.58
1734151466, 31, 121, 125, 43, 0, 0.13%, 24, 0, 16, 464.52
1734151552, 31, 123, 125, 42, 1, 0.13%, 24, 0, 16, 352.96
1734151562, 31, 123, 126, 43, 1, 0.13%, 24, 0, 16, 284.08
1734151623, 31, 123, 127, 44, 1, 0.13%, 24, 0, 16, 322.42
1734151628, 31, 125, 127, 43, 0, 0.13%, 24, 0, 16, 270.34
1734151649, 31, 125, 128, 44, 0, 0.13%, 24, 0, 17, 453.70
1734151654, 31, 125, 129, 45, 0, 0.13%, 24, 0, 17, 463.63
1734151735, 32, 84, 130, 45, 0, 0.13%, 25, 0, 17, 366.47
1734151760, 32, 129, 130, 45, 1, 0.13%, 25, 0, 17, 323.27
1734151765, 32, 129, 131, 46, 1, 0.13%, 25, 0, 17, 399.58
1734151770, 32, 129, 132, 47, 1, 0.13%, 25, 0, 17, 425.01
1734151775, 32, 129, 133, 48, 1, 0.13%, 25, 0, 17, 420.36
1734151800, 32, 129, 134, 49, 1, 0.13%, 25, 0, 17, 415.91
1734151826, 32, 129, 135, 50, 1, 0.13%, 25, 0, 17, 414.46
1734151866, 32, 130, 137, 51, 0, 0.15%, 27, 0, 17, 320.70
1734151871, 32, 130, 138, 52, 0, 0.15%, 27, 0, 17, 449.79
1734151876, 32, 130, 139, 53, 0, 0.15%, 27, 0, 17, 480.27
1734151902, 32, 130, 140, 54, 0, 0.15%, 27, 0, 17, 482.57
1734151912, 32, 130, 142, 56, 0, 0.15%, 27, 0, 17, 477.20
1734151927, 32, 130, 143, 57, 0, 0.15%, 27, 0, 17, 482.03
1734151963, 32, 135, 143, 56, 2, 0.15%, 27, 0, 17, 388.32
1734151968, 32, 135, 145, 58, 2, 0.15%, 27, 0, 17, 416.78
1734151983, 32, 135, 146, 59, 2, 0.15%, 27, 0, 17, 429.29
1734151988, 32, 135, 147, 60, 2, 0.15%, 27, 0, 17, 423.03
1734152013, 32, 135, 148, 61, 2, 0.15%, 27, 0, 17, 422.57
1734152018, 32, 135, 149, 62, 2, 0.15%, 27, 0, 17, 419.74
1734152039, 32, 135, 150, 63, 2, 0.15%, 27, 0, 17, 334.49
1734152064, 32, 136, 152, 64, 1, 0.15%, 28, 0, 17, 349.65
1734152069, 32, 136, 153, 65, 1, 0.15%, 28, 0, 17, 410.04
1734152074, 32, 136, 154, 66, 1, 0.15%, 28, 0, 17, 411.33
1734152094, 32, 136, 155, 67, 1, 0.15%, 28, 0, 17, 425.38
1734152130, 32, 136, 156, 68, 1, 0.15%, 28, 0, 17, 426.55
1734152135, 32, 136, 157, 69, 1, 0.15%, 28, 0, 17, 424.84
1734152145, 32, 136, 158, 70, 1, 0.15%, 28, 0, 17, 322.76
1734152165, 32, 136, 159, 71, 1, 0.15%, 29, 0, 17, 304.88
1734152170, 32, 158, 160, 71, 2, 0.15%, 29, 0, 17, 325.22
1734152175, 32, 158, 162, 73, 2, 0.15%, 30, 0, 17, 388.53
1734152185, 32, 158, 163, 74, 2, 0.15%, 30, 0, 17, 362.63
1734152206, 32, 158, 164, 75, 2, 0.15%, 30, 0, 17, 367.13
1734152246, 32, 158, 165, 76, 2, 0.15%, 30, 0, 17, 349.02
1734152251, 32, 158, 166, 77, 2, 0.15%, 30, 0, 17, 351.98
1734152292, 32, 160, 166, 76, 3, 0.15%, 30, 0, 17, 308.63
1734152297, 32, 160, 168, 78, 3, 0.15%, 30, 0, 17, 310.36
1734152353, 32, 160, 169, 79, 3, 0.15%, 30, 0, 17, 318.01
1734152418, 33, 150, 169, 78, 3, 0.15%, 30, 0, 17, 300.61
1734152434, 33, 150, 170, 79, 3, 0.15%, 30, 0, 17, 478.61
1734152490, 33, 150, 171, 80, 3, 0.15%, 30, 0, 17, 392.13
1734152495, 33, 150, 172, 81, 3, 0.15%, 30, 0, 17, 330.47
1734152505, 33, 150, 174, 83, 3, 0.15%, 30, 0, 17, 329.80
1734152515, 33, 169, 174, 82, 2, 0.15%, 30, 0, 17, 347.09
1734152535, 33, 169, 175, 83, 2, 0.15%, 30, 0, 17, 296.21
1734152551, 33, 169, 176, 84, 2, 0.15%, 30, 0, 17, 294.68
1734152561, 33, 169, 177, 85, 2, 0.15%, 30, 0, 17, 295.99
1734152658, 33, 170, 177, 84, 2, 0.15%, 30, 0, 17, 323.88
1734152673, 33, 170, 178, 85, 2, 0.15%, 30, 0, 17, 390.22
1734152704, 33, 170, 180, 87, 2, 0.16%, 31, 0, 17, 389.20
1734152769, 33, 178, 180, 86, 2, 0.16%, 31, 0, 17, 307.11
1734152780, 33, 178, 181, 87, 2, 0.16%, 31, 0, 18, 503.63
1734152861, 33, 180, 181, 86, 1, 0.16%, 31, 0, 18, 323.36
1734152866, 33, 180, 182, 87, 1, 0.16%, 32, 0, 19, 424.99
1734152876, 33, 180, 184, 89, 1, 0.16%, 32, 0, 19, 506.20
1734152881, 33, 180, 185, 90, 1, 0.16%, 32, 0, 19, 517.12
1734152958, 33, 181, 185, 89, 2, 0.16%, 32, 0, 19, 355.03
1734152993, 33, 181, 186, 90, 2, 0.16%, 32, 0, 20, 506.08
1734153049, 33, 185, 186, 89, 1, 0.16%, 32, 0, 20, 337.08
1734153054, 33, 185, 187, 90, 1, 0.16%, 32, 0, 21, 344.41
1734153080, 33, 185, 188, 91, 1, 0.16%, 32, 0, 21, 507.72
1734153120, 33, 185, 189, 92, 1, 0.16%, 32, 0, 21, 505.60
1734153125, 33, 185, 190, 93, 1, 0.16%, 32, 0, 21, 507.45
1734153161, 33, 186, 190, 92, 1, 0.16%, 32, 0, 21, 315.93
1734153211, 33, 186, 191, 93, 1, 0.16%, 32, 0, 22, 508.72
1734153272, 33, 187, 191, 92, 1, 0.16%, 32, 0, 22, 336.00
1734153328, 33, 187, 192, 93, 1, 0.16%, 32, 0, 22, 504.82
1734153410, 34, 98, 192, 92, 1, 0.16%, 32, 0, 22, 406.46
1734153420, 34, 98, 193, 93, 1, 0.17%, 33, 0, 22, 318.93
1734153435, 34, 192, 193, 93, 2, 0.17%, 33, 0, 22, 295.80
1734153496, 34, 193, 194, 93, 2, 0.17%, 34, 0, 22, 324.49
1734153501, 34, 193, 196, 95, 2, 0.17%, 35, 0, 22, 236.46
1734153506, 34, 193, 200, 99, 2, 0.17%, 35, 0, 22, 272.20
1734153511, 34, 193, 201, 100, 2, 0.17%, 35, 0, 22, 278.27
1734153521, 34, 193, 203, 102, 2, 0.17%, 35, 0, 22, 272.37
1734153526, 34, 193, 204, 103, 2, 0.17%, 35, 0, 22, 277.99
1734153531, 34, 193, 205, 104, 2, 0.17%, 35, 0, 22, 277.59
1734153572, 34, 193, 206, 105, 2, 0.17%, 35, 0, 22, 279.48
1734153617, 34, 193, 207, 106, 2, 0.17%, 35, 0, 22, 278.77
1734153628, 34, 193, 208, 107, 2, 0.18%, 36, 0, 22, 280.73
1734153648, 34, 194, 209, 107, 4, 0.18%, 36, 0, 22, 250.01
1734153653, 34, 194, 211, 109, 4, 0.18%, 37, 0, 22, 253.16
1734153663, 34, 194, 213, 111, 4, 0.18%, 37, 0, 22, 252.95
1734153694, 34, 194, 214, 112, 4, 0.18%, 37, 0, 22, 260.65
1734153714, 34, 194, 215, 113, 4, 0.18%, 37, 0, 22, 262.11
1734153719, 34, 194, 216, 114, 4, 0.18%, 37, 0, 22, 258.19
1734153729, 34, 194, 217, 115, 4, 0.18%, 37, 0, 22, 266.89
1734153734, 34, 194, 218, 116, 4, 0.18%, 37, 0, 22, 259.31
1734153780, 34, 194, 219, 117, 4, 0.18%, 38, 0, 22, 304.37
1734153805, 34, 218, 219, 116, 4, 0.18%, 38, 0, 22, 296.85
1734153826, 34, 218, 220, 117, 4, 0.18%, 38, 0, 22, 257.35
1734153851, 34, 218, 221, 118, 4, 0.18%, 38, 0, 22, 266.65
1734153902, 34, 218, 222, 119, 4, 0.18%, 38, 0, 22, 269.13
1734153952, 35, 207, 223, 119, 3, 0.18%, 38, 0, 22, 346.38
1734154029, 35, 207, 224, 120, 3, 0.18%, 38, 0, 22, 298.58
1734154085, 35, 207, 225, 121, 3, 0.18%, 39, 0, 22, 325.53
1734154090, 35, 224, 226, 121, 3, 0.18%, 40, 0, 22, 215.37
1734154095, 35, 224, 228, 123, 3, 0.18%, 40, 0, 22, 300.52
1734154115, 35, 224, 230, 125, 3, 0.18%, 40, 0, 22, 353.64
1734154161, 35, 224, 231, 126, 3, 0.18%, 40, 0, 22, 344.09
1734154212, 35, 225, 232, 126, 3, 0.18%, 40, 0, 22, 270.64
1734154227, 35, 225, 233, 127, 3, 0.18%, 41, 0, 22, 344.49
1734154232, 35, 225, 234, 128, 3, 0.19%, 42, 0, 22, 350.74
1734154237, 35, 225, 235, 129, 3, 0.19%, 43, 0, 22, 355.58
1734154242, 35, 225, 237, 131, 3, 0.19%, 44, 0, 22, 350.31
1734154282, 35, 225, 239, 133, 3, 0.19%, 44, 0, 22, 348.83
1734154338, 35, 232, 239, 132, 6, 0.19%, 44, 0, 22, 230.05
1734154343, 35, 232, 240, 133, 6, 0.19%, 44, 0, 22, 194.39
1734154383, 35, 232, 241, 134, 6, 0.19%, 44, 0, 22, 346.25
1734154404, 35, 232, 242, 135, 6, 0.19%, 44, 0, 22, 343.36
1734154439, 35, 232, 243, 136, 6, 0.19%, 44, 0, 22, 330.52
1734154444, 35, 232, 244, 137, 6, 0.19%, 44, 0, 22, 321.74
1734154469, 35, 233, 244, 136, 6, 0.19%, 44, 0, 22, 263.84
1734154474, 35, 233, 245, 137, 6, 0.19%, 44, 0, 22, 303.16
1734154596, 35, 234, 245, 136, 5, 0.19%, 44, 0, 22, 296.06
1734154652, 35, 234, 246, 137, 5, 0.19%, 44, 0, 22, 287.86
1734154728, 35, 234, 247, 138, 5, 0.19%, 44, 0, 22, 326.93
1734154738, 35, 236, 247, 137, 4, 0.19%, 44, 0, 22, 234.00
1734154814, 36, 160, 247, 136, 3, 0.19%, 44, 0, 22, 311.81
1734154850, 36, 160, 248, 137, 3, 0.19%, 44, 0, 22, 279.61
1734154855, 36, 166, 248, 137, 3, 0.19%, 44, 0, 22, 340.93
1734154865, 36, 166, 250, 139, 3, 0.19%, 44, 0, 22, 514.89
1734154870, 36, 166, 251, 140, 3, 0.19%, 44, 0, 22, 524.30
1734154946, 36, 167, 251, 139, 3, 0.19%, 44, 0, 22, 367.71
1734155022, 36, 168, 251, 138, 3, 0.19%, 44, 0, 22, 307.94
1734155083, 36, 224, 251, 137, 2, 0.19%, 44, 0, 22, 340.35
1734155124, 36, 226, 251, 137, 2, 0.19%, 44, 0, 22, 190.93
1734155373, 36, 232, 251, 136, 2, 0.19%, 44, 0, 22, 322.31
1734155413, 36, 236, 251, 136, 2, 0.19%, 44, 0, 22, 340.00
1734155449, 36, 243, 251, 136, 2, 0.19%, 44, 0, 22, 232.08
1734155515, 36, 243, 252, 137, 2, 0.19%, 44, 0, 22, 149.90
1734155850, 36, 243, 253, 138, 2, 0.19%, 44, 0, 22, 265.04
1734155982, 36, 248, 253, 137, 2, 0.19%, 44, 0, 22, 396.47
1734156028, 36, 248, 254, 138, 2, 0.19%, 44, 0, 22, 417.33
1734156048, 36, 249, 254, 137, 2, 0.19%, 44, 0, 22, 347.94
1734156119, 36, 250, 254, 136, 2, 0.19%, 44, 0, 22, 368.42
1734156145, 36, 250, 255, 137, 2, 0.19%, 44, 0, 22, 521.22
1734156216, 36, 253, 255, 136, 2, 0.19%, 44, 0, 22, 326.93
1734156231, 36, 253, 256, 137, 2, 0.19%, 44, 0, 22, 447.94
1734156283, 36, 253, 258, 139, 2, 0.19%, 44, 0, 22, 484.61
1734156328, 36, 253, 259, 140, 2, 0.19%, 44, 0, 22, 505.66
1734156364, 36, 254, 259, 139, 2, 0.19%, 44, 0, 22, 397.78
1734156450, 36, 255, 259, 138, 2, 0.19%, 44, 0, 22, 323.32
1734156567, 36, 256, 259, 137, 2, 0.19%, 44, 0, 22, 335.61
1734156664, 36, 256, 260, 138, 2, 0.19%, 44, 0, 22, 515.26
1734156679, 36, 256, 261, 139, 2, 0.19%, 44, 0, 22, 515.19
1734156730, 36, 257, 261, 138, 2, 0.19%, 44, 0, 22, 320.14
1734156827, 36, 257, 262, 139, 2, 0.19%, 44, 0, 22, 512.65
1734156898, 37, 104, 262, 138, 2, 0.19%, 44, 0, 22, 434.16
1734156913, 37, 104, 263, 139, 2, 0.19%, 44, 0, 22, 298.94
1734156923, 37, 108, 263, 139, 2, 0.19%, 44, 0, 22, 307.45
1734156948, 37, 108, 264, 140, 2, 0.19%, 44, 0, 22, 408.95
1734157040, 37, 109, 264, 139, 2, 0.19%, 44, 0, 22, 260.73
1734157106, 37, 114, 264, 138, 2, 0.19%, 44, 0, 22, 419.53
1734157136, 37, 116, 264, 138, 2, 0.19%, 44, 0, 22, 301.76
1734157232, 37, 207, 264, 137, 2, 0.19%, 44, 0, 22, 290.18
1734157268, 37, 218, 264, 137, 2, 0.19%, 44, 0, 22, 301.71
1734157309, 37, 219, 265, 138, 2, 0.19%, 44, 0, 22, 322.20
1734157314, 37, 219, 266, 139, 2, 0.19%, 44, 0, 22, 278.92
1734157461, 37, 222, 266, 138, 2, 0.19%, 44, 0, 22, 297.87
1734157501, 37, 222, 267, 139, 2, 0.19%, 44, 0, 22, 291.90
1734157588, 37, 222, 268, 140, 2, 0.19%, 45, 0, 22, 346.33
1734157598, 37, 267, 269, 140, 3, 0.19%, 46, 0, 22, 326.13
1734157603, 37, 267, 270, 141, 3, 0.19%, 46, 0, 22, 349.73
1734157623, 37, 267, 271, 142, 3, 0.19%, 46, 0, 22, 368.13
1734157710, 37, 267, 272, 143, 3, 0.20%, 47, 0, 22, 350.46
1734157716, 37, 271, 273, 143, 4, 0.20%, 47, 0, 22, 273.54
1734157776, 37, 271, 274, 144, 4, 0.20%, 47, 0, 22, 295.69
1734157802, 38, 268, 274, 143, 3, 0.20%, 47, 0, 22, 286.91
1734157817, 38, 268, 275, 144, 3, 0.20%, 47, 0, 22, 332.66
1734157919, 38, 268, 276, 145, 3, 0.20%, 47, 0, 22, 350.11
1734157925, 38, 268, 277, 146, 3, 0.20%, 48, 0, 22, 323.73
1734157930, 38, 276, 277, 145, 2, 0.20%, 48, 0, 22, 346.82
1734157935, 38, 276, 278, 146, 2, 0.20%, 49, 0, 22, 291.70
1734157976, 38, 276, 279, 147, 2, 0.20%, 49, 0, 22, 281.33
1734157986, 38, 276, 280, 148, 2, 0.20%, 49, 0, 22, 271.38
1734158016, 38, 276, 281, 149, 2, 0.20%, 49, 0, 22, 279.66
1734158057, 38, 276, 282, 150, 2, 0.20%, 49, 0, 22, 342.18
1734158072, 38, 277, 282, 149, 3, 0.20%, 49, 0, 22, 343.34
1734158123, 38, 277, 283, 150, 3, 0.20%, 49, 0, 22, 348.30
1734158148, 38, 279, 283, 149, 2, 0.20%, 49, 0, 22, 275.21
1734158189, 38, 279, 284, 150, 2, 0.20%, 49, 0, 22, 402.81
1734158229, 38, 279, 285, 151, 2, 0.20%, 49, 0, 22, 402.26
1734158260, 38, 282, 286, 151, 2, 0.20%, 49, 0, 22, 365.62
1734158265, 38, 282, 288, 153, 2, 0.20%, 49, 0, 22, 334.31
1734158270, 38, 282, 289, 154, 2, 0.20%, 49, 0, 22, 313.13
1734158381, 38, 282, 290, 155, 2, 0.20%, 49, 0, 22, 307.60
1734158396, 38, 283, 290, 154, 2, 0.20%, 49, 0, 22, 258.93
1734158407, 38, 283, 291, 155, 2, 0.20%, 49, 0, 22, 311.97
1734158412, 38, 283, 292, 156, 2, 0.20%, 49, 0, 22, 376.39
1734158458, 38, 283, 293, 157, 2, 0.20%, 49, 0, 22, 392.11
1734158513, 38, 291, 293, 156, 2, 0.20%, 49, 0, 22, 314.26
1734158544, 38, 291, 295, 158, 2, 0.20%, 49, 0, 23, 389.02
1734158559, 38, 291, 296, 159, 2, 0.20%, 49, 0, 23, 391.37
