# unix_time, cycles_done, cur_path, paths_total, pending_total, pending_favs, map_size, unique_crashes, unique_hangs, max_depth, execs_per_sec
1734825758, 0, 0, 10, 10, 1, 0.00%, 0, 0, 1, 173.54
1734825763, 0, 2, 10, 10, 1, 0.00%, 0, 0, 1, 204.67
1734825768, 0, 3, 10, 9, 0, 0.00%, 0, 0, 1, 207.61
1734825773, 0, 4, 10, 8, 0, 0.00%, 0, 0, 1, 202.98
1734825784, 0, 5, 10, 7, 0, 0.00%, 0, 0, 1, 209.05
1734825789, 0, 6, 10, 6, 0, 0.00%, 0, 0, 1, 198.20
1734825799, 0, 7, 10, 5, 0, 0.00%, 0, 0, 1, 207.72
1734825804, 0, 8, 10, 4, 0, 0.00%, 0, 0, 1, 195.34
1734825814, 0, 9, 10, 3, 0, 0.00%, 0, 0, 1, 212.28
1734825819, 1, 0, 10, 2, 0, 0.00%, 0, 0, 1, 191.91
1734825829, 1, 1, 10, 1, 0, 0.00%, 0, 0, 1, 202.26
1734825839, 1, 2, 10, 0, 0, 0.00%, 0, 0, 1, 210.19
1734825849, 1, 3, 10, 0, 0, 0.00%, 0, 0, 1, 208.28
1734825855, 1, 5, 10, 0, 0, 0.00%, 0, 0, 1, 207.76
1734825860, 1, 6, 10, 0, 0, 0.00%, 0, 0, 1, 207.96
1734825865, 1, 8, 10, 0, 0, 0.00%, 0, 0, 1, 212.62
1734825870, 1, 9, 10, 0, 0, 0.00%, 0, 0, 1, 210.56
1734825875, 2, 1, 10, 0, 0, 0.00%, 0, 0, 1, 210.99
1734825880, 2, 2, 10, 0, 0, 0.00%, 0, 0, 1, 208.17
1734825885, 2, 3, 10, 0, 0, 0.00%, 0, 0, 1, 208.58
1734825890, 2, 5, 10, 0, 0, 0.00%, 0, 0, 1, 204.71
1734825895, 2, 6, 10, 0, 0, 0.00%, 0, 0, 1, 208.65
1734825900, 2, 8, 10, 0, 0, 0.00%, 0, 0, 1, 206.68
1734825905, 2, 9, 10, 0, 0, 0.00%, 0, 0, 1, 208.76
1734825910, 3, 0, 10, 0, 0, 0.00%, 0, 0, 1, 212.05
1734825916, 3, 2, 10, 0, 0, 0.00%, 0, 0, 1, 205.88
1734825921, 3, 3, 10, 0, 0, 0.00%, 0, 0, 1, 208.22
1734825926, 3, 5, 10, 0, 0, 0.00%, 0, 0, 1, 208.08
1734825931, 3, 6, 10, 0, 0, 0.00%, 0, 0, 1, 209.36
1734825936, 3, 7, 10, 0, 0, 0.00%, 0, 0, 1, 208.86
1734825941, 3, 9, 10, 0, 0, 0.00%, 0, 0, 1, 207.86
1734825946, 4, 0, 10, 0, 0, 0.00%, 0, 0, 1, 202.75
1734825951, 4, 2, 10, 0, 0, 0.00%, 0, 0, 1, 205.59
1734825956, 4, 3, 10, 0, 0, 0.00%, 0, 0, 1, 208.76
1734825962, 4, 5, 10, 0, 0, 0.00%, 0, 0, 1, 208.02
1734825967, 4, 6, 10, 0, 0, 0.00%, 0, 0, 1, 206.15
1734825972, 4, 7, 10, 0, 0, 0.00%, 0, 0, 1, 210.10
1734825977, 4, 9, 10, 0, 0, 0.00%, 0, 0, 1, 209.63
1734825982, 5, 0, 10, 0, 0, 0.00%, 0, 0, 1, 210.10
1734825987, 5, 2, 10, 0, 0, 0.00%, 0, 0, 1, 206.90
1734825992, 5, 3, 10, 0, 0, 0.00%, 0, 0, 1, 206.93
1734825997, 5, 4, 10, 0, 0, 0.00%, 0, 0, 1, 206.57
1734826002, 5, 6, 10, 0, 0, 0.00%, 0, 0, 1, 206.96
1734826007, 5, 7, 10, 0, 0, 0.00%, 0, 0, 1, 210.46
1734826013, 5, 9, 10, 0, 0, 0.00%, 0, 0, 1, 208.15
1734826018, 6, 0, 10, 0, 0, 0.00%, 0, 0, 1, 207.69
1734826023, 6, 2, 10, 0, 0, 0.00%, 0, 0, 1, 208.68
1734826028, 6, 3, 10, 0, 0, 0.00%, 0, 0, 1, 211.09
1734826033, 6, 4, 10, 0, 0, 0.00%, 0, 0, 1, 207.72
1734826038, 6, 6, 10, 0, 0, 0.00%, 0, 0, 1, 208.00
1734826043, 6, 7, 10, 0, 0, 0.00%, 0, 0, 1, 211.58
1734826048, 6, 9, 10, 0, 0, 0.00%, 0, 0, 1, 208.56
1734826053, 7, 0, 10, 0, 0, 0.00%, 0, 0, 1, 204.84
1734826058, 7, 1, 10, 0, 0, 0.00%, 0, 0, 1, 207.39
1734826063, 7, 3, 10, 0, 0, 0.00%, 0, 0, 1, 207.41
1734826068, 7, 4, 10, 0, 0, 0.00%, 0, 0, 1, 210.27
1734826073, 7, 6, 10, 0, 0, 0.00%, 0, 0, 1, 209.51
1734826078, 7, 7, 10, 0, 0, 0.00%, 0, 0, 1, 207.94
1734826083, 7, 8, 10, 0, 0, 0.00%, 0, 0, 1, 206.75
1734826088, 8, 0, 10, 0, 0, 0.00%, 0, 0, 1, 208.71
1734826093, 8, 1, 10, 0, 0, 0.00%, 0, 0, 1, 206.27
1734826098, 8, 3, 10, 0, 0, 0.00%, 0, 0, 1, 204.88
1734826103, 8, 4, 10, 0, 0, 0.00%, 0, 0, 1, 209.59
1734826109, 8, 5, 10, 0, 0, 0.00%, 0, 0, 1, 208.68
1734826114, 8, 7, 10, 0, 0, 0.00%, 0, 0, 1, 207.44
1734826119, 8, 8, 10, 0, 0, 0.00%, 0, 0, 1, 206.70
1734826124, 9, 0, 10, 0, 0, 0.00%, 0, 0, 1, 207.98
1734826129, 9, 1, 10, 0, 0, 0.00%, 0, 0, 1, 208.72
1734826134, 9, 3, 10, 0, 0, 0.00%, 0, 0, 1, 211.46
1734826139, 9, 4, 10, 0, 0, 0.00%, 0, 0, 1, 207.92
1734826144, 9, 5, 10, 0, 0, 0.00%, 0, 0, 1, 209.88
1734826150, 9, 7, 10, 0, 0, 0.00%, 0, 0, 1, 208.14
1734826155, 9, 8, 11, 1, 0, 0.05%, 1, 0, 2, 206.71
1734826160, 9, 10, 11, 1, 1, 0.05%, 1, 0, 2, 235.60
1734826170, 9, 10, 12, 2, 1, 0.05%, 2, 0, 3, 271.00
1734826266, 9, 10, 13, 3, 1, 0.05%, 3, 0, 3, 236.89
1734826281, 9, 12, 15, 4, 2, 0.05%, 4, 0, 4, 247.59
1734826286, 9, 12, 16, 5, 2, 0.05%, 4, 0, 4, 261.67
1734826291, 9, 12, 17, 6, 2, 0.05%, 4, 0, 4, 272.48
1734826296, 9, 12, 18, 7, 2, 0.06%, 5, 0, 4, 271.86
1734826316, 9, 12, 19, 8, 2, 0.06%, 6, 0, 4, 264.36
1734826377, 9, 12, 20, 9, 2, 0.06%, 7, 0, 4, 237.44
1734826393, 9, 19, 21, 9, 5, 0.06%, 7, 0, 5, 410.32
1734826459, 9, 19, 22, 10, 5, 0.06%, 7, 0, 5, 259.56
1734826469, 10, 13, 23, 10, 4, 0.06%, 7, 0, 5, 236.12
1734826509, 10, 13, 24, 11, 4, 0.06%, 7, 0, 5, 229.33
1734826515, 10, 13, 26, 13, 4, 0.06%, 7, 0, 5, 233.04
1734826566, 10, 13, 27, 14, 4, 0.06%, 7, 0, 5, 228.58
1734826581, 10, 13, 29, 16, 4, 0.06%, 7, 0, 5, 233.58
1734826601, 10, 17, 29, 15, 3, 0.06%, 7, 0, 5, 225.34
1734826606, 10, 17, 30, 16, 3, 0.06%, 7, 0, 5, 426.76
1734826642, 10, 17, 31, 17, 3, 0.06%, 7, 0, 5, 478.45
1734826652, 10, 17, 32, 18, 3, 0.06%, 8, 0, 5, 480.34
1734826667, 10, 17, 34, 20, 3, 0.06%, 8, 0, 5, 262.60
1734826677, 10, 17, 36, 22, 3, 0.06%, 8, 0, 5, 270.98
1734826682, 10, 31, 38, 23, 3, 0.06%, 9, 0, 6, 428.81
1734826687, 10, 31, 39, 24, 3, 0.06%, 9, 0, 6, 474.99
1734826702, 10, 31, 40, 25, 3, 0.06%, 9, 0, 6, 490.67
1734826708, 10, 31, 41, 26, 3, 0.06%, 9, 0, 6, 474.54
1734826718, 10, 31, 42, 27, 3, 0.06%, 9, 0, 6, 488.86
1734826728, 10, 31, 43, 28, 3, 0.06%, 9, 0, 6, 483.46
1734826733, 10, 31, 45, 30, 3, 0.06%, 9, 0, 6, 368.94
1734826748, 10, 36, 46, 30, 3, 0.06%, 9, 0, 7, 339.41
1734826783, 10, 39, 47, 30, 2, 0.06%, 9, 0, 7, 427.44
1734826793, 10, 39, 50, 33, 2, 0.06%, 9, 0, 7, 430.14
1734826839, 10, 39, 51, 34, 2, 0.06%, 9, 0, 7, 445.76
1734826844, 10, 39, 52, 35, 2, 0.06%, 9, 0, 7, 439.82
1734826880, 10, 45, 52, 34, 1, 0.06%, 9, 0, 7, 404.35
1734826885, 10, 45, 53, 35, 1, 0.06%, 9, 0, 8, 452.28
1734826931, 10, 49, 53, 34, 1, 0.06%, 9, 0, 8, 312.18
1734826971, 10, 52, 53, 33, 0, 0.06%, 9, 0, 8, 349.64
1734826996, 10, 52, 54, 34, 0, 0.06%, 9, 0, 9, 434.25
1734827001, 10, 52, 55, 35, 0, 0.06%, 9, 0, 9, 440.53
1734827052, 11, 19, 55, 34, 0, 0.06%, 9, 0, 9, 232.29
1734827057, 11, 19, 56, 35, 0, 0.07%, 10, 0, 9, 420.16
1734827073, 11, 19, 58, 37, 0, 0.07%, 10, 0, 9, 299.36
1734827078, 11, 55, 59, 38, 1, 0.07%, 10, 0, 9, 271.66
1734827114, 11, 55, 63, 42, 1, 0.07%, 10, 0, 9, 242.97
1734827124, 11, 56, 63, 41, 1, 0.07%, 10, 0, 9, 320.85
1734827181, 11, 56, 64, 42, 1, 0.07%, 10, 0, 9, 484.66
1734827338, 11, 56, 65, 43, 1, 0.07%, 10, 0, 9, 438.02
1734827343, 11, 56, 66, 44, 1, 0.07%, 10, 0, 9, 449.44
1734827419, 11, 58, 66, 43, 1, 0.07%, 10, 0, 9, 218.26
1734827465, 11, 58, 67, 44, 1, 0.07%, 10, 0, 9, 275.30
1734827475, 12, 36, 67, 43, 0, 0.07%, 10, 0, 9, 398.27
1734827491, 12, 45, 67, 43, 0, 0.07%, 10, 0, 9, 271.90
1734827511, 12, 52, 67, 43, 0, 0.07%, 10, 0, 9, 349.20
1734827542, 12, 53, 67, 43, 0, 0.07%, 10, 0, 9, 447.55
1734827557, 12, 53, 68, 44, 0, 0.07%, 10, 0, 10, 451.37
1734827562, 12, 53, 69, 45, 0, 0.07%, 10, 0, 10, 452.21
1734827592, 12, 53, 70, 46, 0, 0.07%, 10, 0, 10, 445.65
1734827623, 12, 54, 70, 45, 0, 0.07%, 10, 0, 10, 348.43
1734827674, 12, 67, 70, 44, 0, 0.07%, 10, 0, 10, 319.74
1734827689, 12, 67, 71, 45, 0, 0.07%, 10, 0, 11, 477.97
1734827699, 12, 67, 72, 46, 0, 0.07%, 10, 0, 11, 459.08
1734827750, 12, 67, 73, 47, 0, 0.07%, 10, 0, 11, 350.06
1734827755, 12, 68, 73, 46, 0, 0.07%, 10, 0, 11, 321.24
1734827831, 12, 69, 73, 45, 0, 0.07%, 10, 0, 11, 242.42
1734828249, 12, 69, 75, 47, 0, 0.07%, 10, 0, 11, 439.94
1734828315, 13, 11, 75, 46, 0, 0.07%, 10, 0, 11, 311.45
1734828335, 13, 18, 75, 45, 0, 0.07%, 10, 0, 11, 260.46
1734828381, 13, 25, 75, 44, 0, 0.07%, 10, 0, 11, 257.41
1734828422, 13, 31, 75, 43, 0, 0.07%, 10, 0, 11, 346.63
1734828437, 13, 37, 75, 43, 0, 0.07%, 10, 0, 11, 343.19
1734828473, 13, 38, 76, 43, 0, 0.07%, 10, 0, 11, 369.35
1734828569, 13, 55, 76, 42, 0, 0.07%, 10, 0, 11, 304.89
1734828584, 13, 55, 77, 43, 0, 0.07%, 10, 0, 11, 278.76
1734828589, 13, 58, 77, 43, 0, 0.07%, 10, 0, 11, 225.12
1734828610, 13, 59, 77, 43, 0, 0.07%, 10, 0, 11, 276.40
1734828656, 13, 60, 77, 42, 0, 0.07%, 10, 0, 11, 273.70
1734828711, 13, 62, 77, 41, 0, 0.07%, 10, 0, 11, 306.39
1734828763, 13, 67, 77, 40, 0, 0.07%, 10, 0, 11, 403.86
1734828788, 13, 68, 77, 40, 0, 0.07%, 10, 0, 11, 332.37
1734828813, 13, 69, 77, 40, 0, 0.07%, 10, 0, 11, 404.40
1734828844, 13, 69, 78, 41, 0, 0.07%, 10, 0, 11, 349.55
1734828849, 13, 75, 78, 41, 0, 0.07%, 10, 0, 11, 378.57
1734828945, 13, 76, 78, 40, 0, 0.07%, 10, 0, 11, 339.27
1734828981, 14, 18, 78, 39, 0, 0.07%, 10, 0, 11, 276.39
1734829006, 14, 25, 78, 39, 0, 0.07%, 10, 0, 11, 318.39
1734829022, 14, 27, 78, 39, 0, 0.07%, 10, 0, 11, 277.77
1734829057, 14, 28, 78, 38, 0, 0.07%, 10, 0, 11, 285.57
1734829108, 14, 39, 78, 37, 0, 0.07%, 10, 0, 11, 318.05
1734829128, 14, 46, 78, 37, 0, 0.07%, 10, 0, 11, 280.61
1734829164, 14, 47, 78, 36, 0, 0.07%, 10, 0, 11, 343.69
1734829240, 14, 48, 78, 35, 0, 0.07%, 10, 0, 11, 306.67
1734829280, 14, 49, 78, 34, 0, 0.07%, 10, 0, 11, 331.37
1734829301, 14, 50, 78, 34, 0, 0.07%, 10, 0, 11, 369.89
1734829337, 14, 51, 78, 33, 0, 0.07%, 10, 0, 11, 343.38
1734829383, 14, 52, 78, 32, 0, 0.07%, 10, 0, 11, 384.85
1734829393, 14, 53, 78, 32, 0, 0.07%, 10, 0, 11, 303.72
1734829418, 14, 54, 78, 32, 0, 0.07%, 10, 0, 11, 310.81
1734829444, 14, 55, 78, 32, 0, 0.07%, 10, 0, 11, 292.87
1734829454, 14, 56, 78, 32, 0, 0.07%, 10, 0, 11, 285.21
1734829475, 14, 57, 78, 32, 0, 0.07%, 10, 0, 11, 251.88
1734830251, 14, 58, 78, 31, 0, 0.07%, 10, 0, 11, 280.99
1734830261, 14, 59, 78, 31, 0, 0.07%, 10, 0, 11, 282.72
1734830266, 14, 59, 81, 34, 0, 0.09%, 12, 0, 11, 240.09
1734830307, 14, 79, 81, 34, 1, 0.09%, 12, 0, 11, 332.51
1734830373, 14, 80, 83, 35, 0, 0.09%, 13, 0, 11, 489.62
1734830378, 14, 80, 84, 36, 0, 0.09%, 13, 0, 11, 515.23
1734830419, 14, 82, 84, 35, 1, 0.09%, 13, 0, 11, 366.17
1734830429, 14, 82, 85, 36, 1, 0.09%, 13, 0, 11, 466.55
1734830489, 14, 84, 85, 35, 0, 0.09%, 13, 0, 11, 266.26
1734830494, 14, 84, 90, 40, 0, 0.12%, 16, 0, 11, 464.03
1734830500, 14, 84, 91, 41, 0, 0.12%, 16, 0, 11, 497.72
1734830525, 14, 84, 92, 42, 0, 0.13%, 17, 0, 11, 528.97
1734830550, 14, 84, 93, 43, 0, 0.13%, 17, 0, 11, 373.92
1734830560, 14, 86, 93, 42, 4, 0.13%, 17, 0, 11, 322.17
1734830565, 14, 86, 94, 43, 4, 0.13%, 17, 0, 11, 242.98
1734830667, 14, 91, 95, 43, 3, 0.13%, 18, 0, 11, 246.55
1734830693, 14, 91, 99, 47, 3, 0.13%, 18, 0, 11, 423.66
1734830713, 14, 91, 100, 48, 3, 0.13%, 18, 0, 11, 475.19
1734830723, 14, 91, 101, 49, 3, 0.13%, 18, 0, 11, 477.54
1734830738, 14, 91, 102, 50, 3, 0.13%, 18, 0, 11, 475.07
1734830743, 14, 91, 103, 51, 3, 0.13%, 18, 0, 11, 388.32
1734830759, 14, 94, 103, 50, 3, 0.13%, 18, 0, 11, 289.26
1734830764, 14, 94, 107, 54, 3, 0.13%, 21, 0, 12, 214.02
1734830779, 14, 94, 108, 55, 3, 0.13%, 21, 0, 12, 417.04
1734830835, 14, 94, 109, 56, 3, 0.13%, 21, 0, 12, 395.27
1734830845, 14, 94, 110, 57, 3, 0.13%, 21, 0, 12, 342.37
1734830850, 14, 103, 111, 57, 5, 0.13%, 22, 0, 13, 255.71
1734830865, 14, 103, 112, 58, 5, 0.13%, 22, 0, 13, 429.55
1734830876, 14, 103, 113, 59, 5, 0.13%, 22, 0, 13, 490.74
1734830932, 14, 110, 114, 59, 5, 0.14%, 23, 0, 14, 366.96
1734830953, 14, 110, 115, 60, 5, 0.14%, 23, 0, 14, 444.22
1734830974, 14, 110, 116, 61, 5, 0.14%, 23, 0, 14, 491.36
1734831015, 14, 113, 116, 60, 5, 0.14%, 23, 0, 14, 326.05
1734831035, 14, 113, 117, 61, 5, 0.14%, 23, 0, 15, 428.16
1734831060, 14, 113, 119, 63, 5, 0.14%, 24, 0, 15, 478.12
1734831127, 14, 117, 119, 62, 4, 0.14%, 24, 0, 15, 272.89
1734831132, 14, 117, 121, 64, 4, 0.16%, 26, 0, 16, 264.29
1734831137, 14, 117, 131, 74, 4, 0.16%, 26, 0, 16, 247.04
1734831142, 14, 117, 134, 77, 4, 0.16%, 26, 0, 16, 314.39
1734831147, 14, 117, 135, 78, 4, 0.16%, 27, 0, 16, 238.97
1734831162, 14, 117, 137, 80, 4, 0.16%, 27, 0, 16, 419.43
1734831167, 14, 117, 140, 83, 4, 0.16%, 27, 0, 16, 289.75
1734831203, 14, 117, 144, 87, 4, 0.16%, 27, 0, 16, 478.86
1734831264, 14, 117, 145, 88, 4, 0.16%, 27, 0, 16, 363.95
1734831284, 14, 120, 145, 87, 6, 0.16%, 27, 0, 16, 336.18
1734831299, 14, 120, 147, 89, 6, 0.17%, 29, 0, 17, 207.37
1734831315, 14, 120, 148, 90, 6, 0.17%, 29, 0, 17, 438.58
1734831406, 14, 146, 148, 89, 7, 0.17%, 29, 0, 17, 272.71
1734831412, 14, 146, 149, 90, 7, 0.17%, 30, 0, 18, 218.05
1734831462, 14, 146, 150, 91, 7, 0.17%, 30, 0, 18, 434.52
1734831503, 14, 146, 151, 92, 7, 0.18%, 31, 0, 18, 328.34
1734831523, 14, 148, 151, 91, 7, 0.18%, 31, 0, 18, 276.76
1734831558, 14, 148, 152, 92, 7, 0.18%, 31, 0, 19, 440.11
1734831640, 14, 150, 153, 92, 6, 0.18%, 32, 0, 19, 377.39
1734831645, 14, 150, 157, 96, 6, 0.18%, 32, 0, 19, 318.70
1734831650, 14, 150, 158, 97, 6, 0.18%, 32, 0, 19, 296.01
1734831670, 14, 150, 159, 98, 6, 0.18%, 33, 0, 19, 298.63
1734831685, 14, 150, 160, 99, 6, 0.18%, 33, 0, 19, 302.86
1734831746, 14, 150, 161, 100, 6, 0.18%, 33, 0, 19, 298.96
1734831761, 14, 150, 163, 102, 6, 0.19%, 34, 0, 19, 315.15
1734831772, 14, 150, 166, 105, 6, 0.19%, 34, 0, 19, 443.18
1734831777, 14, 162, 166, 104, 8, 0.19%, 34, 0, 19, 353.72
1734831797, 14, 162, 168, 106, 8, 0.19%, 34, 0, 20, 293.59
1734831802, 14, 162, 173, 111, 8, 0.19%, 35, 0, 20, 357.65
1734831812, 14, 162, 174, 112, 8, 0.19%, 35, 0, 20, 377.78
1734831843, 14, 162, 175, 113, 8, 0.19%, 35, 0, 20, 368.23
1734831853, 14, 162, 176, 114, 8, 0.19%, 35, 0, 20, 364.24
1734831873, 14, 162, 178, 116, 8, 0.19%, 36, 0, 20, 365.66
1734831888, 14, 162, 179, 117, 8, 0.19%, 37, 0, 20, 350.40
1734831903, 14, 162, 180, 118, 8, 0.19%, 37, 0, 20, 337.19
1734831913, 14, 177, 180, 117, 10, 0.19%, 37, 0, 20, 297.66
1734831934, 14, 177, 181, 118, 10, 0.19%, 37, 0, 21, 363.63
1734831944, 14, 177, 182, 119, 10, 0.19%, 37, 0, 21, 378.37
1734831949, 14, 177, 183, 120, 10, 0.19%, 37, 0, 21, 374.78
1734831994, 14, 177, 184, 121, 10, 0.19%, 37, 0, 21, 372.06
1734832004, 14, 177, 185, 122, 10, 0.19%, 37, 0, 21, 374.16
1734832034, 14, 177, 186, 123, 10, 0.19%, 38, 0, 21, 388.30
1734832040, 14, 185, 187, 123, 9, 0.19%, 38, 0, 22, 362.44
1734832065, 14, 185, 188, 124, 9, 0.19%, 38, 0, 22, 309.86
1734832171, 15, 178, 189, 124, 8, 0.19%, 39, 0, 22, 312.64
1734832192, 15, 178, 190, 125, 8, 0.19%, 39, 0, 22, 356.72
1734832222, 15, 178, 191, 126, 8, 0.19%, 39, 0, 22, 376.08
1734832299, 15, 188, 191, 125, 8, 0.19%, 39, 0, 22, 319.80
1734832304, 15, 188, 192, 126, 8, 0.20%, 40, 0, 22, 224.54
1734832319, 15, 188, 193, 127, 8, 0.20%, 40, 0, 22, 342.10
1734832329, 15, 188, 194, 128, 8, 0.20%, 40, 0, 22, 365.72
1734832425, 15, 191, 194, 127, 8, 0.20%, 40, 0, 22, 319.48
1734832441, 15, 191, 195, 128, 8, 0.20%, 40, 0, 23, 293.30
1734832511, 15, 191, 196, 129, 8, 0.20%, 40, 0, 23, 376.27
1734832552, 16, 145, 196, 128, 7, 0.20%, 40, 0, 23, 292.20
1734832628, 16, 152, 196, 127, 6, 0.20%, 40, 0, 23, 393.00
1734832638, 16, 152, 197, 128, 6, 0.20%, 40, 0, 23, 308.15
1734832643, 16, 152, 198, 129, 6, 0.20%, 40, 0, 23, 297.92
1734832765, 17, 105, 198, 128, 5, 0.20%, 40, 0, 23, 289.12
1734832785, 17, 105, 199, 129, 5, 0.20%, 40, 0, 23, 458.76
1734832841, 17, 105, 200, 130, 5, 0.20%, 40, 0, 23, 378.71
1734832846, 17, 171, 200, 129, 4, 0.20%, 40, 0, 23, 348.17
1734832856, 17, 171, 201, 130, 4, 0.20%, 40, 0, 23, 337.56
1734832862, 17, 171, 202, 131, 4, 0.20%, 40, 0, 23, 335.35
1734832969, 17, 198, 202, 130, 3, 0.20%, 40, 0, 23, 348.29
1734833014, 17, 198, 203, 131, 3, 0.20%, 40, 0, 23, 489.07
1734833024, 17, 198, 204, 132, 3, 0.20%, 40, 0, 23, 495.84
1734833060, 17, 198, 205, 133, 3, 0.20%, 40, 0, 23, 411.54
1734833075, 18, 145, 205, 132, 3, 0.20%, 40, 0, 23, 382.77
1734833105, 19, 145, 205, 132, 3, 0.20%, 40, 0, 23, 340.01
1734833136, 19, 148, 205, 132, 3, 0.20%, 40, 0, 23, 390.68
1734833156, 19, 151, 205, 132, 3, 0.20%, 40, 0, 23, 389.91
1734833304, 19, 162, 205, 131, 3, 0.20%, 40, 0, 23, 241.09
1734833319, 19, 162, 206, 132, 3, 0.20%, 40, 0, 23, 333.93
1734833345, 19, 162, 207, 133, 3, 0.20%, 40, 0, 23, 382.26
1734833360, 19, 162, 209, 135, 3, 0.20%, 41, 0, 23, 365.09
1734833365, 19, 207, 209, 135, 4, 0.20%, 41, 0, 23, 307.92
1734833386, 19, 207, 211, 137, 4, 0.20%, 41, 0, 23, 327.01
1734833497, 19, 208, 211, 136, 4, 0.20%, 41, 0, 23, 281.32
1734833573, 20, 145, 211, 135, 3, 0.20%, 41, 0, 23, 344.02
1734833588, 20, 206, 211, 135, 3, 0.20%, 41, 0, 23, 384.84
1734833593, 20, 206, 212, 136, 3, 0.20%, 41, 0, 23, 439.61
1734833598, 20, 206, 213, 137, 3, 0.20%, 41, 0, 23, 485.17
1734833608, 20, 206, 214, 138, 3, 0.20%, 41, 0, 23, 505.40
1734833679, 20, 211, 214, 137, 3, 0.20%, 41, 0, 23, 420.09
1734833700, 20, 211, 215, 138, 3, 0.20%, 41, 0, 23, 499.31
1734833715, 20, 211, 216, 139, 3, 0.20%, 41, 0, 23, 500.22
1734833771, 20, 212, 216, 138, 3, 0.20%, 41, 0, 23, 364.71
1734833776, 20, 212, 217, 139, 3, 0.20%, 41, 0, 23, 378.36
1734833781, 20, 212, 218, 140, 3, 0.20%, 42, 0, 23, 437.42
1734833811, 20, 212, 219, 141, 3, 0.20%, 42, 0, 23, 511.67
1734833816, 20, 212, 221, 143, 3, 0.20%, 42, 0, 23, 496.43
1734833836, 20, 212, 222, 144, 3, 0.20%, 42, 0, 23, 499.41
1734833847, 20, 212, 223, 145, 3, 0.20%, 42, 0, 23, 500.22
1734833882, 20, 217, 223, 144, 4, 0.20%, 42, 0, 23, 340.94
1734833948, 20, 221, 223, 143, 3, 0.20%, 42, 0, 23, 346.41
1734833953, 20, 221, 224, 144, 3, 0.20%, 42, 0, 23, 367.28
1734833958, 20, 221, 225, 145, 3, 0.20%, 42, 0, 23, 436.09
1734833983, 20, 221, 226, 146, 3, 0.20%, 42, 0, 23, 460.33
1734833993, 20, 221, 227, 147, 3, 0.20%, 42, 0, 23, 498.65
1734834014, 20, 221, 228, 148, 3, 0.20%, 42, 0, 23, 501.05
1734834069, 20, 223, 228, 147, 3, 0.20%, 42, 0, 23, 333.76
1734834115, 20, 223, 229, 148, 3, 0.20%, 42, 0, 24, 502.12
1734834131, 20, 223, 230, 149, 3, 0.20%, 42, 0, 24, 500.07
1734834156, 20, 223, 231, 150, 3, 0.20%, 42, 0, 24, 505.28
1734834191, 20, 224, 232, 150, 3, 0.20%, 42, 0, 24, 350.26
1734834277, 20, 225, 232, 149, 3, 0.20%, 42, 0, 24, 385.85
1734834288, 20, 225, 233, 150, 3, 0.20%, 42, 0, 24, 429.73
1734834323, 20, 225, 234, 151, 3, 0.20%, 42, 0, 24, 503.04
1734834348, 20, 225, 235, 152, 3, 0.20%, 42, 0, 24, 501.69
1734834399, 20, 226, 235, 151, 3, 0.20%, 42, 0, 24, 352.38
1734834485, 20, 226, 236, 152, 3, 0.20%, 42, 0, 24, 505.44
1734834546, 20, 227, 236, 151, 3, 0.20%, 42, 0, 24, 345.75
1734834617, 20, 227, 237, 152, 3, 0.20%, 42, 0, 24, 504.81
1734834647, 20, 227, 238, 153, 3, 0.20%, 42, 0, 24, 507.35
1734834693, 20, 228, 238, 152, 3, 0.20%, 42, 0, 24, 369.15
1734834840, 20, 229, 238, 151, 3, 0.20%, 42, 0, 24, 372.41
1734834983, 21, 86, 238, 150, 3, 0.20%, 42, 0, 24, 372.39
1734835013, 21, 88, 238, 150, 3, 0.20%, 42, 0, 24, 357.53
1734835059, 21, 93, 238, 149, 3, 0.20%, 42, 0, 24, 428.52
1734835069, 21, 93, 239, 150, 3, 0.20%, 42, 0, 24, 514.80
1734835130, 21, 103, 239, 149, 3, 0.20%, 42, 0, 24, 377.77
1734835141, 21, 103, 240, 150, 3, 0.20%, 42, 0, 24, 427.89
1734835151, 21, 106, 240, 150, 3, 0.20%, 42, 0, 24, 341.49
1734835212, 21, 110, 240, 149, 2, 0.20%, 42, 0, 24, 371.95
1734835232, 21, 111, 240, 149, 2, 0.20%, 42, 0, 24, 415.70
1734835283, 21, 111, 241, 150, 2, 0.20%, 42, 0, 24, 488.86
1734835335, 21, 112, 241, 149, 2, 0.20%, 42, 0, 24, 322.47
1734835442, 21, 112, 242, 150, 2, 0.20%, 42, 0, 24, 377.39
1734835457, 21, 114, 242, 149, 3, 0.20%, 42, 0, 24, 368.02
1734835493, 21, 114, 243, 150, 3, 0.20%, 42, 0, 24, 373.15
1734835518, 21, 114, 244, 151, 3, 0.20%, 42, 0, 24, 484.91
1734835584, 21, 115, 244, 150, 3, 0.20%, 42, 0, 24, 258.48
1734835651, 21, 134, 244, 149, 3, 0.20%, 42, 0, 24, 325.79
1734835778, 21, 135, 244, 148, 3, 0.20%, 42, 0, 24, 280.62
1734835865, 21, 148, 244, 147, 3, 0.20%, 42, 0, 24, 361.95
1734835890, 21, 151, 244, 147, 3, 0.20%, 42, 0, 24, 419.48
1734835911, 21, 151, 245, 148, 3, 0.20%, 42, 0, 24, 423.02
1734835936, 21, 151, 246, 149, 3, 0.20%, 42, 0, 24, 412.71
1734835946, 21, 152, 246, 149, 3, 0.20%, 42, 0, 24, 370.10
1734835981, 21, 162, 246, 149, 3, 0.20%, 42, 0, 24, 352.02
1734836017, 21, 163, 246, 149, 3, 0.20%, 42, 0, 24, 387.21
1734836098, 21, 166, 246, 148, 3, 0.20%, 42, 0, 24, 297.13
1734836340, 21, 171, 246, 147, 3, 0.20%, 42, 0, 24, 358.00
1734836370, 21, 177, 246, 147, 3, 0.20%, 42, 0, 24, 348.28
1734836406, 21, 178, 246, 147, 3, 0.20%, 42, 0, 24, 314.90
1734836436, 21, 178, 248, 149, 3, 0.20%, 42, 0, 24, 333.48
1734836441, 21, 180, 248, 149, 3, 0.20%, 42, 0, 24, 308.65
1734836502, 21, 180, 249, 150, 3, 0.20%, 42, 0, 24, 378.47
1734836543, 21, 180, 250, 151, 3, 0.20%, 42, 0, 24, 372.99
1734836588, 21, 185, 250, 150, 3, 0.20%, 42, 0, 24, 322.89
1734836624, 21, 187, 250, 150, 3, 0.20%, 42, 0, 24, 350.82
1734836705, 21, 188, 250, 149, 3, 0.20%, 42, 0, 24, 336.56
1734836740, 21, 189, 250, 149, 3, 0.20%, 42, 0, 24, 273.38
1734836775, 21, 189, 251, 150, 3, 0.20%, 42, 0, 24, 289.08
1734836781, 21, 189, 253, 152, 3, 0.20%, 42, 0, 24, 347.83
1734836887, 21, 191, 253, 151, 3, 0.20%, 42, 0, 24, 281.28
1734836923, 21, 192, 253, 151, 3, 0.20%, 42, 0, 24, 288.98
1734836954, 21, 192, 254, 152, 3, 0.20%, 42, 0, 24, 364.69
1734836989, 21, 192, 255, 153, 3, 0.20%, 42, 0, 24, 368.60
1734837055, 21, 194, 255, 152, 3, 0.20%, 42, 0, 24, 297.21
1734837085, 21, 194, 256, 153, 3, 0.20%, 42, 0, 24, 367.27
1734837182, 21, 200, 256, 152, 3, 0.20%, 42, 0, 24, 412.31
1734837258, 21, 201, 256, 151, 3, 0.20%, 42, 0, 24, 338.47
1734837303, 21, 201, 257, 152, 3, 0.20%, 42, 0, 24, 320.20
1734837359, 21, 201, 258, 153, 3, 0.20%, 42, 0, 24, 323.27
1734837384, 21, 207, 258, 152, 3, 0.20%, 42, 0, 24, 362.10
1734837415, 21, 208, 258, 152, 3, 0.20%, 42, 0, 24, 372.81
1734837450, 21, 209, 258, 152, 3, 0.20%, 42, 0, 24, 274.44
1734837506, 21, 209, 259, 153, 3, 0.20%, 42, 0, 24, 368.42
1734837602, 21, 238, 259, 152, 3, 0.20%, 42, 0, 24, 416.45
1734837663, 22, 86, 259, 151, 3, 0.20%, 42, 0, 24, 446.54
1734837684, 22, 88, 259, 151, 3, 0.20%, 42, 0, 24, 337.30
1734837709, 22, 93, 259, 151, 3, 0.20%, 42, 0, 24, 490.79
1734837729, 22, 148, 259, 151, 3, 0.20%, 42, 0, 24, 317.11
1734837745, 22, 151, 259, 151, 3, 0.20%, 42, 0, 24, 430.33
1734837790, 22, 238, 259, 151, 3, 0.20%, 42, 0, 24, 463.65
1734837795, 22, 238, 260, 152, 3, 0.20%, 42, 0, 24, 484.18
1734837821, 22, 259, 261, 153, 3, 0.20%, 42, 0, 24, 421.18
1734837897, 22, 260, 261, 152, 3, 0.20%, 42, 0, 24, 423.53
1734837928, 22, 260, 262, 153, 3, 0.20%, 42, 0, 24, 525.58
1734838005, 22, 261, 262, 152, 3, 0.20%, 42, 0, 24, 355.70
1734838138, 23, 86, 262, 151, 3, 0.20%, 42, 0, 24, 428.55
1734838148, 23, 88, 262, 151, 3, 0.20%, 42, 0, 24, 468.98
1734838168, 23, 93, 262, 151, 3, 0.20%, 42, 0, 24, 335.10
1734838193, 23, 238, 262, 151, 3, 0.20%, 42, 0, 24, 412.75
1734838219, 23, 259, 262, 151, 3, 0.20%, 42, 0, 24, 438.04
1734838239, 23, 260, 262, 151, 3, 0.20%, 42, 0, 24, 437.42
1734838269, 23, 261, 262, 151, 3, 0.20%, 42, 0, 24, 405.49
1734838300, 24, 86, 262, 151, 3, 0.20%, 42, 0, 24, 431.24
1734838310, 24, 88, 262, 151, 3, 0.20%, 42, 0, 24, 451.53
1734838321, 24, 93, 262, 151, 3, 0.20%, 42, 0, 24, 462.11
1734838331, 24, 238, 262, 151, 3, 0.20%, 42, 0, 24, 414.47
1734838356, 24, 259, 262, 151, 3, 0.20%, 42, 0, 24, 446.31
1734838382, 24, 260, 262, 151, 3, 0.20%, 42, 0, 24, 437.93
1734838412, 24, 261, 262, 151, 3, 0.20%, 42, 0, 24, 442.35
1734838443, 25, 86, 263, 152, 3, 0.20%, 42, 0, 24, 355.58
1734838448, 25, 88, 263, 152, 3, 0.20%, 42, 0, 24, 418.61
1734838458, 25, 93, 263, 152, 3, 0.20%, 42, 0, 24, 395.24
1734838473, 25, 238, 263, 152, 3, 0.20%, 42, 0, 24, 448.04
1734838493, 25, 259, 263, 152, 3, 0.20%, 42, 0, 24, 326.93
1734838519, 25, 260, 263, 152, 3, 0.20%, 42, 0, 24, 454.09
1734838549, 25, 261, 263, 152, 3, 0.20%, 42, 0, 24, 326.06
1734838580, 26, 86, 263, 152, 3, 0.20%, 42, 0, 24, 400.55
1734838585, 26, 88, 263, 152, 3, 0.20%, 42, 0, 24, 367.70
1734838590, 26, 93, 263, 152, 3, 0.20%, 42, 0, 24, 409.59
1734838600, 26, 238, 263, 152, 3, 0.20%, 42, 0, 24, 415.33
1734838610, 26, 259, 263, 152, 3, 0.20%, 42, 0, 24, 397.57
1734838636, 26, 260, 263, 152, 3, 0.20%, 42, 0, 24, 429.63
1734838666, 26, 261, 263, 152, 3, 0.20%, 42, 0, 24, 468.86
1734838692, 26, 262, 263, 152, 3, 0.20%, 42, 0, 24, 332.45
1734838804, 26, 262, 265, 154, 3, 0.20%, 42, 0, 24, 344.87
1734838814, 26, 262, 266, 155, 3, 0.20%, 42, 0, 24, 364.57
1734838910, 26, 265, 266, 154, 3, 0.20%, 42, 0, 24, 328.07
1734839041, 26, 265, 267, 155, 3, 0.20%, 42, 0, 24, 309.44
1734839062, 26, 265, 268, 156, 3, 0.20%, 42, 0, 24, 366.20
1734839148, 27, 18, 268, 155, 3, 0.20%, 42, 0, 24, 313.74
1734839153, 27, 25, 268, 155, 3, 0.20%, 42, 0, 24, 334.61
1734839163, 27, 27, 268, 155, 3, 0.20%, 42, 0, 24, 366.74
1734839174, 27, 28, 268, 155, 3, 0.20%, 42, 0, 24, 319.88
1734839189, 27, 39, 268, 155, 3, 0.20%, 42, 0, 24, 359.10
1734839194, 27, 46, 268, 155, 3, 0.20%, 42, 0, 24, 354.17
1734839209, 27, 47, 268, 155, 3, 0.20%, 42, 0, 24, 322.07
1734839219, 27, 48, 268, 155, 3, 0.20%, 42, 0, 24, 323.21
1734839235, 27, 49, 268, 155, 3, 0.20%, 42, 0, 24, 340.99
1734839240, 27, 50, 268, 155, 3, 0.20%, 42, 0, 24, 385.23
1734839250, 27, 51, 268, 155, 3, 0.20%, 42, 0, 24, 352.80
1734839265, 27, 62, 268, 155, 3, 0.20%, 42, 0, 24, 278.56
1734839276, 27, 76, 268, 155, 3, 0.20%, 42, 0, 24, 317.38
1734839286, 27, 86, 268, 155, 3, 0.20%, 42, 0, 24, 369.83
1734839291, 27, 88, 268, 155, 3, 0.20%, 42, 0, 24, 401.12
1734839296, 27, 93, 268, 155, 3, 0.20%, 42, 0, 24, 351.69
1734839306, 27, 110, 268, 155, 3, 0.20%, 42, 0, 24, 447.19
1734839326, 27, 114, 268, 155, 3, 0.20%, 42, 0, 24, 439.39
1734839357, 27, 115, 268, 155, 3, 0.20%, 42, 0, 24, 422.73
1734839387, 27, 134, 268, 155, 3, 0.20%, 42, 0, 24, 409.38
1734839418, 27, 135, 268, 155, 3, 0.20%, 42, 0, 24, 427.77
1734839448, 27, 136, 268, 155, 3, 0.20%, 42, 0, 24, 297.61
1734839535, 27, 137, 268, 154, 3, 0.20%, 42, 0, 24, 338.00
1734839616, 27, 145, 268, 153, 3, 0.20%, 42, 0, 24, 386.71
1734839631, 27, 148, 268, 153, 3, 0.20%, 42, 0, 24, 317.37
1734839636, 27, 148, 269, 154, 3, 0.20%, 42, 0, 24, 399.41
1734839647, 27, 151, 269, 154, 3, 0.20%, 42, 0, 24, 435.18
1734839677, 27, 152, 269, 154, 3, 0.20%, 42, 0, 24, 347.01
1734839713, 27, 163, 269, 154, 3, 0.20%, 42, 0, 24, 359.55
1734839748, 27, 171, 269, 154, 3, 0.20%, 42, 0, 24, 370.48
1734839783, 27, 177, 269, 154, 3, 0.20%, 42, 0, 24, 377.09
1734839813, 27, 178, 269, 154, 3, 0.20%, 42, 0, 24, 330.32
1734839849, 27, 180, 269, 154, 3, 0.20%, 42, 0, 24, 359.85
1734839879, 27, 181, 269, 154, 3, 0.20%, 42, 0, 24, 316.06
1734839991, 27, 182, 269, 153, 3, 0.20%, 42, 0, 24, 298.82
1734840078, 27, 185, 269, 152, 3, 0.20%, 42, 0, 24, 320.55
1734840108, 27, 187, 269, 152, 3, 0.20%, 42, 0, 24, 423.32
1734840149, 27, 188, 269, 152, 3, 0.20%, 42, 0, 24, 345.48
1734840179, 27, 189, 269, 152, 3, 0.20%, 42, 0, 24, 307.46
1734840215, 27, 190, 269, 152, 3, 0.20%, 42, 0, 24, 282.84
1734840397, 27, 192, 269, 151, 3, 0.20%, 42, 0, 24, 365.79
1734840428, 27, 193, 269, 151, 3, 0.20%, 42, 0, 24, 338.11
1734840509, 27, 196, 269, 150, 3, 0.20%, 42, 0, 24, 312.86
1734840590, 27, 197, 269, 149, 3, 0.20%, 42, 0, 24, 323.60
1734840606, 27, 197, 270, 150, 3, 0.20%, 42, 0, 24, 289.68
1734840697, 27, 197, 271, 151, 3, 0.20%, 42, 0, 24, 282.36
1734840723, 27, 200, 271, 150, 3, 0.20%, 42, 0, 24, 346.94
1734840758, 27, 201, 271, 150, 3, 0.20%, 42, 0, 24, 321.84
1734840789, 27, 206, 271, 150, 3, 0.20%, 42, 0, 24, 405.80
1734840819, 27, 211, 271, 150, 3, 0.20%, 42, 0, 24, 426.79
1734840850, 27, 212, 271, 150, 3, 0.20%, 42, 0, 24, 376.42
1734840880, 27, 213, 271, 150, 3, 0.20%, 42, 0, 24, 350.34
1734840951, 27, 214, 271, 149, 3, 0.20%, 42, 0, 24, 409.81
1734841042, 27, 215, 271, 148, 3, 0.20%, 42, 0, 24, 289.40
1734841139, 27, 216, 271, 147, 3, 0.20%, 42, 0, 24, 359.80
1734841220, 27, 217, 271, 146, 3, 0.20%, 42, 0, 24, 407.23
1734841271, 27, 218, 271, 146, 3, 0.20%, 42, 0, 24, 347.14
1734841372, 27, 219, 271, 145, 3, 0.20%, 42, 0, 24, 353.48
1734841449, 27, 220, 271, 144, 3, 0.20%, 42, 0, 24, 378.75
1734841550, 27, 221, 271, 143, 3, 0.20%, 42, 0, 24, 364.80
1734841580, 27, 223, 271, 143, 3, 0.20%, 42, 0, 24, 408.88
1734841611, 27, 224, 271, 143, 3, 0.20%, 42, 0, 24, 472.47
1734841637, 27, 225, 271, 143, 3, 0.20%, 42, 0, 24, 361.05
1734841667, 27, 226, 271, 143, 3, 0.20%, 42, 0, 24, 424.88
1734841702, 27, 227, 271, 143, 3, 0.20%, 42, 0, 24, 399.67
1734841728, 27, 228, 271, 143, 3, 0.20%, 42, 0, 24, 439.91
1734841764, 27, 229, 271, 143, 3, 0.20%, 42, 0, 24, 385.22
1734841799, 27, 230, 271, 143, 3, 0.20%, 42, 0, 24, 341.97
1734841931, 27, 231, 271, 142, 3, 0.20%, 42, 0, 24, 332.31
1734842018, 27, 232, 271, 141, 3, 0.20%, 42, 0, 24, 386.04
1734842114, 27, 233, 271, 140, 3, 0.20%, 42, 0, 24, 289.70
1734842286, 27, 234, 271, 139, 3, 0.20%, 42, 0, 24, 350.22
1734842449, 27, 235, 271, 138, 3, 0.20%, 42, 0, 24, 298.02
1734842657, 27, 238, 271, 137, 3, 0.20%, 42, 0, 24, 386.05
1734842662, 27, 246, 271, 137, 3, 0.20%, 42, 0, 24, 346.50
1734842748, 27, 247, 271, 136, 3, 0.20%, 42, 0, 24, 332.08
1734842774, 27, 247, 272, 137, 3, 0.20%, 42, 0, 24, 360.62
1734842875, 27, 253, 272, 136, 3, 0.20%, 42, 0, 24, 423.70
1734842987, 27, 256, 272, 135, 3, 0.20%, 42, 0, 24, 361.67
1734843064, 27, 257, 272, 134, 3, 0.20%, 42, 0, 24, 404.83
1734843140, 27, 259, 272, 133, 3, 0.20%, 42, 0, 24, 438.10
1734843150, 27, 260, 272, 133, 3, 0.20%, 42, 0, 24, 394.26
1734843165, 27, 261, 272, 133, 3, 0.20%, 42, 0, 24, 395.68
1734843181, 27, 268, 272, 133, 3, 0.20%, 42, 0, 24, 346.98
1734843186, 27, 268, 273, 134, 3, 0.20%, 42, 0, 24, 278.25
1734843262, 27, 268, 274, 135, 3, 0.20%, 42, 0, 24, 467.25
1734843343, 27, 272, 274, 134, 3, 0.20%, 42, 0, 24, 407.08
1734843476, 27, 273, 274, 133, 3, 0.20%, 42, 0, 24, 320.16
1734843730, 28, 18, 274, 132, 3, 0.20%, 42, 0, 24, 353.55
1734843735, 28, 25, 274, 132, 3, 0.20%, 42, 0, 24, 332.30
1734843740, 28, 27, 274, 132, 3, 0.20%, 42, 0, 24, 349.65
1734843745, 28, 28, 274, 132, 3, 0.20%, 42, 0, 24, 344.74
