# unix_time, cycles_done, cur_path, paths_total, pending_total, pending_favs, map_size, unique_crashes, unique_hangs, max_depth, execs_per_sec
1734506135, 0, 0, 10, 10, 1, 0.00%, 0, 0, 1, 170.58
1734506140, 0, 3, 10, 10, 1, 0.00%, 0, 0, 1, 199.93
1734506146, 0, 4, 10, 9, 0, 0.00%, 0, 0, 1, 209.72
1734506151, 0, 5, 10, 8, 0, 0.00%, 0, 0, 1, 203.54
1734506161, 0, 6, 10, 7, 0, 0.00%, 0, 0, 1, 210.85
1734506166, 0, 7, 10, 6, 0, 0.00%, 0, 0, 1, 200.94
1734506176, 0, 8, 10, 5, 0, 0.00%, 0, 0, 1, 208.97
1734506181, 0, 9, 10, 4, 0, 0.00%, 0, 0, 1, 193.39
1734506191, 1, 0, 10, 3, 0, 0.00%, 0, 0, 1, 208.91
1734506202, 1, 1, 10, 2, 0, 0.00%, 0, 0, 1, 208.41
1734506207, 1, 2, 10, 1, 0, 0.00%, 0, 0, 1, 202.92
1734506217, 1, 3, 10, 0, 0, 0.00%, 0, 0, 1, 203.51
1734506227, 1, 4, 10, 0, 0, 0.00%, 0, 0, 1, 205.40
1734506232, 1, 5, 10, 0, 0, 0.00%, 0, 0, 1, 208.85
1734506237, 1, 7, 10, 0, 0, 0.00%, 0, 0, 1, 207.49
1734506242, 1, 8, 10, 0, 0, 0.00%, 0, 0, 1, 205.58
1734506247, 1, 9, 10, 0, 0, 0.00%, 0, 0, 1, 209.37
1734506253, 2, 1, 10, 0, 0, 0.00%, 0, 0, 1, 203.39
1734506258, 2, 2, 10, 0, 0, 0.00%, 0, 0, 1, 209.16
1734506263, 2, 4, 10, 0, 0, 0.00%, 0, 0, 1, 207.96
1734506268, 2, 5, 10, 0, 0, 0.00%, 0, 0, 1, 207.19
1734506273, 2, 7, 10, 0, 0, 0.00%, 0, 0, 1, 206.27
1734506278, 2, 8, 10, 0, 0, 0.00%, 0, 0, 1, 214.61
1734506283, 2, 9, 10, 0, 0, 0.00%, 0, 0, 1, 206.66
1734506288, 3, 1, 10, 0, 0, 0.00%, 0, 0, 1, 206.33
1734506293, 3, 2, 10, 0, 0, 0.00%, 0, 0, 1, 208.38
1734506298, 3, 4, 10, 0, 0, 0.00%, 0, 0, 1, 211.31
1734506303, 3, 5, 11, 1, 0, 0.05%, 1, 0, 2, 205.92
1734506308, 3, 10, 11, 1, 1, 0.05%, 1, 0, 2, 228.25
1734506318, 3, 10, 12, 2, 1, 0.05%, 2, 0, 3, 262.80
1734506359, 3, 10, 13, 3, 1, 0.05%, 2, 0, 3, 225.28
1734506369, 3, 11, 13, 2, 1, 0.05%, 2, 0, 3, 243.40
1734506374, 3, 11, 15, 4, 1, 0.05%, 3, 0, 4, 263.64
1734506380, 3, 11, 17, 6, 1, 0.05%, 4, 0, 4, 272.22
1734506390, 3, 11, 18, 7, 1, 0.05%, 4, 0, 4, 273.23
1734506395, 3, 11, 19, 8, 1, 0.06%, 5, 0, 4, 267.79
1734506425, 3, 11, 20, 9, 1, 0.06%, 5, 0, 4, 268.44
1734506430, 3, 11, 21, 10, 1, 0.06%, 6, 0, 4, 267.00
1734506471, 3, 16, 21, 9, 4, 0.06%, 6, 0, 4, 216.86
1734506476, 3, 16, 22, 10, 4, 0.06%, 6, 0, 5, 310.41
1734506522, 4, 13, 22, 9, 4, 0.06%, 6, 0, 5, 273.84
1734506527, 4, 13, 23, 10, 4, 0.06%, 6, 0, 5, 243.26
1734506532, 4, 13, 24, 11, 4, 0.06%, 6, 0, 5, 243.60
1734506639, 4, 18, 25, 11, 4, 0.06%, 6, 0, 5, 253.43
1734506654, 4, 18, 26, 12, 4, 0.06%, 6, 0, 5, 263.04
1734506664, 4, 18, 28, 14, 4, 0.06%, 6, 0, 5, 268.95
1734506740, 4, 18, 29, 15, 4, 0.06%, 6, 0, 5, 250.44
1734506746, 4, 20, 31, 16, 3, 0.06%, 6, 0, 5, 263.43
1734506751, 4, 20, 32, 17, 3, 0.06%, 6, 0, 5, 265.95
1734506776, 4, 20, 33, 18, 3, 0.06%, 6, 0, 5, 266.85
1734506791, 4, 20, 34, 19, 3, 0.06%, 6, 0, 5, 265.80
1734506806, 4, 20, 35, 20, 3, 0.06%, 6, 0, 5, 264.99
1734506847, 4, 22, 38, 22, 2, 0.06%, 9, 0, 6, 339.33
1734506903, 4, 35, 38, 21, 4, 0.06%, 9, 0, 6, 384.99
1734506908, 4, 35, 39, 22, 4, 0.06%, 9, 0, 7, 436.99
1734506918, 4, 35, 40, 23, 4, 0.06%, 9, 0, 7, 463.54
1734506954, 4, 35, 41, 24, 4, 0.06%, 9, 0, 7, 427.23
1734506979, 4, 36, 41, 23, 4, 0.06%, 9, 0, 7, 365.24
1734506984, 4, 36, 43, 25, 4, 0.06%, 9, 0, 7, 437.26
1734507045, 4, 36, 45, 27, 4, 0.06%, 9, 0, 7, 298.86
1734507055, 4, 36, 46, 28, 4, 0.06%, 9, 0, 7, 279.66
1734507061, 4, 37, 47, 28, 4, 0.06%, 9, 0, 7, 383.44
1734507081, 4, 37, 50, 31, 4, 0.06%, 9, 0, 7, 365.00
1734507096, 4, 38, 50, 30, 3, 0.06%, 9, 0, 7, 410.39
1734507101, 4, 38, 51, 31, 3, 0.06%, 9, 0, 8, 435.37
1734507106, 4, 38, 52, 32, 3, 0.06%, 9, 0, 8, 453.14
1734507121, 4, 38, 54, 34, 3, 0.06%, 9, 0, 8, 456.47
1734507167, 4, 38, 55, 35, 3, 0.06%, 9, 0, 8, 333.49
1734507182, 4, 41, 55, 34, 2, 0.06%, 9, 0, 8, 403.45
1734507341, 4, 41, 57, 36, 2, 0.06%, 9, 0, 8, 533.55
1734507362, 4, 41, 59, 38, 2, 0.06%, 9, 0, 8, 508.87
1734507402, 4, 41, 60, 39, 2, 0.06%, 9, 0, 8, 499.61
1734507422, 4, 46, 60, 38, 2, 0.06%, 9, 0, 8, 353.86
1734507433, 4, 46, 61, 39, 2, 0.06%, 9, 0, 8, 477.88
1734507473, 4, 47, 63, 40, 2, 0.06%, 9, 0, 8, 350.73
1734507554, 4, 47, 64, 41, 2, 0.06%, 9, 0, 8, 323.19
1734507600, 4, 50, 64, 40, 2, 0.06%, 9, 0, 8, 365.16
1734507605, 4, 50, 65, 41, 2, 0.06%, 9, 0, 9, 310.43
1734507620, 4, 50, 66, 42, 2, 0.06%, 9, 0, 9, 299.90
1734507706, 5, 16, 66, 41, 2, 0.06%, 9, 0, 9, 320.66
1734507711, 5, 19, 66, 41, 2, 0.06%, 9, 0, 9, 283.15
1734507737, 5, 21, 66, 40, 1, 0.06%, 9, 0, 9, 307.31
1734507762, 5, 33, 66, 39, 1, 0.06%, 9, 0, 9, 347.61
1734507778, 5, 33, 67, 40, 1, 0.06%, 9, 0, 9, 423.56
1734507808, 5, 33, 69, 42, 1, 0.06%, 9, 0, 9, 360.09
1734507819, 5, 35, 69, 41, 1, 0.06%, 9, 0, 9, 324.34
1734507824, 5, 36, 69, 41, 1, 0.06%, 9, 0, 9, 346.57
1734507829, 5, 38, 69, 41, 1, 0.06%, 9, 0, 9, 356.26
1734507834, 5, 39, 69, 41, 1, 0.06%, 9, 0, 9, 438.80
1734507874, 5, 40, 69, 40, 1, 0.06%, 9, 0, 9, 465.88
1734508048, 5, 40, 70, 41, 1, 0.06%, 9, 0, 9, 522.32
1734508078, 5, 41, 70, 40, 1, 0.06%, 9, 0, 9, 345.36
1734508089, 5, 42, 70, 40, 1, 0.06%, 9, 0, 9, 380.23
1734508119, 5, 43, 70, 39, 0, 0.06%, 9, 0, 9, 313.69
1734508216, 5, 50, 70, 38, 0, 0.06%, 9, 0, 9, 327.56
1734508226, 5, 51, 70, 38, 0, 0.06%, 9, 0, 9, 389.86
1734508293, 5, 66, 70, 37, 0, 0.06%, 9, 0, 9, 365.29
1734508389, 5, 67, 70, 36, 0, 0.06%, 9, 0, 9, 269.84
1734508630, 5, 69, 70, 35, 0, 0.06%, 9, 0, 9, 371.81
1734508716, 5, 69, 71, 36, 0, 0.06%, 9, 0, 9, 519.98
1734508777, 5, 70, 71, 35, 0, 0.06%, 9, 0, 9, 432.70
1734508858, 6, 18, 71, 34, 0, 0.06%, 9, 0, 9, 311.60
1734508868, 6, 24, 71, 34, 0, 0.06%, 9, 0, 9, 298.92
1734508914, 6, 25, 71, 33, 0, 0.06%, 9, 0, 9, 325.63
1734508950, 6, 26, 71, 32, 0, 0.06%, 9, 0, 9, 425.16
1734509001, 6, 35, 71, 31, 0, 0.06%, 9, 0, 9, 332.80
1734509006, 6, 36, 71, 31, 0, 0.06%, 9, 0, 9, 326.54
1734509011, 6, 37, 72, 32, 0, 0.06%, 9, 0, 9, 324.06
1734509016, 6, 38, 72, 32, 0, 0.06%, 9, 0, 9, 318.09
1734509021, 6, 39, 72, 32, 0, 0.06%, 9, 0, 9, 317.81
1734509026, 6, 40, 72, 32, 0, 0.06%, 9, 0, 9, 339.72
1734509031, 6, 41, 72, 32, 0, 0.06%, 9, 0, 9, 366.23
1734509041, 6, 42, 72, 32, 0, 0.06%, 9, 0, 9, 336.80
1734509046, 6, 43, 72, 32, 0, 0.06%, 9, 0, 9, 318.69
1734509051, 6, 44, 72, 32, 0, 0.06%, 9, 0, 9, 342.47
1734509255, 6, 46, 72, 31, 0, 0.06%, 9, 0, 9, 377.05
1734509260, 6, 47, 72, 31, 0, 0.06%, 9, 0, 9, 329.32
1734509265, 6, 49, 72, 31, 0, 0.06%, 9, 0, 9, 297.32
1734509423, 6, 50, 72, 30, 0, 0.06%, 9, 0, 9, 308.25
1734509429, 6, 51, 72, 30, 0, 0.06%, 9, 0, 9, 339.48
1734509439, 6, 53, 72, 30, 0, 0.06%, 9, 0, 9, 513.42
1734509485, 6, 54, 72, 29, 0, 0.06%, 9, 0, 9, 305.67
1734509535, 6, 64, 72, 28, 0, 0.06%, 9, 0, 9, 396.78
1734509586, 6, 65, 72, 27, 0, 0.06%, 9, 0, 9, 375.53
1734509636, 6, 69, 72, 26, 0, 0.06%, 9, 0, 9, 365.80
1734509652, 6, 70, 72, 26, 0, 0.06%, 9, 0, 9, 438.01
1734509662, 7, 35, 72, 26, 0, 0.06%, 9, 0, 9, 320.08
1734509667, 7, 38, 72, 26, 0, 0.06%, 9, 0, 9, 349.57
1734509672, 7, 39, 72, 26, 0, 0.06%, 9, 0, 9, 360.06
1734509677, 7, 40, 72, 26, 0, 0.06%, 9, 0, 9, 320.56
1734509687, 7, 50, 72, 26, 0, 0.06%, 9, 0, 9, 300.30
1734509692, 7, 51, 72, 26, 0, 0.06%, 9, 0, 9, 287.33
1734509702, 7, 53, 72, 26, 0, 0.06%, 9, 0, 9, 380.76
1734509707, 7, 54, 72, 26, 0, 0.06%, 9, 0, 9, 345.73
1734509712, 7, 55, 72, 26, 0, 0.06%, 9, 0, 9, 360.02
1734509769, 7, 55, 75, 29, 0, 0.06%, 9, 0, 9, 424.77
1734509774, 7, 55, 76, 30, 0, 0.06%, 9, 0, 9, 460.63
1734509840, 7, 60, 76, 29, 0, 0.06%, 9, 0, 9, 399.12
1734509891, 7, 61, 76, 28, 0, 0.06%, 9, 0, 9, 414.44
1734510044, 7, 62, 76, 27, 0, 0.06%, 9, 0, 9, 394.39
1734510162, 7, 64, 76, 26, 0, 0.06%, 9, 0, 9, 361.39
1734510172, 7, 65, 76, 26, 0, 0.06%, 9, 0, 9, 338.92
1734510177, 7, 66, 76, 26, 0, 0.06%, 9, 0, 9, 378.53
1734510187, 7, 67, 76, 26, 0, 0.06%, 9, 0, 9, 350.13
1734510197, 7, 68, 76, 26, 0, 0.06%, 9, 0, 9, 289.61
1734510447, 7, 69, 76, 25, 0, 0.06%, 9, 0, 9, 287.82
1734510457, 7, 70, 76, 25, 0, 0.06%, 9, 0, 9, 385.80
1734510463, 7, 74, 76, 25, 0, 0.06%, 9, 0, 9, 378.60
1734510519, 7, 75, 76, 24, 0, 0.06%, 9, 0, 9, 371.82
1734510606, 8, 35, 76, 23, 0, 0.06%, 9, 0, 9, 318.88
1734510611, 8, 38, 76, 23, 0, 0.06%, 9, 0, 9, 305.39
1734510616, 8, 39, 76, 23, 0, 0.06%, 9, 0, 9, 323.06
1734510621, 8, 40, 76, 23, 0, 0.06%, 9, 0, 9, 320.93
1734510626, 8, 50, 76, 23, 0, 0.06%, 9, 0, 9, 320.51
1734510636, 8, 51, 76, 23, 0, 0.06%, 9, 0, 9, 357.56
1734510641, 8, 53, 76, 23, 0, 0.06%, 9, 0, 9, 366.97
1734510652, 8, 54, 76, 23, 0, 0.06%, 9, 0, 9, 315.13
1734510657, 8, 64, 76, 23, 0, 0.06%, 9, 0, 9, 353.35
1734510662, 8, 65, 76, 23, 0, 0.06%, 9, 0, 9, 392.92
1734510667, 8, 69, 76, 23, 0, 0.06%, 9, 0, 9, 351.16
1734510677, 8, 70, 76, 23, 0, 0.06%, 9, 0, 9, 391.02
1734510682, 8, 74, 76, 23, 0, 0.06%, 9, 0, 9, 345.74
1734510697, 8, 75, 76, 23, 0, 0.06%, 9, 0, 9, 343.86
1734510712, 9, 35, 76, 23, 0, 0.06%, 9, 0, 9, 322.73
1734510717, 9, 38, 76, 23, 0, 0.06%, 9, 0, 9, 316.83
1734510722, 9, 39, 76, 23, 0, 0.06%, 9, 0, 9, 303.28
1734510728, 9, 40, 76, 23, 0, 0.06%, 9, 0, 9, 322.97
1734510733, 9, 50, 76, 23, 0, 0.06%, 9, 0, 9, 327.52
1734510743, 9, 51, 77, 24, 0, 0.06%, 9, 0, 9, 408.43
1734510753, 9, 53, 77, 24, 0, 0.06%, 9, 0, 9, 347.04
1734510758, 9, 54, 77, 24, 0, 0.06%, 9, 0, 9, 345.27
1734510763, 9, 64, 77, 24, 0, 0.06%, 9, 0, 9, 381.72
1734510768, 9, 65, 77, 24, 0, 0.06%, 9, 0, 9, 330.23
1734510778, 9, 69, 77, 24, 0, 0.06%, 9, 0, 9, 387.78
1734510783, 9, 70, 77, 24, 0, 0.06%, 9, 0, 9, 349.43
1734510793, 9, 74, 77, 24, 0, 0.06%, 9, 0, 9, 409.71
1734510809, 9, 75, 77, 24, 0, 0.06%, 9, 0, 9, 433.48
1734510819, 9, 76, 77, 24, 0, 0.06%, 9, 0, 9, 288.36
1734510840, 9, 76, 78, 25, 0, 0.06%, 9, 0, 10, 443.80
1734511246, 9, 77, 78, 24, 0, 0.06%, 9, 0, 10, 352.93
1734511668, 10, 16, 78, 23, 0, 0.06%, 9, 0, 10, 369.79
1734511679, 10, 18, 78, 23, 0, 0.06%, 9, 0, 10, 279.67
1734511689, 10, 19, 78, 23, 0, 0.06%, 9, 0, 10, 259.24
1734511699, 10, 20, 78, 23, 0, 0.06%, 9, 0, 10, 268.45
1734511709, 10, 21, 78, 23, 0, 0.06%, 9, 0, 10, 275.56
1734511719, 10, 24, 78, 23, 0, 0.06%, 9, 0, 10, 272.49
1734511724, 10, 25, 78, 23, 0, 0.06%, 9, 0, 10, 325.69
1734511729, 10, 26, 78, 23, 0, 0.06%, 9, 0, 10, 301.40
1734511735, 10, 27, 78, 23, 0, 0.06%, 9, 0, 10, 388.38
1734511770, 10, 29, 78, 22, 0, 0.06%, 9, 0, 10, 293.51
1734511821, 10, 30, 78, 21, 0, 0.06%, 9, 0, 10, 411.01
1734511861, 10, 31, 78, 20, 0, 0.06%, 9, 0, 10, 329.64
1734511978, 10, 33, 78, 19, 0, 0.06%, 9, 0, 10, 292.73
1734511983, 10, 36, 78, 19, 0, 0.06%, 9, 0, 10, 302.34
1734511988, 10, 37, 78, 19, 0, 0.06%, 9, 0, 10, 338.87
1734511994, 10, 38, 78, 19, 0, 0.06%, 9, 0, 10, 352.36
1734511999, 10, 39, 78, 19, 0, 0.06%, 9, 0, 10, 347.32
1734512004, 10, 40, 78, 19, 0, 0.06%, 9, 0, 10, 311.32
1734512014, 10, 41, 78, 19, 0, 0.06%, 9, 0, 10, 334.77
1734512019, 10, 42, 78, 19, 0, 0.06%, 9, 0, 10, 326.91
1734512024, 10, 43, 78, 19, 0, 0.06%, 9, 0, 10, 330.10
1734512029, 10, 44, 78, 19, 0, 0.06%, 9, 0, 10, 305.31
1734512039, 10, 45, 78, 19, 0, 0.06%, 9, 0, 10, 377.92
1734512075, 10, 46, 78, 18, 0, 0.06%, 9, 0, 10, 337.57
1734512080, 10, 47, 78, 18, 0, 0.06%, 9, 0, 10, 310.43
1734512085, 10, 49, 78, 18, 0, 0.06%, 9, 0, 10, 319.53
1734512090, 10, 50, 78, 18, 0, 0.06%, 9, 0, 10, 308.90
1734512100, 10, 51, 78, 18, 0, 0.06%, 9, 0, 10, 350.43
1734512106, 10, 53, 78, 18, 0, 0.06%, 9, 0, 10, 367.97
1734512116, 10, 54, 78, 18, 0, 0.06%, 9, 0, 10, 396.70
1734512121, 10, 55, 78, 18, 0, 0.06%, 9, 0, 10, 337.32
1734512188, 10, 56, 78, 18, 0, 0.06%, 9, 0, 10, 434.28
1734512372, 10, 57, 78, 17, 0, 0.06%, 9, 0, 10, 397.91
1734512582, 10, 61, 78, 16, 0, 0.06%, 9, 0, 10, 373.01
1734512587, 10, 62, 78, 16, 0, 0.06%, 9, 0, 10, 326.41
1734512597, 10, 64, 78, 16, 0, 0.06%, 9, 0, 10, 363.80
1734512602, 10, 65, 78, 16, 0, 0.06%, 9, 0, 10, 379.93
1734512613, 10, 66, 78, 16, 0, 0.06%, 9, 0, 10, 310.56
1734512618, 10, 67, 78, 16, 0, 0.06%, 9, 0, 10, 341.71
1734512623, 10, 68, 78, 16, 0, 0.06%, 9, 0, 10, 338.00
1734512638, 10, 69, 78, 16, 0, 0.06%, 9, 0, 10, 381.71
1734512643, 10, 70, 78, 16, 0, 0.06%, 9, 0, 10, 346.67
1734512653, 10, 71, 78, 16, 0, 0.06%, 9, 0, 10, 382.59
1734512760, 10, 74, 78, 15, 0, 0.06%, 9, 0, 10, 417.23
1734512770, 10, 75, 78, 15, 0, 0.06%, 9, 0, 10, 321.59
1734512785, 10, 76, 78, 15, 0, 0.06%, 9, 0, 10, 362.00
1734512816, 10, 77, 78, 15, 0, 0.06%, 9, 0, 10, 404.66
1734512852, 11, 16, 78, 15, 0, 0.06%, 9, 0, 10, 304.80
1734512857, 11, 18, 78, 15, 0, 0.06%, 9, 0, 10, 292.74
1734512862, 11, 19, 78, 15, 0, 0.06%, 9, 0, 10, 262.84
1734512872, 11, 21, 78, 15, 0, 0.06%, 9, 0, 10, 274.43
1734512882, 11, 24, 78, 15, 0, 0.06%, 9, 0, 10, 267.94
1734512887, 11, 25, 78, 15, 0, 0.06%, 9, 0, 10, 294.58
1734512892, 11, 26, 78, 15, 0, 0.06%, 9, 0, 10, 291.44
1734512897, 11, 27, 78, 15, 0, 0.06%, 9, 0, 10, 310.73
1734512902, 11, 35, 78, 15, 0, 0.06%, 9, 0, 10, 339.68
1734512908, 11, 38, 78, 15, 0, 0.06%, 9, 0, 10, 341.04
1734512913, 11, 39, 78, 15, 0, 0.06%, 9, 0, 10, 350.06
1734512918, 11, 40, 78, 15, 0, 0.06%, 9, 0, 10, 281.78
1734512928, 11, 50, 78, 15, 0, 0.06%, 9, 0, 10, 310.70
1734512933, 11, 51, 78, 15, 0, 0.06%, 9, 0, 10, 361.72
1734512943, 11, 53, 78, 15, 0, 0.06%, 9, 0, 10, 327.29
1734512948, 11, 54, 78, 15, 0, 0.06%, 9, 0, 10, 342.21
1734512953, 11, 61, 78, 15, 0, 0.06%, 9, 0, 10, 315.42
1734512963, 11, 62, 78, 15, 0, 0.06%, 9, 0, 10, 364.86
1734512968, 11, 64, 78, 15, 0, 0.06%, 9, 0, 10, 296.19
1734512979, 11, 65, 78, 15, 0, 0.06%, 9, 0, 10, 343.18
1734512984, 11, 66, 78, 15, 0, 0.06%, 9, 0, 10, 343.63
1734512989, 11, 67, 78, 15, 0, 0.06%, 9, 0, 10, 305.42
1734512999, 11, 68, 78, 15, 0, 0.06%, 9, 0, 10, 358.93
1734513004, 11, 69, 78, 15, 0, 0.06%, 9, 0, 10, 308.74
1734513014, 11, 70, 78, 15, 0, 0.06%, 9, 0, 10, 377.62
1734513019, 11, 71, 78, 15, 0, 0.06%, 9, 0, 10, 349.65
1734513029, 11, 74, 78, 15, 0, 0.06%, 9, 0, 10, 366.96
1734513039, 11, 75, 78, 15, 0, 0.06%, 9, 0, 10, 365.67
1734513044, 11, 76, 78, 15, 0, 0.06%, 9, 0, 10, 384.46
1734513065, 11, 77, 78, 15, 0, 0.06%, 9, 0, 10, 343.78
1734513085, 12, 16, 78, 15, 0, 0.06%, 9, 0, 10, 327.07
1734513090, 12, 18, 78, 15, 0, 0.06%, 9, 0, 10, 301.38
1734513095, 12, 19, 78, 15, 0, 0.06%, 9, 0, 10, 293.99
1734513100, 12, 21, 78, 15, 0, 0.06%, 9, 0, 10, 280.08
1734513105, 12, 24, 78, 15, 0, 0.06%, 9, 0, 10, 272.08
1734513110, 12, 25, 78, 15, 0, 0.06%, 9, 0, 10, 293.08
1734513116, 12, 26, 78, 15, 0, 0.06%, 9, 0, 10, 306.69
1734513121, 12, 27, 78, 15, 0, 0.06%, 9, 0, 10, 318.86
1734513126, 12, 35, 78, 15, 0, 0.06%, 9, 0, 10, 296.87
1734513131, 12, 38, 78, 15, 0, 0.06%, 9, 0, 10, 353.89
1734513136, 12, 39, 78, 15, 0, 0.06%, 9, 0, 10, 351.14
1734513141, 12, 40, 78, 15, 0, 0.06%, 9, 0, 10, 332.56
1734513151, 12, 50, 78, 15, 0, 0.06%, 9, 0, 10, 305.82
1734513156, 12, 51, 78, 15, 0, 0.06%, 9, 0, 10, 320.76
1734513166, 12, 53, 78, 15, 0, 0.06%, 9, 0, 10, 333.85
1734513171, 12, 54, 78, 15, 0, 0.06%, 9, 0, 10, 371.39
1734513176, 12, 61, 78, 15, 0, 0.06%, 9, 0, 10, 342.92
1734513187, 12, 62, 78, 15, 0, 0.06%, 9, 0, 10, 385.12
1734513192, 12, 64, 78, 15, 0, 0.06%, 9, 0, 10, 382.87
1734513197, 12, 65, 78, 15, 0, 0.06%, 9, 0, 10, 350.10
1734513207, 12, 66, 78, 15, 0, 0.06%, 9, 0, 10, 331.39
1734513212, 12, 67, 78, 15, 0, 0.06%, 9, 0, 10, 337.91
1734513217, 12, 68, 78, 15, 0, 0.06%, 9, 0, 10, 343.04
1734513227, 12, 69, 78, 15, 0, 0.06%, 9, 0, 10, 347.61
1734513237, 12, 70, 78, 15, 0, 0.06%, 9, 0, 10, 374.66
1734513242, 12, 71, 78, 15, 0, 0.06%, 9, 0, 10, 367.40
1734513253, 12, 74, 78, 15, 0, 0.06%, 9, 0, 10, 361.64
1734513258, 12, 75, 78, 15, 0, 0.06%, 9, 0, 10, 370.98
1734513268, 12, 76, 78, 15, 0, 0.06%, 9, 0, 10, 340.95
1734513283, 12, 77, 78, 15, 0, 0.06%, 9, 0, 10, 294.73
1734513293, 13, 16, 78, 15, 0, 0.06%, 9, 0, 10, 338.27
1734513298, 13, 18, 78, 15, 0, 0.06%, 9, 0, 10, 311.62
1734513303, 13, 19, 78, 15, 0, 0.06%, 9, 0, 10, 294.18
1734513308, 13, 21, 78, 15, 0, 0.06%, 9, 0, 10, 294.83
1734513313, 13, 24, 78, 15, 0, 0.06%, 9, 0, 10, 293.56
1734513319, 13, 25, 78, 15, 0, 0.06%, 9, 0, 10, 291.32
1734513324, 13, 26, 78, 15, 0, 0.06%, 9, 0, 10, 303.80
1734513329, 13, 27, 78, 15, 0, 0.06%, 9, 0, 10, 336.49
1734513334, 13, 33, 78, 15, 0, 0.06%, 9, 0, 10, 339.45
1734513339, 13, 35, 78, 15, 0, 0.06%, 9, 0, 10, 336.63
1734513344, 13, 38, 78, 15, 0, 0.06%, 9, 0, 10, 328.77
1734513349, 13, 39, 78, 15, 0, 0.06%, 9, 0, 10, 463.94
1734513359, 13, 40, 78, 15, 0, 0.06%, 9, 0, 10, 373.57
1734513369, 13, 50, 78, 15, 0, 0.06%, 9, 0, 10, 317.38
1734513379, 13, 51, 78, 15, 0, 0.06%, 9, 0, 10, 326.86
1734513384, 13, 53, 78, 15, 0, 0.06%, 9, 0, 10, 347.75
1734513390, 13, 54, 78, 15, 0, 0.06%, 9, 0, 10, 351.77
1734513400, 13, 61, 78, 15, 0, 0.06%, 9, 0, 10, 366.04
1734513405, 13, 62, 78, 15, 0, 0.06%, 9, 0, 10, 349.20
1734513415, 13, 64, 78, 15, 0, 0.06%, 9, 0, 10, 353.47
1734513420, 13, 65, 78, 15, 0, 0.06%, 9, 0, 10, 357.42
1734513425, 13, 66, 78, 15, 0, 0.06%, 9, 0, 10, 304.88
1734513430, 13, 67, 78, 15, 0, 0.06%, 9, 0, 10, 349.36
1734513441, 13, 68, 78, 15, 0, 0.06%, 9, 0, 10, 299.61
1734513446, 13, 69, 78, 15, 0, 0.06%, 9, 0, 10, 356.86
1734513456, 13, 70, 78, 15, 0, 0.06%, 9, 0, 10, 366.83
1734513466, 13, 71, 78, 15, 0, 0.06%, 9, 0, 10, 332.03
1734513471, 13, 74, 78, 15, 0, 0.06%, 9, 0, 10, 365.80
1734513476, 13, 75, 78, 15, 0, 0.06%, 9, 0, 10, 333.17
1734513487, 13, 76, 78, 15, 0, 0.06%, 9, 0, 10, 293.14
1734513497, 13, 77, 78, 15, 0, 0.06%, 9, 0, 10, 354.57
1734513512, 14, 16, 78, 15, 0, 0.06%, 9, 0, 10, 339.38
1734513517, 14, 18, 78, 15, 0, 0.06%, 9, 0, 10, 295.20
1734513522, 14, 19, 78, 15, 0, 0.06%, 9, 0, 10, 283.56
1734513527, 14, 21, 78, 15, 0, 0.06%, 9, 0, 10, 281.70
1734513532, 14, 24, 78, 15, 0, 0.06%, 9, 0, 10, 265.41
1734513537, 14, 25, 78, 15, 0, 0.06%, 9, 0, 10, 274.61
1734513542, 14, 26, 78, 15, 0, 0.06%, 9, 0, 10, 297.47
1734513547, 14, 27, 78, 15, 0, 0.06%, 9, 0, 10, 330.29
1734513553, 14, 33, 78, 15, 0, 0.06%, 9, 0, 10, 344.10
1734513558, 14, 35, 78, 15, 0, 0.06%, 9, 0, 10, 344.67
1734513563, 14, 38, 78, 15, 0, 0.06%, 9, 0, 10, 342.47
1734513568, 14, 39, 78, 15, 0, 0.06%, 9, 0, 10, 327.95
1734513573, 14, 40, 78, 15, 0, 0.06%, 9, 0, 10, 274.84
1734513578, 14, 50, 78, 15, 0, 0.06%, 9, 0, 10, 361.49
1734513588, 14, 51, 78, 15, 0, 0.06%, 9, 0, 10, 370.43
1734513593, 14, 53, 78, 15, 0, 0.06%, 9, 0, 10, 293.73
1734513603, 14, 54, 78, 15, 0, 0.06%, 9, 0, 10, 327.03
1734513609, 14, 61, 78, 15, 0, 0.06%, 9, 0, 10, 299.39
1734513619, 14, 62, 78, 15, 0, 0.06%, 9, 0, 10, 348.59
1734513629, 14, 64, 78, 15, 0, 0.06%, 9, 0, 10, 331.69
1734513634, 14, 65, 78, 15, 0, 0.06%, 9, 0, 10, 342.91
1734513639, 14, 66, 78, 15, 0, 0.06%, 9, 0, 10, 307.92
1734513644, 14, 67, 78, 15, 0, 0.06%, 9, 0, 10, 358.17
1734513654, 14, 68, 78, 15, 0, 0.06%, 9, 0, 10, 309.54
1734513659, 14, 69, 78, 15, 0, 0.06%, 9, 0, 10, 350.51
1734513669, 14, 70, 78, 15, 0, 0.06%, 9, 0, 10, 346.30
1734513679, 14, 71, 78, 15, 0, 0.06%, 9, 0, 10, 331.64
1734513685, 14, 74, 78, 15, 0, 0.06%, 9, 0, 10, 393.06
1734513690, 14, 75, 78, 15, 0, 0.06%, 9, 0, 10, 319.56
1734513700, 14, 76, 78, 15, 0, 0.06%, 9, 0, 10, 309.07
1734513710, 14, 77, 78, 15, 0, 0.06%, 9, 0, 10, 415.78
1734513725, 15, 16, 78, 15, 0, 0.06%, 9, 0, 10, 338.23
1734513731, 15, 18, 78, 15, 0, 0.06%, 9, 0, 10, 286.92
1734513736, 15, 19, 78, 15, 0, 0.06%, 9, 0, 10, 273.82
1734513741, 15, 21, 78, 15, 0, 0.06%, 9, 0, 10, 272.60
1734513746, 15, 24, 78, 15, 0, 0.06%, 9, 0, 10, 283.55
1734513756, 15, 26, 78, 15, 0, 0.06%, 9, 0, 10, 300.32
1734513761, 15, 27, 78, 15, 0, 0.06%, 9, 0, 10, 301.84
1734513766, 15, 33, 78, 15, 0, 0.06%, 9, 0, 10, 338.18
1734513771, 15, 39, 78, 15, 0, 0.06%, 9, 0, 10, 344.73
1734513776, 15, 61, 78, 15, 0, 0.06%, 9, 0, 10, 319.11
1734513786, 15, 62, 78, 15, 0, 0.06%, 9, 0, 10, 354.85
1734513791, 15, 66, 78, 15, 0, 0.06%, 9, 0, 10, 344.00
1734513796, 15, 66, 79, 16, 0, 0.06%, 9, 0, 10, 333.92
1734513802, 15, 67, 79, 16, 0, 0.06%, 9, 0, 10, 343.27
1734513807, 15, 68, 79, 16, 0, 0.06%, 9, 0, 10, 346.44
1734513817, 15, 71, 79, 16, 0, 0.06%, 9, 0, 10, 340.15
1734513822, 15, 78, 80, 17, 0, 0.06%, 9, 0, 10, 361.28
1734513929, 16, 18, 80, 16, 0, 0.06%, 9, 0, 10, 288.76
1734513934, 16, 24, 80, 16, 0, 0.06%, 9, 0, 10, 275.99
1734513939, 16, 25, 80, 16, 0, 0.06%, 9, 0, 10, 298.05
1734513944, 16, 26, 80, 16, 0, 0.06%, 9, 0, 10, 301.69
1734513949, 16, 61, 80, 16, 0, 0.06%, 9, 0, 10, 311.43
1734513959, 16, 62, 80, 16, 0, 0.06%, 9, 0, 10, 331.69
1734513969, 16, 71, 80, 16, 0, 0.06%, 9, 0, 10, 330.94
1734513974, 17, 18, 80, 16, 0, 0.06%, 9, 0, 10, 304.14
1734513980, 17, 24, 80, 16, 0, 0.06%, 9, 0, 10, 277.52
1734513985, 17, 25, 80, 16, 0, 0.06%, 9, 0, 10, 330.51
1734513990, 17, 26, 80, 16, 0, 0.06%, 9, 0, 10, 325.45
1734513995, 17, 27, 80, 16, 0, 0.06%, 9, 0, 10, 313.54
1734514000, 17, 61, 80, 16, 0, 0.06%, 9, 0, 10, 349.40
1734514005, 17, 62, 80, 16, 0, 0.06%, 9, 0, 10, 353.28
1734514015, 17, 71, 80, 16, 0, 0.06%, 9, 0, 10, 332.62
1734514020, 18, 18, 80, 16, 0, 0.06%, 9, 0, 10, 300.51
1734514025, 18, 24, 80, 16, 0, 0.06%, 9, 0, 10, 274.44
1734514030, 18, 25, 80, 16, 0, 0.06%, 9, 0, 10, 305.35
1734514036, 18, 26, 80, 16, 0, 0.06%, 9, 0, 10, 293.54
1734514041, 18, 27, 80, 16, 0, 0.06%, 9, 0, 10, 308.86
1734514046, 18, 61, 80, 16, 0, 0.06%, 9, 0, 10, 365.69
1734514051, 18, 62, 80, 16, 0, 0.06%, 9, 0, 10, 322.98
1734514061, 18, 71, 80, 16, 0, 0.06%, 9, 0, 10, 352.03
1734514066, 19, 18, 80, 16, 0, 0.06%, 9, 0, 10, 304.22
1734514071, 19, 24, 80, 16, 0, 0.06%, 9, 0, 10, 281.61
1734514076, 19, 25, 80, 16, 0, 0.06%, 9, 0, 10, 321.25
1734514081, 19, 26, 80, 16, 0, 0.06%, 9, 0, 10, 289.39
1734514086, 19, 27, 80, 16, 0, 0.06%, 9, 0, 10, 311.46
1734514091, 19, 61, 80, 16, 0, 0.06%, 9, 0, 10, 370.90
1734514096, 19, 62, 80, 16, 0, 0.06%, 9, 0, 10, 327.34
1734514106, 19, 71, 80, 16, 0, 0.06%, 9, 0, 10, 335.37
1734514111, 20, 18, 80, 16, 0, 0.06%, 9, 0, 10, 307.56
1734514116, 20, 24, 80, 16, 0, 0.06%, 9, 0, 10, 271.83
1734514122, 20, 25, 80, 16, 0, 0.06%, 9, 0, 10, 311.90
1734514127, 20, 26, 80, 16, 0, 0.06%, 9, 0, 10, 313.08
1734514132, 20, 27, 80, 16, 0, 0.06%, 9, 0, 10, 343.11
1734514137, 20, 61, 80, 16, 0, 0.06%, 9, 0, 10, 329.15
1734514147, 20, 62, 80, 16, 0, 0.06%, 9, 0, 10, 355.26
1734514152, 20, 71, 80, 16, 0, 0.06%, 9, 0, 10, 350.55
1734514157, 21, 18, 80, 16, 0, 0.06%, 9, 0, 10, 320.75
1734514162, 21, 24, 80, 16, 0, 0.06%, 9, 0, 10, 280.41
1734514167, 21, 25, 80, 16, 0, 0.06%, 9, 0, 10, 327.53
1734514172, 21, 26, 80, 16, 0, 0.06%, 9, 0, 10, 308.84
1734514177, 21, 27, 80, 16, 0, 0.06%, 9, 0, 10, 339.15
1734514182, 21, 61, 80, 16, 0, 0.06%, 9, 0, 10, 332.95
1734514192, 21, 62, 80, 16, 0, 0.06%, 9, 0, 10, 355.06
1734514197, 21, 71, 80, 16, 0, 0.06%, 9, 0, 10, 334.75
1734514202, 22, 18, 80, 16, 0, 0.06%, 9, 0, 10, 322.65
1734514208, 22, 24, 80, 16, 0, 0.06%, 9, 0, 10, 282.14
1734514213, 22, 25, 80, 16, 0, 0.06%, 9, 0, 10, 313.11
1734514218, 22, 26, 80, 16, 0, 0.06%, 9, 0, 10, 298.32
1734514223, 22, 27, 80, 16, 0, 0.06%, 9, 0, 10, 328.51
1734514228, 22, 61, 80, 16, 0, 0.06%, 9, 0, 10, 318.43
1734514238, 22, 62, 80, 16, 0, 0.06%, 9, 0, 10, 365.61
1734514243, 22, 71, 80, 16, 0, 0.06%, 9, 0, 10, 323.51
1734514248, 23, 18, 80, 16, 0, 0.06%, 9, 0, 10, 314.83
1734514253, 23, 24, 80, 16, 0, 0.06%, 9, 0, 10, 283.59
1734514263, 23, 26, 80, 16, 0, 0.06%, 9, 0, 10, 322.46
1734514269, 23, 27, 80, 16, 0, 0.06%, 9, 0, 10, 305.01
1734514274, 23, 61, 80, 16, 0, 0.06%, 9, 0, 10, 311.53
1734514284, 23, 62, 80, 16, 0, 0.06%, 9, 0, 10, 372.01
1734514294, 23, 71, 80, 16, 0, 0.06%, 9, 0, 10, 332.83
1734514299, 24, 24, 80, 16, 0, 0.06%, 9, 0, 10, 298.33
1734514309, 24, 25, 80, 16, 0, 0.06%, 9, 0, 10, 302.50
1734514314, 24, 26, 80, 16, 0, 0.06%, 9, 0, 10, 288.28
1734514319, 24, 27, 80, 16, 0, 0.06%, 9, 0, 10, 305.27
1734514324, 24, 29, 80, 16, 0, 0.06%, 9, 0, 10, 283.37
1734514329, 24, 30, 80, 16, 0, 0.06%, 9, 0, 10, 306.91
1734514334, 24, 31, 80, 16, 0, 0.06%, 9, 0, 10, 322.42
1734514339, 24, 32, 80, 16, 0, 0.06%, 9, 0, 10, 397.79
1734514482, 24, 33, 80, 15, 0, 0.06%, 9, 0, 10, 352.07
1734514487, 24, 34, 80, 15, 0, 0.06%, 9, 0, 10, 314.62
1734514538, 24, 35, 80, 14, 0, 0.06%, 9, 0, 10, 304.88
1734514543, 24, 37, 80, 14, 0, 0.06%, 9, 0, 10, 312.78
1734514548, 24, 38, 80, 14, 0, 0.06%, 9, 0, 10, 334.60
1734514553, 24, 39, 80, 14, 0, 0.06%, 9, 0, 10, 374.50
1734514558, 24, 40, 80, 14, 0, 0.06%, 9, 0, 10, 340.36
1734514568, 24, 41, 80, 14, 0, 0.06%, 9, 0, 10, 322.61
1734514574, 24, 42, 80, 14, 0, 0.06%, 9, 0, 10, 389.30
1734514579, 24, 43, 80, 14, 0, 0.06%, 9, 0, 10, 332.56
1734514584, 24, 44, 80, 14, 0, 0.06%, 9, 0, 10, 354.42
1734514594, 24, 45, 80, 14, 0, 0.06%, 9, 0, 10, 342.76
1734514599, 24, 46, 80, 14, 0, 0.06%, 9, 0, 10, 327.28
1734514604, 24, 47, 80, 14, 0, 0.06%, 9, 0, 10, 308.85
1734514609, 24, 49, 80, 14, 0, 0.06%, 9, 0, 10, 324.59
1734514614, 24, 50, 80, 14, 0, 0.06%, 9, 0, 10, 309.19
1734514624, 24, 51, 80, 14, 0, 0.06%, 9, 0, 10, 356.33
1734514630, 24, 53, 80, 14, 0, 0.06%, 9, 0, 10, 375.81
1734514635, 24, 54, 80, 14, 0, 0.06%, 9, 0, 10, 373.79
1734514640, 24, 55, 80, 14, 0, 0.06%, 9, 0, 10, 334.93
1734514650, 24, 56, 80, 14, 0, 0.06%, 9, 0, 10, 327.00
1734514660, 24, 57, 80, 14, 0, 0.06%, 9, 0, 10, 351.04
1734514670, 24, 58, 80, 14, 0, 0.06%, 9, 0, 10, 382.99
1734514773, 24, 59, 80, 13, 0, 0.06%, 9, 0, 10, 440.03
1734514973, 24, 60, 80, 12, 0, 0.06%, 9, 0, 10, 364.90
1734514978, 24, 61, 80, 12, 0, 0.06%, 9, 0, 10, 327.90
1734515095, 24, 62, 80, 12, 0, 0.06%, 9, 0, 10, 306.21
1734515177, 24, 63, 80, 12, 0, 0.06%, 9, 0, 10, 289.36
1734515289, 24, 64, 80, 11, 0, 0.06%, 9, 0, 10, 302.36
1734515299, 24, 65, 80, 11, 0, 0.06%, 9, 0, 10, 352.62
1734515304, 24, 66, 80, 11, 0, 0.06%, 9, 0, 10, 420.15
1734515375, 24, 67, 80, 11, 0, 0.06%, 9, 0, 10, 323.59
1734515600, 24, 68, 80, 11, 0, 0.06%, 9, 0, 10, 278.95
1734515820, 24, 69, 80, 11, 0, 0.06%, 9, 0, 10, 328.07
1734515830, 24, 70, 80, 11, 0, 0.06%, 9, 0, 10, 369.11
1734515840, 24, 71, 80, 11, 0, 0.06%, 9, 0, 10, 423.72
1734515916, 24, 72, 80, 11, 0, 0.06%, 9, 0, 10, 401.90
1734515972, 24, 73, 80, 10, 0, 0.06%, 9, 0, 10, 420.37
1734516018, 24, 74, 80, 9, 0, 0.06%, 9, 0, 10, 371.28
1734516085, 24, 75, 80, 9, 0, 0.06%, 9, 0, 10, 363.55
1734516152, 24, 76, 80, 9, 0, 0.06%, 9, 0, 10, 354.79
1734516178, 24, 77, 80, 9, 0, 0.06%, 9, 0, 10, 362.33
1734516203, 24, 78, 80, 9, 0, 0.06%, 9, 0, 10, 375.25
1734516224, 24, 79, 80, 9, 0, 0.06%, 9, 0, 10, 345.21
1734516346, 25, 16, 80, 8, 0, 0.06%, 9, 0, 10, 296.18
1734516351, 25, 18, 80, 8, 0, 0.06%, 9, 0, 10, 285.74
1734516356, 25, 19, 80, 8, 0, 0.06%, 9, 0, 10, 267.44
1734516361, 25, 21, 80, 8, 0, 0.06%, 9, 0, 10, 292.57
1734516366, 25, 24, 80, 8, 0, 0.06%, 9, 0, 10, 274.13
1734516371, 25, 25, 80, 8, 0, 0.06%, 9, 0, 10, 299.11
1734516376, 25, 26, 80, 8, 0, 0.06%, 9, 0, 10, 290.79
1734516381, 25, 27, 80, 8, 0, 0.06%, 9, 0, 10, 312.96
1734516386, 25, 35, 80, 8, 0, 0.06%, 9, 0, 10, 300.00
1734516391, 25, 36, 80, 8, 0, 0.06%, 9, 0, 10, 315.06
1734516396, 25, 37, 80, 8, 0, 0.06%, 9, 0, 10, 349.78
1734516402, 25, 38, 80, 8, 0, 0.06%, 9, 0, 10, 332.83
1734516407, 25, 39, 80, 8, 0, 0.06%, 9, 0, 10, 350.76
1734516412, 25, 40, 80, 8, 0, 0.06%, 9, 0, 10, 295.22
1734516422, 25, 41, 80, 8, 0, 0.06%, 9, 0, 10, 359.44
1734516427, 25, 42, 80, 8, 0, 0.06%, 9, 0, 10, 358.02
1734516432, 25, 43, 80, 8, 0, 0.06%, 9, 0, 10, 325.21
1734516437, 25, 44, 80, 8, 0, 0.06%, 9, 0, 10, 339.29
1734516447, 25, 45, 80, 8, 0, 0.06%, 9, 0, 10, 341.11
1734516452, 25, 46, 80, 8, 0, 0.06%, 9, 0, 10, 351.48
1734516457, 25, 47, 80, 8, 0, 0.06%, 9, 0, 10, 326.95
1734516463, 25, 49, 80, 8, 0, 0.06%, 9, 0, 10, 331.23
1734516468, 25, 50, 80, 8, 0, 0.06%, 9, 0, 10, 294.77
1734516478, 25, 51, 80, 8, 0, 0.06%, 9, 0, 10, 333.01
1734516483, 25, 53, 80, 8, 0, 0.06%, 9, 0, 10, 384.61
1734516488, 25, 54, 80, 8, 0, 0.06%, 9, 0, 10, 327.63
1734516498, 25, 55, 80, 8, 0, 0.06%, 9, 0, 10, 349.36
1734516503, 25, 56, 80, 8, 0, 0.06%, 9, 0, 10, 349.82
1734516513, 25, 57, 80, 8, 0, 0.06%, 9, 0, 10, 313.44
1734516523, 25, 58, 80, 8, 0, 0.06%, 9, 0, 10, 331.86
1734516534, 25, 59, 80, 8, 0, 0.06%, 9, 0, 10, 386.62
1734516539, 25, 60, 80, 8, 0, 0.06%, 9, 0, 10, 380.20
1734516549, 25, 61, 80, 8, 0, 0.06%, 9, 0, 10, 347.40
1734516554, 25, 62, 80, 8, 0, 0.06%, 9, 0, 10, 323.19
1734516564, 25, 63, 80, 8, 0, 0.06%, 9, 0, 10, 346.96
1734516569, 25, 64, 80, 8, 0, 0.06%, 9, 0, 10, 318.25
1734516579, 25, 65, 80, 8, 0, 0.06%, 9, 0, 10, 327.37
1734516584, 25, 66, 80, 8, 0, 0.06%, 9, 0, 10, 322.56
1734516589, 25, 67, 80, 8, 0, 0.06%, 9, 0, 10, 339.96
1734516599, 25, 68, 80, 8, 0, 0.06%, 9, 0, 10, 304.31
1734516604, 25, 69, 80, 8, 0, 0.06%, 9, 0, 10, 354.91
1734516615, 25, 70, 80, 8, 0, 0.06%, 9, 0, 10, 380.94
1734516625, 25, 71, 80, 8, 0, 0.06%, 9, 0, 10, 318.95
1734516630, 25, 72, 80, 8, 0, 0.06%, 9, 0, 10, 411.93
1734516640, 25, 73, 80, 8, 0, 0.06%, 9, 0, 10, 342.63
1734516655, 25, 74, 80, 8, 0, 0.06%, 9, 0, 10, 387.24
1734516660, 25, 75, 80, 8, 0, 0.06%, 9, 0, 10, 339.37
1734516671, 25, 76, 80, 8, 0, 0.06%, 9, 0, 10, 311.46
1734516686, 25, 77, 80, 8, 0, 0.06%, 9, 0, 10, 289.75
1734516701, 25, 78, 80, 8, 0, 0.06%, 9, 0, 10, 394.53
1734516716, 25, 79, 80, 8, 0, 0.06%, 9, 0, 10, 312.82
1734516741, 26, 16, 80, 8, 0, 0.06%, 9, 0, 10, 316.76
1734516747, 26, 18, 80, 8, 0, 0.06%, 9, 0, 10, 283.74
1734516752, 26, 19, 80, 8, 0, 0.06%, 9, 0, 10, 292.18
1734516762, 26, 21, 80, 8, 0, 0.06%, 9, 0, 10, 293.73
1734516767, 26, 24, 80, 8, 0, 0.06%, 9, 0, 10, 281.28
1734516772, 26, 25, 80, 8, 0, 0.06%, 9, 0, 10, 289.23
1734516777, 26, 26, 80, 8, 0, 0.06%, 9, 0, 10, 277.03
1734516782, 26, 27, 80, 8, 0, 0.06%, 9, 0, 10, 293.73
1734516787, 26, 33, 80, 8, 0, 0.06%, 9, 0, 10, 305.41
1734516792, 26, 35, 80, 8, 0, 0.06%, 9, 0, 10, 290.48
1734516797, 26, 36, 80, 8, 0, 0.06%, 9, 0, 10, 284.76
1734516802, 26, 38, 80, 8, 0, 0.06%, 9, 0, 10, 332.27
1734516807, 26, 39, 80, 8, 0, 0.06%, 9, 0, 10, 347.52
1734516812, 26, 40, 80, 8, 0, 0.06%, 9, 0, 10, 355.60
1734516822, 26, 41, 80, 8, 0, 0.06%, 9, 0, 10, 299.72
1734516832, 26, 43, 80, 8, 0, 0.06%, 9, 0, 10, 329.03
1734516843, 26, 44, 80, 8, 0, 0.06%, 9, 0, 10, 361.29
1734516848, 26, 45, 80, 8, 0, 0.06%, 9, 0, 10, 358.85
1734516853, 26, 46, 80, 8, 0, 0.06%, 9, 0, 10, 351.94
1734516858, 26, 47, 80, 8, 0, 0.06%, 9, 0, 10, 321.39
1734516863, 26, 49, 80, 8, 0, 0.06%, 9, 0, 10, 287.96
1734516873, 26, 50, 80, 8, 0, 0.06%, 9, 0, 10, 292.97
1734516878, 26, 51, 80, 8, 0, 0.06%, 9, 0, 10, 374.22
1734516883, 26, 53, 80, 8, 0, 0.06%, 9, 0, 10, 345.85
1734516893, 26, 54, 80, 8, 0, 0.06%, 9, 0, 10, 335.66
1734516898, 26, 55, 80, 8, 0, 0.06%, 9, 0, 10, 378.72
1734516904, 26, 56, 80, 8, 0, 0.06%, 9, 0, 10, 365.32
1734516914, 26, 57, 80, 8, 0, 0.06%, 9, 0, 10, 314.72
1734516924, 26, 58, 80, 8, 0, 0.06%, 9, 0, 10, 342.59
1734516934, 26, 59, 80, 8, 0, 0.06%, 9, 0, 10, 386.95
1734516939, 26, 60, 80, 8, 0, 0.06%, 9, 0, 10, 390.57
1734516949, 26, 61, 80, 8, 0, 0.06%, 9, 0, 10, 342.01
1734516954, 26, 62, 80, 8, 0, 0.06%, 9, 0, 10, 340.26
1734516964, 26, 63, 80, 8, 0, 0.06%, 9, 0, 10, 354.75
1734516969, 26, 64, 80, 8, 0, 0.06%, 9, 0, 10, 372.26
1734516974, 26, 65, 80, 8, 0, 0.06%, 9, 0, 10, 351.54
1734516985, 26, 66, 80, 8, 0, 0.06%, 9, 0, 10, 319.04
1734516990, 26, 67, 80, 8, 0, 0.06%, 9, 0, 10, 294.77
1734516995, 26, 68, 80, 8, 0, 0.06%, 9, 0, 10, 342.58
1734517005, 26, 69, 80, 8, 0, 0.06%, 9, 0, 10, 351.50
1734517015, 26, 70, 80, 8, 0, 0.06%, 9, 0, 10, 380.69
1734517020, 26, 71, 80, 8, 0, 0.06%, 9, 0, 10, 361.90
1734517025, 26, 72, 80, 8, 0, 0.06%, 9, 0, 10, 383.44
1734517041, 26, 73, 80, 8, 0, 0.06%, 9, 0, 10, 393.82
1734517051, 26, 74, 80, 8, 0, 0.06%, 9, 0, 10, 329.02
1734517061, 26, 75, 80, 8, 0, 0.06%, 9, 0, 10, 361.58
1734517066, 26, 76, 80, 8, 0, 0.06%, 9, 0, 10, 393.69
1734517081, 26, 77, 80, 8, 0, 0.06%, 9, 0, 10, 336.90
1734517096, 26, 78, 80, 8, 0, 0.06%, 9, 0, 10, 374.98
1734517101, 26, 79, 80, 8, 0, 0.06%, 9, 0, 10, 331.78
1734517132, 27, 16, 80, 8, 0, 0.06%, 9, 0, 10, 318.14
1734517137, 27, 18, 80, 8, 0, 0.06%, 9, 0, 10, 276.76
1734517142, 27, 19, 80, 8, 0, 0.06%, 9, 0, 10, 275.61
1734517147, 27, 21, 80, 8, 0, 0.06%, 9, 0, 10, 283.02
1734517152, 27, 24, 80, 8, 0, 0.06%, 9, 0, 10, 275.98
1734517157, 27, 25, 80, 8, 0, 0.06%, 9, 0, 10, 315.41
1734517162, 27, 26, 80, 8, 0, 0.06%, 9, 0, 10, 293.58
1734517167, 27, 27, 80, 8, 0, 0.06%, 9, 0, 10, 300.81
1734517172, 27, 33, 80, 8, 0, 0.06%, 9, 0, 10, 309.52
1734517178, 27, 36, 80, 8, 0, 0.06%, 9, 0, 10, 336.72
1734517183, 27, 37, 80, 8, 0, 0.06%, 9, 0, 10, 364.09
1734517188, 27, 38, 80, 8, 0, 0.06%, 9, 0, 10, 335.25
1734517193, 27, 39, 80, 8, 0, 0.06%, 9, 0, 10, 338.83
1734517198, 27, 40, 80, 8, 0, 0.06%, 9, 0, 10, 280.55
1734517208, 27, 41, 80, 8, 0, 0.06%, 9, 0, 10, 385.70
1734517213, 27, 42, 80, 8, 0, 0.06%, 9, 0, 10, 355.69
1734517218, 27, 43, 80, 8, 0, 0.06%, 9, 0, 10, 318.48
1734517223, 27, 44, 80, 8, 0, 0.06%, 9, 0, 10, 317.22
1734517233, 27, 45, 80, 8, 0, 0.06%, 9, 0, 10, 339.35
1734517238, 27, 47, 80, 8, 0, 0.06%, 9, 0, 10, 344.69
1734517249, 27, 49, 80, 8, 0, 0.06%, 9, 0, 10, 320.47
1734517254, 27, 50, 80, 8, 0, 0.06%, 9, 0, 10, 314.53
1734517259, 27, 51, 80, 8, 0, 0.06%, 9, 0, 10, 311.90
1734517269, 27, 53, 80, 8, 0, 0.06%, 9, 0, 10, 357.97
1734517274, 27, 54, 80, 8, 0, 0.06%, 9, 0, 10, 372.90
1734517279, 27, 55, 80, 8, 0, 0.06%, 9, 0, 10, 321.46
1734517289, 27, 56, 80, 8, 0, 0.06%, 9, 0, 10, 362.04
1734517299, 27, 57, 80, 8, 0, 0.06%, 9, 0, 10, 390.82
1734517304, 27, 58, 80, 8, 0, 0.06%, 9, 0, 10, 346.80
1734517315, 27, 59, 80, 8, 0, 0.06%, 9, 0, 10, 307.91
1734517325, 27, 60, 80, 8, 0, 0.06%, 9, 0, 10, 320.39
1734517330, 27, 61, 80, 8, 0, 0.06%, 9, 0, 10, 371.38
1734517335, 27, 62, 80, 8, 0, 0.06%, 9, 0, 10, 356.98
1734517345, 27, 63, 80, 8, 0, 0.06%, 9, 0, 10, 381.17
1734517350, 27, 64, 80, 8, 0, 0.06%, 9, 0, 10, 332.47
1734517360, 27, 65, 80, 8, 0, 0.06%, 9, 0, 10, 334.49
1734517365, 27, 66, 80, 8, 0, 0.06%, 9, 0, 10, 333.33
1734517370, 27, 67, 80, 8, 0, 0.06%, 9, 0, 10, 336.80
1734517380, 27, 68, 80, 8, 0, 0.06%, 9, 0, 10, 354.34
1734517385, 27, 69, 80, 8, 0, 0.06%, 9, 0, 10, 323.76
1734517395, 27, 70, 80, 8, 0, 0.06%, 9, 0, 10, 392.80
1734517400, 27, 71, 80, 8, 0, 0.06%, 9, 0, 10, 327.37
1734517411, 27, 72, 80, 8, 0, 0.06%, 9, 0, 10, 375.58
1734517421, 27, 73, 80, 8, 0, 0.06%, 9, 0, 10, 412.08
1734517436, 27, 74, 80, 8, 0, 0.06%, 9, 0, 10, 352.93
1734517441, 27, 75, 80, 8, 0, 0.06%, 9, 0, 10, 365.68
1734517451, 27, 76, 80, 8, 0, 0.06%, 9, 0, 10, 287.78
1734517462, 27, 77, 80, 8, 0, 0.06%, 9, 0, 10, 345.07
1734517477, 27, 78, 80, 8, 0, 0.06%, 9, 0, 10, 358.47
1734517487, 27, 79, 80, 8, 0, 0.06%, 9, 0, 10, 318.70
1734517502, 28, 16, 80, 8, 0, 0.06%, 9, 0, 10, 327.67
1734517507, 28, 18, 80, 8, 0, 0.06%, 9, 0, 10, 297.30
1734517512, 28, 19, 80, 8, 0, 0.06%, 9, 0, 10, 288.08
1734517517, 28, 21, 80, 8, 0, 0.06%, 9, 0, 10, 276.32
1734517522, 28, 24, 80, 8, 0, 0.06%, 9, 0, 10, 267.79
1734517527, 28, 25, 80, 8, 0, 0.06%, 9, 0, 10, 304.28
1734517533, 28, 26, 80, 8, 0, 0.06%, 9, 0, 10, 297.49
1734517538, 28, 27, 80, 8, 0, 0.06%, 9, 0, 10, 299.39
1734517543, 28, 33, 80, 8, 0, 0.06%, 9, 0, 10, 300.24
1734517548, 28, 35, 80, 8, 0, 0.06%, 9, 0, 10, 319.29
1734517553, 28, 36, 80, 8, 0, 0.06%, 9, 0, 10, 306.27
1734517558, 28, 39, 80, 8, 0, 0.06%, 9, 0, 10, 323.73
1734517563, 28, 40, 80, 8, 0, 0.06%, 9, 0, 10, 357.47
1734517573, 28, 41, 80, 8, 0, 0.06%, 9, 0, 10, 330.37
1734517583, 28, 42, 80, 8, 0, 0.06%, 9, 0, 10, 316.89
1734517588, 28, 43, 80, 8, 0, 0.06%, 9, 0, 10, 314.71
1734517593, 28, 44, 80, 8, 0, 0.06%, 9, 0, 10, 350.64
1734517598, 28, 45, 80, 8, 0, 0.06%, 9, 0, 10, 342.37
1734517603, 28, 50, 80, 8, 0, 0.06%, 9, 0, 10, 310.86
1734517614, 28, 51, 80, 8, 0, 0.06%, 9, 0, 10, 357.28
1734517619, 28, 53, 80, 8, 0, 0.06%, 9, 0, 10, 382.06
1734517624, 28, 54, 80, 8, 0, 0.06%, 9, 0, 10, 331.81
1734517634, 28, 55, 80, 8, 0, 0.06%, 9, 0, 10, 371.48
1734517639, 28, 56, 80, 8, 0, 0.06%, 9, 0, 10, 321.64
1734517649, 28, 57, 80, 8, 0, 0.06%, 9, 0, 10, 296.92
1734517659, 28, 58, 80, 8, 0, 0.06%, 9, 0, 10, 371.42
1734517664, 28, 61, 80, 8, 0, 0.06%, 9, 0, 10, 329.39
1734517675, 28, 62, 80, 8, 0, 0.06%, 9, 0, 10, 359.20
1734517680, 28, 64, 80, 8, 0, 0.06%, 9, 0, 10, 372.09
1734517690, 28, 65, 80, 8, 0, 0.06%, 9, 0, 10, 316.54
1734517695, 28, 66, 80, 8, 0, 0.06%, 9, 0, 10, 338.13
1734517700, 28, 69, 80, 8, 0, 0.06%, 9, 0, 10, 339.74
1734517710, 28, 70, 80, 8, 0, 0.06%, 9, 0, 10, 364.12
1734517715, 28, 71, 80, 8, 0, 0.06%, 9, 0, 10, 333.89
1734517720, 28, 74, 80, 8, 0, 0.06%, 9, 0, 10, 328.51
1734517730, 28, 75, 80, 8, 0, 0.06%, 9, 0, 10, 393.58
1734517735, 28, 76, 80, 8, 0, 0.06%, 9, 0, 10, 404.32
1734517751, 28, 77, 80, 8, 0, 0.06%, 9, 0, 10, 394.80
1734517766, 29, 18, 80, 8, 0, 0.06%, 9, 0, 10, 323.50
1734517771, 29, 24, 80, 8, 0, 0.06%, 9, 0, 10, 279.54
1734517776, 29, 25, 80, 8, 0, 0.06%, 9, 0, 10, 316.77
1734517781, 29, 26, 80, 8, 0, 0.06%, 9, 0, 10, 295.16
1734517786, 29, 27, 80, 8, 0, 0.06%, 9, 0, 10, 306.64
1734517792, 29, 35, 80, 8, 0, 0.06%, 9, 0, 10, 314.85
1734517797, 29, 39, 80, 8, 0, 0.06%, 9, 0, 10, 349.96
1734517802, 29, 40, 80, 8, 0, 0.06%, 9, 0, 10, 376.60
1734517812, 29, 50, 80, 8, 0, 0.06%, 9, 0, 10, 300.10
1734517822, 29, 51, 80, 8, 0, 0.06%, 9, 0, 10, 330.23
1734517827, 29, 53, 80, 8, 0, 0.06%, 9, 0, 10, 368.04
1734517832, 29, 54, 80, 8, 0, 0.06%, 9, 0, 10, 320.19
1734517842, 29, 61, 80, 8, 0, 0.06%, 9, 0, 10, 347.15
1734517848, 29, 62, 80, 8, 0, 0.06%, 9, 0, 10, 310.79
1734517858, 29, 64, 80, 8, 0, 0.06%, 9, 0, 10, 366.71
1734517863, 29, 65, 80, 8, 0, 0.06%, 9, 0, 10, 388.24
1734517868, 29, 69, 80, 8, 0, 0.06%, 9, 0, 10, 343.19
1734517878, 29, 70, 80, 8, 0, 0.06%, 9, 0, 10, 392.87
1734517883, 29, 71, 80, 8, 0, 0.06%, 9, 0, 10, 367.56
1734517893, 29, 74, 80, 8, 0, 0.06%, 9, 0, 10, 332.97
1734517898, 29, 75, 80, 8, 0, 0.06%, 9, 0, 10, 372.16
1734517903, 29, 76, 80, 8, 0, 0.06%, 9, 0, 10, 338.90
1734517919, 29, 77, 80, 8, 0, 0.06%, 9, 0, 10, 396.51
1734517934, 30, 18, 80, 8, 0, 0.06%, 9, 0, 10, 323.08
1734517939, 30, 24, 80, 8, 0, 0.06%, 9, 0, 10, 276.71
1734517944, 30, 25, 80, 8, 0, 0.06%, 9, 0, 10, 322.20
1734517949, 30, 26, 80, 8, 0, 0.06%, 9, 0, 10, 300.66
1734517954, 30, 27, 80, 8, 0, 0.06%, 9, 0, 10, 328.81
1734517959, 30, 35, 80, 8, 0, 0.06%, 9, 0, 10, 321.39
1734517964, 30, 38, 80, 8, 0, 0.06%, 9, 0, 10, 325.05
1734517970, 30, 39, 80, 8, 0, 0.06%, 9, 0, 10, 322.61
1734517975, 30, 40, 80, 8, 0, 0.06%, 9, 0, 10, 317.63
1734517980, 30, 50, 80, 8, 0, 0.06%, 9, 0, 10, 335.67
1734517990, 30, 51, 80, 8, 0, 0.06%, 9, 0, 10, 369.78
1734517995, 30, 53, 80, 8, 0, 0.06%, 9, 0, 10, 406.58
1734518000, 30, 54, 80, 8, 0, 0.06%, 9, 0, 10, 363.74
1734518010, 30, 61, 80, 8, 0, 0.06%, 9, 0, 10, 367.28
1734518015, 30, 62, 80, 8, 0, 0.06%, 9, 0, 10, 312.47
1734518026, 30, 64, 80, 8, 0, 0.06%, 9, 0, 10, 356.85
1734518031, 30, 65, 80, 8, 0, 0.06%, 9, 0, 10, 385.44
1734518036, 30, 69, 80, 8, 0, 0.06%, 9, 0, 10, 342.15
1734518046, 30, 70, 80, 8, 0, 0.06%, 9, 0, 10, 334.88
1734518056, 30, 71, 80, 8, 0, 0.06%, 9, 0, 10, 354.14
1734518061, 30, 74, 80, 8, 0, 0.06%, 9, 0, 10, 356.50
1734518066, 30, 75, 80, 8, 0, 0.06%, 9, 0, 10, 315.77
1734518076, 30, 76, 80, 8, 0, 0.06%, 9, 0, 10, 304.92
1734518086, 30, 77, 80, 8, 0, 0.06%, 9, 0, 10, 333.44
1734518102, 31, 18, 80, 8, 0, 0.06%, 9, 0, 10, 324.28
1734518107, 31, 24, 80, 8, 0, 0.06%, 9, 0, 10, 289.53
1734518112, 31, 25, 80, 8, 0, 0.06%, 9, 0, 10, 325.28
1734518117, 31, 26, 80, 8, 0, 0.06%, 9, 0, 10, 309.55
1734518122, 31, 27, 80, 8, 0, 0.06%, 9, 0, 10, 334.02
1734518127, 31, 35, 80, 8, 0, 0.06%, 9, 0, 10, 317.37
1734518132, 31, 38, 80, 8, 0, 0.06%, 9, 0, 10, 323.00
1734518137, 31, 39, 80, 8, 0, 0.06%, 9, 0, 10, 326.82
1734518142, 31, 40, 80, 8, 0, 0.06%, 9, 0, 10, 280.32
1734518152, 31, 50, 80, 8, 0, 0.06%, 9, 0, 10, 282.84
1734518157, 31, 51, 80, 8, 0, 0.06%, 9, 0, 10, 365.17
1734518162, 31, 53, 80, 8, 0, 0.06%, 9, 0, 10, 324.63
1734518172, 31, 54, 80, 8, 0, 0.06%, 9, 0, 10, 354.38
1734518177, 31, 61, 80, 8, 0, 0.06%, 9, 0, 10, 354.75
1734518187, 31, 62, 80, 8, 0, 0.06%, 9, 0, 10, 342.19
1734518192, 31, 64, 80, 8, 0, 0.06%, 9, 0, 10, 334.25
1734518203, 31, 65, 80, 8, 0, 0.06%, 9, 0, 10, 316.94
1734518208, 31, 69, 80, 8, 0, 0.06%, 9, 0, 10, 308.31
1734518218, 31, 70, 80, 8, 0, 0.06%, 9, 0, 10, 360.04
1734518223, 31, 71, 80, 8, 0, 0.06%, 9, 0, 10, 304.94
1734518228, 31, 74, 80, 8, 0, 0.06%, 9, 0, 10, 331.58
1734518238, 31, 75, 80, 8, 0, 0.06%, 9, 0, 10, 380.65
1734518243, 31, 76, 80, 8, 0, 0.06%, 9, 0, 10, 386.57
1734518259, 31, 77, 80, 8, 0, 0.06%, 9, 0, 10, 424.69
1734518274, 32, 18, 80, 8, 0, 0.06%, 9, 0, 10, 307.84
1734518279, 32, 24, 80, 8, 0, 0.06%, 9, 0, 10, 289.01
1734518284, 32, 25, 80, 8, 0, 0.06%, 9, 0, 10, 311.36
1734518289, 32, 26, 80, 8, 0, 0.06%, 9, 0, 10, 297.64
1734518294, 32, 27, 80, 8, 0, 0.06%, 9, 0, 10, 313.68
1734518299, 32, 35, 80, 8, 0, 0.06%, 9, 0, 10, 323.22
1734518304, 32, 38, 80, 8, 0, 0.06%, 9, 0, 10, 318.02
1734518309, 32, 39, 80, 8, 0, 0.06%, 9, 0, 10, 315.72
1734518314, 32, 40, 80, 8, 0, 0.06%, 9, 0, 10, 318.39
1734518319, 32, 50, 80, 8, 0, 0.06%, 9, 0, 10, 322.99
1734518329, 32, 51, 80, 8, 0, 0.06%, 9, 0, 10, 365.12
1734518335, 32, 53, 80, 8, 0, 0.06%, 9, 0, 10, 340.39
1734518345, 32, 54, 80, 8, 0, 0.06%, 9, 0, 10, 313.09
1734518350, 32, 61, 80, 8, 0, 0.06%, 9, 0, 10, 353.63
1734518360, 32, 62, 80, 8, 0, 0.06%, 9, 0, 10, 351.37
1734518365, 32, 64, 80, 8, 0, 0.06%, 9, 0, 10, 384.82
1734518370, 32, 65, 80, 8, 0, 0.06%, 9, 0, 10, 317.60
1734518380, 32, 69, 80, 8, 0, 0.06%, 9, 0, 10, 398.49
1734518385, 32, 70, 80, 8, 0, 0.06%, 9, 0, 10, 334.32
1734518396, 32, 71, 80, 8, 0, 0.06%, 9, 0, 10, 335.61
1734518401, 32, 74, 80, 8, 0, 0.06%, 9, 0, 10, 380.99
1734518406, 32, 75, 80, 8, 0, 0.06%, 9, 0, 10, 317.63
1734518416, 32, 76, 80, 8, 0, 0.06%, 9, 0, 10, 310.97
1734518431, 32, 77, 80, 8, 0, 0.06%, 9, 0, 10, 277.08
1734518441, 33, 18, 80, 8, 0, 0.06%, 9, 0, 10, 340.23
1734518447, 33, 24, 80, 8, 0, 0.06%, 9, 0, 10, 289.96
1734518452, 33, 25, 80, 8, 0, 0.06%, 9, 0, 10, 277.13
1734518457, 33, 26, 80, 8, 0, 0.06%, 9, 0, 10, 293.31
1734518462, 33, 27, 80, 8, 0, 0.06%, 9, 0, 10, 285.22
1734518467, 33, 35, 80, 8, 0, 0.06%, 9, 0, 10, 291.60
1734518472, 33, 38, 80, 8, 0, 0.06%, 9, 0, 10, 331.06
1734518477, 33, 39, 80, 8, 0, 0.06%, 9, 0, 10, 362.71
1734518482, 33, 40, 80, 8, 0, 0.06%, 9, 0, 10, 331.20
1734518492, 33, 50, 80, 8, 0, 0.06%, 9, 0, 10, 307.41
1734518497, 33, 51, 80, 8, 0, 0.06%, 9, 0, 10, 297.57
1734518507, 33, 53, 80, 8, 0, 0.06%, 9, 0, 10, 344.73
1734518512, 33, 54, 80, 8, 0, 0.06%, 9, 0, 10, 363.09
1734518518, 33, 61, 80, 8, 0, 0.06%, 9, 0, 10, 320.60
1734518528, 33, 62, 80, 8, 0, 0.06%, 9, 0, 10, 385.55
1734518533, 33, 64, 80, 8, 0, 0.06%, 9, 0, 10, 317.83
1734518543, 33, 65, 80, 8, 0, 0.06%, 9, 0, 10, 337.65
1734518548, 33, 69, 80, 8, 0, 0.06%, 9, 0, 10, 329.74
1734518558, 33, 70, 80, 8, 0, 0.06%, 9, 0, 10, 395.74
1734518563, 33, 71, 80, 8, 0, 0.06%, 9, 0, 10, 374.35
1734518568, 33, 74, 80, 8, 0, 0.06%, 9, 0, 10, 342.49
1734518578, 33, 75, 80, 8, 0, 0.06%, 9, 0, 10, 366.53
1734518583, 33, 76, 80, 8, 0, 0.06%, 9, 0, 10, 399.85
1734518599, 33, 77, 80, 8, 0, 0.06%, 9, 0, 10, 368.48
1734518614, 34, 18, 80, 8, 0, 0.06%, 9, 0, 10, 305.73
1734518619, 34, 24, 80, 8, 0, 0.06%, 9, 0, 10, 274.31
1734518624, 34, 25, 80, 8, 0, 0.06%, 9, 0, 10, 310.12
1734518629, 34, 26, 80, 8, 0, 0.06%, 9, 0, 10, 286.01
1734518634, 34, 27, 80, 8, 0, 0.06%, 9, 0, 10, 312.25
1734518639, 34, 35, 80, 8, 0, 0.06%, 9, 0, 10, 327.33
1734518644, 34, 39, 80, 8, 0, 0.06%, 9, 0, 10, 306.38
1734518650, 34, 40, 80, 8, 0, 0.06%, 9, 0, 10, 367.11
1734518660, 34, 50, 80, 8, 0, 0.06%, 9, 0, 10, 317.71
1734518670, 34, 51, 80, 8, 0, 0.06%, 9, 0, 10, 358.18
1734518675, 34, 53, 80, 8, 0, 0.06%, 9, 0, 10, 374.26
1734518680, 34, 54, 80, 8, 0, 0.06%, 9, 0, 10, 367.98
1734518690, 34, 61, 80, 8, 0, 0.06%, 9, 0, 10, 358.17
1734518695, 34, 62, 80, 8, 0, 0.06%, 9, 0, 10, 341.72
1734518705, 34, 64, 80, 8, 0, 0.06%, 9, 0, 10, 349.81
1734518710, 34, 65, 80, 8, 0, 0.06%, 9, 0, 10, 373.43
1734518715, 34, 69, 80, 8, 0, 0.06%, 9, 0, 10, 319.51
1734518726, 34, 70, 80, 8, 0, 0.06%, 9, 0, 10, 401.89
1734518731, 34, 71, 80, 8, 0, 0.06%, 9, 0, 10, 330.90
1734518736, 34, 74, 80, 8, 0, 0.06%, 9, 0, 10, 322.43
1734518746, 34, 75, 80, 8, 0, 0.06%, 9, 0, 10, 390.65
1734518756, 34, 76, 80, 8, 0, 0.06%, 9, 0, 10, 272.41
1734518766, 34, 77, 80, 8, 0, 0.06%, 9, 0, 10, 374.31
1734518781, 35, 18, 80, 8, 0, 0.06%, 9, 0, 10, 323.77
1734518786, 35, 24, 80, 8, 0, 0.06%, 9, 0, 10, 277.88
1734518792, 35, 25, 80, 8, 0, 0.06%, 9, 0, 10, 317.76
1734518797, 35, 26, 80, 8, 0, 0.06%, 9, 0, 10, 298.50
1734518802, 35, 27, 80, 8, 0, 0.06%, 9, 0, 10, 326.42
1734518807, 35, 35, 80, 8, 0, 0.06%, 9, 0, 10, 337.86
1734518812, 35, 38, 80, 8, 0, 0.06%, 9, 0, 10, 316.57
1734518817, 35, 39, 80, 8, 0, 0.06%, 9, 0, 10, 335.79
1734518822, 35, 40, 80, 8, 0, 0.06%, 9, 0, 10, 353.28
1734518828, 35, 50, 80, 8, 0, 0.06%, 9, 0, 10, 326.93
1734518838, 35, 51, 80, 8, 0, 0.06%, 9, 0, 10, 346.02
1734518843, 35, 53, 80, 8, 0, 0.06%, 9, 0, 10, 389.12
1734518848, 35, 54, 80, 8, 0, 0.06%, 9, 0, 10, 315.32
1734518858, 35, 61, 80, 8, 0, 0.06%, 9, 0, 10, 356.04
1734518868, 35, 62, 80, 8, 0, 0.06%, 9, 0, 10, 327.43
1734518873, 35, 64, 80, 8, 0, 0.06%, 9, 0, 10, 363.49
1734518883, 35, 65, 80, 8, 0, 0.06%, 9, 0, 10, 331.64
1734518889, 35, 69, 80, 8, 0, 0.06%, 9, 0, 10, 399.62
1734518899, 35, 70, 80, 8, 0, 0.06%, 9, 0, 10, 328.53
1734518904, 35, 71, 80, 8, 0, 0.06%, 9, 0, 10, 337.96
1734518909, 35, 74, 80, 8, 0, 0.06%, 9, 0, 10, 340.65
1734518919, 35, 75, 80, 8, 0, 0.06%, 9, 0, 10, 374.59
1734518924, 35, 76, 80, 8, 0, 0.06%, 9, 0, 10, 386.57
1734518939, 35, 77, 80, 8, 0, 0.06%, 9, 0, 10, 334.27
1734518955, 36, 18, 80, 8, 0, 0.06%, 9, 0, 10, 307.46
1734518960, 36, 24, 80, 8, 0, 0.06%, 9, 0, 10, 293.70
1734518965, 36, 25, 80, 8, 0, 0.06%, 9, 0, 10, 298.61
1734518970, 36, 26, 80, 8, 0, 0.06%, 9, 0, 10, 288.97
1734518975, 36, 35, 80, 8, 0, 0.06%, 9, 0, 10, 325.91
1734518980, 36, 38, 80, 8, 0, 0.06%, 9, 0, 10, 377.99
1734518985, 36, 39, 80, 8, 0, 0.06%, 9, 0, 10, 353.33
1734518990, 36, 40, 80, 8, 0, 0.06%, 9, 0, 10, 310.21
1734519000, 36, 50, 80, 8, 0, 0.06%, 9, 0, 10, 301.78
1734519005, 36, 51, 80, 8, 0, 0.06%, 9, 0, 10, 296.87
1734519016, 36, 53, 80, 8, 0, 0.06%, 9, 0, 10, 340.60
1734519021, 36, 54, 80, 8, 0, 0.06%, 9, 0, 10, 371.45
1734519026, 36, 61, 80, 8, 0, 0.06%, 9, 0, 10, 333.15
1734519036, 36, 62, 80, 8, 0, 0.06%, 9, 0, 10, 366.04
1734519041, 36, 64, 80, 8, 0, 0.06%, 9, 0, 10, 376.39
1734519046, 36, 65, 80, 8, 0, 0.06%, 9, 0, 10, 337.88
1734519056, 36, 69, 80, 8, 0, 0.06%, 9, 0, 10, 383.56
1734519061, 36, 70, 80, 8, 0, 0.06%, 9, 0, 10, 323.91
1734519072, 36, 71, 80, 8, 0, 0.06%, 9, 0, 10, 349.63
1734519077, 36, 74, 80, 8, 0, 0.06%, 9, 0, 10, 361.49
1734519087, 36, 75, 80, 8, 0, 0.06%, 9, 0, 10, 349.63
1734519092, 36, 76, 80, 8, 0, 0.06%, 9, 0, 10, 406.78
1734519107, 36, 77, 80, 8, 0, 0.06%, 9, 0, 10, 355.26
1734519123, 37, 24, 80, 8, 0, 0.06%, 9, 0, 10, 299.14
1734519133, 37, 26, 80, 8, 0, 0.06%, 9, 0, 10, 291.13
1734519143, 37, 35, 80, 8, 0, 0.06%, 9, 0, 10, 347.54
1734519148, 37, 38, 80, 8, 0, 0.06%, 9, 0, 10, 348.15
1734519153, 37, 39, 80, 8, 0, 0.06%, 9, 0, 10, 353.51
1734519158, 37, 40, 80, 8, 0, 0.06%, 9, 0, 10, 306.75
1734519168, 37, 50, 80, 8, 0, 0.06%, 9, 0, 10, 312.43
1734519173, 37, 51, 80, 8, 0, 0.06%, 9, 0, 10, 367.84
1734519183, 37, 53, 80, 8, 0, 0.06%, 9, 0, 10, 317.46
1734519188, 37, 54, 80, 8, 0, 0.06%, 9, 0, 10, 342.16
1734519193, 37, 61, 80, 8, 0, 0.06%, 9, 0, 10, 300.61
1734519203, 37, 62, 80, 8, 0, 0.06%, 9, 0, 10, 361.28
1734519209, 37, 64, 80, 8, 0, 0.06%, 9, 0, 10, 394.95
1734519219, 37, 65, 80, 8, 0, 0.06%, 9, 0, 10, 311.85
1734519224, 37, 69, 80, 8, 0, 0.06%, 9, 0, 10, 327.50
1734519234, 37, 70, 80, 8, 0, 0.06%, 9, 0, 10, 341.13
1734519239, 37, 71, 80, 8, 0, 0.06%, 9, 0, 10, 331.38
1734519244, 37, 74, 80, 8, 0, 0.06%, 9, 0, 10, 311.61
1734519254, 37, 75, 80, 8, 0, 0.06%, 9, 0, 10, 376.15
1734519259, 37, 76, 80, 8, 0, 0.06%, 9, 0, 10, 369.71
1734519275, 37, 77, 80, 8, 0, 0.06%, 9, 0, 10, 422.89
1734519290, 38, 18, 80, 8, 0, 0.06%, 9, 0, 10, 320.09
1734519295, 38, 24, 80, 8, 0, 0.06%, 9, 0, 10, 285.48
1734519300, 38, 25, 80, 8, 0, 0.06%, 9, 0, 10, 323.78
1734519305, 38, 26, 80, 8, 0, 0.06%, 9, 0, 10, 304.89
1734519310, 38, 27, 80, 8, 0, 0.06%, 9, 0, 10, 309.76
1734519315, 38, 35, 80, 8, 0, 0.06%, 9, 0, 10, 299.02
1734519320, 38, 38, 80, 8, 0, 0.06%, 9, 0, 10, 305.98
1734519325, 38, 40, 80, 8, 0, 0.06%, 9, 0, 10, 332.53
1734519336, 38, 50, 80, 8, 0, 0.06%, 9, 0, 10, 317.68
1734519346, 38, 51, 80, 8, 0, 0.06%, 9, 0, 10, 352.13
1734519351, 38, 53, 80, 8, 0, 0.06%, 9, 0, 10, 367.20
1734519361, 38, 54, 80, 8, 0, 0.06%, 9, 0, 10, 346.14
1734519366, 38, 61, 80, 8, 0, 0.06%, 9, 0, 10, 360.06
1734519371, 38, 62, 80, 8, 0, 0.06%, 9, 0, 10, 346.35
1734519381, 38, 64, 80, 8, 0, 0.06%, 9, 0, 10, 368.63
1734519386, 38, 65, 80, 8, 0, 0.06%, 9, 0, 10, 382.46
1734519392, 38, 69, 80, 8, 0, 0.06%, 9, 0, 10, 366.41
1734519402, 38, 70, 80, 8, 0, 0.06%, 9, 0, 10, 384.11
1734519412, 38, 71, 80, 8, 0, 0.06%, 9, 0, 10, 323.12
1734519417, 38, 74, 80, 8, 0, 0.06%, 9, 0, 10, 351.49
1734519422, 38, 75, 80, 8, 0, 0.06%, 9, 0, 10, 352.25
1734519432, 38, 76, 80, 8, 0, 0.06%, 9, 0, 10, 286.26
1734519447, 38, 77, 80, 8, 0, 0.06%, 9, 0, 10, 265.47
1734519458, 39, 18, 80, 8, 0, 0.06%, 9, 0, 10, 320.13
1734519463, 39, 24, 80, 8, 0, 0.06%, 9, 0, 10, 286.97
1734519468, 39, 25, 80, 8, 0, 0.06%, 9, 0, 10, 295.17
1734519473, 39, 26, 80, 8, 0, 0.06%, 9, 0, 10, 300.87
1734519478, 39, 27, 80, 8, 0, 0.06%, 9, 0, 10, 338.68
1734519483, 39, 35, 80, 8, 0, 0.06%, 9, 0, 10, 340.51
1734519488, 39, 38, 80, 8, 0, 0.06%, 9, 0, 10, 346.27
1734519493, 39, 39, 80, 8, 0, 0.06%, 9, 0, 10, 342.61
1734519498, 39, 40, 80, 8, 0, 0.06%, 9, 0, 10, 277.67
1734519508, 39, 50, 80, 8, 0, 0.06%, 9, 0, 10, 305.05
1734519513, 39, 51, 80, 8, 0, 0.06%, 9, 0, 10, 367.79
1734519518, 39, 53, 80, 8, 0, 0.06%, 9, 0, 10, 344.35
1734519528, 39, 54, 80, 8, 0, 0.06%, 9, 0, 10, 330.77
1734519534, 39, 61, 80, 8, 0, 0.06%, 9, 0, 10, 332.37
1734519544, 39, 62, 80, 8, 0, 0.06%, 9, 0, 10, 351.27
1734519549, 39, 64, 80, 8, 0, 0.06%, 9, 0, 10, 371.76
1734519559, 39, 65, 80, 8, 0, 0.06%, 9, 0, 10, 338.14
1734519564, 39, 69, 80, 8, 0, 0.06%, 9, 0, 10, 369.77
1734519574, 39, 70, 80, 8, 0, 0.06%, 9, 0, 10, 368.28
1734519579, 39, 71, 80, 8, 0, 0.06%, 9, 0, 10, 363.14
1734519584, 39, 74, 80, 8, 0, 0.06%, 9, 0, 10, 343.33
1734519594, 39, 75, 80, 8, 0, 0.06%, 9, 0, 10, 365.69
1734519599, 39, 76, 80, 8, 0, 0.06%, 9, 0, 10, 420.17
1734519615, 40, 18, 80, 8, 0, 0.06%, 9, 0, 10, 292.18
1734519620, 40, 24, 80, 8, 0, 0.06%, 9, 0, 10, 275.84
1734519625, 40, 25, 80, 8, 0, 0.06%, 9, 0, 10, 328.02
1734519630, 40, 26, 80, 8, 0, 0.06%, 9, 0, 10, 304.50
1734519635, 40, 27, 80, 8, 0, 0.06%, 9, 0, 10, 318.12
1734519640, 40, 61, 80, 8, 0, 0.06%, 9, 0, 10, 371.27
1734519645, 40, 62, 80, 8, 0, 0.06%, 9, 0, 10, 320.53
1734519655, 40, 71, 80, 8, 0, 0.06%, 9, 0, 10, 321.89
1734519660, 41, 18, 80, 8, 0, 0.06%, 9, 0, 10, 307.32
1734519665, 41, 24, 80, 8, 0, 0.06%, 9, 0, 10, 281.07
1734519671, 41, 25, 80, 8, 0, 0.06%, 9, 0, 10, 324.93
1734519676, 41, 26, 80, 8, 0, 0.06%, 9, 0, 10, 298.73
1734519681, 41, 27, 80, 8, 0, 0.06%, 9, 0, 10, 327.24
1734519686, 41, 61, 80, 8, 0, 0.06%, 9, 0, 10, 341.56
1734519696, 41, 62, 80, 8, 0, 0.06%, 9, 0, 10, 349.90
1734519701, 41, 71, 80, 8, 0, 0.06%, 9, 0, 10, 319.55
1734519706, 42, 18, 80, 8, 0, 0.06%, 9, 0, 10, 313.53
1734519711, 42, 24, 80, 8, 0, 0.06%, 9, 0, 10, 281.62
1734519717, 42, 25, 80, 8, 0, 0.06%, 9, 0, 10, 296.01
1734519722, 42, 26, 80, 8, 0, 0.06%, 9, 0, 10, 297.00
1734519727, 42, 27, 80, 8, 0, 0.06%, 9, 0, 10, 327.62
1734519732, 42, 61, 80, 8, 0, 0.06%, 9, 0, 10, 288.22
1734519742, 42, 62, 80, 8, 0, 0.06%, 9, 0, 10, 366.45
1734519747, 42, 71, 80, 8, 0, 0.06%, 9, 0, 10, 323.59
1734519757, 43, 18, 80, 8, 0, 0.06%, 9, 0, 10, 294.96
1734519762, 43, 24, 80, 8, 0, 0.06%, 9, 0, 10, 286.03
1734519767, 43, 25, 80, 8, 0, 0.06%, 9, 0, 10, 288.80
1734519772, 43, 26, 80, 8, 0, 0.06%, 9, 0, 10, 282.76
1734519777, 43, 27, 80, 8, 0, 0.06%, 9, 0, 10, 315.20
1734519782, 43, 61, 80, 8, 0, 0.06%, 9, 0, 10, 332.59
1734519787, 43, 62, 80, 8, 0, 0.06%, 9, 0, 10, 311.15
1734519797, 43, 71, 80, 8, 0, 0.06%, 9, 0, 10, 320.41
1734519802, 44, 18, 80, 8, 0, 0.06%, 9, 0, 10, 303.75
1734519808, 44, 24, 80, 8, 0, 0.06%, 9, 0, 10, 273.05
1734519813, 44, 25, 80, 8, 0, 0.06%, 9, 0, 10, 296.63
1734519818, 44, 26, 80, 8, 0, 0.06%, 9, 0, 10, 289.55
1734519823, 44, 27, 80, 8, 0, 0.06%, 9, 0, 10, 300.33
1734519828, 44, 61, 80, 8, 0, 0.06%, 9, 0, 10, 362.52
1734519833, 44, 62, 80, 8, 0, 0.06%, 9, 0, 10, 321.55
1734519843, 44, 71, 80, 8, 0, 0.06%, 9, 0, 10, 352.30
1734519848, 45, 18, 80, 8, 0, 0.06%, 9, 0, 10, 315.78
1734519853, 45, 24, 80, 8, 0, 0.06%, 9, 0, 10, 282.27
1734519858, 45, 25, 80, 8, 0, 0.06%, 9, 0, 10, 323.69
1734519863, 45, 26, 80, 8, 0, 0.06%, 9, 0, 10, 306.93
1734519868, 45, 27, 80, 8, 0, 0.06%, 9, 0, 10, 317.98
1734519873, 45, 61, 80, 8, 0, 0.06%, 9, 0, 10, 350.76
1734519878, 45, 62, 80, 8, 0, 0.06%, 9, 0, 10, 375.21
1734519888, 45, 71, 80, 8, 0, 0.06%, 9, 0, 10, 354.36
1734519894, 46, 18, 80, 8, 0, 0.06%, 9, 0, 10, 316.00
1734519899, 46, 24, 80, 8, 0, 0.06%, 9, 0, 10, 272.89
1734519904, 46, 25, 80, 8, 0, 0.06%, 9, 0, 10, 312.76
1734519909, 46, 26, 80, 8, 0, 0.06%, 9, 0, 10, 293.72
1734519914, 46, 27, 80, 8, 0, 0.06%, 9, 0, 10, 332.72
1734519919, 46, 61, 80, 8, 0, 0.06%, 9, 0, 10, 345.81
1734519929, 46, 62, 80, 8, 0, 0.06%, 9, 0, 10, 339.30
1734519934, 46, 71, 80, 8, 0, 0.06%, 9, 0, 10, 361.56
1734519940, 47, 18, 80, 8, 0, 0.06%, 9, 0, 10, 301.97
1734519945, 47, 24, 80, 8, 0, 0.06%, 9, 0, 10, 277.82
1734519950, 47, 25, 80, 8, 0, 0.06%, 9, 0, 10, 316.17
1734519955, 47, 26, 80, 8, 0, 0.06%, 9, 0, 10, 298.06
1734519960, 47, 27, 80, 8, 0, 0.06%, 9, 0, 10, 333.03
1734519965, 47, 61, 80, 8, 0, 0.06%, 9, 0, 10, 374.12
1734519970, 47, 62, 80, 8, 0, 0.06%, 9, 0, 10, 359.20
1734519980, 47, 71, 80, 8, 0, 0.06%, 9, 0, 10, 355.59
1734519985, 48, 18, 80, 8, 0, 0.06%, 9, 0, 10, 300.01
1734519990, 48, 24, 80, 8, 0, 0.06%, 9, 0, 10, 279.74
1734519995, 48, 25, 80, 8, 0, 0.06%, 9, 0, 10, 313.10
1734520000, 48, 26, 80, 8, 0, 0.06%, 9, 0, 10, 296.86
1734520005, 48, 27, 80, 8, 0, 0.06%, 9, 0, 10, 317.25
1734520010, 48, 61, 80, 8, 0, 0.06%, 9, 0, 10, 369.32
1734520016, 48, 62, 80, 8, 0, 0.06%, 9, 0, 10, 319.12
1734520026, 48, 71, 80, 8, 0, 0.06%, 9, 0, 10, 354.63
1734520031, 49, 18, 80, 8, 0, 0.06%, 9, 0, 10, 311.48
1734520036, 49, 24, 80, 8, 0, 0.06%, 9, 0, 10, 276.86
1734520041, 49, 25, 80, 8, 0, 0.06%, 9, 0, 10, 308.23
1734520046, 49, 26, 80, 8, 0, 0.06%, 9, 0, 10, 292.54
1734520051, 49, 27, 80, 8, 0, 0.06%, 9, 0, 10, 332.03
1734520056, 49, 61, 80, 8, 0, 0.06%, 9, 0, 10, 354.44
1734520066, 49, 62, 80, 8, 0, 0.06%, 9, 0, 10, 335.96
1734520071, 49, 71, 80, 8, 0, 0.06%, 9, 0, 10, 318.48
1734520077, 50, 18, 80, 8, 0, 0.06%, 9, 0, 10, 327.42
1734520082, 50, 24, 80, 8, 0, 0.06%, 9, 0, 10, 284.68
1734520087, 50, 25, 80, 8, 0, 0.06%, 9, 0, 10, 328.50
1734520092, 50, 26, 80, 8, 0, 0.06%, 9, 0, 10, 303.50
1734520097, 50, 27, 80, 8, 0, 0.06%, 9, 0, 10, 327.96
1734520102, 50, 61, 80, 8, 0, 0.06%, 9, 0, 10, 352.89
1734520112, 50, 62, 80, 8, 0, 0.06%, 9, 0, 10, 357.67
1734520117, 50, 71, 80, 8, 0, 0.06%, 9, 0, 10, 318.05
1734520123, 51, 18, 80, 8, 0, 0.06%, 9, 0, 10, 321.11
1734520128, 51, 24, 80, 8, 0, 0.06%, 9, 0, 10, 286.38
1734520133, 51, 25, 80, 8, 0, 0.06%, 9, 0, 10, 321.75
1734520138, 51, 26, 80, 8, 0, 0.06%, 9, 0, 10, 306.66
1734520143, 51, 27, 80, 8, 0, 0.06%, 9, 0, 10, 342.09
1734520148, 51, 61, 80, 8, 0, 0.06%, 9, 0, 10, 355.05
1734520158, 51, 62, 80, 8, 0, 0.06%, 9, 0, 10, 335.43
1734520163, 51, 71, 80, 8, 0, 0.06%, 9, 0, 10, 348.06
1734520168, 52, 18, 80, 8, 0, 0.06%, 9, 0, 10, 320.94
1734520173, 52, 24, 80, 8, 0, 0.06%, 9, 0, 10, 275.14
1734520178, 52, 25, 80, 8, 0, 0.06%, 9, 0, 10, 310.73
1734520183, 52, 26, 80, 8, 0, 0.06%, 9, 0, 10, 298.84
1734520188, 52, 27, 80, 8, 0, 0.06%, 9, 0, 10, 344.11
1734520193, 52, 61, 80, 8, 0, 0.06%, 9, 0, 10, 319.76
1734520204, 52, 62, 80, 8, 0, 0.06%, 9, 0, 10, 351.05
1734520209, 52, 63, 80, 8, 0, 0.06%, 9, 0, 10, 345.48
1734520219, 52, 64, 80, 8, 0, 0.06%, 9, 0, 10, 349.33
1734520224, 52, 65, 80, 8, 0, 0.06%, 9, 0, 10, 364.25
1734520229, 52, 66, 80, 8, 0, 0.06%, 9, 0, 10, 328.74
1734520234, 52, 67, 80, 8, 0, 0.06%, 9, 0, 10, 367.40
1734520244, 52, 68, 80, 8, 0, 0.06%, 9, 0, 10, 333.23
1734520249, 52, 69, 80, 8, 0, 0.06%, 9, 0, 10, 342.68
1734520259, 52, 70, 80, 8, 0, 0.06%, 9, 0, 10, 369.73
1734520270, 52, 71, 80, 8, 0, 0.06%, 9, 0, 10, 351.38
1734520275, 52, 72, 80, 8, 0, 0.06%, 9, 0, 10, 329.56
1734520280, 52, 73, 80, 8, 0, 0.06%, 9, 0, 10, 362.40
1734520285, 52, 74, 80, 8, 0, 0.06%, 9, 0, 10, 309.30
1734520295, 52, 75, 80, 8, 0, 0.06%, 9, 0, 10, 364.14
1734520300, 52, 76, 80, 8, 0, 0.06%, 9, 0, 10, 402.69
1734520315, 52, 77, 80, 8, 0, 0.06%, 9, 0, 10, 370.62
1734520331, 52, 78, 80, 8, 0, 0.06%, 9, 0, 10, 463.26
1734520407, 52, 79, 80, 8, 0, 0.06%, 9, 0, 10, 318.94
1734520422, 53, 16, 80, 8, 0, 0.06%, 9, 0, 10, 297.08
1734520427, 53, 18, 80, 8, 0, 0.06%, 9, 0, 10, 290.64
1734520433, 53, 19, 80, 8, 0, 0.06%, 9, 0, 10, 280.41
1734520438, 53, 20, 80, 8, 0, 0.06%, 9, 0, 10, 296.32
1734520448, 53, 21, 80, 8, 0, 0.06%, 9, 0, 10, 286.25
1734520453, 53, 24, 80, 8, 0, 0.06%, 9, 0, 10, 286.25
1734520458, 53, 25, 80, 8, 0, 0.06%, 9, 0, 10, 300.65
1734520463, 53, 26, 80, 8, 0, 0.06%, 9, 0, 10, 283.06
1734520468, 53, 27, 80, 8, 0, 0.06%, 9, 0, 10, 299.69
1734520473, 53, 30, 80, 8, 0, 0.06%, 9, 0, 10, 295.98
1734520478, 53, 31, 80, 8, 0, 0.06%, 9, 0, 10, 313.26
1734520483, 53, 32, 80, 8, 0, 0.06%, 9, 0, 10, 332.80
1734520494, 53, 34, 80, 8, 0, 0.06%, 9, 0, 10, 313.52
1734520499, 53, 35, 80, 8, 0, 0.06%, 9, 0, 10, 298.74
1734520504, 53, 36, 80, 8, 0, 0.06%, 9, 0, 10, 343.27
1734520509, 53, 37, 80, 8, 0, 0.06%, 9, 0, 10, 343.55
1734520514, 53, 38, 80, 8, 0, 0.06%, 9, 0, 10, 338.21
1734520519, 53, 39, 80, 8, 0, 0.06%, 9, 0, 10, 340.97
1734520524, 53, 40, 80, 8, 0, 0.06%, 9, 0, 10, 289.64
1734520534, 53, 41, 80, 8, 0, 0.06%, 9, 0, 10, 379.61
1734520540, 53, 42, 80, 8, 0, 0.06%, 9, 0, 10, 347.89
1734520545, 53, 43, 80, 8, 0, 0.06%, 9, 0, 10, 330.73
1734520550, 53, 44, 80, 8, 0, 0.06%, 9, 0, 10, 306.12
1734520560, 53, 45, 80, 8, 0, 0.06%, 9, 0, 10, 335.58
1734520565, 53, 47, 80, 8, 0, 0.06%, 9, 0, 10, 330.16
1734520575, 53, 49, 80, 8, 0, 0.06%, 9, 0, 10, 328.15
1734520580, 53, 50, 80, 8, 0, 0.06%, 9, 0, 10, 294.06
1734520590, 53, 51, 80, 8, 0, 0.06%, 9, 0, 10, 312.86
1734520595, 53, 53, 80, 8, 0, 0.06%, 9, 0, 10, 363.81
1734520601, 53, 54, 80, 8, 0, 0.06%, 9, 0, 10, 374.05
1734520611, 53, 55, 80, 8, 0, 0.06%, 9, 0, 10, 353.26
1734520616, 53, 56, 80, 8, 0, 0.06%, 9, 0, 10, 352.76
1734520626, 53, 57, 80, 8, 0, 0.06%, 9, 0, 10, 337.91
1734520636, 53, 58, 80, 8, 0, 0.06%, 9, 0, 10, 352.55
1734520646, 53, 59, 80, 8, 0, 0.06%, 9, 0, 10, 344.19
1734520651, 53, 60, 80, 8, 0, 0.06%, 9, 0, 10, 359.34
1734520661, 53, 61, 80, 8, 0, 0.06%, 9, 0, 10, 365.58
1734520666, 53, 62, 80, 8, 0, 0.06%, 9, 0, 10, 320.27
1734520677, 53, 63, 80, 8, 0, 0.06%, 9, 0, 10, 375.52
1734520682, 53, 64, 80, 8, 0, 0.06%, 9, 0, 10, 334.99
1734520692, 53, 65, 80, 8, 0, 0.06%, 9, 0, 10, 349.75
1734520697, 53, 66, 80, 8, 0, 0.06%, 9, 0, 10, 345.92
1734520702, 53, 67, 80, 8, 0, 0.06%, 9, 0, 10, 291.00
1734520712, 53, 68, 80, 8, 0, 0.06%, 9, 0, 10, 358.36
1734520717, 53, 69, 80, 8, 0, 0.06%, 9, 0, 10, 302.77
1734520727, 53, 70, 80, 8, 0, 0.06%, 9, 0, 10, 378.78
1734520732, 53, 71, 80, 8, 0, 0.06%, 9, 0, 10, 307.41
1734520738, 53, 72, 80, 8, 0, 0.06%, 9, 0, 10, 340.28
1734520748, 53, 73, 80, 8, 0, 0.06%, 9, 0, 10, 359.67
1734520753, 53, 74, 80, 8, 0, 0.06%, 9, 0, 10, 374.99
1734520763, 53, 75, 80, 8, 0, 0.06%, 9, 0, 10, 344.21
1734520768, 53, 76, 80, 8, 0, 0.06%, 9, 0, 10, 391.98
1734520783, 53, 77, 80, 8, 0, 0.06%, 9, 0, 10, 363.97
1734520798, 53, 78, 80, 8, 0, 0.06%, 9, 0, 10, 333.40
1734520804, 53, 79, 80, 8, 0, 0.06%, 9, 0, 10, 349.74
1734520819, 54, 18, 80, 8, 0, 0.06%, 9, 0, 10, 295.37
1734520824, 54, 19, 80, 8, 0, 0.06%, 9, 0, 10, 290.38
1734520829, 54, 20, 80, 8, 0, 0.06%, 9, 0, 10, 285.63
1734520834, 54, 21, 80, 8, 0, 0.06%, 9, 0, 10, 276.86
1734520844, 54, 24, 80, 8, 0, 0.06%, 9, 0, 10, 269.95
1734520849, 54, 26, 80, 8, 0, 0.06%, 9, 0, 10, 312.65
1734520860, 54, 29, 80, 8, 0, 0.06%, 9, 0, 10, 302.03
1734520870, 54, 31, 80, 8, 0, 0.06%, 9, 0, 10, 325.44
1734520880, 54, 32, 80, 8, 0, 0.06%, 9, 0, 10, 329.72
1734520885, 54, 33, 80, 8, 0, 0.06%, 9, 0, 10, 310.33
1734520890, 54, 34, 80, 8, 0, 0.06%, 9, 0, 10, 292.15
1734520895, 54, 35, 80, 8, 0, 0.06%, 9, 0, 10, 309.57
1734520901, 54, 37, 80, 8, 0, 0.06%, 9, 0, 10, 319.21
1734520906, 54, 38, 80, 8, 0, 0.06%, 9, 0, 10, 338.20
1734520911, 54, 39, 80, 8, 0, 0.06%, 9, 0, 10, 369.28
1734520916, 54, 40, 80, 8, 0, 0.06%, 9, 0, 10, 333.58
1734520926, 54, 41, 80, 8, 0, 0.06%, 9, 0, 10, 322.85
1734520931, 54, 42, 80, 8, 0, 0.06%, 9, 0, 10, 372.97
1734520936, 54, 43, 80, 8, 0, 0.06%, 9, 0, 10, 319.20
1734520941, 54, 44, 80, 8, 0, 0.06%, 9, 0, 10, 345.83
1734520951, 54, 45, 80, 8, 0, 0.06%, 9, 0, 10, 335.13
1734520956, 54, 46, 80, 8, 0, 0.06%, 9, 0, 10, 334.56
1734520961, 54, 47, 80, 8, 0, 0.06%, 9, 0, 10, 308.61
1734520967, 54, 49, 80, 8, 0, 0.06%, 9, 0, 10, 315.92
1734520972, 54, 50, 80, 8, 0, 0.06%, 9, 0, 10, 307.69
1734520982, 54, 51, 80, 8, 0, 0.06%, 9, 0, 10, 354.67
1734520987, 54, 53, 80, 8, 0, 0.06%, 9, 0, 10, 390.22
1734520992, 54, 54, 80, 8, 0, 0.06%, 9, 0, 10, 357.60
1734521002, 54, 55, 80, 8, 0, 0.06%, 9, 0, 10, 349.22
1734521007, 54, 56, 80, 8, 0, 0.06%, 9, 0, 10, 335.23
1734521017, 54, 57, 80, 8, 0, 0.06%, 9, 0, 10, 313.55
1734521028, 54, 58, 80, 8, 0, 0.06%, 9, 0, 10, 379.32
1734521033, 54, 59, 80, 8, 0, 0.06%, 9, 0, 10, 380.03
1734521043, 54, 60, 80, 8, 0, 0.06%, 9, 0, 10, 356.79
1734521048, 54, 61, 80, 8, 0, 0.06%, 9, 0, 10, 322.38
1734521058, 54, 62, 80, 8, 0, 0.06%, 9, 0, 10, 368.08
1734521068, 54, 63, 80, 8, 0, 0.06%, 9, 0, 10, 351.91
1734521073, 54, 64, 80, 8, 0, 0.06%, 9, 0, 10, 370.69
1734521078, 54, 65, 80, 8, 0, 0.06%, 9, 0, 10, 346.56
1734521089, 54, 66, 80, 8, 0, 0.06%, 9, 0, 10, 322.87
1734521094, 54, 67, 80, 8, 0, 0.06%, 9, 0, 10, 334.57
1734521099, 54, 68, 80, 8, 0, 0.06%, 9, 0, 10, 357.83
1734521109, 54, 69, 80, 8, 0, 0.06%, 9, 0, 10, 373.98
1734521119, 54, 70, 80, 8, 0, 0.06%, 9, 0, 10, 385.84
1734521124, 54, 71, 80, 8, 0, 0.06%, 9, 0, 10, 358.64
1734521129, 54, 72, 80, 8, 0, 0.06%, 9, 0, 10, 370.51
1734521134, 54, 73, 80, 8, 0, 0.06%, 9, 0, 10, 398.83
1734521139, 54, 74, 80, 8, 0, 0.06%, 9, 0, 10, 338.99
1734521149, 54, 75, 80, 8, 0, 0.06%, 9, 0, 10, 387.98
1734521160, 54, 76, 80, 8, 0, 0.06%, 9, 0, 10, 275.52
1734521170, 54, 77, 80, 8, 0, 0.06%, 9, 0, 10, 344.64
1734521185, 54, 78, 80, 8, 0, 0.06%, 9, 0, 10, 356.45
1734521190, 54, 79, 80, 8, 0, 0.06%, 9, 0, 10, 351.69
1734521200, 55, 16, 80, 8, 0, 0.06%, 9, 0, 10, 302.78
1734521205, 55, 18, 80, 8, 0, 0.06%, 9, 0, 10, 291.22
1734521210, 55, 19, 80, 8, 0, 0.06%, 9, 0, 10, 279.80
1734521215, 55, 20, 80, 8, 0, 0.06%, 9, 0, 10, 304.52
1734521220, 55, 21, 80, 8, 0, 0.06%, 9, 0, 10, 281.57
1734521225, 55, 24, 80, 8, 0, 0.06%, 9, 0, 10, 282.44
1734521230, 55, 25, 80, 8, 0, 0.06%, 9, 0, 10, 297.38
1734521236, 55, 26, 80, 8, 0, 0.06%, 9, 0, 10, 299.78
1734521241, 55, 27, 80, 8, 0, 0.06%, 9, 0, 10, 302.93
1734521246, 55, 29, 80, 8, 0, 0.06%, 9, 0, 10, 276.04
1734521251, 55, 30, 80, 8, 0, 0.06%, 9, 0, 10, 306.32
1734521256, 55, 31, 80, 8, 0, 0.06%, 9, 0, 10, 321.75
1734521261, 55, 32, 80, 8, 0, 0.06%, 9, 0, 10, 350.16
1734521266, 55, 33, 80, 8, 0, 0.06%, 9, 0, 10, 327.29
1734521271, 55, 34, 80, 8, 0, 0.06%, 9, 0, 10, 274.40
1734521276, 55, 35, 80, 8, 0, 0.06%, 9, 0, 10, 306.87
1734521281, 55, 36, 80, 8, 0, 0.06%, 9, 0, 10, 314.17
1734521286, 55, 37, 80, 8, 0, 0.06%, 9, 0, 10, 301.45
1734521291, 55, 38, 80, 8, 0, 0.06%, 9, 0, 10, 317.53
1734521297, 55, 40, 80, 8, 0, 0.06%, 9, 0, 10, 404.63
1734521307, 55, 41, 80, 8, 0, 0.06%, 9, 0, 10, 306.96
1734521317, 55, 43, 80, 8, 0, 0.06%, 9, 0, 10, 317.48
1734521327, 55, 44, 80, 8, 0, 0.06%, 9, 0, 10, 339.58
1734521332, 55, 45, 80, 8, 0, 0.06%, 9, 0, 10, 335.68
1734521337, 55, 46, 80, 8, 0, 0.06%, 9, 0, 10, 350.37
1734521342, 55, 47, 80, 8, 0, 0.06%, 9, 0, 10, 304.39
1734521347, 55, 49, 80, 8, 0, 0.06%, 9, 0, 10, 321.87
1734521357, 55, 50, 80, 8, 0, 0.06%, 9, 0, 10, 295.05
1734521362, 55, 51, 80, 8, 0, 0.06%, 9, 0, 10, 302.69
1734521372, 55, 53, 80, 8, 0, 0.06%, 9, 0, 10, 326.71
1734521378, 55, 54, 80, 8, 0, 0.06%, 9, 0, 10, 362.32
1734521383, 55, 55, 80, 8, 0, 0.06%, 9, 0, 10, 309.96
1734521393, 55, 56, 80, 8, 0, 0.06%, 9, 0, 10, 366.97
1734521403, 55, 57, 80, 8, 0, 0.06%, 9, 0, 10, 383.58
1734521413, 55, 58, 80, 8, 0, 0.06%, 9, 0, 10, 370.66
1734521418, 55, 59, 80, 8, 0, 0.06%, 9, 0, 10, 296.90
1734521429, 55, 60, 80, 8, 0, 0.06%, 9, 0, 10, 334.72
1734521434, 55, 61, 80, 8, 0, 0.06%, 9, 0, 10, 352.34
1734521439, 55, 62, 80, 8, 0, 0.06%, 9, 0, 10, 351.33
1734521449, 55, 63, 80, 8, 0, 0.06%, 9, 0, 10, 376.03
1734521454, 55, 64, 80, 8, 0, 0.06%, 9, 0, 10, 353.53
1734521464, 55, 65, 80, 8, 0, 0.06%, 9, 0, 10, 327.47
1734521469, 55, 66, 80, 8, 0, 0.06%, 9, 0, 10, 346.75
1734521474, 55, 67, 80, 8, 0, 0.06%, 9, 0, 10, 300.30
1734521484, 55, 68, 80, 8, 0, 0.06%, 9, 0, 10, 368.39
1734521489, 55, 69, 80, 8, 0, 0.06%, 9, 0, 10, 310.73
1734521500, 55, 70, 80, 8, 0, 0.06%, 9, 0, 10, 374.33
1734521505, 55, 71, 80, 8, 0, 0.06%, 9, 0, 10, 330.77
1734521510, 55, 72, 80, 8, 0, 0.06%, 9, 0, 10, 349.11
1734521520, 55, 73, 80, 8, 0, 0.06%, 9, 0, 10, 323.08
1734521525, 55, 74, 80, 8, 0, 0.06%, 9, 0, 10, 340.68
1734521535, 55, 75, 80, 8, 0, 0.06%, 9, 0, 10, 371.22
1734521540, 55, 76, 80, 8, 0, 0.06%, 9, 0, 10, 403.03
1734521555, 55, 77, 80, 8, 0, 0.06%, 9, 0, 10, 368.66
1734521571, 55, 78, 80, 8, 0, 0.06%, 9, 0, 10, 347.50
1734521576, 55, 79, 80, 8, 0, 0.06%, 9, 0, 10, 344.76
1734521586, 56, 16, 80, 8, 0, 0.06%, 9, 0, 10, 290.06
1734521591, 56, 18, 80, 8, 0, 0.06%, 9, 0, 10, 298.67
1734521596, 56, 19, 80, 8, 0, 0.06%, 9, 0, 10, 295.39
1734521601, 56, 21, 80, 8, 0, 0.06%, 9, 0, 10, 290.37
1734521606, 56, 24, 80, 8, 0, 0.06%, 9, 0, 10, 282.69
1734521616, 56, 26, 80, 8, 0, 0.06%, 9, 0, 10, 311.18
1734521621, 56, 27, 80, 8, 0, 0.06%, 9, 0, 10, 315.02
1734521627, 56, 29, 80, 8, 0, 0.06%, 9, 0, 10, 293.34
1734521632, 56, 30, 80, 8, 0, 0.06%, 9, 0, 10, 317.95
1734521637, 56, 31, 80, 8, 0, 0.06%, 9, 0, 10, 287.91
1734521642, 56, 32, 80, 8, 0, 0.06%, 9, 0, 10, 332.73
1734521652, 56, 33, 80, 8, 0, 0.06%, 9, 0, 10, 324.84
1734521657, 56, 34, 80, 8, 0, 0.06%, 9, 0, 10, 276.62
1734521662, 56, 35, 80, 8, 0, 0.06%, 9, 0, 10, 288.24
1734521668, 56, 37, 80, 8, 0, 0.06%, 9, 0, 10, 310.49
1734521673, 56, 38, 80, 8, 0, 0.06%, 9, 0, 10, 342.41
1734521678, 56, 39, 80, 8, 0, 0.06%, 9, 0, 10, 371.39
1734521683, 56, 40, 80, 8, 0, 0.06%, 9, 0, 10, 321.61
1734521693, 56, 41, 80, 8, 0, 0.06%, 9, 0, 10, 319.79
1734521698, 56, 42, 80, 8, 0, 0.06%, 9, 0, 10, 351.35
1734521703, 56, 43, 80, 8, 0, 0.06%, 9, 0, 10, 305.50
1734521708, 56, 44, 80, 8, 0, 0.06%, 9, 0, 10, 349.03
1734521718, 56, 45, 80, 8, 0, 0.06%, 9, 0, 10, 346.20
1734521723, 56, 46, 80, 8, 0, 0.06%, 9, 0, 10, 341.38
1734521729, 56, 47, 80, 8, 0, 0.06%, 9, 0, 10, 304.13
1734521734, 56, 49, 80, 8, 0, 0.06%, 9, 0, 10, 317.40
1734521739, 56, 50, 80, 8, 0, 0.06%, 9, 0, 10, 300.34
1734521749, 56, 51, 80, 8, 0, 0.06%, 9, 0, 10, 350.82
1734521754, 56, 53, 80, 8, 0, 0.06%, 9, 0, 10, 391.09
1734521759, 56, 54, 80, 8, 0, 0.06%, 9, 0, 10, 382.53
1734521770, 56, 55, 80, 8, 0, 0.06%, 9, 0, 10, 378.09
1734521775, 56, 56, 80, 8, 0, 0.06%, 9, 0, 10, 304.23
1734521785, 56, 57, 80, 8, 0, 0.06%, 9, 0, 10, 327.62
1734521795, 56, 58, 80, 8, 0, 0.06%, 9, 0, 10, 365.91
1734521800, 56, 59, 80, 8, 0, 0.06%, 9, 0, 10, 329.88
1734521810, 56, 60, 80, 8, 0, 0.06%, 9, 0, 10, 355.44
1734521815, 56, 61, 80, 8, 0, 0.06%, 9, 0, 10, 323.30
1734521826, 56, 62, 80, 8, 0, 0.06%, 9, 0, 10, 353.45
1734521831, 56, 63, 80, 8, 0, 0.06%, 9, 0, 10, 310.29
1734521841, 56, 64, 80, 8, 0, 0.06%, 9, 0, 10, 350.14
1734521846, 56, 65, 80, 8, 0, 0.06%, 9, 0, 10, 363.81
1734521856, 56, 66, 80, 8, 0, 0.06%, 9, 0, 10, 349.96
1734521861, 56, 67, 80, 8, 0, 0.06%, 9, 0, 10, 361.29
1734521866, 56, 68, 80, 8, 0, 0.06%, 9, 0, 10, 320.51
1734521876, 56, 69, 80, 8, 0, 0.06%, 9, 0, 10, 385.16
1734521881, 56, 70, 80, 8, 0, 0.06%, 9, 0, 10, 332.79
1734521892, 56, 71, 80, 8, 0, 0.06%, 9, 0, 10, 359.59
1734521897, 56, 72, 80, 8, 0, 0.06%, 9, 0, 10, 363.89
1734521902, 56, 73, 80, 8, 0, 0.06%, 9, 0, 10, 391.30
1734521907, 56, 74, 80, 8, 0, 0.06%, 9, 0, 10, 335.95
1734521917, 56, 75, 80, 8, 0, 0.06%, 9, 0, 10, 411.41
1734521922, 56, 76, 80, 8, 0, 0.06%, 9, 0, 10, 397.06
1734521937, 56, 77, 80, 8, 0, 0.06%, 9, 0, 10, 411.89
1734521952, 56, 78, 80, 8, 0, 0.06%, 9, 0, 10, 346.26
1734521957, 56, 79, 80, 8, 0, 0.06%, 9, 0, 10, 330.24
1734521967, 57, 16, 80, 8, 0, 0.06%, 9, 0, 10, 297.83
1734521972, 57, 18, 80, 8, 0, 0.06%, 9, 0, 10, 296.08
1734521978, 57, 19, 80, 8, 0, 0.06%, 9, 0, 10, 273.84
1734521983, 57, 20, 80, 8, 0, 0.06%, 9, 0, 10, 283.91
1734521988, 57, 21, 80, 8, 0, 0.06%, 9, 0, 10, 279.15
1734521993, 57, 24, 80, 8, 0, 0.06%, 9, 0, 10, 274.59
1734521998, 57, 25, 80, 8, 0, 0.06%, 9, 0, 10, 316.17
1734522003, 57, 26, 80, 8, 0, 0.06%, 9, 0, 10, 287.95
1734522008, 57, 27, 80, 8, 0, 0.06%, 9, 0, 10, 306.62
1734522013, 57, 30, 80, 8, 0, 0.06%, 9, 0, 10, 293.22
1734522018, 57, 31, 80, 8, 0, 0.06%, 9, 0, 10, 323.11
1734522029, 57, 32, 80, 8, 0, 0.06%, 9, 0, 10, 324.72
1734522034, 57, 33, 80, 8, 0, 0.06%, 9, 0, 10, 327.00
1734522039, 57, 34, 80, 8, 0, 0.06%, 9, 0, 10, 281.01
1734522044, 57, 35, 80, 8, 0, 0.06%, 9, 0, 10, 305.25
1734522049, 57, 37, 80, 8, 0, 0.06%, 9, 0, 10, 317.64
1734522054, 57, 38, 80, 8, 0, 0.06%, 9, 0, 10, 382.07
1734522059, 57, 39, 80, 8, 0, 0.06%, 9, 0, 10, 369.36
1734522064, 57, 40, 80, 8, 0, 0.06%, 9, 0, 10, 307.48
1734522074, 57, 41, 80, 8, 0, 0.06%, 9, 0, 10, 340.37
1734522079, 57, 42, 80, 8, 0, 0.06%, 9, 0, 10, 350.85
1734522084, 57, 43, 80, 8, 0, 0.06%, 9, 0, 10, 323.24
1734522089, 57, 44, 80, 8, 0, 0.06%, 9, 0, 10, 325.01
1734522099, 57, 45, 80, 8, 0, 0.06%, 9, 0, 10, 340.93
1734522104, 57, 46, 80, 8, 0, 0.06%, 9, 0, 10, 345.87
1734522109, 57, 47, 80, 8, 0, 0.06%, 9, 0, 10, 319.94
1734522114, 57, 49, 80, 8, 0, 0.06%, 9, 0, 10, 339.43
1734522119, 57, 50, 80, 8, 0, 0.06%, 9, 0, 10, 301.62
1734522130, 57, 51, 80, 8, 0, 0.06%, 9, 0, 10, 340.43
1734522135, 57, 53, 80, 8, 0, 0.06%, 9, 0, 10, 371.67
1734522140, 57, 54, 80, 8, 0, 0.06%, 9, 0, 10, 348.11
1734522150, 57, 55, 80, 8, 0, 0.06%, 9, 0, 10, 364.67
1734522155, 57, 56, 80, 8, 0, 0.06%, 9, 0, 10, 328.76
1734522165, 57, 57, 80, 8, 0, 0.06%, 9, 0, 10, 314.17
1734522175, 57, 58, 80, 8, 0, 0.06%, 9, 0, 10, 379.25
1734522180, 57, 59, 80, 8, 0, 0.06%, 9, 0, 10, 342.13
1734522190, 57, 60, 80, 8, 0, 0.06%, 9, 0, 10, 391.76
1734522196, 57, 61, 80, 8, 0, 0.06%, 9, 0, 10, 323.80
1734522206, 57, 62, 80, 8, 0, 0.06%, 9, 0, 10, 361.82
1734522216, 57, 63, 80, 8, 0, 0.06%, 9, 0, 10, 325.00
1734522221, 57, 64, 80, 8, 0, 0.06%, 9, 0, 10, 382.15
1734522226, 57, 65, 80, 8, 0, 0.06%, 9, 0, 10, 314.64
1734522237, 57, 66, 80, 8, 0, 0.06%, 9, 0, 10, 326.07
1734522242, 57, 67, 80, 8, 0, 0.06%, 9, 0, 10, 347.85
1734522247, 57, 68, 80, 8, 0, 0.06%, 9, 0, 10, 357.10
1734522257, 57, 69, 80, 8, 0, 0.06%, 9, 0, 10, 398.66
1734522262, 57, 70, 80, 8, 0, 0.06%, 9, 0, 10, 336.37
1734522272, 57, 71, 80, 8, 0, 0.06%, 9, 0, 10, 355.46
1734522277, 57, 72, 80, 8, 0, 0.06%, 9, 0, 10, 360.21
1734522282, 57, 73, 80, 8, 0, 0.06%, 9, 0, 10, 347.76
1734522292, 57, 74, 80, 8, 0, 0.06%, 9, 0, 10, 354.47
1734522298, 57, 75, 80, 8, 0, 0.06%, 9, 0, 10, 370.38
1734522308, 57, 76, 80, 8, 0, 0.06%, 9, 0, 10, 288.68
1734522318, 57, 77, 80, 8, 0, 0.06%, 9, 0, 10, 344.79
1734522333, 57, 78, 80, 8, 0, 0.06%, 9, 0, 10, 323.25
1734522338, 57, 79, 80, 8, 0, 0.06%, 9, 0, 10, 330.89
1734522348, 58, 16, 80, 8, 0, 0.06%, 9, 0, 10, 326.94
1734522353, 58, 18, 80, 8, 0, 0.06%, 9, 0, 10, 289.89
1734522359, 58, 19, 80, 8, 0, 0.06%, 9, 0, 10, 286.13
1734522364, 58, 20, 80, 8, 0, 0.06%, 9, 0, 10, 292.45
1734522369, 58, 21, 80, 8, 0, 0.06%, 9, 0, 10, 282.24
1734522374, 58, 24, 80, 8, 0, 0.06%, 9, 0, 10, 280.09
1734522379, 58, 25, 80, 8, 0, 0.06%, 9, 0, 10, 299.67
1734522384, 58, 26, 80, 8, 0, 0.06%, 9, 0, 10, 313.00
1734522389, 58, 29, 80, 8, 0, 0.06%, 9, 0, 10, 316.11
1734522399, 58, 30, 80, 8, 0, 0.06%, 9, 0, 10, 295.27
1734522404, 58, 31, 80, 8, 0, 0.06%, 9, 0, 10, 322.76
1734522409, 58, 32, 80, 8, 0, 0.06%, 9, 0, 10, 349.23
1734522414, 58, 33, 80, 8, 0, 0.06%, 9, 0, 10, 329.50
1734522419, 58, 34, 80, 8, 0, 0.06%, 9, 0, 10, 283.78
1734522424, 58, 35, 80, 8, 0, 0.06%, 9, 0, 10, 314.28
1734522429, 58, 37, 80, 8, 0, 0.06%, 9, 0, 10, 307.42
1734522434, 58, 38, 80, 8, 0, 0.06%, 9, 0, 10, 347.10
1734522439, 58, 39, 80, 8, 0, 0.06%, 9, 0, 10, 342.82
1734522444, 58, 40, 80, 8, 0, 0.06%, 9, 0, 10, 343.11
1734522454, 58, 41, 80, 8, 0, 0.06%, 9, 0, 10, 300.95
1734522465, 58, 43, 80, 8, 0, 0.06%, 9, 0, 10, 325.76
1734522475, 58, 44, 80, 8, 0, 0.06%, 9, 0, 10, 347.83
1734522480, 58, 45, 80, 8, 0, 0.06%, 9, 0, 10, 354.23
1734522485, 58, 46, 80, 8, 0, 0.06%, 9, 0, 10, 348.88
1734522490, 58, 47, 80, 8, 0, 0.06%, 9, 0, 10, 313.53
1734522495, 58, 49, 80, 8, 0, 0.06%, 9, 0, 10, 286.49
1734522505, 58, 50, 80, 8, 0, 0.06%, 9, 0, 10, 280.01
1734522511, 58, 51, 80, 8, 0, 0.06%, 9, 0, 10, 366.35
1734522516, 58, 53, 80, 8, 0, 0.06%, 9, 0, 10, 317.69
1734522526, 58, 54, 80, 8, 0, 0.06%, 9, 0, 10, 331.27
1734522531, 58, 55, 80, 8, 0, 0.06%, 9, 0, 10, 336.48
1734522541, 58, 56, 80, 8, 0, 0.06%, 9, 0, 10, 385.39
1734522546, 58, 57, 80, 8, 0, 0.06%, 9, 0, 10, 308.93
1734522556, 58, 58, 80, 8, 0, 0.06%, 9, 0, 10, 331.29
1734522567, 58, 59, 80, 8, 0, 0.06%, 9, 0, 10, 297.12
1734522577, 58, 60, 80, 8, 0, 0.06%, 9, 0, 10, 341.18
1734522582, 58, 61, 80, 8, 0, 0.06%, 9, 0, 10, 374.23
1734522587, 58, 62, 80, 8, 0, 0.06%, 9, 0, 10, 327.28
1734522597, 58, 63, 80, 8, 0, 0.06%, 9, 0, 10, 365.21
1734522602, 58, 64, 80, 8, 0, 0.06%, 9, 0, 10, 336.52
1734522612, 58, 65, 80, 8, 0, 0.06%, 9, 0, 10, 341.32
1734522617, 58, 66, 80, 8, 0, 0.06%, 9, 0, 10, 328.02
1734522622, 58, 67, 80, 8, 0, 0.06%, 9, 0, 10, 348.87
1734522632, 58, 68, 80, 8, 0, 0.06%, 9, 0, 10, 330.13
1734522637, 58, 69, 80, 8, 0, 0.06%, 9, 0, 10, 350.14
1734522648, 58, 70, 80, 8, 0, 0.06%, 9, 0, 10, 404.31
1734522653, 58, 71, 80, 8, 0, 0.06%, 9, 0, 10, 331.49
1734522658, 58, 72, 80, 8, 0, 0.06%, 9, 0, 10, 344.70
1734522673, 58, 73, 80, 8, 0, 0.06%, 9, 0, 10, 468.07
1734522688, 58, 74, 80, 8, 0, 0.06%, 9, 0, 10, 386.92
1734522750, 58, 75, 80, 8, 0, 0.06%, 9, 0, 10, 315.12
1734522817, 58, 76, 80, 8, 0, 0.06%, 9, 0, 10, 357.71
1734522843, 58, 77, 80, 8, 0, 0.06%, 9, 0, 10, 427.94
1734522873, 58, 78, 80, 8, 0, 0.06%, 9, 0, 10, 331.43
1734522878, 58, 79, 80, 8, 0, 0.06%, 9, 0, 10, 353.50
1734522883, 59, 16, 80, 8, 0, 0.06%, 9, 0, 10, 310.84
1734522888, 59, 18, 80, 8, 0, 0.06%, 9, 0, 10, 282.19
1734522893, 59, 19, 80, 8, 0, 0.06%, 9, 0, 10, 272.70
1734522899, 59, 20, 80, 8, 0, 0.06%, 9, 0, 10, 284.91
1734522904, 59, 21, 80, 8, 0, 0.06%, 9, 0, 10, 283.43
1734522909, 59, 24, 80, 8, 0, 0.06%, 9, 0, 10, 269.07
1734522914, 59, 25, 80, 8, 0, 0.06%, 9, 0, 10, 296.06
1734522919, 59, 26, 80, 8, 0, 0.06%, 9, 0, 10, 295.18
1734522924, 59, 27, 80, 8, 0, 0.06%, 9, 0, 10, 331.89
1734522929, 59, 29, 80, 8, 0, 0.06%, 9, 0, 10, 284.69
1734522934, 59, 30, 80, 8, 0, 0.06%, 9, 0, 10, 327.07
1734522939, 59, 31, 80, 8, 0, 0.06%, 9, 0, 10, 345.79
1734522944, 59, 32, 80, 8, 0, 0.06%, 9, 0, 10, 334.17
1734522949, 59, 33, 80, 8, 0, 0.06%, 9, 0, 10, 349.86
1734522954, 59, 34, 80, 8, 0, 0.06%, 9, 0, 10, 299.46
1734522959, 59, 35, 80, 8, 0, 0.06%, 9, 0, 10, 332.80
1734522965, 59, 36, 80, 8, 0, 0.06%, 9, 0, 10, 343.94
1734522970, 59, 37, 80, 8, 0, 0.06%, 9, 0, 10, 328.88
1734522975, 59, 38, 80, 8, 0, 0.06%, 9, 0, 10, 325.70
1734522980, 59, 39, 80, 8, 0, 0.06%, 9, 0, 10, 327.09
1734522985, 59, 40, 80, 8, 0, 0.06%, 9, 0, 10, 281.06
1734522990, 59, 41, 80, 8, 0, 0.06%, 9, 0, 10, 382.45
1734523000, 59, 42, 80, 8, 0, 0.06%, 9, 0, 10, 330.66
1734523005, 59, 43, 80, 8, 0, 0.06%, 9, 0, 10, 313.54
1734523010, 59, 44, 80, 8, 0, 0.06%, 9, 0, 10, 297.16
1734523020, 59, 46, 80, 8, 0, 0.06%, 9, 0, 10, 331.06
1734523025, 59, 47, 80, 8, 0, 0.06%, 9, 0, 10, 304.66
1734523036, 59, 49, 80, 8, 0, 0.06%, 9, 0, 10, 322.94
1734523041, 59, 50, 80, 8, 0, 0.06%, 9, 0, 10, 296.67
1734523046, 59, 51, 80, 8, 0, 0.06%, 9, 0, 10, 313.09
1734523056, 59, 53, 80, 8, 0, 0.06%, 9, 0, 10, 364.02
1734523061, 59, 54, 80, 8, 0, 0.06%, 9, 0, 10, 384.11
1734523066, 59, 55, 80, 8, 0, 0.06%, 9, 0, 10, 305.02
1734523076, 59, 56, 80, 8, 0, 0.06%, 9, 0, 10, 310.87
1734523086, 59, 57, 80, 8, 0, 0.06%, 9, 0, 10, 335.08
1734523096, 59, 58, 80, 8, 0, 0.06%, 9, 0, 10, 369.99
1734523101, 59, 59, 80, 8, 0, 0.06%, 9, 0, 10, 335.59
1734523111, 59, 60, 80, 8, 0, 0.06%, 9, 0, 10, 344.22
1734523117, 59, 61, 80, 8, 0, 0.06%, 9, 0, 10, 326.22
1734523127, 59, 62, 80, 8, 0, 0.06%, 9, 0, 10, 359.45
1734523132, 59, 63, 80, 8, 0, 0.06%, 9, 0, 10, 339.96
1734523142, 59, 64, 80, 8, 0, 0.06%, 9, 0, 10, 332.14
1734523147, 59, 65, 80, 8, 0, 0.06%, 9, 0, 10, 375.36
1734523152, 59, 66, 80, 8, 0, 0.06%, 9, 0, 10, 312.18
1734523157, 59, 67, 80, 8, 0, 0.06%, 9, 0, 10, 374.70
1734523167, 59, 68, 80, 8, 0, 0.06%, 9, 0, 10, 299.57
1734523173, 59, 69, 80, 8, 0, 0.06%, 9, 0, 10, 347.91
1734523183, 59, 70, 80, 8, 0, 0.06%, 9, 0, 10, 332.16
1734523193, 59, 71, 80, 8, 0, 0.06%, 9, 0, 10, 324.18
1734523198, 59, 72, 80, 8, 0, 0.06%, 9, 0, 10, 335.65
1734523203, 59, 73, 80, 8, 0, 0.06%, 9, 0, 10, 373.06
1734523208, 59, 74, 80, 8, 0, 0.06%, 9, 0, 10, 303.63
1734523218, 59, 75, 80, 8, 0, 0.06%, 9, 0, 10, 378.70
1734523229, 59, 76, 80, 8, 0, 0.06%, 9, 0, 10, 266.48
1734523239, 59, 77, 80, 8, 0, 0.06%, 9, 0, 10, 393.58
1734523254, 59, 78, 80, 8, 0, 0.06%, 9, 0, 10, 371.88
1734523259, 59, 79, 80, 8, 0, 0.06%, 9, 0, 10, 340.73
1734523269, 60, 16, 80, 8, 0, 0.06%, 9, 0, 10, 296.68
1734523274, 60, 18, 80, 8, 0, 0.06%, 9, 0, 10, 300.66
1734523280, 60, 19, 80, 8, 0, 0.06%, 9, 0, 10, 292.14
1734523285, 60, 20, 80, 8, 0, 0.06%, 9, 0, 10, 289.80
1734523290, 60, 21, 80, 8, 0, 0.06%, 9, 0, 10, 278.57
1734523295, 60, 24, 80, 8, 0, 0.06%, 9, 0, 10, 268.16
1734523300, 60, 25, 80, 8, 0, 0.06%, 9, 0, 10, 306.90
1734523305, 60, 26, 80, 8, 0, 0.06%, 9, 0, 10, 282.53
1734523310, 60, 27, 80, 8, 0, 0.06%, 9, 0, 10, 297.10
1734523315, 60, 29, 80, 8, 0, 0.06%, 9, 0, 10, 285.25
1734523320, 60, 30, 80, 8, 0, 0.06%, 9, 0, 10, 321.43
1734523325, 60, 31, 80, 8, 0, 0.06%, 9, 0, 10, 314.37
1734523330, 60, 32, 80, 8, 0, 0.06%, 9, 0, 10, 340.24
1734523335, 60, 33, 80, 8, 0, 0.06%, 9, 0, 10, 314.08
1734523340, 60, 34, 80, 8, 0, 0.06%, 9, 0, 10, 288.16
1734523345, 60, 35, 80, 8, 0, 0.06%, 9, 0, 10, 310.71
1734523350, 60, 36, 80, 8, 0, 0.06%, 9, 0, 10, 338.42
1734523356, 60, 37, 80, 8, 0, 0.06%, 9, 0, 10, 322.17
1734523361, 60, 39, 80, 8, 0, 0.06%, 9, 0, 10, 318.68
1734523366, 60, 40, 80, 8, 0, 0.06%, 9, 0, 10, 384.54
1734523376, 60, 41, 80, 8, 0, 0.06%, 9, 0, 10, 314.61
1734523381, 60, 42, 80, 8, 0, 0.06%, 9, 0, 10, 347.03
1734523386, 60, 43, 80, 8, 0, 0.06%, 9, 0, 10, 320.14
1734523396, 60, 44, 80, 8, 0, 0.06%, 9, 0, 10, 355.23
1734523401, 60, 45, 80, 8, 0, 0.06%, 9, 0, 10, 363.43
1734523406, 60, 46, 80, 8, 0, 0.06%, 9, 0, 10, 353.78
1734523412, 60, 47, 80, 8, 0, 0.06%, 9, 0, 10, 326.89
1734523417, 60, 49, 80, 8, 0, 0.06%, 9, 0, 10, 301.91
1734523427, 60, 50, 80, 8, 0, 0.06%, 9, 0, 10, 291.28
1734523432, 60, 51, 80, 8, 0, 0.06%, 9, 0, 10, 373.94
1734523437, 60, 53, 80, 8, 0, 0.06%, 9, 0, 10, 305.97
1734523447, 60, 54, 80, 8, 0, 0.06%, 9, 0, 10, 347.31
1734523452, 60, 55, 80, 8, 0, 0.06%, 9, 0, 10, 368.04
1734523457, 60, 56, 80, 8, 0, 0.06%, 9, 0, 10, 364.94
1734523468, 60, 57, 80, 8, 0, 0.06%, 9, 0, 10, 339.74
1734523478, 60, 58, 80, 8, 0, 0.06%, 9, 0, 10, 359.38
1734523488, 60, 59, 80, 8, 0, 0.06%, 9, 0, 10, 382.40
1734523493, 60, 60, 80, 8, 0, 0.06%, 9, 0, 10, 393.53
1734523503, 60, 61, 80, 8, 0, 0.06%, 9, 0, 10, 328.51
1734523508, 60, 62, 80, 8, 0, 0.06%, 9, 0, 10, 317.64
1734523518, 60, 63, 80, 8, 0, 0.06%, 9, 0, 10, 365.85
1734523523, 60, 64, 80, 8, 0, 0.06%, 9, 0, 10, 377.88
1734523529, 60, 65, 80, 8, 0, 0.06%, 9, 0, 10, 320.18
1734523539, 60, 66, 80, 8, 0, 0.06%, 9, 0, 10, 338.25
1734523544, 60, 67, 80, 8, 0, 0.06%, 9, 0, 10, 291.25
1734523549, 60, 68, 80, 8, 0, 0.06%, 9, 0, 10, 322.90
1734523559, 60, 69, 80, 8, 0, 0.06%, 9, 0, 10, 332.98
1734523569, 60, 70, 80, 8, 0, 0.06%, 9, 0, 10, 375.47
1734523574, 60, 71, 80, 8, 0, 0.06%, 9, 0, 10, 353.72
1734523579, 60, 72, 80, 8, 0, 0.06%, 9, 0, 10, 363.72
1734523589, 60, 73, 80, 8, 0, 0.06%, 9, 0, 10, 339.41
1734523594, 60, 74, 80, 8, 0, 0.06%, 9, 0, 10, 389.79
1734523599, 60, 75, 80, 8, 0, 0.06%, 9, 0, 10, 331.68
1734523610, 60, 76, 80, 8, 0, 0.06%, 9, 0, 10, 307.74
1734523625, 60, 77, 80, 8, 0, 0.06%, 9, 0, 10, 273.90
1734523640, 60, 78, 80, 8, 0, 0.06%, 9, 0, 10, 318.28
1734523645, 60, 79, 80, 8, 0, 0.06%, 9, 0, 10, 332.73
1734523650, 61, 16, 80, 8, 0, 0.06%, 9, 0, 10, 338.71
1734523655, 61, 18, 80, 8, 0, 0.06%, 9, 0, 10, 307.00
1734523660, 61, 19, 80, 8, 0, 0.06%, 9, 0, 10, 281.51
1734523666, 61, 20, 80, 8, 0, 0.06%, 9, 0, 10, 279.86
1734523671, 61, 21, 80, 8, 0, 0.06%, 9, 0, 10, 278.43
1734523676, 61, 24, 80, 8, 0, 0.06%, 9, 0, 10, 280.31
1734523681, 61, 25, 80, 8, 0, 0.06%, 9, 0, 10, 301.00
1734523686, 61, 26, 80, 8, 0, 0.06%, 9, 0, 10, 316.54
1734523691, 61, 27, 80, 8, 0, 0.06%, 9, 0, 10, 319.22
1734523696, 61, 29, 80, 8, 0, 0.06%, 9, 0, 10, 279.51
1734523701, 61, 30, 80, 8, 0, 0.06%, 9, 0, 10, 308.68
1734523706, 61, 31, 80, 8, 0, 0.06%, 9, 0, 10, 333.33
1734523711, 61, 32, 80, 8, 0, 0.06%, 9, 0, 10, 348.12
1734523716, 61, 33, 80, 8, 0, 0.06%, 9, 0, 10, 327.09
1734523721, 61, 34, 80, 8, 0, 0.06%, 9, 0, 10, 285.16
1734523727, 61, 35, 80, 8, 0, 0.06%, 9, 0, 10, 312.91
1734523732, 61, 36, 80, 8, 0, 0.06%, 9, 0, 10, 317.84
1734523737, 61, 37, 80, 8, 0, 0.06%, 9, 0, 10, 312.83
1734523742, 61, 39, 80, 8, 0, 0.06%, 9, 0, 10, 304.92
1734523747, 61, 40, 80, 8, 0, 0.06%, 9, 0, 10, 323.47
1734523757, 61, 41, 80, 8, 0, 0.06%, 9, 0, 10, 339.87
1734523768, 61, 42, 80, 8, 0, 0.06%, 9, 0, 10, 312.77
1734523773, 61, 43, 80, 8, 0, 0.06%, 9, 0, 10, 320.05
1734523778, 61, 44, 80, 8, 0, 0.06%, 9, 0, 10, 327.24
1734523783, 61, 45, 80, 8, 0, 0.06%, 9, 0, 10, 352.10
1734523788, 61, 46, 80, 8, 0, 0.06%, 9, 0, 10, 362.06
1734523793, 61, 47, 80, 8, 0, 0.06%, 9, 0, 10, 319.48
1734523798, 61, 49, 80, 8, 0, 0.06%, 9, 0, 10, 318.44
1734523809, 61, 50, 80, 8, 0, 0.06%, 9, 0, 10, 290.81
1734523814, 61, 51, 80, 8, 0, 0.06%, 9, 0, 10, 325.70
1734523824, 61, 53, 80, 8, 0, 0.06%, 9, 0, 10, 359.83
1734523829, 61, 54, 80, 8, 0, 0.06%, 9, 0, 10, 354.88
1734523834, 61, 55, 80, 8, 0, 0.06%, 9, 0, 10, 318.92
1734523844, 61, 56, 80, 8, 0, 0.06%, 9, 0, 10, 382.59
1734523854, 61, 57, 80, 8, 0, 0.06%, 9, 0, 10, 395.78
1734523859, 61, 58, 80, 8, 0, 0.06%, 9, 0, 10, 333.79
1734523869, 61, 59, 80, 8, 0, 0.06%, 9, 0, 10, 318.54
1734523874, 61, 60, 80, 8, 0, 0.06%, 9, 0, 10, 340.04
1734523885, 61, 61, 80, 8, 0, 0.06%, 9, 0, 10, 373.60
1734523890, 61, 62, 80, 8, 0, 0.06%, 9, 0, 10, 341.16
1734523900, 61, 63, 80, 8, 0, 0.06%, 9, 0, 10, 372.02
1734523905, 61, 64, 80, 8, 0, 0.06%, 9, 0, 10, 332.49
1734523915, 61, 65, 80, 8, 0, 0.06%, 9, 0, 10, 329.16
1734523920, 61, 66, 80, 8, 0, 0.06%, 9, 0, 10, 353.27
1734523925, 61, 67, 80, 8, 0, 0.06%, 9, 0, 10, 321.43
1734523935, 61, 68, 80, 8, 0, 0.06%, 9, 0, 10, 336.58
1734523940, 61, 69, 80, 8, 0, 0.06%, 9, 0, 10, 336.59
1734523950, 61, 70, 80, 8, 0, 0.06%, 9, 0, 10, 395.32
1734523956, 61, 71, 80, 8, 0, 0.06%, 9, 0, 10, 341.40
1734523961, 61, 72, 80, 8, 0, 0.06%, 9, 0, 10, 342.44
1734523971, 61, 73, 80, 8, 0, 0.06%, 9, 0, 10, 340.35
1734523976, 61, 74, 80, 8, 0, 0.06%, 9, 0, 10, 378.11
1734523981, 61, 75, 80, 8, 0, 0.06%, 9, 0, 10, 339.74
1734523991, 61, 76, 80, 8, 0, 0.06%, 9, 0, 10, 352.68
1734524006, 61, 77, 80, 8, 0, 0.06%, 9, 0, 10, 297.58
1734524016, 61, 78, 80, 8, 0, 0.06%, 9, 0, 10, 350.00
1734524027, 61, 79, 80, 8, 0, 0.06%, 9, 0, 10, 335.58
1734524032, 62, 16, 80, 8, 0, 0.06%, 9, 0, 10, 328.88
1734524037, 62, 18, 80, 8, 0, 0.06%, 9, 0, 10, 292.26
1734524042, 62, 19, 80, 8, 0, 0.06%, 9, 0, 10, 272.84
1734524047, 62, 20, 80, 8, 0, 0.06%, 9, 0, 10, 281.80
1734524052, 62, 21, 80, 8, 0, 0.06%, 9, 0, 10, 292.45
1734524057, 62, 24, 80, 8, 0, 0.06%, 9, 0, 10, 260.53
1734524062, 62, 25, 80, 8, 0, 0.06%, 9, 0, 10, 289.81
1734524067, 62, 26, 80, 8, 0, 0.06%, 9, 0, 10, 300.25
1734524072, 62, 27, 80, 8, 0, 0.06%, 9, 0, 10, 317.31
1734524077, 62, 29, 80, 8, 0, 0.06%, 9, 0, 10, 282.30
1734524082, 62, 30, 80, 8, 0, 0.06%, 9, 0, 10, 315.10
1734524087, 62, 31, 80, 8, 0, 0.06%, 9, 0, 10, 344.50
1734524092, 62, 32, 80, 8, 0, 0.06%, 9, 0, 10, 351.71
1734524097, 62, 33, 80, 8, 0, 0.06%, 9, 0, 10, 336.86
1734524102, 62, 34, 80, 8, 0, 0.06%, 9, 0, 10, 295.09
1734524107, 62, 35, 80, 8, 0, 0.06%, 9, 0, 10, 318.69
1734524113, 62, 36, 80, 8, 0, 0.06%, 9, 0, 10, 334.45
1734524118, 62, 37, 80, 8, 0, 0.06%, 9, 0, 10, 306.85
1734524123, 62, 38, 80, 8, 0, 0.06%, 9, 0, 10, 303.07
1734524128, 62, 39, 80, 8, 0, 0.06%, 9, 0, 10, 316.96
